9.9964E-05 0.98281 9.9964E-05 9.9964E-05 0.00103845 9.9964E-05 0.0157517
0.106603 0.748413 0.027783 0.0946103 0.00207886 0.00627823 0.0142343
0.0527201 0.815786 9.9982E-05 0.0568541 0.0183962 0.0560435 9.9982E-05
0.0842732 0.820545 9.9982E-05 0.0413176 0.00273928 0.0509252 9.9982E-05
0.0725662 0.819683 0.0213008 0.038287 9.9982E-05 9.9982E-05 0.047963
0.0153156 0.876865 0.0619847 9.9991E-05 0.00930566 0.00899766 0.0274311
0.0748535 0.924647 9.9955E-05 9.9955E-05 9.9955E-05 9.9955E-05 9.9955E-05
0.0624966 0.868632 0.0131475 0.00752691 9.9982E-05 9.9982E-05 0.0479969
0.147707 0.79283 0.0167268 9.9973E-05 9.9973E-05 0.042436 9.9973E-05
0.0680403 0.843577 9.9964E-05 9.9964E-05 9.9964E-05 0.0879828 9.9964E-05
0.100683 0.765489 0.0515142 0.0210142 0.00921251 0.0519867 9.9991E-05
0.0543692 0.77326 0.0795627 9.9982E-05 0.0139372 0.0786715 9.9982E-05
9.9982E-05 0.830771 0.0348131 0.0264143 9.9982E-05 0.0482899 0.0595117
0.101606 0.714295 0.043494 0.0112862 0.0369431 0.0632592 0.0291163
0.0610771 0.814828 9.9973E-05 0.0355925 9.9973E-05 0.0882023 9.9973E-05
0.0924963 0.867192 0.00514429 9.9973E-05 0.0348679 9.9973E-05 9.9973E-05
9.9955E-05 0.954225 0.0452754 9.9955E-05 9.9955E-05 9.9955E-05 9.9955E-05
9.9964E-05 0.982463 9.9964E-05 9.9964E-05 0.0084433 9.9964E-05 0.00869353
9.9955E-05 0.946285 9.9955E-05 9.9955E-05 9.9955E-05 9.9955E-05 0.0532153
9.9964E-05 0.90571 0.028931 9.9964E-05 9.9964E-05 0.0649587 9.9964E-05
9.995E-05 9.995E-05 9.995E-05 9.995E-05 0.9994 9.995E-05 9.995E-05
9.9973E-05 9.9973E-05 0.0232967 9.9973E-05 0.0424067 0.779406 0.154591
0.00479403 0.0845422 9.9982E-05 9.9982E-05 0.01113 0.818033 0.0813014
9.9973E-05 9.9973E-05 0.0236759 9.9973E-05 0.00743399 0.893854 0.0747361
9.9955E-05 9.9955E-05 9.9955E-05 9.9955E-05 0.0223785 0.977122 9.9955E-05
9.9955E-05 9.9955E-05 9.9955E-05 9.9955E-05 0.00884954 0.990651 9.9955E-05
9.9973E-05 9.9973E-05 9.9973E-05 0.0288659 0.0459599 0.816854 0.10802
9.995E-05 9.995E-05 9.995E-05 9.995E-05 0.9994 9.995E-05 9.995E-05
0.0300791 9.9973E-05 9.9973E-05 0.0410187 0.0340321 0.89457 9.9973E-05
0.0183279 0.0108797 0.0316976 0.0304617 9.9991E-05 0.827816 0.0807174
0.0726313 9.9973E-05 9.9973E-05 0.0648934 0.0508552 0.81132 9.9973E-05
0.0174271 9.9982E-05 0.0173787 9.9982E-05 0.0289853 0.840495 0.0955136
0.0733743 0.0512476 9.9982E-05 9.9982E-05 0.0685583 0.799199 0.00742093
0.0725535 9.9982E-05 0.0346768 0.104807 0.047194 0.740568 9.9982E-05
0.0335036 0.0260926 0.0391659 0.11043 0.00155743 0.789151 9.9991E-05
0.199718 0.0693685 0.00894614 0.171545 0.0139151 0.536407 9.9991E-05
0.0110731 9.9991E-05 0.026546 0.0713707 0.0176686 0.738652 0.134589
0.0520076 9.9991E-05 0.0517699 0.0626849 0.0141942 0.0430539 0.77619
0.0631492 9.9973E-05 0.0835324 0.140735 9.9973E-05 9.9973E-05 0.712284
0.0151829 0.0206338 9.9982E-05 0.0799014 9.9982E-05 0.101741 0.782341
0.0225399 0.02226 9.9982E-05 0.0695741 9.9982E-05 0.0731827 0.812243
0.0142395 0.00963093 0.0421113 0.0596184 0.032291 9.9991E-05 0.842009
0.0408159 0.0266534 0.0280577 0.0379483 0.0243514 9.9991E-05 0.842073
0.126275 0.0764606 0.0389965 9.9991E-05 0.00304179 0.0527048 0.702421
0.00917765 0.0171447 0.046759 9.9991E-05 0.0142199 0.0736339 0.838965
0.0699551 0.0354851 0.0223231 9.9982E-05 9.9982E-05 0.11056 0.761477
0.00224893 9.9982E-05 0.0742713 0.0248953 9.9982E-05 0.0393138 0.859071
0.0211134 0.0120418 0.0188202 0.0366744 0.0210127 9.9991E-05 0.890237
9.9973E-05 0.0241699 0.023602 9.9973E-05 0.0483282 9.9973E-05 0.9036
0.0536542 0.00931806 0.0309052 0.0431087 0.0207125 9.9991E-05 0.842201
9.9991E-05 0.0103781 0.0038596 0.0341899 0.0133903 0.0658098 0.872272
0.0118393 9.9982E-05 9.9982E-05 0.0588532 0.0343508 0.00538712 0.88937
9.9973E-05 0.0126399 0.103905 9.9973E-05 0.0160393 9.9973E-05 0.867116
9.9991E-05 0.0931521 0.0429383 0.0147853 0.00874496 0.00596302 0.834316
0.0636281 0.00942098 0.0936262 9.9982E-05 0.0288299 9.9982E-05 0.804295
0.0460952 0.0256434 0.0221696 0.0689084 9.9991E-05 0.111489 0.725594
0.0451246 0.0711784 0.0404139 9.9991E-05 0.0224066 0.0509334 0.769843
0.0427121 0.0267442 0.102242 0.560885 0.00448243 0.0819716 0.180962
9.9964E-05 0.0126965 9.9964E-05 0.970895 0.0160085 9.9964E-05 9.9964E-05
0.0771251 0.0186161 0.274716 0.501787 0.000901342 0.101527 0.0253277
9.9991E-05 0.0394587 0.253058 0.591046 0.00827268 0.00591088 0.102154
0.00739853 9.9973E-05 0.143538 0.801295 9.9973E-05 0.0474686 9.9973E-05
0.00697192 0.0433399 0.14647 0.664345 0.0276784 0.0186201 0.0925746
0.0186462 9.9982E-05 0.842951 0.0510413 9.9982E-05 0.0837559 0.00340585
9.9964E-05 9.9964E-05 0.00724595 0.964128 0.0282266 9.9964E-05 9.9964E-05
0.112422 0.0968659 0.21433 0.519425 0.0162407 9.9991E-05 0.0406157
0.0346597 0.0343685 0.221691 0.52577 0.035608 0.0925615 0.0553412
9.9991E-05 0.0402931 0.249813 0.587938 0.0266073 0.0259098 0.0693388
9.9982E-05 0.00136832 0.209639 0.672269 0.0290306 0.0874936 9.9982E-05
0.0576234 0.0326139 0.220209 0.61309 0.0179022 0.0584619 9.9991E-05
9.9982E-05 0.0607155 0.136073 0.742615 0.00246479 9.9982E-05 0.0579319
9.9982E-05 9.9982E-05 0.235923 0.620809 0.00712975 0.0367158 0.0992227
9.9982E-05 9.9982E-05 0.125538 0.689687 0.00715525 0.140943 0.0364768
0.137103 0.0110548 0.127248 0.571281 9.9982E-05 0.153114 9.9982E-05
0.040774 0.00435767 0.111256 0.439812 0.0735217 0.0387922 0.291487
9.9982E-05 0.0683005 0.0780222 0.517974 9.9982E-05 0.0708415 0.264662
9.9973E-05 0.0981189 0.0462592 0.395505 9.9973E-05 9.9973E-05 0.459817
9.9982E-05 0.00512068 0.778076 0.110548 9.9982E-05 0.0332934 0.0727613
0.0408102 0.0680536 0.251906 0.406967 0.0454654 0.030728 0.156069
9.9973E-05 9.9973E-05 0.267378 0.512991 9.9973E-05 0.0587024 0.160628
9.9991E-05 0.0488214 0.163384 0.545376 0.0156432 0.0690948 0.157581
0.0450314 0.0576804 0.175711 0.652788 9.9982E-05 0.0685897 9.9982E-05
9.9973E-05 0.0824732 0.174439 0.618945 9.9973E-05 9.9973E-05 0.123843
0.242584 0.0271214 0.181547 0.278194 0.00449566 0.0362057 0.229852
0.633968 0.0102611 0.0928911 0.0642147 9.9982E-05 9.9982E-05 0.198465
0.184173 0.0118699 0.000397098 0.602074 9.99941E-05 0.0737984 0.127587
0.0782011 0.0343678 0.171993 0.595288 0.014377 9.9991E-05 0.105672
0.166699 9.9982E-05 0.0649674 0.650654 0.024131 9.9982E-05 0.0933492
0.110557 9.9982E-05 0.0711928 0.710331 0.022317 9.9982E-05 0.0854019
9.9964E-05 9.9964E-05 0.758665 0.174058 9.9964E-05 0.0668772 9.9964E-05
9.9982E-05 9.9982E-05 0.262756 0.505504 0.0102178 0.0967184 0.124604
0.0228966 9.9982E-05 0.155742 0.659414 0.0193804 9.9982E-05 0.142367
0.146262 0.123631 0.177772 0.4667 0.0442154 0.0413191 9.9991E-05
0.0337074 0.084115 0.222906 0.388603 9.9991E-05 0.24129 0.0292787
0.140353 0.0370392 0.173513 0.545592 9.9982E-05 0.103303 9.9982E-05
0.109648 0.105656 0.105508 0.62043 0.0064319 0.0522266 9.9991E-05
0.171059 0.0210828 0.232405 0.483204 9.9991E-05 0.0790189 0.01313
9.9982E-05 0.0739595 0.163132 0.643017 0.00202962 9.9982E-05 0.117662
9.9982E-05 0.0191034 0.183137 0.655357 9.9982E-05 0.0899287 0.0522736
0.00434007 0.0220271 0.220717 0.624073 0.0117735 9.9991E-05 0.11697
0.0653863 0.0606322 0.1459 0.680223 0.0328448 0.0103817 0.00463145
0.105412 0.0265454 0.324051 0.498654 0.0335808 9.9991E-05 0.0116568
0.0271894 0.0082122 0.138195 0.787196 0.0152674 0.0238399 9.9991E-05
9.995E-05 9.995E-05 0.9994 9.995E-05 9.995E-05 9.995E-05 9.995E-05
0.0716674 0.0789875 0.172281 0.572996 0.0183579 0.0360304 0.0496802
9.9991E-05 0.0203974 0.223428 0.632468 0.00538854 0.0374747 0.0807434
0.121868 0.0807844 0.197174 0.560416 0.0207278 9.9991E-05 0.0189301
0.0448488 0.00906358 0.145308 0.620223 9.9982E-05 9.9982E-05 0.180357
0.0167334 0.0562914 0.127166 0.662348 9.9991E-05 0.0540311 0.0833302
9.9991E-05 0.0687968 0.13895 0.595389 0.00864683 0.134977 0.0531403
9.9955E-05 9.9955E-05 0.980503 9.9955E-05 0.0189975 9.9955E-05 9.9955E-05
9.995E-05 9.995E-05 0.9994 9.995E-05 9.995E-05 9.995E-05 9.995E-05
9.9964E-05 9.9964E-05 0.948565 9.9964E-05 0.0369687 9.9964E-05 0.0140664
0.0732023 0.0606122 0.204197 0.63873 0.0229382 9.9991E-05 0.000220178
0.0971728 0.0231794 0.270441 0.464751 0.0536487 0.081742 0.00906543
0.0631274 0.0803315 0.222084 0.530751 0.0127642 0.0735556 0.0173857
9.9982E-05 0.0424192 0.175424 0.649219 0.034481 9.9982E-05 0.0982567
9.9991E-05 0.0300087 0.142868 0.65483 0.0519105 0.0321629 0.0881203
0.0189186 0.0184554 0.745073 0.126958 9.9982E-05 0.0903955 9.9982E-05
0.0440208 0.0827732 0.177603 0.525379 0.000481573 0.0629716 0.106771
0.153447 9.9973E-05 9.9973E-05 0.686291 0.0338029 0.126159 9.9973E-05
0.161196 9.9973E-05 0.0620443 0.609474 9.9973E-05 0.166985 9.9973E-05
0.0881587 0.00640242 0.0986727 0.501622 0.0282881 0.276756 9.9991E-05
0.143696 0.0478629 0.0229263 0.561103 9.9982E-05 0.224212 9.9982E-05
0.175519 9.9973E-05 0.134905 0.41011 9.9973E-05 0.279166 9.9973E-05
0.198027 9.9982E-05 0.0572219 0.450039 0.00276576 0.291747 9.9982E-05
0.160869 0.0366214 0.00742428 0.538595 9.9982E-05 0.25629 9.9982E-05
0.0560289 0.0752206 0.00598757 0.581196 9.9982E-05 0.281367 9.9982E-05
0.109649 0.00879984 9.9991E-05 0.486761 0.0215088 0.239526 0.133655
0.166105 9.9991E-05 0.0597262 0.52943 0.0517709 0.121829 0.0710384
0.0856504 9.9982E-05 9.9982E-05 0.585005 0.000600849 0.28986 0.038684
0.854316 0.0108075 0.0505047 9.9991E-05 0.00160081 0.0746488 0.00802203
0.836803 0.030206 9.9982E-05 0.083663 0.0405015 0.00862637 9.9982E-05
0.752474 0.0291459 9.9991E-05 0.0457928 0.0384468 0.0554453 0.0785957
0.732984 0.0648437 9.9982E-05 9.9982E-05 0.0186067 0.0185333 0.164832
0.76982 0.0402672 0.0361996 9.9982E-05 0.0762851 9.9982E-05 0.0772282
0.765025 0.0394736 9.9982E-05 0.126891 0.036801 0.0316096 9.9982E-05
0.780798 9.9982E-05 0.0478485 9.9982E-05 0.00962484 0.0891649 0.0723634
0.870856 9.9964E-05 9.9964E-05 0.0857817 0.0429629 9.9964E-05 9.9964E-05
0.530158 0.0420828 0.133567 0.06294 0.0119208 0.0926242 0.126708
0.71193 9.9973E-05 9.9973E-05 9.9973E-05 0.00340893 0.0603822 0.223979
0.82681 0.0135909 9.9973E-05 9.9973E-05 0.0367144 9.9973E-05 0.122584
0.742911 0.0682481 9.9982E-05 0.0194437 0.029819 9.9982E-05 0.139378
0.658915 0.0377131 0.0314312 0.0583318 0.031659 0.0277489 0.154201
0.671227 0.0384602 0.0211545 0.212721 9.9982E-05 9.9982E-05 0.0562369
0.703617 0.0578788 0.0545169 9.9973E-05 9.9973E-05 0.183687 9.9973E-05
0.744664 0.106208 0.0288059 0.0870593 0.0330629 9.9982E-05 9.9982E-05
0.830176 9.9982E-05 0.0357437 0.00549507 9.9982E-05 0.0308871 0.0974982
0.814558 0.0543308 0.0132092 0.0976776 0.00605613 9.9991E-05 0.0140684
0.788149 0.0668939 0.0285004 9.9991E-05 0.0187759 0.0442658 0.0533152
0.752479 0.027243 0.0716481 9.9991E-05 0.0549409 0.0180633 0.0755252
0.693008 0.0800865 0.0627864 0.0315788 0.00896315 0.0600476 0.0635292
0.763489 9.9991E-05 0.00891376 0.0507228 0.00626368 0.0540042 0.116507
0.846538 0.00989594 0.119454 9.9982E-05 0.0141076 0.00980437 9.9982E-05
0.818432 0.0295583 0.0295297 0.074306 9.9991E-05 0.031164 0.0169104
0.689368 0.0630281 0.101235 9.9973E-05 9.9973E-05 0.146069 9.9973E-05
0.752597 0.0497493 9.9982E-05 0.0968259 0.0200291 0.0805983 9.9982E-05
0.776838 0.0228489 0.0970627 9.9991E-05 0.0368176 0.0294016 0.0369308
0.751521 0.0658304 9.9991E-05 0.0838743 0.00417443 0.0164454 0.0780545
0.705544 0.0577347 9.9991E-05 0.0671243 0.0369979 0.0587876 0.0737112
0.766564 9.9982E-05 0.0446331 9.9982E-05 0.00842271 0.0868316 0.093349
0.841035 9.9982E-05 0.0429592 9.9982E-05 0.00163735 0.00271952 0.111449
0.685111 0.0435692 0.0336496 0.00500721 9.9991E-05 0.0742662 0.158297
0.675167 9.9982E-05 9.9982E-05 0.0179208 0.0329076 0.121754 0.152051
0.800905 9.9982E-05 0.0537104 0.0347186 0.00940747 0.101059 9.9982E-05
0.839753 0.0641312 0.0152453 0.0241189 0.0565517 9.9982E-05 9.9982E-05
0.111907 0.0255142 0.0235006 9.9991E-05 0.0187272 0.058651 0.7616
0.196479 0.0325332 0.0372639 0.0354649 9.9991E-05 0.111694 0.586465
0.0758145 0.118818 9.9991E-05 0.0814728 0.00617889 0.123959 0.593657
0.144175 0.0816507 0.0498095 0.044987 0.0094325 0.0854993 0.584446
0.0390864 0.0798515 9.9991E-05 0.0858203 0.00993817 0.121098 0.664106
0.124656 9.9982E-05 0.0470491 9.9982E-05 0.0337573 0.0584865 0.735851
0.0752732 0.00296748 9.9991E-05 0.056118 0.0111067 0.0523583 0.802076
9.9964E-05 0.101372 9.9964E-05 9.9964E-05 9.9964E-05 0.257249 0.64098
