0.0582129 9.9946E-05 9.9946E-05 0.941187 9.9946E-05 9.9946E-05 9.9946E-05 9.9946E-05
0.152806 9.9973E-05 0.02819 0.71795 9.9973E-05 0.0621708 0.0385836 9.9973E-05
0.0175819 0.0181695 0.0239766 0.812467 9.9982E-05 0.0345451 9.9982E-05 0.0930596
0.134115 0.00900284 9.9964E-05 0.801727 9.9964E-05 9.9964E-05 9.9964E-05 0.0547555
0.136162 0.0388269 0.0146593 0.764698 0.0453534 9.9973E-05 9.9973E-05 9.9973E-05
0.0225973 0.000582566 0.0776389 0.858436 9.9973E-05 9.9973E-05 0.0404449 9.9973E-05
9.9955E-05 0.00129759 0.0729799 0.925223 9.9955E-05 9.9955E-05 9.9955E-05 9.9955E-05
9.9982E-05 0.0179148 0.085988 0.835221 9.9982E-05 0.00751018 0.02791 0.0252556
0.0102505 0.00590435 0.116007 0.783256 9.9991E-05 0.0360206 0.00339097 0.0450707
0.0171408 0.0161782 0.0879905 0.812155 9.9982E-05 9.9982E-05 0.0394212 0.0269146
0.14234 9.9982E-05 0.0704058 0.711464 9.9982E-05 0.0509136 0.021521 0.00315601
0.271341 9.9955E-05 9.9955E-05 0.688902 9.9955E-05 9.9955E-05 9.9955E-05 0.0392571
9.9982E-05 9.9982E-05 0.0409589 0.813156 0.013282 0.0147527 0.0607416 0.0569091
0.0943967 9.9982E-05 0.0662712 0.685791 0.0337549 0.0385194 9.9982E-05 0.0810665
0.0460085 9.9973E-05 0.0460856 0.794541 9.9973E-05 0.086881 9.9973E-05 0.0261839
9.9955E-05 9.9955E-05 0.102193 0.887638 9.9955E-05 9.9955E-05 0.00966958 9.9955E-05
9.9955E-05 0.00557561 9.9955E-05 0.964362 9.9955E-05 9.9955E-05 0.0295624 9.9955E-05
9.99527E-05 9.99527E-05 9.99527E-05 0.966944 0.0324562 9.99527E-05 9.99527E-05 9.99527E-05
9.9955E-05 0.00169371 9.9955E-05 0.952644 0.0451629 9.9955E-05 9.9955E-05 9.9955E-05
9.9964E-05 0.0475838 9.9964E-05 0.906442 9.9964E-05 9.9964E-05 0.0223879 0.0231861
9.994E-05 9.994E-05 9.994E-05 9.994E-05 9.994E-05 9.994E-05 9.994E-05 0.9993
0.42319 9.9946E-05 9.9946E-05 9.9946E-05 9.9946E-05 9.9946E-05 9.9946E-05 0.57621
0.196088 0.0340241 0.0145374 0.0459602 0.0481879 0.0196625 9.9991E-05 0.64144
0.0679746 0.0330682 9.9982E-05 0.00478962 0.155133 9.9982E-05 0.0114289 0.727406
0.0621071 0.0106466 9.9973E-05 0.0102107 9.9973E-05 9.9973E-05 0.00518053 0.911555
9.9982E-05 0.0307571 9.9982E-05 0.0269045 0.0555471 0.0287182 0.00779603 0.850077
9.9964E-05 9.9964E-05 0.0795847 9.9964E-05 0.0813539 0.101965 9.9964E-05 0.736696
9.994E-05 9.994E-05 9.994E-05 9.994E-05 9.994E-05 9.994E-05 9.994E-05 0.9993
0.0314283 0.0436595 0.113077 9.9973E-05 9.9973E-05 0.0825351 9.9973E-05 0.729
0.0460447 0.0111923 0.0983997 0.019644 0.0718028 0.111737 0.0441913 0.596988
0.0722581 9.9973E-05 0.116304 9.9973E-05 0.0192243 0.0986752 9.9973E-05 0.693239
9.9973E-05 0.00398842 0.0580659 9.9973E-05 0.131625 9.9973E-05 0.0633999 0.742621
9.9982E-05 9.9982E-05 0.157198 0.0302756 0.0617592 0.0250516 0.0509153 0.6746
0.253231 9.9973E-05 0.0451113 9.9973E-05 9.9973E-05 0.0409988 0.0311255 0.629233
0.181649 0.0601453 0.0307551 0.00404435 0.0571345 0.100498 0.0270469 0.538727
0.634746 9.99549E-05 9.99549E-05 9.99549E-05 9.99549E-05 0.0255781 9.99549E-05 0.339176
9.9982E-05 0.0183965 0.104791 9.9982E-05 0.0986269 0.127729 0.0356531 0.614604
0.166611 0.00493138 9.9991E-05 0.00439755 0.705173 0.0604237 0.00749844 0.0508649
0.236381 0.00958858 9.9964E-05 9.9964E-05 0.598896 0.154734 9.9964E-05 9.9964E-05
0.00752718 9.9991E-05 0.0362551 0.0452129 0.73907 0.0906961 0.0588079 0.0223306
0.0784256 9.9991E-05 0.025478 0.0274439 0.768834 0.0443714 0.0200109 0.0353358
0.135568 0.0188606 9.9982E-05 0.0071971 0.753382 9.9982E-05 0.059318 0.0254743
9.999E-05 0.0138408 0.0353694 0.0424129 0.777729 0.0667275 0.0520872 0.0117328
0.200614 0.0228191 0.0948728 0.0288405 0.613127 9.9982E-05 0.0395268 9.9982E-05
0.0844198 0.0463872 9.9982E-05 9.9982E-05 0.746866 0.0883814 0.00835751 0.0253887
9.9982E-05 0.0470831 0.123238 0.0656557 0.693156 0.0433951 9.9982E-05 0.0272725
0.0573064 0.0359771 0.0340766 9.9973E-05 0.802215 9.9973E-05 0.0701252 9.9973E-05
0.0578309 0.0223747 0.0093097 0.023426 0.845672 9.9982E-05 0.0411868 9.9982E-05
9.9964E-05 9.9964E-05 9.9964E-05 0.02565 0.876822 9.9964E-05 0.0340103 0.063118
0.308802 9.9955E-05 9.9955E-05 9.9955E-05 0.677249 9.9955E-05 0.0134493 9.9955E-05
0.203045 9.9955E-05 9.9955E-05 9.9955E-05 0.749629 9.9955E-05 0.0468271 9.9955E-05
9.9973E-05 9.9973E-05 0.0662514 9.9973E-05 0.849103 0.00793905 0.0586759 0.0177303
9.9973E-05 0.0539386 0.00035188 0.0292311 0.858478 9.9973E-05 0.0577 9.9973E-05
0.103072 9.9982E-05 9.9982E-05 0.0808729 0.766836 0.00986236 0.0244033 0.0147529
9.9991E-05 0.0111264 0.107348 0.0363771 0.706068 0.039129 0.0826007 0.0172509
0.278471 9.9964E-05 9.9964E-05 9.9964E-05 0.664076 0.0353941 0.0216595 9.9964E-05
9.9973E-05 0.0408114 0.0997065 0.0881175 0.695021 9.9973E-05 9.9973E-05 0.0760439
0.331843 0.00815374 9.9982E-05 0.0195444 0.115825 0.451164 0.0732699 9.9982E-05
0.0274867 9.9955E-05 9.9955E-05 0.0347345 9.9955E-05 0.937279 9.9955E-05 9.9955E-05
0.26961 0.100539 9.9982E-05 0.034048 0.0276929 0.490236 0.0776737 9.9982E-05
0.189919 0.116015 9.9982E-05 0.0107867 0.0854396 0.508031 0.0896082 9.9982E-05
0.0478397 0.0602788 0.0526285 9.9982E-05 0.0156122 0.750577 0.0728642 9.9982E-05
9.999E-05 0.0585233 0.0649449 0.0235785 0.0697576 0.632879 0.113357 0.0368596
0.0296589 9.9946E-05 9.9946E-05 9.9946E-05 9.9946E-05 9.9946E-05 0.969741 9.9946E-05
9.9955E-05 0.0324961 0.00857579 9.9955E-05 9.9955E-05 0.958428 9.9955E-05 9.9955E-05
0.286674 0.0524128 0.0149909 0.0991741 9.9982E-05 0.430802 0.115747 9.9982E-05
9.9991E-05 0.0529901 0.0654179 0.0273966 0.0599055 0.494103 0.158953 0.141134
0.0149997 0.102938 0.0308838 0.0377156 0.0118424 0.655657 0.110907 0.0350568
0.0629945 0.0898208 9.9982E-05 0.000172554 9.9982E-05 0.579849 0.144743 0.12222
0.0114004 0.0776181 0.0579365 0.040552 9.9991E-05 0.603155 0.115293 0.0939447
9.9982E-05 0.0498439 0.0335601 0.0479061 0.00405702 0.731349 0.133084 9.9982E-05
9.9973E-05 0.0352393 0.085257 9.9973E-05 0.0567909 0.690173 0.132239 9.9973E-05
0.0182622 0.0785972 0.0270947 0.0245271 0.0123112 0.706668 0.0710917 0.0614476
0.359272 0.0761012 9.9973E-05 9.9973E-05 0.0283292 0.523165 9.9973E-05 0.0128328
9.9982E-05 0.0100995 0.0390366 9.9982E-05 0.270767 0.480615 0.095468 0.103813
0.0702919 0.0461645 9.9991E-05 0.0628183 0.251863 0.467589 0.0786583 0.0225148
0.0175915 0.0488806 9.9982E-05 0.108519 0.410738 0.387381 0.0266899 9.9982E-05
9.9964E-05 0.00781969 0.00981508 9.9964E-05 9.9964E-05 0.0367166 0.945249 9.9964E-05
9.9991E-05 0.109692 0.0673369 0.0590559 0.153417 0.404524 0.144469 0.0614047
0.0554434 0.109417 0.0617387 9.9982E-05 0.095851 0.50526 0.172089 9.9982E-05
9.9991E-05 0.08286 0.0200364 0.0434763 0.149747 0.569159 0.0832775 0.0513439
0.150064 0.0698906 0.0574084 0.0272762 0.00539093 0.620661 0.0692092 9.9991E-05
9.9982E-05 0.0851732 0.00204031 0.0876616 0.106423 0.610219 0.108284 9.9982E-05
0.135675 0.114868 0.162974 0.0366219 0.254215 0.194949 0.0535977 0.0470997
0.272021 9.9973E-05 0.43779 9.9973E-05 0.200563 0.0172317 0.0720937 9.9973E-05
0.153366 9.9973E-05 0.213174 0.000667456 0.0836872 0.548805 9.9973E-05 9.9973E-05
9.9982E-05 0.0748072 0.100575 0.0592015 0.10132 0.542213 0.121683 9.9982E-05
9.9982E-05 0.00398672 0.175575 0.00773581 0.135 0.610038 0.0674644 9.9982E-05
9.9982E-05 0.0740919 0.100082 0.0248063 0.0560851 0.702781 9.9982E-05 0.0419535
0.202067 0.749177 9.9964E-05 9.9964E-05 9.9964E-05 0.0459142 9.9964E-05 0.00244232
0.108022 0.0536869 9.9991E-05 0.0241915 0.122242 0.449459 0.189057 0.053241
0.111813 0.0410404 9.9973E-05 9.9973E-05 0.137874 0.602813 0.106159 9.9973E-05
0.703627 0.0436684 9.9964E-05 9.9964E-05 9.9964E-05 0.228867 0.023437 9.9964E-05
0.690606 0.0541936 9.9973E-05 9.9973E-05 9.9973E-05 0.191583 0.0577163 0.00560152
0.547857 0.02082 9.9964E-05 9.9964E-05 9.9964E-05 0.328879 0.102045 9.9964E-05
0.499483 0.0401483 9.9973E-05 0.0444352 9.9973E-05 0.399501 0.016132 9.9973E-05
0.431059 0.0749823 0.0505308 9.9982E-05 0.00542463 0.321419 0.116384 9.9982E-05
0.100104 0.0396059 9.9982E-05 0.0758874 0.0978303 0.54899 0.137383 9.9982E-05
0.0236198 0.0571285 9.9991E-05 0.0130397 0.0326586 0.666139 0.120503 0.0868113
0.111413 0.0987335 9.9982E-05 0.0354288 0.067866 0.553479 0.132879 9.9982E-05
0.442011 0.0406605 9.9964E-05 9.9964E-05 9.9964E-05 0.483361 0.0335677 9.9964E-05
0.108487 0.150022 0.121421 0.010504 9.9982E-05 0.455577 0.153788 9.9982E-05
9.9991E-05 0.0464115 0.0883251 0.00182383 0.0530474 0.755459 0.040235 0.0145985
9.994E-05 0.9993 9.994E-05 9.994E-05 9.994E-05 9.994E-05 9.994E-05 9.994E-05
0.233863 0.0916362 0.0404506 0.0586924 0.0150265 0.4666 0.0791948 0.0145358
0.174548 0.0710909 9.9991E-05 0.00366859 0.0354836 0.612125 0.0916684 0.0113156
0.299829 0.0979078 0.00230433 0.0548647 9.9982E-05 0.470658 0.074236 9.9982E-05
0.012697 0.0522711 0.0492423 0.0127443 0.154136 0.636986 0.0818235 9.9991E-05
0.20987 0.00172266 9.9982E-05 0.0096518 0.00680905 0.634883 0.136863 9.9982E-05
0.215129 0.0164572 9.9982E-05 0.0484393 9.9982E-05 0.590567 0.0462661 0.0829418
9.994E-05 9.994E-05 9.994E-05 9.994E-05 9.994E-05 9.994E-05 0.9993 9.994E-05
9.994E-05 0.9993 9.994E-05 9.994E-05 9.994E-05 9.994E-05 9.994E-05 9.994E-05
9.994E-05 9.994E-05 9.994E-05 9.994E-05 9.994E-05 9.994E-05 0.9993 9.994E-05
0.494708 0.0692075 9.9964E-05 9.9964E-05 9.9964E-05 0.383411 0.0522733 9.9964E-05
0.390414 0.117246 9.9982E-05 0.00336674 9.9982E-05 0.315399 0.153683 0.0196918
0.396489 0.0936523 9.9982E-05 0.0193126 9.9982E-05 0.4552 0.0333075 0.0018387
0.185264 0.0479394 9.9982E-05 0.0545039 0.0156588 0.587295 0.109138 9.9982E-05
9.9991E-05 0.0670184 0.031479 0.0285397 0.117148 0.597508 0.113385 0.0448215
0.345963 0.653437 9.99459E-05 9.99459E-05 9.99459E-05 9.99459E-05 9.99459E-05 9.99459E-05
0.327158 0.133753 9.9982E-05 0.0307425 0.0166457 0.441281 0.0502204 9.9982E-05
0.056279 0.0177749 0.14197 0.00981984 9.9982E-05 0.644927 9.9982E-05 0.129029
0.0834014 0.0534938 0.174214 9.9982E-05 9.9982E-05 0.527056 0.0615399 0.100095
0.0364224 0.0670476 0.100895 0.0179638 0.0233157 0.484514 0.0443974 0.225444
0.207235 0.0171606 0.067371 0.0168479 9.9991E-05 0.517762 0.00019015 0.173333
9.9991E-05 0.0785086 0.160965 0.022589 0.0461434 0.420219 0.0538319 0.217643
9.9964E-05 0.0590974 0.24674 9.9964E-05 9.9964E-05 0.491881 9.9964E-05 0.201882
9.9982E-05 0.0322138 0.243595 0.00599893 0.0244841 0.52206 9.9982E-05 0.171448
9.9973E-05 0.0639831 0.123074 0.0539227 9.9973E-05 0.54069 9.9973E-05 0.21803
9.9982E-05 0.0382909 0.185003 0.0139675 0.114782 0.454244 9.9982E-05 0.193512
9.9991E-05 0.0625787 0.13936 0.0208547 0.104646 0.501162 0.043179 0.12812
9.9982E-05 0.0530456 0.103879 0.0137589 0.0721448 0.512192 9.9982E-05 0.24478
9.9982E-05 0.0183268 0.795662 0.0373019 9.9982E-05 0.00531303 0.0743649 0.0688309
9.9982E-05 0.0492299 0.775073 0.0527111 0.0291978 0.0738596 9.9982E-05 0.0197285
0.0534249 0.00948466 0.670317 0.0279906 0.0938721 0.0680249 9.9991E-05 0.0767861
0.0624215 9.9982E-05 0.728225 0.0663841 0.126532 9.9982E-05 0.00310515 0.0131325
0.3118 9.9982E-05 0.556065 0.0236604 0.0821107 9.9982E-05 0.0210775 0.00508617
0.192332 0.0111869 0.688335 0.0341046 9.9982E-05 0.0609445 0.0128972 9.9982E-05
0.0768328 0.0572952 0.735094 9.9973E-05 0.0626787 9.9973E-05 9.9973E-05 0.0677995
9.9973E-05 0.0276622 0.835075 9.9973E-05 9.9973E-05 0.0540692 0.015069 0.0678252
0.456909 0.00525656 0.417366 0.0218579 0.0169312 0.00129516 0.0582044 0.02218
9.9973E-05 0.00816204 0.713187 0.0210942 0.207552 0.0497044 9.9973E-05 9.9973E-05
0.006679 9.9982E-05 0.81563 0.0351982 0.0689153 9.9982E-05 0.0586897 0.0146878
0.0592051 9.9982E-05 0.733483 0.0735385 0.125538 0.00792316 9.9982E-05 0.000112696
0.232914 9.9991E-05 0.542807 0.0290723 0.0598276 0.0469661 0.0316003 0.0567129
0.528239 9.9964E-05 0.361913 9.9964E-05 0.0518514 0.0575972 9.9964E-05 9.9964E-05
0.364549 0.00377007 0.568392 0.0514389 9.9973E-05 9.9973E-05 0.0115498 9.9973E-05
0.526266 9.9946E-05 0.473134 9.9946E-05 9.9946E-05 9.9946E-05 9.9946E-05 9.9946E-05
0.118675 0.00232735 0.747663 9.9982E-05 0.074539 0.0225989 0.0339967 9.9982E-05
0.348559 9.9955E-05 0.621811 0.0291301 9.9955E-05 9.9955E-05 9.9955E-05 9.9955E-05
0.146979 0.0107778 0.748918 0.0329166 0.00178577 9.9991E-05 0.0458514 0.0126719
0.545724 9.99459E-05 0.453676 9.99459E-05 9.99459E-05 9.99459E-05 9.99459E-05 9.99459E-05
0.623625 0.0243362 0.351539 9.9955E-05 9.9955E-05 9.9955E-05 9.9955E-05 9.9955E-05
0.0699699 0.0251704 0.785856 9.9991E-05 0.0190756 0.0545562 0.0343823 0.0108893
0.353424 9.9955E-05 0.620055 9.9955E-05 9.9955E-05 9.9955E-05 0.0260211 9.9955E-05
0.276949 9.9973E-05 0.641428 0.0408315 9.9973E-05 0.0187727 0.0217192 9.9973E-05
0.378794 0.058149 0.525909 0.034394 9.9973E-05 9.9973E-05 9.9973E-05 0.00245432
0.269122 9.9973E-05 0.588205 0.00603411 9.9973E-05 0.0832306 9.9973E-05 0.0531087
0.32861 9.9982E-05 0.594421 0.0199859 0.0287341 9.9982E-05 0.0039307 0.024119
0.564739 9.9955E-05 0.432432 0.00232933 9.9955E-05 9.9955E-05 9.9955E-05 9.9955E-05
0.392755 9.9964E-05 0.596481 0.0101486 9.9964E-05 0.000215384 9.9964E-05 9.9964E-05
0.178788 0.0623952 0.716622 9.9973E-05 0.0155623 9.9973E-05 0.026333 9.9973E-05
9.9973E-05 0.00783296 0.812817 9.9973E-05 0.0856061 0.0485788 0.0448652 9.9973E-05
0.196685 9.9982E-05 0.596314 0.0453238 0.126536 0.0330185 9.9982E-05 0.00192301
0.163107 0.00450804 0.604849 0.0164232 0.120022 0.0091992 9.9991E-05 0.0817922
0.191128 0.0182413 0.711371 9.9973E-05 9.9973E-05 9.9973E-05 0.0270079 0.0519519
0.117645 9.9982E-05 0.75226 0.00816435 9.9982E-05 0.0298471 0.043049 0.0488345
0.49632 9.9946E-05 9.9946E-05 9.9946E-05 0.50308 9.9946E-05 9.9946E-05 9.9946E-05
0.589985 0.010395 9.9955E-05 9.9955E-05 0.39912 9.9955E-05 9.9955E-05 9.9955E-05
0.669861 9.9955E-05 9.9955E-05 0.00508916 0.32455 9.9955E-05 9.9955E-05 9.9955E-05
0.514886 9.9955E-05 9.9955E-05 0.032739 0.451875 9.9955E-05 9.9955E-05 9.9955E-05
0.51821 0.00648872 9.9964E-05 0.0207811 0.45412 9.9964E-05 9.9964E-05 9.9964E-05
0.0221576 0.0164421 0.0574136 9.9982E-05 0.73844 9.9982E-05 0.0371555 0.128191
0.325665 9.9946E-05 9.9946E-05 9.9946E-05 0.673735 9.9946E-05 9.9946E-05 9.9946E-05
0.282778 9.9973E-05 0.0071093 0.0622108 0.51549 9.9973E-05 9.9973E-05 0.132112
