9.9928E-05 0.918761 0.0379096 9.9928E-05 9.9928E-05 9.9928E-05 0.00983167 0.00102409 9.9928E-05 9.9928E-05 9.9928E-05 9.9928E-05 0.0316742
0.0159689 0.662518 9.9937E-05 9.9937E-05 9.9937E-05 9.9937E-05 0.105759 9.9937E-05 0.109855 9.9937E-05 0.0304961 0.0747041 9.9937E-05
0.0161465 0.773774 0.0498775 0.102029 0.0432153 9.9937E-05 9.9937E-05 0.0142579 9.9937E-05 9.9937E-05 9.9937E-05 9.9937E-05 9.9937E-05
0.0329926 0.768271 0.0442274 0.0425166 0.00470389 9.9946E-05 0.104055 9.9946E-05 9.9946E-05 0.0026345 9.9946E-05 9.9946E-05 9.9946E-05
0.00291053 0.762929 9.9955E-05 0.0660779 9.9955E-05 0.00430556 9.9955E-05 9.9955E-05 0.0952438 9.9955E-05 0.00649638 0.00464034 0.0568964
9.9937E-05 0.830746 0.0065984 9.9937E-05 9.9937E-05 9.9937E-05 0.0781591 9.9937E-05 0.0402618 0.0231999 0.020335 9.9937E-05 9.9937E-05
9.9928E-05 0.886343 9.9928E-05 0.0128596 9.9928E-05 9.9928E-05 9.9928E-05 0.00750151 0.0841809 9.9928E-05 0.00831562 9.9928E-05 9.9928E-05
0.0114888 0.817337 9.9964E-05 0.00715966 9.9964E-05 0.011501 0.0290553 0.0149729 0.0799209 0.00396818 0.024196 9.9964E-05 9.9964E-05
0.00846054 0.746326 9.9928E-05 0.0570424 9.9928E-05 9.9928E-05 0.049633 9.9928E-05 0.137739 9.9928E-05 9.9928E-05 9.9928E-05 9.9928E-05
9.9919E-05 0.787602 9.9919E-05 9.9919E-05 0.0864895 0.00999938 0.11501 9.9919E-05 9.9919E-05 9.9919E-05 9.9919E-05 9.9919E-05 9.9919E-05
9.9955E-05 0.691495 0.0655477 9.9955E-05 9.9955E-05 0.0107304 0.156099 0.0106516 9.9955E-05 0.0188346 0.0010836 0.0450583 9.9955E-05
0.0222082 0.714516 0.0526136 9.9946E-05 0.0869612 9.9946E-05 0.10385 0.00604337 9.9946E-05 9.9946E-05 9.9946E-05 0.0132078 9.9946E-05
9.9946E-05 0.751764 9.9946E-05 0.0162172 0.0333114 9.9946E-05 0.0700321 9.9946E-05 0.0300929 9.9946E-05 0.0681132 9.9946E-05 0.0298692
9.9964E-05 0.694756 0.145794 0.00469978 0.0512951 9.9964E-05 0.0107741 0.0171155 0.0141677 9.9964E-05 0.0255613 0.0354369 9.9964E-05
9.9928E-05 0.779936 9.9928E-05 0.0430684 0.0580831 9.9928E-05 9.9928E-05 9.9928E-05 0.0742685 9.9928E-05 9.9928E-05 0.0438451 9.9928E-05
9.99191E-05 0.847297 9.99191E-05 9.99191E-05 9.99191E-05 9.99191E-05 9.99191E-05 0.0092483 0.127264 0.0152914 9.99191E-05 9.99191E-05 9.99191E-05
9.9919E-05 0.929806 9.9919E-05 9.9919E-05 9.9919E-05 0.00245709 9.9919E-05 9.9919E-05 9.9919E-05 0.0455467 9.9919E-05 9.9919E-05 0.0212909
9.99011E-05 0.919706 9.99011E-05 9.99011E-05 9.99011E-05 9.99011E-05 9.99011E-05 9.99011E-05 9.99011E-05 9.99011E-05 9.99011E-05 9.99011E-05 0.0791951
9.99101E-05 0.908444 9.99101E-05 9.99101E-05 9.99101E-05 9.99101E-05 9.99101E-05 9.99101E-05 9.99101E-05 9.99101E-05 0.00244118 9.99101E-05 0.0881161
9.9928E-05 0.874283 9.9928E-05 9.9928E-05 0.0377801 0.0157689 9.9928E-05 9.9928E-05 9.9928E-05 0.0252829 9.9928E-05 9.9928E-05 0.0460853
9.98919E-05 9.98919E-05 9.98919E-05 9.98919E-05 9.98919E-05 9.98919E-05 9.98919E-05 0.998801 9.98919E-05 9.98919E-05 9.98919E-05 9.98919E-05 9.98919E-05
0.0159806 9.9928E-05 0.0246832 9.9928E-05 0.719202 9.9928E-05 0.186515 9.9928E-05 9.9928E-05 9.9928E-05 0.0528201 9.9928E-05 9.9928E-05
9.9946E-05 0.00770108 0.0193986 9.9946E-05 0.721155 0.0261309 0.185027 0.0114144 9.9946E-05 9.9946E-05 0.0285735 9.9946E-05 9.9946E-05
9.9919E-05 9.9919E-05 9.9919E-05 9.9919E-05 0.855105 0.0171387 9.9919E-05 9.9919E-05 9.9919E-05 0.0292858 9.9919E-05 9.9919E-05 0.0975712
9.991E-05 9.991E-05 9.991E-05 9.991E-05 0.986483 9.991E-05 9.991E-05 0.00739209 9.991E-05 9.991E-05 0.00512627 9.991E-05 9.991E-05
0.00143849 9.991E-05 9.991E-05 9.991E-05 0.976037 9.991E-05 9.991E-05 9.991E-05 9.991E-05 0.021525 9.991E-05 9.991E-05 9.991E-05
0.00642334 9.9946E-05 9.9946E-05 0.093742 0.759025 9.9946E-05 0.107057 0.00833607 0.0217262 9.9946E-05 9.9946E-05 9.9946E-05 0.00309093
9.98919E-05 9.98919E-05 9.98919E-05 9.98919E-05 9.98919E-05 9.98919E-05 9.98919E-05 0.998801 9.98919E-05 9.98919E-05 9.98919E-05 9.98919E-05 9.98919E-05
9.9928E-05 9.9928E-05 9.9928E-05 0.127054 0.766236 0.0245456 9.9928E-05 0.00997586 0.0713894 9.9928E-05 9.9928E-05 9.9928E-05 9.9928E-05
9.9946E-05 9.9946E-05 0.110537 0.0574235 0.667608 9.9946E-05 0.0877254 9.9946E-05 9.9946E-05 0.00820095 0.0361723 0.0317331 9.9946E-05
0.0260127 9.9946E-05 9.9946E-05 0.0595972 0.757412 9.9946E-05 0.0572357 0.0311096 0.0477028 0.0203301 9.9946E-05 9.9946E-05 9.9946E-05
9.9937E-05 9.9937E-05 9.9937E-05 9.9937E-05 0.773416 9.9937E-05 9.9937E-05 0.00759541 0.0392122 0.0456708 0.0053119 9.9937E-05 0.128094
9.994E-05 0.00723518 9.994E-05 0.0967151 0.677663 9.994E-05 9.994E-05 0.0666048 0.0607419 9.994E-05 0.0342995 9.994E-05 0.0561412
0.0670571 9.9946E-05 0.129952 9.9946E-05 0.703566 0.0268023 9.9946E-05 0.020708 9.9946E-05 0.00342048 0.0478941 9.9946E-05 9.9946E-05
0.0341546 0.00665895 0.0302748 0.0625981 0.700406 0.032313 9.9973E-05 9.9973E-05 9.9973E-05 0.00933149 0.0177595 0.0671526 0.0390507
0.064789 0.0413101 0.274333 0.0406262 0.411851 9.9964E-05 0.0863442 0.0156059 9.9964E-05 9.9964E-05 0.0353135 0.0294271 9.9964E-05
0.0354856 9.9946E-05 9.9946E-05 9.9946E-05 0.710367 0.0242935 9.9946E-05 9.9946E-05 0.0126858 0.00971277 9.9946E-05 0.0508019 0.156054
0.000732205 9.9964E-05 0.0694981 0.0926433 9.9964E-05 0.00206589 0.119811 0.0238879 9.9964E-05 0.0362082 0.0174323 9.9964E-05 0.637322
9.9946E-05 9.9946E-05 0.0756883 0.0275442 9.9946E-05 0.03386 0.0783343 9.9946E-05 9.9946E-05 9.9946E-05 0.0362904 0.129458 0.618225
0.0206376 9.9973E-05 0.101369 0.0596466 9.9973E-05 0.0087315 0.0454568 0.00368507 9.9973E-05 0.00628923 0.0342097 0.0259662 0.693708
0.023012 9.9964E-05 0.0415292 9.9964E-05 0.0543516 9.9964E-05 9.9964E-05 0.000134712 0.00902924 0.00649781 0.0156318 0.0292997 0.820114
0.02756 0.0116381 9.9946E-05 9.9946E-05 9.9946E-05 0.0364531 0.216297 0.0312784 9.9946E-05 9.9946E-05 0.0312632 9.9946E-05 0.644911
0.0167807 9.9946E-05 9.9946E-05 0.0603034 9.9946E-05 0.016886 0.135537 0.0124646 9.9946E-05 0.00128525 9.9946E-05 9.9946E-05 0.756143
0.00758096 0.0355944 0.159691 9.9964E-05 9.9964E-05 0.0114549 0.196225 0.0133075 9.9964E-05 9.9964E-05 0.0460569 0.0133704 0.516319
0.0244147 9.9973E-05 0.06323 0.0283192 9.9973E-05 0.0198343 0.0331678 0.0112063 0.00457126 9.9973E-05 0.0199325 0.0377849 0.757239
9.9946E-05 0.0198214 9.9946E-05 0.0536887 0.0544672 0.0275376 0.0605766 9.9946E-05 0.0579566 9.9946E-05 9.9946E-05 9.9946E-05 0.725352
9.9946E-05 9.9946E-05 0.00896189 9.9946E-05 0.0301728 0.0279177 9.9946E-05 9.9946E-05 9.9946E-05 0.0198967 0.00575877 0.0239924 0.8827
0.0227403 9.9955E-05 9.9955E-05 0.0223557 9.9955E-05 0.00864361 0.214194 0.0124202 0.0422145 9.9955E-05 0.0263814 9.9955E-05 0.650551
0.00495835 0.0111898 9.9937E-05 9.9937E-05 9.9937E-05 9.9937E-05 9.9937E-05 0.0438323 9.9937E-05 0.0141263 0.0162076 9.9937E-05 0.908986
0.0183472 9.9937E-05 0.0812055 9.9937E-05 9.9937E-05 9.9937E-05 0.278536 0.0108884 9.9937E-05 9.9937E-05 0.0406521 9.9937E-05 0.569671
9.9937E-05 0.0179826 9.9937E-05 0.0898362 9.9937E-05 9.9937E-05 0.0313402 0.010974 9.9937E-05 0.00586839 9.9937E-05 9.9937E-05 0.843299
0.0211312 9.9946E-05 9.9946E-05 9.9946E-05 0.00787451 9.9946E-05 9.9946E-05 0.00351371 0.0990823 0.00342644 0.0200215 9.9946E-05 0.844351
9.99279E-05 9.99279E-05 9.99279E-05 0.0938146 9.99279E-05 0.036321 0.0948862 9.99279E-05 9.99279E-05 9.99279E-05 0.0631203 9.99279E-05 0.711059
0.0186788 0.0760096 9.9946E-05 9.9946E-05 0.0281253 9.9946E-05 0.114799 9.9946E-05 9.9946E-05 0.0257026 9.9946E-05 0.0344581 0.701627
9.9955E-05 0.0340602 0.0988914 9.9955E-05 9.9955E-05 0.0386078 9.9955E-05 0.0175377 0.00754813 0.0137256 0.0369545 9.9955E-05 0.752175
0.0181383 0.0108979 0.0778092 0.035633 0.0346867 9.9964E-05 0.0913201 9.9964E-05 9.9964E-05 0.0100567 9.9964E-05 0.0621777 0.658881
0.00375643 0.0374454 0.042296 0.0564109 0.042594 0.0515305 9.995E-05 0.0140118 9.995E-05 9.995E-05 9.995E-05 9.995E-05 0.751455
0.0229072 0.0198301 0.0838068 9.9973E-05 0.00497194 0.0542816 0.0648622 9.9973E-05 9.9973E-05 0.0126818 0.00456172 0.54124 0.190557
0.998801 9.98918E-05 9.98918E-05 9.98918E-05 9.98918E-05 9.98918E-05 9.98918E-05 9.98918E-05 9.98918E-05 9.98918E-05 9.98918E-05 9.98918E-05 9.98918E-05
0.0323029 9.9973E-05 0.074628 0.00134358 9.9973E-05 0.104814 0.0897063 0.0110413 9.9973E-05 0.0204413 0.0363403 0.618115 0.0109677
0.00845343 9.9964E-05 0.034857 0.096055 9.9964E-05 0.0933599 0.0593893 9.9964E-05 9.9964E-05 0.02053 0.0301764 0.610407 0.0463722
0.055602 9.9946E-05 9.9946E-05 0.13497 9.9946E-05 0.0574449 9.9946E-05 9.9946E-05 9.9946E-05 0.0270298 0.0291011 0.680755 0.0144979
0.00734721 9.9955E-05 9.9955E-05 9.9955E-05 9.9955E-05 0.0759716 9.9955E-05 0.0134093 0.00774862 0.043835 0.000462923 0.696623 0.154103
9.98918E-05 9.98918E-05 9.98918E-05 9.98918E-05 9.98918E-05 9.98918E-05 9.98918E-05 9.98918E-05 9.98918E-05 9.98918E-05 0.998801 9.98918E-05 9.98918E-05
0.998801 9.98918E-05 9.98918E-05 9.98918E-05 9.98918E-05 9.98918E-05 9.98918E-05 9.98918E-05 9.98918E-05 9.98918E-05 9.98918E-05 9.98918E-05 9.98918E-05
0.0612457 0.0573469 0.0126654 9.9964E-05 9.9964E-05 0.0557053 0.187383 0.00209577 9.9964E-05 0.0458084 0.054159 0.52319 9.9964E-05
9.9973E-05 0.0314257 0.0423705 0.00743447 0.0608006 0.0523835 9.9973E-05 0.0351064 9.9973E-05 0.0694386 0.0387947 0.553103 0.108843
0.072105 0.0132821 0.0615782 0.116765 0.0267276 0.0872256 9.9982E-05 0.000818451 9.9982E-05 0.0793091 0.0461064 0.455674 0.0402091
0.0331079 9.9964E-05 9.9964E-05 9.9964E-05 0.111187 0.113346 9.9964E-05 0.0114703 0.000503549 0.0511126 0.0417042 0.611894 0.0252743
0.110756 0.00715491 9.9955E-05 9.9955E-05 0.0695944 0.114609 9.9955E-05 9.9955E-05 0.0889129 0.0406906 0.0496763 0.518106 9.9955E-05
0.0432004 0.0270976 9.9955E-05 9.9955E-05 0.00570112 0.0587391 9.9955E-05 9.9955E-05 9.9955E-05 0.0464011 0.01621 0.718031 0.08412
0.0252166 9.9955E-05 9.9955E-05 0.0711886 9.9955E-05 0.067098 9.9955E-05 0.00380682 9.9955E-05 0.0407995 0.0825689 0.595299 0.113523
0.108716 9.9964E-05 9.9964E-05 0.0669936 0.0722349 0.0747648 9.9964E-05 0.00439082 9.9964E-05 0.0318088 0.0180357 0.562437 0.0602179
0.0557192 9.9946E-05 9.9946E-05 0.384221 9.9946E-05 0.0377341 0.184606 0.0004154 9.9946E-05 0.0348865 9.9946E-05 0.301817 9.9946E-05
0.0268668 9.9973E-05 9.9973E-05 0.150612 9.9973E-05 0.0233911 0.0311511 0.031976 0.0503771 0.0514675 0.0323385 0.339321 0.262199
0.0185254 0.0375076 0.0076972 0.0323095 0.0202978 0.0466444 9.9973E-05 9.9973E-05 9.9973E-05 0.0418644 0.0244379 0.423436 0.34698
0.0629642 0.0416251 9.9946E-05 9.9946E-05 9.9946E-05 0.0424945 0.119546 9.9946E-05 9.9946E-05 0.0112664 9.9946E-05 0.318611 0.402893
9.98918E-05 9.98918E-05 9.98918E-05 9.98918E-05 9.98918E-05 9.98918E-05 9.98918E-05 9.98918E-05 9.98918E-05 9.98918E-05 0.998801 9.98918E-05 9.98918E-05
0.0572671 0.0389634 9.9973E-05 0.1302 9.9973E-05 0.0942436 9.9973E-05 0.0330359 0.109384 0.0721423 0.026715 0.29944 0.138309
0.0429393 9.9955E-05 9.9955E-05 9.9955E-05 0.0142104 0.0758408 9.9955E-05 9.9955E-05 0.00871785 0.0538214 0.0930581 0.524327 0.186586
0.0225334 0.039416 9.9964E-05 0.0243645 0.0525369 0.0909461 9.9964E-05 0.00968133 9.9964E-05 0.0793014 9.9964E-05 0.510895 0.169925
0.063362 9.9973E-05 0.0663813 0.0737395 0.00263615 0.0573074 0.0526489 0.00878477 9.9973E-05 0.0201296 0.0582746 0.596436 9.9973E-05
0.0234806 0.0766663 9.9946E-05 9.9946E-05 9.9946E-05 0.0990157 9.9946E-05 9.9946E-05 9.9946E-05 0.0351341 0.0406913 0.627365 0.097047
0.0158045 0.00983348 0.126977 9.9964E-05 0.0888724 0.11733 9.9964E-05 9.9964E-05 0.115341 0.0602739 9.9964E-05 0.222518 0.242649
0.0458423 9.9937E-05 0.549064 9.9937E-05 9.9937E-05 9.9937E-05 9.9937E-05 9.9937E-05 0.0773188 0.0207107 0.046825 9.9937E-05 0.25954
0.114796 9.9955E-05 0.198686 0.159283 0.0205156 9.9955E-05 9.9955E-05 9.9955E-05 0.0143305 0.0306798 9.9955E-05 0.30794 0.153269
0.0195591 0.0491698 0.0164005 9.9973E-05 9.9973E-05 0.0598616 9.9973E-05 0.00506311 0.0114393 0.0638985 0.0198041 0.569309 0.185195
0.024008 9.9955E-05 9.9955E-05 0.0857815 9.9955E-05 0.0186226 9.9955E-05 0.00249515 0.125356 0.0795834 9.9955E-05 0.501509 0.162145
0.0451595 9.9955E-05 9.9955E-05 0.0891878 9.9955E-05 0.0817094 0.0576187 9.9955E-05 0.0736819 9.9955E-05 0.00379827 0.584242 0.0641027
0.00451027 9.9937E-05 9.9937E-05 9.9937E-05 9.9937E-05 0.553741 0.168821 9.9937E-05 9.9937E-05 0.0094317 0.0359814 0.226815 9.9937E-05
0.0302469 9.9955E-05 9.9955E-05 0.135565 9.9955E-05 0.0480735 9.9955E-05 0.0284071 9.9955E-05 0.0316513 0.135004 0.449733 0.140819
9.9955E-05 9.9955E-05 0.0519683 9.9955E-05 9.9955E-05 0.0493084 9.9955E-05 0.00119158 0.00826982 0.0396351 0.0495903 0.646484 0.153053
0.0306409 0.0353338 0.0735338 0.00350658 9.9982E-05 0.064006 0.162295 0.0572912 0.0355387 0.0217073 0.0127817 0.503164 9.9982E-05
9.9964E-05 0.0438487 0.0522001 9.9964E-05 0.080565 0.048239 0.221355 0.00478711 9.9964E-05 0.0619286 0.0547378 0.431939 9.9964E-05
0.00352974 9.9946E-05 0.128114 9.9946E-05 9.9946E-05 0.0432718 0.160375 9.9946E-05 9.9946E-05 0.0441804 0.0551816 0.564748 9.9946E-05
0.0675816 0.0611351 0.13065 0.147931 9.9964E-05 0.0360498 0.0789084 0.0111599 9.9964E-05 9.9964E-05 0.0432024 0.422981 9.9964E-05
0.0454052 0.0124274 0.121147 0.263419 9.9964E-05 0.0746454 0.100808 9.9964E-05 9.9964E-05 0.0771851 0.0525117 0.252051 9.9964E-05
0.0471148 0.0566293 0.00673489 0.151477 9.9973E-05 0.0374515 0.0139789 9.9973E-05 9.9973E-05 0.0556169 0.0275924 0.482435 0.12067
0.0272753 9.9955E-05 9.9955E-05 0.16092 0.0667277 0.0460169 9.9955E-05 9.9955E-05 9.9955E-05 0.0506699 0.0293087 0.525113 0.093469
0.0560967 0.0147794 9.9973E-05 0.0216917 9.9973E-05 0.0842109 0.0622725 9.9973E-05 0.0141221 0.093584 0.00640847 0.589821 0.0567133
9.9964E-05 0.00577597 0.0807052 9.9964E-05 0.0630427 0.06915 0.0648209 0.00185107 9.9964E-05 0.0401838 0.00935904 0.664712 9.9964E-05
0.0836683 9.9955E-05 0.144317 9.9955E-05 9.9955E-05 0.157461 9.9955E-05 0.0224629 9.9955E-05 0.0401064 0.079514 0.40923 0.0627415
0.0100522 9.9946E-05 9.9946E-05 9.9946E-05 9.9946E-05 0.0542012 9.9946E-05 0.0217561 0.0713836 0.0279998 0.0268902 0.787117 9.9946E-05
9.98916E-05 9.98916E-05 9.98916E-05 9.98916E-05 9.98916E-05 0.998801 9.98916E-05 9.98916E-05 9.98916E-05 9.98916E-05 9.98916E-05 9.98916E-05 9.98916E-05
0.0829732 0.0197773 0.12303 0.116301 9.9973E-05 0.0997617 9.9973E-05 0.0167418 9.9973E-05 0.0620406 0.0208745 0.352123 0.106077
0.00950799 9.9955E-05 9.9955E-05 9.9955E-05 9.9955E-05 0.0843465 0.0573249 0.0227709 0.0150279 0.0110873 0.0609469 0.738488 9.9955E-05
9.9955E-05 0.0314035 0.00195626 9.9955E-05 9.9955E-05 0.106363 0.0842744 9.9955E-05 0.0753445 0.0355568 0.0427548 0.621847 9.9955E-05
0.014829 9.9946E-05 9.9946E-05 9.9946E-05 9.9946E-05 0.0554078 9.9946E-05 9.9946E-05 0.0449907 0.0385125 0.0203463 0.658541 0.166773
0.0208767 9.9955E-05 9.9955E-05 0.108915 9.9955E-05 0.0236767 0.0231302 9.9955E-05 0.0238824 0.0674211 9.9955E-05 0.664134 0.0674645
0.00842132 0.0207631 9.9973E-05 0.216794 0.0614796 0.0559999 0.0332445 0.00508213 9.9973E-05 0.0392688 0.0235597 0.535087 9.9973E-05
9.98918E-05 9.98918E-05 9.98918E-05 9.98918E-05 9.98918E-05 9.98918E-05 9.98918E-05 9.98918E-05 9.98918E-05 0.998801 9.98918E-05 9.98918E-05 9.98918E-05
9.98916E-05 9.98916E-05 9.98916E-05 9.98916E-05 9.98916E-05 0.998801 9.98916E-05 9.98916E-05 9.98916E-05 9.98916E-05 9.98916E-05 9.98916E-05 9.98916E-05
9.98918E-05 9.98918E-05 9.98918E-05 9.98918E-05 9.98918E-05 9.98918E-05 9.98918E-05 9.98918E-05 9.98918E-05 0.998801 9.98918E-05 9.98918E-05 9.98918E-05
0.0725597 0.00242278 0.041439 9.9973E-05 9.9973E-05 0.0913301 0.075807 0.00175879 9.9973E-05 0.00981238 0.0223096 0.638549 0.0437122
0.0361353 0.0242923 0.0841221 9.9973E-05 0.0569087 0.108502 0.0997126 0.0324819 9.9973E-05 0.0551368 0.0308372 0.471571 9.9973E-05
0.0459014 0.0457945 9.9955E-05 9.9955E-05 0.036284 0.0858534 0.123603 9.9955E-05 0.0247563 0.0126441 9.9955E-05 0.624664 9.9955E-05
0.0509499 0.0246847 9.9964E-05 9.9964E-05 9.9964E-05 0.0844453 0.0434406 0.0205576 9.9964E-05 0.0889147 0.00237324 0.666776 0.0174585
0.0404946 0.0002587 9.9955E-05 9.9955E-05 9.9955E-05 0.0765088 9.9955E-05 0.0175022 9.9955E-05 0.0360378 0.0220579 0.609006 0.197634
0.0168191 0.00545932 0.044028 9.9955E-05 9.9955E-05 0.460397 0.286482 0.00093992 9.9955E-05 0.00993152 9.9955E-05 0.175443 9.9955E-05
0.0140133 0.0563575 0.118837 9.9973E-05 9.9973E-05 0.0888346 0.155105 0.00954823 9.9973E-05 0.0488275 0.0124057 0.48171 0.0140614
0.0553493 9.9928E-05 9.9928E-05 0.815748 9.9928E-05 9.9928E-05 9.9928E-05 0.0050031 9.9928E-05 9.9928E-05 0.00426437 0.118836 9.9928E-05
9.9928E-05 9.9928E-05 0.0572315 0.883181 9.9928E-05 9.9928E-05 0.0135216 9.9928E-05 9.9928E-05 0.0298623 0.0154038 9.9928E-05 9.9928E-05
9.9937E-05 9.9937E-05 9.9937E-05 0.890913 9.9937E-05 0.0332331 0.0149366 0.0246931 9.9937E-05 0.0244186 0.011106 9.9937E-05 9.9937E-05
0.00766975 0.00743986 0.0196211 0.911599 9.9937E-05 9.9937E-05 0.0248074 9.9937E-05 9.9937E-05 9.9937E-05 0.0281633 9.9937E-05 9.9937E-05
9.9946E-05 9.9946E-05 9.9946E-05 0.788047 0.0402003 0.0197159 9.9946E-05 9.9946E-05 0.0546891 0.0479695 0.0183746 9.9946E-05 0.0304041
0.0278369 9.9946E-05 0.0111124 0.836742 0.0694432 9.9946E-05 9.9946E-05 9.9946E-05 0.0252814 0.01012 0.018864 9.9946E-05 9.9946E-05
9.991E-05 9.991E-05 9.991E-05 0.975659 9.991E-05 9.991E-05 9.991E-05 0.00333634 0.0200056 9.991E-05 9.991E-05 9.991E-05 9.991E-05
9.9937E-05 0.0529832 0.0088569 0.833412 0.0196873 0.0300603 9.9937E-05 9.9937E-05 9.9937E-05 9.9937E-05 9.9937E-05 0.0543007 9.9937E-05
0.0186085 0.0087385 9.9955E-05 0.877647 9.9955E-05 9.9955E-05 0.0130669 0.0212831 0.0266221 0.0168431 9.9955E-05 9.9955E-05 0.0166912
0.0188648 9.9946E-05 9.9946E-05 0.806925 9.9946E-05 0.0298259 0.0283233 0.0346417 9.9946E-05 9.9946E-05 9.9946E-05 0.0610677 0.0197518
0.00948707 0.00389139 9.9955E-05 0.649809 0.124018 0.00711538 9.9955E-05 9.9955E-05 9.9955E-05 0.0258996 9.9955E-05 0.107404 0.0718745
0.00820897 9.9919E-05 9.9919E-05 9.9919E-05 0.0508613 9.9919E-05 9.9919E-05 9.9919E-05 0.891069 0.0489612 9.9919E-05 9.9919E-05 9.9919E-05
9.9937E-05 0.00461433 0.188756 0.152997 9.9937E-05 9.9937E-05 0.0133447 0.0204602 0.619128 9.9937E-05 9.9937E-05 9.9937E-05 9.9937E-05
0.0131734 9.9946E-05 9.9946E-05 9.9946E-05 0.0593213 9.9946E-05 0.101563 0.0140892 0.751703 0.0144184 9.9946E-05 0.0451327 9.9946E-05
9.9946E-05 0.0324988 0.310882 9.9946E-05 0.0095136 9.9946E-05 9.9946E-05 0.00777855 0.488003 0.00763677 9.9946E-05 9.9946E-05 0.143088
9.9937E-05 0.00249263 9.9937E-05 9.9937E-05 9.9937E-05 9.9937E-05 9.9937E-05 0.0300176 0.785105 9.9937E-05 0.0507204 0.0156787 0.115286
0.00439634 0.00235236 0.218555 0.0420889 0.00183443 9.9973E-05 0.0180724 0.0173731 0.622682 0.0205691 9.9973E-05 0.0517763 9.9973E-05
9.99408E-05 9.99408E-05 9.99408E-05 0.00197331 0.0750079 0.0632034 0.0303973 9.99408E-05 0.828378 9.99408E-05 0.00034065 9.99408E-05 9.99408E-05
0.00833188 9.9946E-05 0.10585 0.0102724 9.9946E-05 0.0368877 9.9946E-05 0.0391349 0.79199 0.00693323 9.9946E-05 9.9946E-05 9.9946E-05
9.9973E-05 0.0140017 0.182426 9.9973E-05 0.0353873 0.0231847 0.146242 0.017262 0.41025 0.0337139 9.9973E-05 0.132922 0.00431077
9.99101E-05 9.99101E-05 9.99101E-05 0.125457 9.99101E-05 9.99101E-05 9.99101E-05 9.99101E-05 0.719379 9.99101E-05 9.99101E-05 9.99101E-05 0.154165
0.0304448 9.9937E-05 9.9937E-05 9.9937E-05 9.9937E-05 9.9937E-05 9.9937E-05 0.0270335 0.876199 0.0184016 0.0332404 9.9937E-05 0.0139807
0.0332961 0.0117733 0.268621 9.9937E-05 9.9937E-05 9.9937E-05 9.9937E-05 0.00483131 0.553233 9.9937E-05 9.9937E-05 9.9937E-05 0.127546
9.9946E-05 9.9946E-05 0.0212616 9.9946E-05 0.00806783 9.9946E-05 0.201457 0.0218114 0.646864 0.0299258 9.9946E-05 0.0700132 9.9946E-05
0.0328894 9.9946E-05 0.385972 0.0791383 9.9946E-05 9.9946E-05 0.173732 9.9946E-05 0.26043 0.00679902 9.9946E-05 0.0604395 9.9946E-05
0.024412 0.0173676 0.86694 9.9955E-05 0.0337163 0.01474 9.9955E-05 9.9955E-05 9.9955E-05 0.0241202 0.0138133 0.00439078 9.9955E-05
0.032278 0.0141658 0.926114 9.9928E-05 9.9928E-05 9.9928E-05 9.9928E-05 9.9928E-05 9.9928E-05 9.9928E-05 0.0113436 0.0152994 9.9928E-05
0.0397311 9.9946E-05 0.759128 0.0463531 9.9946E-05 0.0049447 9.9946E-05 9.9946E-05 0.126505 0.0218026 9.9946E-05 9.9946E-05 0.000935596
9.9946E-05 9.9946E-05 0.868349 0.00261279 9.9946E-05 9.9946E-05 9.9946E-05 0.0057062 0.00141232 0.0352867 9.9946E-05 0.0221869 0.0638462
9.99371E-05 0.00562957 0.971896 9.99371E-05 0.010767 0.000643955 9.99371E-05 0.00728144 9.99371E-05 0.00308294 9.99371E-05 9.99371E-05 9.99371E-05
9.9928E-05 9.9928E-05 0.893165 9.9928E-05 9.9928E-05 9.9928E-05 0.0491965 0.0211185 9.9928E-05 9.9928E-05 0.0321998 0.00352111 9.9928E-05
9.9946E-05 9.9946E-05 0.750684 0.028133 0.0317666 0.00324523 0.148832 0.00338357 9.9946E-05 9.9946E-05 0.0333559 9.9946E-05 9.9946E-05
9.99495E-05 9.99495E-05 0.290346 0.0532594 0.00989017 0.00610491 0.053509 9.99495E-05 0.539786 0.0465053 9.99495E-05 9.99495E-05 9.99495E-05
9.9946E-05 0.0127551 0.680195 0.0702352 9.9946E-05 0.0225969 9.9946E-05 9.9946E-05 0.167985 0.0253154 0.020318 9.9946E-05 9.9946E-05
9.9937E-05 9.9937E-05 0.650633 0.045242 9.9937E-05 9.9937E-05 9.9937E-05 9.9937E-05 0.239186 9.9937E-05 0.0150449 0.0367088 0.0124864
0.0316393 0.0213932 0.61123 9.9955E-05 0.0657783 0.0574117 0.0291672 9.9955E-05 0.169716 9.9955E-05 0.0131642 9.9955E-05 9.9955E-05
9.9937E-05 9.9937E-05 0.127636 9.9937E-05 0.0317411 9.9937E-05 0.103626 0.0106874 0.579109 9.9937E-05 9.9937E-05 0.146501 9.9937E-05
0.00776962 0.00896391 0.137154 9.9946E-05 9.9946E-05 9.9946E-05 0.145255 0.0236214 0.636694 0.0399429 9.9946E-05 9.9946E-05 9.9946E-05
0.05805 0.0299367 0.285761 9.9946E-05 9.9946E-05 0.00161393 0.187652 9.9946E-05 0.420117 9.9946E-05 0.0162693 9.9946E-05 9.9946E-05
0.0353953 0.0193385 0.653546 0.0358887 9.9964E-05 9.9964E-05 9.9964E-05 0.0515433 0.112893 0.00276276 9.9964E-05 0.0465456 0.0416873
0.0081116 9.9937E-05 0.606602 9.9937E-05 0.0109886 0.0342518 9.9937E-05 9.9937E-05 0.196983 9.9937E-05 9.9937E-05 9.9937E-05 0.142364
0.014008 9.9919E-05 9.9919E-05 9.9919E-05 9.9919E-05 9.9919E-05 9.9919E-05 9.9919E-05 0.91147 0.0284288 9.9919E-05 9.9919E-05 0.0451944
9.9955E-05 0.0319604 0.442871 0.0116045 0.0177379 0.0200146 9.9955E-05 9.9955E-05 0.318975 9.9955E-05 9.9955E-05 0.0322748 0.124063
0.000714284 9.9946E-05 0.664431 0.0421204 0.0646165 9.9946E-05 9.9946E-05 0.00463605 0.0959081 9.9946E-05 9.9946E-05 9.9946E-05 0.126974
0.0104193 9.9946E-05 0.309226 9.9946E-05 0.0487063 0.0283696 9.9946E-05 0.0212773 0.545644 0.0357586 9.9946E-05 9.9946E-05 9.9946E-05
9.9937E-05 0.00893486 9.9937E-05 9.9937E-05 9.9937E-05 9.9937E-05 9.9937E-05 0.0153094 0.889412 0.01237 0.00641917 0.0668551 9.9937E-05
0.00437501 9.9928E-05 0.0225139 9.9928E-05 9.9928E-05 9.9928E-05 0.940383 0.0138816 9.9928E-05 9.9928E-05 0.0180468 9.9928E-05 9.9928E-05
0.00262372 9.9937E-05 9.9937E-05 9.9937E-05 9.9937E-05 0.0336576 0.884731 9.9937E-05 0.0588268 9.9937E-05 0.00247277 9.9937E-05 0.016989
0.00993814 0.0494287 0.0240645 9.9955E-05 9.9955E-05 0.0211932 0.865352 0.0170363 9.9955E-05 9.9955E-05 0.0107089 0.00177895 9.9955E-05
0.0204005 0.0125213 0.0377536 9.9973E-05 0.00967471 0.0261605 0.791731 0.0102623 0.0256029 0.00909058 9.9973E-05 9.9973E-05 0.0565027
0.00911559 0.0508769 9.9937E-05 0.00270579 9.9937E-05 0.00315562 0.926665 9.9937E-05 9.9937E-05 0.00678125 9.9937E-05 9.9937E-05 9.9937E-05
9.9946E-05 9.9946E-05 9.9946E-05 9.9946E-05 9.9946E-05 0.0316598 0.749391 0.00713974 0.0657951 0.0106029 0.0237096 9.9946E-05 0.111102
9.9901E-05 9.9901E-05 9.9901E-05 9.9901E-05 9.9901E-05 9.9901E-05 0.919928 9.9901E-05 9.9901E-05 9.9901E-05 9.9901E-05 9.9901E-05 0.0789731
9.9928E-05 0.0145266 9.9928E-05 9.9928E-05 0.124576 9.9928E-05 0.84606 9.9928E-05 9.9928E-05 9.9928E-05 9.9928E-05 0.00901063 0.00502777
