9.999E-05 0.9998 9.999E-05
0.121855 0.760162 0.117982
0.140218 0.859682 9.9991E-05
0.117146 0.837353 0.0455006
0.0788902 0.825584 0.0955259
0.0812985 0.918601 9.9991E-05
0.038224 0.961676 9.9991E-05
0.100941 0.866532 0.0325275
0.111719 0.844038 0.0442435
0.127515 0.872385 9.9991E-05
0.0725754 0.801445 0.12598
0.150103 0.821854 0.0280425
0.0948485 0.852053 0.0530984
0.212222 0.767974 0.0198036
0.0829231 0.869089 0.0479883
0.0914356 0.908464 9.9991E-05
9.999E-05 0.9998 9.999E-05
9.999E-05 0.9998 9.999E-05
9.999E-05 0.9998 9.999E-05
9.9991E-05 0.92725 0.0726499
0.717733 0.0166118 0.265656
0.599066 0.086141 0.314793
0.672492 0.0736693 0.253839
0.70025 0.0111041 0.288646
0.634032 0.0182711 0.347696
0.619847 0.0600718 0.320082
0.645318 9.9991E-05 0.354582
0.730942 0.0494069 0.219652
0.6288 9.9991E-05 0.3711
0.577114 0.0401849 0.382701
0.709088 9.9991E-05 0.290812
0.684989 0.0155662 0.299445
0.650349 0.0779071 0.271743
0.611202 9.9991E-05 0.388698
0.422549 0.0566292 0.520822
0.519541 0.111629 0.36883
0.565954 9.9991E-05 0.433946
0.59046 0.0292963 0.380244
0.548538 0.0158457 0.435616
0.618777 0.0283282 0.352895
0.632085 0.0584681 0.309447
0.481683 0.0805668 0.43775
0.568943 0.0499448 0.381112
0.624744 0.0941798 0.281076
0.546969 0.0401577 0.412874
0.646839 0.102439 0.250722
0.605152 9.9991E-05 0.394748
0.589807 0.0451731 0.36502
0.60495 0.0671967 0.327853
0.573922 0.0521823 0.373896
0.586055 0.0724687 0.341476
0.643272 0.0437604 0.312968
0.550919 0.0518213 0.39726
0.468443 0.149984 0.381572
0.566795 0.0283082 0.404897
0.603705 0.0736916 0.322604
0.589421 0.0822632 0.328316
0.200561 0.0380828 0.761356
9.9991E-05 0.0949959 0.904904
0.10879 0.0863738 0.804837
0.0469986 0.0473845 0.905617
0.0240413 0.00488269 0.971076
0.0668047 0.0353912 0.897804
9.9991E-05 0.0578528 0.942047
0.0302082 0.0312873 0.938504
0.103563 0.174205 0.722231
0.13043 0.0750717 0.794499
0.0027503 0.0663324 0.930917
0.0336967 9.9991E-05 0.966203
0.0288875 0.0830665 0.888046
9.9991E-05 0.0653894 0.934511
0.00526978 0.0151314 0.979599
0.012426 0.0376045 0.94997
0.180709 0.00132347 0.817968
0.262734 0.0333346 0.703932
0.123633 0.115387 0.76098
0.225833 0.116425 0.657743
9.9991E-05 0.0378177 0.962082
0.193267 0.0800485 0.726684
0.050884 9.9991E-05 0.949016
0.136023 0.0713746 0.792603
0.0531649 0.0639134 0.882922
9.9991E-05 0.129356 0.870544
0.456355 0.051167 0.492478
0.750928 0.0499358 0.199136
0.325139 0.0629788 0.611882
0.0927125 0.0487835 0.858504
0.21054 0.0408418 0.748618
0.119773 0.0618005 0.818427
9.9991E-05 0.0464601 0.95344
0.0471398 0.0841059 0.868754
0.0791394 9.9991E-05 0.920761
0.206562 0.121802 0.671636
0.17382 0.11938 0.706801
0.16157 0.0852598 0.75317
0.139229 0.140415 0.720356
0.243371 0.118301 0.638327
0.0378838 0.0936002 0.868516
0.0423344 0.0474355 0.91023
0.0561794 0.020283 0.923538
0.0841177 0.0551367 0.860746
0.174356 0.0398874 0.785757
0.0417979 0.0207879 0.937414
9.9991E-05 0.027529 0.972371
0.126069 0.117221 0.75671
0.035214 0.0506374 0.914149
0.096608 0.0602159 0.843176
0.0813981 0.0539341 0.864668
0.0722643 0.0905723 0.837163
0.112442 0.0890885 0.798469
0.0317472 0.016934 0.951319
9.9991E-05 0.0192392 0.980661
0.0346556 9.9991E-05 0.965244
0.0562263 0.0735388 0.870235
0.1424 0.0737237 0.783876
0.0597707 0.104739 0.835491
0.0407368 0.0737164 0.885547
0.0599636 0.069549 0.870487
0.0210046 0.0961783 0.882817
0.158747 0.0926704 0.748582
0.226181 0.0506337 0.723185
0.334015 9.9991E-05 0.665885
0.270376 9.9991E-05 0.729524
0.27826 0.0601302 0.66161
0.360888 0.0176552 0.621456
0.372096 0.0569463 0.570958
0.347077 0.0892701 0.563653
0.265152 0.108387 0.626461
0.330024 0.0538511 0.616125
0.344281 9.9991E-05 0.655619
0.312183 0.0330562 0.65476
0.959194 0.00728373 0.0335222
0.934931 0.0245899 0.0404787
0.89283 0.068259 0.0389105
0.930419 0.0694811 9.9991E-05
0.912546 0.0665188 0.0209356
0.881993 0.0353194 0.0826876
0.996307 0.00359255 9.9991E-05
0.94058 9.9991E-05 0.0593202
0.695906 0.0820472 0.222046
0.987125 0.0127753 9.9991E-05
0.920316 0.0795845 9.9991E-05
0.933266 0.0666343 9.9991E-05
0.848372 0.0204625 0.131166
0.739959 0.0169841 0.243057
0.790859 0.128613 0.0805287
0.868347 0.12031 0.0113428
0.930658 0.0354084 0.0339333
0.877107 0.0732212 0.0496716
0.954604 0.0452963 9.9991E-05
0.863844 0.0835256 0.0526301
0.803817 0.108082 0.0881008
0.911771 0.0313943 0.056835
0.909612 0.0741037 0.0162844
0.878592 0.0500683 0.0713394
0.857627 0.0895249 0.0528481
0.889888 0.0717792 0.0383333
0.900011 0.0626538 0.0373355
0.797389 0.1046 0.0980112
0.842781 0.0855587 0.0716605
0.927607 0.0121239 0.0602691
0.960816 9.9991E-05 0.0390838
0.864525 0.0798142 0.0556606
0.92266 0.0206227 0.0567172
0.960906 9.9991E-05 0.0389937
0.910931 0.0790093 0.0100596
0.672272 0.0536284 0.2741
0.623707 0.129208 0.247085
0.569038 0.163006 0.267956
0.591411 0.145758 0.262831
0.616154 0.121566 0.26228
0.675161 0.0256616 0.299177
0.688494 0.0481919 0.263314
0.631639 0.173387 0.194974
