9.999E-05 9.999E-05 0.9998
0.0998207 0.125125 0.775054
0.0936887 0.0326174 0.873694
0.145968 9.9991E-05 0.853932
0.0938888 0.0377248 0.868386
0.0272175 0.027376 0.945406
0.0302029 9.9991E-05 0.969697
0.11721 0.0257592 0.857031
0.109795 9.9991E-05 0.890105
0.0953002 0.0130834 0.891616
0.101179 0.0697348 0.829086
0.15142 9.9991E-05 0.84848
0.0768686 0.120014 0.803117
0.202327 0.045456 0.752217
0.101544 0.0190057 0.879451
0.084896 9.9991E-05 0.915004
9.9991E-05 0.0105029 0.989397
9.999E-05 9.999E-05 0.9998
9.999E-05 9.999E-05 0.9998
9.9991E-05 0.0310491 0.968851
0.768432 0.168951 0.0626173
0.643381 0.279418 0.077201
0.693614 0.218813 0.0875734
0.73816 0.234974 0.0268657
0.732502 0.222174 0.0453235
0.715318 0.232712 0.0519707
0.716891 0.27144 0.0116681
0.773764 0.155255 0.0709817
0.677625 0.291902 0.0304725
0.667284 0.332616 9.9991E-05
0.778945 0.220955 9.9991E-05
0.741625 0.220549 0.0378254
0.7263 0.199083 0.0746167
0.697007 0.302893 9.9991E-05
0.53021 0.425791 0.0439988
0.57558 0.379434 0.0449858
0.619044 0.380856 9.9991E-05
0.606938 0.392958 0.00010332
0.541582 0.458318 9.9991E-05
0.552808 0.407398 0.0397943
0.583332 0.357221 0.059447
0.526402 0.408246 0.0653517
0.57887 0.411439 0.00969046
0.664121 0.232634 0.103244
0.607066 0.360035 0.0328989
0.652255 0.265035 0.0827101
0.487696 0.512204 9.9991E-05
0.571114 0.374858 0.0540281
0.54702 0.425363 0.0276162
0.573464 0.36105 0.0654861
0.583433 0.404294 0.0122724
0.62326 0.352985 0.0237551
0.488139 0.459957 0.0519032
0.509881 0.353011 0.137108
0.536522 0.414548 0.04893
0.57866 0.334193 0.0871466
0.609507 0.285275 0.105218
0.172546 0.73029 0.0971635
0.0271451 0.881348 0.0915072
0.130516 0.824339 0.0451448
0.0363419 0.916855 0.0468031
0.0551761 0.944724 9.9991E-05
0.0994223 0.86914 0.0314374
9.9991E-05 0.990298 0.0096022
0.0332541 0.966646 9.9991E-05
0.108396 0.733489 0.158116
0.145589 0.741668 0.112743
0.0607638 0.880269 0.0589669
0.0274424 0.959122 0.0134354
0.0450393 0.884891 0.0700701
0.00781599 0.930274 0.0619098
0.0496687 0.924557 0.0257741
0.0782436 0.888079 0.0336773
0.211059 0.750151 0.0387906
0.279117 0.720783 9.9991E-05
0.119338 0.772677 0.107986
0.202498 0.683456 0.114046
9.999E-05 0.9998 9.999E-05
0.18524 0.701446 0.113313
0.0849253 0.914975 9.9991E-05
0.154762 0.77531 0.0699276
0.0687981 0.831686 0.0995156
9.9991E-05 0.86913 0.13077
0.38235 0.567446 0.0502039
0.739008 0.2043 0.0566922
0.316053 0.595613 0.0883339
0.0967026 0.859131 0.0441666
0.202875 0.718504 0.0786213
0.130955 0.839985 0.0290606
9.9991E-05 0.978177 0.0217235
0.0603792 0.85492 0.084701
0.0659175 0.933982 9.9991E-05
0.18461 0.723941 0.0914484
0.221948 0.662789 0.115262
0.161589 0.813271 0.0251405
0.175698 0.705677 0.118625
0.18644 0.75382 0.0597397
0.0212282 0.889747 0.089025
0.0523014 0.901776 0.0459223
0.0285616 0.905329 0.0661098
0.124563 0.802581 0.0728561
0.0779895 0.863961 0.0580499
0.0508217 0.902035 0.0471436
9.9991E-05 0.986106 0.013794
0.122257 0.764872 0.112871
0.00914438 0.917558 0.0732978
0.0975374 0.806453 0.0960093
0.113411 0.854472 0.0321174
0.0907832 0.83494 0.0742771
0.0939857 0.822926 0.0830886
9.9991E-05 0.935366 0.0645342
9.999E-05 0.9998 9.999E-05
9.9991E-05 0.977727 0.022173
0.0592687 0.858104 0.0826271
0.139885 0.794982 0.0651325
0.111833 0.777806 0.110361
0.015653 0.898925 0.0854219
0.0228578 0.918006 0.0591363
0.0101671 0.894272 0.0955607
0.136273 0.718401 0.145326
0.310568 0.675128 0.0143043
0.352472 0.647428 9.9991E-05
0.291231 0.684677 0.0240917
0.315831 0.650704 0.0334651
0.33561 0.61848 0.0459102
0.464336 0.519573 0.0160915
0.415083 0.561491 0.0234264
0.279549 0.607375 0.113076
0.409544 0.566673 0.0237834
0.302274 0.696759 0.000967168
0.34268 0.646655 0.0106648
0.939042 0.0139854 0.0469722
0.945849 0.037142 0.017009
0.874666 0.0476915 0.0776424
0.941025 9.9991E-05 0.0588748
0.88536 0.0229814 0.0916584
0.880232 0.049355 0.0704128
0.9998 9.999E-05 9.999E-05
0.935497 0.0644027 9.9991E-05
0.714483 0.215405 0.0701121
0.950737 0.0179095 0.0313533
0.929814 9.9991E-05 0.0700862
0.968451 9.9991E-05 0.0314495
0.832054 0.125936 0.0420101
0.721733 0.261615 0.0166518
0.822727 0.101622 0.0756515
0.785973 0.0711279 0.142899
0.930355 9.9991E-05 0.069545
0.879639 0.0459294 0.0744317
0.931389 9.9991E-05 0.0685109
0.934064 0.0234124 0.0425239
0.865371 0.0241372 0.110491
0.898599 0.0592043 0.0421971
0.893427 0.0424648 0.0641079
0.894995 0.0174002 0.0876047
0.811473 0.0903571 0.0981704
0.868398 0.0640701 0.0675324
0.890712 0.0872552 0.0220333
0.743987 0.177301 0.0787116
0.871451 0.0749836 0.0535652
0.958264 0.0215209 0.0202155
0.940299 0.0596012 9.9991E-05
0.872733 0.059886 0.0673811
0.935482 0.0644178 9.9991E-05
0.907141 0.0927594 9.9991E-05
0.927978 0.0161261 0.0558956
0.66363 0.276465 0.0599055
0.618681 0.311178 0.0701406
0.598854 0.289455 0.111691
0.591194 0.301584 0.107223
0.572725 0.299011 0.128264
0.697056 0.28659 0.0163541
0.679389 0.257675 0.0629361
0.601343 0.219375 0.179282
