0.99693 0.0029697 9.9991E-05
0.758998 0.102877 0.138126
0.868609 0.0978985 0.0334928
0.848997 0.150903 9.9991E-05
0.875097 0.0784135 0.0464893
0.916992 0.0829083 9.9991E-05
0.938559 0.0613406 9.9991E-05
0.876968 0.122932 9.9991E-05
0.85124 0.14866 9.9991E-05
0.866504 0.105687 0.0278085
0.885968 0.0704178 0.0436141
0.82876 0.0476577 0.123583
0.821028 0.0739298 0.105042
0.749963 0.229782 0.020255
0.861657 0.0622284 0.0761142
0.919615 0.0802853 9.9991E-05
0.9998 9.999E-05 9.999E-05
0.9998 9.999E-05 9.999E-05
0.9998 9.999E-05 9.999E-05
0.987296 9.9991E-05 0.0126045
0.0611144 0.665308 0.273577
0.0564077 0.646999 0.296594
0.0809379 0.676702 0.24236
0.0176992 0.621553 0.360747
0.0516705 0.635619 0.31271
0.0310586 0.677064 0.291877
0.0145661 0.666075 0.319359
0.0820838 0.709078 0.208838
0.00973135 0.611079 0.37919
0.0152449 0.589999 0.394756
9.9991E-05 0.678034 0.321866
0.0161308 0.699325 0.284544
0.0610889 0.659948 0.278963
9.9991E-05 0.564007 0.435893
0.019366 0.505033 0.475601
0.119449 0.472043 0.408508
0.0190399 0.542526 0.438434
0.0289469 0.520273 0.45078
0.0194326 0.512299 0.468269
0.0435563 0.555939 0.400504
0.0319515 0.548597 0.419451
0.0874449 0.481993 0.430562
0.054539 0.532759 0.412702
0.0973974 0.647336 0.255267
0.00349484 0.573152 0.423353
0.11318 0.593523 0.293297
0.0467889 0.507774 0.445437
0.065608 0.550038 0.384354
0.0780399 0.561056 0.360904
0.0711477 0.553496 0.375356
0.0267938 0.555523 0.417684
0.0308243 0.604654 0.364522
0.0288127 0.518477 0.452711
0.156929 0.497958 0.345113
0.0600278 0.550751 0.389221
0.0328821 0.560325 0.406793
0.118363 0.564414 0.317223
0.0666064 0.207766 0.725628
0.16766 9.9991E-05 0.83224
0.0940657 0.0729984 0.832936
0.0770964 0.028982 0.893922
9.9991E-05 0.0676244 0.932276
0.0893322 0.0575584 0.853109
0.0629924 0.00541189 0.931596
0.0537968 0.0159032 0.9303
0.163794 0.0989347 0.737271
0.0841492 0.152295 0.763556
0.0714067 0.060019 0.868574
0.0465844 9.9991E-05 0.953316
0.116604 0.000793452 0.882603
0.0807787 9.9991E-05 0.919121
0.0294673 0.0543919 0.916141
0.0736237 0.0705362 0.85584
0.042996 0.200076 0.756928
0.0292876 0.21726 0.753452
0.0900573 0.189091 0.720852
0.159878 0.206915 0.633207
0.0316273 9.9991E-05 0.968273
0.0814188 0.136874 0.781708
9.9991E-05 0.120725 0.879175
0.109203 0.135207 0.755589
0.113367 0.0526315 0.834002
0.136812 9.9991E-05 0.863088
0.0665563 0.385072 0.548371
0.0304109 0.72987 0.239719
0.0749886 0.314732 0.610279
0.0737614 0.12314 0.803099
0.0695887 0.18148 0.748932
0.0554294 0.165282 0.779289
0.0631814 9.9991E-05 0.936719
0.0603025 0.0932526 0.846445
9.9991E-05 0.161887 0.838013
0.131408 0.169431 0.699161
0.0905109 0.187384 0.722105
0.100333 0.121163 0.778504
0.123853 0.154 0.722147
0.108603 0.202384 0.689014
0.131271 0.0194376 0.849291
0.0989085 0.052667 0.848424
0.0469381 0.074178 0.878884
0.111847 0.0891425 0.79901
0.0542823 0.173943 0.771774
0.0612976 0.0456302 0.893072
0.0491232 9.9991E-05 0.950777
0.0788469 0.120847 0.800306
0.0778252 0.0593122 0.862863
0.112838 0.0884815 0.79868
0.0276376 0.115941 0.856422
0.0763867 0.0700318 0.853581
0.107869 0.113129 0.779002
0.113281 9.9991E-05 0.886619
0.028109 9.9991E-05 0.971791
0.0795738 9.9991E-05 0.920326
0.0892252 0.0660392 0.844736
0.0891514 0.201095 0.709753
0.154298 0.0415418 0.80416
0.0929305 0.00932282 0.897747
0.110085 0.0200512 0.869863
0.1303 0.0129793 0.85672
0.157569 0.141029 0.701403
0.0639122 0.273029 0.663059
0.0253225 0.276569 0.698108
0.00597801 0.288218 0.705804
0.068362 0.275497 0.656141
0.038753 0.322485 0.638762
0.00838321 0.382516 0.609101
0.0683604 0.360913 0.570726
0.107242 0.272979 0.619779
0.0551232 0.386681 0.558196
0.0305627 0.271812 0.697625
0.0430167 0.299842 0.657141
0.0321695 0.879469 0.0883616
0.0250562 0.880341 0.0946032
0.0220257 0.894198 0.0837758
0.113753 0.886147 9.9991E-05
0.0575569 0.860223 0.0822205
0.0554842 0.828834 0.115682
0.0318199 0.923055 0.0451247
0.00288323 0.870869 0.126248
0.0613875 0.769937 0.168676
0.0476925 0.911958 0.0403495
0.0391352 0.933114 0.0277513
0.0613366 0.938563 9.9991E-05
0.0716031 0.803736 0.124661
0.00399052 0.765294 0.230715
0.0867337 0.799064 0.114202
0.156426 0.830733 0.0128411
0.0294435 0.914156 0.0564003
0.0893704 0.848456 0.0621735
0.0538145 0.946085 9.9991E-05
0.00277623 0.866291 0.130932
0.112708 0.753321 0.133971
9.9991E-05 0.835615 0.164285
0.00651944 0.880436 0.113045
0.0698169 0.8315 0.0986834
0.0715764 0.777709 0.150715
0.0615578 0.837478 0.100965
0.0100735 0.887697 0.10223
0.119837 0.740607 0.139557
0.0918827 0.82961 0.0785074
0.0208169 0.900858 0.0783247
9.9991E-05 0.961273 0.0386269
0.0344783 0.827163 0.138359
9.9991E-05 0.867819 0.132081
0.00472687 0.911743 0.0835298
0.0659441 0.933956 9.9991E-05
0.102286 0.600222 0.297492
0.0583614 0.657552 0.284086
0.14236 0.523823 0.333817
0.151316 0.511845 0.336838
0.130342 0.561954 0.307704
0.00709693 0.628378 0.364525
0.0381347 0.640599 0.321267
0.129239 0.577402 0.293359
