0.981202 0.018698 9.9991E-05
0.786129 0.114901 0.0989708
0.868808 9.9991E-05 0.131092
0.821756 0.0719732 0.10627
0.835129 0.0930633 0.0718079
0.902261 9.9991E-05 0.0976389
0.971721 9.9991E-05 0.0281786
0.842357 0.0141139 0.143529
0.863269 9.9991E-05 0.136631
0.858867 9.9991E-05 0.141033
0.782295 0.0933141 0.124391
0.800497 0.0835828 0.11592
0.821344 0.0976796 0.0809766
0.731441 0.0371356 0.231424
0.9095 0.0170199 0.07348
0.933087 9.9991E-05 0.0668132
0.9998 9.999E-05 9.999E-05
0.9998 9.999E-05 9.999E-05
0.9998 9.999E-05 9.999E-05
0.952017 0.0478832 9.9991E-05
0.102042 0.143687 0.754272
0.0612619 0.229008 0.70973
0.0463043 0.26694 0.686756
0.0189843 0.283974 0.697041
0.0383536 0.277492 0.684154
0.0452463 0.259382 0.695372
9.9991E-05 0.299783 0.700117
0.0730255 0.167866 0.759108
9.9991E-05 0.32631 0.67359
0.0451661 0.354499 0.600335
9.9991E-05 0.24783 0.75207
0.0382519 0.273214 0.688534
0.0501096 0.263724 0.686167
9.9991E-05 0.345427 0.654473
0.0675598 0.467901 0.46454
0.112879 0.344992 0.542129
0.0269421 0.367621 0.605437
9.9991E-05 0.403272 0.596628
0.00473216 0.465871 0.529397
0.0533212 0.348304 0.598374
0.0909378 0.328955 0.580107
0.0570262 0.405101 0.537873
0.0646929 0.386727 0.54858
0.0908146 0.262734 0.646451
0.041805 0.435034 0.523161
0.0682957 0.305562 0.626142
0.0208733 0.448492 0.530635
0.0297602 0.373455 0.596785
0.0823859 0.334105 0.58351
0.0617094 0.341902 0.596389
0.0431735 0.361143 0.595684
0.0353384 0.363075 0.601587
0.0510053 0.433534 0.515461
0.136873 0.396009 0.467118
0.0600014 0.398042 0.541957
0.053657 0.365358 0.580985
0.116388 0.344811 0.5388
0.0147231 0.764413 0.220864
0.157778 0.841249 0.00097311
0.0586492 0.861705 0.0796453
0.0306432 0.969257 9.9991E-05
9.9991E-05 0.992317 0.00758351
0.0499795 0.909072 0.0409489
0.0297027 0.924471 0.0458264
0.0601405 0.904262 0.0355972
0.113009 0.788542 0.0984496
0.11375 0.759936 0.126313
0.125074 0.87289 0.00203534
9.9991E-05 0.98826 0.0116404
0.0498744 0.898082 0.052044
0.0473589 0.952407 0.000234116
0.0178448 0.982055 9.9991E-05
0.0298903 0.907814 0.0622955
0.0132565 0.764663 0.22208
0.00794227 0.737739 0.254319
0.116556 0.716585 0.166859
0.119065 0.725716 0.155219
9.999E-05 0.9998 9.999E-05
0.082663 0.710601 0.206736
9.9991E-05 0.947412 0.0524879
0.0908179 0.748213 0.160969
0.0927782 0.843962 0.0632594
0.0983631 0.897844 0.00379314
0.0563424 0.568292 0.375365
0.0239374 0.220104 0.755959
0.0728702 0.631968 0.295162
0.0171153 0.839275 0.143609
0.0369251 0.713681 0.249394
0.0273868 0.840943 0.13167
0.0346717 0.965228 9.9991E-05
0.0140249 0.878123 0.107852
9.9991E-05 0.903463 0.0964371
0.12532 0.703184 0.171495
0.0867205 0.702678 0.210601
0.0641598 0.798813 0.137027
0.115692 0.744211 0.140098
0.102139 0.772348 0.125514
0.115608 0.869005 0.0153868
0.0412368 0.925651 0.0331121
0.067126 0.874835 0.0580393
0.0849468 0.79681 0.118244
0.0105251 0.862432 0.127043
0.0260546 0.906291 0.0676548
9.999E-05 0.9998 9.999E-05
0.0858066 0.844224 0.0699692
0.0491659 0.87426 0.0765742
0.0394346 0.875597 0.0849685
0.0611245 0.842944 0.0959313
0.0674875 0.896309 0.0362039
0.0635343 0.835904 0.100562
0.00675474 0.993145 9.9991E-05
9.999E-05 0.9998 9.999E-05
0.0139859 0.985914 9.9991E-05
0.0762222 0.871688 0.0520902
0.0813059 0.784354 0.13434
0.112255 0.825901 0.0618446
0.094956 0.904944 9.9991E-05
0.0452716 0.865084 0.0896445
0.0968656 0.84268 0.0604544
0.0755782 0.754553 0.169869
0.0304721 0.643093 0.326435
0.0170228 0.672781 0.310197
0.00656825 0.665795 0.327637
0.0331 0.641227 0.325673
0.0597846 0.619361 0.320855
0.0132269 0.586626 0.400148
0.0626861 0.548236 0.389078
0.109258 0.625765 0.264978
0.0308803 0.608661 0.360458
0.00775546 0.660577 0.331667
9.9991E-05 0.681996 0.317904
0.0116656 0.0420964 0.946238
0.0215777 9.9991E-05 0.978322
0.0297624 0.0567075 0.91353
0.0893535 9.9991E-05 0.910547
0.0743826 0.00176189 0.923856
0.0658346 0.0632497 0.870916
0.0211141 0.0109302 0.967956
0.0210847 0.0307186 0.948197
0.0672583 0.171482 0.761259
0.0405084 9.9991E-05 0.959392
0.0562284 9.9991E-05 0.943672
0.0891063 9.9991E-05 0.910794
0.0408318 0.0828215 0.876347
0.0577803 0.199309 0.74291
0.113063 0.0302027 0.856734
0.121445 0.062833 0.815722
9.9991E-05 0.0391195 0.960781
0.127999 0.0198229 0.852178
0.071861 9.9991E-05 0.928039
0.0729618 0.0179854 0.909053
0.0938147 0.0472563 0.858929
0.00125372 0.149684 0.849062
0.057423 0.0179954 0.924582
0.0724516 0.0448705 0.882678
0.0761351 0.10492 0.818945
0.0433724 0.0725858 0.884042
0.077722 0.0112445 0.911033
0.138574 0.0278303 0.833596
0.0618031 0.0859769 0.85222
0.0213635 9.9991E-05 0.978537
9.9991E-05 0.00272063 0.997179
0.0531842 0.0432489 0.903567
9.9991E-05 0.0496772 0.950223
9.9991E-05 0.073285 0.926615
0.062519 0.0108648 0.926616
0.102577 0.236279 0.661144
0.0972269 0.251477 0.651296
0.140766 0.303561 0.555672
0.0891338 0.302782 0.608085
0.117815 0.273781 0.608403
0.0134019 0.298183 0.688415
0.0438944 0.259475 0.696631
0.143745 0.229144 0.627111
