 1.0000000  0.0854380  0.1698870  0.0648720  0.0860110  0.0415100  0.3553880  0.0884500  0.0695200  0.1023130  0.0511180  0.1146760  0.0797710  0.0642510  0.0751580  0.1546370  0.1158880  0.1333910  0.1249890  0.1459370  0.0102970 -0.0731530 -0.0468140  0.0128290  0.0048470  0.0392180 -0.1201220  0.0257400  0.0146740  0.0085200 -0.0980770 -0.0356390  0.0111490 -0.0800220  0.0324630 -0.0063600  0.0068920  0.0546460 -0.0580740 -0.0336780 -0.0303110 -0.0126230  0.0133880  0.0177510 -0.0839340 -0.0653630 -0.0224930 -0.0267640  0.0914560 -0.0562350  0.0306630 -0.0766850 -0.0512360  0.0156850 -0.0270370  0.0340710  0.0352240 -0.0173710 -0.0600390  0.0086540 -0.0529300 -0.0480650 -0.0030030 -0.0685770 -0.0217350  0.0195510 -0.0479550  0.0086580 -0.0570160  0.0286960 -0.0486610 -0.0356010 -0.0605630  0.0096960  0.0378650 -0.0451820 -0.0058740 -0.0235190 -0.0323800 -0.0529090 -0.0243230 -0.0056640 -0.0342420 -0.0317570  0.0403240 -0.0008350 -0.0637680 -0.0836760 -0.1018560  0.0150170 -0.0353160 -0.0606800 -0.0340400  0.0261410 -0.0650450  0.0122940 -0.0307620 -0.0500570 -0.0258870 -0.0643210 -0.0112360 -0.0683180  0.0606720  0.0560460  0.0198550 -0.0124240 -0.0231930 -0.0161860  0.0244500  0.0000960 -0.0092560 -0.0112210  0.0182740 -0.0084840 -0.0075680 -0.0335130 -0.0383830 -0.0152960 -0.0237150  0.0146280 -0.0783900  0.0129930 -0.0539370 -0.0465040  0.0186100 -0.0378370 -0.0055320  0.0358040 -0.0378030 -0.0267890 -0.0481800 -0.0425480 -0.0564650  0.0060170  0.0325120 -0.0681730 -0.0029980 -0.0518290 -0.0602180 -0.0512650 -0.0697180  0.0077010 -0.0417660 -0.0194470 -0.0154190 -0.0537650  0.0083610 -0.0239020 -0.0106730 -0.0195940 -0.0317330 -0.0152540 -0.0161850 -0.0534270  0.0180900  0.0003800 -0.0412260 -0.0497780 -0.0216790  0.0248580  0.0075780 -0.0206060 -0.0501590 -0.0211570 -0.0543640  0.0198800 -0.0409170 -0.0251130 -0.0130250  0.0291050 -0.0190260 -0.0309990  0.0108470 -0.0690690
 0.0854380  1.0000000  0.1902660  0.0886240  0.0782660  0.1037100  0.1094180  0.1614000  0.0981060  0.0956750  0.0871300  0.0956280  0.0834220  0.0873370  0.1027410  0.1377490  0.1530610  0.1038500  0.0911910  0.1619530 -0.0117550  0.0026720  0.0543030  0.0118260 -0.0055880 -0.0231910 -0.0476520 -0.0026670 -0.0365620  0.0235840 -0.0240070 -0.0439280 -0.0321270 -0.0314690 -0.0308230  0.0164130 -0.0575240 -0.0216310  0.0418190 -0.0032910 -0.0011280 -0.0279440  0.0284500  0.0264740 -0.0198350 -0.0527420  0.0094830 -0.0993270  0.0031440 -0.0270840  0.0288470 -0.0331880  0.0169140  0.0484910 -0.0378350 -0.0136210 -0.0275470 -0.0020240 -0.0562330 -0.0763190 -0.0244620 -0.1314540  0.0353090 -0.0345130 -0.0344380  0.0414380  0.0225090  0.0040730 -0.0587130 -0.0419360 -0.0953660  0.0037860 -0.0380910  0.0389970  0.0265600 -0.0324640  0.0010150 -0.0533270  0.0106590 -0.0344290 -0.0257080  0.0115830 -0.0284500 -0.0173880 -0.0111020 -0.0234600 -0.0154190  0.0063030 -0.0742820 -0.0645960 -0.0516870 -0.0413060 -0.0328260 -0.0607530 -0.0079170 -0.0080040 -0.0408330  0.0903680 -0.0938640  0.0275680  0.0016560 -0.0118380 -0.0153720 -0.0340340 -0.0158770 -0.0223220 -0.0776310 -0.0204860 -0.0315020 -0.0298800 -0.0610980 -0.0960360  0.0229520 -0.0083560 -0.0748580 -0.0502130 -0.0339650 -0.0075350 -0.0516230 -0.0544820 -0.0550480 -0.0422930  0.0503650 -0.0091130 -0.0128590 -0.0495640  0.0004300 -0.0081520 -0.0075130 -0.0278360  0.0101120  0.0587720 -0.0411080 -0.0545510 -0.0126220 -0.0418970  0.0062570 -0.0242860 -0.0460680 -0.0526440  0.0314960 -0.0396360  0.0264110 -0.0438740 -0.0439290 -0.0073150  0.0094300 -0.0192360 -0.0323210 -0.0562420 -0.0574000 -0.0088900  0.0048450  0.0095610  0.0505290 -0.0545410 -0.0201920 -0.0290800 -0.0037550 -0.0112850 -0.1045120 -0.0246160 -0.0278460 -0.0630130 -0.0482830  0.0028310  0.0026400 -0.0420470  0.0329400 -0.0208730 -0.0263070 -0.0368230  0.0152660 -0.0018250
 0.1698870  0.1902660  1.0000000  0.1428770  0.0544140  0.0623800  0.1253240  0.1076690  0.1246570  0.1023420  0.0428810  0.0738980  0.1555820  0.0457730  0.0941280  0.1069830  0.0962130  0.1165710  0.0938310  0.1251930  0.0277160  0.0012180 -0.0088440 -0.0400850 -0.0174910  0.0319620  0.0266140 -0.0013400 -0.0296440 -0.0178730 -0.0092830 -0.0295390 -0.0180780 -0.0252740 -0.0152410  0.0570650  0.0188920 -0.0568250 -0.0212340 -0.0134400 -0.0553030  0.0261340 -0.0402650 -0.0253500 -0.0493170 -0.0085750 -0.0750320 -0.0114740 -0.0320510 -0.0073770 -0.0022580 -0.0666380 -0.0147310 -0.0402790 -0.0154750 -0.0633400 -0.0294930 -0.0014900 -0.0473790 -0.0161330 -0.0050730  0.0649080  0.0282950 -0.0647660 -0.0287600  0.0670800 -0.0402540 -0.0459080 -0.0497280  0.0065260 -0.0254350 -0.0456430  0.0130060 -0.0028560 -0.0386520 -0.0217430  0.0070710 -0.1060320 -0.0172110 -0.0215290 -0.0198610  0.0545320  0.0066650 -0.0387710  0.0032540 -0.0030440 -0.0966810  0.0000820 -0.1051160 -0.0087400 -0.0187320 -0.0539500 -0.0520260 -0.0036540 -0.0528270  0.0396130 -0.0434850 -0.0368150 -0.0463330 -0.0330410  0.0296820 -0.0112640 -0.0242770  0.0023440 -0.0298010 -0.0204580 -0.0538860 -0.0543480 -0.0327680 -0.0388860 -0.0078450 -0.0740400 -0.0247420  0.0232850  0.0138030 -0.0586500  0.0008590 -0.0456370 -0.0064630 -0.0319370 -0.0403030 -0.0581470 -0.0059910 -0.0157560 -0.0043290 -0.0091150 -0.0115600 -0.0331500  0.0131850  0.0109020 -0.0138550 -0.0021350 -0.0377600 -0.0400000 -0.0441520 -0.0154760 -0.0365530  0.0492080 -0.0278850  0.0091430 -0.0103550 -0.0523370 -0.0502120 -0.0698510 -0.0497800 -0.0673080  0.0125770 -0.1179790  0.0220150 -0.0132670 -0.0129180  0.0280440  0.0121400 -0.0271540 -0.0333650 -0.0491260 -0.0065400 -0.0361130 -0.0503310 -0.0162980 -0.0425570 -0.0085060 -0.0070170 -0.0329280 -0.0022470  0.0074070  0.0109810  0.0499810 -0.0138970  0.0257540 -0.0545800  0.0249650 -0.0076050 -0.0784830
 0.0648720  0.0886240  0.1428770  1.0000000  0.0274950  0.0754720  0.0422690  0.0930080  0.0633040  0.0701010  0.1108050  0.0897470  0.0231620  0.0444290  0.0912470  0.1068650  0.1268240  0.1435450  0.0874630  0.0997090  0.0155890  0.0062640 -0.0039830 -0.0060170 -0.1028950 -0.0557450 -0.0551950 -0.0067210  0.0170210  0.0146370 -0.0290800 -0.0000950 -0.0099690  0.0119080  0.0276700 -0.0120910 -0.0168040  0.0551720 -0.0060770 -0.0284050 -0.0274890  0.0226620  0.0233430 -0.0015940 -0.0240880 -0.0067590  0.0358970  0.0108360  0.0109680 -0.0338410 -0.0035840 -0.0503940  0.0040390  0.0150200  0.0366050  0.0240980 -0.0357400 -0.0538180 -0.0178400 -0.0118410 -0.0223870 -0.0641760  0.0222890 -0.0585090  0.0145800  0.0050210  0.0296670  0.0129840 -0.0220200 -0.0283170 -0.0466020 -0.0046760 -0.0530360 -0.0719910  0.0287140 -0.0820730 -0.0076290 -0.0224930 -0.0339280 -0.0307840 -0.0374570 -0.0472120  0.0236270  0.0295530  0.0122910 -0.0349150 -0.0349710 -0.0327110 -0.0299040 -0.0168580  0.0416870 -0.0681610 -0.0422920 -0.0038180 -0.0438810 -0.0034070  0.0269550 -0.0354880 -0.0678830  0.0093100 -0.0310600 -0.0314280 -0.0182990  0.0196190 -0.0110870 -0.0409350 -0.0454240 -0.0343050 -0.0271600  0.0032520 -0.0034060 -0.0352260 -0.0674050 -0.0033890 -0.0700490 -0.0463030 -0.0197060 -0.0399510 -0.0269470 -0.0033920 -0.0541390  0.0022600 -0.0001500 -0.0115860 -0.0090370 -0.0372900  0.0123230 -0.0367100 -0.0042070 -0.0080190  0.0387470 -0.0420400 -0.0101410 -0.0387360 -0.0042120 -0.0711720  0.0113520 -0.0585030 -0.0608680  0.0042700 -0.0225710 -0.0193860 -0.0801750 -0.0564030 -0.0410980 -0.0450600 -0.0121260  0.0157810 -0.0780820 -0.0374890 -0.0211850 -0.0084790 -0.0025610 -0.0520760  0.0525970 -0.0203840 -0.0626060 -0.0161900  0.0266190 -0.0443490 -0.0648280  0.0163650 -0.0059220 -0.0267720  0.0226230 -0.0392060 -0.0000480  0.0166030  0.0234220  0.0043350 -0.0065960 -0.0367180  0.0395290  0.0430600
 0.0860110  0.0782660  0.0544140  0.0274950  1.0000000  0.0412740  0.0898450  0.0376610  0.0791810  0.1193300  0.0582500  0.1014540  0.1175490  0.0856780  0.1118010  0.0815040  0.0954920  0.1423910  0.1046070  0.1027340 -0.0290870 -0.0068410 -0.0163830 -0.0130220 -0.0294480 -0.0328570 -0.0588240 -0.0369650 -0.0015760 -0.0678690 -0.0026700 -0.0506640 -0.0163910  0.0288870 -0.0202990 -0.0202500 -0.0033540  0.0003890 -0.0122820 -0.0393790 -0.0015460  0.0356610 -0.0327630  0.0180540  0.0284870 -0.0190630 -0.0234970 -0.0292950 -0.0458970 -0.0541660 -0.0701950 -0.0517810 -0.0172100  0.0049040  0.0070770  0.0030380 -0.0148230  0.0082930  0.0609920  0.0655270  0.0161150 -0.0358370  0.0009100 -0.0886820  0.0407610  0.0259080 -0.0349870 -0.0136870 -0.0176170 -0.0196340 -0.0255820 -0.0413610 -0.0136620 -0.0338610  0.0351150 -0.0137370 -0.0084230 -0.0649610 -0.0158070 -0.0074100  0.0305680 -0.0207550  0.0070480 -0.0340210 -0.0332320 -0.0429670 -0.0175370  0.0513760  0.0252560  0.0296910 -0.0510400 -0.0123660 -0.0186000 -0.0086000 -0.0516730 -0.0091270  0.0173370 -0.0439240 -0.0130870 -0.0207370 -0.0341010  0.0598300  0.0200790  0.0003610 -0.0470390  0.0244720 -0.0397140 -0.0218120  0.0134470 -0.0216560 -0.0681380 -0.0001730 -0.0260940 -0.0017470 -0.0346450 -0.0444900  0.0013560 -0.0164680  0.0193930  0.0113510  0.0153890 -0.0889600 -0.0317820 -0.0166160 -0.0297370  0.0557740  0.0065840 -0.0072110 -0.0481260 -0.0374250 -0.0570430  0.0368870 -0.0317660 -0.0281580  0.0213230 -0.0854720  0.0052750 -0.0357530  0.0275360 -0.0054560 -0.1112490  0.0307860 -0.0738590 -0.0302610 -0.0125550 -0.0132500 -0.0358390 -0.0628520 -0.0439040  0.0074910 -0.0144480 -0.0169700 -0.0136300 -0.0000210  0.0187270 -0.0145630 -0.0256230  0.0106400 -0.0276000 -0.0581800 -0.0265470 -0.0802370 -0.0470070  0.0048080 -0.0112100 -0.0049680 -0.0844520 -0.0333340  0.0119890  0.0047140 -0.0499780 -0.0510740 -0.0252760 -0.0178240
 0.0415100  0.1037100  0.0623800  0.0754720  0.0412740  1.0000000  0.0916250  0.0977100  0.0954740  0.1297180  0.1012770  0.0915350  0.1321890  0.0788410  0.1260470  0.1060140  0.1366450  0.0416760  0.1201460  0.0794570  0.0135860 -0.0828550 -0.0415800 -0.0596290 -0.0432220 -0.0178920 -0.0136810 -0.0405520 -0.0228610 -0.0925670  0.0061330 -0.0721340  0.0062050 -0.0995930 -0.0721620 -0.0222040 -0.0238060 -0.0178870  0.0034420 -0.0058830 -0.0104420 -0.0099960  0.0464880 -0.0016750  0.0460820  0.0297620  0.0337830 -0.0062450  0.0687180  0.0227500 -0.0177890 -0.0157180 -0.0362500 -0.0521120  0.0262640 -0.0311990 -0.0622960 -0.0154250  0.0093260 -0.0601700 -0.0185430 -0.0636130 -0.0047120 -0.0475270 -0.0199640  0.0014340 -0.0978050 -0.0593410 -0.0724790 -0.0111960 -0.0685310 -0.0153230 -0.0651420 -0.0792360 -0.0389460 -0.0300590 -0.0249930  0.0083430 -0.0577580 -0.0564880 -0.0356830  0.0185140  0.0480770  0.0098920 -0.0100710 -0.0342320  0.0012460 -0.0896880  0.0358880  0.0522640 -0.0099920 -0.0515610  0.0253940 -0.0900790  0.0391900  0.0395590 -0.0355290 -0.0582660 -0.0097480  0.0261340  0.0331880  0.0005220  0.0060980 -0.0057650 -0.0422930 -0.0002310  0.0019000 -0.0492880 -0.0137590  0.0305530 -0.0225260 -0.0349540  0.0390110 -0.0210100 -0.0194400 -0.0061370 -0.0103370 -0.0945450 -0.0361520 -0.0245590  0.0024600 -0.0498430 -0.0513470  0.0127010 -0.0674120 -0.0350600  0.0015650 -0.0057750 -0.0551650 -0.0164070 -0.0540690 -0.0260380 -0.0224730  0.0276930 -0.0227490 -0.0497970 -0.0252140 -0.0477300 -0.0020840 -0.0059350 -0.0343710 -0.0255270  0.0311400 -0.0586280  0.0127420  0.0016240 -0.0351520 -0.0028540  0.0147970  0.0182470 -0.0853610 -0.0185080 -0.0289140  0.0670890 -0.0129110 -0.0574310  0.0174640 -0.0238940 -0.0072590 -0.0041410 -0.0032100 -0.0022440 -0.0285770  0.0114500  0.0334690  0.0261430 -0.0553740  0.0091190  0.0021950 -0.0194710  0.0000110  0.0194300 -0.0099810 -0.0350810
 0.3553880  0.1094180  0.1253240  0.0422690  0.0898450  0.0916250  1.0000000  0.0310660  0.1140520  0.1114080  0.1064890  0.0957140  0.1246190  0.0707070  0.1399310  0.1013610  0.1293530  0.1645300  0.0684980  0.0878640  0.0117840 -0.0673690 -0.0348330 -0.0443370 -0.0029170  0.0119050 -0.0668960 -0.0406620 -0.0416410  0.0037080 -0.0491710 -0.0373960  0.0308060 -0.0548890  0.0132730  0.0091450 -0.0316710 -0.0232500 -0.0589030 -0.0383910 -0.0004150 -0.0290040 -0.0253260 -0.0129040 -0.0058330 -0.0119420 -0.0090190  0.0019090 -0.0185910 -0.0477030  0.0244340 -0.0492670 -0.0170580  0.0438770 -0.0492610  0.0125110 -0.0158950 -0.0373480 -0.0328790 -0.0261670 -0.0236970 -0.0019600  0.0194140  0.0263740 -0.0093740  0.0227900 -0.0188250 -0.0276610 -0.0221490  0.0046200  0.0022320 -0.0192470 -0.0216260 -0.0568620  0.0138890 -0.0277090 -0.0498790 -0.0027970 -0.0583620 -0.0120060 -0.0187280  0.0046420  0.0236180 -0.0054090 -0.0503200  0.0171710  0.0068380 -0.0297650  0.0148760 -0.0238740 -0.0040770 -0.0015290 -0.0034320 -0.0321110 -0.0405390 -0.0297080 -0.0091960  0.0051700 -0.0156440 -0.0281080 -0.0135770 -0.0114690 -0.0030350 -0.0573840  0.0256600 -0.0560410 -0.0122540 -0.0421430  0.0087740 -0.0149310 -0.0545360 -0.0552050 -0.0035200 -0.0247980  0.0036550 -0.0719810 -0.0106670  0.0047540 -0.0567520  0.0062280 -0.0369260 -0.0453860 -0.0381840 -0.0030360 -0.0267710 -0.0739390 -0.0119330 -0.0247600 -0.0702530  0.0056540 -0.0339880 -0.0200910 -0.0282840  0.0004520  0.0147980 -0.0153660 -0.0160190 -0.0463800 -0.0235400 -0.0539930 -0.0396630 -0.0014610 -0.0221400 -0.0076480 -0.0315710 -0.0423690 -0.0309370 -0.0470830 -0.0553660 -0.0054250 -0.0269120 -0.0029380 -0.0160500 -0.0793430  0.0398480 -0.0422730 -0.0375440 -0.0684660 -0.0154280 -0.0245600  0.0130720  0.0004530 -0.0410720 -0.0706160 -0.0298630 -0.0272460 -0.0062530 -0.0403690  0.0260190  0.0167050 -0.0162910 -0.0211140  0.0469230 -0.0406890
 0.0884500  0.1614000  0.1076690  0.0930080  0.0376610  0.0977100  0.0310660  1.0000000  0.0766840  0.1427420  0.0848930  0.0547080  0.1137940  0.0562160  0.0783580  0.1281750  0.1468610  0.0744320  0.0742370  0.1475450 -0.0591640 -0.0285320 -0.0279940  0.0500310 -0.0319330 -0.0396580 -0.0388760 -0.0309180 -0.0395910 -0.1004890  0.0023170 -0.0688510  0.0413670 -0.1066410 -0.0179670 -0.0560230 -0.0385220 -0.0469690 -0.0745530 -0.0235330  0.0149050 -0.0107900  0.0164320 -0.0206380 -0.0324060 -0.0236000 -0.0241200 -0.0328130  0.0342450  0.0207200  0.0009280  0.0088530 -0.0293770  0.0408530 -0.0282930 -0.0380730 -0.0223780  0.0335270 -0.0695100 -0.0107200 -0.0126790 -0.0239850  0.0333450 -0.0243280 -0.0181590  0.0061670 -0.0346260  0.0313680 -0.0475270  0.0155220 -0.0879890  0.0377540  0.0053200 -0.0167170 -0.0192390 -0.0364770  0.0319840 -0.0094120 -0.0319370  0.0095890 -0.0437790  0.0293150  0.0197590 -0.0231880 -0.0143650  0.0236010 -0.0394900 -0.0121420 -0.0078770 -0.0470600 -0.0345520 -0.0361650 -0.0233120 -0.0506770  0.0196870  0.0188040 -0.0641250 -0.0264500 -0.0685670 -0.0044330  0.0255260 -0.0003630  0.0166530  0.0078430 -0.0421160  0.0538130 -0.0685270 -0.0732990 -0.0437920 -0.0429860 -0.0385810 -0.0241570 -0.0011180  0.0659310 -0.0392840 -0.0133560 -0.0126040 -0.0473680 -0.0279370 -0.0112580 -0.0814970  0.0427220 -0.1054450 -0.0041480 -0.0136340 -0.0079000 -0.0331950 -0.0027540 -0.0086350  0.0150400 -0.0121650  0.0300090 -0.0005750 -0.0489000 -0.0409620 -0.0664520 -0.0071680 -0.0653070 -0.0684510 -0.0457920  0.0064890 -0.0109060 -0.0205190 -0.0189460 -0.0234360  0.0430660  0.0232140 -0.0199570 -0.0153610 -0.0013090 -0.0487660 -0.0184040 -0.0752970 -0.0482660  0.0310610 -0.0117730  0.0431390 -0.0574910 -0.0387420 -0.0397510 -0.0123950 -0.0426760 -0.0276150 -0.0162350 -0.0348260 -0.0097620 -0.0095390  0.0316100  0.0329920  0.0096110 -0.0290010 -0.0272390 -0.0487060  0.0438300
 0.0695200  0.0981060  0.1246570  0.0633040  0.0791810  0.0954740  0.1140520  0.0766840  1.0000000  0.0944480  0.0640850  0.1274650  0.0553050  0.0697240  0.0924370  0.0755860  0.1093950  0.1410540  0.0712530  0.0595130 -0.0245610  0.0001710 -0.0187500 -0.0381500 -0.0372360 -0.0976020  0.0020960 -0.0472970 -0.0569650 -0.0225170 -0.0023640 -0.0126310  0.0308630 -0.0253230 -0.0006970  0.0271150 -0.0075910 -0.0012360 -0.0409230 -0.0133770  0.0059100  0.0167270 -0.0008420 -0.0642570 -0.0797930  0.0171190 -0.0838520  0.0120460  0.0289750  0.0473880  0.0039240 -0.1064120 -0.0085470  0.0438650 -0.0418890 -0.0533400 -0.0417890  0.0601780 -0.0134350  0.0247320  0.0417760 -0.0042030 -0.0164010 -0.0429140 -0.0559000  0.0464670 -0.0399840  0.0478210 -0.0561170 -0.0381230  0.0044800 -0.0440710 -0.0138390 -0.0994290 -0.0294720 -0.0287720 -0.0188400 -0.0283530 -0.0282140 -0.0646520  0.0436230  0.0309170  0.0160940  0.0187850 -0.0003520  0.0240040 -0.0099590 -0.0523460  0.0148560 -0.0543040 -0.0337850 -0.0278990  0.0210670 -0.0183910 -0.0245160  0.0061630  0.0022950 -0.0459530 -0.0436780  0.0028140 -0.0444200 -0.0540350 -0.0534450 -0.0650100 -0.0226230 -0.0223010 -0.0198210 -0.0226790  0.0071910  0.0032320  0.0124110 -0.0573270  0.0272860 -0.0322530 -0.0125150 -0.0910790 -0.0156340 -0.0249240 -0.0223030  0.0232190 -0.0006210  0.0113320  0.0008120  0.0240000 -0.0010380 -0.0462220 -0.0724620 -0.0174930  0.0411080 -0.0241820 -0.0096090  0.0015870 -0.0495450  0.0328760 -0.0611330 -0.0121350  0.0122080 -0.0650210 -0.0514810 -0.0388910 -0.0067360 -0.0259970  0.0285480 -0.0341430 -0.0082750 -0.0281390  0.0043140  0.0107640 -0.0070810 -0.0685480 -0.0896750  0.0183680  0.0540660 -0.0519290 -0.0092260 -0.0361970 -0.0283390 -0.0506110  0.0108940 -0.0524340 -0.0184030 -0.0222850 -0.0044440 -0.0514920 -0.0138390 -0.0347320 -0.0113560 -0.0025150 -0.0056490  0.0345860 -0.0171950 -0.0027810  0.0039750 -0.0008580
 0.1023130  0.0956750  0.1023420  0.0701010  0.1193300  0.1297180  0.1114080  0.1427420  0.0944480  1.0000000  0.1267230  0.0714450  0.1418220  0.0755770  0.1270870  0.1070370  0.1748410  0.1570730  0.0753330  0.1594200 -0.0589550  0.0106590 -0.0129490 -0.0180320 -0.0077230 -0.0175140 -0.0783130 -0.0474530 -0.0200880 -0.0636730 -0.0081220 -0.0516500 -0.0350380  0.0524410  0.0348730  0.0171760 -0.0255670 -0.0046680 -0.0504770 -0.0570480 -0.0316600 -0.0147210 -0.0841050  0.0036520 -0.0489920  0.0487480 -0.0732210 -0.0283580 -0.0248270 -0.0229460 -0.0152950 -0.0765380  0.0063590  0.0319910  0.0233300 -0.0412560  0.0035620  0.0044130  0.0144710  0.0263090 -0.0332050 -0.0622630 -0.0364860 -0.0596420 -0.0226960  0.0190220 -0.0181160 -0.0463510 -0.0171230  0.0067180 -0.0457820 -0.0366470 -0.0254340  0.0136140 -0.0090710 -0.0032730 -0.0424200 -0.0355020 -0.0631410 -0.0181000 -0.0445460  0.0140430  0.0018790 -0.0312270  0.0397940 -0.0087650 -0.0593310 -0.0519540 -0.0108510 -0.0221120 -0.0355130 -0.0504220 -0.0370200 -0.0517590 -0.0222190  0.0354620 -0.0328630 -0.0205010 -0.0216900 -0.0438870  0.0024010 -0.0243510 -0.0195500 -0.0467350  0.0311710 -0.0016630 -0.0485740 -0.0763240  0.0130370  0.0430310 -0.0743630 -0.0798140 -0.0378080 -0.0909140 -0.0126280 -0.0589760 -0.0051650 -0.0101560 -0.0291420 -0.0255590 -0.0247960 -0.0962990 -0.0152800 -0.0651730 -0.0525070  0.0306900 -0.0015630 -0.0268900 -0.0053640 -0.0353320 -0.0407700  0.0265450 -0.0496480 -0.0108920 -0.0439480 -0.0860010 -0.0238900  0.0262230  0.0211590 -0.0658280 -0.0242150 -0.0415350  0.0152630 -0.0896780  0.0137900  0.0229210  0.0597270 -0.0133420 -0.0099200 -0.0822070  0.0203050  0.0054960  0.0042520  0.0297390  0.0316530 -0.0104420 -0.0058380 -0.0098470 -0.0174720 -0.0052840 -0.0899900  0.0238130 -0.0042230 -0.0701020  0.0170030  0.0555580 -0.0453880 -0.0273710  0.0282050  0.0172710  0.0050170  0.0193820 -0.0700410 -0.0588610
 0.0511180  0.0871300  0.0428810  0.1108050  0.0582500  0.1012770  0.1064890  0.0848930  0.0640850  0.1267230  1.0000000  0.0723950  0.0871140  0.0804710  0.1021930  0.1176680  0.0957170  0.1523930  0.1605940  0.1436570 -0.0108980 -0.0473550  0.0431510 -0.0611030 -0.1470290 -0.1084610 -0.0679590  0.0102540  0.0077720 -0.0584600 -0.0115050  0.0082620  0.0194760 -0.0158290 -0.0577590 -0.0385000 -0.0391380  0.0066050  0.0438970 -0.0124950 -0.0230770 -0.0540830  0.0128480 -0.0724900 -0.0365880  0.0060870 -0.0366050  0.0186630 -0.0051140  0.0609050  0.0263240  0.0174890 -0.0016800 -0.0467620 -0.0237460 -0.0173470 -0.0584580 -0.0530790 -0.0436660  0.0110030  0.0226590 -0.0061430 -0.0159340 -0.0452060 -0.0725880  0.0373640 -0.0014660 -0.0072780 -0.0482670 -0.1136790 -0.0295320 -0.0377960  0.0011410  0.0034270 -0.0505200 -0.0747450  0.0015730 -0.0337170 -0.0327230  0.0274600 -0.0296190  0.0248590 -0.0393670  0.0325530  0.0245450  0.0017320 -0.0217780 -0.0057520 -0.0114010  0.0270840  0.0293800 -0.0307500 -0.0002210 -0.0062480 -0.0056970 -0.0130960 -0.0763740 -0.0257390  0.0070640 -0.0062490 -0.0263160  0.0099040  0.0225200 -0.0253150 -0.0155920  0.0229970 -0.0131520 -0.0278050  0.0202670  0.0093470 -0.0165490 -0.0370380 -0.0251360 -0.0568410 -0.0283710 -0.0196440 -0.0523980  0.0044280 -0.0123120 -0.0143130 -0.0558720 -0.0153280 -0.0445170 -0.0784250 -0.0692370  0.0605990 -0.0094230 -0.0294660  0.0113430 -0.0279640  0.0131220  0.0169310 -0.0890820 -0.0290230 -0.0560940 -0.0683600 -0.0240050 -0.0044620  0.0020770 -0.0940960 -0.0357620  0.0125980 -0.0313170 -0.0244950 -0.0364900 -0.0014570 -0.0213050 -0.0074230 -0.0805880 -0.0008930 -0.0349680 -0.0156880 -0.0046900  0.0167370 -0.0043030 -0.0509330 -0.0391620 -0.0061130  0.0347530 -0.0607050 -0.0226720  0.0258730 -0.0052160 -0.0548820  0.0234790 -0.0132820 -0.0394830 -0.0085950  0.0042970  0.0136690 -0.0045510 -0.0020530 -0.0107990  0.0116490
 0.1146760  0.0956280  0.0738980  0.0897470  0.1014540  0.0915350  0.0957140  0.0547080  0.1274650  0.0714450  0.0723950  1.0000000  0.0630620  0.1109110  0.1037340  0.1558870  0.0986410  0.1620200  0.1024610  0.1470410  0.0100640 -0.0477610 -0.0127940 -0.0036820  0.0121310 -0.0533010 -0.0628240 -0.0270170  0.0378840 -0.0441250 -0.0291910 -0.0200120 -0.0293680  0.0008270 -0.0463680 -0.0049390  0.0047280 -0.0390970 -0.0448090 -0.0319900 -0.0129010 -0.0502840 -0.0339060 -0.0439340 -0.0132250  0.0304470 -0.0228270  0.0138620  0.0379240  0.0353980 -0.0173000 -0.0209250 -0.0029790 -0.0233200 -0.0229200 -0.0766270 -0.0170880 -0.0000450  0.0157540 -0.0191680 -0.0544010 -0.0499410  0.0067690 -0.0208360 -0.0301110  0.0058460 -0.0378880 -0.0060140  0.0126040 -0.0102130 -0.0348640 -0.0290300 -0.0449870 -0.0083850 -0.0538040 -0.0243100  0.0032600 -0.0693980 -0.0028570 -0.0559760 -0.0416580  0.0408460 -0.0390950  0.0111040 -0.0069440  0.0030720 -0.0293220 -0.0328260 -0.0903920 -0.0137530 -0.0879090 -0.0542700 -0.0238850 -0.0299220 -0.0253980  0.0134830 -0.0417750 -0.0332780 -0.0042360 -0.0027270  0.0111110 -0.0202280 -0.0057630 -0.0178360  0.0079340  0.0294340  0.0117880 -0.0620070 -0.0635950  0.0203890  0.0217920 -0.0393150  0.0117290  0.0111740 -0.0523130  0.0053340 -0.0540520  0.0124040 -0.0183380 -0.0114940 -0.0901050 -0.0036440 -0.0132970 -0.0538100 -0.0161490 -0.0395680 -0.0441450 -0.0134800  0.0013360 -0.0573670 -0.0321500  0.0100290 -0.0456110  0.0329380 -0.0159530 -0.0409290 -0.0444920 -0.0299090 -0.0145800 -0.0082630 -0.0649060  0.0162770 -0.0440360 -0.0605920  0.0497520  0.0007030  0.0280400 -0.0393320  0.0307330 -0.0110890 -0.0735760  0.0125720  0.0281030 -0.0491040 -0.0084910 -0.0473280 -0.0684400  0.0063330 -0.0012830 -0.0677000  0.0798540 -0.0396570 -0.0152650  0.0317860 -0.0312850 -0.0490580 -0.0098710 -0.0063700  0.0206120 -0.0375390 -0.0234380 -0.0305240  0.0252140  0.0007350
 0.0797710  0.0834220  0.1555820  0.0231620  0.1175490  0.1321890  0.1246190  0.1137940  0.0553050  0.1418220  0.0871140  0.0630620  1.0000000  0.0509450  0.1384250  0.0476160  0.1300060  0.0716470  0.1258150  0.1273610  0.0463670 -0.0322870 -0.0303950 -0.0351010 -0.0365070 -0.0207420 -0.0080060  0.0227440 -0.0220210  0.0075020 -0.0099870 -0.0337390  0.0195730 -0.0489770 -0.0648730  0.0071360  0.0033960  0.0269190 -0.0129760 -0.0324260  0.0094520 -0.0460570  0.0138010 -0.0178750 -0.0019760 -0.0421960  0.0271950  0.0056310  0.0650530 -0.0226930 -0.0440120 -0.0446990 -0.0109670 -0.0123420  0.0387800  0.0291980 -0.0050580  0.0018420 -0.0159510 -0.0246240  0.0565680 -0.0225050  0.0297030  0.0001180  0.0095670 -0.0067260 -0.0857560 -0.0374010 -0.0032740 -0.0316290 -0.0806670 -0.0483440  0.0168720 -0.0076270 -0.0278900 -0.0222760  0.0025660  0.0191800 -0.0069990 -0.0021410 -0.0290450 -0.0265190 -0.0153290 -0.0382610  0.0121350  0.0236350 -0.0458070 -0.0008420 -0.0464900 -0.0301290 -0.0075340 -0.0572030 -0.0055670 -0.0024570 -0.0916230  0.0076630 -0.0465100 -0.0905620 -0.0316250 -0.0016100 -0.0252130 -0.0330150 -0.0556140 -0.0354290 -0.0462230 -0.0385390 -0.0529240 -0.0450740 -0.0241790 -0.0291840 -0.0217450 -0.0147660 -0.0077620 -0.0327380 -0.0407530 -0.0306160 -0.0068120  0.0057390 -0.0282890 -0.0394680 -0.0209400 -0.0719740 -0.0173860 -0.0170250 -0.0107190 -0.0034810 -0.0052640  0.0020490 -0.0420690 -0.0407260 -0.0196870 -0.0302310  0.0007320  0.0417950 -0.1198880 -0.0248730 -0.0452290 -0.0532610  0.0323070 -0.0050710 -0.0757120 -0.0471110  0.0098220 -0.0137730 -0.0681490 -0.0102310 -0.0263400 -0.0571230 -0.0404780  0.0262780 -0.0601410 -0.0147590 -0.0067810 -0.0257320 -0.0426810 -0.0437070 -0.0190740  0.0108220  0.0538030 -0.0460160  0.0252200 -0.0372280  0.0367060 -0.0073760 -0.0135210 -0.0088510 -0.0565450 -0.0464410 -0.0087030  0.0327540  0.0179760  0.0039490 -0.0128870 -0.0101940
 0.0642510  0.0873370  0.0457730  0.0444290  0.0856780  0.0788410  0.0707070  0.0562160  0.0697240  0.0755770  0.0804710  0.1109110  0.0509450  1.0000000  0.0781020  0.1163470  0.1051480  0.1257620  0.0829450  0.1063920  0.0055890 -0.0513440 -0.0243870 -0.0162890 -0.0042390 -0.0438960 -0.0727180 -0.0620040 -0.0345470 -0.0568240 -0.0754450 -0.0083160 -0.0290520 -0.0224880 -0.0434480 -0.0726110 -0.0010480  0.0169700 -0.0027700 -0.0422070 -0.0457230  0.0105690  0.0014260 -0.0243570 -0.0011420 -0.0443670 -0.0214220  0.0027660  0.0030930 -0.0350810 -0.0003750 -0.0184630  0.0345210  0.0229370  0.0000530 -0.0348320  0.0163950  0.0211230 -0.0045210  0.0311150  0.0251750 -0.0195060  0.0125900 -0.0135100 -0.0163400  0.0689400  0.0254090  0.0176930  0.0154870  0.0385960 -0.0664920 -0.0498940 -0.0420690 -0.0414070  0.0515090 -0.0199610 -0.0007690 -0.0529050 -0.0238840 -0.0463110 -0.0171920  0.0206710  0.0245940  0.0090250 -0.0252990  0.0296020  0.0350420 -0.0211950  0.0025370  0.0033110  0.0369150 -0.0951380  0.0000160  0.0225270 -0.0097200 -0.0043300 -0.0527830 -0.0262400 -0.0263810 -0.0489120  0.0026360  0.0606870 -0.0332240  0.0389980 -0.0461050 -0.0098230 -0.0058120 -0.0906140 -0.0304930 -0.0164980 -0.0202450 -0.0143140 -0.0170180 -0.0041390  0.0079130 -0.0103200 -0.0001170 -0.0712170 -0.0286230 -0.0026590 -0.0217830 -0.0037570 -0.0014520  0.0204010 -0.0167770  0.0037450 -0.0047980  0.0177600  0.0084700 -0.0346470  0.0106100  0.0262890 -0.0494100 -0.0198940 -0.0303130 -0.0307810 -0.0142050 -0.0675380 -0.0768920 -0.0305950 -0.0654850  0.0066930 -0.0475570 -0.0154180 -0.0322500 -0.0132770 -0.0029960 -0.0623380 -0.0401960 -0.0212010 -0.0655180 -0.0091640  0.0128610 -0.0159100  0.0327360  0.0316750 -0.0707620 -0.0232800  0.0011130 -0.0315380 -0.0351320  0.0071220 -0.0169120 -0.0445090 -0.0544910 -0.0521050 -0.0106490 -0.0380330 -0.0514680  0.0575540 -0.0532360 -0.0292260 -0.0337300 -0.0478470
 0.0751580  0.1027410  0.0941280  0.0912470  0.1118010  0.1260470  0.1399310  0.0783580  0.0924370  0.1270870  0.1021930  0.1037340  0.1384250  0.0781020  1.0000000  0.0881330  0.1454750  0.1759340  0.1293470  0.0805080 -0.0582510 -0.0504230  0.0153430  0.0013500 -0.0229870  0.0047980  0.0027070 -0.0600480 -0.0330260  0.0067300  0.0022070 -0.0347790  0.0180200 -0.0300400 -0.0219990  0.0306970 -0.0466320 -0.0060390 -0.0211500  0.0166150 -0.0513020 -0.0351770  0.0131120 -0.0771630 -0.0356390 -0.0226850 -0.0109340 -0.0225740  0.0648030  0.0005900 -0.0390220 -0.0383940 -0.0598280 -0.0342080 -0.0400170 -0.0231370 -0.0240730 -0.0406960  0.0356580 -0.0262590 -0.0026610 -0.0098090  0.0307710 -0.0093570  0.0383230 -0.0153580 -0.0635640  0.0333610 -0.0993010  0.0006330 -0.0317720 -0.0135510 -0.0987460 -0.0690190 -0.0264960 -0.0535890 -0.0033230 -0.0594250 -0.0425020  0.0037570  0.0310810  0.0289100  0.0248240 -0.0264380 -0.0261460  0.0098490 -0.0327230 -0.0058910  0.0645990 -0.0068440 -0.0437940 -0.0586830 -0.0298190 -0.0108050 -0.0629120  0.0493570  0.0282650 -0.0362730 -0.0114230  0.0409780  0.0080750 -0.0253210 -0.0449490 -0.0342360 -0.0084490  0.0165110 -0.0068120 -0.0380960  0.0052310 -0.0425000  0.0147910 -0.0335250  0.0041360 -0.0062890 -0.0133220 -0.0490720  0.0219470  0.0031990  0.0081250  0.0049400 -0.0177290 -0.0909260  0.0188460  0.0346500 -0.0084120 -0.0362640 -0.0737410 -0.0544240 -0.0561720 -0.0381200 -0.0508330 -0.0556340 -0.0240520 -0.0398120 -0.0664250 -0.0802570 -0.0274110 -0.0231570 -0.0447870 -0.0210570 -0.0463780 -0.0150540 -0.0328630 -0.0064390  0.0008230 -0.0601850  0.0062960 -0.0349260 -0.0790340 -0.0040520 -0.0033000 -0.0875680 -0.0108510  0.0648440 -0.0674740 -0.0330700 -0.0174440 -0.0104190  0.0162450 -0.0097390 -0.0413770 -0.0528120 -0.0421510 -0.0492040 -0.0179340  0.0570160 -0.0544090 -0.0125990 -0.0040590 -0.0083390 -0.0355270  0.0410760 -0.0019740 -0.0574170
 0.1546370  0.1377490  0.1069830  0.1068650  0.0815040  0.1060140  0.1013610  0.1281750  0.0755860  0.1070370  0.1176680  0.1558870  0.0476160  0.1163470  0.0881330  1.0000000  0.0870750  0.1635230  0.0772450  0.1989870  0.0097300 -0.0137440  0.0062960 -0.0386220 -0.0879330 -0.0522390 -0.0652000 -0.0391740 -0.0181790 -0.0753100 -0.0602590  0.0232270  0.0347660 -0.0650300 -0.0428340  0.0065040 -0.0213280 -0.0145400 -0.0310960 -0.0008260  0.0009330 -0.0236700 -0.0291920  0.0525740 -0.0012920 -0.0044400  0.0322570 -0.0082290  0.0026590  0.0074960 -0.0096530 -0.0526340 -0.0517310  0.0349540 -0.0291820 -0.0601170 -0.0492810 -0.0514890 -0.0611980 -0.0294500 -0.0075130 -0.0243710 -0.0187510 -0.0373280 -0.0331390  0.0239920 -0.0438960 -0.0002220 -0.0710790 -0.0378660 -0.0965670  0.0079750 -0.0409870 -0.0307660  0.0136010 -0.1041780 -0.0136380 -0.0724490 -0.0238990 -0.0132350  0.0127570 -0.0117840 -0.0121820  0.0584390  0.0270150 -0.0075540 -0.0302470 -0.0278720 -0.0455800 -0.0464610 -0.0069690 -0.0771200  0.0089580 -0.0062890 -0.0525050  0.0028160 -0.0362980 -0.0430550 -0.0244350 -0.0204940 -0.0355030 -0.0403150 -0.0225140 -0.0814400 -0.0632160  0.0171650 -0.0449340  0.0140740  0.0103580 -0.0470040 -0.0188150 -0.0896350 -0.0225190 -0.0074540 -0.0233970 -0.0253050 -0.0108700 -0.0014600 -0.0085540 -0.0488300 -0.0135620 -0.0252770 -0.0344760 -0.0381420 -0.0374100 -0.0458940 -0.0199560  0.0304850  0.0556300 -0.0020420 -0.0074820  0.0193580  0.0148450  0.0353960  0.0091390 -0.0656850 -0.0037440 -0.0419710  0.0226480  0.0147670 -0.0487720  0.0011220  0.0004660 -0.0098200  0.0173970 -0.0358130 -0.0363200 -0.0283070 -0.1209630 -0.0249720 -0.0402780 -0.0093340 -0.0337170  0.0221350  0.0237600 -0.0151430 -0.0461510  0.0022540  0.0261600  0.0403960  0.0175310 -0.0820520 -0.0063470 -0.0177010 -0.0043910 -0.0305660  0.0125030 -0.0521530 -0.0242000  0.0000470 -0.0144450  0.0058160  0.0050050 -0.0725890
 0.1158880  0.1530610  0.0962130  0.1268240  0.0954920  0.1366450  0.1293530  0.1468610  0.1093950  0.1748410  0.0957170  0.0986410  0.1300060  0.1051480  0.1454750  0.0870750  1.0000000  0.1718010  0.1097740  0.1100670 -0.0234900 -0.0160390 -0.0282720  0.0132360 -0.0159270 -0.0126260 -0.0432820 -0.0348240 -0.0672250 -0.0660180 -0.0110990  0.0138720  0.0217420 -0.0334570 -0.0241140 -0.0719750 -0.0799560 -0.0586360 -0.0063720 -0.0112980 -0.0282130 -0.0118320 -0.0316060  0.0005070 -0.0097120 -0.0391290 -0.0037100 -0.0282990  0.0094040 -0.0379500 -0.0409470 -0.0379810  0.0089080  0.0153570 -0.0218710  0.0544740 -0.0695050 -0.0207940 -0.0390430 -0.0597820 -0.0353350 -0.1114730 -0.0192710 -0.0514680 -0.0101750  0.0813270  0.0307520  0.0296760 -0.0988420  0.0422190 -0.0394800 -0.0471520 -0.0129810 -0.0596810 -0.0069680 -0.0025830  0.0397580 -0.0727250 -0.0060600  0.0095580 -0.0157440  0.0096240 -0.0296270  0.0629680  0.0085690 -0.0597960 -0.0398440 -0.0176220 -0.0407930 -0.0134270 -0.0501030 -0.0056740 -0.0392480 -0.0395560 -0.0363560  0.0783340 -0.0440100 -0.0734130 -0.0227820 -0.0646190 -0.0469960 -0.0309470 -0.0323060 -0.0299070 -0.0059890 -0.0369910 -0.0721100 -0.0277250 -0.0147030  0.0315910 -0.0002940 -0.1055230 -0.0151000 -0.0457650 -0.0117310  0.0061350 -0.0588420 -0.0216620 -0.0365500 -0.0616880 -0.0495410 -0.0293140  0.0027030 -0.0311610 -0.0384750 -0.0330780 -0.0029810  0.0182210  0.0088900 -0.0552840 -0.0421930 -0.0441780 -0.0430040 -0.0102310  0.0062380  0.0106750 -0.0098070 -0.0369980 -0.0375420 -0.0696580 -0.0955870  0.0208080 -0.0151860 -0.0612570 -0.0438120  0.0125330  0.0183360 -0.0059490 -0.0413870 -0.0039920 -0.0967850 -0.0007270  0.0226350  0.0249650 -0.0109770 -0.0684420 -0.0146220 -0.0176590 -0.0460000  0.0162510  0.0226900 -0.0007560  0.0063340 -0.0730420 -0.0246460  0.0180150 -0.0274590 -0.0085220 -0.0248010  0.0242140 -0.0402160 -0.0037180 -0.0334920  0.0336940
 0.1333910  0.1038500  0.1165710  0.1435450  0.1423910  0.0416760  0.1645300  0.0744320  0.1410540  0.1570730  0.1523930  0.1620200  0.0716470  0.1257620  0.1759340  0.1635230  0.1718010  1.0000000  0.1521640  0.1827650 -0.0211150 -0.0319230 -0.0187020 -0.0114510 -0.0821540 -0.0096310 -0.0378190 -0.0407190 -0.0492710 -0.0797030 -0.0056560  0.0127840 -0.0190390 -0.0383820 -0.0008980 -0.0554010 -0.0483070  0.0038850 -0.0615220  0.0116260  0.0052540  0.0437830  0.0189570 -0.0371010 -0.0714780 -0.0101730 -0.0089970 -0.0069240  0.0003190 -0.0014670  0.0022860 -0.0588200  0.0149580 -0.0325470 -0.0249760 -0.0578530 -0.0204780 -0.0317550  0.0014620  0.0266480 -0.0245210  0.0011480 -0.0217430 -0.0477130 -0.0715830 -0.0425970  0.0390100  0.0091370 -0.0619280 -0.0504010 -0.0399360 -0.0116800 -0.0927030  0.0095080 -0.0232330 -0.0252280  0.0838670 -0.0737120 -0.0208170 -0.0157150 -0.0617830 -0.0386840 -0.0199190  0.0013970 -0.0132380 -0.0198880 -0.0344030 -0.0437140  0.0169460  0.0668790 -0.0573760 -0.0896140 -0.0223800 -0.0280520 -0.0243920 -0.0273240 -0.0123590 -0.0218660 -0.0467720 -0.0073920 -0.0095380 -0.0627940  0.0617290 -0.0679300 -0.0301430 -0.0625410 -0.0431510  0.0180480 -0.0757670 -0.0121820 -0.0181160 -0.0972640 -0.0319350 -0.0209840 -0.0005370 -0.0583810 -0.0500040 -0.0256100  0.0299490 -0.0210190 -0.0410180 -0.0572830 -0.0156350  0.0048810 -0.0415280 -0.0231860 -0.0419880  0.0352360 -0.0305450 -0.0118100  0.0503300  0.0230780 -0.0508140  0.0093420 -0.0544920 -0.0480200 -0.0648440 -0.0138170 -0.0647570 -0.0683470 -0.1116690 -0.0025210  0.0189180 -0.1082280  0.0393920  0.0039380 -0.0704650 -0.0047060 -0.0760900 -0.0455370 -0.0221070  0.0033720 -0.0399040 -0.0064450 -0.0043100 -0.0105240 -0.0661700 -0.0252360 -0.0223030 -0.0503140 -0.0097740 -0.0495090 -0.0121440 -0.1067960  0.0070030 -0.0508600 -0.0379520 -0.0144140 -0.0028560  0.0277140 -0.0190280  0.0252080 -0.0116420  0.0313820
 0.1249890  0.0911910  0.0938310  0.0874630  0.1046070  0.1201460  0.0684980  0.0742370  0.0712530  0.0753330  0.1605940  0.1024610  0.1258150  0.0829450  0.1293470  0.0772450  0.1097740  0.1521640  1.0000000  0.0737890  0.0233470 -0.0294070  0.0014330 -0.0285140 -0.0238850 -0.0734180  0.0329400  0.0348970  0.0045800 -0.0428920  0.0067690 -0.0965640  0.0101140 -0.0420510 -0.0068720  0.0665800 -0.0255680  0.0508210 -0.1033450 -0.0620210 -0.0438780 -0.0506370  0.0287020 -0.0477650  0.0208460 -0.0047260 -0.0624570 -0.0108900  0.0287430 -0.0368290 -0.0604200 -0.0417810  0.0182440 -0.0214500  0.0387650 -0.0482690  0.0300690 -0.0408340 -0.0335580 -0.0549800 -0.0279880 -0.0635490  0.0619950 -0.0883480 -0.0255950  0.0239120 -0.0238080 -0.0020410 -0.0496700 -0.0448940 -0.0871770 -0.0560420 -0.0719610  0.0455580 -0.0511920 -0.0856930  0.0074420 -0.0541310 -0.0247650 -0.0172160 -0.0156050  0.0185970 -0.0153970 -0.0041620 -0.0472030 -0.0009920  0.0256890 -0.0041960  0.0181840 -0.0377450  0.0148450 -0.0705300  0.0181380  0.0293840 -0.0256010  0.0089330 -0.0094830 -0.0103880 -0.0108880 -0.0182370  0.0763470 -0.0143880 -0.0323100 -0.0299230 -0.0191400 -0.0575830 -0.0391260 -0.0598770 -0.0533920 -0.0316200 -0.0198270 -0.0628910 -0.0525120 -0.0751810 -0.0243420 -0.0710380 -0.0110740 -0.0641970 -0.0251160  0.0045720 -0.0109470 -0.0199010 -0.0820730 -0.0665060 -0.0530060 -0.0674460 -0.0102430 -0.0353910 -0.0016620  0.0029090 -0.0302900  0.0213980 -0.0070140 -0.0006230 -0.0374260 -0.0091210  0.0107030 -0.0275810 -0.0439840 -0.0812340  0.0011350 -0.0344470 -0.0074510 -0.0921760 -0.0289320 -0.0872150  0.0430050 -0.0015470 -0.0149280  0.0102900  0.0047770 -0.0192180  0.0561860  0.0328990 -0.0149380 -0.0317080 -0.0460870 -0.0243000 -0.0005510 -0.0221110  0.0929290  0.0098390  0.0073140 -0.0247040 -0.0224630  0.0105740 -0.0519620  0.0169020 -0.0482610  0.0318930 -0.0449110  0.0005720 -0.0079420 -0.0479050
 0.1459370  0.1619530  0.1251930  0.0997090  0.1027340  0.0794570  0.0878640  0.1475450  0.0595130  0.1594200  0.1436570  0.1470410  0.1273610  0.1063920  0.0805080  0.1989870  0.1100670  0.1827650  0.0737890  1.0000000 -0.0342220  0.0057770 -0.0041360 -0.0143930 -0.0312430  0.0195230 -0.0450100 -0.0553260 -0.0024630 -0.0001690 -0.0489310  0.0057520  0.1009600 -0.0016780 -0.0771310 -0.0378020  0.0270860 -0.0104630 -0.0154390 -0.0500550 -0.0251600  0.0104190 -0.0431320 -0.0621220  0.0424320  0.0004770 -0.0188040  0.0518160  0.0621290  0.0304100 -0.0801100 -0.0933180  0.0057910  0.0486420 -0.0092030 -0.0259340  0.0347770 -0.0063130 -0.0506060  0.0077830 -0.0046820 -0.0613370 -0.0274660 -0.0292520 -0.0435240  0.0230520 -0.0357620 -0.0085310 -0.0492970 -0.0524820 -0.0284120 -0.0197800 -0.0051000 -0.0040790 -0.0098540 -0.0347140 -0.0579600 -0.0263760  0.0111750 -0.0097850 -0.0119530  0.0102940 -0.0226420 -0.0281610 -0.0078770 -0.0551130  0.0079100 -0.0893650 -0.0402710 -0.0104350 -0.0079300 -0.0160580 -0.0121030 -0.0071790 -0.0330790  0.0169920 -0.0343300 -0.0241670 -0.1200100 -0.0482610  0.0194180 -0.0569360  0.0156330 -0.0331900 -0.0535370 -0.0288560 -0.0412630 -0.0324820 -0.0271350 -0.0370820  0.0160630 -0.0150930  0.0212880 -0.0362080 -0.0693330 -0.0101110 -0.0460140  0.0135190  0.0139530 -0.0148560 -0.1316990  0.0308040  0.0092070 -0.0370410 -0.0224370 -0.0337370 -0.0066930 -0.0069710 -0.0230350  0.0156400 -0.0422570 -0.0225820 -0.0135780 -0.0174830 -0.0320210 -0.0513560 -0.0050990 -0.0770540  0.0226570 -0.0815400 -0.0897250 -0.0256270 -0.0181770 -0.0861600 -0.0551730  0.0453170  0.0246800 -0.0606790 -0.0462950  0.0164610 -0.0734430 -0.0282870 -0.0350060 -0.0453670 -0.0146340 -0.0564430 -0.0611510 -0.0634800 -0.0433040 -0.0344860 -0.0181520 -0.0621740  0.0599690 -0.0634900 -0.0507520 -0.0204460 -0.0050970 -0.0126030  0.0053430 -0.0654250 -0.0423810  0.0113280 -0.0761030  0.0196790
