 1.0000000  0.0929340  0.1325540  0.1107810  0.0954590  0.1011250  0.3851220  0.1371930  0.1074130  0.1090240  0.0713980  0.1139580  0.1154430  0.0662650  0.1059580  0.1054350  0.1446300  0.1301930  0.1437500  0.1123400 -0.0139980 -0.0069470 -0.0397110 -0.0104540 -0.0034140 -0.0133000 -0.0218740 -0.0092760 -0.0350330 -0.0225090 -0.0406490 -0.0425540 -0.0054560 -0.0518420 -0.0016520 -0.0221430 -0.0341670 -0.0240260 -0.0168810 -0.0387010 -0.0133650 -0.0096270 -0.0167960 -0.0260560 -0.0225960 -0.0358490 -0.0327820 -0.0446470  0.0016870 -0.0369050 -0.0072380 -0.0296750 -0.0365140  0.0127900 -0.0354200 -0.0339420 -0.0182950 -0.0280480 -0.0300200 -0.0113940 -0.0210290 -0.0386400 -0.0429150 -0.0089500 -0.0214670 -0.0292220 -0.0298780 -0.0412000 -0.0352140 -0.0080360 -0.0155900 -0.0188180 -0.0357930 -0.0095010 -0.0074270 -0.0407020 -0.0077470  0.0014270 -0.0258070 -0.0339030 -0.0244790 -0.0256060 -0.0288590 -0.0218570 -0.0329570 -0.0210660 -0.0186100 -0.0368160 -0.0449220 -0.0151340 -0.0363630 -0.0523870 -0.0216840 -0.0013380 -0.0022000 -0.0010950 -0.0128860 -0.0151460 -0.0129190 -0.0336660 -0.0278050 -0.0490810 -0.0060370  0.0059420 -0.0040230 -0.0323000 -0.0156110 -0.0134280 -0.0090810 -0.0352580 -0.0338590  0.0009470 -0.0234160 -0.0157340 -0.0140750 -0.0282550  0.0040330 -0.0187850 -0.0323590  0.0081080 -0.0247650 -0.0302350 -0.0333430 -0.0325080 -0.0168190 -0.0213710 -0.0167820  0.0065300 -0.0053220 -0.0341230 -0.0162950 -0.0361260 -0.0380950 -0.0102070 -0.0057960 -0.0180030 -0.0255450 -0.0330780 -0.0418580 -0.0268110 -0.0460350 -0.0162300 -0.0452130 -0.0277110 -0.0333240 -0.0016640 -0.0038480 -0.0104480 -0.0007480 -0.0169810 -0.0062820 -0.0291550 -0.0294950 -0.0622310 -0.0347290 -0.0309890 -0.0327100 -0.0243990 -0.0331200 -0.0232140 -0.0265360 -0.0279410 -0.0097980 -0.0320820 -0.0193340 -0.0039870 -0.0104560 -0.0076950 -0.0186400 -0.0046740 -0.0125380 -0.0300480 -0.0178450 -0.0108160
 0.0929340  1.0000000  0.1292230  0.1077850  0.0967700  0.1211990  0.1145150  0.0941560  0.0891080  0.0994050  0.1139040  0.0964060  0.0902070  0.0828250  0.1038230  0.1107950  0.1198930  0.1141690  0.1003060  0.1090760 -0.0058160 -0.0200790 -0.0233870 -0.0146300 -0.0237280 -0.0249470 -0.0409010 -0.0330170 -0.0448220 -0.0125990 -0.0392520 -0.0492680 -0.0406020 -0.0317130 -0.0130050 -0.0106980 -0.0512490  0.0029150 -0.0208060 -0.0131300 -0.0177180 -0.0081230 -0.0198100 -0.0019290  0.0045320 -0.0153350 -0.0147240 -0.0226470 -0.0065920 -0.0233790 -0.0152020 -0.0339760 -0.0048490 -0.0214640 -0.0223100 -0.0253930 -0.0223090 -0.0127910  0.0128640 -0.0358860 -0.0271900 -0.0320070 -0.0085140 -0.0051280 -0.0160990  0.0009270 -0.0062840 -0.0157070 -0.0327910  0.0008900 -0.0112400 -0.0154650 -0.0303800 -0.0037550 -0.0095520 -0.0307280 -0.0059410 -0.0006690 -0.0028480 -0.0102130 -0.0238750 -0.0028880  0.0028110 -0.0272970 -0.0172060 -0.0281670 -0.0215330 -0.0163210 -0.0339090 -0.0233590 -0.0015250 -0.0395560 -0.0195010 -0.0337240 -0.0308110 -0.0037390 -0.0027800  0.0113710 -0.0199970 -0.0034650 -0.0183290 -0.0106230 -0.0305450 -0.0303170 -0.0049670 -0.0027650 -0.0125620 -0.0175600 -0.0031300 -0.0100480 -0.0303650 -0.0326520 -0.0163860 -0.0085150 -0.0248710 -0.0348720 -0.0061130 -0.0095590 -0.0173540 -0.0171560 -0.0032570 -0.0169260 -0.0037640 -0.0151490 -0.0275530 -0.0151000 -0.0086050 -0.0102440 -0.0113470 -0.0327520 -0.0340880 -0.0115800 -0.0324510 -0.0285480 -0.0335050 -0.0206500 -0.0309470 -0.0103960 -0.0357850 -0.0261010 -0.0198240 -0.0168620 -0.0239160 -0.0332580 -0.0142510 -0.0066930 -0.0107780 -0.0254310 -0.0292080 -0.0417490 -0.0336160 -0.0312470 -0.0215210 -0.0074880 -0.0109170 -0.0121000 -0.0285800 -0.0212120 -0.0145820 -0.0214500 -0.0458080 -0.0205260 -0.0111780 -0.0294790 -0.0316650 -0.0362860 -0.0189140 -0.0258110 -0.0135780 -0.0017330 -0.0133910 -0.0387290  0.0019220 -0.0035900
 0.1325540  0.1292230  1.0000000  0.1085050  0.0933840  0.1043670  0.1098280  0.0904270  0.0973750  0.1075300  0.0882240  0.0842680  0.1115590  0.0744340  0.1169800  0.1197860  0.1225930  0.1321650  0.0939680  0.1330470 -0.0132470 -0.0159030 -0.0333400 -0.0087880 -0.0024760  0.0002700 -0.0105080 -0.0099830 -0.0239250 -0.0055650 -0.0139900 -0.0206810 -0.0162230 -0.0234720 -0.0249160  0.0039270 -0.0057740 -0.0273930 -0.0234840 -0.0247340 -0.0178820 -0.0209050 -0.0412140 -0.0094560 -0.0428280 -0.0158230 -0.0397050 -0.0188950 -0.0400730 -0.0051240 -0.0275970 -0.0125700 -0.0187870 -0.0179020 -0.0168720 -0.0190840 -0.0088720  0.0042700 -0.0000640 -0.0351800 -0.0138830 -0.0035630 -0.0040720 -0.0606210 -0.0106360  0.0004800 -0.0340630 -0.0273300 -0.0330430 -0.0118700 -0.0263850 -0.0238580 -0.0062930 -0.0079180 -0.0403740 -0.0147680 -0.0022470 -0.0344140 -0.0223680 -0.0330220 -0.0137540 -0.0067330 -0.0140560 -0.0092380 -0.0266140 -0.0091490 -0.0225340 -0.0138250 -0.0307280  0.0066980 -0.0195670 -0.0495250 -0.0281850 -0.0198330 -0.0063840 -0.0147770 -0.0205430 -0.0303690 -0.0160530 -0.0099120 -0.0278500  0.0036060 -0.0311660 -0.0154330 -0.0054450  0.0011320 -0.0299230 -0.0261250 -0.0101290 -0.0442280 -0.0271080 -0.0224820 -0.0261100 -0.0163370 -0.0005510 -0.0200380 -0.0180010 -0.0126220 -0.0025120 -0.0439960 -0.0050660 -0.0471940 -0.0255800 -0.0325280 -0.0065560 -0.0135760 -0.0172490 -0.0242000 -0.0081200 -0.0103780 -0.0170750 -0.0449330 -0.0527640 -0.0336410 -0.0239640 -0.0204390 -0.0413170 -0.0302020 -0.0407110  0.0035250 -0.0275060 -0.0214170 -0.0193040 -0.0242630 -0.0127740 -0.0454800 -0.0068950 -0.0266040 -0.0263690 -0.0200850 -0.0087370 -0.0101570 -0.0083220 -0.0254360 -0.0075640 -0.0155990 -0.0099770 -0.0284980 -0.0444400 -0.0099290 -0.0463850 -0.0482370 -0.0054940 -0.0147440 -0.0071890 -0.0022690 -0.0303950 -0.0116240 -0.0149840 -0.0093080 -0.0200350 -0.0315050 -0.0090820 -0.0135320
 0.1107810  0.1077850  0.1085050  1.0000000  0.1119840  0.1166310  0.1086360  0.0995080  0.1067290  0.0981390  0.0921960  0.1070660  0.0844830  0.0812840  0.0965300  0.1146560  0.1303300  0.1306870  0.1279240  0.1613570 -0.0217470 -0.0084170  0.0167200 -0.0332050 -0.0297590 -0.0286860 -0.0283310 -0.0239880 -0.0117070 -0.0228000 -0.0123810 -0.0222930 -0.0140450 -0.0241670  0.0026610 -0.0102140  0.0021140 -0.0019160 -0.0146290 -0.0264270 -0.0195370 -0.0188590 -0.0137870 -0.0205190 -0.0228760 -0.0092280 -0.0155730 -0.0120340 -0.0202110 -0.0209770 -0.0128740 -0.0502890 -0.0289960 -0.0170260 -0.0308390  0.0003370 -0.0143410 -0.0612700 -0.0070290 -0.0237930 -0.0298260 -0.0352420 -0.0096220 -0.0412760 -0.0049760 -0.0126010 -0.0067370 -0.0245740 -0.0143670 -0.0198210 -0.0269850 -0.0142350 -0.0308270 -0.0274020  0.0036780 -0.0311640 -0.0310200 -0.0208850 -0.0015020 -0.0320130 -0.0191510 -0.0180010 -0.0079640 -0.0046320 -0.0069780 -0.0282820 -0.0231120 -0.0447170 -0.0321820 -0.0158440 -0.0165650 -0.0461600 -0.0309360 -0.0058050 -0.0454470 -0.0207550 -0.0011070 -0.0042710 -0.0184760  0.0039760 -0.0072370 -0.0516460 -0.0256220 -0.0215470 -0.0056830 -0.0293760  0.0034200 -0.0131080 -0.0210900 -0.0336100 -0.0194250 -0.0197110 -0.0361280 -0.0191770 -0.0185570 -0.0164470 -0.0332360 -0.0208330 -0.0319030 -0.0079830 -0.0161720 -0.0324640 -0.0460100 -0.0230380 -0.0205650 -0.0254240 -0.0286970 -0.0204950 -0.0148950 -0.0128780 -0.0195580 -0.0403330 -0.0241260 -0.0180030 -0.0108430 -0.0384080  0.0092480 -0.0258650 -0.0402210 -0.0124590 -0.0191900 -0.0210600 -0.0123440 -0.0252170 -0.0341470 -0.0122690 -0.0102520 -0.0089310 -0.0380120 -0.0263360 -0.0394690 -0.0316940 -0.0208390 -0.0349290  0.0055250 -0.0198510 -0.0423570 -0.0030900  0.0081380 -0.0070690 -0.0330010 -0.0171500 -0.0126060 -0.0150440 -0.0082330 -0.0159300 -0.0011000 -0.0215110 -0.0179720 -0.0143220 -0.0232490 -0.0335080  0.0004740  0.0047220
 0.0954590  0.0967700  0.0933840  0.1119840  1.0000000  0.1012820  0.1133660  0.0935320  0.0654520  0.1015490  0.1056140  0.1136650  0.0971870  0.1010160  0.1058360  0.1202210  0.1346370  0.1569990  0.1345860  0.1283060 -0.0320420 -0.0066330 -0.0029390 -0.0276170 -0.0232940 -0.0355510 -0.0097150 -0.0165200 -0.0331720 -0.0492100 -0.0285670 -0.0443690 -0.0209140 -0.0332120 -0.0221870  0.0009630 -0.0351710 -0.0236930 -0.0296140 -0.0137360 -0.0415140 -0.0064370 -0.0165850 -0.0040280 -0.0015620 -0.0078190 -0.0264980 -0.0353940 -0.0077140 -0.0363560 -0.0295340 -0.0138070 -0.0159060 -0.0023560 -0.0043170 -0.0071030 -0.0389930 -0.0028340  0.0042360 -0.0139330 -0.0048940 -0.0155280 -0.0368420 -0.0389930 -0.0077270  0.0056330 -0.0039390 -0.0274620 -0.0139610 -0.0202010 -0.0194560 -0.0283260 -0.0208370 -0.0254970 -0.0221690 -0.0212200 -0.0257410 -0.0399350  0.0113470 -0.0094340 -0.0004980 -0.0083200 -0.0148880 -0.0237530 -0.0249910 -0.0250640 -0.0267090 -0.0168940 -0.0170090 -0.0122830 -0.0214340 -0.0352120 -0.0460210 -0.0197480 -0.0264170 -0.0182860 -0.0302610 -0.0206150 -0.0223990  0.0008650 -0.0299010  0.0091990 -0.0237130 -0.0220900 -0.0176690 -0.0241350 -0.0091280 -0.0088760 -0.0011440 -0.0140570 -0.0207210 -0.0123850 -0.0048400 -0.0401550 -0.0018780 -0.0141210 -0.0163330 -0.0301870 -0.0220920  0.0050600 -0.0089770 -0.0423460 -0.0042560 -0.0416970 -0.0162800 -0.0168350  0.0097930 -0.0122860 -0.0426910 -0.0159250 -0.0409150 -0.0126650 -0.0277180 -0.0207060 -0.0066980 -0.0121950 -0.0324990 -0.0132970 -0.0103960 -0.0178930 -0.0602830 -0.0203390 -0.0267790 -0.0172810 -0.0308190 -0.0221430 -0.0287230 -0.0309330 -0.0253900 -0.0265690 -0.0339070  0.0024260 -0.0257040 -0.0216000  0.0067210 -0.0308030 -0.0309470  0.0024880 -0.0382480 -0.0134150 -0.0138730 -0.0403300 -0.0108270 -0.0268320 -0.0159830 -0.0401810 -0.0245820 -0.0289640  0.0051920 -0.0063520 -0.0227940 -0.0243900 -0.0247690 -0.0259830
 0.1011250  0.1211990  0.1043670  0.1166310  0.1012820  1.0000000  0.1134830  0.1330360  0.1142040  0.1565910  0.1184300  0.0893800  0.0995230  0.1132980  0.1115410  0.1270490  0.1368080  0.1142800  0.1246050  0.1310090 -0.0234530 -0.0397040 -0.0440020 -0.0179540 -0.0265720 -0.0138470 -0.0421070 -0.0264620 -0.0450880 -0.0351320 -0.0252520 -0.0369970 -0.0182080 -0.0400490 -0.0389680 -0.0396470 -0.0347720 -0.0317720 -0.0307710 -0.0090780 -0.0394740 -0.0465150 -0.0145430  0.0139120 -0.0212560 -0.0000770  0.0169140 -0.0060590 -0.0135990 -0.0086790 -0.0143160 -0.0114580 -0.0241580 -0.0254510 -0.0175710 -0.0554580 -0.0229190 -0.0144030 -0.0112390 -0.0058430  0.0013200 -0.0352640 -0.0207580 -0.0143870 -0.0257580 -0.0026410 -0.0261280 -0.0415840 -0.0314640 -0.0091740 -0.0158410 -0.0317910 -0.0402500 -0.0228230 -0.0322030 -0.0065630 -0.0189020 -0.0169870 -0.0329610 -0.0144250  0.0014070 -0.0398450 -0.0026430 -0.0226020 -0.0433910 -0.0100740 -0.0101690 -0.0388810 -0.0231900  0.0044170 -0.0214610 -0.0370000 -0.0067180 -0.0394850 -0.0115740 -0.0094200 -0.0126800 -0.0272700 -0.0264660  0.0095200 -0.0102570 -0.0168440 -0.0253690 -0.0040270 -0.0285550 -0.0108130 -0.0024330 -0.0164110 -0.0150140 -0.0255050 -0.0197580 -0.0161700 -0.0108690 -0.0422940 -0.0307270 -0.0260550 -0.0053260 -0.0144000  0.0023510 -0.0217970 -0.0291990 -0.0337620 -0.0372360 -0.0047130 -0.0359750 -0.0189040 -0.0421690 -0.0294840 -0.0360980 -0.0327480 -0.0463540 -0.0238130 -0.0378340 -0.0025750 -0.0156500 -0.0223450 -0.0016960 -0.0232690 -0.0336890 -0.0035520 -0.0560610 -0.0222150  0.0004590 -0.0468840 -0.0139110 -0.0093920 -0.0199900 -0.0079510 -0.0165200  0.0012070 -0.0357280 -0.0242910 -0.0270400 -0.0102130 -0.0120820 -0.0287510 -0.0193900 -0.0040770 -0.0297900 -0.0362830 -0.0136350 -0.0314100 -0.0065850 -0.0145350 -0.0080230 -0.0194770 -0.0174000 -0.0146400 -0.0296430 -0.0095920 -0.0056250 -0.0100580 -0.0215960 -0.0078690
 0.3851220  0.1145150  0.1098280  0.1086360  0.1133660  0.1134830  1.0000000  0.1052800  0.1073470  0.0980420  0.1001090  0.0877530  0.1027470  0.0754560  0.1125740  0.0902630  0.1432470  0.1243830  0.1156330  0.0869310 -0.0221990 -0.0130140 -0.0328770 -0.0371240 -0.0129900  0.0035420 -0.0239970 -0.0229670 -0.0459410 -0.0137510 -0.0426750 -0.0132310 -0.0149150 -0.0418750 -0.0361550 -0.0198030 -0.0420200 -0.0160080 -0.0277410 -0.0523120  0.0013130  0.0015360 -0.0223460 -0.0255060 -0.0125790 -0.0078010 -0.0243620 -0.0185810 -0.0211270 -0.0375390 -0.0191380 -0.0116780 -0.0204030 -0.0142690 -0.0276640 -0.0282980 -0.0057560 -0.0136520 -0.0209540 -0.0254300 -0.0243370 -0.0392650 -0.0344110 -0.0079280 -0.0160800 -0.0295920 -0.0129260 -0.0219980 -0.0306180 -0.0040780 -0.0014880 -0.0105330 -0.0285140 -0.0274430 -0.0224510 -0.0444340 -0.0267640 -0.0106670 -0.0331290 -0.0337420 -0.0160300 -0.0189720 -0.0081500 -0.0211210 -0.0631690 -0.0121910 -0.0139830 -0.0319270  0.0047550 -0.0250700 -0.0192600 -0.0226050 -0.0219910 -0.0109180  0.0087370 -0.0117750  0.0033250 -0.0176940 -0.0270130 -0.0360710 -0.0209480 -0.0261330 -0.0499340 -0.0092270 -0.0144270 -0.0274160 -0.0172890 -0.0159940  0.0040270 -0.0314670 -0.0342900  0.0067350 -0.0094820 -0.0258490  0.0005860 -0.0233710 -0.0130910 -0.0108190 -0.0274810 -0.0161020 -0.0305910 -0.0634710 -0.0143100 -0.0212920 -0.0350660 -0.0251290 -0.0176980 -0.0051560 -0.0193170 -0.0267380 -0.0391180  0.0012530 -0.0243130 -0.0186810 -0.0090570  0.0007410 -0.0206510 -0.0480760 -0.0307410  0.0104220 -0.0389430  0.0020340 -0.0040210 -0.0263850 -0.0258410 -0.0190790  0.0010290 -0.0293240 -0.0056820 -0.0241690  0.0049620 -0.0185670 -0.0224790 -0.0516040 -0.0138710 -0.0253220 -0.0119670 -0.0344360 -0.0273110 -0.0213850 -0.0249260 -0.0374340 -0.0173600 -0.0311050 -0.0163760 -0.0188400 -0.0248710 -0.0256260 -0.0057180 -0.0216100 -0.0162460 -0.0213130 -0.0135230 -0.0184520
 0.1371930  0.0941560  0.0904270  0.0995080  0.0935320  0.1330360  0.1052800  1.0000000  0.1146280  0.1022390  0.0925860  0.0687220  0.0904630  0.0525940  0.1020790  0.1157850  0.1240130  0.1189230  0.1081360  0.1212140 -0.0595810 -0.0165660 -0.0350860 -0.0062350 -0.0203040 -0.0424430 -0.0109070 -0.0399430 -0.0468040 -0.0459200 -0.0201060 -0.0367310 -0.0190430 -0.0306520 -0.0360340 -0.0090080 -0.0218170 -0.0433190 -0.0466440 -0.0212370 -0.0321540 -0.0063600 -0.0078880 -0.0223250 -0.0270380 -0.0069020 -0.0176720 -0.0316730 -0.0159710 -0.0191730 -0.0121790  0.0102520 -0.0230370 -0.0042280 -0.0244570  0.0001870 -0.0137090 -0.0017790 -0.0138900 -0.0218690 -0.0254350 -0.0464370 -0.0093670 -0.0304350 -0.0316580 -0.0135580 -0.0260460 -0.0173320 -0.0485480 -0.0127870 -0.0145840 -0.0414810 -0.0063820 -0.0160310 -0.0238620 -0.0071520  0.0023000 -0.0049190 -0.0097080 -0.0090640  0.0021270  0.0066370 -0.0163150 -0.0112480 -0.0148290 -0.0088470 -0.0172220 -0.0263800 -0.0162590 -0.0155870 -0.0250420 -0.0237700 -0.0311560  0.0157680 -0.0233820 -0.0166310 -0.0154670  0.0026890 -0.0422150 -0.0129520  0.0030210 -0.0343730 -0.0095890 -0.0059870 -0.0205370  0.0044470 -0.0360550 -0.0073930 -0.0169160 -0.0249860 -0.0107580 -0.0013840 -0.0018130 -0.0043010 -0.0253340 -0.0204410 -0.0289530 -0.0244830 -0.0185460 -0.0089180 -0.0378970  0.0106730 -0.0619650 -0.0107390 -0.0259810 -0.0346080 -0.0221120 -0.0130840 -0.0026920 -0.0180450 -0.0198710 -0.0137460 -0.0218610 -0.0171270 -0.0097590 -0.0209370 -0.0129530 -0.0097880 -0.0630240 -0.0242320 -0.0209490 -0.0288720 -0.0043470 -0.0192170 -0.0363350  0.0054750  0.0091840 -0.0275190  0.0037050 -0.0095350 -0.0357860 -0.0118000 -0.0372130 -0.0366910 -0.0258220 -0.0275270 -0.0037160 -0.0141980 -0.0361710 -0.0154550 -0.0593820 -0.0184400 -0.0203020 -0.0372830 -0.0300880 -0.0330950  0.0042000  0.0157570 -0.0164570 -0.0045020 -0.0083170 -0.0252620 -0.0107880 -0.0229700
 0.1074130  0.0891080  0.0973750  0.1067290  0.0654520  0.1142040  0.1073470  0.1146280  1.0000000  0.1092750  0.0977900  0.0869190  0.0864200  0.0777690  0.1071130  0.1027420  0.1225700  0.1369180  0.0975870  0.1075840 -0.0301070 -0.0228830 -0.0203300 -0.0076460 -0.0200680 -0.0182240 -0.0263390 -0.0445460 -0.0262930 -0.0128160 -0.0178630 -0.0263900 -0.0093110 -0.0324050 -0.0055690 -0.0297570 -0.0201930 -0.0160550 -0.0398260 -0.0230900 -0.0191950 -0.0334320 -0.0086370 -0.0278820 -0.0567590 -0.0173060 -0.0297410 -0.0101760 -0.0010520 -0.0089680 -0.0184790 -0.0299490 -0.0191310 -0.0213320 -0.0274040 -0.0303120 -0.0217220 -0.0134110  0.0086650 -0.0087170 -0.0001900 -0.0251500 -0.0243200 -0.0208890 -0.0194990 -0.0010580 -0.0199800  0.0022680 -0.0328190 -0.0191700  0.0083770 -0.0394700 -0.0198630 -0.0389960 -0.0300720 -0.0283270 -0.0046480 -0.0278420  0.0142260 -0.0418020 -0.0093120 -0.0088860  0.0004700 -0.0000470 -0.0241640 -0.0224110 -0.0089860 -0.0315460 -0.0091080 -0.0211080 -0.0106280 -0.0447980 -0.0133110 -0.0068440 -0.0109120 -0.0275750  0.0087170 -0.0107390 -0.0261960 -0.0192070 -0.0194870 -0.0355480 -0.0056500 -0.0227040 -0.0212830 -0.0067990 -0.0186160 -0.0125500 -0.0164830 -0.0202930 -0.0085020 -0.0150290 -0.0186770 -0.0079710 -0.0188730  0.0084380 -0.0322290 -0.0260990 -0.0068200 -0.0222920 -0.0170890 -0.0109730 -0.0149020  0.0015840 -0.0080760 -0.0267460 -0.0344700 -0.0313660 -0.0176590 -0.0243480 -0.0233910 -0.0384350 -0.0318240 -0.0048680 -0.0226340 -0.0144460 -0.0042730 -0.0432360 -0.0262720 -0.0364920 -0.0186910 -0.0018130  0.0151410 -0.0147140 -0.0057420 -0.0307480 -0.0293260 -0.0081610 -0.0184560 -0.0076360 -0.0379400 -0.0184160 -0.0027230 -0.0254880 -0.0075010 -0.0233480 -0.0254560 -0.0179160 -0.0050660 -0.0582910 -0.0425240 -0.0197610 -0.0140720 -0.0242400 -0.0252810 -0.0224500  0.0099840 -0.0225920 -0.0111310  0.0010800  0.0014380 -0.0076970 -0.0281870 -0.0054250
 0.1090240  0.0994050  0.1075300  0.0981390  0.1015490  0.1565910  0.0980420  0.1022390  0.1092750  1.0000000  0.1245570  0.0801540  0.0964610  0.0785520  0.1205740  0.0873060  0.1393290  0.1178270  0.1161670  0.1354800 -0.0401940 -0.0229390 -0.0193320 -0.0291340 -0.0011550 -0.0189690 -0.0310480 -0.0482900 -0.0177110 -0.0303020 -0.0115620 -0.0237680 -0.0173050 -0.0175920 -0.0186610 -0.0051290 -0.0336690 -0.0411640 -0.0284230 -0.0350340 -0.0222980 -0.0101120 -0.0445650 -0.0317150 -0.0233340  0.0068660 -0.0456240 -0.0293910 -0.0119450 -0.0244500 -0.0351520 -0.0199630 -0.0073270  0.0113460 -0.0199000 -0.0067230 -0.0013510 -0.0045870  0.0115050 -0.0016510 -0.0006720 -0.0458920 -0.0288470 -0.0153930 -0.0166530 -0.0010520 -0.0054660 -0.0337780 -0.0059970 -0.0103210 -0.0044950 -0.0331140 -0.0195550 -0.0244230 -0.0328610 -0.0046090 -0.0041390 -0.0108130 -0.0520810 -0.0241350  0.0028170  0.0013710 -0.0080710 -0.0097930 -0.0365080 -0.0182770 -0.0164050 -0.0299790 -0.0087560 -0.0116190 -0.0185000 -0.0523240 -0.0355450 -0.0121490 -0.0071130  0.0042820  0.0024700 -0.0162550 -0.0184310 -0.0290900 -0.0259190 -0.0366180 -0.0404580 -0.0144860 -0.0009410 -0.0131430 -0.0259260  0.0031830  0.0022290  0.0054430 -0.0169020 -0.0206650 -0.0156210 -0.0301550 -0.0143940 -0.0004720 -0.0078870 -0.0206290 -0.0096730 -0.0179160 -0.0178270 -0.0536490 -0.0294040 -0.0332380 -0.0173830 -0.0094440 -0.0372790 -0.0041060 -0.0267820 -0.0424980 -0.0366850 -0.0255880 -0.0354230 -0.0232390 -0.0316450 -0.0380910 -0.0250620 -0.0082960 -0.0052120 -0.0152920 -0.0246050 -0.0274510  0.0086080 -0.0361670 -0.0283710 -0.0141400 -0.0215900 -0.0111190 -0.0211940 -0.0147150 -0.0156220 -0.0293080 -0.0343290 -0.0117330 -0.0260370 -0.0153400 -0.0325690 -0.0176980 -0.0211450 -0.0150030 -0.0535810 -0.0205750 -0.0335980 -0.0446240 -0.0100710 -0.0161450 -0.0463080 -0.0188570 -0.0171130 -0.0001350  0.0287190 -0.0147700 -0.0293010 -0.0140350
 0.0713980  0.1139040  0.0882240  0.0921960  0.1056140  0.1184300  0.1001090  0.0925860  0.0977900  0.1245570  1.0000000  0.1015360  0.0855150  0.0830970  0.1071020  0.0917190  0.0997300  0.1464230  0.1265140  0.0909920 -0.0146750 -0.0270720 -0.0117270 -0.0417860 -0.0383280 -0.0305280 -0.0357820 -0.0072300 -0.0198600 -0.0330320 -0.0262930 -0.0274000 -0.0149330 -0.0517600 -0.0183560 -0.0380970 -0.0182050 -0.0132760 -0.0089670 -0.0231630 -0.0305290 -0.0179290 -0.0280040 -0.0203910 -0.0359100 -0.0073960 -0.0533970 -0.0162330 -0.0065030 -0.0044190 -0.0144060 -0.0262490 -0.0101950 -0.0087390 -0.0331240  0.0036770 -0.0246470 -0.0269860 -0.0123700  0.0021920  0.0117340 -0.0190780 -0.0045770 -0.0036040 -0.0274240  0.0026170 -0.0289750 -0.0291720 -0.0308790 -0.0108850 -0.0022270 -0.0170300 -0.0153720 -0.0226820 -0.0281310 -0.0378390 -0.0046160 -0.0049630 -0.0218680 -0.0131070 -0.0163090 -0.0153040 -0.0098270  0.0094360  0.0007430  0.0051840 -0.0415600 -0.0327420 -0.0076790 -0.0209870  0.0013650 -0.0217410 -0.0153700 -0.0110240 -0.0135090 -0.0147280 -0.0142350 -0.0098860 -0.0194860  0.0003020 -0.0202530 -0.0056730 -0.0219930 -0.0119130 -0.0101920 -0.0129050 -0.0250920 -0.0157280  0.0246820 -0.0249910 -0.0187800 -0.0187420 -0.0382440 -0.0117980 -0.0284360 -0.0132860 -0.0207060 -0.0095370 -0.0000620 -0.0096370 -0.0361900 -0.0184540 -0.0291150 -0.0344820 -0.0520990 -0.0296760 -0.0193740 -0.0091490 -0.0109130 -0.0182570 -0.0066390 -0.0188540 -0.0204320 -0.0079340 -0.0197220 -0.0269760 -0.0032580 -0.0077560 -0.0253490 -0.0185070 -0.0425870 -0.0033780 -0.0174390 -0.0130180 -0.0321480  0.0009710 -0.0186070 -0.0250070 -0.0321160 -0.0264970 -0.0357110 -0.0101340 -0.0348820 -0.0214960 -0.0070690 -0.0180680 -0.0259140 -0.0218640 -0.0159440 -0.0273700 -0.0233750 -0.0361160 -0.0342960 -0.0448260 -0.0221880 -0.0240930 -0.0092490 -0.0047010 -0.0155690  0.0068390 -0.0112750 -0.0118400 -0.0345190  0.0002230
 0.1139580  0.0964060  0.0842680  0.1070660  0.1136650  0.0893800  0.0877530  0.0687220  0.0869190  0.0801540  0.1015360  1.0000000  0.0566450  0.0901910  0.0950360  0.1241310  0.1291670  0.1297300  0.1377370  0.1116690 -0.0050430 -0.0241360 -0.0158940 -0.0136010 -0.0186260 -0.0286200 -0.0503180 -0.0244760 -0.0182740 -0.0340210 -0.0417490 -0.0047550  0.0002270 -0.0126170 -0.0268520 -0.0240690 -0.0176390 -0.0273560 -0.0238770 -0.0249310 -0.0065610 -0.0189930 -0.0174260 -0.0010860 -0.0202600 -0.0123460 -0.0363330 -0.0329310 -0.0029260 -0.0128840 -0.0071420  0.0141090 -0.0137620 -0.0285530 -0.0217930 -0.0147590 -0.0161890 -0.0047240 -0.0029160 -0.0083020 -0.0252270 -0.0316060 -0.0214550 -0.0230200 -0.0247050 -0.0227310 -0.0220390 -0.0071300 -0.0208720 -0.0169490 -0.0051970 -0.0196720 -0.0305390 -0.0294710 -0.0276450 -0.0319280 -0.0098520 -0.0499800 -0.0160480 -0.0430160 -0.0200430 -0.0095720 -0.0299420 -0.0143750 -0.0308430 -0.0154700 -0.0412830 -0.0285140 -0.0226940 -0.0125610 -0.0378700 -0.0152430 -0.0039150 -0.0147090 -0.0331510  0.0143060  0.0036800 -0.0098510 -0.0204120  0.0126260 -0.0314900 -0.0161320 -0.0068130 -0.0034720 -0.0232570 -0.0230220  0.0023470 -0.0146250 -0.0119860 -0.0354000  0.0051660 -0.0169630 -0.0065870 -0.0033490 -0.0252800 -0.0043900 -0.0272600  0.0043970 -0.0202940  0.0146420 -0.0190420 -0.0304650 -0.0226440 -0.0296040 -0.0070760 -0.0231120 -0.0223290 -0.0239680 -0.0104730 -0.0280290 -0.0236040 -0.0247930 -0.0416260 -0.0174000 -0.0025160 -0.0080340 -0.0312890 -0.0103680 -0.0086820 -0.0042940 -0.0286120 -0.0065550 -0.0265610 -0.0191260 -0.0128380 -0.0214200 -0.0209170 -0.0217190  0.0038970 -0.0280920 -0.0108770 -0.0050690 -0.0194140 -0.0368790 -0.0442480 -0.0266690 -0.0452560 -0.0086860 -0.0309220 -0.0193520 -0.0179370 -0.0573720 -0.0201610 -0.0232170 -0.0228540 -0.0143230 -0.0066180 -0.0152050 -0.0041560 -0.0160470  0.0058950 -0.0283330 -0.0151740  0.0043240
 0.1154430  0.0902070  0.1115590  0.0844830  0.0971870  0.0995230  0.1027470  0.0904630  0.0864200  0.0964610  0.0855150  0.0566450  1.0000000  0.0825740  0.0829150  0.0980570  0.1210710  0.0923260  0.0994350  0.1187000 -0.0154130 -0.0181990 -0.0339430 -0.0248800 -0.0201850 -0.0315480 -0.0213250 -0.0169340 -0.0415630 -0.0125760 -0.0201330 -0.0510330 -0.0180870 -0.0131760 -0.0238700 -0.0035520 -0.0176390  0.0060580 -0.0207300 -0.0387630 -0.0354070 -0.0316180 -0.0063430  0.0097570 -0.0133080 -0.0329690 -0.0185270  0.0070330 -0.0003160  0.0054540 -0.0210870 -0.0276800 -0.0082060 -0.0200150 -0.0191430 -0.0145710  0.0024150 -0.0035300 -0.0128670 -0.0269760 -0.0057000 -0.0159760 -0.0172200  0.0018880 -0.0265140 -0.0188370 -0.0021790 -0.0221640 -0.0290970 -0.0179500 -0.0164110 -0.0146230 -0.0209190 -0.0088300 -0.0146170 -0.0081920 -0.0091470  0.0148670 -0.0036280 -0.0142810 -0.0196720 -0.0275060 -0.0147770 -0.0350750 -0.0179010 -0.0147960 -0.0171450 -0.0056650 -0.0035200 -0.0074390 -0.0064970 -0.0447200 -0.0341510 -0.0087720 -0.0297430  0.0257960 -0.0164460 -0.0305250 -0.0111620 -0.0258540 -0.0182990 -0.0003160 -0.0267350  0.0025500 -0.0173990 -0.0049180 -0.0178200 -0.0054410 -0.0163240 -0.0306740  0.0001630 -0.0077640 -0.0149770 -0.0220580 -0.0335840 -0.0247740 -0.0042980 -0.0159310 -0.0101650 -0.0133320 -0.0163220 -0.0304510 -0.0140830 -0.0087420 -0.0200820 -0.0084880  0.0003810 -0.0166670 -0.0302370 -0.0096680 -0.0309510 -0.0179000 -0.0301730 -0.0361920 -0.0283600 -0.0211430 -0.0356960 -0.0291310 -0.0298360 -0.0161160 -0.0488550 -0.0224380 -0.0166490 -0.0225950 -0.0285520 -0.0172220 -0.0185080 -0.0204970 -0.0320440 -0.0019270 -0.0185860 -0.0218860 -0.0108510 -0.0260740 -0.0169690 -0.0255720 -0.0074260 -0.0381370 -0.0184310 -0.0284120 -0.0394910 -0.0149010 -0.0212070 -0.0277220 -0.0312460 -0.0360030 -0.0336360 -0.0221600 -0.0051190  0.0068960 -0.0046040 -0.0121550 -0.0214090 -0.0038600
 0.0662650  0.0828250  0.0744340  0.0812840  0.1010160  0.1132980  0.0754560  0.0525940  0.0777690  0.0785520  0.0830970  0.0901910  0.0825740  1.0000000  0.0715940  0.0974940  0.1030680  0.1023060  0.1066990  0.1094270  0.0021360 -0.0031550 -0.0057800 -0.0092590 -0.0051510 -0.0159770 -0.0155570 -0.0034320 -0.0371770 -0.0198510 -0.0318800 -0.0064340 -0.0062660 -0.0167760 -0.0279580 -0.0189730 -0.0250720 -0.0276230  0.0000250 -0.0075710 -0.0236640 -0.0193680 -0.0136330  0.0089390 -0.0207550 -0.0197190 -0.0215840 -0.0313020 -0.0034880 -0.0202280 -0.0419930 -0.0227970  0.0034780 -0.0125740 -0.0367110 -0.0155870 -0.0186600 -0.0159440 -0.0263820  0.0042050 -0.0228900 -0.0343650 -0.0189650 -0.0062440 -0.0251210  0.0111770  0.0061410 -0.0267110 -0.0215880 -0.0133700 -0.0301500 -0.0243660 -0.0349810 -0.0103670 -0.0223060  0.0098690 -0.0037080 -0.0159880 -0.0406020 -0.0164660 -0.0080850 -0.0024550 -0.0078760 -0.0108120 -0.0412720  0.0021320 -0.0072080 -0.0155400 -0.0168870 -0.0081580 -0.0006760 -0.0495050 -0.0117300 -0.0126370 -0.0113560 -0.0201780 -0.0317640 -0.0246250 -0.0216570 -0.0053480 -0.0063000  0.0021120 -0.0410440  0.0010420 -0.0156030 -0.0049510  0.0062710 -0.0290760 -0.0162530 -0.0297160 -0.0309840 -0.0091380 -0.0312890 -0.0066090 -0.0221440 -0.0199100 -0.0235160 -0.0272120 -0.0148320 -0.0266390  0.0035770 -0.0385290 -0.0306850 -0.0147890 -0.0126790 -0.0169090 -0.0281500 -0.0061520 -0.0205830  0.0026870 -0.0426720 -0.0179910 -0.0195070 -0.0044790 -0.0093130 -0.0298520 -0.0043360 -0.0304910 -0.0395390  0.0009950 -0.0497820 -0.0072400 -0.0300460 -0.0203170 -0.0361710 -0.0016720 -0.0095250 -0.0291540 -0.0243760  0.0078910 -0.0215330  0.0007020 -0.0128020 -0.0240550  0.0030990  0.0113030  0.0042550 -0.0173130 -0.0106640 -0.0034300 -0.0297250 -0.0278340  0.0005670 -0.0161170 -0.0271620 -0.0031770 -0.0177490 -0.0298720 -0.0129360 -0.0099540 -0.0100810 -0.0299300 -0.0354580 -0.0304290
 0.1059580  0.1038230  0.1169800  0.0965300  0.1058360  0.1115410  0.1125740  0.1020790  0.1071130  0.1205740  0.1071020  0.0950360  0.0829150  0.0715940  1.0000000  0.1080620  0.1520520  0.1287500  0.1057360  0.1221340 -0.0142760 -0.0048910 -0.0166040 -0.0214590 -0.0117300 -0.0088140 -0.0176930 -0.0272150 -0.0309640 -0.0248200 -0.0291970 -0.0319060 -0.0226060 -0.0246440 -0.0168910 -0.0128760 -0.0291810 -0.0072650 -0.0338210 -0.0113740 -0.0353490 -0.0360910 -0.0166340 -0.0268460 -0.0388590 -0.0268820 -0.0034260 -0.0155490  0.0148960 -0.0197820 -0.0379890 -0.0218140 -0.0162320 -0.0351870 -0.0241780 -0.0124320  0.0003430 -0.0115040 -0.0115110 -0.0459580 -0.0216830 -0.0127250 -0.0114220  0.0033880 -0.0197450 -0.0072990 -0.0177940 -0.0005440 -0.0229740 -0.0256810 -0.0151870 -0.0297890 -0.0310160 -0.0277780 -0.0255160 -0.0151930  0.0009240 -0.0310830 -0.0248250 -0.0100780 -0.0000540 -0.0112640 -0.0042020 -0.0124080 -0.0401700 -0.0120360 -0.0248620 -0.0061990  0.0032490  0.0025120 -0.0045010 -0.0360680 -0.0121850 -0.0084850 -0.0130970 -0.0041610 -0.0123440 -0.0089750 -0.0136680  0.0034790 -0.0173470  0.0089790 -0.0271600 -0.0320830 -0.0226170  0.0016630 -0.0155120 -0.0171420 -0.0001330 -0.0265890 -0.0390430 -0.0110790 -0.0454720 -0.0344820 -0.0189610 -0.0269910 -0.0051620  0.0041810 -0.0140580 -0.0200690 -0.0233650 -0.0345760 -0.0300900 -0.0138550 -0.0183440 -0.0298170 -0.0227390 -0.0157530  0.0011860 -0.0365700 -0.0189090 -0.0228340 -0.0279360 -0.0352070 -0.0266970 -0.0316540 -0.0076340 -0.0152310 -0.0418440 -0.0052110 -0.0408490 -0.0317450 -0.0374780 -0.0071730 -0.0073560 -0.0089780 -0.0161150 -0.0122020 -0.0235910 -0.0183890  0.0020970 -0.0212930 -0.0521270 -0.0298020 -0.0276210 -0.0177340 -0.0384800 -0.0132290 -0.0205640 -0.0306070 -0.0350330 -0.0313600 -0.0322400 -0.0329330 -0.0185360 -0.0173900 -0.0155800 -0.0217080 -0.0318450 -0.0088460 -0.0137670 -0.0188780 -0.0203990 -0.0179770
 0.1054350  0.1107950  0.1197860  0.1146560  0.1202210  0.1270490  0.0902630  0.1157850  0.1027420  0.0873060  0.0917190  0.1241310  0.0980570  0.0974940  0.1080620  1.0000000  0.1381720  0.1309320  0.1298920  0.1564130 -0.0371700 -0.0199050 -0.0106170 -0.0291990 -0.0415450 -0.0319230 -0.0279940 -0.0364810 -0.0283200 -0.0222620 -0.0290480 -0.0185090 -0.0366100 -0.0405520 -0.0417760 -0.0418130 -0.0314330 -0.0218510 -0.0330170 -0.0154230 -0.0489270 -0.0239440 -0.0086040 -0.0043040 -0.0170530  0.0023720 -0.0126670 -0.0287300 -0.0071910  0.0025350 -0.0531010 -0.0412400 -0.0245720 -0.0100180 -0.0102070 -0.0206570 -0.0248300 -0.0135570 -0.0027670 -0.0313260 -0.0020420 -0.0169310 -0.0035780 -0.0123420 -0.0136060 -0.0186940 -0.0163900 -0.0187520 -0.0407670 -0.0085290 -0.0307950 -0.0057060 -0.0416390 -0.0244330 -0.0113590 -0.0284700 -0.0255440 -0.0352740 -0.0224450 -0.0277430 -0.0092780 -0.0158300 -0.0025370 -0.0024220 -0.0025950 -0.0421040 -0.0090340 -0.0240240 -0.0279890 -0.0191590 -0.0056640 -0.0464080 -0.0335300 -0.0180870 -0.0167670 -0.0127060 -0.0113990 -0.0286660 -0.0102930 -0.0260170 -0.0279900 -0.0348450 -0.0052160 -0.0267960 -0.0141030 -0.0165930 -0.0121290  0.0029500 -0.0115120 -0.0329620 -0.0133840 -0.0463590 -0.0259670 -0.0386150 -0.0049200 -0.0474620 -0.0119200 -0.0234590 -0.0091120 -0.0076720 -0.0144860 -0.0235410 -0.0343420 -0.0164060 -0.0239450 -0.0247730 -0.0201140 -0.0174390 -0.0051590 -0.0155080 -0.0278580 -0.0111460 -0.0403930 -0.0078280 -0.0255720 -0.0227090 -0.0215570 -0.0215550 -0.0061110  0.0048230 -0.0331410  0.0016510 -0.0216360 -0.0353610 -0.0035290 -0.0204510 -0.0191950 -0.0089860 -0.0281530 -0.0122820 -0.0258260  0.0097780 -0.0343290 -0.0015060 -0.0198780 -0.0170820 -0.0241710 -0.0207070 -0.0213750  0.0106610 -0.0371450 -0.0553240 -0.0031680 -0.0163510 -0.0252970 -0.0109370 -0.0158310 -0.0490590 -0.0021000  0.0047740  0.0002270 -0.0146780 -0.0387750 -0.0156420
 0.1446300  0.1198930  0.1225930  0.1303300  0.1346370  0.1368080  0.1432470  0.1240130  0.1225700  0.1393290  0.0997300  0.1291670  0.1210710  0.1030680  0.1520520  0.1381720  1.0000000  0.1654260  0.1530090  0.1556800 -0.0249800 -0.0183250 -0.0201020  0.0038390  0.0002730 -0.0304010 -0.0221860 -0.0297070 -0.0528400 -0.0092830 -0.0249810 -0.0021950 -0.0155880 -0.0470870 -0.0246590 -0.0297810 -0.0410410 -0.0134400 -0.0293120 -0.0301810 -0.0520660 -0.0389330 -0.0287340 -0.0465270 -0.0262770 -0.0177040 -0.0302410 -0.0388300  0.0012630 -0.0189620 -0.0458400 -0.0257670  0.0000720 -0.0040780 -0.0250820 -0.0148270 -0.0446410 -0.0157580 -0.0160210 -0.0251690 -0.0259020 -0.0404600 -0.0506970 -0.0412830 -0.0290400 -0.0296330 -0.0137580 -0.0106770 -0.0164720 -0.0079780 -0.0098630 -0.0275360 -0.0244150 -0.0137170 -0.0273000 -0.0160100  0.0053590 -0.0474410 -0.0063560 -0.0491920 -0.0009850 -0.0006960 -0.0130760 -0.0031010 -0.0377810 -0.0279330 -0.0145750 -0.0306170 -0.0265040 -0.0093100 -0.0354580 -0.0213560 -0.0283860 -0.0116810 -0.0531750 -0.0016990 -0.0167410 -0.0174620  0.0042480 -0.0155840 -0.0303820 -0.0359530 -0.0320860 -0.0050720  0.0048270 -0.0407210 -0.0231220 -0.0214120 -0.0171040 -0.0215580  0.0034250 -0.0368610 -0.0045150 -0.0304190 -0.0208530 -0.0181200 -0.0226530 -0.0248860 -0.0150390 -0.0277420 -0.0214300 -0.0213090 -0.0208350 -0.0330600 -0.0139420 -0.0198110 -0.0121130 -0.0081750 -0.0153070 -0.0199240 -0.0128300 -0.0462550 -0.0356130 -0.0230240 -0.0121220 -0.0135530 -0.0313690 -0.0279780 -0.0428810 -0.0428090 -0.0527800 -0.0176330 -0.0166730 -0.0391690 -0.0404030 -0.0020660 -0.0226220 -0.0175970 -0.0352050 -0.0264500 -0.0268360 -0.0181750 -0.0235950 -0.0358040 -0.0448490 -0.0302670 -0.0299710 -0.0060910 -0.0195230 -0.0180020 -0.0374100 -0.0339210 -0.0236030 -0.0434340 -0.0288110 -0.0343160 -0.0362730 -0.0192460 -0.0131060  0.0028920 -0.0189000 -0.0348170 -0.0379470 -0.0082230
 0.1301930  0.1141690  0.1321650  0.1306870  0.1569990  0.1142800  0.1243830  0.1189230  0.1369180  0.1178270  0.1464230  0.1297300  0.0923260  0.1023060  0.1287500  0.1309320  0.1654260  1.0000000  0.1664550  0.1669220 -0.0107880 -0.0199190 -0.0299200 -0.0387150 -0.0377120 -0.0082030 -0.0316390 -0.0215000 -0.0538790 -0.0513260 -0.0536800 -0.0290590 -0.0189270 -0.0517070 -0.0387000 -0.0337980 -0.0232930 -0.0174950 -0.0213960 -0.0228170 -0.0129590 -0.0142160 -0.0218120 -0.0326820 -0.0400370 -0.0197220 -0.0294690 -0.0162600 -0.0158010 -0.0207190 -0.0137920 -0.0298760 -0.0106520 -0.0020760 -0.0318970 -0.0135860 -0.0142250 -0.0268290 -0.0272660 -0.0233330 -0.0225280 -0.0386090  0.0017830 -0.0206480 -0.0470240 -0.0095960 -0.0187290 -0.0264950 -0.0130720 -0.0135210 -0.0158960 -0.0262910 -0.0394260 -0.0391830 -0.0117260 -0.0003980  0.0221330 -0.0275700 -0.0257140 -0.0183960 -0.0143130 -0.0306420 -0.0368640 -0.0142460 -0.0270790 -0.0327920 -0.0345310 -0.0119820 -0.0115170  0.0066600 -0.0347810 -0.0494590 -0.0391290 -0.0308140 -0.0397980 -0.0170840 -0.0159310 -0.0204430 -0.0375670 -0.0030990 -0.0358530 -0.0390080 -0.0004240 -0.0301340  0.0042640 -0.0288660 -0.0213330  0.0070130 -0.0165650 -0.0244780 -0.0253650 -0.0182630 -0.0300890 -0.0040250 -0.0281470 -0.0341260 -0.0243610 -0.0444250 -0.0176990 -0.0003600 -0.0269990 -0.0581350 -0.0208290 -0.0364650 -0.0342580 -0.0378090 -0.0259200 -0.0161820 -0.0277680 -0.0174070  0.0027780 -0.0282650 -0.0351640  0.0007350 -0.0258620 -0.0279920 -0.0384370 -0.0354300 -0.0241980 -0.0198750 -0.0262990 -0.0361360 -0.0230150 -0.0235750 -0.0245280  0.0116860 -0.0169680 -0.0353260 -0.0280420 -0.0138210 -0.0104260  0.0033620 -0.0286460 -0.0157820 -0.0299570 -0.0400700 -0.0253650 -0.0129070 -0.0350610 -0.0353940 -0.0465630 -0.0310910  0.0139780 -0.0442160 -0.0076510 -0.0361830 -0.0368300 -0.0018750 -0.0117280 -0.0241730 -0.0133650 -0.0074880 -0.0364870 -0.0084860
 0.1437500  0.1003060  0.0939680  0.1279240  0.1345860  0.1246050  0.1156330  0.1081360  0.0975870  0.1161670  0.1265140  0.1377370  0.0994350  0.1066990  0.1057360  0.1298920  0.1530090  0.1664550  1.0000000  0.1563210 -0.0194010 -0.0183840 -0.0106150 -0.0604880 -0.0306010 -0.0303890 -0.0039300 -0.0099270 -0.0524230 -0.0472930 -0.0289670 -0.0516830 -0.0221020 -0.0356020 -0.0351260 -0.0122970 -0.0464590  0.0074020 -0.0348610 -0.0408300 -0.0479940 -0.0240210 -0.0308370 -0.0193800 -0.0255380 -0.0171430 -0.0198220 -0.0361820  0.0003460 -0.0444360 -0.0413260 -0.0391860 -0.0219640  0.0147870 -0.0283670 -0.0277460 -0.0040610 -0.0289800 -0.0234210 -0.0147200 -0.0053060 -0.0484990 -0.0203630 -0.0321170 -0.0382870 -0.0184670 -0.0159670 -0.0367500 -0.0268830 -0.0101010 -0.0318860 -0.0255880 -0.0268180 -0.0074990 -0.0376760 -0.0023800  0.0039630 -0.0188600 -0.0294600 -0.0103190 -0.0134190 -0.0105780  0.0012770 -0.0304780 -0.0293830 -0.0202580 -0.0062180 -0.0299080 -0.0334690 -0.0335190 -0.0035460 -0.0488510 -0.0380900 -0.0122870 -0.0418140  0.0114300 -0.0171930 -0.0015100 -0.0377560 -0.0105920 -0.0244440 -0.0347510 -0.0299500 -0.0160100 -0.0337970 -0.0114260 -0.0297140 -0.0360420 -0.0222540 -0.0368220 -0.0105280 -0.0312750 -0.0307280 -0.0341730 -0.0157840 -0.0342230 -0.0039820 -0.0281270 -0.0120920 -0.0118770 -0.0256660 -0.0515400 -0.0053300 -0.0465220 -0.0201660 -0.0171140 -0.0100630 -0.0204790 -0.0357940 -0.0232910 -0.0560940 -0.0282010 -0.0355920 -0.0236970 -0.0154980 -0.0157080 -0.0155150 -0.0363010 -0.0344300 -0.0412780  0.0004770 -0.0058180 -0.0163610  0.0069270 -0.0456920 -0.0007900 -0.0139700 -0.0206570 -0.0136970 -0.0135960 -0.0174690 -0.0201490 -0.0314570 -0.0187610 -0.0175120 -0.0024030 -0.0263490 -0.0053240 -0.0355370 -0.0237700 -0.0051300 -0.0242630 -0.0103350 -0.0330460 -0.0240290 -0.0100790 -0.0093410 -0.0055470 -0.0088460 -0.0079820 -0.0028070 -0.0168990 -0.0152250 -0.0022110
 0.1123400  0.1090760  0.1330470  0.1613570  0.1283060  0.1310090  0.0869310  0.1212140  0.1075840  0.1354800  0.0909920  0.1116690  0.1187000  0.1094270  0.1221340  0.1564130  0.1556800  0.1669220  0.1563210  1.0000000 -0.0099210 -0.0081530 -0.0226380 -0.0169760 -0.0205060 -0.0224170 -0.0582210 -0.0467560 -0.0256760 -0.0134130 -0.0293110 -0.0233400 -0.0215740 -0.0240380 -0.0056270 -0.0297430 -0.0009890 -0.0323670 -0.0153830 -0.0224940 -0.0572360 -0.0138640 -0.0336620 -0.0303510 -0.0031800 -0.0120320 -0.0133520  0.0068080 -0.0147960 -0.0367490 -0.0477000 -0.0368600 -0.0314540 -0.0134110 -0.0170010 -0.0202270 -0.0255340 -0.0005130 -0.0176680 -0.0356020 -0.0167790 -0.0250270 -0.0131130 -0.0414110 -0.0244770 -0.0107120 -0.0290720  0.0035080 -0.0489030 -0.0162610 -0.0149270 -0.0101870 -0.0195330 -0.0062360 -0.0617140 -0.0218970 -0.0199460 -0.0250840  0.0026260 -0.0286710 -0.0149240 -0.0268420 -0.0269520 -0.0154290 -0.0065830 -0.0265490 -0.0080310 -0.0437420 -0.0141440 -0.0179590 -0.0220690 -0.0178400 -0.0302750  0.0072400 -0.0176010  0.0142870 -0.0077820 -0.0205650 -0.0397030 -0.0280190 -0.0186820 -0.0493550 -0.0278290 -0.0344070 -0.0163310 -0.0194510 -0.0246390 -0.0057540 -0.0203780 -0.0450530 -0.0076390 -0.0162560 -0.0142750 -0.0382270 -0.0109470 -0.0377550 -0.0114700 -0.0151260  0.0061490 -0.0087690 -0.0281030 -0.0083810 -0.0438580 -0.0224760 -0.0053520 -0.0351270 -0.0217960  0.0023730 -0.0392450 -0.0021180 -0.0370350 -0.0359280 -0.0408260 -0.0321900 -0.0206250 -0.0227390 -0.0140330 -0.0107190 -0.0361050 -0.0299700 -0.0581740 -0.0589680 -0.0195220 -0.0305620 -0.0460340 -0.0010100 -0.0111860 -0.0201050 -0.0339590 -0.0379340 -0.0398560 -0.0199440 -0.0363470 -0.0288250 -0.0185260 -0.0487550 -0.0138820 -0.0318790 -0.0494270 -0.0085450 -0.0073830 -0.0345790 -0.0116830 -0.0369200 -0.0279830 -0.0209040 -0.0318310 -0.0179360 -0.0061160 -0.0098650 -0.0197650 -0.0291430 -0.0275610 -0.0194840
