 1.0000000  0.0612840  0.1002960  0.0815100  0.0683380  0.0695870  0.3188350  0.0989660  0.0700480  0.0741450  0.0549400  0.0915820  0.0920090  0.0525460  0.0876500  0.0677950  0.0906170  0.0964650  0.1005730  0.0770920 -0.0140010 -0.0100630 -0.0113870 -0.0159470 -0.0032060 -0.0103580 -0.0127050 -0.0097180 -0.0336660 -0.0212900 -0.0285770 -0.0226400 -0.0171640 -0.0259030 -0.0110660 -0.0101940 -0.0170940 -0.0198120 -0.0192200 -0.0271250 -0.0164980 -0.0072140 -0.0210690 -0.0209880 -0.0223730 -0.0253940 -0.0233380 -0.0341030  0.0047410 -0.0200290 -0.0056910 -0.0115520 -0.0329620 -0.0028390 -0.0282300 -0.0154960 -0.0098420 -0.0217160 -0.0220720 -0.0037710 -0.0218930 -0.0420080 -0.0346650 -0.0022060 -0.0202550 -0.0225770 -0.0265850 -0.0294250 -0.0241860 -0.0148190 -0.0199010 -0.0107790 -0.0151170 -0.0218430 -0.0020400 -0.0312400 -0.0059710 -0.0087320 -0.0237090 -0.0233670 -0.0154230 -0.0160690 -0.0277020 -0.0222030 -0.0238780 -0.0284850 -0.0162510 -0.0177410 -0.0297400 -0.0207140 -0.0308770 -0.0327650 -0.0138860 -0.0127460 -0.0026660  0.0051740 -0.0161710 -0.0239330 -0.0188710 -0.0230360 -0.0183410 -0.0303440 -0.0154980 -0.0116130 -0.0054290 -0.0340630 -0.0072530 -0.0135890 -0.0139100 -0.0230920 -0.0211120 -0.0170400 -0.0239040 -0.0203120 -0.0117500 -0.0263030 -0.0211870 -0.0231480 -0.0164120 -0.0073970 -0.0274700 -0.0226590 -0.0243910 -0.0159750 -0.0250000 -0.0279570 -0.0328280  0.0004340 -0.0073350 -0.0221200 -0.0202040 -0.0325960 -0.0261190 -0.0206660 -0.0149540 -0.0040670 -0.0202360 -0.0324280 -0.0204240 -0.0132000 -0.0382920 -0.0214840 -0.0268900 -0.0279400 -0.0184620 -0.0029340 -0.0056130 -0.0149780 -0.0023450 -0.0187460 -0.0073630 -0.0080040 -0.0370790 -0.0256590 -0.0169700 -0.0181250 -0.0266940 -0.0143170 -0.0237040 -0.0139180 -0.0242980 -0.0209070 -0.0033160 -0.0137960 -0.0077520 -0.0021070 -0.0099000 -0.0059660 -0.0172820 -0.0009190  0.0034150 -0.0205920 -0.0099990 -0.0044350
 0.0612840  1.0000000  0.0938570  0.0814930  0.0613400  0.0958050  0.0787120  0.0643010  0.0610660  0.0773650  0.0836700  0.0693050  0.0704440  0.0638620  0.0708310  0.0731200  0.0763300  0.0722400  0.0673510  0.0740420  0.0080890 -0.0134420 -0.0154530 -0.0122360 -0.0206980 -0.0199980 -0.0222090 -0.0196000 -0.0328570 -0.0205500 -0.0337200 -0.0339000 -0.0213020 -0.0241290 -0.0031930 -0.0078490 -0.0310150 -0.0080320 -0.0223360 -0.0162760 -0.0091220 -0.0158000 -0.0201850 -0.0149470 -0.0111970 -0.0111410 -0.0186600 -0.0166620 -0.0098100 -0.0192530 -0.0086140 -0.0222530 -0.0100280 -0.0192810 -0.0265200 -0.0144460 -0.0197880 -0.0118620  0.0063360 -0.0220010 -0.0234910 -0.0289660 -0.0112810 -0.0000490 -0.0232090  0.0047300 -0.0104880 -0.0074170 -0.0240030  0.0008320 -0.0113880 -0.0285440 -0.0202780 -0.0019380 -0.0200680 -0.0206010 -0.0075190  0.0014660 -0.0082230 -0.0172860 -0.0224000  0.0041990 -0.0007450 -0.0248980 -0.0065270 -0.0151870 -0.0134820 -0.0141230 -0.0262820 -0.0137820  0.0079310 -0.0248750 -0.0046560 -0.0080520 -0.0180250 -0.0027180 -0.0060720  0.0023280 -0.0199260 -0.0092010 -0.0218750 -0.0073920 -0.0319260 -0.0227430 -0.0121300 -0.0082800 -0.0099410 -0.0199090  0.0013250 -0.0233680 -0.0208680 -0.0211180 -0.0127120 -0.0102540 -0.0161290 -0.0222650 -0.0080480 -0.0164000  0.0097120 -0.0148870 -0.0153760 -0.0198570 -0.0045320 -0.0044830 -0.0259840 -0.0235890 -0.0171360 -0.0100800 -0.0207430 -0.0302300 -0.0229250 -0.0136190 -0.0333010 -0.0239930 -0.0297010 -0.0140940 -0.0248130 -0.0202290 -0.0311070 -0.0136490 -0.0204290 -0.0100790 -0.0189040 -0.0287440  0.0060520  0.0025450 -0.0067190 -0.0216570 -0.0175310 -0.0241640 -0.0176130 -0.0216970 -0.0251040  0.0139750 -0.0187760 -0.0027930 -0.0164060 -0.0086550  0.0041820 -0.0141750 -0.0372650 -0.0309080 -0.0108990 -0.0303120 -0.0165460 -0.0327110 -0.0095440 -0.0135690 -0.0152650  0.0016050 -0.0032420 -0.0427900 -0.0092110 -0.0016500
 0.1002960  0.0938570  1.0000000  0.0827210  0.0664100  0.0788560  0.0737670  0.0631730  0.0696230  0.0854410  0.0631320  0.0574710  0.0878310  0.0629430  0.0833420  0.0827350  0.0858500  0.0938250  0.0624480  0.0868870 -0.0052790 -0.0103170 -0.0086370  0.0022320 -0.0025450 -0.0042530 -0.0137100 -0.0023750 -0.0169270  0.0033860 -0.0168410 -0.0195340 -0.0218970 -0.0244670 -0.0143900  0.0061680 -0.0041270 -0.0309100 -0.0204980 -0.0173780 -0.0111780 -0.0194630 -0.0271630 -0.0113060 -0.0296800 -0.0077480 -0.0263190 -0.0101940 -0.0228390 -0.0103280 -0.0183350 -0.0069300 -0.0145250 -0.0159620 -0.0191380 -0.0108620 -0.0132250 -0.0041420 -0.0095960 -0.0258670 -0.0161330  0.0017380 -0.0009210 -0.0406630 -0.0143570 -0.0087140 -0.0205810 -0.0206820 -0.0248560 -0.0200370 -0.0172800 -0.0276350 -0.0131560 -0.0053380 -0.0322830 -0.0108600 -0.0005790 -0.0244990 -0.0181840 -0.0243330 -0.0162170 -0.0088260 -0.0178500  0.0006160 -0.0202870 -0.0074590 -0.0200050 -0.0125280 -0.0237340 -0.0052560 -0.0119620 -0.0317580 -0.0144910 -0.0113260 -0.0108720 -0.0138130 -0.0148880 -0.0180460 -0.0008740 -0.0139490 -0.0224470  0.0033930 -0.0200940 -0.0133660 -0.0054960 -0.0039090 -0.0213550 -0.0244740 -0.0135760 -0.0289230 -0.0191780 -0.0180790 -0.0208070 -0.0121500 -0.0032790 -0.0250000 -0.0207260 -0.0233020 -0.0025950 -0.0247730 -0.0005060 -0.0427280 -0.0204400 -0.0190830 -0.0067490 -0.0253420 -0.0188110 -0.0101880 -0.0076250 -0.0064500 -0.0119130 -0.0369600 -0.0452750 -0.0218420 -0.0201810 -0.0177790 -0.0263120 -0.0329210 -0.0280650  0.0054620 -0.0269430 -0.0288850 -0.0222300 -0.0210580 -0.0048580 -0.0330320  0.0007650 -0.0216620 -0.0261850 -0.0120460 -0.0117930 -0.0068830 -0.0032160 -0.0173630 -0.0076670  0.0004500 -0.0073870 -0.0196500 -0.0295490 -0.0090160 -0.0401550 -0.0374410 -0.0109810 -0.0148900 -0.0110190  0.0028570 -0.0257840 -0.0160830 -0.0076160 -0.0057070 -0.0130860 -0.0235940 -0.0094940 -0.0070390
 0.0815100  0.0814930  0.0827210  1.0000000  0.0827540  0.0876800  0.0789900  0.0714660  0.0743380  0.0661260  0.0765710  0.0915410  0.0676140  0.0748990  0.0730420  0.0744570  0.0905710  0.0853780  0.0809710  0.1081650 -0.0220760 -0.0210780 -0.0034970 -0.0289640 -0.0162910 -0.0290460 -0.0283550 -0.0147600 -0.0134180 -0.0211860 -0.0178140 -0.0233000 -0.0120660 -0.0233450  0.0008390 -0.0004610 -0.0113900 -0.0038110 -0.0160360 -0.0211460 -0.0166490 -0.0127270 -0.0214930 -0.0228510 -0.0246750 -0.0122540 -0.0121250 -0.0117470 -0.0128100 -0.0210460 -0.0136820 -0.0349790 -0.0307450 -0.0224090 -0.0170340 -0.0044800 -0.0132310 -0.0468220 -0.0014640 -0.0219780 -0.0269350 -0.0285780 -0.0241960 -0.0249480 -0.0143060 -0.0041690 -0.0042780 -0.0273890 -0.0077890 -0.0162940 -0.0198160 -0.0186400 -0.0258530 -0.0277930 -0.0039330 -0.0161190 -0.0244370 -0.0150000 -0.0115090 -0.0337160 -0.0113880 -0.0138820 -0.0243630 -0.0033030 -0.0112700 -0.0296980 -0.0125110 -0.0277750 -0.0241610 -0.0188460 -0.0176580 -0.0310500 -0.0137170 -0.0015050 -0.0294780 -0.0095880 -0.0068240 -0.0137110 -0.0185520 -0.0001110 -0.0116130 -0.0270620 -0.0179310 -0.0219840 -0.0083540 -0.0275700  0.0027950 -0.0148630 -0.0156790 -0.0288420 -0.0205050 -0.0234750 -0.0282690 -0.0146980 -0.0144460 -0.0028100 -0.0230320 -0.0195330 -0.0085800 -0.0075800 -0.0172990 -0.0306840 -0.0328060 -0.0123630 -0.0242400 -0.0159720 -0.0202690 -0.0089630 -0.0123480 -0.0073510 -0.0115210 -0.0268800 -0.0161350 -0.0181840 -0.0171850 -0.0252830  0.0064200 -0.0183740 -0.0241820 -0.0018800 -0.0198170 -0.0275860 -0.0119650 -0.0172360 -0.0140300 -0.0015090  0.0029450 -0.0166410 -0.0171020 -0.0187830 -0.0202560 -0.0044910 -0.0127000 -0.0103740  0.0193300 -0.0121790 -0.0369620 -0.0037660  0.0158340 -0.0013490 -0.0176890 -0.0166030 -0.0063870 -0.0214260 -0.0067430 -0.0189890 -0.0072120 -0.0120110 -0.0010880 -0.0107720 -0.0046390 -0.0489240 -0.0052240  0.0040870
 0.0683380  0.0613400  0.0664100  0.0827540  1.0000000  0.0778980  0.0790970  0.0688370  0.0540530  0.0759220  0.0830410  0.0863990  0.0716850  0.0632990  0.0909570  0.0790840  0.1037110  0.1067590  0.0870080  0.0900130 -0.0241320  0.0037400  0.0024850 -0.0197170 -0.0176970 -0.0336320 -0.0147480 -0.0204000 -0.0242160 -0.0330620 -0.0221160 -0.0322200 -0.0095760 -0.0170660 -0.0156590 -0.0023500 -0.0344710 -0.0147640 -0.0178250 -0.0153330 -0.0258520 -0.0127970 -0.0139480 -0.0063970 -0.0005630 -0.0082260 -0.0211960 -0.0270370 -0.0035350 -0.0199500 -0.0227140 -0.0120580 -0.0137160 -0.0090360 -0.0118880 -0.0010890 -0.0212380 -0.0061250 -0.0023320 -0.0143800 -0.0074870 -0.0171410 -0.0190740 -0.0211140 -0.0204390  0.0053430 -0.0070570 -0.0277840 -0.0167110 -0.0289530 -0.0082690 -0.0125970 -0.0162880 -0.0171910 -0.0151920 -0.0248600 -0.0189120 -0.0207160 -0.0053840 -0.0064370 -0.0053680 -0.0089760 -0.0149770 -0.0169640 -0.0204610 -0.0114050 -0.0133980 -0.0203910 -0.0072300 -0.0075220 -0.0148190 -0.0233100 -0.0316620 -0.0148520 -0.0184940 -0.0226340 -0.0341500 -0.0094700 -0.0252380 -0.0143820 -0.0319250 -0.0047890 -0.0197920 -0.0167090 -0.0153790 -0.0177250 -0.0082710 -0.0090110 -0.0019860 -0.0153690 -0.0165790 -0.0136950 -0.0158320 -0.0314780 -0.0080440 -0.0101100 -0.0228050 -0.0150770 -0.0190900 -0.0011420 -0.0012790 -0.0297730 -0.0052620 -0.0241710 -0.0107420 -0.0131560 -0.0005600 -0.0107870 -0.0244700 -0.0111400 -0.0297360 -0.0162620 -0.0201590 -0.0159680 -0.0104430 -0.0044140 -0.0196540 -0.0155600 -0.0131050 -0.0086820 -0.0465610 -0.0274550 -0.0226060 -0.0199490 -0.0157240 -0.0042260 -0.0288640 -0.0177050 -0.0185800 -0.0082610 -0.0333010  0.0056120 -0.0214830 -0.0131310  0.0038130 -0.0124780 -0.0201190  0.0048370 -0.0256060 -0.0171970 -0.0173630 -0.0301380 -0.0080800 -0.0231870 -0.0151530 -0.0252250 -0.0193120 -0.0218740 -0.0144290 -0.0119800 -0.0020820 -0.0231110 -0.0179740 -0.0127640
 0.0695870  0.0958050  0.0788560  0.0876800  0.0778980  1.0000000  0.0812280  0.1025210  0.0836310  0.1112760  0.0835100  0.0659440  0.0789260  0.0827080  0.0844670  0.0943670  0.1015030  0.0879680  0.0949440  0.0915830 -0.0225540 -0.0383600 -0.0294400 -0.0157880 -0.0210090 -0.0036220 -0.0195840 -0.0329120 -0.0276920 -0.0190510 -0.0282970 -0.0270220 -0.0195720 -0.0307330 -0.0309680 -0.0383680 -0.0300810 -0.0203570 -0.0203990 -0.0041480 -0.0220110 -0.0225200 -0.0113170  0.0045700 -0.0197330 -0.0036340  0.0038980 -0.0086640 -0.0119280 -0.0190740 -0.0110540 -0.0090380 -0.0257970 -0.0171080 -0.0160090 -0.0382600 -0.0214090 -0.0149040 -0.0120270 -0.0089960 -0.0079030 -0.0285570 -0.0133510 -0.0104230 -0.0289910  0.0011030 -0.0157000 -0.0342100 -0.0223110 -0.0080920 -0.0218040 -0.0149030 -0.0189470 -0.0091730 -0.0200530 -0.0066360 -0.0135260 -0.0108230 -0.0301020 -0.0188460 -0.0114490 -0.0362170 -0.0068660 -0.0219310 -0.0300100 -0.0102600 -0.0113650 -0.0301700 -0.0176920 -0.0072630 -0.0163530 -0.0299140 -0.0176660 -0.0195150 -0.0132620 -0.0088910 -0.0065290 -0.0183270 -0.0177160 -0.0006350  0.0001800 -0.0181390 -0.0244030 -0.0073440 -0.0177200 -0.0103520 -0.0168570 -0.0110790 -0.0173570 -0.0161840 -0.0152030 -0.0155720 -0.0125750 -0.0339320 -0.0209650 -0.0151170 -0.0132910 -0.0176070 -0.0065110 -0.0127740 -0.0165800 -0.0245190 -0.0276370 -0.0043800 -0.0198060 -0.0216050 -0.0295120 -0.0254520 -0.0235830 -0.0329290 -0.0245650 -0.0152700 -0.0250970 -0.0008190 -0.0112090 -0.0286350 -0.0078580 -0.0142860 -0.0222110 -0.0084120 -0.0334580 -0.0147300 -0.0111690 -0.0283510 -0.0095930 -0.0219380 -0.0132200 -0.0079810 -0.0115300  0.0073380 -0.0269740 -0.0055750 -0.0213770 -0.0043480 -0.0191550 -0.0159890 -0.0133970 -0.0097610 -0.0218600 -0.0225470 -0.0165890 -0.0291650 -0.0090810 -0.0052020 -0.0170770 -0.0079770 -0.0164740 -0.0219290 -0.0236560  0.0015060  0.0005720 -0.0100940 -0.0190360 -0.0081160
 0.3188350  0.0787120  0.0737670  0.0789900  0.0790970  0.0812280  1.0000000  0.0851570  0.0732360  0.0756080  0.0626210  0.0684680  0.0800720  0.0603920  0.0836460  0.0622490  0.1009630  0.0760980  0.0783070  0.0608690 -0.0158750 -0.0119380 -0.0206120 -0.0284780 -0.0109330 -0.0035640 -0.0136570 -0.0198560 -0.0305680 -0.0091320 -0.0279570 -0.0060870 -0.0117790 -0.0303970 -0.0278230 -0.0152990 -0.0308450 -0.0216450 -0.0187720 -0.0504750  0.0017060 -0.0067760 -0.0093010 -0.0076190 -0.0242270 -0.0191390 -0.0184260 -0.0215330 -0.0155490 -0.0231400 -0.0153750 -0.0078780 -0.0175580 -0.0216280 -0.0187150 -0.0216950 -0.0120260 -0.0152980 -0.0186150 -0.0197150 -0.0159970 -0.0244460 -0.0300540 -0.0066790 -0.0178670 -0.0193140 -0.0247420 -0.0224890 -0.0267780 -0.0094900 -0.0081440 -0.0093450 -0.0199340 -0.0153700 -0.0101800 -0.0376010 -0.0248210 -0.0042730 -0.0275220 -0.0224300 -0.0096110 -0.0205230 -0.0069130 -0.0233400 -0.0366710 -0.0133670 -0.0173020 -0.0202220 -0.0031930 -0.0235040 -0.0192730 -0.0076670 -0.0106590 -0.0151290  0.0008910 -0.0136690 -0.0026210 -0.0194590 -0.0186850 -0.0343050 -0.0141420 -0.0170460 -0.0350720 -0.0072690 -0.0205220 -0.0261320 -0.0179370 -0.0150350 -0.0064380 -0.0236670 -0.0339580  0.0017850 -0.0186210 -0.0246740 -0.0152760 -0.0166140 -0.0145390 -0.0128730 -0.0204890 -0.0083520 -0.0226230 -0.0397440 -0.0094650 -0.0210230 -0.0269540 -0.0229320 -0.0187450 -0.0058250 -0.0138060 -0.0184650 -0.0277300 -0.0078790 -0.0189200 -0.0143150 -0.0098790 -0.0014180 -0.0148150 -0.0389000 -0.0199840  0.0108170 -0.0257240 -0.0087830 -0.0072000 -0.0148460 -0.0091880 -0.0083500 -0.0127990 -0.0198710  0.0000820 -0.0127920  0.0005040 -0.0107700 -0.0135350 -0.0318190 -0.0183990 -0.0164950 -0.0155430 -0.0260780 -0.0100820 -0.0020010 -0.0162760 -0.0142990 -0.0129550 -0.0160090 -0.0115950 -0.0167510 -0.0110430 -0.0237900 -0.0126930 -0.0219460 -0.0103080 -0.0235730 -0.0080810 -0.0097840
 0.0989660  0.0643010  0.0631730  0.0714660  0.0688370  0.1025210  0.0851570  1.0000000  0.0843880  0.0712510  0.0605920  0.0555370  0.0732600  0.0463220  0.0746200  0.0799470  0.0959010  0.0961740  0.0875700  0.0802690 -0.0281960 -0.0242250 -0.0166540 -0.0092310 -0.0198460 -0.0317290 -0.0089350 -0.0216180 -0.0241730 -0.0285610 -0.0133450 -0.0282190 -0.0111100 -0.0167290 -0.0271870 -0.0041360 -0.0088050 -0.0315650 -0.0242180 -0.0142990 -0.0217460 -0.0133800 -0.0111760 -0.0163150 -0.0111180 -0.0125120 -0.0130580 -0.0273130 -0.0172860 -0.0234000  0.0001710  0.0099220 -0.0211680 -0.0035620 -0.0139940 -0.0052000 -0.0101490 -0.0090570 -0.0163080 -0.0118300 -0.0207680 -0.0339450 -0.0116650 -0.0194540 -0.0333830 -0.0121360 -0.0277520 -0.0170150 -0.0235780 -0.0153780 -0.0090910 -0.0274080 -0.0016390 -0.0110530 -0.0189220 -0.0164120 -0.0034950 -0.0023180 -0.0182360 -0.0162270 -0.0208730 -0.0023080 -0.0150420 -0.0097630 -0.0103640 -0.0094840 -0.0148800 -0.0212500 -0.0161110 -0.0262900 -0.0242710 -0.0082690 -0.0162590  0.0002660 -0.0184030 -0.0106050 -0.0194470 -0.0011210 -0.0253050 -0.0069850 -0.0030710 -0.0205300 -0.0129800 -0.0142660 -0.0210170 -0.0012380 -0.0182580 -0.0147810 -0.0136980 -0.0177370 -0.0099790 -0.0094330  0.0004040 -0.0091280 -0.0232880 -0.0255800 -0.0183750 -0.0250270 -0.0153000 -0.0110740 -0.0272380 -0.0006510 -0.0479810 -0.0081100 -0.0185020 -0.0278140 -0.0192530 -0.0049270 -0.0002610 -0.0187580 -0.0148820 -0.0142810 -0.0162920 -0.0145750 -0.0063690 -0.0152580 -0.0047010 -0.0132070 -0.0393700 -0.0193460 -0.0064360 -0.0170230 -0.0106800 -0.0198140 -0.0196190 -0.0007120  0.0004380 -0.0198010 -0.0075760 -0.0023540 -0.0209200 -0.0113980 -0.0228780 -0.0225940 -0.0211020 -0.0259310 -0.0021400 -0.0137990 -0.0313800 -0.0122730 -0.0415500 -0.0177400 -0.0133950 -0.0298900 -0.0192600 -0.0133530 -0.0036210 -0.0014960 -0.0246620 -0.0130640 -0.0101550 -0.0205530 -0.0160400 -0.0203730
 0.0700480  0.0610660  0.0696230  0.0743380  0.0540530  0.0836310  0.0732360  0.0843880  1.0000000  0.0795290  0.0717790  0.0796090  0.0624400  0.0589790  0.0760480  0.0800950  0.0823730  0.0964180  0.0750530  0.0750270 -0.0174670 -0.0240170 -0.0005760 -0.0052350 -0.0174680 -0.0084590 -0.0171360 -0.0369290 -0.0178430 -0.0213410 -0.0129850 -0.0188930 -0.0185140 -0.0292490 -0.0061920 -0.0182460 -0.0154150 -0.0170030 -0.0204200 -0.0165700 -0.0129440 -0.0277100 -0.0068450 -0.0170920 -0.0413970 -0.0129280 -0.0258700 -0.0151510 -0.0028700 -0.0060540 -0.0173580 -0.0246570 -0.0113750 -0.0141080 -0.0232600 -0.0298180 -0.0096560 -0.0107220  0.0032360 -0.0078930 -0.0002870 -0.0146090 -0.0202570 -0.0157480 -0.0142940 -0.0004480 -0.0123610 -0.0026330 -0.0110390 -0.0262670  0.0040050 -0.0313950 -0.0064020 -0.0239790 -0.0292310 -0.0211360  0.0013110 -0.0259000  0.0070900 -0.0351570 -0.0087910 -0.0119480 -0.0100010 -0.0042850 -0.0224900 -0.0194760 -0.0123020 -0.0205290 -0.0060340 -0.0146560 -0.0182160 -0.0276430 -0.0106870 -0.0034640 -0.0126140 -0.0214100 -0.0053010 -0.0149830 -0.0191500 -0.0137290 -0.0170730 -0.0298770 -0.0105160 -0.0107580 -0.0273620 -0.0033920 -0.0110750 -0.0182940 -0.0104810 -0.0190020 -0.0198990 -0.0108960 -0.0205450 -0.0195940 -0.0122770  0.0009630 -0.0213320 -0.0122100 -0.0079580 -0.0178500 -0.0202600 -0.0217290 -0.0158120 -0.0120990 -0.0071880 -0.0235650 -0.0315740 -0.0153600 -0.0108510 -0.0233060 -0.0194000 -0.0137250 -0.0248870 -0.0111230 -0.0136570 -0.0088850 -0.0105710 -0.0260680 -0.0164850 -0.0253270 -0.0078500 -0.0021610  0.0076990 -0.0090700 -0.0134950 -0.0302100 -0.0217100 -0.0072780 -0.0063290 -0.0013160 -0.0255230 -0.0103000 -0.0146780 -0.0174220 -0.0155670 -0.0170190 -0.0164360 -0.0146110 -0.0085180 -0.0315110 -0.0230460 -0.0213960 -0.0100380 -0.0108420 -0.0191450 -0.0098450  0.0113340 -0.0239690 -0.0189280 -0.0043060 -0.0063240 -0.0156520 -0.0243150 -0.0080830
 0.0741450  0.0773650  0.0854410  0.0661260  0.0759220  0.1112760  0.0756080  0.0712510  0.0795290  1.0000000  0.0857910  0.0557910  0.0691520  0.0636110  0.0920030  0.0665530  0.0897780  0.0888240  0.0837460  0.0908040 -0.0198790 -0.0302960 -0.0137490 -0.0238230 -0.0119650 -0.0145010 -0.0141140 -0.0298770 -0.0227290 -0.0157460 -0.0234120 -0.0104320 -0.0152820 -0.0266300 -0.0143520 -0.0080520 -0.0234510 -0.0345140 -0.0196900 -0.0213110 -0.0176280 -0.0081400 -0.0173990 -0.0214750 -0.0182010 -0.0112170 -0.0260750 -0.0284320 -0.0198990 -0.0218920 -0.0300080 -0.0163970 -0.0095640  0.0001590 -0.0150680 -0.0155690  0.0019520 -0.0096500 -0.0003440 -0.0090480 -0.0110150 -0.0366150 -0.0129780 -0.0070270 -0.0265200 -0.0058460 -0.0082440 -0.0217290 -0.0094260 -0.0172810 -0.0150830 -0.0172540 -0.0110010 -0.0036870 -0.0249390  0.0011250 -0.0073000 -0.0076850 -0.0289700 -0.0262650 -0.0059370 -0.0093800 -0.0007190 -0.0111190 -0.0213780 -0.0011410 -0.0111080 -0.0217120 -0.0012000 -0.0138310 -0.0193430 -0.0284450 -0.0193360 -0.0098070 -0.0016220 -0.0018830 -0.0048810 -0.0142150 -0.0198740 -0.0277670 -0.0148390 -0.0210800 -0.0428530 -0.0039040  0.0042380 -0.0100760 -0.0207440 -0.0019340  0.0006590  0.0022740 -0.0059840 -0.0099400 -0.0086620 -0.0330730 -0.0151750 -0.0053340 -0.0031720 -0.0174470 -0.0134380 -0.0189550 -0.0117760 -0.0405560 -0.0151390 -0.0257700 -0.0086420 -0.0232430 -0.0359800 -0.0081030 -0.0199220 -0.0389330 -0.0303810 -0.0227420 -0.0319360 -0.0187580 -0.0252200 -0.0261970 -0.0209730 -0.0139710 -0.0007360 -0.0028170 -0.0124960 -0.0250260 -0.0033130 -0.0274590 -0.0205400 -0.0059370 -0.0162690 -0.0101300 -0.0117970 -0.0162470 -0.0060950 -0.0194350 -0.0291730 -0.0134530 -0.0109280 -0.0040780 -0.0192420 -0.0096100 -0.0133000 -0.0061230 -0.0445360 -0.0124140 -0.0175450 -0.0321790 -0.0170450 -0.0199310 -0.0337110 -0.0204200 -0.0049680  0.0077750  0.0113950 -0.0205210 -0.0215790 -0.0067830
 0.0549400  0.0836700  0.0631320  0.0765710  0.0830410  0.0835100  0.0626210  0.0605920  0.0717790  0.0857910  1.0000000  0.0846760  0.0655920  0.0651840  0.0852880  0.0645560  0.0646360  0.0922820  0.0852110  0.0735900 -0.0161620 -0.0155530 -0.0031310 -0.0318860 -0.0258970 -0.0264540 -0.0292840 -0.0230030 -0.0163120 -0.0166520 -0.0103960 -0.0208270 -0.0178770 -0.0325150 -0.0107640 -0.0209910 -0.0210260 -0.0191160 -0.0166030 -0.0137660 -0.0313440 -0.0063350 -0.0254410 -0.0150830 -0.0196480 -0.0067150 -0.0282340 -0.0171960 -0.0057990 -0.0080010 -0.0098100 -0.0197170 -0.0128800 -0.0184880 -0.0250110 -0.0062940 -0.0280720 -0.0158070 -0.0102730 -0.0009850  0.0086120 -0.0183570 -0.0186510 -0.0039480 -0.0295700  0.0016760 -0.0271820 -0.0254370 -0.0205770 -0.0199600 -0.0048630 -0.0130720 -0.0075280 -0.0145110 -0.0293010 -0.0223230 -0.0151370 -0.0097280 -0.0207080 -0.0134610 -0.0115500  0.0002590 -0.0100260 -0.0023490 -0.0019560 -0.0037180 -0.0328270 -0.0309250 -0.0141390 -0.0271030 -0.0077060 -0.0169370 -0.0071970 -0.0048850 -0.0116240 -0.0148660 -0.0149520 -0.0164400 -0.0133310 -0.0085250 -0.0100480 -0.0073550 -0.0235610 -0.0191320 -0.0104090 -0.0135510 -0.0177840 -0.0104420  0.0039940 -0.0186570 -0.0201120 -0.0256840 -0.0290240 -0.0173560 -0.0219110 -0.0127570 -0.0183920 -0.0158680 -0.0142210  0.0010760 -0.0259490 -0.0223170 -0.0231830 -0.0242300 -0.0283420 -0.0223320 -0.0248290 -0.0168790 -0.0110510 -0.0194760 -0.0117920 -0.0284950 -0.0083090 -0.0103350 -0.0126960 -0.0149920 -0.0103230 -0.0040930 -0.0260020 -0.0077280 -0.0301940 -0.0031890 -0.0182530 -0.0115070 -0.0162980 -0.0035950 -0.0121890 -0.0166520 -0.0145110 -0.0173330 -0.0148880 -0.0091710 -0.0251810 -0.0101720 -0.0017860 -0.0103690 -0.0192550 -0.0198360 -0.0086550 -0.0142100 -0.0227280 -0.0298120 -0.0193640 -0.0238170 -0.0125290 -0.0203450 -0.0052660  0.0021930  0.0067750  0.0151280  0.0050500 -0.0205600 -0.0167230  0.0008770
 0.0915820  0.0693050  0.0574710  0.0915410  0.0863990  0.0659440  0.0684680  0.0555370  0.0796090  0.0557910  0.0846760  1.0000000  0.0549550  0.0857200  0.0722000  0.0861300  0.0941640  0.0891200  0.0935770  0.0721210 -0.0196310 -0.0128680 -0.0112440 -0.0181830 -0.0185190 -0.0244760 -0.0340840 -0.0304100 -0.0116440 -0.0299280 -0.0339970 -0.0065990 -0.0117160 -0.0070050 -0.0250890 -0.0077870 -0.0119740 -0.0190380 -0.0182170 -0.0321230 -0.0123630 -0.0132570 -0.0240680 -0.0015330 -0.0287760 -0.0112380 -0.0211250 -0.0299040 -0.0016430 -0.0182310 -0.0077480 -0.0096050 -0.0296010 -0.0233120 -0.0291490 -0.0150430 -0.0108640 -0.0118370 -0.0011680 -0.0087420 -0.0239550 -0.0300790 -0.0189760 -0.0200540 -0.0356240 -0.0110230 -0.0337340 -0.0124850 -0.0146300 -0.0233110 -0.0060400 -0.0119580 -0.0196850 -0.0117380 -0.0190460 -0.0226580 -0.0092620 -0.0327380 -0.0258870 -0.0299310 -0.0281830 -0.0045890 -0.0222700 -0.0137810 -0.0193930 -0.0119790 -0.0357690 -0.0192230 -0.0166210 -0.0082280 -0.0275580 -0.0154230  0.0026180 -0.0096640 -0.0166340  0.0012030 -0.0003060 -0.0092900 -0.0197810  0.0011920 -0.0156550 -0.0133720 -0.0124790 -0.0114280 -0.0148460 -0.0259080  0.0029270 -0.0171200 -0.0162370 -0.0295520  0.0019680 -0.0270020 -0.0105570 -0.0143240 -0.0121080 -0.0022670 -0.0205940 -0.0110340  0.0030360  0.0019300 -0.0171830 -0.0268290 -0.0144470 -0.0223310 -0.0013940 -0.0289140 -0.0254830 -0.0175390 -0.0117890 -0.0244990 -0.0258020 -0.0269520 -0.0431770 -0.0179640 -0.0031130 -0.0044280 -0.0232530 -0.0102070 -0.0025500  0.0056340 -0.0231900 -0.0188380 -0.0132760 -0.0151240 -0.0012030 -0.0194750 -0.0126560 -0.0145400 -0.0054480 -0.0232880 -0.0081000  0.0021200 -0.0079180 -0.0084730 -0.0265470 -0.0146900 -0.0266040 -0.0054110 -0.0172670 -0.0059240 -0.0126450 -0.0414850 -0.0079470 -0.0138490 -0.0145150 -0.0168650 -0.0115250 -0.0074900  0.0111190 -0.0127100  0.0078070 -0.0341380 -0.0134210  0.0097350
 0.0920090  0.0704440  0.0878310  0.0676140  0.0716850  0.0789260  0.0800720  0.0732600  0.0624400  0.0691520  0.0655920  0.0549550  1.0000000  0.0662580  0.0579120  0.0788640  0.0884420  0.0737890  0.0662340  0.0895760 -0.0143540 -0.0219950 -0.0185210 -0.0153200 -0.0113790 -0.0199610 -0.0135900 -0.0187270 -0.0397500 -0.0069290 -0.0134720 -0.0326900 -0.0118440 -0.0015040 -0.0209700 -0.0088730 -0.0088610 -0.0006340 -0.0026520 -0.0308710 -0.0191970 -0.0232590 -0.0155690  0.0063570 -0.0207790 -0.0312460 -0.0155740  0.0022220 -0.0068020 -0.0066020 -0.0175390 -0.0267130 -0.0224890 -0.0210220 -0.0117170 -0.0110540 -0.0062270 -0.0124650 -0.0119070 -0.0162860 -0.0115380 -0.0091480 -0.0141000 -0.0064260 -0.0259820 -0.0066790 -0.0124610 -0.0147640 -0.0174910 -0.0112390 -0.0127400 -0.0138730 -0.0150220 -0.0094300 -0.0134640 -0.0105140 -0.0113100 -0.0007870 -0.0101010 -0.0179550 -0.0185850 -0.0287700 -0.0098100 -0.0289760 -0.0155480 -0.0173600 -0.0133190 -0.0099320 -0.0090500 -0.0183700 -0.0049510 -0.0366000 -0.0245740 -0.0033740 -0.0174740  0.0096800 -0.0102360 -0.0224130 -0.0079880 -0.0323400 -0.0176690 -0.0103630 -0.0306710 -0.0045800 -0.0132210 -0.0042770 -0.0064640 -0.0117690 -0.0075920 -0.0255390 -0.0136910 -0.0147710 -0.0175820 -0.0103440 -0.0323170 -0.0212060 -0.0153550 -0.0222850 -0.0119130 -0.0045400 -0.0131570 -0.0130720 -0.0126340 -0.0096150 -0.0142880 -0.0064690 -0.0035170 -0.0075940 -0.0222270 -0.0056640 -0.0297750 -0.0166230 -0.0120120 -0.0257550 -0.0159440 -0.0123030 -0.0250980 -0.0233180 -0.0232240 -0.0080660 -0.0361050 -0.0116440 -0.0154880 -0.0117160 -0.0161180 -0.0077770 -0.0066850 -0.0223150 -0.0116390 -0.0023160 -0.0170020 -0.0144410 -0.0059790 -0.0184050 -0.0126010 -0.0197860 -0.0076860 -0.0278390 -0.0107070 -0.0288750 -0.0338390 -0.0191330 -0.0197280 -0.0234910 -0.0213520 -0.0317650 -0.0157430 -0.0177600 -0.0043540  0.0059130 -0.0026040 -0.0219470 -0.0235530 -0.0063700
 0.0525460  0.0638620  0.0629430  0.0748990  0.0632990  0.0827080  0.0603920  0.0463220  0.0589790  0.0636110  0.0651840  0.0857200  0.0662580  1.0000000  0.0639680  0.0774630  0.0815490  0.0785310  0.0837880  0.0887450 -0.0045990 -0.0014820 -0.0098370 -0.0145360 -0.0101170 -0.0149900 -0.0124310 -0.0064210 -0.0327890 -0.0080830 -0.0291350 -0.0025390 -0.0057430 -0.0101200 -0.0226510 -0.0160750 -0.0166640 -0.0177420 -0.0083720 -0.0083810 -0.0309930 -0.0161930 -0.0211840  0.0000330 -0.0150550 -0.0223160 -0.0175820 -0.0289840 -0.0102860 -0.0228210 -0.0275460 -0.0083000 -0.0031930 -0.0198910 -0.0359780 -0.0092460 -0.0148260 -0.0166490 -0.0151230 -0.0025690 -0.0144380 -0.0195450 -0.0185340 -0.0049910 -0.0267920  0.0103460 -0.0161780 -0.0201800 -0.0230410 -0.0160190 -0.0270100 -0.0106440 -0.0241110 -0.0057230 -0.0244620 -0.0089960  0.0001090 -0.0158850 -0.0295040 -0.0071780 -0.0211260  0.0032300 -0.0125540 -0.0145720 -0.0263210 -0.0116660 -0.0122210 -0.0125670 -0.0240000 -0.0127100  0.0011960 -0.0259540 -0.0054100 -0.0145670  0.0026840 -0.0118950 -0.0165190 -0.0218820 -0.0222890 -0.0174450 -0.0018250 -0.0046780 -0.0354190 -0.0047140 -0.0130690 -0.0059290  0.0026370 -0.0226560 -0.0127720 -0.0267710 -0.0293310 -0.0153270 -0.0214150 -0.0117490 -0.0102590 -0.0158140 -0.0247510 -0.0218830 -0.0069910 -0.0252050 -0.0085090 -0.0271970 -0.0246570 -0.0128930 -0.0124440 -0.0097960 -0.0258070 -0.0160760 -0.0182130 -0.0197220 -0.0379410 -0.0117070 -0.0141700 -0.0037040 -0.0196140 -0.0273800 -0.0061010 -0.0178760 -0.0347560  0.0047700 -0.0404290 -0.0126920 -0.0220340 -0.0088220 -0.0241020 -0.0058570 -0.0093470 -0.0170450 -0.0249020 -0.0068540 -0.0103970 -0.0061890 -0.0088080 -0.0174270 -0.0117870  0.0060630 -0.0021920 -0.0117370 -0.0058880 -0.0074480 -0.0292890 -0.0214190 -0.0006450 -0.0178350 -0.0179110  0.0042160  0.0016580 -0.0222880 -0.0015950  0.0073480 -0.0046780 -0.0095590 -0.0231840 -0.0224860
 0.0876500  0.0708310  0.0833420  0.0730420  0.0909570  0.0844670  0.0836460  0.0746200  0.0760480  0.0920030  0.0852880  0.0722000  0.0579120  0.0639680  1.0000000  0.0725930  0.1054730  0.1028450  0.0806930  0.0864470 -0.0130170 -0.0054620 -0.0118660 -0.0204280 -0.0095520 -0.0112750 -0.0155050 -0.0225900 -0.0228630 -0.0175460 -0.0290730 -0.0212860 -0.0156030 -0.0213430 -0.0142110  0.0001960 -0.0222820 -0.0110890 -0.0251850 -0.0093780 -0.0228650 -0.0223470 -0.0121620 -0.0176730 -0.0282290 -0.0202960 -0.0085750 -0.0223590 -0.0127930 -0.0230170 -0.0346530 -0.0111260 -0.0028380 -0.0287190 -0.0221370 -0.0167180 -0.0048990 -0.0085850 -0.0125330 -0.0334780 -0.0258600 -0.0152430  0.0000420 -0.0067190 -0.0206000  0.0040490 -0.0086140 -0.0013780 -0.0217110 -0.0177620 -0.0163110 -0.0249590 -0.0228380 -0.0116020 -0.0214410 -0.0135570 -0.0060820 -0.0311050 -0.0197620 -0.0242120 -0.0041220 -0.0144100 -0.0170400 -0.0214120 -0.0349460 -0.0206800 -0.0182940 -0.0223480 -0.0013070 -0.0160520 -0.0058370 -0.0250920 -0.0105270 -0.0058330 -0.0120600  0.0052720 -0.0103580 -0.0152840 -0.0144590 -0.0036320 -0.0191160 -0.0022520 -0.0248140 -0.0355430 -0.0199820 -0.0122160 -0.0059800 -0.0153700 -0.0017880 -0.0233330 -0.0414230 -0.0093100 -0.0383930 -0.0270220 -0.0073040 -0.0224510 -0.0070720  0.0032770 -0.0148130 -0.0145690 -0.0151220 -0.0311800 -0.0124520 -0.0030070 -0.0223720 -0.0236810 -0.0170280 -0.0246830 -0.0039020 -0.0179180 -0.0194330 -0.0178130 -0.0205360 -0.0213340 -0.0197230 -0.0253180 -0.0113460 -0.0090740 -0.0317070 -0.0095360 -0.0320550 -0.0252980 -0.0189440 -0.0080100 -0.0028510  0.0016670 -0.0105690 -0.0140670 -0.0053020 -0.0175940  0.0033200 -0.0184510 -0.0357580 -0.0184490 -0.0134820 -0.0066310 -0.0157820 -0.0089360 -0.0008230 -0.0083410 -0.0259590 -0.0294040 -0.0303470 -0.0163690 -0.0026360 -0.0165310 -0.0117490 -0.0224760 -0.0231090  0.0004840 -0.0065640 -0.0235070 -0.0204280 -0.0181440
 0.0677950  0.0731200  0.0827350  0.0744570  0.0790840  0.0943670  0.0622490  0.0799470  0.0800950  0.0665530  0.0645560  0.0861300  0.0788640  0.0774630  0.0725930  1.0000000  0.0994590  0.0884890  0.0813820  0.1039550 -0.0257020 -0.0153860 -0.0101370 -0.0221560 -0.0267350 -0.0260300 -0.0190080 -0.0367700 -0.0150820 -0.0096970 -0.0186820 -0.0169010 -0.0249770 -0.0389200 -0.0346310 -0.0357070 -0.0145270 -0.0106930 -0.0176230 -0.0049770 -0.0286740 -0.0257380 -0.0167110 -0.0108740 -0.0164730 -0.0044730 -0.0113260 -0.0252190 -0.0161440 -0.0119210 -0.0286440 -0.0219300 -0.0324990 -0.0110650 -0.0079150 -0.0177340 -0.0162780 -0.0161570 -0.0056980 -0.0230500  0.0052670 -0.0210990  0.0032180 -0.0044380 -0.0162290 -0.0031830 -0.0132330 -0.0077760 -0.0311190 -0.0108250 -0.0259090 -0.0132670 -0.0125520 -0.0259070 -0.0174080 -0.0165250 -0.0104600 -0.0239980 -0.0115530 -0.0115830 -0.0042990 -0.0117620 -0.0083630 -0.0074380 -0.0111340 -0.0285210 -0.0056520 -0.0115830 -0.0115080 -0.0114710 -0.0098140 -0.0196440 -0.0253440 -0.0040070 -0.0065050 -0.0111260 -0.0074840 -0.0278700 -0.0102540 -0.0208860 -0.0125810 -0.0284940 -0.0092430 -0.0187450 -0.0086690 -0.0057210 -0.0080370  0.0032070 -0.0175840 -0.0289930 -0.0121700 -0.0211400 -0.0170000 -0.0241680 -0.0105450 -0.0293920 -0.0157250 -0.0142120 -0.0166200 -0.0037210 -0.0093560 -0.0126000 -0.0280330 -0.0204300 -0.0187090 -0.0169280 -0.0195030 -0.0034900 -0.0103230 -0.0193090 -0.0179220 -0.0221360 -0.0317300 -0.0185890 -0.0244910 -0.0092360 -0.0201150 -0.0231850 -0.0142320 -0.0048100 -0.0224420 -0.0016520 -0.0131310 -0.0245240 -0.0122950 -0.0163250 -0.0200650 -0.0057140 -0.0152590 -0.0006010 -0.0227240 -0.0059600 -0.0267850 -0.0043250 -0.0181300 -0.0153490 -0.0154490 -0.0140940 -0.0147350  0.0024140 -0.0264720 -0.0428490 -0.0023170 -0.0124830 -0.0175880 -0.0139180 -0.0141560 -0.0416490 -0.0091930  0.0042190 -0.0007880 -0.0092310 -0.0322430 -0.0178030
 0.0906170  0.0763300  0.0858500  0.0905710  0.1037110  0.1015030  0.1009630  0.0959010  0.0823730  0.0897780  0.0646360  0.0941640  0.0884420  0.0815490  0.1054730  0.0994590  1.0000000  0.1268700  0.1066900  0.1097990 -0.0150230 -0.0177470 -0.0026200 -0.0126600 -0.0098220 -0.0279740 -0.0208080 -0.0256480 -0.0325320  0.0073720 -0.0200430 -0.0053160 -0.0057190 -0.0267700 -0.0235620 -0.0265260 -0.0264660 -0.0105860 -0.0222620 -0.0308550 -0.0348930 -0.0271670 -0.0135640 -0.0272300 -0.0281290 -0.0214830 -0.0208840 -0.0369040 -0.0043890 -0.0181220 -0.0169740 -0.0248760 -0.0058050  0.0007730 -0.0115390 -0.0223040 -0.0306460 -0.0158590 -0.0183060 -0.0188440 -0.0247300 -0.0218410 -0.0287960 -0.0246920 -0.0293600 -0.0205500 -0.0097280 -0.0048070 -0.0099410 -0.0101950 -0.0019640 -0.0264070 -0.0102020 -0.0114480 -0.0190320 -0.0084660  0.0061860 -0.0301050 -0.0057010 -0.0260470 -0.0132300 -0.0018990 -0.0169440 -0.0006060 -0.0141130 -0.0116360 -0.0149750 -0.0226650 -0.0131830 -0.0153160 -0.0208100 -0.0166070 -0.0312050 -0.0139350 -0.0298800 -0.0034670 -0.0157410 -0.0076560 -0.0089420 -0.0121710 -0.0214090 -0.0171170 -0.0150990 -0.0136070 -0.0146590 -0.0222480 -0.0078440 -0.0162730 -0.0276740 -0.0175860 -0.0039500 -0.0260270 -0.0012430 -0.0215290 -0.0121570 -0.0143180 -0.0128620 -0.0139210 -0.0165210 -0.0262440 -0.0282540 -0.0207130 -0.0193030 -0.0395410 -0.0150160 -0.0258800 -0.0114310 -0.0085560 -0.0081010 -0.0193520 -0.0192170 -0.0262990 -0.0290820 -0.0162140 -0.0152170 -0.0102930 -0.0201020 -0.0222330 -0.0463170 -0.0299560 -0.0352680 -0.0135190 -0.0097320 -0.0310630 -0.0376970 -0.0132200 -0.0112820 -0.0130540 -0.0184520 -0.0167860 -0.0267500 -0.0222700 -0.0156750 -0.0293480 -0.0382560 -0.0137270 -0.0281470 -0.0129610 -0.0188820 -0.0176390 -0.0193660 -0.0244050 -0.0157530 -0.0256120 -0.0150120 -0.0268410 -0.0331880 -0.0308860 -0.0290990 -0.0048470 -0.0141270 -0.0214820 -0.0290080 -0.0163190
 0.0964650  0.0722400  0.0938250  0.0853780  0.1067590  0.0879680  0.0760980  0.0961740  0.0964180  0.0888240  0.0922820  0.0891200  0.0737890  0.0785310  0.1028450  0.0884890  0.1268700  1.0000000  0.1137930  0.1108920 -0.0116490 -0.0173860 -0.0177530 -0.0228710 -0.0219940 -0.0077800 -0.0156250 -0.0224750 -0.0440640 -0.0386200 -0.0491690 -0.0164760 -0.0244710 -0.0364530 -0.0258870 -0.0175920 -0.0176210 -0.0163750 -0.0090480 -0.0114180 -0.0028910 -0.0098430 -0.0157180 -0.0150290 -0.0216800 -0.0196330 -0.0130950 -0.0052940 -0.0066980 -0.0265170 -0.0182320 -0.0153540 -0.0045470 -0.0004310 -0.0135520 -0.0034190 -0.0104830 -0.0282160 -0.0203880 -0.0261170 -0.0156000 -0.0223310 -0.0019010 -0.0215660 -0.0259010 -0.0059000 -0.0109060 -0.0112690 -0.0048780 -0.0140460 -0.0132280 -0.0157380 -0.0255570 -0.0229740 -0.0074340  0.0011500  0.0172230 -0.0180430 -0.0192680 -0.0218760 -0.0175150 -0.0250550 -0.0288160 -0.0122270 -0.0318910 -0.0275250 -0.0236920 -0.0106330 -0.0235230 -0.0052320 -0.0265340 -0.0280960 -0.0194850 -0.0326590 -0.0268200 -0.0067780 -0.0214150 -0.0066200 -0.0227360 -0.0064680 -0.0312950 -0.0407120  0.0042740 -0.0255170 -0.0027880 -0.0162190 -0.0203720 -0.0016430 -0.0206580 -0.0219050 -0.0246290 -0.0161620 -0.0191600  0.0007990 -0.0138390 -0.0307390 -0.0143030 -0.0323980 -0.0274600 -0.0068470 -0.0195540 -0.0425380 -0.0182430 -0.0293180 -0.0254750 -0.0329300 -0.0234640 -0.0129750 -0.0246610 -0.0253930  0.0025540 -0.0238160 -0.0251680 -0.0100410 -0.0178630 -0.0166770 -0.0259770 -0.0255990 -0.0176850 -0.0086930 -0.0122900 -0.0245010 -0.0163440 -0.0163440 -0.0221170 -0.0076500 -0.0172160 -0.0301820 -0.0196660 -0.0141270 -0.0117780 -0.0051870 -0.0253860 -0.0089800 -0.0167870 -0.0330750 -0.0221630 -0.0207270 -0.0276590 -0.0242040 -0.0349220 -0.0169320  0.0057000 -0.0301830 -0.0162580 -0.0306420 -0.0285590 -0.0059660 -0.0107730 -0.0167840 -0.0137060 -0.0113550 -0.0337960  0.0022540
 0.1005730  0.0673510  0.0624480  0.0809710  0.0870080  0.0949440  0.0783070  0.0875700  0.0750530  0.0837460  0.0852110  0.0935770  0.0662340  0.0837880  0.0806930  0.0813820  0.1066900  0.1137930  1.0000000  0.1087940 -0.0210440 -0.0211100 -0.0110350 -0.0490840 -0.0175300 -0.0186500 -0.0048160 -0.0207590 -0.0354630 -0.0236830 -0.0317120 -0.0308150 -0.0249960 -0.0225120 -0.0215610 -0.0069250 -0.0430410  0.0051170 -0.0251500 -0.0273370 -0.0277030 -0.0119230 -0.0367150 -0.0164740 -0.0220400 -0.0191330 -0.0158670 -0.0265220 -0.0066060 -0.0381340 -0.0340530 -0.0216740 -0.0082480  0.0200830 -0.0278400 -0.0064580  0.0002240 -0.0225550 -0.0095810 -0.0189930 -0.0011190 -0.0362860 -0.0072050 -0.0209430 -0.0203080 -0.0126840 -0.0170040 -0.0235860 -0.0168810 -0.0167250 -0.0184510 -0.0187150 -0.0073280 -0.0141310 -0.0262270  0.0027760  0.0032390 -0.0152540 -0.0237250 -0.0165300 -0.0154880 -0.0217380 -0.0023570 -0.0116460 -0.0176150 -0.0150470 -0.0011150 -0.0147400 -0.0225950 -0.0306850 -0.0019480 -0.0239920 -0.0197980  0.0001620 -0.0250760  0.0056560 -0.0211130 -0.0086200 -0.0285980 -0.0102270 -0.0192470 -0.0208630 -0.0141420 -0.0153060 -0.0119040 -0.0188950 -0.0146130 -0.0308170 -0.0140300 -0.0268040 -0.0230460 -0.0125850 -0.0251400 -0.0379510 -0.0138190 -0.0188860 -0.0075990 -0.0117600  0.0005640 -0.0094050 -0.0116710 -0.0330310 -0.0069230 -0.0346350 -0.0088430 -0.0092250 -0.0177200 -0.0239680 -0.0227400 -0.0255420 -0.0360520 -0.0166140 -0.0204800 -0.0197120 -0.0164320 -0.0158580 -0.0189000 -0.0276590 -0.0172370 -0.0297080 -0.0048190 -0.0066770 -0.0183980 -0.0042250 -0.0456200 -0.0024130 -0.0269170 -0.0179410 -0.0035850 -0.0104200 -0.0198320 -0.0206690 -0.0315960 -0.0217860 -0.0130080 -0.0116650 -0.0226360 -0.0162750 -0.0251690 -0.0222290 -0.0066690 -0.0151920 -0.0128090 -0.0195160 -0.0186040 -0.0105830 -0.0033420 -0.0147500 -0.0246810 -0.0103770 -0.0042690 -0.0113620 -0.0241640 -0.0104940
 0.0770920  0.0740420  0.0868870  0.1081650  0.0900130  0.0915830  0.0608690  0.0802690  0.0750270  0.0908040  0.0735900  0.0721210  0.0895760  0.0887450  0.0864470  0.1039550  0.1097990  0.1108920  0.1087940  1.0000000 -0.0152000 -0.0134270 -0.0165480 -0.0037000 -0.0108500 -0.0148030 -0.0481030 -0.0364010 -0.0176660 -0.0117690 -0.0221450 -0.0064400 -0.0190060 -0.0138790 -0.0049690 -0.0247750 -0.0052150 -0.0206220 -0.0076460 -0.0085930 -0.0262590 -0.0030560 -0.0294730 -0.0243770 -0.0103320 -0.0082400 -0.0195590 -0.0013100 -0.0082280 -0.0313080 -0.0227800 -0.0280180 -0.0243020 -0.0152480 -0.0056110 -0.0143610 -0.0142800  0.0031230 -0.0154040 -0.0174930 -0.0081020 -0.0261250 -0.0155310 -0.0332690 -0.0202750 -0.0019330 -0.0205600 -0.0004910 -0.0337760 -0.0188740 -0.0117580 -0.0231350 -0.0138160 -0.0162780 -0.0365510 -0.0189320 -0.0177800 -0.0247220  0.0048520 -0.0267710 -0.0136980 -0.0281250 -0.0152790 -0.0097500 -0.0110570 -0.0268290 -0.0041350 -0.0404540 -0.0122550 -0.0173400 -0.0215940 -0.0162230 -0.0216490  0.0030760 -0.0174370 -0.0103590 -0.0098800 -0.0123010 -0.0249380 -0.0116970 -0.0060010 -0.0431080 -0.0256210 -0.0178130 -0.0212680 -0.0018890 -0.0134840  0.0023850 -0.0152980 -0.0266990 -0.0075970 -0.0131700 -0.0142410 -0.0258340 -0.0067720 -0.0312870 -0.0039660 -0.0137020  0.0068910 -0.0128120 -0.0203640 -0.0071060 -0.0355270 -0.0182770 -0.0049420 -0.0170940 -0.0142860 -0.0082870 -0.0195530  0.0031630 -0.0210520 -0.0295470 -0.0296240 -0.0323580 -0.0180110 -0.0184470 -0.0167800 -0.0086000 -0.0357290 -0.0256470 -0.0399250 -0.0425410 -0.0252660 -0.0177330 -0.0383420 -0.0021110 -0.0197720 -0.0270300 -0.0236500 -0.0310140 -0.0263560 -0.0118520 -0.0262750 -0.0226230 -0.0268930 -0.0353430 -0.0120760 -0.0189410 -0.0243890 -0.0086720 -0.0124430 -0.0247080 -0.0210440 -0.0171530 -0.0265200 -0.0123960 -0.0329280 -0.0061290 -0.0044280 -0.0056490 -0.0022970 -0.0293160 -0.0182000 -0.0070640
