 1.0000000  0.0753490  0.1058400  0.0967960  0.0684310  0.0671600  0.2562590  0.1046630  0.0583890  0.0679360  0.0478850  0.0478960  0.0900510  0.0259110  0.0470670  0.0310040  0.0070470  0.0867630  0.0538170  0.0281330  0.0104510  0.0050820 -0.0073920  0.0195460  0.0081250 -0.0318300  0.0117410  0.0002270 -0.0345440 -0.0212560 -0.0089830 -0.0122100 -0.0031970 -0.0158580  0.0096670  0.0218400  0.0179310 -0.0381950 -0.0144270 -0.0094570  0.0254160 -0.0009610 -0.0129480 -0.0279230 -0.0153280 -0.0716430 -0.0143110  0.0044650  0.0031950 -0.0163500 -0.0104610 -0.0124670  0.0036530 -0.0143890 -0.0171680  0.0272530 -0.0207090 -0.0441750 -0.0007130 -0.0260590 -0.0270000 -0.0267960 -0.0414750  0.0168130 -0.0562820 -0.0314730 -0.0501110 -0.0505390 -0.0222620 -0.0110930  0.0003840 -0.0076850 -0.0399340 -0.0159170  0.0146600 -0.0405670 -0.0365160  0.0006190 -0.0058410  0.0054830 -0.0063480 -0.0378820 -0.0099620 -0.0340410 -0.0229410 -0.0312280 -0.0166120 -0.0292700 -0.0170380 -0.0323560 -0.0353690 -0.0381280  0.0190470 -0.0150070 -0.0329950 -0.0100600  0.0117430 -0.0650890 -0.0194700  0.0010200 -0.0061870 -0.0294220 -0.0479210 -0.0199690 -0.0079790 -0.0549850  0.0011550 -0.0107560 -0.0346190 -0.0425290  0.0009410 -0.0217750  0.0037280 -0.0134060  0.0100250 -0.0218820 -0.0197640 -0.0532810  0.0042690 -0.0063770 -0.0003890 -0.0579350 -0.0065080  0.0195790 -0.0229490 -0.0616280 -0.0239500 -0.0342540  0.0104290 -0.0081040 -0.0228980 -0.0289950 -0.0333170 -0.0397790  0.0033870 -0.0080640  0.0222560 -0.0150340 -0.0113000 -0.0146060 -0.0207470 -0.0249290  0.0088840 -0.0431850 -0.0203490 -0.0048120  0.0082710 -0.0153210  0.0251540 -0.0287790 -0.0057790 -0.0077450 -0.0646880 -0.0047610 -0.0152220 -0.0337120 -0.0338650 -0.0225680 -0.0120320 -0.0018880 -0.0341160 -0.0001170  0.0127400 -0.0585280 -0.0110350 -0.0051600 -0.0017510  0.0006130 -0.0487340 -0.0004390 -0.0109130  0.0020760 -0.0060350  0.0030990
 0.0753490  1.0000000  0.1100460  0.1063400  0.0568480  0.0902100  0.0916150  0.0595040  0.0843050  0.0652470  0.0439400  0.0626850  0.0800540  0.0207120  0.0761080  0.0280620  0.0552190  0.0839840  0.0396260  0.0800420  0.0157610 -0.0285270 -0.0051340 -0.0054420 -0.0097820 -0.0350220  0.0015280 -0.0214650 -0.0172580 -0.0296260 -0.0217140  0.0048000  0.0011340 -0.0015260 -0.0035670  0.0092680 -0.0478460  0.0008340 -0.0392450 -0.0061380 -0.0034830 -0.0206290 -0.0378000 -0.0442860 -0.0231890 -0.0250480 -0.0357550 -0.0390540 -0.0109970  0.0033230 -0.0003720 -0.0282460 -0.0002350 -0.0181770 -0.0020290 -0.0207930 -0.0388430 -0.0192390 -0.0071720 -0.0288100 -0.0348060 -0.0574990 -0.0089160 -0.0311640 -0.0139740  0.0051940 -0.0315850 -0.0267220 -0.0458160 -0.0496210 -0.0037530 -0.0557550 -0.0116000  0.0004540 -0.0299680 -0.0224550  0.0030680  0.0253700 -0.0133290 -0.0259200 -0.0352070  0.0015770 -0.0126810 -0.0234020  0.0249220 -0.0065410  0.0046530 -0.0283940 -0.0457440 -0.0355780  0.0151770 -0.0137720  0.0100870 -0.0150690 -0.0228370 -0.0027050 -0.0339550 -0.0037440 -0.0389800 -0.0161490 -0.0143530 -0.0173370 -0.0715690 -0.0180340 -0.0210350  0.0072160 -0.0073290 -0.0375720  0.0100870 -0.0479210 -0.0177360 -0.0385090 -0.0252810 -0.0161530 -0.0162100 -0.0140930 -0.0218310 -0.0661180 -0.0189500  0.0327590 -0.0085610 -0.0579130  0.0085100  0.0221510 -0.0111360 -0.0305030 -0.0340710 -0.0141860 -0.0474090 -0.0232370 -0.0078340 -0.0173560  0.0133540 -0.0269470 -0.0276030 -0.0175230  0.0153160 -0.0010970 -0.0311400  0.0154810 -0.0092870  0.0042180  0.0019310 -0.0342860  0.0118100  0.0048660  0.0114490  0.0042280  0.0123580  0.0009120  0.0023800  0.0151360 -0.0014390  0.0264100 -0.0133970  0.0277640 -0.0083500  0.0102620  0.0118470 -0.0043440 -0.0577640 -0.0248690  0.0155230 -0.0273900 -0.0010850 -0.0230340  0.0097830 -0.0452500 -0.0689990  0.0339790 -0.0056340 -0.0519100 -0.0264080 -0.0340780
 0.1058400  0.1100460  1.0000000  0.0960810  0.0515210  0.0754370  0.0556850  0.0834560  0.0630730  0.0977330  0.0690960  0.0565350  0.0956040  0.0431830  0.0775680  0.0674370  0.0845290  0.0810900  0.0585740  0.0767140 -0.0206700 -0.0222540  0.0382640  0.0543500  0.0033330  0.0075050 -0.0016520 -0.0251830 -0.0287150  0.0188120 -0.0272410 -0.0574430 -0.0210180 -0.0069430  0.0140850 -0.0110570 -0.0234310 -0.0395570 -0.0304800  0.0269110 -0.0150410 -0.0292620 -0.0252240 -0.0110770 -0.0052170 -0.0139830 -0.0195850 -0.0250190 -0.0295370 -0.0336490 -0.0036010  0.0217500 -0.0230750 -0.0125010 -0.0084880  0.0008600 -0.0134340 -0.0010280  0.0072530 -0.0301290 -0.0296240 -0.0360530  0.0102820 -0.0340250  0.0237710 -0.0210440 -0.0098550 -0.0599420 -0.0049690 -0.0338430 -0.0230190 -0.0360860 -0.0193180  0.0214660 -0.0396750 -0.0019520  0.0037710  0.0046450  0.0071110 -0.0274900 -0.0539330 -0.0286050 -0.0181420 -0.0095350 -0.0409500 -0.0164650 -0.0431350 -0.0321880 -0.0259630  0.0031520 -0.0280660 -0.0334790 -0.0025230  0.0072480 -0.0235640 -0.0038910  0.0043180 -0.0202580  0.0211280 -0.0473120 -0.0575650 -0.0160130 -0.0132020 -0.0023020  0.0178870 -0.0094670 -0.0222780  0.0010700 -0.0072130 -0.0304400 -0.0388620 -0.0167880 -0.0331450 -0.0146570 -0.0171160 -0.0485850 -0.0145820 -0.0450250 -0.0168700 -0.0077700 -0.0169240 -0.0388220  0.0058480 -0.0166010 -0.0085210 -0.0137950 -0.0022590  0.0169110 -0.0174100  0.0089790 -0.0299030 -0.0437810 -0.0577410 -0.0279590 -0.0126170 -0.0333930  0.0016950 -0.0426240 -0.0366970 -0.0211060 -0.0044980 -0.0442840 -0.0185010 -0.0553620  0.0060920 -0.0176250  0.0055310  0.0002760  0.0001310  0.0184080 -0.0064740 -0.0106350  0.0064250  0.0013230 -0.0213460  0.0143820 -0.0008270 -0.0221870 -0.0405000  0.0005510 -0.0316940 -0.0350450  0.0199590 -0.0279720 -0.0062390 -0.0208720 -0.0437580  0.0193770 -0.0032330  0.0004630 -0.0138960 -0.0277740 -0.0396190 -0.0501400
 0.0967960  0.1063400  0.0960810  1.0000000  0.0603770  0.0924720  0.1042980  0.0982630  0.0696810  0.0395860  0.0372030  0.0766620  0.0824030  0.0579220  0.0824610  0.0603540  0.0918670  0.0450390  0.0004650  0.0621970 -0.0154350 -0.0059820 -0.0132400 -0.0230000 -0.0013810 -0.0505210 -0.0195940  0.0090550 -0.0156620 -0.0401100 -0.0046900 -0.0393990 -0.0197550 -0.0085290 -0.0289520  0.0146960  0.0060200  0.0354930  0.0213380  0.0039870  0.0079720 -0.0124980 -0.0295330 -0.0594910 -0.0266170 -0.0312080 -0.0372950 -0.0270250 -0.0279700 -0.0334040  0.0277420 -0.0242690 -0.0169070 -0.0303680 -0.0046780  0.0114870  0.0107330 -0.0511580  0.0096460 -0.0321090 -0.0239120 -0.0237570 -0.0317630 -0.0258600 -0.0568060 -0.0341300 -0.0343580 -0.0343970  0.0056600 -0.0170530 -0.0215770 -0.0294150 -0.0320560 -0.0163940 -0.0486900 -0.0312750 -0.0386840 -0.0211880 -0.0115890 -0.0610160 -0.0361110 -0.0099470 -0.0362400 -0.0077230 -0.0438310 -0.0189900 -0.0053310 -0.0287970 -0.0287380 -0.0268540 -0.0217980 -0.0123240 -0.0022700 -0.0010850 -0.0114750 -0.0045920 -0.0009920 -0.0244470 -0.0226190 -0.0270260 -0.0107280 -0.0328920 -0.0344420 -0.0183880  0.0227590 -0.0481170  0.0124560 -0.0022760 -0.0491920 -0.0681160 -0.0432400 -0.0239920 -0.0394130 -0.0213570 -0.0146120  0.0150990 -0.0506400 -0.0540930  0.0018270  0.0035260 -0.0226080 -0.0303850  0.0062530 -0.0108340 -0.0308320 -0.0442900  0.0199980 -0.0015720  0.0005100  0.0302530 -0.0053800  0.0055320 -0.0132140 -0.0076250 -0.0380290 -0.0083000  0.0263520 -0.0107040  0.0068880  0.0119730 -0.0045110 -0.0093730 -0.0171530 -0.0329310 -0.0058610  0.0205510  0.0231700 -0.0183530 -0.0149420 -0.0124750  0.0108700  0.0183370 -0.0224460  0.0133840 -0.0028690  0.0046330 -0.0237460  0.0226420  0.0230420  0.0033200 -0.0177310 -0.0218390  0.0112500 -0.0443120 -0.0134540 -0.0072030 -0.0099600 -0.0004650 -0.0130990 -0.0122030  0.0558810 -0.0427750 -0.0034700 -0.0258000
 0.0684310  0.0568480  0.0515210  0.0603770  1.0000000  0.1005350  0.0752060  0.1088760  0.0690810  0.0529440  0.0709680  0.0765300  0.0801410  0.0682920  0.0668580  0.0915640  0.0861590  0.0702460  0.0838950  0.0625100 -0.0026170  0.0203790  0.0101800 -0.0155390 -0.0210000 -0.0360820 -0.0489050 -0.0063240  0.0121270 -0.0081260 -0.0170710 -0.0239540  0.0076530 -0.0098520 -0.0376100 -0.0229120 -0.0230150  0.0153510 -0.0081680 -0.0010600  0.0032570  0.0024610 -0.0148660 -0.0115780 -0.0038430 -0.0088790 -0.0199480 -0.0102390  0.0025700 -0.0001780 -0.0464820 -0.0272060 -0.0238740 -0.0015690 -0.0365830 -0.0003400 -0.0435620 -0.0298350 -0.0228340 -0.0412370  0.0103760 -0.0405420 -0.0455310 -0.0021730 -0.0569320  0.0154410 -0.0292910 -0.0526500 -0.0039340 -0.0442830  0.0207990 -0.0254840 -0.0245750 -0.0356780 -0.0098360 -0.0285420  0.0000810  0.0083580 -0.0426750 -0.0155820 -0.0307730 -0.0030380 -0.0189010 -0.0069750 -0.0129010 -0.0087280  0.0106010  0.0010970 -0.0125340  0.0292120 -0.0216640  0.0047980 -0.0368430  0.0177180 -0.0268410 -0.0343430 -0.0156140 -0.0371590 -0.0348370 -0.0006100 -0.0213810 -0.0537810 -0.0243530 -0.0320140 -0.0241650 -0.0399690 -0.0211010 -0.0062530 -0.0101450 -0.0357680 -0.0212920 -0.0469700 -0.0259260 -0.0422960  0.0072810 -0.0332610 -0.0400410 -0.0526150 -0.0241750 -0.0132390  0.0103650 -0.0056870 -0.0102160 -0.0169530 -0.0112170 -0.0219550 -0.0032810 -0.0179080  0.0171870 -0.0278580 -0.0053390 -0.0024880 -0.0407690 -0.0184800  0.0018280  0.0103360 -0.0137480 -0.0269860 -0.0299520  0.0100120 -0.0341640 -0.0139720 -0.0140410  0.0169210  0.0005370 -0.0099150 -0.0075620  0.0152030  0.0021890  0.0210940 -0.0171140 -0.0356280 -0.0162320 -0.0109480  0.0080970 -0.0284250 -0.0130500  0.0047570 -0.0130420  0.0122780 -0.0164200 -0.0176740 -0.0076300 -0.0711790  0.0198830 -0.0173210 -0.0082410  0.0057160 -0.0502340 -0.0254230 -0.0197950 -0.0027320  0.0005210 -0.0105420
 0.0671600  0.0902100  0.0754370  0.0924720  0.1005350  1.0000000  0.0893520  0.1291770  0.0919520  0.0959940  0.0295030  0.0569850  0.0733230  0.0554460  0.0816360  0.1003620  0.0920180  0.0668070  0.0659650  0.0546780 -0.0108810 -0.0185140 -0.0474020 -0.0086390 -0.0081150  0.0117750 -0.0332300 -0.0104210 -0.0187710 -0.0298520 -0.0028170 -0.0116150 -0.0147030 -0.0145130 -0.0573180 -0.0461490 -0.0074780  0.0109390 -0.0011090  0.0196240 -0.0158750  0.0058150  0.0199810 -0.0221370 -0.0319300 -0.0172530  0.0031990 -0.0134190 -0.0063320 -0.0476300 -0.0074750 -0.0058100  0.0196370 -0.0366830 -0.0077930 -0.0259540 -0.0040770 -0.0265080 -0.0076620 -0.0399890 -0.0204890 -0.0390850  0.0164640 -0.0270720 -0.0506060  0.0059430 -0.0093410 -0.0586330  0.0064780 -0.0203360 -0.0268110 -0.0158710  0.0046820  0.0003550  0.0060190 -0.0448970  0.0008080 -0.0145230 -0.0327720 -0.0039200 -0.0376900 -0.0376600 -0.0206270 -0.0021530 -0.0451100 -0.0025870 -0.0198060 -0.0318410  0.0033880  0.0009600  0.0090950 -0.0321690 -0.0197520 -0.0296150 -0.0349670 -0.0268540 -0.0055760 -0.0259250 -0.0036210  0.0093030  0.0146240 -0.0271140 -0.0494600 -0.0337660 -0.0262550  0.0162230 -0.0004890 -0.0325520 -0.0298560  0.0145200 -0.0401840 -0.0110390 -0.0530560 -0.0354470 -0.0227620  0.0047120 -0.0113580 -0.0363470 -0.0443420 -0.0180560 -0.0176860 -0.0274900  0.0070630  0.0346240  0.0004320 -0.0351200 -0.0015950 -0.0112190 -0.0131800 -0.0326140  0.0157460 -0.0159810  0.0091560 -0.0289120 -0.0105650 -0.0323190 -0.0110770  0.0034130 -0.0310510  0.0060420  0.0292010 -0.0117290 -0.0264820 -0.0562570 -0.0290770 -0.0194800 -0.0020350  0.0023150 -0.0035430  0.0376630 -0.0073060 -0.0102930 -0.0089220 -0.0278380 -0.0087470 -0.0045030 -0.0326120 -0.0032430 -0.0371980 -0.0140870 -0.0285560 -0.0477610  0.0058750 -0.0289220 -0.0652200 -0.0415770 -0.0090950 -0.0778460 -0.0111790  0.0194950 -0.0340200 -0.0245410 -0.0273850 -0.0079780
 0.2562590  0.0916150  0.0556850  0.1042980  0.0752060  0.0893520  1.0000000  0.0853010  0.0773550  0.0801560  0.0206350  0.0570830  0.0852510  0.0547360  0.0567270  0.0559000  0.0475480  0.0403830  0.0287570  0.0481670  0.0114050 -0.0012970 -0.0039190  0.0019950 -0.0088500 -0.0323510 -0.0059080  0.0171660 -0.0054420 -0.0090060 -0.0314550  0.0206280 -0.0003730 -0.0213200 -0.0080780 -0.0104670 -0.0174900 -0.0508810  0.0069050 -0.0394610  0.0162770 -0.0172480  0.0093730 -0.0000410 -0.0094460 -0.0257310 -0.0209750  0.0056350 -0.0046500  0.0004590 -0.0122270  0.0036430 -0.0035430 -0.0326640  0.0206260 -0.0327950 -0.0529340 -0.0072320 -0.0309120 -0.0312860 -0.0105370 -0.0378040 -0.0402270  0.0218420 -0.0572000 -0.0045630 -0.0424390 -0.0240620 -0.0422410 -0.0137820  0.0102800  0.0382960 -0.0320260 -0.0129000  0.0220230 -0.0521570 -0.0372830 -0.0068360 -0.0290080 -0.0104200 -0.0214420 -0.0401940 -0.0115490 -0.0251030 -0.0175960 -0.0347790 -0.0194890 -0.0284720  0.0083010 -0.0268760 -0.0274180 -0.0231670 -0.0188630 -0.0255940 -0.0332650 -0.0487710  0.0155380 -0.0358060 -0.0273090 -0.0182130 -0.0199710 -0.0428820 -0.0479900 -0.0182250 -0.0134110 -0.0324600 -0.0010990 -0.0214300 -0.0095460  0.0005460 -0.0143170 -0.0102240 -0.0233040 -0.0341830 -0.0441060  0.0189370 -0.0256780 -0.0383510 -0.0423770  0.0088560  0.0016960 -0.0212040  0.0181430 -0.0234810 -0.0214540 -0.0430080 -0.0076510  0.0204200 -0.0029510  0.0179140  0.0171320 -0.0097730 -0.0148470 -0.0270790  0.0023640  0.0004450 -0.0166230  0.0033880 -0.0514140  0.0135100 -0.0099040  0.0031540  0.0049340 -0.0230700  0.0005390 -0.0129350 -0.0155300 -0.0080460  0.0182940  0.0055310  0.0178260 -0.0128190 -0.0180240 -0.0158880 -0.0235860 -0.0305850 -0.0063300 -0.0224810 -0.0099560  0.0270060 -0.0368210 -0.0174500 -0.0046260 -0.0653030 -0.0293140 -0.0566100 -0.0086720 -0.0273880 -0.0405780 -0.0370650 -0.0333390 -0.0183330 -0.0045690  0.0050830
 0.1046630  0.0595040  0.0834560  0.0982630  0.1088760  0.1291770  0.0853010  1.0000000  0.1020100  0.0792800  0.0376300  0.0734400  0.0824750  0.0601020  0.0875730  0.0567990  0.0946950  0.0782710  0.0507330  0.0428390 -0.0109120 -0.0351410  0.0104780  0.0106590 -0.0034920 -0.0312730 -0.0070640 -0.0152490  0.0010490 -0.0323640 -0.0115800 -0.0234230  0.0156150 -0.0151640 -0.0126500 -0.0184800 -0.0317070 -0.0265390 -0.0216300  0.0141420  0.0347940  0.0300450 -0.0165610 -0.0061630 -0.0243050 -0.0473770  0.0111840 -0.0350940 -0.0016040 -0.0377540 -0.0054520 -0.0143700 -0.0059140  0.0072130 -0.0290500 -0.0330210 -0.0209220 -0.0246880 -0.0131690 -0.0005370 -0.0208730 -0.0230480 -0.0321190 -0.0221400 -0.0422060 -0.0240460 -0.0105610 -0.0104530 -0.0007570 -0.0489990  0.0072110 -0.0552650  0.0024430 -0.0016940 -0.0038340  0.0034230  0.0046080 -0.0125040 -0.0163340 -0.0259750 -0.0309990  0.0052650 -0.0113530 -0.0116260 -0.0065260 -0.0184870  0.0121690 -0.0447190 -0.0269920 -0.0232400 -0.0082520 -0.0233380 -0.0077670 -0.0157790 -0.0153720 -0.0060300 -0.0144220 -0.0260600 -0.0164170 -0.0178540  0.0006560 -0.0472740 -0.0145780 -0.0301710 -0.0524810 -0.0223590  0.0135270 -0.0186740 -0.0171510 -0.0258390 -0.0079970 -0.0424720  0.0125050 -0.0363650 -0.0369720 -0.0405680 -0.0466270 -0.0112330 -0.0494980  0.0073900 -0.0092820  0.0148660  0.0059860  0.0112040  0.0020990 -0.0374880 -0.0019600 -0.0265350 -0.0373810 -0.0269940  0.0096810 -0.0307700 -0.0387150 -0.0359660 -0.0239290 -0.0408180 -0.0402130 -0.0169590 -0.0298320 -0.0238250 -0.0320140 -0.0327980 -0.0334110 -0.0226060 -0.0146880  0.0160930  0.0181890 -0.0153880  0.0166880  0.0136890  0.0046430 -0.0117180  0.0012980 -0.0068380 -0.0035210 -0.0247450 -0.0089210 -0.0150100 -0.0569150 -0.0141090 -0.0358160 -0.0321520 -0.0320130 -0.0058970 -0.0002750 -0.0062800 -0.0160730 -0.0170810 -0.0281950  0.0204200 -0.0272750 -0.0177870 -0.0438390 -0.0370590
 0.0583890  0.0843050  0.0630730  0.0696810  0.0690810  0.0919520  0.0773550  0.1020100  1.0000000  0.0626650  0.0841650  0.0916970  0.0596940  0.0480700  0.0835730  0.0950520  0.0922090  0.0806350  0.0594020  0.0285450  0.0257700 -0.0348340  0.0244470 -0.0012050  0.0072500  0.0291670 -0.0248210 -0.0176140 -0.0408340 -0.0225320 -0.0278140 -0.0163850  0.0109250 -0.0315130 -0.0008210 -0.0092850  0.0069960 -0.0150840 -0.0130790 -0.0228590  0.0052120 -0.0336650 -0.0302090 -0.0079020 -0.0503620  0.0021310 -0.0120270 -0.0486480  0.0226470 -0.0070330 -0.0175180 -0.0147460  0.0103800 -0.0270610 -0.0320460 -0.0293960 -0.0279350  0.0086330 -0.0329320 -0.0074670 -0.0265500 -0.0041560 -0.0471930 -0.0214990 -0.0437050 -0.0080400 -0.0225310 -0.0266340  0.0043520 -0.0333500 -0.0063160 -0.0274690 -0.0264430 -0.0310510 -0.0235760 -0.0122980 -0.0141690 -0.0421580  0.0236580 -0.0229980 -0.0143700 -0.0229310 -0.0056010 -0.0277780 -0.0521830 -0.0071180 -0.0090110 -0.0170860  0.0145390 -0.0104940 -0.0441340 -0.0159330  0.0062140  0.0240210 -0.0249190 -0.0080980 -0.0456090 -0.0317500 -0.0234470 -0.0077180 -0.0044770 -0.0341300 -0.0155750 -0.0279780 -0.0189400 -0.0257500 -0.0135920 -0.0426420 -0.0091530 -0.0366100 -0.0708770 -0.0001080 -0.0217330 -0.0125470  0.0074340 -0.0204150 -0.0325780 -0.0143070 -0.0235570 -0.0192380 -0.0248780 -0.0262810 -0.0119090  0.0178990  0.0103290 -0.0314420 -0.0691880  0.0050180 -0.0321740 -0.0027530 -0.0186880 -0.0064500  0.0176580 -0.0326360  0.0009200 -0.0166480 -0.0331860 -0.0090990  0.0087690 -0.0377550  0.0035500  0.0178150 -0.0013500 -0.0245670 -0.0331380 -0.0026210 -0.0080140  0.0183060  0.0226380  0.0377690 -0.0099670  0.0101500 -0.0134700 -0.0176880 -0.0084500 -0.0172260 -0.0134490  0.0192960  0.0078900 -0.0030520 -0.0148600 -0.0619780 -0.0112240  0.0018920 -0.0213910 -0.0093630 -0.0044600 -0.0444490 -0.0574960 -0.0115730  0.0012850 -0.0435050 -0.0227940  0.0176540
 0.0679360  0.0652470  0.0977330  0.0395860  0.0529440  0.0959940  0.0801560  0.0792800  0.0626650  1.0000000  0.0246790  0.0373280  0.0506880  0.0414900  0.0637240  0.0760340  0.0346180  0.0580560  0.0656840  0.0644770 -0.0114120 -0.0429240  0.0253250 -0.0266500  0.0153760  0.0137800 -0.0184520  0.0060700 -0.0036860 -0.0110380 -0.0543540  0.0250960 -0.0051550 -0.0405100  0.0087460 -0.0388950 -0.0398930 -0.0360040 -0.0257540 -0.0035520 -0.0104540  0.0079100  0.0000760  0.0024130 -0.0419010 -0.0152300  0.0116180 -0.0202870  0.0145400 -0.0574500 -0.0362780 -0.0144970 -0.0105990 -0.0542360  0.0173350 -0.0174940  0.0103650 -0.0127430 -0.0536190 -0.0042560 -0.0408070 -0.0573870  0.0104880 -0.0177070 -0.0436250  0.0034560 -0.0206370 -0.0412060 -0.0264310 -0.0170250 -0.0375900 -0.0135940 -0.0178460  0.0032090  0.0030720 -0.0085590 -0.0166710 -0.0006100 -0.0395440 -0.0282840 -0.0116570 -0.0277180  0.0080620  0.0424610 -0.0449510  0.0018660  0.0097080 -0.0175910 -0.0121170 -0.0093210 -0.0262480 -0.0223300 -0.0111570  0.0289000 -0.0026040  0.0016470  0.0089750 -0.0046740 -0.0034230 -0.0507950 -0.0125300 -0.0524070 -0.0251560  0.0236230 -0.0027870  0.0032420  0.0015620 -0.0103720  0.0058470 -0.0025220 -0.0114350 -0.0014580  0.0037740 -0.0362620 -0.0005210 -0.0157100 -0.0157350 -0.0394330 -0.0295110 -0.0135280 -0.0096490 -0.0444890  0.0332300  0.0107490 -0.0374610 -0.0294920 -0.0192170  0.0179240 -0.0045390  0.0021400 -0.0449090 -0.0175880 -0.0266970 -0.0039570 -0.0070000 -0.0132960 -0.0247790 -0.0436360 -0.0197760 -0.0161150 -0.0074890  0.0118470 -0.0086490 -0.0457800 -0.0224580  0.0051630 -0.0289550  0.0166200 -0.0147960  0.0181890 -0.0072650 -0.0151050 -0.0451070 -0.0007210 -0.0187790 -0.0161620 -0.0149580 -0.0289800 -0.0203750 -0.0018630 -0.0540560 -0.0024930 -0.0126910 -0.0274200 -0.0157010 -0.0562300 -0.0144280 -0.0004350  0.0245210  0.0272180 -0.0044130 -0.0294050 -0.0073630 -0.0039990
 0.0478850  0.0439400  0.0690960  0.0372030  0.0709680  0.0295030  0.0206350  0.0376300  0.0841650  0.0246790  1.0000000  0.0479870  0.0323360  0.0659060  0.0652290  0.0266260 -0.0050640  0.0494700  0.0359320  0.0411630 -0.0045040  0.0041370 -0.0202720 -0.0091740 -0.0330200  0.0081390 -0.0416580 -0.0163200  0.0102610 -0.0379470  0.0203600 -0.0199030 -0.0294200  0.0069460  0.0191510 -0.0089990 -0.0093040 -0.0214130 -0.0156800 -0.0069400  0.0077740  0.0083930 -0.0208970 -0.0128430  0.0069680  0.0016390 -0.0396990 -0.0425540  0.0192470  0.0108270  0.0021640  0.0071320  0.0063610  0.0057520 -0.0019840  0.0099660  0.0078080  0.0185780 -0.0366660 -0.0055070 -0.0106730 -0.0138960 -0.0379420 -0.0441580 -0.0606570 -0.0258910 -0.0135380 -0.0216930 -0.0135650 -0.0253080 -0.0234480 -0.0124780 -0.0378410 -0.0048780 -0.0427000 -0.0019180 -0.0399650 -0.0050500 -0.0188140 -0.0021450 -0.0095520  0.0343960 -0.0254020  0.0007930 -0.0274760 -0.0360190 -0.0070820 -0.0282880  0.0007160 -0.0196460 -0.0176770  0.0033310  0.0203940 -0.0133170 -0.0140340 -0.0312260 -0.0123470 -0.0464630  0.0008360 -0.0215740 -0.0048010 -0.0022000 -0.0441560 -0.0363300 -0.0739400 -0.0205970 -0.0394780 -0.0131190 -0.0050930 -0.0077940 -0.0334850 -0.0423530 -0.0476500 -0.0314480 -0.0220840 -0.0338060 -0.0386250 -0.0391320 -0.0071800 -0.0050940 -0.0320910 -0.0457500 -0.0056440  0.0366870  0.0305740  0.0102120 -0.0293730 -0.0573110  0.0076700  0.0047830 -0.0359830 -0.0042800  0.0291100 -0.0114930  0.0030300 -0.0139340  0.0218130 -0.0171650 -0.0309330  0.0122780 -0.0422710  0.0047650 -0.0115240  0.0002680 -0.0023000 -0.0113820  0.0067350  0.0002840  0.0174730 -0.0076600  0.0222760  0.0275880 -0.0457930 -0.0049050  0.0045480  0.0080080  0.0032390  0.0066920  0.0138950 -0.0148600  0.0018790 -0.0094130 -0.0163620 -0.0156270 -0.0200930 -0.0192050  0.0043200  0.0064600 -0.0105790  0.0634000  0.0032120  0.0133770 -0.0159570 -0.0197190
 0.0478960  0.0626850  0.0565350  0.0766620  0.0765300  0.0569850  0.0570830  0.0734400  0.0916970  0.0373280  0.0479870  1.0000000  0.0812670  0.0824790  0.0560370  0.0701120  0.0207040  0.0593050  0.0309180  0.0495010 -0.0267670 -0.0441290  0.0006580  0.0099280 -0.0222470 -0.0090030 -0.0453020 -0.0557570 -0.0004890 -0.0560740 -0.0329090 -0.0297860 -0.0314140  0.0222260 -0.0666230 -0.0112550 -0.0225430  0.0054470 -0.0042410 -0.0364070 -0.0019020 -0.0313500 -0.0576990 -0.0254330 -0.0453560 -0.0177500  0.0062440 -0.0073260 -0.0116910 -0.0451570  0.0323130 -0.0302860 -0.0446450 -0.0292490 -0.0106190  0.0030890 -0.0238360 -0.0230000 -0.0338830  0.0085050 -0.0183970 -0.0509020 -0.0348750 -0.0194650 -0.0590120  0.0013580 -0.0555510  0.0155900 -0.0248950 -0.0610060  0.0056150  0.0222480 -0.0357290  0.0134460 -0.0386880 -0.0495000 -0.0145660 -0.0260320 -0.0218110 -0.0331000 -0.0146010 -0.0300440 -0.0527300  0.0171270 -0.0047110 -0.0110020 -0.0174210 -0.0043870  0.0001710 -0.0058930 -0.0465770 -0.0199630 -0.0119840  0.0135060 -0.0127700  0.0140890 -0.0041200 -0.0160970  0.0126080 -0.0229730  0.0008950 -0.0076380 -0.0030520  0.0212070 -0.0307420 -0.0368270  0.0203640 -0.0125280 -0.0475180 -0.0447870 -0.0341040 -0.0178300 -0.0436530 -0.0161370 -0.0023450 -0.0014690 -0.0266670 -0.0324800  0.0246380  0.0048630 -0.0191060 -0.0328910  0.0407680 -0.0028590 -0.0078590 -0.0478730 -0.0089780 -0.0040930 -0.0323940  0.0148800 -0.0157360 -0.0193980 -0.0501350 -0.0186250  0.0006490  0.0363120 -0.0570660  0.0036590  0.0171410  0.0293970  0.0051400 -0.0130170  0.0298470  0.0013780  0.0077360 -0.0051040  0.0047040 -0.0062380  0.0177770 -0.0317870  0.0196660 -0.0097200 -0.0176400  0.0204540  0.0237900  0.0253590 -0.0003650  0.0217550 -0.0047960 -0.0085090 -0.0354030 -0.0138760  0.0048360 -0.0248400  0.0065980  0.0334090 -0.0235140 -0.0174310  0.0335220  0.0085350 -0.0004010 -0.0592340 -0.0238750 -0.0121520
 0.0900510  0.0800540  0.0956040  0.0824030  0.0801410  0.0733230  0.0852510  0.0824750  0.0596940  0.0506880  0.0323360  0.0812670  1.0000000  0.0294780  0.0313310  0.0974750  0.0736860  0.0486940  0.0290450  0.0386440 -0.0076840 -0.0400670 -0.0144000  0.0033450  0.0260460 -0.0015220 -0.0267040 -0.0069320 -0.0179050 -0.0377650 -0.0010240 -0.0299570 -0.0074540  0.0268960 -0.0351670  0.0155000  0.0094590  0.0265030 -0.0241980 -0.0418520  0.0175180 -0.0134840 -0.0310710  0.0220560  0.0111070 -0.0450160 -0.0289430  0.0263960 -0.0197740 -0.0098380 -0.0118490 -0.0056810 -0.0384590  0.0018640  0.0082910 -0.0127590 -0.0299950 -0.0096470 -0.0254100 -0.0165770 -0.0356290 -0.0086010 -0.0259700 -0.0304610 -0.0674380 -0.0228710 -0.0315840 -0.0521510 -0.0011130 -0.0368970  0.0072780  0.0064890 -0.0499570 -0.0163110 -0.0156790 -0.0099990  0.0097820  0.0244270 -0.0267580 -0.0210390 -0.0206220 -0.0267250 -0.0049600 -0.0115150 -0.0068660 -0.0371150  0.0130240  0.0167020 -0.0155590 -0.0114310 -0.0073170 -0.0334450  0.0078960 -0.0186420 -0.0350590  0.0103340 -0.0113290 -0.0164310 -0.0085310 -0.0078730 -0.0431050 -0.0244120 -0.0352250 -0.0605530 -0.0372350  0.0010000 -0.0128530 -0.0323770  0.0020520 -0.0412410 -0.0507670 -0.0343150 -0.0345410 -0.0013430 -0.0025790 -0.0428740 -0.0252420 -0.0584960  0.0064380  0.0194540 -0.0375040 -0.0239040 -0.0405150 -0.0027380 -0.0065270 -0.0379090 -0.0328440 -0.0005610 -0.0034540  0.0306950 -0.0469460 -0.0076570  0.0044460 -0.0006630 -0.0100450  0.0026220  0.0053920 -0.0341440 -0.0190480  0.0070200  0.0161930  0.0002990 -0.0139740 -0.0183690 -0.0091110  0.0027620  0.0130330 -0.0155430  0.0177550  0.0015060  0.0145820 -0.0127900 -0.0051980 -0.0240830 -0.0194310 -0.0245330 -0.0150270 -0.0196860 -0.0060970 -0.0289260 -0.0440360 -0.0201830 -0.0250750 -0.0360070 -0.0165820 -0.0177280  0.0114210 -0.0189040  0.0137040  0.0230400 -0.0209460 -0.0422410 -0.0276620 -0.0205860
 0.0259110  0.0207120  0.0431830  0.0579220  0.0682920  0.0554460  0.0547360  0.0601020  0.0480700  0.0414900  0.0659060  0.0824790  0.0294780  1.0000000  0.0333930  0.0777930  0.0319130  0.0497890  0.0417440  0.0708750  0.0003390  0.0119520  0.0078930  0.0057110 -0.0150230  0.0091830 -0.0244050  0.0156640 -0.0326930 -0.0062150 -0.0245780 -0.0180840 -0.0473110 -0.0032840 -0.0278760 -0.0187550  0.0274500  0.0297900 -0.0155870 -0.0293220 -0.0592750  0.0138280 -0.0515670 -0.0142390  0.0043940 -0.0238370  0.0203950 -0.0454250 -0.0126230 -0.0326590  0.0057810  0.0046850  0.0082620 -0.0326980 -0.0258660  0.0093220 -0.0208400 -0.0233570 -0.0280300 -0.0026500  0.0089520 -0.0200790 -0.0329010 -0.0045330 -0.0236220  0.0005490 -0.0369430  0.0212210 -0.0110530 -0.0262940 -0.0247620 -0.0322850 -0.0164680  0.0119910 -0.0395280 -0.0118810 -0.0124720  0.0056300 -0.0079520 -0.0110990 -0.0187990 -0.0232820 -0.0123950 -0.0298280 -0.0513140 -0.0277860  0.0009220  0.0072890 -0.0493490 -0.0025910  0.0030340 -0.0099350 -0.0129290 -0.0047090 -0.0250120 -0.0160540  0.0105340 -0.0087890 -0.0398670 -0.0188000 -0.0016720 -0.0274980 -0.0408880 -0.0291260 -0.0204910 -0.0102510  0.0176030 -0.0117410 -0.0114340  0.0009680 -0.0119750 -0.0390570 -0.0130890 -0.0004640  0.0242250 -0.0180830 -0.0629420 -0.0491300 -0.0194270 -0.0150910 -0.0351180 -0.0171550 -0.0213390  0.0238100 -0.0082740 -0.0148990 -0.0280870  0.0043700 -0.0419370  0.0199390 -0.0403630 -0.0454960  0.0116160 -0.0026210  0.0088260  0.0029760  0.0007480 -0.0380880 -0.0401830  0.0131590 -0.0071030 -0.0006010  0.0227250  0.0295760 -0.0018040 -0.0002270 -0.0129760 -0.0120820 -0.0260810 -0.0403410  0.0064960  0.0143110 -0.0190260  0.0056650 -0.0250370 -0.0122600 -0.0299350  0.0218500 -0.0110300 -0.0159520 -0.0549710 -0.0283060  0.0059780 -0.0497550  0.0315450  0.0150650  0.0258870 -0.0298550  0.0077670  0.0036930 -0.0064430  0.0203080 -0.0041280 -0.0203330
 0.0470670  0.0761080  0.0775680  0.0824610  0.0668580  0.0816360  0.0567270  0.0875730  0.0835730  0.0637240  0.0652290  0.0560370  0.0313310  0.0333930  1.0000000  0.0353510  0.0424280  0.0858290  0.0370600  0.0545700 -0.0149760 -0.0068760 -0.0028140 -0.0288400 -0.0038130 -0.0122310 -0.0425030 -0.0206200 -0.0012050 -0.0339420  0.0049360 -0.0117320  0.0017760 -0.0358660 -0.0029830 -0.0055200 -0.0037090 -0.0017940 -0.0105020  0.0094850  0.0207520 -0.0045320 -0.0184450 -0.0185540  0.0151690 -0.0313240  0.0041140 -0.0310980 -0.0186170 -0.0489430 -0.0168100 -0.0186430  0.0085930 -0.0190910 -0.0308980 -0.0136740  0.0211230  0.0193940 -0.0065260 -0.0272570 -0.0796100 -0.0256720 -0.0015000 -0.0361620 -0.0189420 -0.0052090 -0.0161620 -0.0299280 -0.0010120 -0.0043170 -0.0565420 -0.0241800 -0.0282310 -0.0000880 -0.0410720  0.0161320 -0.0321950 -0.0431850 -0.0196480 -0.0263500 -0.0017240 -0.0345270 -0.0138720 -0.0221560 -0.0168930 -0.0592390  0.0026150 -0.0686040  0.0027750 -0.0427830 -0.0127370 -0.0009570 -0.0065530  0.0081970 -0.0117750  0.0268580 -0.0160320 -0.0129670  0.0132700 -0.0275140 -0.0427690 -0.0095620 -0.0454100 -0.0393710  0.0004310 -0.0155610  0.0092940 -0.0023790 -0.0129110 -0.0092280 -0.0773220 -0.0285170 -0.0671590 -0.0255370 -0.0129170 -0.0368910 -0.0145170 -0.0086540 -0.0502440 -0.0223250 -0.0281600 -0.0719740  0.0227160  0.0270140 -0.0326820 -0.0392330  0.0113680 -0.0601320 -0.0036850 -0.0002030 -0.0126400  0.0079030 -0.0114420 -0.0095340  0.0151400 -0.0000700 -0.0182320 -0.0137250 -0.0261600 -0.0039210 -0.0339790 -0.0074580  0.0154860  0.0077840 -0.0098720  0.0452100  0.0386320 -0.0081250 -0.0145220 -0.0086640  0.0278870 -0.0200810  0.0172690  0.0048570 -0.0147830  0.0026270 -0.0157090  0.0243540  0.0343280  0.0145580 -0.0241780 -0.0000840 -0.0423080 -0.0000230 -0.0024670 -0.0215960  0.0069550 -0.0238670 -0.0404010  0.0152380  0.0254370 -0.0574850 -0.0043890 -0.0177800
 0.0310040  0.0280620  0.0674370  0.0603540  0.0915640  0.1003620  0.0559000  0.0567990  0.0950520  0.0760340  0.0266260  0.0701120  0.0974750  0.0777930  0.0353510  1.0000000  0.0959500  0.0205100  0.0605060  0.0343280 -0.0374480 -0.0515350 -0.0141130 -0.0141410  0.0036710  0.0058230 -0.0197100 -0.0541510  0.0154480  0.0030140 -0.0351080 -0.0490140 -0.0363290 -0.0640690 -0.0354160  0.0179200  0.0347870 -0.0122880 -0.0037810  0.0082020 -0.0039570 -0.0181820 -0.0124750  0.0048030 -0.0220050 -0.0039040 -0.0239990 -0.0171950 -0.0243240 -0.0375580  0.0010980  0.0100120 -0.0342410 -0.0178260 -0.0296830 -0.0140130 -0.0180700 -0.0178900 -0.0076860  0.0077540  0.0031670 -0.0279010  0.0163830  0.0174780 -0.0284820  0.0117960 -0.0146650 -0.0301550 -0.0118620 -0.0432880 -0.0132480 -0.0018300 -0.0315660 -0.0335820 -0.0285380  0.0039610  0.0220570 -0.0182690 -0.0039990 -0.0275900  0.0112260 -0.0437450  0.0054590 -0.0286050 -0.0033330 -0.0264040  0.0112280  0.0061360  0.0105550 -0.0339350  0.0029150  0.0117040  0.0011850  0.0173150 -0.0070080 -0.0121770 -0.0220490  0.0001260 -0.0029580 -0.0384270 -0.0239130 -0.0332650 -0.0149920 -0.0081850 -0.0129670 -0.0171770 -0.0063140 -0.0005120 -0.0232570 -0.0135870 -0.0407400 -0.0261940 -0.0176660 -0.0232020 -0.0011790 -0.0449090 -0.0106420 -0.0225250 -0.0146780 -0.0047090 -0.0069180 -0.0013380 -0.0058310 -0.0224050 -0.0092010 -0.0332920 -0.0383780  0.0223360 -0.0274510 -0.0225450 -0.0365080  0.0109100  0.0024280 -0.0157880  0.0004970 -0.0031030 -0.0130160 -0.0468290 -0.0351660 -0.0197460  0.0061870 -0.0094560  0.0296100 -0.0157740 -0.0388760  0.0129210 -0.0144860  0.0079560  0.0133030  0.0213780  0.0193880 -0.0189960 -0.0199310 -0.0422280  0.0180690 -0.0351220 -0.0145530 -0.0253670 -0.0288450  0.0073410 -0.0389140 -0.0572990 -0.0016060 -0.0336260  0.0135730 -0.0363500 -0.0058910 -0.0386010 -0.0110290 -0.0100700 -0.0570450 -0.0040770 -0.0353520  0.0036570
 0.0070470  0.0552190  0.0845290  0.0918670  0.0861590  0.0920180  0.0475480  0.0946950  0.0922090  0.0346180 -0.0050640  0.0207040  0.0736860  0.0319130  0.0424280  0.0959500  1.0000000  0.1059390  0.0842230  0.0691570  0.0033300 -0.0409840  0.0428680  0.0124640  0.0218520 -0.0108220 -0.0283320 -0.0268010 -0.0157060  0.0450640 -0.0088680  0.0018620  0.0422810 -0.0189660 -0.0344740 -0.0127060 -0.0179480 -0.0316270 -0.0186900  0.0052980 -0.0243340 -0.0170000 -0.0254730 -0.0233860 -0.0198670 -0.0268710  0.0059370 -0.0095930 -0.0206390 -0.0067850  0.0305960  0.0049530  0.0163600  0.0177380  0.0058500 -0.0076940 -0.0327710 -0.0048600 -0.0639980 -0.0123880  0.0116300  0.0012890  0.0084980 -0.0039130 -0.0298040 -0.0404420 -0.0143290 -0.0053930  0.0438700 -0.0299640  0.0102020 -0.0372250  0.0162410 -0.0351430 -0.0273470  0.0164930  0.0445060 -0.0187630 -0.0253500 -0.0070910 -0.0321880  0.0116100 -0.0315310 -0.0168310  0.0022060  0.0282570 -0.0116500 -0.0651850  0.0195130 -0.0485990 -0.0186230 -0.0095500 -0.0497170 -0.0151060 -0.0517650 -0.0049890 -0.0115660  0.0209680 -0.0189830  0.0310430 -0.0277930 -0.0221710  0.0090250 -0.0128010 -0.0456040 -0.0212410  0.0116830  0.0409700 -0.0505910  0.0026910 -0.0341720 -0.0211330  0.0081570 -0.0537730 -0.0382070 -0.0610580 -0.0057290  0.0133520 -0.0182900 -0.0401540 -0.0123030  0.0267900 -0.0113950 -0.0363590  0.0244630 -0.0298050 -0.0255450 -0.0039480 -0.0243200 -0.0325560 -0.0072700  0.0078850 -0.0035380 -0.0203310  0.0188040 -0.0289980 -0.0145720 -0.0427060 -0.0414840 -0.0266650 -0.0517440 -0.0452860 -0.0153250 -0.0687600 -0.0759620 -0.0367590 -0.0089170 -0.0195530  0.0010810  0.0110750 -0.0129240 -0.0120320 -0.0124760  0.0005880 -0.0323550 -0.0200940 -0.0293030 -0.0398510 -0.0349210 -0.0164250  0.0030040 -0.0329630 -0.0318200 -0.0294160 -0.0190690 -0.0610710 -0.0345950 -0.0328510 -0.0490840 -0.0154700 -0.0266500 -0.0149920 -0.0567530 -0.0456750
 0.0867630  0.0839840  0.0810900  0.0450390  0.0702460  0.0668070  0.0403830  0.0782710  0.0806350  0.0580560  0.0494700  0.0593050  0.0486940  0.0497890  0.0858290  0.0205100  0.1059390  1.0000000  0.0467310  0.0605900 -0.0061540 -0.0275330 -0.0369090 -0.0146320 -0.0094180  0.0009890 -0.0056010 -0.0277930 -0.0304640 -0.0395320 -0.0340940 -0.0339580 -0.0343470 -0.0497590 -0.0501430 -0.0162550 -0.0155080 -0.0415790  0.0079050 -0.0136930  0.0218390 -0.0002160 -0.0722280 -0.0166930 -0.0246550 -0.0392560  0.0004590 -0.0112260 -0.0291910 -0.0280700  0.0242830  0.0131320  0.0128990  0.0418170 -0.0033380 -0.0054350 -0.0226250 -0.0202360  0.0170770 -0.0517890 -0.0067770 -0.0213390  0.0179570 -0.0184270  0.0000610  0.0180750 -0.0196810 -0.0297530  0.0429230 -0.0012110  0.0051000 -0.0236280 -0.0513000  0.0012310 -0.0012480  0.0020620  0.0412070 -0.0024000 -0.0148100 -0.0222490 -0.0258940 -0.0182100  0.0008520  0.0001450 -0.0481100 -0.0058270 -0.0024840  0.0035330  0.0133080 -0.0307170 -0.0034750 -0.0177120 -0.0231670 -0.0539700 -0.0056600  0.0060030  0.0102440  0.0039710 -0.0195270  0.0146570 -0.0042340 -0.0516480  0.0202550 -0.0213120  0.0142430 -0.0200060 -0.0136710  0.0241490 -0.0450850 -0.0365060 -0.0101280 -0.0143820 -0.0121820 -0.0011720  0.0112830  0.0032630  0.0134520 -0.0117910 -0.0565940 -0.0015840 -0.0195120 -0.0369470 -0.0538770 -0.0107440  0.0210150 -0.0252780 -0.0170590 -0.0104460 -0.0387430 -0.0158850  0.0048230 -0.0071160  0.0062970 -0.0026120 -0.0082490 -0.0477330 -0.0267500 -0.0259280 -0.0185460 -0.0168430 -0.0028710 -0.0103910 -0.0356050 -0.0253460 -0.0500780 -0.0158020  0.0036330  0.0101470 -0.0166730 -0.0434890 -0.0022060 -0.0338180 -0.0539780 -0.0376470 -0.0340600 -0.0225690 -0.0564460 -0.0443930 -0.0235990  0.0074780 -0.0146330  0.0154430 -0.0157110 -0.0122920 -0.0026640 -0.0357170 -0.0127590 -0.0331330 -0.0313530  0.0234570 -0.0104750 -0.0110220 -0.0265510 -0.0148400
 0.0538170  0.0396260  0.0585740  0.0004650  0.0838950  0.0659650  0.0287570  0.0507330  0.0594020  0.0656840  0.0359320  0.0309180  0.0290450  0.0417440  0.0370600  0.0605060  0.0842230  0.0467310  1.0000000  0.0787190 -0.0186960 -0.0277490 -0.0407740 -0.0724960  0.0081730  0.0053570 -0.0089360 -0.0231370 -0.0541170  0.0069880 -0.0572050 -0.0165790 -0.0601110 -0.0515340  0.0066670  0.0061260 -0.0253650 -0.0106150 -0.0324250 -0.0203480 -0.0150850  0.0036800 -0.0665750 -0.0320460 -0.0071380 -0.0203260 -0.0099460  0.0073440 -0.0018230 -0.0373030 -0.0258370  0.0075540  0.0034150  0.0322810 -0.0304180 -0.0177700  0.0021160 -0.0059560 -0.0255720 -0.0110740  0.0218170 -0.0510380  0.0280630  0.0002490  0.0038450 -0.0018710  0.0150620 -0.0269800  0.0039210 -0.0244060 -0.0215450 -0.0081090  0.0450580  0.0092290 -0.0205940  0.0515620  0.0149620  0.0120750 -0.0268410 -0.0223760 -0.0269570  0.0057890  0.0140900 -0.0186350 -0.0200390 -0.0370090  0.0006240 -0.0357770 -0.0194530 -0.0215320  0.0165780  0.0146810 -0.0291680  0.0007810 -0.0228640  0.0025620 -0.0083490 -0.0445950 -0.0414220  0.0257110 -0.0278610 -0.0029770 -0.0161020 -0.0066360 -0.0321280 -0.0055450  0.0146650 -0.0241840 -0.0002310 -0.0330560 -0.0741700  0.0441560 -0.0457160 -0.0508460 -0.0453660 -0.0165590 -0.0352220 -0.0175940 -0.0232310 -0.0152910  0.0318990 -0.0297170  0.0322110 -0.0217480  0.0312080  0.0211940 -0.0308320 -0.0390050  0.0196340 -0.0051520  0.0037340 -0.0054460  0.0158080 -0.0126960  0.0006490 -0.0105240 -0.0279150 -0.0393030  0.0212440  0.0063630 -0.0265330 -0.0253030  0.0024590  0.0133630 -0.0550070 -0.0176080 -0.0127640  0.0093100  0.0075560 -0.0205580 -0.0198370 -0.0068430 -0.0279920 -0.0021320 -0.0021560 -0.0155960 -0.0383640 -0.0108270 -0.0393280 -0.0008050 -0.0095910 -0.0029560 -0.0250380 -0.0217220 -0.0221980 -0.0274370 -0.0361860 -0.0050930 -0.0342770 -0.0045310 -0.0150870  0.0086000 -0.0360950 -0.0445390
 0.0281330  0.0800420  0.0767140  0.0621970  0.0625100  0.0546780  0.0481670  0.0428390  0.0285450  0.0644770  0.0411630  0.0495010  0.0386440  0.0708750  0.0545700  0.0343280  0.0691570  0.0605900  0.0787190  1.0000000 -0.0192480 -0.0148760 -0.0206420  0.0380470  0.0101320 -0.0382640 -0.0823300 -0.0347060  0.0065880  0.0041980 -0.0155860 -0.0108430 -0.0280570 -0.0331330  0.0090430  0.0022080 -0.0042420 -0.0186620  0.0134960  0.0137640  0.0074950  0.0172890  0.0088490 -0.0317960  0.0006020 -0.0149750 -0.0294340  0.0186540 -0.0009210 -0.0257460  0.0181970 -0.0063370 -0.0099660 -0.0362870  0.0271580  0.0084230  0.0016700 -0.0359990 -0.0472370 -0.0306840  0.0058570 -0.0086930 -0.0438870 -0.0547790  0.0061170  0.0124460  0.0005020 -0.0161090 -0.0059320 -0.0149740  0.0132680 -0.0492240 -0.0077860 -0.0343940 -0.0200070 -0.0135520  0.0074300 -0.0430470  0.0103610  0.0022030 -0.0085320 -0.0276890  0.0102700  0.0253040 -0.0331630 -0.0286590  0.0143200 -0.0688030 -0.0201500 -0.0251650 -0.0180030 -0.0124870 -0.0496970 -0.0139960  0.0014580 -0.0030150  0.0176610 -0.0209550  0.0082280 -0.0080310  0.0202160 -0.0725800 -0.0236860 -0.0189350 -0.0144700  0.0209790 -0.0159100  0.0553250 -0.0003220 -0.0165900 -0.0498550 -0.0097870 -0.0157330 -0.0047450  0.0031840 -0.0429980 -0.0039070 -0.0187110  0.0060110 -0.0193460 -0.0181830 -0.0128700 -0.0277570  0.0074090 -0.0077980 -0.0234320 -0.0161390 -0.0090380 -0.0043730  0.0378250 -0.0064350 -0.0390940  0.0040680  0.0010340 -0.0278960 -0.0189860  0.0041540 -0.0079910 -0.0697050 -0.0134270 -0.0284940 -0.0457170 -0.0491830 -0.0061980 -0.0267220 -0.0370090 -0.0482990  0.0135470 -0.0225650  0.0128920 -0.0251640 -0.0311460 -0.0075810 -0.0177900 -0.0416640 -0.0026780 -0.0134940 -0.0108490 -0.0060680 -0.0178410 -0.0381250 -0.0316230 -0.0100320 -0.0219830 -0.0218980 -0.0161510 -0.0521390  0.0081300 -0.0105830 -0.0229640  0.0301650 -0.0401870 -0.0066500  0.0215740
