0	0.250842	0.236894	0.246825	0.246245	0.249463	0.156417	0.244461	0.244655	0.245559	0.250539	0.239977	0.247571	0.250718	0.242542	0.245744	0.242285	0.24359	0.239762	0.248283	0.278921	0.280776	0.278198	0.281594	0.279389	0.277347	0.279285	0.273495	0.277375	0.277528	0.280467	0.281707	0.273512	0.278386	0.274321	0.281475	0.278874	0.274808	0.270238	0.275	0.270995	0.270563	0.270242	0.272653	0.274012	0.275386	0.277517	0.276396	0.269063	0.275571	0.267947	0.274388	0.268234	0.262959	0.275197	0.278074	0.275293	0.278685	0.279827	0.268819	0.27473	0.277004	0.275215	0.272329	0.270984	0.279194	0.275656	0.277371	0.275782	0.270775	0.271256	0.271357	0.272237	0.279723	0.273688	0.274078	0.271597	0.270458	0.273473	0.278298	0.269885	0.273787	0.277011	0.276921	0.282222	0.274162	0.270849	0.274388	0.279484	0.278403	0.277757	0.279901	0.288362	0.277489	0.279239	0.268642	0.27661	0.272026	0.275771	0.275058	0.279649	0.277246	0.272736	0.266437	0.272836	0.27712	0.274091	0.27533	0.274615	0.274262	0.279241	0.273521	0.272791	0.280264	0.278429	0.274785	0.273104	0.274181	0.282523	0.274003	0.276479	0.276822	0.274901	0.278468	0.27418	0.274811	0.271462	0.26981	0.275337	0.272239	0.270549	0.280506	0.278524	0.277355	0.278027	0.276427	0.276318	0.281553	0.280857	0.277248	0.282836	0.277094	0.283918	0.281757	0.282786	0.279338	0.278501	0.279203	0.274659	0.279458	0.277568	0.283007	0.282287	0.288717	0.27936	0.285082	0.280186	0.278608	0.282577	0.280988	0.282557	0.280407	0.274733	0.27767	0.279215	0.277063	0.277121	0.274774	0.272771	0.272812	0.275694	0.267296	0.275637	0.273708
0.250842	0	0.247342	0.24688	0.246895	0.244772	0.244301	0.254	0.252794	0.244637	0.240488	0.248482	0.249634	0.249233	0.245849	0.248332	0.245813	0.248922	0.251362	0.251189	0.278779	0.28474	0.279632	0.279118	0.279548	0.28423	0.285338	0.280238	0.283048	0.277	0.284367	0.289457	0.282643	0.283068	0.276726	0.284447	0.282562	0.275774	0.279014	0.277214	0.275488	0.271956	0.273711	0.274324	0.275858	0.270917	0.280917	0.278843	0.276673	0.279113	0.277825	0.281904	0.268214	0.275324	0.27868	0.27946	0.278411	0.278693	0.275427	0.284237	0.278033	0.279875	0.276218	0.276432	0.276873	0.27711	0.275889	0.276181	0.28017	0.270816	0.277334	0.277624	0.27806	0.281085	0.279914	0.279763	0.277168	0.272814	0.276736	0.277061	0.270947	0.27353	0.271917	0.282918	0.280083	0.278998	0.27151	0.276341	0.275829	0.283364	0.274714	0.282272	0.287531	0.286828	0.28913	0.276712	0.275506	0.272693	0.274516	0.274239	0.283916	0.275754	0.277411	0.278435	0.277635	0.277396	0.277231	0.279185	0.276089	0.271233	0.280808	0.277784	0.274363	0.27863	0.283394	0.28132	0.275661	0.278464	0.283506	0.282145	0.275752	0.279886	0.275745	0.281108	0.275837	0.279308	0.273273	0.276096	0.279626	0.2727	0.275448	0.277168	0.280112	0.281521	0.280407	0.282186	0.28259	0.282158	0.281954	0.279881	0.279652	0.271933	0.282993	0.283623	0.279198	0.277918	0.282952	0.28505	0.281934	0.286389	0.284426	0.289585	0.282511	0.280546	0.278949	0.28627	0.281953	0.280393	0.279005	0.279735	0.283752	0.280656	0.276773	0.284085	0.281992	0.28254	0.283872	0.283229	0.277208	0.275403	0.27858	0.27712	0.276511	0.275368
0.236894	0.247342	0	0.243065	0.245825	0.243771	0.241513	0.246936	0.243837	0.242142	0.244163	0.24714	0.245433	0.24756	0.239104	0.241072	0.247681	0.243867	0.248769	0.245642	0.276792	0.279119	0.284581	0.27591	0.275136	0.272715	0.279568	0.26857	0.270833	0.27218	0.272072	0.275134	0.275578	0.275519	0.277357	0.275276	0.27274	0.277683	0.275375	0.27386	0.274624	0.274869	0.275285	0.27165	0.278208	0.267548	0.278048	0.272447	0.276961	0.269999	0.273207	0.272596	0.266641	0.271292	0.269809	0.274822	0.274001	0.273029	0.273968	0.275127	0.27404	0.268596	0.273133	0.281879	0.269357	0.275651	0.278135	0.274002	0.274444	0.271116	0.273876	0.276398	0.272254	0.27294	0.277842	0.27025	0.268656	0.277087	0.269592	0.275321	0.268653	0.269495	0.273103	0.27338	0.278773	0.269642	0.272131	0.27324	0.274478	0.273799	0.274419	0.281976	0.289038	0.282808	0.278032	0.27353	0.27526	0.273298	0.272702	0.270684	0.278699	0.270868	0.275735	0.267553	0.271854	0.270886	0.275949	0.277676	0.271646	0.271604	0.27756	0.275928	0.271965	0.279321	0.277891	0.277345	0.278732	0.27352	0.279873	0.276497	0.270957	0.279235	0.275138	0.276295	0.270451	0.274755	0.26983	0.274897	0.272152	0.262798	0.26892	0.276917	0.276767	0.27354	0.2777	0.276567	0.278853	0.276498	0.278348	0.268666	0.276055	0.274714	0.275442	0.278783	0.275431	0.285306	0.277266	0.281265	0.278889	0.280459	0.276774	0.277249	0.276492	0.284769	0.274408	0.28107	0.275379	0.277244	0.282719	0.276755	0.280583	0.281176	0.273281	0.274636	0.274422	0.271957	0.277438	0.274656	0.276001	0.272838	0.275629	0.267677	0.27411	0.267781
0.246825	0.24688	0.243065	0	0.243514	0.244195	0.246309	0.251195	0.243214	0.244629	0.243439	0.239707	0.251126	0.245682	0.245413	0.244905	0.246436	0.242203	0.244353	0.237565	0.281729	0.284216	0.274675	0.279889	0.279026	0.286006	0.282921	0.277441	0.274104	0.275003	0.278451	0.282976	0.278832	0.278465	0.27329	0.27928	0.275871	0.275648	0.278657	0.282098	0.276969	0.27566	0.276188	0.275954	0.27883	0.277167	0.279103	0.278106	0.278439	0.277361	0.280424	0.28538	0.275959	0.272653	0.275901	0.274189	0.274783	0.286814	0.280547	0.281639	0.279485	0.279741	0.275654	0.278362	0.272978	0.283231	0.277574	0.27684	0.274432	0.277094	0.277269	0.27681	0.27792	0.286158	0.276472	0.276116	0.27844	0.275203	0.273255	0.281815	0.27348	0.280313	0.269453	0.279541	0.280605	0.282331	0.276157	0.279413	0.278359	0.276234	0.276047	0.283933	0.291189	0.281408	0.288702	0.277269	0.274931	0.273377	0.277201	0.27103	0.279496	0.284766	0.277744	0.273105	0.275348	0.283817	0.274524	0.276476	0.279553	0.274846	0.276074	0.275151	0.275665	0.280707	0.280665	0.276862	0.28125	0.275612	0.284211	0.28022	0.274704	0.279101	0.279045	0.277112	0.271846	0.27731	0.273652	0.27526	0.278425	0.265517	0.273935	0.282553	0.275	0.282468	0.278758	0.281945	0.277807	0.278824	0.284103	0.274743	0.280131	0.27809	0.277883	0.278893	0.284514	0.279101	0.282903	0.282357	0.284203	0.280458	0.285488	0.286005	0.279094	0.288274	0.276286	0.284	0.285145	0.276729	0.277639	0.27929	0.283133	0.279454	0.277198	0.278051	0.280927	0.280656	0.278421	0.279888	0.277701	0.274972	0.28169	0.271069	0.273546	0.273038
0.246245	0.246895	0.245825	0.243514	0	0.251661	0.241016	0.253693	0.249414	0.246265	0.242849	0.24399	0.247534	0.245577	0.243649	0.246615	0.241658	0.240922	0.244628	0.245917	0.284876	0.278171	0.276291	0.282848	0.281869	0.281628	0.27655	0.276312	0.277385	0.280501	0.281713	0.285147	0.280775	0.278764	0.278669	0.279966	0.281097	0.280321	0.274659	0.2759	0.276441	0.274592	0.272586	0.270378	0.27549	0.270235	0.277582	0.279844	0.273946	0.278034	0.278409	0.274615	0.268994	0.271115	0.271826	0.274835	0.274093	0.278376	0.276046	0.272935	0.272736	0.276924	0.275879	0.275953	0.273597	0.276362	0.273553	0.276425	0.274019	0.274218	0.277068	0.274116	0.275677	0.284113	0.277908	0.270059	0.275567	0.277703	0.270362	0.273135	0.270331	0.278202	0.273244	0.279281	0.283618	0.277972	0.271668	0.273521	0.275336	0.274663	0.276055	0.282974	0.29779	0.284219	0.287873	0.276942	0.280343	0.274102	0.276918	0.275259	0.285058	0.272831	0.276038	0.272079	0.276718	0.278448	0.274697	0.270128	0.275029	0.272385	0.273252	0.273979	0.270415	0.283784	0.278478	0.27462	0.280951	0.274683	0.282841	0.273085	0.272246	0.277438	0.272688	0.279232	0.273222	0.271017	0.268338	0.272475	0.282893	0.265751	0.276129	0.276247	0.275029	0.27462	0.274692	0.27799	0.278728	0.274209	0.276944	0.275231	0.285543	0.277151	0.279769	0.281164	0.280626	0.282594	0.284088	0.284019	0.281106	0.279469	0.286664	0.283969	0.279727	0.28284	0.277194	0.285443	0.284007	0.27451	0.283568	0.280813	0.279134	0.283561	0.278343	0.279725	0.282847	0.282654	0.282043	0.281852	0.272348	0.274974	0.280025	0.267587	0.279247	0.276468
0.249463	0.244772	0.243771	0.244195	0.251661	0	0.244154	0.245408	0.243504	0.235416	0.241139	0.252449	0.246912	0.240557	0.238822	0.243776	0.243619	0.248036	0.250176	0.245235	0.281378	0.2857	0.282834	0.281567	0.28057	0.277149	0.279952	0.275636	0.278049	0.275479	0.275429	0.281125	0.277881	0.275732	0.281276	0.285409	0.281205	0.278854	0.278719	0.27201	0.275839	0.277385	0.273943	0.269179	0.276532	0.27008	0.272852	0.274265	0.276936	0.274677	0.274755	0.277489	0.26794	0.272418	0.26946	0.280309	0.277013	0.278265	0.282078	0.278334	0.27367	0.280798	0.275047	0.273166	0.273328	0.277778	0.27599	0.278536	0.276312	0.273116	0.274494	0.277328	0.279535	0.28296	0.27987	0.269976	0.274686	0.272014	0.273356	0.27534	0.26838	0.281235	0.272167	0.278404	0.283095	0.275675	0.269874	0.275654	0.276088	0.280058	0.276125	0.282386	0.287738	0.281976	0.281441	0.275181	0.273803	0.275366	0.278328	0.270903	0.277507	0.275635	0.272116	0.270558	0.277169	0.277513	0.277605	0.276508	0.275952	0.273585	0.275392	0.274583	0.270956	0.286345	0.282613	0.273873	0.274098	0.274539	0.283529	0.279848	0.2769	0.276131	0.276152	0.278289	0.274334	0.274606	0.273546	0.276697	0.278285	0.271585	0.275213	0.276764	0.280085	0.273401	0.274795	0.280352	0.275211	0.280731	0.281036	0.273517	0.28539	0.274789	0.27388	0.282356	0.2786	0.279769	0.283666	0.279801	0.278193	0.279474	0.283531	0.282534	0.279211	0.284455	0.277173	0.280547	0.279521	0.275692	0.284428	0.283016	0.280815	0.279696	0.274846	0.276336	0.279209	0.276448	0.279731	0.277324	0.280129	0.272137	0.275084	0.266435	0.276001	0.271829
0.156417	0.244301	0.241513	0.246309	0.241016	0.244154	0	0.244448	0.241778	0.243126	0.24458	0.246592	0.245587	0.246361	0.242224	0.246811	0.239515	0.245339	0.24238	0.253097	0.281459	0.280557	0.279283	0.28406	0.28057	0.273413	0.277535	0.276001	0.280068	0.276082	0.280466	0.276401	0.27498	0.278715	0.278851	0.284598	0.283534	0.276304	0.273456	0.28168	0.267416	0.270437	0.270401	0.270256	0.270777	0.26957	0.277302	0.275666	0.275101	0.274391	0.273549	0.273496	0.268311	0.271737	0.269095	0.277446	0.271638	0.278535	0.282195	0.274889	0.27427	0.278211	0.275587	0.273041	0.272194	0.27806	0.273372	0.276162	0.278737	0.270362	0.27262	0.273035	0.274435	0.285646	0.279286	0.278468	0.279053	0.270934	0.276706	0.277889	0.26953	0.274096	0.268978	0.275791	0.284385	0.273052	0.270864	0.274445	0.27123	0.283138	0.276821	0.275549	0.291469	0.283526	0.278932	0.271964	0.273136	0.273494	0.275098	0.281559	0.281315	0.273774	0.278089	0.270639	0.276245	0.278455	0.278853	0.275642	0.270332	0.275365	0.280689	0.269592	0.271457	0.283052	0.275336	0.277077	0.275726	0.274229	0.284846	0.275651	0.274639	0.280844	0.27138	0.280233	0.270052	0.275131	0.268614	0.271234	0.272608	0.271583	0.272987	0.27313	0.271259	0.274253	0.277234	0.273813	0.276415	0.286829	0.276683	0.267104	0.275806	0.272821	0.274735	0.281316	0.278345	0.279211	0.27842	0.280867	0.275112	0.278794	0.275526	0.277727	0.278359	0.290176	0.277698	0.283225	0.278889	0.278442	0.282159	0.276253	0.280453	0.27744	0.274709	0.27735	0.278107	0.278268	0.279807	0.281079	0.277055	0.277242	0.278981	0.266656	0.276541	0.279277
0.244461	0.254	0.246936	0.251195	0.253693	0.245408	0.244448	0	0.241331	0.247219	0.244031	0.257178	0.250157	0.257503	0.249014	0.243015	0.246902	0.248318	0.248035	0.249166	0.282469	0.283695	0.282721	0.279148	0.279635	0.280093	0.279024	0.276583	0.281472	0.28095	0.276227	0.283379	0.276253	0.280232	0.281069	0.283325	0.274583	0.278167	0.278894	0.277347	0.277538	0.276215	0.271544	0.276979	0.275383	0.271694	0.279659	0.279641	0.277511	0.276384	0.276498	0.273004	0.267218	0.272266	0.272809	0.274966	0.27297	0.274006	0.279466	0.276799	0.276582	0.280864	0.275535	0.276602	0.273031	0.278277	0.278191	0.274061	0.278396	0.270507	0.274663	0.27717	0.271497	0.280938	0.279125	0.274959	0.274571	0.271374	0.269609	0.279405	0.271546	0.273311	0.274506	0.276898	0.281908	0.278468	0.27303	0.277793	0.271953	0.280305	0.278119	0.274642	0.290771	0.281535	0.28681	0.275741	0.272122	0.270822	0.279759	0.274781	0.277302	0.276323	0.272233	0.27095	0.279115	0.274798	0.282084	0.274497	0.276222	0.273437	0.277171	0.270957	0.270405	0.280712	0.286833	0.278187	0.277548	0.277966	0.284234	0.276691	0.279384	0.270326	0.280699	0.278077	0.276309	0.275953	0.275442	0.27302	0.273398	0.269461	0.272695	0.275608	0.275464	0.278435	0.276819	0.277363	0.273573	0.277211	0.284278	0.274153	0.278747	0.273273	0.274838	0.281404	0.287064	0.278561	0.279257	0.283085	0.273169	0.27879	0.285186	0.282666	0.28216	0.28655	0.27792	0.285171	0.279596	0.278201	0.286309	0.279072	0.28775	0.2782	0.281758	0.277901	0.282537	0.28099	0.279467	0.272938	0.27879	0.278265	0.274292	0.267899	0.276142	0.276437
0.244655	0.252794	0.243837	0.243214	0.249414	0.243504	0.241778	0.241331	0	0.239752	0.237984	0.246493	0.245997	0.244284	0.24015	0.246295	0.245828	0.241507	0.247421	0.247858	0.277276	0.283463	0.278442	0.275387	0.277059	0.272662	0.276311	0.275379	0.273603	0.273643	0.275657	0.28012	0.276628	0.277637	0.271548	0.281715	0.273494	0.271655	0.277385	0.272158	0.271785	0.27593	0.270323	0.272529	0.278919	0.269153	0.280407	0.274014	0.268329	0.270938	0.274966	0.279365	0.267764	0.272038	0.269127	0.275694	0.27434	0.278475	0.274338	0.274077	0.271006	0.272215	0.272705	0.271732	0.272289	0.274989	0.274662	0.267993	0.273296	0.273136	0.270268	0.276106	0.27439	0.283398	0.275772	0.272955	0.268799	0.273137	0.26679	0.27729	0.265865	0.278017	0.271072	0.273406	0.27728	0.274428	0.273189	0.277486	0.270071	0.276567	0.270534	0.278693	0.288986	0.281129	0.283039	0.274941	0.268946	0.273313	0.275357	0.273071	0.28123	0.277783	0.268959	0.272687	0.273852	0.274637	0.273442	0.268998	0.27523	0.270856	0.27334	0.273245	0.270842	0.277883	0.277649	0.270321	0.275853	0.272471	0.278741	0.275916	0.275773	0.273731	0.273261	0.277862	0.270448	0.271256	0.271824	0.272356	0.271152	0.266676	0.271168	0.272617	0.273926	0.272404	0.273888	0.275002	0.27239	0.277057	0.274897	0.275575	0.275484	0.266737	0.268201	0.275072	0.27529	0.281628	0.283057	0.272938	0.277406	0.280524	0.282823	0.28117	0.276241	0.282994	0.276251	0.282533	0.280343	0.277384	0.279229	0.281026	0.279482	0.276875	0.27453	0.277186	0.277822	0.277744	0.270158	0.276931	0.278689	0.270441	0.271037	0.2641	0.280682	0.269759
0.245559	0.244637	0.242142	0.244629	0.246265	0.235416	0.243126	0.247219	0.239752	0	0.23678	0.246355	0.245412	0.24863	0.240112	0.247334	0.243623	0.243261	0.247636	0.24346	0.278386	0.283851	0.276152	0.280812	0.274313	0.274698	0.278431	0.275966	0.272117	0.272454	0.27586	0.278831	0.272813	0.279117	0.274632	0.279627	0.274164	0.279544	0.273805	0.27663	0.274233	0.273964	0.271242	0.27523	0.272295	0.27098	0.282484	0.274993	0.276337	0.275116	0.277313	0.277632	0.264182	0.26431	0.26985	0.272439	0.270259	0.275598	0.277998	0.272727	0.273427	0.282551	0.276337	0.275583	0.27378	0.280434	0.276427	0.27642	0.267891	0.273395	0.270893	0.273426	0.272611	0.281766	0.278185	0.267996	0.271563	0.272499	0.276944	0.278389	0.26931	0.273833	0.271352	0.278006	0.281378	0.273467	0.268642	0.278027	0.273405	0.276836	0.274042	0.282353	0.289908	0.281624	0.282019	0.27073	0.274658	0.272267	0.274161	0.276877	0.278755	0.27749	0.276491	0.269286	0.270247	0.273423	0.277554	0.271786	0.269636	0.266683	0.276589	0.270286	0.271802	0.283373	0.281717	0.270337	0.275544	0.271932	0.282783	0.276164	0.275549	0.280104	0.274403	0.282886	0.270592	0.272339	0.273403	0.270868	0.274828	0.272106	0.273162	0.277788	0.273159	0.274872	0.27684	0.27875	0.276119	0.276365	0.274064	0.278208	0.277304	0.275818	0.273388	0.277806	0.279823	0.281151	0.283983	0.275599	0.2761	0.277695	0.274192	0.278671	0.280765	0.282033	0.280395	0.281567	0.28008	0.273919	0.281323	0.275246	0.282399	0.274685	0.277872	0.279395	0.277679	0.273785	0.28325	0.278701	0.275658	0.271811	0.266923	0.265838	0.276706	0.272522
0.250539	0.240488	0.244163	0.243439	0.242849	0.241139	0.24458	0.244031	0.237984	0.23678	0	0.236901	0.246332	0.245114	0.238014	0.243744	0.246223	0.245045	0.246422	0.248171	0.27847	0.28383	0.277163	0.280693	0.279836	0.277846	0.281099	0.270706	0.276132	0.275347	0.280079	0.280784	0.274848	0.281754	0.276379	0.282671	0.278233	0.277396	0.27367	0.278477	0.278218	0.272769	0.275714	0.27772	0.275226	0.272817	0.282638	0.277675	0.274142	0.274269	0.274733	0.279032	0.269283	0.271606	0.274209	0.276293	0.27636	0.27624	0.279522	0.272549	0.26949	0.273464	0.272064	0.27565	0.274197	0.27859	0.2832	0.273632	0.27453	0.273674	0.27753	0.272793	0.271025	0.28257	0.278947	0.277422	0.274213	0.271691	0.277343	0.272584	0.270737	0.275813	0.269731	0.27878	0.278162	0.275313	0.275536	0.275657	0.274155	0.277352	0.271759	0.281367	0.289977	0.278082	0.283929	0.275104	0.276524	0.272445	0.275867	0.270874	0.278342	0.272937	0.27349	0.27225	0.274171	0.27737	0.280072	0.273968	0.26752	0.276062	0.273088	0.274475	0.272703	0.280167	0.284204	0.273484	0.276239	0.273433	0.280548	0.274552	0.281945	0.279665	0.276352	0.284904	0.278516	0.276998	0.272807	0.273841	0.275432	0.271001	0.271709	0.279701	0.276346	0.277331	0.276481	0.277971	0.275216	0.272551	0.277894	0.271656	0.281412	0.275988	0.277466	0.275765	0.28075	0.281377	0.281839	0.281213	0.276426	0.27684	0.281591	0.280734	0.285894	0.282223	0.272663	0.282676	0.282409	0.275271	0.27922	0.280532	0.281139	0.281612	0.276399	0.281131	0.278321	0.279585	0.279102	0.271465	0.277593	0.270757	0.275295	0.267595	0.27779	0.270401
0.239977	0.248482	0.24714	0.239707	0.24399	0.252449	0.246592	0.257178	0.246493	0.246355	0.236901	0	0.251412	0.245325	0.245169	0.244507	0.242707	0.245736	0.244885	0.249149	0.28054	0.28459	0.279637	0.279559	0.281746	0.282221	0.287432	0.275243	0.271996	0.277613	0.281455	0.278175	0.275268	0.27794	0.277331	0.280154	0.280173	0.280951	0.276063	0.278327	0.273055	0.275875	0.275837	0.273959	0.279585	0.273373	0.28598	0.28392	0.275672	0.27644	0.278087	0.27663	0.273162	0.27305	0.272941	0.278376	0.27841	0.275395	0.278426	0.274401	0.275592	0.279108	0.279081	0.278853	0.275908	0.282351	0.278072	0.274854	0.275775	0.272353	0.278991	0.279132	0.28068	0.28849	0.282469	0.279465	0.277872	0.280026	0.277658	0.283393	0.274113	0.276745	0.277314	0.277074	0.284998	0.279677	0.279409	0.279432	0.277891	0.281866	0.279748	0.281206	0.287247	0.287265	0.28883	0.272415	0.27568	0.276303	0.279276	0.272564	0.283593	0.279641	0.273243	0.274738	0.279567	0.278424	0.27689	0.277662	0.275381	0.28259	0.274944	0.277724	0.273766	0.281169	0.283037	0.276776	0.282463	0.277655	0.286077	0.277634	0.280109	0.277713	0.281027	0.281156	0.277033	0.278987	0.27487	0.276848	0.279238	0.274757	0.27482	0.281478	0.282671	0.280131	0.280226	0.278599	0.283081	0.27816	0.278797	0.274913	0.28051	0.277494	0.28391	0.281563	0.280467	0.285914	0.287563	0.286581	0.278873	0.284305	0.282268	0.280612	0.280282	0.289068	0.284148	0.287064	0.287392	0.280345	0.286899	0.279985	0.28379	0.283412	0.277584	0.279113	0.282895	0.28409	0.278301	0.277123	0.276901	0.279514	0.27425	0.270925	0.276938	0.271542
0.247571	0.249634	0.245433	0.251126	0.247534	0.246912	0.245587	0.250157	0.245997	0.245412	0.246332	0.251412	0	0.248171	0.248302	0.249841	0.248479	0.251768	0.250476	0.247601	0.277369	0.284586	0.28277	0.280489	0.279232	0.278906	0.278171	0.27537	0.280019	0.272449	0.278458	0.284586	0.278747	0.274079	0.27627	0.284292	0.277071	0.27237	0.277166	0.279142	0.276571	0.280816	0.27243	0.26906	0.27773	0.275993	0.275156	0.272666	0.273661	0.27349	0.278556	0.278659	0.266781	0.276682	0.270992	0.278813	0.271682	0.279545	0.280186	0.277621	0.275454	0.274158	0.276285	0.272714	0.274352	0.276379	0.274434	0.277218	0.276238	0.268478	0.278535	0.275067	0.276132	0.283172	0.27676	0.274949	0.274605	0.266799	0.272802	0.276387	0.270352	0.279586	0.27074	0.280759	0.28016	0.276652	0.271771	0.275424	0.269915	0.280338	0.272874	0.282915	0.295946	0.283527	0.286092	0.271565	0.276539	0.275991	0.272714	0.277725	0.279263	0.273684	0.275068	0.2705	0.275803	0.276159	0.273215	0.272992	0.270475	0.275587	0.274124	0.269675	0.274049	0.283076	0.281226	0.27539	0.279943	0.274651	0.282462	0.275056	0.27444	0.278322	0.275773	0.276973	0.275956	0.272424	0.267429	0.269592	0.277932	0.267055	0.274147	0.275353	0.279053	0.27988	0.276015	0.280447	0.280904	0.280636	0.279433	0.275032	0.28206	0.276021	0.277865	0.277784	0.28419	0.282187	0.285016	0.282049	0.28064	0.280356	0.281325	0.281826	0.280869	0.284413	0.280418	0.283743	0.276969	0.282506	0.283042	0.283784	0.28248	0.2769	0.279163	0.28194	0.280198	0.282845	0.282926	0.279635	0.275658	0.26633	0.273974	0.267498	0.277595	0.271811
0.250718	0.249233	0.24756	0.245682	0.245577	0.240557	0.246361	0.257503	0.244284	0.24863	0.245114	0.245325	0.248171	0	0.248458	0.246173	0.250572	0.248203	0.246791	0.245884	0.277182	0.279922	0.276404	0.278474	0.280586	0.274294	0.278889	0.27335	0.27689	0.273691	0.282545	0.274439	0.27197	0.278311	0.278015	0.282941	0.279758	0.275353	0.272525	0.274022	0.273992	0.277928	0.270664	0.270265	0.275122	0.271713	0.279541	0.278539	0.274168	0.278047	0.279143	0.274055	0.264444	0.272837	0.270447	0.276812	0.27453	0.272242	0.279847	0.268307	0.278363	0.276131	0.27704	0.273653	0.275784	0.275513	0.276878	0.276374	0.276482	0.275119	0.274783	0.273323	0.277845	0.280404	0.280435	0.274346	0.271449	0.271856	0.277603	0.274139	0.273118	0.272688	0.274123	0.277472	0.28395	0.275712	0.270214	0.277907	0.274339	0.275917	0.270106	0.280827	0.2875	0.282291	0.283142	0.277772	0.278146	0.272788	0.278979	0.272605	0.282858	0.278657	0.279007	0.270431	0.276154	0.274275	0.272832	0.279392	0.279143	0.275375	0.281271	0.275916	0.277113	0.280563	0.281013	0.275667	0.278164	0.275321	0.283229	0.280012	0.273577	0.275547	0.27824	0.281066	0.272951	0.273616	0.27111	0.276174	0.275055	0.265483	0.279819	0.27483	0.274987	0.277246	0.275336	0.280326	0.272547	0.277032	0.280986	0.268521	0.280286	0.275475	0.278698	0.281863	0.283307	0.276341	0.282298	0.280543	0.28156	0.275306	0.279457	0.277889	0.273912	0.281084	0.276292	0.277845	0.278486	0.281055	0.278271	0.276103	0.284136	0.276523	0.274433	0.273843	0.282472	0.274003	0.27729	0.281689	0.28033	0.276026	0.276171	0.266039	0.277622	0.275605
0.242542	0.245849	0.239104	0.245413	0.243649	0.238822	0.242224	0.249014	0.24015	0.240112	0.238014	0.245169	0.248302	0.248458	0	0.242565	0.236536	0.244007	0.24469	0.243858	0.279132	0.282228	0.278334	0.280146	0.278016	0.275569	0.277063	0.275973	0.275847	0.274739	0.277426	0.280906	0.272518	0.275982	0.27552	0.277613	0.277302	0.273461	0.278631	0.274995	0.276365	0.276297	0.273621	0.274531	0.276705	0.274228	0.272599	0.276131	0.271077	0.275295	0.279196	0.274135	0.265656	0.275674	0.271678	0.277593	0.270896	0.276669	0.276085	0.276751	0.273569	0.274462	0.270776	0.271475	0.271583	0.277936	0.275024	0.274917	0.27377	0.271573	0.274882	0.27667	0.274787	0.281423	0.280576	0.274105	0.271681	0.278013	0.273101	0.27506	0.267687	0.275916	0.270467	0.276232	0.284995	0.275947	0.273593	0.274614	0.26816	0.273692	0.274517	0.281306	0.289442	0.280041	0.281568	0.271494	0.275475	0.271363	0.274613	0.271963	0.277292	0.27281	0.274084	0.276394	0.275825	0.272539	0.278099	0.27383	0.271697	0.272778	0.279333	0.273615	0.277462	0.282257	0.280463	0.275881	0.27394	0.269917	0.28236	0.280553	0.278747	0.277141	0.270356	0.274336	0.272883	0.274664	0.269786	0.273054	0.274536	0.272024	0.275954	0.276164	0.273561	0.278658	0.276978	0.280289	0.276006	0.275787	0.27994	0.273915	0.280075	0.275375	0.280134	0.274246	0.27858	0.279376	0.281299	0.28065	0.277491	0.280992	0.272733	0.282348	0.28343	0.285706	0.279684	0.280705	0.283696	0.275934	0.283896	0.280316	0.280772	0.278449	0.277784	0.278207	0.277409	0.278229	0.281149	0.279536	0.275628	0.271457	0.278016	0.266518	0.275521	0.275813
0.245744	0.248332	0.241072	0.244905	0.246615	0.243776	0.246811	0.243015	0.246295	0.247334	0.243744	0.244507	0.249841	0.246173	0.242565	0	0.244817	0.244307	0.246485	0.243157	0.280838	0.282184	0.27971	0.283869	0.283313	0.28165	0.2835	0.275265	0.274698	0.275278	0.27941	0.280011	0.27855	0.282101	0.28104	0.291816	0.277364	0.277783	0.277904	0.275075	0.279014	0.273184	0.275801	0.274226	0.276882	0.271272	0.27381	0.278132	0.273873	0.271748	0.283663	0.279725	0.269816	0.271992	0.267726	0.277595	0.275539	0.277887	0.280547	0.277469	0.275807	0.277198	0.271185	0.275531	0.274101	0.283599	0.276185	0.273264	0.279393	0.274733	0.278943	0.273295	0.277757	0.283615	0.27785	0.276305	0.276111	0.274777	0.277232	0.276679	0.27238	0.279684	0.272566	0.274581	0.27683	0.282405	0.273659	0.274972	0.275747	0.280585	0.27663	0.280636	0.293145	0.286622	0.290578	0.272412	0.275931	0.276568	0.272752	0.272835	0.285032	0.278385	0.276021	0.274245	0.27817	0.278066	0.277945	0.27352	0.274563	0.276579	0.276553	0.277966	0.273788	0.284578	0.281145	0.278935	0.279122	0.274309	0.282381	0.277878	0.276689	0.276268	0.280644	0.279036	0.275662	0.273881	0.270833	0.274902	0.273542	0.26649	0.275191	0.278214	0.28109	0.274547	0.278267	0.275957	0.280045	0.277165	0.277066	0.272671	0.279259	0.271877	0.276808	0.281754	0.28163	0.282002	0.284953	0.279247	0.280382	0.281803	0.280464	0.281456	0.279986	0.281158	0.281538	0.282299	0.280868	0.278067	0.282582	0.271343	0.281462	0.279651	0.276855	0.278267	0.282061	0.275887	0.282004	0.283011	0.280699	0.274484	0.274469	0.26866	0.28122	0.280286
0.242285	0.245813	0.247681	0.246436	0.241658	0.243619	0.239515	0.246902	0.245828	0.243623	0.246223	0.242707	0.248479	0.250572	0.236536	0.244817	0	0.241973	0.246498	0.244272	0.282084	0.285259	0.281849	0.276896	0.281591	0.282506	0.281002	0.277848	0.280963	0.274937	0.276302	0.278439	0.276551	0.278594	0.276987	0.283434	0.276743	0.276084	0.275222	0.277882	0.277206	0.274816	0.275398	0.278072	0.276159	0.269168	0.277274	0.279833	0.275245	0.274046	0.278345	0.276053	0.262868	0.268449	0.270821	0.27809	0.275987	0.276348	0.27917	0.278136	0.278036	0.276681	0.277931	0.278106	0.275626	0.280888	0.274945	0.271025	0.275078	0.269554	0.275112	0.274953	0.27615	0.283591	0.27664	0.272701	0.269315	0.274851	0.272469	0.278826	0.269579	0.274814	0.273757	0.276582	0.284672	0.279421	0.272364	0.274672	0.275851	0.275238	0.27664	0.280054	0.294225	0.283151	0.288818	0.27323	0.275837	0.269275	0.273203	0.273754	0.280035	0.272647	0.273611	0.268815	0.273024	0.278784	0.278366	0.274718	0.275981	0.274848	0.273036	0.273918	0.269973	0.282754	0.281398	0.273112	0.274959	0.278336	0.284943	0.275092	0.281158	0.276269	0.277918	0.282468	0.278341	0.276732	0.271904	0.272878	0.275185	0.271883	0.272346	0.282113	0.279307	0.278557	0.279579	0.27842	0.281559	0.279506	0.281065	0.276577	0.282522	0.274192	0.280906	0.280485	0.2856	0.280997	0.282766	0.280326	0.282599	0.281754	0.284665	0.282294	0.279194	0.288996	0.281813	0.284345	0.281575	0.276921	0.28333	0.281518	0.283273	0.28269	0.280282	0.283023	0.284769	0.283211	0.282885	0.283224	0.28268	0.278712	0.278958	0.273707	0.281134	0.276223
0.24359	0.248922	0.243867	0.242203	0.240922	0.248036	0.245339	0.248318	0.241507	0.243261	0.245045	0.245736	0.251768	0.248203	0.244007	0.244307	0.241973	0	0.239851	0.244319	0.28072	0.288872	0.283074	0.282629	0.283052	0.278072	0.28479	0.275232	0.283243	0.283988	0.28429	0.284801	0.276031	0.27954	0.279402	0.282902	0.273097	0.276359	0.272052	0.27367	0.272927	0.271378	0.272918	0.27605	0.275706	0.274258	0.279358	0.274862	0.274934	0.276097	0.27686	0.278279	0.265758	0.268394	0.270628	0.278451	0.27479	0.280666	0.282878	0.27658	0.279638	0.281092	0.272813	0.276688	0.275573	0.280174	0.27548	0.275484	0.276171	0.272167	0.2747	0.274522	0.274298	0.287205	0.27559	0.270047	0.267736	0.274807	0.273085	0.276505	0.267655	0.282622	0.276413	0.277186	0.283382	0.279665	0.27208	0.273741	0.273516	0.276409	0.27783	0.282044	0.294001	0.283741	0.289474	0.275119	0.279311	0.27366	0.280178	0.274878	0.28453	0.282051	0.267831	0.274639	0.275722	0.2796	0.277489	0.273549	0.277005	0.273846	0.278063	0.274777	0.271607	0.277778	0.282658	0.277336	0.278721	0.275544	0.283426	0.276518	0.281255	0.282301	0.276793	0.28629	0.280798	0.281247	0.275987	0.273088	0.280594	0.269753	0.269823	0.280353	0.277936	0.277274	0.279883	0.28235	0.281948	0.284107	0.281854	0.277616	0.281155	0.28202	0.281116	0.283121	0.283029	0.28187	0.284498	0.285101	0.281388	0.281156	0.285931	0.280918	0.282473	0.287739	0.280925	0.284067	0.283554	0.280631	0.285743	0.282283	0.285116	0.284143	0.272096	0.284393	0.283923	0.28683	0.284737	0.276441	0.280789	0.277354	0.280996	0.269395	0.28506	0.276132
0.239762	0.251362	0.248769	0.244353	0.244628	0.250176	0.24238	0.248035	0.247421	0.247636	0.246422	0.244885	0.250476	0.246791	0.24469	0.246485	0.246498	0.239851	0	0.242102	0.283044	0.287283	0.27966	0.284371	0.285188	0.281585	0.281782	0.274221	0.28081	0.280088	0.283343	0.283271	0.277322	0.278885	0.279447	0.282523	0.284352	0.273165	0.275214	0.280269	0.278823	0.275406	0.276503	0.275486	0.275877	0.272289	0.276511	0.277264	0.273891	0.280142	0.27947	0.278043	0.267525	0.26743	0.272211	0.276818	0.274316	0.281662	0.282355	0.276094	0.276003	0.279604	0.273817	0.276378	0.275193	0.281507	0.280403	0.277995	0.275147	0.271007	0.277305	0.274704	0.27627	0.284547	0.279536	0.271496	0.271352	0.274073	0.275185	0.274128	0.27137	0.280966	0.27082	0.282642	0.282605	0.275237	0.268342	0.272081	0.280869	0.281097	0.274782	0.283913	0.29418	0.28137	0.288685	0.274155	0.280521	0.27199	0.275866	0.27525	0.281327	0.279755	0.275955	0.273085	0.279881	0.278408	0.283116	0.279262	0.279793	0.274998	0.279828	0.276578	0.277459	0.282931	0.279804	0.277703	0.277262	0.2758	0.280983	0.278344	0.27826	0.281583	0.274931	0.284738	0.275913	0.27665	0.27132	0.2751	0.280302	0.27205	0.279774	0.277691	0.278918	0.278237	0.278824	0.280763	0.278808	0.282641	0.283662	0.282076	0.274824	0.274776	0.280402	0.280815	0.28576	0.283962	0.283335	0.28118	0.283078	0.282347	0.286674	0.282398	0.284657	0.290304	0.281691	0.28532	0.284648	0.281119	0.286904	0.280099	0.280935	0.281217	0.278169	0.282054	0.284719	0.28218	0.280808	0.27856	0.280136	0.280301	0.277965	0.272727	0.284906	0.274315
0.248283	0.251189	0.245642	0.237565	0.245917	0.245235	0.253097	0.249166	0.247858	0.24346	0.248171	0.249149	0.247601	0.245884	0.243858	0.243157	0.244272	0.244319	0.242102	0	0.278417	0.280263	0.281633	0.277298	0.281694	0.276012	0.284464	0.276537	0.274001	0.275307	0.279338	0.278593	0.27688	0.27592	0.273219	0.284431	0.273429	0.276052	0.274243	0.275622	0.276041	0.271681	0.275914	0.275342	0.271672	0.271985	0.273345	0.27372	0.273508	0.275512	0.279609	0.276584	0.269605	0.269464	0.273439	0.275604	0.276428	0.274111	0.281892	0.275722	0.27758	0.280282	0.269668	0.277861	0.276293	0.277566	0.277955	0.271918	0.277567	0.271163	0.272716	0.273949	0.275072	0.279521	0.280922	0.273352	0.274982	0.274843	0.269151	0.275603	0.272976	0.27738	0.27509	0.276871	0.278494	0.276286	0.267269	0.276676	0.272893	0.278122	0.276064	0.276318	0.290044	0.280621	0.284517	0.273651	0.274433	0.27309	0.277475	0.273632	0.280171	0.277882	0.272266	0.272822	0.273797	0.274996	0.277523	0.270566	0.275706	0.275969	0.272017	0.270612	0.271477	0.286252	0.277219	0.276315	0.275818	0.272276	0.280465	0.275795	0.278347	0.273635	0.278416	0.280167	0.274379	0.274723	0.271608	0.271771	0.276602	0.266834	0.274868	0.278371	0.277982	0.27745	0.278009	0.280476	0.277496	0.276452	0.279712	0.276754	0.282576	0.282666	0.281029	0.280074	0.287195	0.280101	0.28437	0.28286	0.282492	0.283852	0.284465	0.282518	0.281832	0.286998	0.281134	0.287346	0.282169	0.282944	0.285078	0.280662	0.27793	0.27857	0.277686	0.279953	0.283095	0.27847	0.283194	0.27788	0.280603	0.279475	0.276736	0.270292	0.278772	0.276877
0.278921	0.278779	0.276792	0.281729	0.284876	0.281378	0.281459	0.282469	0.277276	0.278386	0.27847	0.28054	0.277369	0.277182	0.279132	0.280838	0.282084	0.28072	0.283044	0.278417	0	0.266231	0.263088	0.261624	0.258343	0.262761	0.258116	0.146174	0.262139	0.266829	0.263411	0.267426	0.262736	0.267658	0.266038	0.278691	0.263552	0.273564	0.275705	0.277539	0.279037	0.272124	0.274137	0.276598	0.272144	0.276315	0.278442	0.277256	0.270037	0.274428	0.280255	0.276114	0.269857	0.27492	0.269218	0.2785	0.273776	0.281997	0.28455	0.277868	0.277525	0.280286	0.274034	0.277342	0.271102	0.284734	0.276983	0.277672	0.273849	0.275438	0.278845	0.277759	0.276452	0.287426	0.272301	0.277888	0.278662	0.276249	0.271402	0.279301	0.273056	0.279201	0.27955	0.277607	0.283905	0.275917	0.274705	0.277216	0.276393	0.281321	0.279654	0.280978	0.287698	0.284241	0.287949	0.279116	0.280303	0.27943	0.279923	0.274033	0.279314	0.277992	0.275851	0.274998	0.278467	0.277858	0.279338	0.276965	0.280754	0.273391	0.275941	0.277019	0.270319	0.284811	0.278515	0.281304	0.276471	0.27378	0.282731	0.282807	0.274278	0.278794	0.273445	0.278096	0.274457	0.270991	0.272847	0.275344	0.272296	0.260026	0.275125	0.277453	0.272885	0.276708	0.280788	0.274915	0.274269	0.280429	0.27272	0.274151	0.277653	0.273992	0.279756	0.278237	0.283417	0.279543	0.286419	0.281674	0.2812	0.282339	0.278713	0.282172	0.279988	0.283873	0.280094	0.283699	0.283767	0.27551	0.28594	0.275616	0.283086	0.275888	0.277336	0.277359	0.278391	0.276694	0.280079	0.280577	0.277858	0.276432	0.275064	0.261856	0.27622	0.275762
0.280776	0.28474	0.279119	0.284216	0.278171	0.2857	0.280557	0.283695	0.283463	0.283851	0.28383	0.28459	0.284586	0.279922	0.282228	0.282184	0.285259	0.288872	0.287283	0.280263	0.266231	0	0.261658	0.261654	0.258886	0.258419	0.26183	0.264581	0.265419	0.267294	0.266994	0.267207	0.27079	0.265387	0.267886	0.268567	0.265299	0.273273	0.276156	0.28068	0.277572	0.275233	0.27931	0.280999	0.281338	0.276283	0.277275	0.284494	0.276431	0.275964	0.282248	0.277256	0.274484	0.275602	0.274004	0.278849	0.280264	0.277642	0.284547	0.276291	0.283599	0.277975	0.277009	0.27616	0.277626	0.287039	0.27856	0.276134	0.279887	0.27539	0.281963	0.282613	0.278526	0.285369	0.278123	0.282555	0.281821	0.275566	0.278186	0.279909	0.276192	0.282722	0.277993	0.279562	0.286044	0.28184	0.277849	0.280777	0.276239	0.285239	0.281789	0.282115	0.292015	0.282169	0.284489	0.275719	0.285783	0.28008	0.276839	0.283602	0.285248	0.282738	0.278112	0.28462	0.277874	0.280664	0.283376	0.277025	0.281327	0.278234	0.281041	0.284513	0.279112	0.288322	0.278953	0.275772	0.281081	0.280205	0.285094	0.279457	0.279045	0.279373	0.273705	0.282443	0.275451	0.271256	0.279631	0.278847	0.285779	0.266599	0.27335	0.278393	0.276451	0.279642	0.279389	0.279753	0.280061	0.280997	0.277957	0.274188	0.279089	0.278364	0.281671	0.282611	0.280417	0.282443	0.278847	0.279173	0.280591	0.278753	0.281124	0.278359	0.280214	0.285379	0.281316	0.283355	0.281698	0.278737	0.284888	0.277944	0.282541	0.278673	0.281738	0.278397	0.277221	0.28377	0.278951	0.27514	0.279342	0.275347	0.271686	0.264266	0.273708	0.27551
0.278198	0.279632	0.284581	0.274675	0.276291	0.282834	0.279283	0.282721	0.278442	0.276152	0.277163	0.279637	0.28277	0.276404	0.278334	0.27971	0.281849	0.283074	0.27966	0.281633	0.263088	0.261658	0	0.257591	0.26063	0.256647	0.259	0.260908	0.261028	0.263135	0.265869	0.268474	0.26495	0.26909	0.265427	0.272998	0.263842	0.27129	0.272723	0.273257	0.27362	0.275494	0.270023	0.273173	0.271111	0.273255	0.281632	0.279285	0.278644	0.273197	0.27192	0.278114	0.26839	0.269306	0.275608	0.274946	0.278211	0.277803	0.285582	0.279674	0.277134	0.276921	0.27468	0.277149	0.277168	0.281822	0.280089	0.278639	0.27376	0.277472	0.276462	0.276626	0.272294	0.278485	0.281329	0.277353	0.275316	0.275911	0.272419	0.274991	0.268578	0.280945	0.279397	0.27729	0.282947	0.278608	0.271693	0.274061	0.27604	0.282739	0.274579	0.278134	0.292368	0.281379	0.283785	0.279484	0.278695	0.276636	0.277452	0.275419	0.279196	0.271805	0.280526	0.272743	0.279314	0.278578	0.279308	0.277342	0.281015	0.274457	0.282367	0.275352	0.277339	0.279716	0.280654	0.270683	0.282069	0.277613	0.287487	0.278214	0.275026	0.27572	0.274232	0.278738	0.273081	0.268173	0.271269	0.271274	0.274816	0.265231	0.26976	0.277408	0.27755	0.276825	0.275987	0.277583	0.27225	0.275692	0.272858	0.274324	0.275567	0.273078	0.278183	0.275263	0.284958	0.274941	0.286673	0.277428	0.281534	0.276093	0.279425	0.278986	0.275612	0.27739	0.279317	0.279464	0.275207	0.271999	0.281019	0.279458	0.277855	0.275653	0.275624	0.273018	0.276125	0.279863	0.273107	0.276547	0.275115	0.272072	0.274093	0.265997	0.271211	0.267573
0.281594	0.279118	0.27591	0.279889	0.282848	0.281567	0.28406	0.279148	0.275387	0.280812	0.280693	0.279559	0.280489	0.278474	0.280146	0.283869	0.276896	0.282629	0.284371	0.277298	0.261624	0.261654	0.257591	0	0.254429	0.25595	0.256218	0.261263	0.260977	0.265876	0.261741	0.26427	0.264075	0.268615	0.261642	0.267018	0.258734	0.277556	0.272806	0.275247	0.27256	0.270893	0.27865	0.274438	0.270166	0.272118	0.273918	0.27683	0.27326	0.271546	0.270844	0.271588	0.271237	0.272267	0.267245	0.272445	0.275895	0.273695	0.288324	0.273839	0.277921	0.27782	0.274979	0.275497	0.272372	0.284962	0.27678	0.272769	0.273022	0.271957	0.277041	0.279594	0.275078	0.280715	0.275069	0.2763	0.276212	0.273962	0.272379	0.273555	0.269038	0.278642	0.274453	0.274542	0.27802	0.278144	0.272383	0.272095	0.277033	0.273699	0.277974	0.278604	0.289452	0.28203	0.281569	0.281186	0.276797	0.275405	0.273492	0.275759	0.279509	0.276257	0.27465	0.272072	0.274405	0.280519	0.28068	0.27527	0.274759	0.277879	0.275782	0.276411	0.27088	0.284874	0.280333	0.274267	0.276155	0.274857	0.280936	0.280659	0.274358	0.272933	0.271725	0.277543	0.278318	0.272617	0.272021	0.271258	0.273973	0.261286	0.26657	0.271511	0.270032	0.27581	0.274727	0.283525	0.276871	0.27458	0.273953	0.271392	0.276351	0.273782	0.276946	0.279839	0.275364	0.278153	0.280401	0.279615	0.278356	0.280053	0.278988	0.281594	0.277728	0.284016	0.277685	0.279377	0.278147	0.275042	0.284132	0.278844	0.275438	0.274564	0.274584	0.27091	0.27664	0.27678	0.277349	0.271231	0.274075	0.27144	0.275002	0.259841	0.274676	0.269856
0.279389	0.279548	0.275136	0.279026	0.281869	0.28057	0.28057	0.279635	0.277059	0.274313	0.279836	0.281746	0.279232	0.280586	0.278016	0.283313	0.281591	0.283052	0.285188	0.281694	0.258343	0.258886	0.26063	0.254429	0	0.256193	0.25954	0.258598	0.254094	0.259684	0.260337	0.264038	0.261849	0.262642	0.260251	0.273661	0.266392	0.276675	0.276828	0.278826	0.27566	0.274023	0.278099	0.273028	0.279428	0.273892	0.281836	0.280446	0.278753	0.279168	0.277661	0.276369	0.2697	0.278467	0.274423	0.277183	0.272697	0.280031	0.282847	0.277949	0.276019	0.276492	0.275996	0.272815	0.275163	0.286807	0.273124	0.277355	0.271197	0.271812	0.274343	0.275499	0.272469	0.274859	0.27496	0.277494	0.278976	0.276434	0.277115	0.274801	0.273147	0.278538	0.272727	0.277955	0.278455	0.273934	0.274583	0.278664	0.274075	0.282369	0.273194	0.28264	0.287392	0.276236	0.285767	0.27435	0.275716	0.273929	0.275397	0.279169	0.274201	0.275922	0.274297	0.273102	0.276444	0.278429	0.279747	0.273423	0.276576	0.275683	0.280871	0.274864	0.273857	0.283059	0.281331	0.275462	0.283624	0.281214	0.288837	0.282558	0.272769	0.273723	0.26952	0.278483	0.272204	0.272954	0.268799	0.272332	0.272219	0.263579	0.270381	0.272727	0.276696	0.271943	0.274424	0.27622	0.276974	0.271997	0.275351	0.270616	0.279095	0.273583	0.275347	0.27979	0.278664	0.283559	0.28412	0.279456	0.279495	0.28124	0.279531	0.280946	0.275269	0.28779	0.279298	0.28148	0.275301	0.275771	0.279695	0.280439	0.277453	0.276008	0.274162	0.274675	0.279207	0.276578	0.279105	0.275339	0.282565	0.273688	0.276471	0.262259	0.279192	0.271418
