0	0.247769	0.23565	0.244408	0.244302	0.247526	0.156353	0.24194	0.242781	0.243107	0.24934	0.238155	0.244709	0.24892	0.240638	0.244207	0.240867	0.240856	0.23839	0.246458	0.275944	0.278663	0.276068	0.278295	0.276735	0.274157	0.275884	0.271248	0.276139	0.275306	0.277787	0.279749	0.271125	0.277263	0.272541	0.279383	0.275719	0.273595	0.268363	0.272562	0.268067	0.268393	0.268374	0.270946	0.272143	0.274369	0.275391	0.273327	0.268322	0.273603	0.266356	0.27151	0.265077	0.261084	0.272204	0.274711	0.272742	0.27714	0.277088	0.266828	0.271853	0.274111	0.272612	0.270848	0.26926	0.276902	0.273786	0.274559	0.27302	0.268367	0.268266	0.268758	0.270259	0.276641	0.271973	0.272558	0.269722	0.267353	0.271264	0.276061	0.267268	0.272385	0.273754	0.274789	0.280304	0.272518	0.268478	0.272654	0.276788	0.276456	0.275009	0.277655	0.285424	0.275716	0.277755	0.266585	0.273415	0.270181	0.272469	0.272963	0.276564	0.27587	0.270937	0.26386	0.271271	0.274833	0.271126	0.272129	0.273112	0.272445	0.275723	0.270633	0.269958	0.276993	0.275002	0.273036	0.269706	0.272314	0.28086	0.270775	0.273824	0.275165	0.272157	0.275798	0.273218	0.273585	0.269124	0.268995	0.272206	0.269335	0.268954	0.277735	0.276259	0.275593	0.275287	0.274549	0.274808	0.279212	0.278168	0.275126	0.28013	0.274901	0.280852	0.27956	0.28007	0.27524	0.276245	0.27795	0.271921	0.277573	0.275325	0.280427	0.280966	0.285955	0.27733	0.282653	0.278921	0.276477	0.28036	0.277325	0.281079	0.277538	0.272497	0.275527	0.276363	0.27505	0.27563	0.273105	0.271936	0.270439	0.272696	0.265455	0.274506	0.271542
0.247769	0	0.244365	0.243069	0.244003	0.242365	0.240722	0.251175	0.249971	0.242782	0.2386	0.24549	0.246736	0.247027	0.241818	0.245352	0.242946	0.24577	0.249294	0.247001	0.275408	0.28186	0.275552	0.275713	0.276646	0.280325	0.28207	0.278005	0.279374	0.274235	0.281929	0.284741	0.278701	0.279503	0.273716	0.280364	0.279705	0.27284	0.276117	0.274742	0.272901	0.26908	0.271044	0.271117	0.27335	0.268254	0.277772	0.275458	0.274511	0.275344	0.274095	0.278229	0.264612	0.27123	0.274194	0.276339	0.275627	0.275477	0.272616	0.280096	0.275528	0.277013	0.272848	0.27339	0.273183	0.272624	0.272416	0.272602	0.277163	0.267608	0.273811	0.275037	0.27378	0.277748	0.276708	0.27648	0.272772	0.268353	0.273121	0.272668	0.268395	0.270688	0.268091	0.278342	0.277259	0.27637	0.268457	0.273319	0.272302	0.281089	0.271599	0.278782	0.284015	0.282832	0.28561	0.272693	0.27394	0.270299	0.270943	0.271575	0.280409	0.272006	0.274649	0.274466	0.275658	0.272562	0.273185	0.275187	0.27152	0.268479	0.27761	0.274357	0.270691	0.274236	0.279908	0.277621	0.271436	0.275968	0.280494	0.278382	0.273474	0.277357	0.271879	0.277955	0.272638	0.275687	0.271231	0.273607	0.276358	0.269621	0.272178	0.274256	0.276624	0.278757	0.277035	0.279511	0.278232	0.277988	0.279513	0.275464	0.275864	0.268768	0.278496	0.280127	0.276624	0.274095	0.280089	0.281228	0.279061	0.283428	0.280894	0.285836	0.279077	0.276757	0.276781	0.282155	0.278672	0.277371	0.274802	0.275595	0.281144	0.277048	0.273487	0.28059	0.277858	0.280045	0.281117	0.280272	0.276459	0.271159	0.275842	0.274504	0.27513	0.272832
0.23565	0.244365	0	0.240677	0.243572	0.241489	0.239965	0.244874	0.242129	0.239065	0.241767	0.244831	0.241765	0.24552	0.236932	0.239276	0.244495	0.240996	0.246745	0.242699	0.27429	0.277172	0.280554	0.270913	0.27244	0.269385	0.275271	0.266703	0.268103	0.269204	0.270929	0.272571	0.272142	0.27297	0.274255	0.272567	0.269702	0.274829	0.272308	0.269793	0.271212	0.272827	0.271857	0.268869	0.27495	0.265602	0.275297	0.269866	0.274736	0.268221	0.27078	0.268597	0.264409	0.268216	0.266476	0.270513	0.270653	0.27026	0.270056	0.272042	0.270111	0.265611	0.269433	0.278357	0.266123	0.273163	0.275137	0.271237	0.27091	0.268764	0.27022	0.273244	0.269498	0.269154	0.274495	0.267197	0.265828	0.273091	0.266608	0.272133	0.265765	0.267476	0.270127	0.270018	0.275753	0.267702	0.269139	0.270641	0.271199	0.270682	0.272293	0.279865	0.285187	0.280104	0.275292	0.271191	0.272779	0.271117	0.268583	0.268418	0.277018	0.267958	0.271846	0.264132	0.268633	0.266901	0.272918	0.273579	0.267974	0.26999	0.275327	0.272939	0.268451	0.275953	0.274885	0.27524	0.274693	0.270078	0.277315	0.274236	0.268817	0.277237	0.270717	0.273954	0.267122	0.271583	0.267307	0.270953	0.26917	0.258593	0.266667	0.275139	0.274808	0.271517	0.274013	0.274108	0.275639	0.273836	0.276232	0.266044	0.272883	0.272221	0.272074	0.277005	0.27279	0.281871	0.274847	0.278104	0.276091	0.277729	0.274138	0.275804	0.273784	0.281545	0.271119	0.277614	0.27186	0.275022	0.279301	0.273678	0.277738	0.277724	0.269982	0.271532	0.271362	0.269543	0.276033	0.272197	0.273751	0.27045	0.272615	0.266121	0.272674	0.266351
0.244408	0.243069	0.240677	0	0.241067	0.242962	0.242209	0.247253	0.24099	0.24215	0.241867	0.237956	0.247843	0.243439	0.241774	0.243284	0.243468	0.240091	0.24263	0.23491	0.277922	0.28057	0.271329	0.275701	0.276146	0.281797	0.278801	0.274933	0.271489	0.271618	0.275377	0.280101	0.274638	0.275962	0.27094	0.275943	0.273931	0.272337	0.27543	0.279508	0.273829	0.273039	0.273139	0.273298	0.275836	0.274293	0.276049	0.275109	0.275527	0.27524	0.27622	0.281416	0.273213	0.269685	0.272358	0.270668	0.271105	0.284332	0.277225	0.277474	0.276439	0.276978	0.272719	0.275582	0.270321	0.280004	0.274369	0.273118	0.271189	0.273956	0.272897	0.27482	0.274653	0.282555	0.274131	0.272501	0.274902	0.27159	0.270078	0.278498	0.270136	0.276271	0.26631	0.27533	0.278024	0.279563	0.273216	0.277424	0.275905	0.273941	0.27363	0.280089	0.287811	0.278105	0.28597	0.27426	0.27255	0.270971	0.273762	0.268907	0.276897	0.281779	0.274487	0.270311	0.271395	0.279955	0.270731	0.273288	0.276875	0.272238	0.27547	0.272145	0.273845	0.277564	0.276034	0.273611	0.278003	0.272693	0.281506	0.277111	0.272588	0.276617	0.275372	0.2748	0.269564	0.274592	0.270703	0.272687	0.274926	0.261064	0.271058	0.278891	0.272131	0.279423	0.276236	0.27992	0.27393	0.275592	0.28051	0.272748	0.276224	0.275633	0.274711	0.275982	0.281717	0.275253	0.279909	0.280042	0.280623	0.27803	0.282907	0.28262	0.277239	0.285012	0.273653	0.280048	0.28194	0.275034	0.273992	0.274579	0.279476	0.276819	0.274266	0.275808	0.278231	0.278312	0.275826	0.276253	0.276083	0.272863	0.276074	0.268853	0.271553	0.270394
0.244302	0.244003	0.243572	0.241067	0	0.24845	0.237638	0.250704	0.246692	0.243914	0.240065	0.239907	0.244434	0.243059	0.241303	0.24358	0.239113	0.238339	0.242107	0.243166	0.280158	0.274892	0.272394	0.278624	0.279042	0.277248	0.273087	0.272342	0.27356	0.276647	0.277692	0.281846	0.276755	0.275929	0.276097	0.276739	0.277409	0.276931	0.271897	0.272853	0.273002	0.271038	0.269805	0.267279	0.271911	0.267514	0.275056	0.277387	0.270981	0.275285	0.275544	0.270946	0.266354	0.266875	0.268046	0.271658	0.270719	0.274926	0.273192	0.269432	0.269743	0.274391	0.272841	0.273046	0.271142	0.272158	0.270402	0.273523	0.270452	0.27139	0.272258	0.272019	0.272508	0.280209	0.274395	0.267406	0.27187	0.273682	0.268616	0.270304	0.266522	0.27482	0.269735	0.275053	0.279345	0.274353	0.268396	0.270403	0.271471	0.27103	0.272927	0.2784	0.29415	0.279892	0.284302	0.273939	0.277498	0.271373	0.273405	0.272518	0.282183	0.270452	0.272062	0.269262	0.273669	0.274484	0.270629	0.266103	0.271721	0.2702	0.27053	0.27128	0.268172	0.279922	0.27432	0.271209	0.277403	0.271454	0.28115	0.270439	0.268656	0.27456	0.26859	0.276481	0.27032	0.268339	0.264858	0.270009	0.279047	0.26321	0.273118	0.272744	0.272007	0.272511	0.271229	0.274945	0.275423	0.270828	0.274452	0.271926	0.280797	0.274211	0.276216	0.27621	0.276483	0.278952	0.28075	0.279961	0.277011	0.276403	0.283392	0.281046	0.276721	0.279848	0.273919	0.282383	0.280966	0.271706	0.279163	0.276083	0.275854	0.280318	0.27532	0.276687	0.278999	0.278708	0.278178	0.2782	0.269574	0.271772	0.276871	0.265068	0.276115	0.273619
0.247526	0.242365	0.241489	0.242962	0.24845	0	0.241314	0.242715	0.240571	0.232618	0.239691	0.249947	0.244975	0.238969	0.237118	0.240634	0.240845	0.245754	0.247928	0.242274	0.277509	0.282625	0.279536	0.277285	0.27731	0.273628	0.27732	0.272782	0.275124	0.27266	0.272361	0.277561	0.274267	0.273867	0.279499	0.283148	0.278153	0.275685	0.276207	0.269014	0.273189	0.274143	0.270806	0.266281	0.273488	0.267688	0.270012	0.27132	0.273594	0.273038	0.271632	0.274035	0.264572	0.26986	0.266182	0.276971	0.273133	0.275899	0.278856	0.275462	0.270379	0.277446	0.270889	0.269866	0.270445	0.27382	0.272331	0.275712	0.272765	0.270022	0.271104	0.27458	0.275689	0.27965	0.276534	0.267392	0.271268	0.268911	0.270699	0.271958	0.265033	0.278933	0.26839	0.274656	0.280401	0.272683	0.26768	0.27329	0.2724	0.277237	0.272956	0.279911	0.284556	0.278852	0.278173	0.271927	0.271379	0.272033	0.274175	0.267302	0.27274	0.273129	0.269093	0.26774	0.274615	0.272859	0.273741	0.272824	0.273089	0.27011	0.271853	0.271378	0.26781	0.283068	0.279947	0.270974	0.271145	0.271482	0.282169	0.276563	0.273527	0.273771	0.272204	0.274104	0.271218	0.271964	0.270519	0.273466	0.274971	0.268712	0.272055	0.273571	0.27564	0.270796	0.271236	0.278027	0.27214	0.277465	0.278675	0.270326	0.280754	0.272113	0.271361	0.279821	0.2747	0.276864	0.280839	0.276814	0.274649	0.276151	0.280488	0.280239	0.276515	0.28055	0.273573	0.276876	0.276799	0.272455	0.281193	0.280143	0.278165	0.277061	0.271662	0.273229	0.276291	0.273971	0.277171	0.275865	0.277239	0.268971	0.27239	0.264711	0.274742	0.268505
0.156353	0.240722	0.239965	0.242209	0.237638	0.241314	0	0.241089	0.238501	0.239672	0.242655	0.242987	0.242293	0.24376	0.239701	0.244103	0.236994	0.242231	0.240657	0.249157	0.276688	0.277184	0.275555	0.279133	0.275819	0.269112	0.272958	0.271596	0.276059	0.272492	0.277137	0.272224	0.270896	0.275616	0.275644	0.280827	0.279813	0.273112	0.269668	0.278557	0.264006	0.266864	0.267934	0.267176	0.266779	0.266905	0.273918	0.271427	0.271654	0.271303	0.269851	0.269144	0.265465	0.26805	0.265281	0.273731	0.268603	0.275107	0.278461	0.271617	0.269961	0.274677	0.272242	0.269478	0.268845	0.273848	0.270305	0.27146	0.274915	0.267365	0.267635	0.268231	0.270211	0.28133	0.27541	0.274806	0.275549	0.266822	0.273625	0.273764	0.265941	0.271496	0.265232	0.272338	0.281176	0.269174	0.268129	0.270828	0.267185	0.278886	0.273166	0.272367	0.286601	0.279301	0.275565	0.268958	0.269202	0.270537	0.271573	0.277838	0.277388	0.271056	0.274828	0.267598	0.272128	0.273906	0.273897	0.271473	0.266559	0.272009	0.277338	0.266101	0.26865	0.27862	0.271427	0.273065	0.27137	0.270535	0.280684	0.270991	0.271137	0.277514	0.267191	0.276287	0.267932	0.271879	0.2652	0.268125	0.269091	0.266616	0.269196	0.269782	0.267896	0.270767	0.273521	0.271038	0.27334	0.282164	0.273643	0.262174	0.272632	0.269231	0.271673	0.277495	0.274028	0.275207	0.275189	0.277365	0.271706	0.275016	0.271856	0.275943	0.275455	0.285662	0.274451	0.279251	0.274805	0.2757	0.277253	0.271205	0.278152	0.274038	0.271783	0.274659	0.273988	0.27458	0.277076	0.27725	0.274663	0.274465	0.276176	0.264994	0.273927	0.274625
0.24194	0.251175	0.244874	0.247253	0.250704	0.242715	0.241089	0	0.239654	0.244234	0.243273	0.254638	0.248924	0.254526	0.246389	0.241619	0.244441	0.245601	0.246976	0.246757	0.279546	0.281548	0.279487	0.274203	0.276638	0.27768	0.275488	0.274116	0.27804	0.278052	0.273452	0.281105	0.272513	0.27774	0.278316	0.28003	0.273393	0.276412	0.276455	0.274113	0.273867	0.273353	0.269317	0.273891	0.272925	0.269986	0.277367	0.276296	0.274768	0.274174	0.273771	0.270352	0.26436	0.269037	0.269854	0.272003	0.269955	0.272051	0.276504	0.273544	0.273548	0.277081	0.273168	0.273985	0.270343	0.275124	0.275701	0.271668	0.274499	0.267943	0.270731	0.275171	0.269107	0.278396	0.276047	0.27119	0.27153	0.268571	0.267722	0.276206	0.268799	0.271118	0.270628	0.2736	0.278686	0.276218	0.269513	0.275903	0.269404	0.277849	0.27509	0.272917	0.287926	0.278695	0.284321	0.273732	0.269889	0.26867	0.276208	0.271979	0.274198	0.274734	0.269686	0.268346	0.276599	0.270954	0.278124	0.271248	0.274471	0.270584	0.275352	0.26881	0.267753	0.278334	0.283436	0.275736	0.274548	0.274477	0.28286	0.274217	0.275909	0.268366	0.276801	0.275241	0.273629	0.272731	0.273181	0.271456	0.271266	0.265665	0.269851	0.272623	0.273647	0.275382	0.274942	0.275082	0.272165	0.274789	0.281482	0.272038	0.275439	0.271965	0.27219	0.278721	0.284502	0.275661	0.276357	0.280481	0.270445	0.27594	0.282267	0.280563	0.278617	0.28311	0.274949	0.281702	0.277119	0.276199	0.282989	0.27594	0.285317	0.275421	0.278784	0.274739	0.279445	0.277987	0.27695	0.269625	0.276341	0.275537	0.271403	0.266399	0.274626	0.273737
0.242781	0.249971	0.242129	0.24099	0.246692	0.240571	0.238501	0.239654	0	0.237279	0.236043	0.2436	0.243592	0.241955	0.237853	0.243206	0.242559	0.239327	0.244846	0.246173	0.273996	0.280733	0.274454	0.27233	0.273197	0.269642	0.273119	0.272663	0.271556	0.270527	0.27365	0.277763	0.272928	0.275107	0.269442	0.27866	0.271484	0.268912	0.27437	0.270332	0.269082	0.273442	0.26797	0.269074	0.276736	0.266763	0.277354	0.271409	0.26568	0.269123	0.272253	0.275885	0.264277	0.269134	0.266495	0.272994	0.271694	0.274961	0.272037	0.27058	0.26849	0.26876	0.269582	0.269084	0.269845	0.272326	0.271518	0.265604	0.26991	0.269871	0.267123	0.27276	0.271324	0.280353	0.272769	0.269606	0.265664	0.270443	0.263184	0.275352	0.263351	0.275239	0.266932	0.26946	0.275478	0.272578	0.270259	0.274323	0.26766	0.274352	0.268203	0.276046	0.285404	0.278082	0.280225	0.272504	0.267587	0.271157	0.272092	0.270197	0.277108	0.27462	0.265973	0.27016	0.271824	0.271731	0.270543	0.266377	0.272218	0.268622	0.271509	0.270362	0.268965	0.274607	0.273937	0.267438	0.272923	0.269217	0.276263	0.273858	0.273391	0.27176	0.269915	0.274597	0.267555	0.268893	0.270001	0.270417	0.268632	0.263304	0.267867	0.269468	0.27068	0.269926	0.271012	0.272752	0.269961	0.27417	0.272192	0.272947	0.272205	0.264706	0.265589	0.273065	0.272568	0.27816	0.280139	0.269731	0.274796	0.276223	0.279415	0.278688	0.273331	0.28008	0.272762	0.279592	0.276379	0.274885	0.274581	0.277641	0.276478	0.274373	0.272373	0.273058	0.274655	0.274592	0.267932	0.274924	0.276827	0.26796	0.268491	0.262589	0.278053	0.265945
0.243107	0.242782	0.239065	0.24215	0.243914	0.232618	0.239672	0.244234	0.237279	0	0.23553	0.244823	0.242381	0.245892	0.237394	0.244096	0.241533	0.240718	0.245823	0.240509	0.275315	0.28186	0.273149	0.27663	0.27071	0.271167	0.273981	0.273012	0.268626	0.269349	0.272833	0.275248	0.269482	0.276312	0.271265	0.276769	0.271138	0.277099	0.272446	0.272731	0.270749	0.27102	0.268472	0.271704	0.269427	0.267927	0.278756	0.272032	0.272622	0.272303	0.274796	0.273366	0.261783	0.262565	0.265755	0.26867	0.267124	0.273299	0.275637	0.26894	0.270631	0.279601	0.27173	0.271862	0.270896	0.276798	0.272185	0.273084	0.264273	0.270189	0.268112	0.270216	0.268683	0.278564	0.274407	0.264422	0.268432	0.268487	0.273986	0.274908	0.264843	0.271039	0.267396	0.272939	0.278671	0.271037	0.265179	0.274485	0.269972	0.274259	0.270244	0.279014	0.286098	0.277463	0.278022	0.2671	0.271305	0.269054	0.270386	0.273511	0.275547	0.275034	0.272747	0.265412	0.267182	0.269549	0.273426	0.268313	0.266209	0.264026	0.273018	0.266746	0.268606	0.278676	0.277878	0.267742	0.271642	0.269463	0.280131	0.273061	0.271115	0.277523	0.269841	0.279247	0.267622	0.269825	0.27056	0.267175	0.271212	0.267678	0.271076	0.274748	0.270777	0.271896	0.27415	0.276256	0.272922	0.274008	0.271783	0.274242	0.274395	0.272325	0.269987	0.275313	0.27699	0.276969	0.281419	0.272593	0.273231	0.273074	0.270341	0.276091	0.278444	0.27899	0.276707	0.278019	0.277129	0.272357	0.276549	0.271016	0.279762	0.272086	0.274413	0.27597	0.274652	0.271279	0.280264	0.275377	0.271978	0.26837	0.263834	0.264243	0.273771	0.269159
0.24934	0.2386	0.241767	0.241867	0.240065	0.239691	0.242655	0.243273	0.236043	0.23553	0	0.234749	0.244396	0.242729	0.235736	0.242001	0.245014	0.243063	0.244195	0.245951	0.275163	0.280072	0.273872	0.27675	0.276852	0.273108	0.277191	0.267832	0.272315	0.272518	0.275456	0.277794	0.271207	0.278616	0.273434	0.279847	0.275315	0.274489	0.270382	0.274578	0.273964	0.269815	0.272255	0.274097	0.27147	0.269003	0.279663	0.274673	0.271793	0.27125	0.27199	0.274707	0.266224	0.267234	0.270604	0.272569	0.272298	0.272657	0.277469	0.268874	0.265507	0.270709	0.26826	0.272718	0.271204	0.275368	0.279008	0.270169	0.27203	0.269913	0.273693	0.270062	0.267589	0.278614	0.27622	0.273373	0.27156	0.268527	0.273726	0.268935	0.267261	0.27173	0.266297	0.275035	0.274573	0.272572	0.272434	0.273893	0.270833	0.274666	0.268411	0.278835	0.286158	0.274377	0.280663	0.271663	0.273382	0.27021	0.272202	0.268004	0.274377	0.270257	0.270289	0.269578	0.272009	0.273432	0.27663	0.269467	0.264976	0.272577	0.270086	0.271299	0.270435	0.276088	0.280965	0.270691	0.272126	0.27009	0.277191	0.271438	0.278701	0.277145	0.272009	0.280501	0.274668	0.273124	0.269733	0.271457	0.270809	0.266608	0.268488	0.276519	0.27302	0.274268	0.27331	0.275047	0.272027	0.269851	0.274953	0.268318	0.278698	0.272258	0.274332	0.272398	0.278469	0.278122	0.279073	0.278008	0.273347	0.273963	0.278414	0.277549	0.282133	0.279764	0.269592	0.278912	0.27897	0.271511	0.274715	0.276298	0.277202	0.278499	0.273542	0.27717	0.274849	0.277149	0.27573	0.269222	0.274971	0.266732	0.272	0.264672	0.27547	0.26797
0.238155	0.24549	0.244831	0.237956	0.239907	0.249947	0.242987	0.254638	0.2436	0.244823	0.234749	0	0.248309	0.243225	0.242506	0.241017	0.241476	0.243351	0.242696	0.245631	0.277567	0.281748	0.276494	0.275099	0.277789	0.277602	0.284839	0.273172	0.269254	0.274622	0.278018	0.274965	0.272308	0.274522	0.275365	0.277532	0.277334	0.277114	0.272718	0.275655	0.269882	0.273397	0.273348	0.271649	0.276866	0.270282	0.281879	0.279703	0.272623	0.274131	0.274145	0.273002	0.270831	0.270164	0.269889	0.274125	0.275123	0.272287	0.275	0.270183	0.272197	0.275862	0.275246	0.276134	0.272393	0.279462	0.274748	0.270968	0.2726	0.269649	0.274793	0.275005	0.277203	0.283755	0.278741	0.276104	0.273703	0.276757	0.274919	0.279951	0.270557	0.273735	0.273968	0.2722	0.281257	0.276021	0.276475	0.276986	0.274315	0.277055	0.276658	0.278392	0.283553	0.283301	0.285944	0.268248	0.272013	0.273281	0.27453	0.269348	0.279311	0.276431	0.269711	0.270247	0.276209	0.275273	0.271663	0.273669	0.272435	0.279589	0.272841	0.274012	0.271264	0.277625	0.279347	0.272747	0.277807	0.273737	0.281279	0.273831	0.276972	0.275102	0.275645	0.277397	0.274168	0.275355	0.271666	0.275081	0.275862	0.271482	0.271486	0.277611	0.280016	0.27754	0.276507	0.274228	0.280064	0.275372	0.276344	0.271842	0.276987	0.274378	0.279478	0.278527	0.2769	0.281875	0.28373	0.283139	0.275601	0.281712	0.279119	0.278727	0.277684	0.285747	0.280715	0.283227	0.283787	0.27727	0.282667	0.27547	0.28147	0.280016	0.274966	0.276971	0.279244	0.279553	0.275747	0.273927	0.272292	0.275846	0.270631	0.268883	0.27526	0.268649
0.244709	0.246736	0.241765	0.247843	0.244434	0.244975	0.242293	0.248924	0.243592	0.242381	0.244396	0.248309	0	0.246474	0.246374	0.245233	0.246555	0.249441	0.24851	0.245285	0.274536	0.282197	0.279709	0.276106	0.276323	0.275186	0.275463	0.273297	0.277453	0.270276	0.276202	0.281475	0.275543	0.272002	0.274333	0.281607	0.274405	0.270215	0.273936	0.275902	0.273313	0.277833	0.269224	0.266053	0.273576	0.274381	0.272349	0.269117	0.271518	0.270856	0.275434	0.274645	0.264383	0.273391	0.268503	0.275521	0.269603	0.27624	0.277388	0.274198	0.272624	0.271054	0.272588	0.270956	0.272515	0.272718	0.271887	0.274495	0.273047	0.266306	0.274444	0.271743	0.272772	0.279862	0.273839	0.271107	0.271076	0.263495	0.270388	0.272348	0.267364	0.277273	0.26727	0.277597	0.277681	0.274391	0.268562	0.27208	0.266246	0.278338	0.270269	0.280466	0.291848	0.280397	0.282531	0.269315	0.274149	0.273586	0.269871	0.274612	0.276729	0.271144	0.272194	0.267771	0.272956	0.271419	0.269959	0.270265	0.267584	0.273701	0.272207	0.267783	0.270422	0.279725	0.277744	0.273898	0.276027	0.271765	0.278761	0.272375	0.272275	0.27544	0.272527	0.275019	0.273294	0.270316	0.265712	0.26693	0.274618	0.262976	0.272658	0.271933	0.276101	0.277067	0.273874	0.276579	0.277626	0.278886	0.276411	0.271915	0.278429	0.27357	0.274956	0.275492	0.281811	0.278171	0.281986	0.278938	0.277683	0.277366	0.277813	0.280206	0.277783	0.2817	0.278441	0.282025	0.274708	0.280102	0.279111	0.280084	0.28058	0.274531	0.277119	0.279075	0.277351	0.280049	0.280752	0.277298	0.272119	0.263577	0.271051	0.266244	0.27524	0.268568
0.24892	0.247027	0.24552	0.243439	0.243059	0.238969	0.24376	0.254526	0.241955	0.245892	0.242729	0.243225	0.246474	0	0.246006	0.243189	0.247909	0.245216	0.244419	0.243049	0.272465	0.276624	0.273745	0.273599	0.276485	0.270008	0.274921	0.269129	0.274275	0.270323	0.278343	0.270894	0.268732	0.275038	0.274674	0.27935	0.276383	0.272723	0.270815	0.271371	0.271481	0.274328	0.268463	0.267502	0.271932	0.268522	0.275639	0.276613	0.270871	0.274653	0.275771	0.270763	0.262347	0.2698	0.267405	0.272565	0.271112	0.269943	0.277973	0.265938	0.274556	0.272655	0.273271	0.270893	0.272069	0.27254	0.273721	0.27216	0.272727	0.271164	0.271496	0.270171	0.273986	0.276504	0.276691	0.270251	0.268349	0.267628	0.274422	0.271562	0.269198	0.269906	0.269858	0.27384	0.281444	0.272997	0.267022	0.273771	0.271742	0.273625	0.267841	0.276822	0.284608	0.278416	0.279457	0.274177	0.275204	0.269806	0.274716	0.270037	0.278506	0.275569	0.275794	0.267797	0.272506	0.270123	0.268809	0.275256	0.275023	0.27267	0.277154	0.272672	0.273739	0.276929	0.276558	0.273827	0.274918	0.271861	0.281262	0.27642	0.270482	0.273146	0.274918	0.276569	0.269935	0.270649	0.268468	0.273589	0.272326	0.262597	0.2768	0.272391	0.271161	0.273869	0.271626	0.276838	0.269791	0.274484	0.278445	0.265552	0.276174	0.272513	0.275296	0.277235	0.280027	0.274029	0.280224	0.277794	0.278935	0.272422	0.276884	0.274944	0.270852	0.278431	0.273725	0.274598	0.274977	0.277627	0.274814	0.272756	0.281357	0.27525	0.271281	0.271142	0.278142	0.270642	0.27418	0.278396	0.276456	0.272872	0.272341	0.26394	0.274878	0.272233
0.240638	0.241818	0.236932	0.241774	0.241303	0.237118	0.239701	0.246389	0.237853	0.237394	0.235736	0.242506	0.246374	0.246006	0	0.240851	0.234596	0.240704	0.243605	0.240471	0.275585	0.279256	0.274184	0.276089	0.274426	0.271279	0.273299	0.273023	0.271819	0.271173	0.273771	0.277456	0.268745	0.273628	0.272163	0.274819	0.27359	0.270644	0.275274	0.271837	0.273366	0.272748	0.271147	0.272042	0.272499	0.271025	0.269413	0.272935	0.268725	0.27333	0.276651	0.270577	0.262368	0.272574	0.268761	0.273627	0.266204	0.273471	0.273585	0.273385	0.271272	0.271238	0.267354	0.268776	0.268688	0.274944	0.271672	0.271919	0.270392	0.268512	0.270875	0.272681	0.271346	0.276814	0.277679	0.269916	0.268076	0.274192	0.269916	0.27149	0.263998	0.272904	0.266521	0.271911	0.280963	0.273272	0.26942	0.271845	0.264785	0.271427	0.271069	0.278051	0.285893	0.27645	0.278304	0.268672	0.272252	0.268756	0.270242	0.269318	0.273968	0.268965	0.271094	0.273371	0.273127	0.269093	0.273975	0.269636	0.269368	0.269742	0.276416	0.270275	0.274808	0.277954	0.275781	0.273134	0.269942	0.266658	0.279606	0.277103	0.275364	0.275188	0.266017	0.270691	0.270005	0.271647	0.265688	0.27155	0.270593	0.268159	0.271649	0.272593	0.270112	0.275368	0.273017	0.277475	0.273212	0.272382	0.277328	0.271408	0.277716	0.272948	0.276307	0.269928	0.275949	0.274661	0.278108	0.277406	0.274718	0.277737	0.270478	0.280673	0.279427	0.282239	0.276577	0.277211	0.279797	0.273265	0.279588	0.275855	0.277427	0.274708	0.275411	0.274413	0.273873	0.274626	0.277716	0.276022	0.27367	0.268506	0.274443	0.265446	0.273393	0.272746
0.244207	0.245352	0.239276	0.243284	0.24358	0.240634	0.244103	0.241619	0.243206	0.244096	0.242001	0.241017	0.245233	0.243189	0.240851	0	0.241179	0.242913	0.243178	0.239663	0.277371	0.279615	0.276183	0.279876	0.279037	0.27764	0.279949	0.273189	0.271173	0.271578	0.275938	0.277573	0.275616	0.27968	0.27763	0.286657	0.273615	0.275354	0.274576	0.271592	0.27552	0.270169	0.272462	0.270806	0.274187	0.268281	0.270835	0.274437	0.270864	0.270247	0.279599	0.275068	0.267155	0.268751	0.264398	0.27449	0.2721	0.274581	0.277444	0.273533	0.272094	0.273715	0.267364	0.271837	0.271268	0.279801	0.272318	0.270422	0.274712	0.272121	0.274592	0.269419	0.274646	0.27993	0.273988	0.271901	0.271336	0.270934	0.274708	0.273789	0.268219	0.276742	0.268614	0.271025	0.273997	0.278948	0.270051	0.270806	0.271143	0.277974	0.272731	0.276921	0.290091	0.28253	0.286613	0.269846	0.27313	0.272803	0.268472	0.269913	0.280946	0.275022	0.27156	0.270931	0.274231	0.274113	0.273735	0.269322	0.271475	0.273947	0.274033	0.274238	0.270273	0.281015	0.277669	0.276327	0.275114	0.27011	0.279841	0.273881	0.273721	0.272766	0.276425	0.276058	0.273046	0.270621	0.268398	0.271642	0.27052	0.262298	0.271894	0.274484	0.276608	0.271693	0.274622	0.272082	0.276299	0.274476	0.273947	0.269315	0.275638	0.268508	0.273322	0.278222	0.277734	0.278288	0.282606	0.27649	0.276653	0.278915	0.276381	0.27817	0.277274	0.278611	0.278127	0.279551	0.277134	0.275461	0.278699	0.267289	0.278139	0.276775	0.274221	0.274321	0.277624	0.273188	0.278836	0.279868	0.276661	0.270821	0.272205	0.266477	0.278986	0.276248
0.240867	0.242946	0.244495	0.243468	0.239113	0.240845	0.236994	0.244441	0.242559	0.241533	0.245014	0.241476	0.246555	0.247909	0.234596	0.241179	0	0.239578	0.242846	0.240625	0.277672	0.282403	0.278077	0.272696	0.27752	0.278969	0.277303	0.274504	0.277202	0.270846	0.273252	0.275611	0.272789	0.275919	0.273741	0.280046	0.274218	0.272895	0.272032	0.274348	0.27396	0.27126	0.271897	0.274962	0.273151	0.266685	0.274123	0.276586	0.27214	0.271893	0.275207	0.272717	0.259744	0.264409	0.267646	0.274402	0.272611	0.27356	0.276193	0.274819	0.273509	0.273142	0.273513	0.274093	0.271603	0.277544	0.271549	0.267792	0.270612	0.266488	0.270848	0.272095	0.271865	0.279265	0.273496	0.268703	0.265437	0.271425	0.269767	0.275589	0.26592	0.272026	0.269837	0.272481	0.281265	0.275662	0.268952	0.272022	0.27236	0.272882	0.272981	0.27661	0.290575	0.278711	0.285511	0.270509	0.272666	0.266157	0.26961	0.269974	0.276962	0.270659	0.269751	0.265948	0.270395	0.274571	0.274502	0.27037	0.272709	0.27182	0.270397	0.27073	0.266139	0.279617	0.278216	0.271243	0.271103	0.274229	0.281636	0.272667	0.277663	0.272281	0.273791	0.279879	0.274599	0.274036	0.268479	0.270187	0.272437	0.267624	0.269005	0.278728	0.275542	0.275566	0.274721	0.275532	0.278711	0.276447	0.278815	0.273297	0.279127	0.271827	0.277314	0.277278	0.282695	0.278097	0.280043	0.277543	0.279091	0.278029	0.281617	0.279496	0.276383	0.285135	0.278399	0.28067	0.278254	0.273856	0.27984	0.277773	0.27989	0.278953	0.277867	0.278959	0.28122	0.280259	0.279939	0.279383	0.280315	0.274215	0.275562	0.271133	0.278225	0.273285
0.240856	0.24577	0.240996	0.240091	0.238339	0.245754	0.242231	0.245601	0.239327	0.240718	0.243063	0.243351	0.249441	0.245216	0.240704	0.242913	0.239578	0	0.238045	0.241965	0.276555	0.285215	0.279868	0.278724	0.280079	0.273864	0.280608	0.272488	0.280211	0.28086	0.280626	0.28237	0.273266	0.277329	0.276985	0.280501	0.270343	0.273493	0.269653	0.270857	0.269797	0.26914	0.271101	0.272064	0.273004	0.27179	0.27618	0.272194	0.273167	0.273773	0.273098	0.274526	0.261946	0.265029	0.267534	0.275113	0.271729	0.278101	0.278563	0.273483	0.275576	0.278062	0.268783	0.272987	0.272344	0.276478	0.271891	0.272588	0.272504	0.268944	0.270603	0.272664	0.271996	0.283517	0.272451	0.267433	0.264347	0.271491	0.270259	0.273413	0.264337	0.279844	0.272841	0.273367	0.280489	0.2767	0.26932	0.270684	0.270629	0.274329	0.274922	0.279317	0.290648	0.281398	0.285619	0.27214	0.276141	0.270972	0.276644	0.271582	0.280826	0.278809	0.265025	0.271717	0.273032	0.275953	0.273175	0.268925	0.274463	0.271075	0.275208	0.271909	0.269456	0.274068	0.278771	0.274871	0.27414	0.272476	0.281635	0.273374	0.277979	0.279501	0.273835	0.283331	0.277137	0.277423	0.272613	0.270437	0.276962	0.2659	0.266482	0.277173	0.275109	0.274554	0.27609	0.279636	0.279035	0.281703	0.278895	0.274022	0.278012	0.279574	0.277468	0.280641	0.280411	0.278564	0.280673	0.281647	0.277716	0.277765	0.282639	0.279228	0.280122	0.285012	0.278166	0.280934	0.280392	0.278251	0.282027	0.277865	0.282038	0.280652	0.269442	0.280508	0.280204	0.283647	0.282283	0.273776	0.279253	0.274527	0.276956	0.266908	0.283094	0.273493
0.23839	0.249294	0.246745	0.24263	0.242107	0.247928	0.240657	0.246976	0.244846	0.245823	0.244195	0.242696	0.24851	0.244419	0.243605	0.243178	0.242846	0.238045	0	0.239579	0.279399	0.284571	0.276399	0.281576	0.281951	0.277074	0.27806	0.271302	0.277888	0.276334	0.280527	0.280278	0.274796	0.276746	0.276546	0.279699	0.280563	0.270695	0.272763	0.277257	0.27554	0.271613	0.274223	0.272762	0.272917	0.269178	0.273134	0.273907	0.270943	0.276557	0.27625	0.274835	0.26471	0.26356	0.268444	0.27366	0.27121	0.278208	0.278616	0.272948	0.272687	0.276344	0.270032	0.272431	0.271189	0.277387	0.276156	0.274136	0.272467	0.267804	0.273844	0.272008	0.272332	0.279711	0.275866	0.266918	0.26743	0.269963	0.272531	0.271227	0.268459	0.276875	0.267535	0.278761	0.279426	0.27285	0.265321	0.269707	0.277316	0.278381	0.271555	0.279263	0.291399	0.278136	0.285023	0.271322	0.277331	0.270223	0.272323	0.271553	0.278519	0.276225	0.272891	0.269722	0.276777	0.274759	0.279332	0.275348	0.275949	0.272267	0.27742	0.272298	0.274565	0.279112	0.276852	0.274893	0.273066	0.272073	0.278824	0.275185	0.274979	0.278883	0.271293	0.281555	0.272582	0.272665	0.268455	0.272243	0.276992	0.268705	0.275831	0.274871	0.275416	0.275182	0.274418	0.2776	0.276089	0.279779	0.280156	0.27883	0.272755	0.273053	0.276953	0.277086	0.282483	0.281407	0.279446	0.277533	0.279398	0.279066	0.283167	0.279102	0.280761	0.287192	0.277995	0.281565	0.28149	0.277811	0.283426	0.276615	0.277207	0.277374	0.275625	0.278471	0.28037	0.279224	0.277483	0.27564	0.276609	0.276583	0.275076	0.270213	0.282028	0.272088
0.246458	0.247001	0.242699	0.23491	0.243166	0.242274	0.249157	0.246757	0.246173	0.240509	0.245951	0.245631	0.245285	0.243049	0.240471	0.239663	0.240625	0.241965	0.239579	0	0.274971	0.27751	0.27832	0.272824	0.27799	0.273111	0.280831	0.274035	0.270658	0.271868	0.276489	0.27478	0.273898	0.273175	0.270374	0.281049	0.270025	0.273469	0.271071	0.272133	0.272908	0.26832	0.272416	0.271695	0.268436	0.269228	0.269909	0.270442	0.270574	0.273486	0.275466	0.273326	0.26656	0.266894	0.269379	0.271632	0.272302	0.271105	0.27951	0.272115	0.274272	0.276932	0.266739	0.275099	0.272542	0.273946	0.274478	0.26874	0.273756	0.268066	0.268244	0.272159	0.271309	0.275756	0.278153	0.269376	0.271303	0.271994	0.266407	0.272066	0.268495	0.27461	0.270713	0.272287	0.275467	0.273891	0.264044	0.274274	0.269416	0.275038	0.27335	0.273449	0.286885	0.276823	0.28122	0.270046	0.271582	0.270387	0.2731	0.270992	0.276461	0.274904	0.269198	0.269652	0.270515	0.270352	0.27357	0.266627	0.271998	0.273191	0.270587	0.267401	0.267969	0.281819	0.273743	0.273884	0.272393	0.268455	0.277557	0.272913	0.275072	0.270942	0.274885	0.276231	0.270688	0.271588	0.268842	0.269207	0.273636	0.262712	0.271645	0.27589	0.273919	0.274087	0.274439	0.277388	0.273927	0.272773	0.277665	0.273674	0.278567	0.279849	0.277747	0.276203	0.284158	0.276829	0.28202	0.279402	0.279342	0.280453	0.280811	0.28008	0.278474	0.283547	0.278235	0.283541	0.278871	0.279897	0.281429	0.276414	0.275259	0.276121	0.274761	0.277144	0.279022	0.275571	0.280284	0.274694	0.277361	0.276001	0.272542	0.268572	0.27662	0.273023
0.275944	0.275408	0.27429	0.277922	0.280158	0.277509	0.276688	0.279546	0.273996	0.275315	0.275163	0.277567	0.274536	0.272465	0.275585	0.277371	0.277672	0.276555	0.279399	0.274971	0	0.262811	0.260002	0.258492	0.254791	0.258856	0.25475	0.144797	0.259016	0.263304	0.260938	0.263527	0.259926	0.264149	0.263082	0.275231	0.26055	0.270138	0.273891	0.274361	0.275196	0.268226	0.270569	0.273207	0.268911	0.273353	0.275765	0.273011	0.267752	0.271557	0.276166	0.272283	0.266851	0.271592	0.266718	0.275097	0.270341	0.27833	0.280721	0.274477	0.273351	0.277503	0.269371	0.274314	0.267758	0.280357	0.272595	0.274115	0.270366	0.271227	0.274812	0.274736	0.272509	0.282294	0.269276	0.27471	0.274846	0.272872	0.268671	0.276043	0.269249	0.275934	0.275673	0.274952	0.280582	0.272274	0.27215	0.273132	0.272383	0.277736	0.275517	0.277482	0.284168	0.281126	0.28396	0.275699	0.27652	0.276204	0.275097	0.271001	0.274583	0.273834	0.272307	0.271406	0.274912	0.27458	0.27581	0.272677	0.277866	0.270151	0.271855	0.273424	0.267083	0.280815	0.275002	0.27811	0.272993	0.270234	0.280276	0.279187	0.271195	0.275354	0.269646	0.27531	0.271316	0.266802	0.269406	0.273244	0.268613	0.257351	0.271033	0.273933	0.269326	0.273001	0.276831	0.272468	0.27152	0.277599	0.270587	0.27111	0.274717	0.271858	0.277042	0.27445	0.279347	0.276515	0.283072	0.278337	0.277236	0.279385	0.275897	0.279389	0.277023	0.281707	0.277169	0.279968	0.279794	0.272191	0.281507	0.271874	0.27949	0.273331	0.274735	0.273678	0.274033	0.272957	0.276907	0.276801	0.274773	0.272775	0.27214	0.258705	0.273588	0.273137
0.278663	0.28186	0.277172	0.28057	0.274892	0.282625	0.277184	0.281548	0.280733	0.28186	0.280072	0.281748	0.282197	0.276624	0.279256	0.279615	0.282403	0.285215	0.284571	0.27751	0.262811	0	0.258979	0.258253	0.256808	0.255995	0.259027	0.260912	0.262726	0.264461	0.26462	0.263153	0.268389	0.262658	0.266042	0.266415	0.263234	0.271182	0.273262	0.277919	0.275497	0.27249	0.277071	0.278571	0.277577	0.2751	0.274513	0.280995	0.273024	0.272608	0.278774	0.27479	0.271174	0.272267	0.27121	0.27629	0.276596	0.274991	0.282048	0.272731	0.279746	0.274247	0.273429	0.273286	0.273833	0.283294	0.27611	0.273465	0.276881	0.273106	0.27868	0.280116	0.275498	0.281843	0.274849	0.279157	0.27916	0.272615	0.275375	0.276438	0.27293	0.279662	0.27539	0.277613	0.283276	0.279153	0.275403	0.278343	0.273462	0.281983	0.277763	0.279524	0.288873	0.279917	0.281089	0.272997	0.282003	0.277807	0.272816	0.281127	0.281129	0.280203	0.274902	0.280923	0.275407	0.277051	0.27991	0.274454	0.277971	0.274928	0.278263	0.280747	0.277232	0.284291	0.275867	0.272175	0.277783	0.277378	0.282427	0.276108	0.274704	0.276588	0.271291	0.279366	0.273223	0.267667	0.276799	0.275552	0.282043	0.265313	0.269802	0.274919	0.274513	0.275684	0.276551	0.276219	0.277564	0.278472	0.275895	0.271073	0.277075	0.275504	0.278991	0.279762	0.277893	0.280282	0.276776	0.275787	0.277196	0.276803	0.277155	0.276012	0.278193	0.283902	0.278345	0.278884	0.278907	0.276739	0.281469	0.27451	0.280033	0.275806	0.278561	0.274318	0.274676	0.280256	0.276004	0.272723	0.277978	0.272441	0.269934	0.261887	0.272009	0.272475
0.276068	0.275552	0.280554	0.271329	0.272394	0.279536	0.275555	0.279487	0.274454	0.273149	0.273872	0.276494	0.279709	0.273745	0.274184	0.276183	0.278077	0.279868	0.276399	0.27832	0.260002	0.258979	0	0.2541	0.257209	0.252974	0.255846	0.258397	0.258307	0.259775	0.263226	0.264895	0.261216	0.26555	0.262848	0.269744	0.26116	0.267669	0.269777	0.27057	0.270187	0.272147	0.267313	0.269163	0.268483	0.27045	0.278252	0.275993	0.275794	0.26968	0.269711	0.273477	0.26504	0.265807	0.271986	0.271361	0.275014	0.274474	0.281403	0.274983	0.273411	0.272207	0.270907	0.272914	0.272134	0.279307	0.276217	0.274574	0.268229	0.272833	0.27253	0.272767	0.268105	0.273932	0.27741	0.272994	0.272129	0.271876	0.26915	0.271236	0.264907	0.277216	0.274744	0.273302	0.279523	0.27491	0.268594	0.270347	0.272661	0.279956	0.269631	0.273493	0.289956	0.278759	0.280066	0.276026	0.274699	0.273369	0.27331	0.271904	0.275056	0.26894	0.275481	0.269803	0.2757	0.274334	0.275179	0.273696	0.277336	0.270595	0.279457	0.271743	0.273526	0.276699	0.27652	0.266885	0.277745	0.273624	0.283864	0.275333	0.271479	0.272087	0.269907	0.275151	0.270252	0.264355	0.267182	0.268099	0.271113	0.261942	0.266452	0.273953	0.274091	0.274378	0.27255	0.274625	0.268966	0.272307	0.26988	0.272382	0.272669	0.269619	0.274454	0.271945	0.281234	0.271613	0.28331	0.274011	0.277437	0.273788	0.275788	0.276591	0.271835	0.274418	0.277475	0.276058	0.272948	0.268444	0.2765	0.276322	0.272975	0.272738	0.272159	0.26873	0.272519	0.276203	0.270955	0.272248	0.272046	0.267737	0.27088	0.262959	0.268915	0.265273
0.278295	0.275713	0.270913	0.275701	0.278624	0.277285	0.279133	0.274203	0.27233	0.27663	0.27675	0.275099	0.276106	0.273599	0.276089	0.279876	0.272696	0.278724	0.281576	0.272824	0.258492	0.258253	0.2541	0	0.251084	0.253092	0.253382	0.25834	0.258405	0.262455	0.257984	0.261241	0.260074	0.264237	0.258744	0.263093	0.256765	0.274522	0.269527	0.270926	0.268864	0.267551	0.274841	0.271481	0.266604	0.268326	0.270312	0.273733	0.270183	0.268098	0.267698	0.268432	0.267939	0.26883	0.263324	0.268021	0.27189	0.271137	0.28455	0.270385	0.274685	0.274226	0.270507	0.271249	0.269309	0.280517	0.27327	0.270272	0.269334	0.26827	0.273079	0.276281	0.270425	0.276871	0.272902	0.272205	0.272884	0.26981	0.26883	0.269076	0.264874	0.274937	0.270725	0.270281	0.275192	0.274787	0.26858	0.26885	0.273708	0.270336	0.274325	0.274352	0.285429	0.277892	0.278942	0.277914	0.273658	0.271009	0.269577	0.272653	0.276225	0.272513	0.270845	0.269188	0.270474	0.275937	0.276501	0.271764	0.272268	0.274752	0.272892	0.272895	0.266835	0.281256	0.277052	0.270992	0.271992	0.270109	0.278791	0.277037	0.270771	0.269817	0.267497	0.27312	0.273558	0.268814	0.268076	0.267734	0.270938	0.258735	0.262476	0.268433	0.267997	0.27268	0.270768	0.279457	0.273367	0.271821	0.271475	0.268403	0.273214	0.270241	0.27317	0.276217	0.272262	0.274376	0.27759	0.276958	0.274286	0.276904	0.275797	0.278396	0.273811	0.280879	0.273503	0.27561	0.275098	0.270726	0.280455	0.274908	0.272973	0.272419	0.272069	0.267109	0.273487	0.273176	0.2753	0.267796	0.270794	0.26901	0.271195	0.256662	0.272135	0.266981
0.276735	0.276646	0.27244	0.276146	0.279042	0.27731	0.275819	0.276638	0.273197	0.27071	0.276852	0.277789	0.276323	0.276485	0.274426	0.279037	0.27752	0.280079	0.281951	0.27799	0.254791	0.256808	0.257209	0.251084	0	0.252959	0.255972	0.25551	0.251113	0.257531	0.257408	0.260655	0.258661	0.258859	0.257873	0.270608	0.263589	0.274337	0.273676	0.275987	0.271797	0.270177	0.274184	0.270509	0.276582	0.269056	0.277592	0.276714	0.27509	0.275471	0.273691	0.272583	0.266515	0.275212	0.270523	0.273896	0.2699	0.276593	0.279873	0.275368	0.271823	0.273054	0.271749	0.269918	0.271815	0.28356	0.270449	0.273554	0.267801	0.268507	0.270477	0.272186	0.269083	0.272712	0.271555	0.272766	0.276213	0.273487	0.274002	0.271835	0.269861	0.275742	0.268954	0.274549	0.275038	0.270435	0.271659	0.27579	0.270144	0.279998	0.2698	0.278809	0.284339	0.27276	0.282125	0.271248	0.272502	0.270964	0.271125	0.276044	0.270632	0.273345	0.269885	0.27024	0.273506	0.274783	0.276864	0.270397	0.273613	0.273036	0.277706	0.27218	0.27052	0.280436	0.278455	0.272943	0.279137	0.276606	0.285184	0.277888	0.269306	0.269432	0.266648	0.275773	0.268616	0.269007	0.266213	0.269516	0.268937	0.259649	0.266914	0.269291	0.273226	0.268497	0.270733	0.272509	0.273848	0.269164	0.271745	0.267939	0.276277	0.270929	0.272356	0.276235	0.27576	0.279963	0.281094	0.275824	0.275345	0.277907	0.275778	0.278833	0.270958	0.284019	0.275743	0.277809	0.272843	0.27341	0.277226	0.276096	0.274826	0.273775	0.271256	0.271353	0.275532	0.273004	0.27489	0.272521	0.278534	0.270309	0.272881	0.259734	0.276042	0.268501
