0	0.250822	0.237899	0.247642	0.246704	0.250025	0.155892	0.244452	0.245211	0.245722	0.25112	0.239674	0.247864	0.250167	0.242371	0.246156	0.242195	0.24395	0.239759	0.248105	0.279779	0.281398	0.278505	0.282523	0.279948	0.277828	0.279737	0.274454	0.277859	0.278689	0.281074	0.282194	0.274201	0.27942	0.27532	0.282034	0.279949	0.275344	0.270916	0.275695	0.272056	0.270767	0.27086	0.273023	0.274759	0.275803	0.278431	0.276715	0.270334	0.275729	0.268661	0.274345	0.268485	0.263103	0.276172	0.278571	0.276063	0.279565	0.280171	0.268394	0.275208	0.276991	0.274718	0.273801	0.271251	0.278786	0.275809	0.277005	0.275315	0.270912	0.271766	0.271726	0.272194	0.280602	0.274683	0.275089	0.271862	0.271102	0.274273	0.279479	0.269889	0.27337	0.277224	0.277074	0.282503	0.274068	0.271177	0.275268	0.279946	0.27895	0.278205	0.280351	0.288985	0.27804	0.279644	0.268925	0.277514	0.272264	0.275999	0.276042	0.279866	0.27754	0.273203	0.267174	0.273914	0.276447	0.274704	0.275595	0.275097	0.274448	0.279694	0.274794	0.273906	0.280832	0.278559	0.274621	0.273675	0.274185	0.283508	0.274043	0.276796	0.276598	0.275199	0.278711	0.275212	0.275014	0.271721	0.270812	0.27607	0.272338	0.271279	0.280788	0.278987	0.277934	0.278797	0.277409	0.277083	0.282214	0.28138	0.277659	0.283032	0.277747	0.284379	0.282138	0.282689	0.279075	0.279498	0.279796	0.275034	0.280073	0.277122	0.283804	0.283311	0.28928	0.279879	0.284838	0.28072	0.279317	0.283328	0.281132	0.283248	0.281284	0.275712	0.277783	0.280352	0.277144	0.277165	0.275919	0.273991	0.272653	0.274932	0.267104	0.276055	0.274215
0.250822	0	0.247796	0.246649	0.246823	0.243996	0.244333	0.253783	0.254129	0.245128	0.240696	0.24894	0.249352	0.249935	0.245673	0.24775	0.246188	0.248989	0.251828	0.250882	0.279137	0.284822	0.278545	0.278896	0.279948	0.284465	0.285295	0.280446	0.283185	0.277204	0.285141	0.289875	0.283282	0.283659	0.276377	0.284425	0.282258	0.276177	0.27996	0.277659	0.275651	0.271908	0.273723	0.273664	0.276742	0.271522	0.280171	0.279258	0.277479	0.278644	0.278017	0.281473	0.268169	0.274598	0.279424	0.27945	0.278612	0.279076	0.275249	0.28339	0.278654	0.280267	0.276945	0.276543	0.277118	0.276275	0.275814	0.275989	0.279953	0.269945	0.278418	0.277444	0.278004	0.281402	0.279847	0.28003	0.276752	0.272859	0.276916	0.276962	0.27039	0.274311	0.272245	0.282553	0.280401	0.279539	0.271569	0.276354	0.276028	0.283661	0.276088	0.282526	0.288877	0.287526	0.28896	0.276844	0.275807	0.272802	0.27418	0.275679	0.28386	0.276051	0.2777	0.278231	0.279191	0.277851	0.277856	0.278749	0.276302	0.271639	0.281118	0.277772	0.274917	0.278917	0.283787	0.281513	0.276373	0.278548	0.284489	0.283224	0.276529	0.279162	0.276625	0.281608	0.275958	0.279385	0.272974	0.276809	0.279523	0.272871	0.276193	0.277514	0.280226	0.282011	0.280066	0.283027	0.282097	0.282526	0.282771	0.280346	0.279811	0.272084	0.283203	0.284394	0.280322	0.278005	0.282853	0.286138	0.282538	0.286738	0.283787	0.290279	0.28326	0.28078	0.280083	0.286645	0.281983	0.280904	0.279634	0.279202	0.284408	0.280713	0.277432	0.283807	0.282067	0.282433	0.283918	0.28379	0.277537	0.274978	0.279101	0.276486	0.277463	0.275942
0.237899	0.247796	0	0.24428	0.245752	0.244259	0.242211	0.247111	0.244683	0.243388	0.244859	0.247412	0.245796	0.247764	0.239969	0.241878	0.24836	0.244462	0.250328	0.245529	0.277163	0.279883	0.284945	0.276294	0.275957	0.273015	0.279834	0.269159	0.271021	0.273426	0.272588	0.274938	0.276208	0.275705	0.277314	0.275104	0.272995	0.278086	0.276186	0.274198	0.275231	0.275028	0.275639	0.271781	0.278381	0.268343	0.278422	0.273177	0.27772	0.270421	0.273502	0.272427	0.267224	0.271501	0.270823	0.275175	0.274679	0.273949	0.274655	0.275887	0.274716	0.268717	0.273724	0.28216	0.270218	0.275427	0.278782	0.273851	0.274843	0.27157	0.274329	0.27669	0.272654	0.27347	0.278471	0.270206	0.269176	0.277704	0.270156	0.275727	0.267861	0.270216	0.273577	0.274046	0.279269	0.270177	0.272165	0.273389	0.275055	0.274041	0.275527	0.282971	0.289452	0.283906	0.278758	0.275013	0.276026	0.273964	0.273082	0.271484	0.278656	0.271607	0.276127	0.268257	0.272277	0.270941	0.276413	0.277989	0.271569	0.27279	0.277789	0.277172	0.272986	0.280382	0.278308	0.278052	0.279871	0.273767	0.280518	0.277417	0.271411	0.279871	0.275484	0.277001	0.271125	0.275732	0.270242	0.274947	0.273653	0.263533	0.269773	0.277847	0.277694	0.274234	0.278201	0.276991	0.27954	0.276107	0.278738	0.269748	0.27686	0.275071	0.275944	0.279026	0.276365	0.285852	0.278665	0.281886	0.279474	0.281397	0.277077	0.27775	0.276618	0.285963	0.274809	0.281193	0.275503	0.277948	0.282995	0.277411	0.281205	0.28089	0.274147	0.274736	0.275265	0.271467	0.277714	0.276096	0.276711	0.273518	0.276322	0.267771	0.275452	0.268398
0.247642	0.246649	0.24428	0	0.243166	0.244544	0.246663	0.250843	0.243734	0.24428	0.243771	0.240339	0.250719	0.245663	0.245816	0.245364	0.24724	0.24227	0.244471	0.237304	0.28219	0.284543	0.27496	0.280158	0.279447	0.285854	0.28303	0.278525	0.274915	0.275623	0.278586	0.282992	0.278907	0.27888	0.273788	0.279824	0.277062	0.276437	0.279987	0.282714	0.277675	0.276198	0.276505	0.275801	0.278555	0.277328	0.279318	0.278264	0.28005	0.277668	0.281055	0.28451	0.276531	0.273125	0.276685	0.274915	0.275159	0.287894	0.281806	0.282201	0.280904	0.280766	0.275982	0.278333	0.273827	0.282323	0.27703	0.277019	0.275013	0.277507	0.277206	0.27749	0.278653	0.2876	0.276951	0.276305	0.278545	0.27499	0.27396	0.282082	0.272924	0.280954	0.269972	0.279769	0.280734	0.283237	0.276729	0.279647	0.279476	0.276435	0.277037	0.285139	0.292102	0.282098	0.289748	0.277533	0.275146	0.273749	0.277113	0.271673	0.280225	0.285431	0.278344	0.27351	0.276721	0.284039	0.275059	0.277489	0.279548	0.2747	0.277125	0.275949	0.276701	0.281935	0.280107	0.277848	0.281605	0.276026	0.284713	0.281539	0.27481	0.279442	0.279771	0.277045	0.272408	0.27703	0.274658	0.275882	0.278915	0.265618	0.274685	0.282502	0.275445	0.282574	0.279721	0.283231	0.277993	0.279115	0.283996	0.275818	0.280735	0.278715	0.278137	0.279658	0.285367	0.279403	0.284754	0.283557	0.284201	0.28083	0.285978	0.286037	0.280214	0.289536	0.27672	0.283982	0.285124	0.2785	0.278855	0.278674	0.282893	0.28028	0.27669	0.278735	0.281803	0.281897	0.27772	0.280093	0.278551	0.275512	0.281775	0.270957	0.274213	0.272984
0.246704	0.246823	0.245752	0.243166	0	0.251785	0.24114	0.25371	0.250198	0.246634	0.24269	0.244376	0.247391	0.246312	0.244026	0.246737	0.241914	0.240862	0.245331	0.246063	0.285436	0.278898	0.276291	0.282914	0.282647	0.281346	0.27608	0.276826	0.277208	0.281476	0.28102	0.285707	0.281132	0.278956	0.279275	0.280106	0.281201	0.280688	0.274677	0.276747	0.277072	0.275461	0.27384	0.270063	0.275431	0.271588	0.278244	0.280907	0.27518	0.278594	0.278416	0.274262	0.269937	0.271044	0.271682	0.275358	0.274032	0.279325	0.275944	0.273458	0.273673	0.27744	0.276083	0.277139	0.273493	0.276357	0.274149	0.276875	0.274136	0.274355	0.277022	0.27501	0.275727	0.285099	0.278364	0.270256	0.275771	0.277767	0.271615	0.273814	0.270248	0.278648	0.273494	0.279538	0.284316	0.277593	0.271539	0.272905	0.276044	0.275087	0.275871	0.28364	0.297522	0.284424	0.288013	0.277706	0.280767	0.274066	0.276734	0.277047	0.286016	0.272887	0.275946	0.272607	0.277011	0.278973	0.274905	0.27007	0.275929	0.272887	0.274139	0.274412	0.271407	0.283926	0.278363	0.274979	0.281721	0.274694	0.284406	0.27362	0.27309	0.278245	0.272903	0.279171	0.273916	0.271927	0.268361	0.272974	0.284155	0.266216	0.277234	0.276012	0.275484	0.275027	0.27482	0.278031	0.278761	0.27464	0.277043	0.275361	0.286199	0.277385	0.280296	0.282018	0.280876	0.283054	0.284942	0.284636	0.281528	0.279975	0.28684	0.284029	0.280364	0.284154	0.277541	0.285931	0.284839	0.274916	0.284144	0.280963	0.279162	0.283847	0.278667	0.279792	0.283762	0.282812	0.282153	0.282375	0.271841	0.275903	0.280102	0.268099	0.279154	0.276655
0.250025	0.243996	0.244259	0.244544	0.251785	0	0.243954	0.245991	0.244578	0.235276	0.240886	0.252423	0.247422	0.240771	0.239216	0.243904	0.243719	0.248169	0.2508	0.24516	0.281546	0.285566	0.281832	0.281473	0.281022	0.276968	0.280132	0.275777	0.277818	0.275877	0.275466	0.280809	0.277773	0.275763	0.281657	0.285786	0.281817	0.279426	0.279574	0.273078	0.275985	0.276783	0.274918	0.268822	0.276865	0.270807	0.273784	0.275067	0.277297	0.274975	0.274919	0.27752	0.268699	0.272674	0.269716	0.280753	0.277605	0.279413	0.282258	0.278243	0.274092	0.281009	0.274885	0.27269	0.273245	0.276427	0.276276	0.27853	0.276696	0.273763	0.275027	0.277623	0.279905	0.284031	0.280408	0.270082	0.275331	0.271621	0.273566	0.275592	0.268201	0.281513	0.272141	0.278613	0.283353	0.276302	0.27006	0.276006	0.276456	0.280839	0.276487	0.283333	0.288537	0.28228	0.281837	0.275354	0.274063	0.275362	0.2786	0.271728	0.277336	0.275734	0.27128	0.270835	0.277973	0.27787	0.277483	0.276482	0.275627	0.274103	0.274677	0.275079	0.270766	0.287244	0.282964	0.27436	0.274646	0.27412	0.284241	0.279806	0.276108	0.276282	0.276253	0.278049	0.274807	0.274775	0.273616	0.276765	0.278929	0.271789	0.275825	0.276681	0.280334	0.273527	0.274691	0.280576	0.275311	0.280958	0.281125	0.273853	0.285824	0.274728	0.274547	0.282412	0.279195	0.280446	0.284839	0.280645	0.27831	0.278876	0.284011	0.282658	0.279482	0.283944	0.27693	0.280904	0.280331	0.276521	0.284278	0.283561	0.281424	0.279604	0.275121	0.276385	0.278754	0.276308	0.279925	0.277918	0.281216	0.272548	0.275058	0.266296	0.276481	0.271764
0.155892	0.244333	0.242211	0.246663	0.24114	0.243954	0	0.244069	0.242661	0.243304	0.244757	0.246993	0.24574	0.246559	0.24249	0.246724	0.239623	0.245019	0.243033	0.252709	0.281669	0.28018	0.279041	0.283374	0.280463	0.272768	0.277537	0.27632	0.280186	0.276855	0.28076	0.276178	0.274349	0.279717	0.279356	0.283932	0.283327	0.27564	0.273843	0.281925	0.267945	0.270651	0.270695	0.26973	0.270452	0.270712	0.277062	0.275867	0.275667	0.27468	0.273603	0.27325	0.269304	0.270663	0.270167	0.276922	0.271657	0.279648	0.282115	0.274839	0.274521	0.278462	0.275383	0.273383	0.271743	0.276851	0.272834	0.275881	0.278576	0.270621	0.272312	0.273146	0.273591	0.285546	0.279621	0.278036	0.278154	0.270558	0.276572	0.278052	0.269276	0.27437	0.268885	0.276052	0.284522	0.272157	0.270727	0.27416	0.27111	0.28263	0.277139	0.276291	0.291191	0.283294	0.279212	0.271208	0.273326	0.27353	0.27497	0.282061	0.281271	0.273287	0.277927	0.271197	0.276186	0.277908	0.279226	0.275563	0.270582	0.2751	0.281043	0.269994	0.272174	0.283012	0.274303	0.277941	0.275731	0.273979	0.284368	0.275937	0.274794	0.2808	0.27172	0.2796	0.270647	0.274355	0.269053	0.271433	0.27296	0.272211	0.273088	0.273356	0.272013	0.274372	0.277321	0.274045	0.27685	0.287133	0.276028	0.266711	0.276236	0.273141	0.275509	0.282046	0.277326	0.278924	0.278816	0.281124	0.275482	0.278354	0.27532	0.277749	0.278633	0.290376	0.277479	0.283182	0.278888	0.278921	0.281736	0.275991	0.280672	0.277222	0.27482	0.277424	0.278265	0.277236	0.279816	0.281326	0.277305	0.276739	0.279422	0.266871	0.276982	0.279184
0.244452	0.253783	0.247111	0.250843	0.25371	0.245991	0.244069	0	0.242031	0.247138	0.243958	0.257553	0.250397	0.256861	0.249623	0.242794	0.247252	0.248097	0.248128	0.248794	0.283063	0.284084	0.283104	0.2791	0.279556	0.279946	0.278765	0.276744	0.281324	0.28106	0.276733	0.28312	0.275743	0.2811	0.280672	0.283279	0.275364	0.278975	0.278849	0.278233	0.277742	0.27631	0.271933	0.277128	0.275172	0.27187	0.28051	0.279777	0.278367	0.275911	0.276164	0.272929	0.267836	0.272332	0.273416	0.274294	0.273129	0.2742	0.279352	0.277563	0.277366	0.280644	0.275867	0.277543	0.273324	0.276663	0.278869	0.274279	0.278555	0.270236	0.275124	0.277473	0.272275	0.281895	0.279506	0.274681	0.275551	0.271506	0.270049	0.279505	0.271711	0.273309	0.274628	0.27636	0.281666	0.278334	0.272853	0.277793	0.272196	0.280771	0.278431	0.275679	0.291719	0.281479	0.287694	0.275577	0.272365	0.270982	0.279892	0.275423	0.277766	0.27657	0.272473	0.27123	0.279013	0.274619	0.281617	0.274712	0.276353	0.273758	0.277627	0.271999	0.271093	0.281732	0.287053	0.278588	0.277578	0.277833	0.285238	0.276543	0.278993	0.270968	0.281082	0.278197	0.276839	0.275577	0.275906	0.272901	0.27336	0.268829	0.273158	0.275264	0.275607	0.27771	0.276653	0.27693	0.273343	0.277634	0.284745	0.273912	0.278834	0.273316	0.275168	0.281858	0.287575	0.279082	0.280293	0.283322	0.273686	0.278857	0.285583	0.282685	0.282535	0.286874	0.277953	0.284749	0.279357	0.278375	0.286259	0.27937	0.287687	0.278153	0.28149	0.278347	0.282922	0.280807	0.279698	0.27282	0.278514	0.279291	0.274279	0.268048	0.275663	0.275943
0.245211	0.254129	0.244683	0.243734	0.250198	0.244578	0.242661	0.242031	0	0.240142	0.239012	0.247351	0.246548	0.244486	0.240751	0.247469	0.246939	0.241946	0.247803	0.248565	0.278585	0.283954	0.278974	0.276556	0.277558	0.273443	0.275976	0.276627	0.274326	0.274663	0.276799	0.280639	0.277421	0.278552	0.272438	0.282357	0.274971	0.272118	0.278124	0.272745	0.272873	0.275845	0.271058	0.272896	0.27926	0.270093	0.280571	0.274183	0.269046	0.272054	0.275076	0.279399	0.268852	0.271598	0.270223	0.276559	0.274542	0.279727	0.274433	0.274194	0.272164	0.272315	0.272368	0.272289	0.272364	0.274644	0.274309	0.26832	0.273405	0.273061	0.270758	0.275946	0.274541	0.28424	0.27596	0.272652	0.268712	0.273538	0.26767	0.278088	0.265901	0.278187	0.271423	0.273318	0.277145	0.27533	0.273369	0.277745	0.271135	0.277494	0.270821	0.279361	0.290451	0.282467	0.283873	0.276071	0.269	0.274256	0.276087	0.274077	0.281994	0.277879	0.269589	0.27397	0.274812	0.274713	0.274145	0.268884	0.275272	0.270384	0.273479	0.274815	0.272236	0.278866	0.278063	0.270171	0.276766	0.272723	0.280323	0.276305	0.276275	0.274771	0.273488	0.278464	0.271052	0.271794	0.271452	0.273871	0.271347	0.267754	0.271449	0.272213	0.275053	0.273009	0.27391	0.275857	0.272247	0.277849	0.275316	0.276105	0.276039	0.267756	0.268996	0.275907	0.275543	0.282275	0.284241	0.272597	0.278869	0.281184	0.283264	0.281865	0.276871	0.284129	0.276653	0.283101	0.280042	0.278122	0.280454	0.28124	0.281062	0.276739	0.275493	0.277695	0.277637	0.278121	0.270135	0.277431	0.279273	0.270497	0.271684	0.264083	0.281253	0.269853
0.245722	0.245128	0.243388	0.24428	0.246634	0.235276	0.243304	0.247138	0.240142	0	0.237238	0.246527	0.245862	0.248961	0.240682	0.247704	0.243578	0.24288	0.248793	0.242917	0.279654	0.284306	0.276849	0.280893	0.275092	0.275576	0.278671	0.277396	0.273018	0.272675	0.275899	0.279225	0.272957	0.279913	0.275183	0.279105	0.274446	0.280098	0.275071	0.276766	0.274893	0.274284	0.272251	0.275915	0.272222	0.271533	0.282865	0.275813	0.27693	0.275243	0.278093	0.277066	0.264626	0.264362	0.269993	0.272467	0.270932	0.276518	0.278429	0.273313	0.273776	0.282688	0.276088	0.275613	0.27456	0.280519	0.276781	0.276304	0.267652	0.273633	0.270965	0.273694	0.272884	0.282336	0.278808	0.267305	0.271862	0.272426	0.27702	0.278721	0.268694	0.274235	0.271157	0.278535	0.282005	0.273672	0.268624	0.278523	0.274123	0.277174	0.274284	0.282939	0.29109	0.282585	0.282125	0.270965	0.275239	0.27247	0.274757	0.277067	0.278135	0.277223	0.276903	0.269626	0.270411	0.274318	0.27808	0.2717	0.269923	0.267108	0.276453	0.271337	0.272264	0.283118	0.281907	0.271219	0.275665	0.272242	0.283791	0.277155	0.275094	0.279943	0.274321	0.282761	0.270726	0.273154	0.273574	0.271211	0.275351	0.272172	0.273149	0.278072	0.273561	0.274824	0.277109	0.279357	0.275725	0.276994	0.274337	0.278837	0.278012	0.276121	0.274537	0.27812	0.280247	0.281603	0.28512	0.276888	0.276045	0.277625	0.274763	0.278915	0.281234	0.283353	0.280696	0.282446	0.280214	0.274436	0.281625	0.275096	0.282708	0.276206	0.278052	0.279934	0.277573	0.273616	0.283004	0.279127	0.276563	0.272876	0.266738	0.26543	0.277145	0.273274
0.25112	0.240696	0.244859	0.243771	0.24269	0.240886	0.244757	0.243958	0.239012	0.237238	0	0.236983	0.246555	0.245712	0.238224	0.243751	0.246226	0.245423	0.247127	0.248383	0.279105	0.284226	0.276466	0.280853	0.279955	0.278501	0.280905	0.271001	0.276495	0.275211	0.280497	0.281014	0.274864	0.282689	0.277268	0.28346	0.279435	0.27827	0.27434	0.27898	0.278634	0.273551	0.275974	0.278156	0.275338	0.273547	0.283016	0.278026	0.275735	0.274399	0.275686	0.278747	0.269878	0.271531	0.27489	0.277075	0.276859	0.277148	0.280675	0.27265	0.270152	0.274391	0.27137	0.275553	0.274406	0.276934	0.28391	0.273601	0.274687	0.27381	0.2779	0.273052	0.271456	0.283736	0.279347	0.277417	0.274724	0.27236	0.278571	0.273227	0.270957	0.276027	0.27006	0.279641	0.278791	0.27536	0.276254	0.276228	0.274828	0.278247	0.272384	0.283298	0.29139	0.278205	0.28489	0.27493	0.27705	0.272829	0.276544	0.271709	0.278414	0.273432	0.273696	0.273394	0.274201	0.27746	0.28034	0.274301	0.267976	0.276643	0.273396	0.27555	0.273135	0.279899	0.284705	0.273667	0.276323	0.274123	0.281953	0.275124	0.282236	0.279985	0.276839	0.285151	0.278895	0.27738	0.273096	0.273967	0.276184	0.271312	0.272167	0.280223	0.277321	0.27751	0.277311	0.277997	0.275729	0.273497	0.277666	0.271721	0.281827	0.276686	0.278349	0.276399	0.28228	0.281779	0.283214	0.282116	0.277197	0.276856	0.282905	0.28253	0.286189	0.283151	0.273504	0.283106	0.283371	0.276494	0.280046	0.280582	0.281538	0.282668	0.276626	0.281453	0.278897	0.279866	0.279536	0.272157	0.278035	0.271926	0.276126	0.267725	0.279504	0.27064
0.239674	0.24894	0.247412	0.240339	0.244376	0.252423	0.246993	0.257553	0.247351	0.246527	0.236983	0	0.251367	0.24585	0.245838	0.244203	0.243227	0.24587	0.245542	0.249085	0.281799	0.284083	0.279883	0.279806	0.281301	0.282378	0.287248	0.275459	0.2721	0.277188	0.281884	0.279032	0.275172	0.278615	0.277796	0.280231	0.280407	0.281692	0.276221	0.278178	0.273616	0.275886	0.276463	0.274649	0.279095	0.274262	0.286635	0.284357	0.276724	0.276585	0.279405	0.27624	0.274027	0.273255	0.273587	0.278491	0.278856	0.275638	0.277921	0.275106	0.27626	0.279616	0.278869	0.279303	0.2761	0.282077	0.277837	0.275606	0.276021	0.272275	0.279783	0.278728	0.280717	0.289002	0.283049	0.279259	0.277462	0.280789	0.278063	0.283607	0.274536	0.276801	0.277362	0.277375	0.284897	0.280091	0.279441	0.279787	0.279128	0.28173	0.279609	0.282255	0.287267	0.287336	0.289644	0.272329	0.276053	0.276871	0.279404	0.273116	0.284002	0.279435	0.274412	0.275887	0.279617	0.27813	0.277633	0.277901	0.275383	0.282669	0.275987	0.278132	0.27413	0.282096	0.282491	0.277307	0.282459	0.278276	0.286685	0.278591	0.280126	0.278221	0.282222	0.28058	0.276929	0.278747	0.275013	0.277362	0.280037	0.27533	0.275989	0.280904	0.283453	0.280801	0.280976	0.279258	0.283039	0.279091	0.279241	0.275754	0.281051	0.277952	0.284525	0.2824	0.281166	0.286045	0.28836	0.286592	0.279654	0.284295	0.282673	0.280991	0.281093	0.290371	0.285537	0.287979	0.288488	0.281216	0.287522	0.280847	0.284069	0.283753	0.278081	0.279656	0.283612	0.284341	0.278618	0.276813	0.276914	0.280821	0.274507	0.270714	0.277834	0.271843
0.247864	0.249352	0.245796	0.250719	0.247391	0.247422	0.24574	0.250397	0.246548	0.245862	0.246555	0.251367	0	0.248179	0.248283	0.24949	0.249207	0.251619	0.251058	0.247528	0.278311	0.284214	0.283381	0.280602	0.280377	0.279128	0.278761	0.276061	0.280789	0.272727	0.27942	0.28513	0.279033	0.275209	0.276963	0.284634	0.277978	0.273553	0.277527	0.279546	0.277719	0.281329	0.27278	0.269546	0.278089	0.276841	0.275283	0.273989	0.274802	0.273619	0.278955	0.2784	0.266941	0.277117	0.271983	0.279089	0.272531	0.280586	0.280486	0.278	0.276385	0.274915	0.276063	0.273239	0.275068	0.275166	0.275094	0.277578	0.27736	0.268609	0.278923	0.275465	0.276286	0.283962	0.277266	0.274798	0.27565	0.267522	0.272987	0.276266	0.271045	0.280184	0.27162	0.281614	0.281777	0.277592	0.272924	0.275816	0.270739	0.281745	0.273704	0.284169	0.297109	0.284182	0.286001	0.272092	0.277631	0.276675	0.27358	0.278828	0.27899	0.274415	0.275867	0.27109	0.276036	0.276764	0.273541	0.273855	0.270814	0.276032	0.274276	0.270525	0.273822	0.283942	0.281736	0.276573	0.280286	0.27476	0.283196	0.275709	0.274605	0.278512	0.275643	0.277162	0.27662	0.272683	0.267041	0.270115	0.278431	0.267404	0.274947	0.276233	0.27983	0.280883	0.276616	0.280565	0.28129	0.281668	0.279807	0.275897	0.283751	0.276925	0.278275	0.278323	0.285303	0.283212	0.286183	0.282799	0.281724	0.280274	0.282381	0.282048	0.281739	0.285179	0.281244	0.28368	0.278362	0.283807	0.283556	0.284373	0.283138	0.277334	0.279629	0.283054	0.280712	0.283086	0.283701	0.280829	0.27606	0.267513	0.274432	0.267371	0.277789	0.271301
0.250167	0.249935	0.247764	0.245663	0.246312	0.240771	0.246559	0.256861	0.244486	0.248961	0.245712	0.24585	0.248179	0	0.24862	0.246019	0.250452	0.247855	0.24683	0.246373	0.277545	0.280437	0.277225	0.27847	0.280541	0.274177	0.278818	0.273295	0.277162	0.274368	0.282068	0.274102	0.271778	0.278397	0.278181	0.282895	0.280363	0.276329	0.273862	0.274244	0.273808	0.27811	0.271229	0.270398	0.275076	0.272514	0.280038	0.279014	0.274592	0.278289	0.279738	0.273587	0.26551	0.273436	0.27119	0.277111	0.274588	0.272678	0.280379	0.26847	0.27895	0.276022	0.276874	0.273663	0.276614	0.275624	0.2767	0.276459	0.276353	0.275209	0.27526	0.273195	0.278162	0.281516	0.281146	0.274934	0.271835	0.271851	0.278378	0.274519	0.273366	0.273106	0.274116	0.278052	0.284817	0.275977	0.270308	0.277994	0.27519	0.27679	0.270092	0.281844	0.287856	0.282505	0.28345	0.278086	0.278872	0.273162	0.278794	0.273639	0.282928	0.278614	0.279141	0.270754	0.276684	0.274194	0.273268	0.279596	0.28024	0.275822	0.281474	0.276132	0.277667	0.281802	0.281556	0.277454	0.279048	0.275762	0.284249	0.280073	0.273424	0.275173	0.278398	0.28139	0.273345	0.273617	0.271069	0.276392	0.275659	0.267449	0.279903	0.275041	0.275642	0.27728	0.275925	0.281526	0.273069	0.27724	0.280902	0.269509	0.280208	0.275738	0.279334	0.282621	0.283438	0.27722	0.284165	0.281343	0.282009	0.275501	0.280819	0.278594	0.274048	0.283177	0.277305	0.278444	0.278445	0.282161	0.278915	0.27696	0.285081	0.276729	0.275222	0.273959	0.283749	0.274631	0.277547	0.281681	0.280695	0.275335	0.276246	0.266123	0.278994	0.275915
0.242371	0.245673	0.239969	0.245816	0.244026	0.239216	0.24249	0.249623	0.240751	0.240682	0.238224	0.245838	0.248283	0.24862	0	0.243218	0.237012	0.244184	0.245339	0.243665	0.279824	0.282625	0.278702	0.280747	0.278829	0.275983	0.277756	0.276589	0.276567	0.274884	0.278823	0.281262	0.272799	0.276967	0.276433	0.277796	0.277645	0.274962	0.279482	0.275732	0.277487	0.276949	0.274611	0.275718	0.277262	0.275535	0.273476	0.276638	0.272596	0.276489	0.280321	0.273749	0.266748	0.276242	0.27256	0.277712	0.271587	0.27805	0.276895	0.277539	0.273842	0.274824	0.271492	0.271974	0.272141	0.278008	0.275988	0.275835	0.2749	0.272193	0.275114	0.277049	0.27496	0.281868	0.280378	0.274519	0.271641	0.278691	0.273876	0.275377	0.268662	0.276826	0.270905	0.276782	0.285584	0.276522	0.274493	0.275133	0.268652	0.274563	0.275588	0.282473	0.290633	0.280731	0.282827	0.272873	0.276467	0.27211	0.275379	0.27254	0.277661	0.273521	0.274676	0.277369	0.27733	0.273196	0.27897	0.27445	0.272172	0.273694	0.279352	0.274558	0.278337	0.283381	0.280779	0.277039	0.274483	0.270592	0.283652	0.281803	0.279356	0.277536	0.270712	0.274663	0.273015	0.274572	0.269796	0.273861	0.27454	0.272645	0.276184	0.276828	0.274512	0.279182	0.27769	0.280955	0.276118	0.276448	0.279982	0.275213	0.280588	0.2763	0.281066	0.27504	0.280013	0.28053	0.283202	0.282281	0.278185	0.281342	0.274213	0.283004	0.284412	0.28643	0.280688	0.281805	0.283657	0.277237	0.285208	0.280789	0.28125	0.27876	0.278901	0.279007	0.277938	0.278281	0.281438	0.280038	0.276423	0.272943	0.278789	0.266049	0.276156	0.277256
0.246156	0.24775	0.241878	0.245364	0.246737	0.243904	0.246724	0.242794	0.247469	0.247704	0.243751	0.244203	0.24949	0.246019	0.243218	0	0.244623	0.24443	0.246516	0.242162	0.281084	0.281906	0.279853	0.283829	0.283404	0.282075	0.284049	0.275082	0.274887	0.275373	0.278746	0.280369	0.278476	0.281579	0.281573	0.291749	0.278651	0.277897	0.278537	0.275236	0.279099	0.273541	0.276837	0.274229	0.276801	0.271519	0.273988	0.278781	0.274379	0.272309	0.283966	0.279858	0.270189	0.272224	0.267899	0.277773	0.275474	0.278049	0.281	0.278028	0.276149	0.277839	0.271384	0.275896	0.2746	0.283813	0.275616	0.273358	0.279425	0.27483	0.278997	0.273651	0.278247	0.283425	0.278014	0.276129	0.27574	0.275205	0.27809	0.276489	0.272422	0.279925	0.273011	0.274158	0.277705	0.282366	0.27407	0.274381	0.275517	0.280691	0.276741	0.281452	0.29408	0.286555	0.291474	0.272516	0.275866	0.276885	0.272952	0.272965	0.284483	0.278573	0.275516	0.27461	0.278529	0.278398	0.278458	0.274109	0.273859	0.277735	0.276647	0.278457	0.274218	0.285055	0.281465	0.279481	0.279878	0.273818	0.284102	0.278369	0.276176	0.276457	0.280392	0.278975	0.276312	0.27366	0.270776	0.275132	0.273942	0.266173	0.275142	0.278151	0.281017	0.275223	0.278293	0.275705	0.279976	0.277507	0.276438	0.273274	0.279188	0.271539	0.277757	0.282263	0.28241	0.282858	0.285836	0.280021	0.281253	0.282042	0.280425	0.28199	0.280212	0.282192	0.281853	0.282718	0.281074	0.27837	0.282945	0.271404	0.281848	0.280043	0.277344	0.278335	0.282275	0.275829	0.282179	0.282891	0.280895	0.274626	0.275055	0.269529	0.281376	0.281031
0.242195	0.246188	0.24836	0.24724	0.241914	0.243719	0.239623	0.247252	0.246939	0.243578	0.246226	0.243227	0.249207	0.250452	0.237012	0.244623	0	0.242231	0.246357	0.243718	0.282238	0.28526	0.282046	0.277484	0.281715	0.282881	0.280907	0.277797	0.280921	0.275614	0.276373	0.279184	0.277536	0.279016	0.276898	0.283323	0.277658	0.275881	0.275703	0.278033	0.277309	0.274209	0.275709	0.277897	0.276778	0.269936	0.277428	0.280621	0.275795	0.274403	0.278651	0.276057	0.263158	0.267955	0.271306	0.278404	0.275307	0.276835	0.279244	0.278646	0.278315	0.276902	0.278157	0.278275	0.275364	0.279716	0.274755	0.271166	0.275671	0.269336	0.275078	0.274835	0.276387	0.2831	0.277153	0.272716	0.269486	0.274841	0.272686	0.278964	0.26913	0.27575	0.273676	0.27585	0.285237	0.279412	0.27261	0.274248	0.276299	0.275591	0.276545	0.280306	0.29425	0.283171	0.288626	0.273974	0.275559	0.269589	0.27293	0.273795	0.280149	0.273228	0.273636	0.269395	0.273439	0.278037	0.278954	0.275063	0.275381	0.275265	0.272727	0.274519	0.269713	0.283309	0.28163	0.273013	0.275484	0.27884	0.285496	0.274888	0.281622	0.276375	0.277978	0.282701	0.278602	0.277106	0.271471	0.273223	0.275359	0.27133	0.272149	0.282255	0.279642	0.279039	0.27979	0.278722	0.282439	0.279715	0.281281	0.276987	0.28298	0.274119	0.281698	0.281358	0.285614	0.282039	0.283998	0.280302	0.283476	0.28204	0.285033	0.282496	0.279963	0.290147	0.282213	0.284386	0.281593	0.276747	0.284309	0.281972	0.284083	0.282467	0.280667	0.283051	0.284948	0.283195	0.282528	0.283623	0.283001	0.279013	0.27895	0.274348	0.280723	0.27623
0.24395	0.248989	0.244462	0.24227	0.240862	0.248169	0.245019	0.248097	0.241946	0.24288	0.245423	0.24587	0.251619	0.247855	0.244184	0.24443	0.242231	0	0.239985	0.244343	0.281057	0.288834	0.283299	0.282071	0.283517	0.278373	0.284914	0.275923	0.283092	0.284868	0.284424	0.28472	0.2761	0.279778	0.279695	0.283375	0.273452	0.27619	0.27277	0.274162	0.273203	0.271652	0.272787	0.275284	0.275967	0.274645	0.279878	0.275158	0.27554	0.276203	0.277224	0.278198	0.266265	0.268531	0.270778	0.278927	0.27511	0.281447	0.283462	0.276596	0.280391	0.281973	0.272547	0.276648	0.276481	0.279674	0.275372	0.275343	0.276795	0.272965	0.274842	0.274971	0.274696	0.288339	0.276025	0.27075	0.267888	0.274853	0.273428	0.277116	0.267486	0.283389	0.276521	0.27773	0.283699	0.279718	0.272533	0.273987	0.274768	0.276457	0.278279	0.282625	0.294786	0.283476	0.289613	0.275953	0.279357	0.274063	0.280038	0.27548	0.285178	0.281899	0.268512	0.275781	0.27649	0.279512	0.277833	0.274154	0.277419	0.274159	0.27887	0.27559	0.272774	0.278646	0.282771	0.278671	0.27911	0.276074	0.283955	0.277116	0.281177	0.282506	0.277351	0.287015	0.281059	0.281607	0.276146	0.273138	0.280847	0.270189	0.270022	0.281031	0.278871	0.277952	0.280071	0.282355	0.281995	0.28474	0.282177	0.278088	0.28217	0.28238	0.28085	0.283821	0.283391	0.281908	0.285037	0.286229	0.281457	0.280999	0.286109	0.281233	0.283736	0.288056	0.281201	0.284492	0.284369	0.280933	0.286064	0.281789	0.285463	0.285151	0.272212	0.28468	0.284753	0.287039	0.284844	0.277014	0.280978	0.278787	0.281446	0.269442	0.285567	0.276687
0.239759	0.251828	0.250328	0.244471	0.245331	0.2508	0.243033	0.248128	0.247803	0.248793	0.247127	0.245542	0.251058	0.24683	0.245339	0.246516	0.246357	0.239985	0	0.242514	0.283926	0.288365	0.280129	0.285053	0.286091	0.282561	0.28261	0.275646	0.281227	0.281165	0.283775	0.28371	0.277773	0.27945	0.280165	0.283089	0.284645	0.273835	0.275497	0.281489	0.279267	0.275599	0.277308	0.275873	0.27653	0.273189	0.277163	0.277996	0.274547	0.279879	0.280505	0.277632	0.268827	0.26778	0.273016	0.277068	0.274955	0.282364	0.282342	0.276819	0.277231	0.279766	0.274755	0.276958	0.275517	0.281071	0.281127	0.278459	0.275821	0.270921	0.27764	0.275525	0.277265	0.285063	0.279593	0.271801	0.271337	0.274111	0.275342	0.274667	0.271693	0.281466	0.271619	0.282947	0.28372	0.275723	0.268605	0.272432	0.281057	0.281312	0.275929	0.284703	0.29522	0.281696	0.289948	0.274975	0.280803	0.272372	0.276176	0.276344	0.281749	0.279901	0.276518	0.274122	0.279955	0.279241	0.284291	0.279335	0.280837	0.27575	0.279973	0.277366	0.277726	0.283504	0.279932	0.278582	0.277281	0.276289	0.282051	0.278696	0.278937	0.282032	0.276371	0.284924	0.277312	0.277264	0.271182	0.27534	0.281497	0.27243	0.280857	0.278045	0.280041	0.279407	0.279448	0.281274	0.27907	0.283506	0.284045	0.282982	0.276034	0.275672	0.281902	0.281771	0.286721	0.284487	0.28401	0.282131	0.283584	0.282531	0.287569	0.282887	0.284889	0.292054	0.282319	0.286155	0.284777	0.282115	0.28739	0.281091	0.281005	0.281898	0.279395	0.282819	0.285235	0.282722	0.281053	0.279268	0.280865	0.281829	0.27913	0.273329	0.285367	0.275122
0.248105	0.250882	0.245529	0.237304	0.246063	0.24516	0.252709	0.248794	0.248565	0.242917	0.248383	0.249085	0.247528	0.246373	0.243665	0.242162	0.243718	0.244343	0.242514	0	0.278716	0.280391	0.282129	0.277684	0.281432	0.276068	0.284108	0.277225	0.273981	0.275891	0.279966	0.278407	0.276963	0.275535	0.273521	0.284438	0.273273	0.276575	0.27551	0.276041	0.276335	0.272092	0.276026	0.274988	0.271586	0.272773	0.273231	0.274279	0.273709	0.275803	0.279967	0.277025	0.270107	0.269167	0.27429	0.275868	0.276751	0.273929	0.282327	0.275845	0.278271	0.280996	0.269455	0.277838	0.277238	0.277617	0.27831	0.272052	0.277815	0.271273	0.273091	0.274794	0.27526	0.280166	0.281144	0.273374	0.275366	0.274831	0.269606	0.275594	0.272397	0.27767	0.27486	0.276842	0.279297	0.277127	0.267429	0.276669	0.272723	0.277788	0.276544	0.277283	0.290216	0.280347	0.284994	0.2745	0.27485	0.272666	0.277537	0.274207	0.280328	0.277538	0.272401	0.272651	0.274137	0.275266	0.277712	0.271125	0.275843	0.276318	0.272059	0.271077	0.271667	0.286671	0.277751	0.276457	0.276538	0.271771	0.281664	0.27591	0.277903	0.273297	0.278685	0.280218	0.27423	0.274621	0.271112	0.271811	0.277248	0.267693	0.275601	0.277964	0.278012	0.277409	0.277998	0.281165	0.277432	0.276288	0.279914	0.276872	0.282632	0.282681	0.280617	0.2807	0.287806	0.280123	0.285247	0.284138	0.282315	0.284279	0.284686	0.282633	0.282453	0.287389	0.281664	0.287363	0.2821	0.283091	0.28567	0.280468	0.277923	0.27919	0.278021	0.280236	0.28314	0.279061	0.282741	0.278451	0.281075	0.280041	0.276752	0.270228	0.279835	0.277721
0.279779	0.279137	0.277163	0.28219	0.285436	0.281546	0.281669	0.283063	0.278585	0.279654	0.279105	0.281799	0.278311	0.277545	0.279824	0.281084	0.282238	0.281057	0.283926	0.278716	0	0.265604	0.262905	0.261663	0.258156	0.262793	0.257254	0.146744	0.262795	0.266875	0.26371	0.267304	0.263393	0.268065	0.26684	0.278956	0.263596	0.2737	0.276017	0.277764	0.278903	0.272576	0.274841	0.277339	0.27166	0.276789	0.278893	0.277477	0.270446	0.274895	0.280871	0.275071	0.269881	0.27544	0.268889	0.278415	0.27386	0.28222	0.28487	0.277944	0.278103	0.280518	0.274003	0.27775	0.27132	0.284882	0.277574	0.278057	0.274053	0.27504	0.279179	0.278543	0.276563	0.287732	0.272956	0.277703	0.278912	0.277171	0.271919	0.279584	0.272674	0.279574	0.279773	0.278225	0.28475	0.276666	0.275297	0.276553	0.27657	0.281974	0.280262	0.281319	0.288948	0.283978	0.289143	0.279469	0.280137	0.27935	0.279443	0.274527	0.279457	0.278376	0.276399	0.275289	0.278746	0.27807	0.279087	0.277075	0.281307	0.273418	0.276062	0.277108	0.271159	0.285777	0.278752	0.281684	0.276703	0.273984	0.28379	0.282735	0.274119	0.278795	0.274181	0.277568	0.275006	0.271046	0.272807	0.275226	0.272329	0.26087	0.275363	0.277281	0.273795	0.276891	0.281006	0.274983	0.274648	0.280726	0.272735	0.274407	0.278491	0.274242	0.280861	0.278927	0.284001	0.279874	0.28706	0.282055	0.280534	0.282627	0.278667	0.281969	0.280527	0.285418	0.280539	0.283849	0.283525	0.27582	0.286731	0.27592	0.283261	0.276496	0.277022	0.277716	0.278268	0.277117	0.280321	0.279912	0.278153	0.277064	0.275395	0.26136	0.27626	0.275894
0.281398	0.284822	0.279883	0.284543	0.278898	0.285566	0.28018	0.284084	0.283954	0.284306	0.284226	0.284083	0.284214	0.280437	0.282625	0.281906	0.28526	0.288834	0.288365	0.280391	0.265604	0	0.261496	0.261268	0.258286	0.258235	0.260848	0.264334	0.265354	0.267691	0.266577	0.266973	0.27137	0.264873	0.268358	0.268663	0.266292	0.272972	0.2768	0.280611	0.277666	0.275165	0.280225	0.280466	0.28101	0.277855	0.278088	0.285283	0.276667	0.275841	0.281847	0.277524	0.274953	0.275711	0.273968	0.279064	0.279282	0.278403	0.283719	0.27694	0.283928	0.27791	0.276332	0.277068	0.277819	0.28665	0.279173	0.27659	0.279889	0.27621	0.282207	0.283575	0.278933	0.286156	0.278735	0.283151	0.282708	0.275752	0.279239	0.280684	0.276027	0.283407	0.27793	0.279926	0.286581	0.281086	0.27829	0.281743	0.276561	0.285147	0.282219	0.283338	0.292371	0.282336	0.286051	0.27574	0.285644	0.279981	0.277157	0.284491	0.28497	0.28329	0.278429	0.285282	0.27774	0.280702	0.283206	0.276854	0.281322	0.278573	0.281478	0.284586	0.28025	0.288787	0.279306	0.27697	0.2815	0.280671	0.284598	0.279844	0.279259	0.279023	0.273865	0.283058	0.275508	0.271132	0.278986	0.278843	0.286147	0.26701	0.27408	0.278107	0.278072	0.279742	0.279548	0.279801	0.280318	0.281172	0.278765	0.275048	0.279554	0.278222	0.282288	0.283386	0.280463	0.282332	0.280342	0.279832	0.280348	0.279326	0.279787	0.278782	0.280594	0.286227	0.281048	0.282973	0.281989	0.278947	0.285497	0.277042	0.282704	0.278805	0.281404	0.278294	0.277608	0.284177	0.279522	0.275612	0.279408	0.275072	0.272166	0.263066	0.274714	0.27549
0.278505	0.278545	0.284945	0.27496	0.276291	0.281832	0.279041	0.283104	0.278974	0.276849	0.276466	0.279883	0.283381	0.277225	0.278702	0.279853	0.282046	0.283299	0.280129	0.282129	0.262905	0.261496	0	0.257235	0.260694	0.256395	0.258412	0.26152	0.261101	0.263346	0.26567	0.267952	0.264627	0.268875	0.265007	0.272997	0.263554	0.270904	0.272768	0.27366	0.273402	0.274965	0.270134	0.273142	0.271273	0.273696	0.282391	0.27932	0.279079	0.27323	0.271879	0.277357	0.267922	0.268686	0.276126	0.27508	0.278392	0.278938	0.285426	0.280198	0.277406	0.276474	0.274744	0.276783	0.276882	0.282218	0.279874	0.278831	0.273257	0.277696	0.275825	0.277015	0.271761	0.278953	0.281673	0.277068	0.275803	0.276167	0.272707	0.275946	0.268913	0.281192	0.278985	0.277574	0.283644	0.27895	0.271861	0.273515	0.275587	0.282629	0.274443	0.277559	0.292866	0.281747	0.284564	0.280246	0.278821	0.277139	0.277361	0.275217	0.278662	0.271958	0.280711	0.273464	0.279547	0.278294	0.279378	0.277595	0.281212	0.274191	0.282928	0.276015	0.277548	0.280728	0.280598	0.270861	0.282765	0.278254	0.288315	0.278203	0.275026	0.275106	0.274468	0.279021	0.272971	0.267946	0.271108	0.271201	0.27458	0.265974	0.269693	0.276924	0.277639	0.277303	0.275432	0.277979	0.272556	0.275533	0.272612	0.275419	0.275895	0.2732	0.278572	0.275737	0.284615	0.274619	0.28773	0.276499	0.281241	0.276232	0.279119	0.279347	0.275752	0.278514	0.279747	0.279202	0.275352	0.272377	0.281257	0.279406	0.27769	0.276088	0.276676	0.272989	0.276202	0.279216	0.273094	0.276586	0.275253	0.270752	0.274052	0.265945	0.271202	0.268467
0.282523	0.278896	0.276294	0.280158	0.282914	0.281473	0.283374	0.2791	0.276556	0.280893	0.280853	0.279806	0.280602	0.27847	0.280747	0.283829	0.277484	0.282071	0.285053	0.277684	0.261663	0.261268	0.257235	0	0.254772	0.256476	0.255719	0.261185	0.261305	0.266346	0.262363	0.263445	0.263989	0.268641	0.261873	0.266958	0.259488	0.277983	0.273404	0.275248	0.272508	0.271262	0.27955	0.275343	0.270212	0.272692	0.27423	0.277163	0.272847	0.271591	0.27118	0.271208	0.271268	0.272923	0.267859	0.272727	0.276201	0.273868	0.28843	0.274707	0.278632	0.278396	0.275096	0.276176	0.272978	0.284898	0.277829	0.273534	0.273208	0.271996	0.277242	0.280199	0.275931	0.281573	0.275429	0.276591	0.277336	0.27422	0.273977	0.274286	0.269016	0.279315	0.274024	0.274974	0.277711	0.278734	0.27254	0.271952	0.276972	0.273635	0.277748	0.278995	0.289735	0.281916	0.282961	0.281795	0.277354	0.275239	0.273962	0.276645	0.279497	0.276461	0.275393	0.272798	0.275278	0.280205	0.28033	0.275238	0.274618	0.278585	0.275728	0.276849	0.27186	0.28544	0.280426	0.274582	0.277255	0.275399	0.281063	0.280661	0.274143	0.273071	0.271868	0.277145	0.277952	0.272723	0.272067	0.271191	0.275008	0.261428	0.266308	0.271684	0.270427	0.275948	0.2746	0.283662	0.276671	0.27444	0.274463	0.27121	0.277026	0.273573	0.277275	0.280431	0.276507	0.278711	0.281436	0.279898	0.278273	0.280237	0.279688	0.28227	0.278229	0.285204	0.277827	0.279639	0.27787	0.274647	0.284862	0.278431	0.276396	0.275347	0.274962	0.271056	0.277428	0.277484	0.278065	0.27162	0.27492	0.27183	0.275155	0.259631	0.275281	0.270546
0.279948	0.279948	0.275957	0.279447	0.282647	0.281022	0.280463	0.279556	0.277558	0.275092	0.279955	0.281301	0.280377	0.280541	0.278829	0.283404	0.281715	0.283517	0.286091	0.281432	0.258156	0.258286	0.260694	0.254772	0	0.256402	0.25964	0.258378	0.25363	0.259115	0.260231	0.26363	0.261818	0.262707	0.260331	0.272831	0.266898	0.276351	0.276586	0.27902	0.275904	0.273382	0.278706	0.273416	0.279519	0.274898	0.281899	0.280235	0.278918	0.278537	0.277509	0.275777	0.270069	0.278521	0.274064	0.277167	0.272287	0.280515	0.283591	0.277997	0.276223	0.276722	0.27533	0.273304	0.276018	0.286134	0.273113	0.276596	0.271204	0.271522	0.274077	0.275843	0.272347	0.274924	0.275476	0.276621	0.278806	0.277448	0.277531	0.275235	0.273224	0.278857	0.27229	0.277841	0.278006	0.274163	0.274645	0.27873	0.27459	0.282081	0.273469	0.282481	0.287298	0.276684	0.285541	0.27472	0.275986	0.27415	0.275155	0.279593	0.27374	0.276155	0.274028	0.27378	0.276518	0.27832	0.279574	0.273434	0.276416	0.276128	0.280864	0.275543	0.274374	0.283854	0.28118	0.275889	0.284294	0.281328	0.288706	0.281982	0.273086	0.273203	0.269507	0.278171	0.271874	0.272884	0.268801	0.272398	0.272796	0.262839	0.270676	0.272631	0.276788	0.271269	0.274194	0.275887	0.2767	0.271477	0.275265	0.270648	0.280017	0.273811	0.275301	0.279135	0.278742	0.283278	0.284377	0.279187	0.279699	0.281467	0.279564	0.281338	0.275582	0.288634	0.2786	0.281138	0.275053	0.275047	0.280173	0.280201	0.277773	0.275985	0.275036	0.274806	0.278733	0.276211	0.279036	0.274603	0.282653	0.273048	0.276441	0.261571	0.279479	0.271221
