0.0541481 9.9982E-05 0.0704417 0.87521 9.9982E-05
9.9973E-05 9.9973E-05 9.9973E-05 0.980238 0.0194622
9.9982E-05 0.00824514 0.438094 0.553461 9.9982E-05
9.99731E-05 9.99731E-05 9.99731E-05 0.855169 0.144531
0.298724 9.9973E-05 0.700976 9.9973E-05 9.9973E-05
9.997E-05 9.997E-05 9.997E-05 0.075939 0.923761
0.0567819 9.999E-05 0.837556 0.0816325 0.0239301
9.9982E-05 0.579709 0.029893 0.390198 9.9982E-05
0.258121 9.99731E-05 9.99731E-05 9.99731E-05 0.741579
0.161888 9.99731E-05 0.837812 9.99731E-05 9.99731E-05
0.0540406 9.99731E-05 0.945659 9.99731E-05 9.99731E-05
0.00664627 0.993054 9.9973E-05 9.9973E-05 9.9973E-05
0.378835 9.9982E-05 0.51458 9.9982E-05 0.106385
9.99821E-05 9.99821E-05 0.718077 0.278368 0.00335526
0.543184 9.9973E-05 0.456516 9.9973E-05 9.9973E-05
0.822038 9.99821E-05 0.0485958 9.99821E-05 0.129166
9.997E-05 0.9996 9.997E-05 9.997E-05 9.997E-05
0.421296 9.9982E-05 0.318848 9.9982E-05 0.259656
9.9973E-05 9.9973E-05 9.9973E-05 0.015528 0.984172
0.944638 9.99821E-05 9.99821E-05 0.0294488 0.0257135
0.773076 0.0800347 9.9982E-05 9.9982E-05 0.146689
0.341317 0.307785 9.9982E-05 9.9982E-05 0.350698
0.903293 9.9982E-05 0.0102738 9.9982E-05 0.0862334
0.0835608 9.9991E-05 0.160775 0.665893 0.0896708
9.9982E-05 9.9982E-05 0.729403 0.219081 0.0513154
0.680735 9.9973E-05 0.318965 9.9973E-05 9.9973E-05
9.99731E-05 9.99731E-05 0.0904527 0.909247 9.99731E-05
0.217368 0.175251 0.184823 9.9991E-05 0.422458
9.99732E-05 0.00903237 9.99732E-05 0.990668 9.99732E-05
9.99731E-05 0.594401 9.99731E-05 9.99731E-05 0.405299
9.9973E-05 0.0216352 0.978065 9.9973E-05 9.9973E-05
9.997E-05 9.997E-05 0.9996 9.997E-05 9.997E-05
0.0372396 9.9982E-05 0.939894 0.0226669 9.9982E-05
9.9973E-05 9.9973E-05 0.0787572 9.9973E-05 0.920943
9.9982E-05 0.60198 0.00815883 0.389661 9.9982E-05
0.714781 9.9973E-05 9.9973E-05 9.9973E-05 0.284919
0.19596 0.115514 9.9991E-05 0.0300075 0.658419
9.9982E-05 9.9982E-05 0.0209271 0.0654556 0.913417
9.99821E-05 0.0710772 0.76586 9.99821E-05 0.162862
0.0195404 0.213456 0.0278474 9.9991E-05 0.739056
9.9973E-05 0.389154 9.9973E-05 9.9973E-05 0.610546
9.997E-05 0.9996 9.997E-05 9.997E-05 9.997E-05
0.965087 9.997E-05 9.997E-05 0.0346136 9.997E-05
9.9973E-05 9.9973E-05 0.831932 0.167768 9.9973E-05
0.752723 9.997E-05 0.246977 9.997E-05 9.997E-05
9.997E-05 0.38169 9.997E-05 0.61801 9.997E-05
0.612247 9.9982E-05 9.9982E-05 0.0125001 0.375053
0.118397 9.99731E-05 9.99731E-05 9.99731E-05 0.881303
0.688258 0.0975454 0.213997 9.99821E-05 9.99821E-05
0.579908 0.0282183 9.9982E-05 9.9982E-05 0.391674
