9.9847E-05 9.9847E-05 9.9847E-05 9.9847E-05 9.9847E-05 9.9847E-05 9.9847E-05 9.9847E-05 9.9847E-05 9.9847E-05 0.998303 9.9847E-05 9.9847E-05 9.9847E-05 9.9847E-05 9.9847E-05 9.9847E-05 9.9847E-05
9.9874E-05 9.9874E-05 0.03979 9.9874E-05 0.00711153 9.9874E-05 0.0172683 0.934432 9.9874E-05 9.9874E-05 9.9874E-05 9.9874E-05 9.9874E-05 9.9874E-05 9.9874E-05 9.9874E-05 9.9874E-05 9.9874E-05
9.991E-05 0.0264613 9.991E-05 9.991E-05 9.991E-05 9.991E-05 0.0370128 9.991E-05 9.991E-05 0.784352 0.0130962 0.0363442 9.991E-05 0.0420234 0.0383942 0.021317 9.991E-05 9.991E-05
0.0573704 0.0810445 9.991E-05 9.991E-05 9.991E-05 9.991E-05 0.0181944 0.0214677 9.991E-05 0.763077 9.991E-05 0.0302993 9.991E-05 9.991E-05 0.00804056 9.991E-05 0.0195074 9.991E-05
9.9928E-05 0.0349934 0.0140177 9.9928E-05 9.9928E-05 0.00782776 9.9928E-05 0.0565209 0.00428794 0.728937 0.0172079 9.9928E-05 9.9928E-05 0.0116605 0.112941 9.9928E-05 0.0108074 9.9928E-05
9.9892E-05 0.0559554 9.9892E-05 9.9892E-05 0.000187167 0.0134698 9.9892E-05 0.0942958 9.9892E-05 0.803139 9.9892E-05 9.9892E-05 9.9892E-05 0.0317544 9.9892E-05 9.9892E-05 9.9892E-05 9.9892E-05
9.9847E-05 9.9847E-05 9.9847E-05 9.9847E-05 9.9847E-05 9.9847E-05 9.9847E-05 9.9847E-05 9.9847E-05 9.9847E-05 0.998303 9.9847E-05 9.9847E-05 9.9847E-05 9.9847E-05 9.9847E-05 9.9847E-05 9.9847E-05
9.98651E-05 9.98651E-05 9.98651E-05 9.98651E-05 9.98651E-05 0.00234743 9.98651E-05 0.966891 9.98651E-05 9.98651E-05 0.0292641 9.98651E-05 9.98651E-05 9.98651E-05 9.98651E-05 9.98651E-05 9.98651E-05 9.98651E-05
9.9892E-05 0.041066 9.9892E-05 9.9892E-05 9.9892E-05 9.9892E-05 0.0145725 9.9892E-05 9.9892E-05 0.788492 0.0241625 9.9892E-05 9.9892E-05 0.111252 0.0192561 9.9892E-05 9.9892E-05 9.9892E-05
0.106667 9.9883E-05 9.9883E-05 9.9883E-05 9.9883E-05 9.9883E-05 9.9883E-05 0.0173651 0.0204008 0.810646 9.9883E-05 0.043622 9.9883E-05 9.9883E-05 9.9883E-05 9.9883E-05 9.9883E-05 9.9883E-05
9.9874E-05 0.00241249 9.9874E-05 9.9874E-05 9.9874E-05 9.9874E-05 9.9874E-05 0.95653 9.9874E-05 9.9874E-05 9.9874E-05 9.9874E-05 9.9874E-05 9.9874E-05 9.9874E-05 0.00938745 9.9874E-05 0.0302721
9.9874E-05 0.0200148 9.9874E-05 9.9874E-05 9.9874E-05 9.9874E-05 9.9874E-05 0.95645 0.010721 9.9874E-05 9.9874E-05 0.0114163 9.9874E-05 9.9874E-05 9.9874E-05 9.9874E-05 9.9874E-05 9.9874E-05
0.029504 0.0500113 9.99011E-05 9.99011E-05 0.0371232 9.99011E-05 9.99011E-05 9.99011E-05 0.0296115 0.744871 0.0310794 9.99011E-05 9.99011E-05 9.99011E-05 0.0767005 9.99011E-05 9.99011E-05 9.99011E-05
9.9919E-05 0.00633471 9.9919E-05 9.9919E-05 0.0237259 9.9919E-05 0.00209049 9.9919E-05 0.00363055 0.653453 0.0196012 9.9919E-05 0.115893 0.13478 9.9919E-05 0.0395921 9.9919E-05 9.9919E-05
0.0175022 9.991E-05 9.991E-05 9.991E-05 9.991E-05 9.991E-05 0.0245817 9.991E-05 9.991E-05 0.8215 0.0173574 0.0750305 0.00786321 0.0193216 9.991E-05 9.991E-05 9.991E-05 0.0158443
9.98561E-05 9.98561E-05 9.98561E-05 9.98561E-05 9.98561E-05 9.98561E-05 9.98561E-05 0.988172 9.98561E-05 0.0102304 9.98561E-05 9.98561E-05 9.98561E-05 9.98561E-05 9.98561E-05 9.98561E-05 9.98561E-05 9.98561E-05
9.98831E-05 9.98831E-05 9.98831E-05 0.00107108 9.98831E-05 0.00595792 9.98831E-05 9.98831E-05 9.98831E-05 0.954871 0.029884 0.00691797 9.98831E-05 9.98831E-05 9.98831E-05 9.98831E-05 9.98831E-05 9.98831E-05
9.98651E-05 9.98651E-05 9.98651E-05 0.0485838 9.98651E-05 9.98651E-05 9.98651E-05 9.98651E-05 9.98651E-05 0.93917 0.0107481 9.98651E-05 9.98651E-05 9.98651E-05 9.98651E-05 9.98651E-05 9.98651E-05 9.98651E-05
9.98831E-05 9.98831E-05 0.0276001 0.038303 9.98831E-05 9.98831E-05 9.98831E-05 0.0479189 9.98831E-05 0.818475 0.0664043 9.98831E-05 9.98831E-05 9.98831E-05 9.98831E-05 9.98831E-05 9.98831E-05 9.98831E-05
9.9856E-05 9.9856E-05 9.9856E-05 9.9856E-05 9.9856E-05 9.9856E-05 9.9856E-05 9.9856E-05 9.9856E-05 0.942466 9.9856E-05 0.0559363 9.9856E-05 9.9856E-05 9.9856E-05 9.9856E-05 9.9856E-05 9.9856E-05
9.9847E-05 9.9847E-05 9.9847E-05 9.9847E-05 9.9847E-05 9.9847E-05 9.9847E-05 9.9847E-05 9.9847E-05 9.9847E-05 9.9847E-05 9.9847E-05 9.9847E-05 9.9847E-05 9.9847E-05 0.998303 9.9847E-05 9.9847E-05
0.0620355 0.107091 9.9892E-05 9.9892E-05 9.9892E-05 9.9892E-05 0.00876655 9.9892E-05 0.782527 9.9892E-05 9.9892E-05 9.9892E-05 0.0377067 9.9892E-05 9.9892E-05 0.000674609 9.9892E-05 9.9892E-05
9.9883E-05 0.0602392 0.0366997 9.9883E-05 9.9883E-05 9.9883E-05 9.9883E-05 0.0356233 0.85755 9.9883E-05 0.00858963 9.9883E-05 9.9883E-05 9.9883E-05 9.9883E-05 9.9883E-05 9.9883E-05 9.9883E-05
9.9865E-05 9.9865E-05 9.9865E-05 9.9865E-05 9.9865E-05 0.0114795 9.9865E-05 9.9865E-05 0.979626 9.9865E-05 9.9865E-05 9.9865E-05 9.9865E-05 9.9865E-05 9.9865E-05 9.9865E-05 0.00739688 9.9865E-05
9.98588E-05 9.98588E-05 9.98588E-05 9.98588E-05 9.98588E-05 9.98588E-05 9.98588E-05 9.98588E-05 0.956313 9.98588E-05 9.98588E-05 0.0420893 9.98588E-05 9.98588E-05 9.98588E-05 9.98588E-05 9.98588E-05 9.98588E-05
9.9874E-05 9.9874E-05 9.9874E-05 9.9874E-05 9.9874E-05 0.016415 0.00395921 9.9874E-05 0.947264 9.9874E-05 9.9874E-05 0.0309635 9.9874E-05 9.9874E-05 9.9874E-05 9.9874E-05 9.9874E-05 9.9874E-05
9.9883E-05 0.0232005 9.9883E-05 9.9883E-05 9.9883E-05 9.9883E-05 0.0078484 9.9883E-05 0.920122 9.9883E-05 9.9883E-05 9.9883E-05 9.9883E-05 9.9883E-05 0.0456531 0.00187781 9.9883E-05 9.9883E-05
9.9856E-05 9.9856E-05 9.9856E-05 9.9856E-05 9.9856E-05 9.9856E-05 9.9856E-05 9.9856E-05 9.9856E-05 9.9856E-05 9.9856E-05 0.00744148 9.9856E-05 9.9856E-05 9.9856E-05 0.990961 9.9856E-05 9.9856E-05
9.9883E-05 9.9883E-05 9.9883E-05 9.9883E-05 9.9883E-05 9.9883E-05 9.9883E-05 0.0245225 0.0711294 9.9883E-05 9.9883E-05 0.872117 9.9883E-05 9.9883E-05 9.9883E-05 0.0293353 0.00159765 9.9883E-05
9.9865E-05 0.0242511 9.9865E-05 9.9865E-05 0.0261636 9.9865E-05 9.9865E-05 9.9865E-05 9.9865E-05 9.9865E-05 9.9865E-05 0.948087 9.9865E-05 9.9865E-05 9.9865E-05 9.9865E-05 9.9865E-05 9.9865E-05
9.9856E-05 9.9856E-05 9.9856E-05 9.9856E-05 9.9856E-05 9.9856E-05 9.9856E-05 9.9856E-05 9.9856E-05 9.9856E-05 9.9856E-05 0.996623 9.9856E-05 9.9856E-05 9.9856E-05 0.00177952 9.9856E-05 9.9856E-05
9.98921E-05 9.98921E-05 0.0744126 0.0649353 9.98921E-05 0.0201455 9.98921E-05 9.98921E-05 0.186469 9.98921E-05 9.98921E-05 0.626516 9.98921E-05 9.98921E-05 9.98921E-05 0.0263226 9.98921E-05 9.98921E-05
0.0407872 9.991E-05 9.991E-05 0.0304108 0.0139822 9.991E-05 9.991E-05 9.991E-05 0.0956417 9.991E-05 0.0150221 0.676228 9.991E-05 9.991E-05 0.0646486 0.0622806 9.991E-05 9.991E-05
9.9883E-05 9.9883E-05 9.9883E-05 9.9883E-05 0.0505607 9.9883E-05 0.006581 9.9883E-05 9.9883E-05 9.9883E-05 0.0102311 0.903543 9.9883E-05 9.9883E-05 9.9883E-05 0.0277855 9.9883E-05 9.9883E-05
9.9928E-05 9.9928E-05 9.9928E-05 9.9928E-05 0.012197 9.9928E-05 0.00221732 9.9928E-05 0.0578962 0.00442272 0.0103817 0.765267 0.00733188 9.9928E-05 0.00217987 9.9928E-05 0.0538635 0.0834429
0.086179 9.99369E-05 9.99369E-05 9.99369E-05 9.99369E-05 0.0208546 0.066839 0.0111457 0.155381 0.0503605 0.00538364 0.455764 0.104324 0.0327315 9.99369E-05 0.0103376 9.99369E-05 9.99369E-05
9.9892E-05 9.9892E-05 0.0498481 0.0604661 9.9892E-05 9.9892E-05 0.0185278 9.9892E-05 0.0331041 0.00382977 9.9892E-05 0.833025 9.9892E-05 9.9892E-05 9.9892E-05 9.9892E-05 9.9892E-05 9.9892E-05
0.0805029 0.0674249 0.174398 0.611831 0.00123353 9.9919E-05 0.00743079 9.9919E-05 9.9919E-05 0.00387211 9.9919E-05 9.9919E-05 9.9919E-05 9.9919E-05 9.9919E-05 0.029031 9.9919E-05 0.0233765
0.0272955 9.99099E-05 0.0390439 0.684973 0.0202275 9.99099E-05 9.99099E-05 9.99099E-05 9.99099E-05 9.99099E-05 0.0235584 9.99099E-05 0.136214 9.99099E-05 0.0505598 9.99099E-05 0.0171285 9.99099E-05
9.9928E-05 0.0680137 9.9928E-05 0.635691 0.0111896 0.00644059 0.0222086 9.9928E-05 9.9928E-05 0.045249 9.9928E-05 0.0422827 0.0794764 0.0390853 0.0495635 9.9928E-05 9.9928E-05 9.9928E-05
9.9892E-05 9.9892E-05 0.013435 0.735199 9.9892E-05 9.9892E-05 0.00563588 9.9892E-05 0.0848404 9.9892E-05 0.0561218 9.9892E-05 9.9892E-05 9.9892E-05 9.9892E-05 9.9892E-05 9.9892E-05 0.103569
9.9937E-05 0.152476 0.0616324 0.596823 0.0212432 0.00435277 0.0202845 0.0378861 9.9937E-05 9.9937E-05 0.0204391 9.9937E-05 9.9937E-05 9.9937E-05 9.9937E-05 0.03021 0.0162191 0.0377342
9.9928E-05 9.9928E-05 9.9928E-05 0.830889 9.9928E-05 0.00357684 0.019215 0.0173333 9.9928E-05 9.9928E-05 0.00947828 0.0268671 0.00579078 9.9928E-05 0.0363358 0.0262325 0.0234818 9.9928E-05
0.0557964 0.333461 0.061561 0.372261 0.0285069 9.9946E-05 0.00579766 9.9946E-05 0.0229883 0.00550526 0.019186 9.9946E-05 9.9946E-05 0.0359706 0.0420884 9.9946E-05 0.0162773 9.9946E-05
0.00619856 0.0196083 0.0636322 0.708947 0.00499671 0.000487798 0.00270075 0.0380465 9.9964E-05 9.9964E-05 0.000851643 0.0602293 0.0327192 9.9964E-05 9.9964E-05 0.0139561 0.0285707 0.0186553
9.991E-05 0.106241 0.0963179 0.548356 9.991E-05 9.991E-05 9.991E-05 9.991E-05 9.991E-05 0.06754 9.991E-05 0.0249433 9.991E-05 0.0456661 0.10191 9.991E-05 0.00802676 9.991E-05
9.991E-05 9.991E-05 9.991E-05 0.785591 0.00652909 0.0129435 9.991E-05 9.991E-05 0.0291558 0.020701 9.991E-05 9.991E-05 9.991E-05 0.0181573 9.991E-05 9.991E-05 0.0121774 0.113746
0.0734247 0.07789 9.9928E-05 0.714848 0.00640446 9.9928E-05 0.0144865 9.9928E-05 9.9928E-05 0.00277903 0.0252435 9.9928E-05 0.0714969 9.9928E-05 9.9928E-05 0.00048428 0.0121436 9.9928E-05
9.9892E-05 9.9892E-05 9.9892E-05 0.907969 0.00110184 0.00560234 9.9892E-05 0.0343847 9.9892E-05 9.9892E-05 0.0132594 9.9892E-05 9.9892E-05 9.9892E-05 9.9892E-05 0.0364845 9.9892E-05 9.9892E-05
0.0459369 0.329034 0.023113 0.428922 0.0156575 9.991E-05 0.00975137 9.991E-05 9.991E-05 9.991E-05 9.991E-05 9.991E-05 9.991E-05 9.991E-05 9.991E-05 0.0148395 9.991E-05 0.131747
0.0290995 0.0448417 9.991E-05 0.742774 9.991E-05 0.048558 9.991E-05 0.027744 0.0218685 9.991E-05 0.0336069 9.991E-05 9.991E-05 9.991E-05 0.0505082 9.991E-05 9.991E-05 9.991E-05
9.99101E-05 9.99101E-05 9.99101E-05 0.814714 0.0139738 0.0190464 0.0146648 9.99101E-05 0.0635945 9.99101E-05 0.0147021 9.99101E-05 9.99101E-05 0.0508455 9.99101E-05 0.00746002 9.99101E-05 9.99101E-05
0.0199765 0.00917693 0.00984585 0.77534 0.0564834 9.991E-05 9.991E-05 0.0463496 9.991E-05 9.991E-05 9.991E-05 9.991E-05 9.991E-05 9.991E-05 0.0403446 9.991E-05 0.0414836 9.991E-05
9.9937E-05 0.0591814 9.9937E-05 0.703675 9.9937E-05 0.0383856 0.00708071 0.0134253 0.011892 0.0713592 0.0124554 0.00120864 0.0470015 9.9937E-05 9.9937E-05 9.9937E-05 9.9937E-05 0.0336357
9.991E-05 9.991E-05 9.991E-05 0.775339 0.0205003 0.00716871 9.991E-05 9.991E-05 9.991E-05 0.0511526 9.991E-05 0.0412845 9.991E-05 0.0284231 9.991E-05 9.991E-05 0.0163647 0.0587685
9.9919E-05 0.171396 9.9919E-05 0.534668 9.9919E-05 0.020327 0.0059409 9.9919E-05 0.0242701 0.0209251 9.9919E-05 9.9919E-05 0.193508 0.0145025 0.0135622 9.9919E-05 9.9919E-05 9.9919E-05
0.0241887 9.9919E-05 9.9919E-05 0.764816 9.9919E-05 9.9919E-05 9.9919E-05 9.9919E-05 0.0287373 0.0741917 0.0029338 0.0315412 0.0291216 0.0125431 9.9919E-05 9.9919E-05 0.0310274 9.9919E-05
9.9919E-05 0.00302682 0.194496 0.1491 9.9919E-05 9.9919E-05 0.0182918 0.0361832 0.0644973 9.9919E-05 9.9919E-05 9.9919E-05 0.501804 9.9919E-05 9.9919E-05 0.00462334 9.9919E-05 0.0270783
9.98469E-05 9.98469E-05 9.98469E-05 9.98469E-05 9.98469E-05 9.98469E-05 0.998303 9.98469E-05 9.98469E-05 9.98469E-05 9.98469E-05 9.98469E-05 9.98469E-05 9.98469E-05 9.98469E-05 9.98469E-05 9.98469E-05 9.98469E-05
0.0792072 9.991E-05 0.115551 9.991E-05 0.0208034 9.991E-05 9.991E-05 9.991E-05 0.0102758 9.991E-05 0.0127112 9.991E-05 0.668901 9.991E-05 9.991E-05 0.0199875 0.0715633 9.991E-05
9.994E-05 9.994E-05 0.0555607 0.0762301 0.026289 0.00713232 0.0213581 0.0375644 9.994E-05 9.994E-05 0.0295648 9.994E-05 0.406844 9.994E-05 0.0384147 0.00192968 0.078404 0.220109
9.9919E-05 0.0569752 0.0129542 9.9919E-05 0.00271364 0.00855124 0.0253164 9.9919E-05 9.9919E-05 9.9919E-05 9.9919E-05 9.9919E-05 0.0267723 9.9919E-05 0.0975832 9.9919E-05 0.0117986 0.756436
9.9901E-05 9.9901E-05 0.0110797 0.0206762 9.9901E-05 0.022579 9.9901E-05 0.00219109 9.9901E-05 0.0268574 9.9901E-05 0.0219778 9.9901E-05 9.9901E-05 9.9901E-05 9.9901E-05 9.9901E-05 0.89354
9.98469E-05 9.98469E-05 9.98469E-05 9.98469E-05 0.998303 9.98469E-05 9.98469E-05 9.98469E-05 9.98469E-05 9.98469E-05 9.98469E-05 9.98469E-05 9.98469E-05 9.98469E-05 9.98469E-05 9.98469E-05 9.98469E-05 9.98469E-05
9.98468E-05 9.98468E-05 9.98468E-05 9.98468E-05 9.98468E-05 9.98468E-05 0.998303 9.98468E-05 9.98468E-05 9.98468E-05 9.98468E-05 9.98468E-05 9.98468E-05 9.98468E-05 9.98468E-05 9.98468E-05 9.98468E-05 9.98468E-05
9.9937E-05 0.046347 9.9937E-05 9.9937E-05 0.0145721 0.029452 0.0249333 0.0472722 9.9937E-05 0.0128403 0.000368866 9.9937E-05 0.682476 0.0382871 0.0837399 9.9937E-05 0.0190118 9.9937E-05
0.0961056 9.9919E-05 0.175228 9.9919E-05 0.0495985 0.0263037 9.9919E-05 9.9919E-05 9.9919E-05 0.0344221 9.9919E-05 0.128641 9.9919E-05 9.9919E-05 9.9919E-05 0.0214091 0.0102159 0.457178
0.0291524 9.9937E-05 0.158068 9.9937E-05 0.0320885 0.0250424 0.0504065 0.0573119 9.9937E-05 9.9937E-05 9.9937E-05 0.0141918 0.24212 9.9937E-05 0.122554 9.9937E-05 0.0310894 0.237275
0.000567847 9.9937E-05 0.109991 9.9937E-05 0.0157565 0.01843 0.0109603 9.9937E-05 0.067063 9.9937E-05 9.9937E-05 9.9937E-05 0.104524 9.9937E-05 0.0335071 0.0185609 0.0339958 0.585945
9.9946E-05 9.9946E-05 0.0757983 9.9946E-05 0.0201847 0.0377036 0.091442 0.0681801 0.00781363 9.9946E-05 0.0187931 0.0774459 0.0158822 9.9946E-05 9.9946E-05 0.00630506 0.067781 0.512071
9.9919E-05 9.9919E-05 0.13037 9.9919E-05 0.0291779 0.00749432 0.0308353 9.9919E-05 0.0491911 0.0131141 0.0370527 9.9919E-05 0.29012 9.9919E-05 9.9919E-05 9.9919E-05 9.9919E-05 0.411745
9.9892E-05 9.9892E-05 9.9892E-05 0.0284278 0.0505616 0.0092407 0.00434445 9.9892E-05 9.9892E-05 9.9892E-05 0.0103311 9.9892E-05 9.9892E-05 9.9892E-05 9.9892E-05 9.9892E-05 9.9892E-05 0.895896
9.991E-05 9.991E-05 0.0841062 9.991E-05 0.023688 9.991E-05 0.0958163 9.991E-05 9.991E-05 9.991E-05 0.0113257 0.134342 0.279547 9.991E-05 9.991E-05 9.991E-05 0.0441217 0.326054
9.9928E-05 0.118046 9.9928E-05 9.9928E-05 9.9928E-05 0.0155462 0.0336937 0.00929547 9.9928E-05 0.0050786 9.9928E-05 0.0982611 0.151985 9.9928E-05 0.214379 9.9928E-05 0.0229554 0.32996
9.99201E-05 9.99201E-05 0.161766 0.302482 0.00730277 0.030393 0.0219893 9.99201E-05 9.99201E-05 9.99201E-05 0.00804573 9.99201E-05 0.249886 9.99201E-05 0.164769 0.028676 0.0238911 9.99201E-05
9.991E-05 9.991E-05 0.108624 0.193796 9.991E-05 0.0278126 0.0154546 9.991E-05 9.991E-05 0.0872988 9.991E-05 0.11055 0.117183 9.991E-05 9.991E-05 9.991E-05 9.991E-05 0.338282
9.9919E-05 0.0147501 0.0446904 0.360013 9.9919E-05 0.0292425 0.0598011 9.9919E-05 9.9919E-05 0.131288 9.9919E-05 9.9919E-05 0.311327 9.9919E-05 9.9919E-05 9.9919E-05 0.0274936 0.0204949
9.98469E-05 9.98469E-05 9.98469E-05 9.98469E-05 0.998303 9.98469E-05 9.98469E-05 9.98469E-05 9.98469E-05 9.98469E-05 9.98469E-05 9.98469E-05 9.98469E-05 9.98469E-05 9.98469E-05 9.98469E-05 9.98469E-05 9.98469E-05
9.9919E-05 9.9919E-05 9.9919E-05 0.0613798 9.9919E-05 0.0478781 0.0550754 9.9919E-05 0.0550252 0.0977199 9.9919E-05 9.9919E-05 9.9919E-05 0.0462969 9.9919E-05 0.0298754 0.0415608 0.564289
9.9928E-05 9.9928E-05 0.122533 0.101817 0.0695382 0.0354586 0.0338184 9.9928E-05 9.9928E-05 9.9928E-05 9.9928E-05 0.0228442 0.170618 0.00377727 9.9928E-05 9.9928E-05 0.0408198 0.397975
9.98468E-05 9.98468E-05 0.998303 9.98468E-05 9.98468E-05 9.98468E-05 9.98468E-05 9.98468E-05 9.98468E-05 9.98468E-05 9.98468E-05 9.98468E-05 9.98468E-05 9.98468E-05 9.98468E-05 9.98468E-05 9.98468E-05 9.98468E-05
9.9937E-05 9.9937E-05 0.0515243 9.9937E-05 0.0223999 9.9937E-05 0.00280308 0.0704351 9.9937E-05 9.9937E-05 0.000707146 0.053268 0.416045 9.9937E-05 0.0178588 0.0151251 0.0094629 0.339671
9.9928E-05 9.9928E-05 0.0371767 0.0562579 0.0439459 0.0131799 0.00995627 9.9928E-05 9.9928E-05 0.0927039 0.00090779 9.9928E-05 0.258747 9.9928E-05 9.9928E-05 9.9928E-05 0.0618611 0.424464
0.116175 9.9928E-05 9.9928E-05 0.235413 9.9928E-05 0.0459594 0.00891364 9.9928E-05 0.115522 0.0205296 0.00619131 9.9928E-05 0.326837 0.0605221 9.9928E-05 9.9928E-05 0.0631375 9.9928E-05
0.339691 9.991E-05 9.991E-05 0.179672 0.00904055 0.0204012 0.00416416 0.0106419 9.991E-05 9.991E-05 9.991E-05 9.991E-05 0.195184 0.240206 9.991E-05 9.991E-05 9.991E-05 9.991E-05
0.0155573 0.0256216 0.0811254 0.0519163 9.9946E-05 0.00174469 0.0699549 9.9946E-05 0.0164478 9.9946E-05 0.0181138 0.11872 0.375892 0.147485 9.9946E-05 9.9946E-05 9.9946E-05 0.0768214
9.98469E-05 9.98469E-05 0.998303 9.98469E-05 9.98469E-05 9.98469E-05 9.98469E-05 9.98469E-05 9.98469E-05 9.98469E-05 9.98469E-05 9.98469E-05 9.98469E-05 9.98469E-05 9.98469E-05 9.98469E-05 9.98469E-05 9.98469E-05
9.98469E-05 9.98469E-05 0.998303 9.98469E-05 9.98469E-05 9.98469E-05 9.98469E-05 9.98469E-05 9.98469E-05 9.98469E-05 9.98469E-05 9.98469E-05 9.98469E-05 9.98469E-05 9.98469E-05 9.98469E-05 9.98469E-05 9.98469E-05
9.9937E-05 0.128465 0.113902 9.9937E-05 9.9937E-05 9.9937E-05 0.0314639 0.00692235 9.9937E-05 0.00106897 9.9937E-05 9.9937E-05 0.0412679 0.0272724 0.030777 0.00426686 0.0364523 0.577442
9.9892E-05 9.9892E-05 9.9892E-05 9.9892E-05 0.00106683 9.9892E-05 0.0112607 9.9892E-05 9.9892E-05 9.9892E-05 9.9892E-05 0.0847122 0.0929138 9.9892E-05 9.9892E-05 9.9892E-05 0.789618 0.0192303
9.9919E-05 9.9919E-05 9.9919E-05 0.116418 0.0887562 0.0296061 9.9919E-05 0.0269241 9.9919E-05 9.9919E-05 9.9919E-05 9.9919E-05 0.631684 9.9919E-05 0.054615 0.00311164 0.00928957 0.0386956
9.9919E-05 9.9919E-05 0.0628027 0.0982414 0.0320388 0.0170201 9.9919E-05 9.9919E-05 0.0114457 9.9919E-05 0.00963091 9.9919E-05 0.722505 9.9919E-05 0.0227499 9.9919E-05 9.9919E-05 0.0226665
9.99101E-05 9.99101E-05 9.99101E-05 9.99101E-05 9.99101E-05 9.99101E-05 9.99101E-05 0.0664026 9.99101E-05 9.99101E-05 0.0310748 0.0242357 0.671726 0.0737507 9.99101E-05 0.0413359 0.0493318 0.0411437
9.9928E-05 0.160572 0.014644 9.9928E-05 0.0112829 0.0300199 9.9928E-05 9.9928E-05 0.0210723 0.0519927 9.9928E-05 0.105489 0.561197 9.9928E-05 9.9928E-05 0.00210932 0.0408211 9.9928E-05
9.9883E-05 9.9883E-05 9.9883E-05 9.9883E-05 0.000388403 9.9883E-05 9.9883E-05 9.9883E-05 0.0234837 9.9883E-05 0.0277701 9.9883E-05 0.900062 0.0469974 9.9883E-05 9.9883E-05 9.9883E-05 9.9883E-05
0.0558666 0.0396329 0.0874845 9.9946E-05 0.0414939 9.9946E-05 0.0702843 0.0109504 9.9946E-05 9.9946E-05 0.040322 0.154613 0.309144 9.9946E-05 0.0470277 9.9946E-05 0.021678 0.120903
0.0153486 0.0564505 0.0299198 9.9955E-05 0.0134527 0.0892224 0.0451123 0.0727216 0.00363444 9.9955E-05 0.00481117 9.9955E-05 0.324486 0.0497265 0.245569 9.9955E-05 0.0490447 9.9955E-05
9.9928E-05 9.9928E-05 0.122807 0.0709474 0.0247344 0.0399148 0.0453059 9.9928E-05 0.0353253 0.0353129 0.00617466 9.9928E-05 0.501045 9.9928E-05 9.9928E-05 9.9928E-05 9.9928E-05 0.117633
9.9937E-05 9.9937E-05 0.225454 0.00629317 0.0196857 0.0286731 0.0033106 9.9937E-05 0.0240002 9.9937E-05 0.000184896 0.0412992 0.130106 9.9937E-05 0.125739 9.9937E-05 9.9937E-05 0.394554
0.00568566 0.100841 0.0225339 9.9937E-05 0.0171993 0.0788016 0.0603265 0.0445353 9.9937E-05 9.9937E-05 9.9937E-05 9.9937E-05 0.267401 9.9937E-05 0.020152 9.9937E-05 0.0417379 0.340087
9.9919E-05 0.106489 0.0477903 9.9919E-05 0.00167888 9.9919E-05 9.9919E-05 9.9919E-05 9.9919E-05 9.9919E-05 0.0179635 9.9919E-05 0.514894 9.9919E-05 0.0640483 0.00803562 0.008134 0.230068
9.9964E-05 9.9964E-05 0.082375 0.00901833 0.0576438 0.0198675 0.0733001 0.0332282 0.0388916 9.9964E-05 0.00789275 9.9964E-05 0.136027 0.083809 0.0358834 0.0130986 0.101741 0.306824
9.9847E-05 9.9847E-05 9.9847E-05 9.9847E-05 9.9847E-05 9.9847E-05 9.9847E-05 9.9847E-05 9.9847E-05 9.9847E-05 9.9847E-05 9.9847E-05 9.9847E-05 9.9847E-05 9.9847E-05 9.9847E-05 9.9847E-05 0.998303
9.98466E-05 9.98466E-05 9.98466E-05 9.98466E-05 9.98466E-05 9.98466E-05 9.98466E-05 9.98466E-05 9.98466E-05 9.98466E-05 9.98466E-05 9.98466E-05 9.98466E-05 9.98466E-05 9.98466E-05 9.98466E-05 0.998303 9.98466E-05
0.022632 9.9964E-05 0.00284044 0.0539448 0.0112024 0.0433363 0.033138 9.9964E-05 9.9964E-05 0.0697227 0.010953 9.9964E-05 0.234809 0.00287048 0.217698 0.0162907 0.073261 0.206901
9.9901E-05 9.9901E-05 0.0255707 0.0147914 0.0478593 9.9901E-05 9.9901E-05 9.9901E-05 9.9901E-05 9.9901E-05 9.9901E-05 0.0239606 0.851832 9.9901E-05 9.9901E-05 0.0132151 0.0216721 9.9901E-05
0.0342186 0.033198 0.0421505 9.9937E-05 0.0392047 9.9937E-05 9.9937E-05 9.9937E-05 9.9937E-05 0.033666 0.0212535 9.9937E-05 0.106314 0.0364019 9.9937E-05 0.00439185 0.0484665 0.600034
9.9865E-05 0.0661408 9.9865E-05 9.9865E-05 9.9865E-05 9.9865E-05 9.9865E-05 0.00406184 9.9865E-05 9.9865E-05 9.9865E-05 9.9865E-05 9.9865E-05 9.9865E-05 9.9865E-05 9.9865E-05 9.9865E-05 0.928299
9.991E-05 9.991E-05 0.0311496 0.0333127 0.00600468 0.00650107 9.991E-05 9.991E-05 9.991E-05 9.991E-05 0.0228911 9.991E-05 0.70424 9.991E-05 0.185548 9.991E-05 9.991E-05 0.00935391
9.99279E-05 0.0241639 0.130113 9.99279E-05 9.99279E-05 0.00320084 9.99279E-05 0.00709967 9.99279E-05 0.0295995 9.99279E-05 0.137062 0.363057 9.99279E-05 0.0308448 0.0142052 9.99279E-05 0.259855
9.98469E-05 9.98469E-05 9.98469E-05 9.98469E-05 9.98469E-05 0.998303 9.98469E-05 9.98469E-05 9.98469E-05 9.98469E-05 9.98469E-05 9.98469E-05 9.98469E-05 9.98469E-05 9.98469E-05 9.98469E-05 9.98469E-05 9.98469E-05
9.98467E-05 9.98467E-05 9.98467E-05 9.98467E-05 9.98467E-05 9.98467E-05 9.98467E-05 9.98467E-05 9.98467E-05 9.98467E-05 9.98467E-05 9.98467E-05 9.98467E-05 9.98467E-05 9.98467E-05 9.98467E-05 0.998303 9.98467E-05
9.98469E-05 9.98469E-05 9.98469E-05 9.98469E-05 9.98469E-05 0.998303 9.98469E-05 9.98469E-05 9.98469E-05 9.98469E-05 9.98469E-05 9.98469E-05 9.98469E-05 9.98469E-05 9.98469E-05 9.98469E-05 9.98469E-05 9.98469E-05
9.9901E-05 9.9901E-05 9.9901E-05 9.9901E-05 0.0129918 9.9901E-05 0.0237381 0.0204838 9.9901E-05 0.0072146 9.9901E-05 9.9901E-05 0.870889 9.9901E-05 9.9901E-05 0.0189227 0.0446615 9.9901E-05
9.9955E-05 0.0503282 9.9955E-05 9.9955E-05 0.0217343 0.052584 0.0137155 0.00206306 0.0271742 0.000838953 0.0189048 9.9955E-05 0.568933 0.0746011 9.9955E-05 0.0339067 0.085321 0.0493953
0.100228 9.9919E-05 9.9919E-05 9.9919E-05 9.9919E-05 0.00922208 0.0287393 9.9919E-05 0.0629433 0.0408817 9.9919E-05 9.9919E-05 0.378862 9.9919E-05 9.9919E-05 0.00438848 0.0328633 0.340972
9.9901E-05 9.9901E-05 0.00117649 9.9901E-05 9.9901E-05 0.0480999 9.9901E-05 0.0702838 9.9901E-05 9.9901E-05 9.9901E-05 9.9901E-05 0.159154 9.9901E-05 9.9901E-05 0.0143178 0.0265908 0.679278
9.9937E-05 9.9937E-05 0.0609628 0.147876 0.0300188 9.9937E-05 0.0162096 9.9937E-05 9.9937E-05 0.0322661 9.9937E-05 0.0112639 0.508093 9.9937E-05 0.0889207 0.0126592 0.0118175 0.0792127
0.0121359 0.0592772 9.991E-05 9.991E-05 9.991E-05 9.991E-05 9.991E-05 0.0206517 9.991E-05 9.991E-05 0.00274787 0.0203384 0.157785 9.991E-05 9.991E-05 0.00265924 0.723405 9.991E-05
0.0521132 0.0657113 0.0790675 0.0203134 9.9955E-05 0.0253297 0.00981662 0.0586144 0.00776335 9.9955E-05 0.0158478 0.00477426 0.465048 9.9955E-05 9.9955E-05 9.9955E-05 0.0685903 0.12651
9.9892E-05 9.9892E-05 9.9892E-05 9.9892E-05 0.00558006 9.9892E-05 0.0595775 9.9892E-05 9.9892E-05 9.9892E-05 9.9892E-05 9.9892E-05 0.106973 0.0189994 0.800356 0.00731483 9.9892E-05 9.9892E-05
9.98651E-05 9.98651E-05 0.0745831 9.98651E-05 0.0292172 9.98651E-05 9.98651E-05 9.98651E-05 9.98651E-05 9.98651E-05 9.98651E-05 9.98651E-05 9.98651E-05 9.98651E-05 0.894702 9.98651E-05 9.98651E-05 9.98651E-05
9.9892E-05 9.9892E-05 0.0852824 9.9892E-05 9.9892E-05 0.0288925 9.9892E-05 9.9892E-05 9.9892E-05 9.9892E-05 0.0197625 0.043963 9.9892E-05 9.9892E-05 0.789459 9.9892E-05 0.0314417 9.9892E-05
9.99011E-05 0.0199986 9.99011E-05 9.99011E-05 0.0115474 9.99011E-05 0.00328642 0.00777842 9.99011E-05 9.99011E-05 9.99011E-05 9.99011E-05 0.0440439 9.99011E-05 0.906199 0.00604755 9.99011E-05 9.99011E-05
0.0534164 9.9928E-05 9.9928E-05 0.0172107 9.9928E-05 0.0324457 9.9928E-05 9.9928E-05 9.9928E-05 0.0135817 0.0108215 0.13082 0.136211 9.9928E-05 0.565012 0.0112044 0.0284769 9.9928E-05
9.991E-05 9.991E-05 9.991E-05 9.991E-05 0.000479685 9.991E-05 0.00188952 9.991E-05 0.0178536 9.991E-05 9.991E-05 0.0892348 9.991E-05 0.0600231 0.718413 9.991E-05 0.0242102 0.0868975
9.9883E-05 9.9883E-05 9.9883E-05 0.00624714 9.9883E-05 9.9883E-05 9.9883E-05 9.9883E-05 9.9883E-05 0.0020019 0.00456426 9.9883E-05 9.9883E-05 0.00709482 0.978793 9.9883E-05 9.9883E-05 9.9883E-05
9.9892E-05 9.9892E-05 0.0537471 9.9892E-05 9.9892E-05 9.9892E-05 9.9892E-05 9.9892E-05 9.9892E-05 0.00898154 0.0306197 0.000881583 9.9892E-05 9.9892E-05 0.894352 9.9892E-05 0.0102191 9.9892E-05
0.00930913 0.117206 9.9928E-05 0.0127227 9.9928E-05 0.0207807 0.0131493 9.9928E-05 9.9928E-05 9.9928E-05 0.012315 0.018907 9.9928E-05 9.9928E-05 0.780797 0.00823385 9.9928E-05 0.00578007
9.9928E-05 9.9928E-05 0.0191876 0.0794018 0.0114476 9.9928E-05 0.0015275 0.0348038 0.0127582 9.9928E-05 9.9928E-05 9.9928E-05 0.0506592 9.9928E-05 0.74848 0.0189975 0.021937 9.9928E-05
9.9901E-05 9.9901E-05 9.9901E-05 9.9901E-05 9.9901E-05 0.0243074 0.0325418 0.0571969 0.0348785 9.9901E-05 9.9901E-05 0.0163757 9.9901E-05 9.9901E-05 0.827776 0.00582513 9.9901E-05 9.9901E-05
0.0208275 9.9928E-05 9.9928E-05 0.0518263 0.017326 0.0203623 0.0135454 9.9928E-05 0.0898704 9.9928E-05 0.0165756 9.9928E-05 9.9928E-05 0.712858 0.0391902 9.9928E-05 0.0168187 9.9928E-05
0.0792697 0.103448 0.006492 9.9928E-05 0.0241574 9.9928E-05 9.9928E-05 9.9928E-05 9.9928E-05 0.00810162 0.0275832 9.9928E-05 9.9928E-05 0.588196 0.135399 0.0156411 0.0109133 9.9928E-05
9.9928E-05 0.0125895 0.088817 9.9928E-05 0.0141362 0.00767737 9.9928E-05 9.9928E-05 0.0727074 0.015111 9.9928E-05 9.9928E-05 9.9928E-05 0.75707 9.9928E-05 0.00434801 0.00838476 0.018359
0.166529 9.9928E-05 0.0328421 0.132353 9.9928E-05 0.0100213 9.9928E-05 0.0031119 0.0207121 0.0442034 9.9928E-05 9.9928E-05 9.9928E-05 0.550182 9.9928E-05 0.000213643 9.9928E-05 0.039032
9.9901E-05 9.9901E-05 9.9901E-05 0.130948 0.0701051 9.9901E-05 9.9901E-05 0.0139611 9.9901E-05 9.9901E-05 0.0486189 9.9901E-05 0.028206 0.672372 9.9901E-05 0.0346901 9.9901E-05 9.9901E-05
0.161485 0.126691 9.9928E-05 9.9928E-05 9.9928E-05 0.00161332 9.9928E-05 9.9928E-05 9.9928E-05 0.0252142 9.9928E-05 0.00545749 0.0359441 0.503438 0.111092 0.0146778 9.9928E-05 0.0135874
9.98831E-05 9.98831E-05 9.98831E-05 0.0840736 9.98831E-05 9.98831E-05 9.98831E-05 0.036967 9.98831E-05 9.98831E-05 9.98831E-05 0.116004 9.98831E-05 0.74253 9.98831E-05 9.98831E-05 0.0191268 9.98831E-05
0.194337 9.9928E-05 0.0841151 0.0171577 0.00234376 9.9928E-05 9.9928E-05 9.9928E-05 0.0551811 9.9928E-05 0.0064089 9.9928E-05 9.9928E-05 0.60142 9.9928E-05 0.0179384 0.00266075 0.0176385
0.0383808 0.151576 0.0564112 9.99459E-05 9.99459E-05 0.0354723 9.99459E-05 0.00650717 0.0405578 0.00141722 0.0469024 9.99459E-05 0.0746905 0.485071 9.99459E-05 9.99459E-05 0.0311313 0.0312831
9.98921E-05 9.98921E-05 9.98921E-05 0.212672 0.00968875 9.98921E-05 9.98921E-05 9.98921E-05 0.0539556 0.0187398 9.98921E-05 9.98921E-05 9.98921E-05 0.637078 0.0666666 9.98921E-05 9.98921E-05 9.98921E-05
0.0371316 9.9919E-05 9.9919E-05 0.0923278 0.0348723 9.9919E-05 0.0190834 0.0990633 9.9919E-05 9.9919E-05 0.0121349 9.9919E-05 9.9919E-05 0.661329 0.0176859 0.0254729 9.9919E-05 9.9919E-05
0.103743 9.9919E-05 9.9919E-05 0.11588 9.9919E-05 9.9919E-05 0.0325966 0.0458582 9.9919E-05 0.0210606 9.9919E-05 0.0148501 0.00140137 0.658527 9.9919E-05 0.00518418 9.9919E-05 9.9919E-05
0.0908827 0.0468717 0.00454566 0.0943758 0.00257912 0.0166656 9.9955E-05 9.9955E-05 9.9955E-05 0.0397031 9.9955E-05 0.041735 0.0150577 0.510979 0.0770983 0.00342932 9.9955E-05 0.0555775
0.373603 9.9901E-05 9.9901E-05 0.0400295 9.9901E-05 0.00799221 9.9901E-05 9.9901E-05 0.10724 9.9901E-05 9.9901E-05 9.9901E-05 0.231065 0.23628 9.9901E-05 9.9901E-05 0.00269079 9.9901E-05
0.752375 9.9919E-05 9.9919E-05 9.9919E-05 9.9919E-05 0.00753847 0.0246618 9.9919E-05 0.0140798 9.9919E-05 0.0364851 0.0319371 9.9919E-05 0.026639 9.9919E-05 9.9919E-05 0.0208314 0.0845532
0.914021 9.9883E-05 0.0406468 9.9883E-05 9.9883E-05 9.9883E-05 0.0105542 0.0274518 9.9883E-05 9.9883E-05 0.00602784 9.9883E-05 9.9883E-05 9.9883E-05 9.9883E-05 9.9883E-05 9.9883E-05 9.9883E-05
0.921875 9.98741E-05 9.98741E-05 9.98741E-05 9.98741E-05 9.98741E-05 0.0304359 9.98741E-05 9.98741E-05 9.98741E-05 9.98741E-05 0.0454484 9.98741E-05 9.98741E-05 9.98741E-05 9.98741E-05 9.98741E-05 0.000842151
0.879198 9.9892E-05 0.0427404 0.00671699 9.9892E-05 9.9892E-05 9.9892E-05 9.9892E-05 9.9892E-05 9.9892E-05 0.0236367 9.9892E-05 9.9892E-05 9.9892E-05 0.0185244 9.9892E-05 9.9892E-05 0.0279852
0.998303 9.98471E-05 9.98471E-05 9.98471E-05 9.98471E-05 9.98471E-05 9.98471E-05 9.98471E-05 9.98471E-05 9.98471E-05 9.98471E-05 9.98471E-05 9.98471E-05 9.98471E-05 9.98471E-05 9.98471E-05 9.98471E-05 9.98471E-05
0.851467 0.0510781 0.0197143 9.9901E-05 0.0349837 9.9901E-05 9.9901E-05 9.9901E-05 9.9901E-05 9.9901E-05 0.0169521 0.011698 9.9901E-05 9.9901E-05 9.9901E-05 0.0130074 9.9901E-05 9.9901E-05
0.819225 9.98874E-05 9.98874E-05 9.98874E-05 0.0169392 9.98874E-05 9.98874E-05 9.98874E-05 9.98874E-05 0.0303375 9.98874E-05 0.00121912 0.130981 9.98874E-05 9.98874E-05 9.98874E-05 9.98874E-05 9.98874E-05
0.691859 9.9892E-05 0.0889308 0.0207268 9.9892E-05 0.0303027 9.9892E-05 9.9892E-05 9.9892E-05 9.9892E-05 9.9892E-05 9.9892E-05 9.9892E-05 0.16478 9.9892E-05 0.00220109 9.9892E-05 9.9892E-05
0.171551 0.0612345 9.9901E-05 9.9901E-05 9.9901E-05 0.038452 9.9901E-05 0.0312012 9.9901E-05 9.9901E-05 9.9901E-05 9.9901E-05 0.0264759 0.554862 0.115125 9.9901E-05 9.9901E-05 9.9901E-05
9.9901E-05 0.0986658 0.0628177 9.9901E-05 9.9901E-05 9.9901E-05 9.9901E-05 0.0388845 9.9901E-05 9.9901E-05 0.00652373 0.082268 9.9901E-05 0.706833 0.00290887 9.9901E-05 9.9901E-05 9.9901E-05
0.101377 0.0176272 0.0172904 9.9955E-05 9.9955E-05 0.00279113 0.00705971 0.00577738 9.9955E-05 0.0304773 0.0122675 0.0512054 0.0546063 0.615966 9.9955E-05 0.012831 0.0702238 9.9955E-05
9.9892E-05 0.0842005 9.9892E-05 9.9892E-05 9.9892E-05 9.9892E-05 9.9892E-05 9.9892E-05 0.00218568 9.9892E-05 0.0309 0.0581974 0.178956 0.644362 9.9892E-05 9.9892E-05 9.9892E-05 9.9892E-05
0.043693 0.142369 0.0387109 9.99279E-05 0.001405 0.0271817 9.99279E-05 0.0145 9.99279E-05 9.99279E-05 0.0177908 9.99279E-05 9.99279E-05 0.672154 9.99279E-05 0.0150272 0.0263698 9.99279E-05
9.9901E-05 0.33649 9.9901E-05 9.9901E-05 0.00302541 9.9901E-05 0.0513635 9.9901E-05 9.9901E-05 0.0430323 0.00375982 9.9901E-05 9.9901E-05 0.536747 9.9901E-05 9.9901E-05 9.9901E-05 0.0244824
0.323255 0.0766236 0.061171 9.9901E-05 9.9901E-05 9.9901E-05 9.9901E-05 0.146188 9.9901E-05 9.9901E-05 9.9901E-05 9.9901E-05 0.0650252 0.31123 9.9901E-05 0.015408 9.9901E-05 9.9901E-05
0.14135 9.99011E-05 0.007849 0.152697 9.99011E-05 9.99011E-05 9.99011E-05 9.99011E-05 9.99011E-05 9.99011E-05 9.99011E-05 0.141848 0.020105 0.522504 9.99011E-05 9.99011E-05 0.0125485 9.99011E-05
9.98831E-05 9.98831E-05 9.98831E-05 0.129379 9.98831E-05 0.0208806 0.0223108 9.98831E-05 9.98831E-05 9.98831E-05 9.98831E-05 9.98831E-05 9.98831E-05 0.805417 9.98831E-05 9.98831E-05 0.0207145 9.98831E-05
9.991E-05 0.0424556 9.991E-05 0.0852233 9.991E-05 9.991E-05 9.991E-05 9.991E-05 0.035645 0.0143028 0.0323729 0.0284286 9.991E-05 0.644864 9.991E-05 9.991E-05 9.991E-05 0.115709
0.0349095 0.00723905 0.0763509 0.0934477 9.9928E-05 9.9928E-05 0.00214208 9.9928E-05 0.0950204 9.9928E-05 0.00837312 0.0524447 0.027884 0.601389 9.9928E-05 9.9928E-05 9.9928E-05 9.9928E-05
0.0185967 9.9928E-05 0.0728904 9.9928E-05 0.00206672 0.0264902 0.00894509 9.9928E-05 0.0245481 9.9928E-05 0.0161554 0.061721 9.9928E-05 0.761224 9.9928E-05 9.9928E-05 0.00656316 9.9928E-05
9.9892E-05 9.9892E-05 9.9892E-05 9.9892E-05 0.00708888 0.00512106 9.9892E-05 9.9892E-05 9.9892E-05 9.9892E-05 0.0292592 9.9892E-05 0.0937932 0.832357 9.9892E-05 0.0311815 9.9892E-05 9.9892E-05
9.98921E-05 0.911649 9.98921E-05 9.98921E-05 0.00113181 0.0144931 0.0135998 9.98921E-05 9.98921E-05 9.98921E-05 9.98921E-05 9.98921E-05 9.98921E-05 0.053873 9.98921E-05 0.00405463 9.98921E-05 9.98921E-05
0.0295719 0.788592 9.9928E-05 0.0513254 0.00814143 9.9928E-05 9.9928E-05 9.9928E-05 0.028092 0.0118996 0.00517115 9.9928E-05 0.0142162 9.9928E-05 0.0254541 9.9928E-05 0.0367366 9.9928E-05
0.00562849 0.863148 9.9892E-05 9.9892E-05 0.0124789 9.9892E-05 9.9892E-05 0.0189571 9.9892E-05 9.9892E-05 9.9892E-05 0.0111985 0.0873905 9.9892E-05 9.9892E-05 9.9892E-05 9.9892E-05 9.9892E-05
9.991E-05 0.876993 9.991E-05 9.991E-05 9.991E-05 9.991E-05 0.000719343 0.00473653 9.991E-05 0.0101187 9.991E-05 9.991E-05 9.991E-05 0.0533748 9.991E-05 0.00583375 0.0233472 0.0238775
0.0184584 0.857385 0.0674679 9.9892E-05 9.9892E-05 0.0194526 9.9892E-05 9.9892E-05 9.9892E-05 0.0323727 9.9892E-05 0.00366469 9.9892E-05 9.9892E-05 9.9892E-05 9.9892E-05 9.9892E-05 9.9892E-05
9.991E-05 0.64654 9.991E-05 0.189827 0.0114702 0.0145168 9.991E-05 9.991E-05 0.0926007 9.991E-05 9.991E-05 9.991E-05 9.991E-05 9.991E-05 0.0336696 0.000169635 0.010207 9.991E-05
9.9847E-05 0.998303 9.9847E-05 9.9847E-05 9.9847E-05 9.9847E-05 9.9847E-05 9.9847E-05 9.9847E-05 9.9847E-05 9.9847E-05 9.9847E-05 9.9847E-05 9.9847E-05 9.9847E-05 9.9847E-05 9.9847E-05 9.9847E-05
9.9901E-05 0.771941 9.9901E-05 9.9901E-05 9.9901E-05 0.00272945 9.9901E-05 9.9901E-05 0.0827037 0.0380735 9.9901E-05 0.068897 9.9901E-05 9.9901E-05 0.011648 9.9901E-05 9.9901E-05 0.022908
