9.98829E-05 9.98829E-05 0.998702 9.98829E-05 9.98829E-05 9.98829E-05 9.98829E-05 9.98829E-05 9.98829E-05 9.98829E-05 9.98829E-05 9.98829E-05 9.98829E-05 9.98829E-05
9.9946E-05 0.0846858 0.0316242 0.0614501 9.9946E-05 9.9946E-05 9.9946E-05 9.9946E-05 0.0203996 0.035338 0.0331487 0.0499771 0.682777 9.9946E-05
9.9937E-05 9.9937E-05 0.0645524 9.9937E-05 0.0729274 0.108755 0.00287588 0.00500198 0.0258843 9.9937E-05 9.9937E-05 9.9937E-05 0.719303 9.9937E-05
0.00441837 0.0346884 0.0115638 0.109303 9.99369E-05 0.0522778 9.99369E-05 9.99369E-05 0.0289407 9.99369E-05 9.99369E-05 9.99369E-05 0.758108 9.99369E-05
0.0089506 0.0661025 0.0603718 9.9955E-05 9.9955E-05 0.00838181 0.0822528 9.9955E-05 0.0124437 0.00244939 0.0506476 9.9955E-05 0.7079 9.9955E-05
9.99101E-05 0.0399759 9.99101E-05 9.99101E-05 9.99101E-05 9.99101E-05 0.0204473 9.99101E-05 9.99101E-05 0.0183824 9.99101E-05 9.99101E-05 0.920195 9.99101E-05
9.98829E-05 9.98829E-05 0.998702 9.98829E-05 9.98829E-05 9.98829E-05 9.98829E-05 9.98829E-05 9.98829E-05 9.98829E-05 9.98829E-05 9.98829E-05 9.98829E-05 9.98829E-05
0.0110642 0.0108131 0.072941 0.0622657 9.9946E-05 0.0787248 9.9946E-05 0.00689791 9.9946E-05 0.00410931 9.9946E-05 9.9946E-05 0.752584 9.9946E-05
9.9937E-05 0.0748105 0.0532711 9.9937E-05 0.016733 0.0653822 9.9937E-05 9.9937E-05 0.0121711 0.00557113 9.9937E-05 9.9937E-05 0.771361 9.9937E-05
0.00347801 9.9928E-05 0.0210526 0.0996187 0.0660267 9.9928E-05 9.9928E-05 0.0128768 9.9928E-05 9.9928E-05 9.9928E-05 9.9928E-05 0.796148 9.9928E-05
9.9928E-05 0.0545241 9.9928E-05 0.100176 9.9928E-05 9.9928E-05 9.9928E-05 0.00849902 0.0129235 9.9928E-05 9.9928E-05 0.0581883 0.76489 9.9928E-05
9.9955E-05 9.9955E-05 0.0688518 0.157959 0.0316977 0.0222099 9.9955E-05 0.005065 0.0268442 0.00578831 9.9955E-05 0.0237907 0.657293 9.9955E-05
0.0152474 9.9955E-05 0.0672896 0.00372654 0.0831015 9.9955E-05 9.9955E-05 9.9955E-05 0.0129227 0.0398013 0.0429963 9.9955E-05 0.699486 0.0349286
9.9955E-05 0.104034 9.9955E-05 0.000990148 0.0196415 9.9955E-05 0.0501695 0.0330018 9.9955E-05 0.00481964 0.000515502 0.079615 0.706713 9.9955E-05
9.9919E-05 9.9919E-05 0.0465041 9.9919E-05 0.114551 9.9919E-05 9.9919E-05 9.9919E-05 0.0184193 9.9919E-05 9.9919E-05 0.0614312 0.758195 9.9919E-05
9.9919E-05 0.0826373 0.00340699 9.9919E-05 9.9919E-05 9.9919E-05 0.0356379 9.9919E-05 9.9919E-05 0.000644304 9.9919E-05 9.9919E-05 0.876774 9.9919E-05
9.9919E-05 9.9919E-05 0.0377119 9.9919E-05 9.9919E-05 9.9919E-05 9.9919E-05 9.9919E-05 9.9919E-05 0.00611448 0.00288432 9.9919E-05 0.917944 0.0344459
9.9919E-05 9.9919E-05 0.0402866 9.9919E-05 9.9919E-05 9.9919E-05 0.0311097 0.00388352 9.9919E-05 9.9919E-05 0.0255569 9.9919E-05 0.898264 9.9919E-05
9.99011E-05 9.99011E-05 0.0476999 9.99011E-05 9.99011E-05 9.99011E-05 9.99011E-05 9.99011E-05 9.99011E-05 9.99011E-05 0.0795275 9.99011E-05 0.871674 9.99011E-05
0.0277646 9.9919E-05 9.9919E-05 9.9919E-05 0.00846224 9.9919E-05 0.0410634 9.9919E-05 9.9919E-05 9.9919E-05 0.00949042 9.9919E-05 0.91232 9.9919E-05
9.9883E-05 9.9883E-05 9.9883E-05 9.9883E-05 9.9883E-05 9.9883E-05 9.9883E-05 0.998702 9.9883E-05 9.9883E-05 9.9883E-05 9.9883E-05 9.9883E-05 9.9883E-05
9.991E-05 9.991E-05 0.00852149 0.242766 0.733448 9.991E-05 9.991E-05 9.991E-05 0.0142649 9.991E-05 9.991E-05 9.991E-05 9.991E-05 9.991E-05
9.9919E-05 9.9919E-05 9.9919E-05 0.0337203 0.769954 9.9919E-05 9.9919E-05 9.9919E-05 9.9919E-05 9.9919E-05 0.0491028 9.9919E-05 0.00645788 0.139866
0.000491709 9.991E-05 9.991E-05 9.991E-05 0.846116 9.991E-05 0.145046 9.991E-05 9.991E-05 0.00734685 9.991E-05 9.991E-05 9.991E-05 9.991E-05
9.98921E-05 9.98921E-05 9.98921E-05 9.98921E-05 0.998641 9.98921E-05 9.98921E-05 0.000160398 9.98921E-05 9.98921E-05 9.98921E-05 9.98921E-05 9.98921E-05 9.98921E-05
9.991E-05 9.991E-05 0.0419214 9.991E-05 0.914883 9.991E-05 0.0322442 9.991E-05 9.991E-05 9.991E-05 0.00995262 9.991E-05 9.991E-05 9.991E-05
9.9928E-05 9.9928E-05 0.0104417 0.00549841 0.796661 9.9928E-05 9.9928E-05 9.9928E-05 0.00694066 9.9928E-05 0.0272162 9.9928E-05 9.9928E-05 0.152442
9.98829E-05 9.98829E-05 9.98829E-05 9.98829E-05 9.98829E-05 9.98829E-05 9.98829E-05 0.998702 9.98829E-05 9.98829E-05 9.98829E-05 9.98829E-05 9.98829E-05 9.98829E-05
0.00350072 0.0653942 9.9937E-05 9.9937E-05 0.818829 0.0724338 9.9937E-05 0.0234664 9.9937E-05 9.9937E-05 9.9937E-05 0.00380927 9.9937E-05 0.0118667
9.9964E-05 0.00378575 9.9964E-05 0.0634797 0.725867 0.0525404 0.0478934 9.9964E-05 9.9964E-05 0.000938004 0.0347104 0.00971674 0.0362369 0.0244315
9.9937E-05 0.0905578 9.9937E-05 0.0101871 0.788509 0.0441994 9.9937E-05 0.0203696 0.0343464 0.0111314 9.9937E-05 9.9937E-05 9.9937E-05 9.9937E-05
9.9937E-05 9.9937E-05 0.010685 9.9937E-05 0.723567 9.9937E-05 9.9937E-05 0.0294541 0.000503641 0.0112454 0.0367302 9.9937E-05 9.9937E-05 0.187115
0.00236018 0.0830915 0.0275754 9.9937E-05 0.687068 0.044943 0.112192 0.0420711 9.9937E-05 9.9937E-05 9.9937E-05 9.9937E-05 9.9937E-05 9.9937E-05
0.0181146 0.123657 0.00824539 9.9937E-05 0.689813 9.9937E-05 9.9937E-05 0.038771 0.0712111 0.0494884 9.9937E-05 9.9937E-05 9.9937E-05 9.9937E-05
0.0376054 9.9955E-05 0.0217273 9.9955E-05 0.708807 0.0541186 0.0552443 9.9955E-05 0.019186 0.0107061 9.9955E-05 0.0840655 0.00804007 9.9955E-05
9.99459E-05 0.0513166 0.0146366 0.226811 0.493809 9.99459E-05 9.99459E-05 9.99459E-05 0.0562196 0.00881758 9.99459E-05 0.109484 0.0383057 9.99459E-05
0.00112176 9.9937E-05 9.9937E-05 9.9937E-05 0.639713 9.9937E-05 9.9937E-05 0.0127151 0.0488852 9.9937E-05 0.08099 9.9937E-05 0.0128368 0.203039
9.9928E-05 9.9928E-05 9.9928E-05 0.0681883 0.0148968 9.9928E-05 9.9928E-05 0.0193136 0.00409893 9.9928E-05 0.107516 9.9928E-05 9.9928E-05 0.785187
0.00201247 9.9928E-05 0.00612982 9.9928E-05 9.9928E-05 0.0552978 9.9928E-05 9.9928E-05 9.9928E-05 9.9928E-05 0.0634318 0.0612388 9.9928E-05 0.81109
9.9919E-05 9.9919E-05 9.9919E-05 0.0013289 9.9919E-05 0.12266 0.84984 9.9919E-05 0.0114839 9.9919E-05 9.9919E-05 9.9919E-05 0.0137873 9.9919E-05
9.9937E-05 9.9937E-05 0.0339677 9.9937E-05 0.0244812 9.9937E-05 0.697341 9.9937E-05 0.00481265 9.9937E-05 0.00932198 0.0223789 9.9937E-05 0.206997
0.0166548 9.9964E-05 0.0108919 0.176715 9.9964E-05 9.9964E-05 0.339836 0.0266668 0.021012 0.00755339 0.0689555 9.9964E-05 0.000296149 0.331018
9.9901E-05 9.9901E-05 9.9901E-05 9.9901E-05 9.9901E-05 9.9901E-05 9.9901E-05 0.00518681 0.00227354 9.9901E-05 9.9901E-05 9.9901E-05 9.9901E-05 0.991441
0.00157263 0.0574818 0.016278 0.228653 9.9955E-05 9.9955E-05 0.620078 0.00550755 0.0114505 0.0246412 0.0338383 9.9955E-05 9.9955E-05 9.9955E-05
0.030206 9.9964E-05 0.00157506 0.112869 0.0241661 9.9964E-05 0.362172 0.00946008 0.00337494 9.9964E-05 0.0399621 0.000789322 9.9964E-05 0.415026
0.0154091 9.99369E-05 9.99369E-05 0.0589056 0.00143621 0.0575039 0.792687 9.99369E-05 9.99369E-05 9.99369E-05 0.0452757 9.99369E-05 0.028083 9.99369E-05
0.0169521 9.991E-05 9.991E-05 9.991E-05 9.991E-05 9.991E-05 0.965858 9.991E-05 9.991E-05 0.0104686 9.991E-05 0.00572254 9.991E-05 9.991E-05
0.000224475 9.9928E-05 0.0127976 0.100626 9.9928E-05 9.9928E-05 0.0492898 9.9928E-05 0.0153896 9.9928E-05 9.9928E-05 9.9928E-05 9.9928E-05 0.820873
9.9928E-05 9.9928E-05 0.0052381 9.9928E-05 9.9928E-05 9.9928E-05 0.400514 0.0318027 0.00411641 0.0156308 9.9928E-05 9.9928E-05 9.9928E-05 0.541898
9.9919E-05 9.9919E-05 9.9919E-05 0.363304 9.9919E-05 9.9919E-05 0.546486 0.0250147 0.0091212 9.9919E-05 0.0551754 9.9919E-05 9.9919E-05 9.9919E-05
9.9928E-05 9.9928E-05 0.0453396 0.0028696 9.9928E-05 0.0274796 0.0471417 9.9928E-05 9.9928E-05 0.0103366 9.9928E-05 9.9928E-05 9.9928E-05 0.866033
9.9901E-05 9.9901E-05 0.0023094 9.9901E-05 9.9901E-05 9.9901E-05 0.996064 0.000527951 9.9901E-05 9.9901E-05 9.9901E-05 9.9901E-05 9.9901E-05 9.9901E-05
0.0346984 9.99459E-05 9.99459E-05 0.00350701 9.99459E-05 0.008932 0.205396 9.99459E-05 9.99459E-05 0.00415979 0.00525941 9.99459E-05 0.00902897 0.728419
9.99369E-05 9.99369E-05 0.0102645 0.0956207 9.99369E-05 9.99369E-05 0.0413767 9.99369E-05 9.99369E-05 9.99369E-05 0.0382291 0.00656045 0.0582883 0.748961
0.0104031 0.0222775 0.00807697 9.9955E-05 9.9955E-05 9.9955E-05 0.419951 0.0151247 9.9955E-05 0.0371235 0.018855 9.9955E-05 0.0245603 0.443129
0.00853109 9.9928E-05 9.9928E-05 0.185198 9.9928E-05 0.0708044 0.705378 9.9928E-05 0.020056 9.9928E-05 9.9928E-05 9.9928E-05 9.9928E-05 0.00923334
0.0247184 9.991E-05 9.991E-05 9.991E-05 0.022147 9.991E-05 9.991E-05 9.991E-05 9.991E-05 9.991E-05 9.991E-05 9.991E-05 0.042998 0.909137
9.9937E-05 9.9937E-05 9.9937E-05 0.210132 0.00838522 0.020805 9.9937E-05 9.9937E-05 0.0318047 9.9937E-05 0.144315 0.464638 9.9937E-05 0.11922
9.98828E-05 9.98828E-05 9.98828E-05 9.98828E-05 9.98828E-05 9.98828E-05 9.98828E-05 9.98828E-05 0.998702 9.98828E-05 9.98828E-05 9.98828E-05 9.98828E-05 9.98828E-05
0.044582 0.00590925 0.0238312 0.242068 0.00706753 0.0188734 9.9964E-05 0.00349447 9.9964E-05 0.0113632 0.0666639 0.575748 9.9964E-05 9.9964E-05
0.0993146 9.9946E-05 0.032358 0.0577839 9.9946E-05 0.0958835 9.9946E-05 9.9946E-05 0.0200069 0.0272516 9.9946E-05 0.508922 9.9946E-05 0.157879
0.0408078 9.99531E-05 9.99531E-05 9.99531E-05 9.99531E-05 0.0881519 0.0972272 0.00338418 0.0568071 0.00136095 0.0489456 0.662716 9.99531E-05 9.99531E-05
0.0257465 9.9964E-05 9.9964E-05 9.9964E-05 0.0096598 9.9964E-05 0.0555379 0.00569218 0.00592849 0.0178092 0.028483 0.674556 0.00750897 0.168678
0.00788813 9.991E-05 9.991E-05 9.991E-05 0.0588345 9.991E-05 9.991E-05 9.991E-05 0.012043 0.920235 9.991E-05 9.991E-05 9.991E-05 9.991E-05
9.98828E-05 9.98828E-05 9.98828E-05 9.98828E-05 9.98828E-05 9.98828E-05 9.98828E-05 9.98828E-05 0.998702 9.98828E-05 9.98828E-05 9.98828E-05 9.98828E-05 9.98828E-05
0.0347714 0.0412123 0.022985 0.204245 9.9964E-05 9.9964E-05 9.9964E-05 0.0122974 0.034996 0.0639311 9.9964E-05 0.52672 0.0370241 0.0214173
0.0176897 9.9973E-05 0.00848881 9.9973E-05 0.128734 0.00223047 0.122149 0.0182086 0.00974986 0.0788352 0.175772 0.429455 0.00838692 9.9973E-05
0.0339859 9.9964E-05 9.9964E-05 0.038712 0.0341996 0.0300949 9.9964E-05 9.9964E-05 0.067835 0.0955849 0.165102 0.441284 0.0420439 0.0507579
0.0659774 9.9964E-05 9.9964E-05 9.9964E-05 0.0476345 9.9964E-05 0.0215134 0.0416441 0.0229904 0.0462718 0.143918 0.573461 0.00342543 0.0327642
0.0671113 0.0273235 0.027275 9.9964E-05 0.0643013 9.9964E-05 9.9964E-05 0.0152906 0.109014 0.0438969 0.0963651 0.532591 0.0164317 9.9964E-05
0.0154292 9.9964E-05 0.0242336 9.9964E-05 0.0152461 9.9964E-05 0.00290517 9.9964E-05 0.0400883 0.0518203 0.119492 0.60466 0.0249887 0.100737
0.027141 9.9946E-05 0.00149645 9.9946E-05 9.9946E-05 0.0882313 9.9946E-05 0.010869 0.0127921 0.0491695 9.9946E-05 0.573605 9.9946E-05 0.236095
0.0628875 9.9964E-05 0.0209194 9.9964E-05 0.0569645 0.0100246 0.129864 0.00890896 0.0748596 0.0144434 0.115052 0.505676 9.9964E-05 9.9964E-05
0.0169478 0.00488825 9.9937E-05 0.137726 9.9937E-05 0.401589 9.9937E-05 9.9937E-05 0.0489892 0.0110744 9.9937E-05 0.378086 9.9937E-05 9.9937E-05
9.994E-05 9.994E-05 0.00606726 9.994E-05 9.994E-05 0.297307 0.298645 0.0213626 0.0372376 0.0762695 0.208601 0.0539101 9.994E-05 9.994E-05
0.00244973 9.9946E-05 9.9946E-05 9.9946E-05 9.9946E-05 9.9946E-05 0.116011 9.9946E-05 0.0252916 0.0142251 0.146927 0.437685 0.0644986 0.192312
9.991E-05 9.991E-05 9.991E-05 9.991E-05 9.991E-05 9.991E-05 0.611724 9.991E-05 0.0518263 9.991E-05 9.991E-05 0.25443 0.081021 9.991E-05
0.0058273 9.9937E-05 0.00386821 9.9937E-05 0.00772831 9.9937E-05 9.9937E-05 9.9937E-05 0.031581 0.875412 9.9937E-05 0.0569492 9.9937E-05 0.0179342
0.0802944 0.00289404 9.9964E-05 9.9964E-05 9.9964E-05 0.085542 0.251403 0.0344686 0.0501825 0.0562753 9.9964E-05 0.363605 0.0468357 0.0280996
0.0613625 0.0071065 9.9964E-05 9.9964E-05 0.00972053 0.00370721 0.161709 9.9964E-05 0.0390666 0.106481 0.0742516 0.495744 9.9964E-05 0.0404517
9.98828E-05 9.98828E-05 9.98828E-05 9.98828E-05 9.98828E-05 9.98828E-05 9.98828E-05 9.98828E-05 9.98828E-05 9.98828E-05 0.998702 9.98828E-05 9.98828E-05 9.98828E-05
0.0325703 0.0103012 0.0451916 9.9946E-05 9.9946E-05 9.9946E-05 0.11217 0.0163819 0.0378594 9.9946E-05 0.0601167 0.684809 9.9946E-05 9.9946E-05
0.0426987 9.9946E-05 0.005651 9.9946E-05 9.9946E-05 9.9946E-05 9.9946E-05 9.9946E-05 0.0112733 0.0414864 0.0659821 0.585614 0.0541721 0.192523
0.0881992 0.194989 0.00125734 9.9964E-05 0.00626415 9.9964E-05 9.9964E-05 0.00219931 0.00723473 0.0125951 9.9964E-05 0.307774 0.0189692 0.360119
0.00267734 0.485836 0.00078346 0.0684325 9.997E-05 9.997E-05 0.178192 9.997E-05 0.0281231 0.0548232 0.0495272 0.0400753 0.00419016 0.0870394
9.996E-05 0.0932835 0.0151844 0.0775411 0.0906522 0.0684307 0.0898668 9.996E-05 0.0866935 9.996E-05 0.155367 0.267043 9.996E-05 0.0555373
9.98829E-05 9.98829E-05 9.98829E-05 9.98829E-05 9.98829E-05 9.98829E-05 9.98829E-05 9.98829E-05 9.98829E-05 9.98829E-05 0.998702 9.98829E-05 9.98829E-05 9.98829E-05
9.98829E-05 9.98829E-05 9.98829E-05 9.98829E-05 9.98829E-05 9.98829E-05 9.98829E-05 9.98829E-05 9.98829E-05 9.98829E-05 0.998702 9.98829E-05 9.98829E-05 9.98829E-05
0.0248065 0.0238469 9.9955E-05 0.013899 0.022566 0.0461086 9.9955E-05 9.9955E-05 0.031107 9.9955E-05 0.152925 0.513171 9.9955E-05 0.171071
0.757223 9.9937E-05 9.9937E-05 0.11379 0.00155481 0.0306138 9.9937E-05 9.9937E-05 0.00662935 9.9937E-05 0.0106375 0.0788514 9.9937E-05 9.9937E-05
0.0506514 9.9946E-05 9.9946E-05 9.9946E-05 9.9946E-05 9.9946E-05 0.00675665 0.0131369 0.0212924 0.129076 9.9946E-05 0.530571 0.00645951 0.241457
9.9919E-05 9.9919E-05 0.012031 9.9919E-05 9.9919E-05 9.9919E-05 0.309261 9.9919E-05 9.9919E-05 0.02186 0.00587567 0.650073 9.9919E-05 9.9919E-05
0.0551887 0.016097 0.00998222 0.31783 9.9946E-05 9.9946E-05 9.9946E-05 0.0215688 0.015554 9.9946E-05 9.9946E-05 0.494187 0.0689926 9.9946E-05
0.0420265 9.9937E-05 0.00586163 0.389696 0.0730988 9.9937E-05 9.9937E-05 9.9937E-05 9.9937E-05 0.0589334 0.0353709 0.394313 9.9937E-05 9.9937E-05
9.99099E-05 9.99099E-05 0.0423469 0.308195 9.99099E-05 9.99099E-05 9.99099E-05 9.99099E-05 9.99099E-05 0.0346696 9.99099E-05 0.613789 9.99099E-05 9.99099E-05
0.0284193 0.0023705 0.0160441 0.218589 0.0452166 0.0229867 9.9982E-05 0.026559 0.0635406 0.00189985 0.062545 0.49253 0.0190991 9.9982E-05
0.00413163 0.010769 0.0307774 0.268767 9.9973E-05 0.242627 9.9973E-05 9.9973E-05 0.0444815 0.0746903 0.00629185 0.257732 0.00632742 0.0531044
0.0289966 9.9955E-05 9.9955E-05 0.0315077 9.9955E-05 0.0358965 9.9955E-05 9.9955E-05 0.0556056 0.0459828 0.11147 0.513369 0.0385378 0.138134
0.00962291 9.9955E-05 9.9955E-05 9.9955E-05 0.0492591 0.136727 9.9955E-05 9.9955E-05 0.018514 0.0411784 0.202275 0.398922 0.00860247 0.134399
0.064164 9.9955E-05 9.9955E-05 0.0357028 9.9955E-05 0.0575058 0.0537955 9.9955E-05 0.0930609 0.0815757 9.9955E-05 0.503043 0.027263 0.08339
0.0312673 0.0114653 0.0144779 0.131743 0.0619823 9.9946E-05 9.9946E-05 0.00735091 9.9946E-05 9.9946E-05 0.0733391 0.667775 9.9946E-05 9.9946E-05
0.104829 0.0663173 0.0321658 9.9955E-05 9.9955E-05 9.9955E-05 0.141647 0.0268708 0.0881643 0.0893434 0.0316082 0.418554 9.9955E-05 9.9955E-05
0.00787763 9.9919E-05 9.9919E-05 9.9919E-05 9.9919E-05 9.9919E-05 0.163826 0.0153705 9.9919E-05 9.9919E-05 9.9919E-05 0.81012 9.9919E-05 0.00190636
0.998702 9.98826E-05 9.98826E-05 9.98826E-05 9.98826E-05 9.98826E-05 9.98826E-05 9.98826E-05 9.98826E-05 9.98826E-05 9.98826E-05 9.98826E-05 9.98826E-05 9.98826E-05
0.0325184 0.00578557 0.0271015 9.9982E-05 0.0195148 0.112651 9.9982E-05 0.0270669 0.057942 0.0544371 0.0399339 0.428177 0.0149329 0.179739
0.0477217 0.00286992 0.0234589 0.0106892 9.9964E-05 9.9964E-05 0.128616 0.000253818 9.9964E-05 0.0185899 0.05373 0.708604 0.00506636 9.9964E-05
0.0553528 0.12384 0.0237137 0.0178342 9.9955E-05 9.9955E-05 9.9955E-05 9.9955E-05 9.9955E-05 0.0305099 0.0260114 0.620903 0.0187204 0.0826144
0.0333603 9.9937E-05 9.9937E-05 9.9937E-05 9.9937E-05 9.9937E-05 0.109428 0.00489386 0.00497479 9.9937E-05 9.9937E-05 0.671092 0.0191752 0.156376
9.9946E-05 9.9946E-05 0.0262009 0.00915291 9.9946E-05 0.149601 9.9946E-05 9.9946E-05 0.00218223 0.0639902 0.0472861 0.56633 9.9946E-05 0.134657
9.995E-05 9.995E-05 9.995E-05 0.0314921 0.0264919 0.119353 0.0847695 0.00955456 0.00288276 9.995E-05 0.107287 0.57815 0.0395188 9.995E-05
9.98829E-05 9.98829E-05 9.98829E-05 9.98829E-05 9.98829E-05 9.98829E-05 9.98829E-05 9.98829E-05 9.98829E-05 0.998702 9.98829E-05 9.98829E-05 9.98829E-05 9.98829E-05
0.998702 9.98827E-05 9.98827E-05 9.98827E-05 9.98827E-05 9.98827E-05 9.98827E-05 9.98827E-05 9.98827E-05 9.98827E-05 9.98827E-05 9.98827E-05 9.98827E-05 9.98827E-05
9.98828E-05 9.98828E-05 9.98828E-05 9.98828E-05 9.98828E-05 9.98828E-05 9.98828E-05 9.98828E-05 9.98828E-05 0.998702 9.98828E-05 9.98828E-05 9.98828E-05 9.98828E-05
0.0544045 9.9946E-05 0.0226047 0.111122 9.9946E-05 9.9946E-05 0.0883392 0.0224492 0.0463645 0.0112826 9.9946E-05 0.642833 9.9946E-05 9.9946E-05
0.110188 0.0743371 0.0386187 0.128898 9.9955E-05 9.9955E-05 9.9955E-05 0.0466678 0.0255324 0.0836994 9.9955E-05 0.472492 0.0190661 9.9955E-05
0.0396952 0.0209566 9.9973E-05 0.0308067 0.037454 0.0732534 9.9973E-05 9.9973E-05 0.0312246 0.00988188 0.0212605 0.614982 0.056715 0.0634702
0.0488464 9.9955E-05 0.00771308 9.9955E-05 9.9955E-05 9.9955E-05 0.0118615 0.0275485 0.0224297 0.053679 9.9955E-05 0.669652 0.0399534 0.117816
0.0364496 9.9937E-05 0.000239586 9.9937E-05 9.9937E-05 9.9937E-05 0.369071 0.0167945 0.0164062 0.0144691 9.9937E-05 0.545871 9.9937E-05 9.9937E-05
0.713781 9.9919E-05 9.9919E-05 0.253564 9.9919E-05 9.9919E-05 9.9919E-05 0.00610649 0.0138463 9.9919E-05 0.0118029 9.9919E-05 9.9919E-05 9.9919E-05
0.0763515 0.0277782 0.040932 0.220835 9.9964E-05 9.9964E-05 0.0344258 0.0018949 0.0155673 0.040713 0.0991696 0.441933 9.9964E-05 9.9964E-05
9.9946E-05 0.0143498 9.9946E-05 0.0216366 9.9946E-05 0.822802 9.9946E-05 0.000589064 0.0503708 9.9946E-05 0.0351015 0.0458908 0.00866024 9.9946E-05
9.9919E-05 9.9919E-05 9.9919E-05 0.00955799 9.9919E-05 0.84805 9.9919E-05 9.9919E-05 0.00183431 0.0252306 0.114428 9.9919E-05 9.9919E-05 9.9919E-05
0.0245321 9.9928E-05 0.0264993 9.9928E-05 9.9928E-05 0.813157 9.9928E-05 0.0168216 9.9928E-05 0.0156493 0.102541 9.9928E-05 9.9928E-05 9.9928E-05
9.9901E-05 9.9901E-05 0.00704983 0.0654384 9.9901E-05 0.926413 9.9901E-05 9.9901E-05 9.9901E-05 9.9901E-05 9.9901E-05 9.9901E-05 9.9901E-05 9.9901E-05
0.0205395 0.00307107 9.9937E-05 9.9937E-05 0.0467454 0.733355 9.9937E-05 9.9937E-05 9.9937E-05 0.0197922 9.9937E-05 0.0553383 9.9937E-05 0.120459
0.0290846 0.0246117 9.9928E-05 9.9928E-05 0.0665457 0.800702 0.0465068 9.9928E-05 0.0317497 9.9928E-05 9.9928E-05 9.9928E-05 9.9928E-05 9.9928E-05
9.9901E-05 9.9901E-05 9.9901E-05 9.9901E-05 9.9901E-05 0.923943 9.9901E-05 9.9901E-05 9.9901E-05 9.9901E-05 9.9901E-05 9.9901E-05 0.00911496 0.0658433
0.0350488 9.9928E-05 0.0212032 9.9928E-05 0.0324569 0.848398 9.9928E-05 9.9928E-05 9.9928E-05 9.9928E-05 0.0595072 9.9928E-05 0.00258625 9.9928E-05
9.9928E-05 9.9928E-05 0.00676712 9.9928E-05 9.9928E-05 0.83895 0.0856132 0.00741278 0.0162133 9.9928E-05 9.9928E-05 9.9928E-05 9.9928E-05 0.0442441
0.00871668 9.9946E-05 9.9946E-05 9.9946E-05 9.9946E-05 0.693825 0.154878 0.0331294 0.00825882 0.00636592 0.0446037 0.0496227 9.9946E-05 9.9946E-05
9.9946E-05 9.9946E-05 9.9946E-05 9.9946E-05 0.0772179 0.787996 9.9946E-05 0.00721949 0.032636 0.00801033 0.0080593 0.00310138 9.9946E-05 0.0751603
0.0160311 0.614555 0.0107056 9.9937E-05 0.037251 0.0971188 0.218713 9.9937E-05 9.9937E-05 0.00492568 9.9937E-05 9.9937E-05 9.9937E-05 9.9937E-05
0.020214 0.638759 0.0357862 9.9946E-05 9.9946E-05 0.115448 0.152475 0.0266495 0.00177852 9.9946E-05 0.0082903 9.9946E-05 9.9946E-05 9.9946E-05
9.9964E-05 0.605775 0.00679368 0.011209 0.0929006 9.9964E-05 0.140473 0.00711679 0.000498816 9.9964E-05 0.102432 0.0051097 0.0272914 9.9964E-05
9.9919E-05 0.653972 9.9919E-05 9.9919E-05 0.0158954 9.9919E-05 9.9919E-05 9.9919E-05 9.9919E-05 9.9919E-05 0.10701 9.9919E-05 0.0352062 0.187017
9.9928E-05 0.585341 0.0340135 9.9928E-05 9.9928E-05 0.0856264 0.251794 0.0207873 9.9928E-05 0.0216385 9.9928E-05 9.9928E-05 9.9928E-05 9.9928E-05
9.9946E-05 0.629052 0.0205929 0.016511 9.9946E-05 0.119751 0.118305 0.0371218 0.00606331 9.9946E-05 9.9946E-05 0.0520034 9.9946E-05 9.9946E-05
0.0293477 0.63417 9.9919E-05 9.9919E-05 0.0520024 0.0527676 9.9919E-05 9.9919E-05 9.9919E-05 9.9919E-05 9.9919E-05 9.9919E-05 9.9919E-05 0.230813
9.9928E-05 0.731731 0.00581873 9.9928E-05 0.0109343 9.9928E-05 9.9928E-05 0.023283 9.9928E-05 9.9928E-05 0.149256 9.9928E-05 9.9928E-05 0.078178
0.0110133 0.461605 0.038036 0.184155 9.99639E-05 9.99639E-05 0.122009 0.0211114 0.00562719 0.0350876 0.0978899 0.0230655 9.99639E-05 9.99639E-05
9.9919E-05 0.550688 0.0163889 9.9919E-05 9.9919E-05 0.067729 0.350276 9.9919E-05 9.9919E-05 9.9919E-05 0.0140183 9.9919E-05 9.9919E-05 9.9919E-05
9.9937E-05 0.661346 0.00260617 9.9937E-05 9.9937E-05 9.9937E-05 9.9937E-05 0.0200982 0.0194464 0.0238866 0.0131416 9.9937E-05 9.9937E-05 0.258775
9.991E-05 0.688416 9.991E-05 9.991E-05 9.991E-05 9.991E-05 9.991E-05 9.991E-05 0.0400378 9.991E-05 9.991E-05 9.991E-05 0.073339 0.197208
9.9964E-05 0.571407 9.9964E-05 0.11152 0.0293372 0.0324577 0.098577 9.9964E-05 0.000896296 0.00350846 0.0494884 0.0973745 0.00503334 9.9964E-05
9.9946E-05 0.507105 0.0308795 0.114113 9.9946E-05 0.0656884 9.9946E-05 9.9946E-05 0.0187882 9.9946E-05 0.0253818 0.0966245 9.9946E-05 0.14082
0.00612515 0.607115 0.0610774 9.9946E-05 0.112776 9.9946E-05 0.0539211 9.9946E-05 0.0495771 9.9946E-05 9.9946E-05 0.0920879 0.0167211 9.9946E-05
9.9955E-05 0.648032 0.0582565 0.118573 9.9955E-05 9.9955E-05 0.0147068 0.00198087 0.0244626 9.9955E-05 0.0137083 0.0850241 0.0347558 9.9955E-05
9.9919E-05 0.685388 9.9919E-05 9.9919E-05 9.9919E-05 0.0637188 9.9919E-05 9.9919E-05 0.0260018 0.0125954 9.9919E-05 9.9919E-05 9.9919E-05 0.211397
9.994E-05 0.711667 0.0360782 0.072651 9.994E-05 9.994E-05 0.0479629 9.994E-05 0.00877239 9.994E-05 0.0565211 0.0547609 0.0109865 9.994E-05
0.0286569 0.74683 0.0141287 9.99191E-05 9.99191E-05 9.99191E-05 9.99191E-05 0.0251921 9.99191E-05 9.99191E-05 9.99191E-05 9.99191E-05 9.99191E-05 0.184293
9.9946E-05 0.532999 0.0188171 0.347967 0.0457667 9.9946E-05 9.9946E-05 0.00803764 9.9946E-05 0.00673472 0.0226282 0.0164506 9.9946E-05 9.9946E-05
0.0333527 0.545955 0.0275873 0.345264 9.9928E-05 0.00884909 9.9928E-05 9.9928E-05 9.9928E-05 0.0381925 9.9928E-05 9.9928E-05 9.9928E-05 9.9928E-05
0.0490905 0.709951 9.9946E-05 0.000754098 9.9946E-05 0.0365817 0.116553 0.0036312 9.9946E-05 0.0355142 0.0473251 9.9946E-05 9.9946E-05 9.9946E-05
0.0327475 0.715211 9.9946E-05 0.053342 9.9946E-05 0.0341294 9.9946E-05 0.00848845 9.9946E-05 0.0703775 9.9946E-05 9.9946E-05 0.023432 0.0616724
0.0121204 0.708185 9.9991E-05 0.0476666 0.00786108 0.0705746 0.00232168 0.00331395 0.00270217 0.0181059 0.00313223 0.0185183 0.0419914 0.0634064
0.064824 0.618174 9.9937E-05 0.147381 0.0749079 9.9937E-05 9.9937E-05 9.9937E-05 0.0268731 0.00557983 9.9937E-05 9.9937E-05 0.0615615 9.9937E-05
9.9928E-05 0.620847 0.0105329 0.165869 0.0513386 0.00732958 9.9928E-05 9.9928E-05 9.9928E-05 9.9928E-05 9.9928E-05 0.143284 9.9928E-05 9.9928E-05
0.00328838 0.537719 0.00291028 0.287324 9.9955E-05 0.0240302 9.9955E-05 0.0411814 9.9955E-05 0.0527001 0.0280554 9.9955E-05 9.9955E-05 0.0222913
0.0161708 0.554766 0.0330249 0.290269 9.9955E-05 9.9955E-05 0.00583032 9.9955E-05 0.0395548 0.00954053 9.9955E-05 0.0466827 0.00366101 9.9955E-05
0.0240594 0.527348 9.9955E-05 0.188653 0.00346051 9.9955E-05 0.0848145 0.0334296 0.016794 9.9955E-05 0.0747211 9.9955E-05 0.0462196 9.9955E-05
0.045421 0.69121 9.9937E-05 9.9937E-05 0.0327459 9.9937E-05 9.9937E-05 9.9937E-05 0.0232761 0.0117612 0.0292943 9.9937E-05 9.9937E-05 0.165592
0.0081798 0.700813 9.9928E-05 9.9928E-05 9.9928E-05 0.0243679 0.170506 9.9928E-05 0.0410122 9.9928E-05 9.9928E-05 9.9928E-05 9.9928E-05 0.0543215
9.9946E-05 0.574828 0.0204475 9.9946E-05 9.9946E-05 0.00624751 0.288786 0.00913758 0.00499774 9.9946E-05 9.9946E-05 0.0532363 0.0417192 9.9946E-05
9.9919E-05 0.607777 0.00369754 9.9919E-05 0.105488 9.9919E-05 9.9919E-05 9.9919E-05 9.9919E-05 9.9919E-05 0.0778369 9.9919E-05 9.9919E-05 0.204301
0.0101309 0.7394 0.0155199 9.9955E-05 0.0593078 9.9955E-05 0.015923 0.00445481 0.0204122 0.0531635 0.0811882 9.9955E-05 9.9955E-05 9.9955E-05
9.9964E-05 0.700906 0.0317359 9.9964E-05 0.0123917 0.0541459 0.123148 0.0319224 9.9964E-05 0.00260887 0.0128056 0.0267075 0.00322794 9.9964E-05
9.9919E-05 9.9919E-05 9.9919E-05 0.930197 9.9919E-05 0.00527402 0.0508886 0.000811592 0.0119299 9.9919E-05 9.9919E-05 9.9919E-05 9.9919E-05 9.9919E-05
0.0340637 0.0207701 9.99369E-05 0.787243 0.00562008 0.0698721 0.0327521 9.99369E-05 9.99369E-05 9.99369E-05 9.99369E-05 9.99369E-05 9.99369E-05 0.0489791
0.0225202 9.9892E-05 9.9892E-05 0.976281 9.9892E-05 9.9892E-05 9.9892E-05 9.9892E-05 9.9892E-05 9.9892E-05 9.9892E-05 9.9892E-05 9.9892E-05 9.9892E-05
0.038855 9.9919E-05 9.9919E-05 0.864099 9.9919E-05 9.9919E-05 0.0719968 0.000628079 9.9919E-05 9.9919E-05 9.9919E-05 9.9919E-05 0.0235216 9.9919E-05
9.9928E-05 9.9928E-05 9.9928E-05 0.883215 9.9928E-05 9.9928E-05 0.00467008 9.9928E-05 0.00623844 9.9928E-05 0.050147 9.9928E-05 0.00627217 0.0486584
0.00617478 0.00372993 0.00779866 0.546126 9.99605E-05 9.99605E-05 0.233488 0.019877 9.99605E-05 0.0207584 0.00274587 9.99605E-05 9.99605E-05 0.158802
9.9892E-05 9.9892E-05 9.9892E-05 0.674285 9.9892E-05 9.9892E-05 9.9892E-05 9.9892E-05 9.9892E-05 9.9892E-05 9.9892E-05 9.9892E-05 9.9892E-05 0.324517
9.9928E-05 9.9928E-05 9.9928E-05 0.590378 0.147005 9.9928E-05 0.151708 9.9928E-05 9.9928E-05 9.9928E-05 0.047221 9.9928E-05 0.0206581 0.0422303
