9.98559E-05 9.98559E-05 9.98559E-05 9.98559E-05 9.98559E-05 9.98559E-05 9.98559E-05 9.98559E-05 9.98559E-05 0.998402 9.98559E-05 9.98559E-05 9.98559E-05 9.98559E-05 9.98559E-05 9.98559E-05 9.98559E-05
9.9937E-05 9.9937E-05 0.00289134 9.9937E-05 9.9937E-05 0.0583395 9.9937E-05 0.141562 9.9937E-05 0.011835 0.616817 0.0125342 9.9937E-05 0.0197961 0.0464851 0.00616668 0.0828731
9.9901E-05 9.9901E-05 9.9901E-05 9.9901E-05 9.9901E-05 9.9901E-05 9.9901E-05 0.0225557 0.00887188 0.019342 9.9901E-05 0.00452716 0.0279631 9.9901E-05 9.9901E-05 9.9901E-05 0.915641
9.9919E-05 9.9919E-05 0.0228974 0.0616675 9.9919E-05 9.9919E-05 0.0515298 9.9919E-05 9.9919E-05 0.0124513 0.771644 0.00018974 0.015021 0.0637005 9.9919E-05 9.9919E-05 9.9919E-05
9.9919E-05 0.0167335 9.9919E-05 9.9919E-05 9.9919E-05 0.0262948 0.062566 9.9919E-05 0.00654454 0.0145707 0.848701 0.0212574 9.9919E-05 9.9919E-05 9.9919E-05 0.00243297 9.9919E-05
9.9865E-05 9.9865E-05 9.9865E-05 9.9865E-05 9.9865E-05 9.9865E-05 9.9865E-05 9.9865E-05 9.9865E-05 9.9865E-05 9.9865E-05 9.9865E-05 9.9865E-05 9.9865E-05 0.00144149 9.9865E-05 0.997061
9.98559E-05 9.98559E-05 9.98559E-05 9.98559E-05 9.98559E-05 9.98559E-05 9.98559E-05 9.98559E-05 9.98559E-05 0.998402 9.98559E-05 9.98559E-05 9.98559E-05 9.98559E-05 9.98559E-05 9.98559E-05 9.98559E-05
9.98651E-05 9.98651E-05 9.98651E-05 9.98651E-05 9.98651E-05 9.98651E-05 9.98651E-05 9.98651E-05 9.98651E-05 0.00950517 9.98651E-05 9.98651E-05 9.98651E-05 9.98651E-05 9.98651E-05 9.98651E-05 0.988997
9.9928E-05 9.9928E-05 9.9928E-05 0.00262044 9.9928E-05 0.133846 0.00504931 9.9928E-05 0.0249339 0.0676295 0.479852 0.000263135 9.9928E-05 9.9928E-05 0.0136576 9.9928E-05 0.27135
9.9874E-05 9.9874E-05 9.9874E-05 9.9874E-05 9.9874E-05 9.9874E-05 9.9874E-05 9.9874E-05 9.9874E-05 0.00193829 9.9874E-05 9.9874E-05 0.0136324 9.9874E-05 9.9874E-05 9.9874E-05 0.983031
9.9919E-05 9.9919E-05 9.9919E-05 0.0778437 9.9919E-05 0.00267245 9.9919E-05 0.0670334 0.00837664 9.9919E-05 0.647331 9.9919E-05 0.0426411 9.9919E-05 0.0163023 9.9919E-05 0.1369
9.991E-05 9.991E-05 9.991E-05 0.0420578 9.991E-05 9.991E-05 9.991E-05 0.110173 9.991E-05 0.0790174 0.679093 0.0274349 0.0357358 0.0254893 9.991E-05 9.991E-05 9.991E-05
9.98741E-05 9.98741E-05 9.98741E-05 9.98741E-05 9.98741E-05 9.98741E-05 9.98741E-05 9.98741E-05 9.98741E-05 9.98741E-05 9.98741E-05 0.0175509 9.98741E-05 9.98741E-05 0.00537976 9.98741E-05 0.975671
9.99099E-05 9.99099E-05 9.99099E-05 9.99099E-05 9.99099E-05 0.0529049 9.99099E-05 0.156173 9.99099E-05 9.99099E-05 0.512933 9.99099E-05 0.0251416 0.0411803 0.0118639 9.99099E-05 0.198804
0.0695902 9.9928E-05 9.9928E-05 0.000893642 9.9928E-05 0.0189221 0.0171501 9.9928E-05 0.00726625 9.9928E-05 0.798235 9.9928E-05 0.0299971 0.017289 9.9928E-05 9.9928E-05 0.0398568
9.98831E-05 9.98831E-05 9.98831E-05 9.98831E-05 9.98831E-05 0.0480613 9.98831E-05 9.98831E-05 9.98831E-05 9.98831E-05 0.303132 9.98831E-05 9.98831E-05 9.98831E-05 0.00272099 9.98831E-05 0.644787
9.9883E-05 9.9883E-05 0.000618558 9.9883E-05 9.9883E-05 9.9883E-05 9.9883E-05 9.9883E-05 9.9883E-05 0.0091409 0.97444 9.9883E-05 9.9883E-05 9.9883E-05 9.9883E-05 0.0145022 9.9883E-05
9.98561E-05 9.98561E-05 9.98561E-05 9.98561E-05 9.98561E-05 9.98561E-05 9.98561E-05 9.98561E-05 9.98561E-05 9.98561E-05 0.998402 9.98561E-05 9.98561E-05 9.98561E-05 9.98561E-05 9.98561E-05 9.98561E-05
9.9892E-05 0.0242894 9.9892E-05 9.9892E-05 0.00635835 9.9892E-05 9.9892E-05 9.9892E-05 9.9892E-05 0.0371641 0.920902 9.9892E-05 9.9892E-05 9.9892E-05 0.0100873 9.9892E-05 9.9892E-05
9.9901E-05 9.9901E-05 0.00377117 9.9901E-05 0.000152982 9.9901E-05 9.9901E-05 9.9901E-05 9.9901E-05 9.9901E-05 0.937965 9.9901E-05 0.0158609 9.9901E-05 9.9901E-05 0.00526331 0.0358874
9.98559E-05 9.98559E-05 9.98559E-05 9.98559E-05 9.98559E-05 9.98559E-05 9.98559E-05 9.98559E-05 9.98559E-05 9.98559E-05 9.98559E-05 9.98559E-05 0.998402 9.98559E-05 9.98559E-05 9.98559E-05 9.98559E-05
9.9883E-05 9.9883E-05 9.9883E-05 0.17665 9.9883E-05 9.9883E-05 9.9883E-05 0.25319 9.9883E-05 9.9883E-05 9.9883E-05 9.9883E-05 0.545672 9.9883E-05 0.0231891 9.9883E-05 9.9883E-05
9.9919E-05 0.0956682 0.023901 0.174114 9.9919E-05 9.9919E-05 9.9919E-05 0.0655673 9.9919E-05 0.0216762 0.0158391 9.9919E-05 0.566536 0.0357986 9.9919E-05 9.9919E-05 9.9919E-05
9.9928E-05 0.0379538 9.9928E-05 0.0631542 0.0656056 9.9928E-05 0.0211756 9.9928E-05 0.0406703 9.9928E-05 0.0288641 9.9928E-05 0.697729 0.0193026 9.9928E-05 0.0247456 9.9928E-05
0.0406471 9.9901E-05 0.00283867 9.9901E-05 9.9901E-05 9.9901E-05 0.0484612 9.9901E-05 9.9901E-05 9.9901E-05 9.9901E-05 9.9901E-05 0.831923 9.9901E-05 0.00642132 9.9901E-05 0.0686094
9.9919E-05 0.0394855 9.9919E-05 0.0209468 9.9919E-05 9.9919E-05 0.115198 9.9919E-05 9.9919E-05 0.0240398 9.9919E-05 0.00438572 0.724088 9.9919E-05 9.9919E-05 0.0144098 0.0565465
0.0965066 0.0333535 9.991E-05 0.16025 9.991E-05 0.0653472 9.991E-05 9.991E-05 9.991E-05 0.0117849 9.991E-05 0.00630999 0.625449 9.991E-05 9.991E-05 9.991E-05 9.991E-05
9.98557E-05 9.98557E-05 9.98557E-05 9.98557E-05 9.98557E-05 9.98557E-05 9.98557E-05 9.98557E-05 9.98557E-05 9.98557E-05 9.98557E-05 9.98557E-05 0.998402 9.98557E-05 9.98557E-05 9.98557E-05 9.98557E-05
0.0911297 9.9919E-05 0.00299598 9.9919E-05 9.9919E-05 0.179364 0.103304 9.9919E-05 0.0115986 9.9919E-05 0.00137466 9.9919E-05 0.608155 9.9919E-05 0.00117807 9.9919E-05 9.9919E-05
0.150059 0.0411382 9.99189E-05 0.0706413 9.99189E-05 9.99189E-05 0.0589451 9.99189E-05 9.99189E-05 9.99189E-05 9.99189E-05 9.99189E-05 0.482781 0.149216 0.0092606 9.99189E-05 0.0370588
0.0316791 0.00471757 9.9919E-05 9.9919E-05 9.9919E-05 9.9919E-05 0.133366 0.00976513 9.9919E-05 9.9919E-05 9.9919E-05 0.0206724 0.619745 0.171282 9.9919E-05 0.0078739 9.9919E-05
9.9928E-05 0.09415 0.00424717 9.9928E-05 0.110301 0.0077647 0.0507304 9.9928E-05 9.9928E-05 9.9928E-05 9.9928E-05 9.9928E-05 0.65673 0.0170586 9.9928E-05 0.0214363 0.0367827
9.991E-05 9.991E-05 9.991E-05 9.991E-05 0.0534988 9.991E-05 0.189583 9.991E-05 9.991E-05 0.0088456 0.0611905 9.991E-05 0.568027 0.0884608 0.0293948 9.991E-05 9.991E-05
9.99189E-05 9.99189E-05 0.0173125 9.99189E-05 9.99189E-05 9.99189E-05 0.0207511 0.14167 0.00487753 9.99189E-05 9.99189E-05 0.0247478 0.549275 0.174779 0.0656884 9.99189E-05 9.99189E-05
0.00341754 0.00919246 0.00324508 9.99369E-05 0.0559977 0.00846171 0.123467 0.228497 9.99369E-05 9.99369E-05 0.0557833 9.99369E-05 0.487198 9.99369E-05 0.0240408 9.99369E-05 9.99369E-05
9.99189E-05 9.99189E-05 9.99189E-05 9.99189E-05 9.99189E-05 9.99189E-05 9.99189E-05 0.328031 0.0202387 9.99189E-05 0.0559932 0.0467377 0.36587 0.172336 0.00423394 0.00566011 9.99189E-05
0.138417 0.053104 9.99369E-05 9.99369E-05 0.12827 0.00188782 9.99369E-05 0.0170758 0.0150594 9.99369E-05 9.99369E-05 0.0271107 0.532304 0.0390638 9.99369E-05 9.99369E-05 0.0470067
9.9919E-05 0.134477 9.9919E-05 9.9919E-05 0.697847 9.9919E-05 9.9919E-05 0.0919463 0.0096218 9.9919E-05 9.9919E-05 0.00289644 0.014545 0.0447822 0.00298487 9.9919E-05 9.9919E-05
9.99279E-05 0.011896 9.99279E-05 0.00520922 0.711944 0.000249396 0.0146679 0.202192 0.020996 0.0202405 9.99279E-05 9.99279E-05 9.99279E-05 9.99279E-05 0.0118057 9.99279E-05 9.99279E-05
9.99101E-05 9.99101E-05 9.99101E-05 0.0345194 0.661158 9.99101E-05 0.116778 9.99101E-05 9.99101E-05 9.99101E-05 9.99101E-05 0.0269651 9.99101E-05 9.99101E-05 0.0270005 0.0207443 0.111836
9.9901E-05 0.0145907 9.9901E-05 9.9901E-05 0.759727 0.0334727 9.9901E-05 0.152658 9.9901E-05 0.0375447 9.9901E-05 9.9901E-05 9.9901E-05 9.9901E-05 9.9901E-05 0.000908176 9.9901E-05
9.9946E-05 0.02621 0.00857994 0.167996 0.585504 0.0206176 9.9946E-05 0.0298916 0.00993009 9.9946E-05 0.0710597 0.0335899 9.9946E-05 9.9946E-05 0.0379517 0.00806957 9.9946E-05
0.0979518 9.9892E-05 9.9892E-05 9.9892E-05 0.777123 9.9892E-05 9.9892E-05 9.9892E-05 0.0243515 9.9892E-05 9.9892E-05 0.0198071 9.9892E-05 9.9892E-05 9.9892E-05 9.9892E-05 0.0795676
9.99677E-05 0.00323475 0.0117351 0.177361 0.486187 0.00789778 9.99677E-05 0.0277307 0.00702357 0.00680599 9.99677E-05 0.0168723 9.99677E-05 0.118387 0.0253561 0.00859898 0.10241
0.0438501 0.0130705 9.9928E-05 9.9928E-05 0.750669 9.9928E-05 9.9928E-05 9.9928E-05 0.0601454 0.00380202 0.0583511 0.0108038 0.0504204 9.9928E-05 0.00808861 9.9928E-05 9.9928E-05
9.9919E-05 0.0570392 9.9919E-05 0.0401689 0.639574 0.0729608 0.078482 9.9919E-05 0.0205765 9.9919E-05 0.08901 9.9919E-05 0.00128962 9.9919E-05 9.9919E-05 9.9919E-05 9.9919E-05
0.109358 9.99101E-05 0.015515 9.99101E-05 0.837663 9.99101E-05 9.99101E-05 9.99101E-05 0.00101444 0.00146412 9.99101E-05 9.99101E-05 9.99101E-05 9.99101E-05 0.0028889 0.0310975 9.99101E-05
9.9928E-05 0.0073117 0.0113806 0.164354 0.627104 9.9928E-05 9.9928E-05 9.9928E-05 9.9928E-05 0.00532252 9.9928E-05 0.0082546 9.9928E-05 0.0769977 0.0196478 9.9928E-05 0.0788279
9.9919E-05 9.9919E-05 0.00719035 9.9919E-05 0.875477 9.9919E-05 9.9919E-05 9.9919E-05 0.00761358 0.0343725 0.0239239 9.9919E-05 0.0279065 9.9919E-05 0.000584558 0.0220327 9.9919E-05
0.0317804 0.00736212 0.00684169 0.253293 0.529722 9.9955E-05 9.9955E-05 0.000504993 0.0103478 0.00954967 9.9955E-05 0.0111754 9.9955E-05 0.0967503 0.0129991 9.9955E-05 0.0291744
9.991E-05 9.991E-05 9.991E-05 9.991E-05 0.768831 9.991E-05 0.0406199 0.0884494 9.991E-05 0.0298258 9.991E-05 9.991E-05 9.991E-05 0.0371737 9.991E-05 0.0323205 0.00178041
9.99101E-05 9.99101E-05 9.99101E-05 9.99101E-05 0.8325 0.0546594 9.99101E-05 0.0320737 9.99101E-05 0.0387741 9.99101E-05 0.0255856 9.99101E-05 9.99101E-05 0.013335 0.00207318 9.99101E-05
9.99189E-05 0.024195 0.0630847 0.0498062 0.720264 9.99189E-05 0.0192627 9.99189E-05 9.99189E-05 9.99189E-05 0.0428166 9.99189E-05 9.99189E-05 0.0182853 0.0613861 9.99189E-05 9.99189E-05
0.0478545 9.9919E-05 9.9919E-05 0.0254984 0.735711 9.9919E-05 9.9919E-05 0.0216897 0.0299235 0.0252483 0.104085 9.9919E-05 9.9919E-05 9.9919E-05 9.9919E-05 0.00909045 9.9919E-05
0.0687185 9.9928E-05 0.024815 9.9928E-05 0.713627 0.0824161 9.9928E-05 9.9928E-05 0.00099433 0.00277089 9.9928E-05 9.9928E-05 9.9928E-05 9.9928E-05 0.00887269 0.0181851 0.0788011
9.9937E-05 0.000228878 9.9937E-05 9.9937E-05 0.679487 9.9937E-05 0.0446679 0.13614 0.0166911 9.9937E-05 9.9937E-05 0.0274136 0.00192605 0.031656 9.9937E-05 0.0260767 0.035013
0.0101124 9.9928E-05 0.037274 9.9928E-05 0.734911 0.0212078 0.0293751 0.0021679 0.000651023 9.9928E-05 0.114978 9.9928E-05 0.0485231 9.9928E-05 9.9928E-05 9.9928E-05 9.9928E-05
0.0974036 0.0996608 0.00249203 9.9928E-05 0.119694 9.9928E-05 0.00261694 0.660773 0.0123344 9.9928E-05 9.9928E-05 0.00144761 9.9928E-05 9.9928E-05 9.9928E-05 0.00277743 9.9928E-05
9.98559E-05 9.98559E-05 9.98559E-05 9.98559E-05 9.98559E-05 9.98559E-05 9.98559E-05 9.98559E-05 9.98559E-05 9.98559E-05 9.98559E-05 0.998402 9.98559E-05 9.98559E-05 9.98559E-05 9.98559E-05 9.98559E-05
0.371271 0.0438994 0.0316933 0.0590528 9.9955E-05 0.0197623 9.9955E-05 0.373721 0.00880057 0.0408222 9.9955E-05 9.9955E-05 0.00820015 9.9955E-05 0.0156251 0.00247035 0.0241813
0.432798 0.0156915 0.0198059 0.0512712 0.0108546 9.996E-05 0.0714006 0.244051 0.0475325 0.0192203 0.0108529 0.00559354 9.996E-05 0.0316363 0.0388912 9.996E-05 9.996E-05
0.594517 0.024095 0.0106788 0.0364055 9.9928E-05 9.9928E-05 0.0995226 0.174452 0.0110496 9.9928E-05 9.9928E-05 0.0356279 9.9928E-05 9.9928E-05 9.9928E-05 0.0128521 9.9928E-05
0.828068 0.0392544 9.9928E-05 0.0131198 0.0323802 9.9928E-05 9.9928E-05 0.00327046 9.9928E-05 9.9928E-05 0.0523332 9.9928E-05 0.0166604 0.0119624 9.9928E-05 0.00215174 9.9928E-05
9.98559E-05 9.98559E-05 9.98559E-05 9.98559E-05 9.98559E-05 9.98559E-05 9.98559E-05 9.98559E-05 9.98559E-05 9.98559E-05 9.98559E-05 9.98559E-05 9.98559E-05 9.98559E-05 0.998402 9.98559E-05 9.98559E-05
9.98559E-05 9.98559E-05 9.98559E-05 9.98559E-05 9.98559E-05 9.98559E-05 9.98559E-05 9.98559E-05 9.98559E-05 9.98559E-05 9.98559E-05 0.998402 9.98559E-05 9.98559E-05 9.98559E-05 9.98559E-05 9.98559E-05
0.174011 9.9928E-05 9.9928E-05 0.03026 9.9928E-05 9.9928E-05 0.0482544 0.555512 9.9928E-05 0.0155543 9.9928E-05 0.0116854 9.9928E-05 9.9928E-05 0.0274284 0.0213773 0.115118
0.570458 0.101568 0.009074 9.9928E-05 9.9928E-05 9.9928E-05 9.9928E-05 9.9928E-05 9.9928E-05 0.0485777 9.9928E-05 0.00383233 0.0790447 0.131329 0.0214624 0.0338549 9.9928E-05
0.601404 0.0771089 0.0206608 9.9937E-05 9.9937E-05 9.9937E-05 0.0778438 9.9937E-05 9.9937E-05 0.0111633 0.0709449 0.0313928 9.9937E-05 0.0559684 0.0322176 0.0205964 9.9937E-05
0.682891 0.109989 0.0277654 9.9928E-05 9.9928E-05 9.9928E-05 9.9928E-05 9.9928E-05 0.0199311 9.9928E-05 0.0221237 0.00844483 0.093892 9.9928E-05 0.0149802 0.0191837 9.9928E-05
0.418869 0.0737693 0.0493036 9.9955E-05 9.9955E-05 0.0348332 9.9955E-05 0.191972 0.00333361 0.00357537 0.0366566 0.0853952 0.0519118 9.9955E-05 0.0257944 0.0240862 9.9955E-05
0.776488 0.0759321 9.9919E-05 9.9919E-05 9.9919E-05 0.00587721 9.9919E-05 9.9919E-05 9.9919E-05 0.0443578 9.9919E-05 0.0413571 9.9919E-05 9.9919E-05 0.00107383 0.0142705 0.039744
0.814068 9.9919E-05 0.00202498 9.9919E-05 0.00394017 0.0144163 0.0555371 9.9919E-05 9.9919E-05 0.0592109 9.9919E-05 9.9919E-05 9.9919E-05 9.9919E-05 0.0323459 0.0175578 9.9919E-05
0.59449 0.0379329 9.9955E-05 0.00988848 0.00624788 9.9955E-05 9.9955E-05 0.0829959 0.0544767 0.0201508 9.9955E-05 0.08251 0.038787 9.9955E-05 0.0156308 0.0075318 0.0488581
0.107262 9.9919E-05 9.9919E-05 0.0286103 9.9919E-05 9.9919E-05 0.28441 0.457783 0.0165955 9.9919E-05 9.9919E-05 0.0620204 9.9919E-05 9.9919E-05 9.9919E-05 0.0235437 0.0188766
0.271144 0.123137 9.9946E-05 9.9946E-05 0.235174 0.00199372 0.152168 9.9946E-05 0.0236809 0.00453814 9.9946E-05 0.0529667 0.067159 9.9946E-05 0.0199261 0.0475133 9.9946E-05
0.560972 0.0670163 9.9928E-05 9.9928E-05 0.183788 9.9928E-05 9.9928E-05 9.9928E-05 0.00502497 9.9928E-05 0.0973701 0.00836552 9.9928E-05 0.0667006 0.00272953 0.00723285 9.9928E-05
0.272783 0.0233212 0.0103299 0.132534 0.265388 9.9937E-05 9.9937E-05 0.0837233 0.00341956 9.9937E-05 0.119935 0.076497 9.9937E-05 9.9937E-05 9.9937E-05 0.0113685 9.9937E-05
9.98559E-05 9.98559E-05 9.98559E-05 9.98559E-05 9.98559E-05 9.98559E-05 9.98559E-05 9.98559E-05 9.98559E-05 9.98559E-05 9.98559E-05 9.98559E-05 9.98559E-05 9.98559E-05 0.998402 9.98559E-05 9.98559E-05
0.247349 9.9937E-05 0.0570594 9.9937E-05 0.107733 0.0582442 9.9937E-05 0.235939 9.9937E-05 9.9937E-05 0.0998215 0.047662 0.0641651 9.9937E-05 0.0239027 0.0574242 9.9937E-05
0.598293 0.0300128 0.0304972 0.0175716 0.0589152 0.0272657 9.9955E-05 0.100719 0.0106147 0.00497274 9.9955E-05 0.0244222 9.9955E-05 9.9955E-05 0.0623868 0.0338297 9.9955E-05
9.98559E-05 0.998402 9.98559E-05 9.98559E-05 9.98559E-05 9.98559E-05 9.98559E-05 9.98559E-05 9.98559E-05 9.98559E-05 9.98559E-05 9.98559E-05 9.98559E-05 9.98559E-05 9.98559E-05 9.98559E-05 9.98559E-05
0.364131 0.107954 0.046206 9.9946E-05 0.00618084 9.9946E-05 9.9946E-05 0.371997 9.9946E-05 0.032431 9.9946E-05 0.0201784 0.0182739 9.9946E-05 0.0168819 0.00760789 0.00755877
0.697643 0.0260366 0.0190279 9.9946E-05 0.0125284 9.9946E-05 9.9946E-05 0.0038843 0.0495998 0.00531849 0.0110154 0.0111452 9.9946E-05 9.9946E-05 0.0380702 9.9946E-05 0.125131
0.0317886 9.9928E-05 0.0516571 9.9928E-05 0.298811 0.0142365 9.9928E-05 0.326804 9.9928E-05 9.9928E-05 0.046638 0.0201337 9.9928E-05 0.162542 9.9928E-05 0.0465888 9.9928E-05
0.0268381 9.991E-05 9.991E-05 9.991E-05 0.140322 9.991E-05 9.991E-05 0.0147275 0.0354114 9.991E-05 9.991E-05 9.991E-05 9.991E-05 0.730785 0.0281439 0.0227734 9.991E-05
0.0738217 0.0932307 0.000999831 9.9937E-05 0.1213 0.0993368 0.100386 0.404138 9.9937E-05 0.0374753 9.9937E-05 0.0531741 0.0154373 9.9937E-05 9.9937E-05 9.9937E-05 9.9937E-05
9.9856E-05 0.998402 9.9856E-05 9.9856E-05 9.9856E-05 9.9856E-05 9.9856E-05 9.9856E-05 9.9856E-05 9.9856E-05 9.9856E-05 9.9856E-05 9.9856E-05 9.9856E-05 9.9856E-05 9.9856E-05 9.9856E-05
9.9856E-05 0.998402 9.9856E-05 9.9856E-05 9.9856E-05 9.9856E-05 9.9856E-05 9.9856E-05 9.9856E-05 9.9856E-05 9.9856E-05 9.9856E-05 9.9856E-05 9.9856E-05 9.9856E-05 9.9856E-05 9.9856E-05
0.680043 0.0505719 0.0195111 0.0289217 9.99279E-05 0.0635816 0.0250665 9.99279E-05 0.0199928 9.99279E-05 9.99279E-05 0.0257192 9.99279E-05 9.99279E-05 9.99279E-05 9.99279E-05 0.0857928
9.98559E-05 9.98559E-05 9.98559E-05 9.98559E-05 9.98559E-05 9.98559E-05 9.98559E-05 9.98559E-05 0.998402 9.98559E-05 9.98559E-05 9.98559E-05 9.98559E-05 9.98559E-05 9.98559E-05 9.98559E-05 9.98559E-05
0.403792 9.9919E-05 0.0107039 9.9919E-05 0.111369 9.9919E-05 9.9919E-05 0.299409 9.9919E-05 9.9919E-05 9.9919E-05 9.9919E-05 0.00649073 9.9919E-05 0.0897942 0.0244221 0.0531195
0.757627 9.99101E-05 9.99101E-05 0.00317944 9.99101E-05 0.0561733 9.99101E-05 0.11099 9.99101E-05 0.0347701 9.99101E-05 9.99101E-05 9.99101E-05 9.99101E-05 0.0197356 0.0165253 9.99101E-05
9.98921E-05 9.98921E-05 9.98921E-05 9.98921E-05 9.98921E-05 0.00632595 9.98921E-05 0.89113 0.0305478 0.0259886 9.98921E-05 9.98921E-05 0.0448091 9.98921E-05 9.98921E-05 9.98921E-05 9.98921E-05
9.9892E-05 9.9892E-05 9.9892E-05 0.0201244 9.9892E-05 9.9892E-05 9.9892E-05 0.838021 0.0495896 9.9892E-05 9.9892E-05 9.9892E-05 0.0674169 9.9892E-05 9.9892E-05 0.0236498 9.9892E-05
9.9901E-05 0.015662 0.00994765 9.9901E-05 9.9901E-05 9.9901E-05 9.9901E-05 0.917673 9.9901E-05 0.0116591 9.9901E-05 9.9901E-05 9.9901E-05 9.9901E-05 0.0304726 0.0134871 9.9901E-05
0.0364104 0.0536267 9.9955E-05 0.0119725 0.0077849 9.9955E-05 0.0565157 0.548669 0.0679331 0.0400702 0.0650246 0.0411073 0.0421923 9.9955E-05 0.0281934 9.9955E-05 9.9955E-05
0.0514353 0.0324061 9.9955E-05 0.119771 9.9955E-05 9.9955E-05 0.178539 0.326676 0.0392905 0.0078229 9.9955E-05 0.0349707 9.9955E-05 0.0358842 0.029224 0.0669661 0.0765142
0.381528 0.0430779 9.9946E-05 0.0653068 0.0407062 9.9946E-05 0.08468 0.141234 0.0479551 9.9946E-05 0.11009 0.0330101 9.9946E-05 9.9946E-05 0.00870514 0.0431068 9.9946E-05
0.368154 0.154765 0.0136077 9.9955E-05 0.0329952 9.9955E-05 0.0891892 0.23695 9.9955E-05 0.0121536 9.9955E-05 0.0102374 0.0178069 9.9955E-05 0.00653737 0.0258151 0.0312879
0.427688 0.0205427 0.00718962 0.019565 0.046798 9.9946E-05 0.0302239 0.270096 0.0271661 9.9946E-05 0.0460168 0.0439519 9.9946E-05 9.9946E-05 9.9946E-05 0.0601617 9.9946E-05
0.402158 0.0352889 9.9919E-05 0.00892468 9.9919E-05 0.0541279 9.9919E-05 0.432499 9.9919E-05 0.010812 9.9919E-05 9.9919E-05 0.0407426 9.9919E-05 9.9919E-05 9.9919E-05 0.0145478
0.489143 0.0417152 0.0818493 9.9955E-05 9.9955E-05 0.0286217 9.9955E-05 0.0945146 9.9955E-05 0.0140999 9.9955E-05 0.0681839 0.0334357 0.019061 0.0367754 0.0135219 0.0785783
0.889598 9.9883E-05 9.9883E-05 9.9883E-05 9.9883E-05 0.0434087 9.9883E-05 9.9883E-05 0.0105073 9.9883E-05 0.0551874 9.9883E-05 9.9883E-05 9.9883E-05 9.9883E-05 9.9883E-05 9.9883E-05
9.98559E-05 9.98559E-05 0.998402 9.98559E-05 9.98559E-05 9.98559E-05 9.98559E-05 9.98559E-05 9.98559E-05 9.98559E-05 9.98559E-05 9.98559E-05 9.98559E-05 9.98559E-05 9.98559E-05 9.98559E-05 9.98559E-05
9.9946E-05 0.0260008 0.0250704 9.9946E-05 0.0683686 9.9946E-05 0.0871361 0.602922 0.0181111 0.024275 9.9946E-05 0.0629861 9.9946E-05 9.9946E-05 0.0104932 0.0657232 0.00831425
0.3778 0.0449202 0.0129802 9.9919E-05 9.9919E-05 0.00713778 9.9919E-05 0.421262 0.0137542 9.9919E-05 9.9919E-05 9.9919E-05 9.9919E-05 9.9919E-05 0.0571824 9.9919E-05 0.0640639
0.476258 0.053476 0.0166212 9.9946E-05 9.9946E-05 0.0759977 9.9946E-05 0.215903 0.0454095 0.0113738 0.0169167 9.9946E-05 9.9946E-05 0.00590569 0.0223452 9.9946E-05 0.0591939
0.831853 9.9901E-05 9.9901E-05 0.0406456 0.00180679 0.00822738 9.9901E-05 9.9901E-05 0.0423683 9.9901E-05 0.0740001 9.9901E-05 9.9901E-05 9.9901E-05 9.9901E-05 9.9901E-05 9.9901E-05
0.262583 0.0187878 9.9928E-05 9.9928E-05 0.017904 9.9928E-05 0.127761 0.481895 0.00779636 9.9928E-05 9.9928E-05 0.00579448 9.9928E-05 9.9928E-05 9.9928E-05 0.0446455 0.0320342
0.273239 0.0697892 0.0127486 9.99279E-05 9.99279E-05 9.99279E-05 0.166937 0.337087 9.99279E-05 9.99279E-05 9.99279E-05 0.00178763 0.0311211 9.99279E-05 9.99279E-05 0.0203928 0.0860986
9.98559E-05 9.98559E-05 9.98559E-05 9.98559E-05 9.98559E-05 9.98559E-05 9.98559E-05 9.98559E-05 9.98559E-05 9.98559E-05 9.98559E-05 9.98559E-05 9.98559E-05 9.98559E-05 9.98559E-05 0.998402 9.98559E-05
9.98559E-05 9.98559E-05 0.998402 9.98559E-05 9.98559E-05 9.98559E-05 9.98559E-05 9.98559E-05 9.98559E-05 9.98559E-05 9.98559E-05 9.98559E-05 9.98559E-05 9.98559E-05 9.98559E-05 9.98559E-05 9.98559E-05
9.98559E-05 9.98559E-05 9.98559E-05 9.98559E-05 9.98559E-05 9.98559E-05 9.98559E-05 9.98559E-05 9.98559E-05 9.98559E-05 9.98559E-05 9.98559E-05 9.98559E-05 9.98559E-05 9.98559E-05 0.998402 9.98559E-05
9.991E-05 9.991E-05 0.0202009 9.991E-05 0.00370927 9.991E-05 9.991E-05 0.854811 0.0298039 9.991E-05 0.0205122 0.0255506 9.991E-05 9.991E-05 0.044413 9.991E-05 9.991E-05
0.273668 9.9937E-05 0.037032 0.130324 9.9937E-05 0.00852466 9.9937E-05 0.37065 0.0428151 9.9937E-05 0.0281093 0.0383156 9.9937E-05 9.9937E-05 0.0113184 0.058543 9.9937E-05
0.134549 0.0361299 0.0276719 9.9937E-05 9.9937E-05 9.9937E-05 9.9937E-05 0.649227 0.0327794 9.9937E-05 9.9937E-05 0.0298819 0.0206689 0.012311 9.9937E-05 0.019138 0.0369438
0.518299 0.00231941 0.0262375 9.9937E-05 0.0177053 9.9937E-05 9.9937E-05 0.258187 0.00956665 0.00718924 9.9937E-05 0.0116253 9.9937E-05 9.9937E-05 9.9937E-05 0.0625969 0.0855744
0.746874 9.9919E-05 0.0283329 9.9919E-05 0.0538818 9.9919E-05 9.9919E-05 9.9919E-05 9.9919E-05 9.9919E-05 0.0742239 0.0230641 0.0499554 9.9919E-05 0.00961733 0.0131514 9.9919E-05
9.98559E-05 9.98559E-05 9.98559E-05 9.98559E-05 9.98559E-05 9.98559E-05 9.98559E-05 9.98559E-05 0.998402 9.98559E-05 9.98559E-05 9.98559E-05 9.98559E-05 9.98559E-05 9.98559E-05 9.98559E-05 9.98559E-05
0.0919787 0.0573878 0.0478083 9.9946E-05 0.0408081 9.9946E-05 9.9946E-05 0.646427 0.0290949 0.0240849 0.0230636 9.9946E-05 9.9946E-05 0.0144171 9.9946E-05 0.0186491 0.00568107
9.98741E-05 9.98741E-05 9.98741E-05 9.98741E-05 9.98741E-05 9.98741E-05 0.797182 0.138625 9.98741E-05 9.98741E-05 9.98741E-05 0.0627951 9.98741E-05 9.98741E-05 9.98741E-05 9.98741E-05 9.98741E-05
9.9901E-05 0.0806145 9.9901E-05 0.00113917 9.9901E-05 9.9901E-05 0.893889 9.9901E-05 0.000350177 9.9901E-05 9.9901E-05 9.9901E-05 9.9901E-05 9.9901E-05 0.016621 0.0062875 9.9901E-05
9.9919E-05 0.0704971 0.0213392 9.9919E-05 9.9919E-05 9.9919E-05 0.790236 9.9919E-05 0.0106628 0.0319172 9.9919E-05 9.9919E-05 0.0386843 9.9919E-05 0.00465351 0.0311109 9.9919E-05
9.9919E-05 9.9919E-05 9.9919E-05 9.9919E-05 9.9919E-05 9.9919E-05 0.850446 0.061943 0.020485 0.0126571 0.00861638 0.0240051 9.9919E-05 9.9919E-05 0.0123509 0.00859709 9.9919E-05
0.0406971 9.9937E-05 0.0241563 9.9937E-05 9.9937E-05 0.0318556 0.778159 9.9937E-05 0.0115182 0.0137255 9.9937E-05 9.9937E-05 0.0472271 9.9937E-05 0.00167817 0.0352964 0.0149875
0.0189882 9.9919E-05 9.9919E-05 9.9919E-05 9.9919E-05 0.0779232 0.801323 9.9919E-05 0.0105562 9.9919E-05 9.9919E-05 0.0339743 0.0452409 9.9919E-05 0.00402377 9.9919E-05 0.00707153
9.9883E-05 0.00792126 9.9883E-05 9.9883E-05 9.9883E-05 9.9883E-05 0.91174 9.9883E-05 9.9883E-05 9.9883E-05 0.0428556 9.9883E-05 9.9883E-05 0.0361844 9.9883E-05 9.9883E-05 9.9883E-05
9.9901E-05 0.0290967 0.00698173 9.9901E-05 9.9901E-05 9.9901E-05 0.810713 0.095653 9.9901E-05 0.0136992 0.0427577 9.9901E-05 9.9901E-05 9.9901E-05 9.9901E-05 9.9901E-05 9.9901E-05
9.991E-05 9.991E-05 9.991E-05 9.991E-05 0.0448029 9.991E-05 0.841096 9.991E-05 9.991E-05 0.00786878 9.991E-05 9.991E-05 0.02217 0.0124681 9.991E-05 0.0176178 0.0529774
9.9919E-05 0.0842604 0.00913324 9.9919E-05 0.0149374 9.9919E-05 0.716829 0.135934 9.9919E-05 9.9919E-05 9.9919E-05 9.9919E-05 0.0252704 9.9919E-05 0.000906642 9.9919E-05 0.0118298
0.115667 9.9919E-05 9.9919E-05 9.9919E-05 0.0178202 9.9919E-05 0.742983 9.9919E-05 0.00401688 0.036233 9.9919E-05 0.00743924 0.06277 9.9919E-05 9.9919E-05 0.0121709 9.9919E-05
0.0284347 9.9928E-05 0.00115637 9.9928E-05 9.9928E-05 0.767072 0.0517907 9.9928E-05 0.0136864 9.9928E-05 9.9928E-05 9.9928E-05 9.9928E-05 0.0378685 0.0046448 0.0273748 0.067172
9.9919E-05 0.0223532 0.0132405 9.9919E-05 9.9919E-05 0.740953 0.165644 9.9919E-05 0.0019315 0.00319654 0.0376652 9.9919E-05 9.9919E-05 9.9919E-05 0.0141164 9.9919E-05 9.9919E-05
0.0500303 0.0196219 0.00368332 0.0598228 9.9937E-05 0.784318 9.9937E-05 9.9937E-05 9.9937E-05 9.9937E-05 0.00650892 0.014018 0.0331965 9.9937E-05 9.9937E-05 0.0171004 0.0110008
9.991E-05 0.056004 9.991E-05 0.0212104 0.0817547 0.329746 9.991E-05 9.991E-05 9.991E-05 9.991E-05 0.06044 9.991E-05 9.991E-05 0.435615 9.991E-05 9.991E-05 0.0142303
9.9892E-05 9.9892E-05 9.9892E-05 9.9892E-05 0.0683467 0.714409 9.9892E-05 0.144964 9.9892E-05 0.0321948 9.9892E-05 9.9892E-05 9.9892E-05 9.9892E-05 0.0388869 9.9892E-05 9.9892E-05
9.9928E-05 9.9928E-05 0.00714188 9.9928E-05 9.9928E-05 0.158132 0.0772501 0.0520832 9.9928E-05 9.9928E-05 0.00855385 9.9928E-05 0.0268031 0.653712 0.0140781 0.00144639 9.9928E-05
9.9928E-05 9.9928E-05 0.0352828 0.00152573 0.0879266 0.438519 0.0114181 9.9928E-05 9.9928E-05 9.9928E-05 0.0449266 9.9928E-05 0.0180132 0.356874 0.00471409 9.9928E-05 9.9928E-05
0.030517 0.0341587 0.00583718 9.9937E-05 9.9937E-05 0.810047 0.0218866 9.9937E-05 0.0245851 0.0159761 9.9937E-05 9.9937E-05 9.9937E-05 0.0499536 0.0039177 0.00242138 9.9937E-05
9.99201E-05 0.0697906 0.0113414 0.0889857 9.99201E-05 0.468957 9.99201E-05 0.225545 9.99201E-05 0.029142 9.99201E-05 0.000799457 9.99201E-05 0.0662409 9.99201E-05 0.0383985 9.99201E-05
9.9901E-05 9.9901E-05 0.00381761 9.9901E-05 0.162492 0.453816 0.183953 9.9901E-05 9.9901E-05 0.00784142 9.9901E-05 9.9901E-05 9.9901E-05 0.186981 9.9901E-05 9.9901E-05 9.9901E-05
9.9919E-05 0.00625358 9.9919E-05 9.9919E-05 0.0177522 0.84824 9.9919E-05 9.9919E-05 9.9919E-05 0.0297459 9.9919E-05 0.0301665 9.9919E-05 9.9919E-05 0.0389909 0.0232042 0.00474793
9.9901E-05 9.9901E-05 9.9901E-05 9.9901E-05 0.121227 0.397543 9.9901E-05 0.000216082 9.9901E-05 9.9901E-05 9.9901E-05 0.0215313 9.9901E-05 0.3532 9.9901E-05 9.9901E-05 0.105184
9.99101E-05 9.99101E-05 9.99101E-05 9.99101E-05 0.0773787 0.568935 0.0268568 0.140335 9.99101E-05 9.99101E-05 0.0709624 9.99101E-05 0.0115064 0.0781915 9.99101E-05 0.0249346 9.99101E-05
9.9937E-05 9.9937E-05 9.9937E-05 0.0174049 0.118618 0.418041 9.9937E-05 0.260885 0.0258725 0.00468535 0.0110036 0.00247349 9.9937E-05 0.136945 9.9937E-05 0.00337185 9.9937E-05
0.0168812 0.000295136 9.9937E-05 9.9937E-05 9.9937E-05 9.9937E-05 0.0126785 0.0357766 0.0143164 0.0209733 9.9937E-05 0.0418736 0.0237032 0.832219 9.9937E-05 0.000584014 9.9937E-05
9.9928E-05 9.9928E-05 0.00757308 9.9928E-05 9.9928E-05 0.00136498 9.9928E-05 0.0296 0.00376496 0.0521468 0.0151571 0.0157554 9.9928E-05 0.840885 0.0329529 9.9928E-05 9.9928E-05
9.9874E-05 9.9874E-05 9.9874E-05 9.9874E-05 9.9874E-05 9.9874E-05 0.0141843 9.9874E-05 9.9874E-05 9.9874E-05 9.9874E-05 0.0283227 9.9874E-05 0.956095 9.9874E-05 9.9874E-05 9.9874E-05
0.0765981 0.0383337 0.0123809 9.991E-05 9.991E-05 0.0803979 9.991E-05 9.991E-05 9.991E-05 0.0342954 9.991E-05 0.00746623 9.991E-05 0.749529 9.991E-05 9.991E-05 9.991E-05
9.98561E-05 9.98561E-05 9.98561E-05 9.98561E-05 9.98561E-05 9.98561E-05 9.98561E-05 9.98561E-05 9.98561E-05 9.98561E-05 9.98561E-05 9.98561E-05 9.98561E-05 0.998402 9.98561E-05 9.98561E-05 9.98561E-05
9.9919E-05 9.9919E-05 9.9919E-05 0.108634 0.019567 0.244915 9.9919E-05 0.146899 9.9919E-05 0.00186388 9.9919E-05 9.9919E-05 0.00690844 0.467699 0.00261386 9.9919E-05 9.9919E-05
9.9937E-05 0.00263726 0.0080234 0.0196125 9.9937E-05 9.9937E-05 9.9937E-05 0.167702 9.9937E-05 0.0118962 9.9937E-05 9.9937E-05 0.00147309 0.738497 0.0377818 0.00504985 0.00662717
9.99133E-05 0.0730046 0.0154722 0.0895216 9.99133E-05 0.221944 0.0641416 9.99133E-05 9.99133E-05 9.99133E-05 9.99133E-05 9.99133E-05 9.99133E-05 0.51591 9.99133E-05 0.0190066 9.99133E-05
9.9928E-05 9.9928E-05 0.00386642 9.9928E-05 9.9928E-05 0.273152 0.0631689 0.0619211 0.00136388 9.9928E-05 0.0162796 9.9928E-05 9.9928E-05 0.523927 0.0224785 0.0330428 9.9928E-05
0.0763131 9.9901E-05 9.9901E-05 9.9901E-05 9.9901E-05 0.264555 9.9901E-05 9.9901E-05 0.0114313 9.9901E-05 0.0380436 9.9901E-05 9.9901E-05 0.589199 0.0193586 9.9901E-05 9.9901E-05
9.9928E-05 9.9928E-05 0.0147129 0.0166622 9.9928E-05 0.601519 9.9928E-05 0.187745 0.0124522 9.9928E-05 0.0509765 0.0330169 0.0347417 0.0473739 9.9928E-05 9.9928E-05 9.9928E-05
9.9892E-05 9.9892E-05 9.9892E-05 0.0322627 9.9892E-05 0.712935 9.9892E-05 0.191978 0.0170569 9.9892E-05 9.9892E-05 9.9892E-05 9.9892E-05 9.9892E-05 9.9892E-05 9.9892E-05 0.0445691
9.99459E-05 0.0170094 9.99459E-05 0.117055 9.99459E-05 0.647204 9.99459E-05 0.025314 0.0424845 0.00337133 0.0404821 0.000457682 0.00263 0.0608036 9.99459E-05 0.0425885 9.99459E-05
9.991E-05 9.991E-05 0.0114199 0.129364 9.991E-05 0.617493 9.991E-05 0.14355 9.991E-05 9.991E-05 0.0563433 0.0384162 9.991E-05 9.991E-05 0.00241508 9.991E-05 9.991E-05
9.9901E-05 9.9901E-05 9.9901E-05 0.0712961 9.9901E-05 0.442738 9.9901E-05 0.196024 9.9901E-05 9.9901E-05 9.9901E-05 9.9901E-05 9.9901E-05 0.229136 9.9901E-05 0.00462423 0.0550832
9.99191E-05 9.99191E-05 0.0177192 9.99191E-05 0.102419 0.700279 9.99191E-05 9.99191E-05 0.0341386 9.99191E-05 0.0297634 0.0171988 9.99191E-05 0.0895213 9.99191E-05 0.00806165 9.99191E-05
9.9919E-05 9.9919E-05 0.0051141 0.0417469 0.0380088 0.748158 0.0613079 9.9919E-05 9.9919E-05 9.9919E-05 9.9919E-05 0.0440749 9.9919E-05 0.0437295 9.9919E-05 0.0169604 9.9919E-05
9.9928E-05 9.9928E-05 0.00212724 9.9928E-05 0.106334 0.237614 0.0163805 0.130252 9.9928E-05 0.0245826 9.9928E-05 9.9928E-05 0.00517835 0.448403 9.9928E-05 9.9928E-05 0.0283295
0.0475754 0.0788508 9.9919E-05 0.0216475 0.0820952 0.363085 9.9919E-05 0.00869378 9.9919E-05 9.9919E-05 9.9919E-05 9.9919E-05 0.0534849 0.343669 9.9919E-05 9.9919E-05 9.9919E-05
9.9937E-05 0.018415 0.0368755 9.9937E-05 9.9937E-05 0.464583 9.9937E-05 0.0368332 0.0151183 0.0167982 9.9937E-05 0.00803858 0.0322458 0.353115 9.9937E-05 0.0172778 9.9937E-05
0.0683634 9.9901E-05 9.9901E-05 9.9901E-05 9.9901E-05 0.86126 9.9901E-05 9.9901E-05 0.0118987 0.00706647 9.9901E-05 9.9901E-05 9.9901E-05 9.9901E-05 9.9901E-05 0.00956652 0.0407463
9.98831E-05 9.98831E-05 9.98831E-05 0.884151 9.98831E-05 0.0700722 9.98831E-05 9.98831E-05 9.98831E-05 9.98831E-05 9.98831E-05 0.0120783 9.98831E-05 9.98831E-05 0.0324005 9.98831E-05 9.98831E-05
9.9901E-05 9.9901E-05 9.9901E-05 0.884516 9.9901E-05 9.9901E-05 9.9901E-05 0.0672203 0.00937793 9.9901E-05 0.0176588 9.9901E-05 9.9901E-05 0.0123613 0.00776642 9.9901E-05 9.9901E-05
9.9928E-05 9.9928E-05 0.000804613 0.78445 9.9928E-05 9.9928E-05 9.9928E-05 0.101849 0.00364307 0.00554441 0.0640168 0.0249636 9.9928E-05 0.00550895 9.9928E-05 0.00842019 9.9928E-05
9.9919E-05 9.9919E-05 0.00409102 0.888334 9.9919E-05 9.9919E-05 9.9919E-05 0.0201761 0.00608197 9.9919E-05 0.0495552 0.0109142 9.9919E-05 9.9919E-05 9.9919E-05 0.0131422 0.00680627
0.0139052 0.0585068 0.00781349 0.823665 9.9901E-05 9.9901E-05 9.9901E-05 9.9901E-05 9.9901E-05 9.9901E-05 9.9901E-05 9.9901E-05 9.9901E-05 9.9901E-05 9.9901E-05 0.00574106 0.0892693
9.9892E-05 9.9892E-05 0.014853 0.942372 0.0234878 9.9892E-05 9.9892E-05 9.9892E-05 9.9892E-05 9.9892E-05 9.9892E-05 9.9892E-05 9.9892E-05 9.9892E-05 0.0166983 0.00139039 9.9892E-05
9.98561E-05 9.98561E-05 9.98561E-05 0.998402 9.98561E-05 9.98561E-05 9.98561E-05 9.98561E-05 9.98561E-05 9.98561E-05 9.98561E-05 9.98561E-05 9.98561E-05 9.98561E-05 9.98561E-05 9.98561E-05 9.98561E-05
9.9901E-05 9.9901E-05 9.9901E-05 0.688243 0.0655335 9.9901E-05 0.0106747 0.02909 9.9901E-05 9.9901E-05 9.9901E-05 9.9901E-05 0.0877764 9.9901E-05 9.9901E-05 9.9901E-05 0.117583
