9.98829E-05 9.98829E-05 9.98829E-05 9.98829E-05 9.98829E-05 9.98829E-05 9.98829E-05 9.98829E-05 9.98829E-05 9.98829E-05 9.98829E-05 9.98829E-05 0.998702 9.98829E-05
0.0155013 9.99511E-05 9.99511E-05 0.0723383 9.99511E-05 0.0336027 0.00917902 0.0785114 9.99511E-05 0.0247708 9.99511E-05 9.99511E-05 0.0509058 0.714591
0.0506884 9.9946E-05 9.9946E-05 0.0424703 9.9946E-05 9.9946E-05 0.0663245 9.9946E-05 9.9946E-05 0.0191673 0.0140548 0.0180787 0.0848721 0.703744
9.9973E-05 9.9973E-05 0.00418774 0.0180769 9.9973E-05 0.0365489 0.0239599 0.00877609 0.0118081 0.0222477 0.0526866 0.00895434 0.00538201 0.807072
9.9937E-05 0.00999124 9.9937E-05 9.9937E-05 9.9937E-05 0.0390687 0.0318051 0.127598 0.00245146 9.9937E-05 9.9937E-05 9.9937E-05 0.086392 0.701994
9.9919E-05 0.00351403 0.0207348 0.0178956 9.9919E-05 9.9919E-05 0.0741394 9.9919E-05 9.9919E-05 9.9919E-05 9.9919E-05 9.9919E-05 9.9919E-05 0.882817
9.98829E-05 9.98829E-05 9.98829E-05 9.98829E-05 9.98829E-05 9.98829E-05 9.98829E-05 9.98829E-05 9.98829E-05 9.98829E-05 9.98829E-05 9.98829E-05 0.998702 9.98829E-05
0.0159071 0.00815008 0.00784147 9.9973E-05 9.9973E-05 0.0244454 0.0816431 0.0207854 0.0176883 9.9973E-05 0.00912477 0.00213727 0.0799065 0.732071
9.9955E-05 9.9955E-05 0.00188989 0.0902782 9.9955E-05 9.9955E-05 0.0444583 0.00630767 0.0149548 0.00878442 0.0592977 9.9955E-05 0.0456524 0.727877
9.9928E-05 0.0192434 9.9928E-05 9.9928E-05 9.9928E-05 0.0492956 0.0393562 9.9928E-05 9.9928E-05 9.9928E-05 0.0688228 9.9928E-05 0.0446535 0.777829
0.055962 9.99476E-05 0.00649449 9.99476E-05 9.99476E-05 0.0592121 0.0424519 9.99476E-05 9.99476E-05 0.0149417 0.0765453 0.00396494 9.99476E-05 0.739828
0.0378508 9.9937E-05 0.0153808 9.9937E-05 9.9937E-05 9.9937E-05 0.154951 9.9937E-05 9.9937E-05 0.0176068 0.0288555 9.9937E-05 0.0663879 0.678268
9.9946E-05 0.00013016 0.011277 9.9946E-05 9.9946E-05 9.9946E-05 0.117716 0.0427197 0.0563534 9.9946E-05 9.9946E-05 0.00157787 0.0471199 0.722506
0.0324847 9.9955E-05 9.9955E-05 0.149748 0.0287898 9.9955E-05 0.0159737 9.9955E-05 0.0274005 0.00817613 9.9955E-05 0.0158441 0.00939236 0.711691
0.0887865 9.99279E-05 9.99279E-05 9.99279E-05 9.99279E-05 0.0439709 9.99279E-05 9.99279E-05 9.99279E-05 0.0262539 0.0331694 9.99279E-05 0.0520788 0.754941
9.991E-05 9.991E-05 0.00493902 0.112447 9.991E-05 9.991E-05 9.991E-05 9.991E-05 0.0160309 9.991E-05 9.991E-05 9.991E-05 9.991E-05 0.865584
9.9919E-05 0.0163609 0.0297795 9.9919E-05 0.00513975 9.9919E-05 9.9919E-05 9.9919E-05 9.9919E-05 9.9919E-05 9.9919E-05 9.9919E-05 0.0468332 0.900987
9.991E-05 9.991E-05 9.991E-05 9.991E-05 0.0471268 9.991E-05 9.991E-05 9.991E-05 9.991E-05 9.991E-05 9.991E-05 0.000644137 0.0233212 0.927909
9.9928E-05 9.9928E-05 9.9928E-05 9.9928E-05 0.0356545 9.9928E-05 9.9928E-05 9.9928E-05 0.00637888 0.00692307 9.9928E-05 0.00739317 0.0646773 0.878174
9.9928E-05 0.0102056 0.0145967 9.9928E-05 0.0170145 9.9928E-05 9.9928E-05 9.9928E-05 9.9928E-05 0.0206991 0.0200445 9.9928E-05 9.9928E-05 0.91664
9.98829E-05 9.98829E-05 9.98829E-05 9.98829E-05 9.98829E-05 9.98829E-05 9.98829E-05 9.98829E-05 9.98829E-05 9.98829E-05 9.98829E-05 0.998702 9.98829E-05 9.98829E-05
9.9937E-05 0.00179224 9.9937E-05 9.9937E-05 9.9937E-05 0.0879044 0.112713 9.9937E-05 0.0203782 9.9937E-05 0.739322 0.00881664 0.0283748 9.9937E-05
9.9928E-05 0.0293162 9.9928E-05 9.9928E-05 9.9928E-05 9.9928E-05 0.148856 9.9928E-05 0.00541377 9.9928E-05 0.7816 0.00700257 0.0270118 9.9928E-05
9.9919E-05 9.9919E-05 0.01395 9.9919E-05 0.122588 9.9919E-05 9.9919E-05 9.9919E-05 9.9919E-05 0.0234483 0.838951 9.9919E-05 9.9919E-05 0.000163436
9.99101E-05 0.0075441 9.99101E-05 9.99101E-05 9.99101E-05 9.99101E-05 9.99101E-05 9.99101E-05 9.99101E-05 9.99101E-05 0.974848 0.0154225 0.00118654 9.99101E-05
9.98921E-05 9.98921E-05 9.98921E-05 9.98921E-05 9.98921E-05 9.98921E-05 9.98921E-05 9.98921E-05 9.98921E-05 9.98921E-05 0.957923 9.98921E-05 0.0408779 9.98921E-05
9.99407E-05 9.99407E-05 9.99407E-05 0.0202162 0.0799433 9.99407E-05 0.011042 0.0553533 9.99407E-05 9.99407E-05 0.768966 0.0280368 0.0357433 9.99407E-05
9.98829E-05 9.98829E-05 9.98829E-05 9.98829E-05 9.98829E-05 9.98829E-05 9.98829E-05 9.98829E-05 9.98829E-05 9.98829E-05 9.98829E-05 0.998702 9.98829E-05 9.98829E-05
0.0169373 0.00750937 9.99422E-05 0.055956 9.99422E-05 9.99422E-05 9.99422E-05 0.0120186 9.99422E-05 0.0541828 0.851212 0.00148484 9.99422E-05 9.99422E-05
9.9946E-05 9.9946E-05 9.9946E-05 9.9946E-05 0.0445148 0.0558437 0.0336196 0.0696772 0.0350112 0.00938793 0.728463 9.9946E-05 9.9946E-05 0.0228832
0.0286963 9.9946E-05 0.00604596 0.0371571 9.9946E-05 0.0659097 9.9946E-05 0.0320024 9.9946E-05 0.0258583 0.781501 0.0222291 9.9946E-05 9.9946E-05
9.9937E-05 9.9937E-05 0.011534 0.0318457 0.138155 9.9937E-05 9.9937E-05 0.0655268 9.9937E-05 9.9937E-05 0.693976 0.0498025 0.00846035 9.9937E-05
9.9955E-05 9.9955E-05 9.9955E-05 0.0431235 0.0559937 0.0211172 9.9955E-05 0.0391809 0.0359128 9.9955E-05 0.70393 0.0466138 0.0257757 0.027853
0.046137 0.000246938 9.9946E-05 9.9946E-05 9.9946E-05 0.123325 0.0346118 9.9946E-05 0.049702 0.0122691 0.70726 0.0258483 9.9946E-05 9.9946E-05
0.02947 0.0208115 9.9955E-05 9.9955E-05 0.085593 9.9955E-05 9.9955E-05 0.114647 0.0133171 0.0354157 0.659674 9.9955E-05 0.0139131 0.0266597
0.189411 9.9964E-05 0.00330502 0.0882668 9.9964E-05 0.122727 0.00991055 9.9964E-05 9.9964E-05 0.0582005 0.493589 0.019109 0.00515907 0.0099222
0.108479 0.00569042 0.00350921 9.9955E-05 0.145512 9.9955E-05 9.9955E-05 9.9955E-05 0.00353155 0.0205154 0.698821 0.00229606 9.9955E-05 0.0111461
0.0265733 9.9964E-05 9.9964E-05 9.9964E-05 0.650066 0.107777 0.135217 0.0471487 0.00322642 0.00941722 0.00426006 0.00936223 0.00655195 9.9964E-05
9.9937E-05 9.9937E-05 0.009824 9.9937E-05 0.623908 9.9937E-05 0.102793 0.163517 0.0223533 0.0400144 9.9937E-05 9.9937E-05 0.0368902 9.9937E-05
9.9937E-05 0.005269 9.9937E-05 0.02016 0.679971 9.9937E-05 0.0640317 0.155399 0.0307691 9.9937E-05 9.9937E-05 9.9937E-05 9.9937E-05 0.0437007
0.0660338 0.00987561 9.9928E-05 9.9928E-05 0.792941 0.0358791 9.9928E-05 9.9928E-05 9.9928E-05 9.9928E-05 0.0341803 9.9928E-05 0.0602903 9.9928E-05
0.00975717 0.0222104 9.9964E-05 0.0426679 0.794734 9.9964E-05 9.9964E-05 9.9964E-05 0.040113 0.0179892 0.00337729 0.0336199 0.0203554 0.014776
9.9955E-05 0.0212914 9.9955E-05 0.0366198 0.738486 9.9955E-05 0.0871351 0.0628699 0.0064876 0.0162019 9.9955E-05 0.00477846 0.0256305 9.9955E-05
9.9973E-05 9.9973E-05 0.00194471 0.105667 0.481504 0.0149261 0.256996 0.0246046 0.0467995 0.0112816 9.9973E-05 0.0143037 0.0170528 0.0246197
0.0476556 0.0101377 0.00918928 0.046494 0.699179 9.9973E-05 0.0701819 9.9973E-05 0.0176826 0.0584401 0.0172115 0.00280364 0.0207245 9.9973E-05
9.9937E-05 9.9937E-05 9.9937E-05 0.0739107 0.688501 9.9937E-05 0.0366165 0.114866 9.9937E-05 0.0275058 0.00253596 9.9937E-05 9.9937E-05 0.0553639
0.0185351 0.0423981 0.0106879 0.0235534 0.890449 0.00314184 9.9955E-05 9.9955E-05 0.00350509 0.000435029 0.00679452 9.9955E-05 9.9955E-05 9.9955E-05
9.9919E-05 9.9919E-05 9.9919E-05 9.9919E-05 0.695523 9.9919E-05 0.21945 9.9919E-05 0.0265068 0.0169984 9.9919E-05 9.9919E-05 0.040623 9.9919E-05
9.9937E-05 9.9937E-05 0.0156852 9.9937E-05 0.912984 9.9937E-05 9.9937E-05 9.9937E-05 0.0124207 0.00124609 9.9937E-05 0.0252609 0.0159617 0.0157417
0.062808 9.9937E-05 9.9937E-05 9.9937E-05 0.560946 0.130468 0.208176 9.9937E-05 0.0153189 0.0182084 9.9937E-05 0.00337463 9.9937E-05 9.9937E-05
9.9955E-05 0.00361741 0.0253714 9.9955E-05 0.661112 0.00552017 0.225108 0.0236165 0.00796888 9.9955E-05 9.9955E-05 0.00119387 0.0459922 9.9955E-05
0.0181432 9.9937E-05 0.00598879 0.0946423 0.843152 9.9937E-05 9.9937E-05 9.9937E-05 0.0145111 9.9937E-05 9.9937E-05 0.00199543 0.0208677 9.9937E-05
9.99369E-05 0.0568915 9.99369E-05 9.99369E-05 0.807902 0.0177851 0.0325109 0.0175252 0.0448894 9.99369E-05 9.99369E-05 9.99369E-05 9.99369E-05 0.0217958
0.0100777 9.9946E-05 0.0185146 9.9946E-05 0.729149 9.9946E-05 0.0943346 9.9946E-05 9.9946E-05 0.0132662 0.0482905 9.9946E-05 0.0299991 0.0557682
9.9964E-05 0.0187341 0.0133839 0.0626782 0.739703 9.9964E-05 0.0147964 0.0495889 0.0438388 0.0169086 9.9964E-05 0.00102472 9.9964E-05 0.0389433
0.0602572 9.9955E-05 0.00892562 0.0403107 0.55324 9.9955E-05 0.233988 0.049405 0.00559387 0.0257486 9.9955E-05 9.9955E-05 9.9955E-05 0.0220303
9.9946E-05 0.0427947 9.9946E-05 0.0250404 0.760974 0.0247983 9.9946E-05 0.0100376 9.9946E-05 9.9946E-05 0.0340895 0.0163051 9.9946E-05 0.0853603
0.540239 0.0127272 0.0299716 0.0256782 0.0959563 9.9982E-05 0.186212 9.9982E-05 0.0148194 0.0199985 0.0316855 0.0156275 0.0140863 0.0127982
0.947407 9.991E-05 9.991E-05 9.991E-05 9.991E-05 9.991E-05 9.991E-05 9.991E-05 0.0101636 9.991E-05 9.991E-05 0.0103176 9.991E-05 0.0311131
0.53011 0.0513576 0.00465305 9.9964E-05 9.9964E-05 0.120295 0.100669 0.0450122 0.0748163 0.0433802 9.9964E-05 0.000161356 0.0291445 9.9964E-05
0.493157 0.0384858 9.9946E-05 9.9946E-05 0.0560567 9.9946E-05 0.0823646 0.184386 0.0522119 0.0631783 9.9946E-05 9.9946E-05 0.0295603 9.9946E-05
0.631388 9.9928E-05 0.0462144 9.9928E-05 9.9928E-05 9.9928E-05 0.0710073 0.192414 0.0295837 0.0285927 9.9928E-05 9.9928E-05 9.9928E-05 9.9928E-05
0.637561 0.0161905 0.0467574 0.0311043 0.179753 9.9964E-05 9.9964E-05 0.0155533 0.00616119 0.0355369 9.9964E-05 0.0158664 9.9964E-05 0.0151163
9.98828E-05 9.98828E-05 9.98828E-05 9.98828E-05 9.98828E-05 9.98828E-05 9.98828E-05 9.98828E-05 0.998702 9.98828E-05 9.98828E-05 9.98828E-05 9.98828E-05 9.98828E-05
0.955582 0.00916289 9.9919E-05 9.9919E-05 9.9919E-05 9.9919E-05 9.9919E-05 9.9919E-05 0.0144774 9.9919E-05 9.9919E-05 0.0176342 0.00224419 9.9919E-05
0.492776 0.0201818 0.0407596 9.9964E-05 9.9964E-05 0.043917 0.169125 0.0540876 0.0591083 0.0293854 9.9964E-05 9.9964E-05 0.032469 0.0577909
0.410625 0.0446015 0.0490916 9.9973E-05 0.0789506 0.0429043 9.9973E-05 0.128658 0.0542512 9.9973E-05 0.118176 0.0198932 0.00531471 0.0472342
0.574511 0.0418837 0.0326991 9.9964E-05 0.0739955 0.0172888 9.9964E-05 0.159611 0.0613947 0.0227027 0.0106723 9.9964E-05 9.9964E-05 0.00484114
0.622837 0.0494711 0.050793 9.9964E-05 0.0692513 9.9964E-05 9.9964E-05 0.0467062 0.0495705 0.0251157 0.050167 0.0281545 9.9964E-05 0.00753388
0.647959 0.0587429 0.0493894 9.9955E-05 9.9955E-05 0.0461198 9.9955E-05 9.9955E-05 0.0487621 9.9955E-05 0.086228 0.0211024 0.0146476 0.0265496
0.667084 0.033278 0.0521079 9.9955E-05 0.0850087 9.9955E-05 9.9955E-05 0.0384776 0.0440496 0.0124888 0.0203475 9.9955E-05 0.0466584 9.9955E-05
0.500908 0.0126557 0.0401956 9.9946E-05 0.113034 9.9946E-05 9.9946E-05 0.22578 0.0619657 0.0221252 9.9946E-05 9.9946E-05 0.0227373 9.9946E-05
0.618742 0.0185731 0.00858924 9.9964E-05 0.109798 9.9964E-05 9.9964E-05 0.0568765 0.0515042 0.0550078 0.0644385 0.00654715 0.00952379 9.9964E-05
0.380056 9.9946E-05 0.0102299 0.0197593 9.9946E-05 9.9946E-05 0.132058 0.384242 0.00481958 0.0664041 9.9946E-05 0.00183193 9.9946E-05 9.9946E-05
0.199569 9.9946E-05 0.0479132 9.9946E-05 0.305149 9.9946E-05 9.9946E-05 0.328054 0.0241973 0.0189789 9.9946E-05 0.0530479 0.0224913 9.9946E-05
0.406652 0.0151704 0.0232638 9.995E-05 0.313481 0.0660847 9.995E-05 0.0454231 0.0400011 0.0205735 9.995E-05 9.995E-05 9.995E-05 0.0688503
0.348924 0.0302754 0.0171026 9.9937E-05 0.462643 9.9937E-05 0.0176471 9.9937E-05 9.9937E-05 0.0160016 9.9937E-05 9.9937E-05 9.9937E-05 0.106707
9.98828E-05 9.98828E-05 9.98828E-05 9.98828E-05 9.98828E-05 9.98828E-05 9.98828E-05 9.98828E-05 0.998702 9.98828E-05 9.98828E-05 9.98828E-05 9.98828E-05 9.98828E-05
0.4415 0.0800257 0.0564938 0.0738666 0.185587 9.9964E-05 0.0210663 0.0161526 0.0251528 9.9964E-05 9.9964E-05 0.038224 9.9964E-05 0.0615313
0.501351 0.0317793 0.0387083 9.9946E-05 0.197741 0.013902 9.9946E-05 0.0473536 0.098936 0.0696295 9.9946E-05 9.9946E-05 9.9946E-05 9.9946E-05
0.385144 0.0422345 0.0724222 9.9964E-05 0.208924 9.9964E-05 9.9964E-05 0.197971 9.9964E-05 0.0183823 0.0281914 0.00344886 0.0158101 0.0270718
0.605653 0.0285021 0.0334458 9.9973E-05 0.0113197 0.100609 0.0129202 0.101985 0.0433113 0.0250273 9.9973E-05 0.00958734 0.0273389 9.9973E-05
0.54943 0.0377744 0.0294835 9.9946E-05 0.125969 9.9946E-05 9.9946E-05 0.0206806 0.0805257 0.0448214 9.9946E-05 9.9946E-05 9.9946E-05 0.110715
0.292254 0.0652977 0.0302673 0.0510539 0.288491 0.192801 0.0179803 9.9973E-05 9.9973E-05 0.01434 0.0133285 0.00772746 9.9973E-05 0.0261581
9.9928E-05 0.0121007 0.0235013 9.9928E-05 0.174227 0.708775 9.9928E-05 9.9928E-05 0.0504397 0.0301567 9.9928E-05 9.9928E-05 9.9928E-05 9.9928E-05
0.519647 9.9946E-05 0.0127152 0.135075 0.141108 0.0754595 0.0396352 9.9946E-05 9.9946E-05 9.9946E-05 0.0518919 9.9946E-05 0.0238685 9.9946E-05
0.414714 0.0095547 0.0471712 0.0325824 0.156421 0.00151836 9.9964E-05 0.199577 0.0536539 0.0514681 9.9964E-05 9.9964E-05 9.9964E-05 0.032939
0.311047 9.9937E-05 0.0740821 0.109127 0.205445 9.9937E-05 9.9937E-05 0.243495 9.9937E-05 0.0210982 9.9937E-05 9.9937E-05 0.0350063 9.9937E-05
0.629866 0.0471266 9.9982E-05 0.0517323 0.113942 0.0291569 0.0201873 0.0555343 0.00962698 0.0112596 0.00414631 0.010508 0.0167129 9.9982E-05
9.98828E-05 9.98828E-05 9.98828E-05 9.98828E-05 9.98828E-05 9.98828E-05 9.98828E-05 9.98828E-05 9.98828E-05 0.998702 9.98828E-05 9.98828E-05 9.98828E-05 9.98828E-05
0.529051 0.0179027 0.0259161 9.9973E-05 0.183153 9.9973E-05 0.00761731 0.00682444 0.113206 0.0295563 0.0370719 0.011487 9.9973E-05 0.0379148
0.607194 0.0116473 0.012786 9.9955E-05 0.156479 0.0332021 9.9955E-05 0.077855 0.0710614 0.0107083 9.9955E-05 9.9955E-05 0.018567 9.9955E-05
0.465512 9.9946E-05 0.0147749 0.175092 9.9946E-05 9.9946E-05 0.151428 9.9946E-05 9.9946E-05 0.104393 0.0182677 0.0131567 0.0567762 9.9946E-05
0.38252 9.9955E-05 0.0254007 9.9955E-05 9.9955E-05 9.9955E-05 0.267013 9.9955E-05 0.0380463 0.0950068 0.115616 0.00643155 0.0178529 0.0516128
0.568588 9.9946E-05 0.0396636 0.0785069 9.9946E-05 9.9946E-05 0.182061 9.9946E-05 0.0404805 0.0389184 0.0130301 9.9946E-05 0.038152 9.9946E-05
0.545135 0.0207956 9.9955E-05 9.9955E-05 9.9955E-05 0.123848 0.0882129 9.9955E-05 0.0511576 0.0788159 0.000230809 0.0204643 0.0708408 9.9955E-05
0.376407 0.0223179 0.0641374 0.031287 9.9964E-05 0.00635722 0.253117 0.18387 0.0166132 0.0451803 9.9964E-05 9.9964E-05 0.000314176 9.9964E-05
0.550233 0.0267106 0.0456707 9.9955E-05 0.122879 9.9955E-05 0.0809848 0.0481693 0.0409779 0.0255766 9.9955E-05 9.9955E-05 9.9955E-05 0.0582982
0.492155 0.0173791 0.0536977 9.9955E-05 0.124485 9.9955E-05 9.9955E-05 0.179512 0.0435435 0.0134906 0.0578377 9.9955E-05 0.0173996 9.9955E-05
0.586406 0.0256104 0.0856547 9.9946E-05 9.9946E-05 9.9946E-05 0.164563 0.0283546 0.0174327 0.0498504 9.9946E-05 9.9946E-05 9.9946E-05 0.0415284
0.545473 0.0336419 0.0169919 0.0222341 9.9973E-05 9.9973E-05 0.207692 0.097727 0.0153541 0.00689603 0.0462329 0.000117406 0.00733979 9.9973E-05
0.578881 0.0753898 0.0332739 0.0911454 0.0249975 0.053007 9.9964E-05 9.9964E-05 0.0721061 0.0352541 9.9964E-05 0.0223974 0.0131477 9.9964E-05
0.592023 0.00800351 0.0278571 0.0415159 0.0915191 9.9955E-05 9.9955E-05 0.170623 0.0340901 0.0269839 9.9955E-05 9.9955E-05 9.9955E-05 0.00688388
9.98829E-05 0.998702 9.98829E-05 9.98829E-05 9.98829E-05 9.98829E-05 9.98829E-05 9.98829E-05 9.98829E-05 9.98829E-05 9.98829E-05 9.98829E-05 9.98829E-05 9.98829E-05
0.516831 0.0320907 0.0641583 0.00464964 0.13077 0.032587 9.9991E-05 0.071 0.00286249 0.0628217 0.0140143 0.0225036 0.0102442 0.0353675
0.622106 0.00929677 9.9973E-05 0.0190136 0.106456 9.9973E-05 0.0230619 9.9973E-05 0.0927376 0.0772727 0.00622705 0.0140024 0.0181166 0.0114091
0.531016 0.0408922 0.0127814 9.9973E-05 0.0378877 0.0574657 0.073587 0.0592976 0.0753354 0.03552 9.9973E-05 0.0118088 9.9973E-05 0.0641079
0.507066 0.000753749 0.0353673 9.9955E-05 0.181497 0.0232191 9.9955E-05 0.126357 0.0454571 0.0723229 9.9955E-05 9.9955E-05 9.9955E-05 0.00746032
0.547731 9.9946E-05 0.0649681 9.9946E-05 0.0846345 9.9946E-05 9.9946E-05 0.223312 0.0321971 0.0141141 9.9946E-05 9.9946E-05 0.0256079 0.0068356
0.471825 0.0172852 0.0455689 9.9955E-05 9.9955E-05 9.9955E-05 0.0948999 0.235021 0.0296888 9.9955E-05 0.0367371 0.0149041 9.9955E-05 0.0535695
9.98828E-05 9.98828E-05 0.998702 9.98828E-05 9.98828E-05 9.98828E-05 9.98828E-05 9.98828E-05 9.98828E-05 9.98828E-05 9.98828E-05 9.98828E-05 9.98828E-05 9.98828E-05
9.98829E-05 0.998702 9.98829E-05 9.98829E-05 9.98829E-05 9.98829E-05 9.98829E-05 9.98829E-05 9.98829E-05 9.98829E-05 9.98829E-05 9.98829E-05 9.98829E-05 9.98829E-05
9.98828E-05 9.98828E-05 0.998702 9.98828E-05 9.98828E-05 9.98828E-05 9.98828E-05 9.98828E-05 9.98828E-05 9.98828E-05 9.98828E-05 9.98828E-05 9.98828E-05 9.98828E-05
0.677513 0.00284916 0.00391963 0.0439269 0.0640549 9.9973E-05 0.0447322 9.9973E-05 0.0253812 0.100804 9.9973E-05 0.0129221 0.00571009 0.0178877
0.43466 0.0224588 0.0834399 0.0577048 9.9973E-05 9.9973E-05 0.138715 9.9973E-05 0.0696914 0.0919599 0.0655623 0.0136604 0.0126753 0.00917245
0.58467 0.0600947 0.0482345 9.9973E-05 0.0237049 0.0907376 9.9973E-05 0.0167189 0.0112153 0.0311553 0.0697833 0.00533946 9.9973E-05 0.058046
0.641297 0.0534967 0.0783582 9.9973E-05 0.08923 9.9973E-05 9.9973E-05 0.00454403 0.0181289 0.0225591 0.000290093 0.0363202 0.0142894 0.0411867
0.59276 0.0300817 0.0264599 9.9946E-05 0.221326 9.9946E-05 9.9946E-05 0.0679348 0.0383369 9.9946E-05 9.9946E-05 0.0189749 9.9946E-05 0.00352582
9.98828E-05 9.98828E-05 9.98828E-05 9.98828E-05 9.98828E-05 9.98828E-05 9.98828E-05 9.98828E-05 9.98828E-05 0.998702 9.98828E-05 9.98828E-05 9.98828E-05 9.98828E-05
0.588432 0.0458154 0.0231699 9.9955E-05 0.16622 0.0390382 9.9955E-05 9.9955E-05 9.9955E-05 0.0533118 0.0208639 9.9955E-05 0.0614881 0.00116088
0.210369 9.9919E-05 9.9919E-05 0.0110785 9.9919E-05 9.9919E-05 9.9919E-05 0.734764 9.9919E-05 9.9919E-05 9.9919E-05 0.0296939 0.0131947 9.9919E-05
9.9919E-05 0.006193 0.0114679 9.9919E-05 9.9919E-05 9.9919E-05 0.0135711 0.946324 0.0215448 9.9919E-05 9.9919E-05 9.9919E-05 9.9919E-05 9.9919E-05
9.9928E-05 0.030495 0.0261059 9.9928E-05 9.9928E-05 9.9928E-05 0.0477857 0.836508 9.9928E-05 9.9928E-05 9.9928E-05 0.0461846 0.012121 9.9928E-05
0.0230749 9.9937E-05 9.9937E-05 9.9937E-05 9.9937E-05 9.9937E-05 0.117735 0.769392 0.0223117 0.0179981 9.9937E-05 0.0167622 9.9937E-05 0.0320261
0.0357644 0.0221288 0.0388602 0.0534557 9.9964E-05 9.9964E-05 0.07755 0.654098 0.0279397 0.0168119 0.0658109 9.9964E-05 0.00718027 9.9964E-05
9.9928E-05 0.0028055 9.9928E-05 9.9928E-05 9.9928E-05 0.0434222 9.9928E-05 0.883079 9.9928E-05 0.0167189 0.0498654 0.0033094 9.9928E-05 9.9928E-05
9.9901E-05 9.9901E-05 9.9901E-05 9.9901E-05 9.9901E-05 0.0183963 9.9901E-05 0.969163 9.9901E-05 9.9901E-05 9.9901E-05 9.9901E-05 9.9901E-05 0.0113419
9.9928E-05 0.00435631 9.9928E-05 9.9928E-05 9.9928E-05 9.9928E-05 9.9928E-05 0.857415 9.9928E-05 0.0110333 0.0779821 9.9928E-05 0.0190365 0.0293778
9.9946E-05 0.00320291 0.00183882 9.9946E-05 0.0842051 0.0200832 0.0780696 0.773374 9.9946E-05 9.9946E-05 0.025966 0.0126603 9.9946E-05 9.9946E-05
9.9946E-05 0.0245206 0.0110257 0.0289269 0.100427 9.9946E-05 9.9946E-05 0.727071 0.0250143 0.0452604 9.9946E-05 0.0371551 9.9946E-05 9.9946E-05
0.0400937 0.0069011 0.014654 9.9946E-05 0.0261077 9.9946E-05 9.9946E-05 0.738293 9.9946E-05 0.0298906 0.11808 9.9946E-05 0.0253801 9.9946E-05
9.9964E-05 0.00963036 0.032411 0.812823 0.0191194 9.9964E-05 9.9964E-05 0.0284253 0.0126946 0.00998838 0.0423231 9.9964E-05 0.00439165 0.0277935
9.9946E-05 0.0302885 9.9946E-05 0.500554 0.0224521 0.266622 9.9946E-05 0.125122 0.0155483 9.9946E-05 9.9946E-05 0.0197108 0.0191023 9.9946E-05
0.027003 0.0146628 0.0281377 0.77414 0.10485 9.9946E-05 9.9946E-05 9.9946E-05 9.9946E-05 9.9946E-05 0.0262757 0.0110583 0.0132728 9.9946E-05
9.9946E-05 9.9946E-05 0.0127149 0.651021 0.123847 0.134793 0.00914867 9.9946E-05 9.9946E-05 9.9946E-05 0.00945945 0.00319914 9.9946E-05 0.0552173
9.9928E-05 9.9928E-05 9.9928E-05 0.717469 0.1105 9.9928E-05 9.9928E-05 9.9928E-05 0.0698028 0.0184841 9.9928E-05 0.0304393 0.0525057 9.9928E-05
0.0837059 0.000395771 0.0140772 0.549212 9.9964E-05 0.250921 0.0165461 0.0551794 0.00137618 9.9964E-05 9.9964E-05 0.0242667 0.00391971 9.9964E-05
9.9937E-05 0.052003 9.9937E-05 0.731326 0.00226134 0.0155258 0.131853 9.9937E-05 0.0144793 9.9937E-05 0.0518517 9.9937E-05 9.9937E-05 9.9937E-05
9.9946E-05 0.00501564 0.010287 0.72284 9.9946E-05 0.141378 9.9946E-05 0.0711083 9.9946E-05 0.0134937 9.9946E-05 0.0181624 0.017115 9.9946E-05
0.033043 9.9946E-05 0.093135 0.650081 0.055432 9.9946E-05 0.0626155 9.9946E-05 9.9946E-05 0.0373131 0.0207286 9.9946E-05 0.0470523 9.9946E-05
9.99191E-05 0.0222765 9.99191E-05 0.71369 0.191257 9.99191E-05 9.99191E-05 0.0701587 0.00171833 9.99191E-05 9.99191E-05 9.99191E-05 9.99191E-05 9.99191E-05
9.9946E-05 9.9946E-05 9.9946E-05 0.745574 0.0449053 0.0612184 0.0583475 9.9946E-05 0.0493348 9.9946E-05 9.9946E-05 0.0200801 0.0063447 0.0135957
9.9919E-05 9.9919E-05 9.9919E-05 0.450534 0.168884 0.298376 9.9919E-05 9.9919E-05 9.9919E-05 9.9919E-05 0.0034096 9.9919E-05 9.9919E-05 0.077898
0.0253094 9.9964E-05 0.0266355 0.489816 0.144507 0.189609 9.9964E-05 0.0326618 9.9964E-05 0.0233123 0.0103297 0.0244668 9.9964E-05 0.032953
0.0769557 9.9955E-05 0.0247084 0.16595 0.134439 0.438833 0.0413958 0.0576823 9.9955E-05 0.0299098 9.9955E-05 9.9955E-05 0.0296253 9.9955E-05
0.0514957 9.9946E-05 9.9946E-05 0.0468528 9.9946E-05 0.799257 9.9946E-05 0.0337412 9.9946E-05 0.0141312 0.0288859 9.9946E-05 0.0154936 0.00954235
0.0086147 9.9919E-05 9.9919E-05 9.9919E-05 9.9919E-05 0.897706 9.9919E-05 9.9919E-05 0.0259949 0.0161735 9.9919E-05 9.9919E-05 0.0506115 9.9919E-05
9.9928E-05 9.9928E-05 0.0142796 9.9928E-05 0.00858677 0.941487 9.9928E-05 0.021614 0.00464089 9.9928E-05 0.00859208 9.9928E-05 9.9928E-05 9.9928E-05
9.9901E-05 9.9901E-05 9.9901E-05 9.9901E-05 9.9901E-05 0.956129 9.9901E-05 0.016045 9.9901E-05 9.9901E-05 9.9901E-05 9.9901E-05 0.0267268 9.9901E-05
9.98921E-05 9.98921E-05 9.98921E-05 9.98921E-05 9.98921E-05 0.977312 9.98921E-05 9.98921E-05 9.98921E-05 9.98921E-05 9.98921E-05 0.0214895 9.98921E-05 9.98921E-05
0.0372988 9.9928E-05 9.9928E-05 9.9928E-05 9.9928E-05 0.868727 0.00854588 9.9928E-05 0.0436845 9.9928E-05 9.9928E-05 0.0388337 0.00211029 9.9928E-05
9.9946E-05 0.00156711 9.9946E-05 9.9946E-05 9.9946E-05 0.7748 0.0579897 9.9946E-05 0.0334728 0.0455578 0.0511391 9.9946E-05 0.00168347 0.0331906
9.9937E-05 0.0224911 0.0157473 0.0513238 0.028811 0.788592 9.9937E-05 0.0872852 9.9937E-05 9.9937E-05 9.9937E-05 0.00505036 9.9937E-05 9.9937E-05
0.0173462 0.00367154 0.0374627 0.603112 9.9937E-05 0.231462 0.0368052 0.0694408 9.9937E-05 9.9937E-05 9.9937E-05 9.9937E-05 9.9937E-05 9.9937E-05
0.0506635 9.9955E-05 9.9955E-05 0.704423 9.9955E-05 0.0505222 0.131233 9.9955E-05 0.0121853 0.0262977 0.00647111 9.9955E-05 0.0112704 0.00643346
0.022247 0.0114316 9.9946E-05 0.554542 9.9946E-05 0.225879 9.9946E-05 9.9946E-05 9.9946E-05 0.0864919 0.0657412 9.9946E-05 0.0206488 0.0124185
0.110736 9.9928E-05 9.9928E-05 0.715744 9.9928E-05 9.9928E-05 0.126297 9.9928E-05 9.9928E-05 9.9928E-05 0.0361713 0.00791982 0.00233187 9.9928E-05
9.9946E-05 9.9946E-05 0.0319674 0.727785 9.9946E-05 9.9946E-05 0.138957 9.9946E-05 0.00411173 0.0396323 9.9946E-05 0.0205633 0.0170436 0.01934
0.104786 0.0104706 9.9928E-05 0.487832 9.9928E-05 0.190712 0.1539 9.9928E-05 9.9928E-05 9.9928E-05 9.9928E-05 9.9928E-05 9.9928E-05 0.0514998
0.0689957 0.00739971 9.9973E-05 0.410101 0.0170869 0.345084 0.056636 0.0382908 9.9973E-05 0.00136312 9.9973E-05 0.0287952 0.0088742 0.0170735
9.99281E-05 0.0145041 9.99281E-05 0.734155 0.127585 0.0522743 9.99281E-05 9.99281E-05 0.023235 0.0474479 9.99281E-05 9.99281E-05 9.99281E-05 9.99281E-05
9.9937E-05 0.02973 0.0226834 0.811845 0.0508097 9.9937E-05 0.0441341 0.0231913 0.016907 9.9937E-05 9.9937E-05 9.9937E-05 9.9937E-05 9.9937E-05
0.0405043 0.0121431 0.0104122 0.693767 0.117027 0.0244995 0.0355395 9.9973E-05 9.9973E-05 9.9973E-05 0.00859297 0.00218639 0.0199186 0.0351096
0.0165321 9.9955E-05 9.9955E-05 0.584083 0.129039 0.156514 0.0158401 0.0198336 9.9955E-05 9.9955E-05 0.0468337 0.0123686 0.0184556 9.9955E-05
9.9937E-05 0.0239249 0.0250861 0.594812 9.9937E-05 0.248581 9.9937E-05 9.9937E-05 0.000202248 9.9937E-05 0.0721568 9.9937E-05 0.0345371 9.9937E-05
0.0132938 9.9937E-05 0.00252058 0.906669 9.9937E-05 9.9937E-05 9.9937E-05 9.9937E-05 0.0216942 0.0148912 9.9937E-05 0.0196829 9.9937E-05 0.0205483
9.9928E-05 9.9928E-05 9.9928E-05 0.0362201 0.0123928 9.9928E-05 0.92274 9.9928E-05 0.008414 9.9928E-05 9.9928E-05 0.00995894 0.00947459 9.9928E-05
9.9919E-05 0.00600577 9.9919E-05 9.9919E-05 9.9919E-05 9.9919E-05 0.941912 9.9919E-05 0.00493347 0.0456174 9.9919E-05 9.9919E-05 9.9919E-05 0.000631917
0.00832503 9.991E-05 9.991E-05 9.991E-05 9.991E-05 9.991E-05 0.917048 9.991E-05 0.0324508 9.991E-05 9.991E-05 9.991E-05 9.991E-05 0.0411769
9.9955E-05 0.0129613 0.0150131 0.047147 0.0489041 9.9955E-05 0.783146 9.9955E-05 9.9955E-05 0.00498779 0.0260812 9.9955E-05 0.00426488 0.0569948
0.0190774 0.0214135 9.991E-05 9.991E-05 9.991E-05 9.991E-05 0.91192 9.991E-05 9.991E-05 9.991E-05 9.991E-05 9.991E-05 9.991E-05 0.0465897
9.9928E-05 0.00321208 0.00304738 9.9928E-05 0.163989 9.9928E-05 0.781492 9.9928E-05 0.0287861 9.9928E-05 9.9928E-05 0.0186739 9.9928E-05 9.9928E-05
9.9901E-05 9.9901E-05 9.9901E-05 9.9901E-05 0.0700237 9.9901E-05 0.913729 9.9901E-05 9.9901E-05 0.0151489 9.9901E-05 9.9901E-05 9.9901E-05 9.9901E-05
9.9928E-05 9.9928E-05 0.000715933 9.9928E-05 0.088722 9.9928E-05 0.633131 0.129013 9.9928E-05 9.9928E-05 0.0983014 9.9928E-05 9.9928E-05 0.0493175
