0.227405 0.0534227 9.99551E-05 9.99551E-05 9.99551E-05 0.0723865 9.99551E-05 0.00752506 9.99551E-05 0.638761
9.99371E-05 9.99371E-05 9.99371E-05 9.99371E-05 9.99371E-05 9.99371E-05 9.99371E-05 0.0475514 0.092474 0.859275
0.652081 9.99371E-05 9.99371E-05 9.99371E-05 9.99371E-05 0.0301234 9.99371E-05 9.99371E-05 9.99371E-05 0.317096
9.99371E-05 0.0520975 9.99371E-05 9.99371E-05 0.0660766 9.99371E-05 9.99371E-05 9.99371E-05 0.881126 9.99371E-05
9.99281E-05 9.99281E-05 9.99281E-05 9.99281E-05 9.99281E-05 9.99281E-05 0.992592 9.99281E-05 0.00660864 9.99281E-05
0.0518415 9.99461E-05 9.99461E-05 0.0298881 0.896876 9.99461E-05 9.99461E-05 0.020795 9.99461E-05 9.99461E-05
0.128954 0.39 9.9964E-05 0.339713 0.0161428 9.9964E-05 9.9964E-05 0.0249857 0.099805 9.9964E-05
0.0222078 9.99461E-05 0.0577668 0.146945 9.99461E-05 9.99461E-05 9.99461E-05 9.99461E-05 9.99461E-05 0.772481
9.99372E-05 9.99372E-05 0.704303 9.99372E-05 0.0401792 9.99372E-05 9.99372E-05 0.254818 9.99372E-05 9.99372E-05
9.99371E-05 0.0282912 9.99371E-05 0.116254 9.99371E-05 9.99371E-05 0.854756 9.99371E-05 9.99371E-05 9.99371E-05
9.99201E-05 9.99201E-05 9.99201E-05 0.999101 9.99201E-05 9.99201E-05 9.99201E-05 9.99201E-05 9.99201E-05 9.99201E-05
9.99461E-05 0.000170462 9.99461E-05 9.99461E-05 0.0927484 0.00596757 9.99461E-05 9.99461E-05 9.99461E-05 0.900514
9.9928E-05 0.794796 9.9928E-05 9.9928E-05 9.9928E-05 9.9928E-05 9.9928E-05 0.204405 9.9928E-05 9.9928E-05
0.154941 0.460542 9.99461E-05 0.0257062 9.99461E-05 9.99461E-05 9.99461E-05 9.99461E-05 0.358212 9.99461E-05
9.99372E-05 9.99372E-05 9.99372E-05 9.99372E-05 0.001745 9.99372E-05 0.953363 0.0441929 9.99372E-05 9.99372E-05
9.99201E-05 9.99201E-05 9.99201E-05 9.99201E-05 9.99201E-05 9.99201E-05 9.99201E-05 0.999101 9.99201E-05 9.99201E-05
9.99461E-05 0.0342001 9.99461E-05 9.99461E-05 0.118402 9.99461E-05 9.99461E-05 9.99461E-05 0.243894 0.602904
9.99549E-05 9.99549E-05 0.0163878 0.290566 0.113844 9.99549E-05 0.151785 0.426918 9.99549E-05 9.99549E-05
9.99281E-05 9.99281E-05 9.99281E-05 9.99281E-05 0.969707 9.99281E-05 9.99281E-05 9.99281E-05 9.99281E-05 0.0294933
9.99281E-05 9.99281E-05 0.0230009 9.99281E-05 9.99281E-05 0.9762 9.99281E-05 9.99281E-05 9.99281E-05 9.99281E-05
9.9964E-05 0.069844 0.0230201 9.9964E-05 0.0862552 0.599011 9.9964E-05 0.204665 9.9964E-05 0.0168049
9.99282E-05 9.99282E-05 0.963793 9.99282E-05 9.99282E-05 9.99282E-05 0.0354076 9.99282E-05 9.99282E-05 9.99282E-05
9.99371E-05 9.99371E-05 9.99371E-05 9.99371E-05 9.99371E-05 0.00352358 0.177756 0.818021 9.99371E-05 9.99371E-05
9.9946E-05 9.9946E-05 9.9946E-05 0.0651527 9.9946E-05 0.122965 9.9946E-05 0.0255657 0.785717 9.9946E-05
0.954641 9.99281E-05 9.99281E-05 9.99281E-05 0.0445597 9.99281E-05 9.99281E-05 9.99281E-05 9.99281E-05 9.99281E-05
9.99281E-05 9.99281E-05 9.99281E-05 9.99281E-05 9.99281E-05 0.369041 0.630159 9.99281E-05 9.99281E-05 9.99281E-05
9.99201E-05 9.99201E-05 9.99201E-05 9.99201E-05 9.99201E-05 9.99201E-05 9.99201E-05 9.99201E-05 0.999101 9.99201E-05
9.99281E-05 0.385502 0.613699 9.99281E-05 9.99281E-05 9.99281E-05 9.99281E-05 9.99281E-05 9.99281E-05 9.99281E-05
9.99284E-05 9.99284E-05 9.99284E-05 0.00439403 9.99284E-05 9.99284E-05 9.99284E-05 9.99284E-05 9.99284E-05 0.994807
9.993E-05 9.993E-05 0.762402 9.993E-05 9.993E-05 9.993E-05 9.993E-05 9.993E-05 0.0757053 0.161193
0.818887 0.180314 9.99282E-05 9.99282E-05 9.99282E-05 9.99282E-05 9.99282E-05 9.99282E-05 9.99282E-05 9.99282E-05
0.968936 9.99282E-05 9.99282E-05 9.99282E-05 9.99282E-05 9.99282E-05 0.0302649 9.99282E-05 9.99282E-05 9.99282E-05
9.99201E-05 0.999101 9.99201E-05 9.99201E-05 9.99201E-05 9.99201E-05 9.99201E-05 9.99201E-05 9.99201E-05 9.99201E-05
0.0775494 9.99461E-05 9.99461E-05 9.99461E-05 0.848917 9.99461E-05 0.022903 0.0500308 9.99461E-05 9.99461E-05
9.99371E-05 9.99371E-05 0.0787879 9.99371E-05 9.99371E-05 9.99371E-05 9.99371E-05 9.99371E-05 0.715636 0.204877
9.993E-05 9.993E-05 9.993E-05 9.993E-05 0.00684349 9.993E-05 9.993E-05 0.992015 9.993E-05 0.000441974
9.9928E-05 9.9928E-05 0.962902 9.9928E-05 0.0362986 9.9928E-05 9.9928E-05 9.9928E-05 9.9928E-05 9.9928E-05
0.0156532 0.0181544 9.99462E-05 0.0221818 0.943411 9.99462E-05 9.99462E-05 9.99462E-05 9.99462E-05 9.99462E-05
9.9937E-05 9.9937E-05 9.9937E-05 0.925658 0.0113907 9.9937E-05 9.9937E-05 9.9937E-05 9.9937E-05 0.0622518
9.99372E-05 9.99372E-05 0.0503446 9.99372E-05 0.759955 9.99372E-05 9.99372E-05 9.99372E-05 0.189001 9.99372E-05
9.99281E-05 9.99281E-05 9.99281E-05 9.99281E-05 0.753493 9.99281E-05 9.99281E-05 9.99281E-05 9.99281E-05 0.245707
9.9937E-05 9.9937E-05 0.134924 9.9937E-05 0.106131 9.9937E-05 9.9937E-05 9.9937E-05 9.9937E-05 0.758246
9.99201E-05 9.99201E-05 9.99201E-05 9.99201E-05 9.99201E-05 0.999101 9.99201E-05 9.99201E-05 9.99201E-05 9.99201E-05
0.999101 9.99201E-05 9.99201E-05 9.99201E-05 9.99201E-05 9.99201E-05 9.99201E-05 9.99201E-05 9.99201E-05 9.99201E-05
9.99371E-05 0.562253 9.99371E-05 9.99371E-05 9.99371E-05 0.357342 0.0797052 9.99371E-05 9.99371E-05 9.99371E-05
9.993E-05 9.993E-05 9.993E-05 9.993E-05 9.993E-05 9.993E-05 9.993E-05 0.0389937 0.181404 0.778902
9.99282E-05 9.99282E-05 0.1208 9.99282E-05 9.99282E-05 9.99282E-05 9.99282E-05 0.878401 9.99282E-05 9.99282E-05
9.99282E-05 9.99282E-05 9.99282E-05 9.99282E-05 0.819895 9.99282E-05 9.99282E-05 0.179305 9.99282E-05 9.99282E-05
0.0402234 0.0728831 9.99461E-05 0.12097 9.99461E-05 0.765324 9.99461E-05 9.99461E-05 9.99461E-05 9.99461E-05
9.99461E-05 9.99461E-05 9.99461E-05 0.0309655 0.327571 0.62941 9.99461E-05 0.0114544 9.99461E-05 9.99461E-05
