9.99008E-05 9.99008E-05 9.99008E-05 9.99008E-05 9.99008E-05 9.99008E-05 0.998901 9.99008E-05 9.99008E-05 9.99008E-05 9.99008E-05 9.99008E-05
9.9946E-05 9.9946E-05 0.044178 0.0083143 0.0034075 9.9946E-05 0.0465918 9.9946E-05 0.231973 0.664936 9.9946E-05 9.9946E-05
0.0610691 9.9946E-05 9.9946E-05 9.9946E-05 0.0291844 9.9946E-05 0.0489931 9.9946E-05 0.0635192 0.758546 9.9946E-05 0.0380889
0.0200222 9.9964E-05 0.00631043 0.00252521 0.0221377 9.9964E-05 0.0119503 9.9964E-05 0.0799777 0.792946 9.9964E-05 0.0637302
0.0799595 9.9964E-05 0.0133422 9.9964E-05 0.00585331 0.0344733 0.0330472 0.00491515 0.0245646 0.803445 9.9964E-05 9.9964E-05
0.0431548 9.9946E-05 0.0141886 0.0243152 9.9946E-05 9.9946E-05 9.9946E-05 0.00638779 9.9946E-05 0.903276 0.00807755 9.9946E-05
9.99008E-05 9.99008E-05 9.99008E-05 9.99008E-05 9.99008E-05 9.99008E-05 0.998901 9.99008E-05 9.99008E-05 9.99008E-05 9.99008E-05 9.99008E-05
0.00858633 0.0123025 0.0551498 0.0309176 0.00880306 0.00195568 0.0612985 0.0281806 9.9982E-05 0.785189 0.00741653 9.9982E-05
0.0544149 9.9946E-05 0.0826036 0.0281596 0.0391406 9.9946E-05 0.0681685 9.9946E-05 9.9946E-05 0.726913 9.9946E-05 9.9946E-05
9.9964E-05 9.9964E-05 0.0346229 0.0210603 9.9964E-05 0.0152384 0.0337165 0.0329987 0.0157791 0.787921 9.9964E-05 0.0582637
9.9955E-05 9.9955E-05 0.0115592 0.0120938 9.9955E-05 9.9955E-05 9.9955E-05 0.000852935 0.149563 0.75665 0.0212178 0.0475638
9.9946E-05 9.9946E-05 9.9946E-05 9.9946E-05 0.00084592 9.9946E-05 0.0703628 9.9946E-05 0.119381 0.719359 0.0333954 0.0560562
0.0959606 9.9955E-05 9.9955E-05 0.0561815 0.00691098 9.9955E-05 0.0299126 9.9955E-05 0.00388433 0.784463 9.9955E-05 0.0221877
9.9946E-05 9.9946E-05 0.0950699 0.0575466 9.9946E-05 9.9946E-05 0.0420132 9.9946E-05 0.0996517 0.642403 9.9946E-05 0.062716
0.0600186 9.9964E-05 0.00010768 0.00132873 0.0172168 0.0628796 0.0189106 9.9964E-05 9.9964E-05 0.793391 9.9964E-05 0.0457469
9.9937E-05 9.9937E-05 0.0601413 0.02434 9.9937E-05 0.012855 0.00256835 9.9937E-05 9.9937E-05 0.899396 9.9937E-05 9.9937E-05
9.9928E-05 9.9928E-05 9.9928E-05 9.9928E-05 9.9928E-05 9.9928E-05 0.0531864 0.00915091 9.9928E-05 0.907323 0.0295402 9.9928E-05
9.9937E-05 9.9937E-05 9.9937E-05 9.9937E-05 0.0018604 0.0215358 0.0592331 9.9937E-05 9.9937E-05 0.906561 0.0101104 9.9937E-05
9.9946E-05 9.9946E-05 9.9946E-05 0.0112961 0.0173645 0.0171126 0.0844672 0.00335127 9.9946E-05 0.865809 9.9946E-05 9.9946E-05
9.9928E-05 9.9928E-05 9.9928E-05 9.9928E-05 9.9928E-05 9.9928E-05 9.9928E-05 0.0124223 0.0309457 0.937309 0.0185238 9.9928E-05
9.99009E-05 9.99009E-05 9.99009E-05 9.99009E-05 9.99009E-05 9.99009E-05 9.99009E-05 9.99009E-05 9.99009E-05 9.99009E-05 9.99009E-05 0.998901
9.994E-05 0.0619038 0.0281001 0.00997306 9.994E-05 9.994E-05 0.0111969 9.994E-05 0.251111 9.994E-05 9.994E-05 0.637116
0.0377962 0.123389 0.0292591 0.00131672 9.9964E-05 0.0989329 0.0239984 0.0274398 9.9964E-05 9.9964E-05 9.9964E-05 0.657468
0.0380996 0.0769097 9.9955E-05 9.9955E-05 9.9955E-05 9.9955E-05 9.9955E-05 0.0292079 0.00655304 0.0105753 0.0385394 0.799615
0.124945 9.99191E-05 9.99191E-05 9.99191E-05 9.99191E-05 9.99191E-05 9.99191E-05 0.0138341 9.99191E-05 9.99191E-05 9.99191E-05 0.860321
0.129338 0.0192799 9.9955E-05 9.9955E-05 0.0184548 9.9955E-05 0.0344373 0.0122884 9.9955E-05 9.9955E-05 0.0265424 0.75916
0.0205778 0.0305913 0.0713728 9.9955E-05 0.0115423 0.169297 0.0248734 9.9955E-05 9.9955E-05 9.9955E-05 9.9955E-05 0.671246
9.99008E-05 9.99008E-05 9.99008E-05 9.99008E-05 9.99008E-05 9.99008E-05 9.99008E-05 9.99008E-05 9.99008E-05 9.99008E-05 9.99008E-05 0.998901
0.168007 9.9946E-05 0.0635777 9.9946E-05 9.9946E-05 0.0424168 9.9946E-05 0.0116751 0.0517425 9.9946E-05 9.9946E-05 0.661981
0.164371 0.0740821 0.0686591 0.0499003 9.9973E-05 0.0791213 9.9973E-05 0.00996558 0.0105587 0.00333839 9.9973E-05 0.539703
0.0943481 9.9955E-05 0.079877 9.9955E-05 0.0184594 0.0538799 9.9955E-05 9.9955E-05 0.0470259 9.9955E-05 0.024365 0.681545
0.0817473 0.0926972 0.0248362 0.0177867 9.9964E-05 0.0486185 0.00654817 9.9964E-05 9.9964E-05 9.9964E-05 0.03435 0.693016
0.15711 0.061781 0.0424391 0.0261864 0.0118977 9.9973E-05 0.0443237 0.00997787 9.9973E-05 0.00919437 9.9973E-05 0.63679
9.9946E-05 9.9946E-05 0.115928 0.0680164 0.0382101 9.9946E-05 9.9946E-05 0.0239299 0.171594 9.9946E-05 9.9946E-05 0.581721
0.108271 0.0256913 0.0193972 0.00304254 0.00322821 0.0229982 0.00329557 0.0402688 0.201813 0.0125475 0.00138631 0.558061
9.9955E-05 9.9955E-05 0.124994 0.0257571 0.0523601 9.9955E-05 0.00181589 9.9955E-05 0.415509 0.0115095 9.9955E-05 0.367554
9.9964E-05 0.101892 0.0198226 9.9964E-05 0.0301293 0.214044 9.9964E-05 0.0143054 9.9964E-05 0.00958252 0.0108273 0.598997
9.9955E-05 0.768808 9.9955E-05 0.00614388 0.0147208 0.0984747 9.9955E-05 9.9955E-05 0.0136679 9.9955E-05 0.0305709 0.0671139
0.0848643 0.615985 0.0427189 0.0211264 9.9955E-05 0.0788017 0.0220105 9.9955E-05 0.133994 9.9955E-05 9.9955E-05 9.9955E-05
0.1001 0.725512 0.00095053 0.0389641 0.0259819 0.0396427 9.9973E-05 0.0117065 9.9973E-05 0.0449312 0.0119106 9.9973E-05
9.9964E-05 0.71868 0.0243492 0.0196302 0.00849746 0.168372 0.0537109 0.003329 9.9964E-05 9.9964E-05 0.00303107 9.9964E-05
9.9973E-05 0.723284 9.9973E-05 0.0383512 0.0394136 0.0781174 0.0394005 0.0237335 0.0265384 9.9973E-05 0.0126853 0.0181764
0.017877 0.797956 9.9973E-05 0.013275 0.0233442 0.0923314 0.0385204 0.000878169 0.0121602 9.9973E-05 0.00335789 9.9973E-05
0.0370201 0.616577 0.0878492 0.0303984 0.0196719 9.9964E-05 0.0243295 9.9964E-05 0.148365 0.0353895 9.9964E-05 9.9964E-05
9.9973E-05 0.687291 0.00503026 0.0330016 0.0111955 0.119685 0.0141156 0.00689568 0.0957697 9.9973E-05 9.9973E-05 0.0267152
0.0979287 0.715234 0.0422806 9.9955E-05 9.9955E-05 9.9955E-05 9.9955E-05 0.0273332 9.9955E-05 0.0653423 0.00213868 0.0492427
9.9937E-05 0.769481 9.9937E-05 0.0353794 9.9937E-05 0.135762 9.9937E-05 0.0264394 9.9937E-05 9.9937E-05 0.0322381 9.9937E-05
0.0143117 0.766901 0.00630423 0.0237354 0.011561 0.0472499 0.018308 9.9973E-05 0.10858 0.00274901 9.9973E-05 9.9973E-05
9.9955E-05 0.847337 9.9955E-05 0.0127637 0.0216791 0.0188181 0.0283295 9.9955E-05 9.9955E-05 9.9955E-05 0.0478653 0.0227072
9.9964E-05 0.753215 0.0435403 0.0220595 0.0474654 0.0870063 9.9964E-05 0.00987842 9.9964E-05 0.0321833 9.9964E-05 0.00425231
0.0488798 0.791931 0.020818 0.000198384 0.035457 9.9973E-05 0.0396103 0.0144245 9.9973E-05 9.9973E-05 0.0423274 0.00605393
9.9946E-05 0.806987 9.9946E-05 0.0390485 0.0372479 0.0749718 0.0324416 9.9946E-05 9.9946E-05 9.9946E-05 0.00870381 9.9946E-05
0.0350495 0.765962 9.9946E-05 0.0654982 9.9946E-05 0.0261868 9.9946E-05 0.0729128 9.9946E-05 0.0337905 9.9946E-05 9.9946E-05
9.9955E-05 0.725082 9.9955E-05 9.9955E-05 9.9955E-05 0.0221278 0.0600698 0.0122506 0.115751 0.0260026 0.0382171 9.9955E-05
0.0260126 0.719848 0.0236311 0.0381489 9.9973E-05 0.0788784 9.9973E-05 0.0324247 9.9973E-05 0.0554864 0.00991835 0.0153512
0.0851134 0.689137 9.9955E-05 0.00885379 0.0296024 9.9955E-05 9.9955E-05 9.9955E-05 0.111374 0.0514453 0.0239736 9.9955E-05
0.108979 0.743278 9.9946E-05 0.00780704 9.9946E-05 9.9946E-05 9.9946E-05 0.0294971 9.9946E-05 0.0843607 9.9946E-05 0.0254782
0.0330185 0.115882 9.9973E-05 0.0249658 0.00143854 0.316219 9.9973E-05 9.9973E-05 0.425715 0.0216568 0.0213527 0.039451
9.99008E-05 9.99008E-05 9.99008E-05 9.99008E-05 0.998901 9.99008E-05 9.99008E-05 9.99008E-05 9.99008E-05 9.99008E-05 9.99008E-05 9.99008E-05
0.00489531 9.9973E-05 0.0341669 0.0588339 9.9973E-05 0.393706 0.0272537 0.0599835 0.410157 9.9973E-05 0.00287482 0.00782877
0.174254 0.0104743 9.9973E-05 0.0596895 0.0235363 0.314819 0.0360028 0.0304285 0.34478 9.9973E-05 0.00571538 9.9973E-05
0.0665658 9.9955E-05 9.9955E-05 0.0244317 0.0447275 0.638276 9.9955E-05 0.0110887 0.19613 9.9955E-05 0.0182805 9.9955E-05
9.9973E-05 0.0296629 0.0324995 0.0457325 0.00623205 0.762972 9.9973E-05 0.019837 0.0301859 0.0485754 0.0240028 9.9973E-05
9.99008E-05 9.99008E-05 9.99008E-05 0.998901 9.99008E-05 9.99008E-05 9.99008E-05 9.99008E-05 9.99008E-05 9.99008E-05 9.99008E-05 9.99008E-05
9.99008E-05 9.99008E-05 9.99008E-05 9.99008E-05 0.998901 9.99008E-05 9.99008E-05 9.99008E-05 9.99008E-05 9.99008E-05 9.99008E-05 9.99008E-05
0.0619745 0.0647875 9.9982E-05 0.0411561 0.0163084 0.173224 0.00964774 0.00426124 0.541537 0.0535265 0.033377 9.9982E-05
9.9964E-05 9.9964E-05 0.0154531 0.0746457 9.9964E-05 0.68116 0.0100465 0.0332784 9.9964E-05 0.0366718 0.0229318 0.125413
0.0735598 0.000848176 9.9982E-05 0.0608237 0.0187747 0.652218 9.9982E-05 0.0444412 0.0493769 0.0457865 0.0353616 0.018609
9.9955E-05 9.9955E-05 9.9955E-05 0.0489594 0.056062 0.718627 9.9955E-05 0.0570969 0.0146311 9.9955E-05 0.0187763 0.085347
9.9973E-05 9.9973E-05 9.9973E-05 0.0512527 0.133418 0.438671 0.0175713 0.0598763 0.163329 0.0122336 0.0279966 0.0953516
9.9955E-05 9.9955E-05 9.9955E-05 0.0519219 0.0263761 0.793288 0.0610632 0.0197374 0.015103 9.9955E-05 0.0320106 9.9955E-05
0.0690445 0.0549846 9.9964E-05 0.102933 9.9964E-05 0.638092 0.0437439 0.0057365 0.0503733 9.9964E-05 0.0346923 9.9964E-05
0.0597635 9.9973E-05 9.9973E-05 0.0394612 0.0795261 0.487884 0.032999 0.0117968 0.224585 9.9973E-05 0.00156823 0.0621162
0.418415 0.000815661 9.9964E-05 0.00153066 0.0373932 0.0390328 9.9964E-05 0.00653061 0.472751 9.9964E-05 0.0231315 9.9964E-05
0.128714 0.22793 9.9973E-05 0.0305924 0.0373428 0.409862 0.0261518 0.00443245 9.9973E-05 9.9973E-05 0.0597726 0.0749026
9.9964E-05 0.163378 9.9964E-05 0.0265087 0.0257914 0.543973 9.9964E-05 0.00875597 0.0988023 0.10535 0.0270402 9.9964E-05
9.995E-05 0.368317 9.995E-05 9.995E-05 0.0484756 0.388291 9.995E-05 0.0106689 0.0713481 0.097883 0.0145171 9.995E-05
9.99008E-05 9.99008E-05 9.99008E-05 0.998901 9.99008E-05 9.99008E-05 9.99008E-05 9.99008E-05 9.99008E-05 9.99008E-05 9.99008E-05 9.99008E-05
0.071167 0.107994 9.9991E-05 0.0143975 0.0715463 0.340455 0.000328756 0.0744349 0.130777 0.0377795 0.0564811 0.0945388
9.9955E-05 0.0810504 9.9955E-05 0.100738 0.0424242 0.58314 9.9955E-05 0.0416172 0.113816 9.9955E-05 0.0367142 9.9955E-05
9.99549E-05 0.023042 9.99549E-05 9.99549E-05 9.99549E-05 0.824168 0.0371442 0.0111719 9.99549E-05 0.0265581 0.039236 0.0381806
9.998E-05 9.998E-05 0.0120664 0.0449323 0.0188819 0.550315 0.018965 0.0373273 0.251318 0.0179898 0.0231921 0.0248127
9.9973E-05 0.0207287 9.9973E-05 0.0740609 0.0169467 0.561361 0.000670845 0.0327087 0.193005 0.08362 0.0165982 9.9973E-05
9.9973E-05 0.264601 0.119292 9.9973E-05 0.040658 0.162685 9.9973E-05 0.0637116 0.17289 0.0542304 0.0517937 0.0698384
9.9946E-05 0.133975 0.527317 0.0313328 0.0423316 9.9946E-05 9.9946E-05 9.9946E-05 0.220622 9.9946E-05 0.0438223 9.9946E-05
0.0596623 0.0867893 0.140805 9.9982E-05 0.0633851 0.292051 0.0195636 0.00610664 0.29535 9.9982E-05 0.00426089 0.0318262
9.9955E-05 9.9955E-05 0.0569578 0.0142557 9.9955E-05 0.856378 0.01992 0.0210316 9.9955E-05 0.014772 0.0161854 9.9955E-05
9.9928E-05 9.9928E-05 0.110473 9.9928E-05 9.9928E-05 0.788583 0.0430283 9.9928E-05 9.9928E-05 9.9928E-05 0.0571159 9.9928E-05
9.9973E-05 9.9973E-05 0.0649099 0.0263448 0.0491504 0.719445 0.00921882 0.0300623 0.065212 0.0183933 9.9973E-05 0.0169629
9.99099E-05 9.99099E-05 9.99099E-05 9.99099E-05 9.99099E-05 9.99099E-05 9.99099E-05 0.199648 0.799353 9.99099E-05 9.99099E-05 9.99099E-05
0.0183637 0.0889673 9.9991E-05 0.152207 0.0192033 0.413883 0.00157269 0.0277686 0.193438 0.00763229 0.0437606 0.0331037
9.9964E-05 0.0373337 0.0242662 0.0971953 9.9964E-05 0.633844 0.0136623 0.0174746 0.156392 9.9964E-05 0.0194326 9.9964E-05
9.9964E-05 9.9964E-05 0.0184564 9.9964E-05 0.0392298 0.00694923 0.0323418 0.0133015 0.799377 9.9964E-05 0.00700423 0.0829399
9.9964E-05 0.042705 0.00497971 0.0541751 9.9964E-05 0.0549741 9.9964E-05 9.9964E-05 0.730195 0.0227767 0.023733 0.0660613
0.00512295 9.9964E-05 0.0232106 0.0306235 9.9964E-05 0.171097 0.0336483 9.9964E-05 0.685284 9.9964E-05 0.015863 0.0347509
9.9955E-05 9.9955E-05 0.0347579 0.0491227 0.0459783 0.210512 0.0672538 9.9955E-05 0.56467 9.9955E-05 9.9955E-05 0.027205
0.264181 0.0543079 0.0152785 0.0415175 0.0333995 0.0527303 0.00909911 0.0126699 0.457329 0.00703438 0.0523525 9.9991E-05
0.106314 0.0324695 9.9982E-05 0.0588391 0.033926 0.449878 0.0217145 0.0132509 0.204633 0.0262653 0.0525099 9.9982E-05
0.17948 9.9973E-05 9.9973E-05 0.0186086 0.0124223 0.622433 0.0235219 9.9973E-05 0.0591683 0.011628 0.0501364 0.0223015
0.0188442 0.0421444 9.9973E-05 0.019095 0.0537545 0.404945 9.9973E-05 0.0249899 0.304051 0.0348305 0.097046 9.9973E-05
0.0392812 9.9973E-05 9.9973E-05 0.031567 0.00477104 0.374045 0.0254405 0.0107292 0.426329 9.9973E-05 0.0183802 0.0691573
0.0649852 9.9982E-05 0.103366 0.091339 0.0588463 0.380956 0.00331073 0.106793 0.149972 0.0249828 0.0152482 9.9982E-05
0.0264119 9.9964E-05 0.00373942 0.0315835 0.0119055 0.786889 0.0169144 9.9964E-05 0.119168 9.9964E-05 9.9964E-05 0.00298903
9.99008E-05 9.99008E-05 9.99008E-05 9.99008E-05 9.99008E-05 9.99008E-05 9.99008E-05 0.998901 9.99008E-05 9.99008E-05 9.99008E-05 9.99008E-05
0.0892185 0.0114217 0.0397253 0.0442247 0.0566307 0.267551 9.999E-05 0.0289319 0.308793 0.0761857 0.0434487 0.0337681
9.9946E-05 9.9946E-05 9.9946E-05 0.0802622 9.9946E-05 0.427917 9.9946E-05 0.00770766 0.45835 0.0210203 0.00414299 9.9946E-05
9.996E-05 9.996E-05 0.0354503 0.0646276 0.0183924 0.504255 0.0170909 0.0253842 0.29576 0.0386401 9.996E-05 9.996E-05
0.0249077 0.0494326 0.0490263 0.0331684 0.0165002 0.622902 9.9973E-05 9.9973E-05 0.174205 0.0192397 0.0103179 9.9973E-05
0.198311 0.0025815 9.9964E-05 0.0343112 0.0111225 0.299934 0.0101991 9.9964E-05 0.399978 9.9964E-05 0.0431636 9.9964E-05
0.0917095 9.9973E-05 9.9973E-05 0.0180761 0.00143071 0.557048 9.9973E-05 0.00845005 0.185247 0.0731134 0.00786548 0.0567593
9.99009E-05 9.99009E-05 9.99009E-05 9.99009E-05 9.99009E-05 9.99009E-05 9.99009E-05 9.99009E-05 9.99009E-05 9.99009E-05 0.998901 9.99009E-05
9.99008E-05 9.99008E-05 9.99008E-05 9.99008E-05 9.99008E-05 9.99008E-05 9.99008E-05 0.998901 9.99008E-05 9.99008E-05 9.99008E-05 9.99008E-05
9.99009E-05 9.99009E-05 9.99009E-05 9.99009E-05 9.99009E-05 9.99009E-05 9.99009E-05 9.99009E-05 9.99009E-05 9.99009E-05 0.998901 9.99009E-05
9.9955E-05 0.00562488 9.9955E-05 0.0447797 0.0382213 0.10673 0.00569856 9.9955E-05 0.794916 9.9955E-05 0.00353011 9.9955E-05
9.9964E-05 9.9964E-05 9.9964E-05 0.05835 0.0496725 0.0514356 0.0103377 0.0073865 0.696086 9.9964E-05 0.0684419 0.0578902
0.0217103 9.9982E-05 0.0147409 0.00140567 0.0581698 0.307846 9.9982E-05 0.0394074 0.447418 0.0565213 0.0257536 0.0268267
9.9982E-05 0.00608919 9.9982E-05 0.0308057 0.0204448 0.60086 0.00389897 0.04789 0.185423 0.0391695 0.0533823 0.0118369
9.9964E-05 0.0327595 9.9964E-05 0.0678282 0.0215072 0.765532 9.9964E-05 0.0372006 9.9964E-05 0.0451808 0.0208942 0.00869785
9.99001E-05 9.99001E-05 9.99001E-05 9.99001E-05 9.99001E-05 9.99001E-05 9.99001E-05 0.11388 0.885121 9.99001E-05 9.99001E-05 9.99001E-05
9.997E-05 0.0399133 0.029047 0.0019398 9.997E-05 0.425189 0.0155653 0.064204 0.337828 0.0629732 0.023041 9.997E-05
0.833444 9.9919E-05 9.9919E-05 9.9919E-05 0.056488 9.9919E-05 9.9919E-05 9.9919E-05 0.109169 9.9919E-05 9.9919E-05 9.9919E-05
0.826609 9.9955E-05 0.00838935 0.0163499 9.9955E-05 0.115329 9.9955E-05 0.00561052 0.0066905 9.9955E-05 0.0205215 9.9955E-05
0.888037 9.9946E-05 9.9946E-05 9.9946E-05 9.9946E-05 9.9946E-05 0.0233323 0.0384069 0.00113048 9.9946E-05 0.0290198 0.0194741
0.838406 9.9919E-05 9.9919E-05 9.9919E-05 9.9919E-05 9.9919E-05 0.0120924 9.9919E-05 0.148602 9.9919E-05 9.9919E-05 9.9919E-05
0.806249 0.0169865 0.0108537 9.9964E-05 9.9964E-05 9.9964E-05 0.0112374 0.0316616 0.0875991 9.9964E-05 0.0245529 0.0104603
0.939047 9.9919E-05 9.9919E-05 9.9919E-05 0.0129073 9.9919E-05 9.9919E-05 9.9919E-05 9.9919E-05 9.9919E-05 9.9919E-05 0.0471468
0.996958 9.991E-05 9.991E-05 9.991E-05 9.991E-05 9.991E-05 9.991E-05 9.991E-05 9.991E-05 0.00204265 9.991E-05 9.991E-05
0.827802 9.9955E-05 9.9955E-05 9.9955E-05 9.9955E-05 0.0412069 0.0485901 0.0197353 0.0327383 9.9955E-05 0.00233074 0.0270963
0.848359 0.0996402 9.9946E-05 9.9946E-05 9.9946E-05 0.014933 9.9946E-05 0.00119691 9.9946E-05 9.9946E-05 0.0263788 0.00889245
0.762445 0.0366222 9.9964E-05 9.9964E-05 0.00246279 0.0536231 9.9964E-05 0.0329271 0.0392063 0.0297673 9.9964E-05 0.0425459
0.668641 0.0253891 9.9973E-05 9.9973E-05 0.000803227 0.0880481 0.00395707 0.0095785 0.0865034 9.9973E-05 0.0249837 0.0917963
0.108404 0.0259688 0.707417 0.0183785 0.00163694 0.0275075 0.0242674 0.0225623 9.9982E-05 9.9982E-05 0.0375033 0.0261547
0.156086 0.0390609 0.658691 0.0155169 9.9964E-05 0.0453597 0.054719 0.0255357 9.9964E-05 9.9964E-05 9.9964E-05 0.00463044
9.9982E-05 0.0374204 0.692379 0.00180354 0.0298263 0.122832 9.9982E-05 0.00281401 0.00349427 0.0219449 0.0188441 0.0684417
9.9937E-05 0.0753709 0.731939 9.9937E-05 9.9937E-05 0.110202 9.9937E-05 9.9937E-05 9.9937E-05 0.067833 0.0139564 9.9937E-05
0.00799426 0.0832761 0.672258 0.0764325 9.9946E-05 9.9946E-05 0.0603252 9.9946E-05 0.0991145 9.9946E-05 9.9946E-05 9.9946E-05
0.162955 9.9973E-05 0.669117 0.0121208 0.000541983 9.9973E-05 0.0169612 0.00867882 0.0811778 0.0150541 0.0330935 9.9973E-05
0.069431 0.0849823 0.701965 0.0160863 9.9964E-05 9.9964E-05 9.9964E-05 0.0825701 9.9964E-05 0.0234194 0.00722587 0.0139198
9.9937E-05 9.9937E-05 0.745162 9.9937E-05 9.9937E-05 0.195775 0.013996 0.0192851 9.9937E-05 9.9937E-05 9.9937E-05 0.0250819
0.0673717 0.0293601 0.512753 0.00620816 0.0351996 9.9973E-05 0.0561008 9.9973E-05 0.214251 9.9973E-05 0.052789 0.0256668
0.157864 0.195858 0.598907 9.9946E-05 9.9946E-05 9.9946E-05 0.0150063 0.0252276 9.9946E-05 0.00653662 9.9946E-05 9.9946E-05
0.0760652 0.0634518 0.715111 0.0461204 0.0543474 9.9982E-05 0.000927177 0.00130641 9.9982E-05 0.00937014 0.0182469 0.0148539
9.9946E-05 0.140327 0.695452 9.9946E-05 0.0573322 9.9946E-05 9.9946E-05 9.9946E-05 0.0307547 0.0743702 9.9946E-05 0.00116438
0.0242756 0.065425 0.600286 0.00440233 0.027559 0.101003 9.9982E-05 9.9982E-05 0.0363813 0.0512838 0.027102 0.062081
0.0188441 0.148579 0.438581 9.9946E-05 0.0397013 9.9946E-05 0.044248 9.9946E-05 0.309447 9.9946E-05 9.9946E-05 9.9946E-05
0.0339627 9.9955E-05 0.671878 9.9955E-05 0.053151 9.9955E-05 0.0366729 9.9955E-05 0.150085 9.9955E-05 0.0231272 0.0306237
9.9946E-05 0.0198234 0.6222 9.9946E-05 0.0316081 9.9946E-05 0.0890509 0.00069787 0.23602 9.9946E-05 9.9946E-05 9.9946E-05
0.129817 0.0392111 0.727453 9.9964E-05 0.0554425 0.0100535 0.00646924 0.0139848 0.017169 9.9964E-05 9.9964E-05 9.9964E-05
9.9946E-05 9.9946E-05 0.722971 9.9946E-05 0.0080145 0.212022 0.0406841 0.00767116 9.9946E-05 9.9946E-05 0.00803769 9.9946E-05
9.9964E-05 0.00286326 0.784632 0.0206651 9.9964E-05 0.0306858 9.9964E-05 0.0303933 9.9964E-05 0.0712857 0.0116605 0.0474143
9.9955E-05 0.00908705 0.717001 0.0409198 9.9955E-05 0.0229762 0.00683944 9.9955E-05 0.175904 9.9955E-05 9.9955E-05 0.0267732
0.0605559 9.9955E-05 0.622995 0.0348589 9.9955E-05 9.9955E-05 0.0543067 0.0150267 0.194911 9.9955E-05 0.0168459 9.9955E-05
0.00552388 0.0586138 0.747937 9.9955E-05 9.9955E-05 0.0979523 9.9955E-05 0.0278504 9.9955E-05 0.0153108 0.0463121 9.9955E-05
0.0484658 9.9946E-05 0.677783 9.9946E-05 9.9946E-05 9.9946E-05 9.9946E-05 0.0190887 0.213219 0.0128895 0.0279544 9.9946E-05
0.110505 9.9937E-05 0.646148 9.9937E-05 9.9937E-05 9.9937E-05 9.9937E-05 9.9937E-05 0.176159 0.0502658 0.016222 9.9937E-05
9.9955E-05 9.9955E-05 0.63648 9.9955E-05 0.0443995 9.9955E-05 0.00799865 0.03127 0.206951 0.00904854 9.9955E-05 0.0633526
0.052854 9.9946E-05 0.59697 0.002485 9.9946E-05 9.9946E-05 9.9946E-05 9.9946E-05 0.274249 0.0251036 9.9946E-05 0.0477393
9.9964E-05 0.0198962 0.694619 0.0406396 0.0036887 9.9964E-05 9.9964E-05 9.9964E-05 0.12975 0.0328688 0.021185 0.0569528
0.00992977 0.036809 0.584616 0.017176 0.0621821 9.9964E-05 9.9964E-05 0.00884269 0.234523 0.0455223 9.9964E-05 9.9964E-05
9.9973E-05 0.0066211 0.595706 9.9973E-05 0.0172896 9.9973E-05 0.0298745 0.00073992 0.226831 0.0412675 0.0126254 0.0687445
0.0839839 0.0600617 0.723847 0.0112393 0.0191521 0.0140137 9.9982E-05 0.0339771 0.00706911 9.9982E-05 0.0287801 0.0176764
0.0884815 0.0769583 0.730305 9.9946E-05 0.0419353 9.9946E-05 9.9946E-05 0.0398658 9.9946E-05 9.9946E-05 0.0218548 9.9946E-05
9.9964E-05 0.0310308 0.681277 9.9964E-05 9.9964E-05 0.113384 0.0261845 0.0163535 0.07746 0.0326899 0.0212205 9.9964E-05
0.101181 0.0776833 0.63931 9.9955E-05 9.9955E-05 0.0195815 0.0177566 9.9955E-05 0.0613685 9.9955E-05 9.9955E-05 0.082619
9.9964E-05 9.9964E-05 0.720814 9.9964E-05 0.0457682 0.0143557 0.00192978 0.0586812 0.0528557 9.9964E-05 0.0371702 0.0680256
0.0419641 9.9964E-05 0.716344 0.0215884 9.9964E-05 0.0257226 0.0375783 9.9964E-05 0.105497 9.9964E-05 0.0099669 0.040939
9.9955E-05 0.647205 0.0890553 9.9955E-05 0.0229213 9.9955E-05 0.0380011 9.9955E-05 0.178444 9.9955E-05 0.0161607 0.00771258
9.9937E-05 0.482924 0.11261 9.9937E-05 9.9937E-05 9.9937E-05 9.9937E-05 0.0238861 0.327527 9.9937E-05 9.9937E-05 0.0523528
9.9955E-05 0.508624 0.0927901 9.9955E-05 0.00586689 9.9955E-05 0.00698074 9.9955E-05 0.335595 0.0282436 0.0214 9.9955E-05
9.997E-05 0.512221 0.0632937 9.997E-05 0.0164132 9.997E-05 0.000957359 0.0151412 0.237232 0.0931303 0.023429 0.0378819
9.9946E-05 0.53187 0.0776571 9.9946E-05 9.9946E-05 0.148424 9.9946E-05 9.9946E-05 0.114666 0.0766988 9.9946E-05 0.0500847
0.0881461 0.685192 0.0672854 0.0245549 0.00890668 9.9973E-05 0.0126771 0.00524054 9.9973E-05 9.9973E-05 0.0125648 0.095133
9.9928E-05 0.759765 9.9928E-05 9.9928E-05 9.9928E-05 9.9928E-05 0.0113456 9.9928E-05 0.207594 9.9928E-05 9.9928E-05 0.0204957
0.0223098 0.575917 9.9937E-05 9.9937E-05 9.9937E-05 9.9937E-05 9.9937E-05 9.9937E-05 0.148092 0.097075 9.9937E-05 0.155907
