9.9955E-05 9.9955E-05 9.9955E-05 0.00416376 9.9955E-05 0.0783704 0.916966 9.9955E-05
9.9964E-05 9.9964E-05 0.00764477 9.9964E-05 9.9964E-05 0.260646 0.685919 0.0453899
0.0540835 9.9955E-05 9.9955E-05 9.9955E-05 9.9955E-05 0.181866 0.763551 9.9955E-05
0.0314559 0.0136331 9.99674E-05 9.99674E-05 9.99674E-05 0.188577 0.765934 9.99674E-05
0.0104629 0.0323708 0.0456072 0.021426 0.0329639 0.00595913 0.834276 0.0169344
9.9964E-05 9.9964E-05 0.0257915 9.9964E-05 9.9964E-05 0.0587076 0.878535 0.0365664
9.9946E-05 9.9946E-05 0.0977468 9.9946E-05 9.9946E-05 9.9946E-05 0.901653 9.9946E-05
0.00552263 0.00352744 0.0754123 9.9991E-05 0.0314493 0.00431879 0.829221 0.0504486
0.0207235 9.9964E-05 0.121079 9.9964E-05 0.0540012 9.9964E-05 0.803796 9.9964E-05
0.0587379 0.0146128 0.044923 9.9982E-05 9.9982E-05 0.0237292 0.831224 0.0265727
0.0373064 0.0136515 0.0381308 9.9982E-05 9.9982E-05 0.105126 0.731513 0.074073
0.00592919 9.9955E-05 9.9955E-05 9.9955E-05 9.9955E-05 0.301089 0.692483 9.9955E-05
0.0412892 9.9991E-05 0.0375926 0.01637 0.0307439 0.00958969 0.805885 0.0584302
0.0416885 9.9964E-05 0.0558617 9.9964E-05 9.9964E-05 0.18714 0.71491 9.9964E-05
0.0329226 9.9973E-05 0.0271547 9.9973E-05 0.0594548 0.0547523 0.825416 9.9973E-05
9.9973E-05 0.00734965 0.102449 9.9973E-05 0.00325789 9.9973E-05 0.880631 0.00601303
9.9955E-05 0.0145974 9.9955E-05 9.9955E-05 9.9955E-05 9.9955E-05 0.965936 0.0189668
9.9955E-05 9.9955E-05 9.9955E-05 0.0145589 0.0110886 9.9955E-05 0.973853 9.9955E-05
9.9964E-05 0.00236686 9.9964E-05 0.0309162 0.00633645 9.9964E-05 0.959981 9.9964E-05
0.0117111 0.0344739 9.9973E-05 0.0131038 0.0195881 9.9973E-05 0.920823 9.9973E-05
0.9993 9.994E-05 9.994E-05 9.994E-05 9.994E-05 9.994E-05 9.994E-05 9.994E-05
0.619952 9.9946E-05 9.9946E-05 9.9946E-05 9.9946E-05 0.379448 9.9946E-05 9.9946E-05
0.645811 0.0339237 0.0438886 0.0822663 0.0970315 0.0581742 0.0388049 9.9991E-05
0.770522 0.0281028 9.9964E-05 0.169248 9.9964E-05 9.9964E-05 9.9964E-05 0.0317273
0.900265 0.0290019 0.0207299 9.9973E-05 0.0222255 9.9973E-05 0.0274779 9.9973E-05
0.799957 0.0229486 0.0132245 0.0316527 0.088471 9.9982E-05 0.043546 9.9982E-05
0.723448 9.9964E-05 0.0707807 0.0873661 0.118006 9.9964E-05 9.9964E-05 9.9964E-05
0.9993 9.994E-05 9.994E-05 9.994E-05 9.994E-05 9.994E-05 9.994E-05 9.994E-05
0.710032 0.0413951 0.116769 9.9973E-05 0.120838 9.9973E-05 9.9973E-05 0.0106653
0.557096 0.0100674 0.0727788 0.0709757 0.115969 0.134427 0.0115926 0.0270929
0.668801 9.9964E-05 0.0658119 9.9964E-05 0.0693785 0.195609 9.9964E-05 9.9964E-05
0.6622 9.9973E-05 0.0986836 0.125997 0.0859833 9.9973E-05 9.9973E-05 0.0268363
0.655424 0.00911637 0.172656 0.036163 0.0716425 9.9982E-05 0.0547983 9.9982E-05
0.612636 0.0182429 0.0240553 9.9982E-05 0.0171347 0.287289 9.9982E-05 0.0404421
0.544969 0.0578149 0.0111378 0.0262162 0.112216 0.210321 0.00983549 0.0274898
0.319386 9.99549E-05 0.0237744 9.99549E-05 9.99549E-05 0.65634 9.99549E-05 9.99549E-05
0.545101 0.0145489 0.0572173 0.159734 0.195105 9.9991E-05 0.0116133 0.0165805
0.00741459 9.9982E-05 0.00218696 0.730318 0.0159618 0.196794 9.9982E-05 0.0471247
9.9982E-05 0.038088 0.0160402 0.692774 0.163457 0.0501157 9.9982E-05 0.0393254
0.0335383 9.9991E-05 0.0200866 0.693947 0.0542434 0.0372365 0.0354107 0.125437
0.0143213 9.9982E-05 0.0470015 0.77566 0.0853437 9.9982E-05 0.0334172 0.0440563
9.9973E-05 0.024775 9.9973E-05 0.728821 9.9973E-05 0.15183 0.0196141 0.07466
0.0191067 0.0339927 0.00569089 0.819502 0.0719555 9.9991E-05 0.0246084 0.0250439
0.0196086 0.0211188 0.0337723 0.638664 9.9991E-05 0.207618 0.00980863 0.0693088
0.0452866 0.0592829 0.0134921 0.723133 0.0668364 9.9991E-05 0.0386707 0.0531981
0.077144 0.030513 0.0840325 0.714152 0.0343408 9.9982E-05 0.0596177 9.9982E-05
9.9973E-05 0.0105028 0.00318437 0.820777 0.0480875 9.9973E-05 9.9973E-05 0.117148
9.9982E-05 0.00920299 0.028612 0.814202 0.0309673 0.072341 9.9982E-05 0.0444744
0.0285718 9.9964E-05 9.9964E-05 0.857734 9.9964E-05 9.9964E-05 0.0359377 0.0773562
9.9964E-05 9.9964E-05 0.00690143 0.713734 9.9964E-05 0.254008 9.9964E-05 0.0249563
0.012873 9.9964E-05 9.9964E-05 0.770659 9.9964E-05 0.145723 9.9964E-05 0.0703454
0.0458887 9.9991E-05 0.00339903 0.854112 0.0114347 0.0135121 0.00581112 0.0657427
9.9964E-05 0.0698381 9.9964E-05 0.838489 9.9964E-05 9.9964E-05 0.0287194 0.0625535
0.00560402 0.00504517 9.9982E-05 0.755426 9.9982E-05 0.101638 0.0732862 0.0588008
9.9982E-05 0.0252503 0.0796823 0.713155 0.0498226 9.9982E-05 0.0415899 0.0902997
9.9973E-05 9.9973E-05 0.0155238 0.645536 0.0389152 0.265389 9.9973E-05 0.0343359
0.0365969 0.0675999 0.0070468 0.775165 0.0350765 9.9982E-05 0.0783146 9.9982E-05
0.010009 0.0186849 9.9982E-05 0.115754 0.464028 0.378816 9.9982E-05 0.0125074
9.9955E-05 0.00273103 9.9955E-05 9.9955E-05 0.406472 0.590297 9.9955E-05 9.9955E-05
9.9973E-05 0.109242 9.9973E-05 0.00472288 0.458053 0.386602 9.9973E-05 0.0410807
9.9982E-05 0.0973874 9.9982E-05 0.0482199 0.521553 0.22288 0.00511795 0.104642
9.9964E-05 0.0467753 9.9964E-05 9.9964E-05 0.699111 0.198203 9.9964E-05 0.0555106
9.999E-05 0.0473819 0.029953 0.0902147 0.639908 0.0521909 0.0603861 0.0798655
0.0206202 9.9955E-05 9.9955E-05 9.9955E-05 9.9955E-05 9.9955E-05 0.00514517 0.973735
9.9964E-05 0.0488753 9.9964E-05 9.9964E-05 0.471082 0.44102 9.9964E-05 0.0386232
9.9973E-05 0.0474195 9.9973E-05 9.9973E-05 0.386905 0.404146 0.0670052 0.0942247
0.102737 0.0300035 0.100877 9.9982E-05 0.537557 9.9982E-05 0.0479785 0.180648
0.00759797 0.0746592 0.0448283 9.9991E-05 0.656101 0.0812797 0.03803 0.0974037
0.110423 0.113883 9.9973E-05 0.00244424 0.65585 9.9973E-05 9.9973E-05 0.1171
0.0595456 0.0979508 9.9982E-05 9.9982E-05 0.571154 0.135512 0.0542647 0.0813731
9.9982E-05 0.0576863 0.0201527 0.0295328 0.757584 9.9982E-05 0.0416351 0.0932088
0.0187182 0.0534656 0.0414467 0.050708 0.670365 9.9991E-05 0.0157686 0.149428
0.0662773 0.0752797 9.9991E-05 0.000367211 0.663556 0.0684573 0.0346263 0.0913357
0.0387286 0.0420824 9.9973E-05 9.9973E-05 0.411331 0.478077 9.9973E-05 0.029481
0.0672322 0.00399144 0.0288216 0.289574 0.472274 0.041044 9.9991E-05 0.0969632
9.9973E-05 0.0519784 9.9973E-05 0.252842 0.52629 9.9973E-05 0.0747062 0.0938833
9.9982E-05 0.0193891 9.9982E-05 0.437442 0.375805 0.00677626 0.079362 0.0810259
9.9955E-05 0.0241312 9.9955E-05 9.9955E-05 0.0184964 9.9955E-05 9.9955E-05 0.956873
0.0783136 0.131182 0.0465452 0.120962 0.392893 0.060467 0.0646585 0.104979
9.9982E-05 0.105948 0.0271927 0.10755 0.517797 0.0581381 9.9982E-05 0.183175
0.0518082 0.0470968 0.0108123 0.135822 0.636689 9.9991E-05 0.0675979 0.0500744
0.0274391 0.0589214 0.000860019 0.00652492 0.537331 0.241238 0.0247205 0.102964
9.9982E-05 0.0760766 9.9982E-05 0.0433807 0.581873 0.0563218 0.1074 0.134747
9.9982E-05 0.0749026 0.182214 0.163381 0.193675 0.333677 9.9982E-05 0.051951
9.9973E-05 0.0146622 0.449092 0.174294 9.9973E-05 0.281405 9.9973E-05 0.0802469
0.00374096 9.9982E-05 0.117548 0.0970612 0.459844 0.313169 0.00843681 9.9982E-05
9.9982E-05 0.0708003 0.0829174 0.0935406 0.609705 9.9982E-05 0.0542449 0.0885921
9.9964E-05 9.9964E-05 0.155634 0.129665 0.659271 9.9964E-05 9.9964E-05 0.0550298
0.028351 0.0795196 0.0753355 0.0669771 0.679543 0.0581804 0.0119939 9.9991E-05
9.9955E-05 0.639129 9.9955E-05 9.9955E-05 0.082097 0.278274 9.9955E-05 9.9955E-05
0.0412088 0.0859027 0.0556318 0.056365 0.487438 9.9991E-05 0.0471013 0.226252
9.9973E-05 0.0144231 0.0670189 0.0990976 0.624793 9.9973E-05 9.9973E-05 0.194367
9.9955E-05 0.0506302 9.9955E-05 9.9955E-05 0.197238 0.751633 9.9955E-05 9.9955E-05
0.0375295 0.0165938 9.9973E-05 9.9973E-05 0.21398 0.66601 9.9973E-05 0.0655868
9.9973E-05 0.0365695 0.00561961 9.9973E-05 0.41378 0.481553 9.9973E-05 0.0621781
9.9964E-05 0.0323949 9.9964E-05 9.9964E-05 0.450914 0.503325 0.0129662 9.9964E-05
9.9991E-05 0.0411906 0.0934113 0.020635 0.298857 0.363131 0.00396408 0.178711
9.9982E-05 0.0597052 9.9982E-05 0.104026 0.622419 0.0179363 0.0664134 0.1293
0.0632563 0.0469509 9.9982E-05 0.0436684 0.731336 9.9982E-05 0.0316811 0.0829069
9.9982E-05 0.0593843 9.9982E-05 0.0310521 0.541542 0.251827 0.00580173 0.110193
9.9982E-05 0.0745473 9.9982E-05 0.00915538 0.527269 0.360059 0.0196133 0.00915642
0.00205432 0.137126 0.0953817 9.9991E-05 0.457075 0.159408 0.020505 0.128351
9.9973E-05 0.0505793 0.136586 9.9973E-05 0.74891 9.9973E-05 0.00227814 0.0613466
9.994E-05 0.9993 9.994E-05 9.994E-05 9.994E-05 9.994E-05 9.994E-05 9.994E-05
0.0188298 0.0961065 0.00244906 9.9991E-05 0.46694 0.28215 0.0314659 0.101959
9.9982E-05 0.0684549 9.9982E-05 0.015086 0.585453 0.178315 0.0343856 0.118105
9.9982E-05 0.12804 0.0664786 9.9982E-05 0.504333 0.236176 0.0509189 0.013853
9.9982E-05 0.0748048 0.0846087 0.123386 0.594149 9.9982E-05 0.0373213 0.0855301
9.9973E-05 9.9973E-05 9.9973E-05 0.0265036 0.600409 0.215849 0.0170552 0.139883
0.0451513 0.0277724 9.9982E-05 9.9982E-05 0.577237 0.266423 0.0416742 0.0415423
9.994E-05 9.994E-05 9.994E-05 9.994E-05 9.994E-05 9.994E-05 9.994E-05 0.9993
9.994E-05 0.9993 9.994E-05 9.994E-05 9.994E-05 9.994E-05 9.994E-05 9.994E-05
9.994E-05 9.994E-05 9.994E-05 9.994E-05 9.994E-05 9.994E-05 9.994E-05 0.9993
9.9964E-05 0.0343904 9.9964E-05 9.9964E-05 0.355498 0.562506 9.9964E-05 0.0472057
0.0198524 0.0923098 9.9973E-05 9.9973E-05 0.2538 0.510682 9.9973E-05 0.123056
0.0134996 0.0982715 9.9982E-05 9.9982E-05 0.483937 0.342784 0.0271908 0.0341174
0.00276549 0.0608362 9.9991E-05 0.0275157 0.570998 0.176206 0.0453908 0.116187
0.0470435 0.0643843 0.0230427 0.0589608 0.615191 9.9991E-05 0.0546958 0.136582
9.99459E-05 0.535037 9.99459E-05 9.99459E-05 9.99459E-05 0.464363 9.99459E-05 9.99459E-05
9.9982E-05 0.0977928 9.9982E-05 0.122007 0.374536 0.371528 0.0208932 0.0130427
0.116254 0.0118323 0.097868 9.9973E-05 0.574054 0.199691 9.9973E-05 9.9973E-05
0.0848591 0.0403678 0.201812 0.00217538 0.630643 9.9991E-05 0.0103094 0.0297334
0.209401 0.0866621 0.109508 9.9982E-05 0.541921 9.9982E-05 0.0170955 0.0352115
0.111975 0.0290742 0.107594 9.9982E-05 0.547628 0.165793 0.0377362 9.9982E-05
0.173445 0.0758934 0.195975 0.0156999 0.484261 9.9991E-05 0.00760856 0.0470167
0.182191 0.0306741 0.258537 9.9964E-05 0.528198 9.9964E-05 9.9964E-05 9.9964E-05
0.162703 0.0306243 0.227867 0.0128636 0.511142 9.9982E-05 0.0545999 9.9982E-05
0.156956 0.0493045 0.125966 9.9973E-05 0.593885 9.9973E-05 0.0735876 9.9973E-05
0.169719 0.043196 0.195355 0.0933075 0.495515 9.9982E-05 0.00270682 9.9982E-05
0.131822 0.0676281 0.113634 0.096166 0.519702 9.9991E-05 0.0257142 0.0452329
0.234177 0.0356495 0.103162 0.0405917 0.565315 9.9991E-05 0.0199681 0.00103697
0.0569328 0.015901 0.822184 9.9982E-05 0.0593741 9.9982E-05 0.0235196 0.0218884
0.0471424 0.0590772 0.760519 0.00977525 0.0933241 9.9982E-05 0.0299622 9.9982E-05
0.116947 0.0021055 0.63717 0.0699346 0.00447615 0.160576 0.00807746 0.000712509
0.0334677 9.9982E-05 0.690599 0.150241 9.9982E-05 0.0690247 0.0503406 0.00612731
0.0293582 0.00701754 0.582924 0.0992306 9.9991E-05 0.196129 0.0361453 0.0490962
0.00500434 0.00383076 0.72098 9.9991E-05 0.031666 0.179533 0.0472652 0.0116203
0.0246929 0.0794721 0.775936 0.0591886 9.9991E-05 0.0189304 0.0355326 0.00614749
0.0333527 0.0275353 0.859202 9.9964E-05 0.0795097 9.9964E-05 9.9964E-05 9.9964E-05
0.00503504 0.0301904 0.380771 0.0330406 9.99881E-05 0.493147 9.99881E-05 0.0576159
0.011331 0.0245981 0.712125 0.187099 0.0471459 9.9982E-05 0.0175013 9.9982E-05
0.0369321 9.9982E-05 0.733702 0.0874611 9.9982E-05 0.0704758 0.0176565 0.0535728
0.00160315 9.9973E-05 0.715559 0.13419 9.9973E-05 0.0819163 0.0664315 9.9973E-05
0.0257006 9.9982E-05 0.598668 0.0580618 0.00236501 0.303406 0.0115983 9.9982E-05
9.9964E-05 9.9964E-05 0.418366 0.0881525 0.101093 0.391989 9.9964E-05 9.9964E-05
0.0499489 9.9982E-05 0.585942 9.9982E-05 0.0161021 0.285541 0.0541664 0.00809943
9.9955E-05 9.9955E-05 0.539215 9.9955E-05 9.9955E-05 0.458122 0.00216285 9.9955E-05
9.9973E-05 0.00767872 0.774412 9.9973E-05 0.000665262 0.187575 9.9973E-05 0.0293693
9.9982E-05 0.00253306 0.704453 0.0114158 0.0519765 0.220473 0.00894846 9.9982E-05
0.070177 0.0114851 0.806714 9.9982E-05 9.9982E-05 0.0192378 0.0861095 0.0060763
9.9955E-05 9.9955E-05 0.53878 9.9955E-05 9.9955E-05 0.43346 9.9955E-05 0.02726
9.9955E-05 0.00984769 0.467365 9.9955E-05 9.9955E-05 0.522288 9.9955E-05 9.9955E-05
0.00582832 0.0319642 0.765754 0.0228732 0.0408137 0.128411 9.9991E-05 0.00425558
9.9964E-05 0.000723028 0.636052 9.9964E-05 9.9964E-05 0.310467 9.9964E-05 0.0523576
9.9955E-05 9.9955E-05 0.664171 9.9955E-05 9.9955E-05 0.335096 0.000233489 9.9955E-05
9.9955E-05 0.0358603 0.547724 9.9955E-05 9.9955E-05 0.415916 9.9955E-05 9.9955E-05
0.029181 9.9982E-05 0.615484 0.00642756 0.0685534 0.266759 0.0133958 9.9982E-05
0.0100494 9.9964E-05 0.577445 9.9964E-05 9.9964E-05 0.373924 9.9964E-05 0.0381821
9.9973E-05 0.00639744 0.502131 9.9973E-05 9.9973E-05 0.450469 0.0255407 0.0151615
9.9964E-05 9.9964E-05 0.597712 0.0116835 0.0242253 0.36598 9.9964E-05 9.9964E-05
0.054383 0.0424234 0.751157 0.0422128 9.9982E-05 0.0761109 9.9982E-05 0.0335127
9.9973E-05 0.0165619 0.824342 0.0877594 0.0404112 9.9973E-05 9.9973E-05 0.0306255
0.0326876 9.9982E-05 0.596861 0.0757458 0.0654475 0.178537 0.0505213 9.9982E-05
0.0776675 9.9973E-05 0.663633 0.103131 0.0480314 0.107237 9.9973E-05 9.9973E-05
0.0130847 0.0363579 0.735429 9.9973E-05 9.9973E-05 0.196324 9.9973E-05 0.0185045
0.035161 0.00646249 0.727142 9.9991E-05 0.0312026 0.168339 0.00650031 0.025092
9.9946E-05 9.9946E-05 9.9946E-05 0.484231 9.9946E-05 0.51517 9.9946E-05 9.9946E-05
9.9964E-05 0.0223856 0.0209819 0.479843 9.9964E-05 0.47639 9.9964E-05 9.9964E-05
9.9946E-05 9.9946E-05 9.9946E-05 0.463382 9.9946E-05 0.536018 9.9946E-05 9.9946E-05
9.9964E-05 0.00795403 9.9964E-05 0.418392 9.9964E-05 0.545996 0.0272583 9.9964E-05
0.0126544 9.9964E-05 9.9964E-05 0.489569 9.9964E-05 0.465746 0.0316302 9.9964E-05
0.142075 0.0327689 0.0713407 0.675937 9.9982E-05 0.00292528 9.9982E-05 0.0747528
0.00937413 9.9955E-05 9.9955E-05 0.700369 9.9955E-05 0.289757 9.9955E-05 9.9955E-05
0.16579 9.9964E-05 9.9964E-05 0.587373 9.9964E-05 0.187735 0.0587022 9.9964E-05
