9.9838E-05 9.9838E-05 9.9838E-05 9.9838E-05 9.9838E-05 9.9838E-05 9.9838E-05 9.9838E-05 9.9838E-05 9.9838E-05 9.9838E-05 9.9838E-05 9.9838E-05 0.998203 9.9838E-05 9.9838E-05 9.9838E-05 9.9838E-05 9.9838E-05
9.991E-05 9.991E-05 0.0574023 9.991E-05 0.00810979 0.0419847 9.991E-05 9.991E-05 0.660833 0.0272446 9.991E-05 0.0430671 9.991E-05 0.00541137 0.101163 0.0537855 9.991E-05 9.991E-05 9.991E-05
9.9928E-05 0.00533157 0.00468903 9.9928E-05 9.9928E-05 9.9928E-05 9.9928E-05 0.0143628 0.72893 0.0366849 9.9928E-05 0.00502632 9.9928E-05 0.034911 0.014874 0.0464347 0.0120206 0.095936 9.9928E-05
9.9919E-05 0.0838315 9.9919E-05 9.9919E-05 0.00107365 9.9919E-05 9.9919E-05 9.9919E-05 0.770076 0.0207951 0.00548166 0.00359456 0.0409346 9.9919E-05 9.9919E-05 0.0258589 9.9919E-05 0.0374234 0.0100317
0.0358172 9.9919E-05 9.9919E-05 0.015136 9.9919E-05 0.0506341 9.9919E-05 0.00268237 0.729439 0.00802756 9.9919E-05 0.0277654 9.9919E-05 0.0228779 9.9919E-05 0.0922111 9.9919E-05 0.0145098 9.9919E-05
0.015687 9.991E-05 0.00928564 9.991E-05 0.00624599 0.0738697 9.991E-05 0.0111889 0.864504 0.00603663 9.991E-05 9.991E-05 0.00966264 9.991E-05 9.991E-05 9.991E-05 9.991E-05 9.991E-05 0.00252022
9.9838E-05 9.9838E-05 9.9838E-05 9.9838E-05 9.9838E-05 9.9838E-05 9.9838E-05 9.9838E-05 9.9838E-05 9.9838E-05 9.9838E-05 9.9838E-05 9.9838E-05 0.998203 9.9838E-05 9.9838E-05 9.9838E-05 9.9838E-05 9.9838E-05
9.9928E-05 0.0486363 9.9928E-05 9.9928E-05 9.9928E-05 0.0431469 9.9928E-05 0.00522592 0.692687 0.00141112 9.9928E-05 9.9928E-05 9.9928E-05 0.0840422 0.0637327 0.0126808 0.0244324 0.0142759 0.0089293
9.9919E-05 0.0291224 9.9919E-05 0.0115697 0.00508168 9.9919E-05 9.9919E-05 0.00138843 0.71537 9.9919E-05 9.9919E-05 0.0200762 0.0295837 0.0479436 9.9919E-05 0.136174 9.9919E-05 0.00279071 9.9919E-05
9.991E-05 0.0818241 9.991E-05 9.991E-05 0.0086957 0.00125269 9.991E-05 9.991E-05 0.792433 9.991E-05 0.00821503 9.991E-05 0.0294166 9.991E-05 0.0326307 0.0223541 9.991E-05 9.991E-05 0.0221793
9.991E-05 0.0663222 0.0520506 9.991E-05 0.000629106 9.991E-05 9.991E-05 0.0035008 0.725054 9.991E-05 9.991E-05 9.991E-05 0.0113233 0.000158147 0.118018 9.991E-05 0.021944 9.991E-05 9.991E-05
9.98919E-05 0.11056 0.106735 9.98919E-05 9.98919E-05 9.98919E-05 9.98919E-05 9.98919E-05 0.646746 0.00578973 0.0250483 9.98919E-05 9.98919E-05 0.0263782 0.0775438 9.98919E-05 9.98919E-05 9.98919E-05 9.98919E-05
9.99101E-05 0.0719692 9.99101E-05 9.99101E-05 0.0281389 9.99101E-05 0.0300363 0.0081787 0.706847 0.0104704 9.99101E-05 9.99101E-05 0.0217495 0.0388696 9.99101E-05 9.99101E-05 9.99101E-05 0.0827418 9.99101E-05
9.9901E-05 9.9901E-05 0.0495976 9.9901E-05 0.0131045 9.9901E-05 0.0619946 9.9901E-05 0.700446 9.9901E-05 9.9901E-05 9.9901E-05 0.0359067 9.9901E-05 0.0811517 0.0408357 0.0158644 9.9901E-05 9.9901E-05
9.9874E-05 9.9874E-05 0.0720961 0.102028 9.9874E-05 9.9874E-05 9.9874E-05 9.9874E-05 0.767215 0.0149015 0.0423605 9.9874E-05 9.9874E-05 9.9874E-05 9.9874E-05 9.9874E-05 9.9874E-05 9.9874E-05 9.9874E-05
9.98741E-05 9.98741E-05 0.154334 0.0225332 9.98741E-05 9.98741E-05 9.98741E-05 0.00153217 0.817338 9.98741E-05 9.98741E-05 9.98741E-05 9.98741E-05 9.98741E-05 9.98741E-05 9.98741E-05 0.00286423 9.98741E-05 9.98741E-05
9.98741E-05 9.98741E-05 9.98741E-05 9.98741E-05 9.98741E-05 0.0653955 9.98741E-05 0.0151859 0.881297 9.98741E-05 9.98741E-05 9.98741E-05 9.98741E-05 0.0346387 9.98741E-05 9.98741E-05 9.98741E-05 9.98741E-05 0.00208478
0.014523 9.98651E-05 9.98651E-05 9.98651E-05 9.98651E-05 0.0787687 9.98651E-05 9.98651E-05 0.885898 9.98651E-05 9.98651E-05 9.98651E-05 9.98651E-05 0.0193123 9.98651E-05 9.98651E-05 9.98651E-05 9.98651E-05 9.98651E-05
0.0460946 9.98741E-05 9.98741E-05 9.98741E-05 9.98741E-05 9.98741E-05 0.0450618 9.98741E-05 0.841273 9.98741E-05 9.98741E-05 0.0124645 9.98741E-05 0.0537078 9.98741E-05 9.98741E-05 9.98741E-05 9.98741E-05 9.98741E-05
0.00798308 9.9901E-05 9.9901E-05 0.0182008 9.9901E-05 9.9901E-05 0.0426925 0.0114896 0.897484 9.9901E-05 0.00390994 9.9901E-05 9.9901E-05 9.9901E-05 0.0114292 9.9901E-05 9.9901E-05 9.9901E-05 0.00571245
9.9838E-05 9.9838E-05 9.9838E-05 9.9838E-05 9.9838E-05 9.9838E-05 9.9838E-05 9.9838E-05 9.9838E-05 9.9838E-05 9.9838E-05 9.9838E-05 9.9838E-05 9.9838E-05 9.9838E-05 9.9838E-05 0.998203 9.9838E-05 9.9838E-05
9.9892E-05 0.086918 0.123937 9.9892E-05 9.9892E-05 9.9892E-05 0.00965687 9.9892E-05 9.9892E-05 0.0273161 0.738267 9.9892E-05 0.0110299 9.9892E-05 9.9892E-05 9.9892E-05 0.00167722 9.9892E-05 9.9892E-05
0.0540601 0.100252 9.9892E-05 9.9892E-05 9.9892E-05 9.9892E-05 9.9892E-05 9.9892E-05 9.9892E-05 9.9892E-05 0.698752 9.9892E-05 9.9892E-05 0.0240136 0.0557969 0.0521796 9.9892E-05 9.9892E-05 0.0137469
0.0125998 9.9883E-05 9.9883E-05 9.9883E-05 9.9883E-05 9.9883E-05 0.152904 0.00429465 9.9883E-05 9.9883E-05 0.805063 0.0227202 9.9883E-05 9.9883E-05 9.9883E-05 9.9883E-05 9.9883E-05 9.9883E-05 0.00112028
9.98472E-05 9.98472E-05 9.98472E-05 9.98472E-05 9.98472E-05 9.98472E-05 9.98472E-05 9.98472E-05 9.98472E-05 9.98472E-05 0.995292 9.98472E-05 9.98472E-05 9.98472E-05 9.98472E-05 9.98472E-05 0.00301101 9.98472E-05 9.98472E-05
9.98651E-05 9.98651E-05 9.98651E-05 9.98651E-05 9.98651E-05 9.98651E-05 9.98651E-05 0.025308 9.98651E-05 0.0140864 0.919701 9.98651E-05 9.98651E-05 0.0394061 9.98651E-05 9.98651E-05 9.98651E-05 9.98651E-05 9.98651E-05
0.0387468 0.0287178 0.00944347 9.9892E-05 9.9892E-05 0.120939 9.9892E-05 9.9892E-05 9.9892E-05 9.9892E-05 0.751714 9.9892E-05 9.9892E-05 9.9892E-05 9.9892E-05 9.9892E-05 0.00314311 0.046098 9.9892E-05
9.9838E-05 9.9838E-05 9.9838E-05 9.9838E-05 9.9838E-05 9.9838E-05 9.9838E-05 9.9838E-05 9.9838E-05 9.9838E-05 9.9838E-05 9.9838E-05 9.9838E-05 9.9838E-05 9.9838E-05 9.9838E-05 0.998203 9.9838E-05 9.9838E-05
0.0068997 9.991E-05 9.991E-05 9.991E-05 9.991E-05 0.0338937 9.991E-05 0.00347545 9.991E-05 9.991E-05 0.74176 0.00735926 9.991E-05 9.991E-05 9.991E-05 0.0997152 0.0259447 0.0656602 0.0142925
0.0242391 9.991E-05 0.00719834 9.991E-05 0.0398918 0.120684 9.991E-05 9.991E-05 0.0191948 9.991E-05 0.754512 9.991E-05 0.0227516 9.991E-05 0.00600744 9.991E-05 9.991E-05 0.00452197 9.991E-05
9.9901E-05 9.9901E-05 0.115267 9.9901E-05 9.9901E-05 0.0291902 9.9901E-05 9.9901E-05 9.9901E-05 0.0210338 0.719798 9.9901E-05 0.0261578 9.9901E-05 0.0453914 9.9901E-05 0.0244411 0.0176213 9.9901E-05
0.0593629 9.98831E-05 9.98831E-05 9.98831E-05 9.98831E-05 9.98831E-05 0.0770156 0.0402682 9.98831E-05 9.98831E-05 0.760117 9.98831E-05 9.98831E-05 9.98831E-05 9.98831E-05 0.0425431 0.0193947 9.98831E-05 9.98831E-05
9.9901E-05 9.9901E-05 9.9901E-05 9.9901E-05 0.00438855 0.192239 9.9901E-05 9.9901E-05 9.9901E-05 9.9901E-05 0.61993 9.9901E-05 0.0262877 0.0128339 9.9901E-05 0.0471876 0.0595862 0.036448 9.9901E-05
9.991E-05 0.0427373 0.0631165 9.991E-05 0.0488077 9.991E-05 9.991E-05 9.991E-05 9.991E-05 0.0454752 0.632187 9.991E-05 0.0825299 9.991E-05 0.0389568 9.991E-05 0.0427153 9.991E-05 0.0024754
9.994E-05 9.994E-05 0.0358535 0.063672 0.00909161 9.994E-05 0.0496401 0.00369098 0.0125692 0.0194444 0.678378 0.0348507 9.994E-05 0.00151843 0.0564761 9.994E-05 0.012251 9.994E-05 0.0219647
9.99009E-05 9.99009E-05 0.396119 9.99009E-05 0.00440324 9.99009E-05 9.99009E-05 0.0121731 0.0199708 0.0589105 0.4191 0.0463261 9.99009E-05 9.99009E-05 0.0418987 9.99009E-05 9.99009E-05 9.99009E-05 9.99009E-05
0.0372844 9.991E-05 9.991E-05 0.0188217 0.000491862 0.0922142 0.0562482 9.991E-05 9.991E-05 0.0300645 0.677882 0.0288451 9.991E-05 9.991E-05 9.991E-05 0.0571488 9.991E-05 9.991E-05 9.991E-05
0.1189 9.9883E-05 9.9883E-05 9.9883E-05 9.9883E-05 9.9883E-05 0.810588 9.9883E-05 9.9883E-05 0.0102849 9.9883E-05 0.0157897 0.0277658 9.9883E-05 9.9883E-05 9.9883E-05 0.0153739 9.9883E-05 9.9883E-05
0.0114307 9.98919E-05 9.98919E-05 9.98919E-05 9.98919E-05 9.98919E-05 0.717861 9.98919E-05 9.98919E-05 9.98919E-05 9.98919E-05 0.00353215 9.98919E-05 0.0274127 0.161331 9.98919E-05 9.98919E-05 0.0698781 0.00735518
0.0221551 9.9892E-05 9.9892E-05 9.9892E-05 0.0239743 0.871958 0.0325368 9.9892E-05 0.0232681 0.0119675 0.0129419 9.9892E-05 9.9892E-05 9.9892E-05 9.9892E-05 9.9892E-05 9.9892E-05 9.9892E-05 9.9892E-05
0.0136343 9.9892E-05 0.00547816 0.0626931 9.9892E-05 0.0509795 0.7807 9.9892E-05 9.9892E-05 9.9892E-05 9.9892E-05 9.9892E-05 0.0397362 0.0455798 9.9892E-05 9.9892E-05 9.9892E-05 9.9892E-05 9.9892E-05
0.0353027 0.0917248 0.0692878 0.00223684 0.0231227 0.00247004 0.688426 0.00454658 9.9946E-05 0.0185263 9.9946E-05 0.0175866 9.9946E-05 0.0198903 9.9946E-05 9.9946E-05 0.0181125 9.9946E-05 0.00816773
9.9865E-05 9.9865E-05 9.9865E-05 9.9865E-05 9.9865E-05 0.975111 9.9865E-05 9.9865E-05 9.9865E-05 9.9865E-05 9.9865E-05 0.0142327 9.9865E-05 9.9865E-05 9.9865E-05 9.9865E-05 0.00159345 9.9865E-05 0.00756521
0.0309414 0.31929 9.99301E-05 9.99301E-05 0.029505 9.99301E-05 0.436641 0.00710589 0.0043835 9.99301E-05 9.99301E-05 9.99301E-05 0.0700991 0.030254 9.99301E-05 0.0589756 0.0112539 9.99301E-05 0.000751446
0.00969738 9.9892E-05 9.9892E-05 9.9892E-05 9.9892E-05 0.726279 0.159098 9.9892E-05 9.9892E-05 0.00432906 9.9892E-05 0.0753351 9.9892E-05 0.00445573 9.9892E-05 9.9892E-05 0.0196065 9.9892E-05 9.9892E-05
0.0247809 0.121413 9.9901E-05 9.9901E-05 9.9901E-05 9.9901E-05 0.630889 9.9901E-05 0.0358984 9.9901E-05 0.0148141 0.0410104 9.9901E-05 9.9901E-05 9.9901E-05 0.115765 9.9901E-05 0.0143306 9.9901E-05
9.9883E-05 9.9883E-05 9.9883E-05 0.036788 0.001666 9.9883E-05 0.949964 0.00576812 9.9883E-05 9.9883E-05 9.9883E-05 9.9883E-05 9.9883E-05 9.9883E-05 0.00108534 9.9883E-05 9.9883E-05 9.9883E-05 0.00343017
9.9856E-05 9.9856E-05 9.9856E-05 9.9856E-05 9.9856E-05 0.981795 9.9856E-05 9.9856E-05 9.9856E-05 9.9856E-05 9.9856E-05 0.000194915 0.0164123 9.9856E-05 9.9856E-05 9.9856E-05 9.9856E-05 9.9856E-05 9.9856E-05
9.9874E-05 9.9874E-05 9.9874E-05 9.9874E-05 9.9874E-05 0.0262506 0.946093 9.9874E-05 9.9874E-05 0.00361602 9.9874E-05 9.9874E-05 9.9874E-05 0.00466912 9.9874E-05 9.9874E-05 0.0179727 9.9874E-05 9.9874E-05
0.0162647 0.433119 9.991E-05 0.0420676 0.0206493 0.000172279 0.377523 9.991E-05 9.991E-05 9.991E-05 9.991E-05 9.991E-05 0.0938074 9.991E-05 9.991E-05 9.991E-05 0.00852251 9.991E-05 0.00687503
9.9874E-05 0.0481195 9.9874E-05 9.9874E-05 9.9874E-05 9.9874E-05 0.87958 0.0218828 9.9874E-05 9.9874E-05 9.9874E-05 9.9874E-05 9.9874E-05 0.0274193 9.9874E-05 9.9874E-05 9.9874E-05 0.0216002 9.9874E-05
9.98831E-05 9.98831E-05 0.0761472 9.98831E-05 9.98831E-05 0.82645 0.0784108 0.0125315 9.98831E-05 0.00311177 9.98831E-05 9.98831E-05 9.98831E-05 9.98831E-05 9.98831E-05 9.98831E-05 0.00205003 9.98831E-05 9.98831E-05
9.98649E-05 9.98649E-05 9.98649E-05 9.98649E-05 0.0249785 0.903635 0.0327617 9.98649E-05 9.98649E-05 9.98649E-05 9.98649E-05 9.98649E-05 9.98649E-05 9.98649E-05 9.98649E-05 9.98649E-05 9.98649E-05 9.98649E-05 0.037127
0.0231096 9.99099E-05 0.00645353 9.99099E-05 9.99099E-05 0.641137 0.202663 0.00362631 0.0615941 9.99099E-05 0.0206144 0.0240621 9.99099E-05 0.0157415 9.99099E-05 9.99099E-05 9.99099E-05 9.99099E-05 9.99099E-05
0.0383087 9.9919E-05 9.9919E-05 9.9919E-05 0.0366844 0.303171 0.521242 0.00446329 0.00375278 9.9919E-05 9.9919E-05 9.9919E-05 9.9919E-05 0.00743156 9.9919E-05 0.0440577 0.00791705 9.9919E-05 0.0320718
9.9928E-05 0.273552 9.9928E-05 9.9928E-05 9.9928E-05 0.152953 0.38742 0.00395533 0.0121521 9.9928E-05 0.00893987 0.00619205 9.9928E-05 0.000953113 0.0933688 0.027802 9.9928E-05 0.0319119 9.9928E-05
9.9883E-05 9.9883E-05 0.0123758 9.9883E-05 9.9883E-05 0.0411041 0.801975 9.9883E-05 0.0597054 9.9883E-05 0.0472504 9.9883E-05 9.9883E-05 9.9883E-05 9.9883E-05 9.9883E-05 9.9883E-05 9.9883E-05 0.0362911
0.0732508 9.9874E-05 0.0382934 9.9874E-05 9.9874E-05 9.9874E-05 0.31949 9.9874E-05 9.9874E-05 0.0180664 9.9874E-05 9.9874E-05 9.9874E-05 9.9874E-05 0.549502 9.9874E-05 9.9874E-05 9.9874E-05 9.9874E-05
9.98379E-05 9.98379E-05 9.98379E-05 9.98379E-05 9.98379E-05 9.98379E-05 9.98379E-05 9.98379E-05 9.98379E-05 0.998203 9.98379E-05 9.98379E-05 9.98379E-05 9.98379E-05 9.98379E-05 9.98379E-05 9.98379E-05 9.98379E-05 9.98379E-05
0.0181825 9.9919E-05 0.026505 9.9919E-05 0.00411275 0.0929899 9.9919E-05 9.9919E-05 9.9919E-05 9.9919E-05 9.9919E-05 0.0312415 0.0045739 0.0340241 0.751425 9.9919E-05 0.0174804 9.9919E-05 0.018566
0.0223494 9.9915E-05 9.9915E-05 0.0754634 9.9915E-05 0.152833 9.9915E-05 9.9915E-05 9.9915E-05 0.0212506 9.9915E-05 0.0447564 9.9915E-05 0.0104005 0.62323 9.9915E-05 9.9915E-05 0.0350698 0.0136483
0.0245072 0.032572 9.9919E-05 0.560875 9.9919E-05 9.9919E-05 9.9919E-05 0.00690132 9.9919E-05 0.0124711 0.0119051 0.0297854 9.9919E-05 9.9919E-05 0.232593 0.0167088 9.9919E-05 0.0707818 9.9919E-05
0.0001943 9.991E-05 0.0455748 0.857076 9.991E-05 0.00782671 0.0253221 0.0205253 9.991E-05 9.991E-05 9.991E-05 9.991E-05 0.0056549 9.991E-05 0.0306287 9.991E-05 0.00619798 9.991E-05 9.991E-05
9.9838E-05 9.9838E-05 9.9838E-05 9.9838E-05 0.998203 9.9838E-05 9.9838E-05 9.9838E-05 9.9838E-05 9.9838E-05 9.9838E-05 9.9838E-05 9.9838E-05 9.9838E-05 9.9838E-05 9.9838E-05 9.9838E-05 9.9838E-05 9.9838E-05
9.98379E-05 9.98379E-05 9.98379E-05 9.98379E-05 9.98379E-05 9.98379E-05 9.98379E-05 9.98379E-05 9.98379E-05 0.998203 9.98379E-05 9.98379E-05 9.98379E-05 9.98379E-05 9.98379E-05 9.98379E-05 9.98379E-05 9.98379E-05 9.98379E-05
9.99106E-05 0.0717711 9.99106E-05 9.99106E-05 9.99106E-05 9.99106E-05 0.0263967 0.00862811 0.0372579 0.00408896 9.99106E-05 0.0134755 0.0411606 9.99106E-05 0.77879 0.0174321 9.99106E-05 9.99106E-05 9.99106E-05
0.128605 9.9901E-05 9.9901E-05 0.540701 0.035367 0.0829094 9.9901E-05 0.0308213 9.9901E-05 9.9901E-05 0.087468 9.9901E-05 0.0755197 9.9901E-05 9.9901E-05 9.9901E-05 0.0175088 9.9901E-05 9.9901E-05
0.0796894 9.9928E-05 9.9928E-05 0.0858808 0.0585773 9.9928E-05 9.9928E-05 0.0253716 9.9928E-05 0.0377521 9.9928E-05 0.00179934 0.0908499 9.9928E-05 0.41638 9.9928E-05 0.00267368 0.178836 0.0213914
0.0958352 9.9928E-05 9.9928E-05 0.472247 0.021489 9.9928E-05 9.9928E-05 0.0263648 0.00234652 0.0167157 9.9928E-05 0.0121077 9.9928E-05 9.9928E-05 0.236185 9.9928E-05 0.0444616 0.0300993 0.0413484
0.0292748 9.9946E-05 9.9946E-05 0.277139 0.0298772 9.9946E-05 9.9946E-05 0.0213031 0.0146628 0.103624 0.0648296 9.9946E-05 0.0472627 0.0106667 0.312323 0.0282953 0.0134571 9.9946E-05 0.046685
0.049838 9.9919E-05 9.9919E-05 0.529105 0.0225306 0.0253445 0.000901764 0.0143355 9.9919E-05 0.0541613 9.9919E-05 9.9919E-05 9.9919E-05 0.0300646 0.266256 9.9919E-05 9.9919E-05 9.9919E-05 0.0065637
9.9883E-05 9.9883E-05 0.00103069 0.938168 0.0297139 9.9883E-05 9.9883E-05 0.0118021 9.9883E-05 9.9883E-05 9.9883E-05 0.00123607 9.9883E-05 0.0167504 9.9883E-05 9.9883E-05 9.9883E-05 9.9883E-05 9.9883E-05
0.0616574 9.9919E-05 9.9919E-05 0.403674 0.0216328 9.9919E-05 9.9919E-05 9.9919E-05 9.9919E-05 0.0888152 0.090819 0.057831 9.9919E-05 0.0332017 0.204526 9.9919E-05 0.00987739 0.0270659 9.9919E-05
9.9919E-05 0.0893781 0.102443 0.216313 9.9919E-05 9.9919E-05 9.9919E-05 0.00108557 9.9919E-05 0.0454519 9.9919E-05 0.0498136 9.9919E-05 9.9919E-05 0.175834 9.9919E-05 0.00176421 0.306333 0.0106845
0.0989746 9.9919E-05 9.9919E-05 0.0322316 0.00430898 0.419243 9.9919E-05 0.0264046 9.9919E-05 0.0479067 9.9919E-05 0.0248761 9.9919E-05 9.9919E-05 0.120119 9.9919E-05 0.0251004 0.199935 9.9919E-05
0.0979399 9.9919E-05 9.9919E-05 0.314064 9.9919E-05 9.9919E-05 0.329793 0.015823 0.0557194 0.0289397 0.00821749 0.00510222 0.0105517 9.9919E-05 0.132951 9.9919E-05 9.9919E-05 9.9919E-05 9.9919E-05
0.020772 0.00537946 9.9919E-05 0.156472 9.9919E-05 0.490972 9.9919E-05 0.00450284 0.0709616 0.0546097 9.9919E-05 0.0139982 9.9919E-05 9.9919E-05 0.174188 9.9919E-05 9.9919E-05 9.9919E-05 0.00724516
9.9838E-05 9.9838E-05 9.9838E-05 9.9838E-05 0.998203 9.9838E-05 9.9838E-05 9.9838E-05 9.9838E-05 9.9838E-05 9.9838E-05 9.9838E-05 9.9838E-05 9.9838E-05 9.9838E-05 9.9838E-05 9.9838E-05 9.9838E-05 9.9838E-05
9.9937E-05 0.000441968 9.9937E-05 0.567889 0.00482023 9.9937E-05 0.0943652 0.0274391 0.0652093 0.0606122 0.00107747 9.9937E-05 9.9937E-05 0.00698004 9.9937E-05 0.0779069 0.0365228 9.9937E-05 0.0560364
0.0525854 0.0545241 9.9928E-05 0.402226 0.0536679 9.9928E-05 0.0873007 0.0427745 9.9928E-05 0.0364951 9.9928E-05 0.0308487 9.9928E-05 9.9928E-05 0.213021 0.0190817 9.9928E-05 9.9928E-05 0.00667553
0.998203 9.98379E-05 9.98379E-05 9.98379E-05 9.98379E-05 9.98379E-05 9.98379E-05 9.98379E-05 9.98379E-05 9.98379E-05 9.98379E-05 9.98379E-05 9.98379E-05 9.98379E-05 9.98379E-05 9.98379E-05 9.98379E-05 9.98379E-05 9.98379E-05
0.0311329 9.9928E-05 9.9928E-05 0.32742 0.0126618 9.9928E-05 0.00954181 9.9928E-05 9.9928E-05 0.00872305 0.0140107 9.9928E-05 0.0672262 0.0218941 0.48496 9.9928E-05 0.00435518 9.9928E-05 0.017275
0.0310276 9.9919E-05 9.9919E-05 0.608557 0.0396577 0.0731053 9.9919E-05 0.00863952 0.0571864 9.9919E-05 9.9919E-05 0.026497 9.9919E-05 0.00452548 0.133484 9.9919E-05 9.9919E-05 9.9919E-05 0.0164208
9.991E-05 9.991E-05 0.387075 0.0668014 9.991E-05 0.00137011 0.233985 0.0501949 9.991E-05 0.0105238 9.991E-05 0.0214688 9.991E-05 9.991E-05 0.197147 9.991E-05 9.991E-05 9.991E-05 0.0304341
9.9883E-05 9.9883E-05 9.9883E-05 9.9883E-05 0.0261198 0.155655 9.9883E-05 0.000683202 9.9883E-05 9.9883E-05 9.9883E-05 0.0334816 0.672824 9.9883E-05 0.109938 9.9883E-05 9.9883E-05 9.9883E-05 9.9883E-05
0.107667 9.991E-05 9.991E-05 9.991E-05 9.991E-05 0.178163 9.991E-05 9.991E-05 9.991E-05 0.0319606 0.0412683 9.991E-05 0.0399589 0.0255691 0.44364 0.125353 9.991E-05 0.00542056 9.991E-05
0.979436 9.9847E-05 9.9847E-05 9.9847E-05 0.0188665 9.9847E-05 9.9847E-05 9.9847E-05 9.9847E-05 9.9847E-05 9.9847E-05 9.9847E-05 9.9847E-05 9.9847E-05 9.9847E-05 9.9847E-05 9.9847E-05 9.9847E-05 9.9847E-05
0.998203 9.9838E-05 9.9838E-05 9.9838E-05 9.9838E-05 9.9838E-05 9.9838E-05 9.9838E-05 9.9838E-05 9.9838E-05 9.9838E-05 9.9838E-05 9.9838E-05 9.9838E-05 9.9838E-05 9.9838E-05 9.9838E-05 9.9838E-05 9.9838E-05
0.0593922 0.121785 9.9928E-05 0.588329 0.00721601 9.9928E-05 9.9928E-05 9.9928E-05 9.9928E-05 0.0173768 0.0075731 0.0183307 0.0661881 9.9928E-05 0.0567425 9.9928E-05 9.9928E-05 0.040359 0.0159089
9.98379E-05 9.98379E-05 9.98379E-05 9.98379E-05 9.98379E-05 9.98379E-05 9.98379E-05 9.98379E-05 9.98379E-05 9.98379E-05 9.98379E-05 0.998203 9.98379E-05 9.98379E-05 9.98379E-05 9.98379E-05 9.98379E-05 9.98379E-05 9.98379E-05
9.9919E-05 9.9919E-05 9.9919E-05 9.9919E-05 0.0830852 9.9919E-05 0.221705 0.0280408 9.9919E-05 0.00831978 0.00181315 9.9919E-05 9.9919E-05 9.9919E-05 0.613475 0.0147566 0.0057901 0.0101523 0.0119632
0.0104031 9.98831E-05 9.98831E-05 9.98831E-05 0.0187255 0.188945 9.98831E-05 9.98831E-05 9.98831E-05 9.98831E-05 9.98831E-05 9.98831E-05 0.00495985 9.98831E-05 0.750023 0.0256448 9.98831E-05 9.98831E-05 9.98831E-05
9.98921E-05 9.98921E-05 0.41176 0.155081 9.98921E-05 9.98921E-05 9.98921E-05 9.98921E-05 9.98921E-05 0.0201572 9.98921E-05 0.0327441 9.98921E-05 0.0285124 0.340097 9.98921E-05 0.0104503 9.98921E-05 9.98921E-05
0.00133836 0.126677 0.173484 9.9901E-05 9.9901E-05 9.9901E-05 9.9901E-05 0.027889 9.9901E-05 9.9901E-05 0.0769431 0.0466139 9.9901E-05 0.00483014 0.541125 9.9901E-05 9.9901E-05 9.9901E-05 9.9901E-05
9.9856E-05 9.9856E-05 0.166758 9.9856E-05 9.9856E-05 9.9856E-05 9.9856E-05 9.9856E-05 9.9856E-05 9.9856E-05 9.9856E-05 9.9856E-05 9.9856E-05 0.0475533 0.784091 9.9856E-05 9.9856E-05 9.9856E-05 9.9856E-05
0.0552146 0.0251173 0.15362 0.0340997 0.00289635 9.9946E-05 9.9946E-05 9.9946E-05 9.9946E-05 0.0671476 0.00134092 0.0322734 0.0484174 0.0421821 0.509753 9.9946E-05 0.0170705 9.9946E-05 0.010267
9.99407E-05 0.101181 0.0192801 0.202068 0.0462612 0.0055931 9.99407E-05 0.0706488 0.0181969 0.0462928 9.99407E-05 0.0343752 0.0912683 9.99407E-05 0.143182 9.99407E-05 9.99407E-05 0.220953 9.99407E-05
0.0715767 9.9892E-05 9.9892E-05 9.9892E-05 0.00633611 0.203766 9.9892E-05 0.0268593 0.0134638 0.0107817 9.9892E-05 9.9892E-05 9.9892E-05 9.9892E-05 0.666018 9.9892E-05 9.9892E-05 9.9892E-05 9.9892E-05
0.15283 9.9919E-05 9.9919E-05 0.247647 0.00104047 9.9919E-05 0.123299 0.026191 9.9919E-05 0.00771147 0.0311237 9.9919E-05 9.9919E-05 0.012578 0.293242 9.9919E-05 9.9919E-05 0.103437 9.9919E-05
9.9928E-05 0.132441 9.9928E-05 0.186863 9.9928E-05 0.00298081 9.9928E-05 0.0797009 0.0197116 0.0552115 9.9928E-05 0.0323236 9.9928E-05 9.9928E-05 0.447333 0.0153004 9.9928E-05 0.0103995 0.0169354
0.0341027 0.00674498 0.0953222 0.1596 9.991E-05 0.068924 9.991E-05 9.991E-05 9.991E-05 9.991E-05 9.991E-05 9.991E-05 9.991E-05 0.00988909 0.583246 9.991E-05 0.0313672 9.991E-05 0.00980485
0.0548394 9.9955E-05 0.0231835 0.0833476 0.0611353 9.9955E-05 0.0298418 0.0198463 0.00297254 0.0651403 9.9955E-05 0.00276045 9.9955E-05 9.9955E-05 0.452397 0.0736629 0.0214851 0.0150651 0.0938225
9.98379E-05 9.98379E-05 9.98379E-05 0.998203 9.98379E-05 9.98379E-05 9.98379E-05 9.98379E-05 9.98379E-05 9.98379E-05 9.98379E-05 9.98379E-05 9.98379E-05 9.98379E-05 9.98379E-05 9.98379E-05 9.98379E-05 9.98379E-05 9.98379E-05
9.9838E-05 9.9838E-05 9.9838E-05 9.9838E-05 9.9838E-05 9.9838E-05 9.9838E-05 9.9838E-05 9.9838E-05 9.9838E-05 9.9838E-05 9.9838E-05 9.9838E-05 9.9838E-05 9.9838E-05 9.9838E-05 9.9838E-05 9.9838E-05 0.998203
9.9937E-05 9.9937E-05 0.161326 0.205247 0.0212434 9.9937E-05 0.0889322 0.037656 0.0256837 0.0498343 9.9937E-05 0.0455787 9.9937E-05 0.0283567 0.139853 9.9937E-05 9.9937E-05 0.176847 0.0187425
0.0325102 9.9892E-05 9.9892E-05 9.9892E-05 0.0417299 9.9892E-05 0.0831315 9.9892E-05 9.9892E-05 9.9892E-05 9.9892E-05 0.0141999 9.9892E-05 9.9892E-05 0.817519 9.9892E-05 0.00122946 9.9892E-05 0.00848076
0.0405666 0.0324341 9.9937E-05 0.478142 0.0236971 0.00664195 9.9937E-05 9.9937E-05 0.021112 9.9937E-05 9.9937E-05 0.0736658 0.104635 0.0073549 0.195209 9.9937E-05 0.00858877 9.9937E-05 0.00725352
9.9847E-05 9.9847E-05 9.9847E-05 0.992591 9.9847E-05 9.9847E-05 9.9847E-05 9.9847E-05 9.9847E-05 9.9847E-05 9.9847E-05 9.9847E-05 9.9847E-05 9.9847E-05 9.9847E-05 0.00571122 9.9847E-05 9.9847E-05 9.9847E-05
0.0367841 9.9901E-05 9.9901E-05 9.9901E-05 0.00360392 0.0820177 9.9901E-05 0.0232022 9.9901E-05 9.9901E-05 9.9901E-05 9.9901E-05 9.9901E-05 0.0201821 0.695019 0.0164459 9.9901E-05 0.121646 9.9901E-05
0.117551 9.99189E-05 9.99189E-05 0.254755 9.99189E-05 0.025388 9.99189E-05 9.99189E-05 0.0334593 9.99189E-05 0.0579654 9.99189E-05 0.0135723 0.00340359 0.393227 9.99189E-05 0.0148686 0.0849103 9.99189E-05
9.9838E-05 9.9838E-05 9.9838E-05 9.9838E-05 9.9838E-05 9.9838E-05 9.9838E-05 0.998203 9.9838E-05 9.9838E-05 9.9838E-05 9.9838E-05 9.9838E-05 9.9838E-05 9.9838E-05 9.9838E-05 9.9838E-05 9.9838E-05 9.9838E-05
9.9838E-05 9.9838E-05 9.9838E-05 9.9838E-05 9.9838E-05 9.9838E-05 9.9838E-05 9.9838E-05 9.9838E-05 9.9838E-05 9.9838E-05 9.9838E-05 9.9838E-05 9.9838E-05 9.9838E-05 9.9838E-05 9.9838E-05 9.9838E-05 0.998203
9.9838E-05 9.9838E-05 9.9838E-05 9.9838E-05 9.9838E-05 9.9838E-05 9.9838E-05 0.998203 9.9838E-05 9.9838E-05 9.9838E-05 9.9838E-05 9.9838E-05 9.9838E-05 9.9838E-05 9.9838E-05 9.9838E-05 9.9838E-05 9.9838E-05
9.9901E-05 9.9901E-05 0.0801887 9.9901E-05 0.0221014 9.9901E-05 9.9901E-05 9.9901E-05 0.0129293 0.0511077 9.9901E-05 0.0544829 9.9901E-05 9.9901E-05 0.768264 9.9901E-05 0.00445123 9.9901E-05 0.00537541
9.9928E-05 0.0842552 0.166256 0.116591 0.0345692 9.9928E-05 9.9928E-05 0.0322851 9.9928E-05 0.025831 9.9928E-05 0.0816452 9.9928E-05 0.00926875 0.426659 9.9928E-05 0.0118378 9.9928E-05 0.0100017
9.9919E-05 0.0339251 0.141837 0.425093 9.9919E-05 9.9919E-05 9.9919E-05 0.0405637 0.01817 0.0222371 0.0597179 0.0397562 9.9919E-05 9.9919E-05 0.21587 9.9919E-05 9.9919E-05 9.9919E-05 0.00192962
9.991E-05 9.991E-05 9.991E-05 0.66257 9.991E-05 9.991E-05 0.0350745 0.0515743 0.0443577 0.00472129 9.991E-05 0.00734956 9.991E-05 9.991E-05 0.152949 9.991E-05 0.00644315 9.991E-05 0.0339613
0.0261485 9.991E-05 9.991E-05 0.168689 0.018754 0.251263 9.991E-05 9.991E-05 9.991E-05 0.0173468 9.991E-05 9.991E-05 9.991E-05 9.991E-05 0.442463 9.991E-05 0.018297 0.0317043 0.0243358
9.98379E-05 9.98379E-05 9.98379E-05 9.98379E-05 9.98379E-05 9.98379E-05 9.98379E-05 9.98379E-05 9.98379E-05 9.98379E-05 9.98379E-05 0.998203 9.98379E-05 9.98379E-05 9.98379E-05 9.98379E-05 9.98379E-05 9.98379E-05 9.98379E-05
0.01284 9.9928E-05 9.9928E-05 0.108778 9.9928E-05 9.9928E-05 0.102417 0.0308572 0.021756 9.9928E-05 0.00303021 0.0133645 0.100017 0.0425119 0.535391 9.9928E-05 9.9928E-05 9.9928E-05 0.028238
9.9883E-05 9.9883E-05 0.0541741 9.9883E-05 9.9883E-05 0.016679 9.9883E-05 9.9883E-05 9.9883E-05 0.0537771 9.9883E-05 9.9883E-05 9.9883E-05 9.9883E-05 0.168504 9.9883E-05 0.00728865 0.698278 9.9883E-05
0.0519551 9.9865E-05 0.0676274 9.9865E-05 0.01668 9.9865E-05 9.9865E-05 9.9865E-05 9.9865E-05 9.9865E-05 9.9865E-05 9.9865E-05 9.9865E-05 9.9865E-05 9.9865E-05 9.9865E-05 9.9865E-05 0.86224 9.9865E-05
0.0483166 9.9892E-05 0.0160664 9.9892E-05 0.0102816 9.9892E-05 9.9892E-05 0.0165073 9.9892E-05 9.9892E-05 9.9892E-05 9.9892E-05 9.9892E-05 9.9892E-05 9.9892E-05 9.9892E-05 0.0161254 0.860458 0.031046
9.9875E-05 9.9875E-05 0.0785887 9.9875E-05 0.00812104 9.9875E-05 9.9875E-05 9.9875E-05 9.9875E-05 0.00403864 9.9875E-05 0.0491386 9.9875E-05 9.9875E-05 9.9875E-05 9.9875E-05 9.9875E-05 0.858715 9.9875E-05
9.9919E-05 9.9919E-05 9.9919E-05 9.9919E-05 9.9919E-05 0.129969 9.9919E-05 0.0262484 0.00364551 9.9919E-05 0.0497 9.9919E-05 0.0201918 9.9919E-05 0.102383 0.0240181 0.00351677 0.620197 0.0192319
9.9901E-05 9.9901E-05 9.9901E-05 0.103671 0.00117931 9.9901E-05 0.0228001 9.9901E-05 9.9901E-05 0.010171 0.0891031 0.00106582 9.9901E-05 9.9901E-05 9.9901E-05 0.0716796 9.9901E-05 0.699231 9.9901E-05
9.9847E-05 9.9847E-05 9.9847E-05 9.9847E-05 9.9847E-05 9.9847E-05 9.9847E-05 9.9847E-05 9.9847E-05 9.9847E-05 9.9847E-05 9.9847E-05 0.0452684 9.9847E-05 9.9847E-05 9.9847E-05 9.9847E-05 0.953034 9.9847E-05
0.0267208 9.9883E-05 9.9883E-05 9.9883E-05 9.9883E-05 9.9883E-05 9.9883E-05 9.9883E-05 9.9883E-05 9.9883E-05 9.9883E-05 0.0225225 9.9883E-05 0.0337936 0.0195257 9.9883E-05 9.9883E-05 0.886007 0.0101319
9.9892E-05 0.0270675 9.9892E-05 9.9892E-05 9.9892E-05 9.9892E-05 0.116592 0.000656582 9.9892E-05 9.9892E-05 9.9892E-05 9.9892E-05 0.0448455 9.9892E-05 9.9892E-05 0.0125324 9.9892E-05 0.789141 0.00796584
0.00709783 9.9919E-05 0.0146814 9.9919E-05 0.00415608 9.9919E-05 0.114992 9.9919E-05 9.9919E-05 0.0139878 9.9919E-05 0.0073205 9.9919E-05 9.9919E-05 0.119094 9.9919E-05 0.0495303 0.650748 0.0174933
9.991E-05 9.991E-05 9.991E-05 0.0636859 9.991E-05 0.0556292 9.991E-05 0.015703 9.991E-05 0.0313689 0.0624764 0.00521817 0.0103667 0.0045009 9.991E-05 9.991E-05 9.991E-05 0.750052 9.991E-05
0.000386527 9.991E-05 9.991E-05 9.991E-05 0.000638205 0.000818647 9.991E-05 0.0270003 9.991E-05 9.991E-05 0.0107702 0.0322828 9.991E-05 0.00555233 9.991E-05 0.915959 9.991E-05 9.991E-05 0.00559339
9.991E-05 0.0720996 9.991E-05 0.03643 0.00821155 9.991E-05 9.991E-05 9.991E-05 9.991E-05 9.991E-05 9.991E-05 0.00282141 9.991E-05 0.0223897 9.991E-05 0.777823 0.00772227 0.0578811 0.0136222
0.0676149 0.0146373 0.128592 0.0157196 0.00834809 0.0124522 9.9946E-05 0.00742275 0.0288438 0.0129673 0.0205745 9.9946E-05 9.9946E-05 9.9946E-05 0.00339627 0.665949 0.0128834 9.9946E-05 9.9946E-05
9.99011E-05 9.99011E-05 9.99011E-05 0.0684727 9.99011E-05 0.02871 0.0914129 0.00609445 0.0605247 9.99011E-05 9.99011E-05 9.99011E-05 0.178535 9.99011E-05 9.99011E-05 0.557568 0.00758294 9.99011E-05 9.99011E-05
9.98702E-05 9.98702E-05 0.757122 9.98702E-05 0.0311733 9.98702E-05 0.0794106 9.98702E-05 9.98702E-05 9.98702E-05 9.98702E-05 9.98702E-05 9.98702E-05 0.0126448 9.98702E-05 0.104409 0.0139424 9.98702E-05 9.98702E-05
9.9892E-05 0.0213158 9.9892E-05 9.9892E-05 9.9892E-05 9.9892E-05 9.9892E-05 9.9892E-05 0.0269133 9.9892E-05 9.9892E-05 9.9892E-05 0.272542 9.9892E-05 0.0899411 0.521918 0.0218213 0.0443504 9.9892E-05
9.98997E-05 0.0199761 0.139364 9.98997E-05 9.98997E-05 9.98997E-05 0.0226615 9.98997E-05 0.0117074 9.98997E-05 0.042768 9.98997E-05 9.98997E-05 9.98997E-05 9.98997E-05 0.728117 9.98997E-05 9.98997E-05 0.0342065
0.028465 9.991E-05 0.125833 0.0563512 0.000615958 0.00272883 9.991E-05 9.991E-05 9.991E-05 9.991E-05 9.991E-05 9.991E-05 0.165906 0.0196254 9.991E-05 0.578213 0.0212623 9.991E-05 9.991E-05
0.0633299 0.0139352 0.642606 9.99099E-05 9.99099E-05 9.99099E-05 0.0830653 0.0446818 9.99099E-05 9.99099E-05 9.99099E-05 0.00950239 9.99099E-05 0.048795 9.99099E-05 0.0873717 9.99099E-05 9.99099E-05 0.00571359
0.019075 9.9892E-05 9.9892E-05 0.00877391 0.00777988 9.9892E-05 0.104152 9.9892E-05 9.9892E-05 9.9892E-05 9.9892E-05 9.9892E-05 9.9892E-05 9.9892E-05 9.9892E-05 0.834228 9.9892E-05 0.00830437 0.0164876
9.9892E-05 9.9892E-05 0.224011 9.9892E-05 0.0185565 0.104588 9.9892E-05 9.9892E-05 9.9892E-05 0.0103875 9.9892E-05 9.9892E-05 9.9892E-05 0.0243302 9.9892E-05 0.611243 0.00568479 9.9892E-05 9.9892E-05
9.9874E-05 9.9874E-05 9.9874E-05 9.9874E-05 9.9874E-05 9.9874E-05 0.11263 9.9874E-05 0.0470807 0.00942879 9.9874E-05 9.9874E-05 0.245144 9.9874E-05 9.9874E-05 0.584318 9.9874E-05 9.9874E-05 9.9874E-05
0.00993693 9.9928E-05 0.454848 0.0338447 9.9928E-05 0.0527281 0.0363198 0.00864996 0.034408 9.9928E-05 9.9928E-05 9.9928E-05 0.0848846 9.9928E-05 9.9928E-05 0.24434 0.0166878 0.0225534 9.9928E-05
9.9883E-05 9.9883E-05 0.850792 9.9883E-05 9.9883E-05 0.0748893 9.9883E-05 0.0187574 9.9883E-05 0.0226886 9.9883E-05 0.0184706 9.9883E-05 9.9883E-05 0.0131032 9.9883E-05 9.9883E-05 9.9883E-05 9.9883E-05
9.99099E-05 9.99099E-05 0.127742 0.0368051 9.99099E-05 9.99099E-05 9.99099E-05 0.0038573 0.00695575 0.0239447 0.0267313 0.00229285 0.739891 0.0307804 9.99099E-05 9.99099E-05 9.99099E-05 9.99099E-05 9.99099E-05
9.9892E-05 0.0407988 0.165453 9.9892E-05 0.034513 9.9892E-05 9.9892E-05 9.9892E-05 9.9892E-05 0.0244611 9.9892E-05 0.0248858 0.689756 0.0189337 9.9892E-05 9.9892E-05 9.9892E-05 9.9892E-05 9.9892E-05
9.9847E-05 9.9847E-05 9.9847E-05 9.9847E-05 9.9847E-05 9.9847E-05 9.9847E-05 9.9847E-05 9.9847E-05 0.0355802 9.9847E-05 9.9847E-05 0.962722 9.9847E-05 9.9847E-05 9.9847E-05 9.9847E-05 9.9847E-05 9.9847E-05
0.0082157 9.9874E-05 0.174916 0.0386092 9.9874E-05 9.9874E-05 9.9874E-05 9.9874E-05 9.9874E-05 9.9874E-05 9.9874E-05 9.9874E-05 0.750359 0.0265022 9.9874E-05 9.9874E-05 9.9874E-05 9.9874E-05 9.9874E-05
9.98381E-05 9.98381E-05 9.98381E-05 9.98381E-05 9.98381E-05 9.98381E-05 9.98381E-05 9.98381E-05 9.98381E-05 9.98381E-05 9.98381E-05 9.98381E-05 0.998203 9.98381E-05 9.98381E-05 9.98381E-05 9.98381E-05 9.98381E-05 9.98381E-05
9.9874E-05 9.9874E-05 0.581714 9.9874E-05 0.0145847 9.9874E-05 9.9874E-05 9.9874E-05 9.9874E-05 9.9874E-05 9.9874E-05 9.9874E-05 0.384319 0.0102311 9.9874E-05 9.9874E-05 0.00775304 9.9874E-05 9.9874E-05
9.9901E-05 0.0443774 0.044057 9.9901E-05 0.0380318 9.9901E-05 9.9901E-05 9.9901E-05 0.00559142 9.9901E-05 0.0145859 0.0268798 0.72997 9.9901E-05 0.0954075 9.9901E-05 9.9901E-05 9.9901E-05 9.9901E-05
0.0322728 9.9892E-05 9.9892E-05 0.00190884 9.9892E-05 9.9892E-05 9.9892E-05 0.0226046 9.9892E-05 9.9892E-05 9.9892E-05 9.9892E-05 0.884012 9.9892E-05 9.9892E-05 0.0382845 0.00205618 9.9892E-05 0.017662
9.9874E-05 9.9874E-05 0.826753 9.9874E-05 9.9874E-05 9.9874E-05 9.9874E-05 0.0189575 9.9874E-05 9.9874E-05 9.9874E-05 9.9874E-05 9.9874E-05 9.9874E-05 9.9874E-05 0.122058 9.9874E-05 0.0208006 0.010033
0.0117667 9.9946E-05 0.102195 9.9946E-05 0.0122022 9.9946E-05 9.9946E-05 0.00103152 0.0235713 9.9946E-05 0.0212743 0.0188284 0.0850638 0.012066 0.050898 0.656979 0.00264775 0.00087658 9.9946E-05
9.9847E-05 9.9847E-05 0.964579 9.9847E-05 9.9847E-05 9.9847E-05 9.9847E-05 9.9847E-05 9.9847E-05 9.9847E-05 9.9847E-05 9.9847E-05 9.9847E-05 9.9847E-05 9.9847E-05 9.9847E-05 9.9847E-05 9.9847E-05 0.0337233
9.9883E-05 9.9883E-05 0.27211 9.9883E-05 9.9883E-05 9.9883E-05 9.9883E-05 9.9883E-05 9.9883E-05 9.9883E-05 0.0618773 9.9883E-05 9.9883E-05 0.0210648 0.143637 0.467048 9.9883E-05 0.0329648 9.9883E-05
9.99009E-05 0.115683 0.0704544 9.99009E-05 0.018706 9.99009E-05 9.99009E-05 0.0272842 0.0140284 9.99009E-05 9.99009E-05 0.0165725 9.99009E-05 9.99009E-05 9.99009E-05 0.695697 0.0404758 9.99009E-05 9.99009E-05
9.991E-05 0.192801 0.210073 9.991E-05 0.00772236 9.991E-05 9.991E-05 9.991E-05 0.0479854 0.0599014 9.991E-05 9.991E-05 0.157302 9.991E-05 0.0238079 0.297441 9.991E-05 9.991E-05 0.00196688
9.9892E-05 0.0124678 0.892859 9.9892E-05 9.9892E-05 9.9892E-05 9.9892E-05 0.0116919 0.0198806 0.00230068 9.9892E-05 9.9892E-05 0.0413416 9.9892E-05 9.9892E-05 9.9892E-05 0.0182593 9.9892E-05 9.9892E-05
9.98921E-05 9.98921E-05 0.329145 9.98921E-05 9.98921E-05 9.98921E-05 0.180413 9.98921E-05 9.98921E-05 0.000660158 0.0451562 0.0165314 9.98921E-05 9.98921E-05 9.98921E-05 0.418849 9.98921E-05 9.98921E-05 0.00804687
9.9874E-05 0.0286058 9.9874E-05 9.9874E-05 9.9874E-05 0.0844093 9.9874E-05 0.0119406 9.9874E-05 0.0201167 9.9874E-05 9.9874E-05 9.9874E-05 9.9874E-05 9.9874E-05 0.853529 9.9874E-05 9.9874E-05 9.9874E-05
9.9937E-05 0.0153579 0.00552184 0.079355 0.000896096 9.9937E-05 0.107333 9.9937E-05 0.0398656 9.9937E-05 9.9937E-05 0.000694819 0.169138 0.0127481 0.0157289 0.551137 9.9937E-05 9.9937E-05 0.00152433
0.0441847 9.9883E-05 0.461284 9.9883E-05 9.9883E-05 0.09201 9.9883E-05 9.9883E-05 9.9883E-05 9.9883E-05 0.0745566 9.9883E-05 0.204437 9.9883E-05 9.9883E-05 0.122229 9.9883E-05 9.9883E-05 9.9883E-05
0.0843714 9.9892E-05 0.030195 9.9892E-05 9.9892E-05 9.9892E-05 9.9892E-05 9.9892E-05 9.9892E-05 0.0216399 0.0369612 9.9892E-05 0.331546 9.9892E-05 9.9892E-05 0.488427 9.9892E-05 9.9892E-05 0.00566058
9.9892E-05 9.9892E-05 9.9892E-05 9.9892E-05 0.0055867 9.9892E-05 9.9892E-05 0.00558988 9.9892E-05 9.9892E-05 9.9892E-05 0.0351048 9.9892E-05 0.0227974 0.0457122 0.875815 0.00819495 9.9892E-05 9.9892E-05
9.991E-05 0.819124 0.0708055 9.991E-05 0.014132 0.0689742 9.991E-05 0.000611276 9.991E-05 0.0098127 9.991E-05 9.991E-05 9.991E-05 0.0104749 9.991E-05 0.00332714 0.00173922 9.991E-05 9.991E-05
9.9874E-05 0.929193 9.9874E-05 9.9874E-05 9.9874E-05 9.9874E-05 9.9874E-05 9.9874E-05 9.9874E-05 0.00320017 0.0156916 0.0494816 9.9874E-05 9.9874E-05 9.9874E-05 9.9874E-05 9.9874E-05 9.9874E-05 0.00103561
9.9865E-05 0.971361 9.9865E-05 9.9865E-05 9.9865E-05 9.9865E-05 9.9865E-05 0.0116231 9.9865E-05 9.9865E-05 9.9865E-05 0.00359387 9.9865E-05 9.9865E-05 0.0119242 9.9865E-05 9.9865E-05 9.9865E-05 9.9865E-05
9.99009E-05 0.652469 0.240199 0.0244059 9.99009E-05 9.99009E-05 9.99009E-05 0.0214641 0.0252522 0.000816942 9.99009E-05 0.0270655 9.99009E-05 0.00722837 9.99009E-05 9.99009E-05 9.99009E-05 9.99009E-05 9.99009E-05
0.0105198 0.872889 0.0350939 9.9901E-05 9.9901E-05 9.9901E-05 9.9901E-05 0.0145337 0.0175179 0.0127128 9.9901E-05 9.9901E-05 9.9901E-05 9.9901E-05 0.0219167 9.9901E-05 9.9901E-05 9.9901E-05 0.0137177
9.9883E-05 0.566803 9.9883E-05 9.9883E-05 9.9883E-05 0.408987 9.9883E-05 9.9883E-05 9.9883E-05 9.9883E-05 0.00108437 9.9883E-05 0.00745204 9.9883E-05 9.9883E-05 0.00416848 0.0102066 9.9883E-05 9.9883E-05
9.98381E-05 0.998203 9.98381E-05 9.98381E-05 9.98381E-05 9.98381E-05 9.98381E-05 9.98381E-05 9.98381E-05 9.98381E-05 9.98381E-05 9.98381E-05 9.98381E-05 9.98381E-05 9.98381E-05 9.98381E-05 9.98381E-05 9.98381E-05 9.98381E-05
0.0164006 0.690415 9.9901E-05 9.9901E-05 9.9901E-05 9.9901E-05 0.111005 0.0166417 0.0672207 9.9901E-05 0.0675932 9.9901E-05 0.00657803 9.9901E-05 9.9901E-05 9.9901E-05 9.9901E-05 0.0230462 9.9901E-05
