0.0807982 9.9964E-05 0.0985571 0.242712 0.577533 9.9964E-05 9.9964E-05 9.9964E-05
9.99461E-05 9.99461E-05 0.0604706 9.99461E-05 0.93893 9.99461E-05 9.99461E-05 9.99461E-05
9.9973E-05 0.0192515 0.031652 0.546658 0.35416 9.9973E-05 9.9973E-05 0.0479787
9.99641E-05 9.99641E-05 9.99641E-05 0.221525 0.334503 0.42328 9.99641E-05 0.0202919
0.715535 9.9955E-05 9.9955E-05 0.0179825 9.9955E-05 9.9955E-05 9.9955E-05 0.265983
9.99641E-05 9.99641E-05 0.0887863 9.99641E-05 0.0126127 0.821071 0.0771299 9.99641E-05
9.9973E-05 9.9973E-05 0.0187333 0.191539 9.9973E-05 0.0953366 0.00178822 0.692303
9.99641E-05 0.0161489 9.99641E-05 0.0040215 0.85122 9.99641E-05 0.12821 9.99641E-05
9.99551E-05 0.0249 0.560945 9.99551E-05 9.99551E-05 0.413655 9.99551E-05 9.99551E-05
9.994E-05 9.994E-05 9.994E-05 9.994E-05 9.994E-05 9.994E-05 9.994E-05 0.9993
9.99462E-05 9.99462E-05 9.99462E-05 9.99462E-05 9.99462E-05 9.99462E-05 0.111357 0.888043
0.0395615 9.9955E-05 9.9955E-05 9.9955E-05 0.88707 0.0728692 9.9955E-05 9.9955E-05
0.752264 9.99641E-05 0.0579256 0.151317 9.99641E-05 9.99641E-05 0.0380929 9.99641E-05
0.0795668 9.99731E-05 9.99731E-05 0.736911 9.99731E-05 0.101211 0.00919305 0.0728184
0.794801 9.99551E-05 9.99551E-05 9.99551E-05 9.99551E-05 9.99551E-05 0.0414582 0.163241
9.994E-05 9.994E-05 0.9993 9.994E-05 9.994E-05 9.994E-05 9.994E-05 9.994E-05
9.99641E-05 9.99641E-05 9.99641E-05 0.0165752 0.859527 0.100105 9.99641E-05 0.0233928
0.0545594 9.9973E-05 0.480031 9.9973E-05 9.9973E-05 0.0795519 0.173692 0.211866
9.99461E-05 9.99461E-05 9.99461E-05 9.99461E-05 0.0347973 0.964603 9.99461E-05 9.99461E-05
9.994E-05 0.9993 9.994E-05 9.994E-05 9.994E-05 9.994E-05 9.994E-05 9.994E-05
9.99641E-05 0.92498 9.99641E-05 0.0545529 0.00745125 9.99641E-05 9.99641E-05 0.0126164
0.0649341 9.99731E-05 0.384115 9.99731E-05 0.0798372 0.470433 9.99731E-05 0.000380206
0.287995 9.99551E-05 0.707315 9.99551E-05 9.99551E-05 9.99551E-05 9.99551E-05 0.00419015
9.9973E-05 0.172562 9.9973E-05 0.186836 0.244075 0.223848 0.17238 9.9973E-05
0.0119001 9.9964E-05 9.9964E-05 0.855264 9.9964E-05 0.0588197 0.0736162 9.9964E-05
0.813099 0.162687 0.0237142 9.9955E-05 9.9955E-05 9.9955E-05 9.9955E-05 9.9955E-05
9.99551E-05 9.99551E-05 9.99551E-05 0.446744 0.341986 0.210771 9.99551E-05 9.99551E-05
0.344484 9.99551E-05 9.99551E-05 0.124651 9.99551E-05 0.530366 9.99551E-05 9.99551E-05
9.99464E-05 9.99464E-05 9.99464E-05 9.99464E-05 0.958793 9.99464E-05 0.0406078 9.99464E-05
9.99552E-05 0.00132005 9.99552E-05 9.99552E-05 0.218072 0.780108 9.99552E-05 9.99552E-05
9.99551E-05 9.99551E-05 9.99551E-05 0.731191 9.99551E-05 9.99551E-05 0.00938861 0.258921
9.99461E-05 9.99461E-05 9.99461E-05 0.92933 9.99461E-05 9.99461E-05 9.99461E-05 0.0700699
0.122381 9.9955E-05 9.9955E-05 0.133404 9.9955E-05 9.9955E-05 9.9955E-05 0.743715
9.9955E-05 9.9955E-05 0.101903 0.109038 9.9955E-05 0.788559 9.9955E-05 9.9955E-05
9.99551E-05 9.99551E-05 9.99551E-05 0.180874 0.549811 0.268816 9.99551E-05 9.99551E-05
9.994E-05 9.994E-05 0.9993 9.994E-05 9.994E-05 9.994E-05 9.994E-05 9.994E-05
9.99551E-05 0.0948972 0.125267 9.99551E-05 9.99551E-05 0.779336 9.99551E-05 9.99551E-05
9.9964E-05 9.9964E-05 0.0985172 0.0049127 9.9964E-05 0.839303 0.0568676 9.9964E-05
9.994E-05 9.994E-05 9.994E-05 9.994E-05 9.994E-05 9.994E-05 0.9993 9.994E-05
0.00222099 0.022711 9.99641E-05 9.99641E-05 9.99641E-05 0.955845 9.99641E-05 0.0188231
9.994E-05 9.994E-05 9.994E-05 9.994E-05 0.244266 0.755134 9.994E-05 9.994E-05
9.99461E-05 9.99461E-05 9.99461E-05 9.99461E-05 0.733369 0.266032 9.99461E-05 9.99461E-05
0.0589635 0.940437 9.99461E-05 9.99461E-05 9.99461E-05 9.99461E-05 9.99461E-05 9.99461E-05
9.9946E-05 9.9946E-05 9.9946E-05 0.938292 9.9946E-05 9.9946E-05 0.061108 9.9946E-05
0.9993 9.994E-05 9.994E-05 9.994E-05 9.994E-05 9.994E-05 9.994E-05 9.994E-05
9.99551E-05 0.000992112 0.0655422 9.99551E-05 0.932966 9.99551E-05 9.99551E-05 9.99551E-05
9.996E-05 0.0748583 0.781128 9.996E-05 9.996E-05 0.0932835 0.0503306 9.996E-05
9.99461E-05 9.99461E-05 0.25772 9.99461E-05 9.99461E-05 0.741681 9.99461E-05 9.99461E-05
0.730244 0.236766 9.99641E-05 9.99641E-05 0.00502033 9.99641E-05 0.0275698 9.99641E-05
9.995E-05 0.748815 9.995E-05 9.995E-05 9.995E-05 0.210099 9.995E-05 0.0405867
