9.98469E-05 9.98469E-05 9.98469E-05 0.998303 9.98469E-05 9.98469E-05 9.98469E-05 9.98469E-05 9.98469E-05 9.98469E-05 9.98469E-05 9.98469E-05 9.98469E-05 9.98469E-05 9.98469E-05 9.98469E-05 9.98469E-05 9.98469E-05
9.9892E-05 9.9892E-05 9.9892E-05 0.0297168 9.9892E-05 9.9892E-05 0.64462 0.195014 0.1028 9.9892E-05 9.9892E-05 9.9892E-05 0.012714 0.0139368 9.9892E-05 9.9892E-05 9.9892E-05 9.9892E-05
9.9892E-05 9.9892E-05 9.9892E-05 0.0726486 9.9892E-05 9.9892E-05 0.716233 9.9892E-05 0.0789978 0.0272901 0.0118301 9.9892E-05 9.9892E-05 9.9892E-05 0.0918016 9.9892E-05 9.9892E-05 9.9892E-05
0.00183485 9.991E-05 9.991E-05 9.991E-05 0.0923935 9.991E-05 0.768768 0.0566502 9.991E-05 0.0393435 0.0140753 9.991E-05 9.991E-05 0.0210357 9.991E-05 9.991E-05 9.991E-05 0.00490004
9.9937E-05 9.9937E-05 0.00338147 0.0420074 0.105802 0.00140269 0.727147 0.0747713 9.9937E-05 0.00718223 0.000772505 0.0154304 9.9937E-05 0.0161956 9.9937E-05 9.9937E-05 9.9937E-05 0.00520853
9.9883E-05 0.0799618 9.9883E-05 9.9883E-05 9.9883E-05 9.9883E-05 0.877997 9.9883E-05 9.9883E-05 9.9883E-05 9.9883E-05 0.0243885 0.00925994 9.9883E-05 0.00709415 9.9883E-05 9.9883E-05 9.9883E-05
9.98469E-05 9.98469E-05 9.98469E-05 0.998303 9.98469E-05 9.98469E-05 9.98469E-05 9.98469E-05 9.98469E-05 9.98469E-05 9.98469E-05 9.98469E-05 9.98469E-05 9.98469E-05 9.98469E-05 9.98469E-05 9.98469E-05 9.98469E-05
0.0183397 9.9928E-05 0.0141843 0.0530996 0.00964923 0.117493 0.753716 9.9928E-05 9.9928E-05 9.9928E-05 0.0124028 0.0126306 0.00229169 9.9928E-05 9.9928E-05 0.00539405 9.9928E-05 9.9928E-05
9.9919E-05 9.9919E-05 9.9919E-05 0.0607438 0.0246317 0.147433 0.706051 9.9919E-05 9.9919E-05 0.000112382 9.9919E-05 9.9919E-05 0.00294953 0.0172858 9.9919E-05 0.00678134 9.9919E-05 0.0331118
0.00914197 0.0393364 9.9901E-05 0.0434309 9.9901E-05 9.9901E-05 0.749802 0.0386613 9.9901E-05 9.9901E-05 9.9901E-05 0.00884668 9.9901E-05 9.9901E-05 0.109682 9.9901E-05 9.9901E-05 9.9901E-05
9.9892E-05 9.9892E-05 9.9892E-05 9.9892E-05 9.9892E-05 9.9892E-05 0.744751 0.154386 0.0704174 9.9892E-05 0.00549437 9.9892E-05 9.9892E-05 0.00866056 0.015092 9.9892E-05 9.9892E-05 9.9892E-05
0.0167163 0.0214186 0.0116463 0.0593666 9.9928E-05 9.9928E-05 0.687189 0.0247596 0.0563247 0.0224849 9.9928E-05 9.9928E-05 9.9928E-05 0.0137687 0.0855258 9.9928E-05 9.9928E-05 9.9928E-05
0.0106213 9.9919E-05 0.0101104 0.0517022 0.0805693 9.9919E-05 0.696011 9.9919E-05 0.00980222 9.9919E-05 9.9919E-05 0.0147436 0.0192946 9.9919E-05 9.9919E-05 9.9919E-05 0.106246 9.9919E-05
9.9937E-05 0.000887725 9.9937E-05 0.004179 9.9937E-05 0.0274548 0.669515 0.0860862 0.134655 9.9937E-05 0.0087526 9.9937E-05 0.0281182 0.00944528 0.0147705 9.9937E-05 9.9937E-05 0.0154364
9.9892E-05 9.9892E-05 9.9892E-05 0.0118215 9.9892E-05 9.9892E-05 0.776138 9.9892E-05 9.9892E-05 0.00310303 9.9892E-05 9.9892E-05 9.9892E-05 9.9892E-05 0.132891 0.0478176 0.0270306 9.9892E-05
9.98921E-05 9.98921E-05 9.98921E-05 9.98921E-05 9.98921E-05 0.00226426 0.855033 0.115977 9.98921E-05 9.98921E-05 0.000336044 9.98921E-05 9.98921E-05 9.98921E-05 9.98921E-05 0.00484342 0.020347 9.98921E-05
0.0244616 9.98831E-05 9.98831E-05 0.052904 9.98831E-05 9.98831E-05 0.881299 9.98831E-05 9.98831E-05 9.98831E-05 9.98831E-05 0.0375596 9.98831E-05 9.98831E-05 9.98831E-05 0.00247708 9.98831E-05 9.98831E-05
9.9883E-05 9.9883E-05 9.9883E-05 0.0227029 9.9883E-05 9.9883E-05 0.91752 9.9883E-05 9.9883E-05 9.9883E-05 0.00731025 0.00595515 9.9883E-05 9.9883E-05 9.9883E-05 0.0452128 9.9883E-05 9.9883E-05
9.98831E-05 9.98831E-05 9.98831E-05 0.0119997 9.98831E-05 0.0297596 0.934294 9.98831E-05 9.98831E-05 0.0100713 9.98831E-05 9.98831E-05 0.0125772 9.98831E-05 9.98831E-05 9.98831E-05 9.98831E-05 9.98831E-05
0.00233178 9.9892E-05 0.00642544 9.9892E-05 9.9892E-05 9.9892E-05 0.917946 9.9892E-05 9.9892E-05 9.9892E-05 9.9892E-05 0.0164782 9.9892E-05 0.00935354 0.0462664 9.9892E-05 9.9892E-05 9.9892E-05
9.9847E-05 9.9847E-05 9.9847E-05 9.9847E-05 9.9847E-05 9.9847E-05 9.9847E-05 9.9847E-05 9.9847E-05 9.9847E-05 0.998303 9.9847E-05 9.9847E-05 9.9847E-05 9.9847E-05 9.9847E-05 9.9847E-05 9.9847E-05
9.98565E-05 9.98565E-05 9.98565E-05 9.98565E-05 9.98565E-05 9.98565E-05 9.98565E-05 9.98565E-05 0.0341685 9.98565E-05 9.98565E-05 9.98565E-05 9.98565E-05 9.98565E-05 9.98565E-05 9.98565E-05 9.98565E-05 0.964234
0.00615063 9.9865E-05 9.9865E-05 9.9865E-05 9.9865E-05 9.9865E-05 9.9865E-05 0.0309773 9.9865E-05 9.9865E-05 9.9865E-05 9.9865E-05 9.9865E-05 9.9865E-05 9.9865E-05 9.9865E-05 9.9865E-05 0.961374
9.98559E-05 9.98559E-05 9.98559E-05 9.98559E-05 9.98559E-05 9.98559E-05 9.98559E-05 9.98559E-05 9.98559E-05 9.98559E-05 9.98559E-05 0.00948174 9.98559E-05 9.98559E-05 9.98559E-05 9.98559E-05 9.98559E-05 0.988921
9.98561E-05 9.98561E-05 9.98561E-05 9.98561E-05 9.98561E-05 9.98561E-05 9.98561E-05 9.98561E-05 9.98561E-05 9.98561E-05 9.98561E-05 9.98561E-05 9.98561E-05 9.98561E-05 0.884057 9.98561E-05 9.98561E-05 0.114345
0.00452508 9.9901E-05 9.9901E-05 0.0204993 0.0103463 9.9901E-05 9.9901E-05 9.9901E-05 9.9901E-05 0.00329985 9.9901E-05 0.00591973 9.9901E-05 9.9901E-05 0.500502 9.9901E-05 9.9901E-05 0.453808
9.9856E-05 9.9856E-05 9.9856E-05 9.9856E-05 0.0116812 9.9856E-05 9.9856E-05 9.9856E-05 9.9856E-05 9.9856E-05 9.9856E-05 9.9856E-05 9.9856E-05 9.9856E-05 9.9856E-05 9.9856E-05 9.9856E-05 0.986721
9.9856E-05 9.9856E-05 9.9856E-05 9.9856E-05 9.9856E-05 9.9856E-05 9.9856E-05 9.9856E-05 9.9856E-05 9.9856E-05 0.9933 9.9856E-05 9.9856E-05 9.9856E-05 9.9856E-05 9.9856E-05 0.00510257 9.9856E-05
9.9856E-05 9.9856E-05 9.9856E-05 9.9856E-05 9.9856E-05 0.0127164 9.9856E-05 9.9856E-05 9.9856E-05 9.9856E-05 9.9856E-05 9.9856E-05 9.9856E-05 9.9856E-05 0.985686 9.9856E-05 9.9856E-05 9.9856E-05
9.98829E-05 9.98829E-05 0.0133171 9.98829E-05 9.98829E-05 9.98829E-05 9.98829E-05 9.98829E-05 9.98829E-05 9.98829E-05 9.98829E-05 9.98829E-05 0.0122859 9.98829E-05 0.795831 0.0333768 0.143891 9.98829E-05
9.9856E-05 9.9856E-05 9.9856E-05 9.9856E-05 9.9856E-05 9.9856E-05 9.9856E-05 0.119928 9.9856E-05 9.9856E-05 9.9856E-05 9.9856E-05 9.9856E-05 9.9856E-05 0.878474 9.9856E-05 9.9856E-05 9.9856E-05
9.991E-05 9.991E-05 0.0520257 0.00812377 9.991E-05 0.060074 9.991E-05 9.991E-05 9.991E-05 9.991E-05 0.0145635 0.0070246 0.00600096 9.991E-05 0.556331 9.991E-05 9.991E-05 0.294857
9.9901E-05 0.0855562 0.0154847 0.00738267 9.9901E-05 9.9901E-05 0.0270193 9.9901E-05 9.9901E-05 9.9901E-05 0.0121051 9.9901E-05 0.00629343 9.9901E-05 0.84506 9.9901E-05 9.9901E-05 9.9901E-05
0.00531063 0.0340219 9.9892E-05 9.9892E-05 9.9892E-05 9.9892E-05 9.9892E-05 9.9892E-05 9.9892E-05 0.0296332 0.00419906 9.9892E-05 0.0587018 9.9892E-05 0.866935 9.9892E-05 9.9892E-05 9.9892E-05
0.0218469 9.991E-05 9.991E-05 0.00745115 0.0637857 9.991E-05 9.991E-05 9.991E-05 0.123434 0.00679517 9.991E-05 0.0135983 9.991E-05 9.991E-05 0.70944 9.991E-05 9.991E-05 0.0526494
9.99189E-05 9.99189E-05 9.99189E-05 0.00503703 9.99189E-05 0.000329564 0.0111364 0.14749 0.18582 0.0392816 0.0174032 9.99189E-05 9.99189E-05 0.0479749 9.99189E-05 9.99189E-05 9.99189E-05 0.544628
9.9901E-05 9.9901E-05 0.0385459 9.9901E-05 9.9901E-05 9.9901E-05 9.9901E-05 9.9901E-05 9.9901E-05 0.00994628 9.9901E-05 0.00923276 9.9901E-05 9.9901E-05 0.35907 0.185629 0.0481113 0.348365
9.9919E-05 9.9919E-05 0.635792 9.9919E-05 9.9919E-05 9.9919E-05 9.9919E-05 9.9919E-05 0.0194292 0.0117235 0.0112948 0.0220724 9.9919E-05 0.0237033 9.9919E-05 0.0503801 0.110604 0.114101
9.99009E-05 9.99009E-05 0.557461 9.99009E-05 0.128229 9.99009E-05 9.99009E-05 9.99009E-05 0.0832065 9.99009E-05 9.99009E-05 9.99009E-05 0.0316826 0.0322267 9.99009E-05 0.00475543 0.16134 9.99009E-05
0.00424355 0.105144 0.606166 9.9946E-05 0.0152404 0.00209255 0.0217138 9.9946E-05 0.0542815 0.0269996 9.9946E-05 0.0210048 0.0239215 9.9946E-05 0.113455 0.00513791 9.9946E-05 9.9946E-05
9.9919E-05 0.0760853 0.673238 0.0639138 9.9919E-05 0.0336947 9.9919E-05 9.9919E-05 0.0313334 0.0143471 9.9919E-05 0.00976889 9.9919E-05 9.9919E-05 9.9919E-05 0.0511661 9.9919E-05 0.045553
0.0191104 9.9919E-05 0.669549 9.9919E-05 9.9919E-05 9.9919E-05 0.0243692 9.9919E-05 9.9919E-05 0.0231428 0.0181171 9.9919E-05 0.0336695 9.9919E-05 9.9919E-05 0.0237878 0.14979 0.037565
0.00529359 0.0154589 0.735519 0.00576569 9.9937E-05 0.0581023 9.9937E-05 9.9937E-05 9.9937E-05 0.0257659 0.0190948 9.9937E-05 0.00724611 0.00782023 9.9937E-05 0.0701181 0.0491158 9.9937E-05
0.0134394 0.0581364 0.562486 0.0158412 9.9973E-05 0.061169 0.0146774 9.9973E-05 0.00517848 0.0216624 0.0047355 0.0129791 0.0366513 0.0167667 0.00330936 0.00509153 0.167576 9.9973E-05
0.00577316 9.9928E-05 0.642034 0.0118299 9.9928E-05 0.0273851 9.9928E-05 0.0428204 9.9928E-05 9.9928E-05 0.00474037 9.9928E-05 0.0138851 0.0373141 9.9928E-05 0.108195 9.9928E-05 0.105223
0.0055833 9.9901E-05 0.627246 9.9901E-05 0.0580341 0.127075 0.0416356 9.9901E-05 9.9901E-05 9.9901E-05 9.9901E-05 9.9901E-05 9.9901E-05 0.0172195 0.122107 9.9901E-05 9.9901E-05 9.9901E-05
0.0255917 0.091879 0.680362 9.991E-05 9.991E-05 0.0291378 9.991E-05 9.991E-05 9.991E-05 9.991E-05 9.991E-05 0.0187351 0.018792 9.991E-05 9.991E-05 0.0905069 9.991E-05 0.0439966
0.00912948 9.991E-05 0.726635 0.0023534 9.991E-05 9.991E-05 9.991E-05 9.991E-05 9.991E-05 9.991E-05 0.011085 9.991E-05 0.0214784 0.000257722 9.991E-05 0.017035 0.211027 9.991E-05
9.991E-05 9.991E-05 0.779966 0.0286128 9.991E-05 9.991E-05 9.991E-05 0.0604117 9.991E-05 0.00979963 0.0430175 0.0296129 0.0377098 0.00987029 9.991E-05 9.991E-05 9.991E-05 9.991E-05
9.9919E-05 0.325833 0.613599 0.00209898 9.9919E-05 9.9919E-05 9.9919E-05 9.9919E-05 9.9919E-05 0.00556396 0.0110133 0.00129978 0.000618372 0.00432405 9.9919E-05 0.0347497 9.9919E-05 9.9919E-05
0.00331725 0.0936317 0.758431 0.033798 0.0784473 9.9919E-05 9.9919E-05 9.9919E-05 9.9919E-05 0.00287037 0.00893783 0.00361182 0.0160552 9.9919E-05 9.9919E-05 9.9919E-05 9.9919E-05 9.9919E-05
9.9919E-05 9.9919E-05 0.66416 0.0203049 9.9919E-05 0.180547 9.9919E-05 9.9919E-05 9.9919E-05 0.00874935 0.0119058 0.0094051 0.0132493 9.9919E-05 0.0260646 9.9919E-05 0.0647139 9.9919E-05
0.0629807 0.0049559 0.769472 9.9892E-05 0.0710718 0.0322174 9.9892E-05 9.9892E-05 9.9892E-05 9.9892E-05 9.9892E-05 9.9892E-05 0.0581035 9.9892E-05 9.9892E-05 9.9892E-05 9.9892E-05 9.9892E-05
9.99134E-05 9.99134E-05 0.71649 0.0143746 9.99134E-05 0.0222056 0.050053 9.99134E-05 0.132637 0.00447368 9.99134E-05 0.0165439 9.99134E-05 9.99134E-05 9.99134E-05 9.99134E-05 9.99134E-05 0.0422229
0.0210017 0.059987 0.639957 9.9937E-05 9.9937E-05 9.9937E-05 0.0220086 0.0195143 9.9937E-05 9.9937E-05 0.00946912 0.0131672 0.0254923 9.9937E-05 0.0263748 0.115959 0.0463697 9.9937E-05
9.9928E-05 9.9928E-05 0.620954 9.9928E-05 0.0949436 0.0969711 0.0254625 9.9928E-05 0.0228239 0.0163301 9.9928E-05 0.0248488 9.9928E-05 0.00603676 0.0242595 9.9928E-05 0.0665702 9.9928E-05
0.051121 9.9919E-05 0.702658 9.9919E-05 0.0478918 0.0529643 0.0556518 9.9919E-05 9.9919E-05 0.0054853 0.0198207 9.9919E-05 9.9919E-05 9.9919E-05 0.0314548 9.9919E-05 0.0320528 9.9919E-05
0.00979077 9.9937E-05 0.0494109 9.9937E-05 0.0309611 9.9937E-05 9.9937E-05 0.0424733 0.551413 0.0194389 9.9937E-05 9.9937E-05 0.00108835 0.000152821 9.9937E-05 0.147253 0.0679817 0.0793371
9.98469E-05 9.98469E-05 9.98469E-05 9.98469E-05 9.98469E-05 9.98469E-05 9.98469E-05 9.98469E-05 9.98469E-05 0.998303 9.98469E-05 9.98469E-05 9.98469E-05 9.98469E-05 9.98469E-05 9.98469E-05 9.98469E-05 9.98469E-05
0.0194722 0.0282162 9.9919E-05 0.00330788 9.9919E-05 9.9919E-05 9.9919E-05 9.9919E-05 0.646983 9.9919E-05 0.0312284 9.9919E-05 0.0310347 0.0243402 9.9919E-05 0.167643 9.9919E-05 0.0468747
0.031824 9.9928E-05 0.076063 0.0265419 0.033859 9.9928E-05 9.9928E-05 9.9928E-05 0.612047 0.00769913 9.9928E-05 9.9928E-05 0.0378745 0.0290989 0.0519368 0.092256 9.9928E-05 9.9928E-05
0.00263848 9.991E-05 9.991E-05 9.991E-05 0.0342031 0.0610065 9.991E-05 9.991E-05 0.352612 0.035288 9.991E-05 0.0114065 9.991E-05 0.031165 9.991E-05 0.470682 9.991E-05 9.991E-05
9.9919E-05 0.0811778 0.0281986 9.9919E-05 9.9919E-05 0.0137746 0.0153383 9.9919E-05 0.0362638 9.9919E-05 9.9919E-05 0.0123177 0.0122438 9.9919E-05 0.043796 0.75599 9.9919E-05 9.9919E-05
9.98469E-05 9.98469E-05 9.98469E-05 9.98469E-05 9.98469E-05 9.98469E-05 9.98469E-05 9.98469E-05 9.98469E-05 9.98469E-05 9.98469E-05 9.98469E-05 0.998303 9.98469E-05 9.98469E-05 9.98469E-05 9.98469E-05 9.98469E-05
9.98469E-05 9.98469E-05 9.98469E-05 9.98469E-05 9.98469E-05 9.98469E-05 9.98469E-05 9.98469E-05 9.98469E-05 0.998303 9.98469E-05 9.98469E-05 9.98469E-05 9.98469E-05 9.98469E-05 9.98469E-05 9.98469E-05 9.98469E-05
9.9937E-05 0.0732962 0.0418158 9.9937E-05 0.129027 9.9937E-05 0.0638314 9.9937E-05 0.585081 0.00634852 0.00628112 0.0324316 0.023004 0.0126644 9.9937E-05 0.0255194 9.9937E-05 9.9937E-05
0.0274266 9.9919E-05 9.9919E-05 0.00366102 9.9919E-05 9.9919E-05 9.9919E-05 9.9919E-05 9.9919E-05 0.00544065 0.0121411 0.0135575 0.050144 9.9919E-05 0.076325 0.599395 0.21101 9.9919E-05
0.0278607 9.9928E-05 9.9928E-05 9.9928E-05 0.00114268 9.9928E-05 0.00437954 9.9928E-05 9.9928E-05 0.0415433 9.9928E-05 0.014719 0.0529676 0.00981245 9.9928E-05 0.667101 0.171434 0.00824069
0.0373792 0.0269004 9.9928E-05 9.9928E-05 9.9928E-05 9.9928E-05 9.9928E-05 9.9928E-05 0.0219964 0.0243163 0.0221812 0.0188582 0.0273587 0.00607677 0.08816 0.725973 9.9928E-05 9.9928E-05
0.0472256 0.0443109 9.9937E-05 0.0122954 9.9937E-05 9.9937E-05 0.00153091 9.9937E-05 0.267071 0.0809744 0.00327851 0.0338682 0.0349141 9.9937E-05 0.0587552 0.415076 9.9937E-05 9.9937E-05
9.991E-05 9.991E-05 9.991E-05 0.0463885 9.991E-05 0.0292442 9.991E-05 9.991E-05 9.991E-05 0.0329047 9.991E-05 0.00100002 0.026587 0.0122023 0.0348495 0.815825 9.991E-05 9.991E-05
0.0045564 9.9919E-05 0.00406657 0.0301671 0.105964 0.0713114 9.9919E-05 9.9919E-05 9.9919E-05 9.9919E-05 0.0158229 0.0434941 0.0291913 9.9919E-05 9.9919E-05 0.694527 9.9919E-05 9.9919E-05
0.00783762 9.9946E-05 9.9946E-05 0.0237932 9.9946E-05 0.0146905 9.9946E-05 9.9946E-05 0.293959 0.0744301 0.00341689 0.00663458 0.0106214 0.0593683 0.101412 0.39108 0.0121568 9.9946E-05
9.9919E-05 9.9919E-05 9.9919E-05 9.9919E-05 0.160082 9.9919E-05 9.9919E-05 0.0126491 0.580773 0.0565809 9.9919E-05 0.0230978 9.9919E-05 0.0248929 0.0100582 9.9919E-05 0.110088 0.0208791
9.9928E-05 9.9928E-05 0.205143 0.0180548 0.294341 9.9928E-05 9.9928E-05 0.0423872 9.9928E-05 0.0140553 0.0314667 0.047562 0.0182653 0.0185968 9.9928E-05 0.309329 9.9928E-05 9.9928E-05
0.00614678 0.118817 0.200382 9.9928E-05 9.9928E-05 9.9928E-05 0.0384472 9.9928E-05 0.0233238 0.0119245 9.9928E-05 0.00882943 0.0177731 9.9928E-05 0.0198141 0.553743 9.9928E-05 9.9928E-05
0.0150356 9.9919E-05 0.359815 9.9919E-05 9.9919E-05 0.0689803 0.0898902 9.9919E-05 0.205104 0.0566482 9.9919E-05 0.0161633 9.9919E-05 0.00822174 9.9919E-05 0.179243 9.9919E-05 9.9919E-05
9.98469E-05 9.98469E-05 9.98469E-05 9.98469E-05 9.98469E-05 9.98469E-05 9.98469E-05 9.98469E-05 9.98469E-05 9.98469E-05 9.98469E-05 9.98469E-05 0.998303 9.98469E-05 9.98469E-05 9.98469E-05 9.98469E-05 9.98469E-05
0.0845592 9.9946E-05 0.10851 9.9946E-05 0.0664394 0.105371 0.0412356 9.9946E-05 0.178548 0.0476824 0.0187123 0.0465755 0.0199706 9.9946E-05 9.9946E-05 0.217547 9.9946E-05 0.0642496
0.0231309 9.99201E-05 0.104139 9.99201E-05 0.025143 9.99201E-05 9.99201E-05 9.99201E-05 0.201112 0.0338181 9.99201E-05 0.0334578 0.0651062 0.0407836 9.99201E-05 0.395055 0.0774552 9.99201E-05
0.00102196 9.99009E-05 9.99009E-05 0.0089223 9.99009E-05 9.99009E-05 9.99009E-05 0.0955324 9.99009E-05 9.99009E-05 9.99009E-05 0.0358845 9.99009E-05 0.000534972 9.99009E-05 0.760942 9.99009E-05 0.0960625
0.0553134 9.991E-05 9.991E-05 0.00310711 9.991E-05 0.0516577 9.991E-05 9.991E-05 0.614237 0.0166044 9.991E-05 9.991E-05 0.0232601 9.991E-05 0.0279044 0.206917 9.991E-05 9.991E-05
0.0169911 9.9919E-05 0.0820024 9.9919E-05 9.9919E-05 9.9919E-05 0.0640498 9.9919E-05 0.204933 0.0164282 9.9919E-05 9.9919E-05 0.0374697 0.0407805 9.9919E-05 0.528626 0.00781948 9.9919E-05
0.0556678 0.00860646 0.180078 9.9937E-05 9.9937E-05 0.0533051 0.00032842 0.18244 0.368665 9.9937E-05 0.00960844 0.0379842 9.9937E-05 0.0107078 9.9937E-05 9.9937E-05 9.9937E-05 0.0919103
9.9892E-05 0.837981 0.0822568 9.9892E-05 9.9892E-05 9.9892E-05 9.9892E-05 9.9892E-05 0.0430096 0.0107291 9.9892E-05 9.9892E-05 0.00888455 0.0159399 9.9892E-05 9.9892E-05 9.9892E-05 9.9892E-05
9.9928E-05 0.131015 0.133301 0.0248138 0.0364397 9.9928E-05 9.9928E-05 9.9928E-05 0.40291 0.0884029 9.9928E-05 0.0166269 9.9928E-05 9.9928E-05 0.129103 0.0176587 0.0189291 9.9928E-05
9.98829E-05 9.98829E-05 9.98829E-05 9.98829E-05 9.98829E-05 9.98829E-05 9.98829E-05 0.184825 9.98829E-05 9.98829E-05 9.98829E-05 0.0130546 0.0116711 0.02248 9.98829E-05 0.766671 9.98829E-05 9.98829E-05
9.9892E-05 9.9892E-05 9.9892E-05 0.0104591 9.9892E-05 9.9892E-05 9.9892E-05 0.124278 9.9892E-05 0.00472359 9.9892E-05 0.0467396 9.9892E-05 9.9892E-05 9.9892E-05 0.732683 0.0799174 9.9892E-05
0.0299866 0.0116901 9.9937E-05 9.9937E-05 0.0245329 0.0365921 9.9937E-05 0.0423454 0.187705 0.0257453 9.9937E-05 9.9937E-05 9.9937E-05 9.9937E-05 0.00586941 0.564076 0.0552147 0.0155423
9.9847E-05 9.9847E-05 9.9847E-05 9.9847E-05 9.9847E-05 9.9847E-05 9.9847E-05 9.9847E-05 9.9847E-05 9.9847E-05 9.9847E-05 9.9847E-05 9.9847E-05 0.998303 9.9847E-05 9.9847E-05 9.9847E-05 9.9847E-05
0.01902 9.9937E-05 0.15926 9.9937E-05 0.0832545 9.9937E-05 9.9937E-05 9.9937E-05 0.445125 0.0271031 0.0101172 0.0113808 0.157512 0.000561422 0.0180143 0.0679515 9.9937E-05 9.9937E-05
9.99101E-05 0.00375106 9.99101E-05 0.0134264 9.99101E-05 0.11238 9.99101E-05 9.99101E-05 0.00682366 9.99101E-05 9.99101E-05 0.000331543 0.0569035 9.99101E-05 9.99101E-05 0.782242 9.99101E-05 0.0231423
9.98921E-05 9.98921E-05 9.98921E-05 0.0138464 9.98921E-05 9.98921E-05 0.0171597 0.176886 0.749192 9.98921E-05 0.00641739 9.98921E-05 9.98921E-05 0.0352996 9.98921E-05 9.98921E-05 9.98921E-05 9.98921E-05
0.000684049 0.00864184 9.9919E-05 9.9919E-05 9.9919E-05 9.9919E-05 9.9919E-05 0.0569249 0.745062 9.9919E-05 0.0227063 0.0216934 9.9919E-05 0.0279452 0.0406309 9.9919E-05 9.9919E-05 0.0748122
9.9883E-05 0.106482 9.9883E-05 0.00364921 9.9883E-05 9.9883E-05 9.9883E-05 9.9883E-05 0.815731 9.9883E-05 9.9883E-05 9.9883E-05 0.0392011 9.9883E-05 9.9883E-05 9.9883E-05 9.9883E-05 0.0336385
9.9946E-05 0.00532358 9.9946E-05 0.0429505 0.0984188 9.9946E-05 9.9946E-05 0.00830706 0.544311 0.0574099 0.0113394 9.9946E-05 0.0228261 0.0437145 0.0763935 0.0516942 0.0367118 9.9946E-05
0.00178694 0.127081 0.0731127 0.0175949 0.1337 0.000510157 9.9955E-05 9.9955E-05 0.457899 0.00995097 0.000832707 0.0684424 0.0380948 0.0611612 0.00933266 9.9955E-05 9.9955E-05 9.9955E-05
0.0109447 9.9937E-05 0.070188 9.9937E-05 0.0609844 9.9937E-05 0.025241 9.9937E-05 0.429213 0.033815 9.9937E-05 0.0400129 0.015517 0.00280643 9.9937E-05 0.242997 0.0675814 9.9937E-05
0.00384259 9.9937E-05 0.00131566 0.00244017 0.0856026 9.9937E-05 0.00125637 9.9937E-05 0.269561 0.0114376 9.9937E-05 0.047437 0.000901478 9.9937E-05 0.134789 0.440717 9.9937E-05 9.9937E-05
0.0284738 9.9919E-05 0.028148 9.9919E-05 9.9919E-05 0.0741421 0.0326128 9.9919E-05 0.337536 0.0729824 9.9919E-05 0.0644287 9.9919E-05 0.0207443 9.9919E-05 0.340032 9.9919E-05 9.9919E-05
0.0241651 0.0474757 9.9919E-05 0.00792243 0.0127241 9.9919E-05 9.9919E-05 9.9919E-05 0.610233 9.9919E-05 0.0148752 9.9919E-05 9.9919E-05 0.010924 0.077998 0.192783 9.9919E-05 9.9919E-05
0.0827682 9.9919E-05 9.9919E-05 9.9919E-05 9.9919E-05 0.180661 9.9919E-05 9.9919E-05 0.158321 0.0714906 0.0303132 0.0231248 0.0610073 0.0304675 9.9919E-05 0.360947 9.9919E-05 9.9919E-05
9.991E-05 0.0206043 9.991E-05 9.991E-05 0.0549517 0.0547828 9.991E-05 9.991E-05 0.0682228 9.991E-05 0.00971366 9.991E-05 0.00950169 0.0271539 9.991E-05 0.75407 9.991E-05 9.991E-05
0.998303 9.98469E-05 9.98469E-05 9.98469E-05 9.98469E-05 9.98469E-05 9.98469E-05 9.98469E-05 9.98469E-05 9.98469E-05 9.98469E-05 9.98469E-05 9.98469E-05 9.98469E-05 9.98469E-05 9.98469E-05 9.98469E-05 9.98469E-05
0.0228007 9.9937E-05 0.00695926 0.0212065 0.110009 9.9937E-05 9.9937E-05 9.9937E-05 0.531983 0.0442993 0.0182067 0.0525631 0.0198475 9.9937E-05 9.9937E-05 0.0651807 0.106245 9.9937E-05
0.00613652 9.9928E-05 0.0155533 0.00253756 9.9928E-05 0.019281 0.000463418 9.9928E-05 0.574932 9.9928E-05 9.9928E-05 9.9928E-05 0.0678241 0.0285924 0.064593 0.219287 9.9928E-05 9.9928E-05
0.0301451 9.9901E-05 9.9901E-05 9.9901E-05 9.9901E-05 9.9901E-05 0.0102679 0.239788 0.27441 9.9901E-05 9.9901E-05 9.9901E-05 0.0396444 0.0368811 9.9901E-05 0.367764 9.9901E-05 9.9901E-05
9.991E-05 0.0210152 0.0918875 9.991E-05 9.991E-05 9.991E-05 0.00805672 0.0768104 0.0422801 9.991E-05 9.991E-05 9.991E-05 9.991E-05 0.037081 9.991E-05 0.721116 0.000753697 9.991E-05
9.9901E-05 9.9901E-05 0.0357591 9.9901E-05 0.0961005 9.9901E-05 9.9901E-05 9.9901E-05 0.643484 9.9901E-05 9.9901E-05 0.042163 9.9901E-05 0.00068969 0.0312938 0.149411 9.9901E-05 9.9901E-05
0.00785691 9.9919E-05 0.0288684 9.9919E-05 0.0089631 9.9919E-05 0.00860111 9.9919E-05 0.511846 0.00817982 9.9919E-05 0.00205141 9.9919E-05 9.9919E-05 0.169469 0.253265 9.9919E-05 9.9919E-05
9.98469E-05 9.98469E-05 9.98469E-05 9.98469E-05 9.98469E-05 9.98469E-05 9.98469E-05 9.98469E-05 9.98469E-05 9.98469E-05 9.98469E-05 0.998303 9.98469E-05 9.98469E-05 9.98469E-05 9.98469E-05 9.98469E-05 9.98469E-05
0.998303 9.98469E-05 9.98469E-05 9.98469E-05 9.98469E-05 9.98469E-05 9.98469E-05 9.98469E-05 9.98469E-05 9.98469E-05 9.98469E-05 9.98469E-05 9.98469E-05 9.98469E-05 9.98469E-05 9.98469E-05 9.98469E-05 9.98469E-05
9.98469E-05 9.98469E-05 9.98469E-05 9.98469E-05 9.98469E-05 9.98469E-05 9.98469E-05 9.98469E-05 9.98469E-05 9.98469E-05 9.98469E-05 0.998303 9.98469E-05 9.98469E-05 9.98469E-05 9.98469E-05 9.98469E-05 9.98469E-05
9.9901E-05 9.9901E-05 0.0136998 9.9901E-05 9.9901E-05 0.00708337 9.9901E-05 9.9901E-05 0.81032 0.0466276 0.0199649 9.9901E-05 0.027263 0.0739419 9.9901E-05 9.9901E-05 9.9901E-05 9.9901E-05
0.0289382 0.0290623 9.9946E-05 0.0029004 9.9946E-05 9.9946E-05 9.9946E-05 0.0345814 0.557051 0.0340945 0.0191983 0.0478221 0.0485265 0.0693077 9.9946E-05 0.0610829 9.9946E-05 0.0668353
0.0379244 9.9928E-05 9.9928E-05 9.9928E-05 0.0859521 9.9928E-05 0.0237062 9.9928E-05 0.697135 0.0238556 9.9928E-05 0.0227279 0.00107001 0.0156876 9.9928E-05 9.9928E-05 0.0344123 0.0567291
0.0313779 9.9928E-05 9.9928E-05 9.9928E-05 9.9928E-05 9.9928E-05 0.0328675 9.9928E-05 0.259633 0.000358481 0.0325604 0.047712 0.0123632 0.0212949 9.9928E-05 0.547472 9.9928E-05 0.0135608
0.0190685 9.9937E-05 0.036049 0.000201693 9.9937E-05 0.0173108 0.0187212 0.0272685 9.9937E-05 0.0182577 0.0259985 0.00664999 0.0235417 9.9937E-05 9.9937E-05 0.806233 9.9937E-05 9.9937E-05
9.9847E-05 9.9847E-05 9.9847E-05 9.9847E-05 9.9847E-05 9.9847E-05 9.9847E-05 9.9847E-05 9.9847E-05 9.9847E-05 9.9847E-05 9.9847E-05 9.9847E-05 0.998303 9.9847E-05 9.9847E-05 9.9847E-05 9.9847E-05
0.0419439 0.0314255 0.0530096 0.021976 9.9946E-05 9.9946E-05 0.00850914 9.9946E-05 0.586822 9.9946E-05 9.9946E-05 0.0076699 0.00908337 0.0138043 9.9946E-05 0.125196 0.0374231 0.0625369
9.9883E-05 9.9883E-05 9.9883E-05 9.9883E-05 0.668673 0.0840486 9.9883E-05 9.9883E-05 0.198764 0.0421133 0.00510243 9.9883E-05 9.9883E-05 9.9883E-05 9.9883E-05 9.9883E-05 9.9883E-05 9.9883E-05
9.9892E-05 0.019929 9.9892E-05 9.9892E-05 0.924495 9.9892E-05 9.9892E-05 9.9892E-05 9.9892E-05 9.9892E-05 9.9892E-05 0.00109191 0.0286898 0.000466267 9.9892E-05 0.0241289 9.9892E-05 9.9892E-05
0.0199806 9.9901E-05 9.9901E-05 0.00704902 0.82558 9.9901E-05 9.9901E-05 9.9901E-05 9.9901E-05 9.9901E-05 0.0243431 0.0197053 9.9901E-05 9.9901E-05 9.9901E-05 0.0370343 0.0652085 9.9901E-05
9.98955E-05 9.98955E-05 9.98955E-05 9.98955E-05 0.857899 9.98955E-05 9.98955E-05 0.0442619 0.0444821 9.98955E-05 0.00557973 9.98955E-05 0.020744 0.0258345 9.98955E-05 9.98955E-05 9.98955E-05 9.98955E-05
0.00410202 0.173034 9.9892E-05 9.9892E-05 0.504195 9.9892E-05 9.9892E-05 9.9892E-05 0.169808 9.9892E-05 9.9892E-05 0.00908006 9.9892E-05 9.9892E-05 0.138582 9.9892E-05 9.9892E-05 9.9892E-05
9.9883E-05 9.9883E-05 9.9883E-05 9.9883E-05 0.829179 9.9883E-05 9.9883E-05 9.9883E-05 9.9883E-05 0.0130608 9.9883E-05 9.9883E-05 9.9883E-05 0.0165729 9.9883E-05 9.9883E-05 0.103888 0.0360013
9.9865E-05 0.0538332 9.9865E-05 9.9865E-05 0.936171 9.9865E-05 9.9865E-05 9.9865E-05 9.9865E-05 9.9865E-05 9.9865E-05 9.9865E-05 9.9865E-05 9.9865E-05 9.9865E-05 9.9865E-05 9.9865E-05 0.0084979
0.00715662 9.9901E-05 9.9901E-05 0.0295097 0.928807 9.9901E-05 0.0179774 9.9901E-05 0.00316984 9.9901E-05 9.9901E-05 9.9901E-05 9.9901E-05 0.00483353 9.9901E-05 9.9901E-05 9.9901E-05 0.00744673
0.00688241 0.000322767 0.0897835 0.0146341 0.670714 0.0338952 9.991E-05 9.991E-05 9.991E-05 9.991E-05 9.991E-05 0.0216487 9.991E-05 9.991E-05 0.16112 9.991E-05 9.991E-05 9.991E-05
0.0216208 9.991E-05 0.0516938 9.991E-05 0.748456 9.991E-05 9.991E-05 9.991E-05 0.0854173 0.0160223 0.0443666 9.991E-05 0.00633156 9.991E-05 9.991E-05 9.991E-05 0.0250923 9.991E-05
9.9919E-05 9.9919E-05 0.0447668 0.0416449 0.716671 9.9919E-05 9.9919E-05 9.9919E-05 9.9919E-05 0.0215393 0.00787903 9.9919E-05 9.9919E-05 0.00727362 0.0546409 0.0883799 9.9919E-05 0.0163056
9.9883E-05 9.9883E-05 9.9883E-05 9.9883E-05 9.9883E-05 0.905254 9.9883E-05 9.9883E-05 9.9883E-05 9.9883E-05 9.9883E-05 0.0256541 9.9883E-05 0.0271747 0.00228219 9.9883E-05 9.9883E-05 0.0383368
0.00762536 9.9892E-05 9.9892E-05 0.00955272 0.00375845 0.966038 9.9892E-05 9.9892E-05 9.9892E-05 9.9892E-05 0.00616684 9.9892E-05 0.00566032 9.9892E-05 9.9892E-05 9.9892E-05 9.9892E-05 9.9892E-05
9.991E-05 0.085124 9.991E-05 9.991E-05 9.991E-05 0.782864 0.0198572 9.991E-05 9.991E-05 0.00165174 0.00420903 0.00398921 9.991E-05 9.991E-05 0.0597268 0.0415793 9.991E-05 9.991E-05
9.98471E-05 9.98471E-05 9.98471E-05 9.98471E-05 9.98471E-05 9.98471E-05 9.98471E-05 9.98471E-05 9.98471E-05 9.98471E-05 9.98471E-05 9.98471E-05 9.98471E-05 9.98471E-05 9.98471E-05 9.98471E-05 0.998303 9.98471E-05
9.9892E-05 9.9892E-05 9.9892E-05 0.0285161 9.9892E-05 0.912966 9.9892E-05 9.9892E-05 0.0147825 9.9892E-05 0.0128697 9.9892E-05 0.0240797 0.00558696 9.9892E-05 9.9892E-05 9.9892E-05 9.9892E-05
9.991E-05 0.277156 9.991E-05 9.991E-05 0.0567771 0.427587 9.991E-05 0.074792 0.044537 9.991E-05 0.014569 9.991E-05 9.991E-05 9.991E-05 0.00696036 9.991E-05 0.0966225 9.991E-05
0.0401579 9.9874E-05 9.9874E-05 9.9874E-05 9.9874E-05 9.9874E-05 9.9874E-05 0.951981 9.9874E-05 9.9874E-05 9.9874E-05 9.9874E-05 0.00421039 9.9874E-05 0.00225276 9.9874E-05 9.9874E-05 9.9874E-05
9.9892E-05 0.195148 9.9892E-05 0.00455271 9.9892E-05 0.0404115 9.9892E-05 0.670528 9.9892E-05 9.9892E-05 0.00746016 9.9892E-05 9.9892E-05 9.9892E-05 9.9892E-05 0.080701 9.9892E-05 9.9892E-05
0.0159879 9.99459E-05 0.0642219 0.0454562 9.99459E-05 0.179916 9.99459E-05 0.398092 0.0890313 0.00938957 9.99459E-05 0.050591 9.99459E-05 0.00783597 0.036298 9.99459E-05 0.078878 0.0237029
0.00513632 9.98561E-05 9.98561E-05 9.98561E-05 9.98561E-05 0.993266 9.98561E-05 9.98561E-05 9.98561E-05 9.98561E-05 9.98561E-05 9.98561E-05 9.98561E-05 9.98561E-05 9.98561E-05 9.98561E-05 9.98561E-05 9.98561E-05
9.9901E-05 9.9901E-05 9.9901E-05 0.00550704 9.9901E-05 0.232884 9.9901E-05 0.728123 9.9901E-05 0.00342894 0.00966068 0.00256629 0.0167311 9.9901E-05 9.9901E-05 9.9901E-05 9.9901E-05 9.9901E-05
9.9874E-05 0.193458 9.9874E-05 9.9874E-05 9.9874E-05 0.738394 0.0480465 9.9874E-05 9.9874E-05 0.0187039 9.9874E-05 9.9874E-05 9.9874E-05 9.9874E-05 9.9874E-05 9.9874E-05 9.9874E-05 9.9874E-05
9.991E-05 9.991E-05 0.0221996 9.991E-05 0.0166621 0.215874 9.991E-05 0.608241 9.991E-05 9.991E-05 0.00897031 0.00534456 9.991E-05 9.991E-05 0.00476757 0.116941 9.991E-05 9.991E-05
9.9928E-05 0.245242 0.0422384 0.0222754 0.0259005 0.123041 9.9928E-05 0.365913 0.134361 9.9928E-05 9.9928E-05 0.00908395 0.000907276 0.0302366 9.9928E-05 9.9928E-05 9.9928E-05 9.9928E-05
9.9901E-05 0.41562 9.9901E-05 0.0261963 9.9901E-05 9.9901E-05 9.9901E-05 9.9901E-05 9.9901E-05 0.0399537 9.9901E-05 9.9901E-05 9.9901E-05 0.0251434 0.000884076 9.9901E-05 0.464332 0.0267718
9.9901E-05 0.518598 9.9901E-05 0.0667306 9.9901E-05 9.9901E-05 9.9901E-05 0.178886 9.9901E-05 0.00954098 0.00245574 9.9901E-05 9.9901E-05 0.00401707 9.9901E-05 9.9901E-05 0.218673 9.9901E-05
9.9865E-05 0.099258 9.9865E-05 9.9865E-05 9.9865E-05 9.9865E-05 9.9865E-05 9.9865E-05 9.9865E-05 0.0206591 9.9865E-05 9.9865E-05 9.9865E-05 9.9865E-05 9.9865E-05 9.9865E-05 0.878585 9.9865E-05
9.98649E-05 0.957036 9.98649E-05 0.0350547 9.98649E-05 9.98649E-05 9.98649E-05 9.98649E-05 9.98649E-05 9.98649E-05 9.98649E-05 9.98649E-05 9.98649E-05 9.98649E-05 9.98649E-05 0.0064112 9.98649E-05 9.98649E-05
9.98651E-05 0.789666 9.98651E-05 9.98651E-05 9.98651E-05 9.98651E-05 9.98651E-05 9.98651E-05 9.98651E-05 9.98651E-05 0.0137116 9.98651E-05 9.98651E-05 9.98651E-05 9.98651E-05 9.98651E-05 0.195124 9.98651E-05
9.9856E-05 9.9856E-05 9.9856E-05 9.9856E-05 9.9856E-05 9.9856E-05 9.9856E-05 9.9856E-05 9.9856E-05 9.9856E-05 0.00975263 9.9856E-05 9.9856E-05 9.9856E-05 9.9856E-05 9.9856E-05 0.98865 9.9856E-05
0.0104232 0.95924 9.9892E-05 0.00199715 9.9892E-05 9.9892E-05 9.9892E-05 9.9892E-05 9.9892E-05 9.9892E-05 0.00161506 9.9892E-05 0.0215918 9.9892E-05 9.9892E-05 9.9892E-05 9.9892E-05 0.00393405
0.000753536 0.981063 9.9874E-05 9.9874E-05 9.9874E-05 9.9874E-05 9.9874E-05 9.9874E-05 9.9874E-05 9.9874E-05 9.9874E-05 0.00938921 9.9874E-05 9.9874E-05 9.9874E-05 0.00739577 9.9874E-05 9.9874E-05
0.00439325 0.0486019 9.9901E-05 9.9901E-05 0.00359112 9.9901E-05 9.9901E-05 0.285448 9.9901E-05 9.9901E-05 9.9901E-05 0.0280139 0.0116002 9.9901E-05 9.9901E-05 9.9901E-05 0.617252 9.9901E-05
9.98829E-05 9.98829E-05 9.98829E-05 9.98829E-05 9.98829E-05 0.0549214 9.98829E-05 9.98829E-05 0.0176502 9.98829E-05 9.98829E-05 9.98829E-05 0.0016187 0.00281738 9.98829E-05 9.98829E-05 0.921694 9.98829E-05
0.00582519 9.9874E-05 9.9874E-05 9.9874E-05 9.9874E-05 9.9874E-05 9.9874E-05 0.966252 0.0186305 9.9874E-05 9.9874E-05 9.9874E-05 9.9874E-05 0.00789359 9.9874E-05 9.9874E-05 9.9874E-05 9.9874E-05
9.9892E-05 9.9892E-05 9.9892E-05 0.00108011 0.0145576 0.0113079 9.9892E-05 0.734643 0.121421 9.9892E-05 9.9892E-05 9.9892E-05 9.9892E-05 9.9892E-05 9.9892E-05 9.9892E-05 0.115792 9.9892E-05
9.99369E-05 0.0398838 0.032364 9.99369E-05 9.99369E-05 0.399611 0.0222826 0.362734 9.99369E-05 9.99369E-05 0.00733919 0.0156463 0.00383354 0.0322789 9.99369E-05 9.99369E-05 0.0119404 0.0713864
9.9874E-05 9.9874E-05 9.9874E-05 9.9874E-05 9.9874E-05 9.9874E-05 0.0135391 0.931873 9.9874E-05 0.0332389 9.9874E-05 9.9874E-05 0.0199511 9.9874E-05 9.9874E-05 9.9874E-05 9.9874E-05 9.9874E-05
0.0068701 0.289209 9.99459E-05 0.008 9.99459E-05 0.0547272 0.00413843 0.368041 0.0529321 0.0276689 9.99459E-05 9.99459E-05 9.99459E-05 0.0161341 0.0470741 0.000763488 0.123841 9.99459E-05
0.0145203 0.620346 0.0219964 9.991E-05 9.991E-05 0.16747 9.991E-05 0.118923 9.991E-05 9.991E-05 9.991E-05 9.991E-05 0.00251794 0.00926456 9.991E-05 9.991E-05 9.991E-05 0.0439626
0.0107047 0.0798266 9.9892E-05 9.9892E-05 9.9892E-05 0.762287 9.9892E-05 9.9892E-05 9.9892E-05 0.020281 9.9892E-05 0.00346128 9.9892E-05 9.9892E-05 9.9892E-05 9.9892E-05 0.122241 9.9892E-05
0.0189733 9.991E-05 9.991E-05 0.0139079 9.991E-05 0.37795 0.00277659 9.991E-05 0.0467907 9.991E-05 0.000915795 0.00373084 9.991E-05 9.991E-05 9.991E-05 9.991E-05 0.533956 9.991E-05
9.991E-05 0.108084 0.00741727 0.00155196 9.991E-05 0.273235 9.991E-05 0.137136 0.0416444 9.991E-05 9.991E-05 9.991E-05 9.991E-05 9.991E-05 9.991E-05 9.991E-05 0.328628 0.101304
0.0133742 0.195423 9.9892E-05 9.9892E-05 9.9892E-05 9.9892E-05 9.9892E-05 0.526765 9.9892E-05 9.9892E-05 9.9892E-05 0.0327169 9.9892E-05 9.9892E-05 9.9892E-05 9.9892E-05 0.225632 0.00489005
9.991E-05 9.991E-05 9.991E-05 0.0154777 9.991E-05 0.456157 9.991E-05 0.400343 9.991E-05 9.991E-05 0.0286907 0.000139146 0.0201219 0.00405669 9.991E-05 9.991E-05 0.0740142 9.991E-05
9.9928E-05 9.9928E-05 0.518517 0.021997 0.00882549 9.9928E-05 9.9928E-05 0.22141 9.9928E-05 0.0441957 0.00992326 0.0234226 0.0230288 0.0371861 9.9928E-05 9.9928E-05 9.9928E-05 0.0906945
9.9892E-05 9.9892E-05 0.494123 0.0116383 9.9892E-05 9.9892E-05 9.9892E-05 0.273717 0.0742813 9.9892E-05 9.9892E-05 9.9892E-05 9.9892E-05 0.0309091 9.9892E-05 9.9892E-05 9.9892E-05 0.114133
9.9937E-05 0.110937 0.476664 9.9937E-05 9.9937E-05 9.9937E-05 0.0423443 0.04719 0.155423 0.02462 0.00636298 9.9937E-05 0.000525594 0.0255364 9.9937E-05 9.9937E-05 0.0471197 0.0625771
0.0275996 9.9928E-05 0.417983 0.000828605 9.9928E-05 9.9928E-05 0.0636772 0.278573 0.10585 0.00069456 9.9928E-05 0.0164512 9.9928E-05 0.00514148 9.9928E-05 9.9928E-05 9.9928E-05 0.0824022
0.0171231 9.991E-05 0.4654 9.991E-05 0.0107992 9.991E-05 0.0260702 0.290049 0.151366 0.030545 0.00764811 9.991E-05 9.991E-05 9.991E-05 9.991E-05 9.991E-05 9.991E-05 9.991E-05
0.0150715 0.0545786 0.56242 9.9937E-05 0.0593757 0.127453 9.9937E-05 0.0292522 9.9937E-05 9.9937E-05 0.0204593 0.00833438 0.000421971 0.0143122 9.9937E-05 9.9937E-05 9.9937E-05 0.107621
9.98651E-05 9.98651E-05 0.653915 9.98651E-05 9.98651E-05 9.98651E-05 9.98651E-05 0.327829 9.98651E-05 9.98651E-05 9.98651E-05 9.98651E-05 9.98651E-05 0.0167585 9.98651E-05 9.98651E-05 9.98651E-05 9.98651E-05
9.9892E-05 9.9892E-05 0.417347 9.9892E-05 0.0273343 9.9892E-05 0.0880798 9.9892E-05 0.0615804 9.9892E-05 9.9892E-05 9.9892E-05 9.9892E-05 9.9892E-05 9.9892E-05 9.9892E-05 0.180917 0.223543
