9.9919E-05 9.9919E-05 9.9919E-05 9.9919E-05 9.9919E-05 9.9919E-05 0.00283577 0.0610773 0.930119 9.9919E-05 9.9919E-05 9.9919E-05 0.00506852
0.0436963 0.000543072 9.9973E-05 0.12907 0.0169315 9.9973E-05 0.00133162 0.0309296 0.667233 0.0155538 9.9973E-05 0.0698656 0.0245456
9.9955E-05 9.9955E-05 0.0610602 0.0252752 0.0495747 9.9955E-05 9.9955E-05 0.0759716 0.740358 9.9955E-05 0.00165667 0.0211741 0.0244299
9.9946E-05 9.9946E-05 0.0310745 0.0570073 0.047723 9.9946E-05 9.9946E-05 0.0671496 0.772651 0.000259775 9.9946E-05 9.9946E-05 0.0235351
9.9955E-05 9.9955E-05 9.9955E-05 0.0228869 0.0268113 0.0588678 0.012656 0.0705491 0.782784 9.9955E-05 0.0175399 9.9955E-05 0.00740502
9.9946E-05 9.9946E-05 9.9946E-05 0.040164 9.9946E-05 0.0436303 0.00782675 0.0463409 0.806914 0.0258802 0.0286438 9.9946E-05 9.9946E-05
9.9928E-05 0.0118817 9.9928E-05 0.0232792 0.0512459 9.9928E-05 9.9928E-05 9.9928E-05 0.899908 0.0128859 9.9928E-05 9.9928E-05 9.9928E-05
9.9964E-05 0.0479738 0.0309798 9.9964E-05 0.0154899 0.0948764 0.0275355 9.9964E-05 0.752518 0.0143208 0.00276242 9.9964E-05 0.0131432
9.9955E-05 9.9955E-05 9.9955E-05 0.13495 0.0527597 0.00447786 9.9955E-05 0.0164168 0.722535 0.0156857 0.016281 9.9955E-05 0.0363939
9.9946E-05 0.0882617 0.0523901 9.9946E-05 9.9946E-05 9.9946E-05 0.0182674 0.0548699 0.767881 0.000478872 9.9946E-05 0.017251 9.9946E-05
9.9955E-05 0.0192824 0.00704015 0.0247798 9.9955E-05 9.9955E-05 0.00441212 0.161153 0.679669 9.9955E-05 0.0335462 0.0696172 9.9955E-05
0.0059885 9.9946E-05 0.047418 9.9946E-05 9.9946E-05 9.9946E-05 0.0116698 0.179459 0.719697 9.9946E-05 0.019142 9.9946E-05 0.0160262
9.99371E-05 9.99371E-05 0.0144217 9.99371E-05 0.081208 9.99371E-05 9.99371E-05 0.106894 0.730266 0.0507881 0.0157225 9.99371E-05 9.99371E-05
9.9946E-05 0.0523322 0.0740328 0.061705 9.9946E-05 0.100432 9.9946E-05 9.9946E-05 0.667637 0.0291457 9.9946E-05 0.0141161 9.9946E-05
9.9937E-05 0.0849871 0.032245 9.9937E-05 0.0324544 0.0143657 9.9937E-05 9.9937E-05 0.75713 9.9937E-05 9.9937E-05 0.0781179 9.9937E-05
9.9919E-05 9.9919E-05 9.9919E-05 0.121525 9.9919E-05 9.9919E-05 9.9919E-05 9.9919E-05 0.845943 0.0121439 0.0194887 9.9919E-05 9.9919E-05
9.9928E-05 9.9928E-05 9.9928E-05 9.9928E-05 9.9928E-05 0.0507784 0.00286236 9.9928E-05 0.917348 9.9928E-05 0.0214778 9.9928E-05 0.00673384
9.991E-05 9.991E-05 9.991E-05 9.991E-05 9.991E-05 0.108213 9.991E-05 9.991E-05 0.890206 9.991E-05 9.991E-05 9.991E-05 0.000582257
0.0839796 9.9919E-05 9.9919E-05 9.9919E-05 9.9919E-05 9.9919E-05 9.9919E-05 9.9919E-05 0.89026 0.00874701 9.9919E-05 9.9919E-05 0.0161137
0.0966355 9.9919E-05 9.9919E-05 9.9919E-05 9.9919E-05 9.9919E-05 0.0214272 9.9919E-05 0.856553 9.9919E-05 0.0244847 9.9919E-05 9.9919E-05
9.98918E-05 9.98918E-05 0.998801 9.98918E-05 9.98918E-05 9.98918E-05 9.98918E-05 9.98918E-05 9.98918E-05 9.98918E-05 9.98918E-05 9.98918E-05 9.98918E-05
9.9937E-05 0.0813503 0.597491 9.9937E-05 9.9937E-05 9.9937E-05 9.9937E-05 0.252924 9.9937E-05 0.00857752 9.9937E-05 0.0318207 0.0271365
0.188726 0.0001458 0.599694 9.9964E-05 0.0173301 9.9964E-05 0.0166377 0.124729 0.0152135 0.0148615 9.9964E-05 0.0222635 9.9964E-05
0.163245 9.9946E-05 0.748059 9.9946E-05 9.9946E-05 0.0225881 0.0249993 0.016165 9.9946E-05 0.00352997 0.0208145 9.9946E-05 9.9946E-05
9.99281E-05 9.99281E-05 0.8627 9.99281E-05 0.0372473 0.0596224 9.99281E-05 9.99281E-05 0.00195516 9.99281E-05 9.99281E-05 0.0376759 9.99281E-05
0.0559021 9.9955E-05 0.726867 9.9955E-05 0.142611 9.9955E-05 0.00460767 0.0223602 0.00368409 9.9955E-05 0.0305217 9.9955E-05 0.0129464
9.9946E-05 0.0184871 0.645152 9.9946E-05 0.0852531 0.197124 9.9946E-05 0.0189544 9.9946E-05 9.9946E-05 9.9946E-05 0.01928 0.0151498
9.98918E-05 9.98918E-05 0.998801 9.98918E-05 9.98918E-05 9.98918E-05 9.98918E-05 9.98918E-05 9.98918E-05 9.98918E-05 9.98918E-05 9.98918E-05 9.98918E-05
0.0323099 9.9937E-05 0.650899 0.0990097 0.17313 9.9937E-05 0.0224957 9.9937E-05 9.9937E-05 9.9937E-05 9.9937E-05 0.0214558 9.9937E-05
9.9964E-05 0.000438161 0.517452 0.0701751 0.166692 0.20724 0.00251299 0.00487201 9.9964E-05 0.0211155 9.9964E-05 0.00910297 9.9964E-05
9.9955E-05 9.9955E-05 0.633132 0.124032 0.12047 0.00219365 9.9955E-05 0.0727004 9.9955E-05 9.9955E-05 0.0153672 0.0138454 0.0177595
0.252967 9.9937E-05 0.602836 0.0103442 0.0954481 9.9937E-05 9.9937E-05 9.9937E-05 9.9937E-05 0.0186216 0.0190834 9.9937E-05 9.9937E-05
9.9937E-05 0.0535257 0.600916 9.9937E-05 0.128577 0.1666 9.9937E-05 9.9937E-05 0.0326608 0.0170211 9.9937E-05 9.9937E-05 9.9937E-05
9.9946E-05 0.154195 0.585432 9.9946E-05 0.0880904 9.9946E-05 0.0193158 0.0069805 9.9946E-05 0.0812812 9.9946E-05 9.9946E-05 0.0641055
0.115244 9.9964E-05 0.543525 0.0531629 0.126581 9.9964E-05 0.0383121 9.9964E-05 0.00492168 9.9964E-05 0.0106644 0.0723199 0.0348692
9.9964E-05 0.0796545 0.361305 0.0456887 9.9964E-05 9.9964E-05 9.9964E-05 0.292545 0.0459214 0.019046 0.0120437 0.0811187 0.0622766
0.287512 9.9928E-05 0.549575 9.9928E-05 9.9928E-05 9.9928E-05 0.0104317 9.9928E-05 9.9928E-05 9.9928E-05 9.9928E-05 0.1045 0.047182
0.990144 0.00875701 9.9901E-05 9.9901E-05 9.9901E-05 9.9901E-05 9.9901E-05 9.9901E-05 9.9901E-05 9.9901E-05 9.9901E-05 9.9901E-05 9.9901E-05
0.263096 0.0168623 9.99549E-05 9.99549E-05 0.110299 0.429689 0.00154098 0.14435 9.99549E-05 0.0296019 9.99549E-05 0.0040616 9.99549E-05
9.9937E-05 9.9937E-05 9.9937E-05 9.9937E-05 0.0286675 0.928191 9.9937E-05 0.0118177 0.00402848 0.00890332 9.9937E-05 9.9937E-05 0.0176926
0.348567 9.9946E-05 9.9946E-05 0.0157923 9.9946E-05 0.614299 9.9946E-05 9.9946E-05 0.00610674 0.00571626 9.9946E-05 0.00307505 0.00584399
0.591672 9.9955E-05 9.9955E-05 0.00847265 9.9955E-05 0.184616 0.0298128 0.112475 0.0160627 0.0225912 9.9955E-05 9.9955E-05 0.0337983
9.99279E-05 0.0403288 9.99279E-05 9.99279E-05 9.99279E-05 0.911428 0.00897912 0.0336406 9.99279E-05 9.99279E-05 9.99279E-05 9.99279E-05 0.00482366
0.363198 9.9964E-05 9.9964E-05 0.0596319 9.9964E-05 0.182185 0.00850856 0.290173 0.0290376 0.0591948 0.00243841 9.9964E-05 0.005233
0.740238 0.0253744 0.00913244 9.9955E-05 9.9955E-05 0.164702 0.0110559 0.00889712 9.9955E-05 0.0373082 9.9955E-05 9.9955E-05 0.00279229
0.514471 9.9955E-05 0.011359 0.0842592 0.00478849 0.336551 0.0212764 0.0170445 0.00975054 9.9955E-05 9.9955E-05 9.9955E-05 9.9955E-05
0.771834 9.9928E-05 9.9928E-05 9.9928E-05 9.9928E-05 0.18119 0.0192402 9.9928E-05 9.9928E-05 0.0153522 0.0115834 9.9928E-05 9.9928E-05
0.218989 9.991E-05 9.991E-05 9.991E-05 9.991E-05 0.652558 9.991E-05 0.127454 9.991E-05 9.991E-05 9.991E-05 9.991E-05 9.991E-05
0.716901 9.991E-05 9.991E-05 9.991E-05 9.991E-05 0.273067 9.991E-05 9.991E-05 9.991E-05 9.991E-05 0.00903294 9.991E-05 9.991E-05
0.676189 0.0649263 9.9928E-05 9.9928E-05 9.9928E-05 9.9928E-05 9.9928E-05 0.197011 9.9928E-05 0.0428243 9.9928E-05 9.9928E-05 0.0182492
0.922303 9.9937E-05 9.9937E-05 9.9937E-05 0.00149913 0.0235107 9.9937E-05 0.0304708 9.9937E-05 9.9937E-05 0.0140258 9.9937E-05 0.00749064
9.9919E-05 9.9919E-05 9.9919E-05 0.0167274 9.9919E-05 0.962938 9.9919E-05 9.9919E-05 9.9919E-05 9.9919E-05 0.0136738 9.9919E-05 0.00576151
0.186642 0.0312171 9.99369E-05 9.99369E-05 0.0202111 0.68894 0.0396804 9.99369E-05 9.99369E-05 0.0326095 9.99369E-05 9.99369E-05 9.99369E-05
0.892076 9.99369E-05 9.99369E-05 9.99369E-05 9.99369E-05 0.000953313 9.99369E-05 0.042802 0.0520208 9.99369E-05 0.00893527 9.99369E-05 0.00251317
0.00339343 9.99459E-05 9.99459E-05 0.0194461 9.99459E-05 0.897149 0.017396 0.0158651 0.0270055 9.99459E-05 0.0191454 9.99459E-05 9.99459E-05
0.58658 0.0235707 0.0195227 9.9973E-05 0.025222 0.13913 9.9973E-05 0.159358 0.00904296 9.9973E-05 0.0109456 0.00119686 0.0251323
0.181576 9.9937E-05 0.0472868 9.9937E-05 0.0204223 0.691228 0.0288522 9.9937E-05 0.0299347 9.9937E-05 9.9937E-05 9.9937E-05 9.9937E-05
0.224387 9.9955E-05 0.0175966 0.0108067 9.9955E-05 9.9955E-05 9.9955E-05 0.18341 9.9955E-05 0.0282709 0.0109235 0.508443 0.0156632
9.98918E-05 9.98918E-05 9.98918E-05 9.98918E-05 9.98918E-05 9.98918E-05 9.98918E-05 9.98918E-05 9.98918E-05 9.98918E-05 9.98918E-05 9.98918E-05 0.998801
9.9964E-05 0.0317044 9.9964E-05 9.9964E-05 0.0149274 0.0213879 0.0758151 0.250213 9.9964E-05 0.035385 0.0182993 0.549028 0.00284005
9.9946E-05 9.9946E-05 9.9946E-05 9.9946E-05 0.115139 0.128207 0.0519706 0.140983 9.9946E-05 0.0433514 9.9946E-05 0.499972 0.0197778
9.9964E-05 0.0438932 9.9964E-05 9.9964E-05 0.10572 0.0901034 0.0189007 0.00529058 9.9964E-05 0.0082044 0.0101155 0.670936 0.0464362
9.99549E-05 0.0503275 9.99549E-05 9.99549E-05 9.99549E-05 0.258177 0.0259813 9.99549E-05 0.0121599 0.0069231 0.0234062 0.611888 0.0106379
9.98918E-05 9.98918E-05 9.98918E-05 9.98918E-05 9.98918E-05 9.98918E-05 9.98918E-05 9.98918E-05 9.98918E-05 0.998801 9.98918E-05 9.98918E-05 9.98918E-05
9.98918E-05 9.98918E-05 9.98918E-05 9.98918E-05 9.98918E-05 9.98918E-05 9.98918E-05 9.98918E-05 9.98918E-05 9.98918E-05 9.98918E-05 9.98918E-05 0.998801
9.9973E-05 9.9973E-05 9.9973E-05 0.0234445 0.0188615 0.0386505 0.0167166 0.287397 0.0570082 0.0380237 0.016971 0.483453 0.0191742
9.9955E-05 0.0514946 0.0748568 9.9955E-05 9.9955E-05 0.256767 0.0346076 9.9955E-05 0.00346609 0.0423077 0.0281279 0.507873 9.9955E-05
0.0461448 0.0806868 0.000996599 9.9973E-05 0.138015 0.0970068 0.0758234 9.9973E-05 9.9973E-05 0.0400231 0.0567146 0.433125 0.0311641
0.115353 0.0101769 0.0724005 9.9964E-05 0.0466932 9.9964E-05 0.0632785 9.9964E-05 9.9964E-05 0.044049 0.0179451 0.587455 0.0422487
0.0211232 9.9973E-05 0.0778076 0.0740309 9.9973E-05 9.9973E-05 0.07934 0.0124252 0.0452962 0.0439857 0.0289964 0.511244 0.105451
9.9946E-05 9.9946E-05 9.9946E-05 9.9946E-05 9.9946E-05 0.288056 0.017896 9.9946E-05 0.000297578 0.0109484 0.0199976 0.626221 0.0359832
9.9937E-05 9.9937E-05 9.9937E-05 9.9937E-05 0.102459 0.311041 0.018435 9.9937E-05 9.9937E-05 0.0556397 0.0177515 0.493974 9.9937E-05
0.152 9.9955E-05 0.0542037 9.9955E-05 0.061443 0.00215694 0.0399867 9.9955E-05 9.9955E-05 0.0317588 9.9955E-05 0.588833 0.0691184
9.9964E-05 9.9964E-05 9.9964E-05 0.0427981 0.334511 0.00730797 0.033819 0.14365 9.9964E-05 0.00454553 0.0312547 0.356584 0.0451299
9.9946E-05 9.9946E-05 0.0607692 9.9946E-05 0.0943861 0.4523 9.9946E-05 9.9946E-05 9.9946E-05 0.0213125 0.0581042 0.278972 0.0335567
0.293217 0.0889794 9.9964E-05 9.9964E-05 9.9964E-05 0.0532501 0.0147462 9.9964E-05 0.0491138 0.036126 0.0228799 0.42322 0.018067
0.0604885 9.9955E-05 9.9955E-05 9.9955E-05 9.9955E-05 0.50308 0.00351202 0.0195876 0.0475823 9.9955E-05 0.00337896 0.301341 0.06053
9.98918E-05 9.98918E-05 9.98918E-05 9.98918E-05 9.98918E-05 9.98918E-05 9.98918E-05 9.98918E-05 9.98918E-05 0.998801 9.98918E-05 9.98918E-05 9.98918E-05
0.0936927 9.9991E-05 0.0277219 0.0606964 0.0847017 0.171481 0.068316 0.03749 0.0103953 0.00899787 0.0539374 0.32208 0.0603899
0.0622026 9.9946E-05 9.9946E-05 9.9946E-05 9.9946E-05 0.220347 0.0479239 9.9946E-05 9.9946E-05 0.107884 0.0245782 0.486613 0.0498512
0.419607 9.99369E-05 9.99369E-05 9.99369E-05 0.00560467 9.99369E-05 0.0335578 9.99369E-05 0.0124131 9.99369E-05 0.0434318 0.484686 9.99369E-05
0.283061 9.9937E-05 9.9937E-05 0.0066491 9.9937E-05 9.9937E-05 0.0435379 9.9937E-05 9.9937E-05 0.0264166 0.0180632 0.621573 9.9937E-05
9.9928E-05 9.9928E-05 9.9928E-05 9.9928E-05 9.9928E-05 0.25605 0.0473017 9.9928E-05 0.0524338 0.0474026 9.9928E-05 0.596013 9.9928E-05
0.173719 0.0376729 0.0183822 0.149267 9.9973E-05 0.233184 0.0819846 9.9973E-05 0.0201035 9.9973E-05 0.0350278 0.217351 0.033008
0.220633 0.109715 9.9964E-05 0.503548 9.9964E-05 9.9964E-05 0.00250167 0.00698735 9.9964E-05 0.0600771 0.0166128 0.0511473 0.0283778
0.166191 0.102629 0.00579425 0.0820239 0.179183 0.0506554 0.000158465 9.9982E-05 0.00655242 9.9982E-05 0.0112126 0.332023 0.0633771
0.434913 9.99279E-05 9.99279E-05 9.99279E-05 9.99279E-05 9.99279E-05 0.0256812 9.99279E-05 9.99279E-05 0.0118898 0.0135418 0.513175 9.99279E-05
0.313236 9.9928E-05 9.9928E-05 0.102471 0.0824057 9.9928E-05 9.9928E-05 9.9928E-05 9.9928E-05 9.9928E-05 0.0687877 0.432301 9.9928E-05
0.0452994 0.0616049 9.9955E-05 9.9955E-05 0.0114041 0.176054 0.0516032 9.9955E-05 9.9955E-05 0.00335004 9.9955E-05 0.609163 0.0410216
9.9919E-05 9.9919E-05 9.9919E-05 9.9919E-05 9.9919E-05 9.9919E-05 0.474571 0.194729 9.9919E-05 0.00231723 9.9919E-05 0.327484 9.9919E-05
0.140123 9.9964E-05 0.0138597 9.9964E-05 0.0104573 0.125506 0.0238827 9.9964E-05 9.9964E-05 0.12953 0.0312902 0.520298 0.00465363
9.9919E-05 9.9919E-05 9.9919E-05 9.9919E-05 9.9919E-05 0.319291 9.9919E-05 9.9919E-05 9.9919E-05 0.0576541 0.0193936 0.602762 9.9919E-05
9.9964E-05 9.9964E-05 0.0321044 0.166579 9.9964E-05 9.9964E-05 0.0119449 0.193856 0.0293299 0.00828509 0.0103218 0.509657 0.037522
9.9955E-05 9.9955E-05 0.0831058 9.9955E-05 0.0183706 9.9955E-05 0.0170749 0.361665 0.0197353 0.0285793 0.0404937 0.430476 9.9955E-05
9.9946E-05 9.9946E-05 9.9946E-05 0.117378 9.9946E-05 9.9946E-05 0.00392548 0.213866 9.9946E-05 0.0425016 0.0317706 0.585621 0.00433849
0.0808127 0.0574182 0.0364305 0.0346979 0.0248247 9.9982E-05 0.0255198 0.0541688 0.0735409 0.0576621 9.9982E-05 0.498217 0.056507
0.043062 9.9964E-05 9.9964E-05 9.9964E-05 0.199339 9.9964E-05 0.0170314 0.245172 0.0475041 0.0468044 0.0689219 0.30852 0.0232462
9.9964E-05 9.9964E-05 9.9964E-05 9.9964E-05 0.00508058 0.243723 0.0171687 0.0203923 0.0618252 0.036567 0.0615356 0.509594 0.0437138
0.227378 9.9946E-05 0.00683411 9.9946E-05 0.138351 9.9946E-05 0.0191963 9.9946E-05 9.9946E-05 9.9946E-05 0.0300328 0.568572 0.00903606
0.0470306 9.9973E-05 9.9973E-05 9.9973E-05 0.0216626 0.0572352 0.0515839 0.1265 0.0283295 0.00749407 0.0891167 0.499235 0.0715133
9.9964E-05 0.039946 0.00885734 9.9964E-05 0.0333838 9.9964E-05 0.0166171 0.241411 0.0125079 0.0206397 0.0207327 0.605505 9.9964E-05
9.996E-05 0.156267 9.996E-05 9.996E-05 0.0596819 0.0851639 0.105457 9.996E-05 0.0245594 0.0706104 0.0314066 0.395903 0.0705513
9.9946E-05 9.9946E-05 9.9946E-05 0.0459926 0.0499882 0.169746 0.0216595 0.0014111 9.9946E-05 0.00173673 9.9946E-05 0.708866 9.9946E-05
9.98916E-05 9.98916E-05 9.98916E-05 9.98916E-05 9.98916E-05 9.98916E-05 0.998801 9.98916E-05 9.98916E-05 9.98916E-05 9.98916E-05 9.98916E-05 9.98916E-05
0.25485 9.9964E-05 9.9964E-05 0.0354801 0.0811895 9.9964E-05 0.0452484 9.9964E-05 0.071002 0.00427178 0.0347336 0.406177 0.0666476
0.108081 9.9955E-05 0.00369586 0.00485192 9.9955E-05 9.9955E-05 0.0362051 0.0587637 0.00287173 0.06691 9.9955E-05 0.718121 9.9955E-05
9.9955E-05 0.0271763 9.9955E-05 9.9955E-05 9.9955E-05 0.0612739 0.0435446 0.183438 0.0241102 0.0415573 9.9955E-05 0.614708 0.003692
0.232799 9.9946E-05 9.9946E-05 0.0515239 9.9946E-05 0.0372193 0.0299589 9.9946E-05 0.00289866 9.9946E-05 0.00288403 0.642117 9.9946E-05
0.112865 9.9955E-05 9.9955E-05 9.9955E-05 0.221765 0.0133348 9.9955E-05 0.0299141 0.00611901 0.030689 0.0245957 0.560218 9.9955E-05
0.0652438 9.9955E-05 0.0654635 9.9955E-05 0.131806 0.040472 9.9955E-05 0.0645396 0.0249187 9.9955E-05 0.0418747 0.565182 9.9955E-05
9.98919E-05 9.98919E-05 9.98919E-05 9.98919E-05 9.98919E-05 9.98919E-05 9.98919E-05 9.98919E-05 9.98919E-05 9.98919E-05 0.998801 9.98919E-05 9.98919E-05
9.98916E-05 9.98916E-05 9.98916E-05 9.98916E-05 9.98916E-05 9.98916E-05 0.998801 9.98916E-05 9.98916E-05 9.98916E-05 9.98916E-05 9.98916E-05 9.98916E-05
9.98919E-05 9.98919E-05 9.98919E-05 9.98919E-05 9.98919E-05 9.98919E-05 9.98919E-05 9.98919E-05 9.98919E-05 9.98919E-05 0.998801 9.98919E-05 9.98919E-05
9.9946E-05 9.9946E-05 9.9946E-05 0.0480487 9.9946E-05 9.9946E-05 0.0155209 0.203716 9.9946E-05 0.0300316 0.00704877 0.64936 0.0456739
9.9964E-05 9.9964E-05 0.048916 0.0980652 9.9964E-05 9.9964E-05 0.0563836 0.17562 0.0209662 0.0521884 0.0447926 0.466368 0.0363005
0.080223 0.16313 0.0217433 9.9964E-05 9.9964E-05 0.00527828 0.0443872 9.9964E-05 0.0242014 9.9964E-05 0.0180926 0.599935 0.0426095
9.9946E-05 0.0204361 9.9946E-05 9.9946E-05 9.9946E-05 0.20149 0.0317665 9.9946E-05 0.0175315 9.9946E-05 0.037507 0.665554 0.0251155
9.9946E-05 9.9946E-05 0.00329019 9.9946E-05 9.9946E-05 0.41116 0.0288551 9.9946E-05 9.9946E-05 0.0327325 0.0106632 0.487473 0.0252257
0.042488 0.00962796 9.9937E-05 9.9937E-05 9.9937E-05 9.9937E-05 0.399982 0.199678 0.0046523 9.9937E-05 9.9937E-05 0.342873 9.9937E-05
0.0276996 0.0374455 9.9955E-05 9.9955E-05 9.9955E-05 9.9955E-05 0.0686577 0.245391 0.067756 9.9955E-05 0.036849 0.505809 0.00989235
9.9928E-05 9.9928E-05 9.9928E-05 0.0703338 0.725296 9.9928E-05 9.9928E-05 0.00492911 9.9928E-05 9.9928E-05 9.9928E-05 0.135949 0.0626926
0.000753977 9.9946E-05 9.9946E-05 9.9946E-05 0.853044 9.9946E-05 9.9946E-05 0.0630941 9.9946E-05 0.00433522 0.011216 0.058861 0.00809604
9.9919E-05 9.9919E-05 9.9919E-05 9.9919E-05 0.925994 9.9919E-05 0.0380588 9.9919E-05 9.9919E-05 9.9919E-05 0.0277176 9.9919E-05 0.00733081
9.991E-05 9.991E-05 9.991E-05 9.991E-05 0.925638 9.991E-05 9.991E-05 0.0632638 0.0100987 9.991E-05 9.991E-05 9.991E-05 9.991E-05
9.9955E-05 9.9955E-05 0.0207132 0.0706291 0.705109 0.040438 0.0262922 9.9955E-05 9.9955E-05 0.00787621 0.0250329 0.10341 9.9955E-05
9.991E-05 0.0625034 9.991E-05 9.991E-05 0.925223 9.991E-05 9.991E-05 9.991E-05 9.991E-05 9.991E-05 9.991E-05 9.991E-05 0.0112744
9.9901E-05 0.012268 9.9901E-05 9.9901E-05 0.986633 9.9901E-05 9.9901E-05 9.9901E-05 9.9901E-05 9.9901E-05 9.9901E-05 9.9901E-05 9.9901E-05
9.9946E-05 9.9946E-05 0.00457613 9.9946E-05 0.868504 9.9946E-05 0.0161341 0.00879074 0.0532285 0.000418026 9.9946E-05 0.0477492 9.9946E-05
9.9928E-05 0.0293893 9.9928E-05 9.9928E-05 0.814159 0.131044 9.9928E-05 9.9928E-05 9.9928E-05 9.9928E-05 0.0196106 9.9928E-05 0.00499817
0.0149841 9.9973E-05 0.0142969 0.0312485 0.598191 0.0289545 0.0482733 0.158568 9.9973E-05 0.030679 0.0289348 0.0455698 9.9973E-05
0.126866 9.9937E-05 0.0592344 9.9937E-05 0.72806 9.9937E-05 9.9937E-05 9.9937E-05 9.9937E-05 9.9937E-05 0.00917152 0.0647498 0.0112189
9.9946E-05 9.9946E-05 9.9946E-05 0.760992 0.0403934 0.138507 0.0210017 9.9946E-05 0.000704843 0.00460845 0.0331933 9.9946E-05 9.9946E-05
9.9946E-05 0.135548 9.9946E-05 0.596189 0.132101 0.0907677 0.0249944 9.9946E-05 0.00553548 0.0142651 9.9946E-05 9.9946E-05 9.9946E-05
9.9955E-05 9.9955E-05 0.0338825 0.725861 9.9955E-05 0.13626 0.010026 0.0368981 9.9955E-05 9.9955E-05 0.016804 0.0287337 0.0110343
9.9946E-05 0.142819 0.00509855 0.635702 9.9946E-05 0.169429 9.9946E-05 0.0125738 0.0228568 9.9946E-05 0.0109222 9.9946E-05 9.9946E-05
0.0339118 0.0209095 9.9946E-05 0.686835 9.9946E-05 0.0897153 9.9946E-05 0.0463945 0.041738 0.0798965 9.9946E-05 9.9946E-05 9.9946E-05
9.9964E-05 0.10625 9.9964E-05 0.688154 0.114211 9.9964E-05 0.0211878 0.00625861 0.0204721 0.0254918 0.00918093 0.00839391 9.9964E-05
0.0366763 9.9955E-05 0.0049158 0.766614 9.9955E-05 0.0923793 0.0718325 0.00347145 9.9955E-05 0.0123278 0.0112835 9.9955E-05 9.9955E-05
0.01123 0.124446 0.0287086 0.734836 9.9955E-05 0.034181 0.0377637 9.9955E-05 9.9955E-05 0.0142816 9.9955E-05 0.014053 9.9955E-05
0.0726689 9.9973E-05 0.00597633 0.518049 0.00895441 9.9973E-05 0.0152107 0.232623 0.027082 9.9973E-05 0.0770067 0.0369275 0.0052014
0.206732 9.9919E-05 9.9919E-05 0.669884 0.104081 0.0184039 9.9919E-05 9.9919E-05 9.9919E-05 9.9919E-05 9.9919E-05 9.9919E-05 9.9919E-05
0.114984 0.0242478 9.9946E-05 0.760996 0.014061 0.00602152 9.9946E-05 9.9946E-05 9.9946E-05 0.0460487 9.9946E-05 9.9946E-05 0.0330417
0.248049 0.176029 9.9937E-05 0.525755 9.9937E-05 0.0150279 9.9937E-05 9.9937E-05 0.00326582 9.9937E-05 9.9937E-05 9.9937E-05 0.0311729
0.138868 0.0513681 9.9973E-05 0.546802 0.0804134 9.9973E-05 9.9973E-05 0.125195 0.0117708 0.000546065 0.0139186 0.0108496 0.0199692
9.99635E-05 0.202136 9.99635E-05 0.40444 0.0380803 0.145875 9.99635E-05 0.0822251 9.99635E-05 9.99635E-05 0.0067152 0.0970559 0.0229722
9.9955E-05 0.714528 0.00622409 0.139346 0.0559869 9.9955E-05 9.9955E-05 9.9955E-05 0.0066151 9.9955E-05 0.00430098 0.0328653 0.0396337
9.9928E-05 0.854166 9.9928E-05 9.9928E-05 9.9928E-05 9.9928E-05 9.9928E-05 0.0683362 0.0491854 0.00106908 9.9928E-05 9.9928E-05 0.0264439
9.9901E-05 0.964999 9.9901E-05 9.9901E-05 9.9901E-05 9.9901E-05 9.9901E-05 9.9901E-05 9.9901E-05 9.9901E-05 9.9901E-05 9.9901E-05 0.0339019
9.9937E-05 0.868297 9.9937E-05 0.0469381 9.9937E-05 9.9937E-05 9.9937E-05 9.9937E-05 0.00116924 9.9937E-05 0.0254219 0.036964 0.0205107
9.9892E-05 0.998801 9.9892E-05 9.9892E-05 9.9892E-05 9.9892E-05 9.9892E-05 9.9892E-05 9.9892E-05 9.9892E-05 9.9892E-05 9.9892E-05 9.9892E-05
9.99099E-05 0.870856 0.032287 9.99099E-05 9.99099E-05 9.99099E-05 9.99099E-05 0.0958576 9.99099E-05 9.99099E-05 9.99099E-05 9.99099E-05 9.99099E-05
9.9937E-05 0.813814 9.9937E-05 9.9937E-05 0.0469508 9.9937E-05 0.00678064 0.0900407 9.9937E-05 0.0333147 0.00839972 9.9937E-05 9.9937E-05
0.0888821 0.707993 9.9937E-05 0.130708 0.0255124 9.9937E-05 0.0219811 9.9937E-05 9.9937E-05 9.9937E-05 0.0242235 9.9937E-05 9.9937E-05
9.9946E-05 0.27781 9.9946E-05 0.455561 0.0861092 9.9946E-05 0.0275795 0.0847862 9.9946E-05 0.0330779 0.0344766 9.9946E-05 9.9946E-05
9.9964E-05 0.0433725 9.9964E-05 0.72544 0.0519813 0.0366835 0.0210916 0.0328037 0.0269964 9.9964E-05 9.9964E-05 0.0574563 0.00377449
9.9973E-05 0.12775 0.0182725 0.556449 9.9973E-05 9.9973E-05 0.0559145 0.161091 0.0123645 0.0129822 0.00321139 0.0181758 0.03349
9.9937E-05 0.0247381 0.0809813 0.582115 9.9937E-05 9.9937E-05 9.9937E-05 0.173558 0.000989676 9.9937E-05 9.9937E-05 0.136918 9.9937E-05
0.0629716 9.9964E-05 0.0456214 0.678052 9.9964E-05 9.9964E-05 9.9964E-05 0.138017 0.0294809 0.0074609 0.0226935 0.00584213 0.00946026
9.9928E-05 9.9928E-05 9.9928E-05 0.552293 9.9928E-05 9.9928E-05 0.00867282 0.359044 9.9928E-05 0.0201932 9.9928E-05 9.9928E-05 0.0589966
0.148961 0.247554 0.0572245 0.382403 9.99459E-05 9.99459E-05 9.99459E-05 0.039982 0.0335017 9.99459E-05 9.99459E-05 0.0897741 9.99459E-05
0.129029 9.9946E-05 9.9946E-05 0.792778 9.9946E-05 0.0167865 0.0265831 9.9946E-05 9.9946E-05 0.0199642 0.00474627 9.9946E-05 0.00951298
9.9928E-05 9.9928E-05 9.9928E-05 0.742947 9.9928E-05 0.183246 0.0294114 9.9928E-05 9.9928E-05 0.00288747 9.9928E-05 9.9928E-05 0.0407095
0.043275 9.9955E-05 9.9955E-05 0.664156 9.9955E-05 0.0761742 0.0231659 0.0966127 0.053487 9.9955E-05 9.9955E-05 0.0411893 0.00144037
0.254767 0.126392 0.0750626 0.534733 9.9928E-05 9.9928E-05 9.9928E-05 9.9928E-05 9.9928E-05 9.9928E-05 9.9928E-05 0.00824612 9.9928E-05
9.9946E-05 0.0306643 0.0673471 0.780272 9.9946E-05 9.9946E-05 0.046865 9.9946E-05 9.9946E-05 9.9946E-05 0.0419177 0.00516481 0.0271689
9.9946E-05 9.9946E-05 0.0209764 0.825983 9.9946E-05 0.0463208 9.9946E-05 9.9946E-05 0.031534 0.0365176 0.00404837 0.0340205 9.9946E-05
9.9901E-05 9.9901E-05 9.9901E-05 9.9901E-05 9.9901E-05 0.194197 9.9901E-05 0.804704 9.9901E-05 9.9901E-05 9.9901E-05 9.9901E-05 9.9901E-05
9.991E-05 9.991E-05 9.991E-05 9.991E-05 9.991E-05 9.991E-05 0.0222246 0.960093 9.991E-05 0.0166832 9.991E-05 9.991E-05 9.991E-05
0.0396653 9.99189E-05 9.99189E-05 9.99189E-05 9.99189E-05 9.99189E-05 9.99189E-05 0.927391 9.99189E-05 0.0130958 0.0189488 9.99189E-05 9.99189E-05
0.0531281 0.0479949 9.9964E-05 9.9964E-05 9.9964E-05 0.000266628 0.0107984 0.753388 0.0537909 0.00954314 0.0300094 9.9964E-05 0.0406804
0.0425959 0.0338335 0.0163697 9.9955E-05 9.9955E-05 0.0668499 9.9955E-05 0.754291 0.0319152 9.9955E-05 0.0193653 0.0342796 9.9955E-05
9.99369E-05 9.99369E-05 0.0137275 9.99369E-05 9.99369E-05 0.423359 0.0133454 0.537501 9.99369E-05 0.00218036 0.00918652 9.99369E-05 9.99369E-05
9.9901E-05 9.9901E-05 9.9901E-05 9.9901E-05 9.9901E-05 0.0810285 9.9901E-05 0.917873 9.9901E-05 9.9901E-05 9.9901E-05 9.9901E-05 9.9901E-05
9.9928E-05 9.9928E-05 0.119464 9.9928E-05 0.0507554 0.20634 9.9928E-05 0.583953 0.0386884 9.9928E-05 9.9928E-05 9.9928E-05 9.9928E-05
