0.9998 9.999E-05 9.999E-05
0.803601 0.152447 0.0439523
0.876327 9.9991E-05 0.123573
0.852701 0.0528578 0.0944413
0.870501 0.0352912 0.0942074
0.958052 9.9991E-05 0.0418479
0.943048 9.9991E-05 0.0568518
0.894479 0.0682801 0.037241
0.85335 9.9991E-05 0.14655
0.885138 9.9991E-05 0.114762
0.830683 0.0336414 0.135676
0.802802 0.0507841 0.146414
0.836163 0.106992 0.056845
0.756752 0.0393309 0.203917
0.88237 0.0376517 0.0799782
0.909401 9.9991E-05 0.0904987
0.9998 9.999E-05 9.999E-05
0.9998 9.999E-05 9.999E-05
0.9998 9.999E-05 9.999E-05
0.946476 0.0534236 9.9991E-05
0.0558482 0.188073 0.756079
0.0351498 0.261763 0.703087
0.0929479 0.258717 0.648335
0.0341321 0.278111 0.687757
0.0366235 0.284733 0.678643
0.0472865 0.298596 0.654117
9.9991E-05 0.276974 0.722926
0.0473371 0.164003 0.78866
9.9991E-05 0.311067 0.688833
0.0143611 0.355684 0.629955
9.9991E-05 0.297597 0.702303
0.00026659 0.260371 0.739362
0.0539406 0.259771 0.686288
0.0121983 0.360874 0.626927
0.0304087 0.438235 0.531356
0.0897831 0.330011 0.580206
9.9991E-05 0.410867 0.589033
0.0417381 0.382495 0.575767
0.00442225 0.458493 0.537085
0.0580192 0.425825 0.516156
0.0650053 0.361495 0.5735
0.0778328 0.35706 0.565107
0.0676911 0.382106 0.550203
0.0867489 0.309676 0.603575
0.0528767 0.35885 0.588274
0.0911386 0.289849 0.619012
0.0166199 0.421054 0.562326
0.044142 0.357204 0.598654
0.0769076 0.34985 0.573242
0.0505271 0.33713 0.612343
0.0570131 0.352818 0.590169
0.0260546 0.3483 0.625646
0.0407042 0.409356 0.54994
0.14334 0.351567 0.505092
0.0609192 0.355206 0.583875
0.069841 0.336333 0.593826
0.132793 0.271946 0.595261
0.067646 0.718703 0.213651
0.0873747 0.912525 9.9991E-05
0.0679051 0.827791 0.104303
0.0455465 0.954353 9.9991E-05
9.9991E-05 0.955669 0.044231
0.0612276 0.85678 0.0819925
0.0121575 0.972174 0.0156685
9.999E-05 0.9998 9.999E-05
0.150343 0.767521 0.0821365
0.0561064 0.801393 0.1425
0.0242778 0.907543 0.0681794
0.032837 0.961556 0.00560661
0.0455993 0.894208 0.060193
0.0583048 0.941595 9.9991E-05
9.9991E-05 0.936064 0.063836
0.0120443 0.923899 0.064057
0.0185645 0.779869 0.201566
0.0107313 0.733878 0.25539
0.103447 0.745499 0.151054
0.150332 0.698489 0.151179
9.9991E-05 0.966577 0.0333232
0.093067 0.707276 0.199657
9.9991E-05 0.928671 0.0712291
0.0691146 0.774659 0.156226
0.0597905 0.881327 0.058883
0.0920498 0.90785 9.9991E-05
0.0445121 0.55195 0.403538
0.0495773 0.185489 0.764933
0.0508577 0.630011 0.319132
0.0558686 0.814942 0.12919
0.0254376 0.751063 0.2235
0.0267786 0.798751 0.174471
9.999E-05 0.9998 9.999E-05
0.0250851 0.88551 0.0894049
9.9991E-05 0.921706 0.078194
0.104382 0.706979 0.188638
0.0964001 0.730111 0.173489
0.0500328 0.774383 0.175584
0.137599 0.747642 0.114759
0.0578077 0.752922 0.18927
0.0985395 0.871327 0.0301331
0.043239 0.933143 0.0236183
0.0603552 0.898625 0.0410201
0.0433201 0.856104 0.100576
0.0383039 0.822725 0.138971
0.0272969 0.92625 0.0464535
0.0256437 0.974256 9.9991E-05
0.095267 0.789915 0.114818
0.0290336 0.910608 0.0603582
0.0952472 0.805117 0.0996355
0.0371492 0.844269 0.118582
0.0520114 0.878579 0.06941
0.0862591 0.808998 0.104743
0.0457094 0.954191 9.9991E-05
9.999E-05 0.9998 9.999E-05
0.00837723 0.991523 9.9991E-05
0.0656864 0.894898 0.0394161
0.0623421 0.780937 0.156721
0.0776904 0.812476 0.109834
0.0735512 0.883508 0.0429412
0.0534936 0.881569 0.0649373
0.0570422 0.878727 0.0642303
0.12232 0.747503 0.130177
0.0310909 0.688035 0.280874
9.9991E-05 0.709504 0.290396
0.0181484 0.687847 0.294005
0.0656822 0.657875 0.276443
0.0110012 0.627848 0.361151
9.9991E-05 0.613744 0.386156
0.0770879 0.553567 0.369345
0.0768894 0.654757 0.268354
0.0467936 0.550217 0.402989
0.0332632 0.643256 0.323481
0.0254907 0.682706 0.291804
0.040563 0.0185949 0.940842
0.0747499 0.0158873 0.909363
0.0505405 0.0298294 0.91963
0.0709126 9.9991E-05 0.928987
0.0573636 0.0300598 0.912577
0.0695808 0.0545265 0.875893
0.0460423 9.9991E-05 0.953858
9.9991E-05 0.0329174 0.966983
0.0786401 0.197696 0.723664
0.0112073 0.0129557 0.975837
0.0473083 9.9991E-05 0.952592
0.085914 9.9991E-05 0.913986
0.0600637 0.0753072 0.864629
0.0560492 0.23661 0.707341
0.115212 0.0734627 0.811325
0.142988 0.0320064 0.825005
0.0148077 0.0169835 0.968209
0.0920988 0.0416902 0.866211
0.0540719 9.9991E-05 0.945828
0.0714571 0.0344139 0.894129
0.0832117 0.11323 0.803558
9.9991E-05 0.0482533 0.951647
0.0406174 0.059489 0.899894
0.0393995 0.0648521 0.895748
0.110177 0.0154624 0.874361
0.037213 0.1148 0.847987
0.0611705 0.00912881 0.929701
0.101296 0.111319 0.787385
0.0808857 0.049449 0.869665
0.00152073 0.0346867 0.963793
9.9991E-05 0.0306117 0.969288
0.0874768 0.0443394 0.868184
0.0296533 0.0445844 0.925762
0.0119336 0.0629674 0.925099
0.0789463 0.0248865 0.896167
0.0685283 0.224731 0.706741
0.0738149 0.278206 0.647979
0.164884 0.281698 0.553418
0.133515 0.258821 0.607665
0.117318 0.265834 0.616847
9.9991E-05 0.315499 0.684401
0.0577975 0.288754 0.653448
0.154887 0.216958 0.628156
