0.728329 0.0704282 9.9991E-05 0.201143
0.920236 0.0795638 9.9982E-05 9.9982E-05
0.550902 0.0376042 9.9991E-05 0.411394
0.596911 9.9991E-05 0.223737 0.179252
9.9982E-05 0.41631 9.9982E-05 0.58349
9.9982E-05 9.9982E-05 0.944269 0.0555307
9.999E-05 0.0129733 0.122662 0.864265
0.958362 9.9982E-05 9.9982E-05 0.0414376
9.9982E-05 0.345219 0.654581 9.9982E-05
9.9982E-05 0.226793 9.9982E-05 0.773007
9.998E-05 9.998E-05 9.998E-05 0.9997
0.935028 9.9982E-05 0.0647724 9.9982E-05
9.999E-05 0.436331 0.0588122 0.504757
0.169428 9.9991E-05 0.0116226 0.81885
9.9982E-05 0.608535 9.9982E-05 0.391265
0.0293908 0.730305 0.149186 0.091118
0.854675 9.9982E-05 0.145125 9.9982E-05
9.9991E-05 0.40792 0.301594 0.290386
9.998E-05 9.998E-05 0.9997 9.998E-05
0.00368043 0.927465 0.0687541 9.9991E-05
0.0752423 0.75988 0.164778 9.9991E-05
0.00884766 0.407525 0.583527 9.9991E-05
0.000984943 0.844496 0.0796192 0.0749
0.50707 0.119263 0.14696 0.226707
0.0454856 9.9991E-05 0.141311 0.813104
9.9982E-05 0.759205 9.9982E-05 0.240595
0.729266 9.9991E-05 0.00779187 0.262842
9.9991E-05 0.0537668 0.64239 0.303743
0.922194 0.0776056 9.99821E-05 9.99821E-05
0.481959 9.99821E-05 0.517841 9.99821E-05
0.0693467 9.9982E-05 9.9982E-05 0.930453
9.998E-05 9.998E-05 9.998E-05 0.9997
9.9982E-05 0.0479045 9.9982E-05 0.951896
0.0569546 9.9991E-05 0.877798 0.0651477
0.881321 9.9991E-05 0.0826745 0.0359043
9.9982E-05 0.787851 0.211949 9.9982E-05
9.9982E-05 0.134518 0.865282 9.9982E-05
9.9991E-05 0.0242371 0.931022 0.0446414
0.114075 9.9991E-05 0.162951 0.722874
0.103442 9.9991E-05 0.885203 0.011255
0.285158 9.9982E-05 0.714642 9.9982E-05
0.866686 9.9982E-05 0.133114 9.9982E-05
9.998E-05 0.9997 9.998E-05 9.998E-05
0.115775 9.9982E-05 9.9982E-05 0.884025
9.9982E-05 0.696883 9.9982E-05 0.302917
0.961681 0.0381193 9.9982E-05 9.9982E-05
9.9982E-05 0.636602 0.363198 9.9982E-05
9.99821E-05 0.125875 0.873925 9.99821E-05
0.0977361 0.727348 9.9991E-05 0.174816
9.9991E-05 0.586949 0.368001 0.04495
