9.9928E-05 9.9928E-05 9.9928E-05 0.0138834 0.0130455 0.923039 0.0097593 9.9928E-05 9.9928E-05 9.9928E-05 0.0108282 9.9928E-05 0.0207296 0.00791601 9.9928E-05
9.9937E-05 0.0629732 0.0625922 0.00238318 9.9937E-05 0.628127 9.9937E-05 9.9937E-05 9.9937E-05 9.9937E-05 0.00812389 0.219092 9.9937E-05 0.0128018 0.00320704
9.9928E-05 9.9928E-05 9.9928E-05 0.0653008 9.9928E-05 0.765945 9.9928E-05 9.9928E-05 0.0540197 0.00409648 9.9928E-05 0.0629403 9.9928E-05 0.0325734 0.0143248
9.9928E-05 0.0875375 0.121597 0.000136326 9.9928E-05 0.723173 9.9928E-05 9.9928E-05 9.9928E-05 0.0140084 9.9928E-05 0.0361796 9.9928E-05 0.0165684 9.9928E-05
0.0229529 9.99503E-05 0.0768384 0.0689213 0.0694353 0.701579 0.00537521 9.99503E-05 9.99503E-05 0.0194627 9.99503E-05 9.99503E-05 0.00736565 9.99503E-05 0.0274696
9.9919E-05 0.00367701 9.9919E-05 0.0317182 9.9919E-05 0.834174 9.9919E-05 9.9919E-05 0.0734389 0.0224737 0.0336193 9.9919E-05 9.9919E-05 9.9919E-05 9.9919E-05
9.9919E-05 0.0135449 0.00373587 9.9919E-05 0.0112959 0.880485 9.9919E-05 9.9919E-05 0.0744439 9.9919E-05 0.0155951 9.9919E-05 9.9919E-05 9.9919E-05 9.9919E-05
0.011894 0.0171414 9.9946E-05 0.0479019 9.9946E-05 0.745893 0.00704038 9.9946E-05 0.15342 0.0150054 9.9946E-05 9.9946E-05 9.9946E-05 0.000980115 0.000124173
0.00399556 0.0418796 9.9928E-05 0.0411466 9.9928E-05 0.764321 9.9928E-05 9.9928E-05 0.136164 9.9928E-05 0.00203339 9.9928E-05 9.9928E-05 0.00966035 9.9928E-05
0.0487441 0.0163706 9.9937E-05 0.0151066 9.9937E-05 0.787148 0.0104276 0.0653838 0.041879 9.9937E-05 0.0142411 9.9937E-05 9.9937E-05 9.9937E-05 9.9937E-05
0.03813 0.0184215 0.0354526 0.135304 9.9964E-05 0.68581 0.0204401 0.0165527 9.9964E-05 0.0093538 0.000512691 9.9964E-05 9.9964E-05 0.01566 0.0239634
9.99369E-05 0.00849749 0.00427142 0.119875 9.99369E-05 0.666205 9.99369E-05 0.0793352 9.99369E-05 0.0130348 9.99369E-05 0.0982356 9.99369E-05 0.0098461 9.99369E-05
9.9937E-05 9.9937E-05 0.077779 0.0504204 0.00251893 0.739187 9.9937E-05 0.0562278 0.0244255 9.9937E-05 0.0471729 9.9937E-05 9.9937E-05 9.9937E-05 0.00156933
9.99369E-05 0.0881663 9.99369E-05 9.99369E-05 9.99369E-05 0.641216 9.99369E-05 0.00298497 9.99369E-05 9.99369E-05 0.0157064 0.195478 0.0304451 0.00106612 0.0242372
9.991E-05 9.991E-05 9.991E-05 9.991E-05 9.991E-05 0.773968 9.991E-05 0.0338827 0.161725 9.991E-05 9.991E-05 0.0132508 9.991E-05 0.0161742 9.991E-05
0.0612075 0.0526575 0.0252346 9.9919E-05 9.9919E-05 0.849713 9.9919E-05 9.9919E-05 9.9919E-05 0.00900207 0.00128592 9.9919E-05 9.9919E-05 9.9919E-05 9.9919E-05
9.99011E-05 9.99011E-05 9.99011E-05 9.99011E-05 0.0222725 0.92358 0.0207331 9.99011E-05 9.99011E-05 0.0323152 9.99011E-05 9.99011E-05 9.99011E-05 9.99011E-05 9.99011E-05
0.0202389 9.991E-05 9.991E-05 9.991E-05 0.0248181 0.90954 9.991E-05 9.991E-05 9.991E-05 0.0105049 9.991E-05 9.991E-05 0.033899 9.991E-05 9.991E-05
9.99101E-05 9.99101E-05 9.99101E-05 9.99101E-05 0.0437691 0.878222 9.99101E-05 9.99101E-05 9.99101E-05 9.99101E-05 0.0110262 9.99101E-05 0.0527151 0.0132685 9.99101E-05
0.0715273 9.9928E-05 9.9928E-05 9.9928E-05 9.9928E-05 0.853649 0.010521 0.0384566 0.00100257 0.00712809 9.9928E-05 9.9928E-05 0.0169157 9.9928E-05 9.9928E-05
9.9874E-05 9.9874E-05 9.9874E-05 9.9874E-05 9.9874E-05 9.9874E-05 9.9874E-05 9.9874E-05 9.9874E-05 9.9874E-05 9.9874E-05 9.9874E-05 9.9874E-05 9.9874E-05 0.998602
9.9901E-05 9.9901E-05 9.9901E-05 0.108476 9.9901E-05 9.9901E-05 9.9901E-05 0.780707 9.9901E-05 9.9901E-05 0.0145627 0.0951549 9.9901E-05 9.9901E-05 9.9901E-05
9.9937E-05 0.013886 9.9937E-05 0.0500007 0.0697958 0.0242146 0.0199549 0.787922 9.9937E-05 9.9937E-05 0.00597946 9.9937E-05 0.0275473 9.9937E-05 9.9937E-05
9.9919E-05 9.9919E-05 9.9919E-05 0.0539636 0.00757337 9.9919E-05 0.0163243 0.877196 9.9919E-05 0.0433294 9.9919E-05 9.9919E-05 9.9919E-05 9.9919E-05 0.000713814
9.98921E-05 9.98921E-05 0.00678131 9.98921E-05 9.98921E-05 9.98921E-05 9.98921E-05 0.985549 9.98921E-05 9.98921E-05 9.98921E-05 9.98921E-05 9.98921E-05 9.98921E-05 0.00647099
9.9901E-05 9.9901E-05 9.9901E-05 9.9901E-05 9.9901E-05 9.9901E-05 9.9901E-05 0.932615 0.0517957 0.00551546 9.9901E-05 9.9901E-05 9.9901E-05 0.00897455 9.9901E-05
0.0249619 9.9937E-05 0.00290972 9.9937E-05 0.0415237 9.9937E-05 9.9937E-05 0.799809 0.0360087 9.9937E-05 9.9937E-05 9.9937E-05 0.0697585 0.00828134 0.0160471
9.98739E-05 9.98739E-05 9.98739E-05 9.98739E-05 9.98739E-05 9.98739E-05 9.98739E-05 9.98739E-05 9.98739E-05 9.98739E-05 9.98739E-05 9.98739E-05 9.98739E-05 9.98739E-05 0.998602
9.9892E-05 9.9892E-05 9.9892E-05 9.9892E-05 9.9892E-05 9.9892E-05 9.9892E-05 0.686149 0.282079 9.9892E-05 9.9892E-05 9.9892E-05 9.9892E-05 9.9892E-05 0.0305731
0.11696 9.99279E-05 9.99279E-05 0.0382484 0.043667 9.99279E-05 9.99279E-05 0.692034 0.072363 9.99279E-05 0.0196638 9.99279E-05 0.0162644 9.99279E-05 9.99279E-05
9.9919E-05 0.0333817 9.9919E-05 9.9919E-05 9.9919E-05 9.9919E-05 9.9919E-05 0.613925 0.299266 0.00307054 9.9919E-05 9.9919E-05 9.9919E-05 0.014835 0.0346229
9.9928E-05 9.9928E-05 0.0730504 9.9928E-05 0.0535612 9.9928E-05 9.9928E-05 0.727311 9.9928E-05 0.0201003 0.000269352 9.9928E-05 0.102027 9.9928E-05 0.0228816
9.9955E-05 0.0258513 9.9955E-05 0.00298312 9.9955E-05 0.011234 9.9955E-05 0.625833 0.191069 0.0059034 0.0286489 9.9955E-05 0.0415897 0.00130228 0.0650852
9.99459E-05 0.047188 9.99459E-05 9.99459E-05 9.99459E-05 9.99459E-05 0.000362039 0.538836 0.275826 0.00138607 0.0475733 0.0245128 9.99459E-05 0.028821 0.0348947
0.0464646 9.9964E-05 0.0147411 9.9964E-05 9.9964E-05 0.020051 0.0267141 0.669266 0.0963582 0.0126568 0.0126812 0.0587698 0.0154243 0.0264728 9.9964E-05
0.0292669 0.093391 0.107371 0.041819 9.99459E-05 0.0367441 9.99459E-05 0.508488 9.99459E-05 9.99459E-05 9.99459E-05 0.122218 9.99459E-05 0.0569955 0.00310649
0.0582969 9.9919E-05 9.9919E-05 9.9919E-05 0.0616856 9.9919E-05 0.0163661 0.709576 9.9919E-05 9.9919E-05 9.9919E-05 9.9919E-05 0.118115 0.0350615 9.9919E-05
9.9928E-05 9.9928E-05 9.9928E-05 9.9928E-05 0.142444 9.9928E-05 9.9928E-05 0.0142826 0.0431505 9.9928E-05 9.9928E-05 0.075751 0.703305 0.01428 0.00598691
9.99189E-05 9.99189E-05 0.249262 9.99189E-05 0.000315372 9.99189E-05 9.99189E-05 9.99189E-05 9.99189E-05 0.015473 0.00351882 0.0572767 0.673255 9.99189E-05 9.99189E-05
0.128376 9.9946E-05 0.0544091 0.10418 9.9946E-05 0.00256308 9.9946E-05 9.9946E-05 0.0414373 0.025622 0.0118093 9.9946E-05 0.613732 0.0172719 9.9946E-05
0.137394 0.0271224 9.9928E-05 9.9928E-05 9.9928E-05 0.00178678 9.9928E-05 0.032253 9.9928E-05 9.9928E-05 9.9928E-05 0.0380133 0.75244 0.0101915 9.9928E-05
9.9955E-05 9.9955E-05 0.150013 9.9955E-05 0.0149203 0.000954665 0.012999 9.9955E-05 9.9955E-05 0.0025191 0.017639 0.0417353 0.702151 0.0369486 0.0196206
0.0455159 9.991E-05 9.991E-05 9.991E-05 9.991E-05 9.991E-05 9.991E-05 9.991E-05 0.166627 9.991E-05 0.000524022 9.991E-05 0.773109 0.0132252 9.991E-05
9.9964E-05 0.0515186 0.0721636 0.341956 0.0296628 0.0285459 0.000978432 9.9964E-05 0.0618948 0.001472 0.0223144 9.9964E-05 0.36579 0.0233039 9.9964E-05
0.0200996 9.9955E-05 9.9955E-05 0.066422 0.063327 9.9955E-05 0.047846 9.9955E-05 0.134517 0.00728267 0.00989526 9.9955E-05 0.635509 0.0124959 0.00210568
0.0359124 0.0166347 0.10622 0.160124 0.0467782 0.017516 0.0257214 0.0297752 9.9946E-05 9.9946E-05 9.9946E-05 9.9946E-05 0.560718 9.9946E-05 9.9946E-05
9.9919E-05 9.9919E-05 9.9919E-05 9.9919E-05 9.9919E-05 9.9919E-05 0.0276397 0.00647969 9.9919E-05 0.0229519 0.00107978 0.135004 0.805945 9.9919E-05 9.9919E-05
9.9937E-05 9.9937E-05 9.9937E-05 0.108788 0.0159417 9.9937E-05 0.0162402 9.9937E-05 0.111946 9.9937E-05 0.00966822 0.0197838 0.710227 9.9937E-05 0.00670615
9.9919E-05 9.9919E-05 9.9919E-05 9.9919E-05 0.043214 9.9919E-05 9.9919E-05 9.9919E-05 0.00952651 0.0316829 9.9919E-05 9.9919E-05 0.851475 0.0287862 0.0344157
9.9919E-05 9.9919E-05 9.9919E-05 0.677582 0.0720656 9.9919E-05 9.9919E-05 9.9919E-05 9.9919E-05 9.9919E-05 0.0152088 9.9919E-05 0.213886 0.0182273 0.00213068
9.9919E-05 9.9919E-05 0.145887 0.188304 9.9919E-05 9.9919E-05 9.9919E-05 9.9919E-05 9.9919E-05 0.0347074 9.9919E-05 0.0062445 0.621132 0.0028247 9.9919E-05
9.9946E-05 0.0147046 0.0101146 9.9946E-05 9.9946E-05 9.9946E-05 9.9946E-05 0.0251565 9.9946E-05 0.0185167 0.0102002 0.0335779 0.862407 0.0212695 0.00345361
9.99099E-05 9.99099E-05 0.00983516 9.99099E-05 9.99099E-05 9.99099E-05 0.0426086 9.99099E-05 0.095364 9.99099E-05 0.0512617 9.99099E-05 0.799931 9.99099E-05 9.99099E-05
0.0951331 9.9928E-05 9.9928E-05 9.9928E-05 9.9928E-05 0.0774784 9.9928E-05 0.0152691 9.9928E-05 0.0305115 9.9928E-05 0.00608429 0.774588 0.000135977 9.9928E-05
0.105895 0.0205815 9.9964E-05 0.0911126 0.0241247 0.0140418 0.0171596 9.9964E-05 0.059614 0.0155495 0.0141046 9.9964E-05 0.632645 9.9964E-05 0.00477188
9.9919E-05 9.9919E-05 9.9919E-05 0.307151 0.0512454 9.9919E-05 9.9919E-05 9.9919E-05 0.241333 0.00919149 0.00403457 9.9919E-05 0.386145 9.9919E-05 9.9919E-05
0.00540296 9.9928E-05 9.9928E-05 9.9928E-05 9.9928E-05 0.0380206 0.0360014 9.9928E-05 0.14855 9.9928E-05 0.000195334 9.9928E-05 0.747245 9.9928E-05 0.0237845
0.147809 0.0527465 0.0744675 9.9937E-05 0.0374084 9.9937E-05 9.9937E-05 9.9937E-05 9.9937E-05 0.00163293 9.9937E-05 0.514434 0.151022 0.0197795 9.9937E-05
9.98739E-05 9.98739E-05 9.98739E-05 9.98739E-05 9.98739E-05 9.98739E-05 9.98739E-05 9.98739E-05 9.98739E-05 9.98739E-05 9.98739E-05 9.98739E-05 9.98739E-05 0.998602 9.98739E-05
0.299011 9.9928E-05 0.101994 0.140016 9.9928E-05 9.9928E-05 0.0559164 0.0184123 9.9928E-05 9.9928E-05 0.00957267 0.374279 9.9928E-05 9.9928E-05 9.9928E-05
0.196667 9.9955E-05 0.0142492 0.0265945 0.0740747 9.9955E-05 0.0619173 9.9955E-05 0.115033 9.9955E-05 0.0138879 0.448446 0.0416007 0.00703002 9.9955E-05
0.0404352 9.9937E-05 9.9937E-05 9.9937E-05 0.0225532 9.9937E-05 0.0075706 9.9937E-05 0.317963 0.00353494 0.0274784 0.560841 9.9937E-05 0.0189247 9.9937E-05
0.62295 9.9946E-05 9.9946E-05 9.9946E-05 0.00820109 9.9946E-05 0.0140108 9.9946E-05 0.04011 0.00258412 0.00519274 0.193869 0.0989549 9.9946E-05 0.0135278
9.98739E-05 9.98739E-05 9.98739E-05 9.98739E-05 9.98739E-05 9.98739E-05 9.98739E-05 9.98739E-05 9.98739E-05 9.98739E-05 0.998602 9.98739E-05 9.98739E-05 9.98739E-05 9.98739E-05
9.98739E-05 9.98739E-05 9.98739E-05 9.98739E-05 9.98739E-05 9.98739E-05 9.98739E-05 9.98739E-05 9.98739E-05 9.98739E-05 9.98739E-05 9.98739E-05 9.98739E-05 0.998602 9.98739E-05
0.334982 9.9946E-05 0.20663 0.0606669 9.9946E-05 0.0687168 0.0200693 9.9946E-05 9.9946E-05 0.0212705 0.0270171 0.24527 9.9946E-05 0.0147778 9.9946E-05
0.493963 9.9964E-05 9.9964E-05 9.9964E-05 0.141517 0.0483979 0.00202212 0.0706188 0.0865182 0.0312855 0.0260222 0.0535078 9.9964E-05 0.00703186 0.0387159
0.368993 9.9964E-05 0.0692799 0.0198248 0.152626 0.0148738 0.0618087 0.0220909 9.9964E-05 0.0186282 0.0377985 0.186226 9.9964E-05 0.0474501 9.9964E-05
0.424813 9.9955E-05 0.0820928 9.9955E-05 0.0846111 9.9955E-05 0.0743641 0.0542379 9.9955E-05 0.0179123 0.0321259 0.167146 9.9955E-05 0.0374518 0.0247449
0.319831 0.00549532 0.0249475 9.9973E-05 0.0942919 0.0147131 0.0526238 0.0961633 9.9973E-05 0.0178455 0.0338295 0.230564 9.9973E-05 0.105158 0.00423669
0.818268 9.9928E-05 0.0383547 9.9928E-05 0.0510895 0.0129056 9.9928E-05 9.9928E-05 9.9928E-05 0.011046 0.0284653 9.9928E-05 9.9928E-05 0.039072 9.9928E-05
0.932776 9.9919E-05 0.0220301 9.9919E-05 9.9919E-05 9.9919E-05 9.9919E-05 9.9919E-05 9.9919E-05 0.0110124 0.0145117 9.9919E-05 9.9919E-05 0.0149982 0.00377271
0.457595 9.9955E-05 9.9955E-05 0.0157449 0.0464493 9.9955E-05 0.0368607 0.0438851 0.097956 0.0158873 0.0274382 0.179026 9.9955E-05 0.078657 9.9955E-05
9.9892E-05 9.9892E-05 9.9892E-05 9.9892E-05 9.9892E-05 9.9892E-05 9.9892E-05 9.9892E-05 0.50614 9.9892E-05 9.9892E-05 0.468602 9.9892E-05 0.0240592 9.9892E-05
0.107144 9.9937E-05 0.522893 9.9937E-05 0.127025 9.9937E-05 9.9937E-05 9.9937E-05 9.9937E-05 0.0255616 0.0310443 9.9937E-05 0.152553 0.00895442 0.0241255
0.564586 9.9955E-05 0.0491678 0.00722632 0.0957194 0.0544589 0.000353406 0.00300739 9.9955E-05 0.0276105 9.9955E-05 9.9955E-05 0.16548 0.0318904 9.9955E-05
0.169376 9.9946E-05 9.9946E-05 0.0167657 0.0208712 0.067758 0.0285169 9.9946E-05 9.9946E-05 0.0243484 9.9946E-05 0.250306 0.38239 0.0390676 9.9946E-05
9.98739E-05 9.98739E-05 9.98739E-05 9.98739E-05 9.98739E-05 9.98739E-05 9.98739E-05 9.98739E-05 9.98739E-05 9.98739E-05 0.998602 9.98739E-05 9.98739E-05 9.98739E-05 9.98739E-05
0.0840908 9.9955E-05 9.9955E-05 9.9955E-05 9.9955E-05 0.021187 0.0665932 9.9955E-05 0.205503 0.0387556 0.0185583 0.343235 0.147608 0.0360638 0.0379061
0.174911 9.9946E-05 0.0444038 9.9946E-05 0.0749542 9.9946E-05 0.0356905 9.9946E-05 9.9946E-05 0.0285308 0.0731446 0.388207 0.14186 0.0376987 9.9946E-05
9.98738E-05 9.98738E-05 9.98738E-05 9.98738E-05 0.998602 9.98738E-05 9.98738E-05 9.98738E-05 9.98738E-05 9.98738E-05 9.98738E-05 9.98738E-05 9.98738E-05 9.98738E-05 9.98738E-05
0.139539 9.9946E-05 0.105934 9.9946E-05 0.0435803 9.9946E-05 0.00883973 9.9946E-05 9.9946E-05 9.9946E-05 0.0339759 0.600692 0.0325822 0.0259552 0.00830174
0.760708 9.9928E-05 9.9928E-05 9.9928E-05 0.0912519 0.0905961 0.02637 9.9928E-05 9.9928E-05 0.00442795 0.0220105 9.9928E-05 9.9928E-05 0.00383581 9.9928E-05
0.300847 0.160798 9.9946E-05 0.0538272 9.9946E-05 9.9946E-05 0.0766689 0.0663276 9.9946E-05 0.0196342 9.9946E-05 0.116069 0.203854 9.9946E-05 0.00137528
0.0782812 0.506007 9.9955E-05 0.195107 0.0183612 9.9955E-05 0.019192 9.9955E-05 9.9955E-05 0.0181837 0.041474 0.0482181 0.0656056 0.00907023 9.9955E-05
0.190562 0.14303 0.0280766 0.0985586 0.105862 9.9955E-05 9.9955E-05 0.00600161 0.102948 9.9955E-05 9.9955E-05 0.247646 0.0175272 0.059288 9.9955E-05
9.98829E-05 9.98829E-05 9.98829E-05 9.98829E-05 0.988536 9.98829E-05 9.98829E-05 9.98829E-05 9.98829E-05 9.98829E-05 0.0101651 9.98829E-05 9.98829E-05 9.98829E-05 9.98829E-05
9.98739E-05 9.98739E-05 9.98739E-05 9.98739E-05 0.998602 9.98739E-05 9.98739E-05 9.98739E-05 9.98739E-05 9.98739E-05 9.98739E-05 9.98739E-05 9.98739E-05 9.98739E-05 9.98739E-05
0.383871 0.00748718 0.040082 0.0514477 0.098692 9.9964E-05 0.0576398 9.9964E-05 0.153523 9.9964E-05 9.9964E-05 0.179082 0.0109262 0.0156472 0.00120214
9.9937E-05 9.9937E-05 9.9937E-05 0.0293843 0.0221509 9.9937E-05 0.710887 0.0383128 9.9937E-05 0.00121006 0.00967376 0.182047 9.9937E-05 9.9937E-05 0.00563392
0.102144 9.9946E-05 0.180823 9.9946E-05 9.9946E-05 9.9946E-05 0.020462 9.9946E-05 9.9946E-05 0.0228518 0.0963947 0.421807 0.139962 0.00592726 0.00902815
0.925114 9.99101E-05 9.99101E-05 0.0357946 0.0116808 9.99101E-05 9.99101E-05 9.99101E-05 9.99101E-05 0.00241878 0.0239924 9.99101E-05 9.99101E-05 9.99101E-05 9.99101E-05
0.118014 0.0666687 9.9955E-05 0.0309843 0.022453 0.055189 0.045191 0.0141272 9.9955E-05 9.9955E-05 9.9955E-05 0.607414 9.9955E-05 0.00523064 0.0342282
9.9937E-05 9.9937E-05 9.9937E-05 0.109413 9.9937E-05 0.0487729 0.0413984 0.0982673 0.00527439 0.0119573 0.0164519 0.667766 9.9937E-05 9.9937E-05 9.9937E-05
0.157776 0.00420775 9.9919E-05 0.14548 9.9919E-05 9.9919E-05 9.9919E-05 0.0300088 9.9919E-05 9.9919E-05 0.023381 0.638247 9.9919E-05 9.9919E-05 9.9919E-05
0.286111 0.0213798 0.112708 0.017833 0.0303881 0.0620289 0.0125552 0.0276148 9.9973E-05 9.9973E-05 0.0458417 0.331024 9.9973E-05 0.0331369 0.0190786
0.096472 9.9937E-05 9.9937E-05 0.139172 9.9937E-05 9.9937E-05 0.0207202 9.9937E-05 0.391812 0.0676744 0.00909119 0.26914 9.9937E-05 0.00521849 9.9937E-05
0.236378 9.9973E-05 0.00624888 0.0238116 0.102487 0.028067 0.0273519 9.9973E-05 0.127055 0.0255706 0.0304037 0.309803 0.0406314 0.0418919 9.9973E-05
0.0554358 9.9955E-05 0.0218663 9.9955E-05 0.212841 9.9955E-05 9.9955E-05 0.0241637 0.0922996 0.0291643 0.01305 0.473696 0.0510018 0.0259817 9.9955E-05
0.174961 9.9946E-05 9.9946E-05 0.0404929 0.00563887 9.9946E-05 0.0423021 9.9946E-05 0.0949814 0.0486207 9.9946E-05 0.504227 0.0285537 0.0596224 9.9946E-05
0.17334 9.9937E-05 0.153047 0.0630127 0.0390214 9.9937E-05 0.0552 0.0183256 9.9937E-05 9.9937E-05 9.9937E-05 0.488739 9.9937E-05 9.9937E-05 0.0086154
0.158298 0.0799537 9.9955E-05 9.9955E-05 0.0975789 9.9955E-05 0.0797341 9.9955E-05 0.0316861 0.0171352 0.0419084 0.418376 9.9955E-05 0.0535013 0.0213292
0.994615 9.9883E-05 9.9883E-05 9.9883E-05 9.9883E-05 9.9883E-05 9.9883E-05 9.9883E-05 9.9883E-05 9.9883E-05 9.9883E-05 9.9883E-05 9.9883E-05 9.9883E-05 0.00408692
9.98736E-05 9.98736E-05 9.98736E-05 9.98736E-05 9.98736E-05 9.98736E-05 0.998602 9.98736E-05 9.98736E-05 9.98736E-05 9.98736E-05 9.98736E-05 9.98736E-05 9.98736E-05 9.98736E-05
0.0918428 0.0603565 0.0869944 9.9964E-05 9.9964E-05 0.0195327 0.0596583 9.9964E-05 9.9964E-05 0.0359584 0.0136688 0.485292 0.0804042 0.0533759 0.0125161
0.323358 9.9946E-05 9.9946E-05 0.0426442 0.0575462 9.9946E-05 0.0212154 9.9946E-05 0.022277 9.9946E-05 0.0469989 0.466173 0.0175198 9.9946E-05 0.0016674
0.173647 0.0436402 0.0142962 9.9955E-05 0.0326609 0.0304051 0.0499346 9.9955E-05 9.9955E-05 9.9955E-05 0.034199 0.586625 0.0306408 9.9955E-05 0.00345184
0.868887 9.9928E-05 9.9928E-05 0.0815614 9.9928E-05 0.000167379 0.00101203 9.9928E-05 9.9928E-05 0.0244337 9.9928E-05 9.9928E-05 0.0107642 0.0123746 9.9928E-05
0.135978 9.9937E-05 0.177631 9.9937E-05 0.0390696 0.00510458 9.9937E-05 9.9937E-05 0.0399116 0.0217515 9.9937E-05 0.541188 0.0386669 9.9937E-05 9.9937E-05
0.0328413 9.99369E-05 9.99369E-05 9.99369E-05 0.0681727 9.99369E-05 9.99369E-05 0.00631087 0.196276 0.00948369 9.99369E-05 0.640976 0.0402154 9.99369E-05 0.00502416
9.98739E-05 9.98739E-05 9.98739E-05 9.98739E-05 9.98739E-05 9.98739E-05 9.98739E-05 9.98739E-05 9.98739E-05 0.998602 9.98739E-05 9.98739E-05 9.98739E-05 9.98739E-05 9.98739E-05
9.98736E-05 9.98736E-05 9.98736E-05 9.98736E-05 9.98736E-05 9.98736E-05 0.998602 9.98736E-05 9.98736E-05 9.98736E-05 9.98736E-05 9.98736E-05 9.98736E-05 9.98736E-05 9.98736E-05
9.98739E-05 9.98739E-05 9.98739E-05 9.98739E-05 9.98739E-05 9.98739E-05 9.98739E-05 9.98739E-05 9.98739E-05 0.998602 9.98739E-05 9.98739E-05 9.98739E-05 9.98739E-05 9.98739E-05
0.00234985 0.0205417 0.0440964 0.0339071 9.9946E-05 9.9946E-05 0.0392723 9.9946E-05 9.9946E-05 0.00134793 0.0206275 0.828224 9.9946E-05 0.00903378 9.9946E-05
9.9946E-05 0.00774683 9.9946E-05 0.00548554 9.9946E-05 9.9946E-05 0.0483446 0.0495226 9.9946E-05 0.0277009 0.0204429 0.795317 9.9946E-05 0.01786 0.0269804
0.190273 0.0184012 9.9955E-05 0.00301441 0.0139873 0.0293699 0.04849 0.0762215 9.9955E-05 0.0119533 9.9955E-05 0.573298 9.9955E-05 0.0344914 9.9955E-05
0.00484294 9.9937E-05 9.9937E-05 9.9937E-05 0.00354035 9.9937E-05 0.0531081 9.9937E-05 9.9937E-05 0.0543207 9.9937E-05 0.784954 0.0649898 0.0102024 0.023342
0.952701 9.991E-05 9.991E-05 9.991E-05 9.991E-05 9.991E-05 0.0197805 9.991E-05 9.991E-05 9.991E-05 9.991E-05 9.991E-05 0.00503123 0.0109369 0.0105508
9.99279E-05 9.99279E-05 9.99279E-05 0.0920735 9.99279E-05 0.0110849 0.618398 9.99279E-05 9.99279E-05 0.00268799 9.99279E-05 0.261871 9.99279E-05 0.00820998 0.00487486
0.199286 9.9955E-05 9.9955E-05 0.112397 0.0158191 0.0691553 0.0525125 9.9955E-05 0.0310829 0.0473359 9.9955E-05 0.422399 0.039088 0.0104248 9.9955E-05
9.9883E-05 9.9883E-05 0.948084 9.9883E-05 9.9883E-05 9.9883E-05 9.9883E-05 9.9883E-05 9.9883E-05 9.9883E-05 9.9883E-05 9.9883E-05 9.9883E-05 0.0506178 9.9883E-05
9.9874E-05 9.9874E-05 0.998602 9.9874E-05 9.9874E-05 9.9874E-05 9.9874E-05 9.9874E-05 9.9874E-05 9.9874E-05 9.9874E-05 9.9874E-05 9.9874E-05 9.9874E-05 9.9874E-05
9.99189E-05 9.99189E-05 0.702185 9.99189E-05 0.0449291 9.99189E-05 0.0333384 9.99189E-05 0.201709 0.00881314 9.99189E-05 9.99189E-05 9.99189E-05 9.99189E-05 0.00812613
9.9901E-05 9.9901E-05 0.139528 9.9901E-05 9.9901E-05 9.9901E-05 9.9901E-05 9.9901E-05 0.680293 9.9901E-05 9.9901E-05 0.169168 9.9901E-05 0.00991161 9.9901E-05
9.98829E-05 9.98829E-05 9.98829E-05 9.98829E-05 9.98829E-05 9.98829E-05 9.98829E-05 9.98829E-05 0.988641 0.0100608 9.98829E-05 9.98829E-05 9.98829E-05 9.98829E-05 9.98829E-05
9.9874E-05 9.9874E-05 9.9874E-05 9.9874E-05 9.9874E-05 9.9874E-05 9.9874E-05 9.9874E-05 0.998602 9.9874E-05 9.9874E-05 9.9874E-05 9.9874E-05 9.9874E-05 9.9874E-05
9.98919E-05 9.98919E-05 0.338905 9.98919E-05 9.98919E-05 0.00381306 9.98919E-05 9.98919E-05 0.656083 9.98919E-05 9.98919E-05 9.98919E-05 9.98919E-05 9.98919E-05 9.98919E-05
9.9919E-05 9.9919E-05 0.748578 9.9919E-05 0.0652479 0.0216864 0.011158 0.00893178 0.143498 9.9919E-05 9.9919E-05 9.9919E-05 9.9919E-05 9.9919E-05 9.9919E-05
9.98739E-05 9.98739E-05 9.98739E-05 9.98739E-05 9.98739E-05 9.98739E-05 9.98739E-05 9.98739E-05 0.998602 9.98739E-05 9.98739E-05 9.98739E-05 9.98739E-05 9.98739E-05 9.98739E-05
9.99009E-05 9.99009E-05 0.971466 9.99009E-05 9.99009E-05 9.99009E-05 9.99009E-05 9.99009E-05 9.99009E-05 0.000702236 0.00469002 9.99009E-05 9.99009E-05 9.99009E-05 0.0220433
0.165665 9.99099E-05 0.694035 9.99099E-05 9.99099E-05 9.99099E-05 9.99099E-05 0.0739399 0.0609535 9.99099E-05 9.99099E-05 9.99099E-05 0.00440705 9.99099E-05 9.99099E-05
9.9937E-05 0.617154 0.00316672 9.9937E-05 9.9937E-05 9.9937E-05 0.028353 0.0693201 0.127745 0.0240869 0.0230806 9.9937E-05 0.106394 9.9937E-05 9.9937E-05
0.033564 0.619837 9.9946E-05 0.0152854 0.0222485 9.9946E-05 0.0241744 9.9946E-05 0.225514 9.9946E-05 0.0114807 9.9946E-05 0.0200719 9.9946E-05 0.0272244
0.0295946 0.578678 9.9964E-05 0.142477 0.0692281 0.0131946 9.9964E-05 0.0434604 0.0530174 0.00295214 9.9964E-05 0.0127102 9.9964E-05 0.0326749 0.0216131
9.9937E-05 0.652113 0.0576617 9.9937E-05 0.0568322 0.0187366 9.9937E-05 0.0443772 9.9937E-05 0.00965906 9.9937E-05 9.9937E-05 0.157651 0.00227008 9.9937E-05
9.9928E-05 0.606548 0.11416 9.9928E-05 9.9928E-05 0.011377 9.9928E-05 9.9928E-05 9.9928E-05 9.9928E-05 0.0420002 0.0415904 0.1464 9.9928E-05 0.0371241
9.9928E-05 0.55729 9.9928E-05 0.0303702 0.000234599 9.9928E-05 9.9928E-05 9.9928E-05 0.357634 0.00607741 0.0116747 9.9928E-05 9.9928E-05 9.9928E-05 0.0359189
9.9937E-05 0.630405 0.061826 0.0112489 9.9937E-05 9.9937E-05 0.053133 0.0622531 0.0270251 9.9937E-05 0.00939271 9.9937E-05 0.144017 9.9937E-05 9.9937E-05
0.041163 0.677388 9.9937E-05 9.9937E-05 0.117539 9.9937E-05 0.00593122 9.9937E-05 0.120599 9.9937E-05 0.00433777 9.9937E-05 9.9937E-05 0.000611136 0.0317321
9.99549E-05 0.403911 0.0534288 0.245785 0.104655 0.0354982 0.0371081 9.99549E-05 9.99549E-05 0.057442 9.99549E-05 0.0524978 9.99549E-05 0.00406862 0.00510589
9.9919E-05 0.556532 9.9919E-05 9.9919E-05 0.0106652 9.9919E-05 0.00136335 9.9919E-05 0.233385 9.9919E-05 9.9919E-05 9.9919E-05 0.192181 9.9919E-05 0.00497498
9.9946E-05 0.641213 9.9946E-05 9.9946E-05 0.0361006 0.00100158 9.9946E-05 9.9946E-05 0.137347 0.00114615 0.0294579 9.9946E-05 0.100873 0.0354163 0.0168457
0.0398649 0.691236 9.9919E-05 9.9919E-05 9.9919E-05 0.0397813 9.9919E-05 9.9919E-05 9.9919E-05 9.9919E-05 0.00324366 9.9919E-05 0.17804 0.0469349 9.9919E-05
0.0738426 0.548649 0.111917 0.030091 0.0370778 0.0104062 0.00576405 0.05946 9.9982E-05 0.0121468 9.9982E-05 0.00975388 0.0753875 0.0106311 0.0146732
0.141406 0.483318 9.9919E-05 0.205547 9.9919E-05 9.9919E-05 9.9919E-05 9.9919E-05 9.9919E-05 0.00647635 9.9919E-05 0.124143 9.9919E-05 0.0382096 9.9919E-05
9.9937E-05 0.584159 9.9937E-05 9.9937E-05 9.9937E-05 0.043075 9.9937E-05 0.0652144 0.049341 0.0106424 9.9937E-05 0.214125 9.9937E-05 0.0101793 0.0225639
0.068634 0.674597 0.00596324 0.0129752 9.9946E-05 0.0801935 0.0209429 9.9946E-05 9.9946E-05 9.9946E-05 9.9946E-05 0.113757 0.000424014 0.0219138 9.9946E-05
0.0373019 0.675252 9.9937E-05 9.9937E-05 9.9937E-05 9.9937E-05 9.9937E-05 0.0160055 0.164692 0.0183439 0.00219208 9.9937E-05 0.0369534 0.0485596 9.9937E-05
0.169039 0.66908 9.9928E-05 0.0586906 0.0483182 0.0190145 9.9928E-05 9.9928E-05 9.9928E-05 0.0264238 9.9928E-05 9.9928E-05 9.9928E-05 9.9928E-05 0.00863524
9.9946E-05 0.722444 9.9946E-05 9.9946E-05 0.0444593 0.0420823 0.0379083 0.0451901 0.0292373 0.0162191 9.9946E-05 9.9946E-05 0.0463667 9.9946E-05 0.0154937
9.9919E-05 0.61181 9.9919E-05 0.132428 9.9919E-05 9.9919E-05 0.00650631 9.9919E-05 9.9919E-05 9.9919E-05 0.00195398 0.220445 9.9919E-05 9.9919E-05 0.0259576
9.994E-05 0.520712 9.994E-05 0.153287 9.994E-05 0.0219267 0.024674 0.0371659 0.081321 9.994E-05 0.0439685 0.109728 9.994E-05 9.994E-05 0.0066166
9.9919E-05 0.635915 9.9919E-05 0.0342468 0.0788885 9.9919E-05 9.9919E-05 9.9919E-05 0.209506 0.0382462 9.9919E-05 9.9919E-05 9.9919E-05 0.00229835 9.9919E-05
9.9919E-05 0.672504 0.175957 9.9919E-05 9.9919E-05 0.00178246 9.9919E-05 0.000502378 9.9919E-05 0.0226586 9.9919E-05 0.125697 9.9919E-05 9.9919E-05 9.9919E-05
9.9964E-05 0.650141 0.180965 0.0557506 0.00281472 0.0108954 9.9964E-05 9.9964E-05 0.0051923 0.00474964 0.0141268 0.0714994 0.00319524 0.000269909 9.9964E-05
0.0266881 0.591911 9.9973E-05 0.0646995 0.00369481 0.0206382 0.0650204 0.0785977 9.9973E-05 0.00695827 0.00187164 0.104956 9.9973E-05 0.0300109 0.00465365
9.9919E-05 0.604316 0.104497 0.0244749 9.9919E-05 0.0256327 9.9919E-05 0.0844201 9.9919E-05 9.9919E-05 9.9919E-05 0.155761 9.9919E-05 9.9919E-05 9.9919E-05
9.9946E-05 0.599429 0.0479364 0.169329 0.0128228 9.9946E-05 9.9946E-05 9.9946E-05 9.9946E-05 0.0286021 0.0231271 0.0650392 9.9946E-05 0.00904058 0.0440736
9.9919E-05 0.573376 9.9919E-05 0.133229 9.9919E-05 9.9919E-05 9.9919E-05 0.0178868 9.9919E-05 9.9919E-05 0.0345377 0.208891 9.9919E-05 0.031179 9.9919E-05
9.9928E-05 0.519221 0.0370317 0.220205 0.0221933 0.000176185 9.9928E-05 9.9928E-05 9.9928E-05 9.9928E-05 9.9928E-05 0.169354 9.9928E-05 9.9928E-05 0.0310186
0.0387139 0.670767 0.0393343 9.9955E-05 9.9955E-05 9.9955E-05 0.0522283 0.0506881 9.9955E-05 0.00557535 0.00140011 9.9955E-05 0.112497 0.0278046 0.00049219
0.000722373 0.68124 0.00300156 9.9937E-05 9.9937E-05 9.9937E-05 0.0320716 9.9937E-05 0.0827376 0.0352416 9.9937E-05 9.9937E-05 0.132414 0.0318709 9.9937E-05
9.9919E-05 0.536138 0.150997 9.9919E-05 9.9919E-05 0.0258124 9.9919E-05 0.0136352 9.9919E-05 9.9919E-05 9.9919E-05 0.112783 0.159735 9.9919E-05 9.9919E-05
0.0125196 0.607484 0.0118299 9.9955E-05 0.0451968 9.9955E-05 9.9955E-05 0.106366 0.0666022 9.9955E-05 9.9955E-05 0.024198 0.120529 0.00290804 0.00186692
9.9946E-05 0.716617 9.9946E-05 9.9946E-05 0.0714296 9.9946E-05 0.0396975 0.0508685 0.0324702 0.013883 9.9946E-05 0.0278053 9.9946E-05 0.0345812 0.0120485
0.0758465 0.735297 0.0119573 9.9973E-05 0.0499663 0.00191763 0.0129959 9.9973E-05 0.0384723 0.000964196 0.0194974 0.0139884 9.9973E-05 0.00220399 0.036593
9.98921E-05 9.98921E-05 0.0516515 0.93448 9.98921E-05 9.98921E-05 9.98921E-05 9.98921E-05 9.98921E-05 9.98921E-05 9.98921E-05 9.98921E-05 9.98921E-05 0.0126696 9.98921E-05
9.9892E-05 9.9892E-05 9.9892E-05 0.953314 9.9892E-05 9.9892E-05 0.0251952 9.9892E-05 9.9892E-05 9.9892E-05 9.9892E-05 0.0202924 9.9892E-05 9.9892E-05 9.9892E-05
9.991E-05 9.991E-05 0.0545813 0.853306 9.991E-05 0.0413411 9.991E-05 9.991E-05 9.991E-05 9.991E-05 9.991E-05 0.0446424 9.991E-05 9.991E-05 0.00513018
9.9955E-05 0.0143917 9.9955E-05 0.814645 0.0378515 0.0422891 0.0178042 9.9955E-05 0.0240076 0.00753266 0.000531838 0.000285958 9.9955E-05 0.040161 9.9955E-05
0.00434252 9.9919E-05 0.0376311 0.882748 0.0428006 0.0287125 9.9919E-05 9.9919E-05 9.9919E-05 0.00286558 9.9919E-05 9.9919E-05 9.9919E-05 9.9919E-05 9.9919E-05
0.00488571 0.0102273 0.0380934 0.668903 9.9955E-05 9.9955E-05 0.0257413 9.9955E-05 0.0109226 0.0247597 0.000206524 9.9955E-05 0.194849 9.9955E-05 0.0209115
0.0280118 9.99011E-05 9.99011E-05 0.9275 9.99011E-05 9.99011E-05 9.99011E-05 9.99011E-05 0.00853073 9.99011E-05 9.99011E-05 9.99011E-05 0.0348587 9.99011E-05 9.99011E-05
9.991E-05 9.991E-05 0.175334 0.371034 9.991E-05 0.0525316 9.991E-05 0.1171 9.991E-05 9.991E-05 9.991E-05 9.991E-05 0.283002 9.991E-05 9.991E-05
