0.0340462 9.9928E-05 0.0260687 0.00139062 0.0128041 9.9928E-05 9.9928E-05 9.9928E-05 9.9928E-05 0.0312281 0.00193239 9.9928E-05 9.9928E-05 9.9928E-05 0.89173
9.9937E-05 9.9937E-05 0.0327856 9.9937E-05 9.9937E-05 0.0238578 0.0309791 0.0197036 9.9937E-05 0.0594743 0.000794377 0.139238 9.9937E-05 9.9937E-05 0.692467
0.0584511 9.9928E-05 9.9928E-05 9.9928E-05 9.9928E-05 9.9928E-05 9.9928E-05 9.9928E-05 0.0581082 0.058022 0.0143788 9.9928E-05 0.00169028 0.0585348 0.750015
0.0523388 0.00110554 9.9928E-05 9.9928E-05 9.9928E-05 9.9928E-05 9.9928E-05 9.9928E-05 0.0110861 0.0489267 9.9928E-05 0.0892164 9.9928E-05 0.0546869 0.74184
9.9937E-05 9.9937E-05 0.0619092 0.00503152 9.9937E-05 9.9937E-05 0.0158668 0.0144858 9.9937E-05 0.0279954 9.9937E-05 0.0298118 9.9937E-05 0.0804431 0.763757
0.031906 0.0286068 9.9937E-05 9.9937E-05 0.0362576 9.9937E-05 0.00961649 9.9937E-05 9.9937E-05 9.9937E-05 9.9937E-05 0.00493864 0.00523422 0.0143465 0.868394
9.9928E-05 9.9928E-05 9.9928E-05 0.00305968 0.0754917 9.9928E-05 0.00792683 0.00494703 9.9928E-05 9.9928E-05 0.000507972 9.9928E-05 9.9928E-05 0.0246434 0.882624
0.0384515 0.0139934 9.9937E-05 0.00852474 9.9937E-05 0.035723 0.0218337 9.9937E-05 9.9937E-05 9.9937E-05 9.9937E-05 9.9937E-05 0.0986839 0.0208944 0.761196
0.00849187 9.9937E-05 9.9937E-05 9.9937E-05 0.0243124 9.9937E-05 0.00411573 9.9937E-05 0.0709912 0.0359222 9.9937E-05 9.9937E-05 0.0588473 0.0546675 0.741952
0.0620136 0.0174386 9.9928E-05 0.0106943 9.9928E-05 9.9928E-05 9.9928E-05 9.9928E-05 0.0981073 9.9928E-05 9.9928E-05 0.0225427 0.0322018 9.9928E-05 0.756202
0.0879114 0.000530658 9.9955E-05 0.00540713 0.0198748 0.0746057 0.00529013 9.9955E-05 9.9955E-05 0.0170217 0.0135796 0.0718554 9.9955E-05 9.9955E-05 0.703424
0.11824 0.00930393 9.9919E-05 9.9919E-05 0.0552662 9.9919E-05 9.9919E-05 9.9919E-05 0.0176794 0.082673 9.9919E-05 9.9919E-05 9.9919E-05 9.9919E-05 0.715938
0.0707018 9.99191E-05 9.99191E-05 9.99191E-05 9.99191E-05 9.99191E-05 0.0258367 0.0521587 9.99191E-05 9.99191E-05 9.99191E-05 9.99191E-05 0.0121776 0.0791839 0.759042
9.9964E-05 0.00501063 0.0505804 9.9964E-05 0.0632488 0.0367126 0.00568921 9.9964E-05 9.9964E-05 0.0119824 0.0397655 0.0777782 0.027639 0.0202769 0.660917
0.00642956 9.9928E-05 9.9928E-05 9.9928E-05 9.9928E-05 9.9928E-05 9.9928E-05 0.0213121 0.080448 0.0296294 9.9928E-05 0.0612044 9.9928E-05 0.0449309 0.755246
9.991E-05 9.991E-05 9.991E-05 9.991E-05 9.991E-05 9.991E-05 0.0100264 0.013854 9.991E-05 9.991E-05 9.991E-05 0.0849947 0.0505181 9.991E-05 0.839608
9.99011E-05 0.0418589 9.99011E-05 0.0285007 9.99011E-05 9.99011E-05 9.99011E-05 0.0293118 9.99011E-05 9.99011E-05 9.99011E-05 9.99011E-05 9.99011E-05 9.99011E-05 0.89923
9.991E-05 0.00518339 0.0413495 9.991E-05 9.991E-05 9.991E-05 9.991E-05 0.0433231 9.991E-05 9.991E-05 0.000848555 9.991E-05 9.991E-05 9.991E-05 0.908296
9.99101E-05 9.99101E-05 0.0171302 9.99101E-05 9.99101E-05 9.99101E-05 9.99101E-05 0.0751141 9.99101E-05 0.00528678 0.0100276 9.99101E-05 9.99101E-05 9.99101E-05 0.891442
9.991E-05 0.0220638 9.991E-05 0.021935 9.991E-05 0.022265 9.991E-05 9.991E-05 0.0932496 9.991E-05 9.991E-05 9.991E-05 9.991E-05 9.991E-05 0.839488
9.98739E-05 9.98739E-05 9.98739E-05 9.98739E-05 9.98739E-05 9.98739E-05 9.98739E-05 9.98739E-05 9.98739E-05 9.98739E-05 0.998602 9.98739E-05 9.98739E-05 9.98739E-05 9.98739E-05
0.126381 9.991E-05 9.991E-05 9.991E-05 0.136787 9.991E-05 0.0261388 9.991E-05 0.700912 0.00878273 9.991E-05 9.991E-05 9.991E-05 9.991E-05 9.991E-05
0.181265 9.9919E-05 9.9919E-05 0.00718691 9.9919E-05 9.9919E-05 9.9919E-05 0.0603816 0.646058 9.9919E-05 0.027966 0.0762435 9.9919E-05 9.9919E-05 9.9919E-05
9.9919E-05 0.0108864 0.11546 0.0111046 9.9919E-05 9.9919E-05 9.9919E-05 0.0134895 0.833995 9.9919E-05 0.0141653 9.9919E-05 9.9919E-05 9.9919E-05 9.9919E-05
9.98921E-05 9.98921E-05 9.98921E-05 9.98921E-05 0.0071223 9.98921E-05 9.98921E-05 9.98921E-05 0.97718 9.98921E-05 0.0144989 9.98921E-05 9.98921E-05 9.98921E-05 9.98921E-05
9.9892E-05 0.00923623 9.9892E-05 9.9892E-05 9.9892E-05 9.9892E-05 9.9892E-05 9.9892E-05 0.988993 9.9892E-05 9.9892E-05 9.9892E-05 9.9892E-05 9.9892E-05 0.000571891
0.000358448 9.9928E-05 0.0785092 9.9928E-05 9.9928E-05 9.9928E-05 9.9928E-05 0.0478071 0.748153 9.9928E-05 0.0290629 9.9928E-05 0.0335077 0.0618024 9.9928E-05
9.98739E-05 9.98739E-05 9.98739E-05 9.98739E-05 9.98739E-05 9.98739E-05 9.98739E-05 9.98739E-05 9.98739E-05 9.98739E-05 0.998602 9.98739E-05 9.98739E-05 9.98739E-05 9.98739E-05
9.9919E-05 9.9919E-05 9.9919E-05 0.00378886 9.9919E-05 0.0513667 9.9919E-05 9.9919E-05 0.756042 9.9919E-05 0.014487 9.9919E-05 0.153206 0.0202097 9.9919E-05
0.0431154 9.9919E-05 9.9919E-05 0.00312217 9.9919E-05 9.9919E-05 0.0302922 0.0566968 0.689527 9.9919E-05 9.9919E-05 0.176347 9.9919E-05 9.9919E-05 9.9919E-05
0.0364866 0.00901479 9.9937E-05 9.9937E-05 0.04485 9.9937E-05 9.9937E-05 9.9937E-05 0.725161 0.0169915 0.028414 9.9937E-05 0.060242 0.0781407 9.9937E-05
9.9928E-05 0.00196217 0.138583 9.9928E-05 9.9928E-05 9.9928E-05 0.00675142 0.0315311 0.699408 9.9928E-05 0.0470203 9.9928E-05 0.0739444 9.9928E-05 9.9928E-05
9.9946E-05 0.0125126 0.0658471 9.9946E-05 9.9946E-05 9.9946E-05 0.0217496 9.9946E-05 0.651971 9.9946E-05 0.0531109 0.0553465 0.0500953 0.0447636 0.0440038
9.99279E-05 9.99279E-05 9.99279E-05 0.00647578 0.135509 0.0337301 0.0400211 9.99279E-05 0.67044 0.0687509 0.0442739 9.99279E-05 9.99279E-05 9.99279E-05 9.99279E-05
9.99459E-05 0.000368958 0.0999763 0.0419767 9.99459E-05 0.0510114 0.00790921 9.99459E-05 0.66941 0.0243079 9.99459E-05 0.0979721 9.99459E-05 0.00646796 9.99459E-05
0.0566963 9.99459E-05 9.99459E-05 9.99459E-05 0.0859109 9.99459E-05 0.0119089 9.99459E-05 0.437612 0.159283 0.0158537 0.175459 9.99459E-05 0.000767631 0.0559088
9.9937E-05 0.00527482 0.123158 0.00651082 9.9937E-05 9.9937E-05 9.9937E-05 0.0394371 0.720883 0.0447778 9.9937E-05 0.0559642 0.00329453 9.9937E-05 9.9937E-05
0.12935 9.991E-05 0.535808 9.991E-05 0.133811 9.991E-05 9.991E-05 0.17867 9.991E-05 9.991E-05 0.0213619 9.991E-05 9.991E-05 9.991E-05 9.991E-05
0.109195 9.9946E-05 0.618348 0.000183497 0.00193213 0.0693462 0.011802 0.0473089 9.9946E-05 9.9946E-05 9.9946E-05 0.0372673 9.9946E-05 0.104018 9.9946E-05
0.0939927 9.9946E-05 0.650871 9.9946E-05 9.9946E-05 0.0351735 0.0231979 0.0355924 0.0250389 9.9946E-05 9.9946E-05 9.9946E-05 0.0829725 0.0520979 0.0004635
9.9901E-05 9.9901E-05 0.821906 9.9901E-05 0.0849616 0.0509047 9.9901E-05 9.9901E-05 0.0411288 9.9901E-05 9.9901E-05 9.9901E-05 9.9901E-05 9.9901E-05 9.9901E-05
0.158471 0.00443337 0.655935 0.00621246 9.9946E-05 9.9946E-05 0.0324364 0.0508311 9.9946E-05 0.0557599 0.03028 9.9946E-05 0.00504124 9.9946E-05 9.9946E-05
9.9946E-05 9.9946E-05 0.774832 0.00119334 9.9946E-05 0.0183534 0.00847234 9.9946E-05 9.9946E-05 0.0449783 0.0152637 0.0117071 0.0506976 0.0739026 9.9946E-05
0.0912586 9.9946E-05 0.576682 0.00163298 9.9946E-05 9.9946E-05 0.0166931 0.0636486 9.9946E-05 0.0231562 0.0145459 0.179999 9.9946E-05 9.9946E-05 0.0317845
0.0904521 0.0175794 0.664567 0.0156831 9.9964E-05 0.0675456 0.00713908 0.00539692 0.0206794 0.0379453 0.00896398 9.9964E-05 0.0636487 9.9964E-05 9.9964E-05
0.0278337 9.9946E-05 0.661171 0.00203221 0.0192323 9.9946E-05 9.9946E-05 0.0876218 0.00470246 9.9946E-05 9.9946E-05 9.9946E-05 0.108537 0.0745863 0.0136837
9.9919E-05 0.0219859 0.80851 0.00262203 9.9919E-05 0.0218941 0.0057481 9.9919E-05 9.9919E-05 9.9919E-05 9.9919E-05 0.138341 9.9919E-05 9.9919E-05 9.9919E-05
0.170711 9.9919E-05 0.71916 9.9919E-05 0.0461681 9.9919E-05 0.000215609 9.9919E-05 9.9919E-05 0.0609908 9.9919E-05 9.9919E-05 9.9919E-05 9.9919E-05 0.00185525
9.9919E-05 0.0111424 0.91262 9.9919E-05 9.9919E-05 9.9919E-05 9.9919E-05 0.0156932 9.9919E-05 9.9919E-05 0.0470982 9.9919E-05 0.00942221 9.9919E-05 0.00312469
0.258845 9.9937E-05 0.527963 9.9937E-05 0.0322979 9.9937E-05 0.0223304 0.0404997 9.9937E-05 0.0250629 0.0105414 0.0817598 9.9937E-05 9.9937E-05 9.9937E-05
0.163868 0.0350716 0.704742 9.9928E-05 9.9928E-05 9.9928E-05 9.9928E-05 0.00127664 9.9928E-05 9.9928E-05 0.00214434 0.000484821 9.9928E-05 0.0916135 9.9928E-05
9.9919E-05 0.0017602 0.805593 9.9919E-05 9.9919E-05 9.9919E-05 0.0132146 9.9919E-05 9.9919E-05 0.0583441 0.00143396 9.9919E-05 0.118755 9.9919E-05 9.9919E-05
0.0860674 9.99189E-05 0.727041 0.0539911 0.00562213 9.99189E-05 0.0518457 9.99189E-05 9.99189E-05 9.99189E-05 9.99189E-05 9.99189E-05 9.99189E-05 0.0745336 9.99189E-05
0.0599627 0.0161016 0.69134 9.9946E-05 9.9946E-05 0.020799 9.9946E-05 0.0292006 0.0437493 0.0512912 9.9946E-05 0.0121374 9.9946E-05 9.9946E-05 0.0748183
9.994E-05 0.0108094 0.737248 0.00798669 9.994E-05 0.0580525 0.00898695 0.00737653 9.994E-05 9.994E-05 0.00370159 0.157956 9.994E-05 9.994E-05 0.00728287
0.206278 0.00528265 0.495834 9.9946E-05 9.9946E-05 0.107448 0.000815445 0.0311508 9.9946E-05 0.0253514 0.00599603 9.9946E-05 0.121245 9.9946E-05 9.9946E-05
9.9946E-05 9.9946E-05 0.712428 0.0180136 9.9946E-05 0.0300197 9.9946E-05 9.9946E-05 0.00962828 9.9946E-05 0.0100462 0.0422739 0.0649626 0.0566931 0.0553351
0.0145497 9.9946E-05 0.121292 9.9946E-05 0.0602299 0.540455 9.9946E-05 0.111796 0.0262831 0.0470968 9.9946E-05 0.0737178 9.9946E-05 9.9946E-05 0.00397969
9.98737E-05 9.98737E-05 9.98737E-05 9.98737E-05 9.98737E-05 9.98737E-05 9.98737E-05 9.98737E-05 9.98737E-05 0.998602 9.98737E-05 9.98737E-05 9.98737E-05 9.98737E-05 9.98737E-05
0.0967744 9.9946E-05 9.9946E-05 0.0453915 9.9946E-05 0.586655 0.0490075 0.116011 0.0351819 0.0297449 9.9946E-05 0.0363509 9.9946E-05 9.9946E-05 0.00428276
9.9955E-05 0.00410553 0.114481 0.0364828 0.0629117 0.510965 0.0301226 0.0413857 9.9955E-05 0.110829 9.9955E-05 9.9955E-05 9.9955E-05 0.0803695 0.00784805
9.993E-05 0.0213674 9.993E-05 9.993E-05 0.027628 0.579677 0.00690394 0.038311 9.993E-05 0.119538 9.993E-05 9.993E-05 0.0457423 0.160133 9.993E-05
9.9946E-05 0.0300825 0.084182 0.016162 0.0364384 0.664197 0.0135578 0.0798832 9.9946E-05 9.9946E-05 0.0225367 9.9946E-05 0.052361 9.9946E-05 9.9946E-05
9.98739E-05 9.98739E-05 9.98739E-05 9.98739E-05 9.98739E-05 9.98739E-05 0.998602 9.98739E-05 9.98739E-05 9.98739E-05 9.98739E-05 9.98739E-05 9.98739E-05 9.98739E-05 9.98739E-05
9.98736E-05 9.98736E-05 9.98736E-05 9.98736E-05 9.98736E-05 9.98736E-05 9.98736E-05 9.98736E-05 9.98736E-05 0.998602 9.98736E-05 9.98736E-05 9.98736E-05 9.98736E-05 9.98736E-05
0.127675 0.0401707 9.9955E-05 0.0100664 9.9955E-05 0.585106 0.017965 9.9955E-05 9.9955E-05 0.057094 0.00466963 0.0283822 0.0316968 9.9955E-05 0.0966745
9.995E-05 0.0280126 9.995E-05 0.0228889 0.142144 0.393269 0.0353531 0.21884 0.101388 9.995E-05 0.0281736 9.995E-05 9.995E-05 0.0228985 0.0065335
9.9955E-05 0.0254255 0.0274548 0.0422824 9.9955E-05 0.40702 0.0544269 0.165614 9.9955E-05 0.0899631 0.000758024 0.0846686 9.9955E-05 0.101888 9.9955E-05
9.9955E-05 0.034005 0.0285642 0.0294567 0.0186119 0.568945 0.0359864 0.0782022 0.081653 0.100478 0.0235978 9.9955E-05 9.9955E-05 9.9955E-05 9.9955E-05
9.9955E-05 0.0399801 9.9955E-05 0.042412 0.0758049 0.417873 0.0385822 0.0828518 0.0836756 0.18719 0.00976923 9.9955E-05 9.9955E-05 9.9955E-05 0.0213611
9.9937E-05 0.0321362 0.0156703 0.0144922 9.9937E-05 0.637996 0.0479238 0.143553 9.9937E-05 0.0181126 9.9937E-05 9.9937E-05 0.089416 9.9937E-05 9.9937E-05
9.9955E-05 0.0164496 0.0550876 0.00580238 0.0518248 0.540414 0.0453016 0.0619015 9.9955E-05 0.0480579 0.000660194 9.9955E-05 9.9955E-05 0.174001 9.9955E-05
9.9928E-05 9.9928E-05 9.9928E-05 9.9928E-05 9.9928E-05 0.57462 0.0316371 0.130178 0.0201453 0.108915 0.0192789 9.9928E-05 0.114426 9.9928E-05 9.9928E-05
0.0923471 0.0144994 9.9919E-05 9.9919E-05 0.00503421 0.21951 9.9919E-05 9.9919E-05 9.9919E-05 0.201046 9.9919E-05 9.9919E-05 9.9919E-05 0.466664 9.9919E-05
9.994E-05 0.0338231 0.274387 0.00163157 9.994E-05 0.248572 0.00523061 0.0903953 9.994E-05 0.0333165 0.0493898 9.994E-05 9.994E-05 0.262654 9.994E-05
9.9955E-05 0.0126145 0.245158 0.0109631 0.102316 0.420279 0.0107 0.126347 9.9955E-05 0.0217307 9.9955E-05 9.9955E-05 9.9955E-05 0.00643498 0.0429573
9.991E-05 0.0103638 0.48718 9.991E-05 9.991E-05 0.305252 9.991E-05 9.991E-05 9.991E-05 0.130713 9.991E-05 9.991E-05 9.991E-05 9.991E-05 0.0654916
9.98739E-05 9.98739E-05 9.98739E-05 9.98739E-05 9.98739E-05 9.98739E-05 0.998602 9.98739E-05 9.98739E-05 9.98739E-05 9.98739E-05 9.98739E-05 9.98739E-05 9.98739E-05 9.98739E-05
0.0344765 0.0607646 0.146931 0.0707509 9.9973E-05 0.408118 0.0230368 9.9973E-05 9.9973E-05 0.0640825 0.0413012 0.119404 0.0041712 0.0111192 0.0155444
0.00720488 0.0395981 0.109789 0.0265682 9.9946E-05 0.451469 0.0736129 0.133675 9.9946E-05 0.123495 9.9946E-05 9.9946E-05 0.033988 9.9946E-05 9.9946E-05
9.98738E-05 9.98738E-05 9.98738E-05 9.98738E-05 9.98738E-05 9.98738E-05 9.98738E-05 0.998602 9.98738E-05 9.98738E-05 9.98738E-05 9.98738E-05 9.98738E-05 9.98738E-05 9.98738E-05
9.9946E-05 9.9946E-05 9.9946E-05 0.0336684 0.160311 0.558862 0.0294069 0.143169 9.9946E-05 0.0267241 0.00348288 9.9946E-05 9.9946E-05 0.0278716 0.0159048
9.9937E-05 9.9937E-05 0.095633 0.0325241 9.9937E-05 0.590976 0.050726 0.0837305 9.9937E-05 0.0675002 9.9937E-05 9.9937E-05 0.00706197 9.9937E-05 0.071149
9.9964E-05 0.0159095 0.260759 0.0489528 0.171153 0.281101 9.9964E-05 0.0354174 0.0182947 0.0379257 0.00708303 9.9964E-05 0.0928597 9.9964E-05 0.0301438
9.9919E-05 0.0243408 0.19406 9.9919E-05 0.0870472 9.9919E-05 0.0187755 9.9919E-05 9.9919E-05 0.0579242 9.9919E-05 0.616953 9.9919E-05 9.9919E-05 9.9919E-05
9.993E-05 0.0128382 0.0574183 9.993E-05 9.993E-05 0.353497 9.993E-05 0.0829333 0.0133079 0.117004 9.993E-05 9.993E-05 0.303036 0.0592647 9.993E-05
9.98829E-05 9.98829E-05 9.98829E-05 9.98829E-05 9.98829E-05 9.98829E-05 0.00764047 0.991061 9.98829E-05 9.98829E-05 9.98829E-05 9.98829E-05 9.98829E-05 9.98829E-05 9.98829E-05
9.98739E-05 9.98739E-05 9.98739E-05 9.98739E-05 9.98739E-05 9.98739E-05 9.98739E-05 0.998602 9.98739E-05 9.98739E-05 9.98739E-05 9.98739E-05 9.98739E-05 9.98739E-05 9.98739E-05
9.9946E-05 9.9946E-05 0.0274842 0.0405374 9.9946E-05 0.560752 0.000569814 0.102835 9.9946E-05 0.0412006 0.00564257 9.9946E-05 0.184837 0.0355408 9.9946E-05
9.99009E-05 9.99009E-05 9.99009E-05 0.171547 9.99009E-05 9.99009E-05 9.99009E-05 9.99009E-05 0.0202975 0.73993 9.99009E-05 9.99009E-05 9.99009E-05 0.0671264 9.99009E-05
0.0181018 0.0261158 0.12492 0.00835164 9.9964E-05 0.63186 0.0843197 9.9964E-05 9.9964E-05 0.0288927 0.0169215 0.00172673 0.0561919 9.9964E-05 0.00219821
9.99112E-05 9.99112E-05 0.159431 9.99112E-05 0.0385855 0.710044 0.0573181 0.0336221 9.99112E-05 9.99112E-05 9.99112E-05 9.99112E-05 9.99112E-05 9.99112E-05 9.99112E-05
0.109268 0.027947 9.9946E-05 9.9946E-05 9.9946E-05 0.44127 9.9946E-05 0.00791452 0.00654955 0.0778682 0.0106191 0.24997 9.9946E-05 9.9946E-05 0.0679939
0.276995 0.0291476 9.9946E-05 9.9946E-05 9.9946E-05 0.473752 0.0226482 9.9946E-05 0.0658234 0.0544276 0.000135766 0.0582492 9.9946E-05 9.9946E-05 0.0182214
0.188357 0.0118162 9.9928E-05 9.9928E-05 0.078468 0.629327 0.0350962 9.9928E-05 0.0211818 9.9928E-05 9.9928E-05 9.9928E-05 0.0349538 9.9928E-05 9.9928E-05
0.010729 9.9973E-05 9.9973E-05 0.011088 0.0664514 0.316273 0.0408029 0.141098 0.000441 0.211696 0.0194803 0.0845829 9.9973E-05 0.0254928 0.0715642
0.202946 0.0617412 9.9964E-05 0.0252622 0.0860567 0.192772 0.0419416 0.05456 9.9964E-05 0.130192 9.9964E-05 0.0099488 9.9964E-05 0.189284 0.0048951
9.9946E-05 0.0390499 0.122873 0.00351248 9.9946E-05 0.570885 0.0147857 0.0884118 9.9946E-05 0.0794876 9.9946E-05 9.9946E-05 0.0308457 9.9946E-05 0.0495494
9.9946E-05 0.0584475 0.0374243 9.9946E-05 0.0114243 0.411259 0.0172068 0.230626 0.0725168 0.0426659 9.9946E-05 9.9946E-05 9.9946E-05 0.11783 9.9946E-05
0.1501 0.0727965 9.9955E-05 0.0158274 9.9955E-05 0.527222 0.0192655 0.00942791 9.9955E-05 0.164857 9.9955E-05 9.9955E-05 0.0305289 0.00131597 0.00815879
0.0659291 9.9928E-05 9.9928E-05 0.0184724 9.9928E-05 0.663502 0.00392947 0.0329984 9.9928E-05 9.9928E-05 0.026292 0.188077 9.9928E-05 9.9928E-05 9.9928E-05
9.996E-05 0.0140893 9.996E-05 0.0876264 0.00104801 0.29444 0.085748 0.145833 9.996E-05 0.199475 0.0240182 0.019708 0.107416 0.0201985 9.996E-05
9.9919E-05 0.000862152 9.9919E-05 9.9919E-05 9.9919E-05 0.811196 0.018135 9.9919E-05 9.9919E-05 9.9919E-05 0.00415947 0.152632 9.9919E-05 0.0121163 9.9919E-05
9.98738E-05 9.98738E-05 9.98738E-05 0.998602 9.98738E-05 9.98738E-05 9.98738E-05 9.98738E-05 9.98738E-05 9.98738E-05 9.98738E-05 9.98738E-05 9.98738E-05 9.98738E-05 9.98738E-05
9.9955E-05 0.0481768 0.0669851 0.0273292 9.9955E-05 0.363686 9.9955E-05 0.0443088 9.9955E-05 0.119331 0.0306084 0.143317 9.9955E-05 0.125018 0.0307399
0.0778401 9.9928E-05 9.9928E-05 0.00473527 9.9928E-05 0.758823 0.0542621 0.0272373 9.9928E-05 9.9928E-05 0.0175217 9.9928E-05 0.0587816 9.9928E-05 9.9928E-05
0.0796661 9.9955E-05 9.9955E-05 0.0408203 0.0310926 0.543854 0.0476789 0.0756863 9.9955E-05 0.0708592 0.0162793 0.0705543 9.9955E-05 9.9955E-05 0.0230097
0.00157525 0.0157192 0.0962355 0.00486963 9.99459E-05 0.655239 0.00980131 0.0361882 9.99459E-05 0.0114837 9.99459E-05 0.168288 9.99459E-05 9.99459E-05 9.99459E-05
0.0297276 0.0429682 9.9937E-05 9.9937E-05 0.0669175 0.565717 0.0214324 0.0574951 9.9937E-05 0.0343128 9.9937E-05 9.9937E-05 9.9937E-05 0.18073 9.9937E-05
0.0888247 0.0192566 9.9964E-05 0.00935156 9.9964E-05 0.539541 0.0102072 0.111573 0.0263558 9.9964E-05 0.0176255 0.0180922 9.9964E-05 0.140672 0.0181005
9.98739E-05 0.998602 9.98739E-05 9.98739E-05 9.98739E-05 9.98739E-05 9.98739E-05 9.98739E-05 9.98739E-05 9.98739E-05 9.98739E-05 9.98739E-05 9.98739E-05 9.98739E-05 9.98739E-05
9.98738E-05 9.98738E-05 9.98738E-05 0.998602 9.98738E-05 9.98738E-05 9.98738E-05 9.98738E-05 9.98738E-05 9.98738E-05 9.98738E-05 9.98738E-05 9.98738E-05 9.98738E-05 9.98738E-05
9.98739E-05 0.998602 9.98739E-05 9.98739E-05 9.98739E-05 9.98739E-05 9.98739E-05 9.98739E-05 9.98739E-05 9.98739E-05 9.98739E-05 9.98739E-05 9.98739E-05 9.98739E-05 9.98739E-05
0.0763995 0.0167653 9.9955E-05 9.9955E-05 0.0157719 0.546416 0.0384281 0.0118244 9.9955E-05 0.219101 0.0243268 0.0429196 0.00754793 9.9955E-05 9.9955E-05
0.0385034 0.0511331 9.9955E-05 0.00346784 0.0462782 0.403229 0.0422719 9.9955E-05 0.00773268 0.215799 0.0374151 0.153669 9.9955E-05 9.9955E-05 9.9955E-05
0.0122936 0.00383267 9.9973E-05 0.036926 0.114843 0.543043 0.00797694 0.0566884 9.9973E-05 0.105807 0.0175838 0.0259321 9.9973E-05 0.0416311 0.0331421
9.995E-05 0.0477618 0.0456814 0.0214355 0.0130411 0.760702 0.000768047 0.0360316 9.995E-05 0.0303032 0.0291999 9.995E-05 9.995E-05 9.995E-05 0.0145756
9.9937E-05 0.0147541 0.176518 0.0280668 0.0570426 0.651197 0.024723 0.0351744 9.9937E-05 9.9937E-05 0.0118248 9.9937E-05 9.9937E-05 9.9937E-05 9.9937E-05
0.110121 9.99009E-05 9.99009E-05 0.115338 0.0031795 9.99009E-05 9.99009E-05 9.99009E-05 9.99009E-05 0.770263 9.99009E-05 9.99009E-05 9.99009E-05 9.99009E-05 9.99009E-05
0.00226915 0.019356 0.105706 0.0591229 0.0946128 0.554586 9.9964E-05 0.0345579 0.00702034 0.0327085 9.9964E-05 0.0429611 9.9964E-05 9.9964E-05 0.0466994
9.9928E-05 9.9928E-05 9.9928E-05 9.9928E-05 9.9928E-05 0.0599096 9.9928E-05 0.0445339 9.9928E-05 0.0693743 0.0167158 0.0148616 0.0498167 0.743989 9.9928E-05
9.9919E-05 0.00175139 9.9919E-05 0.00727268 9.9919E-05 9.9919E-05 0.0115891 0.0741477 9.9919E-05 9.9919E-05 9.9919E-05 0.0585259 9.9919E-05 0.845814 9.9919E-05
0.00444028 0.016446 9.9928E-05 0.0208211 9.9928E-05 9.9928E-05 0.00733759 0.0348563 9.9928E-05 9.9928E-05 0.0403477 9.9928E-05 9.9928E-05 0.874952 9.9928E-05
9.991E-05 9.991E-05 9.991E-05 9.991E-05 0.0612034 9.991E-05 9.991E-05 9.991E-05 9.991E-05 0.0550351 0.00689889 9.991E-05 9.991E-05 0.872567 0.0032968
9.9946E-05 0.0359834 0.00790148 0.0227335 9.9946E-05 0.0455347 0.000979547 9.9946E-05 0.044428 0.0342457 9.9946E-05 9.9946E-05 0.0259803 0.781614 9.9946E-05
9.9901E-05 9.9901E-05 9.9901E-05 9.9901E-05 9.9901E-05 9.9901E-05 9.9901E-05 9.9901E-05 0.0655817 0.0349509 9.9901E-05 0.0618865 9.9901E-05 0.836482 9.9901E-05
9.9901E-05 9.9901E-05 9.9901E-05 0.00236041 9.9901E-05 9.9901E-05 9.9901E-05 9.9901E-05 9.9901E-05 9.9901E-05 9.9901E-05 9.9901E-05 0.0494519 0.935785 0.0113036
0.0451239 9.9928E-05 9.9928E-05 0.0165336 9.9928E-05 9.9928E-05 9.9928E-05 0.0568157 0.0359408 9.9928E-05 9.9928E-05 0.00691 9.9928E-05 0.79912 0.0387571
0.0209544 9.9919E-05 0.0611167 9.9919E-05 0.000903098 9.9919E-05 9.9919E-05 9.9919E-05 9.9919E-05 9.9919E-05 0.00281101 9.9919E-05 0.0731587 0.840157 9.9919E-05
0.010986 9.9937E-05 0.0335194 0.00812364 9.9937E-05 9.9937E-05 0.00239724 0.0388597 9.9937E-05 0.0452699 0.0299776 9.9937E-05 9.9937E-05 0.830167 9.9937E-05
9.9919E-05 0.00163045 0.0417424 0.00558388 9.9919E-05 9.9919E-05 9.9919E-05 9.9919E-05 0.126129 0.0448682 9.9919E-05 9.9919E-05 9.9919E-05 0.779147 9.9919E-05
9.9901E-05 0.0328329 9.9901E-05 9.9901E-05 9.9901E-05 9.9901E-05 0.016473 9.9901E-05 0.0385389 9.9901E-05 9.9901E-05 9.9901E-05 0.911056 9.9901E-05 9.9901E-05
9.9946E-05 9.9946E-05 9.9946E-05 0.0222876 0.00707862 9.9946E-05 0.0117749 0.0196157 9.9946E-05 9.9946E-05 0.0205562 0.299799 0.541524 0.0724199 0.00434435
9.9946E-05 0.0387664 0.0263029 9.9946E-05 0.043935 9.9946E-05 9.9946E-05 0.0676658 0.0502699 9.9946E-05 0.013341 0.193326 0.56523 9.9946E-05 0.00056374
9.99201E-05 0.015218 0.0622191 9.99201E-05 0.0279237 9.99201E-05 9.99201E-05 0.0599527 9.99201E-05 9.99201E-05 0.00630994 9.99201E-05 0.804871 9.99201E-05 0.0227059
9.991E-05 9.991E-05 0.0828443 9.991E-05 0.530382 9.991E-05 0.044708 9.991E-05 9.991E-05 9.991E-05 0.0406285 9.991E-05 0.300438 9.991E-05 9.991E-05
9.9919E-05 9.9919E-05 9.9919E-05 9.9919E-05 0.328845 0.087043 0.0099843 9.9919E-05 9.9919E-05 9.9919E-05 0.0198031 9.9919E-05 0.517769 0.0356568 9.9919E-05
0.0756142 9.9919E-05 9.9919E-05 0.0433223 9.9919E-05 9.9919E-05 0.0025431 9.9919E-05 0.0497254 9.9919E-05 9.9919E-05 0.0514967 0.776399 9.9919E-05 9.9919E-05
9.98831E-05 9.98831E-05 9.98831E-05 9.98831E-05 9.98831E-05 9.98831E-05 9.98831E-05 9.98831E-05 9.98831E-05 9.98831E-05 0.0240522 0.974649 9.98831E-05 9.98831E-05 9.98831E-05
0.117312 0.0694131 9.99639E-05 0.00873048 0.256258 9.99639E-05 0.00239164 0.0694431 9.99639E-05 0.0140725 0.0179568 0.0147748 0.393859 9.99639E-05 0.0353889
9.99101E-05 9.99101E-05 0.128702 0.00948649 9.99101E-05 9.99101E-05 9.99101E-05 0.0274412 9.99101E-05 9.99101E-05 9.99101E-05 9.99101E-05 0.781779 0.0515918 9.99101E-05
0.00674633 9.9937E-05 0.0364758 9.9937E-05 9.9937E-05 9.9937E-05 0.0438111 9.9937E-05 9.9937E-05 9.9937E-05 0.0242587 0.329091 0.527343 0.0283833 0.00319089
9.991E-05 9.991E-05 0.0844244 9.991E-05 0.0463444 9.991E-05 9.991E-05 9.991E-05 9.991E-05 0.038152 9.991E-05 9.991E-05 0.80233 9.991E-05 0.0277501
0.0711617 0.0136454 0.0461643 9.9964E-05 0.199245 9.9964E-05 9.9964E-05 9.9964E-05 0.0195865 0.0137547 0.0384827 0.452368 0.0752678 0.0462984 0.0236261
9.9928E-05 0.000146772 0.0948095 9.9928E-05 0.512649 9.9928E-05 9.9928E-05 9.9928E-05 9.9928E-05 0.0853322 9.9928E-05 0.145731 9.9928E-05 0.156455 0.00407656
9.9901E-05 9.9901E-05 9.9901E-05 9.9901E-05 0.131866 9.9901E-05 9.9901E-05 9.9901E-05 9.9901E-05 0.0741851 9.9901E-05 0.77868 9.9901E-05 9.9901E-05 0.0141706
9.9892E-05 9.9892E-05 9.9892E-05 9.9892E-05 0.924112 9.9892E-05 9.9892E-05 9.9892E-05 9.9892E-05 0.0377072 9.9892E-05 9.9892E-05 9.9892E-05 9.9892E-05 0.0369817
9.9901E-05 0.0114427 9.9901E-05 9.9901E-05 0.60588 9.9901E-05 9.9901E-05 9.9901E-05 9.9901E-05 0.0477357 9.9901E-05 9.9901E-05 0.333843 9.9901E-05 9.9901E-05
9.9892E-05 9.9892E-05 9.9892E-05 9.9892E-05 0.354478 0.0259374 9.9892E-05 9.9892E-05 9.9892E-05 9.9892E-05 9.9892E-05 0.618386 9.9892E-05 9.9892E-05 9.9892E-05
9.9874E-05 9.9874E-05 9.9874E-05 9.9874E-05 0.998602 9.9874E-05 9.9874E-05 9.9874E-05 9.9874E-05 9.9874E-05 9.9874E-05 9.9874E-05 9.9874E-05 9.9874E-05 9.9874E-05
0.00853699 9.99099E-05 9.99099E-05 9.99099E-05 0.911749 9.99099E-05 0.0307934 9.99099E-05 9.99099E-05 9.99099E-05 0.00212426 0.0457969 9.99099E-05 9.99099E-05 9.99099E-05
0.0586625 0.0203839 9.9937E-05 0.00708205 0.816412 9.9937E-05 0.0331725 9.9937E-05 0.0413876 0.0099022 9.9937E-05 9.9937E-05 9.9937E-05 9.9937E-05 0.0122976
9.9919E-05 0.00949511 9.9919E-05 0.0133376 0.908143 9.9919E-05 9.9919E-05 0.0484986 0.00340795 9.9919E-05 9.9919E-05 9.9919E-05 9.9919E-05 0.0162188 9.9919E-05
9.9892E-05 0.0309668 9.9892E-05 9.9892E-05 9.9892E-05 9.9892E-05 9.9892E-05 9.9892E-05 9.9892E-05 9.9892E-05 0.00583908 0.961995 9.9892E-05 9.9892E-05 9.9892E-05
0.0406078 9.9937E-05 9.9937E-05 9.9937E-05 9.9937E-05 0.00268526 0.0139513 0.0345824 0.020464 9.9937E-05 9.9937E-05 0.500769 0.37398 9.9937E-05 0.0122614
9.9919E-05 9.9919E-05 9.9919E-05 0.0150012 9.9919E-05 9.9919E-05 0.015029 9.9919E-05 0.0174189 0.015719 9.9919E-05 0.914662 0.0212709 9.9919E-05 9.9919E-05
0.085754 9.9901E-05 9.9901E-05 9.9901E-05 9.9901E-05 0.185676 9.9901E-05 9.9901E-05 9.9901E-05 9.9901E-05 9.9901E-05 0.00601486 0.721457 9.9901E-05 9.9901E-05
0.126537 0.0332612 9.9946E-05 9.9946E-05 0.162019 9.9946E-05 0.01199 0.0140459 9.9946E-05 0.0275126 0.0346516 0.0130471 0.576335 9.9946E-05 9.9946E-05
0.154106 9.9937E-05 9.9937E-05 0.00181597 9.9937E-05 9.9937E-05 0.00898601 9.9937E-05 9.9937E-05 0.0603429 0.00692062 0.619757 0.135888 9.9937E-05 0.0114842
0.0671364 9.99279E-05 9.99279E-05 9.99279E-05 0.100418 0.0319887 9.99279E-05 0.0308493 9.99279E-05 9.99279E-05 9.99279E-05 0.611788 0.130084 9.99279E-05 0.0269356
9.98921E-05 9.98921E-05 0.0634524 0.00748365 9.98921E-05 9.98921E-05 9.98921E-05 9.98921E-05 9.98921E-05 9.98921E-05 9.98921E-05 0.927865 9.98921E-05 9.98921E-05 9.98921E-05
0.0482704 0.0239579 0.00197454 0.0230563 9.9919E-05 9.9919E-05 9.9919E-05 9.9919E-05 9.9919E-05 0.00544117 9.9919E-05 9.9919E-05 0.8964 9.9919E-05 9.9919E-05
9.9946E-05 9.9946E-05 0.0512337 0.00982331 9.9946E-05 0.0437562 0.00388969 9.9946E-05 0.0242834 0.0153346 9.9946E-05 0.357748 0.450878 9.9946E-05 0.0424533
9.9928E-05 9.9928E-05 0.0449667 9.9928E-05 9.9928E-05 9.9928E-05 0.00460782 0.0895475 0.0412294 9.9928E-05 0.00491621 0.373158 0.440775 9.9928E-05 9.9928E-05
9.9919E-05 0.0270441 9.9919E-05 9.9919E-05 0.00212649 9.9919E-05 9.9919E-05 0.0116256 0.0577466 9.9919E-05 9.9919E-05 0.681017 0.219541 9.9919E-05 9.9919E-05
9.991E-05 0.0253594 9.991E-05 9.991E-05 9.991E-05 9.991E-05 0.00968765 9.991E-05 9.991E-05 0.0185161 0.0245507 9.991E-05 0.920887 9.991E-05 9.991E-05
0.897574 9.9892E-05 9.9892E-05 9.9892E-05 0.0589628 9.9892E-05 9.9892E-05 9.9892E-05 9.9892E-05 0.0422643 9.9892E-05 9.9892E-05 9.9892E-05 9.9892E-05 9.9892E-05
0.887173 9.991E-05 9.991E-05 0.0343743 9.991E-05 9.991E-05 0.00509283 9.991E-05 0.0542839 9.991E-05 9.991E-05 9.991E-05 0.0180764 9.991E-05 9.991E-05
0.938179 0.00830758 9.991E-05 9.991E-05 9.991E-05 9.991E-05 0.0131216 9.991E-05 9.991E-05 0.0166212 9.991E-05 9.991E-05 9.991E-05 9.991E-05 0.0227714
0.801842 0.0079953 9.991E-05 9.991E-05 9.991E-05 9.991E-05 9.991E-05 9.991E-05 9.991E-05 0.0324264 9.991E-05 0.129412 9.991E-05 9.991E-05 0.0273257
0.806841 0.0187929 9.9917E-05 9.9917E-05 9.9917E-05 9.9917E-05 9.9917E-05 0.0824821 9.9917E-05 9.9917E-05 9.9917E-05 0.0657198 9.9917E-05 9.9917E-05 0.0251655
0.651366 0.0128995 0.226784 0.00884557 9.9946E-05 9.9946E-05 0.0181674 9.9946E-05 0.0243672 0.00750342 0.0175262 9.9946E-05 0.0319405 9.9946E-05 9.9946E-05
0.968019 9.9883E-05 0.0306826 9.9883E-05 9.9883E-05 9.9883E-05 9.9883E-05 9.9883E-05 9.9883E-05 9.9883E-05 9.9883E-05 9.9883E-05 9.9883E-05 9.9883E-05 9.9883E-05
0.703058 9.9928E-05 0.101544 9.9928E-05 9.9928E-05 0.0306167 9.9928E-05 9.9928E-05 0.121843 9.9928E-05 9.9928E-05 9.9928E-05 0.0149564 0.00513252 0.0220489
