9.997E-05 9.997E-05 0.9996 9.997E-05 9.997E-05
9.9982E-05 9.9982E-05 0.808695 0.0951715 0.0959333
0.0269915 0.109024 0.848667 9.9991E-05 0.0152174
9.9982E-05 0.0428099 0.837096 9.9982E-05 0.119894
0.0156007 0.0377832 0.85506 0.0257774 0.0657783
0.0342513 9.9982E-05 0.905131 9.9982E-05 0.060418
9.9973E-05 9.9973E-05 0.916974 9.9973E-05 0.0827265
0.00602401 0.0657073 0.871846 0.0167838 0.0396394
9.999E-05 0.00664622 0.838716 0.0139509 0.140586
9.9982E-05 0.0722933 0.855956 9.9982E-05 0.071551
9.999E-05 0.0904904 0.762989 0.0649316 0.0814888
0.00452676 0.0681651 0.813308 0.0772272 0.0367726
0.0546072 0.0672588 0.795581 0.0540408 0.0285122
0.0350005 0.0810881 0.74892 0.01929 0.115702
9.999E-05 0.0799705 0.830184 0.0181816 0.0715638
9.9973E-05 9.9973E-05 0.909155 9.9973E-05 0.0905447
9.997E-05 9.997E-05 0.9996 9.997E-05 9.997E-05
9.997E-05 9.997E-05 0.9996 9.997E-05 9.997E-05
0.0356664 9.9973E-05 0.964034 9.9973E-05 9.9973E-05
0.00154688 0.0398165 0.944528 0.0140089 9.9991E-05
9.997E-05 0.9996 9.997E-05 9.997E-05 9.997E-05
0.094062 0.717606 0.0252765 0.0679001 0.0951551
0.122893 0.71362 0.0496337 0.0572208 0.0566324
0.157443 0.831536 9.9982E-05 0.0108207 9.9982E-05
9.9982E-05 0.953531 9.9982E-05 0.031723 0.014546
0.00106965 0.924326 0.0407636 0.0337408 9.9991E-05
0.135593 0.800951 9.9991E-05 0.00633722 0.0570191
9.997E-05 0.9996 9.997E-05 9.997E-05 9.997E-05
9.9991E-05 0.786126 0.00121398 0.111268 0.101293
0.0946057 0.626884 0.00147146 0.141731 0.135308
0.0277767 0.774477 9.9991E-05 0.0373444 0.160302
0.128201 0.768896 9.9991E-05 0.0400973 0.0627062
0.0989648 0.752909 0.058074 0.0161636 0.0738881
9.9982E-05 0.673269 9.9982E-05 0.148382 0.178149
0.0161179 0.656942 0.0328479 0.217184 0.0769084
0.0311944 0.438251 0.0921075 0.184083 0.254364
0.150863 0.646375 0.0285204 0.15262 0.0216212
0.884403 0.0643192 9.9991E-05 0.0374834 0.0136945
0.763325 9.9982E-05 9.9982E-05 0.147243 0.0892322
0.88089 0.0375952 0.0208707 0.0605437 9.9991E-05
0.892885 0.0129137 0.0360118 0.00833164 0.0498581
0.851575 0.0235098 0.0451084 0.0792205 0.000586732
0.918414 9.9982E-05 0.0472268 9.9982E-05 0.0341588
0.704025 0.00448647 0.061982 0.0663237 0.163183
0.876546 0.0512326 9.9991E-05 0.0649143 0.00720737
0.814095 0.0628826 0.0345569 9.9991E-05 0.088365
0.920943 0.0060469 9.9982E-05 0.0728099 9.9982E-05
0.91956 9.9991E-05 0.0157642 0.0306503 0.0339253
0.972963 0.0267374 9.9973E-05 9.9973E-05 9.9973E-05
0.843193 9.9991E-05 0.0195257 0.0422196 0.0949618
0.939585 0.0343679 0.0121326 0.013815 9.9991E-05
0.961598 0.00434872 9.9982E-05 9.9982E-05 0.0338535
0.913638 0.00418587 0.0112404 0.0659153 0.0050208
0.871123 0.0241253 0.104552 9.9982E-05 9.9982E-05
0.855132 0.00517019 0.0361899 0.0303666 0.0731415
0.78995 0.0509452 0.0240845 0.0841091 0.0509118
0.856012 0.0795004 0.0583012 9.9991E-05 0.00608599
0.234163 0.080256 0.0393109 0.592633 0.0536369
9.9991E-05 0.0300966 0.077379 0.856693 0.0357317
0.134747 0.0393575 0.0341129 0.716927 0.0748556
0.155735 0.0548595 0.0197148 0.769591 9.9991E-05
0.0739194 0.0574614 9.9991E-05 0.835164 0.0333556
0.170855 0.0234279 0.0418212 0.753749 0.0101471
0.087645 0.00661031 0.0023953 0.839879 0.06347
0.0544134 0.0376331 0.00721545 0.838142 0.0625962
0.107057 9.9991E-05 0.14176 0.687215 0.0638676
0.107521 0.139968 0.0553219 0.669799 0.0273908
0.103573 0.0929224 0.0131346 0.79027 9.9991E-05
9.9973E-05 0.155288 9.9973E-05 0.844412 9.9973E-05
9.9991E-05 0.130736 0.0490468 0.765887 0.0542307
0.129107 0.0357485 0.0267065 0.808337 9.9991E-05
0.172017 0.0620661 0.00922054 0.756596 9.9991E-05
0.0564154 0.119137 0.0283055 0.796042 9.9991E-05
0.0357289 0.149419 9.9991E-05 0.684585 0.130166
0.392268 0.121849 9.9982E-05 0.485683 9.9982E-05
0.297127 0.0357059 0.0789852 0.573311 0.0148716
0.482445 9.9982E-05 0.0961477 0.421207 9.9982E-05
0.143111 9.9991E-05 0.00377615 0.845355 0.00765787
0.186929 0.113261 0.0500214 0.601221 0.0485676
0.210913 9.9973E-05 9.9973E-05 0.788788 9.9973E-05
0.140634 0.0921328 0.0729266 0.670722 0.0235842
0.0485768 0.0816551 0.0420818 0.787898 0.0397884
0.110815 9.9982E-05 0.101884 0.7871 9.9982E-05
0.28115 0.0501725 0.0634451 0.37949 0.225742
0.180265 9.9991E-05 0.0162762 0.174095 0.629263
0.122428 0.0825106 9.9991E-05 0.540064 0.254897
0.154811 0.0354462 0.0417649 0.681415 0.0865628
0.103512 0.0368069 0.000183617 0.681085 0.178413
0.0718714 0.0536432 0.00740182 0.730699 0.136385
9.9973E-05 0.0383387 9.9973E-05 0.961361 9.9973E-05
0.207927 0.0507849 0.0141263 0.727062 9.9991E-05
0.143814 0.0581622 9.9991E-05 0.742531 0.0553929
9.9991E-05 0.107794 0.0832533 0.620672 0.188181
0.0773557 0.132493 0.086172 0.603531 0.100448
9.9991E-05 0.0503717 0.0482072 0.732292 0.169029
9.9991E-05 0.131848 0.0959115 0.655497 0.116644
0.0529268 0.0376643 0.0386476 0.640822 0.229939
0.155898 0.0208062 0.053707 0.769489 9.9991E-05
0.093942 0.133219 0.00339759 0.769341 9.9991E-05
0.143073 9.9991E-05 0.0315737 0.803153 0.0221007
9.9991E-05 0.114128 0.0195904 0.76873 0.0974515
9.9982E-05 9.9982E-05 0.0388323 0.781664 0.179304
0.0669209 0.0719646 0.0124579 0.778545 0.070112
9.9982E-05 9.9982E-05 0.000388142 0.984868 0.0145441
0.0552609 0.0909515 0.0785034 0.678908 0.0963767
0.100174 0.071849 0.0411298 0.786747 9.9991E-05
9.9982E-05 9.9982E-05 0.0891352 0.72986 0.180805
0.166709 9.9991E-05 0.00292186 0.740149 0.0901197
0.125684 0.0472988 0.058357 0.76856 9.9991E-05
0.0379405 0.158629 0.0723244 0.698107 0.032999
0.178429 9.9973E-05 9.9973E-05 0.821271 9.9973E-05
9.9973E-05 9.9973E-05 9.9973E-05 0.99174 0.00795967
0.19253 9.9973E-05 9.9973E-05 0.807171 9.9973E-05
0.0283801 9.9991E-05 0.0398799 0.814553 0.117087
0.05995 0.0699904 0.0646889 0.681643 0.123728
9.9991E-05 0.0977145 0.08715 0.719336 0.0956999
0.127824 0.042019 0.0556465 0.77441 9.9991E-05
0.159103 0.073165 0.0318964 0.735735 9.9991E-05
9.9982E-05 9.9982E-05 0.0649989 0.862893 0.0719077
0.091086 0.0251109 0.0752719 0.68924 0.119292
9.9991E-05 0.210378 0.0138021 0.577659 0.198061
0.0221189 0.170672 9.9991E-05 0.615554 0.191556
0.0144328 0.257783 0.00129604 0.590644 0.135844
9.9991E-05 0.219936 0.0464752 0.539327 0.194162
0.0510624 0.244195 0.000901031 0.52378 0.180063
9.9982E-05 0.316093 9.9982E-05 0.470146 0.213562
0.0582705 0.267121 0.0277786 0.436527 0.210304
9.9991E-05 0.259137 0.0668096 0.543238 0.130715
0.159156 0.25053 0.00261508 0.424775 0.162924
0.159314 0.188058 0.0278758 0.509275 0.115477
0.031968 0.322081 0.0155919 0.510656 0.119703
0.0756075 0.08777 0.00411209 0.0307379 0.801772
0.0813836 0.0596873 0.0364423 0.0123601 0.810127
0.156753 0.0599977 0.00389802 0.0452245 0.734127
0.163966 0.0232408 0.0597279 9.9991E-05 0.752966
0.136966 0.0386272 0.0497569 0.012632 0.762018
0.031908 0.0718007 0.0495739 0.07768 0.769037
0.163558 0.0315921 9.9982E-05 9.9982E-05 0.80465
9.9982E-05 0.0565405 9.9982E-05 0.0322199 0.91104
0.180148 0.0620382 0.0387208 0.117818 0.601275
0.210651 0.0456497 0.018985 9.9991E-05 0.724614
0.109583 0.0593582 0.0193161 9.9991E-05 0.811643
0.174471 0.00977204 0.0355294 9.9991E-05 0.780128
0.138397 0.0931128 0.026899 0.0585025 0.683088
0.135534 9.9991E-05 0.0308964 0.207333 0.626137
9.9991E-05 0.0611934 0.0833245 0.0690887 0.786293
9.9982E-05 9.9982E-05 0.101398 0.0831726 0.815229
0.088125 9.9982E-05 9.9982E-05 0.018781 0.892894
0.0607065 9.9991E-05 0.0623631 0.0261119 0.850719
0.0468626 0.0179705 0.0657017 9.9991E-05 0.869365
0.112309 0.0384537 0.0197887 0.0282873 0.801161
0.0367176 0.0369853 0.0622559 0.0841804 0.779861
0.0762291 0.0184418 9.9991E-05 0.0706794 0.83455
9.9991E-05 0.0388512 0.0302895 0.0729558 0.857804
0.00110697 0.0249511 0.0565893 0.0839313 0.833421
9.9991E-05 0.0598861 0.0436748 0.100016 0.796323
0.0247779 0.120836 0.0185561 0.0919498 0.74388
0.0922772 0.0728823 0.0614691 9.9991E-05 0.773271
0.0845121 0.0713139 0.0688116 0.0585355 0.716827
0.127812 0.101129 0.0566861 0.0389202 0.675453
0.0985552 0.0388674 9.9982E-05 9.9982E-05 0.862377
0.124277 9.9982E-05 9.9982E-05 0.0214252 0.854098
0.17951 0.0497137 0.0344047 0.018829 0.717542
0.17709 0.104235 9.9982E-05 9.9982E-05 0.718475
9.9982E-05 0.0685691 9.9982E-05 0.0838597 0.847371
9.9991E-05 0.0610014 0.039956 0.018853 0.88009
0.711183 0.0601717 0.0350018 0.0108388 0.182805
0.618631 0.083686 0.0819373 0.0385364 0.177209
0.588339 0.0790731 0.110934 0.0623737 0.15928
0.567315 0.0583538 0.0927446 0.0914147 0.190172
0.585462 0.0759561 0.102964 0.0776152 0.158002
0.803493 0.12246 9.9982E-05 9.9982E-05 0.073847
0.809319 0.0672627 0.0135999 9.9991E-05 0.109718
0.681071 0.212166 0.106563 9.9982E-05 9.9982E-05
