9.99101E-05 9.99101E-05 9.99101E-05 9.99101E-05 9.99101E-05 9.99101E-05 9.99101E-05 9.99101E-05 9.99101E-05 9.99101E-05 0.999001
9.9964E-05 9.9964E-05 0.0521792 0.00276954 9.9964E-05 9.9964E-05 0.698373 0.00469317 0.164536 0.0222787 0.0547705
0.0124506 9.9955E-05 9.9955E-05 9.9955E-05 0.0399606 9.9955E-05 0.753401 0.00441772 0.136629 9.9955E-05 0.0526417
9.9955E-05 9.9955E-05 0.02274 0.0204143 9.9955E-05 9.9955E-05 0.768834 9.9955E-05 0.174402 0.00640369 0.00670647
0.0969067 9.9946E-05 9.9946E-05 9.9946E-05 9.9946E-05 9.9946E-05 0.789503 0.0128452 9.9946E-05 0.0527811 0.0473645
9.9937E-05 9.9937E-05 0.00565817 0.0283229 9.9937E-05 9.9937E-05 0.905223 9.9937E-05 9.9937E-05 0.0600965 9.9937E-05
9.99101E-05 9.99101E-05 9.99101E-05 9.99101E-05 9.99101E-05 9.99101E-05 9.99101E-05 9.99101E-05 9.99101E-05 9.99101E-05 0.999001
0.0802789 9.9955E-05 9.9955E-05 0.0210361 9.9955E-05 9.9955E-05 0.777515 0.0141173 0.00587739 9.9955E-05 0.100676
0.0850454 9.9964E-05 0.0256898 9.9964E-05 9.9964E-05 9.9964E-05 0.723508 0.00165168 0.0162811 0.0629578 0.0844662
9.9955E-05 9.9955E-05 9.9955E-05 9.9955E-05 0.0300078 9.9955E-05 0.801406 0.0259917 0.0695474 0.029525 0.0430218
9.9937E-05 9.9937E-05 0.00903215 0.0125905 9.9937E-05 9.9937E-05 0.746198 9.9937E-05 0.231479 9.9937E-05 9.9937E-05
9.9955E-05 9.9955E-05 0.0109673 0.00326326 0.0188181 9.9955E-05 0.686652 9.9955E-05 0.235504 9.9955E-05 0.0442962
0.0947052 0.0023311 0.0530558 9.9955E-05 9.9955E-05 9.9955E-05 0.756204 9.9955E-05 0.0527843 9.9955E-05 0.0404201
9.996E-05 9.996E-05 0.00818609 9.996E-05 0.0513622 9.996E-05 0.675394 0.00194493 0.13838 0.0981428 0.02619
0.012731 9.9964E-05 9.9964E-05 9.9964E-05 0.02664 0.0594973 0.798569 9.9964E-05 0.0509663 0.0320999 0.0190966
0.0274072 9.9946E-05 9.9946E-05 0.0136648 9.9946E-05 9.9946E-05 0.893008 9.9946E-05 9.9946E-05 0.0600898 0.00523073
9.9946E-05 0.00502343 9.9946E-05 0.0218932 9.9946E-05 9.9946E-05 0.916906 0.00204807 9.9946E-05 9.9946E-05 0.0535292
9.9937E-05 0.00424312 9.9937E-05 0.00820919 9.9937E-05 9.9937E-05 0.948956 9.9937E-05 9.9937E-05 9.9937E-05 0.0378924
9.9937E-05 0.0342229 0.00905019 9.9937E-05 9.9937E-05 9.9937E-05 0.86904 9.9937E-05 9.9937E-05 9.9937E-05 0.0869878
9.9955E-05 9.9955E-05 9.9955E-05 0.0117979 0.00315151 0.0111235 0.959585 0.0108098 0.00303242 9.9955E-05 9.9955E-05
9.99101E-05 9.99101E-05 9.99101E-05 9.99101E-05 0.999001 9.99101E-05 9.99101E-05 9.99101E-05 9.99101E-05 9.99101E-05 9.99101E-05
9.9928E-05 9.9928E-05 0.0162357 9.9928E-05 0.587265 9.9928E-05 9.9928E-05 9.9928E-05 0.3957 9.9928E-05 9.9928E-05
9.9964E-05 0.0282755 9.9964E-05 9.9964E-05 0.625806 0.0850145 9.9964E-05 0.0336947 0.119492 0.0388831 0.0684341
9.9964E-05 0.129773 9.9964E-05 0.0150814 0.777838 9.9964E-05 0.0249621 0.0359446 0.0083149 0.00768644 9.9964E-05
0.0652289 9.9955E-05 0.00486202 9.9955E-05 0.866137 0.0211021 0.0285273 0.0136425 9.9955E-05 9.9955E-05 9.9955E-05
0.0596119 9.9955E-05 9.9955E-05 0.0186009 0.839305 0.0404197 9.9955E-05 0.0158311 9.9955E-05 9.9955E-05 0.0257316
0.062367 0.108117 9.9955E-05 9.9955E-05 0.670704 0.0966913 9.9955E-05 9.9955E-05 9.9955E-05 0.0308071 0.0308136
9.99101E-05 9.99101E-05 9.99101E-05 9.99101E-05 0.999001 9.99101E-05 9.99101E-05 9.99101E-05 9.99101E-05 9.99101E-05 9.99101E-05
0.112285 9.9955E-05 9.9955E-05 9.9955E-05 0.697045 0.0813 0.00121169 0.0170797 9.9955E-05 0.0905789 9.9955E-05
0.138225 0.0555774 0.0252474 9.9982E-05 0.553594 0.0739341 0.017604 0.0156321 0.0441385 0.0758467 9.9982E-05
0.135998 9.9946E-05 9.9946E-05 0.000197525 0.640486 9.9946E-05 9.9946E-05 9.9946E-05 0.173906 0.0488136 9.9946E-05
0.0919125 0.13162 9.9964E-05 0.0280561 0.692487 9.9964E-05 9.9964E-05 0.00404055 9.9964E-05 0.0385621 0.0129216
0.170726 0.0373656 0.0240785 9.9973E-05 0.608669 9.9973E-05 0.0099552 0.0164359 9.9973E-05 0.113229 0.0192402
0.0727227 9.9946E-05 0.126532 9.9946E-05 0.598611 9.9946E-05 9.9946E-05 9.9946E-05 0.157079 0.0444549 9.9946E-05
0.136365 0.0182906 0.0444669 0.00892722 0.551022 0.0195086 0.0348052 0.0473366 0.139078 9.9982E-05 9.9982E-05
9.99459E-05 9.99459E-05 0.0737925 9.99459E-05 0.346937 9.99459E-05 0.0301892 9.99459E-05 0.497347 0.0511352 9.99459E-05
9.9955E-05 0.138141 0.0431416 9.9955E-05 0.590597 0.18842 0.0200351 9.9955E-05 9.9955E-05 0.019165 9.9955E-05
0.0520579 0.671243 0.051499 0.014954 0.0416728 0.0186909 9.9964E-05 9.9964E-05 0.149482 9.9964E-05 9.9964E-05
0.0882804 0.619996 9.9964E-05 0.00801716 9.9964E-05 0.140172 9.9964E-05 0.0175184 0.0525387 9.9964E-05 0.0730777
0.123326 0.675498 0.062131 9.9955E-05 9.9955E-05 0.0433843 0.0479471 9.9955E-05 9.9955E-05 0.0472134 9.9955E-05
9.9955E-05 0.692623 0.0202373 0.00799502 9.9955E-05 0.164182 9.9955E-05 9.9955E-05 9.9955E-05 0.0371265 0.0773363
9.9973E-05 0.698891 0.106152 0.0237228 0.0170892 9.9973E-05 0.000522031 0.000870776 0.120737 9.9973E-05 0.031715
0.104162 0.807879 0.0169328 0.0168695 9.9964E-05 0.00868578 0.0260082 9.9964E-05 9.9964E-05 9.9964E-05 0.0190629
0.0581722 0.56841 0.0707399 0.0214391 9.9982E-05 9.9982E-05 0.048597 0.0159612 0.103748 0.101895 0.0108373
0.0153015 0.713098 0.0183036 0.00177168 0.0441526 0.117205 0.0242761 0.0400575 9.9982E-05 9.9982E-05 0.0256345
0.0411423 0.667123 9.9973E-05 0.0122315 0.055145 0.00161442 0.0848263 0.0399891 9.9973E-05 0.0976288 9.9973E-05
9.99589E-05 0.783657 0.0300914 0.0170899 9.99589E-05 0.117874 9.99589E-05 0.0238009 9.99589E-05 0.0269875 9.99589E-05
0.00436596 0.78675 0.0457641 9.9964E-05 9.9964E-05 0.0318995 9.9964E-05 0.0106509 0.089209 9.9964E-05 0.0309606
9.9955E-05 0.858608 0.0537377 0.00935205 0.0335024 9.9955E-05 0.0111833 9.9955E-05 9.9955E-05 9.9955E-05 0.0331165
9.9973E-05 0.628717 0.0428632 9.9973E-05 0.000387551 0.0465773 9.9973E-05 0.0128629 0.211206 0.0546591 0.00242697
0.0270523 0.786021 0.0121693 0.0327715 0.0100628 9.9964E-05 9.9964E-05 9.9964E-05 0.0773987 9.9964E-05 0.0541248
9.9964E-05 0.780267 0.0131049 0.047198 0.0035441 0.054454 9.9964E-05 9.9964E-05 9.9964E-05 0.0718579 0.0291739
0.0639034 0.795003 0.0323435 9.9955E-05 9.9955E-05 9.9955E-05 0.035014 0.0688996 9.9955E-05 9.9955E-05 0.00433717
9.9964E-05 0.698334 9.9964E-05 0.0271032 9.9964E-05 0.0603268 0.0637516 0.00273609 0.101775 9.9964E-05 0.0455734
9.9964E-05 0.713716 0.0345373 0.0157421 9.9964E-05 0.0918461 0.0398449 0.0381907 9.9964E-05 0.0657226 9.9964E-05
0.0555087 0.649598 0.0292725 0.00738773 0.0116178 9.9964E-05 0.038573 9.9964E-05 0.207643 9.9964E-05 9.9964E-05
9.9964E-05 0.724752 0.000160896 9.9964E-05 0.0740698 9.9964E-05 0.0843784 0.0773984 9.9964E-05 0.023189 0.0156513
9.9973E-05 0.0961501 0.0628419 0.0132959 0.00881528 0.474171 9.9973E-05 0.0493751 0.286767 0.00828316 9.9973E-05
9.99101E-05 9.99101E-05 0.999001 9.99101E-05 9.99101E-05 9.99101E-05 9.99101E-05 9.99101E-05 9.99101E-05 9.99101E-05 9.99101E-05
9.9946E-05 9.9946E-05 0.00939815 9.9946E-05 9.9946E-05 0.496175 9.9946E-05 0.117385 0.361752 9.9946E-05 0.0146889
0.113926 9.9964E-05 0.0593161 0.0104639 9.9964E-05 0.435975 9.9964E-05 0.0933004 0.261203 9.9964E-05 0.0254167
0.0865721 0.00478858 0.0505999 0.0219029 9.9973E-05 0.702141 9.9973E-05 0.088392 0.0179729 0.0273303 9.9973E-05
9.9955E-05 0.0785459 9.9955E-05 0.0405629 9.9955E-05 0.763957 0.0607618 0.0500773 9.9955E-05 0.0055953 9.9955E-05
9.99189E-05 9.99189E-05 0.937434 0.0616666 9.99189E-05 9.99189E-05 9.99189E-05 9.99189E-05 9.99189E-05 9.99189E-05 9.99189E-05
9.99101E-05 9.99101E-05 0.999001 9.99101E-05 9.99101E-05 9.99101E-05 9.99101E-05 9.99101E-05 9.99101E-05 9.99101E-05 9.99101E-05
0.0577804 9.9973E-05 0.12496 0.0417505 9.9973E-05 0.250333 0.0319371 0.0470755 0.422035 9.9973E-05 0.0238295
9.9973E-05 9.9973E-05 0.0108258 0.0350025 0.133235 0.671967 0.0438693 0.0646629 9.9973E-05 0.035088 0.00505023
0.0959397 9.9982E-05 0.0771388 0.0610649 0.0174165 0.573115 0.0517023 0.0877932 0.0330091 9.9982E-05 0.00262032
0.052134 9.9964E-05 0.0812157 0.030629 0.0622213 0.672875 0.00948296 0.0910424 9.9964E-05 9.9964E-05 9.9964E-05
9.9973E-05 9.9973E-05 0.192159 0.0309294 0.0579792 0.483901 0.0426882 0.125619 9.9973E-05 0.0467462 0.0196785
9.9946E-05 9.9946E-05 0.0977768 0.0228654 9.9946E-05 0.773692 9.9946E-05 0.0393648 9.9946E-05 9.9946E-05 0.0657009
0.0688918 0.070789 0.0861772 0.0405178 9.9964E-05 0.632519 9.9964E-05 0.0639437 9.9964E-05 9.9964E-05 0.0367616
0.0116856 0.0206053 0.136546 0.00707643 0.0736258 0.606984 9.9973E-05 0.095011 9.9973E-05 9.9973E-05 0.0481655
0.363003 9.9955E-05 0.0248428 0.032174 9.9955E-05 0.180248 9.9955E-05 0.0369274 0.362304 9.9955E-05 9.9955E-05
0.200656 0.273816 0.0489642 0.0645814 0.0526492 0.291957 9.9982E-05 0.0244188 0.0196299 9.9982E-05 0.0231284
9.9964E-05 0.207927 0.026055 0.0549914 0.00626319 0.593567 0.0756833 0.0351134 9.9964E-05 9.9964E-05 9.9964E-05
9.9964E-05 0.377178 0.0650272 0.0264172 9.9964E-05 0.323633 0.114134 0.0427768 0.0504337 9.9964E-05 9.9964E-05
9.99189E-05 9.99189E-05 0.973057 0.0260439 9.99189E-05 9.99189E-05 9.99189E-05 9.99189E-05 9.99189E-05 9.99189E-05 9.99189E-05
0.0511594 0.13822 0.112107 0.0484184 0.0587905 0.332909 0.0927261 0.0906331 0.0632832 0.0116536 9.9991E-05
9.9964E-05 0.118265 0.188463 0.0398814 0.0120683 0.563716 9.9964E-05 0.0729731 0.00423359 9.9964E-05 9.9964E-05
9.9964E-05 0.0732328 9.9964E-05 0.0594398 0.0539137 0.658533 9.9964E-05 0.0772971 9.9964E-05 0.0174311 0.0597522
0.0136222 9.9973E-05 0.044895 0.0159451 0.0340642 0.589639 9.9973E-05 0.0923876 0.199121 9.9973E-05 0.0100259
9.995E-05 0.0445217 0.0711048 0.0230013 9.995E-05 0.645601 0.115758 0.0995139 9.995E-05 9.995E-05 9.995E-05
9.9964E-05 0.23601 9.9964E-05 0.0400383 9.9964E-05 0.195492 0.0352094 0.102051 0.206016 0.184784 9.9964E-05
9.9964E-05 0.147056 0.105617 0.0467541 9.9964E-05 9.9964E-05 0.0352699 0.0124652 0.158272 0.494166 9.9964E-05
0.153159 0.0941782 0.0479188 0.0176723 9.9982E-05 0.374195 9.9982E-05 0.0143629 0.137391 0.132085 0.0288376
9.9964E-05 0.0324861 0.00197524 0.0164425 9.9964E-05 0.72472 0.0523898 0.0860561 9.9964E-05 0.0855304 9.9964E-05
0.0660575 0.0572113 9.9964E-05 0.0734621 9.9964E-05 0.598977 9.9964E-05 0.00595407 9.9964E-05 0.134536 0.0634024
0.0569872 0.0283834 0.0689757 9.9973E-05 9.9973E-05 0.592777 0.037427 0.0662982 0.0972036 0.0516475 9.9973E-05
9.99369E-05 9.99369E-05 0.0546306 0.00242666 9.99369E-05 9.99369E-05 9.99369E-05 0.546797 0.395446 9.99369E-05 9.99369E-05
0.0161645 0.105489 0.15204 0.0658783 0.0454333 0.457425 0.0769991 0.0772389 0.00313201 9.9982E-05 9.9982E-05
9.9964E-05 0.0676962 0.00484752 0.0247747 9.9964E-05 0.733458 9.9964E-05 0.0670127 9.9964E-05 0.064597 0.0372137
9.9955E-05 9.9955E-05 0.0343996 0.000715144 9.9955E-05 0.166665 9.9955E-05 0.0344461 0.759097 9.9955E-05 0.00417757
9.9946E-05 9.9946E-05 0.0011763 0.0502316 0.00832452 0.190879 9.9946E-05 9.9946E-05 0.748789 9.9946E-05 9.9946E-05
9.9955E-05 9.9955E-05 0.0280642 0.0127479 9.9955E-05 0.375121 9.9955E-05 0.0148554 0.55064 9.9955E-05 0.0180723
0.100601 9.9955E-05 0.102842 9.9955E-05 9.9955E-05 0.290798 9.9955E-05 0.0171191 0.442323 9.9955E-05 0.0458161
0.351874 9.9982E-05 0.103346 0.0796455 9.9982E-05 0.0658097 0.0259433 0.0343727 0.328977 0.00913799 0.000693728
9.9973E-05 0.0658845 0.0614199 0.0573411 9.9973E-05 0.61931 0.111952 0.047824 0.0231555 9.9973E-05 0.012813
0.138465 0.0363742 0.0319748 0.0585168 0.0342454 0.6346 9.9973E-05 0.0453409 9.9973E-05 9.9973E-05 0.020183
0.00673759 0.039178 0.0994734 0.0875271 9.9973E-05 0.463571 0.0532336 0.0857704 0.164209 9.9973E-05 9.9973E-05
0.0157303 9.9973E-05 0.0160693 0.0164116 0.0132985 0.586583 9.9973E-05 0.073616 0.248816 9.9973E-05 0.0291758
0.109393 9.9982E-05 0.204132 0.0261399 0.00707755 0.374294 0.0324659 0.139425 9.9982E-05 0.100279 0.00659401
0.0294811 9.9973E-05 0.0179176 9.9973E-05 0.015853 0.815407 0.00985227 0.049106 9.9973E-05 0.036415 0.0256683
9.99101E-05 9.99101E-05 9.99101E-05 9.99101E-05 9.99101E-05 9.99101E-05 9.99101E-05 0.999001 9.99101E-05 9.99101E-05 9.99101E-05
0.255694 9.9973E-05 0.0881444 0.047362 9.9973E-05 0.264572 0.0331812 0.0582638 0.231938 9.9973E-05 0.0205436
9.9964E-05 0.00442189 0.0423616 0.00855726 9.9964E-05 0.664957 9.9964E-05 0.0953187 0.167462 9.9964E-05 0.0165211
9.9964E-05 9.9964E-05 0.0294955 9.9964E-05 9.9964E-05 0.579922 0.0376592 0.112102 0.177659 0.0522676 0.0104945
9.9964E-05 0.100149 0.0138551 0.00451012 9.9964E-05 0.756374 0.0517462 0.0635923 9.9964E-05 0.00937336 9.9964E-05
0.167068 9.9964E-05 0.0255542 0.0465119 9.9964E-05 0.405821 9.9964E-05 0.00677831 0.328457 9.9964E-05 0.0194097
0.122808 9.9973E-05 9.9973E-05 0.00727306 0.0172172 0.626089 0.0205931 0.0361106 0.155061 9.9973E-05 0.0145492
9.99101E-05 9.99101E-05 9.99101E-05 0.999001 9.99101E-05 9.99101E-05 9.99101E-05 9.99101E-05 9.99101E-05 9.99101E-05 9.99101E-05
9.99101E-05 9.99101E-05 9.99101E-05 9.99101E-05 9.99101E-05 9.99101E-05 9.99101E-05 0.999001 9.99101E-05 9.99101E-05 9.99101E-05
9.99101E-05 9.99101E-05 9.99101E-05 0.999001 9.99101E-05 9.99101E-05 9.99101E-05 9.99101E-05 9.99101E-05 9.99101E-05 9.99101E-05
9.9946E-05 9.9946E-05 0.0870071 0.0110225 9.9946E-05 0.338987 9.9946E-05 0.0435101 0.518874 9.9946E-05 9.9946E-05
9.9964E-05 9.9964E-05 0.072223 0.0692297 0.0479498 0.260867 9.9964E-05 0.107944 0.422641 9.9964E-05 0.0187456
0.0705391 9.9973E-05 0.0218253 0.0230504 9.9973E-05 0.441126 0.0112523 0.111154 0.316307 9.9973E-05 0.004446
9.9964E-05 0.0148073 0.0705368 0.0632609 9.9964E-05 0.631985 0.0848626 0.0886302 0.0455177 9.9964E-05 9.9964E-05
0.0556238 0.0782008 0.00200222 0.0195488 0.0194442 0.697273 0.0548161 0.0727907 9.9973E-05 9.9973E-05 9.9973E-05
9.99189E-05 9.99189E-05 9.99189E-05 9.99189E-05 9.99189E-05 9.99189E-05 9.99189E-05 0.45488 0.544221 9.99189E-05 9.99189E-05
9.9955E-05 9.9955E-05 9.9955E-05 0.042053 9.9955E-05 0.480163 0.00204915 0.0997323 0.342176 9.9955E-05 0.0333264
0.7898 9.9937E-05 0.0676498 9.9937E-05 9.9937E-05 0.0201495 9.9937E-05 9.9937E-05 0.121702 9.9937E-05 9.9937E-05
0.959338 9.99342E-05 0.0327223 0.00714043 9.99342E-05 9.99342E-05 9.99342E-05 9.99342E-05 9.99342E-05 9.99342E-05 9.99342E-05
0.866196 9.9955E-05 9.9955E-05 0.0373039 0.0456369 9.9955E-05 9.9955E-05 0.0392784 0.00605736 9.9955E-05 0.00502808
0.813902 9.9928E-05 0.0112713 9.9928E-05 9.9928E-05 9.9928E-05 9.9928E-05 9.9928E-05 0.174027 9.9928E-05 9.9928E-05
0.721525 0.00781892 0.0156272 0.0363538 0.0574812 9.9973E-05 0.038561 0.0601557 9.9973E-05 0.0621774 9.9973E-05
0.861395 9.9946E-05 0.0157038 9.9946E-05 0.0852692 9.9946E-05 9.9946E-05 0.00310074 9.9946E-05 0.0339319 9.9946E-05
0.951612 9.9928E-05 9.9928E-05 9.9928E-05 9.9928E-05 9.9928E-05 9.9928E-05 9.9928E-05 9.9928E-05 0.0431914 0.00439704
0.844148 9.9955E-05 9.9955E-05 9.9955E-05 0.0178253 0.0388869 9.9955E-05 0.00353404 0.0382247 9.9955E-05 0.0568814
0.833809 0.12133 9.9946E-05 0.0170975 0.0238887 9.9946E-05 0.00327501 9.9946E-05 9.9946E-05 9.9946E-05 9.9946E-05
0.679738 0.067417 9.9955E-05 9.9955E-05 9.9955E-05 0.0744584 9.9955E-05 0.0510252 0.119477 9.9955E-05 0.00738435
0.767005 9.9964E-05 0.013082 0.0267049 0.0883179 0.081875 9.9964E-05 9.9964E-05 9.9964E-05 0.00256066 0.0200547
0.130441 0.0305046 0.00678041 0.0159375 0.015147 9.9982E-05 0.00746994 0.0277833 9.9982E-05 0.747012 0.0187244
0.157516 9.9955E-05 9.9955E-05 9.9955E-05 0.00253406 9.9955E-05 9.9955E-05 0.0193503 0.0882237 0.69859 0.0332869
9.9982E-05 0.0329309 0.0291421 0.0261445 0.0575064 0.0967673 0.0328819 0.0149479 9.9982E-05 0.691582 0.0178968
9.9955E-05 0.0999944 9.9955E-05 0.0220136 0.0197494 0.0275187 0.101574 9.9955E-05 9.9955E-05 0.72865 9.9955E-05
0.000490446 0.105132 0.0321299 9.9955E-05 9.9955E-05 9.9955E-05 9.9955E-05 9.9955E-05 0.246294 0.59129 0.0241628
0.14067 9.9964E-05 0.0244743 9.9964E-05 0.0190086 9.9964E-05 0.0442845 0.0103702 0.0803452 0.680448 9.9964E-05
0.0296833 0.122764 9.9955E-05 9.9955E-05 0.0290419 9.9955E-05 0.022754 0.0602613 9.9955E-05 0.734996 9.9955E-05
0.0940189 0.00395439 9.9973E-05 0.0121641 0.0236852 0.0378721 9.9973E-05 0.0143803 9.9973E-05 0.788587 0.0250382
9.996E-05 0.064197 9.996E-05 0.048898 9.996E-05 0.0126193 9.996E-05 0.0262344 0.403985 0.393368 0.0502984
0.152311 0.157367 0.00944354 9.9955E-05 9.9955E-05 9.9955E-05 9.9955E-05 0.00639989 9.9955E-05 0.651919 0.02206
0.0488465 0.121332 0.0360333 0.0125378 0.0312495 9.9964E-05 9.9964E-05 9.9964E-05 9.9964E-05 0.693558 0.0560437
9.9946E-05 0.129551 0.0267524 9.9946E-05 0.0143677 9.9946E-05 0.0960425 9.9946E-05 9.9946E-05 0.732687 9.9946E-05
9.9964E-05 0.0350609 0.0133842 9.9964E-05 0.0421404 0.0747087 0.0445888 9.9964E-05 0.199248 0.590469 9.9964E-05
0.106342 0.124166 9.9955E-05 9.9955E-05 9.9955E-05 0.0355087 9.9955E-05 9.9955E-05 0.254934 0.454272 0.0242777
9.9964E-05 9.9964E-05 0.049608 0.0229236 9.9964E-05 0.0397604 0.0245153 9.9964E-05 0.207204 0.608027 0.047562
9.9955E-05 9.9955E-05 0.0070646 9.9955E-05 9.9955E-05 9.9955E-05 0.0274671 0.00616516 0.341473 0.59415 0.0231804
0.0556037 0.0184635 0.0548749 0.0278127 9.9964E-05 9.9964E-05 9.9964E-05 0.0105129 9.9964E-05 0.801666 0.0306669
9.9955E-05 0.0129134 9.9955E-05 0.00663789 9.9955E-05 0.134093 9.9955E-05 9.9955E-05 0.0514355 0.725374 0.0690468
9.9964E-05 0.0649256 9.9964E-05 0.0149324 0.0217782 9.9964E-05 0.0511472 0.0250482 9.9964E-05 0.784139 0.0376295
9.9937E-05 0.00765177 9.9937E-05 9.9937E-05 9.9937E-05 9.9937E-05 9.9937E-05 9.9937E-05 0.323619 0.654014 0.0140154
0.00666891 9.9964E-05 0.0191399 0.018639 9.9964E-05 9.9964E-05 9.9964E-05 0.0113103 0.34947 0.548309 0.0460634
0.0267953 0.0646554 9.9964E-05 0.0302792 0.0238193 0.0807478 9.9964E-05 0.0519674 9.9964E-05 0.721336 9.9964E-05
0.0203153 9.9955E-05 9.9955E-05 0.0417375 9.9955E-05 9.9955E-05 0.00282465 0.00867544 0.309291 0.616656 9.9955E-05
0.145992 9.9946E-05 9.9946E-05 0.00760612 9.9946E-05 9.9946E-05 0.045353 9.9946E-05 0.140848 0.659601 9.9946E-05
9.9955E-05 9.9955E-05 0.00962405 9.9955E-05 0.0681033 9.9955E-05 9.9955E-05 0.0536361 0.245039 0.606137 0.0169614
0.00996929 9.9964E-05 9.9964E-05 0.00213452 0.0401069 0.0253776 9.9964E-05 9.9964E-05 0.316454 0.593466 0.012092
9.9964E-05 0.0351107 9.9964E-05 0.032953 0.05858 9.9964E-05 0.0184087 9.9964E-05 0.225025 0.610301 0.0192218
9.9937E-05 9.9937E-05 0.0716556 9.9937E-05 9.9937E-05 9.9937E-05 0.0262838 9.9937E-05 0.375161 0.5262 9.9937E-05
0.00922684 0.0106486 9.9964E-05 0.00647695 0.023334 9.9964E-05 0.0386114 9.9964E-05 0.333401 0.577901 9.9964E-05
9.9964E-05 0.0738879 0.0312392 0.0180151 0.0583308 9.9964E-05 9.9964E-05 0.0640641 9.9964E-05 0.753558 0.000505269
0.0378379 0.110964 0.0378466 0.0186677 9.9955E-05 9.9955E-05 9.9955E-05 0.0155055 9.9955E-05 0.778678 9.9955E-05
0.0354726 0.120738 9.9991E-05 0.014681 0.0328329 0.0407051 0.0564872 0.00808265 0.0646771 0.617639 0.00858459
0.0282135 0.073918 9.9964E-05 9.9964E-05 0.0639937 0.0703802 9.9964E-05 9.9964E-05 0.0875884 0.672702 0.00280428
0.020689 9.9973E-05 9.9973E-05 0.0261572 0.0750818 0.0299961 9.9973E-05 0.0330451 0.0151939 0.762978 0.0365594
9.9964E-05 9.9964E-05 0.0311781 0.00389533 0.0168022 0.0620024 9.9964E-05 9.9964E-05 0.105272 0.752289 0.0281618
9.9937E-05 0.437426 9.9937E-05 0.0033282 9.9937E-05 9.9937E-05 9.9937E-05 9.9937E-05 0.528364 0.0301821 9.9937E-05
9.99279E-05 0.430498 9.99279E-05 9.99279E-05 9.99279E-05 9.99279E-05 9.99279E-05 0.00332577 0.565377 9.99279E-05 9.99279E-05
9.9919E-05 0.287546 9.9919E-05 9.9919E-05 9.9919E-05 9.9919E-05 9.9919E-05 9.9919E-05 0.711554 9.9919E-05 9.9919E-05
9.99189E-05 0.360899 9.99189E-05 9.99189E-05 9.99189E-05 9.99189E-05 9.99189E-05 9.99189E-05 0.638202 9.99189E-05 9.99189E-05
9.9946E-05 0.393398 9.9946E-05 9.9946E-05 0.00479383 9.9946E-05 0.0387416 9.9946E-05 0.541727 0.0207396 9.9946E-05
0.0427148 0.597654 9.997E-05 0.0141652 0.0840103 9.997E-05 9.997E-05 0.0304538 0.14876 0.0554881 0.0264532
9.9919E-05 0.60169 9.9919E-05 9.9919E-05 9.9919E-05 9.9919E-05 9.9919E-05 9.9919E-05 0.397411 9.9919E-05 9.9919E-05
0.0298207 0.426914 9.9955E-05 9.9955E-05 0.112777 9.9955E-05 0.0360582 9.9955E-05 0.39332 9.9955E-05 0.00061012
