9.9982E-05 0.225142 9.9982E-05 0.652837 0.121822
9.9973E-05 9.9973E-05 9.9973E-05 0.91688 0.0828205
9.9982E-05 0.592092 9.9982E-05 0.378664 0.0290441
0.0318037 0.133376 0.232729 0.601991 9.9991E-05
0.976928 9.9973E-05 9.9973E-05 0.0227721 9.9973E-05
9.9973E-05 0.130419 0.869281 9.9973E-05 9.9973E-05
0.0935446 0.719055 0.045398 9.9991E-05 0.141902
9.99731E-05 0.0771871 9.99731E-05 0.922513 9.99731E-05
9.997E-05 9.997E-05 0.573804 9.997E-05 0.425896
0.9996 9.997E-05 9.997E-05 9.997E-05 9.997E-05
0.521371 0.478329 9.99731E-05 9.99731E-05 9.99731E-05
9.9973E-05 9.9973E-05 0.119927 0.879773 9.9973E-05
0.599227 0.150589 0.103253 9.999E-05 0.146831
0.218648 0.631177 9.9982E-05 0.149976 9.9982E-05
0.969685 9.9973E-05 9.9973E-05 9.9973E-05 0.0300154
9.99731E-05 0.0286202 9.99731E-05 9.99731E-05 0.97108
0.0135435 9.9982E-05 0.0507184 0.935538 9.9982E-05
0.32146 0.106469 0.259155 9.9991E-05 0.312815
9.9973E-05 9.9973E-05 0.920404 0.0792959 9.9973E-05
9.997E-05 9.997E-05 9.997E-05 9.997E-05 0.9996
9.99731E-05 9.99731E-05 9.99731E-05 0.0996846 0.900016
0.0305776 9.9991E-05 0.308618 0.167327 0.493378
0.128446 0.02648 9.9982E-05 9.9982E-05 0.844874
9.999E-05 0.292875 0.0818356 0.442926 0.182264
9.9982E-05 0.919347 0.0786325 9.9982E-05 0.00182017
0.734329 9.9973E-05 9.9973E-05 9.9973E-05 0.265371
9.99821E-05 0.282823 0.0306023 0.686375 9.99821E-05
0.404209 0.0245136 0.536206 0.0349711 9.9991E-05
9.997E-05 9.997E-05 9.997E-05 0.977317 0.0223829
9.99731E-05 9.99731E-05 0.7548 0.2449 9.99731E-05
9.997E-05 0.9996 9.997E-05 9.997E-05 9.997E-05
9.997E-05 0.9996 9.997E-05 9.997E-05 9.997E-05
0.538658 0.461042 9.9973E-05 9.9973E-05 9.9973E-05
0.0384751 0.0610891 0.900236 9.9982E-05 9.9982E-05
0.0148957 9.998E-05 0.0703171 0.914587 9.998E-05
9.9973E-05 9.9973E-05 0.0819458 9.9973E-05 0.917754
9.9973E-05 9.9973E-05 0.768967 9.9973E-05 0.230733
9.998E-05 0.0902413 0.865851 9.998E-05 0.0437076
0.0230642 0.819422 0.138874 9.9991E-05 0.0185391
0.0260098 9.99731E-05 0.97369 9.99731E-05 9.99731E-05
9.9973E-05 9.9973E-05 0.766771 0.232929 9.9973E-05
9.997E-05 9.997E-05 0.121696 0.878004 9.997E-05
0.0282482 9.997E-05 9.997E-05 9.997E-05 0.971452
9.997E-05 0.9996 9.997E-05 9.997E-05 9.997E-05
0.828483 9.99731E-05 9.99731E-05 9.99731E-05 0.171217
9.997E-05 9.997E-05 9.997E-05 0.9996 9.997E-05
9.9973E-05 9.9973E-05 0.169649 9.9973E-05 0.830051
9.997E-05 9.997E-05 0.790276 9.997E-05 0.209424
0.348671 0.0264735 9.9991E-05 0.0744624 0.550293
9.99731E-05 9.99731E-05 0.209479 9.99731E-05 0.790221
