0.143947 9.9991E-05 0.753562 0.0345031 0.0678873
9.9973E-05 9.9973E-05 0.909837 9.9973E-05 0.0898628
0.477702 9.9982E-05 0.487931 9.9982E-05 0.0341671
0.150633 0.276664 0.571088 0.00151556 9.9991E-05
0.104572 0.0116345 9.9982E-05 0.883594 9.9982E-05
0.0891443 0.873779 9.9982E-05 9.9982E-05 0.0368772
0.824507 0.024935 9.9991E-05 0.0288788 0.12158
0.0324478 9.99731E-05 0.967252 9.99731E-05 9.99731E-05
9.99731E-05 0.415853 9.99731E-05 9.99731E-05 0.583847
0.0814584 9.9973E-05 9.9973E-05 0.918242 9.9973E-05
0.647751 9.99732E-05 9.99732E-05 0.351949 9.99732E-05
9.9973E-05 0.106934 0.892766 9.9973E-05 9.9973E-05
0.149806 0.121473 0.00911536 0.644561 0.0750446
0.863454 0.0841771 9.99821E-05 0.0521692 9.99821E-05
9.997E-05 9.997E-05 9.997E-05 0.9996 9.997E-05
0.101042 9.99731E-05 9.99731E-05 9.99731E-05 0.898658
9.9973E-05 0.0812392 0.918461 9.9973E-05 9.9973E-05
0.215732 0.162035 9.9991E-05 0.180374 0.441758
9.997E-05 0.9996 9.997E-05 9.997E-05 9.997E-05
9.997E-05 9.997E-05 9.997E-05 9.997E-05 0.9996
9.999E-05 0.0605784 0.0437636 0.0387857 0.856772
9.9982E-05 0.385234 0.131942 9.9982E-05 0.482624
0.0707696 9.9982E-05 9.9982E-05 0.121963 0.807068
0.181986 0.0508855 0.540502 9.9991E-05 0.226526
0.939932 0.059768 9.9973E-05 9.9973E-05 9.9973E-05
9.9973E-05 9.9973E-05 9.9973E-05 0.750691 0.249009
0.335148 0.0598367 0.604815 9.9982E-05 9.9982E-05
0.135467 0.641324 9.9991E-05 0.222461 0.000648662
9.99732E-05 9.99732E-05 0.952917 9.99732E-05 0.0467835
0.0426486 0.750473 0.206678 9.99821E-05 9.99821E-05
0.9996 9.997E-05 9.997E-05 9.997E-05 9.997E-05
0.9996 9.997E-05 9.997E-05 9.997E-05 9.997E-05
0.513869 9.9973E-05 9.9973E-05 0.485831 9.9973E-05
0.062258 0.863858 9.9982E-05 9.9982E-05 0.0736844
0.0638596 0.154316 0.781625 9.9982E-05 9.9982E-05
9.997E-05 9.997E-05 9.997E-05 9.997E-05 0.9996
9.9973E-05 0.754481 9.9973E-05 9.9973E-05 0.245219
0.0775739 0.879953 9.9982E-05 9.9982E-05 0.042273
0.787362 0.0837244 9.9991E-05 0.0569401 0.0718732
9.99821E-05 0.956423 0.0199686 0.0234082 9.99821E-05
9.9973E-05 0.833737 0.165963 9.9973E-05 9.9973E-05
9.99731E-05 0.213751 0.785949 9.99731E-05 9.99731E-05
9.99731E-05 9.99731E-05 9.99731E-05 0.241193 0.758507
0.9996 9.997E-05 9.997E-05 9.997E-05 9.997E-05
9.99731E-05 9.99731E-05 9.99731E-05 0.924638 0.0750622
9.99731E-05 9.99731E-05 0.952728 9.99731E-05 0.046972
9.9973E-05 0.128528 9.9973E-05 9.9973E-05 0.871173
9.99731E-05 0.7755 9.99731E-05 9.99731E-05 0.2242
9.9991E-05 0.0478706 0.0952166 0.659619 0.197194
9.9982E-05 0.319455 9.9982E-05 0.0657997 0.614545
