9.991E-05 9.991E-05 0.0216245 9.991E-05 9.991E-05 0.0180498 9.991E-05 9.991E-05 9.991E-05 0.0022047 0.0221545 0.00994637 0.923435 9.991E-05 9.991E-05 0.00158615 9.991E-05
9.991E-05 9.991E-05 0.164668 9.991E-05 0.031432 0.0508704 0.00454712 9.991E-05 9.991E-05 9.991E-05 9.991E-05 0.00307867 0.653212 9.991E-05 9.991E-05 9.991E-05 0.0911934
9.9919E-05 0.00960345 0.0220346 9.9919E-05 0.04845 9.9919E-05 0.0328511 9.9919E-05 0.0623322 9.9919E-05 9.9919E-05 9.9919E-05 0.742778 9.9919E-05 0.0565169 9.9919E-05 0.0245348
9.991E-05 0.0665412 0.00945868 9.991E-05 0.0245362 9.991E-05 9.991E-05 9.991E-05 9.991E-05 9.991E-05 9.991E-05 9.991E-05 0.734267 0.0132967 0.131225 9.991E-05 0.0196755
9.9928E-05 0.0870472 0.0226959 9.9928E-05 0.000477889 9.9928E-05 9.9928E-05 0.0342058 0.0595475 9.9928E-05 9.9928E-05 0.00894464 0.729055 0.0110043 9.9928E-05 9.9928E-05 0.0462226
9.9919E-05 0.0713476 9.9919E-05 9.9919E-05 9.9919E-05 9.9919E-05 0.00165745 9.9919E-05 9.9919E-05 9.9919E-05 0.0289678 0.00766422 0.819658 0.0185246 9.9919E-05 0.0190693 0.0322115
9.991E-05 9.991E-05 9.991E-05 9.991E-05 9.991E-05 0.00958903 9.991E-05 9.991E-05 0.0437027 9.991E-05 0.0196234 0.00634046 0.859058 9.991E-05 9.991E-05 0.00601587 0.0546716
0.103234 0.0364556 9.9919E-05 9.9919E-05 0.0100191 9.9919E-05 0.00874742 9.9919E-05 0.0236367 9.9919E-05 0.0204737 9.9919E-05 0.779341 9.9919E-05 9.9919E-05 0.0171927 9.9919E-05
9.9937E-05 0.0392273 0.00326331 0.060936 0.00999908 0.00803918 0.00322963 9.9937E-05 9.9937E-05 9.9937E-05 9.9937E-05 0.00160931 0.743914 0.00567896 9.9937E-05 9.9937E-05 0.123403
9.9937E-05 0.0484807 0.00863567 0.00656104 9.9937E-05 0.023703 9.9937E-05 9.9937E-05 9.9937E-05 9.9937E-05 0.0626384 0.0174754 0.765852 0.000896621 0.045931 0.0191261 9.9937E-05
9.991E-05 0.152942 0.0288469 0.0627325 9.991E-05 9.991E-05 0.017986 9.991E-05 9.991E-05 9.991E-05 9.991E-05 9.991E-05 0.691984 0.00327728 9.991E-05 9.991E-05 0.0412323
9.9919E-05 0.102711 0.0380806 9.9919E-05 0.013114 0.0140474 9.9919E-05 9.9919E-05 9.9919E-05 9.9919E-05 9.9919E-05 9.9919E-05 0.682959 0.0330139 0.113718 0.00145782 9.9919E-05
9.9937E-05 0.0741895 9.9937E-05 0.0179603 9.9937E-05 0.00173027 9.9937E-05 9.9937E-05 0.126492 9.9937E-05 0.0108105 0.0469781 0.687004 0.000904478 0.0249477 0.00828327 9.9937E-05
0.0622196 0.0783629 0.0161929 9.99279E-05 0.00174386 0.0440174 0.0262372 9.99279E-05 9.99279E-05 9.99279E-05 9.99279E-05 0.0280035 0.636719 9.99279E-05 9.99279E-05 9.99279E-05 0.105705
0.0266754 9.9901E-05 0.0124827 9.9901E-05 0.0255134 9.9901E-05 9.9901E-05 9.9901E-05 9.9901E-05 9.9901E-05 0.0367751 9.9901E-05 0.762804 9.9901E-05 0.134651 9.9901E-05 9.9901E-05
0.00255578 9.9946E-05 9.9946E-05 0.00227566 0.00319264 9.9946E-05 0.00523477 9.9946E-05 0.00254614 9.9946E-05 9.9946E-05 0.0044851 0.814556 0.0137362 0.00836773 0.00329456 0.139156
9.98921E-05 9.98921E-05 9.98921E-05 9.98921E-05 9.98921E-05 9.98921E-05 9.98921E-05 0.0063685 9.98921E-05 9.98921E-05 9.98921E-05 9.98921E-05 0.910762 0.021193 0.0505194 0.00995883 9.98921E-05
9.98741E-05 9.98741E-05 9.98741E-05 9.98741E-05 9.98741E-05 9.98741E-05 9.98741E-05 0.0105528 9.98741E-05 0.0715679 9.98741E-05 9.98741E-05 0.916481 9.98741E-05 9.98741E-05 9.98741E-05 9.98741E-05
9.98831E-05 9.98831E-05 9.98831E-05 9.98831E-05 9.98831E-05 9.98831E-05 9.98831E-05 0.0369944 9.98831E-05 0.0711049 9.98831E-05 0.00515012 0.885452 9.98831E-05 9.98831E-05 9.98831E-05 9.98831E-05
0.00619076 9.991E-05 0.00407607 9.991E-05 9.991E-05 9.991E-05 9.991E-05 9.991E-05 9.991E-05 0.0281533 9.991E-05 9.991E-05 0.882827 0.0115917 0.0547971 0.0113646 9.991E-05
9.9856E-05 9.9856E-05 9.9856E-05 9.9856E-05 9.9856E-05 9.9856E-05 0.998402 9.9856E-05 9.9856E-05 9.9856E-05 9.9856E-05 9.9856E-05 9.9856E-05 9.9856E-05 9.9856E-05 9.9856E-05 9.9856E-05
9.9892E-05 0.0430825 0.0463783 9.9892E-05 9.9892E-05 0.841367 9.9892E-05 9.9892E-05 9.9892E-05 9.9892E-05 0.0440781 0.0238956 9.9892E-05 9.9892E-05 9.9892E-05 9.9892E-05 9.9892E-05
9.9883E-05 0.0428088 9.9883E-05 9.9883E-05 0.00130285 0.940437 9.9883E-05 9.9883E-05 9.9883E-05 9.9883E-05 9.9883E-05 9.9883E-05 9.9883E-05 9.9883E-05 9.9883E-05 0.0141529 9.9883E-05
9.9874E-05 9.9874E-05 9.9874E-05 9.9874E-05 9.9874E-05 0.969973 9.9874E-05 9.9874E-05 9.9874E-05 9.9874E-05 9.9874E-05 9.9874E-05 9.9874E-05 0.0277109 9.9874E-05 0.000918089 9.9874E-05
9.9883E-05 9.9883E-05 9.9883E-05 9.9883E-05 9.9883E-05 0.828203 0.0168245 9.9883E-05 9.9883E-05 9.9883E-05 9.9883E-05 9.9883E-05 9.9883E-05 9.9883E-05 0.149541 0.00413247 9.9883E-05
9.9883E-05 9.9883E-05 9.9883E-05 9.9883E-05 9.9883E-05 0.928554 9.9883E-05 9.9883E-05 0.0315469 9.9883E-05 9.9883E-05 9.9883E-05 9.9883E-05 0.00935026 0.0292504 9.9883E-05 9.9883E-05
9.9892E-05 9.9892E-05 9.9892E-05 9.9892E-05 0.00209767 0.947543 0.00712958 0.0243474 0.0176838 9.9892E-05 9.9892E-05 9.9892E-05 9.9892E-05 9.9892E-05 9.9892E-05 9.9892E-05 9.9892E-05
9.98649E-05 9.98649E-05 9.98649E-05 9.98649E-05 9.98649E-05 9.98649E-05 0.984981 9.98649E-05 9.98649E-05 9.98649E-05 9.98649E-05 9.98649E-05 9.98649E-05 9.98649E-05 0.0135209 9.98649E-05 9.98649E-05
9.9892E-05 9.9892E-05 9.9892E-05 9.9892E-05 9.9892E-05 0.0344947 0.00862183 9.9892E-05 0.0598191 9.9892E-05 9.9892E-05 9.9892E-05 9.9892E-05 9.9892E-05 0.886427 0.00943824 9.9892E-05
9.9883E-05 0.0249611 9.9883E-05 9.9883E-05 9.9883E-05 9.9883E-05 9.9883E-05 0.0330692 9.9883E-05 9.9883E-05 9.9883E-05 0.00481711 9.9883E-05 9.9883E-05 0.935854 9.9883E-05 9.9883E-05
9.9856E-05 9.9856E-05 9.9856E-05 9.9856E-05 9.9856E-05 9.9856E-05 9.9856E-05 9.9856E-05 9.9856E-05 9.9856E-05 9.9856E-05 9.9856E-05 9.9856E-05 9.9856E-05 0.998402 9.9856E-05 9.9856E-05
9.9919E-05 9.9919E-05 9.9919E-05 9.9919E-05 9.9919E-05 0.476201 0.00747491 0.0386344 0.00921801 0.0975917 9.9919E-05 9.9919E-05 9.9919E-05 0.0155905 0.340337 9.9919E-05 0.0140524
9.9937E-05 0.00153466 9.9937E-05 9.9937E-05 9.9937E-05 0.242949 0.0494656 9.9937E-05 0.0441814 0.0244802 0.0682069 0.0218137 0.0142467 9.9937E-05 0.531954 0.000467972 9.9937E-05
9.9874E-05 9.9874E-05 9.9874E-05 9.9874E-05 0.0020249 9.9874E-05 9.9874E-05 9.9874E-05 9.9874E-05 9.9874E-05 9.9874E-05 0.0146499 9.9874E-05 9.9874E-05 0.981927 9.9874E-05 9.9874E-05
9.9937E-05 9.9937E-05 0.0104979 0.10677 0.016437 0.0998508 9.9937E-05 0.0219469 0.0169119 0.0276756 9.9937E-05 0.000506576 9.9937E-05 9.9937E-05 0.685359 0.0133449 9.9937E-05
9.99189E-05 9.99189E-05 0.31154 9.99189E-05 0.0443074 0.243569 0.014191 9.99189E-05 9.99189E-05 9.99189E-05 9.99189E-05 9.99189E-05 0.0290306 0.00865736 0.246575 9.99189E-05 0.10123
9.991E-05 9.991E-05 9.991E-05 0.0361246 0.0245844 0.131838 9.991E-05 0.0705333 9.991E-05 0.0605156 9.991E-05 9.991E-05 9.991E-05 9.991E-05 0.668416 0.00698869 9.991E-05
9.991E-05 9.991E-05 0.0858371 9.991E-05 9.991E-05 0.0173294 0.0103557 0.127969 0.0482857 0.647614 0.0616099 9.991E-05 9.991E-05 9.991E-05 9.991E-05 9.991E-05 9.991E-05
9.99099E-05 9.99099E-05 0.100382 9.99099E-05 9.99099E-05 9.99099E-05 9.99099E-05 0.013503 0.153456 0.683139 9.99099E-05 0.0117675 9.99099E-05 0.00740607 9.99099E-05 9.99099E-05 0.0293466
0.198999 0.0426151 9.9937E-05 9.9937E-05 0.0223651 9.9937E-05 9.9937E-05 9.9937E-05 0.0179626 0.637527 9.9937E-05 0.00157408 9.9937E-05 0.0119087 0.0318676 0.00499843 0.0294835
9.9874E-05 9.9874E-05 9.9874E-05 0.202521 9.9874E-05 9.9874E-05 9.9874E-05 9.9874E-05 9.9874E-05 0.722076 0.0740039 9.9874E-05 9.9874E-05 9.9874E-05 9.9874E-05 9.9874E-05 9.9874E-05
9.9955E-05 0.0678441 0.0066307 9.9955E-05 0.0578672 0.00187133 0.0167332 0.0542108 9.9955E-05 0.678448 9.9955E-05 0.0226278 0.0238381 0.00723912 9.9955E-05 0.0145395 0.0476501
0.121519 0.00617355 0.0230157 9.9928E-05 0.0109511 9.9928E-05 0.00255107 9.9928E-05 9.9928E-05 0.774212 9.9928E-05 0.00270583 9.9928E-05 9.9928E-05 9.9928E-05 0.0188012 0.0392715
0.0643573 0.472291 9.99459E-05 9.99459E-05 0.0196906 9.99459E-05 0.00611068 0.037681 9.99459E-05 0.255812 0.0431932 0.0364474 0.0350823 0.0210021 9.99459E-05 9.99459E-05 0.00773278
0.00358635 9.9928E-05 0.115753 9.9928E-05 9.9928E-05 9.9928E-05 9.9928E-05 0.0557158 9.9928E-05 0.742888 0.0161909 0.00528232 9.9928E-05 0.00215459 0.0473424 0.0102869 9.9928E-05
0.0361073 0.113939 9.9928E-05 9.9928E-05 9.9928E-05 9.9928E-05 9.9928E-05 0.0614599 0.0298889 0.623644 9.9928E-05 9.9928E-05 0.0214987 9.9928E-05 0.0567558 0.00956559 0.0463414
0.111739 9.99101E-05 0.0101082 9.99101E-05 9.99101E-05 0.0417183 9.99101E-05 9.99101E-05 9.99101E-05 0.773296 9.99101E-05 9.99101E-05 9.99101E-05 0.0129176 9.99101E-05 0.0266707 0.0225517
9.9937E-05 0.0939731 0.0885998 9.9937E-05 0.0130905 9.9937E-05 0.00749471 0.000624219 0.00746878 0.712338 0.0590203 0.0126885 9.9937E-05 9.9937E-05 9.9937E-05 0.00400231 9.9937E-05
9.9919E-05 9.9919E-05 9.9919E-05 9.9919E-05 0.0180451 9.9919E-05 0.0240273 0.00626382 9.9919E-05 0.877538 9.9919E-05 9.9919E-05 0.000752378 0.0229291 0.0438296 0.00571506 9.9919E-05
9.9919E-05 0.440178 9.9919E-05 0.100396 0.0056237 9.9919E-05 0.00591587 0.037115 9.9919E-05 0.357563 0.0346483 0.0176598 9.9919E-05 9.9919E-05 9.9919E-05 9.9919E-05 9.9919E-05
9.991E-05 0.0390362 0.0611214 9.991E-05 9.991E-05 9.991E-05 0.00155413 9.991E-05 0.0200662 0.839878 9.991E-05 9.991E-05 9.991E-05 0.0219892 9.991E-05 0.0153558 9.991E-05
9.9919E-05 9.9919E-05 9.9919E-05 0.0118908 0.0569681 0.033138 0.00442314 9.9919E-05 9.9919E-05 0.849109 9.9919E-05 0.00508485 9.9919E-05 0.0111833 9.9919E-05 9.9919E-05 0.0273032
9.99099E-05 0.0656705 9.99099E-05 9.99099E-05 9.99099E-05 9.99099E-05 9.99099E-05 9.99099E-05 0.0173446 0.718143 0.0214374 0.0658879 9.99099E-05 9.99099E-05 0.0468008 0.0637169 9.99099E-05
9.9901E-05 9.9901E-05 0.0908357 9.9901E-05 0.00123394 0.0384643 9.9901E-05 9.9901E-05 9.9901E-05 0.784917 9.9901E-05 9.9901E-05 0.0676875 0.0157625 9.9901E-05 9.9901E-05 9.9901E-05
0.00757631 0.0991291 9.9955E-05 0.0954275 0.00304449 9.9955E-05 0.00312116 0.0301979 9.9955E-05 0.638562 9.9955E-05 0.0078386 0.0166777 0.0198672 9.9955E-05 0.0319638 0.0460947
0.218081 0.204524 0.0239784 9.9901E-05 9.9901E-05 9.9901E-05 9.9901E-05 9.9901E-05 9.9901E-05 0.532942 0.0167108 9.9901E-05 9.9901E-05 0.00266532 9.9901E-05 9.9901E-05 9.9901E-05
0.110816 9.9919E-05 9.9919E-05 9.9919E-05 9.9919E-05 9.9919E-05 0.0133899 9.9919E-05 9.9919E-05 0.740328 0.0340936 9.9919E-05 0.0421264 9.9919E-05 0.0141064 0.0364891 0.00775164
0.57624 9.99279E-05 0.100392 9.99279E-05 0.00644437 0.0547564 9.99279E-05 0.0625215 9.99279E-05 0.0845288 9.99279E-05 9.99279E-05 0.00395329 0.0188738 9.99279E-05 9.99279E-05 0.0914907
9.98558E-05 9.98558E-05 9.98558E-05 9.98558E-05 0.998402 9.98558E-05 9.98558E-05 9.98558E-05 9.98558E-05 9.98558E-05 9.98558E-05 9.98558E-05 9.98558E-05 9.98558E-05 9.98558E-05 9.98558E-05 9.98558E-05
0.589274 0.00250452 0.183344 9.9955E-05 0.00257377 0.0277423 0.00753364 0.0311238 0.0360393 9.9955E-05 0.0733852 9.9955E-05 0.00424962 9.9955E-05 0.00806984 0.0336595 9.9955E-05
0.143473 9.9919E-05 0.32309 0.285227 9.9919E-05 9.9919E-05 9.9919E-05 0.0102993 0.164128 0.0459908 9.9919E-05 0.02605 9.9919E-05 0.000842744 9.9919E-05 9.9919E-05 9.9919E-05
9.9919E-05 0.0384404 9.9919E-05 0.859634 0.0357557 9.9919E-05 9.9919E-05 0.0104765 0.0223046 9.9919E-05 9.9919E-05 9.9919E-05 9.9919E-05 0.0202081 0.00986212 0.00241889 9.9919E-05
0.0369007 0.0158289 0.016107 0.842979 9.9937E-05 9.9937E-05 0.00763375 9.9937E-05 9.9937E-05 0.0421516 9.9937E-05 0.000409996 0.00040198 0.00463679 0.0322509 9.9937E-05 9.9937E-05
9.98559E-05 9.98559E-05 9.98559E-05 9.98559E-05 9.98559E-05 9.98559E-05 9.98559E-05 9.98559E-05 9.98559E-05 9.98559E-05 9.98559E-05 0.998402 9.98559E-05 9.98559E-05 9.98559E-05 9.98559E-05 9.98559E-05
9.98558E-05 9.98558E-05 9.98558E-05 9.98558E-05 0.998402 9.98558E-05 9.98558E-05 9.98558E-05 9.98558E-05 9.98558E-05 9.98558E-05 9.98558E-05 9.98558E-05 9.98558E-05 9.98558E-05 9.98558E-05 9.98558E-05
0.507905 0.0975444 0.181555 9.99189E-05 0.03278 9.99189E-05 9.99189E-05 9.99189E-05 0.110981 9.99189E-05 9.99189E-05 0.00708947 0.0418658 0.0193794 9.99189E-05 9.99189E-05 9.99189E-05
0.727413 9.9919E-05 9.9919E-05 9.9919E-05 9.9919E-05 9.9919E-05 0.0123896 0.046267 9.9919E-05 9.9919E-05 0.0196256 9.9919E-05 0.0114408 0.0341605 0.111069 0.0367342 9.9919E-05
0.652356 9.9928E-05 9.9928E-05 0.0514856 0.0375201 9.9928E-05 9.9928E-05 0.0909524 0.0884147 9.9928E-05 0.0191018 0.011648 9.9928E-05 0.0147066 9.9928E-05 0.0330149 9.9928E-05
0.0152507 9.9937E-05 9.9937E-05 0.723731 0.00968484 0.0784972 0.0239804 0.0598615 0.0115855 9.9937E-05 9.9937E-05 0.0231814 9.9937E-05 0.00726433 9.9937E-05 0.0462635 9.9937E-05
9.9937E-05 9.9937E-05 0.011226 0.641098 0.102571 9.9937E-05 9.9937E-05 0.0457316 9.9937E-05 9.9937E-05 9.9937E-05 0.0213351 0.00838218 0.0269897 0.0823051 0.0490561 0.0106047
0.582994 9.9919E-05 9.9919E-05 0.288062 0.0141371 0.0247108 9.9919E-05 0.049534 9.9919E-05 9.9919E-05 9.9919E-05 0.00890018 9.9919E-05 0.0147398 9.9919E-05 0.0160222 9.9919E-05
9.991E-05 9.991E-05 9.991E-05 0.866752 9.991E-05 9.991E-05 0.00999951 9.991E-05 0.0442867 0.0221748 9.991E-05 0.0304965 9.991E-05 0.0158573 9.991E-05 0.00943422 9.991E-05
0.00015603 9.9946E-05 0.0925109 0.538817 0.0935325 9.9946E-05 0.002817 0.0676904 0.0766267 0.000576123 9.9946E-05 0.0131258 9.9946E-05 9.9946E-05 0.0995644 0.0139834 9.9946E-05
0.00982797 0.0304656 0.312931 0.164705 0.0250947 9.9928E-05 9.9928E-05 9.9928E-05 0.404036 0.0106224 9.9928E-05 9.9928E-05 9.9928E-05 0.0211938 0.0203248 9.9928E-05 9.9928E-05
9.9937E-05 9.9937E-05 0.0417008 0.216346 0.0118373 0.00432617 0.0256104 0.169639 0.220739 0.241343 9.9937E-05 0.0289348 9.9937E-05 0.0388242 9.9937E-05 9.9937E-05 9.9937E-05
0.067503 9.9946E-05 0.0146983 0.434187 0.00274695 9.9946E-05 9.9946E-05 0.118844 9.9946E-05 0.228977 0.00485381 9.9946E-05 0.0390089 0.00797216 0.0729072 0.00770103 9.9946E-05
0.159793 0.0207607 0.081139 0.165564 0.0513209 9.9928E-05 9.9928E-05 0.0359061 9.9928E-05 0.390044 9.9928E-05 9.9928E-05 0.0802871 0.0143862 9.9928E-05 9.9928E-05 9.9928E-05
9.98559E-05 9.98559E-05 9.98559E-05 9.98559E-05 9.98559E-05 9.98559E-05 9.98559E-05 9.98559E-05 9.98559E-05 9.98559E-05 9.98559E-05 0.998402 9.98559E-05 9.98559E-05 9.98559E-05 9.98559E-05 9.98559E-05
9.9955E-05 9.9955E-05 0.0665648 0.391174 0.0766525 0.0843023 0.0193538 9.9955E-05 0.0472147 0.134226 9.9955E-05 0.00218529 0.0367651 0.048745 9.9955E-05 0.057439 0.034878
0.0715728 0.0204922 0.120659 0.44177 0.029144 0.0181204 9.9946E-05 0.0931854 9.9946E-05 0.0658548 9.9946E-05 0.0757607 9.9946E-05 0.0466425 9.9946E-05 0.0161987 9.9946E-05
9.98558E-05 9.98558E-05 9.98558E-05 9.98558E-05 9.98558E-05 9.98558E-05 9.98558E-05 0.998402 9.98558E-05 9.98558E-05 9.98558E-05 9.98558E-05 9.98558E-05 9.98558E-05 9.98558E-05 9.98558E-05 9.98558E-05
0.339097 9.9955E-05 0.0357082 0.39149 0.0158552 9.9955E-05 0.00847115 0.0346449 9.9955E-05 9.9955E-05 0.046633 0.0231268 0.0184469 0.0194722 0.0284298 0.0381242 9.9955E-05
0.41924 9.9937E-05 0.0665763 0.275587 0.0120715 9.9937E-05 9.9937E-05 0.0651616 9.9937E-05 0.00646141 9.9937E-05 0.0367502 0.0607657 0.0267621 9.9937E-05 0.0299243 9.9937E-05
0.176448 9.9946E-05 0.137267 0.0334372 0.0282522 0.126935 9.9946E-05 9.9946E-05 9.9946E-05 0.243794 0.0193865 9.9946E-05 0.00235341 0.0381834 9.9946E-05 0.0494744 0.143868
9.991E-05 9.991E-05 0.160993 9.991E-05 0.0152914 9.991E-05 9.991E-05 9.991E-05 9.991E-05 0.112387 0.516007 0.0258034 9.991E-05 0.0190992 9.991E-05 9.991E-05 0.14942
0.195205 0.0311285 0.00212589 0.201951 0.0868711 9.9946E-05 9.9946E-05 0.0804045 0.111457 0.0594155 0.0808239 9.9946E-05 9.9946E-05 9.9946E-05 0.096315 9.9946E-05 0.0537034
9.9856E-05 9.9856E-05 9.9856E-05 9.9856E-05 9.9856E-05 9.9856E-05 9.9856E-05 0.998402 9.9856E-05 9.9856E-05 9.9856E-05 9.9856E-05 9.9856E-05 9.9856E-05 9.9856E-05 9.9856E-05 9.9856E-05
9.9856E-05 9.9856E-05 9.9856E-05 9.9856E-05 9.9856E-05 9.9856E-05 9.9856E-05 0.998402 9.9856E-05 9.9856E-05 9.9856E-05 9.9856E-05 9.9856E-05 9.9856E-05 9.9856E-05 9.9856E-05 9.9856E-05
0.00179085 0.0667326 9.9937E-05 0.583683 0.0321945 9.9937E-05 9.9937E-05 0.160601 0.098749 9.9937E-05 9.9937E-05 9.9937E-05 0.00585677 9.9937E-05 0.0166638 0.0278718 0.0051571
9.98646E-05 9.98646E-05 0.997947 9.98646E-05 9.98646E-05 9.98646E-05 9.98646E-05 9.98646E-05 9.98646E-05 9.98646E-05 9.98646E-05 9.98646E-05 9.98646E-05 9.98646E-05 9.98646E-05 0.000554967 9.98646E-05
0.450158 9.9946E-05 0.0840102 0.0858102 0.00613375 9.9946E-05 0.0128826 9.9946E-05 0.148255 0.0709231 9.9946E-05 0.0959815 0.00643079 0.0288227 9.9946E-05 0.00999276 9.9946E-05
0.998402 9.9856E-05 9.9856E-05 9.9856E-05 9.9856E-05 9.9856E-05 9.9856E-05 9.9856E-05 9.9856E-05 9.9856E-05 9.9856E-05 9.9856E-05 9.9856E-05 9.9856E-05 9.9856E-05 9.9856E-05 9.9856E-05
0.174168 0.00771569 0.430764 0.134445 0.0215679 0.0174967 0.0431391 0.00702105 9.9937E-05 9.9937E-05 9.9937E-05 9.9937E-05 0.0359271 9.9937E-05 9.9937E-05 9.9937E-05 0.127056
0.212604 0.0870291 0.35334 9.9946E-05 9.9946E-05 0.10767 0.00833267 0.0463598 0.0231112 9.9946E-05 9.9946E-05 0.0282023 0.0359061 0.0534615 0.043384 9.9946E-05 9.9946E-05
0.471994 0.0117428 0.254637 0.0532669 0.0101426 0.091224 9.99279E-05 9.99279E-05 9.99279E-05 9.99279E-05 9.99279E-05 0.023779 9.99279E-05 0.00720828 9.99279E-05 9.99279E-05 0.0752053
9.9946E-05 0.0179005 0.244009 0.362409 0.0601593 9.9946E-05 0.0113887 0.0273322 0.0372225 9.9946E-05 0.0260077 0.0342708 0.0728295 9.9946E-05 0.105871 9.9946E-05 9.9946E-05
9.9946E-05 0.103122 0.275907 0.167006 0.037301 9.9946E-05 9.9946E-05 0.0316714 0.182498 9.9946E-05 0.0370265 0.0411561 9.9946E-05 0.0501049 0.0414708 9.9946E-05 0.0321365
0.44383 9.9955E-05 0.0957197 0.0625093 0.0573637 0.0146833 9.9955E-05 0.0826885 0.0592947 0.0608955 9.9955E-05 0.0213947 0.0534371 0.0422036 9.9955E-05 0.00547994 9.9955E-05
9.9937E-05 9.9937E-05 9.9937E-05 0.602927 0.0105071 0.0250832 9.9937E-05 0.169265 0.098408 0.00746593 9.9937E-05 0.00573725 9.9937E-05 0.0370348 0.0417797 0.00109224 9.9937E-05
0.36591 0.0874101 0.153389 0.276009 0.0509288 9.991E-05 9.991E-05 9.991E-05 9.991E-05 9.991E-05 9.991E-05 9.991E-05 9.991E-05 0.052367 9.991E-05 0.0129873 9.991E-05
0.692836 0.0546755 0.128399 9.9937E-05 9.9937E-05 0.0119744 0.00504093 0.0313584 0.0481736 9.9937E-05 0.000450898 9.9937E-05 9.9937E-05 9.9937E-05 0.00889151 0.0174994 9.9937E-05
0.544451 9.9937E-05 0.0793716 0.0830152 0.0747039 9.9937E-05 0.00943329 0.0183645 9.9937E-05 9.9937E-05 9.9937E-05 0.00969096 9.9937E-05 0.0319241 9.9937E-05 0.0628679 0.0854776
9.9856E-05 9.9856E-05 9.9856E-05 0.998402 9.9856E-05 9.9856E-05 9.9856E-05 9.9856E-05 9.9856E-05 9.9856E-05 9.9856E-05 9.9856E-05 9.9856E-05 9.9856E-05 9.9856E-05 9.9856E-05 9.9856E-05
9.98559E-05 9.98559E-05 9.98559E-05 9.98559E-05 9.98559E-05 9.98559E-05 9.98559E-05 9.98559E-05 9.98559E-05 9.98559E-05 9.98559E-05 9.98559E-05 9.98559E-05 9.98559E-05 9.98559E-05 0.998402 9.98559E-05
9.9973E-05 9.9973E-05 0.228882 0.340439 0.0428647 0.00136249 0.0105842 0.0448736 0.0793605 0.0574814 9.9973E-05 0.0146649 0.0414677 0.0451856 0.0530965 0.0101017 0.0293351
0.689769 9.99189E-05 0.172542 0.0394013 9.99189E-05 9.99189E-05 0.0117044 0.0556011 9.99189E-05 9.99189E-05 9.99189E-05 0.0184609 9.99189E-05 9.99189E-05 9.99189E-05 0.00935646 0.00226537
9.9928E-05 0.0067361 0.173722 0.672301 9.9928E-05 0.00235605 0.0122555 9.9928E-05 9.9928E-05 9.9928E-05 9.9928E-05 0.0286132 0.0227992 9.9928E-05 9.9928E-05 0.0080037 0.0724143
9.9901E-05 0.0418977 9.9901E-05 0.865095 9.9901E-05 9.9901E-05 9.9901E-05 9.9901E-05 9.9901E-05 0.0223967 9.9901E-05 9.9901E-05 9.9901E-05 0.00514046 9.9901E-05 0.000841756 0.0635294
0.39661 9.9919E-05 0.10491 0.199764 0.0130021 9.9919E-05 9.9919E-05 9.9919E-05 0.218238 0.0142864 9.9919E-05 9.9919E-05 9.9919E-05 0.0520998 0.00019106 9.9919E-05 9.9919E-05
0.207425 0.0413975 0.0929101 0.332969 9.99369E-05 9.99369E-05 0.0129183 0.0879056 0.133372 9.99369E-05 9.99369E-05 9.99369E-05 0.00354284 0.00792033 0.0789405 9.99369E-05 9.99369E-05
9.98559E-05 9.98559E-05 9.98559E-05 9.98559E-05 9.98559E-05 9.98559E-05 9.98559E-05 9.98559E-05 9.98559E-05 9.98559E-05 9.98559E-05 9.98559E-05 9.98559E-05 0.998402 9.98559E-05 9.98559E-05 9.98559E-05
9.98559E-05 9.98559E-05 9.98559E-05 9.98559E-05 9.98559E-05 9.98559E-05 9.98559E-05 9.98559E-05 9.98559E-05 9.98559E-05 9.98559E-05 9.98559E-05 9.98559E-05 9.98559E-05 9.98559E-05 0.998402 9.98559E-05
9.98559E-05 9.98559E-05 9.98559E-05 9.98559E-05 9.98559E-05 9.98559E-05 9.98559E-05 9.98559E-05 9.98559E-05 9.98559E-05 9.98559E-05 9.98559E-05 9.98559E-05 0.998402 9.98559E-05 9.98559E-05 9.98559E-05
0.209648 9.99172E-05 0.602954 0.0925118 0.0256497 9.99172E-05 9.99172E-05 9.99172E-05 9.99172E-05 0.0259285 9.99172E-05 0.000640747 9.99172E-05 9.99172E-05 9.99172E-05 9.99172E-05 0.0416685
0.214197 9.9946E-05 0.418756 0.0654105 0.0263792 9.9946E-05 0.0297122 9.9946E-05 9.9946E-05 9.9946E-05 9.9946E-05 0.0253039 0.00793093 0.0809692 0.0720263 0.00194458 0.0567699
9.9919E-05 9.9919E-05 0.192456 0.518361 0.00873146 0.166774 9.9919E-05 0.0378538 9.9919E-05 9.9919E-05 9.9919E-05 9.9919E-05 0.0210159 0.0324206 9.9919E-05 0.0214884 9.9919E-05
0.0893782 9.9937E-05 0.104957 0.635381 0.0149697 9.9937E-05 0.0279702 9.9937E-05 9.9937E-05 0.0174536 9.9937E-05 0.00766818 0.0347808 0.049647 9.9937E-05 0.0170942 9.9937E-05
0.966198 9.9874E-05 9.9874E-05 9.9874E-05 9.9874E-05 9.9874E-05 0.0188192 9.9874E-05 9.9874E-05 9.9874E-05 9.9874E-05 9.9874E-05 9.9874E-05 9.9874E-05 9.9874E-05 0.0135844 9.9874E-05
9.98555E-05 9.98555E-05 0.998402 9.98555E-05 9.98555E-05 9.98555E-05 9.98555E-05 9.98555E-05 9.98555E-05 9.98555E-05 9.98555E-05 9.98555E-05 9.98555E-05 9.98555E-05 9.98555E-05 9.98555E-05 9.98555E-05
0.173574 0.148687 0.183878 0.267783 0.0020188 0.0206815 9.9946E-05 0.0488222 9.9946E-05 9.9946E-05 9.9946E-05 9.9946E-05 0.0554769 0.0253184 9.9946E-05 0.034645 0.0385167
9.9919E-05 9.9919E-05 9.9919E-05 0.0703663 0.0629957 0.0140971 0.0125683 0.0119059 0.811741 9.9919E-05 9.9919E-05 9.9919E-05 9.9919E-05 9.9919E-05 9.9919E-05 0.00684195 0.00858471
9.9892E-05 9.9892E-05 0.0320253 9.9892E-05 9.9892E-05 9.9892E-05 9.9892E-05 0.0848607 0.833489 9.9892E-05 9.9892E-05 0.0250686 9.9892E-05 0.0233578 9.9892E-05 9.9892E-05 9.9892E-05
9.991E-05 0.0107509 9.991E-05 9.991E-05 9.991E-05 9.991E-05 0.00916096 0.0836757 0.835042 9.991E-05 9.991E-05 9.991E-05 9.991E-05 0.0250998 0.00160942 0.0336622 9.991E-05
9.98921E-05 9.98921E-05 0.146756 9.98921E-05 0.0270483 9.98921E-05 0.0281991 9.98921E-05 0.791287 9.98921E-05 9.98921E-05 0.00551035 9.98921E-05 9.98921E-05 9.98921E-05 9.98921E-05 9.98921E-05
0.133833 9.9928E-05 0.0148741 9.9928E-05 9.9928E-05 9.9928E-05 0.00285656 9.9928E-05 0.675557 0.0195328 9.9928E-05 9.9928E-05 9.9928E-05 0.0172762 0.115946 0.0182573 0.00106812
9.9901E-05 9.9901E-05 9.9901E-05 0.00387168 0.0273846 0.0544024 9.9901E-05 9.9901E-05 0.824949 9.9901E-05 9.9901E-05 0.00963437 9.9901E-05 9.9901E-05 9.9901E-05 9.9901E-05 0.0786587
9.9865E-05 9.9865E-05 9.9865E-05 9.9865E-05 9.9865E-05 9.9865E-05 9.9865E-05 9.9865E-05 0.993644 9.9865E-05 9.9865E-05 0.00485769 9.9865E-05 9.9865E-05 9.9865E-05 9.9865E-05 9.9865E-05
0.0132684 9.9919E-05 0.0316289 9.9919E-05 0.000208714 0.00533161 9.9919E-05 0.0286839 0.858745 9.9919E-05 9.9919E-05 9.9919E-05 0.0460836 9.9919E-05 9.9919E-05 0.0151509 9.9919E-05
9.9919E-05 0.0530627 9.9919E-05 9.9919E-05 0.00486512 9.9919E-05 0.0125609 9.9919E-05 0.867547 0.0335889 0.00705426 9.9919E-05 9.9919E-05 9.9919E-05 0.0105879 0.00983446 9.9919E-05
0.00618258 9.9946E-05 0.0165534 9.9946E-05 9.9946E-05 9.9946E-05 0.0261687 0.0966093 0.708957 0.0776682 9.9946E-05 0.0139842 0.00310614 0.0149956 9.9946E-05 0.0144448 0.0207309
0.0994985 9.9901E-05 9.9901E-05 9.9901E-05 0.0132444 9.9901E-05 9.9901E-05 9.9901E-05 0.77339 0.0500964 9.9901E-05 9.9901E-05 9.9901E-05 0.00497496 0.057697 9.9901E-05 9.9901E-05
9.9919E-05 9.9919E-05 9.9919E-05 0.0121887 9.9919E-05 0.128121 9.9919E-05 9.9919E-05 0.0651925 0.0356563 9.9919E-05 0.00251091 9.9919E-05 0.02839 9.9919E-05 0.0115626 0.715479
9.9919E-05 0.0267175 9.9919E-05 9.9919E-05 9.9919E-05 9.9919E-05 0.0194636 9.9919E-05 0.164799 0.0164124 0.29054 0.0119901 9.9919E-05 9.9919E-05 9.9919E-05 0.019988 0.44919
9.9919E-05 0.135491 9.9919E-05 0.0601607 0.0209311 0.0153297 0.0336703 0.0549328 9.9919E-05 9.9919E-05 9.9919E-05 9.9919E-05 9.9919E-05 9.9919E-05 9.9919E-05 0.00516401 0.673421
9.99132E-05 9.99132E-05 9.99132E-05 9.99132E-05 9.99132E-05 0.0144665 9.99132E-05 0.0777326 9.99132E-05 0.139328 0.0423103 9.99132E-05 0.0351574 0.0121498 9.99132E-05 9.99132E-05 0.677856
9.991E-05 9.991E-05 0.0329944 0.0476972 9.991E-05 9.991E-05 0.0494761 9.991E-05 9.991E-05 0.115523 9.991E-05 0.0467924 0.00293933 9.991E-05 9.991E-05 9.991E-05 0.703579
0.0180062 0.147561 9.9946E-05 0.0816468 0.00999676 9.9946E-05 0.035398 9.9946E-05 0.0236848 9.9946E-05 0.0568715 9.9946E-05 9.9946E-05 0.00405581 0.00883809 0.0140372 0.599304
9.9892E-05 0.155373 9.9892E-05 9.9892E-05 9.9892E-05 9.9892E-05 9.9892E-05 9.9892E-05 9.9892E-05 9.9892E-05 9.9892E-05 0.00152739 9.9892E-05 9.9892E-05 0.100923 0.0507182 0.69026
9.9928E-05 0.000943091 9.9928E-05 0.0178664 9.9928E-05 0.0360602 0.0308263 0.0873255 9.9928E-05 9.9928E-05 0.18574 0.0102442 9.9928E-05 9.9928E-05 9.9928E-05 0.0211949 0.609
0.0232618 0.178491 0.0508681 9.99459E-05 9.99459E-05 0.0050967 0.0176535 0.0942951 9.99459E-05 9.99459E-05 9.99459E-05 9.99459E-05 0.0310016 0.0636077 0.0772524 0.0073664 0.450506
9.9901E-05 9.9901E-05 9.9901E-05 9.9901E-05 9.9901E-05 9.9901E-05 9.9901E-05 0.0191758 0.0927943 0.190012 9.9901E-05 9.9901E-05 9.9901E-05 9.9901E-05 0.0201816 0.0127634 0.663974
9.9919E-05 9.9919E-05 9.9919E-05 9.9919E-05 0.0111204 0.0095486 0.0294229 0.00456849 0.0685963 0.0862818 9.9919E-05 0.0371993 9.9919E-05 9.9919E-05 9.9919E-05 9.9919E-05 0.752363
0.0153933 9.991E-05 9.991E-05 9.991E-05 0.0402277 9.991E-05 0.010044 9.991E-05 9.991E-05 0.153078 0.403165 9.991E-05 0.0215625 9.991E-05 9.991E-05 9.991E-05 0.35553
9.993E-05 0.0625249 0.047206 0.0689431 9.993E-05 9.993E-05 0.0118993 0.0708867 9.993E-05 0.0593229 0.124227 9.993E-05 9.993E-05 0.0123865 0.0786219 9.993E-05 0.463282
9.9901E-05 0.124481 0.165051 9.9901E-05 0.0352134 9.9901E-05 9.9901E-05 9.9901E-05 0.128811 9.9901E-05 0.269824 9.9901E-05 9.9901E-05 9.9901E-05 9.9901E-05 9.9901E-05 0.275522
9.9919E-05 9.9919E-05 0.0903708 9.9919E-05 0.0400427 0.0225784 9.9919E-05 9.9919E-05 9.9919E-05 9.9919E-05 0.698738 0.00540359 0.0304841 9.9919E-05 0.0817152 9.9919E-05 0.029768
9.9883E-05 9.9883E-05 0.0814147 9.9883E-05 0.0216279 9.9883E-05 9.9883E-05 9.9883E-05 9.9883E-05 9.9883E-05 0.837346 9.9883E-05 0.0583126 9.9883E-05 9.9883E-05 9.9883E-05 9.9883E-05
9.9874E-05 9.9874E-05 9.9874E-05 9.9874E-05 0.0270744 9.9874E-05 9.9874E-05 9.9874E-05 9.9874E-05 9.9874E-05 0.956808 9.9874E-05 9.9874E-05 0.0147191 9.9874E-05 9.9874E-05 9.9874E-05
0.0685722 9.9883E-05 9.9883E-05 9.9883E-05 9.9883E-05 9.9883E-05 9.9883E-05 0.0183086 9.9883E-05 9.9883E-05 0.899337 9.9883E-05 9.9883E-05 0.0124833 9.9883E-05 9.9883E-05 9.9883E-05
9.98561E-05 9.98561E-05 9.98561E-05 9.98561E-05 9.98561E-05 9.98561E-05 9.98561E-05 9.98561E-05 9.98561E-05 9.98561E-05 0.998402 9.98561E-05 9.98561E-05 9.98561E-05 9.98561E-05 9.98561E-05 9.98561E-05
0.0734085 9.9892E-05 9.9892E-05 9.9892E-05 9.9892E-05 9.9892E-05 0.0214783 9.9892E-05 9.9892E-05 9.9892E-05 0.834958 0.0302129 9.9892E-05 9.9892E-05 0.0387432 9.9892E-05 9.9892E-05
9.9901E-05 0.0575899 0.121835 9.9901E-05 9.9901E-05 9.9901E-05 9.9901E-05 9.9901E-05 9.9901E-05 9.9901E-05 0.739507 0.0595857 0.0184827 9.9901E-05 9.9901E-05 0.00190013 9.9901E-05
9.9901E-05 9.9901E-05 9.9901E-05 0.0285837 9.9901E-05 0.0583126 9.9901E-05 0.0689131 9.9901E-05 9.9901E-05 0.805413 9.9901E-05 9.9901E-05 0.0258809 9.9901E-05 9.9901E-05 0.0117981
9.9908E-05 0.104463 0.128896 9.9908E-05 9.9908E-05 9.9908E-05 9.9908E-05 9.9908E-05 9.9908E-05 9.9908E-05 0.0192032 9.9908E-05 9.9908E-05 0.0227071 9.9908E-05 0.00417251 0.719459
9.9928E-05 9.9928E-05 0.0765523 9.9928E-05 9.9928E-05 9.9928E-05 9.9928E-05 0.0274176 9.9928E-05 0.0010625 0.0099519 0.00363117 0.034204 9.9928E-05 0.143647 0.00106138 0.701673
0.0484785 9.9928E-05 0.0617683 9.9928E-05 0.03504 9.9928E-05 0.00968223 0.0237117 9.9928E-05 9.9928E-05 9.9928E-05 9.9928E-05 0.0346336 9.9928E-05 0.101789 0.0243779 0.659719
0.0966548 0.0564767 0.0170166 9.9919E-05 9.9919E-05 9.9919E-05 9.9919E-05 9.9919E-05 0.0669886 9.9919E-05 9.9919E-05 9.9919E-05 0.00758195 0.00530195 0.0820964 9.9919E-05 0.666984
9.99459E-05 0.03125 0.0753814 9.99459E-05 0.00548054 9.99459E-05 0.00908436 9.99459E-05 9.99459E-05 0.0201262 0.00709037 0.0038913 0.00162851 0.0366895 0.0957923 9.99459E-05 0.712986
0.0897386 0.254999 9.9892E-05 9.9892E-05 0.0417986 9.9892E-05 9.9892E-05 9.9892E-05 9.9892E-05 9.9892E-05 9.9892E-05 9.9892E-05 9.9892E-05 9.9892E-05 9.9892E-05 0.00456369 0.607701
9.9919E-05 0.121608 0.0604154 9.9919E-05 0.0189664 9.9919E-05 9.9919E-05 0.0669125 9.9919E-05 9.9919E-05 0.22558 9.9919E-05 0.0183607 9.9919E-05 0.0977477 9.9919E-05 0.38951
9.9928E-05 9.9928E-05 0.0603875 9.9928E-05 9.9928E-05 9.9928E-05 9.9928E-05 0.0172325 9.9928E-05 0.0887322 0.0558334 0.000522602 9.9928E-05 0.0140239 0.10076 0.0154309 0.646278
9.991E-05 9.991E-05 9.991E-05 9.991E-05 0.0399821 9.991E-05 9.991E-05 9.991E-05 0.00473979 0.0924071 0.0516703 9.991E-05 9.991E-05 0.0377616 9.991E-05 0.0348475 0.737593
9.9928E-05 0.0173243 0.0240928 0.0494948 0.00243072 9.9928E-05 9.9928E-05 9.9928E-05 9.9928E-05 0.120112 9.9928E-05 9.9928E-05 0.0339648 9.9928E-05 0.084157 0.0212945 0.64633
0.0524934 0.0447201 9.9937E-05 9.9937E-05 9.9937E-05 0.0824489 0.00217936 0.0280959 0.0334177 0.050317 0.13714 9.9937E-05 9.9937E-05 9.9937E-05 0.0477239 9.9937E-05 0.520764
9.9919E-05 9.9919E-05 9.9919E-05 9.9919E-05 0.0257375 9.9919E-05 0.0059909 0.0606738 9.9919E-05 9.9919E-05 0.144005 9.9919E-05 9.9919E-05 0.00867628 0.0634679 0.0322877 0.658262
0.133983 9.9901E-05 0.0160369 9.9901E-05 9.9901E-05 9.9901E-05 0.01732 0.0082585 9.9901E-05 9.9901E-05 9.9901E-05 9.9901E-05 0.00372588 9.9901E-05 9.9901E-05 9.9901E-05 0.819577
9.9901E-05 0.895699 9.9901E-05 9.9901E-05 0.027721 9.9901E-05 0.0146832 9.9901E-05 9.9901E-05 9.9901E-05 9.9901E-05 0.0203442 9.9901E-05 0.0201462 9.9901E-05 9.9901E-05 0.0203073
9.98829E-05 0.721974 0.165612 9.98829E-05 9.98829E-05 0.0711615 9.98829E-05 9.98829E-05 9.98829E-05 9.98829E-05 9.98829E-05 9.98829E-05 9.98829E-05 9.98829E-05 9.98829E-05 9.98829E-05 0.0399541
9.9901E-05 0.824118 0.116058 9.9901E-05 9.9901E-05 9.9901E-05 0.00203495 9.9901E-05 9.9901E-05 9.9901E-05 9.9901E-05 9.9901E-05 0.0401399 0.000749009 0.0158007 9.9901E-05 9.9901E-05
9.9928E-05 0.846732 0.03971 0.0345002 0.0028032 0.0183926 9.9928E-05 0.00244527 9.9928E-05 9.9928E-05 9.9928E-05 9.9928E-05 0.0273448 0.0238232 9.9928E-05 0.00344903 9.9928E-05
9.9892E-05 0.916355 9.9892E-05 0.0421288 9.9892E-05 9.9892E-05 9.9892E-05 0.012131 9.9892E-05 9.9892E-05 9.9892E-05 9.9892E-05 0.00657028 9.9892E-05 9.9892E-05 0.0216159 9.9892E-05
0.0747425 0.806103 9.991E-05 9.991E-05 9.991E-05 0.0419533 0.0155416 9.991E-05 9.991E-05 0.0215404 0.0290124 9.991E-05 9.991E-05 0.0101076 9.991E-05 9.991E-05 9.991E-05
9.98561E-05 0.998402 9.98561E-05 9.98561E-05 9.98561E-05 9.98561E-05 9.98561E-05 9.98561E-05 9.98561E-05 9.98561E-05 9.98561E-05 9.98561E-05 9.98561E-05 9.98561E-05 9.98561E-05 9.98561E-05 9.98561E-05
9.991E-05 0.63807 9.991E-05 9.991E-05 9.991E-05 0.0816943 9.991E-05 0.0317601 0.0470926 0.105204 9.991E-05 9.991E-05 0.0416175 9.991E-05 0.0535624 9.991E-05 9.991E-05
