0.601954 9.9973E-05 0.0941135 0.204556 0.0508776 9.9973E-05 0.0481997 9.9973E-05
0.792681 9.99551E-05 0.032246 9.99551E-05 0.174573 9.99551E-05 9.99551E-05 9.99551E-05
0.31576 9.99551E-05 0.049668 0.634073 9.99551E-05 9.99551E-05 9.99551E-05 9.99551E-05
9.994E-05 9.994E-05 9.994E-05 9.994E-05 0.892944 9.994E-05 9.994E-05 0.106456
9.99551E-05 9.99551E-05 9.99551E-05 0.0517728 0.0439226 9.99551E-05 0.903805 9.99551E-05
0.0410472 9.9964E-05 9.9964E-05 0.104182 9.9964E-05 0.0363523 9.9964E-05 0.818019
9.9955E-05 0.732056 9.9955E-05 9.9955E-05 0.141962 0.125483 9.9955E-05 9.9955E-05
0.820668 9.99641E-05 0.00581544 0.0268427 0.146274 9.99641E-05 9.99641E-05 9.99641E-05
9.99461E-05 9.99461E-05 9.99461E-05 9.99461E-05 9.99461E-05 0.608213 9.99461E-05 0.391187
9.99461E-05 0.584551 9.99461E-05 9.99461E-05 9.99461E-05 9.99461E-05 0.414849 9.99461E-05
9.994E-05 0.9993 9.994E-05 9.994E-05 9.994E-05 9.994E-05 9.994E-05 9.994E-05
0.874575 9.9946E-05 9.9946E-05 9.9946E-05 9.9946E-05 9.9946E-05 9.9946E-05 0.124825
9.99731E-05 0.00167003 9.99731E-05 0.205288 9.99731E-05 0.0696036 0.622388 0.10075
9.99641E-05 0.314285 9.99641E-05 0.200886 0.363377 9.99641E-05 0.121052 9.99641E-05
9.994E-05 9.994E-05 9.994E-05 9.994E-05 9.994E-05 9.994E-05 0.9993 9.994E-05
9.994E-05 9.994E-05 9.994E-05 9.994E-05 9.994E-05 0.9993 9.994E-05 9.994E-05
0.809855 9.99551E-05 9.99551E-05 9.99551E-05 0.130509 9.99551E-05 9.99551E-05 0.0591358
9.9973E-05 0.149575 9.9973E-05 0.0503494 9.9973E-05 0.742348 0.0489814 0.00844698
0.0154305 9.99461E-05 9.99461E-05 9.99461E-05 9.99461E-05 9.99461E-05 9.99461E-05 0.98397
9.994E-05 9.994E-05 0.9993 9.994E-05 9.994E-05 9.994E-05 9.994E-05 9.994E-05
0.0423781 9.99551E-05 0.849179 9.99551E-05 9.99551E-05 0.107944 9.99551E-05 9.99551E-05
0.269687 9.99641E-05 0.0210275 9.99641E-05 9.99641E-05 0.543184 9.99641E-05 0.165702
9.99461E-05 9.99461E-05 9.99461E-05 9.99461E-05 9.99461E-05 0.954877 0.0445231 9.99461E-05
9.99461E-05 9.99461E-05 0.234404 9.99461E-05 0.764996 9.99461E-05 9.99461E-05 9.99461E-05
9.99551E-05 9.99551E-05 0.00194836 0.984842 9.99551E-05 9.99551E-05 9.99551E-05 0.0127103
9.99461E-05 9.99461E-05 9.99461E-05 9.99461E-05 9.99461E-05 0.0826091 0.916791 9.99461E-05
9.994E-05 9.994E-05 9.994E-05 9.994E-05 0.9993 9.994E-05 9.994E-05 9.994E-05
9.99641E-05 0.0261633 9.99641E-05 9.99641E-05 0.0877183 9.99641E-05 0.352127 0.533591
0.9993 9.994E-05 9.994E-05 9.994E-05 9.994E-05 9.994E-05 9.994E-05 9.994E-05
0.26496 9.99552E-05 0.00537804 9.99552E-05 9.99552E-05 9.99552E-05 9.99552E-05 0.729163
9.9946E-05 0.496681 9.9946E-05 0.502719 9.9946E-05 9.9946E-05 9.9946E-05 9.9946E-05
9.994E-05 9.994E-05 9.994E-05 0.9993 9.994E-05 9.994E-05 9.994E-05 9.994E-05
9.9955E-05 0.778104 9.9955E-05 9.9955E-05 0.0450588 9.9955E-05 0.176337 9.9955E-05
9.99641E-05 9.99641E-05 9.99641E-05 0.0665618 0.00850851 0.143013 9.99641E-05 0.781516
0.315711 9.9955E-05 9.9955E-05 9.9955E-05 0.663791 9.9955E-05 9.9955E-05 0.0199979
0.0027751 9.9964E-05 0.281033 9.9964E-05 9.9964E-05 0.690989 9.9964E-05 0.0248038
9.99551E-05 9.99551E-05 0.1533 9.99551E-05 9.99551E-05 0.116594 9.99551E-05 0.729606
9.9955E-05 0.0545598 9.9955E-05 9.9955E-05 9.9955E-05 0.0898627 9.9955E-05 0.855078
0.118676 0.793933 9.99551E-05 9.99551E-05 9.99551E-05 9.99551E-05 9.99551E-05 0.0868916
9.99641E-05 9.99641E-05 0.0143938 9.99641E-05 0.0383227 9.99641E-05 0.00521266 0.941671
0.218024 9.9946E-05 9.9946E-05 9.9946E-05 9.9946E-05 9.9946E-05 9.9946E-05 0.781376
0.8684 9.99461E-05 9.99461E-05 9.99461E-05 9.99461E-05 9.99461E-05 9.99461E-05 0.131
9.99462E-05 9.99462E-05 0.963489 9.99462E-05 9.99462E-05 9.99462E-05 0.0359114 9.99462E-05
9.994E-05 9.994E-05 9.994E-05 0.9993 9.994E-05 9.994E-05 9.994E-05 9.994E-05
9.99461E-05 9.99461E-05 0.0848805 9.99461E-05 9.99461E-05 9.99461E-05 0.91452 9.99461E-05
0.900549 0.0114335 9.99641E-05 9.99641E-05 0.0788201 0.00879781 9.99641E-05 9.99641E-05
9.9955E-05 9.9955E-05 0.552454 9.9955E-05 9.9955E-05 0.297066 9.9955E-05 0.14998
9.99462E-05 9.99462E-05 9.99462E-05 9.99462E-05 9.99462E-05 0.187195 9.99462E-05 0.812206
9.99731E-05 0.0154988 0.531124 0.0453291 0.018823 9.99731E-05 0.388925 9.99731E-05
9.99551E-05 0.0229158 0.848848 9.99551E-05 9.99551E-05 9.99551E-05 9.99551E-05 0.127736
