0.0754523 0.771029 0.153419 9.999E-05
9.9982E-05 0.993494 0.00630599 9.9982E-05
0.484749 0.515051 9.9982E-05 9.9982E-05
0.188283 0.478668 9.9991E-05 0.332949
0.631756 9.9982E-05 0.368044 9.9982E-05
0.0654489 0.0299743 9.9991E-05 0.904477
0.86456 9.9982E-05 9.9982E-05 0.13524
9.998E-05 0.9997 9.998E-05 9.998E-05
9.9982E-05 9.9982E-05 0.315042 0.684758
0.809413 9.99821E-05 0.190387 9.99821E-05
0.98742 9.99821E-05 0.0123797 9.99821E-05
9.9982E-05 0.867331 9.9982E-05 0.132469
0.534623 9.9991E-05 0.388447 0.0768306
0.820614 0.129526 9.9991E-05 0.0497604
0.466323 9.9982E-05 0.533477 9.9982E-05
9.99821E-05 9.99821E-05 0.930536 0.069264
9.9982E-05 0.94204 9.9982E-05 0.0577605
0.347787 9.9991E-05 0.370101 0.282012
9.9982E-05 0.0491991 9.9982E-05 0.950601
9.99821E-05 9.99821E-05 0.991825 0.00797545
9.9991E-05 0.0150029 0.805344 0.179553
9.9991E-05 0.117319 0.406095 0.476486
0.0702998 9.9991E-05 0.90193 0.0276706
0.232001 0.473962 0.0597347 0.234302
0.804789 0.161061 9.9991E-05 0.0340496
0.297435 9.998E-05 0.702365 9.998E-05
0.230153 0.760733 9.9991E-05 0.00901405
0.29151 9.999E-05 0.120895 0.587496
9.99821E-05 0.991272 0.00852772 9.99821E-05
9.99821E-05 0.309284 9.99821E-05 0.690516
0.9997 9.998E-05 9.998E-05 9.998E-05
0.9997 9.998E-05 9.998E-05 9.998E-05
0.970204 9.9982E-05 0.0295965 9.9982E-05
0.062786 9.9982E-05 9.9982E-05 0.937014
0.0626824 0.899075 9.9991E-05 0.038143
9.9982E-05 9.9982E-05 0.788885 0.210916
9.9982E-05 9.9982E-05 0.142018 0.857783
0.0834327 9.9982E-05 9.9982E-05 0.916367
0.77906 9.99821E-05 9.99821E-05 0.22074
0.0424713 9.99821E-05 9.99821E-05 0.957329
9.9982E-05 0.198527 9.9982E-05 0.801273
9.9982E-05 0.886658 9.9982E-05 0.113142
9.998E-05 9.998E-05 0.9997 9.998E-05
0.867536 0.132264 9.9982E-05 9.9982E-05
0.338539 9.9982E-05 0.661261 9.9982E-05
9.998E-05 0.9997 9.998E-05 9.998E-05
9.9982E-05 9.9982E-05 0.76721 0.23259
9.99821E-05 9.99821E-05 0.111674 0.888126
0.180233 0.0717077 0.747959 9.9991E-05
9.9982E-05 9.9982E-05 0.672702 0.327098
