0.245626 9.9991E-05 0.754274
0.0317862 0.0226992 0.945515
0.508788 9.9991E-05 0.491112
0.14665 9.9991E-05 0.85325
0.848247 0.151653 9.9991E-05
9.999E-05 0.429804 0.570096
0.892126 0.0966212 0.0112523
0.0441686 9.9991E-05 0.955731
9.9991E-05 0.999439 0.000461457
0.943984 0.0559158 9.9991E-05
0.9998 9.999E-05 9.999E-05
9.999E-05 9.999E-05 0.9998
0.642204 0.357696 9.9991E-05
0.787087 9.9991E-05 0.212813
0.663836 0.336064 9.9991E-05
0.141092 0.858808 9.9991E-05
0.0989311 9.9991E-05 0.900969
0.423012 0.576888 9.9991E-05
9.9991E-05 0.380957 0.618943
0.0974545 0.902445 9.9991E-05
0.074725 0.925175 9.9991E-05
9.9991E-05 0.766523 0.233377
0.244895 0.755005 9.9991E-05
0.225631 0.197466 0.576903
0.734518 9.9991E-05 0.265382
0.521836 0.478064 9.9991E-05
0.300935 9.9991E-05 0.698965
0.212752 0.532284 0.254963
0.0105477 9.99911E-05 0.989352
9.9991E-05 0.29688 0.70302
0.924008 9.9991E-05 0.0758916
0.9998 9.999E-05 9.999E-05
0.9998 9.999E-05 9.999E-05
9.9991E-05 0.555048 0.444852
0.0562103 9.9991E-05 0.94369
0.0592974 0.940603 9.9991E-05
9.9991E-05 0.641458 0.358442
9.9991E-05 0.597794 0.402106
0.687801 0.096846 0.215353
9.9991E-05 0.490792 0.509108
9.9991E-05 0.218484 0.781416
9.999E-05 9.999E-05 0.9998
0.110498 0.889402 9.9991E-05
0.811699 9.9991E-05 0.188201
0.625448 0.374452 9.9991E-05
9.999E-05 9.999E-05 0.9998
9.999E-05 0.9998 9.999E-05
9.9991E-05 0.77215 0.22775
0.469553 0.530347 9.9991E-05
0.122187 0.877713 9.9991E-05
