9.9964E-05 0.00793072 9.9964E-05 0.911434 0.00607495 0.057242 9.9964E-05 0.00450035 0.0124179 9.9964E-05
9.995E-05 9.995E-05 0.00470921 0.714317 9.995E-05 0.0894362 0.119403 9.995E-05 0.0716349 9.995E-05
9.9955E-05 0.0230441 9.9955E-05 0.798903 9.9955E-05 0.067501 0.054993 9.9955E-05 9.9955E-05 0.0550585
9.9946E-05 9.9946E-05 9.9946E-05 0.773791 9.9946E-05 0.207569 0.00180976 9.9946E-05 9.9946E-05 0.0162313
9.996E-05 9.996E-05 9.996E-05 0.77113 0.0243781 0.0241688 0.107107 0.0182943 0.0545216 9.996E-05
9.996E-05 9.996E-05 9.996E-05 0.857223 0.0538517 9.996E-05 0.03046 0.00615917 0.0390426 0.0128639
0.0375097 9.9946E-05 9.9946E-05 0.874762 9.9946E-05 9.9946E-05 0.0856062 0.00152287 9.9946E-05 9.9946E-05
0.0679779 0.0171366 0.0389254 0.801467 0.037386 0.00633748 0.00864489 0.0219243 9.9982E-05 9.9982E-05
0.113346 9.9955E-05 9.9955E-05 0.786354 9.9955E-05 9.9955E-05 0.0563991 9.9955E-05 0.0162108 0.0271906
0.0601194 9.9955E-05 9.9955E-05 0.782158 9.9955E-05 0.0965328 9.9955E-05 0.012794 9.9955E-05 0.0478957
0.0398313 0.00800751 9.9964E-05 0.711493 9.9964E-05 0.198678 9.9964E-05 9.9964E-05 0.0244949 0.0170953
9.99369E-05 9.99369E-05 9.99369E-05 0.693922 9.99369E-05 0.279572 9.99369E-05 9.99369E-05 9.99369E-05 0.0258059
0.0527632 9.9964E-05 9.9964E-05 0.745128 9.9964E-05 0.0850572 9.9964E-05 0.0206053 0.0624512 0.0335956
0.0063143 0.0216332 9.9973E-05 0.72029 0.0488665 0.0395259 0.156349 9.9973E-05 9.9973E-05 0.00672146
9.9964E-05 9.9964E-05 0.0659497 0.771853 0.00892925 0.00985983 0.103139 9.9964E-05 9.9964E-05 0.0398687
9.9946E-05 0.00367626 9.9946E-05 0.857703 9.9946E-05 9.9946E-05 0.136997 0.00102433 9.9946E-05 9.9946E-05
9.9946E-05 9.9946E-05 9.9946E-05 0.95014 0.0216547 9.9946E-05 9.9946E-05 0.00989763 0.0177082 9.9946E-05
9.9937E-05 0.00684099 9.9937E-05 0.926302 0.0661577 9.9937E-05 9.9937E-05 9.9937E-05 9.9937E-05 9.9937E-05
9.9928E-05 9.9928E-05 9.9928E-05 0.927986 0.0712144 9.9928E-05 9.9928E-05 9.9928E-05 9.9928E-05 9.9928E-05
9.9946E-05 9.9946E-05 9.9946E-05 0.880821 0.0692004 9.9946E-05 9.9946E-05 0.0235438 9.9946E-05 0.025835
9.99201E-05 0.999101 9.99201E-05 9.99201E-05 9.99201E-05 9.99201E-05 9.99201E-05 9.99201E-05 9.99201E-05 9.99201E-05
9.9937E-05 0.0179733 9.9937E-05 9.9937E-05 9.9937E-05 0.26427 9.9937E-05 9.9937E-05 9.9937E-05 0.717057
0.0248335 0.0156398 0.00432509 0.0364816 0.0236895 0.0852213 9.9982E-05 0.00800573 9.9982E-05 0.801603
9.9955E-05 0.000426788 9.9955E-05 9.9955E-05 0.0802399 0.0267531 9.9955E-05 0.00313671 9.9955E-05 0.888944
9.9928E-05 0.0373519 9.9928E-05 9.9928E-05 9.9928E-05 9.9928E-05 9.9928E-05 9.9928E-05 9.9928E-05 0.961849
9.99201E-05 9.99201E-05 9.99201E-05 9.99201E-05 9.99201E-05 9.99201E-05 9.99201E-05 9.99201E-05 9.99201E-05 0.999101
9.9955E-05 0.0157285 0.0362237 9.9955E-05 0.0898169 9.9955E-05 0.0286592 9.9955E-05 9.9955E-05 0.829072
9.99201E-05 0.999101 9.99201E-05 9.99201E-05 9.99201E-05 9.99201E-05 9.99201E-05 9.99201E-05 9.99201E-05 9.99201E-05
9.995E-05 0.0187995 0.0310995 9.995E-05 9.995E-05 9.995E-05 0.113957 0.0237464 9.995E-05 0.811898
9.9955E-05 9.9955E-05 9.9955E-05 9.9955E-05 0.0711616 0.119906 0.0398733 9.9955E-05 0.0578478 0.710712
0.0170795 0.0376516 0.0296326 9.9964E-05 9.9964E-05 0.0931723 0.0494271 9.9964E-05 9.9964E-05 0.772637
9.9955E-05 0.0193389 9.9955E-05 9.9955E-05 0.0940351 9.9955E-05 0.0297503 9.9955E-05 0.0347435 0.821632
0.0270741 0.0612425 9.9973E-05 0.0427915 0.063427 9.9973E-05 0.0815364 9.9973E-05 0.0042497 0.719379
0.0543297 0.0311363 9.9964E-05 9.9964E-05 9.9964E-05 0.115645 9.9964E-05 0.0338469 0.0996198 0.665022
9.997E-05 9.997E-05 0.0406009 0.0151833 0.0205006 0.0793306 9.997E-05 0.0287835 0.0869652 0.728336
9.99551E-05 9.99551E-05 9.99551E-05 0.0193642 9.99551E-05 0.405329 0.0908585 9.99551E-05 0.0517982 0.43215
9.9973E-05 0.00525375 0.0584968 0.0131463 0.159004 9.9973E-05 9.9973E-05 0.0168701 0.00632419 0.740605
0.127922 0.0253251 0.0478289 9.9964E-05 0.722977 0.0650239 9.9964E-05 9.9964E-05 0.0105233 9.9964E-05
0.0826588 9.9973E-05 0.158988 9.9973E-05 0.610786 0.0995468 0.0329222 0.0137691 0.0010293 9.9973E-05
9.997E-05 9.997E-05 0.0863639 0.0251471 0.690012 0.0229148 0.0625022 9.997E-05 0.0477582 0.065002
0.143223 0.0143981 0.0115065 0.000671949 0.78868 9.9973E-05 9.9973E-05 9.9973E-05 0.0317908 0.00942901
9.9982E-05 0.0444313 0.0115658 0.0104274 0.68719 0.14912 0.0235793 0.0302743 0.0432121 9.9982E-05
9.998E-05 0.00636291 0.0411582 0.0241766 0.752522 0.0178807 0.0996247 0.00419703 0.0538782 9.998E-05
0.048552 0.0112679 9.9982E-05 0.0160669 0.528417 0.211966 0.131229 0.00707108 0.0452298 9.9982E-05
9.9973E-05 0.026897 0.0447268 9.9973E-05 0.721611 0.14584 0.0502266 0.0072403 9.9973E-05 0.00315806
9.9964E-05 9.9964E-05 0.00200679 0.0570761 0.709094 9.9964E-05 0.132513 0.0190621 9.9964E-05 0.079848
9.996E-05 9.996E-05 0.0347011 9.996E-05 0.81978 9.996E-05 0.0471385 0.0368175 0.0344175 0.0267458
0.14518 0.0148753 0.026091 0.00400612 0.746188 0.0299242 9.9973E-05 9.9973E-05 0.0334357 9.9973E-05
9.9955E-05 0.0613651 9.9955E-05 0.0336096 0.869211 0.0240277 9.9955E-05 9.9955E-05 0.0112872 9.9955E-05
0.115691 0.021768 9.9946E-05 9.9946E-05 0.634967 0.226974 9.9946E-05 9.9946E-05 9.9946E-05 9.9946E-05
0.0693654 0.00857192 0.0267458 0.0165641 0.743632 0.0633156 9.9982E-05 9.9982E-05 0.0328868 0.0387179
9.9955E-05 0.0137313 9.9955E-05 9.9955E-05 0.833961 9.9955E-05 0.121425 9.9955E-05 0.0222742 0.00810844
0.112871 0.00916458 9.99549E-05 9.99549E-05 0.804738 9.99549E-05 9.99549E-05 0.0472475 0.0254793 9.99549E-05
9.995E-05 0.0176978 9.995E-05 0.084307 0.727271 0.151215 9.995E-05 9.995E-05 0.0190089 9.995E-05
9.9964E-05 0.0269193 9.9964E-05 0.0335617 0.744202 9.9964E-05 0.103289 0.027 0.0646289 9.9964E-05
0.0345483 9.9964E-05 0.0793135 0.0238086 0.663102 0.149241 9.9964E-05 9.9964E-05 9.9964E-05 0.049587
9.9964E-05 0.0160609 9.9964E-05 0.0513269 0.733825 9.9964E-05 0.100599 0.0599301 9.9964E-05 0.0378583
9.998E-05 0.02744 0.560804 0.00608564 0.148338 0.119797 0.100424 0.0242052 0.0127065 9.998E-05
0.0323625 0.0257558 0.322166 0.021389 9.9973E-05 0.115402 9.9973E-05 0.0102981 0.472327 9.9973E-05
0.0520511 9.9973E-05 0.541437 0.0209382 0.0268734 0.216869 9.9973E-05 0.0883501 0.0531807 9.9973E-05
9.998E-05 0.00332198 0.576296 0.0295822 0.0622021 0.130278 9.998E-05 0.078312 0.106709 0.0130981
0.133771 9.9946E-05 0.703519 9.9946E-05 9.9946E-05 9.9946E-05 9.9946E-05 0.0495704 0.11254 9.9946E-05
0.0535912 0.0252105 0.651625 0.0257173 0.135287 9.9973E-05 9.9973E-05 0.0380212 0.0702479 9.9973E-05
9.99201E-05 9.99201E-05 9.99201E-05 9.99201E-05 9.99201E-05 9.99201E-05 9.99201E-05 9.99201E-05 0.999101 9.99201E-05
0.0580176 0.0209144 0.347751 9.9973E-05 0.0461275 0.0132362 9.9973E-05 0.021424 0.492229 9.9973E-05
9.997E-05 0.00173815 0.467008 0.0810312 9.997E-05 0.26418 0.0162632 0.0246495 0.14483 9.997E-05
0.0909892 0.0546433 0.545648 0.0411073 0.0526975 9.998E-05 9.998E-05 0.0389083 0.1499 0.0259066
0.144149 0.00333724 0.57051 0.0101047 0.0131243 9.9973E-05 9.9973E-05 0.0746078 0.183867 9.9973E-05
0.0360335 0.0102829 0.665218 9.9973E-05 0.00507493 9.9973E-05 9.9973E-05 0.0816332 0.118513 0.0829451
0.0710295 0.0242337 0.551087 0.0514164 9.99811E-05 9.99811E-05 9.99811E-05 0.0834356 0.162066 0.056432
9.9964E-05 9.9964E-05 0.693026 0.0387275 0.102676 9.9964E-05 0.0167035 0.0375102 0.110957 9.9964E-05
9.9964E-05 0.000125674 0.586223 9.9964E-05 0.0984703 9.9964E-05 0.0626548 0.0474741 0.204652 9.9964E-05
0.0462626 0.00256837 0.609424 9.9973E-05 9.9973E-05 0.046938 9.9973E-05 0.0507464 0.175542 0.0682189
9.998E-05 0.00110975 0.52373 0.00268944 9.998E-05 0.275423 0.090265 0.0506366 0.0318361 0.0241099
9.997E-05 0.0541195 0.457167 9.997E-05 0.239154 0.0175524 0.0978713 0.0209403 0.112896 9.997E-05
0.0870833 9.9973E-05 0.459223 0.0710077 0.263354 9.9973E-05 9.9973E-05 0.0221349 0.0875609 0.00933647
9.9955E-05 9.9955E-05 0.339866 0.0838426 0.486236 9.9955E-05 9.9955E-05 0.0300111 0.0595443 9.9955E-05
9.99201E-05 9.99201E-05 9.99201E-05 9.99201E-05 9.99201E-05 9.99201E-05 9.99201E-05 9.99201E-05 0.999101 9.99201E-05
0.0903061 0.0403626 0.344233 0.0544865 0.166267 9.9982E-05 9.9982E-05 0.0937264 0.18055 0.0298691
9.997E-05 9.997E-05 0.447229 9.997E-05 0.143011 0.0525951 0.0270374 0.0708575 0.237364 0.0216057
9.998E-05 0.0268678 0.549171 0.0576944 0.147012 9.998E-05 0.0324333 0.0700047 0.0651807 0.0514366
0.0894699 0.0329385 0.608811 0.0385626 0.0188107 0.0187297 9.9982E-05 0.0703032 0.122175 9.9982E-05
9.9964E-05 9.9964E-05 0.573897 0.103315 0.0769265 9.9964E-05 0.0176684 0.0826117 0.145181 9.9964E-05
0.135335 9.9991E-05 0.146597 0.0355059 0.226977 0.104942 0.100546 0.0645112 0.115935 0.0695521
0.660485 9.9946E-05 9.9946E-05 9.9946E-05 0.147032 0.086814 9.9946E-05 9.9946E-05 0.105069 9.9946E-05
9.996E-05 9.996E-05 0.459753 9.996E-05 0.151293 0.0403897 0.257501 9.996E-05 0.0600365 0.0306266
9.997E-05 0.00760151 0.614016 0.0420585 0.0868706 9.997E-05 0.109709 0.0401831 0.099262 9.997E-05
9.9955E-05 0.0147501 0.614641 9.9955E-05 0.083557 9.9955E-05 0.223999 9.9955E-05 0.0625525 9.9955E-05
0.0986176 0.0111682 0.658575 0.00581036 0.0729405 0.0202645 0.0602405 0.0721831 9.9982E-05 9.9982E-05
9.99369E-05 9.99369E-05 0.0729904 9.99369E-05 9.99369E-05 0.586454 9.99369E-05 0.339856 9.99369E-05 9.99369E-05
9.997E-05 0.0147753 0.530313 0.0217747 0.105976 9.997E-05 0.0735512 0.0593483 0.193962 9.997E-05
0.0546639 0.00188653 0.627785 9.9964E-05 0.157991 9.9964E-05 9.9964E-05 0.0255756 0.131698 9.9964E-05
9.997E-05 0.0268051 0.384751 0.00307484 9.997E-05 0.495064 0.057644 0.0206738 0.0116875 9.997E-05
9.997E-05 0.00118095 0.255539 0.00820253 9.997E-05 0.589884 9.997E-05 0.0107563 0.0758897 0.0582482
9.9955E-05 9.9955E-05 0.47744 9.9955E-05 9.9955E-05 0.319491 0.0929176 0.00802404 0.101628 9.9955E-05
9.9982E-05 0.0175891 0.499572 0.0778397 9.9982E-05 0.249084 0.0669444 0.0281137 0.0384105 0.0222467
0.0979579 9.9964E-05 0.297913 0.0334422 9.9964E-05 0.349606 9.9964E-05 0.0552206 0.165461 9.9964E-05
9.9973E-05 9.9973E-05 0.634129 0.0611967 0.132247 0.0116584 9.9973E-05 0.0297156 0.124204 0.00654898
0.0573568 9.9973E-05 0.652895 0.000766976 0.0607023 9.9973E-05 9.9973E-05 0.0360157 0.106906 0.0850573
9.9955E-05 9.9955E-05 0.558219 9.9955E-05 0.0460124 0.223031 9.9955E-05 0.0543944 0.117844 9.9955E-05
0.0607121 0.0441339 0.600664 9.9973E-05 9.9973E-05 0.250407 9.9973E-05 0.0429928 0.000323857 0.000466528
0.0342428 0.0297656 0.434038 0.00037955 9.9982E-05 0.091114 0.0843164 0.126716 0.199228 9.9982E-05
9.9964E-05 0.0183116 0.684567 9.9964E-05 0.0336943 9.9964E-05 0.076741 0.0416179 0.144669 9.9964E-05
9.99201E-05 9.99201E-05 9.99201E-05 9.99201E-05 9.99201E-05 9.99201E-05 9.99201E-05 0.999101 9.99201E-05 9.99201E-05
0.151628 0.0181682 0.429458 0.0601691 0.0443408 0.053906 9.9991E-05 0.0807047 0.13504 0.0264852
9.9973E-05 0.00954813 0.591859 9.9973E-05 0.0564994 0.188883 0.00732801 0.0599473 0.0856346 9.9973E-05
0.0776128 0.0085111 0.570727 0.0502235 9.9973E-05 0.177354 9.9973E-05 0.0880826 0.0271893 9.9973E-05
0.0360092 0.0103332 0.595552 0.00922587 0.141288 0.000158307 0.0405267 0.0535225 0.113284 9.9991E-05
0.0212793 9.9982E-05 0.701564 0.00380488 0.0662278 0.0881345 9.9982E-05 0.0102225 0.0998301 0.00873738
0.0257077 9.9982E-05 0.616669 0.00794991 0.0337823 0.168644 9.9982E-05 0.0299677 0.0604805 0.0565987
9.99201E-05 9.99201E-05 9.99201E-05 9.99201E-05 9.99201E-05 9.99201E-05 9.99201E-05 9.99201E-05 0.999101 9.99201E-05
9.99201E-05 9.99201E-05 9.99201E-05 9.99201E-05 9.99201E-05 9.99201E-05 9.99201E-05 0.999101 9.99201E-05 9.99201E-05
9.99201E-05 9.99201E-05 9.99201E-05 9.99201E-05 9.99201E-05 9.99201E-05 9.99201E-05 9.99201E-05 0.999101 9.99201E-05
9.9955E-05 0.00746123 0.408107 9.9955E-05 9.9955E-05 0.438806 9.9955E-05 0.0340419 0.111084 9.9955E-05
9.998E-05 0.030812 0.273779 0.0146723 9.998E-05 0.363305 0.0400002 0.0716347 0.186884 0.0187131
0.0428501 9.998E-05 0.495298 0.0533422 0.012206 0.169431 9.998E-05 0.0651325 0.094966 0.0665738
0.024452 0.020285 0.634772 0.0532289 0.0541336 0.00895626 9.9982E-05 0.0661656 0.137806 9.9982E-05
0.0663078 0.0186901 0.598909 9.9964E-05 0.149874 9.9964E-05 9.9964E-05 0.0585682 0.107251 9.9964E-05
9.99369E-05 9.99369E-05 0.0329895 9.99369E-05 9.99369E-05 0.70459 9.99369E-05 0.261721 9.99369E-05 9.99369E-05
0.121369 9.997E-05 0.408521 0.0063044 0.0394831 0.269625 9.997E-05 0.105275 0.049123 9.997E-05
9.9964E-05 0.0060971 0.631594 0.00936459 9.9964E-05 9.9964E-05 0.174171 0.0183176 9.9964E-05 0.160056
0.00637689 9.9973E-05 0.546003 9.9973E-05 0.0303913 9.9973E-05 0.193917 0.0565209 0.00733946 0.159152
9.997E-05 0.0278511 0.488482 9.997E-05 0.000284319 9.997E-05 0.167149 0.0924584 0.0256642 0.197812
9.9973E-05 0.00136173 0.49163 0.0150636 9.9973E-05 0.0752942 0.170268 0.0260224 9.9973E-05 0.22006
9.9973E-05 9.9973E-05 0.436398 0.00378034 0.0536269 9.9973E-05 0.208379 0.0593025 0.0373681 0.200845
0.225745 9.9964E-05 0.379371 9.9964E-05 9.9964E-05 9.9964E-05 0.00704376 0.0575516 0.00665317 0.323236
0.154228 0.00578682 0.410715 0.00711669 0.0499125 9.998E-05 0.0904563 0.05537 9.998E-05 0.226214
0.0571811 9.997E-05 0.497176 0.0482972 0.000790777 9.997E-05 0.0470523 0.0617714 9.997E-05 0.287431
0.190517 0.0195377 0.40183 0.00360062 0.117211 9.997E-05 9.997E-05 0.0578446 9.997E-05 0.209159
0.00291496 0.0585938 0.54049 9.998E-05 0.101398 0.0147153 0.185045 0.0370004 9.998E-05 0.0596429
0.117318 9.9973E-05 0.470026 0.00780854 0.0868172 9.9973E-05 9.9973E-05 0.0285341 0.0114291 0.277767
0.0627003 9.9955E-05 9.9955E-05 9.9955E-05 0.0384451 9.9955E-05 0.757384 9.9955E-05 0.0633755 0.077595
0.16181 0.0192757 0.0155699 0.0161872 0.0372094 9.9982E-05 0.649229 0.0475712 9.9982E-05 0.0529468
0.031964 0.0281125 0.0351932 0.0302536 0.0471537 9.999E-05 0.77046 0.00578445 0.0263655 0.0246131
0.320317 0.0124455 9.996E-05 0.022575 0.125771 9.996E-05 0.507947 9.996E-05 9.996E-05 0.0105442
0.117949 0.0523181 9.9973E-05 0.0218509 0.105988 0.049565 0.635661 9.9973E-05 0.0163673 9.9973E-05
0.239165 0.0329157 0.064269 0.0199295 9.998E-05 0.0350147 0.575564 0.00419471 0.0287477 9.998E-05
9.9955E-05 9.9955E-05 9.9955E-05 9.9955E-05 0.0811383 9.9955E-05 0.822305 0.0461034 0.00390075 0.0460525
0.460865 0.036182 9.9946E-05 9.9946E-05 9.9946E-05 9.9946E-05 0.476798 0.0255554 9.9946E-05 9.9946E-05
9.99639E-05 0.0264994 9.99639E-05 9.99639E-05 0.00991591 0.263572 0.579268 0.00528273 0.115062 9.99639E-05
9.995E-05 9.995E-05 9.995E-05 0.00720835 0.184372 9.995E-05 0.770949 0.00797389 9.995E-05 0.0289971
0.116405 0.0356052 9.9964E-05 0.00364206 0.10217 9.9964E-05 0.668312 9.9964E-05 0.0734658 9.9964E-05
0.382958 0.0105973 9.9955E-05 0.0472498 0.162906 9.9955E-05 0.39579 9.9955E-05 9.9955E-05 9.9955E-05
0.276512 0.0241833 9.998E-05 0.0133477 0.0231242 0.186439 0.41077 9.998E-05 0.0371484 0.0282754
0.188132 9.995E-05 0.0791784 9.995E-05 9.995E-05 0.327649 0.387661 9.995E-05 0.0168791 9.995E-05
0.8226 9.9955E-05 0.0213577 0.0554892 9.9955E-05 9.9955E-05 9.9955E-05 9.9955E-05 0.00267422 0.0973796
0.574312 9.9937E-05 9.9937E-05 9.9937E-05 9.9937E-05 0.269961 0.155027 9.9937E-05 9.9937E-05 9.9937E-05
0.974001 9.9928E-05 9.9928E-05 9.9928E-05 9.9928E-05 9.9928E-05 9.9928E-05 9.9928E-05 0.0251997 9.9928E-05
0.852273 0.002881 0.0189797 0.0140987 9.9964E-05 0.0456661 0.0657016 9.9964E-05 9.9964E-05 9.9964E-05
0.999101 9.99201E-05 9.99201E-05 9.99201E-05 9.99201E-05 9.99201E-05 9.99201E-05 9.99201E-05 9.99201E-05 9.99201E-05
0.591209 0.0127632 9.9946E-05 9.9946E-05 9.9946E-05 0.259768 0.13566 9.9946E-05 9.9946E-05 9.9946E-05
0.620717 9.996E-05 9.996E-05 0.0120004 9.996E-05 0.326272 0.0221955 0.01542 9.996E-05 0.00299481
0.940712 0.00072088 9.9946E-05 9.9946E-05 0.0131641 9.9946E-05 9.9946E-05 0.0448036 9.9946E-05 9.9946E-05
0.0907403 9.9973E-05 9.9973E-05 0.0312737 9.9973E-05 0.0480012 0.709805 0.0229492 0.084861 0.0120694
0.0309517 9.9955E-05 0.0382687 9.9955E-05 9.9955E-05 0.101049 0.816366 0.012864 9.9955E-05 9.9955E-05
0.0517536 0.00944037 9.998E-05 0.00136982 9.998E-05 0.181671 0.631498 0.0446192 0.00657452 0.0728729
9.9946E-05 9.9946E-05 0.079961 0.0173314 9.9946E-05 0.15608 0.746027 9.9946E-05 9.9946E-05 9.9946E-05
9.9964E-05 0.0226367 9.9964E-05 0.0177011 0.00995065 0.224011 0.717625 9.9964E-05 0.00767507 9.9964E-05
0.119177 0.00118317 9.997E-05 0.0113331 9.997E-05 0.285622 0.55508 0.00397692 0.023328 9.997E-05
0.226366 0.0283635 0.0272162 0.0140711 0.0237583 0.218182 0.461743 9.997E-05 9.997E-05 9.997E-05
9.9955E-05 9.9955E-05 9.9955E-05 9.9955E-05 0.0739251 9.9955E-05 0.844155 0.0368812 0.0104791 0.03406
0.134108 9.9955E-05 9.9955E-05 9.9955E-05 0.0826768 9.9955E-05 0.730174 0.0249294 0.0276117 9.9955E-05
0.0789957 0.0285569 0.0471851 0.0542103 0.102907 9.997E-05 0.678651 0.00919359 9.997E-05 9.997E-05
0.0741869 0.0201458 0.0492277 9.996E-05 0.0662248 9.996E-05 0.697482 9.996E-05 9.996E-05 0.0923333
0.396104 9.9964E-05 0.0263815 9.9964E-05 9.9964E-05 9.9964E-05 0.475215 0.0208649 0.0194229 0.0616114
9.9973E-05 0.0287531 0.0015038 0.00753952 9.9973E-05 0.0184334 0.896083 0.0108049 0.0365823 9.9973E-05
9.9937E-05 9.9937E-05 9.9937E-05 9.9937E-05 0.327126 0.623866 0.0483081 9.9937E-05 9.9937E-05 9.9937E-05
9.99279E-05 9.99279E-05 9.99279E-05 9.99279E-05 0.231837 0.767364 9.99279E-05 9.99279E-05 9.99279E-05 9.99279E-05
9.99279E-05 9.99279E-05 9.99279E-05 9.99279E-05 0.171621 0.82758 9.99279E-05 9.99279E-05 9.99279E-05 9.99279E-05
9.99549E-05 0.017175 9.99549E-05 0.00714469 0.217814 0.678673 0.0786939 9.99549E-05 9.99549E-05 9.99549E-05
0.077511 9.9946E-05 9.9946E-05 0.00826314 0.275145 0.638481 9.9946E-05 9.9946E-05 9.9946E-05 9.9946E-05
0.140709 0.0221782 9.9973E-05 9.9973E-05 0.48964 0.24089 9.9973E-05 0.0224054 0.0124035 0.0714736
9.9928E-05 9.9928E-05 9.9928E-05 9.9928E-05 0.396358 0.602843 9.9928E-05 9.9928E-05 9.9928E-05 9.9928E-05
0.0378505 9.9955E-05 9.9955E-05 0.038787 0.364603 0.389671 9.9955E-05 9.9955E-05 9.9955E-05 0.168589
