9.9937E-05 0.0216549 9.9937E-05 9.9937E-05 9.9937E-05 0.9216 9.9937E-05 0.0372357 0.0153373 9.9937E-05 9.9937E-05 0.00347273
0.0474163 9.9955E-05 0.066289 9.9955E-05 9.9955E-05 0.674477 0.098857 9.9955E-05 0.094 0.00936578 9.9955E-05 0.00909486
9.994E-05 9.994E-05 9.994E-05 9.994E-05 9.994E-05 0.737425 0.00166691 9.994E-05 0.116562 0.0548553 0.0585032 0.0303882
9.9964E-05 9.9964E-05 9.9964E-05 0.0605491 0.00993347 0.748524 0.0160281 9.9964E-05 0.0886017 0.0361221 0.0227008 0.0171405
0.00563993 9.9946E-05 9.9946E-05 0.0873961 0.0172268 0.794221 0.0135367 9.9946E-05 9.9946E-05 0.0813802 9.9946E-05 9.9946E-05
0.0532261 9.9928E-05 9.9928E-05 9.9928E-05 9.9928E-05 0.823334 0.0995877 9.9928E-05 0.0230533 9.9928E-05 9.9928E-05 9.9928E-05
9.9919E-05 0.0378066 9.9919E-05 9.9919E-05 9.9919E-05 0.896572 9.9919E-05 0.0647225 9.9919E-05 9.9919E-05 9.9919E-05 9.9919E-05
0.00284287 9.9955E-05 0.00290728 0.0717569 9.9955E-05 0.792485 9.9955E-05 0.0572364 9.9955E-05 0.060186 9.9955E-05 0.0120858
9.9928E-05 9.9928E-05 9.9928E-05 0.148367 9.9928E-05 0.733175 9.9928E-05 9.9928E-05 0.0280305 0.0896278 9.9928E-05 9.9928E-05
9.9937E-05 9.9937E-05 9.9937E-05 9.9937E-05 0.0257171 0.771292 9.9937E-05 0.107593 0.0762588 9.9937E-05 0.0184395 9.9937E-05
9.9955E-05 9.9955E-05 0.121163 0.0259731 0.016734 0.693775 0.0454451 0.0459093 0.0505016 9.9955E-05 9.9955E-05 9.9955E-05
9.9955E-05 9.9955E-05 0.0483289 9.9955E-05 0.0140937 0.69141 9.9955E-05 0.0235433 0.170775 9.9955E-05 0.0335617 0.0177876
0.0646956 0.0180731 9.9973E-05 0.0217484 0.00886394 0.768985 9.9973E-05 0.00461463 0.0256322 0.0532683 0.0338188 9.9973E-05
9.9955E-05 0.0483527 0.0700926 9.9955E-05 9.9955E-05 0.662539 0.12767 0.0433363 0.0216467 9.9955E-05 0.0258627 9.9955E-05
9.9937E-05 9.9937E-05 0.0339112 0.113083 9.9937E-05 0.794298 9.9937E-05 9.9937E-05 9.9937E-05 9.9937E-05 0.0239667 0.0340417
0.00730857 9.9928E-05 9.9928E-05 0.0384045 9.9928E-05 0.817023 0.136464 9.9928E-05 9.9928E-05 9.9928E-05 9.9928E-05 9.9928E-05
0.0147548 0.0323446 9.9937E-05 9.9937E-05 0.00436072 0.942378 9.9937E-05 9.9937E-05 9.9937E-05 9.9937E-05 9.9937E-05 0.00546267
9.99101E-05 0.0627819 9.99101E-05 9.99101E-05 9.99101E-05 0.936219 9.99101E-05 9.99101E-05 9.99101E-05 9.99101E-05 9.99101E-05 9.99101E-05
9.99101E-05 0.0780532 9.99101E-05 9.99101E-05 9.99101E-05 0.920948 9.99101E-05 9.99101E-05 9.99101E-05 9.99101E-05 9.99101E-05 9.99101E-05
0.00872751 0.0395577 0.00805179 9.9946E-05 0.0124728 0.903513 9.9946E-05 9.9946E-05 9.9946E-05 9.9946E-05 0.0270776 9.9946E-05
9.99008E-05 9.99008E-05 9.99008E-05 9.99008E-05 9.99008E-05 9.99008E-05 9.99008E-05 9.99008E-05 9.99008E-05 9.99008E-05 0.998901 9.99008E-05
9.9928E-05 9.9928E-05 9.9928E-05 9.9928E-05 9.9928E-05 9.9928E-05 9.9928E-05 0.0748642 0.356347 9.9928E-05 0.557708 0.0102818
9.997E-05 9.997E-05 0.0862267 9.997E-05 0.0024232 0.0200178 0.0479676 0.0631161 0.143274 0.0515584 0.581255 0.00386126
0.0113811 0.092234 9.9937E-05 9.9937E-05 0.0365766 9.9937E-05 9.9937E-05 9.9937E-05 0.129999 9.9937E-05 0.72911 9.9937E-05
9.9928E-05 9.9928E-05 9.9928E-05 9.9928E-05 9.9928E-05 0.0127019 9.9928E-05 9.9928E-05 0.0241088 0.147082 0.815308 9.9928E-05
0.00158432 9.9955E-05 9.9955E-05 0.0603767 9.9955E-05 0.0226959 9.9955E-05 9.9955E-05 0.0812425 0.129958 0.702928 0.000715297
9.9955E-05 0.049435 0.0746336 9.9955E-05 9.9955E-05 9.9955E-05 0.0801834 9.9955E-05 0.101062 0.0763296 0.614157 0.00369954
9.99008E-05 9.99008E-05 9.99008E-05 9.99008E-05 9.99008E-05 9.99008E-05 9.99008E-05 9.99008E-05 9.99008E-05 9.99008E-05 0.998901 9.99008E-05
9.9937E-05 9.9937E-05 0.0225069 0.125804 9.9937E-05 9.9937E-05 0.0724621 9.9937E-05 9.9937E-05 0.167095 0.611433 9.9937E-05
0.0154531 0.02981 0.0143425 9.9973E-05 0.0183121 9.9973E-05 0.197509 9.9973E-05 0.116311 0.10338 0.504117 0.000464896
9.9946E-05 9.9946E-05 0.00957564 0.0230483 9.9946E-05 9.9946E-05 0.0990387 9.9946E-05 0.0862133 0.194227 0.587298 9.9946E-05
9.9928E-05 0.152155 9.9928E-05 0.0840577 9.9928E-05 9.9928E-05 9.9928E-05 9.9928E-05 9.9928E-05 0.10808 0.654908 9.9928E-05
0.00852031 0.03918 9.9955E-05 9.9955E-05 9.9955E-05 0.0161402 0.200678 9.9955E-05 9.9955E-05 0.120334 0.609214 0.00543382
0.0439224 9.9946E-05 9.9946E-05 9.9946E-05 0.0196629 9.9946E-05 9.9946E-05 0.187701 9.9946E-05 0.0994148 0.590759 0.05794
0.0119017 0.0399931 0.137009 9.9973E-05 0.0564035 9.9973E-05 0.0658478 9.9973E-05 0.0762241 0.0739025 0.536861 0.00155817
9.99639E-05 9.99639E-05 0.0882481 0.063143 0.0148961 9.99639E-05 0.0321435 0.063263 0.3144 9.99639E-05 0.371209 0.0522973
9.9946E-05 0.188543 0.107436 0.110064 0.0145288 9.9946E-05 9.9946E-05 9.9946E-05 9.9946E-05 9.9946E-05 0.531758 0.0470713
0.0112463 0.649026 0.0575368 9.9955E-05 9.9955E-05 9.9955E-05 9.9955E-05 0.119226 0.123051 0.0365126 9.9955E-05 0.00290214
9.9955E-05 0.693746 0.0600808 0.0146703 0.0402016 9.9955E-05 9.9955E-05 0.0581512 0.0146678 0.117983 9.9955E-05 9.9955E-05
0.0588807 0.680207 9.9937E-05 9.9937E-05 9.9937E-05 9.9937E-05 0.199548 9.9937E-05 9.9937E-05 0.0268209 9.9937E-05 0.033843
9.9928E-05 0.797571 0.0756435 9.9928E-05 9.9928E-05 9.9928E-05 9.9928E-05 0.102781 9.9928E-05 9.9928E-05 9.9928E-05 0.0232053
0.0406632 0.711615 9.9946E-05 9.9946E-05 0.0315969 9.9946E-05 0.10395 9.9946E-05 0.0569145 9.9946E-05 9.9946E-05 0.0546607
9.995E-05 0.788767 0.0115172 9.995E-05 0.0173864 0.0297008 9.995E-05 0.0776077 9.995E-05 0.0500392 9.995E-05 0.0244814
0.0402166 0.521256 9.9973E-05 9.9973E-05 9.9973E-05 0.0269887 0.0437856 0.115799 0.186715 0.0337827 0.00732589 0.0238307
0.0197503 0.71843 0.03547 0.0601737 0.0598411 0.00625382 0.00211697 0.0666728 9.9982E-05 9.9982E-05 0.0118924 0.019199
9.996E-05 0.641274 9.996E-05 0.0732395 0.0248003 0.0316344 0.068965 9.996E-05 0.0714938 0.0620448 0.0261483 9.996E-05
0.0334209 0.862893 9.9928E-05 9.9928E-05 0.024447 9.9928E-05 0.0784397 9.9928E-05 9.9928E-05 9.9928E-05 9.9928E-05 9.9928E-05
9.995E-05 0.764011 9.995E-05 9.995E-05 0.00961118 9.995E-05 0.0131399 0.082717 0.0992689 0.00767501 9.995E-05 0.023077
9.9937E-05 0.901279 9.9937E-05 0.0351036 9.9937E-05 0.0131385 9.9937E-05 9.9937E-05 9.9937E-05 9.9937E-05 0.0227128 0.0270663
0.0195864 0.555257 0.00676406 9.9955E-05 9.9955E-05 9.9955E-05 9.9955E-05 0.0630808 0.336177 9.9955E-05 0.000236745 0.0183983
0.0173033 0.68684 9.9946E-05 9.9946E-05 9.9946E-05 9.9946E-05 0.113974 9.9946E-05 0.127341 0.0329594 9.9946E-05 0.0209831
9.9937E-05 0.834115 9.9937E-05 0.0947227 9.9937E-05 9.9937E-05 0.0289197 9.9937E-05 9.9937E-05 9.9937E-05 0.00478063 0.036762
0.0272213 0.838932 9.99369E-05 9.99369E-05 0.0414747 9.99369E-05 9.99369E-05 0.0457295 9.99369E-05 0.0459433 9.99369E-05 9.99369E-05
9.9964E-05 0.699434 0.0561062 0.0185749 0.000485742 0.0619642 9.9964E-05 9.9964E-05 0.146444 9.9964E-05 0.00656577 0.0100247
0.0527895 0.740941 9.9946E-05 9.9946E-05 0.026972 0.0188684 0.145321 9.9946E-05 9.9946E-05 9.9946E-05 9.9946E-05 0.0145086
0.00160972 0.540609 9.9964E-05 9.9964E-05 9.9964E-05 0.0119516 0.0337789 0.00252666 0.270872 0.0941416 9.9964E-05 0.0441105
9.99557E-05 0.764529 9.99557E-05 9.99557E-05 0.0585174 0.0515486 9.99557E-05 0.0641891 9.99557E-05 0.0240549 0.0347166 0.00194426
0.0112956 0.100899 0.561402 9.9973E-05 0.0484614 0.00434207 0.10441 9.9973E-05 0.0840444 9.9973E-05 0.0436 0.0412455
9.99008E-05 9.99008E-05 9.99008E-05 9.99008E-05 9.99008E-05 9.99008E-05 9.99008E-05 9.99008E-05 9.99008E-05 9.99008E-05 9.99008E-05 0.998901
0.00442003 9.9946E-05 0.59872 9.9946E-05 0.11721 9.9946E-05 9.9946E-05 0.138907 0.108751 9.9946E-05 0.0313915 9.9946E-05
0.0616906 0.0874967 0.519815 9.9973E-05 0.108679 0.0263568 9.9973E-05 0.000189013 0.0643451 0.0991058 9.9973E-05 0.0320217
0.00913849 9.9946E-05 0.635516 9.9946E-05 0.0596303 9.9946E-05 9.9946E-05 9.9946E-05 0.113198 0.144694 9.9946E-05 0.0372235
0.0346764 0.149237 0.662011 9.9946E-05 0.0631243 9.9946E-05 9.9946E-05 0.0814554 9.9946E-05 9.9946E-05 9.9946E-05 0.00889637
0.959704 9.9928E-05 9.9928E-05 0.00600352 0.0102326 9.9928E-05 9.9928E-05 9.9928E-05 9.9928E-05 9.9928E-05 0.0232605 9.9928E-05
9.99008E-05 9.99008E-05 9.99008E-05 9.99008E-05 9.99008E-05 9.99008E-05 9.99008E-05 9.99008E-05 9.99008E-05 9.99008E-05 9.99008E-05 0.998901
0.0822254 9.997E-05 0.515065 9.997E-05 0.0623459 0.0681072 0.0128665 0.0633319 0.152506 0.0117352 9.997E-05 0.0315164
0.10161 0.1094 0.537306 9.9964E-05 0.053623 0.00681413 0.086755 0.00074091 9.9964E-05 9.9964E-05 0.103351 9.9964E-05
0.0781547 0.0382014 0.600152 9.9973E-05 0.0905253 0.00085216 0.0646253 0.035234 9.9973E-05 0.0409883 9.9973E-05 0.0509668
0.0631718 0.0500222 0.65464 0.0214941 0.117909 9.9955E-05 9.9955E-05 9.9955E-05 9.9955E-05 9.9955E-05 0.0769234 0.0153398
0.0490399 9.9964E-05 0.56854 0.030783 0.0965619 0.0349459 9.9964E-05 0.0485394 9.9964E-05 9.9964E-05 0.0701074 0.101082
0.0452406 0.0787699 0.759009 9.9964E-05 0.0601634 0.0154444 0.00111871 0.00143753 9.9964E-05 9.9964E-05 9.9964E-05 0.038416
0.0851033 0.130787 0.616202 0.0108743 0.058849 9.9964E-05 9.9964E-05 9.9964E-05 9.9964E-05 0.0741028 0.00340592 0.0202754
0.0155374 0.0785448 0.58008 9.9973E-05 0.0821296 0.00501308 0.00964335 9.9973E-05 9.9973E-05 0.0737509 0.0567393 0.0982611
0.0493838 9.9946E-05 0.169018 9.9946E-05 0.0218172 9.9946E-05 9.9946E-05 9.9946E-05 0.115633 0.588318 9.9946E-05 0.05523
0.101261 0.268717 0.320177 9.9964E-05 0.0175841 9.9964E-05 0.0928305 9.9964E-05 9.9964E-05 0.158874 0.014997 0.0251586
0.0204548 0.254718 0.49713 9.9955E-05 0.0345772 0.0492883 9.9955E-05 0.117926 9.9955E-05 9.9955E-05 9.9955E-05 0.0254059
0.0288315 0.429233 0.311489 0.00533102 0.0107424 0.0753675 9.9964E-05 9.9964E-05 0.0699161 9.9964E-05 9.9964E-05 0.0686892
0.943361 0.00594892 9.9928E-05 9.9928E-05 0.0231771 9.9928E-05 9.9928E-05 9.9928E-05 9.9928E-05 9.9928E-05 9.9928E-05 0.026714
0.0645664 0.0874905 0.335762 0.197565 0.126327 0.0497932 9.997E-05 9.997E-05 9.997E-05 0.0434647 0.0539402 0.0407915
0.10367 0.210069 0.47418 9.9946E-05 0.101825 9.9946E-05 9.9946E-05 9.9946E-05 9.9946E-05 0.0485935 9.9946E-05 0.0610626
0.0196045 0.140796 0.671826 0.0113127 0.0569678 0.00900807 0.0440646 9.9973E-05 9.9973E-05 9.9973E-05 0.0456111 0.000509171
0.0300074 9.9964E-05 0.685862 0.0624687 0.0828575 0.0117301 9.9964E-05 9.9964E-05 0.100422 9.9964E-05 0.00650174 0.0197512
0.0590424 0.0942857 0.672435 9.9946E-05 0.102259 0.0701915 9.9946E-05 9.9946E-05 9.9946E-05 9.9946E-05 9.9946E-05 0.00118655
0.00133153 0.224825 0.296121 0.163007 0.09476 0.00537689 9.9982E-05 0.109489 0.0379499 9.9982E-05 0.0319727 0.034966
0.0459935 0.173978 0.0347892 0.102041 0.0224484 9.9964E-05 0.216962 0.381249 9.9964E-05 9.9964E-05 9.9964E-05 0.0221392
9.998E-05 0.188644 0.388178 0.117923 0.0144713 0.0323635 0.0690552 0.00348789 9.998E-05 0.104149 0.0211985 0.0603294
0.0390953 0.101671 0.576466 9.9955E-05 0.0866861 0.0131858 0.166966 9.9955E-05 9.9955E-05 9.9955E-05 9.9955E-05 0.0154296
9.9946E-05 0.126531 0.610528 9.9946E-05 0.00122348 9.9946E-05 0.243088 9.9946E-05 9.9946E-05 0.0127228 9.9946E-05 0.00530687
9.9946E-05 0.0912795 0.631007 0.0948561 0.0988083 9.9946E-05 9.9946E-05 9.9946E-05 9.9946E-05 0.0289767 9.9946E-05 0.0544729
9.9928E-05 9.9928E-05 0.082977 9.9928E-05 0.751018 9.9928E-05 9.9928E-05 9.9928E-05 0.125997 9.9928E-05 0.0392085 9.9928E-05
0.168107 0.110304 0.520122 9.9964E-05 0.0668048 9.9964E-05 0.0903517 9.9964E-05 9.9964E-05 0.03779 0.0038904 0.0022304
0.0835113 0.140413 0.619433 0.0810033 0.0500538 9.9946E-05 9.9946E-05 9.9946E-05 9.9946E-05 9.9946E-05 9.9946E-05 0.0249852
9.9955E-05 9.9955E-05 0.441947 9.9955E-05 0.0862881 0.0396364 0.134763 9.9955E-05 0.256522 9.9955E-05 0.00658799 0.0337563
0.0634774 9.9964E-05 0.433851 9.9964E-05 0.0517905 0.0462371 0.0304654 9.9964E-05 0.29885 0.0357031 0.039226 9.9964E-05
0.0393306 9.9946E-05 0.573928 0.0269278 0.030038 9.9946E-05 9.9946E-05 9.9946E-05 0.326053 9.9946E-05 9.9946E-05 0.00312352
9.9964E-05 9.9964E-05 0.577186 9.9964E-05 0.0326741 0.0442491 0.0299807 0.0452851 0.180417 9.9964E-05 0.0447358 0.0450724
0.118317 9.9955E-05 0.195197 9.9955E-05 0.0660782 9.9955E-05 9.9955E-05 0.0474118 0.288889 0.248742 9.9955E-05 0.0348649
0.0464818 0.125568 0.581916 9.9973E-05 0.0618842 0.0339522 0.0214707 9.9973E-05 0.0369699 0.051983 9.9973E-05 0.0394744
0.0457316 0.114707 0.60803 9.9955E-05 0.0704176 9.9955E-05 9.9955E-05 9.9955E-05 9.9955E-05 0.113969 0.0346022 0.0120436
0.0930529 0.0194397 0.52328 0.0889757 0.0849756 9.9964E-05 9.9964E-05 9.9964E-05 0.0963976 0.0310521 9.9964E-05 0.0624262
9.9955E-05 0.0201429 0.62601 9.9955E-05 0.0816224 0.0162808 0.135679 9.9955E-05 0.0526817 9.9955E-05 0.0670833 9.9955E-05
0.0922547 0.0570639 0.418967 9.9982E-05 0.151004 0.00233497 0.100007 0.0717258 9.9982E-05 0.0112438 0.00581072 0.089388
9.9964E-05 0.00553633 0.775003 0.0624792 0.0737352 9.9964E-05 9.9964E-05 0.0421263 9.9964E-05 0.0314231 0.00128759 0.0080091
9.99007E-05 9.99007E-05 9.99007E-05 9.99007E-05 0.998901 9.99007E-05 9.99007E-05 9.99007E-05 9.99007E-05 9.99007E-05 9.99007E-05 9.99007E-05
0.0687713 0.096999 0.411593 9.9973E-05 0.0969478 0.0551566 0.128866 9.9973E-05 0.0022224 0.0598578 9.9973E-05 0.0792865
0.0104301 0.0249877 0.779686 0.00387921 0.087324 9.9964E-05 0.0561887 9.9964E-05 0.0345556 9.9964E-05 0.00254925 9.9964E-05
9.9937E-05 9.9937E-05 0.710478 9.9937E-05 0.10488 0.0209807 0.111848 0.0511141 9.9937E-05 9.9937E-05 9.9937E-05 9.9937E-05
0.021349 0.125644 0.606569 0.0404762 0.0745752 0.00244734 0.0680016 9.9973E-05 9.9973E-05 0.0494819 9.9973E-05 0.0111552
0.0749674 0.0639831 0.588087 0.0198181 0.00619337 0.00264561 9.9973E-05 0.0443761 9.9973E-05 0.189914 9.9973E-05 0.00971572
9.996E-05 0.0371083 0.630584 0.0358902 0.0221803 0.0360048 9.996E-05 9.996E-05 0.0304155 0.184923 0.0224935 9.996E-05
0.998901 9.9901E-05 9.9901E-05 9.9901E-05 9.9901E-05 9.9901E-05 9.9901E-05 9.9901E-05 9.9901E-05 9.9901E-05 9.9901E-05 9.9901E-05
9.99007E-05 9.99007E-05 9.99007E-05 9.99007E-05 0.998901 9.99007E-05 9.99007E-05 9.99007E-05 9.99007E-05 9.99007E-05 9.99007E-05 9.99007E-05
0.998901 9.99009E-05 9.99009E-05 9.99009E-05 9.99009E-05 9.99009E-05 9.99009E-05 9.99009E-05 9.99009E-05 9.99009E-05 9.99009E-05 9.99009E-05
0.0150891 9.9946E-05 0.564216 0.0343717 0.115993 9.9946E-05 9.9946E-05 9.9946E-05 0.215118 9.9946E-05 9.9946E-05 0.0546128
0.0753952 9.9964E-05 0.459263 0.138511 0.126629 0.0359136 9.9964E-05 9.9964E-05 0.0998299 9.9964E-05 0.0310003 0.0330586
0.0348853 9.9973E-05 0.531891 9.9973E-05 0.0980604 0.0349918 9.9973E-05 0.128506 0.0800554 0.0274746 0.0312436 0.0325918
0.051898 0.122584 0.658478 9.9955E-05 0.0793349 0.0528991 9.9955E-05 9.9955E-05 9.9955E-05 9.9955E-05 0.0167427 0.0175636
0.0828272 0.211075 0.551744 9.9964E-05 0.0670198 0.00101761 9.9964E-05 0.0195642 9.9964E-05 9.9964E-05 0.0331498 0.0332017
9.9919E-05 9.9919E-05 0.0652315 9.9919E-05 0.658743 9.9919E-05 9.9919E-05 9.9919E-05 0.275126 9.9919E-05 9.9919E-05 9.9919E-05
0.0297976 0.0695322 0.518951 9.9964E-05 0.104822 0.07476 0.0317079 0.00424346 0.165785 9.9964E-05 9.9964E-05 9.9964E-05
9.9937E-05 9.9937E-05 0.12306 0.0435356 9.9937E-05 9.9937E-05 9.9937E-05 9.9937E-05 0.029276 0.746024 9.9937E-05 0.057405
0.0536932 9.9928E-05 9.9928E-05 9.9928E-05 0.00858888 9.9928E-05 0.0431986 9.9928E-05 9.9928E-05 0.89372 9.9928E-05 9.9928E-05
0.0718396 9.9937E-05 9.9937E-05 9.9937E-05 0.023298 9.9937E-05 0.0569763 9.9937E-05 9.9937E-05 0.832138 0.015049 9.9937E-05
0.00679402 9.9946E-05 0.0354046 9.9946E-05 9.9946E-05 9.9946E-05 9.9946E-05 0.00268559 0.0921301 0.861213 9.9946E-05 0.00117329
0.0494264 0.0222152 9.9955E-05 9.9955E-05 0.031242 0.0157542 0.0876496 9.9955E-05 9.9955E-05 0.792161 0.00105179 9.9955E-05
9.9937E-05 9.9937E-05 9.9937E-05 0.0179465 9.9937E-05 9.9937E-05 9.9937E-05 0.0265973 9.9937E-05 0.858657 0.0681233 0.0279766
9.9937E-05 0.00382865 9.9937E-05 9.9937E-05 9.9937E-05 0.0105557 9.9937E-05 0.0225341 9.9937E-05 0.95571 0.0066717 9.9937E-05
9.994E-05 9.994E-05 0.0432919 9.994E-05 0.0159258 0.0420104 9.994E-05 9.994E-05 0.0426675 0.8479 0.00760436 9.994E-05
9.9919E-05 0.0777179 9.9919E-05 0.0593587 9.9919E-05 9.9919E-05 9.9919E-05 9.9919E-05 9.9919E-05 0.862024 9.9919E-05 9.9919E-05
0.038455 0.0858184 0.0612992 9.9946E-05 0.0170111 9.9946E-05 0.0533476 9.9946E-05 9.9946E-05 0.743469 9.9946E-05 9.9946E-05
0.0202591 0.0408263 0.0600441 9.996E-05 9.996E-05 9.996E-05 9.996E-05 0.0103551 0.0194562 0.756701 0.0810965 0.010862
0.0297295 9.9937E-05 9.9937E-05 0.94646 9.9937E-05 0.00424949 9.9937E-05 9.9937E-05 9.9937E-05 0.00149965 0.0173622 9.9937E-05
9.9937E-05 9.9937E-05 9.9937E-05 0.801484 0.0146601 0.00803949 9.9937E-05 0.111124 9.9937E-05 0.063993 9.9937E-05 9.9937E-05
0.00231473 0.0413104 0.00945297 0.421324 9.9982E-05 0.0275148 0.355163 0.044366 0.00741415 9.9982E-05 0.081401 0.0095391
9.9919E-05 0.0870554 9.9919E-05 9.9919E-05 9.9919E-05 0.0128157 0.89923 9.9919E-05 9.9919E-05 9.9919E-05 9.9919E-05 9.9919E-05
0.013426 0.00709463 9.9946E-05 0.863182 0.00285532 0.0216831 9.9946E-05 9.9946E-05 0.0911592 9.9946E-05 9.9946E-05 9.9946E-05
0.00979437 9.99627E-05 9.99627E-05 0.824917 0.021375 0.0248131 0.0486122 9.99627E-05 0.0628282 9.99627E-05 9.99627E-05 0.00715983
9.9937E-05 0.000312693 9.9937E-05 0.742189 0.0573237 9.9937E-05 0.197429 9.9937E-05 9.9937E-05 9.9937E-05 0.00204564 9.9937E-05
9.9937E-05 9.9937E-05 0.00312448 0.753558 9.9937E-05 9.9937E-05 0.134212 0.084292 9.9937E-05 0.0241135 9.9937E-05 9.9937E-05
0.0563711 9.9982E-05 0.0415082 0.176923 0.0387615 0.0378295 0.337485 0.037921 0.228225 9.9982E-05 0.0370262 0.00775021
9.991E-05 0.0733855 9.991E-05 0.925615 9.991E-05 9.991E-05 9.991E-05 9.991E-05 9.991E-05 9.991E-05 9.991E-05 9.991E-05
0.0254502 0.0289569 9.9955E-05 0.856679 9.9955E-05 0.012228 9.9955E-05 0.030972 9.9955E-05 9.9955E-05 0.010983 0.0342309
9.9937E-05 0.0940313 9.9937E-05 0.551464 9.9937E-05 0.00447389 9.9937E-05 0.331994 9.9937E-05 9.9937E-05 9.9937E-05 0.0173375
9.9955E-05 9.9955E-05 0.0647718 0.683731 0.0147829 9.9955E-05 9.9955E-05 0.132045 0.0782646 9.9955E-05 0.0135134 0.0123912
9.9946E-05 9.9946E-05 0.138013 0.363237 9.9946E-05 9.9946E-05 9.9946E-05 0.263298 0.191745 0.0225224 9.9946E-05 0.0205851
9.9946E-05 9.9946E-05 0.0481491 9.9946E-05 9.9946E-05 0.0202019 0.148016 0.701865 9.9946E-05 9.9946E-05 0.0543437 0.0268243
9.9928E-05 9.9928E-05 9.9928E-05 9.9928E-05 9.9928E-05 0.025871 9.9928E-05 0.948718 0.0101816 9.9928E-05 9.9928E-05 0.0144301
9.9928E-05 9.9928E-05 9.9928E-05 0.0248787 9.9928E-05 9.9928E-05 9.9928E-05 0.940446 9.9928E-05 0.0178009 9.9928E-05 0.0160748
9.9946E-05 9.9946E-05 0.0413442 0.0792116 9.9946E-05 0.00199216 0.0075233 0.832857 9.9946E-05 0.0364722 9.9946E-05 9.9946E-05
9.9901E-05 9.9901E-05 9.9901E-05 9.9901E-05 9.9901E-05 9.9901E-05 9.9901E-05 0.998901 9.9901E-05 9.9901E-05 9.9901E-05 9.9901E-05
0.0295976 9.99369E-05 9.99369E-05 9.99369E-05 9.99369E-05 9.99369E-05 0.0695732 0.826536 0.0356157 9.99369E-05 0.0379776 9.99369E-05
9.9937E-05 9.9937E-05 9.9937E-05 9.9937E-05 0.02543 0.0137696 9.9937E-05 0.814953 0.135421 9.9937E-05 9.9937E-05 0.00972611
9.9937E-05 0.0327857 9.9937E-05 0.0125608 9.9937E-05 9.9937E-05 0.114998 0.773811 9.9937E-05 0.0651448 9.9937E-05 9.9937E-05
0.0386477 9.9937E-05 9.9937E-05 9.9937E-05 0.0143625 9.9937E-05 0.899683 0.0221504 9.9937E-05 0.0244564 9.9937E-05 9.9937E-05
9.9946E-05 9.9946E-05 9.9946E-05 0.0235334 0.00426644 0.00168271 0.953797 9.9946E-05 0.00343965 0.0126812 9.9946E-05 9.9946E-05
9.995E-05 9.995E-05 9.995E-05 0.0181621 0.0559865 0.0151083 0.836104 9.995E-05 0.0255752 9.995E-05 0.0197447 0.0288197
9.9946E-05 9.9946E-05 0.0671984 0.147715 9.9946E-05 0.0203884 0.620362 9.9946E-05 0.104795 9.9946E-05 0.0389405 9.9946E-05
0.0403887 9.99279E-05 9.99279E-05 0.594052 9.99279E-05 9.99279E-05 0.12873 9.99279E-05 0.236029 9.99279E-05 9.99279E-05 9.99279E-05
0.0209388 9.9946E-05 9.9946E-05 0.0723986 9.9946E-05 0.0241073 0.660047 9.9946E-05 0.191859 9.9946E-05 9.9946E-05 0.0300499
9.996E-05 0.0219083 9.996E-05 9.996E-05 9.996E-05 0.0205173 0.493759 0.226992 0.134533 0.0425778 0.012444 0.0468687
0.000188469 0.0280322 9.9937E-05 9.9937E-05 0.0300468 9.9937E-05 0.914012 9.9937E-05 9.9937E-05 9.9937E-05 9.9937E-05 0.0270211
9.9928E-05 0.0431186 9.9928E-05 0.825036 9.9928E-05 9.9928E-05 0.100776 9.9928E-05 9.9928E-05 9.9928E-05 9.9928E-05 0.0302695
9.9955E-05 0.0526808 0.0496173 0.307641 9.9955E-05 0.0472756 0.480185 9.9955E-05 0.0470672 0.015033 9.9955E-05 9.9955E-05
9.9928E-05 0.146667 9.9928E-05 9.9928E-05 9.9928E-05 9.9928E-05 0.804281 9.9928E-05 9.9928E-05 0.0188335 0.02942 9.9928E-05
9.9919E-05 9.9919E-05 9.9919E-05 9.9919E-05 0.0121035 9.9919E-05 0.969835 9.9919E-05 9.9919E-05 9.9919E-05 9.9919E-05 0.0171618
0.0131111 9.9937E-05 0.0117624 0.365992 0.00287526 9.9937E-05 0.60556 9.9937E-05 9.9937E-05 9.9937E-05 9.9937E-05 9.9937E-05
0.0179974 0.0984675 9.9928E-05 9.9928E-05 9.9928E-05 9.9928E-05 9.9928E-05 9.9928E-05 0.870669 9.9928E-05 9.9928E-05 0.0120669
9.9928E-05 0.0211408 9.9928E-05 0.0118252 0.0338678 9.9928E-05 9.9928E-05 9.9928E-05 0.932367 9.9928E-05 9.9928E-05 9.9928E-05
0.0130907 9.9928E-05 9.9928E-05 9.9928E-05 0.00370199 0.010833 9.9928E-05 9.9928E-05 0.971575 9.9928E-05 9.9928E-05 9.9928E-05
0.0134494 0.0600569 9.9946E-05 9.9946E-05 9.9946E-05 0.0253707 0.066292 9.9946E-05 0.820313 9.9946E-05 9.9946E-05 0.0139185
9.9919E-05 0.0435093 9.9919E-05 9.9919E-05 0.00129231 9.9919E-05 9.9919E-05 9.9919E-05 0.954299 9.9919E-05 9.9919E-05 9.9919E-05
0.048404 0.354909 9.9946E-05 0.117993 0.02502 9.9946E-05 9.9946E-05 9.9946E-05 0.435262 9.9946E-05 0.0178133 9.9946E-05
9.991E-05 0.20277 9.991E-05 9.991E-05 9.991E-05 9.991E-05 9.991E-05 9.991E-05 0.796231 9.991E-05 9.991E-05 9.991E-05
9.9937E-05 0.282003 9.9937E-05 9.9937E-05 9.9937E-05 0.0322332 9.9937E-05 9.9937E-05 0.528118 0.0973635 0.0595824 9.9937E-05
