9.9928E-05 9.9928E-05 9.9928E-05 9.9928E-05 0.00254829 9.9928E-05 9.9928E-05 9.9928E-05 9.9928E-05 0.0236917 0.942412 0.0305488
0.0185247 0.0103868 0.117196 9.9946E-05 9.9946E-05 0.129283 9.9946E-05 9.9946E-05 9.9946E-05 0.0494085 0.674602 9.9946E-05
9.9955E-05 0.0639669 0.0355586 9.9955E-05 9.9955E-05 0.00896122 0.0873269 0.0345768 0.00307645 9.9955E-05 0.766033 9.9955E-05
0.0113697 0.00411385 0.0668049 0.0426581 0.00471512 0.04198 0.026971 0.0375207 9.9973E-05 9.9973E-05 0.763567 9.9973E-05
0.0110762 9.9955E-05 0.0627315 9.9955E-05 9.9955E-05 9.9955E-05 0.0884318 9.9955E-05 0.0274277 0.0288933 0.76415 0.0167894
0.030075 0.00284265 9.9955E-05 0.0564711 0.0175433 0.0134398 9.9955E-05 9.9955E-05 9.9955E-05 9.9955E-05 0.850405 0.0287238
9.9928E-05 9.9928E-05 0.0567762 9.9928E-05 0.02371 9.9928E-05 0.0270847 9.9928E-05 9.9928E-05 9.9928E-05 0.89163 9.9928E-05
0.00392472 9.9964E-05 0.0371214 0.0263872 0.0154161 0.0962634 0.0365776 9.9964E-05 9.9964E-05 9.9964E-05 0.780607 0.00330221
0.0114115 0.0191531 0.0681798 0.0722661 9.9955E-05 0.00779704 0.0628115 9.9955E-05 9.9955E-05 9.9955E-05 0.757881 9.9955E-05
9.9946E-05 9.9946E-05 9.9946E-05 0.0662026 0.0167796 0.028468 9.9946E-05 0.0808129 9.9946E-05 0.0164865 0.790651 9.9946E-05
0.00274978 0.0283294 0.117028 0.00674667 9.9964E-05 0.146254 9.9964E-05 0.010143 9.9964E-05 0.00175941 0.68659 9.9964E-05
0.0187161 0.0327953 0.0817839 9.9964E-05 0.028102 0.0629007 9.9964E-05 0.0603933 9.9964E-05 9.9964E-05 0.713845 0.00106392
9.9964E-05 0.018244 9.9964E-05 0.0241174 9.9964E-05 9.9964E-05 0.104501 0.00869141 0.0403291 0.046905 0.729934 0.0268785
9.9964E-05 0.0216412 0.0682534 0.0642723 9.9964E-05 0.0527065 9.9964E-05 0.0507792 9.9964E-05 0.0376683 0.667972 0.0363077
9.9946E-05 0.015387 0.0216068 9.9946E-05 9.9946E-05 0.146445 0.0455327 0.00793253 9.9946E-05 9.9946E-05 0.762496 9.9946E-05
0.00438102 9.9937E-05 0.101343 0.021068 9.9937E-05 9.9937E-05 0.0305111 9.9937E-05 9.9937E-05 9.9937E-05 0.841997 9.9937E-05
0.0171979 9.9928E-05 9.9928E-05 9.9928E-05 0.00821427 9.9928E-05 9.9928E-05 9.9928E-05 0.0582731 9.9928E-05 0.915515 9.9928E-05
0.0019775 9.9919E-05 9.9919E-05 9.9919E-05 9.9919E-05 9.9919E-05 9.9919E-05 9.9919E-05 0.0637578 9.9919E-05 0.933365 9.9919E-05
9.9919E-05 9.9919E-05 9.9919E-05 9.9919E-05 9.9919E-05 9.9919E-05 9.9919E-05 9.9919E-05 0.0878379 0.0155586 0.895704 9.9919E-05
0.00189964 9.9955E-05 9.9955E-05 9.9955E-05 0.011817 0.0298575 9.9955E-05 0.0023825 0.0446553 9.9955E-05 0.888528 0.0203605
9.99009E-05 9.99009E-05 9.99009E-05 9.99009E-05 9.99009E-05 9.99009E-05 9.99009E-05 0.998901 9.99009E-05 9.99009E-05 9.99009E-05 9.99009E-05
9.9937E-05 9.9937E-05 9.9937E-05 0.0960221 9.9937E-05 0.148 9.9937E-05 0.655764 9.9937E-05 0.0342334 9.9937E-05 0.0652805
9.9964E-05 9.9964E-05 0.0844033 0.0155929 0.0310875 0.0379308 9.9964E-05 0.614857 0.0884571 9.9964E-05 0.0322402 0.0950318
0.0176648 9.9946E-05 9.9946E-05 9.9946E-05 0.0210847 9.9946E-05 0.00766405 0.757012 0.0316027 9.9946E-05 9.9946E-05 0.164372
9.9946E-05 9.9946E-05 9.9946E-05 0.0377956 0.0179717 0.0279459 0.043004 0.871052 0.00163139 9.9946E-05 9.9946E-05 9.9946E-05
0.00765108 0.00812232 9.9946E-05 9.9946E-05 0.0157065 9.9946E-05 0.156968 0.783842 9.9946E-05 9.9946E-05 0.0271102 9.9946E-05
9.9946E-05 0.00550876 0.0123864 9.9946E-05 9.9946E-05 9.9946E-05 0.162926 0.672758 0.0566852 9.9946E-05 9.9946E-05 0.0891355
9.99008E-05 9.99008E-05 9.99008E-05 9.99008E-05 9.99008E-05 9.99008E-05 9.99008E-05 0.998901 9.99008E-05 9.99008E-05 9.99008E-05 9.99008E-05
9.9946E-05 9.9946E-05 0.134789 9.9946E-05 0.00922004 0.0286734 0.146093 0.649437 0.0311883 9.9946E-05 9.9946E-05 9.9946E-05
9.9964E-05 9.9964E-05 9.9964E-05 0.109477 0.0094972 9.9964E-05 0.124926 0.517728 0.173296 0.013038 0.0198544 0.031784
9.9937E-05 0.0292169 0.108979 9.9937E-05 9.9937E-05 0.0882623 0.118191 0.654651 9.9937E-05 9.9937E-05 9.9937E-05 9.9937E-05
0.0154258 9.9955E-05 0.00809933 0.0177024 9.9955E-05 9.9955E-05 0.14983 0.634836 0.041645 9.9955E-05 9.9955E-05 0.131961
9.995E-05 0.0137493 9.995E-05 0.0955408 9.995E-05 9.995E-05 0.1658 0.604673 9.995E-05 0.0852609 0.0141162 0.0203605
9.9955E-05 0.0346758 0.0125656 0.101703 0.00800209 0.152422 9.9955E-05 0.61635 9.9955E-05 0.073782 9.9955E-05 9.9955E-05
0.0107189 0.0185706 0.0286577 0.00642052 0.0241992 0.122765 0.117901 0.542425 0.05895 0.035771 0.0130188 0.0206025
0.00131958 0.0726774 0.193351 9.99549E-05 9.99549E-05 0.183901 9.99549E-05 0.396062 9.99549E-05 0.0793786 0.0728101 9.99549E-05
0.00354532 0.028064 0.00804394 0.0449349 0.0176224 0.00470778 9.9973E-05 0.604236 0.223658 9.9973E-05 9.9973E-05 0.0648878
9.9937E-05 0.0104021 9.9937E-05 0.11536 9.9937E-05 9.9937E-05 9.9937E-05 0.0350121 0.20828 9.9937E-05 9.9937E-05 0.630246
0.0254144 9.9955E-05 0.0707229 9.9955E-05 9.9955E-05 0.00278861 0.118731 9.9955E-05 0.107655 0.0604657 9.9955E-05 0.613723
0.0258466 0.0356625 0.0802244 0.000542507 0.00871847 0.103553 0.0812129 9.9982E-05 0.0147348 9.9982E-05 0.000323509 0.648981
0.016985 9.9946E-05 9.9946E-05 0.0988356 9.9946E-05 0.108218 9.9946E-05 0.00726402 0.0893166 9.9946E-05 9.9946E-05 0.678781
0.0250179 0.0552871 0.09699 9.9964E-05 0.0173143 9.9964E-05 9.9964E-05 9.9964E-05 0.0940639 0.0318448 0.00403755 0.675045
0.0116547 0.0229599 0.06169 9.9964E-05 0.00355721 9.9964E-05 0.0861585 9.9964E-05 0.0243395 0.0337112 9.9964E-05 0.755529
0.0231301 0.0325455 0.126855 0.071471 9.9973E-05 9.9973E-05 0.0113584 9.9973E-05 0.0376079 0.0704211 0.0481286 0.578182
0.00436712 0.00735148 0.079701 9.9955E-05 9.9955E-05 9.9955E-05 9.9955E-05 0.0209287 0.0704111 0.136171 9.9955E-05 0.68057
9.9946E-05 9.9946E-05 0.113223 9.9946E-05 0.0159205 9.9946E-05 0.0409354 9.9946E-05 0.156251 9.9946E-05 0.0265726 0.646498
0.0509906 9.9946E-05 0.0523596 9.9946E-05 0.0213203 0.058596 9.9946E-05 9.9946E-05 0.0336099 9.9946E-05 9.9946E-05 0.782524
0.00464895 0.0183115 9.9964E-05 0.16247 0.0111573 9.9964E-05 0.0106144 9.9964E-05 0.0196044 0.0097926 9.9964E-05 0.763001
0.0368001 0.0107535 9.9973E-05 0.0197833 0.00249672 9.9973E-05 9.9973E-05 0.031458 0.051404 0.000212787 0.000267637 0.846524
9.9946E-05 0.0260101 9.9946E-05 0.193337 0.0100125 9.9946E-05 9.9946E-05 9.9946E-05 0.105151 0.0115097 9.9946E-05 0.65338
0.0287815 9.9937E-05 9.9937E-05 9.9937E-05 0.0110269 0.0746668 0.0442645 9.9937E-05 9.9937E-05 9.9937E-05 9.9937E-05 0.840561
0.0154966 0.045811 0.12892 9.9946E-05 9.9946E-05 9.9946E-05 9.9946E-05 9.9946E-05 0.0703273 0.0103093 9.9946E-05 0.728536
9.9937E-05 9.9937E-05 9.9937E-05 0.0864898 0.0672677 9.9937E-05 0.0460099 9.9937E-05 9.9937E-05 0.0482239 9.9937E-05 0.751309
0.0298307 0.00937893 9.9946E-05 9.9946E-05 9.9946E-05 0.0960709 9.9946E-05 9.9946E-05 0.0309497 9.9946E-05 0.087134 0.746036
0.027109 0.021814 0.0799942 9.9964E-05 0.0378618 9.9964E-05 9.9964E-05 9.9964E-05 0.126602 0.00854618 0.01003 0.687643
0.0187626 0.0031789 0.0203754 0.0946176 9.9991E-05 0.0669175 0.00814265 0.0151169 0.0949127 0.0340989 0.012539 0.631238
9.9973E-05 0.0214392 0.092378 9.9973E-05 0.0384174 0.0200253 0.0219781 0.0374152 9.9973E-05 0.0107064 0.0507696 0.706571
9.9964E-05 0.0281039 0.0765434 9.9964E-05 9.9964E-05 0.505036 0.0381373 0.00907398 0.146517 0.0993701 9.9964E-05 0.0968181
9.99008E-05 0.998901 9.99008E-05 9.99008E-05 9.99008E-05 9.99008E-05 9.99008E-05 9.99008E-05 9.99008E-05 9.99008E-05 9.99008E-05 9.99008E-05
9.9964E-05 9.9964E-05 9.9964E-05 0.097826 0.0339978 0.455746 0.0701846 0.0181727 0.16015 0.149895 9.9964E-05 0.0136286
9.9964E-05 0.015766 9.9964E-05 9.9964E-05 0.0131285 0.422858 0.228529 9.9964E-05 0.12414 0.144571 0.00297527 0.0476319
0.0319525 0.0415199 9.9955E-05 9.9955E-05 0.000422246 0.412591 0.164741 9.9955E-05 0.280397 0.0678761 9.9955E-05 9.9955E-05
0.0137016 0.00235318 9.9982E-05 0.0537747 0.00909437 0.477204 0.0695593 9.9982E-05 0.300139 0.0332876 0.00426956 0.0364168
9.99008E-05 9.99008E-05 9.99008E-05 9.99008E-05 9.99008E-05 9.99008E-05 9.99008E-05 9.99008E-05 9.99008E-05 0.998901 9.99008E-05 9.99008E-05
9.99008E-05 0.998901 9.99008E-05 9.99008E-05 9.99008E-05 9.99008E-05 9.99008E-05 9.99008E-05 9.99008E-05 9.99008E-05 9.99008E-05 9.99008E-05
0.0362903 0.0257091 9.9973E-05 0.0501678 0.015691 0.557608 0.103422 9.9973E-05 9.9973E-05 0.126429 0.0625191 0.0218636
0.0290466 0.0415243 9.9973E-05 0.0606663 0.0207377 0.351323 9.9973E-05 0.107565 0.333475 0.0197608 0.0356015 9.9973E-05
0.0205961 0.0616446 9.9973E-05 0.0380495 0.0399524 0.239111 0.112941 9.9973E-05 0.401342 0.0843545 0.00170869 9.9973E-05
0.00726786 0.0502601 9.9964E-05 9.9964E-05 0.0110511 0.248621 0.0745801 0.0541532 0.410263 0.143404 9.9964E-05 9.9964E-05
0.0235489 0.130645 0.00228343 9.9982E-05 0.0512664 0.296216 0.0162155 0.0645111 0.300182 0.0761009 0.0388301 9.9982E-05
0.0222827 0.0480055 9.9964E-05 9.9964E-05 0.0190036 0.365758 0.117966 9.9964E-05 0.332173 0.0811041 0.0133072 9.9964E-05
0.0142707 0.00973955 9.9964E-05 9.9964E-05 0.0276504 0.325853 0.269713 9.9964E-05 0.218499 0.130126 9.9964E-05 0.00374832
0.0131268 0.0831346 9.9973E-05 9.9973E-05 0.0153749 0.398287 0.0608745 0.0403146 0.2647 0.100724 9.9973E-05 0.0231638
0.0281141 0.0534099 0.037877 9.9964E-05 0.0071715 0.472986 0.335456 9.9964E-05 9.9964E-05 0.0296873 9.9964E-05 0.0348985
0.0293282 0.0248621 9.9964E-05 9.9964E-05 9.9964E-05 0.0132448 0.31124 0.0272573 0.313723 0.095967 9.9964E-05 0.183978
9.9973E-05 0.0272309 9.9973E-05 0.0329353 0.01585 0.153127 0.0127909 9.9973E-05 0.483725 0.0594315 0.0427967 0.171812
0.041409 0.0681291 9.9955E-05 9.9955E-05 0.00813492 0.351084 9.9955E-05 9.9955E-05 0.101951 9.9955E-05 0.062408 0.366384
9.99008E-05 9.99008E-05 9.99008E-05 9.99008E-05 9.99008E-05 9.99008E-05 9.99008E-05 9.99008E-05 9.99008E-05 0.998901 9.99008E-05 9.99008E-05
0.0590518 0.0589892 0.0361259 9.9982E-05 0.0831365 0.424025 0.0759471 0.0680681 0.0307945 9.9982E-05 0.0381087 0.125553
0.02869 0.0574351 9.9964E-05 0.032158 0.0246414 0.27074 9.9964E-05 9.9964E-05 0.334833 0.182605 9.9964E-05 0.0684973
9.99008E-05 9.99008E-05 9.99008E-05 9.99008E-05 9.99008E-05 9.99008E-05 9.99008E-05 9.99008E-05 0.998901 9.99008E-05 9.99008E-05 9.99008E-05
0.0244069 9.9955E-05 9.9955E-05 9.9955E-05 0.0221234 0.729402 9.9955E-05 0.0381146 0.131029 0.0419313 9.9955E-05 0.0124926
0.00880747 0.00815437 9.9964E-05 9.9964E-05 0.0303708 0.389131 9.9964E-05 9.9964E-05 0.349399 0.1408 0.0591148 0.0138219
0.0313918 0.0186385 0.195744 0.0273348 0.0597533 0.330911 9.9982E-05 0.0505917 0.053447 9.9982E-05 0.00238677 0.2296
0.0239798 0.0152027 9.9946E-05 0.715456 9.9946E-05 9.9946E-05 9.9946E-05 9.9946E-05 0.013674 0.136663 9.9946E-05 0.0944257
0.00098008 0.0765257 0.122259 0.0608335 9.9973E-05 0.283257 0.123801 0.0127667 0.234662 9.9973E-05 9.9973E-05 0.0846145
9.99008E-05 9.99008E-05 9.99008E-05 9.99008E-05 9.99008E-05 9.99008E-05 9.99008E-05 9.99008E-05 0.998901 9.99008E-05 9.99008E-05 9.99008E-05
9.99008E-05 9.99008E-05 9.99008E-05 9.99008E-05 9.99008E-05 9.99008E-05 9.99008E-05 9.99008E-05 0.998901 9.99008E-05 9.99008E-05 9.99008E-05
9.9964E-05 0.0305406 0.0697379 9.9964E-05 0.0475217 0.307045 0.123339 9.9964E-05 0.405917 9.9964E-05 0.00813839 0.00736131
9.991E-05 9.991E-05 9.991E-05 9.991E-05 0.110683 9.991E-05 9.991E-05 9.991E-05 9.991E-05 0.888318 9.991E-05 9.991E-05
0.0244966 9.9946E-05 9.9946E-05 9.9946E-05 9.9946E-05 0.392054 0.108073 9.9946E-05 0.101572 0.276714 9.9946E-05 0.0964901
0.025238 9.9964E-05 0.00335807 0.00260284 0.00390228 0.68558 9.9964E-05 9.9964E-05 0.171121 0.05575 9.9964E-05 0.0520476
0.00270914 0.00367363 0.1446 9.9964E-05 0.00180329 0.757434 9.9964E-05 0.0328057 9.9964E-05 0.0299869 0.0265876 9.9964E-05
0.031385 9.9964E-05 0.0790417 9.9964E-05 9.9964E-05 0.513405 0.0693358 0.0848933 0.00425314 0.155128 0.0621584 9.9964E-05
0.0248979 9.9964E-05 0.06596 0.000756303 9.9964E-05 0.761495 9.9964E-05 0.0159261 0.0395666 0.0781167 0.0128821 9.9964E-05
9.9964E-05 0.0630007 9.9964E-05 0.0640003 9.9964E-05 0.491392 0.0263827 0.038758 0.0570853 0.182928 0.0760528 9.9964E-05
0.0782265 0.0448112 9.9964E-05 0.138232 0.00666601 0.48014 0.166577 9.9964E-05 9.9964E-05 0.044992 9.9964E-05 0.0399557
0.0280228 0.0431716 9.9973E-05 9.9973E-05 0.00444964 0.321885 0.080433 9.9973E-05 0.253965 0.148656 0.0506171 0.0685007
0.0605905 0.0348368 9.9964E-05 9.9964E-05 0.000311896 0.260399 0.122071 0.0325741 0.457646 0.0311709 9.9964E-05 9.9964E-05
0.0575658 0.0663999 9.9982E-05 0.00141355 0.00642817 0.558221 0.0639987 9.9982E-05 0.120356 0.0624429 0.00042318 0.0625511
9.9955E-05 9.9955E-05 9.9955E-05 9.9955E-05 0.00904848 0.553032 0.146769 0.0341308 0.187406 0.0315617 0.0375526 9.9955E-05
0.0309147 0.0826538 0.0720159 0.0199878 0.0664038 0.354742 0.0573776 9.9973E-05 0.217248 0.0983562 9.9973E-05 9.9973E-05
9.99414E-05 0.000773282 9.99414E-05 9.99414E-05 9.99414E-05 0.608222 0.146863 9.99414E-05 0.199109 0.0443336 9.99414E-05 9.99414E-05
9.99008E-05 9.99008E-05 9.99008E-05 9.99008E-05 0.998901 9.99008E-05 9.99008E-05 9.99008E-05 9.99008E-05 9.99008E-05 9.99008E-05 9.99008E-05
0.0449617 0.0502756 9.9982E-05 0.0706031 0.0139094 0.570979 0.102337 0.013221 9.9982E-05 0.0748202 0.0495032 0.00918968
9.9946E-05 9.9946E-05 9.9946E-05 9.9946E-05 0.0130947 0.619987 9.9946E-05 0.0235545 0.192279 0.139525 9.9946E-05 0.0109605
9.9964E-05 0.00582076 9.9964E-05 0.112566 0.0134126 0.424875 0.0185421 9.9964E-05 0.24988 0.142749 0.0317547 9.9964E-05
0.0364325 0.0324061 0.0120405 9.9973E-05 0.00296504 0.544595 0.0562159 9.9973E-05 0.140097 0.0350595 9.9973E-05 0.139889
0.05205 0.0462279 9.9955E-05 9.9955E-05 9.9955E-05 0.359169 0.294441 9.9955E-05 0.114346 0.0893945 9.9955E-05 0.0438725
0.0112898 9.99641E-05 9.99641E-05 0.0147518 9.99641E-05 0.534528 0.170061 0.0695121 0.188126 9.99641E-05 0.00279736 0.00853502
0.998901 9.99009E-05 9.99009E-05 9.99009E-05 9.99009E-05 9.99009E-05 9.99009E-05 9.99009E-05 9.99009E-05 9.99009E-05 9.99009E-05 9.99009E-05
9.99008E-05 9.99008E-05 9.99008E-05 9.99008E-05 0.998901 9.99008E-05 9.99008E-05 9.99008E-05 9.99008E-05 9.99008E-05 9.99008E-05 9.99008E-05
0.998901 9.99009E-05 9.99009E-05 9.99009E-05 9.99009E-05 9.99009E-05 9.99009E-05 9.99009E-05 9.99009E-05 9.99009E-05 9.99009E-05 9.99009E-05
9.9937E-05 0.0341277 0.0246509 9.9937E-05 9.9937E-05 0.810998 9.9937E-05 9.9937E-05 0.00852676 0.120997 9.9937E-05 9.9937E-05
0.0779987 0.0450402 0.0660989 9.9964E-05 0.0308398 0.397477 9.9964E-05 0.107948 9.9964E-05 0.232007 0.0421908 9.9964E-05
0.053468 0.0530387 9.9964E-05 0.112233 0.0396794 0.656474 9.9964E-05 0.0433974 9.9964E-05 0.00455757 0.0367525 9.9964E-05
0.0573027 0.0331917 9.9973E-05 9.9973E-05 0.0331648 0.610301 0.000741699 9.9973E-05 0.136074 0.0808379 0.0334341 0.0146526
0.0100577 0.0410477 9.9973E-05 9.9973E-05 0.0328004 0.536496 0.0557535 0.0217342 0.214643 0.017908 9.9973E-05 0.06926
9.9937E-05 0.00832906 9.9937E-05 0.0526442 0.0839751 9.9937E-05 9.9937E-05 9.9937E-05 9.9937E-05 0.839892 0.0144596 9.9937E-05
0.0463772 0.00712199 0.0140029 0.0238409 0.0391477 0.583123 9.9991E-05 0.0327825 0.117146 0.0233256 0.0504486 0.0625832
9.9928E-05 0.0598977 0.00147905 9.9928E-05 9.9928E-05 0.0745266 0.863297 9.9928E-05 9.9928E-05 9.9928E-05 9.9928E-05 9.9928E-05
0.00918604 9.9928E-05 9.9928E-05 9.9928E-05 9.9928E-05 9.9928E-05 0.868952 9.9928E-05 0.0841081 0.0369544 9.9928E-05 9.9928E-05
0.0211232 9.9955E-05 0.0479065 9.9955E-05 0.0444721 9.9955E-05 0.712317 0.00965385 0.14584 0.0181876 9.9955E-05 9.9955E-05
0.00818099 0.0256723 9.9946E-05 9.9946E-05 9.9946E-05 0.0336988 0.878013 9.9946E-05 9.9946E-05 0.0421743 0.0116611 9.9946E-05
0.0298674 9.9973E-05 0.0186218 0.0348703 0.0169344 0.156912 0.70258 0.00989076 9.9973E-05 0.0150025 9.9973E-05 0.0150209
9.9937E-05 0.0427269 0.120527 9.9937E-05 9.9937E-05 9.9937E-05 0.821319 0.0132519 9.9937E-05 0.0014759 9.9937E-05 9.9937E-05
9.9928E-05 9.9928E-05 9.9928E-05 0.0371565 9.9928E-05 9.9928E-05 0.953493 9.9928E-05 0.00279982 9.9928E-05 0.00575086 9.9928E-05
9.9946E-05 0.0190662 9.9946E-05 9.9946E-05 0.0369419 9.9946E-05 0.849656 9.9946E-05 0.0562633 0.00366326 0.0338098 9.9946E-05
0.0179289 0.005207 9.9946E-05 0.0555951 0.0324813 9.9946E-05 0.846526 9.9946E-05 9.9946E-05 9.9946E-05 9.9946E-05 0.0416616
0.0336006 9.9982E-05 0.022457 9.9982E-05 0.00829359 0.00997455 0.759358 0.0128511 0.0644444 0.0160965 0.0290259 0.0436987
0.0231556 0.0212738 9.9955E-05 0.0352082 0.00278214 0.0799733 0.81015 0.0269575 9.9955E-05 9.9955E-05 9.9955E-05 9.9955E-05
0.0337738 9.9946E-05 0.722033 0.0912135 0.00863333 9.9946E-05 0.101015 9.9946E-05 9.9946E-05 0.0427323 9.9946E-05 9.9946E-05
9.9937E-05 9.9937E-05 0.58568 0.15056 0.034597 9.9937E-05 0.175021 9.9937E-05 9.9937E-05 9.9937E-05 9.9937E-05 0.0534425
0.0304095 0.0285954 0.735962 0.0338044 0.0149929 0.00355509 9.9991E-05 0.0280222 0.101567 0.00881162 0.0018632 0.0123166
0.0131686 9.9946E-05 0.62383 0.1223 9.9946E-05 9.9946E-05 9.9946E-05 9.9946E-05 0.125461 9.9946E-05 0.0210599 0.0935811
9.9937E-05 9.9937E-05 0.724441 9.9937E-05 9.9937E-05 0.0646871 9.9937E-05 9.9937E-05 9.9937E-05 0.0746502 0.045591 0.0899312
0.0146198 0.008855 0.539443 0.246131 0.0219591 0.0879908 0.06016 0.00457197 9.9973E-05 9.9973E-05 0.0159694 9.9973E-05
0.0107961 9.9946E-05 0.742269 0.034287 0.0640345 9.9946E-05 9.9946E-05 0.0287314 9.9946E-05 9.9946E-05 9.9946E-05 0.119282
9.9946E-05 9.9946E-05 0.716676 0.108661 0.0158263 9.9946E-05 9.9946E-05 0.0170794 0.126718 0.0144395 9.9946E-05 9.9946E-05
0.0837427 0.00564318 0.590078 9.9982E-05 0.000722417 0.0553761 9.9982E-05 0.0285593 0.0717863 0.0407303 0.0531285 0.0700332
9.9937E-05 9.9937E-05 0.710245 9.9937E-05 0.0184418 9.9937E-05 0.0898326 9.9937E-05 0.026372 9.9937E-05 9.9937E-05 0.154409
0.0190238 0.0455662 0.791404 9.9964E-05 0.00578383 9.9964E-05 0.0232142 9.9964E-05 0.00693877 9.9964E-05 0.0244498 0.0832191
9.9937E-05 0.0503244 0.324027 0.522158 9.9937E-05 9.9937E-05 9.9937E-05 9.9937E-05 9.9937E-05 9.9937E-05 0.0318719 0.0709189
0.0269368 0.00725327 0.489813 0.183448 0.0151487 0.0947213 0.019732 0.0368506 0.0323318 9.9991E-05 0.0324554 0.061209
0.0202853 0.01654 0.353475 0.291149 9.9964E-05 0.221097 0.00813225 9.9964E-05 9.9964E-05 0.0230877 9.9964E-05 0.0658336
0.0114693 0.0253965 0.115388 0.635318 9.9964E-05 0.0686924 0.0147893 0.0684036 9.9964E-05 9.9964E-05 0.0601437 9.9964E-05
9.9955E-05 0.0158377 0.100049 0.75011 9.9955E-05 0.0433166 9.9955E-05 9.9955E-05 0.00178939 9.9955E-05 0.0607224 0.0276754
9.991E-05 0.0468399 9.991E-05 0.952161 9.991E-05 9.991E-05 9.991E-05 9.991E-05 9.991E-05 9.991E-05 9.991E-05 9.991E-05
0.00342477 9.9937E-05 0.193003 0.677598 9.9937E-05 9.9937E-05 9.9937E-05 9.9937E-05 0.114514 9.9937E-05 0.0107601 9.9937E-05
9.9901E-05 9.9901E-05 9.9901E-05 0.998901 9.9901E-05 9.9901E-05 9.9901E-05 9.9901E-05 9.9901E-05 9.9901E-05 9.9901E-05 9.9901E-05
9.9928E-05 9.9928E-05 0.185144 0.671579 9.9928E-05 0.0780313 9.9928E-05 9.9928E-05 9.9928E-05 0.0644468 9.9928E-05 9.9928E-05
9.9937E-05 9.9937E-05 9.9937E-05 0.892233 0.010482 9.9937E-05 9.9937E-05 0.0194021 9.9937E-05 0.0754248 0.00175905 9.9937E-05
0.0290597 9.9928E-05 9.9928E-05 0.916663 9.9928E-05 9.9928E-05 9.9928E-05 0.00494062 0.0485372 9.9928E-05 9.9928E-05 9.9928E-05
0.0372785 9.9955E-05 0.730547 0.0469676 0.016837 0.103651 9.9955E-05 9.9955E-05 9.9955E-05 0.0382573 0.025962 9.9955E-05
9.9973E-05 9.9973E-05 0.695577 0.093893 0.0139355 0.0283251 0.0138204 9.9973E-05 0.0233805 0.0624989 0.0373708 0.030899
9.9955E-05 0.0393631 0.649461 0.0384337 0.0293329 0.17922 9.9955E-05 0.0230587 9.9955E-05 0.0406308 9.9955E-05 9.9955E-05
9.9919E-05 9.9919E-05 0.699513 9.9919E-05 9.9919E-05 0.254404 9.9919E-05 0.0451838 9.9919E-05 9.9919E-05 9.9919E-05 9.9919E-05
0.0272179 9.9964E-05 0.832667 9.9964E-05 9.9964E-05 9.9964E-05 0.00560456 0.0067856 0.0217524 0.0762461 0.0143999 0.0149266
9.9955E-05 0.0358203 0.591806 0.103982 9.9955E-05 0.154309 9.9955E-05 9.9955E-05 9.9955E-05 0.0494541 0.0254033 0.0387254
9.9964E-05 0.0122906 0.519221 0.195832 9.9964E-05 0.0882808 9.9964E-05 0.00726471 0.074503 9.9964E-05 0.0400099 0.0621978
0.00567822 0.00647973 0.758219 9.9955E-05 0.0211507 9.9955E-05 9.9955E-05 9.9955E-05 0.00964053 0.101239 9.9955E-05 0.0970938
0.0423513 0.0252462 0.689302 0.052414 0.0200075 9.995E-05 0.0761777 9.995E-05 9.995E-05 9.995E-05 9.995E-05 0.094002
9.9955E-05 9.9955E-05 0.709372 9.9955E-05 0.0327039 0.0954804 9.9955E-05 0.00275842 9.9955E-05 0.00717895 0.0706 0.0814063
9.9946E-05 9.9946E-05 0.535831 0.20434 9.9946E-05 0.0360834 9.9946E-05 0.0552237 0.0757371 9.9946E-05 9.9946E-05 0.0921845
0.00631883 0.0463043 0.546748 0.255433 0.0317647 9.9955E-05 9.9955E-05 0.0240408 0.0888905 9.9955E-05 9.9955E-05 9.9955E-05
0.00222441 0.000251731 0.861708 9.9946E-05 9.9946E-05 9.9946E-05 9.9946E-05 9.9946E-05 0.0539429 0.0806107 0.000662232 9.9946E-05
0.0241415 0.0427365 0.152916 0.0418079 9.9982E-05 0.0437358 0.0109644 0.0305479 9.9982E-05 0.031992 0.0116881 0.60927
9.9955E-05 9.9955E-05 0.0418811 0.170726 0.00432764 0.180596 9.9955E-05 0.0447633 9.9955E-05 9.9955E-05 0.049335 0.507871
9.9946E-05 0.0177988 9.9946E-05 0.175633 9.9946E-05 0.180476 9.9946E-05 0.0471125 9.9946E-05 9.9946E-05 0.071013 0.507368
0.0331177 0.0118902 0.185907 0.012618 0.0211214 0.125771 9.9973E-05 0.052144 9.9973E-05 9.9973E-05 0.074747 0.482384
0.00695499 9.9937E-05 9.9937E-05 0.207493 9.9937E-05 0.239692 9.9937E-05 9.9937E-05 9.9937E-05 9.9937E-05 0.0573966 0.487763
0.0449222 9.9955E-05 9.9955E-05 0.253205 0.0162733 9.9955E-05 0.0223663 0.0496258 9.9955E-05 0.0161041 9.9955E-05 0.597004
9.99281E-05 9.99281E-05 9.99281E-05 0.0427638 9.99281E-05 0.0895493 0.107067 9.99281E-05 9.99281E-05 9.99281E-05 9.99281E-05 0.75982
0.00112968 9.9964E-05 9.9964E-05 0.0807398 9.9964E-05 0.0259294 0.106449 0.139239 0.0181688 9.9964E-05 0.0718867 0.556058
