9.99201E-05 9.99201E-05 9.99201E-05 9.99201E-05 9.99201E-05 9.99201E-05 0.999101 9.99201E-05 9.99201E-05 9.99201E-05
0.0100826 0.0387618 0.013188 0.0443596 0.0100429 0.0584797 0.0357122 0.0264835 0.0837496 0.67914
9.9964E-05 0.103187 0.0357674 9.9964E-05 9.9964E-05 0.00218835 0.0701647 9.9964E-05 0.0391052 0.749188
0.0287037 0.00183031 0.0300631 9.9955E-05 9.9955E-05 9.9955E-05 9.9955E-05 0.115794 9.9955E-05 0.823109
9.9964E-05 0.0370539 9.9964E-05 9.9964E-05 0.0204233 0.0441712 0.024326 9.9964E-05 0.0771613 0.796464
0.0195776 9.9964E-05 9.9964E-05 9.9964E-05 0.000753598 9.9964E-05 0.00610232 0.100208 0.0327702 0.840188
9.99201E-05 9.99201E-05 9.99201E-05 9.99201E-05 9.99201E-05 9.99201E-05 0.999101 9.99201E-05 9.99201E-05 9.99201E-05
0.0339217 9.9964E-05 9.9964E-05 9.9964E-05 0.0100177 0.0213017 0.0501812 9.9964E-05 0.154381 0.729797
9.9973E-05 0.00631649 0.0322755 9.9973E-05 9.9973E-05 0.0487309 0.0335092 0.0220883 0.104368 0.752412
9.9964E-05 0.00200043 0.0433062 9.9964E-05 9.9964E-05 0.00727001 0.0186223 0.112768 9.9964E-05 0.815633
0.0168464 0.14062 0.0250773 9.9973E-05 0.00847515 9.9973E-05 9.9973E-05 0.009419 0.0281155 0.771147
9.9955E-05 0.129681 0.0465327 9.9955E-05 9.9955E-05 9.9955E-05 0.0350719 0.0569511 9.9955E-05 0.731263
9.9964E-05 9.9964E-05 0.00469058 0.0885429 0.0844912 0.0203373 0.0595668 9.9964E-05 9.9964E-05 0.741971
9.9964E-05 9.9964E-05 0.0579121 0.00269069 0.095061 9.9964E-05 0.0224767 0.172145 9.9964E-05 0.649314
9.9964E-05 9.9964E-05 0.00197569 9.9964E-05 9.9964E-05 0.130531 0.0198339 0.0316319 0.0567948 0.758833
9.9946E-05 9.9946E-05 9.9946E-05 9.9946E-05 0.0238515 9.9946E-05 0.00333972 9.9946E-05 0.121961 0.850248
0.0673997 9.9937E-05 9.9937E-05 9.9937E-05 9.9937E-05 9.9937E-05 0.102925 9.9937E-05 9.9937E-05 0.828975
9.9937E-05 9.9937E-05 9.9937E-05 0.0595057 9.9937E-05 9.9937E-05 0.00964482 9.9937E-05 9.9937E-05 0.93015
9.9937E-05 9.9937E-05 9.9937E-05 9.9937E-05 9.9937E-05 0.00513307 0.0593732 9.9937E-05 9.9937E-05 0.934794
0.0200501 0.00763465 0.0100506 0.0204878 9.9955E-05 9.9955E-05 9.9955E-05 9.9955E-05 9.9955E-05 0.941277
9.99201E-05 9.99201E-05 0.999101 9.99201E-05 9.99201E-05 9.99201E-05 9.99201E-05 9.99201E-05 9.99201E-05 9.99201E-05
9.9946E-05 0.141299 0.622018 9.9946E-05 0.109295 9.9946E-05 9.9946E-05 0.126789 9.9946E-05 9.9946E-05
0.03235 9.9982E-05 0.676582 0.039101 0.0771769 0.00681048 0.0511359 0.106903 0.0097414 9.9982E-05
0.0416218 0.0416886 0.817411 0.0986786 9.9946E-05 9.9946E-05 9.9946E-05 9.9946E-05 9.9946E-05 9.9946E-05
0.014024 0.0618787 0.881678 9.9964E-05 9.9964E-05 0.0141829 9.9964E-05 9.9964E-05 0.0178141 0.0100222
9.9955E-05 9.9955E-05 0.835618 0.0254858 9.9955E-05 0.0953454 0.0162971 9.9955E-05 0.0267538 9.9955E-05
9.9964E-05 9.9964E-05 0.628714 0.104244 0.0817537 0.0296275 0.0143161 9.9964E-05 0.140945 9.9964E-05
9.99201E-05 9.99201E-05 0.999101 9.99201E-05 9.99201E-05 9.99201E-05 9.99201E-05 9.99201E-05 9.99201E-05 9.99201E-05
0.0018786 0.16344 0.72084 9.9955E-05 9.9955E-05 0.0834164 9.9955E-05 9.9955E-05 0.0299253 9.9955E-05
0.00037851 0.127051 0.560597 0.0651961 0.0977181 0.0523667 9.9991E-05 0.0277755 0.0498029 0.0190147
9.9955E-05 0.0666887 0.671542 9.9955E-05 0.000442455 0.0920127 9.9955E-05 9.9955E-05 0.168814 9.9955E-05
9.9955E-05 9.9955E-05 0.647837 0.183907 9.9955E-05 0.107176 0.0255541 9.9955E-05 0.0350264 9.9955E-05
9.9973E-05 9.9973E-05 0.707497 0.0909448 0.013562 0.09975 0.0188318 0.0259461 9.9973E-05 0.0431682
9.9964E-05 0.0137304 0.575418 9.9964E-05 0.250044 0.00317456 9.9964E-05 0.0718019 0.0854315 9.9964E-05
9.9982E-05 0.12318 0.509182 0.0508491 0.0647288 0.21402 0.0109826 0.01147 0.0153872 9.9982E-05
9.9982E-05 0.327803 0.339483 9.9982E-05 0.032329 0.0473616 0.0108913 0.00648377 0.214461 0.0209878
0.0325511 0.0517077 0.562899 0.0852026 0.108211 0.0308642 9.9973E-05 9.9973E-05 0.128264 9.9973E-05
9.997E-05 0.0438495 0.0305589 0.61856 0.0452515 0.0890555 0.0423352 0.130089 9.997E-05 9.997E-05
0.00337239 0.127376 9.9973E-05 0.620755 0.154338 9.9973E-05 0.0265145 0.0053978 0.0619473 9.9973E-05
9.9982E-05 0.0133909 0.00166341 0.713435 0.137505 0.0100629 9.9982E-05 0.0382648 0.0312485 0.0542288
9.9964E-05 0.0217669 0.0148726 0.71168 0.126107 9.9964E-05 0.0236613 0.101512 9.9964E-05 9.9964E-05
9.9964E-05 0.0491623 9.9964E-05 0.717455 0.054442 0.0368121 0.0458198 9.9964E-05 0.0959087 9.9964E-05
0.00297964 0.0492458 9.9991E-05 0.720927 0.0535671 0.0400367 0.0377323 0.00131113 0.0794633 0.014637
0.00580013 9.9982E-05 0.0200657 0.533346 0.0906979 9.9982E-05 0.0421218 0.139444 0.139317 0.0290078
9.9964E-05 0.123635 0.0175521 0.755162 9.9964E-05 0.062364 0.0195767 0.02131 9.9964E-05 9.9964E-05
9.9973E-05 0.0265519 0.0170723 0.599501 0.0195173 0.0229215 9.9973E-05 9.9973E-05 0.202688 0.111448
0.0333576 9.9955E-05 9.9955E-05 0.712675 0.190286 9.9955E-05 9.9955E-05 9.9955E-05 0.0629876 0.00019442
9.9946E-05 9.9946E-05 9.9946E-05 0.761704 9.9946E-05 0.0862623 9.9946E-05 0.102421 9.9946E-05 0.0490128
0.0107335 0.0176002 0.0284295 0.871224 0.0227226 9.9973E-05 0.0313613 9.9973E-05 9.9973E-05 0.0176287
9.9973E-05 0.0619129 0.0140031 0.714042 0.0791554 9.9973E-05 0.00534567 0.124533 9.9973E-05 0.000708164
0.0418592 9.9964E-05 0.0208324 0.823518 0.0448268 0.00204001 0.0665233 9.9964E-05 9.9964E-05 9.9964E-05
9.9973E-05 9.9973E-05 0.00656927 0.809027 0.0558358 0.0130118 0.0371072 0.0378571 0.0402921 9.9973E-05
0.0552703 9.9955E-05 9.9955E-05 0.760551 0.148294 9.9955E-05 0.0227865 9.9955E-05 9.9955E-05 0.0125978
0.0500563 0.0704601 9.9973E-05 0.704906 0.032415 9.9973E-05 0.0529948 9.9973E-05 0.0336705 0.0551976
0.0197519 9.9973E-05 0.0369041 0.708401 0.142266 9.9973E-05 9.9973E-05 0.000328196 0.0314701 0.0605786
9.9955E-05 9.9955E-05 9.9955E-05 0.715814 0.0893143 0.0685614 9.9955E-05 0.0902032 9.9955E-05 0.0356075
0.0587253 9.9973E-05 0.0559631 0.660277 0.0649556 9.9973E-05 0.0295377 9.9973E-05 0.086935 0.0433062
9.9964E-05 0.486778 0.084242 0.125389 0.145704 0.0622604 9.9964E-05 9.9964E-05 0.0952276 9.9964E-05
9.9928E-05 9.9928E-05 9.9928E-05 9.9928E-05 9.9928E-05 0.994499 9.9928E-05 9.9928E-05 9.9928E-05 0.00470183
9.9973E-05 0.543306 0.0278185 0.00549723 0.21236 0.121692 0.0378451 9.9973E-05 0.0511811 9.9973E-05
0.0226438 0.632661 9.9973E-05 0.0670877 0.13991 0.125323 0.0101058 9.9973E-05 9.9973E-05 0.00196805
0.0285932 0.274394 9.9955E-05 0.0404023 0.25987 0.396241 9.9955E-05 9.9955E-05 9.9955E-05 9.9955E-05
0.0397707 0.272824 9.9982E-05 0.124771 0.30844 0.219691 0.0153148 0.00841238 9.9982E-05 0.0105775
9.99201E-05 9.99201E-05 9.99201E-05 9.99201E-05 0.999101 9.99201E-05 9.99201E-05 9.99201E-05 9.99201E-05 9.99201E-05
9.99201E-05 9.99201E-05 9.99201E-05 9.99201E-05 9.99201E-05 0.999101 9.99201E-05 9.99201E-05 9.99201E-05 9.99201E-05
0.043708 0.341864 9.9982E-05 0.0701614 0.245341 0.133229 0.0455912 9.9982E-05 0.0835219 0.0363836
0.0846076 9.9973E-05 0.127674 9.9973E-05 0.434851 0.181845 0.00374289 0.125457 9.9973E-05 0.041522
0.0721301 0.0698162 0.0187707 9.9973E-05 0.266186 0.466073 9.9973E-05 0.0917734 9.9973E-05 0.0149511
0.0350683 0.299366 0.107163 9.9964E-05 0.248126 0.303363 9.9964E-05 0.00651332 9.9964E-05 9.9964E-05
0.15145 0.259429 0.0427588 9.9973E-05 0.166577 0.306336 9.9973E-05 9.9973E-05 0.0268573 0.0462921
0.0842336 0.202324 9.9973E-05 0.0251936 0.343422 0.321375 0.0103782 9.9973E-05 0.0127738 9.9973E-05
0.0497969 0.208556 9.9973E-05 0.029612 0.324239 0.332838 0.00868432 0.0459737 9.9973E-05 9.9973E-05
0.0115424 0.246647 0.0553709 9.9973E-05 0.228089 0.39837 0.0423457 9.9973E-05 0.0173357 9.9973E-05
9.9964E-05 0.448435 0.0644837 9.9964E-05 0.0828794 0.298679 0.00483045 9.9964E-05 0.100293 9.9964E-05
9.9973E-05 0.109728 0.0760626 0.248731 0.174296 0.363177 0.0261948 9.9973E-05 9.9973E-05 0.00151046
0.0102379 0.128363 9.9973E-05 0.18208 0.205384 0.357678 9.9973E-05 0.0432957 9.9973E-05 0.072662
0.0423443 9.9955E-05 9.9955E-05 0.476781 0.0952651 0.257854 9.9955E-05 9.9955E-05 9.9955E-05 0.127256
9.99201E-05 9.99201E-05 9.99201E-05 9.99201E-05 0.999101 9.99201E-05 9.99201E-05 9.99201E-05 9.99201E-05 9.99201E-05
0.161288 0.18839 0.0645071 0.159916 0.120006 0.220854 9.9991E-05 0.0264473 0.0067198 0.0517717
0.0593061 0.281311 9.9964E-05 0.0344435 0.364088 0.194025 9.9964E-05 0.0664267 9.9964E-05 9.9964E-05
0.0502759 0.0554951 0.0261652 0.137705 0.104512 0.544295 0.0238706 0.0515756 9.9991E-05 0.00600562
0.0688757 0.141585 0.064621 9.9982E-05 0.427396 0.216382 0.0722064 0.00312217 9.9982E-05 0.00561124
0.0889148 0.277111 9.9964E-05 9.9964E-05 0.343282 0.170233 9.9964E-05 0.0123553 9.9964E-05 0.107705
0.138309 0.258504 0.0233797 0.212915 0.101227 9.9991E-05 0.0116722 0.00514779 0.230384 0.0183611
0.0085671 0.2218 9.9964E-05 0.10495 0.0202006 9.9964E-05 9.9964E-05 0.547048 0.0970343 9.9964E-05
9.9973E-05 0.175209 0.0296478 0.156589 9.9973E-05 0.431345 0.073811 0.0244884 0.10861 9.9973E-05
0.0285362 9.9973E-05 9.9973E-05 0.0689285 0.248636 0.570526 0.0108823 0.0503014 9.9973E-05 0.0218893
9.9964E-05 9.9964E-05 9.9964E-05 0.0860214 0.0971157 0.689132 0.0578882 0.0559972 0.0134453 9.9964E-05
0.0249517 0.235803 9.9973E-05 0.0742893 0.134656 0.457433 0.00659319 9.9973E-05 0.0659737 9.9973E-05
0.00690062 0.9923 9.99279E-05 9.99279E-05 9.99279E-05 9.99279E-05 9.99279E-05 9.99279E-05 9.99279E-05 9.99279E-05
0.0488969 0.230352 0.0067652 0.132413 0.334257 0.18377 9.9982E-05 0.00357522 9.9982E-05 0.0597703
0.0089104 0.129667 9.9964E-05 9.9964E-05 0.667109 0.0687299 0.0290646 9.9964E-05 0.0961188 9.9964E-05
0.0138163 0.604815 0.0364358 9.9982E-05 0.0628772 0.0759088 0.0194203 9.9982E-05 0.168416 0.0181104
0.0334801 0.592096 0.127484 0.0678361 0.105362 0.0218392 0.0265817 0.0154844 0.00311318 0.00672376
9.9973E-05 0.497264 9.9973E-05 9.9973E-05 0.279659 0.0447015 0.0437526 0.075088 0.0444189 0.0148159
9.9982E-05 0.533287 0.0328128 0.0211745 0.125107 0.141931 0.0669402 0.0525806 0.0259669 9.9982E-05
0.119431 0.291394 9.9982E-05 0.0662633 0.0411665 0.283095 9.9982E-05 0.155765 0.000330397 0.0423532
0.0461856 0.0758422 9.9973E-05 0.0844742 0.212603 0.489732 0.0244229 9.9973E-05 9.9973E-05 0.0664405
0.0657097 0.217825 0.0613058 0.00288436 0.144735 0.473848 0.0139575 0.00104509 9.9991E-05 0.0185894
0.138023 0.40637 9.997E-05 0.054023 0.100015 0.22814 9.997E-05 0.0710474 9.997E-05 0.00208198
0.00544685 0.444579 0.0510215 0.0246733 0.158801 0.240266 0.0134999 9.9991E-05 0.0485888 0.0130239
0.158392 0.0765938 0.00534236 9.9982E-05 0.305491 0.266286 0.00890337 0.0562071 0.122584 9.9982E-05
0.00715117 0.398329 9.9964E-05 9.9964E-05 0.180758 0.300687 9.9964E-05 9.9964E-05 0.105053 0.00762204
0.999101 9.99201E-05 9.99201E-05 9.99201E-05 9.99201E-05 9.99201E-05 9.99201E-05 9.99201E-05 9.99201E-05 9.99201E-05
0.106445 0.417401 9.9964E-05 9.9964E-05 0.1208 0.210823 9.9964E-05 0.141691 9.9964E-05 0.00244006
9.9973E-05 0.534892 0.00410262 9.9973E-05 0.344428 0.053123 9.9973E-05 0.0106913 0.0501561 0.00230691
0.0738389 0.594132 9.9964E-05 9.9964E-05 0.172095 0.0181481 9.9964E-05 0.137202 9.9964E-05 0.00418402
0.0331029 0.439837 9.9973E-05 0.157452 0.265151 0.0854676 9.9973E-05 9.9973E-05 0.00834784 0.0103414
0.00310529 0.549963 9.9973E-05 0.119251 0.119645 0.178334 0.00521302 9.9973E-05 0.0241881 9.9973E-05
0.0193653 0.282559 0.0956705 0.0235209 0.15821 0.343304 0.0248011 0.0235623 9.9991E-05 0.0289072
0.970992 9.9946E-05 9.9946E-05 9.9946E-05 0.020344 9.9946E-05 9.9946E-05 0.00187748 9.9946E-05 0.00618673
0.999101 9.99201E-05 9.99201E-05 9.99201E-05 9.99201E-05 9.99201E-05 9.99201E-05 9.99201E-05 9.99201E-05 9.99201E-05
0.927893 9.99369E-05 0.00429419 9.99369E-05 0.0671137 9.99369E-05 9.99369E-05 9.99369E-05 9.99369E-05 9.99369E-05
0.00542659 0.629998 9.9973E-05 9.9973E-05 0.211573 0.0619917 0.0162073 9.9973E-05 0.0725611 0.00194256
0.0998789 0.549459 0.0571081 0.0126473 0.124328 9.9973E-05 0.0191852 9.9973E-05 0.137093 9.9973E-05
0.0967891 0.403923 0.0394714 9.9973E-05 0.119557 0.237461 9.9973E-05 0.00127258 9.9973E-05 0.101227
0.148739 0.365046 0.00369947 0.103055 0.278959 0.0931334 0.0070678 9.9973E-05 9.9973E-05 9.9973E-05
0.0354699 9.9973E-05 0.0157871 0.0691708 0.585699 0.195589 9.9973E-05 0.0338812 9.9973E-05 0.0641035
9.99201E-05 0.999101 9.99201E-05 9.99201E-05 9.99201E-05 9.99201E-05 9.99201E-05 9.99201E-05 9.99201E-05 9.99201E-05
0.0810744 0.37903 9.9982E-05 0.069163 0.146283 0.149871 0.0388526 0.0855829 9.9982E-05 0.0499425
9.9955E-05 0.0162446 0.0516578 9.9955E-05 9.9955E-05 0.732791 0.0135842 9.9955E-05 0.185222 9.9955E-05
0.020963 0.146869 9.9973E-05 9.9973E-05 0.0211473 0.571844 0.00797384 0.175131 0.0557717 9.9973E-05
0.0557684 9.9964E-05 0.145449 9.9964E-05 0.10499 0.573817 0.021998 9.9964E-05 0.097578 9.9964E-05
9.9973E-05 0.168086 0.0861002 9.9973E-05 0.00344655 0.555525 0.00419969 9.9973E-05 0.175746 0.00659703
0.0621545 0.0676066 0.135464 9.9982E-05 0.0680411 0.500376 0.0350979 0.0383334 0.0927266 9.9982E-05
9.9964E-05 9.9964E-05 0.173273 9.9964E-05 0.071678 0.523364 0.0011576 0.124421 0.105706 9.9964E-05
0.00193047 9.9973E-05 0.115001 9.9973E-05 9.9973E-05 0.644291 0.00155207 0.119904 0.0808168 0.0362049
9.9964E-05 9.9964E-05 0.166702 0.0205798 9.9964E-05 0.660443 0.054862 9.9964E-05 0.0493389 0.0476745
0.0467521 9.9973E-05 0.134913 0.0308286 9.9973E-05 0.591427 9.9973E-05 0.152885 0.0331646 0.00973042
0.0104092 9.9964E-05 0.0876205 0.0843114 0.0915916 0.597585 9.9964E-05 9.9964E-05 0.128082 9.9964E-05
0.0126355 0.0689979 0.161268 0.0167616 9.9982E-05 0.63351 0.0149067 9.9982E-05 0.0913284 0.00039163
0.0131116 0.0628175 0.0370457 0.0499857 9.999E-05 0.0245508 0.00706663 0.0862222 0.699583 0.0195169
0.00970297 0.00902795 9.9964E-05 9.9964E-05 0.011108 0.0344849 0.0276074 9.9964E-05 0.907669 9.9964E-05
0.00707839 9.9982E-05 0.0600833 0.0349116 0.0402797 0.0234866 9.9982E-05 0.0464686 0.754087 0.0334051
0.00171776 9.9973E-05 0.0196753 0.0489704 9.9973E-05 0.033154 9.9973E-05 0.378404 0.427308 0.0904704
9.9937E-05 9.9937E-05 9.9937E-05 9.9937E-05 0.173643 9.9937E-05 0.0465099 9.9937E-05 0.779148 9.9937E-05
9.996E-05 9.996E-05 0.0945143 9.996E-05 0.0537391 0.0177204 9.996E-05 0.490113 0.306691 0.0368224
0.0586862 9.9955E-05 0.067412 0.121246 9.9955E-05 9.9955E-05 9.9955E-05 0.0527892 0.699367 9.9955E-05
0.00899025 9.9964E-05 0.110579 9.9964E-05 0.106685 0.0114313 9.9964E-05 0.684277 0.0776364 9.9964E-05
0.0911683 0.114514 0.0748201 0.00764516 0.0466253 9.9982E-05 0.0437402 0.171662 0.449625 9.9982E-05
0.0196225 9.9955E-05 9.9955E-05 0.0607485 9.9955E-05 0.0525457 0.000154051 9.9955E-05 0.866429 9.9955E-05
9.9964E-05 9.9964E-05 0.0676437 9.9964E-05 0.0888048 0.0279188 9.9964E-05 0.205935 0.604783 0.0045152
9.9955E-05 9.9955E-05 9.9955E-05 0.129102 9.9955E-05 0.0156816 9.9955E-05 0.258106 0.535093 0.0615171
9.9982E-05 0.0200972 0.0072142 0.11237 0.0062153 0.106188 9.9982E-05 0.216747 0.495906 0.0350622
9.9964E-05 0.208165 9.9964E-05 0.133754 0.0154839 9.9964E-05 0.02396 0.318935 0.299302 9.9964E-05
0.0381346 0.0112546 0.00966828 9.9964E-05 9.9964E-05 0.0597311 0.00733481 0.873477 9.9964E-05 9.9964E-05
9.9946E-05 0.085384 9.9946E-05 9.9946E-05 9.9946E-05 9.9946E-05 0.0717434 0.754346 0.0879267 9.9946E-05
9.9946E-05 9.9946E-05 9.9946E-05 0.0308003 9.9946E-05 0.0727385 9.9946E-05 0.869136 0.0267258 9.9946E-05
0.0240119 9.9964E-05 9.9964E-05 9.9964E-05 0.0244559 0.0671088 0.0379121 0.667402 0.178709 9.9964E-05
9.99201E-05 9.99201E-05 9.99201E-05 9.99201E-05 9.99201E-05 9.99201E-05 9.99201E-05 0.999101 9.99201E-05 9.99201E-05
9.9937E-05 0.0473755 9.9937E-05 9.9937E-05 0.0159707 9.9937E-05 9.9937E-05 0.935954 9.9937E-05 9.9937E-05
9.9964E-05 0.212501 0.0172375 9.9964E-05 0.0021943 9.9964E-05 9.9964E-05 0.654496 0.0547294 0.0584417
0.0875219 9.9928E-05 9.9928E-05 9.9928E-05 9.9928E-05 9.9928E-05 9.9928E-05 0.911679 9.9928E-05 9.9928E-05
0.0600018 0.0429416 9.9973E-05 9.9973E-05 0.0432492 0.00716509 9.9973E-05 0.176401 0.65947 0.0104707
9.9955E-05 0.119763 9.9955E-05 0.0361646 9.9955E-05 9.9955E-05 9.9955E-05 0.534309 0.282708 0.0265558
0.0162592 0.157521 0.0371599 9.9973E-05 0.00937059 9.9973E-05 9.9973E-05 0.163382 0.58179 0.0342169
9.995E-05 0.138423 0.0683571 9.995E-05 9.995E-05 9.995E-05 0.0515539 0.0342165 0.70695 9.995E-05
0.000456398 0.151958 0.053385 9.9964E-05 9.9964E-05 9.9964E-05 0.0109117 0.00843004 0.774459 9.9964E-05
9.9955E-05 0.135419 9.9955E-05 9.9955E-05 0.0026001 9.9955E-05 0.039997 9.9955E-05 0.78559 0.0358935
0.00691666 0.0618903 9.9982E-05 0.0488009 9.9982E-05 0.0534817 0.0308788 0.448883 0.343249 0.00569943
0.0490845 0.0289659 0.0212443 0.00149751 0.023311 9.9991E-05 0.0177693 0.00803247 0.836456 0.0135385
0.0544072 9.9955E-05 9.9955E-05 0.085053 9.9955E-05 9.9955E-05 0.00659939 0.00233671 0.851104 9.9955E-05
0.0163883 0.0139094 0.0331858 0.0331763 0.0114987 0.0178992 9.9991E-05 0.0481692 0.728593 0.0970802
9.9955E-05 9.9955E-05 0.0347734 0.137559 9.9955E-05 0.0999388 9.9955E-05 0.374097 0.353133 9.9955E-05
0.111968 9.995E-05 0.057885 9.995E-05 9.995E-05 9.995E-05 0.0152196 0.337765 0.476663 9.995E-05
0.0157919 9.9973E-05 0.0104474 9.9973E-05 0.0235638 9.9973E-05 0.0299983 0.0274529 0.886343 0.006103
0.0168942 0.143238 9.9964E-05 0.519415 9.9964E-05 9.9964E-05 0.0386264 9.9964E-05 0.252877 0.0285498
0.0214039 0.168988 0.0309842 0.52694 9.9982E-05 9.9982E-05 0.0326556 0.0864676 0.110043 0.0223187
9.997E-05 0.219202 0.0172816 0.511985 9.997E-05 9.997E-05 0.0136338 0.0695034 0.0673256 0.100768
9.9964E-05 0.222125 0.0502968 0.503236 9.9964E-05 9.9964E-05 0.00264499 0.169621 9.9964E-05 0.0516764
0.0568669 0.0357794 0.119792 0.643046 0.00199253 0.00621616 9.9982E-05 0.0479556 9.9982E-05 0.0881515
0.0644162 9.9964E-05 0.101144 0.691696 0.0300423 9.9964E-05 0.00204889 9.9964E-05 0.110253 9.9964E-05
9.9946E-05 0.161359 9.9946E-05 0.757514 9.9946E-05 9.9946E-05 9.9946E-05 9.9946E-05 0.0624602 0.0180671
9.9964E-05 0.108284 0.0922897 0.550548 9.9964E-05 9.9964E-05 0.00443763 0.161127 9.9964E-05 0.0829141
