9.99201E-05 9.99201E-05 9.99201E-05 0.999101 9.99201E-05 9.99201E-05 9.99201E-05 9.99201E-05 9.99201E-05 9.99201E-05
0.00812121 0.0651239 0.0287254 0.0557535 9.9973E-05 9.9973E-05 0.104063 9.9973E-05 0.699279 0.0386335
9.9982E-05 0.0373495 0.0365155 0.103781 0.00587053 0.0488612 9.9982E-05 0.0193358 0.743085 0.00500124
0.0142418 0.0581321 9.9955E-05 9.9955E-05 9.9955E-05 0.0214358 9.9955E-05 9.9955E-05 0.823121 0.0825693
0.018657 0.0604217 9.9973E-05 0.0669848 0.0390927 9.9973E-05 9.9973E-05 0.0198033 0.75268 0.0420608
9.9937E-05 0.081627 9.9937E-05 9.9937E-05 9.9937E-05 9.9937E-05 9.9937E-05 9.9937E-05 0.893838 0.0238358
9.99201E-05 9.99201E-05 9.99201E-05 0.999101 9.99201E-05 9.99201E-05 9.99201E-05 9.99201E-05 9.99201E-05 9.99201E-05
9.9973E-05 0.0592483 0.045691 0.0667437 9.9973E-05 0.0137289 9.9973E-05 0.0173113 0.772536 0.024441
9.9955E-05 0.0469166 0.098335 0.0649651 9.9955E-05 9.9955E-05 9.9955E-05 9.9955E-05 0.76014 0.0291438
9.9955E-05 0.0475479 9.9955E-05 0.0330693 9.9955E-05 0.0419288 9.9955E-05 0.0418398 0.835114 9.9955E-05
0.00415631 0.0493054 9.9973E-05 0.0100887 9.9973E-05 0.103889 9.9973E-05 0.0223791 0.769849 0.0400323
9.9964E-05 0.0170666 9.9964E-05 0.0563569 0.0251808 0.128979 9.9964E-05 9.9964E-05 0.713025 0.0589918
0.0485399 9.9964E-05 0.138129 0.0378469 9.9964E-05 0.00575321 9.9964E-05 9.9964E-05 0.758414 0.0109178
0.05684 0.0789045 9.9964E-05 0.0301345 9.9964E-05 0.0999915 0.0262198 9.9964E-05 0.70751 9.9964E-05
0.0174609 0.00631926 0.0511849 0.0212641 9.9973E-05 0.0104801 0.0542771 9.9973E-05 0.838714 9.9973E-05
9.9946E-05 0.020186 0.0287608 9.9946E-05 0.0144067 9.9946E-05 9.9946E-05 9.9946E-05 0.936047 9.9946E-05
9.9946E-05 9.9946E-05 9.9946E-05 0.0850182 0.00159817 9.9946E-05 9.9946E-05 0.00683559 0.905948 9.9946E-05
0.000201305 9.9955E-05 9.9955E-05 0.0198676 9.9955E-05 9.9955E-05 9.9955E-05 0.00244124 0.965605 0.0113849
9.99281E-05 9.99281E-05 9.99281E-05 0.0826537 9.99281E-05 9.99281E-05 9.99281E-05 9.99281E-05 0.916547 9.99281E-05
0.00365954 9.9946E-05 9.9946E-05 9.9946E-05 9.9946E-05 0.0329471 9.9946E-05 0.0318681 0.930926 9.9946E-05
9.99201E-05 9.99201E-05 9.99201E-05 9.99201E-05 9.99201E-05 0.999101 9.99201E-05 9.99201E-05 9.99201E-05 9.99201E-05
0.0383525 0.093299 9.9964E-05 0.00905249 0.125987 0.663647 0.0692622 9.9964E-05 9.9964E-05 9.9964E-05
9.9964E-05 0.088545 0.0993085 0.0529004 0.111816 0.618534 9.9964E-05 0.0284964 9.9964E-05 9.9964E-05
9.9955E-05 9.9955E-05 0.0533607 9.9955E-05 0.193516 0.715247 9.9955E-05 0.0175037 0.0198733 9.9955E-05
0.012299 9.9946E-05 9.9946E-05 9.9946E-05 9.9946E-05 0.867206 0.0871726 0.0327222 9.9946E-05 9.9946E-05
9.9964E-05 9.9964E-05 0.0630002 0.0120609 0.0253003 0.807049 0.0130648 9.9964E-05 9.9964E-05 0.0791246
0.0177715 9.9973E-05 0.053972 0.00799384 0.155926 0.683578 0.0637345 9.9973E-05 9.9973E-05 0.0167247
9.99201E-05 9.99201E-05 9.99201E-05 9.99201E-05 9.99201E-05 0.999101 9.99201E-05 9.99201E-05 9.99201E-05 9.99201E-05
0.0378742 0.0847125 0.0738883 9.9964E-05 9.9964E-05 0.699782 0.0867921 0.0165511 9.9964E-05 9.9964E-05
0.0589202 0.0967076 0.0487034 9.9973E-05 0.0355216 0.546879 0.191775 9.9973E-05 0.0211933 9.9973E-05
9.9937E-05 0.0898399 0.208649 9.9937E-05 9.9937E-05 0.700811 9.9937E-05 9.9937E-05 9.9937E-05 9.9937E-05
0.0320782 0.00545536 0.153391 0.0240643 0.0682555 0.690071 9.9973E-05 9.9973E-05 9.9973E-05 0.0263854
0.0406967 0.0642029 0.213866 0.044556 9.9955E-05 0.636178 9.9955E-05 9.9955E-05 9.9955E-05 9.9955E-05
0.0877834 0.118903 0.152308 9.9964E-05 9.9964E-05 0.591863 0.0319901 0.0167527 9.9964E-05 9.9964E-05
0.0180549 0.0175438 0.140005 0.0242501 0.000867911 0.55582 0.195523 0.033972 0.0138628 9.9991E-05
0.0163847 0.180999 9.9991E-05 0.00830411 0.0155847 0.464779 0.198451 0.00485096 0.0606047 0.0499416
0.0169876 0.0418712 9.9973E-05 9.9973E-05 0.152073 0.609466 0.136003 0.0308019 9.9973E-05 0.0124967
0.0119195 0.0287157 0.112794 9.9973E-05 0.72163 0.0174581 0.0808376 9.9973E-05 9.9973E-05 0.0263451
0.0592578 9.9964E-05 0.128877 0.0145786 0.652181 9.9964E-05 0.110827 0.0338782 9.9964E-05 9.9964E-05
0.0434912 0.0474049 0.152439 0.000617604 0.660345 0.0096737 0.00177947 9.9991E-05 0.0448087 0.0393409
0.0292936 0.046053 9.9973E-05 0.0254359 0.719171 0.0386196 0.136517 9.9973E-05 9.9973E-05 0.00460991
0.0582295 9.9982E-05 9.9982E-05 0.0111641 0.742265 0.0132555 0.0174453 0.0450001 0.028209 0.0842318
0.0296499 0.035984 9.9973E-05 9.9973E-05 0.766026 9.9973E-05 0.0757042 0.0289902 0.0168079 0.0465382
0.0365115 0.172119 0.0396668 0.0197421 0.609537 9.9982E-05 9.9982E-05 0.0176105 0.0436087 0.0610044
0.0246621 0.0174491 0.0460382 0.0262291 0.698751 0.036149 0.0107879 0.0803784 0.00335059 0.0562042
0.0231952 0.0552557 0.0410281 9.9973E-05 0.770188 0.0369378 9.9973E-05 0.0499178 0.023177 9.9973E-05
0.00689048 0.000612692 9.9964E-05 9.9964E-05 0.818354 9.9964E-05 0.098239 0.0257666 9.9964E-05 0.0497373
0.0253699 9.9973E-05 0.0679394 0.0147482 0.841279 9.9973E-05 9.9973E-05 0.0311523 0.00403547 0.0151754
0.00948718 9.9973E-05 9.9973E-05 0.00723208 0.865503 0.0268105 9.9973E-05 0.00757422 0.0356256 0.0474671
0.0323304 0.0676832 9.9982E-05 0.0125946 0.824361 9.9982E-05 0.0217732 0.0213683 0.00124876 0.0184406
0.0147405 9.9973E-05 0.128393 0.0276584 0.787687 0.00703209 9.9973E-05 0.0265071 9.9973E-05 0.00768277
0.0663583 9.9955E-05 9.9955E-05 0.0485621 0.827432 0.0377652 9.9955E-05 9.9955E-05 9.9955E-05 0.0193826
0.117935 9.9955E-05 0.0717611 0.018418 0.729327 9.9955E-05 9.9955E-05 0.0620587 9.9955E-05 9.9955E-05
9.9973E-05 9.9973E-05 9.9973E-05 0.0375674 0.745143 0.0483433 0.0106865 0.0171712 0.0221483 0.118641
0.0566114 9.9955E-05 0.0475503 9.9955E-05 0.792636 9.9955E-05 9.9955E-05 9.9955E-05 0.0704909 0.0322119
9.9973E-05 0.00677496 0.235546 0.00150427 0.666365 9.9973E-05 0.0394172 9.9973E-05 0.0481399 0.00195296
0.0320061 0.0812872 0.0564072 9.9982E-05 0.679815 0.0204021 0.0127858 0.0476434 0.0694529 9.9982E-05
0.0329055 0.0714706 0.049738 9.9991E-05 0.075317 0.00767757 0.668053 0.0669612 0.0249214 0.00285531
9.9946E-05 9.9946E-05 9.9946E-05 0.0103607 9.9946E-05 0.0384017 9.9946E-05 9.9946E-05 0.02671 0.923928
0.0591016 0.0951905 9.9973E-05 0.0350189 0.00130715 9.9973E-05 0.646829 0.154395 9.9973E-05 0.00785868
0.0454782 9.9973E-05 0.0973564 0.0244485 0.0818078 9.9973E-05 0.5809 0.165015 9.9973E-05 0.00469384
0.0655413 9.9955E-05 0.201332 9.9955E-05 9.9955E-05 9.9955E-05 0.570403 0.101999 9.9955E-05 0.0602252
0.0518374 9.9973E-05 9.9973E-05 9.9973E-05 0.119389 0.00312343 0.693925 0.109588 0.0147544 0.00708243
0.999101 9.99201E-05 9.99201E-05 9.99201E-05 9.99201E-05 9.99201E-05 9.99201E-05 9.99201E-05 9.99201E-05 9.99201E-05
9.99549E-05 0.0140651 0.00976262 0.0105279 9.99549E-05 9.99549E-05 9.99549E-05 0.0458441 9.99549E-05 0.9193
0.0243321 0.0896451 0.0461712 0.0512844 0.0124298 9.9991E-05 0.531671 0.128103 0.0583513 0.0579122
0.126766 0.0330766 9.9991E-05 0.0456465 0.0359528 0.0859802 0.467736 0.0811546 0.0408931 0.0826946
0.0544403 9.9982E-05 0.146699 0.0161492 0.00192367 9.9982E-05 0.491167 0.0823079 0.0814705 0.125643
0.0623153 9.9964E-05 0.0156753 9.9964E-05 9.9964E-05 0.118237 0.551973 0.16117 9.9964E-05 0.0902298
0.0341227 0.0175795 9.9982E-05 0.0206416 9.9982E-05 0.112436 0.456892 0.153534 0.0176327 0.186962
0.0653867 9.9955E-05 9.9955E-05 0.0261447 9.9955E-05 9.9955E-05 0.72446 0.112081 9.9955E-05 0.0714281
0.0713102 9.9973E-05 0.047922 0.0144206 0.026093 9.9973E-05 0.660841 0.120989 9.9973E-05 0.0581239
0.0312576 9.9982E-05 0.125331 0.038028 9.9982E-05 0.0434162 0.483924 0.1389 0.016859 0.122084
0.0294371 0.0378123 0.35063 0.0126537 0.0504571 9.9982E-05 0.36102 0.0676013 9.9982E-05 0.0901877
0.0419744 9.9982E-05 0.240413 9.9982E-05 0.211558 0.0537114 0.306478 0.0333491 0.00226928 0.110048
0.024094 0.0116825 9.9982E-05 9.9982E-05 0.199606 0.0120574 0.595897 0.0633327 0.0606078 0.0325222
0.0114082 9.9964E-05 9.9964E-05 9.9964E-05 0.453494 9.9964E-05 0.282513 0.0834477 0.0810673 0.0876698
0.999101 9.99201E-05 9.99201E-05 9.99201E-05 9.99201E-05 9.99201E-05 9.99201E-05 9.99201E-05 9.99201E-05 9.99201E-05
0.0496132 9.9991E-05 0.0999335 0.00979012 0.178099 0.0986 0.192391 0.107792 0.0498496 0.213832
0.0891211 0.0122989 9.9964E-05 9.9964E-05 0.104635 9.9964E-05 0.515165 0.161685 9.9964E-05 0.116695
9.9982E-05 0.0179525 9.9982E-05 0.0350656 0.101875 0.0865105 0.552972 0.100544 0.0345954 0.0702854
0.0669129 9.9991E-05 0.05929 0.0546281 0.0202438 0.0514785 0.527421 0.146037 0.0361678 0.037721
0.0573254 9.9973E-05 0.0215046 9.9973E-05 0.0741868 9.9973E-05 0.605777 0.13943 0.0737036 0.0277724
0.00208852 0.128556 9.9991E-05 0.0128893 0.330154 0.0602237 0.21158 0.158556 0.0301592 0.0656936
0.0539722 0.55944 9.9964E-05 9.9964E-05 0.122464 9.9964E-05 0.217255 0.0205216 9.9964E-05 0.0259475
9.9973E-05 0.128894 0.0975911 0.0713649 0.142908 0.0175226 0.433734 9.9973E-05 9.9973E-05 0.107685
0.0341116 0.0271257 0.0119508 0.0139585 0.130159 0.00772813 0.556421 0.110811 9.9991E-05 0.107635
9.9982E-05 0.057803 0.113728 0.0258079 0.0741242 9.9982E-05 0.589358 0.0419558 0.00428748 0.0927358
0.0199934 0.0453159 0.150036 0.0035516 0.0696668 9.9982E-05 0.544685 0.144167 9.9982E-05 0.022385
0.015794 9.9973E-05 0.0690211 9.9973E-05 0.00263381 0.0330697 0.125132 0.718164 0.0358864 9.9973E-05
0.178666 9.9991E-05 0.177842 0.00445655 0.0682826 0.0122166 0.403991 0.07961 0.021744 0.053091
0.107969 0.0139155 9.9982E-05 0.0180054 0.057133 0.0497264 0.578005 0.113056 9.9982E-05 0.0619898
0.0152455 0.158593 9.9991E-05 0.0912953 0.00946883 0.0672828 0.443693 0.155666 0.0200333 0.0386224
0.0540764 0.0948531 0.088478 0.014275 0.0442768 0.0433911 0.476322 0.113046 0.0693257 0.00195648
0.0670994 0.0713313 9.9955E-05 0.0878095 9.9955E-05 9.9955E-05 0.697226 0.076034 9.9955E-05 9.9955E-05
0.0486456 0.0948531 9.9991E-05 0.0735474 0.0366398 0.0527938 0.498713 0.0979474 0.00791436 0.0888455
0.0326111 0.0326345 0.323734 0.00398981 0.0521932 9.9991E-05 0.247966 0.0853935 0.105759 0.11562
0.0699398 9.9973E-05 0.085839 9.9973E-05 0.101142 9.9973E-05 0.513633 0.0624189 0.0890036 0.0777233
0.0325116 9.9973E-05 0.230249 0.0191704 0.0137434 9.9973E-05 0.552103 0.0776307 9.9973E-05 0.0742921
0.0228133 0.00633009 0.023124 9.9982E-05 0.0941096 9.9982E-05 0.464881 0.114069 0.0454646 0.229008
0.016679 0.0340105 9.9982E-05 0.0326282 9.9982E-05 0.104869 0.665067 0.0911052 0.0156039 0.0398369
0.0993227 0.0962571 0.0411009 0.0382014 9.9973E-05 9.9973E-05 0.430196 0.166534 9.9973E-05 0.128089
0.044163 0.00476802 0.0864483 9.9964E-05 9.9964E-05 9.9964E-05 0.73557 0.110434 9.9964E-05 0.0182169
9.99201E-05 9.99201E-05 9.99201E-05 9.99201E-05 9.99201E-05 9.99201E-05 9.99201E-05 0.999101 9.99201E-05 9.99201E-05
0.0484798 0.0491333 0.0830459 0.03126 0.00026838 0.0323013 0.382903 0.141031 0.065822 0.165756
0.0758747 0.0228196 9.9955E-05 0.0253792 9.9955E-05 9.9955E-05 0.77426 0.101167 9.9955E-05 9.9955E-05
0.0581708 0.0852832 0.00808348 0.0155194 9.9982E-05 0.0134384 0.608764 0.135227 9.9982E-05 0.075313
0.0368054 9.9964E-05 9.9964E-05 9.9964E-05 0.128823 9.9964E-05 0.672431 0.10298 0.0309397 0.027621
0.0389971 9.9982E-05 0.0459354 0.00331859 0.00787283 9.9982E-05 0.781836 0.0527572 0.0472908 0.0217921
0.0355768 9.9982E-05 0.191974 0.0174389 9.9982E-05 0.0294134 0.591731 0.0409885 0.0457599 0.046918
9.99201E-05 9.99201E-05 9.99201E-05 9.99201E-05 9.99201E-05 9.99201E-05 9.99201E-05 9.99201E-05 9.99201E-05 0.999101
9.99201E-05 9.99201E-05 9.99201E-05 9.99201E-05 9.99201E-05 9.99201E-05 9.99201E-05 0.999101 9.99201E-05 9.99201E-05
9.99201E-05 9.99201E-05 9.99201E-05 9.99201E-05 9.99201E-05 9.99201E-05 9.99201E-05 9.99201E-05 9.99201E-05 0.999101
0.0608825 0.0586306 9.9964E-05 0.0255555 9.9964E-05 9.9964E-05 0.683448 0.121531 9.9964E-05 0.0495525
0.0571034 0.0383559 9.9991E-05 0.00410774 0.0416029 0.113847 0.30674 0.177067 0.0639733 0.197103
0.0306857 0.0785911 0.0233033 0.0130744 9.9991E-05 0.050117 0.512173 0.147272 0.0592263 0.085457
0.0269701 9.9964E-05 9.9964E-05 9.9964E-05 9.9964E-05 0.0358703 0.623846 0.134563 0.0393294 0.139022
0.0576606 9.9991E-05 0.0338047 0.00662005 0.0125644 0.081247 0.568926 0.129921 0.0435712 0.0655857
9.9964E-05 9.9964E-05 9.9964E-05 0.020654 0.0268643 0.0466153 0.176109 0.677008 0.0523495 9.9964E-05
0.00488348 9.9982E-05 9.9982E-05 0.039625 0.154714 0.0241588 0.512734 0.116907 0.0817697 0.0650076
0.00120083 9.9964E-05 0.753393 0.0233726 9.9964E-05 0.0147857 0.119842 9.9964E-05 9.9964E-05 0.0870062
0.0024628 0.0378837 0.89101 9.9955E-05 9.9955E-05 9.9955E-05 0.0498392 0.0183047 9.9955E-05 9.9955E-05
9.9964E-05 9.9964E-05 0.883033 0.00890752 0.0477485 0.0129583 9.9964E-05 0.0432022 9.9964E-05 0.00375029
0.0377096 0.0402355 0.766527 0.0139317 9.9982E-05 0.0191812 0.065361 0.0228036 0.0340509 9.9982E-05
0.0710341 0.0598311 0.695765 0.0214681 9.9982E-05 0.0406632 0.0422589 0.0499293 9.9982E-05 0.0188503
0.0347038 0.0128597 0.951737 9.9937E-05 9.9937E-05 9.9937E-05 9.9937E-05 9.9937E-05 9.9937E-05 9.9937E-05
9.9928E-05 9.9928E-05 0.976637 9.9928E-05 9.9928E-05 9.9928E-05 9.9928E-05 9.9928E-05 0.0225641 9.9928E-05
9.9973E-05 9.9973E-05 0.829441 0.0348136 0.00980811 0.0267169 0.0576645 0.00993054 0.0313252 9.9973E-05
0.00237659 9.9955E-05 0.925699 0.0106847 0.0139944 9.9955E-05 9.9955E-05 9.9955E-05 9.9955E-05 0.0467459
9.9973E-05 9.9973E-05 0.699906 9.9973E-05 0.105581 0.0503899 0.0504149 0.016336 0.0262624 0.0508093
9.9964E-05 9.9964E-05 0.828348 0.00296711 9.9964E-05 0.0609333 0.0596426 0.0067676 9.9964E-05 0.0409412
0.0143774 0.715169 0.183904 9.9973E-05 9.9973E-05 0.0142711 9.9973E-05 0.010022 0.0533157 0.00864142
0.0436666 0.714131 0.16608 0.0266447 9.9964E-05 0.00989475 9.9964E-05 0.039183 9.9964E-05 9.9964E-05
0.0135986 0.636673 9.9982E-05 9.9982E-05 0.0682778 0.083248 0.1128 0.00961293 0.0655658 0.0100241
9.9964E-05 0.733237 9.9964E-05 9.9964E-05 0.0476653 0.0225394 0.0654849 9.9964E-05 0.0871496 0.0435238
0.0936988 0.673155 9.9955E-05 9.9955E-05 0.121667 0.0544812 9.9955E-05 9.9955E-05 0.0564991 9.9955E-05
0.0256282 0.644543 0.223059 0.0345001 9.9973E-05 0.00900915 9.9973E-05 0.00728817 9.9973E-05 0.0556727
0.000896859 0.74362 0.0948543 9.9973E-05 0.0816826 0.0439351 9.9973E-05 0.0222865 0.0124245 9.9973E-05
9.9955E-05 0.728939 0.12468 0.0247215 9.9955E-05 0.0649021 9.9955E-05 0.0562577 9.9955E-05 9.9955E-05
0.040463 0.549374 0.0119537 0.0478112 0.0709263 0.0172683 0.106685 0.0109591 0.0610258 0.0835331
0.0304873 0.696779 0.120422 9.9955E-05 0.14853 9.9955E-05 9.9955E-05 9.9955E-05 0.00328125 9.9955E-05
0.0746935 0.756924 0.030393 0.0014391 0.0746749 0.0181108 9.9982E-05 9.9982E-05 0.0359836 0.00758094
9.9955E-05 0.680179 9.9955E-05 9.9955E-05 0.172013 0.0362312 9.9955E-05 9.9955E-05 0.0629822 0.0480953
0.0109591 0.541821 9.9982E-05 0.00155482 0.152238 0.118313 0.0839619 9.9982E-05 0.0733368 0.0176148
0.019816 0.599439 9.9973E-05 0.0157725 0.0437666 9.9973E-05 0.300517 9.9973E-05 0.00221914 0.0181694
9.9964E-05 0.707809 9.9964E-05 0.0507673 9.9964E-05 0.0309068 0.0803354 9.9964E-05 0.0315478 0.0982338
9.9973E-05 0.674697 9.9973E-05 0.0966907 0.0695599 9.9973E-05 0.054325 0.0287797 0.0571302 0.0185179
9.9955E-05 0.719005 0.151372 0.0323376 0.0235496 9.9955E-05 9.9955E-05 9.9955E-05 9.9955E-05 0.0732363
9.9964E-05 0.705515 9.9964E-05 0.049045 0.0582103 9.9964E-05 0.0810924 9.9964E-05 0.0209028 0.0848351
0.0102993 0.706752 9.9973E-05 0.0432787 0.0690863 0.114505 9.9973E-05 0.0199562 0.0358225 9.9973E-05
0.0569729 0.670002 9.9982E-05 0.0630635 0.0247574 0.090552 0.0603782 0.00408006 9.9982E-05 0.0299939
0.0379318 0.669863 9.9982E-05 0.00718042 0.0188585 0.1001 9.9982E-05 0.081504 0.0633373 0.0210248
0.00133499 0.702658 0.0689723 0.0248163 0.00945911 0.0335803 0.0678536 0.0115308 9.9991E-05 0.079695
9.9964E-05 0.706618 0.182224 0.00710032 9.9964E-05 9.9964E-05 9.9964E-05 0.0482419 0.00837511 0.0470413
9.9982E-05 0.732086 0.0111395 0.0112136 9.9982E-05 0.0581978 0.110532 0.00846393 0.0381278 0.0300394
0.0260287 0.724416 9.9964E-05 9.9964E-05 9.9964E-05 0.0726528 9.9964E-05 0.0885044 0.0662056 0.021793
0.0223492 0.661678 0.164068 0.0139492 0.0329271 0.0474453 0.057283 9.9973E-05 9.9973E-05 9.9973E-05
0.0201656 0.74978 9.9973E-05 9.9973E-05 0.0556857 0.0363279 0.00013826 9.9973E-05 0.0527795 0.0848227
0.00808845 0.659905 0.0746379 0.0239887 0.0393716 0.0108662 9.9991E-05 0.0328426 0.0436403 0.106559
0.0120076 0.685927 0.0079238 0.0252242 0.07186 0.033075 0.114741 0.0324888 0.0144585 0.00229424
0.0315699 0.787578 9.9973E-05 9.9973E-05 0.0762654 0.0152318 0.0210501 0.0262357 9.9973E-05 0.0417694
0.0117067 0.780605 0.0647001 9.9955E-05 0.0726983 9.9955E-05 9.9955E-05 9.9955E-05 9.9955E-05 0.0697905
0.00331701 0.580139 9.9982E-05 0.0251447 0.139348 0.0495837 0.141118 0.0037789 0.0573704 9.9982E-05
9.9973E-05 0.669971 0.0559221 0.0396322 0.119275 0.0307324 0.07793 0.00623785 9.9973E-05 9.9973E-05
9.9973E-05 0.764077 0.00911933 0.0279966 9.9973E-05 0.0114555 0.0926253 0.0411995 9.9973E-05 0.0532273
0.0227251 0.731449 9.9973E-05 0.0481448 9.9973E-05 0.0890526 0.0478723 0.0030955 9.9973E-05 0.0573604
0.0255862 0.161683 0.0861598 0.0293771 0.64519 0.0265138 9.9991E-05 0.00491711 0.00703485 0.0134383
0.0150231 0.132995 0.0494635 0.00864324 0.60436 0.0776971 9.9982E-05 0.0539908 0.057628 9.9982E-05
9.9973E-05 0.106012 0.062121 0.0385791 0.580408 0.0827016 9.9973E-05 0.0574765 0.0724022 9.9973E-05
0.00295325 0.150458 9.9982E-05 9.9982E-05 0.497895 0.0889619 0.0858023 0.0412846 0.106542 0.0259035
9.9982E-05 0.0441518 0.0610923 0.00437058 0.636691 0.0673159 0.0643461 0.0174069 0.104425 9.9982E-05
0.00995447 0.0302346 0.0109455 0.0141885 0.717067 0.175012 9.9982E-05 0.034217 9.9982E-05 0.0081809
9.9973E-05 0.0771744 0.0571808 9.9973E-05 0.81113 0.00436948 9.9973E-05 0.0271894 0.0144212 0.00823468
9.9964E-05 0.0126103 0.108623 9.9964E-05 0.601205 0.17564 9.9964E-05 9.9964E-05 0.100937 0.000584248
