9.9964E-05 9.9964E-05 0.0011371 0.0258639 0.0281606 9.9964E-05 9.9964E-05 0.00628709 0.0123616 0.92579
9.998E-05 0.0328909 9.998E-05 0.121219 0.0241689 0.0122401 0.0414343 0.0433741 0.0380542 0.686418
9.9964E-05 9.9964E-05 9.9964E-05 0.051715 9.9964E-05 0.0792699 0.00837799 0.0207431 0.0559485 0.783546
0.0590476 9.9973E-05 9.9973E-05 0.00797799 9.9973E-05 0.0199058 0.0123059 0.0669711 0.0541385 0.779353
0.10627 9.9973E-05 0.0341318 0.0116991 0.0114593 9.9973E-05 0.0149529 0.0495005 9.9973E-05 0.771687
0.00143673 9.9964E-05 0.0143758 9.9964E-05 9.9964E-05 9.9964E-05 0.058314 0.0281943 0.0326653 0.864614
0.0226977 0.00601699 0.0170989 9.9955E-05 9.9955E-05 9.9955E-05 9.9955E-05 0.0710903 9.9955E-05 0.882596
9.997E-05 0.0599489 0.0284198 9.997E-05 9.997E-05 0.0328748 0.0146553 0.0280404 0.0175318 0.818229
0.112586 9.9955E-05 9.9955E-05 9.9955E-05 9.9955E-05 9.9955E-05 0.0270834 0.0847787 0.0249728 0.750079
9.9973E-05 0.00607318 0.0311495 0.006246 9.9973E-05 0.0335571 9.9973E-05 0.0774967 0.00740343 0.837774
9.997E-05 9.997E-05 0.0113947 0.120401 9.997E-05 0.0549481 0.0129136 0.0266462 0.0127235 0.760673
9.9973E-05 9.9973E-05 0.0137309 0.0997989 9.9973E-05 0.112236 0.0190746 0.00764471 0.0275137 0.719701
0.0909292 0.0768769 0.000903927 9.9973E-05 0.0409609 9.9973E-05 0.0067268 9.9973E-05 0.017486 0.765816
0.0649569 0.0596714 9.9964E-05 9.9964E-05 9.9964E-05 0.0553957 9.9964E-05 0.0939781 0.00624217 0.719356
0.0171308 0.0344883 9.9964E-05 0.117005 9.9964E-05 0.0225728 9.9964E-05 0.0246663 9.9964E-05 0.783737
0.0258788 0.0492314 9.9955E-05 9.9955E-05 9.9955E-05 0.0406353 9.9955E-05 0.028587 9.9955E-05 0.855168
9.9946E-05 0.0271367 0.0067589 9.9946E-05 9.9946E-05 9.9946E-05 0.0360854 9.9946E-05 9.9946E-05 0.929419
9.9955E-05 9.9955E-05 0.00432262 0.0315039 0.0313073 9.9955E-05 0.000331411 9.9955E-05 9.9955E-05 0.932035
9.9937E-05 9.9937E-05 9.9937E-05 9.9937E-05 0.0426701 9.9937E-05 9.9937E-05 9.9937E-05 0.0045546 0.952076
9.9955E-05 0.0079069 0.0352837 9.9955E-05 9.9955E-05 0.0301744 0.0339145 9.9955E-05 9.9955E-05 0.892221
9.99201E-05 9.99201E-05 9.99201E-05 9.99201E-05 9.99201E-05 0.999101 9.99201E-05 9.99201E-05 9.99201E-05 9.99201E-05
9.9973E-05 0.0150212 9.9973E-05 0.190181 0.0551212 0.670175 9.9973E-05 0.0335836 0.0204212 0.0151975
0.0398824 9.997E-05 0.0359371 0.0844101 0.0984065 0.636851 9.997E-05 0.0505897 9.997E-05 0.0536238
0.0584742 9.9955E-05 0.00362574 9.9955E-05 0.178391 0.736496 0.0225132 9.9955E-05 9.9955E-05 9.9955E-05
0.0652187 0.00663717 0.0400641 9.9964E-05 9.9964E-05 0.881273 9.9964E-05 9.9964E-05 0.000845194 0.00556157
0.164142 9.9964E-05 9.9964E-05 9.9964E-05 0.00799686 0.771893 0.0195149 9.9964E-05 0.0154133 0.0206402
0.129871 0.00428467 9.998E-05 0.093221 0.0769818 0.638199 0.0146079 0.0362944 0.00634052 9.998E-05
9.99201E-05 9.99201E-05 9.99201E-05 9.99201E-05 9.99201E-05 0.999101 9.99201E-05 9.99201E-05 9.99201E-05 9.99201E-05
0.181062 9.9955E-05 0.0279559 0.0907886 9.9955E-05 0.630342 9.9955E-05 0.0693517 9.9955E-05 9.9955E-05
0.117725 0.127018 0.000984676 0.0762914 0.0342623 0.583006 9.9973E-05 0.0604126 9.9973E-05 9.9973E-05
0.105543 9.9955E-05 9.9955E-05 0.116013 9.9955E-05 0.726276 0.00246791 0.0492 9.9955E-05 9.9955E-05
0.135049 9.9946E-05 9.9946E-05 9.9946E-05 0.148263 0.699435 0.016653 9.9946E-05 9.9946E-05 9.9946E-05
0.235113 0.00559637 9.9973E-05 9.9973E-05 0.0320932 0.673764 9.9973E-05 0.0129096 0.00291691 0.0373069
0.0992313 0.233267 0.0190005 9.9973E-05 0.00135874 0.54853 9.9973E-05 0.0851875 0.0131249 9.9973E-05
0.154714 0.0154397 0.00314039 0.164852 0.0254101 0.487607 0.030448 0.0741199 0.0441689 9.9991E-05
9.995E-05 9.995E-05 9.995E-05 0.283969 9.995E-05 0.424728 9.995E-05 0.155126 0.082694 0.0529834
9.998E-05 0.104488 0.0239911 0.0664903 0.171794 0.581715 0.00463348 0.0297718 0.0169169 9.998E-05
0.00396823 9.9973E-05 0.00775235 0.167248 0.683989 0.0765365 0.0240734 9.9973E-05 0.0361332 9.9973E-05
9.9955E-05 9.9955E-05 0.0395074 0.211755 0.662853 9.9955E-05 0.0323597 0.0530256 9.9955E-05 9.9955E-05
0.136076 0.162862 9.9955E-05 9.9955E-05 0.687127 9.9955E-05 0.000146948 9.9955E-05 0.0132879 9.9955E-05
9.9973E-05 0.0148955 0.00604469 0.163271 0.749005 0.0485726 9.9973E-05 0.00339966 0.0145116 9.9973E-05
9.998E-05 0.0708434 0.0222148 0.0503632 0.699286 0.00305572 0.0441328 9.998E-05 0.0542434 0.0556603
0.0210211 0.160347 0.0259187 9.9955E-05 0.783557 9.9955E-05 9.9955E-05 9.9955E-05 0.0086574 9.9955E-05
0.0144344 0.0576786 0.0108534 9.9982E-05 0.5839 9.9982E-05 0.0247848 0.175358 0.0679542 0.0648369
0.0291977 0.0790451 0.0496716 0.0304981 0.694822 9.998E-05 9.998E-05 0.0746457 0.0178532 0.0240668
9.998E-05 0.102234 0.0218622 9.998E-05 0.631505 0.0330014 0.0230305 0.140697 0.00201247 0.0454579
0.0266285 0.18719 0.00343187 9.9964E-05 0.688133 0.0377363 0.0564806 9.9964E-05 9.9964E-05 9.9964E-05
0.00218932 0.0866629 0.00683009 0.021709 0.818427 9.9991E-05 0.00965365 0.0261521 0.0232242 0.00505234
9.9964E-05 0.0129298 0.0166977 9.9964E-05 0.915426 0.00708746 0.0375065 9.9964E-05 0.00995238 9.9964E-05
9.997E-05 0.0473522 0.00627329 0.0482115 0.789158 9.997E-05 0.0111996 0.0379452 0.0595607 9.997E-05
0.0664498 0.0498487 0.0237318 0.0250512 0.77273 9.9973E-05 0.0558152 0.00607308 9.9973E-05 9.9973E-05
9.9964E-05 0.0644284 9.9964E-05 9.9964E-05 0.771938 0.0247808 0.0585263 0.0490174 0.0309091 9.9964E-05
0.000596511 0.193444 0.0315466 9.9946E-05 0.773813 9.9946E-05 9.9946E-05 9.9946E-05 9.9946E-05 9.9946E-05
9.997E-05 0.0336449 9.997E-05 0.0377935 0.743915 0.0512401 0.0331431 9.997E-05 0.0117024 0.0882609
0.0358614 0.194307 0.0153975 9.9964E-05 0.731462 9.9964E-05 9.9964E-05 0.00963659 0.0129354 9.9964E-05
0.0533586 0.0674525 9.999E-05 0.0811854 0.672087 0.0114277 0.0241029 0.0742206 0.00491674 0.0111485
9.9964E-05 0.094104 0.0491901 9.9964E-05 0.698232 0.0641644 9.9964E-05 0.0332601 9.9964E-05 0.0606493
9.997E-05 0.0664288 9.997E-05 0.645944 0.119903 0.0184367 0.0426352 0.0654979 0.0408542 9.997E-05
9.99201E-05 9.99201E-05 9.99201E-05 9.99201E-05 9.99201E-05 9.99201E-05 9.99201E-05 9.99201E-05 0.999101 9.99201E-05
0.0857656 0.185662 0.0708296 0.584316 0.0497922 0.00978783 0.00384966 0.0063947 0.00350314 9.9991E-05
0.147424 0.177977 0.0453099 0.532611 0.0676459 9.9973E-05 0.0135383 9.9973E-05 0.015194 9.9973E-05
0.120664 0.1565 0.0310503 0.585595 9.9964E-05 9.9964E-05 0.0572326 9.9964E-05 0.0485582 9.9964E-05
0.0803903 0.238409 0.0466773 0.488374 0.090531 9.997E-05 0.0399292 9.997E-05 0.0153889 9.997E-05
9.99201E-05 0.999101 9.99201E-05 9.99201E-05 9.99201E-05 9.99201E-05 9.99201E-05 9.99201E-05 9.99201E-05 9.99201E-05
9.99201E-05 9.99201E-05 9.99201E-05 9.99201E-05 9.99201E-05 9.99201E-05 9.99201E-05 9.99201E-05 0.999101 9.99201E-05
0.0440449 0.249487 0.00471568 0.437603 9.998E-05 9.998E-05 0.0332006 0.0615601 0.0538331 0.115355
0.227597 0.306841 0.0211137 0.200543 0.0223491 0.0962814 0.0440362 9.999E-05 0.0197634 0.0613754
0.266844 0.411933 0.0259051 0.176578 9.9973E-05 9.9973E-05 0.0294988 9.9973E-05 0.0501596 0.0387813
0.0897218 0.282523 0.0669998 0.364904 9.9973E-05 0.110492 0.0484422 9.9973E-05 0.036618 9.9973E-05
0.128283 0.131598 0.0742382 0.430095 9.9991E-05 0.0136518 0.0523107 0.00659828 0.121564 0.0415611
0.026318 0.467529 0.0132065 0.406326 9.9973E-05 9.9973E-05 0.0431759 9.9973E-05 0.0287137 0.0144306
0.207984 0.315712 0.00918039 0.360623 0.0260608 9.998E-05 0.0430658 9.998E-05 0.0307398 0.00643412
0.0820245 0.242717 0.0404265 0.476354 9.9991E-05 0.0257661 0.013636 0.0180635 0.0947351 0.00617787
0.458603 0.0231438 0.0267208 0.314121 9.9973E-05 9.9973E-05 0.0339552 0.0481449 0.0950121 9.9973E-05
0.314278 0.196613 0.00811467 0.153039 0.195469 0.0285521 0.0761825 9.9982E-05 0.0275511 9.9982E-05
0.0497436 0.221034 0.0183757 0.306731 0.21732 9.9982E-05 0.0891004 9.9982E-05 0.0512895 0.0462052
0.0026493 0.220875 0.0220831 0.13257 0.459384 9.9982E-05 0.0206792 9.9982E-05 0.0748129 0.0667465
9.99201E-05 0.999101 9.99201E-05 9.99201E-05 9.99201E-05 9.99201E-05 9.99201E-05 9.99201E-05 9.99201E-05 9.99201E-05
0.232877 0.115635 0.101168 0.139849 0.144404 0.0652165 0.0613698 9.9991E-05 0.0970146 0.0423668
0.0970357 0.309132 0.0336588 0.395937 0.0728417 0.0110986 0.0475586 9.9982E-05 0.0325374 9.9982E-05
0.140296 0.00488637 0.0159487 0.668341 0.0326591 9.9982E-05 0.0607138 9.9982E-05 0.0213358 0.0556187
0.0614985 0.30818 0.04095 0.485251 9.9991E-05 0.0160473 0.0268841 0.0224051 0.0271647 0.0115192
9.9964E-05 0.329145 0.021337 0.501634 9.9964E-05 9.9964E-05 0.0356329 9.9964E-05 0.0147431 0.0971086
9.998E-05 0.0438493 0.0914384 0.36119 0.217176 0.0555913 0.03477 0.149328 0.0464562 9.998E-05
9.997E-05 0.122631 0.0111536 0.100506 0.158719 9.997E-05 0.0317491 0.545852 0.0290888 9.997E-05
0.0779233 0.00945981 9.9982E-05 0.46379 0.180151 0.0536342 0.0423462 0.0722381 0.100257 9.9982E-05
0.109401 0.15864 0.0425075 0.558994 0.00156286 9.9991E-05 0.0423143 0.0768573 0.00655179 0.00307154
0.11451 9.9964E-05 9.9964E-05 0.621423 0.0334667 9.9964E-05 0.0982508 0.119304 0.0126455 9.9964E-05
0.127305 0.26818 0.0481906 0.372808 0.0826562 0.00428159 9.9982E-05 0.0431513 0.0532278 9.9982E-05
9.9928E-05 9.9928E-05 0.240306 0.758894 9.9928E-05 9.9928E-05 9.9928E-05 9.9928E-05 9.9928E-05 9.9928E-05
0.0505219 0.475383 0.0327153 0.236674 0.106404 0.038173 0.0171371 9.9982E-05 0.0427916 9.9982E-05
0.0554117 0.813067 9.9955E-05 0.10325 0.0256675 9.9955E-05 9.9955E-05 0.00210414 9.9955E-05 9.9955E-05
9.9973E-05 9.9973E-05 0.0145351 0.747337 9.9973E-05 0.0685914 0.0457229 0.0307679 0.0340753 0.0586704
0.0784416 0.0765265 0.0214534 0.604399 0.0135061 0.0931172 0.0478311 0.0174424 9.9991E-05 0.0471826
9.9973E-05 0.18474 0.0112238 0.663663 9.9973E-05 0.015482 0.0349086 0.0826295 0.00705261 9.9973E-05
9.997E-05 0.0884688 0.028223 0.664318 9.997E-05 0.069984 9.997E-05 0.0515887 0.05804 0.0390778
0.174118 0.123891 0.0408391 0.351937 0.118169 9.9991E-05 0.0600421 0.0513224 0.0726292 0.00695236
0.104343 0.354992 0.0134899 0.325282 0.0736607 9.9982E-05 0.0604932 9.9982E-05 0.00589503 0.0616439
0.191065 0.0937017 0.0308587 0.578351 9.9964E-05 9.9964E-05 0.0692036 9.9964E-05 0.0364202 9.9964E-05
0.130416 0.167518 0.0296256 0.446223 0.0512834 9.9973E-05 0.0994979 9.9973E-05 0.075136 9.9973E-05
9.998E-05 0.150991 0.0371188 0.661503 0.0202205 0.0715785 0.0139297 0.0355286 9.998E-05 0.00893003
0.165338 0.442946 0.109815 0.0993155 9.998E-05 9.998E-05 0.0194598 0.0686955 0.0648354 0.0293949
0.307625 0.275945 0.00749357 0.384472 9.9973E-05 9.9973E-05 0.0185524 9.9973E-05 0.000920176 0.00469107
9.99201E-05 9.99201E-05 0.999101 9.99201E-05 9.99201E-05 9.99201E-05 9.99201E-05 9.99201E-05 9.99201E-05 9.99201E-05
0.225529 0.0714351 0.0627596 0.381404 0.0610002 0.0144129 0.0965676 9.999E-05 0.0654096 0.0213817
0.0214138 0.342814 0.0126873 0.622485 9.9946E-05 9.9946E-05 9.9946E-05 9.9946E-05 9.9946E-05 9.9946E-05
9.9973E-05 0.24796 0.0584403 0.591463 9.9973E-05 9.9973E-05 0.0229828 0.0661294 0.00961637 0.00310857
0.189541 0.267237 0.0168762 0.377289 0.0787927 9.998E-05 0.0320495 9.998E-05 0.0351394 0.00287533
0.217281 0.0634469 9.9964E-05 0.559735 9.9964E-05 9.9964E-05 0.0821158 9.9964E-05 0.0061824 0.0708389
0.155912 0.194723 0.0161628 0.434404 9.998E-05 0.0545624 0.070836 9.998E-05 0.0235934 0.0496056
9.99201E-05 9.99201E-05 9.99201E-05 9.99201E-05 9.99201E-05 9.99201E-05 0.999101 9.99201E-05 9.99201E-05 9.99201E-05
9.99201E-05 9.99201E-05 0.999101 9.99201E-05 9.99201E-05 9.99201E-05 9.99201E-05 9.99201E-05 9.99201E-05 9.99201E-05
9.99201E-05 9.99201E-05 9.99201E-05 9.99201E-05 9.99201E-05 9.99201E-05 0.999101 9.99201E-05 9.99201E-05 9.99201E-05
9.9973E-05 0.135846 0.0165829 0.666468 9.9973E-05 0.0281659 0.0551208 0.0148495 0.0826665 9.9973E-05
9.998E-05 0.231474 0.0599811 0.363968 9.998E-05 0.132522 0.0972471 0.035735 0.0585564 0.0203166
0.134293 0.0707517 0.0685576 0.541528 9.998E-05 0.0367349 0.0240855 9.998E-05 0.0583028 0.0655466
9.997E-05 0.388314 0.060814 0.346905 0.00278281 0.0327854 0.102134 9.997E-05 9.997E-05 0.0659645
0.135707 0.783436 9.9964E-05 0.0232435 0.029629 9.9964E-05 9.9964E-05 9.9964E-05 0.00498161 0.0226032
9.9928E-05 9.9928E-05 0.171881 0.82732 9.9928E-05 9.9928E-05 9.9928E-05 9.9928E-05 9.9928E-05 9.9928E-05
9.998E-05 0.0825855 0.0615582 0.595795 0.0845968 9.998E-05 0.0555002 0.0191045 0.0393982 0.061262
0.706628 9.9937E-05 9.9937E-05 0.194684 9.9937E-05 9.9937E-05 9.9937E-05 9.9937E-05 0.097988 9.9937E-05
0.799307 0.0405187 9.9955E-05 0.111607 9.9955E-05 9.9955E-05 0.0286486 9.9955E-05 0.0194188 9.9955E-05
0.834378 9.9955E-05 0.0483443 0.0902787 9.9955E-05 0.00332423 0.023175 9.9955E-05 9.9955E-05 9.9955E-05
0.800094 9.9937E-05 9.9937E-05 0.161163 9.9937E-05 9.9937E-05 9.9937E-05 9.9937E-05 0.0380433 9.9937E-05
0.787974 9.9955E-05 0.0215246 0.122657 9.9955E-05 0.0439986 0.0233466 9.9955E-05 9.9955E-05 9.9955E-05
0.901873 0.0125352 9.9946E-05 9.9946E-05 9.9946E-05 9.9946E-05 9.9946E-05 0.0452368 0.0397555 9.9946E-05
0.963304 9.9937E-05 0.0139788 9.9937E-05 0.0220174 9.9937E-05 9.9937E-05 9.9937E-05 9.9937E-05 9.9937E-05
0.809601 9.9946E-05 9.9946E-05 0.123326 9.9946E-05 0.0243863 9.9946E-05 9.9946E-05 9.9946E-05 0.0420875
0.92965 9.9955E-05 0.0182576 9.9955E-05 0.0389832 9.9955E-05 0.00251671 0.0100925 9.9955E-05 9.9955E-05
0.778203 9.996E-05 0.030098 0.0749744 0.033664 9.996E-05 0.0440229 9.996E-05 0.0386377 9.996E-05
0.740686 9.997E-05 9.997E-05 0.115118 0.0173683 0.0596281 0.0294781 9.997E-05 0.0272551 0.0101665
0.228517 9.9964E-05 9.9964E-05 9.9964E-05 0.034078 9.9964E-05 0.0500378 0.68389 0.000625585 0.002452
0.238207 9.9946E-05 0.0231988 0.00171837 9.9946E-05 9.9946E-05 9.9946E-05 0.736276 9.9946E-05 9.9946E-05
9.997E-05 9.997E-05 0.0256053 0.165215 0.0310765 0.0492549 0.0085355 0.708521 0.0114925 9.997E-05
0.0572503 9.996E-05 9.996E-05 0.0340986 0.0952882 9.996E-05 0.034597 0.744955 9.996E-05 0.0334108
9.9955E-05 0.0566496 9.9955E-05 0.128905 0.102917 9.9955E-05 9.9955E-05 0.682231 9.9955E-05 0.0287978
0.129246 0.0602189 0.00319337 9.999E-05 0.0315177 0.0805187 0.00956992 0.60404 0.0181532 0.0634421
0.105418 9.996E-05 0.0858867 9.996E-05 0.110682 0.0378973 0.00939726 0.650319 9.996E-05 9.996E-05
0.211358 9.9955E-05 0.0123332 9.9955E-05 9.9955E-05 0.0399789 0.0156669 0.720163 9.9955E-05 9.9955E-05
9.997E-05 9.997E-05 0.0392478 0.233611 0.0841906 9.997E-05 0.0473523 0.531489 0.0219571 0.0418526
0.17106 9.9946E-05 0.0431933 9.9946E-05 0.121175 9.9946E-05 9.9946E-05 0.663971 9.9946E-05 9.9946E-05
0.0828014 0.003515 9.9982E-05 9.9982E-05 0.0989165 0.0206932 0.00011509 0.746281 0.0456264 0.00185154
9.997E-05 0.00819422 9.997E-05 0.0853558 0.153082 9.997E-05 0.0117977 0.717786 0.00470446 0.0187799
9.997E-05 9.997E-05 9.997E-05 0.215463 0.0502589 0.081605 0.0188759 0.58962 0.0263358 0.0175411
0.0556918 9.9964E-05 9.9964E-05 0.233611 0.171422 9.9964E-05 0.0113404 0.502975 0.0245607 9.9964E-05
0.112522 9.998E-05 0.0138602 0.0408409 9.998E-05 0.0408188 0.0243615 0.674151 0.0529499 0.0402951
9.9973E-05 0.0696237 0.00148631 0.135528 9.9973E-05 0.00668142 9.9973E-05 0.706349 0.0202287 0.0598027
0.0967014 9.9964E-05 0.00291055 9.9964E-05 0.0539262 9.9964E-05 0.051216 0.75487 0.0399755 9.9964E-05
9.9955E-05 9.9955E-05 9.9955E-05 0.151764 9.9955E-05 9.9955E-05 0.0238994 0.755864 0.0436276 0.0243451
9.9964E-05 0.0639795 0.0253865 9.9964E-05 0.0676437 0.0784079 9.9964E-05 0.713533 9.9964E-05 0.0506496
9.9973E-05 0.0794977 0.000507949 0.0215039 0.156321 0.0389255 9.9973E-05 0.648676 9.9973E-05 0.0542683
9.998E-05 0.0103253 9.998E-05 0.164708 0.0554194 0.0697764 0.000963195 0.612592 0.0116549 0.0743607
0.109464 0.0699692 0.0236321 9.997E-05 0.00507774 0.0429517 0.0542411 0.694365 9.997E-05 9.997E-05
0.148693 9.9982E-05 0.0226128 0.0361738 0.00537057 9.9982E-05 0.0345197 0.705864 0.0326697 0.013896
0.122602 9.997E-05 0.00868139 0.0866973 9.997E-05 0.0405426 0.0149737 0.69501 9.997E-05 0.0311926
9.9973E-05 9.9973E-05 0.0733419 0.110134 9.9973E-05 0.0846093 0.00294687 0.666127 0.0217015 0.0408395
0.0493377 9.9955E-05 9.9955E-05 0.226886 9.9955E-05 0.0448272 9.9955E-05 0.670801 9.9955E-05 0.00764846
9.998E-05 0.0261403 0.00642172 0.0787227 0.0542411 0.0913225 0.0363656 0.698285 0.00830074 9.998E-05
0.0829807 0.0266912 9.998E-05 0.0493276 0.0902211 0.0213115 9.998E-05 0.572901 0.114689 0.0416776
0.0480499 9.999E-05 0.0120582 0.0736835 0.0716594 0.112418 0.0205553 0.596687 0.0446606 0.0201277
9.998E-05 0.0551457 0.0241713 0.0342422 0.090861 0.0245286 0.0106823 0.734904 0.0252649 9.998E-05
0.0804879 0.0710933 0.029353 9.997E-05 0.0551725 9.997E-05 0.0266649 0.704185 0.0327431 9.997E-05
9.9973E-05 9.9973E-05 0.02432 0.131083 0.122966 0.0116764 0.0120019 0.678294 9.9973E-05 0.0193581
0.0978672 0.0306273 9.997E-05 0.0569021 0.0603574 0.0241577 9.997E-05 0.701857 0.0279316 9.997E-05
9.996E-05 9.996E-05 0.0348545 0.120789 9.996E-05 0.0476843 0.0469872 0.716498 0.0327871 9.996E-05
0.0405737 0.0455909 0.0271786 0.0658282 9.999E-05 0.0208936 0.013968 0.748085 0.000800312 0.0369814
0.023674 0.0545669 9.9991E-05 0.0282447 0.65156 0.0529089 0.000504683 0.12122 0.0252268 0.0419944
0.037054 9.998E-05 0.0360668 0.128885 0.545734 0.117694 9.998E-05 0.0931342 0.00754706 0.0336858
9.9973E-05 9.9973E-05 0.00868886 0.137461 0.597985 0.100441 9.9973E-05 0.0200718 0.0476847 0.0873667
9.998E-05 9.998E-05 0.0447951 0.119076 0.479855 0.0985709 0.018573 0.127332 0.0442075 0.0673906
9.9964E-05 9.9964E-05 9.9964E-05 0.192313 0.591208 0.0723006 0.00102717 0.0556844 9.9964E-05 0.0870668
0.0373517 0.116555 0.00390284 9.9973E-05 0.702218 0.088301 9.9973E-05 0.0497788 0.00159345 9.9973E-05
0.00861939 9.9964E-05 0.0295061 0.03285 0.802132 0.0910233 9.9964E-05 0.0354698 9.9964E-05 9.9964E-05
0.0973176 9.9964E-05 9.9964E-05 0.0690145 0.578496 0.151633 0.0277911 9.9964E-05 9.9964E-05 0.0753476
