0.00909675 9.99459E-05 9.99459E-05 9.99459E-05 9.99459E-05 0.0892065 9.99459E-05 0.896136 0.0049614 9.99459E-05
0.0150264 9.9973E-05 9.9973E-05 0.0480954 9.9973E-05 0.0914846 0.0166723 0.704694 0.0425628 0.0811648
0.008109 9.9964E-05 9.9964E-05 0.0178261 0.112232 0.0785057 9.9964E-05 0.759917 9.9964E-05 0.0230104
9.9964E-05 9.9964E-05 0.0179815 9.9964E-05 0.118293 0.102611 0.00952706 0.734144 0.0170439 9.9964E-05
0.00921762 0.0427044 0.0351336 0.0719489 0.00658688 0.0614151 9.9982E-05 0.739736 9.9982E-05 0.033058
9.9973E-05 0.0260971 0.000323075 9.9973E-05 0.0287485 9.9973E-05 0.00538037 0.866788 0.0182905 0.0540729
9.9955E-05 0.0160698 0.0162474 9.9955E-05 9.9955E-05 9.9955E-05 0.0836708 0.871981 9.9955E-05 0.0115308
0.0199397 0.0624299 0.00742288 0.0387632 9.9982E-05 9.9982E-05 0.0226842 0.819134 0.0144659 0.0149599
9.9964E-05 9.9964E-05 9.9964E-05 9.9964E-05 0.0436062 0.0441831 0.045084 0.779491 0.00237671 0.084859
0.0041298 9.9982E-05 0.0153866 0.0315345 0.0218091 9.9982E-05 0.0656926 0.812519 0.0136745 0.0350538
0.0102367 9.9955E-05 9.9955E-05 9.9955E-05 9.9955E-05 0.164685 9.9955E-05 0.705965 0.0362363 0.0823778
9.9946E-05 9.9946E-05 0.0106572 9.9946E-05 0.104028 0.19901 9.9946E-05 0.685705 9.9946E-05 9.9946E-05
9.9955E-05 0.0174392 0.0176353 9.9955E-05 9.9955E-05 9.9955E-05 0.177396 0.732158 0.0548716 9.9955E-05
9.9955E-05 9.9955E-05 0.0125478 0.0185263 0.13233 9.9955E-05 9.9955E-05 0.677729 9.9955E-05 0.158367
9.9955E-05 9.9955E-05 9.9955E-05 0.00608062 0.0357897 0.171879 9.9955E-05 0.754902 9.9955E-05 0.0308495
9.9937E-05 9.9937E-05 9.9937E-05 9.9937E-05 9.9937E-05 9.9937E-05 0.0704921 0.854253 9.9937E-05 0.0745553
9.9955E-05 0.00798267 0.0370184 0.0272139 9.9955E-05 9.9955E-05 9.9955E-05 0.90772 0.0195649 9.9955E-05
9.9937E-05 0.0710195 0.016101 9.9937E-05 9.9937E-05 9.9937E-05 9.9937E-05 0.91218 9.9937E-05 9.9937E-05
9.99281E-05 0.0685525 9.99281E-05 9.99281E-05 9.99281E-05 9.99281E-05 9.99281E-05 0.930648 9.99281E-05 9.99281E-05
9.9946E-05 9.9946E-05 0.0279713 9.9946E-05 0.0555603 9.9946E-05 9.9946E-05 0.876345 0.0395237 9.9946E-05
0.999101 9.99201E-05 9.99201E-05 9.99201E-05 9.99201E-05 9.99201E-05 9.99201E-05 9.99201E-05 9.99201E-05 9.99201E-05
0.0146425 9.9946E-05 9.9946E-05 9.9946E-05 0.732581 0.246704 9.9946E-05 9.9946E-05 9.9946E-05 0.00547328
9.9955E-05 0.0703311 0.0280877 9.9955E-05 0.846713 0.0130368 9.9955E-05 0.0413316 9.9955E-05 9.9955E-05
0.00226059 0.0972329 0.008927 9.9946E-05 0.89098 9.9946E-05 9.9946E-05 9.9946E-05 9.9946E-05 9.9946E-05
0.0295041 9.9937E-05 0.00215524 9.9937E-05 0.967641 9.9937E-05 9.9937E-05 9.9937E-05 9.9937E-05 9.9937E-05
9.9928E-05 9.9928E-05 9.9928E-05 9.9928E-05 0.980253 9.9928E-05 9.9928E-05 0.0189478 9.9928E-05 9.9928E-05
0.032659 0.0615331 0.010382 0.0376637 0.857262 9.9955E-05 9.9955E-05 9.9955E-05 9.9955E-05 9.9955E-05
0.999101 9.99201E-05 9.99201E-05 9.99201E-05 9.99201E-05 9.99201E-05 9.99201E-05 9.99201E-05 9.99201E-05 9.99201E-05
0.0153185 9.9964E-05 0.0196383 9.9964E-05 0.826592 0.00461754 0.0712313 9.9964E-05 9.9964E-05 0.062203
9.9973E-05 0.0378592 9.9973E-05 0.0355205 0.747905 0.0434961 0.035373 9.9973E-05 0.0554945 0.0440522
0.0435497 9.9964E-05 9.9964E-05 0.0372327 0.685882 0.0167775 0.0765592 9.9964E-05 9.9964E-05 0.139599
0.0409895 0.0715456 9.9955E-05 9.9955E-05 0.771152 9.9955E-05 0.0867086 9.9955E-05 0.0291043 9.9955E-05
0.0418792 0.0767483 9.9964E-05 9.9964E-05 0.717113 9.9964E-05 0.0958845 0.0480918 9.9964E-05 0.0198835
0.0614717 9.9973E-05 9.9973E-05 0.0848788 0.564185 0.0799418 0.0659819 9.9973E-05 0.0314349 0.111806
0.00801131 9.9982E-05 0.0356201 0.0574775 0.647766 0.12578 0.0953476 0.015473 0.0143243 9.9982E-05
0.0123356 9.9964E-05 9.9964E-05 9.9964E-05 0.439895 0.383963 9.9964E-05 0.0273532 0.00953614 0.126517
0.0116271 0.0884768 0.0101543 0.1209 0.678419 0.0596117 9.9973E-05 9.9973E-05 9.9973E-05 0.0305119
0.0190485 0.655174 0.0188072 0.0949656 9.9973E-05 0.0675102 0.1282 9.9973E-05 9.9973E-05 0.0159946
0.00231829 0.6462 0.0163659 9.9964E-05 9.9964E-05 0.130426 0.175267 9.9964E-05 0.0290233 9.9964E-05
9.9973E-05 0.711506 0.000961815 0.123653 0.0178604 9.9973E-05 0.103033 0.0283859 9.9973E-05 0.0143
0.00682806 0.693071 0.00191865 0.215669 0.0566133 9.9973E-05 9.9973E-05 0.00365656 9.9973E-05 0.0219429
0.019887 0.715861 0.0254045 0.0353066 9.9973E-05 0.123848 9.9973E-05 0.0273051 0.052088 9.9973E-05
0.0178817 0.719423 0.00287102 0.14427 9.9982E-05 0.0346931 0.0471534 9.9982E-05 0.0258809 0.00762626
0.0145667 0.590947 9.9973E-05 9.9973E-05 9.9973E-05 0.0935913 0.0687935 0.045693 0.0622294 0.123879
0.022777 0.749048 0.0165319 0.064702 9.9973E-05 0.0835928 0.0596272 9.9973E-05 0.00342075 9.9973E-05
9.9973E-05 0.709588 0.02089 0.0566188 0.0705215 9.9973E-05 0.0411119 0.0381495 9.9973E-05 0.0628201
9.9964E-05 0.741861 0.0308964 0.191416 0.00326497 9.9964E-05 9.9964E-05 9.9964E-05 0.0173859 0.0147757
0.0130212 0.78901 0.00374722 0.0206597 9.9991E-05 0.0615872 0.0354672 0.0136992 0.0408299 0.0218786
0.0528951 0.856052 0.00506764 0.0346156 9.9964E-05 9.9964E-05 9.9964E-05 0.0272378 0.0237324 9.9964E-05
0.0200854 0.720171 0.0105418 0.12395 0.0258771 0.0584736 9.9973E-05 0.0406009 9.9973E-05 9.9973E-05
0.00604235 0.783319 0.0268908 9.9982E-05 0.0152911 0.0161237 0.125308 0.00964181 0.0171828 9.9982E-05
0.0179172 0.758318 9.9964E-05 0.0876894 0.0971513 9.9964E-05 9.9964E-05 0.00318241 0.0353422 9.9964E-05
0.0216259 0.790426 0.0795672 0.067242 9.9964E-05 9.9964E-05 0.0041727 9.9964E-05 0.0365668 9.9964E-05
9.9973E-05 0.732249 0.0143816 0.0681247 0.0301045 0.057851 9.9973E-05 0.0407427 0.0562466 9.9973E-05
0.0330986 0.776608 0.0236627 0.0698698 9.9955E-05 9.9955E-05 9.9955E-05 9.9955E-05 0.0962613 9.9955E-05
9.9955E-05 0.661489 9.9955E-05 9.9955E-05 0.0357057 0.183143 0.0739003 9.9955E-05 0.045262 9.9955E-05
0.0308641 0.648693 0.0837482 0.057426 9.99899E-05 0.020428 9.99899E-05 0.0756421 0.0213243 0.0616748
9.9964E-05 0.158146 9.9964E-05 0.511438 0.0556766 0.208665 0.0340136 9.9964E-05 9.9964E-05 0.0316611
9.99201E-05 9.99201E-05 9.99201E-05 0.999101 9.99201E-05 9.99201E-05 9.99201E-05 9.99201E-05 9.99201E-05 9.99201E-05
0.000708447 0.0426589 0.0285597 0.323883 0.0157561 0.53272 0.0276938 9.9982E-05 0.02782 9.9982E-05
9.9964E-05 0.0574178 0.0170564 0.365937 9.9964E-05 0.361412 0.15684 9.9964E-05 0.0409364 9.9964E-05
0.000173887 9.9955E-05 9.9955E-05 0.603294 9.9955E-05 0.354413 0.0101498 9.9955E-05 0.03147 9.9955E-05
0.01458 0.0960208 0.007175 0.669119 0.0301889 0.124243 0.014793 0.00489275 0.0388878 9.9991E-05
9.99201E-05 9.99201E-05 9.99201E-05 9.99201E-05 9.99201E-05 9.99201E-05 9.99201E-05 9.99201E-05 0.999101 9.99201E-05
0.0079392 9.99369E-05 0.00850698 0.982854 9.99369E-05 9.99369E-05 9.99369E-05 9.99369E-05 9.99369E-05 9.99369E-05
9.9973E-05 9.9973E-05 0.0387237 0.169193 9.9973E-05 0.398176 0.198331 0.0698833 0.0722555 0.0531371
0.0268955 0.00463341 0.022076 0.563103 0.10912 0.0283494 0.000807556 0.0138966 0.146986 0.0841322
9.9955E-05 9.9955E-05 0.0320333 0.665575 9.9955E-05 9.9955E-05 0.182983 0.0280264 0.0908826 9.9955E-05
0.0316974 9.9973E-05 0.036582 0.546139 0.00738821 0.0849254 0.205181 9.9973E-05 0.0877874 9.9973E-05
0.00804078 9.9982E-05 0.0583888 0.667602 0.0610871 0.0870395 0.00151641 0.0376482 0.0784772 9.9982E-05
9.9973E-05 9.9973E-05 0.0223705 0.80531 0.0403702 0.017862 0.0237716 0.0111052 0.0789109 9.9973E-05
0.0201346 9.9955E-05 0.0286237 0.557224 9.9955E-05 9.9955E-05 0.262844 9.9955E-05 0.130674 9.9955E-05
0.0201564 9.9973E-05 0.014207 0.519217 0.00786217 0.262032 0.0959483 9.9973E-05 0.0802773 9.9973E-05
9.9964E-05 9.9964E-05 9.9964E-05 0.0991984 0.0030809 0.3226 0.544051 9.9964E-05 0.028634 0.00203515
0.0322607 0.277872 9.9964E-05 0.211636 9.9964E-05 9.9964E-05 0.328733 0.000174445 0.148923 9.9964E-05
0.00574502 0.227737 0.00161931 0.554952 0.0254837 0.0749781 9.9991E-05 0.0543618 0.0546917 0.000331877
9.9955E-05 0.43925 9.9955E-05 0.428526 9.9955E-05 0.0582285 9.9955E-05 0.0433557 0.0301397 9.9955E-05
9.9937E-05 9.9937E-05 0.0262212 0.0449508 9.9937E-05 9.9937E-05 9.9937E-05 9.9937E-05 0.928128 9.9937E-05
0.100576 0.163478 0.0650407 0.459526 9.9982E-05 0.0599352 0.0139109 0.0629348 0.0743985 9.9982E-05
9.9973E-05 0.101483 0.0327229 0.485095 9.9973E-05 0.131919 0.0648271 9.9973E-05 0.173601 0.0100517
0.0126142 0.0707075 0.0226398 0.589799 0.10055 9.9991E-05 0.0613708 0.0535995 0.0492717 0.0393475
9.9982E-05 0.010371 0.0186073 0.44682 9.9982E-05 0.199823 0.209845 0.0422871 0.0606875 0.0113585
9.9964E-05 0.000371 0.0212977 0.60289 9.9964E-05 0.162428 9.9964E-05 0.0576664 0.154947 9.9964E-05
0.0323005 0.244478 0.0584914 0.346221 0.0144524 0.0209632 0.0210788 0.0101747 0.0579741 0.193866
9.9964E-05 0.118732 0.00830629 0.0581118 9.9964E-05 0.26273 9.9964E-05 9.9964E-05 0.0331148 0.518605
9.9982E-05 0.130611 0.00364535 0.480457 0.0691671 0.124475 0.0647125 0.00697739 9.9982E-05 0.119755
9.9964E-05 0.0907865 0.0135259 0.659187 9.9964E-05 9.9964E-05 0.158765 9.9964E-05 0.0536851 0.0236506
9.9955E-05 0.164548 9.9955E-05 0.480999 9.9955E-05 9.9955E-05 0.188197 9.9955E-05 0.0711466 0.0946094
0.0135343 0.0949632 0.0297704 0.736227 0.021865 0.0368478 0.0172575 0.0163158 9.9991E-05 0.0331193
9.99279E-05 9.99279E-05 0.135894 9.99279E-05 9.99279E-05 0.863306 9.99279E-05 9.99279E-05 9.99279E-05 9.99279E-05
0.00708124 0.0395931 0.0179941 0.354457 0.0433806 0.1911 0.174173 0.0149893 0.157132 9.9991E-05
9.9973E-05 0.0779135 0.0137275 0.503158 9.9973E-05 0.0671712 0.171966 9.9973E-05 0.162915 0.00284884
0.0547172 9.9955E-05 0.00481042 0.109439 9.9955E-05 0.784231 9.9955E-05 9.9955E-05 0.0463023 9.9955E-05
0.00720395 9.9964E-05 9.9964E-05 9.9964E-05 0.000117958 0.806826 0.0926951 0.023527 0.0692298 9.9964E-05
9.9964E-05 9.9964E-05 9.9964E-05 0.222225 0.0454833 0.580326 0.0447957 9.9964E-05 0.0871051 0.0196656
0.0193423 9.9982E-05 9.9982E-05 0.415219 0.00478746 0.376735 0.0612319 0.082822 0.0284842 0.0111774
0.00968948 0.00535461 0.00663617 0.211634 9.9991E-05 0.268397 0.363311 0.0279799 0.0754825 0.0314152
9.9982E-05 0.142101 0.0294173 0.537301 0.0210313 0.0160511 0.0391295 0.0579592 0.15681 9.9982E-05
9.9982E-05 0.0216057 0.000121404 0.614219 0.0212411 0.0269123 0.188617 0.019292 0.107791 9.9982E-05
9.9964E-05 0.0628541 0.0253451 0.527493 9.9964E-05 0.263095 0.0295735 9.9964E-05 0.0912398 9.9964E-05
9.9964E-05 9.9964E-05 0.0163913 0.351623 0.0362993 0.361388 0.198589 9.9964E-05 0.0353101 9.9964E-05
0.00676519 9.9982E-05 0.0713952 0.548309 9.9982E-05 0.0892237 0.0466226 0.00768371 0.113333 0.116468
0.0193166 9.9964E-05 0.00964301 0.642098 9.9964E-05 0.134671 0.16907 9.9964E-05 0.0248014 9.9964E-05
9.99201E-05 9.99201E-05 0.999101 9.99201E-05 9.99201E-05 9.99201E-05 9.99201E-05 9.99201E-05 9.99201E-05 9.99201E-05
0.00599088 9.9982E-05 0.014037 0.381884 0.00388669 0.302212 0.215716 0.0290297 0.047044 9.9982E-05
0.00532164 9.9973E-05 0.0147558 0.458654 0.0278894 0.349812 9.9973E-05 9.9973E-05 0.112346 0.0309221
0.00614255 0.0617373 0.0372316 0.478792 9.9991E-05 0.271833 0.0293674 0.0136891 0.0501918 0.0509154
9.9973E-05 0.090616 0.00842418 0.583598 9.9973E-05 0.100834 0.127801 0.00860624 0.0798209 9.9973E-05
9.9955E-05 9.9955E-05 9.9955E-05 0.252469 9.9955E-05 0.332056 0.283705 0.0411392 0.0901312 9.9955E-05
0.00948141 0.00476344 0.00575437 0.443852 0.0253618 0.0597877 0.357369 0.0640442 0.0294862 9.9991E-05
9.99201E-05 9.99201E-05 9.99201E-05 9.99201E-05 9.99201E-05 9.99201E-05 9.99201E-05 9.99201E-05 0.999101 9.99201E-05
9.99201E-05 9.99201E-05 0.999101 9.99201E-05 9.99201E-05 9.99201E-05 9.99201E-05 9.99201E-05 9.99201E-05 9.99201E-05
9.99201E-05 9.99201E-05 9.99201E-05 9.99201E-05 9.99201E-05 9.99201E-05 9.99201E-05 9.99201E-05 0.999101 9.99201E-05
9.9937E-05 9.9937E-05 9.9937E-05 0.305856 9.9937E-05 0.63768 9.9937E-05 9.9937E-05 0.0557645 9.9937E-05
0.0280677 9.9973E-05 0.021208 0.193601 9.9973E-05 0.628958 9.9973E-05 0.0271061 0.0775999 0.0231591
9.9973E-05 9.9973E-05 0.0135783 0.336776 0.0678499 0.363112 0.133603 0.0492508 0.0355305 9.9973E-05
0.0587705 0.00772469 0.010445 0.643023 9.9973E-05 0.152158 9.9973E-05 0.0654172 0.0621614 9.9973E-05
0.032891 0.0528745 0.027943 0.612147 9.9973E-05 9.9973E-05 0.161782 0.0356282 0.0764349 9.9973E-05
9.99279E-05 9.99279E-05 0.0655519 9.99279E-05 9.99279E-05 0.933649 9.99279E-05 9.99279E-05 9.99279E-05 9.99279E-05
0.0136281 0.0463894 0.0308661 0.353358 0.00259793 0.444535 0.00344959 0.0039315 0.0559229 0.0453218
0.0257097 9.9964E-05 0.00277571 0.127462 9.9964E-05 0.0415083 0.785851 0.0162934 9.9964E-05 9.9964E-05
9.9937E-05 9.9937E-05 9.9937E-05 9.9937E-05 9.9937E-05 0.0558076 0.881028 9.9937E-05 9.9937E-05 0.0624651
0.0298232 9.9946E-05 0.0253484 9.9946E-05 9.9946E-05 9.9946E-05 0.923036 9.9946E-05 0.0211928 9.9946E-05
0.0215871 9.9946E-05 9.9946E-05 9.9946E-05 9.9946E-05 0.171651 0.788048 0.0181139 9.9946E-05 9.9946E-05
0.00440752 9.9973E-05 0.0171995 9.9973E-05 0.0484921 0.0733923 0.787791 9.9973E-05 0.0362292 0.0321887
9.9937E-05 9.9937E-05 9.9937E-05 9.9937E-05 0.018227 9.9937E-05 0.904364 9.9937E-05 9.9937E-05 0.0767093
9.9946E-05 9.9946E-05 0.015906 9.9946E-05 9.9946E-05 9.9946E-05 0.874293 0.0310978 9.9946E-05 0.0781038
9.9964E-05 0.0027203 0.00860142 0.0243664 0.0915191 9.9964E-05 0.779989 0.0924043 9.9964E-05 9.9964E-05
9.9955E-05 0.0356466 0.0320825 9.9955E-05 9.9955E-05 9.9955E-05 0.891386 0.0291421 9.9955E-05 0.0112431
0.0165937 0.0827095 0.00286186 0.0414747 9.9982E-05 0.0140533 0.812374 0.00348158 0.0262515 9.9982E-05
9.9955E-05 0.0539715 0.0184286 0.0416011 0.0421496 9.9955E-05 0.843349 9.9955E-05 9.9955E-05 9.9955E-05
9.9964E-05 0.105666 0.0126045 9.9964E-05 0.103002 9.9964E-05 0.0928333 9.9964E-05 0.0288871 0.656608
0.0294477 0.0623162 0.0141831 0.0313518 9.9973E-05 9.9973E-05 0.155063 0.0235114 9.9973E-05 0.683827
0.00589389 0.13437 0.015998 0.0999695 0.0600208 9.9973E-05 9.9973E-05 9.9973E-05 0.00589411 0.677553
0.00527884 0.117967 9.9973E-05 0.0130953 0.0850642 9.9973E-05 9.9973E-05 0.0488711 0.0246845 0.704739
0.0450961 0.160375 9.9964E-05 9.9964E-05 9.9964E-05 0.0620886 0.0315734 9.9964E-05 0.0606675 0.6398
0.0420273 0.00109051 9.9982E-05 0.0258288 9.9982E-05 0.0598956 0.113321 0.0449901 0.0122709 0.700376
0.0285257 0.0990629 0.0493831 9.9964E-05 0.0346061 9.9964E-05 0.0279628 9.9964E-05 9.9964E-05 0.760059
0.0288502 9.9955E-05 0.0236012 0.0453531 9.9955E-05 9.9955E-05 0.0949445 9.9955E-05 9.9955E-05 0.806751
9.99639E-05 0.134141 0.0182964 9.99639E-05 0.0582334 0.30641 9.99639E-05 9.99639E-05 0.0579678 0.424551
0.000339275 0.176259 0.0138183 9.9955E-05 9.9955E-05 9.9955E-05 0.190906 9.9955E-05 9.9955E-05 0.618178
0.0333378 0.118756 9.9973E-05 0.0139033 9.9973E-05 9.9973E-05 0.0442687 0.0286937 0.0226464 0.738094
0.00801272 0.105635 0.0097246 0.085417 9.9964E-05 9.9964E-05 9.9964E-05 0.0264941 9.9964E-05 0.764317
0.0106879 0.122581 0.00132725 0.0698118 0.0254582 0.086991 0.109562 0.00491376 0.00263382 0.566034
9.9937E-05 0.140281 9.9937E-05 9.9937E-05 9.9937E-05 0.32135 9.9937E-05 9.9937E-05 9.9937E-05 0.537669
0.00228446 9.9973E-05 0.0045808 0.0975467 0.117202 0.0727037 9.9973E-05 0.0850142 9.9973E-05 0.620369
0.0398814 9.9946E-05 9.9946E-05 9.9946E-05 9.9946E-05 0.281016 9.9946E-05 0.0498476 9.9946E-05 0.628656
9.9964E-05 0.076022 9.9964E-05 0.0739017 0.0139769 9.9964E-05 0.0221745 9.9964E-05 0.0521273 0.761398
0.0125631 9.9964E-05 0.00497691 0.21945 9.9964E-05 0.0558104 9.9964E-05 0.0571167 9.9964E-05 0.649683
0.00880038 0.0534349 0.0223587 9.9973E-05 0.0582828 9.9973E-05 9.9973E-05 0.0737087 0.0240562 0.759058
0.033782 9.9937E-05 9.9937E-05 9.9937E-05 9.9937E-05 0.28292 9.9937E-05 9.9937E-05 9.9937E-05 0.682599
9.9982E-05 0.0584094 0.00597755 9.9982E-05 0.00213024 0.236444 0.0341313 0.0495627 0.0329713 0.580174
9.9964E-05 0.0584261 0.036648 0.128306 0.0726091 9.9964E-05 9.9964E-05 0.0154459 9.9964E-05 0.688165
9.9928E-05 9.9928E-05 9.9928E-05 9.9928E-05 9.9928E-05 0.328772 9.9928E-05 9.9928E-05 9.9928E-05 0.670428
0.0146819 0.0208457 9.9964E-05 9.9964E-05 9.9964E-05 0.194277 0.0241441 0.0336124 9.9964E-05 0.712039
9.9955E-05 9.9955E-05 0.0241478 9.9955E-05 0.110717 0.215394 9.9955E-05 0.045033 9.9955E-05 0.604209
9.9964E-05 9.9964E-05 9.9964E-05 9.9964E-05 0.14416 0.106862 0.0828183 0.0225814 0.00428879 0.63889
0.0297323 0.0364186 9.9955E-05 9.9955E-05 0.0500988 0.273501 9.9955E-05 9.9955E-05 9.9955E-05 0.60975
9.9973E-05 0.0793997 9.9973E-05 0.0604171 0.0136382 0.0732836 0.116225 0.0569434 9.9973E-05 0.599793
0.0222628 0.116553 9.9964E-05 0.0755129 9.9964E-05 0.159256 9.9964E-05 0.0185479 9.9964E-05 0.607467
0.0188066 0.120827 0.0374419 0.0103762 0.0263423 0.136517 9.9973E-05 9.9973E-05 9.9973E-05 0.649389
9.9964E-05 0.130565 0.0144622 0.00962598 9.9964E-05 9.9964E-05 0.0626748 9.9964E-05 0.0261689 0.756104
0.0198323 0.144396 0.0205458 9.9991E-05 0.0363256 0.048616 0.0611364 0.0601219 0.00586411 0.603062
9.9973E-05 0.111479 0.00607688 0.0297792 0.120306 9.9973E-05 0.0692146 9.9973E-05 0.000265858 0.662579
0.0010952 9.9964E-05 0.0452281 0.0756315 0.0962379 0.00732867 9.9964E-05 9.9964E-05 9.9964E-05 0.774079
0.0177567 9.9964E-05 9.9964E-05 0.115114 0.0850885 9.9964E-05 9.9964E-05 0.0417391 0.00157282 0.738329
0.0163579 0.535366 9.9964E-05 9.9964E-05 9.9964E-05 0.286228 0.0241691 9.9964E-05 0.0142703 0.123209
9.9946E-05 0.445874 9.9946E-05 9.9946E-05 0.0285486 0.458346 9.9946E-05 9.9946E-05 9.9946E-05 0.0666316
0.00964297 0.418746 9.9955E-05 9.9955E-05 0.00600335 0.468529 9.9955E-05 0.0965789 9.9955E-05 9.9955E-05
9.9964E-05 0.412145 0.00654529 9.9964E-05 0.0347923 0.477268 9.9964E-05 0.0261987 9.9964E-05 0.042651
0.0319526 0.528345 0.00319568 0.000207356 0.0152679 0.255454 0.03903 0.0566723 9.9991E-05 0.0697751
9.9973E-05 0.606675 0.0159701 0.0011217 0.127533 0.0774256 9.9973E-05 9.9973E-05 0.0430509 0.127924
9.9937E-05 0.701835 9.9937E-05 9.9937E-05 9.9937E-05 0.293536 9.9937E-05 9.9937E-05 9.9937E-05 0.00392987
9.9955E-05 0.514389 9.9955E-05 9.9955E-05 0.182077 0.159648 0.0766031 0.0667832 9.9955E-05 9.9955E-05
