9.9829E-05 9.9829E-05 9.9829E-05 9.9829E-05 9.9829E-05 9.9829E-05 0.998103 9.9829E-05 9.9829E-05 9.9829E-05 9.9829E-05 9.9829E-05 9.9829E-05 9.9829E-05 9.9829E-05 9.9829E-05 9.9829E-05 9.9829E-05 9.9829E-05 9.9829E-05
9.9919E-05 9.9919E-05 9.9919E-05 0.0580265 0.000522655 9.9919E-05 0.0484661 0.039441 0.61021 9.9919E-05 9.9919E-05 0.0150586 0.00196598 0.0826665 0.0171167 9.9919E-05 0.0233229 9.9919E-05 9.9919E-05 0.102303
9.9892E-05 9.9892E-05 9.9892E-05 9.9892E-05 9.9892E-05 0.0406176 0.0578104 9.9892E-05 0.682155 9.9892E-05 0.000500433 0.0128759 0.0369501 9.9892E-05 9.9892E-05 9.9892E-05 0.0351174 9.9892E-05 9.9892E-05 0.132774
0.00251701 9.98919E-05 9.98919E-05 9.98919E-05 0.0442758 0.0504684 0.00758843 9.98919E-05 0.729074 9.98919E-05 0.0638863 9.98919E-05 9.98919E-05 0.0585209 9.98919E-05 9.98919E-05 9.98919E-05 9.98919E-05 9.98919E-05 0.0424705
9.9919E-05 0.0394735 0.0312921 0.0101954 9.9919E-05 9.9919E-05 0.0573782 0.0367199 0.734434 0.00242642 9.9919E-05 9.9919E-05 9.9919E-05 0.0241997 9.9919E-05 0.00252083 0.0362404 9.9919E-05 0.0242198 9.9919E-05
0.0304531 9.9892E-05 9.9892E-05 9.9892E-05 0.030079 9.9892E-05 9.9892E-05 0.0022815 0.861853 9.9892E-05 0.0178787 9.9892E-05 9.9892E-05 9.9892E-05 0.000169307 0.0484121 0.00767494 9.9892E-05 9.9892E-05 9.9892E-05
9.9829E-05 9.9829E-05 9.9829E-05 9.9829E-05 9.9829E-05 9.9829E-05 0.998103 9.9829E-05 9.9829E-05 9.9829E-05 9.9829E-05 9.9829E-05 9.9829E-05 9.9829E-05 9.9829E-05 9.9829E-05 9.9829E-05 9.9829E-05 9.9829E-05 9.9829E-05
9.9919E-05 0.0110198 9.9919E-05 9.9919E-05 0.0166582 9.9919E-05 0.0448598 9.9919E-05 0.724954 9.9919E-05 0.0638532 0.00490887 0.0187213 9.9919E-05 0.00510828 9.9919E-05 9.9919E-05 0.0110011 0.0116499 0.0863662
9.9919E-05 0.0128326 0.0442394 9.9919E-05 9.9919E-05 9.9919E-05 0.0376402 9.9919E-05 0.718129 0.00755689 0.0513954 9.9919E-05 0.0143389 9.9919E-05 0.00037152 9.9919E-05 0.0857471 9.9919E-05 0.0054739 0.0213756
9.9901E-05 9.9901E-05 0.0464262 9.9901E-05 0.0471282 9.9901E-05 0.0330393 9.9901E-05 0.748929 9.9901E-05 0.0736201 0.00706391 9.9901E-05 9.9901E-05 0.000104546 9.9901E-05 9.9901E-05 9.9901E-05 0.0179626 0.0246277
0.0121065 9.98919E-05 9.98919E-05 9.98919E-05 9.98919E-05 0.0243923 9.98919E-05 9.98919E-05 0.724604 0.0451028 0.0847891 9.98919E-05 0.0010771 0.0565624 9.98919E-05 9.98919E-05 0.0501667 9.98919E-05 9.98919E-05 9.98919E-05
0.00147658 9.991E-05 0.074101 0.0324078 9.991E-05 0.0381994 0.0526715 9.991E-05 0.668348 9.991E-05 0.0439783 9.991E-05 0.0120688 0.0723686 9.991E-05 9.991E-05 9.991E-05 9.991E-05 0.00338057 9.991E-05
0.00480688 9.9928E-05 0.0268295 9.9928E-05 9.9928E-05 0.00435117 0.0327406 9.9928E-05 0.707658 0.0324665 0.0645904 9.9928E-05 9.9928E-05 9.9928E-05 0.0157577 0.00424582 9.9928E-05 0.0102229 0.00504961 0.0904819
9.991E-05 0.0326548 0.0875029 9.991E-05 0.11867 9.991E-05 9.991E-05 9.991E-05 0.64154 9.991E-05 9.991E-05 0.00861784 9.991E-05 0.0147573 0.0199204 0.0282269 9.991E-05 0.0328747 0.014236 9.991E-05
9.9874E-05 9.9874E-05 9.9874E-05 9.9874E-05 9.9874E-05 0.0855246 0.0236621 9.9874E-05 0.767085 9.9874E-05 9.9874E-05 9.9874E-05 0.00200489 0.0367245 9.9874E-05 0.0836007 9.9874E-05 9.9874E-05 9.9874E-05 9.9874E-05
9.98831E-05 0.00156075 9.98831E-05 9.98831E-05 9.98831E-05 9.98831E-05 9.98831E-05 9.98831E-05 0.849445 0.0308097 9.98831E-05 9.98831E-05 9.98831E-05 9.98831E-05 0.00769146 9.98831E-05 0.0659447 9.98831E-05 0.0112179 0.0320316
0.0150825 9.9883E-05 9.9883E-05 9.9883E-05 9.9883E-05 0.020823 0.0481241 9.9883E-05 0.854112 0.00451514 9.9883E-05 9.9883E-05 9.9883E-05 9.9883E-05 9.9883E-05 9.9883E-05 9.9883E-05 0.0441526 0.0118922 9.9883E-05
9.98561E-05 9.98561E-05 9.98561E-05 9.98561E-05 9.98561E-05 9.98561E-05 0.033312 9.98561E-05 0.875478 0.0060309 9.98561E-05 9.98561E-05 9.98561E-05 9.98561E-05 9.98561E-05 9.98561E-05 9.98561E-05 0.0835815 9.98561E-05 9.98561E-05
9.98651E-05 9.98651E-05 9.98651E-05 0.0209838 9.98651E-05 9.98651E-05 0.0459524 9.98651E-05 0.843739 9.98651E-05 9.98651E-05 9.98651E-05 9.98651E-05 9.98651E-05 0.0165692 9.98651E-05 9.98651E-05 0.0712576 9.98651E-05 9.98651E-05
9.98651E-05 0.032783 9.98651E-05 9.98651E-05 9.98651E-05 0.0402508 9.98651E-05 0.0121229 0.901819 9.98651E-05 9.98651E-05 9.98651E-05 9.98651E-05 9.98651E-05 9.98651E-05 9.98651E-05 9.98651E-05 9.98651E-05 0.0115259 9.98651E-05
9.98291E-05 9.98291E-05 9.98291E-05 9.98291E-05 9.98291E-05 9.98291E-05 9.98291E-05 9.98291E-05 9.98291E-05 9.98291E-05 9.98291E-05 0.998103 9.98291E-05 9.98291E-05 9.98291E-05 9.98291E-05 9.98291E-05 9.98291E-05 9.98291E-05 9.98291E-05
9.9874E-05 9.9874E-05 0.865658 9.9874E-05 0.00515512 9.9874E-05 0.00561744 9.9874E-05 9.9874E-05 9.9874E-05 0.00401017 9.9874E-05 9.9874E-05 0.0839674 0.0341938 9.9874E-05 9.9874E-05 9.9874E-05 9.9874E-05 9.9874E-05
9.98561E-05 0.0488662 0.902868 0.0299519 9.98561E-05 9.98561E-05 9.98561E-05 9.98561E-05 9.98561E-05 9.98561E-05 9.98561E-05 9.98561E-05 9.98561E-05 9.98561E-05 9.98561E-05 9.98561E-05 9.98561E-05 9.98561E-05 0.0167158 9.98561E-05
0.00942257 9.9856E-05 0.954637 9.9856E-05 9.9856E-05 9.9856E-05 9.9856E-05 0.0340741 9.9856E-05 9.9856E-05 9.9856E-05 9.9856E-05 9.9856E-05 0.000268755 9.9856E-05 9.9856E-05 9.9856E-05 9.9856E-05 9.9856E-05 9.9856E-05
9.98561E-05 9.98561E-05 0.799621 9.98561E-05 9.98561E-05 0.158632 9.98561E-05 9.98561E-05 9.98561E-05 9.98561E-05 9.98561E-05 0.0205281 9.98561E-05 9.98561E-05 9.98561E-05 9.98561E-05 9.98561E-05 9.98561E-05 9.98561E-05 0.0196216
0.00780759 9.9847E-05 0.988242 9.9847E-05 9.9847E-05 9.9847E-05 9.9847E-05 9.9847E-05 9.9847E-05 9.9847E-05 9.9847E-05 9.9847E-05 9.9847E-05 9.9847E-05 9.9847E-05 9.9847E-05 9.9847E-05 9.9847E-05 0.00225274 9.9847E-05
9.9892E-05 0.0091763 0.865766 9.9892E-05 9.9892E-05 9.9892E-05 0.0114293 9.9892E-05 9.9892E-05 0.0723094 0.00692617 0.0127888 0.00716293 9.9892E-05 9.9892E-05 0.013242 9.9892E-05 9.9892E-05 9.9892E-05 9.9892E-05
9.9838E-05 9.9838E-05 9.9838E-05 9.9838E-05 9.9838E-05 0.014069 9.9838E-05 9.9838E-05 9.9838E-05 9.9838E-05 9.9838E-05 0.984134 9.9838E-05 9.9838E-05 9.9838E-05 9.9838E-05 9.9838E-05 9.9838E-05 9.9838E-05 9.9838E-05
9.9892E-05 9.9892E-05 0.0954711 0.00437149 9.9892E-05 0.850134 9.9892E-05 9.9892E-05 9.9892E-05 9.9892E-05 9.9892E-05 0.00698383 9.9892E-05 9.9892E-05 9.9892E-05 0.00518904 0.0276224 9.9892E-05 0.00407308 0.00495623
9.9865E-05 9.9865E-05 9.9865E-05 0.00709852 9.9865E-05 0.961289 9.9865E-05 0.0219893 9.9865E-05 9.9865E-05 0.00616023 9.9865E-05 9.9865E-05 9.9865E-05 0.00196542 9.9865E-05 9.9865E-05 9.9865E-05 9.9865E-05 9.9865E-05
9.9829E-05 9.9829E-05 9.9829E-05 9.9829E-05 9.9829E-05 0.998103 9.9829E-05 9.9829E-05 9.9829E-05 9.9829E-05 9.9829E-05 9.9829E-05 9.9829E-05 9.9829E-05 9.9829E-05 9.9829E-05 9.9829E-05 9.9829E-05 9.9829E-05 9.9829E-05
0.0206049 9.9892E-05 0.711915 0.0503658 9.9892E-05 9.9892E-05 9.9892E-05 9.9892E-05 9.9892E-05 9.9892E-05 9.9892E-05 0.0539372 9.9892E-05 9.9892E-05 0.002227 0.0657219 0.0396382 0.0543909 9.9892E-05 9.9892E-05
9.9883E-05 9.9883E-05 0.126079 9.9883E-05 0.0302948 0.682779 0.0184161 9.9883E-05 0.0175662 9.9883E-05 9.9883E-05 0.0444421 9.9883E-05 9.9883E-05 9.9883E-05 9.9883E-05 9.9883E-05 0.0791247 9.9883E-05 9.9883E-05
9.98649E-05 9.98649E-05 9.98649E-05 9.98649E-05 9.98649E-05 0.93657 9.98649E-05 9.98649E-05 9.98649E-05 9.98649E-05 9.98649E-05 0.0100332 0.0112971 9.98649E-05 0.0363601 9.98649E-05 9.98649E-05 9.98649E-05 0.00424112 9.98649E-05
0.00197744 9.991E-05 0.0747884 0.0176368 9.991E-05 0.787365 0.0223789 0.00940692 9.991E-05 0.0185906 9.991E-05 9.991E-05 9.991E-05 0.000955998 9.991E-05 9.991E-05 9.991E-05 9.991E-05 0.0211855 0.0447157
9.99189E-05 9.99189E-05 0.255185 9.99189E-05 0.00142756 0.317289 0.00464961 9.99189E-05 0.00884417 9.99189E-05 0.0497696 9.99189E-05 0.0356101 0.166809 0.0266032 9.99189E-05 0.0824702 9.99189E-05 9.99189E-05 0.0504432
0.00589495 0.00709788 0.336967 0.0245498 9.9901E-05 0.378402 9.9901E-05 0.0784124 9.9901E-05 0.0788896 9.9901E-05 9.9901E-05 0.0274958 9.9901E-05 9.9901E-05 9.9901E-05 9.9901E-05 0.0611913 9.9901E-05 9.9901E-05
9.9883E-05 9.9883E-05 9.9883E-05 0.113439 0.0491729 9.9883E-05 9.9883E-05 0.760263 9.9883E-05 9.9883E-05 9.9883E-05 0.0180608 0.00773889 9.9883E-05 9.9883E-05 0.00408559 9.9883E-05 9.9883E-05 9.9883E-05 0.045941
9.98919E-05 9.98919E-05 9.98919E-05 0.087525 9.98919E-05 9.98919E-05 0.0281031 0.745601 9.98919E-05 9.98919E-05 9.98919E-05 9.98919E-05 9.98919E-05 0.00846876 0.031683 0.00245409 9.98919E-05 9.98919E-05 0.0115872 0.0833796
9.98741E-05 0.0840857 9.98741E-05 9.98741E-05 9.98741E-05 0.130889 9.98741E-05 0.754822 0.00445353 9.98741E-05 9.98741E-05 9.98741E-05 0.0080274 9.98741E-05 0.0163241 9.98741E-05 9.98741E-05 9.98741E-05 9.98741E-05 9.98741E-05
9.9865E-05 9.9865E-05 0.0826719 9.9865E-05 9.9865E-05 9.9865E-05 0.0479424 0.777997 9.9865E-05 0.0847696 9.9865E-05 9.9865E-05 9.9865E-05 9.9865E-05 9.9865E-05 9.9865E-05 9.9865E-05 0.0051215 9.9865E-05 9.9865E-05
9.9928E-05 9.9928E-05 0.00337751 0.0159766 9.9928E-05 9.9928E-05 0.0192258 0.443288 9.9928E-05 9.9928E-05 0.0893519 0.018044 0.0240898 0.00852676 0.0329581 0.00931531 9.9928E-05 0.321884 0.0131624 9.9928E-05
9.991E-05 0.0565279 9.991E-05 9.991E-05 9.991E-05 9.991E-05 0.0221598 0.816657 9.991E-05 0.00349272 0.000436597 0.00873835 0.0148993 0.0163979 9.991E-05 0.00978595 9.991E-05 0.0499057 9.991E-05 9.991E-05
9.9919E-05 0.057992 9.9919E-05 9.9919E-05 0.0427653 9.9919E-05 0.0315705 0.382226 9.9919E-05 9.9919E-05 0.305804 0.0109617 0.030967 0.00370608 0.0209059 9.9919E-05 9.9919E-05 0.0201659 9.9919E-05 0.0920367
9.9883E-05 0.0646848 0.00888715 0.0312744 9.9883E-05 0.00278809 0.000130694 0.83626 9.9883E-05 9.9883E-05 9.9883E-05 9.9883E-05 9.9883E-05 0.0546765 9.9883E-05 9.9883E-05 9.9883E-05 9.9883E-05 9.9883E-05 9.9883E-05
9.9883E-05 0.007344 9.9883E-05 9.9883E-05 9.9883E-05 0.0516722 9.9883E-05 0.631126 0.0283666 9.9883E-05 0.118549 9.9883E-05 9.9883E-05 9.9883E-05 9.9883E-05 9.9883E-05 9.9883E-05 9.9883E-05 0.00108774 0.160557
0.0112828 9.98741E-05 9.98741E-05 9.98741E-05 9.98741E-05 9.98741E-05 9.98741E-05 0.434451 9.98741E-05 9.98741E-05 9.98741E-05 9.98741E-05 9.98741E-05 9.98741E-05 0.00463091 0.0576168 9.98741E-05 0.472339 0.0182809 9.98741E-05
9.9838E-05 9.9838E-05 9.9838E-05 9.9838E-05 0.0155648 9.9838E-05 9.9838E-05 9.9838E-05 9.9838E-05 9.9838E-05 9.9838E-05 9.9838E-05 9.9838E-05 9.9838E-05 9.9838E-05 9.9838E-05 9.9838E-05 0.982638 9.9838E-05 9.9838E-05
0.0104166 9.9874E-05 9.9874E-05 9.9874E-05 9.9874E-05 9.9874E-05 0.0201465 0.294993 9.9874E-05 9.9874E-05 9.9874E-05 0.0317133 0.0199461 9.9874E-05 9.9874E-05 9.9874E-05 9.9874E-05 0.621387 9.9874E-05 9.9874E-05
9.99009E-05 9.99009E-05 9.99009E-05 0.0858782 0.000375454 9.99009E-05 9.99009E-05 0.138399 9.99009E-05 0.0176726 0.513103 0.0120952 0.00647393 9.99009E-05 0.0173463 9.99009E-05 9.99009E-05 0.207558 9.99009E-05 9.99009E-05
0.0239484 9.9892E-05 0.00429102 9.9892E-05 9.9892E-05 9.9892E-05 0.0171155 0.887978 9.9892E-05 9.9892E-05 9.9892E-05 0.00137188 0.0101183 9.9892E-05 0.00274466 9.9892E-05 9.9892E-05 9.9892E-05 9.9892E-05 0.0512334
9.9829E-05 9.9829E-05 9.9829E-05 9.9829E-05 9.9829E-05 9.9829E-05 9.9829E-05 9.9829E-05 9.9829E-05 9.9829E-05 9.9829E-05 9.9829E-05 9.9829E-05 9.9829E-05 9.9829E-05 9.9829E-05 9.9829E-05 0.998103 9.9829E-05 9.9829E-05
9.98468E-05 9.98468E-05 9.98468E-05 9.98468E-05 9.98468E-05 9.98468E-05 9.98468E-05 9.98468E-05 9.98468E-05 9.98468E-05 9.98468E-05 9.98468E-05 9.98468E-05 9.98468E-05 0.0114415 9.98468E-05 9.98468E-05 0.954693 0.0321681 9.98468E-05
0.0159965 9.98829E-05 0.072318 9.98829E-05 9.98829E-05 9.98829E-05 0.020825 0.212216 0.0161632 0.0359003 9.98829E-05 9.98829E-05 9.98829E-05 9.98829E-05 9.98829E-05 9.98829E-05 9.98829E-05 0.625283 9.98829E-05 9.98829E-05
9.9901E-05 0.0542719 9.9901E-05 9.9901E-05 9.9901E-05 9.9901E-05 9.9901E-05 0.758501 0.0162876 0.0417911 9.9901E-05 0.00951266 9.9901E-05 9.9901E-05 0.025249 9.9901E-05 0.0587251 0.0176273 0.0169353 9.9901E-05
0.010122 0.0140793 9.991E-05 9.991E-05 0.000269245 0.00485345 9.991E-05 0.680379 0.00599097 9.991E-05 0.0920512 9.991E-05 0.042376 0.0448427 9.991E-05 0.104037 9.991E-05 9.991E-05 9.991E-05 9.991E-05
9.98741E-05 9.98741E-05 9.98741E-05 9.98741E-05 9.98741E-05 9.98741E-05 0.0113202 0.847965 0.00187445 0.0883302 9.98741E-05 0.0174725 9.98741E-05 9.98741E-05 9.98741E-05 9.98741E-05 9.98741E-05 9.98741E-05 0.0316395 9.98741E-05
9.9937E-05 0.0436951 0.0864872 0.333991 9.9937E-05 9.9937E-05 0.000698112 0.170051 0.00558694 0.117348 0.0178041 9.9937E-05 0.0301314 0.133911 0.00970843 0.00671274 9.9937E-05 9.9937E-05 9.9937E-05 0.0431755
9.98289E-05 9.98289E-05 9.98289E-05 9.98289E-05 9.98289E-05 9.98289E-05 9.98289E-05 9.98289E-05 9.98289E-05 9.98289E-05 9.98289E-05 9.98289E-05 0.998103 9.98289E-05 9.98289E-05 9.98289E-05 9.98289E-05 9.98289E-05 9.98289E-05 9.98289E-05
9.99193E-05 0.0729379 0.0438772 0.21575 9.99193E-05 9.99193E-05 0.00532656 9.99193E-05 9.99193E-05 0.206849 0.119866 9.99193E-05 0.0108632 0.15919 0.0412961 0.0868329 9.99193E-05 9.99193E-05 0.0363115 9.99193E-05
0.0112496 0.0557726 9.99099E-05 0.057914 9.99099E-05 9.99099E-05 0.0244801 9.99099E-05 9.99099E-05 0.320939 9.99099E-05 9.99099E-05 9.99099E-05 0.22549 0.0318219 0.139615 9.99099E-05 0.12406 0.00765839 9.99099E-05
0.0154068 9.991E-05 9.991E-05 0.152309 9.991E-05 0.0567226 9.991E-05 9.991E-05 9.991E-05 0.463412 9.991E-05 9.991E-05 0.044211 0.106047 0.00964123 0.0701121 9.991E-05 9.991E-05 0.00697496 0.0741645
0.0171229 0.0607515 9.99009E-05 0.0221608 0.0036907 0.0950885 9.99009E-05 9.99009E-05 9.99009E-05 0.642008 9.99009E-05 0.00452159 9.99009E-05 0.0460856 9.99009E-05 9.99009E-05 9.99009E-05 0.107472 9.99009E-05 9.99009E-05
9.98289E-05 9.98289E-05 9.98289E-05 9.98289E-05 9.98289E-05 9.98289E-05 9.98289E-05 9.98289E-05 9.98289E-05 9.98289E-05 9.98289E-05 9.98289E-05 9.98289E-05 9.98289E-05 0.998103 9.98289E-05 9.98289E-05 9.98289E-05 9.98289E-05 9.98289E-05
9.98289E-05 9.98289E-05 9.98289E-05 9.98289E-05 9.98289E-05 9.98289E-05 9.98289E-05 9.98289E-05 9.98289E-05 9.98289E-05 9.98289E-05 9.98289E-05 0.998103 9.98289E-05 9.98289E-05 9.98289E-05 9.98289E-05 9.98289E-05 9.98289E-05 9.98289E-05
0.0384423 0.093632 9.9928E-05 9.9928E-05 0.0458234 9.9928E-05 0.0185868 0.00958857 0.0734589 0.149643 0.000870773 9.9928E-05 0.0395223 0.25062 0.0126597 9.9928E-05 9.9928E-05 9.9928E-05 9.9928E-05 0.266353
0.0178383 0.107057 9.9919E-05 0.124159 0.0415535 0.203827 0.0251375 9.9919E-05 9.9919E-05 0.399242 9.9919E-05 9.9919E-05 9.9919E-05 9.9919E-05 0.0394131 9.9919E-05 9.9919E-05 0.00846117 0.0274997 0.00491217
0.027506 0.0827232 9.991E-05 0.378918 0.0459578 9.991E-05 9.991E-05 9.991E-05 0.00772259 0.215765 9.991E-05 9.991E-05 0.0734449 9.991E-05 0.0410318 0.105591 9.991E-05 9.991E-05 0.0203415 9.991E-05
0.023288 0.0577262 0.0248738 0.161125 9.99369E-05 9.99369E-05 9.99369E-05 0.0310164 9.99369E-05 0.486782 9.99369E-05 0.0232659 0.021149 0.0125961 0.0392285 0.0424351 9.99369E-05 9.99369E-05 0.0419621 0.0338523
0.0330308 0.0394 0.0722415 0.0933 0.0099067 9.99459E-05 0.0169668 9.99459E-05 0.0225026 0.406479 9.99459E-05 0.0147574 0.106985 0.058169 0.0386778 0.0602784 9.99459E-05 9.99459E-05 0.026705 9.99459E-05
0.0152688 0.0927433 9.99161E-05 0.208829 9.99161E-05 9.99161E-05 0.0509555 9.99161E-05 9.99161E-05 0.480847 9.99161E-05 9.99161E-05 0.0367218 0.00842325 0.0181754 9.99161E-05 9.99161E-05 9.99161E-05 0.00209358 0.0849432
0.0187177 0.0281144 9.9892E-05 9.9892E-05 9.9892E-05 9.9892E-05 0.0149491 0.0656613 9.9892E-05 0.834226 9.9892E-05 0.00566583 0.00658647 9.9892E-05 0.0248804 9.9892E-05 9.9892E-05 9.9892E-05 9.9892E-05 9.9892E-05
9.99369E-05 0.0819583 9.99369E-05 0.10522 9.99369E-05 0.025694 0.0148051 9.99369E-05 9.99369E-05 0.276179 0.0356109 0.0107909 0.0957186 0.133108 0.0287494 0.1681 9.99369E-05 0.0194735 0.00389229 9.99369E-05
0.0127884 9.9883E-05 9.9883E-05 0.00754983 9.9883E-05 9.9883E-05 9.9883E-05 9.9883E-05 9.9883E-05 0.0957637 0.0449828 9.9883E-05 0.0342832 0.115843 9.9883E-05 0.687491 9.9883E-05 9.9883E-05 9.9883E-05 9.9883E-05
0.0504174 0.092608 9.9937E-05 0.196235 9.9937E-05 9.9937E-05 0.020254 0.267507 9.9937E-05 0.126729 0.00998441 0.039537 0.0308632 9.9937E-05 0.02866 0.0217811 9.9937E-05 9.9937E-05 0.00788501 0.106839
0.00978814 0.0314492 9.9946E-05 0.103638 0.0272267 0.030454 9.9946E-05 0.136109 0.0632598 0.477766 9.9946E-05 9.9946E-05 0.0126369 0.00141104 0.0068094 0.029167 9.9946E-05 0.0642707 0.00541428 9.9946E-05
0.0126617 0.107471 9.98919E-05 9.98919E-05 9.98919E-05 9.98919E-05 9.98919E-05 9.98919E-05 0.0632378 0.0502417 9.98919E-05 9.98919E-05 0.028521 0.073548 9.98919E-05 0.0567113 9.98919E-05 0.606409 9.98919E-05 9.98919E-05
9.98289E-05 9.98289E-05 9.98289E-05 9.98289E-05 9.98289E-05 9.98289E-05 9.98289E-05 9.98289E-05 9.98289E-05 9.98289E-05 9.98289E-05 9.98289E-05 9.98289E-05 9.98289E-05 0.998103 9.98289E-05 9.98289E-05 9.98289E-05 9.98289E-05 9.98289E-05
0.0312303 9.9928E-05 0.0603412 9.9928E-05 9.9928E-05 9.9928E-05 9.9928E-05 9.9928E-05 0.0401615 0.390913 9.9928E-05 0.0107539 0.0281857 0.0253481 0.00203429 0.0978757 0.0133755 0.24574 0.0532406 9.9928E-05
0.0256297 9.9919E-05 9.9919E-05 0.191627 0.00290047 9.9919E-05 9.9919E-05 0.0237623 9.9919E-05 0.398037 9.9919E-05 9.9919E-05 0.0331578 0.0852704 0.0661926 9.9919E-05 9.9919E-05 0.0829507 0.0244847 0.0650879
9.98287E-05 9.98287E-05 9.98287E-05 0.998103 9.98287E-05 9.98287E-05 9.98287E-05 9.98287E-05 9.98287E-05 9.98287E-05 9.98287E-05 9.98287E-05 9.98287E-05 9.98287E-05 9.98287E-05 9.98287E-05 9.98287E-05 9.98287E-05 9.98287E-05 9.98287E-05
0.00617056 0.119259 9.9937E-05 0.257721 9.9937E-05 0.0696746 0.0462972 9.9937E-05 9.9937E-05 0.184925 9.9937E-05 0.0177591 0.0233761 0.0442113 0.0193715 9.9937E-05 9.9937E-05 0.0434191 0.0429787 0.124137
0.00402803 0.0330759 9.99189E-05 0.0646935 9.99189E-05 9.99189E-05 0.026744 0.0679011 0.0244639 0.606363 9.99189E-05 9.99189E-05 0.0137092 0.113908 0.0302787 9.99189E-05 9.99189E-05 9.99189E-05 0.0139347 9.99189E-05
0.03996 0.000308363 0.101657 9.9928E-05 9.9928E-05 9.9928E-05 0.00830562 0.292513 0.0208553 0.247546 9.9928E-05 0.00618783 0.0209788 0.0767461 9.9928E-05 9.9928E-05 0.143128 9.9928E-05 0.0410142 9.9928E-05
0.01185 9.98702E-05 9.98702E-05 9.98702E-05 0.481836 9.98702E-05 9.98702E-05 9.98702E-05 9.98702E-05 9.98702E-05 9.98702E-05 9.98702E-05 0.0163414 0.120816 0.0233069 9.98702E-05 0.121149 0.223401 9.98702E-05 9.98702E-05
0.00641728 9.9928E-05 9.9928E-05 0.228901 0.03447 0.0778977 0.0406734 9.9928E-05 9.9928E-05 0.151061 9.9928E-05 9.9928E-05 0.0698891 0.0108176 9.9928E-05 0.179393 0.0737149 0.125311 9.9928E-05 0.000655791
9.98288E-05 9.98288E-05 9.98288E-05 0.998103 9.98288E-05 9.98288E-05 9.98288E-05 9.98288E-05 9.98288E-05 9.98288E-05 9.98288E-05 9.98288E-05 9.98288E-05 9.98288E-05 9.98288E-05 9.98288E-05 9.98288E-05 9.98288E-05 9.98288E-05 9.98288E-05
9.98289E-05 9.98289E-05 9.98289E-05 0.998103 9.98289E-05 9.98289E-05 9.98289E-05 9.98289E-05 9.98289E-05 9.98289E-05 9.98289E-05 9.98289E-05 9.98289E-05 9.98289E-05 9.98289E-05 9.98289E-05 9.98289E-05 9.98289E-05 9.98289E-05 9.98289E-05
9.9937E-05 9.9937E-05 0.00481821 0.135278 9.9937E-05 0.00222599 9.9937E-05 0.00689521 9.9937E-05 0.585137 0.0599864 0.00588212 0.0270134 0.0182187 9.9937E-05 9.9937E-05 0.0291942 0.0082605 0.0227325 0.0936578
9.98284E-05 9.98284E-05 9.98284E-05 9.98284E-05 9.98284E-05 9.98284E-05 9.98284E-05 9.98284E-05 9.98284E-05 9.98284E-05 9.98284E-05 9.98284E-05 9.98284E-05 0.998103 9.98284E-05 9.98284E-05 9.98284E-05 9.98284E-05 9.98284E-05 9.98284E-05
0.0227068 0.0108197 9.991E-05 0.0867192 9.991E-05 9.991E-05 9.991E-05 9.991E-05 9.991E-05 0.163757 9.991E-05 9.991E-05 0.022903 0.0440831 0.133569 9.991E-05 9.991E-05 0.0907784 0.00745136 0.416213
9.98287E-05 0.998103 9.98287E-05 9.98287E-05 9.98287E-05 9.98287E-05 9.98287E-05 9.98287E-05 9.98287E-05 9.98287E-05 9.98287E-05 9.98287E-05 9.98287E-05 9.98287E-05 9.98287E-05 9.98287E-05 9.98287E-05 9.98287E-05 9.98287E-05 9.98287E-05
0.0120512 9.9919E-05 9.9919E-05 0.0486998 9.9919E-05 0.0504081 0.044181 9.9919E-05 0.00613835 0.209935 9.9919E-05 0.0147378 0.0107319 0.435731 9.9919E-05 9.9919E-05 0.13512 9.9919E-05 9.9919E-05 0.0313665
0.0323372 0.0319002 0.0596605 0.142818 9.9928E-05 9.9928E-05 0.0123487 9.9928E-05 0.0372208 0.0584803 0.14816 0.0171625 9.9928E-05 0.24635 0.0493122 0.16345 9.9928E-05 9.9928E-05 9.9928E-05 9.9928E-05
0.00252572 0.0593146 0.0864879 0.113419 9.99189E-05 9.99189E-05 0.0436753 9.99189E-05 9.99189E-05 0.0615164 9.99189E-05 9.99189E-05 0.00967387 0.208895 0.0339857 9.99189E-05 0.105884 9.99189E-05 9.99189E-05 0.273724
9.99279E-05 9.99279E-05 9.99279E-05 0.169292 9.99279E-05 0.0887286 0.0448899 9.99279E-05 0.0327924 0.224227 0.0705274 0.00157343 0.0616233 0.129655 0.0335521 9.99279E-05 9.99279E-05 0.0321371 9.99279E-05 0.110202
0.0560436 0.0359963 9.9955E-05 0.0533237 0.0510808 9.9955E-05 0.00846283 9.9955E-05 0.0049549 0.0476335 0.142719 9.9955E-05 0.0310376 0.150287 0.0317963 0.0533999 9.9955E-05 0.00745981 0.0246096 0.300695
0.043937 0.0810716 9.991E-05 0.120186 9.991E-05 9.991E-05 9.991E-05 9.991E-05 0.0242003 0.144722 9.991E-05 9.991E-05 0.0438361 0.084761 0.00271725 9.991E-05 9.991E-05 0.113493 9.991E-05 0.340077
0.0317543 9.9919E-05 0.0461161 0.365759 9.9919E-05 9.9919E-05 0.00276371 9.9919E-05 9.9919E-05 0.264695 9.9919E-05 9.9919E-05 0.00685568 0.0498465 0.0184702 0.157925 9.9919E-05 9.9919E-05 0.00569875 0.0492163
0.0696215 0.0754253 9.9937E-05 0.0847681 0.00153497 9.9937E-05 9.9937E-05 9.9937E-05 0.0354199 0.261294 0.0538062 9.9937E-05 0.0678486 0.129074 0.0147564 9.9937E-05 9.9937E-05 0.0478802 0.0109058 0.146966
9.9928E-05 0.0420565 0.0366617 0.0671847 0.0206625 0.00666913 0.023322 9.9928E-05 9.9928E-05 0.440055 0.000562097 0.014456 9.9928E-05 0.133331 9.9928E-05 9.9928E-05 9.9928E-05 0.00961198 9.9928E-05 0.204628
0.0250396 0.167633 0.00363182 0.200354 0.0441052 0.000671632 9.9955E-05 9.9955E-05 9.9955E-05 0.039885 9.9955E-05 0.019797 0.0791037 0.0472244 0.0579155 0.15422 9.9955E-05 0.0721157 0.0736703 0.0141338
9.98289E-05 9.98289E-05 9.98289E-05 9.98289E-05 9.98289E-05 9.98289E-05 9.98289E-05 9.98289E-05 9.98289E-05 0.998103 9.98289E-05 9.98289E-05 9.98289E-05 9.98289E-05 9.98289E-05 9.98289E-05 9.98289E-05 9.98289E-05 9.98289E-05 9.98289E-05
9.9829E-05 9.9829E-05 9.9829E-05 9.9829E-05 9.9829E-05 9.9829E-05 9.9829E-05 9.9829E-05 9.9829E-05 9.9829E-05 9.9829E-05 9.9829E-05 9.9829E-05 9.9829E-05 9.9829E-05 9.9829E-05 9.9829E-05 9.9829E-05 0.998103 9.9829E-05
0.0383275 0.0108717 9.9946E-05 0.0524627 0.0539849 9.9946E-05 0.00127133 0.0310987 0.0245771 0.111781 9.9946E-05 0.00799546 0.0560112 0.153603 0.0183213 9.9946E-05 9.9946E-05 9.9946E-05 0.0228631 0.416232
9.991E-05 0.0561929 9.991E-05 0.222726 9.991E-05 0.0518203 0.0254646 9.991E-05 9.991E-05 0.278187 9.991E-05 9.991E-05 0.0133428 0.155525 0.0567561 9.991E-05 9.991E-05 9.991E-05 0.00631468 0.132671
9.9937E-05 0.0620538 0.0105288 0.0751736 0.115999 9.9937E-05 0.0125728 9.9937E-05 0.0125271 0.519262 0.0112457 9.9937E-05 9.9937E-05 0.130616 0.0153482 0.0101511 9.9937E-05 0.00746194 0.0163592 9.9937E-05
9.9838E-05 9.9838E-05 9.9838E-05 9.9838E-05 9.9838E-05 9.9838E-05 9.9838E-05 9.9838E-05 9.9838E-05 0.925676 0.0725273 9.9838E-05 9.9838E-05 9.9838E-05 9.9838E-05 9.9838E-05 9.9838E-05 9.9838E-05 9.9838E-05 9.9838E-05
0.0540392 0.0326868 9.99099E-05 0.0504582 9.99099E-05 9.99099E-05 0.0233466 0.030869 9.99099E-05 0.360374 9.99099E-05 9.99099E-05 9.99099E-05 0.139086 0.00867986 0.0273882 9.99099E-05 9.99099E-05 9.99099E-05 0.272073
0.0102551 9.99279E-05 9.99279E-05 0.211077 9.99279E-05 0.0586592 0.00217184 9.99279E-05 0.0538467 0.250524 0.0147741 0.00364596 9.99279E-05 0.0230699 0.0130928 9.99279E-05 9.99279E-05 9.99279E-05 0.00522756 0.352856
0.998103 9.98289E-05 9.98289E-05 9.98289E-05 9.98289E-05 9.98289E-05 9.98289E-05 9.98289E-05 9.98289E-05 9.98289E-05 9.98289E-05 9.98289E-05 9.98289E-05 9.98289E-05 9.98289E-05 9.98289E-05 9.98289E-05 9.98289E-05 9.98289E-05 9.98289E-05
9.9829E-05 9.9829E-05 9.9829E-05 9.9829E-05 9.9829E-05 9.9829E-05 9.9829E-05 9.9829E-05 9.9829E-05 9.9829E-05 9.9829E-05 9.9829E-05 9.9829E-05 9.9829E-05 9.9829E-05 9.9829E-05 9.9829E-05 9.9829E-05 0.998103 9.9829E-05
0.998103 9.9829E-05 9.9829E-05 9.9829E-05 9.9829E-05 9.9829E-05 9.9829E-05 9.9829E-05 9.9829E-05 9.9829E-05 9.9829E-05 9.9829E-05 9.9829E-05 9.9829E-05 9.9829E-05 9.9829E-05 9.9829E-05 9.9829E-05 9.9829E-05 9.9829E-05
0.00949232 0.124324 9.99279E-05 0.000680039 9.99279E-05 9.99279E-05 0.0201702 9.99279E-05 9.99279E-05 0.0747969 9.99279E-05 0.00344868 0.0594876 0.385387 0.026742 9.99279E-05 0.00771815 0.164576 9.99279E-05 0.122377
0.0576554 9.991E-05 0.0413454 9.991E-05 9.991E-05 9.991E-05 0.0465626 9.991E-05 9.991E-05 0.15851 9.991E-05 9.991E-05 0.0183069 0.316675 0.0277114 0.164848 0.0590634 0.108324 9.991E-05 9.991E-05
0.0444562 0.00281603 0.108955 0.0268267 9.9928E-05 9.9928E-05 0.00537379 9.9928E-05 0.0214536 0.283592 9.9928E-05 9.9928E-05 0.0359577 0.146132 9.9928E-05 0.236129 9.9928E-05 0.0739483 0.0135613 9.9928E-05
0.0628085 0.0406378 9.9928E-05 0.102005 9.9928E-05 9.9928E-05 0.028474 9.9928E-05 0.01913 0.582583 9.9928E-05 0.0388457 0.0164105 0.027576 0.000694662 9.9928E-05 9.9928E-05 0.0441789 0.0358571 9.9928E-05
9.98287E-05 0.998103 9.98287E-05 9.98287E-05 9.98287E-05 9.98287E-05 9.98287E-05 9.98287E-05 9.98287E-05 9.98287E-05 9.98287E-05 9.98287E-05 9.98287E-05 9.98287E-05 9.98287E-05 9.98287E-05 9.98287E-05 9.98287E-05 9.98287E-05 9.98287E-05
9.98283E-05 9.98283E-05 9.98283E-05 9.98283E-05 9.98283E-05 9.98283E-05 9.98283E-05 9.98283E-05 9.98283E-05 9.98283E-05 9.98283E-05 9.98283E-05 9.98283E-05 0.998103 9.98283E-05 9.98283E-05 9.98283E-05 9.98283E-05 9.98283E-05 9.98283E-05
0.0260754 0.0334005 9.9937E-05 0.157431 0.0341635 9.9937E-05 0.0288734 9.9937E-05 0.043659 0.196853 0.116245 9.9937E-05 9.9937E-05 0.113047 0.00569354 9.9937E-05 9.9937E-05 0.040725 0.0446545 0.15848
9.9838E-05 9.9838E-05 9.9838E-05 9.9838E-05 9.9838E-05 9.9838E-05 9.9838E-05 9.9838E-05 9.9838E-05 9.9838E-05 9.9838E-05 9.9838E-05 0.0110697 9.9838E-05 9.9838E-05 9.9838E-05 9.9838E-05 9.9838E-05 9.9838E-05 0.987133
9.9874E-05 9.9874E-05 9.9874E-05 0.0594444 9.9874E-05 9.9874E-05 9.9874E-05 9.9874E-05 9.9874E-05 9.9874E-05 0.00040554 9.9874E-05 9.9874E-05 9.9874E-05 0.0178325 0.475693 9.9874E-05 9.9874E-05 0.00761557 0.43761
0.0106236 9.9865E-05 9.9865E-05 0.00334254 9.9865E-05 9.9865E-05 9.9865E-05 9.9865E-05 9.9865E-05 9.9865E-05 9.9865E-05 0.00865122 9.9865E-05 9.9865E-05 9.9865E-05 0.943231 9.9865E-05 9.9865E-05 0.0326537 9.9865E-05
9.9838E-05 9.9838E-05 9.9838E-05 9.9838E-05 9.9838E-05 9.9838E-05 9.9838E-05 9.9838E-05 9.9838E-05 9.9838E-05 9.9838E-05 9.9838E-05 9.9838E-05 0.0537625 9.9838E-05 0.94444 9.9838E-05 9.9838E-05 9.9838E-05 9.9838E-05
0.00102243 0.0221009 9.9901E-05 9.9901E-05 9.9901E-05 0.137175 0.000665245 0.0192086 9.9901E-05 9.9901E-05 9.9901E-05 9.9901E-05 9.9901E-05 9.9901E-05 0.0051669 0.760384 9.9901E-05 0.00234227 0.0508353 9.9901E-05
9.9892E-05 0.0133902 0.0281639 9.9892E-05 0.0202931 9.9892E-05 9.9892E-05 0.00788015 9.9892E-05 9.9892E-05 9.9892E-05 0.00120862 9.9892E-05 9.9892E-05 0.000641123 0.924064 0.00316039 9.9892E-05 9.9892E-05 9.9892E-05
9.9829E-05 9.9829E-05 9.9829E-05 9.9829E-05 9.9829E-05 9.9829E-05 9.9829E-05 9.9829E-05 9.9829E-05 9.9829E-05 9.9829E-05 9.9829E-05 9.9829E-05 9.9829E-05 9.9829E-05 0.998103 9.9829E-05 9.9829E-05 9.9829E-05 9.9829E-05
9.9883E-05 9.9883E-05 9.9883E-05 0.0405327 9.9883E-05 0.0187275 0.0323981 9.9883E-05 0.00275735 9.9883E-05 9.9883E-05 9.9883E-05 9.9883E-05 9.9883E-05 9.9883E-05 0.154244 9.9883E-05 9.9883E-05 0.0138075 0.736234
9.9856E-05 9.9856E-05 9.9856E-05 9.9856E-05 9.9856E-05 0.0164037 9.9856E-05 0.0454957 9.9856E-05 9.9856E-05 9.9856E-05 9.9856E-05 9.9856E-05 9.9856E-05 9.9856E-05 0.0513337 9.9856E-05 9.9856E-05 9.9856E-05 0.885169
0.00101342 9.9874E-05 9.9874E-05 9.9874E-05 9.9874E-05 9.9874E-05 9.9874E-05 9.9874E-05 9.9874E-05 9.9874E-05 9.9874E-05 0.0311953 9.9874E-05 0.0707862 0.0025186 9.9874E-05 9.9874E-05 9.9874E-05 0.000828683 0.89226
0.00132318 9.9847E-05 9.9847E-05 9.9847E-05 9.9847E-05 0.00746243 9.9847E-05 9.9847E-05 9.9847E-05 9.9847E-05 9.9847E-05 9.9847E-05 9.9847E-05 9.9847E-05 9.9847E-05 9.9847E-05 9.9847E-05 9.9847E-05 9.9847E-05 0.989517
0.0198733 9.9865E-05 0.0716869 9.9865E-05 9.9865E-05 9.9865E-05 9.9865E-05 9.9865E-05 9.9865E-05 9.9865E-05 9.9865E-05 9.9865E-05 9.9865E-05 9.9865E-05 9.9865E-05 9.9865E-05 0.665798 0.0710852 9.9865E-05 0.170059
9.9937E-05 9.9937E-05 9.9937E-05 0.0205831 0.14979 9.9937E-05 0.00283148 0.0445882 0.000718534 0.031129 0.0324074 0.0138275 9.9937E-05 9.9937E-05 0.00289027 0.0940925 0.546712 9.9937E-05 0.0381731 0.0215572
0.0165666 9.991E-05 0.0166627 0.0603633 9.991E-05 0.0195379 9.991E-05 9.991E-05 9.991E-05 0.0718924 0.0902913 0.0216617 9.991E-05 9.991E-05 0.0117761 9.991E-05 0.677491 9.991E-05 0.0127576 9.991E-05
0.0102366 9.98741E-05 9.98741E-05 0.0645691 9.98741E-05 9.98741E-05 9.98741E-05 0.180331 0.0405512 9.98741E-05 9.98741E-05 0.00264166 9.98741E-05 9.98741E-05 9.98741E-05 9.98741E-05 0.700272 9.98741E-05 9.98741E-05 9.98741E-05
9.9892E-05 0.0117785 9.9892E-05 9.9892E-05 9.9892E-05 9.9892E-05 0.0456699 0.0577328 9.9892E-05 9.9892E-05 9.9892E-05 0.0260696 9.9892E-05 0.102261 0.0606263 9.9892E-05 0.651336 0.0433269 9.9892E-05 9.9892E-05
9.991E-05 0.0435443 9.991E-05 9.991E-05 0.127927 0.01452 9.991E-05 9.991E-05 0.00535272 9.991E-05 0.0405438 0.0107488 0.011613 9.991E-05 9.991E-05 9.991E-05 0.529369 9.991E-05 0.00169286 0.21369
0.00384308 9.9883E-05 9.9883E-05 9.9883E-05 9.9883E-05 0.084092 9.9883E-05 9.9883E-05 9.9883E-05 0.0350101 0.0895418 9.9883E-05 9.9883E-05 9.9883E-05 9.9883E-05 9.9883E-05 0.711648 0.0123127 0.0622533 9.9883E-05
9.9901E-05 0.0363243 9.9901E-05 0.0898634 0.186575 0.000446957 0.00900908 9.9901E-05 9.9901E-05 9.9901E-05 9.9901E-05 0.0142939 9.9901E-05 9.9901E-05 9.9901E-05 0.0180816 0.631907 9.9901E-05 0.0123999 9.9901E-05
0.0651618 9.99369E-05 0.0111859 0.0636757 0.0406195 0.0198404 0.0496977 0.0136235 9.99369E-05 0.0776036 0.132487 9.99369E-05 9.99369E-05 0.0212084 0.00116341 9.99369E-05 0.46897 9.99369E-05 0.0340638 9.99369E-05
9.98561E-05 9.98561E-05 9.98561E-05 9.98561E-05 9.98561E-05 9.98561E-05 9.98561E-05 0.0802767 9.98561E-05 9.98561E-05 9.98561E-05 9.98561E-05 9.98561E-05 9.98561E-05 9.98561E-05 9.98561E-05 0.558504 0.0731255 9.98561E-05 0.286496
9.9874E-05 9.9874E-05 9.9874E-05 9.9874E-05 9.9874E-05 9.9874E-05 0.00483295 9.9874E-05 9.9874E-05 9.9874E-05 9.9874E-05 0.0107656 9.9874E-05 9.9874E-05 0.0397932 0.0749607 0.723084 0.145166 9.9874E-05 9.9874E-05
9.991E-05 0.0129846 0.0149437 0.00241175 0.281449 9.991E-05 9.991E-05 0.0794636 0.0437619 9.991E-05 9.991E-05 9.991E-05 0.0261945 9.991E-05 9.991E-05 9.991E-05 0.429472 0.10275 9.991E-05 0.00557029
0.0201036 9.9928E-05 0.00214547 0.00972241 0.249602 0.0263961 9.9928E-05 9.9928E-05 0.00711325 0.0410179 9.9928E-05 0.0223997 9.9928E-05 0.0210061 9.9928E-05 0.0327881 0.36863 0.198275 9.9928E-05 9.9928E-05
0.0192512 0.0541407 9.9919E-05 9.9919E-05 0.0971103 9.9919E-05 0.0126798 9.9919E-05 9.9919E-05 0.0479318 0.159405 9.9919E-05 0.0264435 0.056758 9.9919E-05 0.109637 0.407797 0.0079465 9.9919E-05 9.9919E-05
0.00786048 9.9892E-05 0.0129318 9.9892E-05 0.860361 0.00687046 0.0182937 9.9892E-05 9.9892E-05 0.041555 9.9892E-05 9.9892E-05 0.0307807 0.0201483 9.9892E-05 9.9892E-05 9.9892E-05 9.9892E-05 9.9892E-05 9.9892E-05
9.9928E-05 9.9928E-05 9.9928E-05 0.0180081 0.740854 9.9928E-05 0.0180173 0.0021407 0.0106853 9.9928E-05 0.0363741 0.0129383 0.0426566 0.0117039 0.015369 9.9928E-05 0.0891826 9.9928E-05 0.00127039 9.9928E-05
9.98561E-05 9.98561E-05 9.98561E-05 9.98561E-05 0.944752 9.98561E-05 9.98561E-05 9.98561E-05 9.98561E-05 9.98561E-05 9.98561E-05 9.98561E-05 0.0149076 9.98561E-05 9.98561E-05 9.98561E-05 9.98561E-05 0.017429 9.98561E-05 0.0213141
0.00263773 0.0113695 9.9901E-05 0.00770691 0.880234 9.9901E-05 0.0187602 0.00270038 0.0036906 0.0353763 9.9901E-05 9.9901E-05 9.9901E-05 9.9901E-05 9.9901E-05 0.0364254 9.9901E-05 9.9901E-05 9.9901E-05 9.9901E-05
9.98292E-05 9.98292E-05 9.98292E-05 9.98292E-05 0.998103 9.98292E-05 9.98292E-05 9.98292E-05 9.98292E-05 9.98292E-05 9.98292E-05 9.98292E-05 9.98292E-05 9.98292E-05 9.98292E-05 9.98292E-05 9.98292E-05 9.98292E-05 9.98292E-05 9.98292E-05
9.9883E-05 0.00688483 9.9883E-05 9.9883E-05 0.832948 0.00798115 0.00907479 9.9883E-05 9.9883E-05 9.9883E-05 0.113473 0.0102241 9.9883E-05 9.9883E-05 0.0181154 9.9883E-05 9.9883E-05 9.9883E-05 9.9883E-05 9.9883E-05
0.0160295 9.991E-05 0.0360866 9.991E-05 0.674615 0.00748281 0.0180565 9.991E-05 9.991E-05 9.991E-05 0.0445767 0.000244344 9.991E-05 0.063364 0.0184879 0.120057 9.991E-05 9.991E-05 9.991E-05 9.991E-05
9.98651E-05 9.98651E-05 0.0266465 9.98651E-05 0.884044 9.98651E-05 9.98651E-05 9.98651E-05 9.98651E-05 0.0321067 9.98651E-05 9.98651E-05 9.98651E-05 9.98651E-05 9.98651E-05 9.98651E-05 9.98651E-05 0.0367326 0.0189725 9.98651E-05
0.0163624 9.9892E-05 9.9892E-05 9.9892E-05 9.9892E-05 0.0625246 0.00292313 9.9892E-05 9.9892E-05 9.9892E-05 0.00712297 9.9892E-05 9.9892E-05 0.112869 0.0129609 0.103824 0.680214 9.9892E-05 9.9892E-05 9.9892E-05
9.991E-05 9.991E-05 9.991E-05 0.054201 9.991E-05 0.143272 9.991E-05 9.991E-05 0.0224653 0.0249468 0.00363492 9.991E-05 9.991E-05 0.0116196 9.991E-05 0.00681722 0.702478 0.0267273 0.00283839 9.991E-05
9.991E-05 9.991E-05 9.991E-05 0.0235307 9.991E-05 0.123156 0.00903641 9.991E-05 0.0256537 9.991E-05 0.0415214 9.991E-05 0.0234668 0.0660199 0.00868624 9.991E-05 0.635077 9.991E-05 0.0428528 9.991E-05
9.9928E-05 0.0191272 0.0215491 0.0021715 0.082758 0.0237015 0.000209018 9.9928E-05 0.0244469 9.9928E-05 0.0639045 0.00562302 9.9928E-05 0.0563158 9.9928E-05 0.159865 0.539529 9.9928E-05 9.9928E-05 9.9928E-05
0.0383125 9.98919E-05 9.98919E-05 0.0745396 9.98919E-05 9.98919E-05 9.98919E-05 9.98919E-05 0.0352092 9.98919E-05 0.0985773 0.0314087 9.98919E-05 0.0231844 9.98919E-05 9.98919E-05 0.675658 9.98919E-05 9.98919E-05 0.021912
9.9883E-05 0.107074 9.9883E-05 9.9883E-05 9.9883E-05 9.9883E-05 9.9883E-05 9.9883E-05 0.0495748 9.9883E-05 0.115012 9.9883E-05 0.0307681 0.0693149 0.00551243 9.9883E-05 0.621446 9.9883E-05 9.9883E-05 9.9883E-05
9.99099E-05 9.99099E-05 9.99099E-05 0.138616 0.195391 9.99099E-05 0.0312088 0.011015 9.99099E-05 9.99099E-05 0.145026 0.018594 0.0104637 0.00291559 9.99099E-05 0.0482758 0.397495 9.99099E-05 9.99099E-05 9.99099E-05
9.98921E-05 0.012252 9.98921E-05 9.98921E-05 9.98921E-05 0.0424144 9.98921E-05 0.12579 9.98921E-05 9.98921E-05 9.98921E-05 9.98921E-05 0.0181812 0.0968053 0.000528193 9.98921E-05 0.694953 9.98921E-05 0.00787751 9.98921E-05
0.0145848 9.9883E-05 9.9883E-05 9.9883E-05 0.0683416 9.9883E-05 9.9883E-05 9.9883E-05 9.9883E-05 9.9883E-05 9.9883E-05 9.9883E-05 0.0167373 9.9883E-05 9.9883E-05 0.0311228 0.654002 0.197314 0.0165986 9.9883E-05
9.9919E-05 9.9919E-05 0.0126921 9.9919E-05 9.9919E-05 0.0373516 0.0294725 0.0736561 9.9919E-05 0.0251364 9.9919E-05 9.9919E-05 0.00482825 0.0178809 9.9919E-05 9.9919E-05 0.634898 0.00058663 0.00199477 0.160604
9.9883E-05 9.9883E-05 0.0832046 0.0678322 0.0612573 9.9883E-05 9.9883E-05 0.0582005 9.9883E-05 9.9883E-05 9.9883E-05 0.0108598 9.9883E-05 9.9883E-05 9.9883E-05 0.13907 0.578277 9.9883E-05 9.9883E-05 9.9883E-05
9.9919E-05 9.9919E-05 0.00658245 0.0792469 0.136611 0.048767 0.00304775 9.9919E-05 9.9919E-05 9.9919E-05 0.00339613 9.9919E-05 0.0201686 0.0240578 9.9919E-05 9.9919E-05 0.646842 9.9919E-05 0.0260843 0.00429641
0.0166209 0.0264515 9.9919E-05 9.9919E-05 9.9919E-05 9.9919E-05 0.0260765 9.9919E-05 9.9919E-05 0.0378559 9.9919E-05 0.0247273 0.0020112 0.0137758 0.000485433 0.0479139 0.799338 9.9919E-05 0.00384437 9.9919E-05
0.00977871 9.98651E-05 9.98651E-05 9.98651E-05 9.98651E-05 9.98651E-05 0.00161548 9.98651E-05 9.98651E-05 9.98651E-05 0.968936 9.98651E-05 0.0162604 9.98651E-05 0.00191156 9.98651E-05 9.98651E-05 9.98651E-05 9.98651E-05 9.98651E-05
9.9865E-05 9.9865E-05 9.9865E-05 9.9865E-05 9.9865E-05 9.9865E-05 9.9865E-05 9.9865E-05 9.9865E-05 9.9865E-05 0.906049 9.9865E-05 9.9865E-05 0.0790476 9.9865E-05 0.0090113 0.00184237 9.9865E-05 0.00255149 9.9865E-05
0.00166831 0.00996048 0.0238006 0.0336221 0.0366831 9.9937E-05 0.0167007 9.9937E-05 0.0161516 9.9937E-05 0.657615 0.00134634 0.00973578 0.0681679 0.0436513 9.9937E-05 9.9937E-05 0.0801972 9.9937E-05 9.9937E-05
0.0148503 9.9883E-05 9.9883E-05 9.9883E-05 9.9883E-05 9.9883E-05 9.9883E-05 9.9883E-05 0.0522673 0.100135 0.799046 9.9883E-05 0.0184524 9.9883E-05 9.9883E-05 9.9883E-05 0.00144638 9.9883E-05 0.0125037 9.9883E-05
9.98561E-05 9.98561E-05 9.98561E-05 0.0707019 9.98561E-05 0.0315796 9.98561E-05 9.98561E-05 9.98561E-05 9.98561E-05 0.892221 9.98561E-05 9.98561E-05 9.98561E-05 9.98561E-05 9.98561E-05 9.98561E-05 9.98561E-05 0.00389943 9.98561E-05
0.00469687 0.0634355 0.0398945 9.9892E-05 9.9892E-05 9.9892E-05 9.9892E-05 0.0288469 9.9892E-05 9.9892E-05 0.760404 9.9892E-05 9.9892E-05 9.9892E-05 0.0220777 9.9892E-05 9.9892E-05 0.0694242 0.010022 9.9892E-05
9.98291E-05 9.98291E-05 9.98291E-05 9.98291E-05 9.98291E-05 9.98291E-05 9.98291E-05 9.98291E-05 9.98291E-05 9.98291E-05 0.998103 9.98291E-05 9.98291E-05 9.98291E-05 9.98291E-05 9.98291E-05 9.98291E-05 9.98291E-05 9.98291E-05 9.98291E-05
9.98651E-05 9.98651E-05 0.11569 9.98651E-05 9.98651E-05 9.98651E-05 9.98651E-05 0.149937 0.0524551 9.98651E-05 0.590841 9.98651E-05 9.98651E-05 9.98651E-05 9.98651E-05 9.98651E-05 9.98651E-05 9.98651E-05 9.98651E-05 0.0895783
