9.99543E-05 9.99543E-05 0.0539511 9.99543E-05 9.99543E-05 0.0152381 9.99543E-05 0.930211 9.99543E-05
0.10394 0.140366 9.9964E-05 9.9964E-05 0.0341242 9.9964E-05 9.9964E-05 0.707186 0.0139834
0.0103823 0.0789302 0.00019592 0.108985 9.9982E-05 9.9982E-05 0.0011054 0.795041 0.00515995
0.0499211 0.0652337 9.9982E-05 0.0414362 9.9982E-05 0.0154685 0.0222553 0.757449 0.0480365
0.0151633 9.9982E-05 0.00948362 9.9982E-05 0.0272421 0.00429743 0.00658255 0.801952 0.135079
0.0330677 9.9964E-05 0.00895395 9.9964E-05 9.9964E-05 0.0589342 9.9964E-05 0.878657 0.0199868
9.9946E-05 9.9946E-05 9.9946E-05 0.00127974 9.9946E-05 9.9946E-05 9.9946E-05 0.891615 0.106506
0.0363474 0.0501485 0.0190256 0.0137312 9.9982E-05 0.0381319 9.9982E-05 0.819576 0.0228393
0.0973449 0.0169933 9.9973E-05 9.9973E-05 9.9973E-05 0.00806693 0.00699758 0.757398 0.112899
0.065916 0.00688913 9.9964E-05 0.0812793 9.9964E-05 9.9964E-05 0.0310318 0.814484 9.9964E-05
0.0864301 0.150016 9.9964E-05 0.0294604 9.9964E-05 9.9964E-05 0.0195978 0.714096 9.9964E-05
0.0262967 0.0794214 0.0462876 0.0516215 9.9982E-05 0.00485195 0.0178241 0.773497 9.9982E-05
9.9973E-05 9.9973E-05 0.0303693 0.0197499 0.0239008 0.0494273 9.9973E-05 0.780837 0.0954159
0.0977092 9.9973E-05 9.9973E-05 0.0894473 0.0743076 0.0247367 0.000209557 0.71329 9.9973E-05
0.03001 0.0928983 9.9964E-05 0.0465466 9.9964E-05 9.9964E-05 9.9964E-05 0.799077 0.0310679
0.0725366 9.9955E-05 9.9955E-05 9.9955E-05 0.0361194 0.00974711 9.9955E-05 0.881097 9.9955E-05
9.9946E-05 9.9946E-05 9.9946E-05 9.9946E-05 9.9946E-05 0.0314282 0.0132954 0.954677 9.9946E-05
9.9937E-05 9.9937E-05 9.9937E-05 9.9937E-05 0.0502169 9.9937E-05 9.9937E-05 0.949084 9.9937E-05
9.9937E-05 9.9937E-05 9.9937E-05 9.9937E-05 0.0852532 9.9937E-05 9.9937E-05 0.914047 9.9937E-05
9.9973E-05 0.0104727 0.00327949 0.0194481 9.9973E-05 0.0264879 0.0370007 0.903011 9.9973E-05
9.993E-05 9.993E-05 9.993E-05 0.999201 9.993E-05 9.993E-05 9.993E-05 9.993E-05 9.993E-05
0.118747 0.159336 0.0553811 0.658763 9.9964E-05 9.9964E-05 0.0073729 9.9964E-05 9.9964E-05
0.0631931 9.9973E-05 0.0650681 0.653967 0.176677 9.9973E-05 0.00989699 0.0308984 9.9973E-05
9.9973E-05 9.9973E-05 0.0883154 0.810321 0.0217443 0.0324824 0.0438411 9.9973E-05 0.00299555
9.9946E-05 0.0204865 9.9946E-05 0.805544 9.9946E-05 9.9946E-05 9.9946E-05 9.9946E-05 0.17337
9.9955E-05 9.9955E-05 9.9955E-05 0.742134 9.9955E-05 0.0119481 9.9955E-05 0.02812 0.217299
9.9964E-05 0.00688036 0.0914792 0.637425 0.0650364 9.9964E-05 9.9964E-05 9.9964E-05 0.198779
9.993E-05 9.993E-05 9.993E-05 0.999201 9.993E-05 9.993E-05 9.993E-05 9.993E-05 9.993E-05
0.0549653 9.9964E-05 9.9964E-05 0.647657 0.0536338 9.9964E-05 0.0104228 9.9964E-05 0.232922
0.0777536 0.0714397 0.0869173 0.501819 0.0396055 0.0212086 0.000306106 9.9991E-05 0.200851
0.114341 0.108981 9.9955E-05 0.637907 9.9955E-05 9.9955E-05 9.9955E-05 9.9955E-05 0.138272
0.0244048 9.9973E-05 0.0583987 0.643301 0.10459 0.0603479 9.9973E-05 9.9973E-05 0.108658
0.0577167 9.9973E-05 0.0355433 0.56673 9.9973E-05 0.0251299 9.9973E-05 0.0504233 0.264157
0.13154 0.142115 9.9973E-05 0.609687 9.9973E-05 0.0513284 0.0292579 9.9973E-05 0.0357711
0.047438 0.120031 9.9982E-05 0.563623 0.0504608 0.018315 0.0514012 9.9982E-05 0.148531
0.24341 0.320091 9.9973E-05 0.374104 9.9973E-05 0.0233433 9.9973E-05 0.0230758 0.0156764
9.9982E-05 0.137077 0.108733 0.599336 0.12292 0.00611778 0.0249102 0.000705975 9.9982E-05
0.00388833 9.9964E-05 0.732029 0.0306134 0.223505 9.9964E-05 9.9964E-05 9.9964E-05 0.00956414
0.0600823 9.9973E-05 0.626637 9.9973E-05 0.143461 0.0320392 0.0430334 9.9973E-05 0.0944469
9.9973E-05 0.0466741 0.693721 9.9973E-05 0.113 0.0284893 9.9973E-05 0.000199867 0.117617
0.0331783 0.0448787 0.729098 9.9964E-05 0.188521 9.9964E-05 9.9964E-05 0.00392368 9.9964E-05
9.9982E-05 0.0154008 0.731404 0.00264512 0.168408 0.014167 0.0341921 0.0335832 9.9982E-05
0.0146851 0.0234568 0.78663 9.9991E-05 0.00346293 0.00586703 0.0268967 0.0164008 0.122501
0.100874 9.9991E-05 0.653975 0.0197444 0.104112 0.044401 0.0258181 0.044895 0.00607946
9.9973E-05 9.9973E-05 0.723312 0.0228924 0.143248 0.0329438 0.039529 9.9973E-05 0.0377748
0.0230385 9.9982E-05 0.739441 0.0116695 0.174827 9.9982E-05 0.0374243 0.0124133 0.000986348
9.9964E-05 9.9964E-05 0.770392 0.0194148 0.111113 0.0666897 0.0319911 9.9964E-05 9.9964E-05
9.9973E-05 0.0349194 0.838316 9.9973E-05 0.00165274 0.0321259 0.0339746 9.9973E-05 0.0587109
9.9955E-05 9.9955E-05 0.904755 9.9955E-05 0.0309684 0.0574014 9.9955E-05 0.0063752 9.9955E-05
0.0946297 0.11562 0.696882 0.000940413 0.0894315 9.9973E-05 0.00219662 9.9973E-05 9.9973E-05
9.9991E-05 0.00312109 0.805204 0.017953 0.0787253 0.0142374 0.0253182 0.0115981 0.0437427
0.0193846 9.9964E-05 0.804535 0.0089084 0.161166 0.00560635 9.9964E-05 9.9964E-05 9.9964E-05
9.9964E-05 9.9964E-05 0.765807 9.9964E-05 0.0134771 0.0587135 0.0363564 9.9964E-05 0.125246
9.9973E-05 0.0502925 0.734588 9.9973E-05 0.0825913 0.0322432 0.0137039 0.0862809 9.9973E-05
9.9964E-05 9.9964E-05 0.724836 9.9964E-05 0.0506224 0.0658058 9.9964E-05 0.0223089 0.136027
0.0305376 0.131327 0.714376 0.0265162 0.00224386 0.0245514 9.9991E-05 0.0142126 0.0561355
9.9964E-05 9.9964E-05 0.712697 0.0269175 9.9964E-05 9.9964E-05 0.0186208 0.0718914 0.169474
0.00675536 0.235109 0.17216 0.0329482 0.450441 0.039349 0.0232265 0.0210332 0.0189781
9.993E-05 0.999201 9.993E-05 9.993E-05 9.993E-05 9.993E-05 9.993E-05 9.993E-05 9.993E-05
0.0291769 0.303107 0.0186554 0.0297078 0.320507 0.0818332 0.129125 9.9991E-05 0.0877878
9.9982E-05 0.315894 0.0849861 9.9982E-05 0.14128 0.0711527 0.0768987 0.0200937 0.289495
9.9964E-05 0.473365 9.9964E-05 9.9964E-05 0.244754 0.0273991 0.0475451 9.9964E-05 0.206537
9.9982E-05 0.363167 0.106185 9.9982E-05 0.257874 0.0713564 0.05873 0.0144945 0.127993
9.9946E-05 9.9946E-05 9.9946E-05 0.0112569 9.9946E-05 0.987902 0.000241411 9.9946E-05 9.9946E-05
9.993E-05 0.999201 9.993E-05 9.993E-05 9.993E-05 9.993E-05 9.993E-05 9.993E-05 9.993E-05
0.00366409 0.365813 0.0916971 9.9991E-05 0.0957559 0.113794 0.0629425 0.0897447 0.176489
9.999E-05 0.136678 0.00861584 0.0868564 0.450695 0.143147 0.0325712 0.0142119 0.127124
9.9982E-05 0.225166 9.9982E-05 0.0208444 0.408203 0.152695 0.0582263 0.0134464 0.121219
9.9973E-05 0.268337 9.9973E-05 0.0838154 0.473196 0.0832067 0.0723855 9.9973E-05 0.0187599
0.0181622 0.454923 9.9982E-05 0.0901047 0.211889 0.0815127 0.0978624 0.0453459 9.9982E-05
9.9973E-05 0.400687 0.0292884 9.9973E-05 0.278062 0.0846113 0.0255967 9.9973E-05 0.181454
9.9973E-05 0.203296 0.0227319 9.9973E-05 0.255304 0.156805 0.0360628 9.9973E-05 0.325499
9.9982E-05 0.45222 0.00517801 0.0760186 0.303692 0.029742 0.0569689 9.9982E-05 0.0759803
0.0478971 0.415348 0.0413661 0.0267552 0.0122654 0.0204846 0.0688596 0.0104878 0.356537
9.9982E-05 0.0776639 0.223755 0.0536814 0.445335 0.0674443 0.0151238 9.9982E-05 0.116797
9.9982E-05 0.214199 0.195078 9.9982E-05 0.376553 0.0748272 0.0211996 0.0598532 0.0580895
9.9964E-05 0.324789 0.401071 9.9964E-05 0.185334 9.9964E-05 0.0154711 0.0729353 9.9964E-05
9.9946E-05 9.9946E-05 9.9946E-05 9.9946E-05 0.0425138 0.95577 0.00111673 9.9946E-05 9.9946E-05
9.999E-05 0.38448 0.175081 0.0531601 0.00156551 0.0803729 0.11038 0.0323626 0.162498
9.9973E-05 0.272001 0.103349 9.9973E-05 0.352888 0.147599 0.0658232 9.9973E-05 0.0580392
9.993E-05 9.993E-05 9.993E-05 9.993E-05 0.999201 9.993E-05 9.993E-05 9.993E-05 9.993E-05
0.0222675 0.44735 0.00223783 0.0525672 0.335745 0.0445896 0.0571339 0.0172405 0.0208688
9.9982E-05 0.341968 0.0535521 9.9982E-05 0.300791 0.0713193 0.107418 0.0634739 0.0612782
0.182317 0.279826 0.271606 0.0667024 0.0408146 0.0143714 0.105484 0.0387784 9.9991E-05
0.589517 0.17425 0.126103 9.9964E-05 9.9964E-05 0.0968019 0.0129279 9.9964E-05 9.9964E-05
0.152839 0.314155 0.11852 0.0349009 0.287537 9.9973E-05 9.9973E-05 9.9973E-05 0.0917485
9.993E-05 9.993E-05 9.993E-05 9.993E-05 0.999201 9.993E-05 9.993E-05 9.993E-05 9.993E-05
9.993E-05 9.993E-05 9.993E-05 9.993E-05 0.999201 9.993E-05 9.993E-05 9.993E-05 9.993E-05
0.0409884 0.362278 0.0422935 0.0158985 0.313123 9.9991E-05 0.0925157 0.00667016 0.126133
9.9964E-05 0.13765 9.9964E-05 0.0385494 9.9964E-05 0.0323716 0.772996 9.9964E-05 0.0180327
9.9982E-05 0.321226 0.159198 0.0153266 0.132777 0.226595 0.0663135 9.9982E-05 0.0783633
9.9982E-05 0.406997 0.100939 0.00636884 0.225518 0.136383 0.038426 9.9982E-05 0.0851677
0.112187 0.419671 9.9982E-05 0.110852 0.136495 0.0172751 0.106462 0.0968582 9.9982E-05
0.0290624 0.32644 0.0624999 0.118023 0.182 0.0537554 0.0581222 0.0472502 0.122847
0.101433 0.463542 9.9982E-05 0.0830873 0.207569 0.0699317 0.053414 0.0208227 9.9982E-05
0.0792415 0.374124 9.9991E-05 0.0721604 0.324357 0.000218376 0.051414 0.0661582 0.032227
0.0608106 0.350343 0.0701717 9.9982E-05 9.9982E-05 0.113721 0.0690541 0.033265 0.302434
9.9982E-05 0.412297 0.074488 9.9982E-05 0.190471 0.131546 0.0334671 0.0628528 0.0946773
9.9973E-05 0.220174 9.9973E-05 0.0299182 0.507088 0.0821592 0.00926661 9.9973E-05 0.151094
9.9982E-05 0.447006 0.0848021 9.9982E-05 0.132646 0.142873 0.0787161 0.00827187 0.105485
0.0475113 0.474626 9.9991E-05 0.046968 0.241185 0.0525728 0.0514675 0.010642 0.0749275
0.107005 0.382941 9.9982E-05 9.9982E-05 0.13751 0.160195 0.141937 0.0211688 0.0490429
9.9964E-05 0.369049 9.9964E-05 9.9964E-05 0.20881 0.0435246 0.0427631 9.9964E-05 0.335453
9.993E-05 9.993E-05 9.993E-05 9.993E-05 9.993E-05 9.993E-05 0.999201 9.993E-05 9.993E-05
0.0514726 0.385932 0.0180091 0.0672428 0.17149 0.0788882 0.0843326 0.0723959 0.0702359
9.9982E-05 0.420939 0.0295709 0.0373064 0.331784 0.0965076 0.0724884 0.0112038 9.9982E-05
0.0522912 0.387832 0.0238326 9.9991E-05 0.155993 0.085691 0.0815164 0.0377096 0.175035
9.9977E-05 0.337531 0.130036 9.9977E-05 0.175845 0.0616135 0.0610226 9.9977E-05 0.233653
9.9973E-05 0.339666 0.00452079 9.9973E-05 0.207965 0.104097 9.9973E-05 0.0158129 0.327639
9.9973E-05 0.351622 9.9973E-05 0.0364875 0.298459 0.0365978 9.9973E-05 0.0561275 0.220405
9.993E-05 9.993E-05 9.993E-05 9.993E-05 9.993E-05 0.999201 9.993E-05 9.993E-05 9.993E-05
9.993E-05 9.993E-05 9.993E-05 9.993E-05 9.993E-05 9.993E-05 0.999201 9.993E-05 9.993E-05
9.993E-05 9.993E-05 9.993E-05 9.993E-05 9.993E-05 0.999201 9.993E-05 9.993E-05 9.993E-05
0.0776278 0.679701 0.015366 9.9973E-05 0.125423 0.0340382 0.0675443 9.9973E-05 9.9973E-05
0.0995594 0.503946 0.0138296 0.0755769 9.9991E-05 0.153324 0.13156 0.016318 0.00578514
0.00368052 0.544206 0.0515287 0.0350728 0.161677 0.006425 0.0960583 0.0557172 0.0456341
9.9991E-05 0.375623 0.0514628 0.00962299 0.293901 0.116691 0.0743273 0.0318126 0.0464594
9.9991E-05 0.325897 0.0704384 0.0418174 0.226772 0.127554 0.056305 0.00320952 0.147908
0.00470302 0.180987 0.0492855 0.0179423 0.00388425 9.9982E-05 0.700641 0.0423573 9.9982E-05
0.0422553 0.38763 0.128696 9.9991E-05 0.211228 0.0634544 0.130817 0.0233152 0.0125036
9.9937E-05 0.245907 9.9937E-05 9.9937E-05 9.9937E-05 9.9937E-05 9.9937E-05 9.9937E-05 0.753393
9.9946E-05 9.9946E-05 9.9946E-05 9.9946E-05 0.23116 9.9946E-05 0.0281167 9.9946E-05 0.740124
9.9982E-05 0.0024755 9.9982E-05 0.0297042 0.162636 0.0387197 0.0192389 0.00293324 0.744092
9.9946E-05 0.157501 9.9946E-05 9.9946E-05 9.9946E-05 9.9946E-05 9.9946E-05 0.0230001 0.8189
0.013809 0.0145073 9.9973E-05 0.000807156 9.9973E-05 0.0614931 0.0299964 9.9973E-05 0.879087
0.0203489 9.9955E-05 9.9955E-05 0.0291222 9.9955E-05 9.9955E-05 0.00907902 9.9955E-05 0.94095
9.993E-05 9.993E-05 9.993E-05 9.993E-05 9.993E-05 9.993E-05 9.993E-05 9.993E-05 0.999201
9.9964E-05 9.9964E-05 9.9964E-05 0.060228 0.170955 9.9964E-05 0.0300269 0.0447908 0.693599
9.9955E-05 9.9955E-05 0.0899273 0.0121195 9.9955E-05 0.00564207 9.9955E-05 9.9955E-05 0.891811
9.9991E-05 0.0207798 0.0987868 0.00821161 0.171472 0.0108389 0.0480695 0.0207359 0.621005
9.9991E-05 0.0619299 0.00170462 0.10992 0.107429 0.0151752 0.0103913 0.00771132 0.685639
0.674387 9.9991E-05 0.0199693 0.030697 0.00135235 0.0185923 0.0124044 0.00427603 0.238222
0.694294 9.9964E-05 9.9964E-05 0.00329451 9.9964E-05 9.9964E-05 0.0354599 0.0306542 0.235897
0.691774 0.0605493 0.034752 0.0573531 0.114353 0.000684487 0.00256227 0.00404072 0.0339308
0.686359 9.9964E-05 0.0835208 0.00891714 0.175095 9.9964E-05 9.9964E-05 0.045708 9.9964E-05
0.72122 9.9973E-05 0.117292 0.00202891 0.0810052 0.0275933 9.9973E-05 0.0505605 9.9973E-05
0.660227 0.0539169 9.9964E-05 9.9964E-05 9.9964E-05 0.0158472 9.9964E-05 0.0368257 0.232784
0.713274 9.9973E-05 0.0710106 0.00781984 9.9973E-05 0.0248157 0.0619567 9.9973E-05 0.120823
0.773355 9.9964E-05 9.9964E-05 0.0341115 0.1528 9.9964E-05 0.0135497 9.9964E-05 0.0257837
0.5303 0.0603377 0.0816179 0.0650526 0.121672 0.0435719 0.0370501 0.0602976 9.9991E-05
0.576801 9.9955E-05 0.158741 9.9955E-05 0.0363028 9.9955E-05 9.9955E-05 9.9955E-05 0.227656
0.687499 9.9982E-05 0.0656996 0.045307 0.0180156 0.0375682 9.9982E-05 0.0106597 0.135051
0.654243 0.119336 0.179792 0.0105957 9.9964E-05 9.9964E-05 9.9964E-05 0.035634 9.9964E-05
0.555229 0.116669 0.132927 0.0643216 9.9973E-05 9.9973E-05 9.9973E-05 0.027996 0.102558
0.5479 0.202646 0.0945103 9.9973E-05 9.9973E-05 0.00678992 9.9973E-05 0.0320231 0.115831
0.668489 0.185987 9.9982E-05 0.0530607 9.9982E-05 0.0167286 0.00735805 0.0209735 0.0472037
0.693616 0.136517 0.0440581 9.9973E-05 0.018909 9.9973E-05 0.0109008 0.0957 9.9973E-05
0.743462 0.107352 0.066805 9.9973E-05 9.9973E-05 0.00824141 0.0116211 9.9973E-05 0.0622185
0.7113 0.0952761 0.0462471 9.9991E-05 0.0928742 0.00895141 0.00665091 0.0256481 0.0129523
0.796939 9.9982E-05 0.0310536 0.0280806 0.0255629 0.0291329 0.0305519 0.0584789 9.9982E-05
0.706773 0.0824013 0.0798055 0.0299297 0.0772887 9.9982E-05 0.0069097 0.0166919 9.9982E-05
0.659109 0.0376972 0.0308398 0.0712492 0.0122244 0.0419415 0.0384228 0.0899543 0.0185618
0.761535 9.9964E-05 0.0336681 9.9964E-05 0.121646 9.9964E-05 0.0192766 9.9964E-05 0.0634748
0.719901 0.0478708 9.9991E-05 0.0253913 0.0209011 0.0867994 0.0398502 0.0488188 0.0103673
0.711149 0.0804189 9.9973E-05 9.9973E-05 0.0561157 9.9973E-05 0.019839 0.0319739 0.100204
0.654718 0.129081 9.9973E-05 0.065769 9.9973E-05 0.0354602 0.0773927 0.037279 9.9973E-05
0.659441 0.0642466 9.9982E-05 0.0946794 0.125828 9.9982E-05 0.0213898 0.030645 0.00357008
0.702901 0.0303718 0.0039347 0.0817226 0.078072 0.0437175 9.9982E-05 0.0590804 9.9982E-05
0.661979 0.257947 0.00964165 0.0160459 9.9964E-05 9.9964E-05 9.9964E-05 0.0539862 9.9964E-05
0.648476 0.0451395 0.0309085 0.0237619 0.196576 9.9973E-05 9.9973E-05 0.0548379 9.9973E-05
0.740662 9.9982E-05 0.027138 0.0275211 0.139716 0.00890331 0.0383282 9.9982E-05 0.0175311
0.705589 9.9964E-05 0.0620721 9.9964E-05 9.9964E-05 0.0672924 0.0110547 9.9964E-05 0.153591
0.670865 0.0566509 0.109148 0.0178294 0.0807744 9.9982E-05 0.0280086 0.0365237 9.9982E-05
0.648189 0.0346832 0.104275 0.114477 0.0979751 9.9964E-05 9.9964E-05 9.9964E-05 9.9964E-05
0.751541 0.0176103 9.9982E-05 0.0700841 0.0885288 0.0356177 0.029424 9.9982E-05 0.00699436
0.775433 9.9982E-05 9.9982E-05 0.0418658 0.079247 0.0209246 0.0236599 0.0147516 0.0439178
0.15998 0.122747 0.653919 0.0301388 9.9973E-05 0.005601 9.9973E-05 0.0273142 9.9973E-05
0.176089 0.154435 0.549579 0.0424362 9.9973E-05 9.9973E-05 0.058773 0.018388 9.9973E-05
0.0746995 0.179927 0.568823 0.0795275 9.9982E-05 0.00780729 0.0353785 0.0536374 9.9982E-05
0.194424 0.192948 0.451311 0.0373974 9.9982E-05 0.0171215 0.0476864 0.0589122 9.9982E-05
0.120256 0.138664 0.521668 0.0273459 0.0467338 9.9991E-05 0.0198423 0.0833533 0.0420377
0.0587921 9.9973E-05 0.695334 0.0438475 9.9973E-05 0.0621095 0.0293026 9.9973E-05 0.110315
0.0020908 0.0692906 0.812168 0.0217196 9.9973E-05 9.9973E-05 0.035741 9.9973E-05 0.0586898
0.00463079 0.0165286 0.589819 0.206924 0.0682589 9.9982E-05 9.9982E-05 0.0776242 0.0360148
