0.0695853 9.9946E-05 9.9946E-05 0.929815 9.9946E-05 9.9946E-05 9.9946E-05 9.9946E-05
0.205394 9.9973E-05 0.00497942 0.704578 0.0230859 0.0616627 9.9973E-05 9.9973E-05
0.0844375 9.9964E-05 9.9964E-05 0.816291 9.9964E-05 0.0308377 0.0680339 9.9964E-05
0.03104 9.9973E-05 0.0263715 0.79366 9.9973E-05 0.107699 0.0409299 9.9973E-05
0.0645635 0.0189382 0.0341522 0.810377 0.0172072 0.0511988 9.9991E-05 0.0034633
9.9973E-05 0.0066907 9.9973E-05 0.909401 0.0427553 0.0256209 0.0152321 9.9973E-05
9.9964E-05 9.9964E-05 0.0058411 0.930532 9.9964E-05 0.0614666 9.9964E-05 0.00176061
0.006755 9.9982E-05 0.0125372 0.832715 0.0643694 0.0736979 9.9982E-05 0.00972557
0.062338 9.9973E-05 9.9973E-05 0.806354 0.0157675 0.107043 0.00819813 9.9973E-05
0.00917833 9.9982E-05 0.0127682 0.839324 0.01448 0.0774847 0.046565 9.9982E-05
0.121741 9.9982E-05 0.0232731 0.730341 0.00336296 0.068594 0.0524882 9.9982E-05
0.161498 9.9973E-05 0.0392284 0.737749 9.9973E-05 0.0360542 0.0251711 9.9973E-05
9.9964E-05 0.059538 9.9964E-05 0.774134 0.0110527 9.9964E-05 9.9964E-05 0.154876
0.0111643 0.0531576 9.9991E-05 0.70809 0.0177522 0.131476 0.0458762 0.0323843
0.0640171 9.9973E-05 9.9973E-05 0.799297 9.9973E-05 0.0339716 0.0389232 0.0634912
9.9955E-05 9.9955E-05 9.9955E-05 0.855231 0.05004 0.0942292 9.9955E-05 9.9955E-05
9.9955E-05 9.9955E-05 0.00580794 0.96749 0.0262019 9.9955E-05 9.9955E-05 9.9955E-05
9.9955E-05 0.00654501 9.9955E-05 0.969223 0.0237321 9.9955E-05 9.9955E-05 9.9955E-05
9.9955E-05 0.0471249 9.9955E-05 0.951164 9.9955E-05 9.9955E-05 9.9955E-05 0.00121105
9.9973E-05 9.9973E-05 0.0289799 0.903137 0.0012775 9.9973E-05 0.0433895 0.022916
9.994E-05 9.994E-05 9.994E-05 9.994E-05 9.994E-05 9.994E-05 0.9993 9.994E-05
0.222674 0.0615169 9.9973E-05 9.9973E-05 0.00857301 0.0397333 0.667203 9.9973E-05
0.00163123 0.122805 0.0106196 0.0566733 9.9991E-05 0.0599716 0.660909 0.0872903
9.9973E-05 0.178105 0.0253557 0.0101389 0.0229892 9.9973E-05 0.763111 9.9973E-05
0.00167395 9.9973E-05 0.0247968 0.0226788 9.9973E-05 9.9973E-05 0.900389 0.0501611
9.9973E-05 9.9973E-05 0.0150266 0.0323977 0.00712283 9.9973E-05 0.823134 0.122019
9.9964E-05 0.115202 9.9964E-05 9.9964E-05 9.9964E-05 0.0247436 0.703217 0.156438
9.994E-05 9.994E-05 9.994E-05 9.994E-05 9.994E-05 9.994E-05 0.9993 9.994E-05
9.9973E-05 0.000391926 0.0183677 9.9973E-05 9.9973E-05 0.0781006 0.734184 0.168656
0.0469174 0.085105 0.0150988 9.9991E-05 0.0356056 0.0904507 0.598642 0.128081
0.0928191 9.9964E-05 9.9964E-05 9.9964E-05 9.9964E-05 0.12637 0.671193 0.109218
9.9982E-05 0.158093 0.00172128 9.9982E-05 0.0272822 0.0541319 0.664896 0.0936758
9.999E-05 0.0569486 0.0221032 0.0480244 0.024297 0.0978925 0.690907 0.0597273
0.172805 9.9982E-05 0.0342105 9.9982E-05 0.0274507 0.0827448 0.651598 0.0309911
0.113204 9.9982E-05 0.0463082 0.0204158 9.9982E-05 0.0671239 0.582795 0.169953
0.419594 9.99639E-05 9.99639E-05 0.0322947 9.99639E-05 0.114312 0.4334 9.99639E-05
0.0107186 0.11889 0.0152578 9.9991E-05 0.0584853 0.0512635 0.593521 0.151764
9.999E-05 0.743637 0.0130792 0.00319151 0.00668007 0.0256736 0.0273026 0.180336
0.0550775 0.704039 0.0448514 9.9982E-05 0.0612782 0.00107663 9.9982E-05 0.133477
0.0808953 0.694317 9.9982E-05 0.0216683 0.0250979 0.0190565 9.9982E-05 0.158765
9.9973E-05 0.772435 0.000988921 9.9973E-05 0.0503678 0.0303969 9.9973E-05 0.145511
0.134098 0.767578 0.0321581 0.00492593 0.0568743 9.9982E-05 0.00416539 9.9982E-05
0.00434341 0.8138 0.0264098 0.0173249 0.039393 0.0209326 9.9991E-05 0.0776963
0.140126 0.646673 0.0245415 0.0235726 0.0513001 0.10082 0.0128672 9.9991E-05
0.03358 0.7696 0.0449286 0.00481202 0.0167972 0.000719557 0.0153883 0.114174
9.9973E-05 0.71551 0.0507936 0.0461482 9.9973E-05 0.0924629 9.9973E-05 0.0947855
9.9964E-05 0.815167 0.0470928 9.9964E-05 0.0742402 9.9964E-05 9.9964E-05 0.0631001
0.0366378 0.827482 0.0189592 0.00288202 0.0414453 0.0170188 9.9991E-05 0.0554751
9.9973E-05 0.860035 0.00669896 0.024429 0.0864009 9.9973E-05 0.0221358 9.9973E-05
0.155157 0.75371 0.00670773 9.9982E-05 0.02336 0.031251 0.029614 9.9982E-05
0.12767 0.768927 9.9973E-05 9.9973E-05 0.0514891 9.9973E-05 0.0416389 0.00997475
0.0808313 0.847361 9.9964E-05 9.9964E-05 0.0450285 9.9964E-05 0.0263794 9.9964E-05
9.9973E-05 0.830284 0.0910823 9.9973E-05 0.0728891 9.9973E-05 0.000603122 0.00484104
0.111992 0.742126 9.9964E-05 0.0807777 0.0647047 9.9964E-05 9.9964E-05 9.9964E-05
9.9982E-05 0.713692 0.0509528 0.0189658 0.061883 0.059101 9.9982E-05 0.095206
0.128762 0.705527 9.9991E-05 0.0104431 0.0422911 0.0473138 0.0272422 0.0383206
9.999E-05 0.709903 0.0412371 0.0634659 0.0212887 0.0291132 0.0754779 0.059414
0.451099 0.176548 0.0356361 0.00459582 0.0338384 9.9991E-05 0.0156956 0.282488
0.9993 9.994E-05 9.994E-05 9.994E-05 9.994E-05 9.994E-05 9.994E-05 9.994E-05
0.251777 0.0264441 0.123976 0.00968123 0.0972068 0.00695549 0.031326 0.452634
0.260019 0.0915159 0.0989011 0.0298152 0.0675359 9.9982E-05 9.9982E-05 0.452013
0.272996 9.9964E-05 0.0692515 9.9964E-05 0.0644481 9.9964E-05 9.9964E-05 0.592904
0.179087 0.0355958 0.0665161 0.0375688 0.0964043 9.9991E-05 0.00476147 0.579967
0.00279581 9.9955E-05 9.9955E-05 9.9955E-05 0.992584 9.9955E-05 0.00412012 9.9955E-05
0.9993 9.994E-05 9.994E-05 9.994E-05 9.994E-05 9.994E-05 9.994E-05 9.994E-05
0.357649 9.9982E-05 0.0588049 0.109814 0.167772 0.0443353 9.9982E-05 0.261425
0.0948563 0.0229848 0.0607586 0.0300175 0.131723 9.9991E-05 0.116963 0.542598
0.12934 0.00288099 0.124152 0.0281268 0.13008 9.9991E-05 0.0398935 0.545427
0.0908172 9.9973E-05 0.113962 9.9973E-05 0.11105 9.9973E-05 0.0579488 0.625922
0.358377 9.9982E-05 0.0901206 0.0238151 0.125437 9.9982E-05 0.0437607 0.358289
0.132503 9.9973E-05 0.100983 0.0484598 0.117199 9.9973E-05 9.9973E-05 0.600555
0.0701025 0.00307921 0.0935788 9.9982E-05 0.16326 9.9982E-05 0.0127198 0.65706
0.219822 0.0170974 0.0975413 9.9982E-05 0.0863767 9.9982E-05 0.0607205 0.518242
0.28443 0.0101804 0.116237 9.9982E-05 9.9982E-05 0.0612022 0.082154 0.445596
0.0904441 0.235132 0.0226341 9.9982E-05 0.126651 9.9982E-05 0.0591681 0.465771
0.0761968 0.203404 0.0374428 0.0548031 0.100227 9.9982E-05 9.9982E-05 0.527727
0.219878 0.389127 0.0161847 0.0591912 0.0567557 9.9982E-05 9.9982E-05 0.258663
9.9964E-05 9.9964E-05 0.0039122 9.9964E-05 0.972337 0.0101406 9.9964E-05 0.01321
0.293639 0.180015 0.106002 0.0503834 0.12425 0.0185147 0.0558139 0.171382
0.182379 0.0916711 0.0886878 9.9973E-05 0.182208 9.9973E-05 9.9973E-05 0.454753
9.9982E-05 0.082618 0.0768647 0.0450494 0.0785741 9.9982E-05 0.0376236 0.67907
0.264893 9.9982E-05 0.060691 0.0581256 0.0961361 9.9982E-05 0.024719 0.495235
0.183826 0.0196781 0.0870697 0.083864 0.142635 9.9982E-05 9.9982E-05 0.482727
0.183054 0.262636 0.0758918 0.0336882 0.091018 0.180117 0.0391 0.134495
0.211955 0.133227 9.9964E-05 9.9964E-05 0.10865 0.545768 9.9964E-05 9.9964E-05
0.341982 0.109228 0.0278745 9.9982E-05 9.9982E-05 0.110015 0.0574344 0.353266
9.9982E-05 0.0278413 0.0695727 0.0448981 0.0911519 0.0528175 9.9982E-05 0.713519
0.0218271 0.0301611 0.0225211 0.00677165 0.0802513 0.125273 9.9991E-05 0.713095
0.11462 0.0379892 0.101884 0.011205 9.9982E-05 0.0742558 9.9982E-05 0.659846
0.204261 9.9964E-05 0.679469 9.9964E-05 9.9964E-05 9.9964E-05 0.0270607 0.088809
0.134307 0.0934702 0.0651526 9.9982E-05 0.221976 9.9982E-05 0.0408718 0.444022
0.0903505 0.0880952 0.0454389 9.9973E-05 0.138881 9.9973E-05 9.9973E-05 0.636935
0.669456 0.00509438 0.0747018 0.0640927 0.00173497 0.0501669 0.0783293 0.0564241
0.437551 0.0265445 0.101787 0.0697155 0.101416 0.0351985 0.0916674 0.136121
0.463912 9.9991E-05 0.0218585 0.026313 0.0648999 0.0532564 0.0165853 0.353075
0.524517 0.0233322 0.0249191 0.0464244 0.0350232 0.00539792 0.0209666 0.319419
0.281083 0.0165827 0.0679902 0.0445707 0.141649 0.154505 0.021973 0.271647
0.192014 0.0611149 0.0457862 0.0533817 0.172336 9.9982E-05 9.9982E-05 0.475167
0.064885 9.9982E-05 0.0654886 0.00727459 0.146034 9.9982E-05 0.0525762 0.663542
0.315836 0.0541795 0.0781567 0.0162037 0.149997 9.9982E-05 9.9982E-05 0.385427
0.350163 9.9991E-05 0.0542185 0.0327357 0.051084 0.00105596 0.0333301 0.477313
0.259659 0.0227597 0.152524 0.00533278 0.159223 0.0789543 9.9991E-05 0.321447
0.0980201 9.9982E-05 0.0639596 9.9982E-05 0.0818393 0.00345116 0.00148449 0.751045
9.994E-05 9.994E-05 0.9993 9.994E-05 9.994E-05 9.994E-05 9.994E-05 9.994E-05
0.36999 0.0173386 0.0810505 0.0393448 0.100122 0.078648 0.00980976 0.303696
0.229699 0.0259543 0.0947258 0.0024957 0.12136 9.9982E-05 9.9982E-05 0.525566
0.154228 9.9982E-05 0.0792658 0.0686584 0.0906254 0.0902504 9.9982E-05 0.516772
0.14623 0.102257 0.0846073 0.00254501 0.0771741 0.00291382 9.9991E-05 0.584173
0.239534 0.0304513 0.0161308 0.00695032 0.133674 9.9982E-05 9.9982E-05 0.57306
0.191616 9.9991E-05 0.041118 0.0567269 0.0729992 0.00443841 0.0484884 0.584513
9.994E-05 9.994E-05 9.994E-05 9.994E-05 0.9993 9.994E-05 9.994E-05 9.994E-05
9.994E-05 9.994E-05 0.9993 9.994E-05 9.994E-05 9.994E-05 9.994E-05 9.994E-05
9.994E-05 9.994E-05 9.994E-05 9.994E-05 0.9993 9.994E-05 9.994E-05 9.994E-05
0.781404 9.9964E-05 0.0753548 9.9964E-05 0.0936099 9.9964E-05 9.9964E-05 0.0492316
0.476059 9.9991E-05 0.082313 0.0408966 0.153924 0.0355086 0.0953261 0.115873
0.370537 9.9991E-05 0.118974 0.0316109 0.0786064 0.0563726 0.0277585 0.316041
0.245841 0.0524011 0.0549597 0.0417314 0.132138 9.9982E-05 9.9982E-05 0.472729
0.0294205 0.0468242 0.0852737 0.0242711 0.0546598 9.9991E-05 0.0506222 0.708828
0.345202 9.9964E-05 0.629876 0.012929 9.9964E-05 0.0115932 9.9964E-05 9.9964E-05
0.303476 0.0798009 0.126456 0.0792075 0.0804506 0.00411808 0.0166347 0.309856
0.177089 9.9973E-05 0.0368635 9.9973E-05 9.9973E-05 0.103204 0.120776 0.561767
0.00546107 9.9982E-05 0.0699581 9.9982E-05 0.0395823 0.167177 0.0304157 0.687206
9.9982E-05 0.012716 0.0902998 9.9982E-05 0.024602 0.0875703 0.176306 0.608306
0.0966458 9.9991E-05 0.0260403 0.0155674 0.0224512 0.0922605 0.136291 0.610644
9.99909E-05 9.99909E-05 0.102158 0.00539867 0.0709628 0.164671 0.126979 0.529631
9.9964E-05 9.9964E-05 0.0852757 9.9964E-05 9.9964E-05 0.162181 0.176779 0.575364
9.9973E-05 9.9973E-05 0.0578247 0.0418666 9.9973E-05 0.148767 0.105154 0.646087
9.9964E-05 9.9964E-05 0.0949752 0.0532121 9.9964E-05 9.9964E-05 0.184691 0.666722
9.9982E-05 0.0775536 0.0860786 0.00574207 9.9982E-05 0.133864 0.154506 0.542055
0.0607479 0.0206311 0.095121 0.037324 0.0203605 0.110381 0.153749 0.501686
9.9973E-05 9.9973E-05 0.0575974 9.9973E-05 0.00118715 0.0772759 0.178562 0.685078
9.9973E-05 9.9973E-05 0.0151982 9.9973E-05 0.0525451 0.797799 0.0150333 0.119125
0.0321846 0.0249481 0.0523946 0.00631296 9.9991E-05 0.757722 0.0418481 0.0844902
0.0807349 0.0509997 0.0120465 0.0204224 0.0156313 0.703653 0.0815226 0.0349898
0.0169441 0.171266 9.9982E-05 0.0548144 9.9982E-05 0.694641 0.052432 0.00970323
0.106256 0.102171 9.9982E-05 0.0312294 0.0334974 0.706005 0.0206408 9.9982E-05
0.116332 9.9991E-05 0.00967936 0.0258917 0.0287379 0.704119 0.0330063 0.0821337
9.9973E-05 0.117795 0.0530428 9.9973E-05 9.9973E-05 0.748978 0.0402959 0.0395882
9.9964E-05 9.9964E-05 0.00665553 9.9964E-05 9.9964E-05 0.78844 0.0315457 0.172959
0.192224 0.11199 0.0141173 0.0381114 0.0956542 0.494929 0.0528729 9.9991E-05
9.9973E-05 0.199658 0.0462382 9.9973E-05 9.9973E-05 0.702463 0.0141411 0.0372004
9.9982E-05 0.103558 9.9982E-05 0.0461605 0.0328284 0.761459 0.0187548 0.0370392
0.0817944 0.11467 9.9973E-05 0.0727124 0.00228825 0.728235 9.9973E-05 9.9973E-05
0.0632231 0.11281 9.9991E-05 0.0341463 0.0272615 0.662005 0.0125292 0.0879247
0.307989 0.13464 9.9964E-05 9.9964E-05 9.9964E-05 0.519093 9.9964E-05 0.0378778
0.191086 9.9973E-05 9.9973E-05 0.0617668 0.00275886 0.652385 0.0917034 9.9973E-05
0.271077 0.0171059 9.9964E-05 0.0698821 9.9964E-05 0.641535 9.9964E-05 9.9964E-05
0.0945548 0.0790265 0.00917666 9.9982E-05 0.0394808 0.772786 9.9982E-05 0.00477537
0.105563 9.9964E-05 9.9964E-05 0.0523296 9.9964E-05 0.736597 9.9964E-05 0.10511
9.9982E-05 0.0407713 0.0206508 0.0597382 0.0460641 0.774653 0.0579229 9.9982E-05
0.194054 0.0234079 0.0168475 0.0151794 0.0334869 0.67765 0.0392744 9.9991E-05
0.183942 0.0214803 0.0463797 0.0623358 0.0461885 0.617253 0.0223206 9.9991E-05
9.9982E-05 0.0278996 0.0204025 9.9982E-05 0.0307115 0.760775 0.0191683 0.140843
0.167562 9.9973E-05 0.0181087 0.00703671 0.0378473 0.769145 9.9973E-05 9.9973E-05
0.173792 0.00976849 0.0226371 0.0172307 9.9982E-05 0.769227 0.0071447 9.9982E-05
0.190659 9.9973E-05 0.071533 0.0378929 9.9973E-05 0.626859 0.0727563 9.9973E-05
0.109285 9.9973E-05 9.9973E-05 0.0363002 9.9973E-05 0.676854 0.0692757 0.107986
0.102167 0.139291 0.0092434 0.0132736 0.0147536 0.627191 0.0939809 9.9991E-05
0.276835 0.0279335 0.0051683 0.0384521 0.0210323 0.630379 9.9982E-05 9.9982E-05
0.274594 0.0213035 9.9973E-05 0.0277633 9.9973E-05 0.674417 0.0016227 9.9973E-05
0.126323 0.0774785 0.0330199 9.9973E-05 9.9973E-05 0.738873 0.024006 9.9973E-05
9.9973E-05 0.0738716 0.0268857 9.9973E-05 0.0111971 0.801248 9.9973E-05 0.0864975
0.112582 0.182425 0.0220579 0.0334292 9.9982E-05 0.637812 0.011494 9.9982E-05
0.0874464 0.101209 9.9973E-05 9.9973E-05 9.9973E-05 0.647987 0.083479 0.0795787
0.053102 9.9982E-05 0.0558827 9.9982E-05 0.0392844 0.770289 0.0703629 0.0108792
0.0886711 9.9982E-05 9.9982E-05 0.0348723 0.0137511 0.746243 0.0752489 0.0410141
0.25025 0.637764 9.9973E-05 0.0138398 9.9973E-05 0.0609852 0.0368612 9.9973E-05
0.214129 0.553053 0.0269033 0.00287 9.9982E-05 0.161748 0.0410972 9.9982E-05
0.30118 0.498338 9.9973E-05 0.0854427 9.9973E-05 0.0869237 0.0278154 9.9973E-05
0.296077 0.55428 9.9973E-05 0.0352674 9.9973E-05 0.0825936 0.0314821 9.9973E-05
0.199549 0.606173 0.00139451 0.0883437 9.9991E-05 0.0276053 0.0612658 0.0155685
0.0191492 0.718017 0.0447363 9.9991E-05 0.0513776 0.0630298 0.0766818 0.026908
0.141858 0.820328 0.000298225 9.9964E-05 9.9964E-05 9.9964E-05 0.0371159 9.9964E-05
0.120522 0.56781 9.9973E-05 0.0882781 9.9973E-05 9.9973E-05 0.159261 0.0638295
