9.9955E-05 9.9955E-05 0.980341 9.9955E-05 9.9955E-05 0.0191595 9.9955E-05
9.9964E-05 0.0618398 0.768226 9.9964E-05 9.9964E-05 0.169534 9.9964E-05
9.9973E-05 0.048726 0.815386 0.11152 9.9973E-05 9.9973E-05 0.0240682
9.9982E-05 0.0646252 0.819986 0.0706856 0.0372942 0.0072088 9.9982E-05
0.0538681 0.0163562 0.814682 0.0154847 0.0889364 9.9991E-05 0.0105727
9.9964E-05 0.0804489 0.897958 9.9964E-05 9.9964E-05 9.9964E-05 0.0211935
9.9955E-05 0.067323 0.932177 9.9955E-05 9.9955E-05 9.9955E-05 9.9955E-05
0.0723455 0.0281988 0.847256 9.9991E-05 0.00695081 0.0157578 0.0293912
9.9973E-05 0.0980233 0.800606 0.0494045 0.0516664 9.9973E-05 9.9973E-05
9.9973E-05 0.0694327 0.828071 0.0364491 9.9973E-05 9.9973E-05 0.0657473
9.9982E-05 0.0826055 0.730788 0.0368359 9.9982E-05 0.141386 0.00818397
9.9982E-05 0.0483081 0.754874 0.0813536 9.9982E-05 0.110925 0.00433881
9.9982E-05 9.9982E-05 0.796593 0.0319604 0.121394 0.0312185 0.018634
0.0208444 0.117529 0.734273 0.12362 9.9991E-05 0.000220783 0.00341244
0.00923255 0.0446292 0.826791 0.0610552 9.9982E-05 0.0580917 9.9982E-05
9.9964E-05 0.087628 0.87268 9.9964E-05 0.0392919 9.9964E-05 9.9964E-05
9.9955E-05 9.9955E-05 0.974759 9.9955E-05 9.9955E-05 9.9955E-05 0.0247408
9.995E-05 9.995E-05 0.9994 9.995E-05 9.995E-05 9.995E-05 9.995E-05
0.0621878 9.9955E-05 0.937312 9.9955E-05 9.9955E-05 9.9955E-05 9.9955E-05
9.9964E-05 9.9964E-05 0.893708 0.0268915 9.9964E-05 9.9964E-05 0.079001
9.995E-05 9.995E-05 9.995E-05 0.9994 9.995E-05 9.995E-05 9.995E-05
0.0481092 0.0780673 9.9973E-05 0.682847 9.9973E-05 0.190677 9.9973E-05
0.0932338 0.0167528 0.0503294 0.626368 0.205488 0.00772727 9.9991E-05
0.1177 9.9973E-05 9.9973E-05 0.760425 0.0520877 9.9973E-05 0.0694875
9.9964E-05 9.9964E-05 0.00684655 0.818766 0.173988 9.9964E-05 9.9964E-05
0.00967562 9.9973E-05 0.0165381 0.785925 0.187561 9.9973E-05 9.9973E-05
0.129059 0.0172222 9.9982E-05 0.656781 0.192915 0.00382247 9.9982E-05
9.995E-05 9.995E-05 9.995E-05 0.9994 9.995E-05 9.995E-05 9.995E-05
0.00131685 0.0630492 9.9982E-05 0.639719 0.277888 9.9982E-05 0.017827
0.0967423 0.0573687 9.9982E-05 0.531798 0.276024 0.037867 9.9982E-05
9.9973E-05 0.096658 9.9973E-05 0.66618 0.18347 0.0533918 9.9973E-05
0.138759 0.00599772 9.9982E-05 0.688087 0.147518 9.9982E-05 0.0194389
0.0691771 0.0682866 0.0214787 0.648625 0.192233 9.9982E-05 9.9982E-05
9.9973E-05 0.104348 9.9973E-05 0.62704 0.0417002 0.226612 9.9973E-05
0.0683417 0.0527658 0.000900388 0.538342 0.16179 0.129776 0.0480847
9.9982E-05 0.230717 0.0386769 0.407013 9.9982E-05 0.321486 0.00190694
0.160619 0.0168657 9.9991E-05 0.591623 0.0317545 0.146095 0.0529428
0.753397 0.0197889 9.9991E-05 0.0382778 0.162254 0.0224366 0.00374606
0.765899 0.0151309 9.9982E-05 9.9982E-05 0.189291 0.01409 0.0153885
0.74528 0.0517779 9.9973E-05 9.9973E-05 0.114032 0.0886106 9.9973E-05
0.79523 0.0587722 0.0137149 0.0261244 0.00495283 0.101106 9.9991E-05
0.753271 9.9982E-05 0.0244813 0.0656579 9.9982E-05 0.144454 0.0119364
0.882473 9.9964E-05 0.00811649 9.9964E-05 0.10901 9.9964E-05 9.9964E-05
0.72785 0.103323 0.0269466 0.0397834 0.0264106 0.0516162 0.0240706
0.741614 0.0331219 9.9991E-05 0.0470434 0.0943139 0.0591478 0.0246586
0.767884 0.0246825 0.0446246 0.0315607 0.119837 9.9991E-05 0.0113109
0.859162 0.0074833 9.9982E-05 9.9982E-05 0.0298166 0.0889722 0.0143659
0.851983 0.0226661 0.0144848 0.00109781 0.101063 0.0086059 9.9991E-05
0.894297 9.9973E-05 0.00434423 0.0822244 9.9973E-05 0.0188349 9.9973E-05
0.736827 0.104538 0.00963705 0.0240882 9.9982E-05 0.12471 9.9982E-05
0.81933 0.0204889 9.9982E-05 0.0134685 0.14208 9.9982E-05 0.00443331
0.874927 9.9973E-05 9.9973E-05 0.0817958 9.9973E-05 0.038302 0.00467539
0.846423 9.9973E-05 0.00433351 9.9973E-05 0.092473 9.9973E-05 0.0564703
0.795075 9.9982E-05 0.0895399 0.0568616 9.9982E-05 0.0544294 0.00389459
0.783819 0.0528142 0.0324174 0.0189872 0.030974 0.0204779 0.0605104
0.691925 0.089238 0.00631053 0.0232415 0.127275 0.0425276 0.0194825
0.765326 0.0213091 0.0676367 0.0933584 0.00958338 9.9991E-05 0.0426861
0.121096 0.0505202 0.02865 0.0353199 0.239885 0.449631 0.0748973
9.995E-05 9.995E-05 9.995E-05 9.995E-05 9.995E-05 0.9994 9.995E-05
0.016479 0.0596252 0.00498191 0.0530995 0.246572 0.429557 0.189685
0.101114 9.9982E-05 0.00965355 9.9982E-05 0.394998 0.374456 0.119577
9.9964E-05 9.9964E-05 9.9964E-05 9.9964E-05 0.449476 0.459607 0.0905174
0.0948532 9.9982E-05 0.0117243 9.9982E-05 0.350649 0.421295 0.121279
9.9964E-05 9.9964E-05 9.9964E-05 0.0192905 9.9964E-05 0.920098 0.0602121
9.99549E-05 9.99549E-05 9.99549E-05 9.99549E-05 9.99549E-05 0.999162 0.00033815
0.0417875 0.0791799 0.068222 9.9991E-05 0.153823 0.572888 0.0839998
0.0189346 9.9991E-05 0.0483186 0.0927589 0.389337 0.331907 0.118644
0.0460793 9.9973E-05 9.9973E-05 9.9973E-05 0.410491 0.389834 0.153296
9.9973E-05 9.9973E-05 9.9973E-05 0.0448562 0.37883 0.404617 0.171397
9.9991E-05 0.00596857 0.0361024 0.0610587 0.167278 0.566162 0.163331
9.9973E-05 9.9973E-05 0.0418857 9.9973E-05 0.356578 0.494854 0.106382
0.0683872 9.9973E-05 9.9973E-05 9.9973E-05 0.422164 0.427365 0.0817837
0.00650192 9.9982E-05 9.9982E-05 0.0431082 0.285559 0.532268 0.132363
0.0581714 0.0427436 0.00109648 0.0478704 0.404651 0.313048 0.13242
0.251361 9.9982E-05 9.9982E-05 0.0643275 0.452651 0.195425 0.0360356
0.262621 9.9982E-05 0.0665146 9.9982E-05 0.260847 0.345892 0.063926
0.43809 9.9982E-05 0.0731051 9.9982E-05 0.057033 0.395817 0.0357549
9.9955E-05 9.9955E-05 9.9955E-05 9.9955E-05 9.9955E-05 0.965891 0.0336088
0.200153 0.00319816 0.0330194 0.0739033 0.12112 0.353879 0.214727
0.135185 9.9973E-05 9.9973E-05 9.9973E-05 0.234853 0.45148 0.178183
0.0740204 9.9991E-05 0.0299773 0.00462514 0.558974 0.16769 0.164614
0.0274448 0.0278062 0.0203456 0.0200153 0.251975 0.523071 0.129342
0.0707709 9.9982E-05 0.0675573 9.9982E-05 0.211253 0.497236 0.152983
0.250438 0.207401 0.035608 0.0842676 9.9991E-05 0.225867 0.196318
0.203662 0.582546 9.9973E-05 9.9973E-05 9.9973E-05 0.170715 0.0427776
0.142354 0.125404 0.0116347 0.0549992 0.29157 0.373938 9.9991E-05
0.0341466 9.9982E-05 0.0336434 9.9982E-05 0.623162 0.183295 0.125553
0.0597038 0.06914 0.0126334 9.9991E-05 0.671567 0.116853 0.0700027
0.0242565 0.0313393 0.0222439 9.9991E-05 0.453856 0.35674 0.111464
9.9964E-05 9.9964E-05 9.9964E-05 0.0438571 9.9964E-05 0.00966348 0.94608
0.137738 9.9982E-05 9.9982E-05 0.0190862 0.224567 0.528595 0.0898133
0.0627803 0.0118919 9.9982E-05 9.9982E-05 0.366543 0.494623 0.0639619
9.9991E-05 0.135073 0.0712056 0.0799644 0.0917655 0.496149 0.125743
0.00448828 0.0843173 0.0838318 0.116157 0.147684 0.415998 0.147523
9.9991E-05 0.122427 0.00306766 0.0356809 0.130835 0.626549 0.0813413
9.9991E-05 0.0892916 0.0855439 0.0465064 0.137499 0.564078 0.0769816
0.0792539 0.125471 0.0397786 9.9991E-05 0.227524 0.367008 0.160865
0.125192 9.9982E-05 0.0376324 9.9982E-05 0.236327 0.463506 0.137143
0.0134742 9.9973E-05 9.9973E-05 9.9973E-05 0.525613 0.399347 0.0612659
0.0923729 9.9982E-05 0.00892118 9.9982E-05 0.307181 0.391226 0.200099
9.9982E-05 9.9982E-05 0.0134664 0.0618134 0.325326 0.526276 0.0729181
9.9982E-05 0.115082 0.00125253 9.9982E-05 0.174485 0.500923 0.208057
9.9964E-05 9.9964E-05 9.9964E-05 9.9964E-05 0.412632 0.48476 0.102208
9.995E-05 9.995E-05 9.995E-05 9.995E-05 9.995E-05 9.995E-05 0.9994
0.0431989 0.0463453 0.0464906 0.0166818 0.27246 0.406791 0.168033
0.0499577 9.9982E-05 0.00837257 9.9982E-05 0.219479 0.577421 0.14457
9.9982E-05 0.0802868 0.0588582 9.9982E-05 0.258697 0.473552 0.128407
0.135625 9.9982E-05 0.0182649 9.9982E-05 0.375549 0.363478 0.106883
0.0167302 9.9982E-05 0.0180239 9.9982E-05 0.449743 0.482743 0.0325596
0.0627521 9.9991E-05 0.027199 0.0357045 0.433498 0.372996 0.0677508
0.132078 9.9964E-05 9.9964E-05 9.9964E-05 9.9964E-05 0.279912 0.58761
9.995E-05 9.995E-05 9.995E-05 9.995E-05 9.995E-05 9.995E-05 0.9994
0.164915 9.9973E-05 9.9973E-05 9.9973E-05 0.027333 0.284387 0.523065
9.9982E-05 0.080773 0.027279 9.9982E-05 0.0748014 0.685687 0.131259
0.0455642 0.0221823 0.0181201 0.139025 9.9991E-05 0.526617 0.248392
0.00926492 0.0257893 0.0809276 0.0478035 0.245702 0.432066 0.158447
0.0558718 9.9991E-05 0.024893 0.00708698 0.181164 0.549729 0.181155
0.085607 9.9982E-05 9.9982E-05 0.0251981 0.377996 0.408088 0.102911
9.9982E-05 0.0192527 0.000977479 0.040106 9.9982E-05 0.0627143 0.87675
0.10115 0.0729613 0.0972511 9.9991E-05 0.159585 0.40802 0.160932
9.9982E-05 0.0415689 9.9982E-05 0.0610045 0.713781 0.180652 0.00279446
9.9973E-05 0.0579965 9.9973E-05 9.9973E-05 0.919801 0.012621 0.00928192
9.9973E-05 9.9973E-05 9.9973E-05 0.112818 0.837249 0.00857648 0.0410565
9.9991E-05 0.0652906 0.0216801 0.0690643 0.737846 0.0780114 0.0280073
9.9982E-05 0.0660315 0.0162532 0.0902869 0.766574 9.9982E-05 0.0606546
9.9973E-05 0.097948 9.9973E-05 0.0723011 0.828941 9.9973E-05 0.00050955
9.9973E-05 0.0876006 0.0227776 0.0369832 0.852339 9.9973E-05 9.9973E-05
9.9982E-05 9.9982E-05 0.068925 0.0909373 0.79495 0.0440366 0.000951621
0.0660382 0.0387856 9.9973E-05 0.0511018 0.843774 9.9973E-05 9.9973E-05
0.0103484 0.0574731 9.9991E-05 0.0822888 0.801169 0.034 0.0146212
0.0140768 0.0410432 0.011382 0.0795471 0.796273 0.0575773 9.9991E-05
0.0288343 0.74984 9.9982E-05 0.0801517 0.0820934 9.9982E-05 0.0588805
0.0244096 0.724758 0.0284863 9.9982E-05 0.21604 9.9982E-05 0.00610601
0.106418 0.703122 0.0195183 0.0586354 0.0290118 0.0565671 0.0267267
0.150653 0.721568 0.052789 0.0283434 0.0464466 9.9982E-05 9.9982E-05
0.17449 0.683177 0.0235367 0.0297669 9.9982E-05 0.0888289 9.9982E-05
0.0314065 0.721815 0.0221327 0.0247332 0.13417 0.0513333 0.014409
0.123282 0.722921 9.9982E-05 0.0229784 0.105168 9.9982E-05 0.0254504
9.9973E-05 0.797809 9.9973E-05 0.0294923 0.115034 9.9973E-05 0.0573655
0.105886 0.579487 0.0489431 0.0436239 9.9991E-05 0.134734 0.0872255
0.170556 0.652704 9.9964E-05 9.9964E-05 0.17634 9.9964E-05 9.9964E-05
0.0733328 0.777934 0.0230536 0.0334342 0.0909076 0.00123793 9.9991E-05
0.136929 0.736521 0.0346855 0.042906 9.9982E-05 0.048759 9.9982E-05
0.11671 0.610342 0.0310181 0.0453455 0.0872528 0.108238 0.0010933
0.158935 0.566375 9.9982E-05 9.9982E-05 0.0163042 0.252712 0.00547336
9.9982E-05 0.786567 0.0542043 0.00256591 9.9982E-05 0.102573 0.0538895
9.9964E-05 0.732803 0.0622685 9.9964E-05 9.9964E-05 0.204529 9.9964E-05
0.0781224 0.816119 9.9991E-05 0.000786677 0.0774336 0.00380283 0.0236352
9.9982E-05 0.800124 0.07718 9.9982E-05 0.0182019 0.0946551 0.00963941
0.0609599 0.820827 0.0419219 0.0352639 9.9982E-05 9.9982E-05 0.0408277
0.0407312 0.726672 0.000885131 0.0604921 9.9982E-05 0.171019 9.9982E-05
0.00543696 0.675138 0.104815 0.0429521 9.9991E-05 0.0912052 0.0803528
0.063202 0.738981 9.9982E-05 0.0010797 0.115689 9.9982E-05 0.0808481
9.9982E-05 0.799181 0.0227444 9.9982E-05 0.0224765 0.0914403 0.0639582
0.0171724 0.740304 0.0301502 0.0328011 0.112644 0.0462465 0.0206821
9.9982E-05 0.693356 0.0576392 0.10925 9.9982E-05 0.085339 0.0542164
9.9991E-05 0.680373 0.0138339 0.0776049 0.137551 0.0798124 0.0107246
0.109687 0.699946 0.0418328 0.0817258 9.9991E-05 0.0266158 0.0400932
0.0389257 0.703467 0.0549159 0.00606362 9.9982E-05 0.196428 9.9982E-05
0.0726534 0.698182 0.0889864 0.000834663 0.0508477 0.0820533 0.00644301
0.0963623 0.748868 9.9991E-05 0.050589 0.0139071 0.0509995 0.0391736
0.144218 0.780381 9.9973E-05 9.9973E-05 0.0356326 9.9973E-05 0.0394686
0.14742 0.709949 0.0478861 0.0246093 0.0382921 0.0188989 0.0129449
0.118922 0.683688 0.00107885 0.0950888 0.101023 9.9982E-05 9.9982E-05
9.9982E-05 0.819628 9.9982E-05 0.0345907 0.0390159 0.0494572 0.0571082
9.9991E-05 0.824145 0.0135309 0.038584 0.00150792 0.0957893 0.0263429
0.665556 0.101399 0.0171375 0.103287 9.9982E-05 0.112421 9.9982E-05
0.538567 0.174867 0.0228641 0.128199 9.9991E-05 0.08543 0.0499736
0.509545 0.102076 0.116091 0.118278 0.0283876 0.0979472 0.0276752
0.58651 0.120519 0.0856179 0.0853641 9.9991E-05 0.0504627 0.0714265
0.58594 0.114676 0.0974591 0.0523221 0.0973946 0.0521081 9.9991E-05
0.706036 0.0905944 9.9973E-05 0.134128 9.9973E-05 9.9973E-05 0.0689416
0.807546 0.0686357 9.9982E-05 0.043617 0.0723281 9.9982E-05 0.00767291
0.66961 0.00215391 0.082992 0.16908 0.0759636 9.9982E-05 9.9982E-05
