9.9982E-05 9.9982E-05 0.0247143 0.975086
0.0040444 0.123465 0.09013 0.78236
0.148876 9.9982E-05 9.9982E-05 0.850924
0.0978477 0.00579082 0.0249523 0.871409
0.0233343 0.0578341 0.0318191 0.887013
0.0314057 9.9991E-05 0.0468594 0.921635
9.9982E-05 9.9982E-05 0.05423 0.94557
0.0418783 0.0763647 0.00552818 0.876229
0.0476519 0.0277512 0.0956094 0.828987
0.0828682 0.00289202 0.0623358 0.851904
0.127962 0.0589874 0.0234698 0.78958
0.132172 0.0288336 0.00877582 0.830218
0.0528665 0.083294 9.9991E-05 0.86374
0.12284 9.9991E-05 0.0906249 0.786435
0.131253 0.00264884 9.9991E-05 0.865998
0.0287798 9.9991E-05 0.0498337 0.921286
9.998E-05 9.998E-05 9.998E-05 0.9997
9.998E-05 9.998E-05 9.998E-05 0.9997
9.998E-05 9.998E-05 9.998E-05 0.9997
0.0335172 9.9982E-05 9.9982E-05 0.966283
0.9997 9.998E-05 9.998E-05 9.998E-05
0.709915 0.0732944 0.148288 0.068502
0.729307 0.0402108 0.157125 0.0733576
0.82502 0.0224691 0.128419 0.0240917
0.96557 0.00992765 9.9991E-05 0.024402
0.948858 9.9982E-05 9.9982E-05 0.0509419
0.812029 0.0705469 0.117324 9.9991E-05
0.9997 9.998E-05 9.998E-05 9.998E-05
0.886778 0.0541244 0.0550403 0.00405762
0.717367 0.153503 0.106855 0.0222747
0.882085 9.9982E-05 0.117715 9.9982E-05
0.779956 0.0718605 0.148083 9.9991E-05
0.822324 0.00424451 0.105521 0.0679103
0.751339 0.108912 0.137987 0.00176146
0.667197 0.253521 0.0106101 0.0686714
0.560723 0.211888 0.143652 0.083738
0.732461 0.151503 0.108639 0.00739722
0.0304588 0.401637 0.567804 9.9991E-05
9.9982E-05 0.408887 0.590913 9.9982E-05
9.9991E-05 0.353986 0.611884 0.0340298
9.9991E-05 0.361338 0.612537 0.0260245
9.9991E-05 0.374899 0.581509 0.0434921
9.9991E-05 0.341071 0.642215 0.0166135
9.9991E-05 0.281712 0.636854 0.0813339
0.0130357 0.354882 0.631982 9.9991E-05
0.0245657 0.25125 0.659467 0.0647167
9.9982E-05 0.379936 0.619864 9.9982E-05
9.9991E-05 0.342561 0.634156 0.0231828
9.9991E-05 0.336432 0.613609 0.0498586
9.9991E-05 0.304009 0.662993 0.0328976
9.9991E-05 0.359142 0.614514 0.0262444
9.9991E-05 0.34274 0.652108 0.00505229
9.9991E-05 0.396125 0.582729 0.0210458
9.9991E-05 0.343336 0.526269 0.130295
9.9991E-05 0.369632 0.59569 0.0345775
0.0850499 0.314024 0.583973 0.0169531
0.0136747 0.316053 0.604476 0.0657962
0.133604 0.687767 0.136176 0.0424526
0.0354866 0.877786 9.9991E-05 0.0866273
0.112988 0.807957 0.0120838 0.0669713
0.0191018 0.89127 0.0303153 0.0593132
0.0743504 0.922371 0.003179 9.9991E-05
0.0142753 0.829965 0.118406 0.0373543
0.0448981 0.902031 0.0181632 0.034908
0.0391999 0.887425 0.0639977 0.00937746
9.9991E-05 0.727781 0.108652 0.163468
0.213165 0.690314 0.014887 0.0816343
0.085044 0.861993 0.00525978 0.0477029
0.175811 0.819429 9.9991E-05 0.00466085
0.13559 0.847089 9.9991E-05 0.0172211
0.0448436 0.873853 0.0332058 0.0480974
0.084729 0.878294 0.0142247 0.0227527
0.176688 0.790493 9.9991E-05 0.0327189
0.157524 0.727639 0.113738 0.00109924
0.126905 0.667022 0.186865 0.0192074
0.0621007 0.671505 0.211354 0.0550404
9.9991E-05 0.631831 0.290245 0.0778241
9.998E-05 0.9997 9.998E-05 9.998E-05
0.115922 0.658736 0.149493 0.0758485
0.0103423 0.814333 0.175225 9.9991E-05
0.124047 0.746756 0.0798549 0.0493422
0.0622822 0.807644 0.0321445 0.0979294
0.0286038 0.853495 0.00806095 0.109841
0.0997313 0.499016 0.377737 0.0235147
9.9991E-05 0.248159 0.742761 0.00897958
0.134808 0.565138 0.258573 0.0414808
0.0340031 0.76592 0.151848 0.0482284
0.0796222 0.706772 0.190077 0.023529
0.0852198 0.781444 0.0637626 0.0695734
0.0778214 0.912797 9.9991E-05 0.00928173
0.11238 0.834063 0.00550553 0.0480515
0.055136 0.839811 0.104953 9.9991E-05
0.195584 0.621545 0.101458 0.0814135
0.225392 0.613716 0.0936382 0.0672536
0.106169 0.75261 0.10062 0.0406003
0.149756 0.699273 0.0392702 0.111701
0.0694798 0.68315 0.155001 0.0923685
0.0430328 0.82324 0.0642193 0.0695077
0.129687 0.867476 9.9991E-05 0.00273722
0.0321539 0.853351 0.0735229 0.0409718
0.11075 0.747055 0.0791876 0.0630069
0.0663863 0.797655 0.119042 0.0169164
0.0676169 0.870373 0.0470447 0.0149658
9.9982E-05 0.986978 9.9982E-05 0.012822
0.0565472 0.790683 0.0733111 0.0794592
0.0893274 0.861827 0.0487452 9.9991E-05
0.0692281 0.780485 0.0735639 0.076723
0.000602593 0.820966 0.168634 0.00979789
0.102478 0.80093 0.0425642 0.0540275
0.185797 0.730976 9.9991E-05 0.0831263
9.9982E-05 0.976118 9.9982E-05 0.023682
9.998E-05 0.9997 9.998E-05 9.998E-05
9.9982E-05 0.99709 9.9982E-05 0.00270955
0.03287 0.810607 0.0780773 0.0784454
0.176202 0.750841 0.0464469 0.0265102
0.0903589 0.760609 0.0780426 0.0709891
0.0590568 0.870811 9.9991E-05 0.0700318
0.0987424 0.779853 0.0958242 0.0255805
0.152993 0.78992 9.9991E-05 0.0569872
0.0171145 0.763928 0.0976892 0.121268
0.315537 0.582514 0.0416154 0.0603337
0.23896 0.567931 0.178571 0.0145377
0.390056 0.609744 9.9982E-05 9.9982E-05
0.319853 0.594509 0.0488748 0.0367624
0.282056 0.5243 0.16268 0.0309647
0.370254 0.437857 0.171081 0.0208077
0.358251 0.421046 0.16445 0.0562535
0.387915 0.501578 0.0311172 0.0793896
0.309373 0.485894 0.18257 0.0221626
0.245513 0.547968 0.206419 9.9991E-05
0.355445 0.512462 0.129301 0.00279147
0.255576 0.00361819 0.717635 0.0231716
0.19658 0.0117654 0.759274 0.0323801
0.242791 9.9991E-05 0.721516 0.0355933
0.161255 9.9991E-05 0.781531 0.0571137
0.171951 0.0200515 0.77501 0.0329873
0.277373 9.9991E-05 0.69614 0.0263868
0.215022 9.9982E-05 0.784778 9.9982E-05
0.234233 0.00532176 0.760346 9.9991E-05
0.191668 0.117359 0.591192 0.0997801
0.160428 0.0524916 0.768528 0.0185525
0.194959 9.9991E-05 0.774171 0.0307705
0.0990935 9.9991E-05 0.866012 0.0347946
0.166076 0.0543539 0.698715 0.0808542
0.115018 0.203656 0.681226 9.9991E-05
0.253612 0.0210837 0.643552 0.0817531
0.150742 0.0756458 0.693786 0.0798257
0.150626 9.9991E-05 0.849029 0.000244931
0.183089 0.0715183 0.701024 0.0443692
0.206008 9.9991E-05 0.76293 0.030962
0.162741 0.0518076 0.785352 9.9991E-05
0.228273 0.0759579 0.60239 0.0933799
0.235565 0.0488253 0.715509 9.9991E-05
0.20512 0.0531476 0.727782 0.01395
0.185591 0.0436233 0.755453 0.0153327
0.278301 9.9991E-05 0.702854 0.0187449
0.335463 0.00731945 0.62664 0.0305774
0.287467 9.9991E-05 0.681451 0.0309817
0.206716 0.0387603 0.633669 0.120856
0.196594 0.0476342 0.685044 0.0707278
0.22566 9.9982E-05 0.77414 9.9982E-05
0.157089 0.0151766 0.827634 9.9991E-05
0.203616 0.044989 0.706532 0.0448626
0.264415 9.9991E-05 0.708196 0.0272888
0.211238 0.0212994 0.751061 0.016402
0.261328 9.9991E-05 0.722587 0.015985
0.0409184 0.21835 0.689739 0.050993
0.0482547 0.275264 0.599422 0.0770587
0.165108 0.214513 0.480922 0.139456
0.0250202 0.218424 0.613737 0.142819
0.036971 0.219922 0.6016 0.141507
0.0639146 0.298181 0.637804 9.9991E-05
0.0302499 0.280849 0.655246 0.0336555
0.157036 0.197668 0.544707 0.100588
