0.997812 9.9982E-05 9.9982E-05 0.00198853
0.755635 0.00226892 0.15257 0.089526
0.830163 0.162643 0.00709485 9.9991E-05
0.837525 0.101483 0.0543582 0.00663328
0.813229 0.0760685 0.0223529 0.0883495
0.930303 9.9982E-05 0.0694971 9.9982E-05
0.960606 9.9982E-05 0.0391945 9.9982E-05
0.899101 9.9991E-05 0.0476856 0.0531137
0.829042 0.0408051 0.130053 9.9991E-05
0.864202 0.0964348 0.0392631 9.9991E-05
0.846997 0.0351775 0.02752 0.0903051
0.803772 0.17176 0.0243677 9.9991E-05
0.86418 0.0440085 0.0282909 0.0635211
0.759381 0.0118593 0.178091 0.050669
0.854788 0.107834 0.036589 0.000789132
0.898168 0.0151944 0.0865375 9.9991E-05
0.9997 9.998E-05 9.998E-05 9.998E-05
0.9997 9.998E-05 9.998E-05 9.998E-05
0.9997 9.998E-05 9.998E-05 9.998E-05
0.948787 0.0399526 9.9991E-05 0.0111601
9.998E-05 0.9997 9.998E-05 9.998E-05
0.0687686 0.777298 0.0943425 0.0595911
0.0705012 0.827643 0.0547841 0.0470712
0.0143268 0.908296 0.0675564 0.00982043
0.0151067 0.984693 9.9982E-05 9.9982E-05
0.0633376 0.933559 9.9991E-05 0.00300372
9.9991E-05 0.817763 0.122373 0.0597644
9.998E-05 0.9997 9.998E-05 9.998E-05
9.9991E-05 0.868023 0.0503373 0.0815392
0.0366304 0.647084 0.14756 0.168726
9.9982E-05 0.887164 0.112636 9.9982E-05
0.00563374 0.748934 0.158492 0.0869405
0.0856995 0.74471 0.141117 0.0284739
0.00110798 0.706979 0.138516 0.153397
0.0516979 0.637751 0.0593848 0.251166
0.0932174 0.533489 0.176176 0.197117
9.9991E-05 0.644204 0.161376 0.194319
0.0537742 0.0422051 0.535369 0.368652
9.9982E-05 9.9982E-05 0.489276 0.510524
0.0394209 0.0177167 0.526525 0.416337
0.0293283 0.0511452 0.530785 0.388741
0.0861086 9.9991E-05 0.491937 0.421855
0.0604222 9.9991E-05 0.556722 0.382756
0.0842564 9.9991E-05 0.633258 0.282385
0.0324126 9.9991E-05 0.5389 0.428587
0.0847593 0.0267104 0.662222 0.226308
9.9982E-05 9.9982E-05 0.537267 0.462533
0.0610521 9.9991E-05 0.599022 0.339825
0.0340175 0.0630597 0.549835 0.353088
0.0331938 9.9991E-05 0.573408 0.393299
9.9982E-05 9.9982E-05 0.613686 0.386114
0.0122822 0.0653343 0.598821 0.323562
0.0732148 9.9991E-05 0.52722 0.399465
0.166288 0.0202801 0.493941 0.319491
0.025619 9.9991E-05 0.546857 0.427424
0.0452852 9.9991E-05 0.566798 0.387817
0.111676 0.0131314 0.57571 0.299483
0.0528063 0.0883573 0.199369 0.659468
0.0976628 0.029456 9.9991E-05 0.872781
0.0418486 0.0748802 0.0651575 0.818114
0.0219131 0.0180678 0.0469112 0.913108
9.9982E-05 0.0657376 9.9982E-05 0.934062
0.0579842 0.0712751 0.034308 0.836433
0.00423968 0.00975648 9.9991E-05 0.985904
0.0313042 0.00400012 0.0218535 0.942842
0.131402 0.0101994 0.103126 0.755273
0.0946832 0.194878 9.9991E-05 0.710339
0.0615833 0.118342 9.9991E-05 0.819974
0.0177243 0.174014 9.9991E-05 0.808162
0.0716963 0.102025 9.9991E-05 0.826178
0.0322 0.0883513 0.0154319 0.864017
9.9982E-05 0.0668463 9.9982E-05 0.932954
0.0457893 0.0385281 0.00299349 0.912689
0.008796 0.242497 0.0929031 0.655803
0.00392288 0.116899 0.16436 0.714818
0.0613902 0.0474561 0.152414 0.738739
0.108628 9.9991E-05 0.26654 0.624732
9.9982E-05 0.0291322 9.9982E-05 0.970668
0.0372488 0.127331 0.116426 0.718995
9.9982E-05 9.9982E-05 0.123117 0.876683
0.0672223 0.16418 0.0797267 0.688871
0.050774 0.0965133 0.0148754 0.837837
0.117459 0.00990636 9.9991E-05 0.872534
0.012967 0.101312 0.385255 0.500466
0.00295154 9.9991E-05 0.783987 0.212961
0.052259 0.132391 0.235678 0.579673
0.038037 0.0665734 0.123277 0.772113
0.0108711 0.0980681 0.154698 0.736362
0.0240735 0.106616 0.0789832 0.790327
0.0145784 0.0506007 9.9991E-05 0.934721
9.9991E-05 0.0834428 0.0509556 0.865502
9.9991E-05 0.0493447 0.0701783 0.880377
0.103533 0.109806 0.169952 0.616709
0.0916011 0.197186 0.0706521 0.640561
0.0681368 0.055077 0.13233 0.744456
0.11107 0.15282 0.0487137 0.687396
0.0875158 0.0692315 0.171526 0.671727
0.0947965 0.0339081 0.0441625 0.827133
0.0413947 0.11047 0.00974601 0.838389
0.035126 0.0588714 0.0470672 0.858935
0.0590918 0.20175 0.00467687 0.734481
0.0506097 0.0606006 0.105161 0.783629
0.0338974 0.0643557 0.0243605 0.877386
9.998E-05 9.998E-05 9.998E-05 0.9997
0.0957852 0.124586 0.0295217 0.750107
0.0595563 0.0638434 0.0392657 0.837335
0.0581224 0.103047 0.0450295 0.793801
0.0125654 0.00830717 0.13534 0.843787
0.0715564 0.130704 9.9991E-05 0.79764
0.0775121 0.160327 9.9991E-05 0.76206
9.9982E-05 9.9982E-05 0.000208527 0.999592
9.998E-05 9.998E-05 9.998E-05 0.9997
9.998E-05 9.998E-05 9.998E-05 0.9997
0.030941 0.0934385 0.057966 0.817654
0.047434 0.101443 0.116839 0.734284
0.103239 0.114997 0.0347578 0.747007
0.0942811 0.0502952 9.9991E-05 0.855324
0.0323189 0.0978123 0.0606725 0.809196
0.0402385 0.0107096 0.0792923 0.86976
0.112485 0.0581723 0.157986 0.671356
0.0383925 0.288232 0.0377636 0.635611
0.00878193 0.221796 0.183016 0.586406
9.9991E-05 0.359089 0.0683797 0.572431
0.0380137 0.330553 0.110521 0.520913
9.9991E-05 0.267561 0.159159 0.57318
0.0630238 0.299366 0.182158 0.455452
0.0597933 0.356543 0.162854 0.42081
0.132948 0.320167 0.0563114 0.490574
0.0224417 0.213666 0.212219 0.551673
0.0132117 0.304887 0.0837574 0.598144
0.0227584 0.323053 0.109925 0.544263
9.9991E-05 0.161994 0.789784 0.0481224
0.0246602 0.169064 0.794618 0.0116583
0.0470029 0.125673 0.817929 0.00939496
0.0262316 0.0766644 0.897004 9.9991E-05
0.0450183 0.0746209 0.815478 0.0648824
0.0266123 0.0722033 0.781646 0.119539
9.9982E-05 0.191076 0.808724 9.9982E-05
9.9982E-05 0.176475 0.823325 9.9982E-05
0.0836349 0.125704 0.648561 0.142101
0.0148484 0.0911418 0.89391 9.9991E-05
0.0627317 0.146317 0.790851 9.9991E-05
0.0408861 0.0578565 0.901157 9.9991E-05
0.0805845 0.168804 0.700175 0.0504371
0.0236043 0.000538332 0.697968 0.277889
0.130707 0.131385 0.680846 0.0570619
0.0843205 0.0249855 0.841198 0.0494959
0.01699 0.0920791 0.875379 0.0155522
0.0758567 0.0873632 0.728768 0.108012
0.0949259 0.103175 0.801799 9.9991E-05
0.0800895 0.0870101 0.825762 0.00713835
0.0995202 0.0615989 0.763762 0.0751187
9.9991E-05 0.150864 0.787064 0.0619715
0.0377964 0.117336 0.800999 0.0438683
0.0670036 0.11043 0.778036 0.04453
0.073433 0.225286 0.671752 0.0295295
0.044299 0.215512 0.668287 0.0719013
0.0523917 0.1764 0.771108 9.9991E-05
0.100588 0.0725135 0.777348 0.0495502
0.0962419 0.116487 0.753379 0.0338925
9.9991E-05 0.198672 0.800424 0.000804265
9.9982E-05 0.0311461 0.968654 9.9982E-05
0.065308 0.140595 0.754367 0.0397301
0.00981795 0.162642 0.82744 9.9991E-05
9.9982E-05 0.243302 0.756498 9.9982E-05
0.0497574 0.147671 0.802472 9.9991E-05
0.115638 0.0391611 0.616765 0.228436
0.0656009 0.136168 0.585632 0.2126
0.137062 0.0864559 0.573907 0.202574
0.123473 0.0227396 0.587761 0.266026
0.143494 0.0903028 0.460586 0.305618
9.9991E-05 0.142419 0.607723 0.249758
0.0500197 0.0306738 0.65132 0.267986
0.133319 0.183219 0.444401 0.239061
