9.9982E-05 0.00707692 9.9982E-05 0.992723
0.161045 0.055137 0.0191626 0.764656
0.00135943 0.00526374 0.128423 0.864954
9.999E-05 0.0452497 0.0873311 0.867319
0.057037 0.0800059 0.0494589 0.813498
9.9991E-05 0.0409046 0.0203649 0.93863
9.9982E-05 0.0249992 9.9982E-05 0.974801
0.00565687 0.0626273 0.0366883 0.895028
0.0167249 0.0943126 0.0593494 0.829613
0.04482 0.000271787 0.0684201 0.886488
0.128217 0.0421611 0.0421904 0.787432
9.999E-05 0.0571862 0.157453 0.785261
0.0984891 0.0152126 0.0547242 0.831574
0.00979135 0.161178 0.0788174 0.750213
0.0298622 9.9991E-05 0.0770013 0.893037
9.9991E-05 0.04361 0.019879 0.936411
9.998E-05 9.998E-05 9.998E-05 0.9997
9.998E-05 9.998E-05 9.998E-05 0.9997
9.998E-05 9.998E-05 9.998E-05 0.9997
0.0267356 9.9991E-05 0.0528767 0.920288
9.998E-05 9.998E-05 0.9997 9.998E-05
0.0791849 0.113925 0.753314 0.0535759
0.0660333 0.165403 0.748739 0.019825
0.0178227 0.0957584 0.870009 0.0164102
0.0578945 9.9982E-05 0.941906 9.9982E-05
0.0621577 9.9991E-05 0.881481 0.0562613
0.0773679 0.133381 0.789151 9.9991E-05
9.998E-05 9.998E-05 0.9997 9.998E-05
0.0554253 0.0889899 0.837047 0.0185375
0.16736 0.0953072 0.717236 0.0200974
0.036244 0.0999374 0.863719 9.9991E-05
0.0643183 0.163625 0.763976 0.00808082
0.042125 0.128181 0.770022 0.0596714
0.144829 0.0501375 0.767795 0.0372377
0.28415 9.9991E-05 0.693218 0.0225315
0.191806 0.162783 0.543465 0.101946
0.219917 0.107428 0.672555 9.9991E-05
0.407687 0.579128 0.0130841 9.9991E-05
0.413531 0.586269 9.9982E-05 9.9982E-05
0.360201 0.579065 0.0150736 0.0456601
0.335631 0.6179 0.0463692 9.9991E-05
0.405223 0.542542 9.9991E-05 0.0521349
0.350288 0.649512 9.9982E-05 9.9982E-05
0.267749 0.643736 9.9991E-05 0.0884153
0.388795 0.569636 0.0414689 9.9991E-05
0.255789 0.673666 9.9991E-05 0.070445
0.4066 0.586398 9.9991E-05 0.00690185
0.356909 0.630399 9.9991E-05 0.0125923
0.39526 0.594203 9.9991E-05 0.0104373
0.364948 0.590446 9.9991E-05 0.0445057
0.344406 0.634789 9.9991E-05 0.0207048
0.356273 0.619122 9.9991E-05 0.0245047
0.41333 0.569429 9.9991E-05 0.0171413
0.367064 0.500373 9.9991E-05 0.132463
0.403383 0.558194 9.9991E-05 0.0383232
0.359878 0.582582 0.0352945 0.022246
0.310426 0.556639 0.0541959 0.078739
0.704631 0.153262 0.10359 0.0385162
0.777104 9.9991E-05 0.125226 0.09757
0.82627 0.0551428 0.0986345 0.0199525
0.858854 0.032573 0.0345326 0.0740401
0.905901 0.0268303 0.0671685 9.9991E-05
0.86755 0.0909361 0.0348661 0.00664811
0.914981 9.9991E-05 0.044304 0.0406146
0.82313 9.9991E-05 0.119652 0.0571179
0.747642 0.0412799 0.0324102 0.178668
0.719845 0.0123256 0.193809 0.0740204
0.825704 9.9991E-05 0.110253 0.0639438
0.802394 9.9991E-05 0.178857 0.0186486
0.817934 9.9991E-05 0.125296 0.0566696
0.939839 9.9991E-05 0.000654399 0.059407
0.907352 0.0119905 0.0585597 0.0220978
0.817846 0.00197229 0.156848 0.0233346
0.659529 0.0403645 0.240265 0.0598411
0.715977 0.180667 0.103256 9.9991E-05
0.685038 0.102333 0.0582823 0.154346
0.645706 0.255194 9.9991E-05 0.0990002
0.923669 0.0268047 0.0225505 0.0269756
0.629066 0.147101 0.126622 0.0972117
0.873872 0.125928 9.9982E-05 9.9982E-05
0.744188 0.0889873 0.103317 0.0635084
0.746034 0.0371395 0.1396 0.0772269
0.865313 0.0276961 9.9991E-05 0.106891
0.492964 0.357232 0.144244 0.0055599
0.20151 0.736988 0.00205315 0.0594489
0.568433 0.256528 0.151303 0.0237364
0.779072 0.10726 0.074907 0.0387613
0.722061 0.210878 0.0336957 0.0333655
0.788168 0.0786304 0.0933131 0.0398879
0.923533 9.9991E-05 0.0649677 0.0113994
0.803918 0.0930286 0.0682978 0.034756
0.887084 0.054207 0.058609 9.9991E-05
0.625441 0.0401717 0.257767 0.0766204
0.603411 0.0706896 0.235472 0.0904272
0.726919 0.0789202 0.121134 0.0730262
0.698323 0.024233 0.144397 0.133046
0.697813 0.198302 0.0651163 0.0387691
0.78449 0.112778 0.0110434 0.0916893
0.793654 9.9991E-05 0.165257 0.0409886
0.875039 0.068967 0.0247563 0.0312381
0.790949 9.9991E-05 0.123705 0.0852461
0.803091 0.0588457 0.0782582 0.059805
0.894787 0.022294 0.0777446 0.00517451
0.998737 9.9982E-05 9.9982E-05 0.00106257
0.738576 0.0758904 0.106491 0.0790427
0.887721 0.0180649 0.0548427 0.0393709
0.801453 0.114717 0.00883097 0.0749991
0.856267 0.115228 9.9991E-05 0.0284049
0.798338 0.0733715 0.0371194 0.0911709
0.73876 9.9991E-05 0.177855 0.0832851
0.989904 9.9982E-05 9.9982E-05 0.00989601
0.9997 9.998E-05 9.998E-05 9.998E-05
0.9997 9.998E-05 9.998E-05 9.998E-05
0.825821 0.0883205 9.9991E-05 0.0857585
0.749891 0.0957586 0.128859 0.0254912
0.690486 9.9991E-05 0.18737 0.122044
0.863588 9.9991E-05 0.0808984 0.0554134
0.854585 9.9991E-05 0.104672 0.0406432
0.8407 0.0780441 0.00502868 0.0762268
0.711715 0.115066 0.03883 0.134389
0.605266 0.103462 0.280971 0.0103018
0.58783 0.207432 0.191425 0.0133123
0.566907 0.0627877 0.370206 9.9991E-05
0.469429 0.0898927 0.370638 0.0700408
0.492649 0.108245 0.346723 0.0523833
0.448772 0.147842 0.380827 0.0225582
0.446118 0.181376 0.321529 0.0509769
0.535833 0.0174871 0.354748 0.0919323
0.509294 0.192467 0.282092 0.0161477
0.566024 0.151525 0.282351 9.9991E-05
0.584206 0.112733 0.302961 9.9991E-05
9.9991E-05 0.765622 0.225613 0.00866477
9.9991E-05 0.774084 0.207566 0.0182501
9.9991E-05 0.75779 0.201907 0.040203
9.9991E-05 0.794923 0.138231 0.066746
0.0405083 0.787633 0.148068 0.0237905
9.9991E-05 0.721389 0.23742 0.0410914
9.9982E-05 0.823346 0.176454 9.9982E-05
0.0139886 0.770783 0.215128 9.9991E-05
0.157832 0.569871 0.171287 0.10101
9.9991E-05 0.836717 0.147933 0.0152506
9.9982E-05 0.805715 0.194086 9.9982E-05
9.9982E-05 0.894791 0.105009 9.9982E-05
0.0603655 0.725909 0.182742 0.0309827
0.168771 0.706174 0.0687149 0.0563398
9.9991E-05 0.665723 0.225983 0.108193
0.0129451 0.719465 0.19274 0.0748492
0.00947144 0.842646 0.147783 9.9991E-05
0.079748 0.694681 0.134565 0.0910065
9.9991E-05 0.804283 0.178536 0.017081
0.0346432 0.724759 0.178872 0.0617257
0.0336086 0.656532 0.277011 0.0328486
0.0265017 0.793886 0.179512 9.9991E-05
0.0680176 0.713488 0.2059 0.0125944
0.00568233 0.728815 0.180731 0.0847715
0.0574776 0.627833 0.216389 0.0983006
0.0475532 0.621047 0.271489 0.0599108
9.9991E-05 0.722313 0.236988 0.0405982
0.0847009 0.695784 0.161005 0.0585095
0.0470464 0.72185 0.182229 0.0488746
9.9982E-05 0.767683 0.232117 9.9982E-05
0.0556967 0.901003 0.0432005 9.9991E-05
9.9991E-05 0.739741 0.14686 0.113299
0.0232844 0.77 0.195587 0.0111282
0.0511765 0.709152 0.215561 0.0241106
9.9991E-05 0.784981 0.182259 0.0326598
0.22521 0.713456 0.0229897 0.0383443
0.286707 0.566493 0.100436 0.0463635
0.250005 0.564261 0.0776368 0.108097
0.297049 0.52323 0.0950988 0.0846222
0.307057 0.506675 0.0382794 0.147989
0.32192 0.625225 0.0527554 9.9991E-05
0.276773 0.64446 0.0463199 0.0324467
0.196059 0.464998 0.222582 0.11636
