0.0101126 9.9991E-05 0.968863 0.0209242
0.10773 0.0994568 0.792714 9.9991E-05
0.0319889 0.0798412 0.860297 0.0278726
0.0837804 0.129233 0.786886 9.9991E-05
0.0884882 0.035227 0.81186 0.0644247
9.9991E-05 0.0760787 0.912444 0.0113771
9.9982E-05 0.0527131 0.947087 9.9982E-05
0.0398166 0.0903663 0.865474 0.00434299
0.0261249 0.152287 0.821488 9.9991E-05
9.999E-05 0.0835596 0.904193 0.0121472
0.0716273 0.0742553 0.854017 9.9991E-05
0.0196062 0.152039 0.817473 0.0108817
0.109067 0.0306029 0.833922 0.0264077
9.9982E-05 0.230441 0.769359 9.9982E-05
0.0388232 0.116565 0.844512 9.9991E-05
9.9982E-05 0.0697078 0.930092 9.9982E-05
9.998E-05 9.998E-05 0.9997 9.998E-05
9.9982E-05 9.9982E-05 0.982092 0.0177076
9.998E-05 9.998E-05 0.9997 9.998E-05
0.036874 9.9982E-05 0.962926 9.9982E-05
0.225365 0.76313 0.0114052 9.9991E-05
0.260837 0.701166 0.0378969 9.9991E-05
0.198785 0.691348 0.0574084 0.0524584
0.238062 0.67317 0.0214961 0.0672721
0.244887 0.754913 9.9982E-05 9.9982E-05
0.252318 0.699412 0.0481696 9.9991E-05
0.236059 0.679308 0.0060948 0.0785379
0.21122 0.769028 0.0196515 9.9991E-05
0.295945 0.703855 9.9982E-05 9.9982E-05
0.321352 0.613778 0.0187234 0.0461462
0.232261 0.767539 9.9982E-05 9.9982E-05
0.257453 0.736069 9.9991E-05 0.00637758
0.238876 0.626931 0.0692282 0.0649647
0.302596 0.697204 9.9982E-05 9.9982E-05
0.47774 0.473473 0.0486867 9.9991E-05
0.296167 0.601407 0.102326 9.9991E-05
0.312216 0.565564 0.00609259 0.116128
0.123246 0.0531892 0.0275651 0.795999
0.129123 0.0363413 9.9991E-05 0.834436
0.103544 0.0328087 0.0504654 0.813182
0.0476285 0.0394465 0.0112021 0.901723
0.106953 9.9991E-05 0.0428861 0.850061
0.0524362 0.0228583 0.0191457 0.90556
0.0405043 0.167033 0.080472 0.711991
0.0868218 0.0546761 0.0186173 0.839885
9.9991E-05 0.124965 0.0488908 0.826044
0.100621 0.0196578 9.9991E-05 0.879621
0.0166426 9.9991E-05 0.0266153 0.956642
9.9982E-05 9.9982E-05 0.0350179 0.964782
0.0353433 0.0634799 0.0706053 0.830571
0.0290606 0.0332908 0.023093 0.914556
0.0015653 0.068581 0.002913 0.926941
0.0553864 0.00869609 0.00459358 0.931324
0.0197754 9.9991E-05 0.0887736 0.891351
0.0348692 0.0807703 9.9991E-05 0.884261
0.0906785 0.0668314 0.04337 0.79912
9.9991E-05 0.0603597 0.100623 0.838918
0.615613 0.130225 0.0383586 0.215803
0.827809 0.0543171 0.0787126 0.0391609
0.688189 0.13066 0.0556072 0.125544
0.741627 9.9991E-05 0.0322305 0.226042
0.839916 0.0401403 9.9991E-05 0.119844
0.746109 9.9991E-05 0.0109523 0.242839
0.872099 0.0348922 0.0217565 0.0712527
0.86487 0.0775318 0.00991071 0.0476877
0.680163 0.0943895 0.140306 0.0851421
0.676401 0.131532 0.0616066 0.13046
0.795073 0.0677437 0.0446857 0.0924979
0.896845 0.0377135 9.9991E-05 0.0653419
0.814418 0.0951666 0.0903158 9.9991E-05
0.868463 0.0113737 0.0297254 0.0904384
0.805497 9.9991E-05 0.00125162 0.193152
0.836083 0.0465257 0.0364449 0.0809462
0.71549 0.23155 0.000217269 0.0527421
0.508457 0.0389084 9.9991E-05 0.452535
0.601753 0.00251434 0.0978291 0.297904
0.376379 9.9991E-05 0.103316 0.520205
0.833685 9.9982E-05 9.9982E-05 0.166115
0.5883 0.153437 0.0785182 0.179745
0.741673 9.9982E-05 9.9982E-05 0.258127
0.658043 0.0874315 0.0826197 0.171906
0.761234 0.152119 0.0307453 0.0559021
0.780719 9.9991E-05 0.0573964 0.161784
0.393981 0.257521 0.00799521 0.340503
0.0918859 0.481087 0.00933453 0.417692
0.468849 0.239763 0.0656652 0.225722
0.68451 0.0804147 0.0368943 0.198181
0.64697 0.122604 9.9991E-05 0.230326
0.715266 0.0626399 0.0324416 0.189653
0.901261 9.9991E-05 0.0083075 0.0903319
0.726358 0.0729805 0.0479149 0.152746
0.771454 0.0316941 9.9991E-05 0.196752
0.612343 0.216721 0.121402 0.0495338
0.685583 0.178186 0.0793156 0.0569154
0.752807 0.180808 0.0561959 0.0101898
0.674797 0.152592 0.0883731 0.0842385
0.680901 0.131346 0.0679009 0.119852
0.74274 9.9991E-05 0.0687451 0.188414
0.753378 0.051746 0.0800059 0.11487
0.806962 9.9991E-05 0.0327098 0.160229
0.697816 0.112722 0.0748676 0.114594
0.747451 0.149434 0.0149995 0.0881155
0.790666 0.0920313 0.0583263 0.0589761
0.974156 0.014916 0.0108276 9.9991E-05
0.692913 0.143489 0.0772728 0.0863255
0.769269 0.0873768 0.0410881 0.102266
0.673812 0.0979681 0.0578816 0.170338
0.705593 0.0309417 0.00339083 0.260074
0.729226 0.0463802 0.122154 0.10224
0.739187 0.103062 0.0800793 0.077671
0.755318 9.9991E-05 0.0288335 0.215748
0.975755 0.010141 0.0140039 9.9991E-05
0.809111 9.9991E-05 0.00467883 0.18611
0.742931 0.0897212 0.0727602 0.0945871
0.714916 0.175338 0.0130981 0.0966482
0.76073 0.135001 0.104169 9.9991E-05
0.793256 9.9991E-05 0.105498 0.101147
0.799663 0.00182383 0.0157877 0.182726
0.828789 0.0542591 0.0239025 0.0930494
0.636524 0.135773 0.0696647 0.158039
0.642494 0.346225 0.0111807 9.9991E-05
0.601526 0.320714 9.9991E-05 0.0776605
0.649889 0.316676 9.9991E-05 0.0333354
0.572116 0.402041 0.0257437 9.9991E-05
0.589703 0.337627 0.0372305 0.03544
0.530248 0.439634 0.0300183 9.9991E-05
0.489441 0.412596 0.0426442 0.055319
0.62196 0.286802 0.0911374 9.9991E-05
0.543593 0.359522 9.9991E-05 0.0967849
0.630922 0.194367 0.0430198 0.131691
0.584198 0.307726 0.00828197 0.0997939
0.0416631 0.718791 0.0140362 0.22551
9.9991E-05 0.804298 0.0169251 0.178677
9.9991E-05 0.734865 0.0430901 0.221945
9.9991E-05 0.702311 0.0600192 0.23757
9.9991E-05 0.62701 0.0590422 0.313847
9.9991E-05 0.737 0.0853035 0.177596
9.9991E-05 0.747711 0.0225847 0.229604
0.057492 0.837073 9.9991E-05 0.105335
0.13411 0.60819 0.0984966 0.159203
9.9991E-05 0.649064 0.0500417 0.300794
9.9991E-05 0.765595 0.0216802 0.212625
9.9991E-05 0.699106 0.0290079 0.271786
0.0208504 0.681774 0.0737674 0.223609
0.0925158 0.463776 0.0400228 0.403685
0.0606971 0.854212 0.0781105 0.00698019
9.9991E-05 0.729434 0.144552 0.125914
9.9991E-05 0.745017 0.0223145 0.232568
0.00705038 0.690183 0.0885928 0.214174
9.9991E-05 0.780358 0.0702645 0.149278
0.0276861 0.685864 9.9991E-05 0.28635
0.0374759 0.672127 0.122164 0.168233
0.0826452 0.748241 9.9991E-05 0.169014
0.00982982 0.768629 0.0392203 0.182321
0.0353821 0.716278 0.107144 0.141196
0.0465916 0.779292 0.0919463 0.0821705
0.0394028 0.777484 0.062307 0.120806
0.0155328 0.706846 0.0678663 0.209755
0.111969 0.637512 0.030163 0.220356
0.0223436 0.703882 0.0424708 0.231304
9.9982E-05 0.788888 9.9982E-05 0.210912
9.9982E-05 0.749623 9.9982E-05 0.250177
9.9991E-05 0.642507 0.0858423 0.271551
9.9982E-05 0.741604 9.9982E-05 0.258196
0.0982929 0.82254 0.00037306 0.0787942
0.0117595 0.816609 0.0446009 0.127031
9.9991E-05 0.179046 0.0858312 0.735023
0.0448914 0.2359 0.0728646 0.646344
0.0838151 0.114489 0.153538 0.648158
0.0396888 0.252618 0.115225 0.592468
0.0415927 0.187237 0.113708 0.657462
0.026689 0.229959 9.9991E-05 0.743252
9.9991E-05 0.117398 0.0285772 0.853925
0.0514962 0.24279 0.100403 0.605311
