9.98739E-05 9.98739E-05 9.98739E-05 9.98739E-05 9.98739E-05 9.98739E-05 9.98739E-05 9.98739E-05 9.98739E-05 0.998602 9.98739E-05 9.98739E-05 9.98739E-05 9.98739E-05 9.98739E-05
9.9937E-05 9.9937E-05 0.0168156 0.0840211 9.9937E-05 9.9937E-05 0.0459006 9.9937E-05 0.027117 0.0369094 0.0622557 0.0549145 9.9937E-05 9.9937E-05 0.671366
0.0310877 0.0172959 9.9946E-05 0.0610682 9.9946E-05 0.0456314 9.9946E-05 9.9946E-05 0.0478471 0.0267148 9.9946E-05 9.9946E-05 0.00100226 0.00105488 0.767698
0.0893083 9.9937E-05 0.00652984 0.0947092 0.00494113 0.0189672 9.9937E-05 9.9937E-05 0.00410748 9.9937E-05 0.0200772 9.9937E-05 9.9937E-05 9.9937E-05 0.76066
0.0802868 0.0147399 9.9937E-05 9.9937E-05 9.9937E-05 9.9937E-05 9.9937E-05 0.023302 9.9937E-05 0.0110474 9.9937E-05 0.0224686 0.0261435 0.00668687 0.814625
0.00840542 0.0168115 9.991E-05 9.991E-05 9.991E-05 9.991E-05 9.991E-05 9.991E-05 9.991E-05 0.0260649 0.115254 9.991E-05 9.991E-05 9.991E-05 0.832465
9.98739E-05 9.98739E-05 9.98739E-05 9.98739E-05 9.98739E-05 9.98739E-05 9.98739E-05 9.98739E-05 9.98739E-05 0.998602 9.98739E-05 9.98739E-05 9.98739E-05 9.98739E-05 9.98739E-05
0.0251475 0.0194684 0.00145199 0.0359713 0.0139966 9.9955E-05 9.9955E-05 9.9955E-05 0.0115585 0.0559713 9.9955E-05 9.9955E-05 0.0595465 0.0136376 0.762751
0.0356488 9.9919E-05 9.9919E-05 0.00336554 9.9919E-05 9.9919E-05 9.9919E-05 9.9919E-05 0.0139076 0.0313012 9.9919E-05 9.9919E-05 0.139653 9.9919E-05 0.775225
9.9946E-05 9.9946E-05 0.0097337 0.00750556 0.0168125 0.0630687 9.9946E-05 9.9946E-05 9.9946E-05 0.00891957 0.0384466 9.9946E-05 0.0304025 0.022335 0.802176
9.991E-05 0.0110371 9.991E-05 0.148404 9.991E-05 9.991E-05 0.0758717 9.991E-05 9.991E-05 9.991E-05 9.991E-05 9.991E-05 9.991E-05 0.00805579 0.755632
9.9937E-05 0.000310218 9.9937E-05 0.0944825 0.0105043 0.126661 9.9937E-05 9.9937E-05 0.0305095 0.0197946 0.0290405 9.9937E-05 9.9937E-05 9.9937E-05 0.687998
0.110394 0.00873377 0.0235243 9.9937E-05 9.9937E-05 9.9937E-05 9.9937E-05 0.0253848 0.0034854 0.0306211 0.0378965 9.9937E-05 9.9937E-05 9.9937E-05 0.759261
9.994E-05 9.994E-05 0.0259339 0.115927 9.994E-05 0.0159382 0.0308783 9.994E-05 9.994E-05 0.0187173 0.0239992 9.994E-05 0.0993513 0.0225017 0.646153
9.9928E-05 9.9928E-05 0.00634754 9.9928E-05 9.9928E-05 0.0709186 0.0497285 9.9928E-05 0.0129205 0.037188 9.9928E-05 9.9928E-05 0.0237196 9.9928E-05 0.798378
9.99011E-05 0.00589245 9.99011E-05 9.99011E-05 9.99011E-05 9.99011E-05 9.99011E-05 9.99011E-05 9.99011E-05 9.99011E-05 9.99011E-05 0.0357058 0.108434 9.99011E-05 0.848869
9.991E-05 0.0225862 9.991E-05 9.991E-05 9.991E-05 9.991E-05 9.991E-05 0.000881265 9.991E-05 0.0619951 9.991E-05 0.0169143 9.991E-05 9.991E-05 0.896624
9.9901E-05 9.9901E-05 9.9901E-05 9.9901E-05 9.9901E-05 9.9901E-05 9.9901E-05 0.0348159 9.9901E-05 0.0107193 9.9901E-05 0.0195551 9.9901E-05 9.9901E-05 0.933811
9.9901E-05 9.9901E-05 9.9901E-05 9.9901E-05 9.9901E-05 9.9901E-05 9.9901E-05 0.0249515 9.9901E-05 0.0626375 9.9901E-05 0.0715516 9.9901E-05 9.9901E-05 0.839761
9.991E-05 9.991E-05 9.991E-05 9.991E-05 0.0200423 0.0505532 0.010545 0.00974301 9.991E-05 9.991E-05 9.991E-05 9.991E-05 9.991E-05 9.991E-05 0.908117
9.9874E-05 9.9874E-05 9.9874E-05 9.9874E-05 9.9874E-05 9.9874E-05 9.9874E-05 9.9874E-05 9.9874E-05 9.9874E-05 9.9874E-05 9.9874E-05 9.9874E-05 0.998602 9.9874E-05
9.9928E-05 9.9928E-05 0.00539219 0.227305 9.9928E-05 0.707074 9.9928E-05 9.9928E-05 0.00956294 0.0141826 0.0208138 9.9928E-05 9.9928E-05 0.0148696 9.9928E-05
9.9928E-05 9.9928E-05 9.9928E-05 0.152194 0.0121822 0.739235 9.9928E-05 9.9928E-05 9.9928E-05 9.9928E-05 0.0285208 0.0469581 9.9928E-05 0.00147905 0.0186311
9.991E-05 0.0218027 9.991E-05 9.991E-05 9.991E-05 0.880229 9.991E-05 0.058907 9.991E-05 9.991E-05 9.991E-05 0.0245852 9.991E-05 9.991E-05 0.013477
9.99011E-05 9.99011E-05 9.99011E-05 9.99011E-05 0.000407966 0.996127 9.99011E-05 9.99011E-05 9.99011E-05 0.00178367 9.99011E-05 9.99011E-05 9.99011E-05 0.000582543 9.99011E-05
9.991E-05 0.0244129 9.991E-05 9.991E-05 9.991E-05 0.941515 9.991E-05 9.991E-05 0.0120916 0.0178257 9.991E-05 0.00315577 9.991E-05 9.991E-05 9.991E-05
0.0919088 9.9919E-05 9.9919E-05 0.0407263 9.9919E-05 0.746671 9.9919E-05 0.091852 9.9919E-05 0.0176908 9.9919E-05 9.9919E-05 9.9919E-05 0.0102514 9.9919E-05
9.9874E-05 9.9874E-05 9.9874E-05 9.9874E-05 9.9874E-05 9.9874E-05 9.9874E-05 9.9874E-05 9.9874E-05 9.9874E-05 9.9874E-05 9.9874E-05 9.9874E-05 0.998602 9.9874E-05
0.0453275 0.00297839 9.9928E-05 9.9928E-05 0.0235989 0.789639 9.9928E-05 0.00010223 9.9928E-05 9.9928E-05 9.9928E-05 9.9928E-05 0.109857 0.0276974 9.9928E-05
0.038586 9.9937E-05 0.0402907 0.0267282 9.9937E-05 0.74955 0.0105954 0.0298617 9.9937E-05 9.9937E-05 0.0654376 0.0382503 9.9937E-05 9.9937E-05 9.9937E-05
9.9928E-05 0.0156023 9.9928E-05 0.110591 9.9928E-05 0.713052 9.9928E-05 9.9928E-05 0.0283954 9.9928E-05 9.9928E-05 0.00291344 0.0976853 0.030962 9.9928E-05
0.0171181 0.0234372 9.9928E-05 9.9928E-05 9.9928E-05 0.73347 9.9928E-05 0.1146 9.9928E-05 9.9928E-05 9.9928E-05 0.0419184 0.0467215 0.0219353 9.9928E-05
0.120335 9.9946E-05 0.0347103 9.9946E-05 9.9946E-05 0.673574 9.9946E-05 0.0214992 9.9946E-05 0.000686219 0.0750487 9.9946E-05 0.00696237 0.0521488 0.0144363
9.9937E-05 9.9937E-05 0.0799176 0.0212476 0.00568366 0.648 0.0200899 9.9937E-05 0.04867 9.9937E-05 0.133617 9.9937E-05 9.9937E-05 0.0420745 9.9937E-05
0.0184936 9.9973E-05 0.0115329 9.9973E-05 0.0475211 0.700795 0.0986674 0.0175268 0.0096215 9.9973E-05 0.0309978 0.0106911 0.0231864 0.00344941 0.0272175
9.9964E-05 0.022346 0.0122974 0.195133 9.9964E-05 0.455639 0.0604167 9.9964E-05 0.0858808 0.000228218 0.121008 9.9964E-05 0.00812335 0.00527271 0.0332548
9.9928E-05 9.9928E-05 9.9928E-05 9.9928E-05 9.9928E-05 0.676382 0.00775626 0.15128 0.0355532 9.9928E-05 9.9928E-05 0.0960114 0.0217207 9.9928E-05 0.0104967
9.9919E-05 9.9919E-05 9.9919E-05 0.117987 9.9919E-05 9.9919E-05 9.9919E-05 0.631461 9.9919E-05 0.00419138 0.0379265 0.190156 9.9919E-05 0.0173791 9.9919E-05
0.0141334 0.00251957 0.0129373 0.0203092 0.0124551 9.9955E-05 0.0914438 0.666779 9.9955E-05 0.0384218 0.0549884 0.0855129 9.9955E-05 9.9955E-05 9.9955E-05
0.0606991 0.00103659 0.00794394 0.0991834 9.99611E-05 9.99611E-05 0.0808291 0.630572 0.0380408 9.99611E-05 0.0201497 9.99611E-05 0.0245301 9.99611E-05 0.0365159
9.9928E-05 9.9928E-05 9.9928E-05 9.9928E-05 9.9928E-05 0.0592506 0.0939548 0.727428 0.0057189 0.052107 9.9928E-05 0.0208928 0.0398482 9.9928E-05 9.9928E-05
9.9946E-05 0.0133515 0.0240148 0.161833 0.0132873 9.9946E-05 9.9946E-05 0.622632 0.0326891 0.0128054 9.9946E-05 0.0980653 9.9946E-05 0.0207217 9.9946E-05
0.0680226 0.0117543 9.9946E-05 9.9946E-05 0.0218352 9.9946E-05 0.0249428 0.817895 0.00152744 0.0141617 9.9946E-05 9.9946E-05 0.0140221 0.0252395 9.9946E-05
0.0467297 9.9964E-05 0.0189973 0.170983 0.01684 9.9964E-05 9.9964E-05 0.482026 0.00289371 0.00670361 0.149704 0.0564854 9.9964E-05 0.00760748 0.0406297
9.9964E-05 9.9964E-05 0.0147519 0.0211853 0.021791 0.0323049 0.0689029 0.722804 0.0134454 0.0273213 0.0274499 0.0353013 9.9964E-05 0.0143422 9.9964E-05
9.9937E-05 9.9937E-05 9.9937E-05 0.0596767 0.0336847 0.0996874 9.9937E-05 0.588516 9.9937E-05 9.9937E-05 0.0129547 0.110908 0.043298 9.9937E-05 0.0505753
9.9937E-05 0.028633 0.0210111 9.9937E-05 0.0282525 0.0291777 0.0365861 0.830275 9.9937E-05 9.9937E-05 9.9937E-05 0.0105273 0.0148372 9.9937E-05 9.9937E-05
0.00327728 9.9937E-05 0.00761795 0.0988141 9.9937E-05 9.9937E-05 0.0250365 0.737709 0.0147998 0.0230187 0.089027 9.9937E-05 9.9937E-05 9.9937E-05 9.9937E-05
9.9919E-05 0.00616304 0.00775368 9.9919E-05 9.9919E-05 9.9919E-05 9.9919E-05 0.907445 0.0166469 0.0334015 9.9919E-05 9.9919E-05 9.9919E-05 0.0276906 9.9919E-05
9.9928E-05 9.9928E-05 0.0262874 0.261182 9.9928E-05 9.9928E-05 9.9928E-05 0.497863 0.0219442 9.9928E-05 0.097694 0.0773144 9.9928E-05 0.0169159 9.9928E-05
0.0539541 0.0331762 9.9937E-05 0.00186165 9.9937E-05 9.9937E-05 9.9937E-05 0.777092 0.0169299 0.0462044 0.0655022 9.9937E-05 9.9937E-05 0.00457954 9.9937E-05
9.9946E-05 0.0222665 0.0198965 9.9946E-05 9.9946E-05 0.0375673 0.000827874 0.77879 0.0219482 0.0132617 9.9946E-05 9.9946E-05 0.0922402 0.0126023 9.9946E-05
0.0465921 9.99279E-05 0.0560812 0.00630756 0.052482 9.99279E-05 9.99279E-05 0.818106 9.99279E-05 9.99279E-05 0.0155201 9.99279E-05 9.99279E-05 9.99279E-05 0.00411192
9.9946E-05 0.0179276 9.9946E-05 0.122683 9.9946E-05 0.011134 0.0229733 0.663738 0.0176305 0.0198384 9.9946E-05 0.0545365 9.9946E-05 9.9946E-05 0.0689385
0.0433951 0.0271976 0.0197894 9.9955E-05 0.0323194 9.9955E-05 9.9955E-05 0.729243 9.9955E-05 0.0046495 9.9955E-05 0.0263281 0.086026 0.0060128 0.0245389
0.0730187 0.0261535 0.00163477 0.199143 9.9955E-05 0.00656488 0.0173184 0.599949 0.0288498 9.9955E-05 9.9955E-05 9.9955E-05 0.0119669 9.9955E-05 0.0349006
9.9946E-05 9.9946E-05 9.9946E-05 9.9946E-05 0.0373188 0.0765358 0.0220213 0.787377 0.00350362 0.0202922 0.011257 9.9946E-05 9.9946E-05 0.00017028 0.0409239
0.0026444 0.0223756 0.0320971 0.109459 0.0189229 0.0393361 0.384043 0.102059 0.0401636 9.9982E-05 9.9982E-05 0.185719 0.0450181 0.0080001 0.00996255
9.98738E-05 9.98738E-05 9.98738E-05 9.98738E-05 9.98738E-05 9.98738E-05 9.98738E-05 9.98738E-05 0.998602 9.98738E-05 9.98738E-05 9.98738E-05 9.98738E-05 9.98738E-05 9.98738E-05
9.9955E-05 0.00110899 0.0393291 0.0579099 0.0774538 9.9955E-05 0.543703 0.0459966 9.9955E-05 0.043499 0.0794208 0.10685 9.9955E-05 0.00422929 9.9955E-05
0.141706 0.0073648 0.0357552 0.0256493 0.0598023 9.9964E-05 0.522055 0.0720151 0.036974 0.0412652 9.9964E-05 0.0537298 9.9964E-05 0.0032839 9.9964E-05
0.147211 0.0260942 0.00618243 9.9937E-05 0.0249052 9.9937E-05 0.617578 0.0525361 0.0605058 9.9937E-05 9.9937E-05 0.0642876 9.9937E-05 9.9937E-05 9.9937E-05
9.9946E-05 0.0336221 9.9946E-05 9.9946E-05 0.0258102 9.9946E-05 0.691127 0.136276 0.00800344 9.9946E-05 0.00617592 0.0664974 9.9946E-05 0.0154216 0.0164658
9.98738E-05 9.98738E-05 0.998602 9.98738E-05 9.98738E-05 9.98738E-05 9.98738E-05 9.98738E-05 9.98738E-05 9.98738E-05 9.98738E-05 9.98738E-05 9.98738E-05 9.98738E-05 9.98738E-05
9.98738E-05 9.98738E-05 9.98738E-05 9.98738E-05 9.98738E-05 9.98738E-05 9.98738E-05 9.98738E-05 0.998602 9.98738E-05 9.98738E-05 9.98738E-05 9.98738E-05 9.98738E-05 9.98738E-05
0.0595502 0.0319342 0.0256255 0.214226 0.0218693 9.9955E-05 0.536288 9.9955E-05 0.0277951 0.0168497 9.9955E-05 9.9955E-05 0.0103878 9.9955E-05 0.0549748
9.9973E-05 0.0238514 0.0609088 9.9973E-05 0.029501 0.118944 0.407168 0.0276946 0.0101526 0.00227059 0.0802848 0.200305 9.9973E-05 0.0111386 0.0274803
0.103163 0.0278477 0.0682622 0.0341057 0.0483737 0.0236974 0.336221 9.9964E-05 0.0423002 9.9964E-05 0.033393 0.266895 9.9964E-05 9.9964E-05 0.0153404
0.024048 0.0146685 0.0166474 9.9964E-05 0.0799906 0.0132286 0.58958 0.0171091 0.0475892 9.9964E-05 9.9964E-05 0.147864 9.9964E-05 0.0440113 0.00486291
9.9964E-05 0.0236173 0.0373017 9.9964E-05 0.0918229 0.0604896 0.472797 9.9964E-05 0.118525 0.0141069 9.9964E-05 0.09946 0.023894 0.0180043 0.0395814
9.9937E-05 0.0267121 0.0378961 9.9937E-05 0.020107 9.9937E-05 0.616964 0.0772641 0.0672401 0.0303992 9.9937E-05 0.122718 9.9937E-05 9.9937E-05 9.9937E-05
0.0571168 0.0220359 0.0465044 9.9955E-05 0.0316427 9.9955E-05 0.622592 0.136858 0.0226381 0.0133 9.9955E-05 0.0365498 9.9955E-05 0.010263 9.9955E-05
0.0622693 0.00854611 0.0377463 0.0209131 0.040594 0.0494812 0.488243 9.9973E-05 0.0969505 0.0269915 0.0113226 0.145035 9.9973E-05 0.0116074 9.9973E-05
0.298827 0.0128838 9.9919E-05 0.174992 0.039394 9.9919E-05 0.408818 9.9919E-05 0.0641864 9.9919E-05 9.9919E-05 9.9919E-05 9.9919E-05 9.9919E-05 9.9919E-05
0.199248 0.0567725 0.0399909 9.9955E-05 0.00524895 9.9955E-05 0.189131 0.262664 0.0302903 0.00455898 9.9955E-05 0.173768 9.9955E-05 0.0378273 9.9955E-05
9.9955E-05 0.0308661 0.000433453 9.9955E-05 0.0130012 0.0145979 0.431326 0.286679 0.02463 9.9955E-05 0.00434058 0.149728 9.9955E-05 9.9955E-05 0.043898
9.9937E-05 0.035485 9.9937E-05 0.0206245 0.00456317 9.9937E-05 0.281885 0.417943 0.0786185 9.9937E-05 9.9937E-05 0.0678963 9.9937E-05 9.9937E-05 0.0922853
9.98738E-05 9.98738E-05 0.998602 9.98738E-05 9.98738E-05 9.98738E-05 9.98738E-05 9.98738E-05 9.98738E-05 9.98738E-05 9.98738E-05 9.98738E-05 9.98738E-05 9.98738E-05 9.98738E-05
0.0864215 0.0590688 0.00963157 9.9964E-05 0.0804073 0.00211962 0.331564 0.151808 0.0857689 9.9964E-05 9.9964E-05 9.9964E-05 0.0906117 0.0285771 0.073622
0.0139451 0.0418943 0.103877 9.9946E-05 0.0690733 0.0212981 0.406908 0.149482 0.0502595 9.9946E-05 9.9946E-05 0.142663 9.9946E-05 9.9946E-05 9.9946E-05
9.98738E-05 9.98738E-05 9.98738E-05 9.98738E-05 9.98738E-05 9.98738E-05 9.98738E-05 9.98738E-05 9.98738E-05 9.98738E-05 9.98738E-05 0.998602 9.98738E-05 9.98738E-05 9.98738E-05
9.9955E-05 0.0104719 0.0316527 9.9955E-05 0.0365709 0.0390788 0.632357 9.9955E-05 0.0228213 0.0403388 0.0707687 0.105756 9.9955E-05 0.00968366 9.9955E-05
9.9946E-05 0.0111945 0.049448 9.9946E-05 0.0611942 9.9946E-05 0.605734 0.068819 0.020292 0.0109071 9.9946E-05 0.109577 9.9946E-05 9.9946E-05 0.0622341
9.9964E-05 0.0284893 9.9964E-05 0.0174432 0.0548595 0.0298907 0.267664 0.246863 0.0208304 9.9964E-05 0.207441 0.0415741 0.0494741 9.9964E-05 0.0350708
9.9955E-05 9.9955E-05 0.0601207 0.0112958 0.0102955 9.9955E-05 0.0428016 0.180011 0.0270363 9.9955E-05 0.62266 0.0280247 0.0106958 9.9955E-05 0.00655978
0.0363004 0.0146333 9.9955E-05 9.9955E-05 9.9955E-05 0.0419027 0.403656 0.099228 0.0553851 0.0542152 0.0504919 0.128572 0.115116 9.9955E-05 9.9955E-05
9.98739E-05 9.98739E-05 9.98739E-05 9.98739E-05 9.98739E-05 9.98739E-05 9.98739E-05 9.98739E-05 9.98739E-05 9.98739E-05 9.98739E-05 0.998602 9.98739E-05 9.98739E-05 9.98739E-05
9.98739E-05 9.98739E-05 9.98739E-05 9.98739E-05 9.98739E-05 9.98739E-05 9.98739E-05 9.98739E-05 9.98739E-05 9.98739E-05 9.98739E-05 0.998602 9.98739E-05 9.98739E-05 9.98739E-05
0.0673966 9.9946E-05 0.0112048 0.00918772 0.0387908 9.9946E-05 0.553383 0.0718355 0.0396447 9.9946E-05 0.0787656 0.129192 9.9946E-05 9.9946E-05 9.9946E-05
9.9937E-05 0.00346651 0.0108505 0.189627 0.545738 0.0176342 0.164738 9.9937E-05 0.0174205 9.9937E-05 9.9937E-05 0.049825 9.9937E-05 9.9937E-05 9.9937E-05
0.00150865 0.0329035 0.112653 9.9964E-05 0.0319803 0.00878877 0.552104 0.167234 0.0164461 9.9964E-05 9.9964E-05 0.0306151 9.9964E-05 0.0095807 0.0357859
9.9937E-05 0.00252889 0.0495827 9.9937E-05 0.00744543 9.9937E-05 0.732478 0.0786774 9.9937E-05 0.0333981 9.9937E-05 0.039791 0.0553988 9.9937E-05 9.9937E-05
9.9955E-05 0.0313031 9.9955E-05 0.222947 0.0262506 9.9955E-05 0.479034 9.9955E-05 0.0324113 0.0789657 9.9955E-05 0.0128635 0.0786582 0.0310805 0.00598568
9.9946E-05 0.0221756 0.0187367 0.380919 0.0235024 0.0832177 0.395345 9.9946E-05 9.9946E-05 0.0212006 9.9946E-05 0.0472251 9.9946E-05 9.9946E-05 0.00707763
9.9937E-05 0.00430945 0.0247047 0.214379 0.0382905 0.0374748 0.594 9.9937E-05 9.9937E-05 0.0663644 9.9937E-05 9.9937E-05 0.0197776 9.9937E-05 9.9937E-05
0.0439841 9.9973E-05 0.0417805 0.176545 0.0185147 0.0315607 0.346293 9.9973E-05 0.0729456 0.0613901 9.9973E-05 0.154927 0.0171051 0.0171069 0.0175477
0.166251 0.0978131 0.0394702 0.156979 0.0393411 9.9955E-05 0.260659 9.9955E-05 0.0272687 0.044277 0.138033 0.0294084 9.9955E-05 9.9955E-05 9.9955E-05
9.995E-05 0.0344715 0.0391085 9.995E-05 0.0223224 0.00751057 0.555998 0.106937 0.0483582 0.0272447 9.995E-05 0.120636 9.995E-05 9.995E-05 0.0369132
0.16151 0.0443512 0.0200499 9.9955E-05 0.0095603 0.0418856 0.338533 0.044662 0.0282709 0.0147205 9.9955E-05 0.295957 9.9955E-05 9.9955E-05 9.9955E-05
0.0100942 0.0905298 0.0251392 0.131671 0.0459292 9.9964E-05 0.524248 0.0298564 0.090289 9.9964E-05 0.000378219 0.0327353 9.9964E-05 9.9964E-05 0.0187292
0.0512474 0.00877983 0.00196962 0.0835319 0.0178186 0.0470683 0.652799 0.00106388 9.9973E-05 0.0283796 9.9973E-05 0.0751925 0.00330249 0.0285475 9.9973E-05
0.020885 0.0322655 0.0741143 9.9964E-05 0.13693 9.9964E-05 0.375938 0.0222173 0.0771063 9.9964E-05 0.174315 0.0610439 9.9964E-05 0.0175197 0.00726459
0.0610288 0.00400336 0.0087081 9.9937E-05 9.9937E-05 9.9937E-05 0.815899 9.9937E-05 0.00902008 9.9937E-05 9.9937E-05 9.9937E-05 0.0921328 0.00500778 0.00350079
9.98735E-05 9.98735E-05 9.98735E-05 9.98735E-05 0.998602 9.98735E-05 9.98735E-05 9.98735E-05 9.98735E-05 9.98735E-05 9.98735E-05 9.98735E-05 9.98735E-05 9.98735E-05 9.98735E-05
0.118818 0.058709 9.9964E-05 9.9964E-05 0.0622428 9.9964E-05 0.412269 0.0469561 0.0610827 0.0223201 0.0976464 0.0437447 9.9964E-05 0.0339194 0.0418924
9.9955E-05 9.9955E-05 0.0858331 0.0879158 0.0442569 9.9955E-05 0.652979 0.00538978 0.000669772 0.0231047 9.9955E-05 0.090692 0.0015687 9.9955E-05 0.00709054
9.995E-05 9.995E-05 0.0237628 0.0655822 0.0659837 9.995E-05 0.639534 9.995E-05 0.0136479 0.0371468 0.0963423 0.0323175 9.995E-05 0.0182278 0.0069557
9.9937E-05 0.0115591 9.9937E-05 9.9937E-05 0.017857 9.9937E-05 0.713584 0.154594 0.0121032 9.9937E-05 9.9937E-05 0.0172618 0.0643662 9.9937E-05 0.00797543
0.193052 0.0310546 0.0119184 0.0442857 9.9946E-05 9.9946E-05 0.587644 0.0505364 0.0231409 0.0287611 9.9946E-05 0.0290069 9.9946E-05 9.9946E-05 9.9946E-05
0.0836285 0.0195372 0.00140612 0.0903234 0.00371521 0.00496134 0.541485 0.000779173 9.9973E-05 0.00340386 9.9973E-05 0.179178 9.9973E-05 0.0138781 0.0574043
9.98739E-05 0.998602 9.98739E-05 9.98739E-05 9.98739E-05 9.98739E-05 9.98739E-05 9.98739E-05 9.98739E-05 9.98739E-05 9.98739E-05 9.98739E-05 9.98739E-05 9.98739E-05 9.98739E-05
9.98735E-05 9.98735E-05 9.98735E-05 9.98735E-05 0.998602 9.98735E-05 9.98735E-05 9.98735E-05 9.98735E-05 9.98735E-05 9.98735E-05 9.98735E-05 9.98735E-05 9.98735E-05 9.98735E-05
9.98739E-05 0.998602 9.98739E-05 9.98739E-05 9.98739E-05 9.98739E-05 9.98739E-05 9.98739E-05 9.98739E-05 9.98739E-05 9.98739E-05 9.98739E-05 9.98739E-05 9.98739E-05 9.98739E-05
9.99546E-05 9.99546E-05 0.0386761 0.203989 0.0369954 9.99546E-05 0.569992 9.99546E-05 0.0685901 0.0156933 9.99546E-05 0.0321798 9.99546E-05 0.00750926 0.025776
9.9964E-05 0.0353778 0.0319947 0.152114 0.108121 9.9964E-05 0.428956 9.9964E-05 0.0380976 0.0258398 0.0569975 0.0433242 0.0437062 0.0350719 9.9964E-05
9.9964E-05 0.0471564 9.9964E-05 0.124117 0.0594548 0.0267036 0.569663 9.9964E-05 0.0568385 0.00457297 0.0484689 0.00386996 9.9964E-05 0.0104447 0.0483113
9.9946E-05 0.0549828 0.0146102 9.9946E-05 0.0476095 9.9946E-05 0.673623 0.060975 0.0343873 9.9946E-05 9.9946E-05 0.0610811 9.9946E-05 0.01492 0.0372118
9.9964E-05 0.0107136 0.0315471 9.9964E-05 0.0435903 0.0221456 0.624468 0.147434 0.000359535 9.9964E-05 0.00138304 0.0739403 9.9964E-05 0.000760648 0.0432584
9.99279E-05 0.00657792 9.99279E-05 0.365965 0.469317 9.99279E-05 0.0742475 9.99279E-05 0.0182244 0.00491604 9.99279E-05 0.0599527 9.99279E-05 9.99279E-05 9.99279E-05
9.9955E-05 0.0318991 0.000668393 0.224899 0.0627481 9.9955E-05 0.460409 9.9955E-05 0.00329721 0.032976 0.0430185 0.124797 9.9955E-05 9.9955E-05 0.0147882
0.818277 9.9919E-05 0.000738206 9.9919E-05 9.9919E-05 9.9919E-05 0.108718 9.9919E-05 0.0507867 9.9919E-05 9.9919E-05 9.9919E-05 0.000149729 0.0204316 9.9919E-05
0.832975 9.9892E-05 0.042235 9.9892E-05 9.9892E-05 9.9892E-05 9.9892E-05 9.9892E-05 9.9892E-05 9.9892E-05 9.9892E-05 0.123591 9.9892E-05 9.9892E-05 9.9892E-05
0.81042 0.0271691 0.0166498 9.9928E-05 0.0298168 9.9928E-05 9.9928E-05 9.9928E-05 9.9928E-05 0.0179969 9.9928E-05 0.0738404 9.9928E-05 0.0233072 9.9928E-05
0.868459 0.00091891 0.0304998 0.0734342 9.9919E-05 9.9919E-05 9.9919E-05 9.9919E-05 0.0233512 0.00243792 9.9919E-05 9.9919E-05 9.9919E-05 9.9919E-05 9.9919E-05
0.708744 0.0272756 0.00885244 9.9946E-05 0.0408336 0.0176909 0.0814625 0.0101604 9.9946E-05 9.9946E-05 0.103221 9.9946E-05 9.9946E-05 0.00115975 9.9946E-05
0.82755 9.9919E-05 0.0118593 9.9919E-05 0.00354457 0.0548754 9.9919E-05 9.9919E-05 0.0109319 9.9919E-05 0.0903398 9.9919E-05 9.9919E-05 9.9919E-05 9.9919E-05
0.958831 9.9901E-05 9.9901E-05 9.9901E-05 9.9901E-05 9.9901E-05 9.9901E-05 9.9901E-05 9.9901E-05 0.000870248 0.00533132 9.9901E-05 0.0338685 9.9901E-05 9.9901E-05
0.837013 9.9919E-05 9.9919E-05 9.9919E-05 0.00519417 0.00419219 9.9919E-05 9.9919E-05 9.9919E-05 0.0341452 9.9919E-05 0.100279 9.9919E-05 9.9919E-05 0.0182764
0.874269 0.0127977 9.9928E-05 0.00940386 9.9928E-05 9.9928E-05 9.9928E-05 0.0664671 0.00481437 0.0260262 9.9928E-05 9.9928E-05 9.9928E-05 0.00542212 9.9928E-05
0.743458 0.00176792 9.9937E-05 0.0590082 0.0438568 9.9937E-05 0.027417 0.0267746 9.9937E-05 9.9937E-05 9.9937E-05 0.078902 9.9937E-05 0.0181159 9.9937E-05
0.77071 0.013084 9.9919E-05 9.9919E-05 9.9919E-05 0.0794378 9.9919E-05 9.9919E-05 0.0107851 0.00849116 9.9919E-05 0.116593 9.9919E-05 9.9919E-05 9.9919E-05
0.0324659 0.0294976 0.0125622 9.9937E-05 0.0152089 0.029052 9.9937E-05 9.9937E-05 0.00652059 0.00594951 9.9937E-05 9.9937E-05 0.868044 9.9937E-05 9.9937E-05
0.13814 9.9937E-05 0.00765414 0.0228424 0.0250724 9.9937E-05 9.9937E-05 9.9937E-05 9.9937E-05 0.0269079 9.9937E-05 0.0103188 0.752209 0.016155 9.9937E-05
9.9928E-05 0.0172307 9.9928E-05 9.9928E-05 9.9928E-05 9.9928E-05 0.0574773 9.9928E-05 0.00478604 9.9928E-05 9.9928E-05 0.0363273 0.816121 0.0197572 0.047501
9.9928E-05 0.0129205 9.9928E-05 9.9928E-05 9.9928E-05 0.0194384 9.9928E-05 0.138869 9.9928E-05 9.9928E-05 0.533602 0.028559 0.223349 9.9928E-05 0.0424625
9.9928E-05 9.9928E-05 0.0731987 0.00743798 9.9928E-05 9.9928E-05 0.00375492 0.0661251 9.9928E-05 0.0544481 9.9928E-05 9.9928E-05 0.754252 0.0399833 9.9928E-05
0.125714 0.00628234 0.0283462 9.9937E-05 9.9937E-05 9.9937E-05 9.9937E-05 9.9937E-05 0.00620452 9.9937E-05 0.478984 9.9937E-05 0.296279 0.022431 0.0350599
9.991E-05 0.0136472 9.991E-05 9.991E-05 0.032296 0.0791432 9.991E-05 0.0480277 9.991E-05 9.991E-05 9.991E-05 9.991E-05 0.825887 9.991E-05 9.991E-05
0.00621671 9.9937E-05 0.00980276 9.9937E-05 9.9937E-05 9.9937E-05 9.9937E-05 0.00947628 9.9937E-05 0.00556139 0.276298 0.11012 0.555859 0.0259668 9.9937E-05
9.99369E-05 0.0432987 9.99369E-05 0.30408 0.0162235 9.99369E-05 0.0183266 9.99369E-05 9.99369E-05 0.0548693 0.116135 0.0768995 0.369468 9.99369E-05 9.99369E-05
0.104514 9.991E-05 0.00989939 9.991E-05 0.0195134 9.991E-05 9.991E-05 0.139383 9.991E-05 9.991E-05 9.991E-05 9.991E-05 0.725691 9.991E-05 9.991E-05
9.9946E-05 0.00745863 0.0281272 9.9946E-05 9.9946E-05 9.9946E-05 9.9946E-05 0.0735286 0.0169688 0.00638944 9.9946E-05 0.0464196 0.790469 0.0275663 0.00247263
9.991E-05 9.991E-05 9.991E-05 9.991E-05 9.991E-05 9.991E-05 9.991E-05 0.0839416 0.0363279 9.991E-05 9.991E-05 9.991E-05 0.837968 0.00720407 0.0335589
0.0283017 0.0291744 9.9973E-05 0.116993 9.9973E-05 0.024477 0.0130187 0.0199363 0.00316842 9.9973E-05 0.322715 0.0506704 0.351114 0.0161923 0.0239392
9.9946E-05 0.00965909 9.9946E-05 0.0439788 9.9946E-05 9.9946E-05 0.187493 0.111759 0.0424787 0.0394129 0.309664 9.9946E-05 0.241909 0.0130461 9.9946E-05
0.0144416 0.00912255 9.9928E-05 9.9928E-05 9.9928E-05 0.034057 0.0372376 9.9928E-05 0.0557085 0.0503135 0.79832 9.9928E-05 9.9928E-05 9.9928E-05 9.9928E-05
9.9928E-05 9.9928E-05 0.00238645 0.186097 9.9928E-05 9.9928E-05 9.9928E-05 9.9928E-05 0.00813611 0.0541806 0.690814 0.0456092 9.9928E-05 0.0119776 9.9928E-05
0.0107843 0.00806412 0.00212748 9.9919E-05 9.9919E-05 9.9919E-05 9.9919E-05 0.0239604 0.0500759 9.9919E-05 0.904089 9.9919E-05 9.9919E-05 9.9919E-05 9.9919E-05
9.9928E-05 9.9928E-05 9.9928E-05 9.9928E-05 9.9928E-05 9.9928E-05 0.0344522 0.0245256 9.9928E-05 0.0294569 0.863221 0.0361437 9.9928E-05 0.00726782 0.0041336
9.98741E-05 9.98741E-05 9.98741E-05 9.98741E-05 9.98741E-05 9.98741E-05 9.98741E-05 9.98741E-05 9.98741E-05 9.98741E-05 0.998602 9.98741E-05 9.98741E-05 9.98741E-05 9.98741E-05
9.9919E-05 9.9919E-05 0.0364221 0.0231161 9.9919E-05 9.9919E-05 0.0190722 9.9919E-05 9.9919E-05 0.00743985 0.899822 9.9919E-05 9.9919E-05 0.0132287 9.9919E-05
9.9928E-05 9.9928E-05 0.0478748 0.112288 9.9928E-05 0.0313997 9.9928E-05 9.9928E-05 0.0223943 0.0349312 0.739556 9.9928E-05 9.9928E-05 9.9928E-05 0.0107573
0.0805619 0.0108045 9.9928E-05 9.9928E-05 0.0179888 9.9928E-05 9.9928E-05 0.0436578 0.00085513 9.9928E-05 0.844978 9.9928E-05 9.9928E-05 0.000354124 9.9928E-05
0.0694274 0.0220633 0.0257689 0.0451188 0.0113364 9.9928E-05 9.9928E-05 9.9928E-05 9.9928E-05 9.9928E-05 0.561439 9.9928E-05 0.264047 9.9928E-05 9.9928E-05
0.0144827 0.0057748 0.0210793 0.0562627 9.9964E-05 0.0213527 0.00387769 9.9964E-05 9.9964E-05 0.00601692 0.348532 0.054452 0.451082 9.9964E-05 0.0166879
9.9964E-05 0.00623386 9.9964E-05 0.153677 0.0496813 0.0390883 9.9964E-05 9.9964E-05 0.0184552 0.0268528 0.283645 0.0193915 0.392944 0.00162678 0.00800442
9.99279E-05 9.99279E-05 9.99279E-05 0.0640049 0.00164196 0.0735369 0.141549 9.99279E-05 9.99279E-05 0.0125492 0.202845 9.99279E-05 0.503073 9.99279E-05 9.99279E-05
9.99459E-05 0.0206353 9.99459E-05 0.163972 9.99459E-05 9.99459E-05 9.99459E-05 9.99459E-05 0.00155645 0.00637907 0.0626939 0.0456741 0.640129 0.0308171 0.027543
9.9919E-05 9.9919E-05 0.0128315 0.371073 9.9919E-05 9.9919E-05 9.9919E-05 9.9919E-05 0.0522292 9.9919E-05 0.0643261 9.9919E-05 0.449511 9.9919E-05 0.0491296
0.0020846 9.9937E-05 9.9937E-05 0.291829 9.9937E-05 9.9937E-05 9.9937E-05 9.9937E-05 9.9937E-05 0.00517685 0.333428 0.0577581 0.296846 0.0101771 0.00200035
9.9928E-05 9.9928E-05 9.9928E-05 9.9928E-05 0.0218782 0.0671627 9.9928E-05 0.107329 0.00948356 9.9928E-05 0.268786 0.0283341 0.496228 9.9928E-05 9.9928E-05
0.0203778 0.0207698 9.9919E-05 9.9919E-05 0.0215244 9.9919E-05 9.9919E-05 0.0640512 0.0272921 9.9919E-05 9.9919E-05 9.9919E-05 0.845086 9.9919E-05 9.9919E-05
0.0116613 9.9937E-05 9.9937E-05 0.0640943 9.9937E-05 0.00458025 0.104927 0.0584404 9.9937E-05 0.0352813 0.142028 9.9937E-05 0.578287 9.9937E-05 9.9937E-05
9.9919E-05 9.9919E-05 9.9919E-05 9.9919E-05 9.9919E-05 0.0927738 9.9919E-05 0.112192 9.9919E-05 0.000848287 0.31063 0.106353 0.376304 9.9919E-05 9.9919E-05
9.9937E-05 0.0114845 9.9937E-05 9.9937E-05 0.0132247 0.0709431 9.9937E-05 9.9937E-05 0.0172638 9.9937E-05 0.345057 0.0824547 0.453921 0.00495176 9.9937E-05
9.9919E-05 0.00467747 0.013877 9.9919E-05 9.9919E-05 9.9919E-05 0.0680586 9.9919E-05 9.9919E-05 0.033781 9.9919E-05 9.9919E-05 0.874784 0.00392248 9.9919E-05
9.9901E-05 9.9901E-05 0.0114118 0.888337 9.9901E-05 9.9901E-05 9.9901E-05 0.0629695 9.9901E-05 9.9901E-05 9.9901E-05 9.9901E-05 0.0361829 9.9901E-05 9.9901E-05
9.9892E-05 9.9892E-05 9.9892E-05 0.931459 0.0315011 9.9892E-05 9.9892E-05 0.0358408 9.9892E-05 9.9892E-05 9.9892E-05 9.9892E-05 9.9892E-05 9.9892E-05 9.9892E-05
9.991E-05 0.00647463 0.0116564 0.978906 9.991E-05 9.991E-05 9.991E-05 0.00127854 9.991E-05 9.991E-05 9.991E-05 9.991E-05 9.991E-05 9.991E-05 0.000685042
9.9937E-05 0.0265983 9.9937E-05 0.716167 0.00864718 9.9937E-05 9.9937E-05 0.15703 0.0214439 9.9937E-05 0.0105382 0.00964231 9.9937E-05 9.9937E-05 0.0492342
0.0176491 0.0100941 9.9928E-05 0.828952 9.9928E-05 9.9928E-05 9.9928E-05 0.0698033 0.000251239 9.9928E-05 9.9928E-05 0.0473844 9.9928E-05 9.9928E-05 0.0250665
0.0128129 0.0202627 0.0157981 0.518041 0.0176827 0.0536332 9.9946E-05 0.320101 9.9946E-05 9.9946E-05 9.9946E-05 9.9946E-05 0.0225135 0.0185545 9.9946E-05
9.9883E-05 9.9883E-05 9.9883E-05 0.834769 9.9883E-05 9.9883E-05 9.9883E-05 0.163932 9.9883E-05 9.9883E-05 9.9883E-05 9.9883E-05 9.9883E-05 9.9883E-05 9.9883E-05
0.0445103 9.991E-05 9.991E-05 0.469144 9.991E-05 0.195868 9.991E-05 0.2466 9.991E-05 9.991E-05 9.991E-05 9.991E-05 9.991E-05 9.991E-05 0.0428788
