9.9955E-05 0.00876195 9.9955E-05 0.990738 9.9955E-05 9.9955E-05 9.9955E-05
9.9982E-05 0.111683 0.0946951 0.749921 0.0256175 0.0178839 9.9982E-05
0.0885521 9.9982E-05 0.0540015 0.825705 0.0308615 0.000679568 9.9982E-05
0.0588329 0.0223722 0.0744805 0.825192 9.9982E-05 0.0189228 9.9982E-05
0.0167 9.9991E-05 0.0415401 0.822173 0.0773259 0.0145207 0.0276406
9.9964E-05 0.0294473 0.063222 0.906931 9.9964E-05 9.9964E-05 9.9964E-05
9.9955E-05 9.9955E-05 0.0559297 0.943571 9.9955E-05 9.9955E-05 9.9955E-05
0.0224787 0.0532512 0.0426197 0.849125 9.9991E-05 0.0163792 0.0160464
0.0499208 0.0417652 0.101695 0.797241 0.00917811 9.9982E-05 9.9982E-05
0.0237609 9.9973E-05 0.0684805 0.879972 0.0274866 9.9973E-05 9.9973E-05
0.040235 0.0625362 0.0927163 0.765777 9.9982E-05 0.0385354 9.9982E-05
0.0862383 0.0835026 0.0415967 0.785816 9.9982E-05 9.9982E-05 0.00264653
0.0280024 0.0676785 9.9982E-05 0.817342 0.0371511 9.9982E-05 0.0496257
0.0824881 0.0520566 0.0950716 0.71814 0.0271846 0.0249592 9.9991E-05
0.0289268 9.9973E-05 0.0505379 0.82187 0.0983657 9.9973E-05 9.9973E-05
9.9955E-05 9.9955E-05 0.0817173 0.917783 9.9955E-05 9.9955E-05 9.9955E-05
9.9964E-05 0.0150864 9.9964E-05 0.972636 9.9964E-05 0.0118777 9.9964E-05
9.9955E-05 9.9955E-05 9.9955E-05 0.985779 9.9955E-05 9.9955E-05 0.0137217
9.9964E-05 9.9964E-05 0.000297555 0.96292 9.9964E-05 9.9964E-05 0.0363831
0.0284753 9.9973E-05 9.9973E-05 0.933171 9.9973E-05 0.0272916 0.0107619
0.9994 9.995E-05 9.995E-05 9.995E-05 9.995E-05 9.995E-05 9.995E-05
0.748627 0.0874256 0.0296393 0.0132092 0.0252748 9.9991E-05 0.0957242
0.639348 9.9991E-05 0.0555258 0.0256104 0.130259 0.0124186 0.136738
0.79074 9.9973E-05 9.9973E-05 0.00455694 9.9973E-05 0.0497015 0.154702
0.920872 9.9973E-05 9.9973E-05 0.0204712 0.0366188 0.0217381 9.9973E-05
0.842735 0.022686 9.9982E-05 0.0361544 0.0776338 9.9982E-05 0.020591
0.693908 9.9973E-05 0.0157202 9.9973E-05 0.162498 9.9973E-05 0.127574
0.9994 9.995E-05 9.995E-05 9.995E-05 9.995E-05 9.995E-05 9.995E-05
0.689418 9.9973E-05 0.131484 9.9973E-05 0.160663 0.0181352 9.9973E-05
0.610638 0.0322207 0.0776087 9.9991E-05 0.199527 0.00462683 0.0752788
0.710733 9.9964E-05 0.131518 9.9964E-05 0.15735 9.9964E-05 9.9964E-05
0.710747 0.0653966 0.0587043 9.9982E-05 0.0506967 9.9982E-05 0.114256
0.665536 9.9991E-05 0.104027 0.052291 0.103385 0.0216092 0.053052
0.654947 0.156843 0.14436 9.9982E-05 0.0225055 0.0211455 9.9982E-05
0.59412 0.0380571 0.0083932 0.0333575 0.245504 0.0480703 0.0324974
0.436339 0.176055 0.214286 0.0640066 0.109114 9.9982E-05 9.9982E-05
0.603288 0.0850085 0.0116306 9.9991E-05 0.111281 0.0159991 0.172692
0.0602333 0.0135918 0.0168973 9.9991E-05 0.10348 0.00256525 0.803133
9.9982E-05 0.0269874 0.0165969 9.9982E-05 0.167748 0.0395576 0.74891
0.0151475 0.0944693 0.0206585 0.0221721 0.123275 9.9991E-05 0.724178
0.0226175 0.0603854 0.0315424 0.0088133 0.11061 9.9991E-05 0.765931
0.0236753 0.141196 9.9982E-05 0.00457071 9.9982E-05 0.0339638 0.796394
9.9973E-05 0.00609765 9.9973E-05 9.9973E-05 0.0911087 0.0212939 0.8812
0.00784268 0.0967825 0.166733 0.0555259 9.9991E-05 0.0196818 0.653334
0.0528988 0.0327241 9.9991E-05 0.00531124 0.0424578 0.0656997 0.800808
0.0578529 9.9991E-05 0.0711089 0.014179 0.0881112 0.0291915 0.739457
9.9973E-05 0.0935072 9.9973E-05 9.9973E-05 0.0318166 0.0208211 0.853555
9.999E-05 0.0849186 0.0334859 0.0222395 0.0128037 0.0156916 0.830761
0.0605779 0.0548248 9.9982E-05 0.0133625 9.9982E-05 0.00954652 0.861488
9.9982E-05 0.0659255 0.0843648 0.0118764 9.9982E-05 0.0192047 0.818429
0.0383903 0.0387728 9.9991E-05 0.0264502 0.0190301 0.00424367 0.873013
0.021705 0.106928 0.0339965 9.9973E-05 9.9973E-05 9.9973E-05 0.837071
9.9964E-05 0.0611401 9.9964E-05 9.9964E-05 9.9964E-05 0.0755537 0.862906
0.00653825 0.072063 9.9991E-05 0.0895754 0.0121999 0.0076484 0.811875
0.0141562 0.0628214 0.0503157 0.0405906 0.00227597 0.0546351 0.775205
0.0563885 0.0827642 0.0716924 0.0218987 0.0728066 0.00888628 0.685563
0.100437 9.9982E-05 0.02688 0.0922458 9.9982E-05 0.042159 0.738079
0.0468437 0.165068 9.9991E-05 0.0493174 0.485304 0.107078 0.146289
9.9973E-05 0.734062 9.9973E-05 0.0743234 0.184761 0.00655351 9.9973E-05
0.0218906 0.216074 0.0885069 0.0217813 0.462377 0.189271 9.9991E-05
9.9982E-05 0.144698 9.9982E-05 0.0443996 0.567097 0.202046 0.0415592
9.9973E-05 0.184543 9.9973E-05 9.9973E-05 0.708156 0.103268 0.00373395
9.9973E-05 0.162384 9.9973E-05 9.9973E-05 0.651842 0.0911779 0.0942963
9.995E-05 0.9994 9.995E-05 9.995E-05 9.995E-05 9.995E-05 9.995E-05
9.9964E-05 0.75331 9.9964E-05 9.9964E-05 0.219182 0.0271082 9.9964E-05
9.9991E-05 0.270792 0.0613678 0.115772 0.432038 0.110578 0.00935214
0.114414 0.269787 9.9991E-05 0.0556472 0.483219 0.0541034 0.0227303
0.00161085 0.311268 0.000328026 0.0472388 0.546106 0.0933479 9.9991E-05
0.0438851 0.197873 9.9973E-05 9.9973E-05 0.629963 0.127979 9.9973E-05
0.0551831 0.347916 9.9982E-05 0.0371633 0.409046 0.150492 9.9982E-05
9.9973E-05 0.272343 9.9973E-05 0.0135905 0.627389 0.0863775 9.9973E-05
9.9973E-05 0.259393 9.9973E-05 9.9973E-05 0.633671 0.0668884 0.0397474
0.0342171 0.258691 9.9991E-05 0.0246053 0.518649 0.157231 0.00650654
0.0415776 0.133243 0.10556 0.010563 0.604475 0.104482 9.9991E-05
0.0709932 0.187425 9.9982E-05 9.9982E-05 0.361267 0.0652116 0.314904
9.9982E-05 0.1659 9.9982E-05 0.063571 0.516341 0.0432956 0.210693
9.9982E-05 0.223398 9.9982E-05 0.0712999 0.2505 0.0592008 0.395401
9.995E-05 0.9994 9.995E-05 9.995E-05 9.995E-05 9.995E-05 9.995E-05
0.0686586 0.285026 0.0481732 0.0714152 0.239088 0.133315 0.154325
9.9973E-05 0.31121 9.9973E-05 9.9973E-05 0.432137 0.138069 0.118284
0.0146152 0.113558 9.9991E-05 0.0269601 0.643223 0.0963819 0.105162
0.0202927 0.224904 0.0119776 0.0649845 0.519932 0.13823 0.0196797
9.9982E-05 0.303898 9.9982E-05 0.100673 0.433441 0.109658 0.0521294
0.0321676 0.139062 0.222512 0.0508438 0.166467 0.15037 0.238578
9.9973E-05 0.182982 0.575813 9.9973E-05 9.9973E-05 0.0140895 0.226815
0.00389203 0.123378 0.185442 0.00477787 0.53348 0.00581625 0.143215
9.9991E-05 0.145287 0.0271482 0.0376194 0.597381 0.112392 0.0800724
9.9982E-05 0.113126 0.0822538 9.9982E-05 0.694178 0.0212835 0.0889579
9.9991E-05 0.110056 0.0438962 0.00531805 0.629182 0.113752 0.0976962
0.0577158 0.0430008 9.9982E-05 9.9982E-05 0.00232931 0.888374 0.00838016
0.0144813 0.367831 9.9991E-05 0.0109243 0.367358 0.123205 0.116101
9.9973E-05 0.231541 9.9973E-05 9.9973E-05 0.575598 0.0700656 0.122496
0.158488 0.185768 0.135342 0.104042 0.301967 0.114292 9.9991E-05
0.127378 0.218647 0.0619464 0.104056 0.37832 0.109552 9.9991E-05
0.00921366 0.24378 0.116546 0.0639773 0.489974 0.0764091 9.9991E-05
0.0463565 0.184638 0.0601639 0.147065 0.436555 0.12071 0.00451107
0.0160465 0.211492 0.115459 0.0503436 0.446056 0.136207 0.0243968
9.9982E-05 0.281988 9.9982E-05 0.0479891 0.489053 0.0641078 0.116663
0.0290444 0.170318 9.9991E-05 0.0228975 0.689475 0.080786 0.00737897
9.9982E-05 0.312239 9.9982E-05 0.0500377 0.44227 0.126501 0.0687531
0.0488473 0.169076 0.0453782 0.0463711 0.586194 0.104034 9.9991E-05
9.9991E-05 0.29064 0.10662 0.0213784 0.36704 0.19204 0.0221812
9.9964E-05 0.16574 9.9964E-05 9.9964E-05 0.751294 0.0825667 9.9964E-05
9.995E-05 9.995E-05 9.995E-05 9.995E-05 9.995E-05 0.9994 9.995E-05
0.0128741 0.258704 0.0765595 0.0716731 0.427241 0.134585 0.0183636
0.0106547 0.308479 9.9991E-05 0.0467322 0.47178 0.128521 0.0337322
9.9982E-05 0.211851 0.0567217 0.0831446 0.49833 0.149753 9.9982E-05
9.9982E-05 0.161902 9.9982E-05 0.0225619 0.559912 0.128721 0.126704
9.9982E-05 0.26565 9.9982E-05 0.0236869 0.611469 0.0519 0.0470947
0.0636619 0.106235 9.9991E-05 0.0619658 0.693522 0.0715412 0.00297375
9.995E-05 0.9994 9.995E-05 9.995E-05 9.995E-05 9.995E-05 9.995E-05
9.995E-05 9.995E-05 9.995E-05 9.995E-05 9.995E-05 0.9994 9.995E-05
9.995E-05 0.9994 9.995E-05 9.995E-05 9.995E-05 9.995E-05 9.995E-05
9.9982E-05 0.312093 0.0797884 0.0840743 0.35231 0.171535 9.9982E-05
0.155564 0.35661 0.0683655 0.0306022 0.218982 0.157598 0.0122785
0.103668 0.209283 9.9991E-05 0.08256 0.448686 0.137847 0.017856
9.9982E-05 0.290491 9.9982E-05 0.045258 0.477232 0.126254 0.060564
0.034115 0.249053 9.9991E-05 0.00351435 0.523194 0.126392 0.0636306
0.0527803 9.9982E-05 9.9982E-05 0.03548 0.053038 0.819209 0.0392923
0.011859 0.1687 0.0409811 0.0790204 0.447143 0.17582 0.0764764
0.0937199 0.0440876 0.0699337 9.9982E-05 0.763279 0.0287795 9.9982E-05
0.0286994 9.9973E-05 0.131139 9.9973E-05 0.751915 0.0879466 9.9973E-05
0.162692 0.0605244 0.0405776 9.9991E-05 0.621013 0.111545 0.00354817
0.100245 0.020661 0.0986339 0.0196333 0.719776 0.0409508 9.9991E-05
0.146443 9.9973E-05 0.151377 9.9973E-05 0.583531 0.118349 9.9973E-05
0.167653 9.9973E-05 0.146528 9.9973E-05 0.603764 0.0817555 9.9973E-05
0.0777087 9.9991E-05 0.142892 0.00386806 0.716086 0.0307202 0.0286252
0.155771 9.9982E-05 0.0673248 0.0677625 0.649279 0.0596629 9.9982E-05
0.145294 9.9982E-05 0.136957 9.9982E-05 0.629747 0.0490087 0.0387935
0.0970624 0.0216397 0.0587267 0.00972983 0.602154 0.0863963 0.124291
0.171781 0.0269471 0.0298049 0.0142159 0.694029 0.0473567 0.0158654
0.0458901 0.0769255 0.769725 0.0265995 0.0089529 0.017583 0.0543237
0.0418818 9.9991E-05 0.77774 0.004783 0.0769166 0.0572434 0.0413352
0.0532018 0.075525 0.727099 0.0436789 0.00738782 0.000674093 0.0924339
0.012404 9.9982E-05 0.732797 0.0667246 0.0297593 9.9982E-05 0.158115
0.0209642 0.07786 0.702665 0.0617415 9.9991E-05 0.00446401 0.132206
0.044931 0.067735 0.77683 0.0255863 0.0565678 0.0282502 9.9991E-05
0.0595657 9.9982E-05 0.757441 0.00686954 9.9982E-05 0.0472952 0.128628
0.00491004 9.9973E-05 0.84234 9.9973E-05 0.103578 0.0488723 9.9973E-05
0.0512676 0.108685 0.579493 0.0900126 0.0337238 0.0402622 0.0965556
9.9973E-05 9.9973E-05 0.678967 9.9973E-05 0.0759265 0.0375766 0.207231
0.0344297 0.096291 0.779189 0.0245645 9.9982E-05 9.9982E-05 0.0653255
0.0403739 0.037503 0.727371 0.0591208 9.9982E-05 9.9982E-05 0.135431
0.0587858 0.0162896 0.651988 0.0419969 0.0978169 0.0487436 0.0843794
9.9991E-05 0.0661356 0.596205 0.0307611 0.193459 0.00142901 0.111911
0.0405568 0.10817 0.718196 0.0825599 9.9982E-05 0.0503173 9.9982E-05
9.9982E-05 0.0444431 0.747711 0.12427 9.9982E-05 0.05264 0.0307358
9.9973E-05 0.0437447 0.838229 9.9973E-05 9.9973E-05 0.0222955 0.0954312
9.9973E-05 9.9973E-05 0.784305 0.0833499 0.102812 0.0292333 9.9973E-05
0.0663895 9.9982E-05 0.819018 0.0412738 9.9982E-05 0.00519177 0.067927
9.9982E-05 0.0855751 0.80193 0.0212753 9.9982E-05 0.0194328 0.0715864
0.0543515 0.0917723 0.707653 0.061587 0.0281609 0.0545998 0.00187537
9.9982E-05 0.0658526 0.754366 9.9982E-05 0.0889175 0.0135778 0.0770856
0.00441325 0.116809 0.788439 0.0347005 0.0156653 0.0230326 0.01694
9.9991E-05 0.0981038 0.752381 0.0626534 0.0127934 0.0229369 0.0510318
0.0781667 0.0329915 0.707985 0.0774583 9.9982E-05 0.103198 9.9982E-05
0.0591824 9.9982E-05 0.690253 0.0431573 0.170794 0.0364132 9.9982E-05
0.0638146 0.0754795 0.689034 0.0617876 9.9991E-05 0.0138511 0.0959335
9.9982E-05 0.0878139 0.692426 0.0934623 9.9982E-05 0.0201442 0.105953
0.0358065 0.0554868 0.717713 0.0852394 0.051182 0.00295975 0.0516122
0.0283406 0.0404809 0.768861 9.9982E-05 9.9982E-05 0.0335059 0.128611
9.9973E-05 0.0862468 0.7516 9.9973E-05 9.9973E-05 0.00145783 0.160396
0.00479052 9.9991E-05 0.632621 0.0650402 0.0755208 0.00637929 0.215548
0.0651983 9.9973E-05 0.71666 9.9973E-05 0.125728 9.9973E-05 0.0921137
0.0728259 0.0542523 0.816666 9.9982E-05 0.0134242 0.0426319 9.9982E-05
0.0356311 0.00743973 0.826487 0.0279166 0.0963666 0.00605937 9.9991E-05
0.103026 0.0706046 0.100911 0.0478952 9.9982E-05 9.9982E-05 0.677363
0.0508556 9.9991E-05 0.176813 0.0600768 0.0102487 0.100849 0.601057
0.100155 0.0653179 0.101611 0.12168 9.9991E-05 0.0208377 0.590299
0.0810471 0.0636557 0.117954 0.0929645 0.022815 0.0424045 0.57916
0.0446335 0.0437254 0.142293 0.116729 0.0460782 0.0182543 0.588286
0.133056 9.9973E-05 0.098156 9.9973E-05 9.9973E-05 0.0526865 0.715801
0.0647158 9.9982E-05 0.0758682 9.9982E-05 0.0577947 0.0360732 0.765348
0.210067 9.9982E-05 0.0442558 0.0748814 0.115808 9.9982E-05 0.554787
