9.99551E-05 9.99551E-05 0.239212 9.99551E-05 0.435207 0.131432 0.193649 9.99551E-05 9.99551E-05
9.993E-05 9.993E-05 0.999201 9.993E-05 9.993E-05 9.993E-05 9.993E-05 9.993E-05 9.993E-05
9.9964E-05 9.9964E-05 0.312237 9.9964E-05 0.0307389 0.0217926 0.557783 9.9964E-05 0.077049
9.99462E-05 0.413674 0.450387 9.99462E-05 9.99462E-05 9.99462E-05 0.135339 9.99462E-05 9.99462E-05
9.9955E-05 9.9955E-05 9.9955E-05 0.0613211 0.0111351 0.0441913 9.9955E-05 0.882853 9.9955E-05
9.99551E-05 0.922666 0.0317104 9.99551E-05 9.99551E-05 9.99551E-05 9.99551E-05 0.00913016 0.0359937
9.9964E-05 0.0448098 9.9964E-05 0.0304494 9.9964E-05 9.9964E-05 0.48231 0.336957 0.105075
0.0205541 9.99461E-05 0.938397 9.99461E-05 0.0404488 9.99461E-05 9.99461E-05 9.99461E-05 9.99461E-05
9.99461E-05 0.00810471 9.99461E-05 0.911536 9.99461E-05 9.99461E-05 9.99461E-05 9.99461E-05 0.0797598
9.993E-05 9.993E-05 9.993E-05 9.993E-05 9.993E-05 9.993E-05 9.993E-05 0.999201 9.993E-05
9.99373E-05 9.99373E-05 9.99373E-05 9.99373E-05 9.99373E-05 9.99373E-05 0.0758494 0.923451 9.99373E-05
0.0388949 9.99371E-05 9.99371E-05 9.99371E-05 0.960406 9.99371E-05 9.99371E-05 9.99371E-05 9.99371E-05
9.997E-05 9.997E-05 9.997E-05 0.0587343 0.0560032 0.167504 0.044227 0.582699 0.0905325
9.99372E-05 9.99372E-05 9.99372E-05 0.155657 9.99372E-05 9.99372E-05 0.843644 9.99372E-05 9.99372E-05
0.128218 9.99551E-05 9.99551E-05 9.99551E-05 9.99551E-05 0.0244179 9.99551E-05 0.809492 0.0373727
9.993E-05 9.993E-05 9.993E-05 9.993E-05 9.993E-05 9.993E-05 9.993E-05 9.993E-05 0.999201
9.993E-05 9.993E-05 9.993E-05 9.993E-05 0.999201 9.993E-05 9.993E-05 9.993E-05 9.993E-05
9.9946E-05 0.0390732 9.9946E-05 9.9946E-05 9.9946E-05 9.9946E-05 9.9946E-05 0.325566 0.634762
9.993E-05 0.999201 9.993E-05 9.993E-05 9.993E-05 9.993E-05 9.993E-05 9.993E-05 9.993E-05
9.99371E-05 9.99371E-05 9.99371E-05 0.257939 9.99371E-05 0.741362 9.99371E-05 9.99371E-05 9.99371E-05
0.999201 9.993E-05 9.993E-05 9.993E-05 9.993E-05 9.993E-05 9.993E-05 9.993E-05 9.993E-05
9.99461E-05 9.99461E-05 9.99461E-05 0.916335 0.0701874 9.99461E-05 9.99461E-05 0.0128781 9.99461E-05
9.99461E-05 9.99461E-05 9.99461E-05 9.99461E-05 9.99461E-05 0.147616 9.99461E-05 0.0538635 0.79792
9.9964E-05 0.328658 0.37988 9.9964E-05 9.9964E-05 0.128688 0.0896573 0.0727174 9.9964E-05
0.0814369 0.0459756 9.99461E-05 9.99461E-05 9.99461E-05 9.99461E-05 0.871988 9.99461E-05 9.99461E-05
9.9937E-05 9.9937E-05 9.9937E-05 9.9937E-05 9.9937E-05 0.729082 9.9937E-05 0.270218 9.9937E-05
9.99461E-05 0.154854 0.538554 9.99461E-05 9.99461E-05 9.99461E-05 0.305992 9.99461E-05 9.99461E-05
0.0179208 9.99551E-05 9.99551E-05 0.727007 9.99551E-05 9.99551E-05 0.185988 0.0685843 9.99551E-05
9.99373E-05 9.99373E-05 0.956831 9.99373E-05 9.99373E-05 9.99373E-05 9.99373E-05 9.99373E-05 0.0424698
9.99371E-05 9.99371E-05 9.99371E-05 0.672952 0.326348 9.99371E-05 9.99371E-05 9.99371E-05 9.99371E-05
9.99462E-05 9.99462E-05 9.99462E-05 9.99462E-05 0.0145897 9.99462E-05 0.984465 9.99462E-05 0.000345243
9.993E-05 9.993E-05 9.993E-05 9.993E-05 9.993E-05 9.993E-05 0.999201 9.993E-05 9.993E-05
9.99371E-05 9.99371E-05 9.99371E-05 9.99371E-05 9.99371E-05 9.99371E-05 0.290975 0.708325 9.99371E-05
9.99461E-05 0.859675 9.99461E-05 9.99461E-05 9.99461E-05 9.99461E-05 0.0098686 9.99461E-05 0.129856
9.99551E-05 0.183466 0.633667 9.99551E-05 0.115661 9.99551E-05 0.0667055 9.99551E-05 9.99551E-05
9.99371E-05 0.0396688 9.99371E-05 9.99371E-05 9.99371E-05 9.99371E-05 9.99371E-05 9.99371E-05 0.959632
9.9937E-05 0.128151 9.9937E-05 0.87115 9.9937E-05 9.9937E-05 9.9937E-05 9.9937E-05 9.9937E-05
9.99551E-05 0.91334 9.99551E-05 0.0264523 9.99551E-05 9.99551E-05 0.00591331 9.99551E-05 0.0537941
9.99551E-05 0.0505257 0.214324 9.99551E-05 9.99551E-05 9.99551E-05 0.226484 0.508167 9.99551E-05
0.116838 0.820136 9.99641E-05 0.0201697 0.0400319 9.99641E-05 9.99641E-05 0.00242535 9.99641E-05
9.99371E-05 0.691011 9.99371E-05 9.99371E-05 0.30829 9.99371E-05 9.99371E-05 9.99371E-05 9.99371E-05
9.99371E-05 9.99371E-05 9.99371E-05 0.00761063 0.99169 9.99371E-05 9.99371E-05 9.99371E-05 9.99371E-05
0.00113894 9.99371E-05 9.99371E-05 9.99371E-05 9.99371E-05 0.998161 9.99371E-05 9.99371E-05 9.99371E-05
9.9946E-05 0.00955951 0.0451797 9.9946E-05 9.9946E-05 9.9946E-05 0.944661 9.9946E-05 9.9946E-05
9.99461E-05 9.99461E-05 9.99461E-05 9.99461E-05 9.99461E-05 0.810161 0.0109705 0.178269 9.99461E-05
9.99461E-05 9.99461E-05 0.682069 9.99461E-05 0.255142 9.99461E-05 9.99461E-05 9.99461E-05 0.06219
0.182337 0.0254605 9.99641E-05 0.302766 9.99641E-05 0.0447272 9.99641E-05 9.99641E-05 0.44431
0.0709734 0.77562 9.99551E-05 9.99551E-05 9.99551E-05 0.00139793 9.99551E-05 9.99551E-05 0.151509
0.621226 9.99461E-05 9.99461E-05 9.99461E-05 9.99461E-05 0.122284 9.99461E-05 0.25589 9.99461E-05
0.964885 0.0344155 9.99371E-05 9.99371E-05 9.99371E-05 9.99371E-05 9.99371E-05 9.99371E-05 9.99371E-05
