9.98829E-05 9.98829E-05 9.98829E-05 9.98829E-05 9.98829E-05 9.98829E-05 9.98829E-05 9.98829E-05 0.998702 9.98829E-05 9.98829E-05 9.98829E-05 9.98829E-05 9.98829E-05
9.99201E-05 9.99201E-05 0.0349208 9.99201E-05 9.99201E-05 9.99201E-05 0.0308402 0.13384 0.0564366 9.99201E-05 9.99201E-05 0.077686 9.99201E-05 0.665477
9.9937E-05 9.9937E-05 9.9937E-05 9.9937E-05 9.9937E-05 0.0512701 9.9937E-05 0.105463 0.0477428 0.0574264 0.00752644 0.0231465 9.9937E-05 0.706725
0.0142258 9.9964E-05 9.9964E-05 0.0366103 0.00387308 0.0512511 9.9964E-05 0.0662407 0.0141517 0.00198369 9.9964E-05 0.000192444 0.048573 0.762498
0.000620253 0.0426283 0.00955017 0.0616916 0.00155128 9.9955E-05 9.9955E-05 0.0131657 0.0914269 0.059225 9.9955E-05 9.9955E-05 9.9955E-05 0.719641
0.0121452 9.9937E-05 9.9937E-05 9.9937E-05 0.0201122 9.9937E-05 0.0126906 9.9937E-05 0.0190423 0.0502239 9.9937E-05 9.9937E-05 0.0216464 0.86344
9.98829E-05 9.98829E-05 9.98829E-05 9.98829E-05 9.98829E-05 9.98829E-05 9.98829E-05 9.98829E-05 0.998702 9.98829E-05 9.98829E-05 9.98829E-05 9.98829E-05 9.98829E-05
0.0109018 9.9946E-05 9.9946E-05 0.0614077 9.9946E-05 9.9946E-05 0.0153665 9.9946E-05 0.0676957 0.0671761 0.00500999 0.0168438 9.9946E-05 0.754999
9.9937E-05 9.9937E-05 9.9937E-05 0.0117388 9.9937E-05 0.0174056 0.00314777 9.9937E-05 0.0405036 0.0829449 9.9937E-05 0.134541 9.9937E-05 0.709019
0.0335416 9.9937E-05 9.9937E-05 9.9937E-05 9.9937E-05 0.0249742 9.9937E-05 9.9937E-05 0.00917335 0.104617 0.000326776 9.9937E-05 0.00913776 0.817529
9.993E-05 9.993E-05 9.993E-05 9.993E-05 0.0163978 9.993E-05 0.0235826 0.102887 9.993E-05 0.0677893 0.0110908 0.0422766 9.993E-05 0.735276
9.9946E-05 9.9946E-05 9.9946E-05 9.9946E-05 9.9946E-05 0.0499618 0.00110644 0.0813472 0.0699284 0.0946055 0.0203288 9.9946E-05 0.0312139 0.650908
0.0178166 0.00476536 9.9946E-05 0.0670364 9.9946E-05 0.0121777 0.0472581 9.9946E-05 0.0435796 0.0959255 9.9946E-05 9.9946E-05 9.9946E-05 0.710841
9.994E-05 9.994E-05 0.0194316 9.994E-05 9.994E-05 9.994E-05 0.00884712 0.132691 9.994E-05 0.024485 0.00931026 0.0368653 0.0917122 0.676058
9.9937E-05 0.0246446 9.9937E-05 0.0214621 9.9937E-05 0.044875 9.9937E-05 0.0100607 0.0177379 9.9937E-05 9.9937E-05 0.0546535 9.9937E-05 0.825867
9.9919E-05 9.9919E-05 9.9919E-05 0.0063436 0.00974372 9.9919E-05 0.0224582 9.9919E-05 9.9919E-05 9.9919E-05 9.9919E-05 0.10298 9.9919E-05 0.857575
0.0257054 9.991E-05 9.991E-05 9.991E-05 0.032752 9.991E-05 9.991E-05 9.991E-05 0.0458392 9.991E-05 9.991E-05 9.991E-05 9.991E-05 0.894704
9.9901E-05 9.9901E-05 0.0671975 9.9901E-05 9.9901E-05 9.9901E-05 9.9901E-05 9.9901E-05 0.00680045 9.9901E-05 9.9901E-05 9.9901E-05 9.9901E-05 0.924903
9.9919E-05 0.0118449 0.0329176 9.9919E-05 9.9919E-05 9.9919E-05 0.0162309 9.9919E-05 0.0605572 9.9919E-05 9.9919E-05 9.9919E-05 9.9919E-05 0.87755
0.0147682 9.9928E-05 0.0141157 9.9928E-05 0.0127416 0.0383874 9.9928E-05 0.0247848 9.9928E-05 9.9928E-05 9.9928E-05 9.9928E-05 9.9928E-05 0.894403
9.98829E-05 9.98829E-05 9.98829E-05 9.98829E-05 9.98829E-05 9.98829E-05 9.98829E-05 9.98829E-05 9.98829E-05 9.98829E-05 0.998702 9.98829E-05 9.98829E-05 9.98829E-05
9.9937E-05 9.9937E-05 9.9937E-05 9.9937E-05 9.9937E-05 0.7126 0.0220369 0.122214 0.00356157 0.115508 0.0152988 9.9937E-05 0.00808112 9.9937E-05
0.017791 0.0502886 9.9928E-05 9.9928E-05 9.9928E-05 0.781976 9.9928E-05 9.9928E-05 0.0190627 0.122284 0.00779788 9.9928E-05 9.9928E-05 9.9928E-05
0.0167548 9.991E-05 0.0441959 9.991E-05 0.013777 0.924273 9.991E-05 9.991E-05 9.991E-05 9.991E-05 9.991E-05 9.991E-05 9.991E-05 9.991E-05
0.0164231 9.991E-05 9.991E-05 9.991E-05 9.991E-05 0.944806 9.991E-05 9.991E-05 0.00408069 9.991E-05 0.033691 9.991E-05 9.991E-05 9.991E-05
9.991E-05 9.991E-05 9.991E-05 0.00989553 0.0304116 0.934915 9.991E-05 9.991E-05 0.0237792 9.991E-05 9.991E-05 9.991E-05 9.991E-05 9.991E-05
9.9928E-05 0.0523374 0.0567738 9.9928E-05 9.9928E-05 0.772403 9.9928E-05 9.9928E-05 0.0303176 0.0794181 0.00795101 9.9928E-05 9.9928E-05 9.9928E-05
9.98829E-05 9.98829E-05 9.98829E-05 9.98829E-05 9.98829E-05 9.98829E-05 9.98829E-05 9.98829E-05 9.98829E-05 9.98829E-05 0.998702 9.98829E-05 9.98829E-05 9.98829E-05
9.9919E-05 9.9919E-05 9.9919E-05 0.0970565 9.9919E-05 0.705485 9.9919E-05 0.0570128 9.9919E-05 9.9919E-05 0.0299158 0.10963 9.9919E-05 9.9919E-05
9.9928E-05 0.0635918 9.9928E-05 0.0365209 9.9928E-05 0.766827 0.0243211 9.9928E-05 9.9928E-05 0.10698 9.9928E-05 0.000959142 9.9928E-05 9.9928E-05
9.9928E-05 9.9928E-05 9.9928E-05 0.107697 0.00506432 0.758454 9.9928E-05 0.0101727 9.9928E-05 9.9928E-05 0.0507058 0.0671069 9.9928E-05 9.9928E-05
9.9937E-05 0.00282345 0.104356 9.9937E-05 0.0466812 0.759422 0.00464171 9.9937E-05 9.9937E-05 9.9937E-05 0.0314849 9.9937E-05 0.0498913 9.9937E-05
9.9946E-05 9.9946E-05 0.060791 0.12994 9.9946E-05 0.667822 0.0326482 9.9946E-05 0.0243504 9.9946E-05 0.0543779 0.0263529 0.00311821 9.9946E-05
0.00878904 9.99369E-05 9.99369E-05 0.0255124 9.99369E-05 0.670579 0.0740189 0.0815316 9.99369E-05 9.99369E-05 0.0338778 9.99369E-05 0.104992 9.99369E-05
0.0188104 0.00297933 0.0239982 0.0699228 9.9973E-05 0.693302 0.0120729 0.136998 0.0175196 9.9973E-05 0.00278621 0.0170369 9.9973E-05 0.00427397
9.99549E-05 0.0117143 9.99549E-05 9.99549E-05 0.0077594 0.459951 0.0206842 0.288804 0.024338 9.99549E-05 9.99549E-05 0.0691885 0.105692 0.0113687
9.991E-05 0.138914 0.156807 9.991E-05 0.00482582 0.698454 9.991E-05 9.991E-05 9.991E-05 9.991E-05 9.991E-05 9.991E-05 9.991E-05 9.991E-05
9.9955E-05 0.0271957 0.643534 0.0396722 9.9955E-05 0.0229634 0.0245264 0.0523459 9.9955E-05 0.106015 0.00636376 9.9955E-05 0.0768841 9.9955E-05
0.00257656 9.99279E-05 0.707828 0.0394707 9.99279E-05 9.99279E-05 0.0137044 0.195331 0.0402894 9.99279E-05 9.99279E-05 9.99279E-05 9.99279E-05 9.99279E-05
9.9955E-05 0.0263075 0.66077 0.134461 0.00595157 9.9955E-05 0.0224757 0.0160815 9.9955E-05 0.0544312 9.9955E-05 0.0169116 9.9955E-05 0.062111
9.9928E-05 0.0684512 0.806417 9.9928E-05 0.00590505 0.0478974 9.9928E-05 9.9928E-05 0.0477785 9.9928E-05 9.9928E-05 9.9928E-05 0.0227515 9.9928E-05
0.0117894 0.0509861 0.607052 9.9955E-05 9.9955E-05 9.9955E-05 0.0436144 0.00393176 0.0161321 0.195396 0.029208 0.0413904 9.9955E-05 9.9955E-05
0.00544727 0.0290546 0.843259 0.0384028 0.0022375 9.9955E-05 9.9955E-05 0.0382396 9.9955E-05 9.9955E-05 0.0154179 9.9955E-05 0.0265459 0.000895887
0.00751291 0.0141199 0.515634 9.9973E-05 9.9973E-05 9.9973E-05 0.0177666 0.0492125 0.027001 0.187815 0.00805379 0.11016 0.0518736 0.0105508
0.0141498 0.0459875 0.777992 0.030647 9.9964E-05 0.0577693 0.0250009 0.025468 0.0144291 9.9964E-05 0.00667857 9.9964E-05 0.00147831 9.9964E-05
0.00685693 0.0141861 0.665477 0.0448026 9.9946E-05 0.0659545 9.9946E-05 9.9946E-05 9.9946E-05 0.0883862 9.9946E-05 0.0583617 9.9946E-05 0.0553752
9.9937E-05 0.0147006 0.871114 0.0162799 0.0435168 0.0165369 0.0105895 0.0265626 9.9937E-05 9.9937E-05 9.9937E-05 9.9937E-05 9.9937E-05 9.9937E-05
0.01055 0.0143678 0.709445 9.9946E-05 9.9946E-05 9.9946E-05 0.0168091 9.9946E-05 0.0157888 0.115164 0.0055729 9.9946E-05 0.111704 9.9946E-05
9.9928E-05 9.9928E-05 0.897286 9.9928E-05 0.0186889 9.9928E-05 0.0179764 9.9928E-05 0.0243334 9.9928E-05 0.0394685 9.9928E-05 9.9928E-05 0.00144789
9.9919E-05 0.0806028 0.461583 9.9919E-05 9.9919E-05 9.9919E-05 0.000381477 9.9919E-05 9.9919E-05 0.347844 9.9919E-05 9.9919E-05 0.10869 9.9919E-05
9.99363E-05 9.99363E-05 0.813685 0.0415152 0.0295594 0.0359811 9.99363E-05 9.99363E-05 0.0278361 9.99363E-05 9.99363E-05 9.99363E-05 0.050624 9.99363E-05
9.9937E-05 0.0270805 0.821456 9.9937E-05 0.0156659 9.9937E-05 0.0020223 9.9937E-05 0.0556398 9.9937E-05 0.00122278 0.076213 9.9937E-05 9.9937E-05
0.0534905 9.9937E-05 0.810996 0.0191601 9.9937E-05 9.9937E-05 0.0635795 9.9937E-05 9.9937E-05 0.0327641 9.9937E-05 9.9937E-05 0.00441828 0.014892
9.9937E-05 0.0120355 0.787032 9.9937E-05 0.0231794 0.0413083 9.9937E-05 0.0586095 0.0558061 9.9937E-05 9.9937E-05 9.9937E-05 9.9937E-05 0.0213297
0.0380936 0.0258236 0.785521 9.9946E-05 0.0195593 9.9946E-05 0.00446826 9.9946E-05 9.9946E-05 9.9946E-05 0.0186128 0.0643262 9.9946E-05 0.0429958
9.9973E-05 0.000541679 0.623344 0.00488356 0.0146328 0.0661062 9.9973E-05 0.161355 0.00145848 0.0731351 9.9973E-05 0.0448323 0.008678 0.000733025
0.0389195 9.9946E-05 0.716302 0.0723883 9.9946E-05 0.0186531 9.9946E-05 9.9946E-05 0.00465503 9.9946E-05 0.0367355 0.0135339 9.9946E-05 0.098213
9.9955E-05 0.169659 0.135271 0.064325 0.0165267 0.00919569 9.9955E-05 0.512312 9.9955E-05 9.9955E-05 0.0105158 0.0520349 9.9955E-05 0.0296598
9.9892E-05 0.99211 9.9892E-05 9.9892E-05 9.9892E-05 9.9892E-05 9.9892E-05 9.9892E-05 0.0066911 9.9892E-05 9.9892E-05 9.9892E-05 9.9892E-05 9.9892E-05
0.0583235 0.207725 0.0323316 0.00684864 0.00162052 9.9982E-05 0.0530135 0.50274 0.0500851 0.00933742 0.00451566 0.00675698 0.0665028 9.9982E-05
0.0396759 0.202816 0.0542041 0.151227 0.0121843 9.994E-05 0.0499131 0.46547 0.0239102 9.994E-05 9.994E-05 9.994E-05 9.994E-05 9.994E-05
0.0185413 0.399873 9.9928E-05 0.164045 0.0238107 9.9928E-05 0.00454883 0.388381 9.9928E-05 9.9928E-05 9.9928E-05 9.9928E-05 9.9928E-05 9.9928E-05
0.00665812 0.433957 0.119953 0.0822057 0.032604 9.9964E-05 0.0157733 0.261346 9.9964E-05 9.9964E-05 0.0177532 9.9964E-05 0.0180514 0.0112984
9.98828E-05 9.98828E-05 9.98828E-05 9.98828E-05 9.98828E-05 9.98828E-05 0.998702 9.98828E-05 9.98828E-05 9.98828E-05 9.98828E-05 9.98828E-05 9.98828E-05 9.98828E-05
9.98828E-05 0.998702 9.98828E-05 9.98828E-05 9.98828E-05 9.98828E-05 9.98828E-05 9.98828E-05 9.98828E-05 9.98828E-05 9.98828E-05 9.98828E-05 9.98828E-05 9.98828E-05
9.9955E-05 0.0450419 9.9955E-05 0.0792715 0.0356415 9.9955E-05 0.0230511 0.679722 0.0360375 0.0669721 9.9955E-05 0.0199615 9.9955E-05 0.0138012
0.00476965 0.467902 0.0104991 0.0420634 0.0405343 0.0931389 0.0578977 0.0960966 0.00759916 9.9982E-05 0.0191935 9.9982E-05 0.12404 0.0360658
0.0273703 0.526105 9.9955E-05 0.168723 0.0347542 9.9955E-05 0.0520795 0.0700713 9.9955E-05 9.9955E-05 0.000170899 9.9955E-05 0.0859382 0.0342875
0.0553384 0.597783 0.000508813 0.0441247 0.0260156 0.067823 0.0380862 0.116773 9.9964E-05 9.9964E-05 0.027493 9.9964E-05 9.9964E-05 0.0256552
0.0633139 0.593252 9.9964E-05 9.9964E-05 0.0265832 0.0815844 0.0544031 0.107227 0.0213856 9.9964E-05 0.0132918 0.031441 9.9964E-05 0.00711816
0.0117624 0.775299 0.0198761 0.0216409 0.0333622 9.9955E-05 0.0239953 0.0494282 0.0493358 9.9955E-05 9.9955E-05 0.0147998 9.9955E-05 9.9955E-05
0.0207599 0.53687 0.0731284 0.135295 0.0344462 9.9955E-05 0.0759869 0.0883508 0.0325849 9.9955E-05 0.0020782 9.9955E-05 9.9955E-05 9.9955E-05
0.0114262 0.500588 0.0270032 0.0117493 0.0201036 0.0672905 0.0158495 0.31439 0.0260772 9.9964E-05 0.00512233 9.9964E-05 9.9964E-05 9.9964E-05
9.9937E-05 0.0734255 9.9937E-05 0.43616 0.0219841 9.9937E-05 9.9937E-05 0.409604 9.9937E-05 0.0398845 9.9937E-05 0.0167211 9.9937E-05 0.00152114
0.0132884 0.359365 0.199621 0.20503 0.0534595 9.9955E-05 0.0195604 9.9955E-05 0.0116474 0.0980607 0.0394677 9.9955E-05 9.9955E-05 9.9955E-05
9.9955E-05 0.478479 0.247363 0.0404657 0.030417 0.00197215 0.0219149 0.0286108 9.9955E-05 9.9955E-05 9.9955E-05 9.9955E-05 0.063123 0.0871543
0.0271593 0.323327 0.201106 9.9937E-05 0.0129344 9.9937E-05 9.9937E-05 0.113576 9.9937E-05 0.237223 9.9937E-05 9.9937E-05 9.9937E-05 0.0839747
9.98828E-05 9.98828E-05 9.98828E-05 9.98828E-05 9.98828E-05 9.98828E-05 0.998702 9.98828E-05 9.98828E-05 9.98828E-05 9.98828E-05 9.98828E-05 9.98828E-05 9.98828E-05
0.0688352 0.246022 0.132839 0.0350839 0.0474596 0.0282384 0.0124166 0.270764 9.9973E-05 9.9973E-05 0.0332726 0.0530449 9.9973E-05 0.0717236
0.0360218 0.32381 0.180292 0.0223022 0.0265378 9.9937E-05 0.0720389 0.338298 9.9937E-05 9.9937E-05 9.9937E-05 9.9937E-05 9.9937E-05 9.9937E-05
0.0161292 0.683009 0.0406706 0.0237454 0.0615895 0.0528482 9.9973E-05 9.9973E-05 0.00642249 0.0405278 0.000443007 0.0226657 9.9973E-05 0.0516494
0.0382574 0.40468 0.00266013 0.0179997 0.00807749 0.046939 0.028518 0.328395 0.0551005 9.9964E-05 9.9964E-05 9.9964E-05 0.0689734 9.9964E-05
0.0348198 0.454892 0.0991503 9.9937E-05 0.00200526 9.9937E-05 0.0516137 0.271451 9.9937E-05 9.9937E-05 9.9937E-05 9.9937E-05 9.9937E-05 0.0853676
0.0562136 0.119191 0.283771 0.0104268 0.0474566 0.00886393 9.9973E-05 0.218802 9.9973E-05 9.9973E-05 0.0122367 0.0767844 0.14122 0.0247333
9.9919E-05 9.9919E-05 0.193407 9.9919E-05 0.00464781 9.9919E-05 0.0321367 0.165383 9.9919E-05 9.9919E-05 9.9919E-05 9.9919E-05 0.603526 9.9919E-05
9.9964E-05 0.337664 0.0958452 0.0619824 0.00263123 0.0757712 9.9964E-05 0.216786 0.0588854 9.9964E-05 0.00048831 0.0644232 0.0851232 9.9964E-05
0.0167117 0.729502 0.0331373 9.9955E-05 0.0465437 0.018763 0.00613722 9.9955E-05 9.9955E-05 9.9955E-05 0.00167593 9.9955E-05 0.111892 0.035138
9.9928E-05 0.689191 0.0387589 0.00581597 0.0680418 9.9928E-05 9.9928E-05 9.9928E-05 0.0230788 9.9928E-05 9.9928E-05 0.174314 9.9928E-05 9.9928E-05
0.042349 0.539725 0.0124637 0.0326142 9.9955E-05 0.0212281 9.9955E-05 0.216388 9.9955E-05 0.0391465 9.9955E-05 0.0807266 9.9955E-05 0.0148586
0.201706 9.98919E-05 9.98919E-05 9.98919E-05 9.98919E-05 9.98919E-05 9.98919E-05 0.797095 9.98919E-05 9.98919E-05 9.98919E-05 9.98919E-05 9.98919E-05 9.98919E-05
0.0365688 0.0897747 0.111361 0.133637 0.0382875 9.9955E-05 0.140223 0.413938 9.9955E-05 9.9955E-05 0.00982659 9.9955E-05 9.9955E-05 0.0258845
0.00833542 0.425202 0.08315 0.137585 0.0346082 9.9955E-05 0.0687052 0.18866 0.0197417 9.9955E-05 9.9955E-05 0.0335121 9.9955E-05 9.9955E-05
9.9946E-05 0.0132927 9.9946E-05 9.9946E-05 0.0120731 0.0582649 9.9946E-05 0.726237 0.0448435 0.00315851 0.0171584 0.124373 9.9946E-05 9.9946E-05
9.9946E-05 9.9946E-05 0.00950158 9.9946E-05 0.0268016 0.190136 0.0265083 0.729865 0.00877331 9.9946E-05 0.00110955 0.00670518 9.9946E-05 9.9946E-05
9.9937E-05 9.9937E-05 9.9937E-05 9.9937E-05 0.0133621 0.0216628 0.0537569 0.760156 0.0427759 9.9937E-05 9.9937E-05 0.0755958 0.031991 9.9937E-05
9.9964E-05 0.245993 9.9964E-05 0.022203 9.9964E-05 0.0554685 0.0332448 0.449968 0.0748192 0.0492216 0.00948514 9.9964E-05 0.0494287 0.0097686
0.0150133 0.00292374 9.99603E-05 0.200135 0.0604778 9.99603E-05 0.0279539 0.427142 0.0228252 0.0970272 9.99603E-05 9.99603E-05 0.146002 9.99603E-05
0.00832096 0.32735 0.141457 0.0455852 0.0426602 9.9946E-05 0.0341069 0.340817 9.9946E-05 9.9946E-05 9.9946E-05 9.9946E-05 9.9946E-05 0.059103
0.0275801 0.421353 0.0807046 0.152358 0.0421057 0.0705996 0.0262916 0.154459 0.0240481 9.9955E-05 9.9955E-05 9.9955E-05 9.9955E-05 9.9955E-05
0.0222122 0.404648 0.0445485 0.0114252 0.0696162 9.9955E-05 0.0100727 0.355137 9.9955E-05 0.0534308 9.9955E-05 9.9955E-05 9.9955E-05 0.0284093
0.0240668 0.217996 9.9973E-05 0.124216 0.032656 0.0250062 0.0157691 0.481309 0.0262454 0.00844479 0.0120982 9.9973E-05 0.0318931 9.9973E-05
0.103968 0.457304 0.0401981 0.0187014 0.0352 9.99844E-05 0.038451 0.174793 0.0100307 9.99844E-05 0.0118374 0.0613936 0.038842 0.00908006
9.9955E-05 0.556372 0.0207277 0.103246 0.00674101 9.9955E-05 0.0117386 0.229262 9.9955E-05 9.9955E-05 0.0154772 0.0431732 9.9955E-05 0.0127636
0.998702 9.98828E-05 9.98828E-05 9.98828E-05 9.98828E-05 9.98828E-05 9.98828E-05 9.98828E-05 9.98828E-05 9.98828E-05 9.98828E-05 9.98828E-05 9.98828E-05 9.98828E-05
0.0373419 0.245838 0.0777748 0.100201 0.0434137 9.9973E-05 0.00885294 0.399877 0.00925394 9.9973E-05 0.017524 0.0185815 9.9973E-05 0.0410418
0.039009 0.102829 0.0686952 9.9928E-05 9.9928E-05 0.0155794 0.0605665 0.712521 9.9928E-05 9.9928E-05 9.9928E-05 9.9928E-05 9.9928E-05 9.9928E-05
0.0231944 0.300773 0.0205489 9.9973E-05 9.9973E-05 9.9973E-05 0.0302703 0.489619 0.0126407 0.0238224 0.0218688 0.0615768 0.0106093 0.00477598
0.00307655 0.568223 0.15472 0.0432536 0.0186689 9.9946E-05 0.0094845 0.171277 9.9946E-05 9.9946E-05 9.9946E-05 9.9946E-05 9.9946E-05 0.0306969
9.9937E-05 0.16734 0.0569979 0.192466 0.0543754 9.9937E-05 0.0184778 0.48904 0.0206038 9.9937E-05 9.9937E-05 9.9937E-05 9.9937E-05 9.9937E-05
0.0154462 0.272243 0.0396101 0.169018 0.0317111 0.101017 0.015342 0.302331 9.9973E-05 9.9973E-05 0.00164957 9.9973E-05 0.00206211 0.0492703
9.98829E-05 9.98829E-05 9.98829E-05 9.98829E-05 0.998702 9.98829E-05 9.98829E-05 9.98829E-05 9.98829E-05 9.98829E-05 9.98829E-05 9.98829E-05 9.98829E-05 9.98829E-05
0.998702 9.98828E-05 9.98828E-05 9.98828E-05 9.98828E-05 9.98828E-05 9.98828E-05 9.98828E-05 9.98828E-05 9.98828E-05 9.98828E-05 9.98828E-05 9.98828E-05 9.98828E-05
9.98829E-05 9.98829E-05 9.98829E-05 9.98829E-05 0.998702 9.98829E-05 9.98829E-05 9.98829E-05 9.98829E-05 9.98829E-05 9.98829E-05 9.98829E-05 9.98829E-05 9.98829E-05
0.00118631 0.0910609 9.9928E-05 9.9928E-05 9.9928E-05 9.9928E-05 0.0309632 0.818434 0.0236588 9.9928E-05 9.9928E-05 0.0338971 9.9928E-05 9.9928E-05
0.0236861 0.121871 9.9955E-05 9.9955E-05 0.0662342 0.0107355 0.0173144 0.631728 0.0238437 9.9955E-05 0.0424375 0.0616499 9.9955E-05 9.9955E-05
0.0272721 0.147002 9.9946E-05 0.0437848 0.0248451 0.107006 9.9946E-05 0.584465 9.9946E-05 9.9946E-05 9.9946E-05 9.9946E-05 0.0274677 0.0375579
0.0339477 0.412667 0.0765458 9.9955E-05 0.0699498 9.9955E-05 0.0326151 0.309137 0.0106412 9.9955E-05 0.0180648 9.9955E-05 9.9955E-05 0.0359325
0.0488742 0.495726 0.131948 0.149222 0.026119 9.9964E-05 0.0416093 0.0681601 9.9964E-05 9.9964E-05 0.0188041 9.9964E-05 0.00420425 0.0149335
0.149882 9.98919E-05 9.98919E-05 9.98919E-05 9.98919E-05 9.98919E-05 9.98919E-05 0.848919 9.98919E-05 9.98919E-05 9.98919E-05 9.98919E-05 9.98919E-05 9.98919E-05
0.0575268 0.18958 9.9946E-05 0.0644157 0.0247765 9.9946E-05 9.9946E-05 0.455512 0.0705788 0.0628418 9.9946E-05 9.9946E-05 0.0741697 9.9946E-05
9.9928E-05 0.152504 9.9928E-05 0.745691 9.9928E-05 9.9928E-05 9.9928E-05 0.0733712 0.0141142 9.9928E-05 0.00588886 0.00763134 9.9928E-05 9.9928E-05
0.005732 9.991E-05 9.991E-05 0.961454 0.0102908 9.991E-05 0.0215238 9.991E-05 9.991E-05 9.991E-05 9.991E-05 9.991E-05 9.991E-05 9.991E-05
0.0207334 0.0468147 9.9946E-05 0.807755 0.0182599 9.9946E-05 0.00788901 9.9946E-05 0.0342929 0.0177084 0.0459472 9.9946E-05 9.9946E-05 9.9946E-05
9.9919E-05 9.9919E-05 9.9919E-05 0.855696 9.9919E-05 9.9919E-05 0.0173123 0.106147 9.9919E-05 9.9919E-05 0.011667 9.9919E-05 9.9919E-05 0.00827862
0.0293015 9.9955E-05 0.0328122 0.778996 0.0404875 0.0263737 9.9955E-05 0.0461227 0.0153134 9.9955E-05 0.0150846 0.0150084 9.9955E-05 9.9955E-05
9.9928E-05 0.0335107 9.9928E-05 0.841411 9.9928E-05 0.04995 0.015981 9.9928E-05 9.9928E-05 9.9928E-05 0.00810227 0.050246 9.9928E-05 9.9928E-05
9.9901E-05 9.9901E-05 0.00143747 0.984729 9.9901E-05 9.9901E-05 9.9901E-05 9.9901E-05 0.0127344 9.9901E-05 9.9901E-05 9.9901E-05 9.9901E-05 9.9901E-05
0.0143518 9.9919E-05 9.9919E-05 0.827623 9.9919E-05 0.0615648 9.9919E-05 0.0547649 9.9919E-05 9.9919E-05 9.9919E-05 9.9919E-05 9.9919E-05 0.0407966
0.00494492 9.9937E-05 0.0115501 0.918623 0.00908756 9.9937E-05 9.9937E-05 9.9937E-05 0.00121855 0.0431703 9.9937E-05 9.9937E-05 0.010706 9.9937E-05
0.0199982 0.00892488 0.0720018 0.711628 0.0163232 9.9964E-05 0.00605606 0.0376823 9.9964E-05 0.0634108 0.0551081 9.9964E-05 9.9964E-05 0.00846681
9.9964E-05 0.0999033 0.0416549 0.739794 0.00981362 0.0375663 9.9964E-05 0.0455046 0.00229706 9.9964E-05 0.0132835 9.9964E-05 0.00199321 0.00778959
0.0189746 9.9955E-05 0.0213912 0.0421014 0.033655 0.0292543 0.00486028 0.0138166 0.0197695 9.9955E-05 9.9955E-05 0.815677 9.9955E-05 9.9955E-05
0.0204563 0.00281286 9.9955E-05 0.130358 9.9955E-05 9.9955E-05 0.0138478 9.9955E-05 0.00716692 0.0338897 0.0226221 0.547956 0.22039 9.9955E-05
0.0136256 0.0713981 0.0412554 9.9964E-05 0.0233906 0.0044059 0.00154397 9.9964E-05 0.0155379 0.070393 0.0353666 0.722683 9.9964E-05 9.9964E-05
9.9946E-05 0.0183094 0.0656649 9.9946E-05 0.00696704 0.0229495 9.9946E-05 9.9946E-05 9.9946E-05 0.0870857 9.9946E-05 0.533161 0.19861 0.0666533
9.9928E-05 9.9928E-05 0.135443 9.9928E-05 9.9928E-05 9.9928E-05 0.0604469 0.0604048 0.0363148 9.9928E-05 0.0360912 0.6705 9.9928E-05 9.9928E-05
0.0124862 9.9964E-05 9.9964E-05 0.0881831 0.0124155 9.9964E-05 0.0166942 0.069014 0.0018577 0.0202361 0.0262558 0.476258 0.276199 9.9964E-05
0.0476331 9.9937E-05 0.0482261 9.9937E-05 9.9937E-05 0.0170011 0.00175361 9.9937E-05 9.9937E-05 0.0215492 9.9937E-05 0.832674 9.9937E-05 0.0304631
0.0130374 0.0158233 9.9946E-05 0.0948354 9.9946E-05 9.9946E-05 0.00723677 9.9946E-05 0.00459674 9.9946E-05 0.0189959 0.586079 0.258795 9.9946E-05
9.99595E-05 0.022175 9.99595E-05 9.99595E-05 0.0571596 0.0173264 9.99595E-05 0.163268 0.026264 0.169037 0.00786585 0.529364 9.99595E-05 0.00704065
0.0088645 9.9919E-05 0.180834 0.13751 9.9919E-05 9.9919E-05 9.9919E-05 9.9919E-05 0.00382111 9.9919E-05 9.9919E-05 0.668071 9.9919E-05 9.9919E-05
9.995E-05 0.0119186 0.0675929 0.015408 0.0105082 9.995E-05 0.0311455 9.995E-05 0.0148605 9.995E-05 0.00894236 0.829582 9.995E-05 0.00954242
9.99201E-05 0.0206232 0.127468 9.99201E-05 9.99201E-05 9.99201E-05 9.99201E-05 9.99201E-05 9.99201E-05 9.99201E-05 0.00357743 0.400692 0.381743 0.0650964
0.000845399 9.9973E-05 0.0330514 0.0340773 0.0217193 0.0366264 9.9973E-05 0.068414 9.9973E-05 0.06058 0.0121711 0.516298 0.168216 0.0477012
0.00754715 9.9946E-05 9.9946E-05 0.0582878 9.9946E-05 9.9946E-05 0.0167842 0.158133 0.0133175 0.175333 9.9946E-05 0.183581 0.386416 9.9946E-05
9.991E-05 0.0641043 9.991E-05 9.991E-05 9.991E-05 0.0631441 9.991E-05 9.991E-05 0.0396376 9.991E-05 9.991E-05 9.991E-05 0.832115 9.991E-05
9.991E-05 9.991E-05 9.991E-05 9.991E-05 9.991E-05 9.991E-05 0.013989 0.1039 0.024605 9.991E-05 9.991E-05 9.991E-05 0.856507 9.991E-05
9.9919E-05 9.9919E-05 0.0252336 0.0477431 9.9919E-05 9.9919E-05 0.00544708 9.9919E-05 9.9919E-05 9.9919E-05 9.9919E-05 0.0134807 0.907196 9.9919E-05
9.9919E-05 0.0716785 9.9919E-05 9.9919E-05 0.00967249 9.9919E-05 9.9919E-05 9.9919E-05 0.017007 9.9919E-05 0.00163877 9.9919E-05 0.899104 9.9919E-05
9.98831E-05 9.98831E-05 9.98831E-05 9.98831E-05 9.98831E-05 9.98831E-05 9.98831E-05 9.98831E-05 9.98831E-05 9.98831E-05 9.98831E-05 9.98831E-05 0.998702 9.98831E-05
9.9928E-05 9.9928E-05 9.9928E-05 9.9928E-05 9.9928E-05 9.9928E-05 0.0596317 0.0225041 0.0153268 0.114186 0.000367771 9.9928E-05 0.787184 9.9928E-05
0.0185337 9.9937E-05 9.9937E-05 9.9937E-05 0.0051624 0.00099347 0.0155633 0.17933 9.9937E-05 9.9937E-05 9.9937E-05 9.9937E-05 0.771539 0.00817906
9.9937E-05 9.9937E-05 9.9937E-05 0.0774918 0.027352 0.014749 9.9937E-05 9.9937E-05 9.9937E-05 0.0401077 0.00340191 0.0867886 0.749409 9.9937E-05
0.00611264 9.9955E-05 9.9955E-05 0.0124615 0.0533969 0.029292 0.00110779 0.10315 9.9955E-05 9.9955E-05 9.9955E-05 0.584033 0.198172 0.011774
0.000898886 9.9955E-05 9.9955E-05 9.9955E-05 0.0023814 9.9955E-05 0.0221403 0.101578 0.0116179 0.039885 9.9955E-05 0.701748 0.0996628 0.019588
0.0313774 9.9928E-05 9.9928E-05 9.9928E-05 9.9928E-05 0.0883757 9.9928E-05 0.134857 0.0107936 9.9928E-05 9.9928E-05 0.700265 9.9928E-05 0.0335312
9.9937E-05 9.9937E-05 9.9937E-05 0.0524922 9.9937E-05 0.025661 9.9937E-05 0.154797 9.9937E-05 0.0134141 0.0219488 0.699215 9.9937E-05 0.0317726
9.99459E-05 9.99459E-05 9.99459E-05 9.99459E-05 0.0319206 9.99459E-05 0.0125624 0.00748022 0.00612268 0.175176 0.0319865 0.615305 0.118847 9.99459E-05
0.0120411 0.0238969 9.9937E-05 9.9937E-05 0.00402418 9.9937E-05 9.9937E-05 0.0416902 9.9937E-05 0.176777 9.9937E-05 0.663707 9.9937E-05 0.0771633
0.00630075 0.00962748 9.9973E-05 0.0143683 0.0123706 0.00153995 9.9973E-05 0.0715373 9.9973E-05 0.0742346 0.0177476 0.403722 0.34952 0.0387315
0.0342325 9.99281E-05 0.126869 9.99281E-05 0.0148367 0.0309555 9.99281E-05 0.000269821 9.99281E-05 9.99281E-05 9.99281E-05 0.792037 9.99281E-05 9.99281E-05
0.00668106 0.0763524 0.0622385 9.9928E-05 0.026324 9.9928E-05 9.9928E-05 9.9928E-05 9.9928E-05 0.042382 9.9928E-05 0.785223 9.9928E-05 9.9928E-05
0.0138316 9.9946E-05 0.119311 9.9946E-05 9.9946E-05 0.0319483 9.9946E-05 0.108162 0.0408196 0.0954488 9.9946E-05 0.550161 0.0397182 9.9946E-05
9.9955E-05 0.0197516 0.0918343 9.9955E-05 9.9955E-05 0.0750993 0.00113244 0.0712786 0.00533331 9.9955E-05 0.00581178 0.510839 0.21842 9.9955E-05
0.0321032 9.9946E-05 9.9946E-05 9.9946E-05 0.0278262 0.0595359 9.9946E-05 0.0233857 0.0295063 9.9946E-05 0.0122181 0.634689 0.180136 9.9946E-05
9.9928E-05 9.9928E-05 9.9928E-05 9.9928E-05 0.0118667 9.9928E-05 0.00654019 0.096731 0.018557 9.9928E-05 0.0326818 0.832824 9.9928E-05 9.9928E-05
9.99011E-05 9.99011E-05 9.99011E-05 9.99011E-05 0.00630234 9.99011E-05 9.99011E-05 9.99011E-05 0.00884389 0.983755 9.99011E-05 9.99011E-05 9.99011E-05 9.99011E-05
0.0110751 9.9919E-05 9.9919E-05 9.9919E-05 9.9919E-05 9.9919E-05 0.0014332 0.131386 9.9919E-05 0.841616 9.9919E-05 0.0135904 9.9919E-05 9.9919E-05
9.9928E-05 9.9928E-05 9.9928E-05 9.9928E-05 9.9928E-05 9.9928E-05 9.9928E-05 0.102448 0.00256796 0.812913 0.0036004 9.9928E-05 0.0654379 0.0122333
9.9919E-05 0.0531586 9.9919E-05 9.9919E-05 0.00243668 9.9919E-05 9.9919E-05 0.0382796 9.9919E-05 0.86134 9.9919E-05 9.9919E-05 9.9919E-05 0.0438857
9.991E-05 0.0966424 9.991E-05 9.991E-05 9.991E-05 9.991E-05 9.991E-05 9.991E-05 9.991E-05 0.814705 9.991E-05 9.991E-05 0.0162094 0.0714442
0.0105378 9.9919E-05 9.9919E-05 0.0294857 0.0104863 9.9919E-05 0.0173539 9.9919E-05 9.9919E-05 0.931237 9.9919E-05 9.9919E-05 9.9919E-05 9.9919E-05
9.98831E-05 9.98831E-05 9.98831E-05 9.98831E-05 9.98831E-05 9.98831E-05 9.98831E-05 9.98831E-05 9.98831E-05 0.998702 9.98831E-05 9.98831E-05 9.98831E-05 9.98831E-05
9.9928E-05 9.9928E-05 0.0481579 0.0242018 0.0086099 0.121151 9.9928E-05 9.9928E-05 9.9928E-05 0.755434 9.9928E-05 9.9928E-05 9.9928E-05 0.0416459
