0.00397343 0.101366 9.9928E-05 9.9928E-05 0.00382884 9.9928E-05 9.9928E-05 0.864608 9.9928E-05 0.0169501 9.9928E-05 0.00847465 9.9928E-05 9.9928E-05
0.11909 9.9937E-05 9.9937E-05 0.0825479 0.00698362 0.0145045 9.9937E-05 0.660353 0.0827512 9.9937E-05 9.9937E-05 0.0330702 9.9937E-05 9.9937E-05
0.0755483 9.9937E-05 0.0334509 0.0166481 0.0174119 9.9937E-05 9.9937E-05 0.769015 0.0386988 9.9937E-05 9.9937E-05 9.9937E-05 9.9937E-05 0.0485271
0.0498858 9.9946E-05 0.00459149 0.0828154 0.0371784 9.9946E-05 9.9946E-05 0.711185 0.0957312 9.9946E-05 9.9946E-05 0.0146703 9.9946E-05 0.00334289
9.9928E-05 9.9928E-05 0.118299 0.0675916 9.9928E-05 0.00919468 0.0161892 0.743755 0.0441714 9.9928E-05 9.9928E-05 9.9928E-05 9.9928E-05 9.9928E-05
9.9955E-05 0.00610722 0.00339584 0.0342198 9.9955E-05 0.0418259 0.016977 0.82253 0.0319909 9.9955E-05 9.9955E-05 0.0326292 0.00982466 9.9955E-05
9.9901E-05 0.134414 9.9901E-05 9.9901E-05 9.9901E-05 9.9901E-05 0.0185042 0.845983 9.9901E-05 9.9901E-05 9.9901E-05 9.9901E-05 9.9901E-05 9.9901E-05
9.9946E-05 9.9946E-05 0.061671 0.0310939 0.000232986 9.9946E-05 0.0169402 0.805251 9.9946E-05 9.9946E-05 0.00794462 0.0160153 0.0602518 9.9946E-05
9.9919E-05 9.9919E-05 9.9919E-05 0.0979405 0.0116345 9.9919E-05 9.9919E-05 0.738272 0.102323 9.9919E-05 0.0489307 9.9919E-05 9.9919E-05 9.9919E-05
0.00151354 0.0373324 9.9937E-05 9.9937E-05 9.9937E-05 9.9937E-05 0.0114173 0.762797 0.146109 9.9937E-05 0.0157166 9.9937E-05 9.9937E-05 0.0244147
0.0645668 9.9937E-05 9.9937E-05 0.022396 9.9937E-05 9.9937E-05 9.9937E-05 0.694109 0.138784 9.9937E-05 0.041157 0.0298655 9.9937E-05 0.00842258
0.0836884 9.9937E-05 0.031377 9.9937E-05 0.0177933 9.9937E-05 0.0124652 0.719112 0.105073 9.9937E-05 9.9937E-05 9.9937E-05 9.9937E-05 0.0297917
9.9937E-05 0.0719026 0.0853893 9.9937E-05 0.0154945 0.00634095 9.9937E-05 0.70893 0.0961745 9.9937E-05 0.0150691 9.9937E-05 9.9937E-05 9.9937E-05
0.159327 9.9928E-05 9.9928E-05 0.160833 9.9928E-05 9.9928E-05 9.9928E-05 0.619893 0.0191065 9.9928E-05 9.9928E-05 0.0049924 9.9928E-05 0.0350489
9.993E-05 9.993E-05 0.0372083 0.0703091 0.00818079 9.993E-05 9.993E-05 0.784391 9.993E-05 0.0241884 0.0520326 9.993E-05 9.993E-05 0.02299
9.99191E-05 9.99191E-05 9.99191E-05 0.107218 9.99191E-05 9.99191E-05 0.00101334 0.817278 9.99191E-05 0.0721884 9.99191E-05 0.00140237 9.99191E-05 9.99191E-05
9.9901E-05 9.9901E-05 9.9901E-05 9.9901E-05 9.9901E-05 0.00806515 9.9901E-05 0.894357 9.9901E-05 0.0964791 9.9901E-05 9.9901E-05 9.9901E-05 9.9901E-05
9.9901E-05 9.9901E-05 9.9901E-05 9.9901E-05 9.9901E-05 0.0215439 9.9901E-05 0.903913 9.9901E-05 0.0734444 9.9901E-05 9.9901E-05 9.9901E-05 9.9901E-05
9.9901E-05 9.9901E-05 9.9901E-05 9.9901E-05 9.9901E-05 0.0505815 9.9901E-05 0.865377 9.9901E-05 0.0829425 9.9901E-05 9.9901E-05 9.9901E-05 9.9901E-05
0.0157998 9.9937E-05 9.9937E-05 9.9937E-05 9.9937E-05 0.0145336 0.0174773 0.855926 9.9937E-05 0.0598021 0.00702786 9.9937E-05 9.9937E-05 0.0287341
9.98829E-05 9.98829E-05 9.98829E-05 9.98829E-05 9.98829E-05 9.98829E-05 9.98829E-05 9.98829E-05 9.98829E-05 9.98829E-05 9.98829E-05 9.98829E-05 9.98829E-05 0.998702
0.204032 0.10417 9.9919E-05 9.9919E-05 0.0111309 9.9919E-05 9.9919E-05 9.9919E-05 0.099884 9.9919E-05 9.9919E-05 9.9919E-05 9.9919E-05 0.579884
9.9946E-05 0.0206325 9.9946E-05 0.0267096 9.9946E-05 0.0958802 0.0192665 0.0381001 0.173898 9.9946E-05 0.0270728 9.9946E-05 9.9946E-05 0.59784
0.0665417 9.9955E-05 0.000609692 9.9955E-05 9.9955E-05 0.0557681 0.00651131 9.9955E-05 0.0760808 0.0017847 9.9955E-05 0.0177537 0.0842536 0.690197
9.9919E-05 9.9919E-05 0.0707267 9.9919E-05 9.9919E-05 9.9919E-05 0.0145665 9.9919E-05 0.0463524 9.9919E-05 0.0473706 9.9919E-05 9.9919E-05 0.820084
9.9946E-05 9.9946E-05 0.109957 9.9946E-05 0.00681916 0.0360414 9.9946E-05 0.00188294 0.0441432 0.0114055 9.9946E-05 0.0266773 9.9946E-05 0.762474
9.9928E-05 9.9928E-05 0.131194 0.00758543 9.9928E-05 0.0381452 9.9928E-05 9.9928E-05 0.214128 9.9928E-05 0.00792754 9.9928E-05 9.9928E-05 0.60022
9.98828E-05 9.98828E-05 9.98828E-05 9.98828E-05 9.98828E-05 9.98828E-05 9.98828E-05 9.98828E-05 9.98828E-05 9.98828E-05 9.98828E-05 9.98828E-05 9.98828E-05 0.998702
0.0882808 9.9946E-05 0.139208 0.067537 9.9946E-05 0.00124441 0.0092817 9.9946E-05 9.9946E-05 0.023893 9.9946E-05 9.9946E-05 0.0337594 0.636196
0.0708707 9.9946E-05 0.0943713 0.0351593 9.9946E-05 0.031193 9.9946E-05 9.9946E-05 0.0659366 9.9946E-05 9.9946E-05 0.0347534 0.126946 0.54017
0.105382 0.0579428 0.0592123 0.0597596 0.0173462 9.9946E-05 9.9946E-05 9.9946E-05 0.0402735 9.9946E-05 0.000989725 9.9946E-05 9.9946E-05 0.658494
9.9937E-05 9.9937E-05 0.0619292 0.0507751 9.9937E-05 0.073531 0.0016207 9.9937E-05 9.9937E-05 0.131597 9.9937E-05 0.0488256 9.9937E-05 0.631022
9.9937E-05 9.9937E-05 0.160716 0.0519016 9.9937E-05 9.9937E-05 0.00368044 0.0199137 9.9937E-05 9.9937E-05 9.9937E-05 0.00316134 0.15509 0.604837
0.0575911 0.120548 9.9955E-05 0.00643937 0.0333358 9.9955E-05 0.0232305 9.9955E-05 0.0367885 9.9955E-05 0.0890324 0.0166443 9.9955E-05 0.61589
0.119295 0.00928804 0.0926155 0.0274883 9.9955E-05 9.9955E-05 0.0257252 0.0265467 9.9955E-05 0.0470667 0.0887004 9.9955E-05 9.9955E-05 0.562774
0.384627 0.0814835 9.99369E-05 0.0732908 0.054023 0.00325087 9.99369E-05 0.0314295 9.99369E-05 9.99369E-05 9.99369E-05 9.99369E-05 9.99369E-05 0.371196
0.0525241 9.9955E-05 9.9955E-05 0.0283817 0.0403099 0.0607293 9.9955E-05 0.00023009 9.9955E-05 0.168295 0.0745572 9.9955E-05 0.0432862 0.531187
0.0499634 0.0717629 9.9937E-05 9.9937E-05 0.000281513 0.1003 9.9937E-05 9.9937E-05 9.9937E-05 0.698289 9.9937E-05 9.9937E-05 0.0716807 0.0070235
0.10744 0.00421767 9.99189E-05 9.99189E-05 9.99189E-05 0.0195333 9.99189E-05 9.99189E-05 9.99189E-05 9.99189E-05 0.0351618 9.99189E-05 0.832748 9.99189E-05
9.9955E-05 9.9955E-05 9.9955E-05 0.0494912 0.00800891 0.0136261 0.00753515 0.00766994 0.089413 0.198059 0.0496671 9.9955E-05 0.57603 9.9955E-05
9.991E-05 0.0776024 9.991E-05 9.991E-05 0.00723971 9.991E-05 9.991E-05 9.991E-05 9.991E-05 0.82985 0.0843088 9.991E-05 9.991E-05 9.991E-05
0.0479348 9.9946E-05 9.9946E-05 0.0132561 0.0418635 0.0353308 0.00286738 9.9946E-05 0.0769502 0.766895 9.9946E-05 0.0143023 9.9946E-05 9.9946E-05
9.9892E-05 9.9892E-05 9.9892E-05 9.9892E-05 0.00244245 9.9892E-05 9.9892E-05 9.9892E-05 9.9892E-05 9.9892E-05 9.9892E-05 9.9892E-05 0.996359 9.9892E-05
9.9955E-05 0.153933 9.9955E-05 9.9955E-05 0.0015091 0.0634941 0.0188528 0.0174646 0.251708 0.234635 9.9955E-05 0.013165 0.244739 9.9955E-05
9.9901E-05 9.9901E-05 9.9901E-05 9.9901E-05 9.9901E-05 0.0363999 0.00605386 9.9901E-05 9.9901E-05 9.9901E-05 9.9901E-05 9.9901E-05 0.956447 9.9901E-05
9.9946E-05 9.9946E-05 0.0504983 0.0489016 9.9946E-05 0.0538222 0.0134915 0.0134248 0.213227 0.413671 9.9946E-05 9.9946E-05 0.192364 9.9946E-05
9.9919E-05 9.9919E-05 9.9919E-05 0.000364714 0.00346556 9.9919E-05 0.00599498 9.9919E-05 9.9919E-05 0.943491 0.0457849 9.9919E-05 9.9919E-05 9.9919E-05
9.9928E-05 0.0741458 9.9928E-05 9.9928E-05 0.0127752 9.9928E-05 9.9928E-05 9.9928E-05 0.095409 0.618455 0.00734405 9.9928E-05 0.191071 9.9928E-05
9.9892E-05 9.9892E-05 9.9892E-05 9.9892E-05 9.9892E-05 9.9892E-05 0.000494146 9.9892E-05 9.9892E-05 0.998307 9.9892E-05 9.9892E-05 9.9892E-05 9.9892E-05
9.9928E-05 0.0859666 9.9928E-05 9.9928E-05 0.0205565 9.9928E-05 0.011628 9.9928E-05 0.250456 0.561791 0.068803 9.9928E-05 9.9928E-05 9.9928E-05
0.00522539 9.9928E-05 9.9928E-05 9.9928E-05 0.0218696 9.9928E-05 0.00281201 9.9928E-05 0.000416685 0.0598064 9.9928E-05 9.9928E-05 0.909071 9.9928E-05
9.991E-05 9.991E-05 9.991E-05 0.0943082 0.0119976 9.991E-05 9.991E-05 9.991E-05 9.991E-05 0.892034 9.991E-05 9.991E-05 0.000660772 9.991E-05
9.99099E-05 9.99099E-05 0.0619108 9.99099E-05 9.99099E-05 9.99099E-05 0.0561593 9.99099E-05 0.0617634 0.819167 9.99099E-05 9.99099E-05 9.99099E-05 9.99099E-05
0.0890274 9.9901E-05 9.9901E-05 9.9901E-05 9.9901E-05 9.9901E-05 9.9901E-05 0.058398 9.9901E-05 0.851476 9.9901E-05 9.9901E-05 9.9901E-05 9.9901E-05
9.991E-05 9.991E-05 9.991E-05 9.991E-05 9.991E-05 0.032206 0.0140327 9.991E-05 9.991E-05 9.991E-05 9.991E-05 0.0166837 0.936078 9.991E-05
0.0498707 0.00244918 9.9919E-05 9.9919E-05 0.00187319 9.9919E-05 9.9919E-05 9.9919E-05 0.0272055 9.9919E-05 9.9919E-05 9.9919E-05 0.917702 9.9919E-05
9.9919E-05 9.9919E-05 9.9919E-05 9.9919E-05 9.9919E-05 9.9919E-05 0.0359357 0.0341613 9.9919E-05 0.114717 9.9919E-05 9.9919E-05 0.805314 0.00897312
0.317911 9.9946E-05 0.0921326 9.9946E-05 0.0401158 0.139672 9.9946E-05 9.9946E-05 9.9946E-05 9.9946E-05 0.132067 0.0187036 0.248709 0.0100888
9.98828E-05 9.98828E-05 9.98828E-05 9.98828E-05 0.998702 9.98828E-05 9.98828E-05 9.98828E-05 9.98828E-05 9.98828E-05 9.98828E-05 9.98828E-05 9.98828E-05 9.98828E-05
0.403615 0.060135 0.0949193 9.9946E-05 9.9946E-05 0.0570617 0.0395013 9.9946E-05 9.9946E-05 9.9946E-05 0.25639 0.00915766 0.0786199 9.9946E-05
0.397321 9.9964E-05 0.0823097 9.9964E-05 0.0258173 0.023655 0.0159343 0.0160639 9.9964E-05 0.0529631 0.337751 0.0342266 0.0135579 9.9964E-05
0.154043 9.9946E-05 0.0752795 0.0129926 0.046592 0.0669963 9.9946E-05 9.9946E-05 9.9946E-05 9.9946E-05 0.574856 0.0223478 0.0462934 9.9946E-05
0.0631526 0.0183602 9.9937E-05 9.9937E-05 9.9937E-05 0.0121243 0.00295627 0.00331964 9.9937E-05 0.159183 0.740205 9.9937E-05 9.9937E-05 9.9937E-05
9.991E-05 9.991E-05 9.991E-05 0.00161709 0.00989251 9.991E-05 9.991E-05 9.991E-05 9.991E-05 9.991E-05 9.991E-05 0.980318 9.991E-05 0.00717352
9.98828E-05 9.98828E-05 9.98828E-05 9.98828E-05 0.998702 9.98828E-05 9.98828E-05 9.98828E-05 9.98828E-05 9.98828E-05 9.98828E-05 9.98828E-05 9.98828E-05 9.98828E-05
0.449555 9.9946E-05 0.0314531 0.00832469 0.0489187 9.9946E-05 9.9946E-05 0.085287 9.9946E-05 9.9946E-05 0.285611 0.0306082 0.0596421 9.9946E-05
9.9955E-05 0.088213 9.9955E-05 9.9955E-05 0.00735395 0.159079 0.0150636 0.020681 9.9955E-05 9.9955E-05 0.523645 0.0591658 0.0364546 0.0898444
0.0738046 0.0496625 0.14449 9.9964E-05 0.0495963 0.102644 0.0247569 0.0207679 9.9964E-05 9.9964E-05 0.377273 0.114992 0.0416131 9.9964E-05
9.9937E-05 9.9937E-05 9.9937E-05 9.9937E-05 0.0254303 0.0925946 0.0294571 9.9937E-05 9.9937E-05 9.9937E-05 0.715386 0.0403147 0.00808917 0.0880282
0.076736 9.9955E-05 9.9955E-05 0.0590257 0.108391 0.080673 0.0601796 0.0486799 9.9955E-05 9.9955E-05 0.438186 0.0744798 9.9955E-05 0.0531493
9.9928E-05 9.9928E-05 9.9928E-05 9.9928E-05 0.04805 0.0686115 9.9928E-05 0.0124816 9.9928E-05 9.9928E-05 0.783623 0.0332311 0.0532031 9.9928E-05
9.9928E-05 9.9928E-05 9.9928E-05 9.9928E-05 0.0210961 9.9928E-05 0.00428995 9.9928E-05 0.00879535 9.9928E-05 0.822226 0.0299846 0.112809 9.9928E-05
0.0779153 0.0168678 0.0172837 0.0169703 0.0806973 0.0377115 0.00120316 9.9973E-05 9.9973E-05 0.0339991 0.627527 0.0320665 9.9973E-05 0.0574584
0.409115 9.9946E-05 0.282842 0.006002 0.0387664 9.9946E-05 9.9946E-05 9.9946E-05 0.0363877 0.0220279 0.189794 0.0144653 9.9946E-05 9.9946E-05
0.0689565 9.9946E-05 0.0510585 9.9946E-05 0.0207969 0.212388 9.9946E-05 9.9946E-05 9.9946E-05 9.9946E-05 0.119729 0.0464043 0.470823 0.00924335
0.0640491 0.0294179 9.9946E-05 9.9946E-05 0.00793807 0.0797872 9.9946E-05 0.0454445 9.9946E-05 0.27227 0.462337 0.0381562 9.9946E-05 9.9946E-05
0.0313712 9.9946E-05 9.9946E-05 9.9946E-05 0.048076 0.041435 9.9946E-05 0.0643691 0.0203976 0.52787 0.264197 0.00168481 9.9946E-05 9.9946E-05
9.991E-05 9.991E-05 9.991E-05 9.991E-05 0.0212586 9.991E-05 0.00135867 9.991E-05 9.991E-05 9.991E-05 0.040306 0.936078 9.991E-05 9.991E-05
0.0370078 9.9955E-05 9.9955E-05 0.077563 0.0610973 9.9955E-05 0.0626137 0.0329058 9.9955E-05 0.162302 0.457767 0.0450734 9.9955E-05 0.0631699
0.182285 9.9946E-05 0.0266074 9.9946E-05 0.029966 0.0472383 0.00790754 9.9946E-05 9.9946E-05 0.117463 0.448435 0.139498 9.9946E-05 9.9946E-05
9.98828E-05 9.98828E-05 9.98828E-05 9.98828E-05 9.98828E-05 0.998702 9.98828E-05 9.98828E-05 9.98828E-05 9.98828E-05 9.98828E-05 9.98828E-05 9.98828E-05 9.98828E-05
0.147499 0.0704976 0.00986017 9.9964E-05 0.00494427 0.0205277 0.0202185 9.9964E-05 9.9964E-05 0.0810207 0.629838 0.00531437 9.9964E-05 0.00987956
0.15471 9.9946E-05 9.9946E-05 9.9946E-05 0.00498401 0.0441249 0.0239451 0.0470547 9.9946E-05 9.9946E-05 0.535052 0.0698175 0.119712 9.9946E-05
0.223454 0.073982 0.0414821 0.094905 0.0150026 0.00308691 0.0488336 0.00930444 9.9991E-05 0.177602 0.0955164 0.0220024 0.161592 0.0331362
0.137393 0.576629 9.9937E-05 0.0601787 0.0198556 9.9937E-05 9.9937E-05 9.9937E-05 9.9937E-05 0.0554806 9.9937E-05 0.0397212 0.110043 9.9937E-05
0.269823 0.0065966 0.158545 0.11406 0.0841014 0.0751116 9.9955E-05 9.9955E-05 9.9955E-05 0.185027 0.104693 9.9955E-05 9.9955E-05 0.00154247
9.98829E-05 9.98829E-05 9.98829E-05 9.98829E-05 9.98829E-05 0.998702 9.98829E-05 9.98829E-05 9.98829E-05 9.98829E-05 9.98829E-05 9.98829E-05 9.98829E-05 9.98829E-05
9.98829E-05 9.98829E-05 9.98829E-05 9.98829E-05 9.98829E-05 0.998702 9.98829E-05 9.98829E-05 9.98829E-05 9.98829E-05 9.98829E-05 9.98829E-05 9.98829E-05 9.98829E-05
0.00297063 0.0495712 9.9955E-05 0.0367763 0.0427665 0.076544 0.0242701 9.9955E-05 0.0607313 9.9955E-05 0.674984 9.9955E-05 0.0308858 9.9955E-05
0.908915 9.98919E-05 9.98919E-05 9.98919E-05 9.98919E-05 9.98919E-05 0.0898862 9.98919E-05 9.98919E-05 9.98919E-05 9.98919E-05 9.98919E-05 9.98919E-05 9.98919E-05
0.106543 9.9964E-05 0.110016 0.0161911 0.0186229 9.9964E-05 0.00753934 0.00213527 9.9964E-05 0.0524489 0.425613 0.169104 0.0913868 9.9964E-05
0.0373039 0.0576043 9.9928E-05 9.9928E-05 9.9928E-05 0.0456852 9.9928E-05 9.9928E-05 9.9928E-05 9.9928E-05 0.685971 0.0356684 0.136968 9.9928E-05
0.874084 9.9928E-05 9.9928E-05 0.043637 0.0150319 0.00594514 9.9928E-05 0.0328722 9.9928E-05 9.9928E-05 9.9928E-05 9.9928E-05 9.9928E-05 0.02763
0.754423 0.00017664 0.0156615 0.0282751 9.9946E-05 9.9946E-05 9.9946E-05 0.00120826 9.9946E-05 9.9946E-05 0.0534115 9.9946E-05 0.0644792 0.0817651
0.618972 9.9937E-05 9.9937E-05 0.10534 9.9937E-05 9.9937E-05 9.9937E-05 9.9937E-05 0.0202718 0.00429018 0.174527 0.0562619 9.9937E-05 0.019638
0.41851 0.120116 0.0914036 9.9964E-05 0.0808386 0.0658312 9.9964E-05 0.0632476 9.9964E-05 0.00296793 0.140322 0.00509956 9.9964E-05 0.0112642
0.249667 0.0426545 0.301564 0.00772479 0.0351581 0.00491465 0.0137558 0.00626518 0.097235 0.0054993 0.0677439 0.167618 9.9982E-05 9.9982E-05
0.0331672 9.9964E-05 0.0470355 9.9964E-05 0.0236677 0.0917739 0.0118567 0.0669028 0.00332584 9.9964E-05 0.486562 0.0915334 0.143775 9.9964E-05
0.0370635 0.0154642 0.200817 9.9955E-05 0.0162733 0.183056 0.000124463 9.9955E-05 9.9955E-05 0.0799393 0.421146 0.0456154 9.9955E-05 9.9955E-05
0.26034 9.9964E-05 0.0757262 9.9964E-05 0.0597235 9.9964E-05 0.00949349 0.00887628 0.0113142 0.0631221 0.404848 0.0837068 0.0224489 9.9964E-05
0.232401 0.0454958 0.0412112 9.9964E-05 9.9964E-05 0.0724214 0.0109974 0.0129268 0.0128943 9.9964E-05 0.459641 9.9964E-05 0.0980486 0.0135626
0.116179 0.0633548 0.0474069 0.0276383 0.0712263 0.0175754 0.0840791 9.9964E-05 9.9964E-05 0.0588841 0.429807 0.083449 9.9964E-05 9.9964E-05
9.9892E-05 9.9892E-05 9.9892E-05 0.0711182 9.9892E-05 9.9892E-05 9.9892E-05 9.9892E-05 9.9892E-05 9.9892E-05 0.927683 9.9892E-05 9.9892E-05 9.9892E-05
9.98829E-05 9.98829E-05 9.98829E-05 9.98829E-05 9.98829E-05 9.98829E-05 0.998702 9.98829E-05 9.98829E-05 9.98829E-05 9.98829E-05 9.98829E-05 9.98829E-05 9.98829E-05
0.254821 9.9973E-05 0.263095 9.9973E-05 0.0733116 0.0247507 0.00512926 0.0480737 9.9973E-05 0.0703359 0.200127 0.0414356 0.0136898 0.00492999
0.408962 9.9937E-05 9.9937E-05 9.9937E-05 9.9937E-05 0.0503947 0.0092909 9.9937E-05 0.0141314 9.9937E-05 0.432003 0.0548102 0.0297078 9.9937E-05
0.11378 0.115434 9.9937E-05 9.9937E-05 9.9937E-05 0.00196816 0.023604 0.00869931 0.0571003 9.9937E-05 0.678714 9.9937E-05 9.9937E-05 9.9937E-05
9.9919E-05 9.9919E-05 9.9919E-05 0.0665094 0.00254599 9.9919E-05 9.9919E-05 9.9919E-05 0.0681674 0.0486992 0.813179 9.9919E-05 9.9919E-05 9.9919E-05
0.355698 9.9928E-05 0.191781 9.9928E-05 9.9928E-05 0.0368725 9.9928E-05 9.9928E-05 9.9928E-05 9.9928E-05 0.305412 0.0177883 0.0916494 9.9928E-05
0.153653 9.9964E-05 0.0837992 9.9964E-05 9.9964E-05 0.125072 0.00703892 0.0157455 0.0485986 9.9964E-05 0.489444 0.00250317 0.0205383 0.0532076
9.9883E-05 9.9883E-05 9.9883E-05 9.9883E-05 9.9883E-05 9.9883E-05 9.9883E-05 9.9883E-05 9.9883E-05 9.9883E-05 9.9883E-05 0.998702 9.9883E-05 9.9883E-05
9.98829E-05 9.98829E-05 9.98829E-05 9.98829E-05 9.98829E-05 9.98829E-05 0.998702 9.98829E-05 9.98829E-05 9.98829E-05 9.98829E-05 9.98829E-05 9.98829E-05 9.98829E-05
9.98829E-05 9.98829E-05 9.98829E-05 9.98829E-05 9.98829E-05 9.98829E-05 9.98829E-05 9.98829E-05 9.98829E-05 9.98829E-05 9.98829E-05 0.998702 9.98829E-05 9.98829E-05
0.667532 9.9928E-05 9.9928E-05 9.9928E-05 0.0606376 9.9928E-05 9.9928E-05 0.000891813 9.9928E-05 0.0604136 0.183569 0.0261572 9.9928E-05 9.9928E-05
0.535925 9.9946E-05 9.9946E-05 9.9946E-05 0.0208936 9.9946E-05 0.0156961 0.00886022 0.0928285 9.9946E-05 0.152549 0.126221 9.9946E-05 0.0464273
0.219756 0.0705231 0.0689923 0.0164027 0.0239533 0.0248129 0.0129796 0.0198005 0.00280158 0.0328457 0.486015 0.0168068 9.9991E-05 0.00421027
0.119122 9.9955E-05 9.9955E-05 9.9955E-05 0.0114778 9.9955E-05 0.0234162 0.0485692 9.9955E-05 0.0315278 0.692603 0.061925 0.00548043 0.0053789
9.9946E-05 9.9946E-05 9.9946E-05 9.9946E-05 0.0063825 0.0680661 0.0262033 0.00155304 9.9946E-05 9.9946E-05 0.677095 0.00660835 0.19946 0.0140318
0.955978 9.98918E-05 9.98918E-05 9.98918E-05 9.98918E-05 9.98918E-05 0.0428232 9.98918E-05 9.98918E-05 9.98918E-05 9.98918E-05 9.98918E-05 9.98918E-05 9.98918E-05
0.257888 0.0373356 0.0255239 9.9964E-05 0.0173561 0.0727559 0.0297463 0.0338714 0.0987727 0.0587715 0.367579 9.9964E-05 9.9964E-05 9.9964E-05
0.0849266 9.991E-05 0.839741 0.00703651 0.0672966 9.991E-05 9.991E-05 9.991E-05 9.991E-05 9.991E-05 9.991E-05 9.991E-05 9.991E-05 9.991E-05
0.0276073 9.991E-05 0.847011 9.991E-05 9.991E-05 0.108441 9.991E-05 9.991E-05 9.991E-05 9.991E-05 9.991E-05 0.0159421 9.991E-05 9.991E-05
9.9928E-05 9.9928E-05 0.755266 9.9928E-05 9.9928E-05 0.110283 0.0374551 0.00695418 9.9928E-05 9.9928E-05 9.9928E-05 0.0486866 9.9928E-05 0.0405558
0.142334 9.9901E-05 0.839627 9.9901E-05 0.0169409 9.9901E-05 9.9901E-05 9.9901E-05 9.9901E-05 9.9901E-05 9.9901E-05 9.9901E-05 9.9901E-05 9.9901E-05
0.0141742 0.037759 0.763452 9.9937E-05 9.9937E-05 9.9937E-05 0.0208043 9.9937E-05 9.9937E-05 9.9937E-05 9.9937E-05 0.0480355 0.11455 0.000525353
9.9937E-05 9.9937E-05 0.784953 0.0799804 0.0261269 9.9937E-05 0.00376791 9.9937E-05 9.9937E-05 9.9937E-05 9.9937E-05 0.00308155 0.0329524 0.0684386
9.9919E-05 0.0217778 0.937396 0.0271344 9.9919E-05 9.9919E-05 9.9919E-05 0.00884781 9.9919E-05 0.00394436 9.9919E-05 9.9919E-05 9.9919E-05 9.9919E-05
0.00421161 9.9919E-05 0.874036 9.9919E-05 9.9919E-05 0.0747574 0.00686253 0.039233 9.9919E-05 9.9919E-05 9.9919E-05 9.9919E-05 9.9919E-05 9.9919E-05
9.9928E-05 0.023908 0.776925 9.9928E-05 0.010913 9.9928E-05 0.0214184 9.9928E-05 0.10378 9.9928E-05 9.9928E-05 9.9928E-05 0.0622557 9.9928E-05
0.0481832 9.991E-05 0.826839 9.991E-05 9.991E-05 9.991E-05 0.0102096 9.991E-05 9.991E-05 0.113769 9.991E-05 9.991E-05 9.991E-05 9.991E-05
9.9937E-05 9.9937E-05 0.781289 9.9937E-05 0.0310837 0.0112448 9.9937E-05 9.9937E-05 9.9937E-05 0.0523566 0.0309459 0.0161161 9.9937E-05 0.0762646
9.9937E-05 9.9937E-05 0.0598937 0.792618 9.9937E-05 9.9937E-05 0.0259774 9.9937E-05 9.9937E-05 0.0337162 9.9937E-05 0.0327522 0.0356926 0.0186505
9.9937E-05 0.175287 0.108719 0.59185 9.9937E-05 0.00523375 0.0298168 9.9937E-05 0.0873929 9.9937E-05 9.9937E-05 9.9937E-05 9.9937E-05 0.00100094
9.9955E-05 9.9955E-05 9.9955E-05 0.770058 0.0165969 0.0491103 0.0100336 0.0230537 0.0609443 9.9955E-05 0.0408657 0.0245305 9.9955E-05 0.00430736
9.99191E-05 0.0292205 9.99191E-05 0.642878 9.99191E-05 0.0387707 9.99191E-05 0.0236203 9.99191E-05 9.99191E-05 9.99191E-05 9.99191E-05 0.264612 9.99191E-05
0.0652216 0.162046 0.0454741 0.483207 9.9928E-05 9.9928E-05 9.9928E-05 0.0147932 9.9928E-05 0.228458 9.9928E-05 9.9928E-05 9.9928E-05 9.9928E-05
9.9964E-05 0.216628 0.129956 0.516249 0.0101491 9.9964E-05 9.9964E-05 0.0103291 0.00377149 9.9964E-05 0.077367 0.0138061 0.0113547 0.00998967
9.9919E-05 9.9919E-05 9.9919E-05 0.770805 9.9919E-05 9.9919E-05 0.0511347 9.9919E-05 0.031907 0.142791 9.9919E-05 9.9919E-05 9.9919E-05 0.00246334
9.9928E-05 0.258542 9.9928E-05 0.496033 9.9928E-05 0.0631323 0.00336308 9.9928E-05 9.9928E-05 9.9928E-05 9.9928E-05 9.9928E-05 0.147996 0.0301337
0.0927348 0.124311 9.99549E-05 0.408989 9.99549E-05 0.0549663 0.0136275 0.0248069 0.108289 9.99549E-05 9.99549E-05 0.0287313 0.143045 9.99549E-05
9.991E-05 9.991E-05 0.0547092 0.683848 9.991E-05 9.991E-05 0.0254356 9.991E-05 9.991E-05 0.235009 9.991E-05 9.991E-05 9.991E-05 9.991E-05
9.9937E-05 0.0742021 0.0282087 0.649024 0.0258595 9.9937E-05 9.9937E-05 0.0199062 9.9937E-05 0.188894 9.9937E-05 0.0132059 9.9937E-05 9.9937E-05
9.9928E-05 0.287722 9.9928E-05 0.5021 0.0244956 9.9928E-05 9.9928E-05 0.0353133 9.9928E-05 0.140122 9.9928E-05 9.9928E-05 0.00944804 9.9928E-05
9.9964E-05 0.166597 0.0167334 0.425552 0.00149446 0.0156062 9.9964E-05 0.0199285 0.0618558 0.149161 0.0882497 9.9964E-05 9.9964E-05 0.0544223
0.180815 0.437999 0.0325367 0.180112 0.0325088 0.00983502 9.9946E-05 9.9946E-05 0.093053 0.0325408 9.9946E-05 9.9946E-05 9.9946E-05 9.9946E-05
0.0187555 0.771914 9.9937E-05 0.0477963 0.02848 9.9937E-05 9.9937E-05 0.0451238 9.9937E-05 9.9937E-05 0.0786896 9.9937E-05 9.9937E-05 0.00854126
0.0543507 0.909489 9.991E-05 9.991E-05 0.0108736 9.991E-05 9.991E-05 0.024288 9.991E-05 9.991E-05 9.991E-05 9.991E-05 9.991E-05 9.991E-05
9.991E-05 0.977424 0.00841582 9.991E-05 0.0126332 9.991E-05 0.000527798 9.991E-05 9.991E-05 9.991E-05 9.991E-05 9.991E-05 9.991E-05 9.991E-05
9.9919E-05 0.857075 9.9919E-05 0.0847958 9.9919E-05 0.0134552 0.00481156 9.9919E-05 9.9919E-05 9.9919E-05 0.0389636 9.9919E-05 9.9919E-05 9.9919E-05
9.9883E-05 0.998702 9.9883E-05 9.9883E-05 9.9883E-05 9.9883E-05 9.9883E-05 9.9883E-05 9.9883E-05 9.9883E-05 9.9883E-05 9.9883E-05 9.9883E-05 9.9883E-05
0.0610406 0.835213 9.9928E-05 9.9928E-05 9.9928E-05 9.9928E-05 9.9928E-05 9.9928E-05 0.0290317 9.9928E-05 0.0128613 9.9928E-05 0.0175078 0.0435466
0.173603 0.788389 9.991E-05 9.991E-05 9.991E-05 9.991E-05 9.991E-05 0.0189017 9.991E-05 9.991E-05 9.991E-05 0.0181066 9.991E-05 9.991E-05
9.9928E-05 0.451833 0.0982606 0.298618 9.9928E-05 0.00571373 0.0213735 9.9928E-05 0.123401 9.9928E-05 9.9928E-05 9.9928E-05 9.9928E-05 9.9928E-05
0.130644 0.1174 0.0179326 0.636054 0.00691486 0.00280808 0.0131657 9.9955E-05 9.9955E-05 9.9955E-05 9.9955E-05 0.0278314 0.046749 9.9955E-05
0.0981843 9.9937E-05 0.00948011 0.797432 9.9937E-05 0.00635031 9.9937E-05 0.0251647 9.9937E-05 9.9937E-05 9.9937E-05 0.0174454 0.0452433 9.9937E-05
0.253857 0.0165892 9.9937E-05 0.668353 0.00589812 9.9937E-05 0.0231778 0.00512309 9.9937E-05 0.0263025 9.9937E-05 9.9937E-05 9.9937E-05 9.9937E-05
0.183945 9.9946E-05 0.0092012 0.685572 9.9946E-05 9.9946E-05 9.9946E-05 0.00885085 0.0238702 9.9946E-05 0.0143265 9.9946E-05 0.0549292 0.0187051
0.010735 9.9955E-05 9.9955E-05 0.726265 0.00585319 0.00956745 0.00251116 0.0337711 0.0976624 9.9955E-05 9.9955E-05 0.0617307 9.9955E-05 0.0514041
9.99111E-05 9.99111E-05 9.99111E-05 0.578846 0.057943 9.99111E-05 9.99111E-05 0.0289494 0.333262 9.99111E-05 9.99111E-05 9.99111E-05 9.99111E-05 9.99111E-05
0.219132 0.151629 9.99549E-05 0.485385 0.0175751 0.00981245 9.99549E-05 0.0100252 0.0126487 0.0576661 9.99549E-05 9.99549E-05 9.99549E-05 0.0356274
0.0473672 9.9946E-05 9.9946E-05 0.738104 0.0211728 0.00356302 0.00829804 9.9946E-05 9.9946E-05 0.0507709 9.9946E-05 9.9946E-05 0.124517 0.00560702
9.9937E-05 9.9937E-05 0.013273 0.767279 0.0163343 9.9937E-05 0.0216094 9.9937E-05 0.0224889 0.0411665 9.9937E-05 9.9937E-05 0.117149 9.9937E-05
0.0209673 9.9928E-05 9.9928E-05 0.684146 9.9928E-05 9.9928E-05 9.9928E-05 0.0488725 0.0567875 0.117078 0.0713498 9.9928E-05 9.9928E-05 9.9928E-05
0.0215142 0.136181 0.00493494 0.579327 9.9937E-05 0.0830674 9.9937E-05 9.9937E-05 9.9937E-05 0.10483 9.9937E-05 9.9937E-05 9.9937E-05 0.0694459
9.9946E-05 0.161514 9.9946E-05 0.69337 0.00482551 0.0893648 0.032861 9.9946E-05 0.000773549 9.9946E-05 9.9946E-05 0.0103396 9.9946E-05 0.00635187
0.133203 9.9919E-05 9.9919E-05 0.81976 0.00615044 9.9919E-05 9.9919E-05 9.9919E-05 9.9919E-05 9.9919E-05 9.9919E-05 0.0079043 0.0320831 9.9919E-05
9.98921E-05 9.98921E-05 9.98921E-05 9.98921E-05 0.0246319 9.98921E-05 9.98921E-05 9.98921E-05 0.974169 9.98921E-05 9.98921E-05 9.98921E-05 9.98921E-05 9.98921E-05
0.148524 0.04147 9.99369E-05 0.0109679 9.99369E-05 9.99369E-05 0.00174667 9.99369E-05 0.737542 0.0161193 9.99369E-05 9.99369E-05 0.0429307 9.99369E-05
0.134344 9.9901E-05 9.9901E-05 9.9901E-05 9.9901E-05 9.9901E-05 9.9901E-05 9.9901E-05 0.850248 9.9901E-05 9.9901E-05 0.0143087 9.9901E-05 9.9901E-05
0.0286526 0.0838609 9.9937E-05 9.9937E-05 0.00428907 9.9937E-05 0.0146732 0.0289652 0.834838 9.9937E-05 9.9937E-05 0.00402109 9.9937E-05 9.9937E-05
9.9937E-05 9.9937E-05 9.9937E-05 9.9937E-05 0.0216065 0.0585403 9.9937E-05 0.0462875 0.805158 0.0159297 0.011894 9.9937E-05 0.0398842 9.9937E-05
9.9928E-05 9.9928E-05 0.0392294 9.9928E-05 9.9928E-05 9.9928E-05 0.0107564 9.9928E-05 0.826518 0.0769901 9.9928E-05 0.0377708 9.9928E-05 0.00793546
9.9883E-05 9.9883E-05 9.9883E-05 9.9883E-05 9.9883E-05 9.9883E-05 9.9883E-05 9.9883E-05 0.998702 9.9883E-05 9.9883E-05 9.9883E-05 9.9883E-05 9.9883E-05
9.991E-05 9.991E-05 0.0331813 9.991E-05 9.991E-05 9.991E-05 9.991E-05 0.0559985 0.843814 9.991E-05 9.991E-05 9.991E-05 9.991E-05 0.0660073
