9.99101E-05 0.999001 9.99101E-05 9.99101E-05 9.99101E-05 9.99101E-05 9.99101E-05 9.99101E-05 9.99101E-05 9.99101E-05 9.99101E-05
9.9955E-05 0.0413104 0.715098 0.0256326 0.032765 0.130705 0.0539886 9.9955E-05 9.9955E-05 9.9955E-05 9.9955E-05
0.0893008 0.0727462 0.750155 9.9955E-05 9.9955E-05 0.0376452 0.0439919 0.00566088 9.9955E-05 9.9955E-05 9.9955E-05
0.0199003 0.0080094 0.823669 9.9964E-05 9.9964E-05 0.0696703 9.9964E-05 0.0108231 9.9964E-05 0.00369228 0.0638354
9.9973E-05 0.0674384 0.753814 0.0302862 9.9973E-05 0.00408576 0.113589 0.00087413 0.0196357 0.00997695 9.9973E-05
9.9946E-05 0.0100932 0.885225 9.9946E-05 0.0459036 9.9946E-05 0.0452153 9.9946E-05 0.0129636 9.9946E-05 9.9946E-05
9.99101E-05 0.999001 9.99101E-05 9.99101E-05 9.99101E-05 9.99101E-05 9.99101E-05 9.99101E-05 9.99101E-05 9.99101E-05 9.99101E-05
9.9964E-05 0.0887036 0.712884 9.9964E-05 0.0353656 0.085561 9.9964E-05 0.00221965 9.9964E-05 0.0255563 0.0493103
0.0458922 0.054913 0.754448 0.0125718 0.00653951 9.9955E-05 0.125136 9.9955E-05 9.9955E-05 9.9955E-05 9.9955E-05
0.0581804 0.00171007 0.817943 9.9964E-05 9.9964E-05 0.0308058 9.9964E-05 0.00584828 9.9964E-05 0.0172353 0.0678774
9.99279E-05 9.99279E-05 0.721945 9.99279E-05 9.99279E-05 0.260144 0.0171114 9.99279E-05 9.99279E-05 9.99279E-05 9.99279E-05
0.0592445 0.0648498 0.659721 9.9955E-05 9.9955E-05 0.203788 9.9955E-05 0.00880587 9.9955E-05 0.00309165 9.9955E-05
0.0367536 0.0624293 0.703193 0.0236015 0.0600986 0.0469977 9.9973E-05 9.9973E-05 9.9973E-05 0.0147331 0.0518933
9.9964E-05 0.0568383 0.658943 9.9964E-05 0.0274115 0.0783128 0.0742274 0.0376604 9.9964E-05 9.9964E-05 0.0662067
0.115883 0.0177267 0.786826 0.0534559 9.9955E-05 0.0172895 9.9955E-05 9.9955E-05 9.9955E-05 9.9955E-05 0.00831937
9.9928E-05 9.9928E-05 0.903213 9.9928E-05 9.9928E-05 9.9928E-05 0.0948964 0.0010912 9.9928E-05 9.9928E-05 9.9928E-05
9.9946E-05 0.0492508 0.919046 9.9946E-05 0.00667558 9.9946E-05 9.9946E-05 9.9946E-05 0.0235231 0.000904802 9.9946E-05
9.9928E-05 0.0247525 0.95716 9.9928E-05 9.9928E-05 9.9928E-05 9.9928E-05 9.9928E-05 0.0172879 9.9928E-05 9.9928E-05
9.9928E-05 0.0712953 0.869415 9.9928E-05 9.9928E-05 9.9928E-05 9.9928E-05 9.9928E-05 0.05849 9.9928E-05 9.9928E-05
0.0217248 9.9946E-05 0.940789 9.9946E-05 9.9946E-05 9.9946E-05 9.9946E-05 0.000160781 0.0142646 0.0224616 9.9946E-05
9.99101E-05 9.99101E-05 9.99101E-05 9.99101E-05 9.99101E-05 9.99101E-05 9.99101E-05 0.999001 9.99101E-05 9.99101E-05 9.99101E-05
0.684644 9.9919E-05 9.9919E-05 9.9919E-05 9.9919E-05 0.314456 9.9919E-05 9.9919E-05 9.9919E-05 9.9919E-05 9.9919E-05
0.746769 0.0109848 0.0228012 0.0377762 9.9982E-05 0.122461 0.0245238 0.0215352 0.0127817 0.000166933 9.9982E-05
0.858199 9.9946E-05 9.9946E-05 9.9946E-05 0.0103537 9.9946E-05 9.9946E-05 0.000464474 0.119226 0.0111567 9.9946E-05
0.974252 9.9919E-05 9.9919E-05 9.9919E-05 9.9919E-05 9.9919E-05 9.9919E-05 0.0248489 9.9919E-05 9.9919E-05 9.9919E-05
0.971769 0.0273313 9.9919E-05 9.9919E-05 9.9919E-05 9.9919E-05 9.9919E-05 9.9919E-05 9.9919E-05 9.9919E-05 9.9919E-05
0.827776 0.029791 9.9946E-05 0.0126128 9.9946E-05 9.9946E-05 9.9946E-05 0.020554 0.108667 9.9946E-05 9.9946E-05
9.99101E-05 9.99101E-05 9.99101E-05 9.99101E-05 9.99101E-05 9.99101E-05 9.99101E-05 0.999001 9.99101E-05 9.99101E-05 9.99101E-05
0.807443 9.9955E-05 9.9955E-05 0.0122062 9.9955E-05 0.0125079 0.122343 0.0148212 9.9955E-05 0.0301789 9.9955E-05
0.755092 9.9955E-05 9.9955E-05 0.0513054 9.9955E-05 0.12218 9.9955E-05 9.9955E-05 0.0358563 0.0126809 0.0223859
0.810411 9.9955E-05 9.9955E-05 0.0380157 9.9955E-05 0.0234072 0.100778 0.0223487 9.9955E-05 9.9955E-05 0.00453958
0.775272 0.0140741 9.9955E-05 9.9955E-05 0.0317253 9.9955E-05 0.0161888 0.040364 0.121876 9.9955E-05 9.9955E-05
0.749854 0.0446071 9.9955E-05 9.9955E-05 9.9955E-05 9.9955E-05 9.9955E-05 0.0540519 0.0922275 0.00330931 0.0554502
0.67611 9.9955E-05 9.9955E-05 9.9955E-05 0.0577093 0.0809439 9.9955E-05 0.0341081 9.9955E-05 0.0145777 0.136051
0.755429 9.9973E-05 0.0256088 0.0696412 9.9973E-05 0.0369469 0.00304783 9.9973E-05 0.0374748 0.04615 0.0254019
0.435989 0.0158383 9.99639E-05 0.0286166 0.0218936 0.435371 0.0499623 0.0119293 9.99639E-05 9.99639E-05 9.99639E-05
0.685986 9.9973E-05 0.0272242 0.0394628 0.0172012 9.9973E-05 9.9973E-05 0.0102321 0.188587 0.0269739 0.00403344
9.9964E-05 9.9964E-05 0.00875402 0.118971 0.0194121 0.0250097 9.9964E-05 0.0207742 0.67627 9.9964E-05 0.130409
9.9964E-05 0.0648472 9.9964E-05 0.116161 0.019718 0.093175 0.0539374 9.9964E-05 0.629563 0.0221982 9.9964E-05
0.0346129 9.9964E-05 0.0431563 0.0467792 0.0296423 0.0666755 0.069075 9.9964E-05 0.709659 9.9964E-05 9.9964E-05
9.9937E-05 0.0452787 9.9937E-05 0.0600965 9.9937E-05 9.9937E-05 9.9937E-05 9.9937E-05 0.819088 9.9937E-05 0.0748368
0.00684785 0.0263647 9.9973E-05 9.9973E-05 0.0304222 0.237049 0.0147241 0.0139758 0.644939 0.0253766 9.9973E-05
9.9973E-05 0.0305087 0.00787451 0.0479089 9.9973E-05 0.0291351 0.0309264 0.0304472 0.805749 0.0171501 9.9973E-05
9.9973E-05 0.0362308 0.0276025 9.9973E-05 0.050851 0.175784 0.0231676 9.9973E-05 0.571626 0.0167573 0.0976808
9.9982E-05 0.0166964 0.0154054 0.0491389 0.0367686 0.0670778 0.078502 0.024445 0.6954 0.0163655 9.9982E-05
0.066005 9.9946E-05 0.0890216 9.9946E-05 9.9946E-05 9.9946E-05 0.0961439 9.9946E-05 0.698367 0.0498629 9.9946E-05
0.018852 9.9964E-05 0.0070345 0.0462678 0.0362437 9.9964E-05 9.9964E-05 9.9964E-05 0.818978 0.0139723 0.0582523
9.9955E-05 0.0437826 9.9955E-05 9.9955E-05 9.9955E-05 0.134486 9.9955E-05 0.0127758 0.719661 0.0164161 0.0723791
9.9964E-05 9.9964E-05 0.0491574 9.9964E-05 0.0118195 0.0516282 0.00413293 0.0465166 0.835824 0.000521016 9.9964E-05
9.9955E-05 9.9955E-05 0.0107697 9.9955E-05 0.036945 0.151333 9.9955E-05 0.0145134 0.624425 9.9955E-05 0.161514
9.9973E-05 0.0616796 9.9973E-05 0.0354681 0.0125092 0.0841867 0.0017313 0.00388705 0.732001 9.9973E-05 0.0682375
0.0183516 0.0634602 9.9964E-05 9.9964E-05 0.0441424 9.9964E-05 0.0187818 0.0130029 0.841543 9.9964E-05 0.00031774
0.00439039 0.0020852 0.0232385 9.9964E-05 0.044449 9.9964E-05 9.9964E-05 9.9964E-05 0.82505 0.0418823 0.058505
0.0164588 0.0332615 0.0764021 0.0174836 0.0207451 0.0685321 9.9982E-05 0.00255864 0.754113 0.0102456 9.9982E-05
9.9964E-05 9.9964E-05 0.0543602 0.0175793 0.0406354 9.9964E-05 0.109784 0.00564067 0.745207 0.0263932 9.9964E-05
0.0219726 0.00300622 0.0040194 0.0455681 0.0238897 0.224354 9.9973E-05 9.9973E-05 0.570254 9.9973E-05 0.106637
0.0661265 9.9955E-05 0.092693 9.9955E-05 9.9955E-05 9.9955E-05 9.9955E-05 0.0214018 0.757299 0.0479844 0.0139958
0.0835773 0.0173253 0.00639643 0.442751 0.087263 0.2258 0.0060285 9.9982E-05 0.105509 0.0251497 9.9982E-05
9.9973E-05 0.00136525 0.0392915 0.695568 0.0172474 0.103421 9.9973E-05 0.0185455 9.9973E-05 0.0054444 0.118817
9.9964E-05 0.0221583 9.9964E-05 0.456825 0.063248 0.32484 0.0254874 0.00945077 9.9964E-05 0.0975908 9.9964E-05
9.9973E-05 0.0329599 9.9973E-05 0.584611 0.0423865 0.241849 0.00494324 0.000104868 0.0160815 0.0767638 9.9973E-05
0.0093142 9.9973E-05 9.9973E-05 0.761662 0.0570929 0.00907588 0.0770017 9.9973E-05 0.0184687 0.0497668 0.0173176
9.9964E-05 9.9964E-05 0.0546564 0.629406 0.0895571 9.9964E-05 9.9964E-05 0.0208337 0.109755 0.0364336 0.0589583
0.0201332 0.00192852 9.9928E-05 9.9928E-05 0.977139 9.9928E-05 9.9928E-05 9.9928E-05 9.9928E-05 9.9928E-05 9.9928E-05
9.9955E-05 0.0287433 9.9955E-05 0.703142 0.0543549 9.9955E-05 9.9955E-05 0.0153925 9.9955E-05 0.0422449 0.155622
9.99677E-05 0.050957 0.0178557 0.482743 0.0846501 0.330586 9.99677E-05 9.99677E-05 9.99677E-05 0.0309765 0.00183107
0.128494 0.00317897 0.0549623 0.504043 0.132859 9.9982E-05 9.9982E-05 0.0216608 0.0461908 0.0384594 0.0699527
0.00739706 0.0122976 0.0226685 0.571278 0.124593 9.9973E-05 9.9973E-05 9.9973E-05 0.0462895 0.0872082 0.127969
0.0562712 0.0028037 0.0141688 0.658182 0.0885758 9.9982E-05 9.9982E-05 0.0462264 0.036251 0.0775281 0.0197933
0.0482679 0.0103578 0.0505028 0.565589 0.123164 0.008202 9.9982E-05 0.0161996 9.9982E-05 0.0929296 0.0845871
9.9964E-05 0.0839787 0.00077355 0.719515 0.0606324 9.9964E-05 0.0143491 9.9964E-05 0.0692682 0.0510831 9.9964E-05
0.0084656 0.0520006 9.9973E-05 0.644949 0.14036 9.9973E-05 0.00777168 0.00988812 0.115639 0.0206261 9.9973E-05
0.0847757 0.0180918 9.9973E-05 0.594225 0.0587719 0.0622559 9.9973E-05 0.0229542 0.074872 0.0837534 9.9973E-05
0.10185 0.00621613 9.9964E-05 0.495966 0.0403392 0.248395 0.0695923 9.9964E-05 9.9964E-05 0.0372412 9.9964E-05
0.064673 0.0453933 9.9973E-05 0.417935 0.119007 9.9973E-05 0.0156364 0.0361045 0.288872 0.0120794 9.9973E-05
9.9955E-05 9.9955E-05 0.101715 0.465606 0.0709169 9.9955E-05 9.9955E-05 9.9955E-05 0.254736 0.00658422 0.0999422
9.9955E-05 9.9955E-05 0.10734 0.376885 0.0258359 0.0405064 9.9955E-05 9.9955E-05 0.447943 0.000990101 9.9955E-05
0.00975307 0.000983287 9.99587E-05 0.00380894 0.972429 9.99587E-05 9.99587E-05 9.99587E-05 0.00109493 0.0114307 9.99587E-05
0.0280271 9.9982E-05 0.0830859 0.383885 0.113919 9.9982E-05 0.0245741 0.0500796 0.201784 0.0758028 0.0386427
9.9946E-05 9.9946E-05 9.9946E-05 0.50627 0.199383 9.9946E-05 0.0313606 9.9946E-05 0.181415 0.080972 9.9946E-05
0.079748 0.0538999 0.00808177 0.520881 0.0867086 9.9982E-05 0.0423847 0.00393311 0.154474 0.0496896 9.9982E-05
0.0425351 0.0424216 9.9964E-05 0.581242 0.0930265 9.9964E-05 9.9964E-05 9.9964E-05 0.0170871 0.0722479 0.15104
9.9973E-05 0.0273821 0.0719733 0.598289 0.0934481 9.9973E-05 0.000253283 9.9973E-05 0.118193 0.0898288 0.000332274
0.0219891 9.9982E-05 0.0465927 0.172225 0.0717924 0.141535 0.184192 0.0123371 0.237825 0.111312 9.9982E-05
9.9955E-05 9.9955E-05 9.9955E-05 0.0303782 0.0665456 9.9955E-05 0.076891 9.9955E-05 0.213184 0.01006 0.602442
0.0886023 0.0642996 9.9964E-05 0.530661 9.9964E-05 0.0149555 0.165483 9.9964E-05 0.0738644 9.9964E-05 0.0617341
9.9964E-05 0.0207481 0.0412435 0.574206 0.0725723 9.9964E-05 0.125473 9.9964E-05 0.118924 0.0464329 9.9964E-05
9.9955E-05 0.0484238 9.9955E-05 0.556129 0.0685954 9.9955E-05 0.197345 0.00640084 0.122605 9.9955E-05 9.9955E-05
0.000887719 9.9973E-05 0.0381761 0.67965 0.00707757 9.9973E-05 0.130451 0.0134385 0.0390105 0.0910089 9.9973E-05
9.9928E-05 9.9928E-05 9.9928E-05 0.0475511 9.9928E-05 0.19248 9.9928E-05 9.9928E-05 9.9928E-05 0.759169 9.9928E-05
0.041754 9.9982E-05 0.019185 0.491089 0.207438 0.0471866 9.9982E-05 0.00805965 0.140405 0.0326427 0.0120401
0.00152412 0.0535838 9.9973E-05 0.672073 0.0783976 9.9973E-05 0.0707954 0.00226997 0.110175 0.0108812 9.9973E-05
9.9973E-05 0.006387 0.0564082 0.379624 0.0303453 0.379166 0.0506928 0.0258567 9.9973E-05 0.071221 9.9973E-05
0.0451021 0.0144443 9.9955E-05 0.23945 0.0987167 0.567821 9.9955E-05 9.9955E-05 9.9955E-05 0.0339661 9.9955E-05
9.9946E-05 0.0324543 9.9946E-05 0.496215 0.0618578 0.402877 9.9946E-05 9.9946E-05 9.9946E-05 0.00599579 9.9946E-05
9.9964E-05 0.0528301 0.0205532 0.378596 0.0933396 0.403819 9.9964E-05 0.0286699 9.9964E-05 0.0217922 9.9964E-05
0.0272761 9.9982E-05 0.0150921 0.34828 0.154558 0.30777 0.0219516 0.00212362 9.9982E-05 0.0619831 0.0607649
9.9955E-05 9.9955E-05 0.113766 0.561902 0.11699 0.00138982 9.9955E-05 9.9955E-05 0.160882 0.0445709 9.9955E-05
0.0872582 0.0113656 0.011829 0.649841 0.134195 9.9964E-05 9.9964E-05 9.9964E-05 0.0901867 0.0149254 9.9964E-05
9.9964E-05 9.9964E-05 0.0287762 0.543754 0.101212 0.200806 9.9964E-05 9.9964E-05 0.0162139 0.0879185 0.0209193
9.9973E-05 0.0212016 0.00577783 0.575542 0.0510971 0.164111 0.0762603 0.050999 9.9973E-05 0.0547112 9.9973E-05
9.9964E-05 9.9964E-05 0.0383998 0.547763 0.120243 9.9964E-05 0.0884262 0.00839921 9.9964E-05 0.114466 0.0819025
9.9973E-05 9.9973E-05 0.0404147 0.712114 0.0466858 0.0512494 0.0756383 0.0151154 0.0162825 0.0421997 9.9973E-05
9.99101E-05 9.99101E-05 9.99101E-05 9.99101E-05 9.99101E-05 9.99101E-05 9.99101E-05 9.99101E-05 9.99101E-05 0.999001 9.99101E-05
9.999E-05 0.0378501 0.0372151 0.467326 0.103898 0.0102858 0.0455749 0.0170404 0.0681577 0.108148 0.104404
9.9982E-05 0.00639382 0.0104082 0.596832 0.136407 0.133926 0.0295391 0.00641854 0.0217715 0.0581038 9.9982E-05
9.9982E-05 0.00647684 0.0458134 0.488045 0.0935176 0.160803 0.0135006 0.00281283 9.9982E-05 0.094336 0.0944948
9.996E-05 9.996E-05 0.0309291 0.590838 0.0829985 0.0889076 0.0387022 9.996E-05 0.124903 0.042322 9.996E-05
9.9955E-05 0.0397467 9.9955E-05 0.639732 0.101973 0.202658 0.0146085 9.9955E-05 0.000782036 9.9955E-05 9.9955E-05
0.078164 9.9964E-05 0.0631638 0.597335 0.0658244 0.114859 9.9964E-05 0.00473292 0.075521 9.9964E-05 9.9964E-05
9.99101E-05 9.99101E-05 9.99101E-05 9.99101E-05 0.999001 9.99101E-05 9.99101E-05 9.99101E-05 9.99101E-05 9.99101E-05 9.99101E-05
9.99101E-05 9.99101E-05 9.99101E-05 9.99101E-05 9.99101E-05 9.99101E-05 9.99101E-05 9.99101E-05 9.99101E-05 0.999001 9.99101E-05
9.99101E-05 9.99101E-05 9.99101E-05 9.99101E-05 0.999001 9.99101E-05 9.99101E-05 9.99101E-05 9.99101E-05 9.99101E-05 9.99101E-05
9.9946E-05 0.00742749 9.9946E-05 0.416755 0.0666761 0.427779 9.9946E-05 9.9946E-05 9.9946E-05 0.0807622 9.9946E-05
9.9955E-05 0.0114528 9.9955E-05 0.284324 0.153735 0.418124 9.9955E-05 0.0328257 9.9955E-05 0.099039 9.9955E-05
0.0488389 9.9964E-05 0.0585815 0.482088 0.0522393 0.211956 9.9964E-05 9.9964E-05 9.9964E-05 0.107998 0.0378975
9.9973E-05 0.00815275 0.0772268 0.655918 0.110147 9.9973E-05 9.9973E-05 0.0395962 0.04427 0.0501108 0.0142785
9.9964E-05 9.9964E-05 0.0353451 0.660577 0.0611196 9.9964E-05 9.9964E-05 0.0438807 0.124229 0.051089 0.0233596
9.99189E-05 9.99189E-05 9.99189E-05 9.99189E-05 9.99189E-05 0.352619 9.99189E-05 9.99189E-05 9.99189E-05 0.646482 9.99189E-05
9.9973E-05 0.0198642 0.0436054 0.471728 0.0681877 0.194453 9.9973E-05 9.9973E-05 0.0506376 0.086851 0.0643734
0.172301 0.0151057 0.0275609 0.579556 9.9973E-05 0.00481582 0.173528 0.00996868 9.9973E-05 0.0168645 9.9973E-05
0.114977 0.00467113 9.9964E-05 0.452874 0.0575921 0.151002 0.166483 9.9964E-05 9.9964E-05 0.0519999 9.9964E-05
0.243716 0.0427692 9.9964E-05 0.445369 0.0387244 9.9964E-05 0.120084 0.0229058 9.9964E-05 0.0860314 9.9964E-05
0.196509 0.00600513 9.9964E-05 0.510306 9.9964E-05 0.157283 0.084634 0.0178796 9.9964E-05 0.0269835 9.9964E-05
0.218659 0.040474 9.9964E-05 0.428078 0.0155064 9.9964E-05 0.192394 9.9964E-05 0.0448201 0.0596684 9.9964E-05
0.296213 9.9937E-05 9.9937E-05 0.43676 9.9937E-05 9.9937E-05 0.215024 9.9937E-05 9.9937E-05 0.0513031 9.9937E-05
0.274788 0.0422149 9.9964E-05 0.358099 9.9964E-05 9.9964E-05 0.0523769 9.9964E-05 0.0960787 0.0548569 0.121186
0.32201 0.0831536 0.0102563 0.447508 9.9964E-05 9.9964E-05 0.0704537 9.9964E-05 0.00209297 0.0641254 9.9964E-05
0.235292 0.0445335 9.9973E-05 0.422334 9.9973E-05 9.9973E-05 0.0768657 0.00752877 0.127198 0.0320758 0.0538725
0.119531 0.0219477 0.00850055 0.503224 0.00134415 9.9991E-05 0.0608069 0.0442294 0.107705 0.0744814 0.0581289
0.284228 0.0311919 9.9973E-05 0.49399 9.9973E-05 0.0126721 0.108861 0.00340269 0.0558768 0.00947737 9.9973E-05
0.0675383 9.9964E-05 0.0113338 9.9964E-05 0.0303686 9.9964E-05 0.823091 0.00474568 0.0203633 0.0421597 9.9964E-05
9.9973E-05 0.0278208 0.0127085 0.0444672 9.9973E-05 9.9973E-05 0.751935 0.022879 0.0370362 0.048303 0.0545502
0.0486444 0.0270199 0.0241562 0.0658015 9.9982E-05 0.0187809 0.735411 0.00294427 0.0731018 0.00393984 9.9982E-05
9.9937E-05 9.9937E-05 0.0774211 9.9937E-05 9.9937E-05 9.9937E-05 0.71686 9.9937E-05 0.116853 9.9937E-05 0.0881666
9.9955E-05 0.0468905 9.9955E-05 9.9955E-05 0.0297514 0.0222373 0.729633 0.0479984 0.12299 9.9955E-05 9.9955E-05
9.9973E-05 0.0128706 0.0111752 0.0481866 9.9973E-05 0.0211008 0.587728 0.0262558 9.9973E-05 0.0179888 0.274395
0.0807742 9.9946E-05 0.00836813 9.9946E-05 9.9946E-05 9.9946E-05 0.764412 9.9946E-05 0.0816028 0.0642433 9.9946E-05
9.9946E-05 0.0126011 9.9946E-05 9.9946E-05 9.9946E-05 9.9946E-05 0.739031 0.0333394 9.9946E-05 0.0598213 0.154608
0.000161866 0.042639 9.998E-05 0.0398464 0.0480037 0.295143 0.485271 0.00666131 9.998E-05 0.0279163 0.0541577
0.0219553 0.0213091 9.9946E-05 9.9946E-05 9.9946E-05 9.9946E-05 0.724946 9.9946E-05 0.212523 0.0186671 9.9946E-05
9.9973E-05 0.0147618 0.0200997 9.9973E-05 0.0391091 0.00243569 0.804559 0.0378077 0.0752106 9.9973E-05 0.00571636
0.0289671 9.9955E-05 0.0562532 9.9955E-05 9.9955E-05 9.9955E-05 0.357317 0.00400694 0.121122 9.9955E-05 0.431835
0.0382608 9.9973E-05 9.9973E-05 0.0491952 0.0102304 0.248628 0.456702 0.0104229 0.0439387 9.9973E-05 0.142323
9.9955E-05 0.0419454 9.9955E-05 0.162551 9.9955E-05 0.21232 0.33522 9.9955E-05 0.0646298 9.9955E-05 0.182835
0.0162006 0.0143064 0.0122735 0.000487072 9.9955E-05 9.9955E-05 9.9955E-05 0.01843 9.9955E-05 9.9955E-05 0.937803
9.9928E-05 0.0487417 9.9928E-05 9.9928E-05 9.9928E-05 0.0562489 9.9928E-05 9.9928E-05 9.9928E-05 9.9928E-05 0.89421
0.0173229 0.000983047 9.9946E-05 9.9946E-05 0.000335508 9.9946E-05 9.9946E-05 9.9946E-05 0.0282562 9.9946E-05 0.952503
9.9946E-05 0.0226466 9.9946E-05 0.0114991 9.9946E-05 0.13036 0.288777 9.9946E-05 9.9946E-05 9.9946E-05 0.546117
9.99101E-05 9.99101E-05 9.99101E-05 9.99101E-05 9.99101E-05 9.99101E-05 9.99101E-05 9.99101E-05 9.99101E-05 9.99101E-05 0.999001
9.99369E-05 9.99369E-05 9.99369E-05 9.99369E-05 9.99369E-05 0.233516 0.039293 0.0163169 9.99369E-05 9.99369E-05 0.710174
9.9946E-05 9.9946E-05 9.9946E-05 9.9946E-05 0.0477342 0.255916 9.9946E-05 0.00405067 9.9946E-05 0.029708 0.661991
9.9937E-05 9.9937E-05 9.9937E-05 9.9937E-05 0.00406953 9.9937E-05 9.9937E-05 9.9937E-05 0.0715173 0.00327966 0.920434
9.9955E-05 9.9955E-05 0.0262454 9.9955E-05 0.00281658 0.201546 0.6625 9.9955E-05 9.9955E-05 0.031373 0.075019
9.9964E-05 0.0140308 9.9964E-05 0.0292663 0.00648191 0.146649 0.697875 9.9964E-05 9.9964E-05 0.0272907 0.0780065
0.0722452 9.9946E-05 0.0333819 9.9946E-05 9.9946E-05 0.208859 0.651398 9.9946E-05 9.9946E-05 0.0335166 9.9946E-05
0.0446533 0.0146109 9.9964E-05 0.0143732 9.9964E-05 0.214609 0.613738 9.9964E-05 9.9964E-05 0.0126075 0.0850077
9.99549E-05 0.0026306 0.0129049 9.99549E-05 0.0504295 0.182239 0.719741 0.0315551 9.99549E-05 9.99549E-05 9.99549E-05
9.9955E-05 9.9955E-05 0.0609631 0.0316474 0.0107323 0.264382 0.473173 9.9955E-05 9.9955E-05 9.9955E-05 0.158603
9.9973E-05 0.00951354 0.0309411 0.0109581 0.000612459 0.364435 0.428147 0.0151221 9.9973E-05 9.9973E-05 0.139971
9.99281E-05 9.99281E-05 9.99281E-05 9.99281E-05 9.99281E-05 9.99281E-05 0.824833 9.99281E-05 0.107279 0.0670884 9.99281E-05
9.994E-05 9.994E-05 9.994E-05 9.994E-05 0.00997323 9.994E-05 0.745364 9.994E-05 0.132843 0.0258441 0.0853759
0.00657306 0.0594552 0.0179928 9.9982E-05 9.9982E-05 0.0163655 0.548071 0.00696748 0.160153 0.00489984 0.179323
0.0296724 0.0115504 9.9964E-05 9.9964E-05 9.9964E-05 0.147022 0.584308 0.0216537 0.0882725 9.9964E-05 0.117122
0.0614639 0.0284676 9.9955E-05 9.9955E-05 0.0029798 9.9955E-05 0.570885 9.9955E-05 9.9955E-05 0.0542363 0.281467
9.9955E-05 0.0271228 9.9955E-05 0.0013358 9.9955E-05 0.0115496 0.889387 0.0320885 9.9955E-05 0.0380164 9.9955E-05
9.9937E-05 0.0234799 9.9937E-05 9.9937E-05 9.9937E-05 0.638302 9.9937E-05 0.00795099 0.329568 9.9937E-05 9.9937E-05
9.99279E-05 9.99279E-05 9.99279E-05 9.99279E-05 9.99279E-05 0.778097 9.99279E-05 9.99279E-05 0.19502 0.0260834 9.99279E-05
9.99189E-05 9.99189E-05 9.99189E-05 9.99189E-05 9.99189E-05 0.894052 9.99189E-05 9.99189E-05 0.105049 9.99189E-05 9.99189E-05
9.9937E-05 9.9937E-05 9.9937E-05 9.9937E-05 0.013567 0.802537 9.9937E-05 9.9937E-05 0.179284 0.00391238 9.9937E-05
0.0257425 0.00661581 0.0215395 0.0216781 9.9964E-05 0.669151 9.9964E-05 0.00646356 0.24841 9.9964E-05 9.9964E-05
0.0631723 0.00565426 9.9973E-05 9.9973E-05 0.0113684 0.175517 9.9973E-05 0.0107963 0.592098 0.01443 0.126664
9.9919E-05 9.9919E-05 9.9919E-05 9.9919E-05 9.9919E-05 0.72337 9.9919E-05 9.9919E-05 0.275731 9.9919E-05 9.9919E-05
0.180977 9.9937E-05 0.0411291 9.9937E-05 9.9937E-05 0.410373 9.9937E-05 9.9937E-05 0.366821 9.9937E-05 9.9937E-05
