0.053472 9.99551E-05 0.0745737 9.99551E-05 9.99551E-05 9.99551E-05 9.99551E-05 0.0826581 0.0222409 0.766555
9.99281E-05 9.99281E-05 9.99281E-05 9.99281E-05 9.99281E-05 9.99281E-05 0.0341849 9.99281E-05 9.99281E-05 0.965016
9.9928E-05 9.9928E-05 9.9928E-05 9.9928E-05 9.9928E-05 9.9928E-05 9.9928E-05 0.860856 9.9928E-05 0.138344
9.99372E-05 0.0224226 9.99372E-05 0.902351 9.99372E-05 9.99372E-05 0.0745266 9.99372E-05 9.99372E-05 9.99372E-05
9.9946E-05 9.9946E-05 9.9946E-05 0.00182189 0.225255 9.9946E-05 9.9946E-05 0.144081 0.628242 9.9946E-05
0.00976932 0.771437 9.99461E-05 9.99461E-05 9.99461E-05 9.99461E-05 9.99461E-05 0.134528 9.99461E-05 0.0836665
9.9955E-05 9.9955E-05 0.110864 0.00515915 0.653947 0.0172526 9.9955E-05 0.212277 9.9955E-05 9.9955E-05
9.99371E-05 9.99371E-05 9.99371E-05 0.175659 9.99371E-05 9.99371E-05 9.99371E-05 0.133129 9.99371E-05 0.690513
9.99371E-05 0.440009 9.99371E-05 9.99371E-05 9.99371E-05 0.55579 0.00350207 9.99371E-05 9.99371E-05 9.99371E-05
9.9928E-05 9.9928E-05 9.9928E-05 9.9928E-05 0.756382 9.9928E-05 9.9928E-05 9.9928E-05 0.242818 9.9928E-05
9.99201E-05 9.99201E-05 9.99201E-05 9.99201E-05 0.999101 9.99201E-05 9.99201E-05 9.99201E-05 9.99201E-05 9.99201E-05
9.9946E-05 0.117878 9.9946E-05 0.0984042 9.9946E-05 9.9946E-05 0.0211357 9.9946E-05 9.9946E-05 0.761982
9.99201E-05 9.99201E-05 9.99201E-05 9.99201E-05 9.99201E-05 9.99201E-05 0.999101 9.99201E-05 9.99201E-05 9.99201E-05
0.4962 9.99281E-05 0.503001 9.99281E-05 9.99281E-05 9.99281E-05 9.99281E-05 9.99281E-05 9.99281E-05 9.99281E-05
9.99461E-05 0.0175433 9.99461E-05 9.99461E-05 0.0831608 9.99461E-05 9.99461E-05 0.0313406 0.867356 9.99461E-05
0.0172226 9.99372E-05 9.99372E-05 9.99372E-05 9.99372E-05 0.904387 9.99372E-05 0.0776913 9.99372E-05 9.99372E-05
9.99461E-05 0.0898741 9.99461E-05 0.612825 9.99461E-05 9.99461E-05 0.0234355 9.99461E-05 9.99461E-05 0.273266
9.995E-05 0.133263 9.995E-05 9.995E-05 0.362752 0.354328 0.111249 0.037909 9.995E-05 9.995E-05
9.99201E-05 0.999101 9.99201E-05 9.99201E-05 9.99201E-05 9.99201E-05 9.99201E-05 9.99201E-05 9.99201E-05 9.99201E-05
9.99282E-05 9.99282E-05 9.99282E-05 9.99282E-05 9.99282E-05 0.822597 9.99282E-05 9.99282E-05 0.176604 9.99282E-05
9.99551E-05 9.99551E-05 0.157598 0.0126323 9.99551E-05 0.734887 9.99551E-05 0.0150626 0.0793205 9.99551E-05
9.99551E-05 0.229126 0.143041 9.99551E-05 9.99551E-05 0.454357 0.00669389 9.99551E-05 9.99551E-05 0.166282
0.03669 9.9955E-05 9.9955E-05 9.9955E-05 0.0362016 0.736927 0.0950703 9.9955E-05 0.0946109 9.9955E-05
9.99461E-05 9.99461E-05 9.99461E-05 0.658309 0.0264994 0.267799 9.99461E-05 0.0467931 9.99461E-05 9.99461E-05
9.99201E-05 9.99201E-05 9.99201E-05 9.99201E-05 9.99201E-05 9.99201E-05 9.99201E-05 0.999101 9.99201E-05 9.99201E-05
0.0849883 9.9946E-05 9.9946E-05 9.9946E-05 9.9946E-05 0.06507 9.9946E-05 9.9946E-05 0.819948 0.0293936
0.0669621 9.99282E-05 9.99282E-05 0.932238 9.99282E-05 9.99282E-05 9.99282E-05 9.99282E-05 9.99282E-05 9.99282E-05
9.99201E-05 9.99201E-05 0.999101 9.99201E-05 9.99201E-05 9.99201E-05 9.99201E-05 9.99201E-05 9.99201E-05 9.99201E-05
9.99283E-05 9.99283E-05 0.0264332 9.99283E-05 9.99283E-05 9.99283E-05 9.99283E-05 9.99283E-05 9.99283E-05 0.972767
9.99462E-05 0.703758 0.0615944 0.184914 9.99462E-05 9.99462E-05 9.99462E-05 9.99462E-05 9.99462E-05 0.0491338
0.618379 9.99371E-05 9.99371E-05 9.99371E-05 0.351886 9.99371E-05 9.99371E-05 9.99371E-05 9.99371E-05 0.0290349
0.999101 9.99201E-05 9.99201E-05 9.99201E-05 9.99201E-05 9.99201E-05 9.99201E-05 9.99201E-05 9.99201E-05 9.99201E-05
0.123833 9.9946E-05 9.9946E-05 9.9946E-05 0.816744 9.9946E-05 0.0442399 9.9946E-05 0.0145835 9.9946E-05
9.99371E-05 0.851407 9.99371E-05 9.99371E-05 9.99371E-05 9.99371E-05 0.0325832 0.11531 9.99371E-05 9.99371E-05
9.99201E-05 9.99201E-05 9.99201E-05 0.999101 9.99201E-05 9.99201E-05 9.99201E-05 9.99201E-05 9.99201E-05 9.99201E-05
0.0438649 9.9937E-05 9.9937E-05 9.9937E-05 9.9937E-05 0.911829 9.9937E-05 9.9937E-05 9.9937E-05 0.0436063
9.99461E-05 0.756288 0.0665806 9.99461E-05 9.99461E-05 0.16974 9.99461E-05 9.99461E-05 0.0067923 9.99461E-05
9.99551E-05 0.880931 9.99551E-05 9.99551E-05 0.0400283 0.0288944 0.0232713 0.0263748 9.99551E-05 9.99551E-05
9.99372E-05 0.032127 9.99372E-05 9.99372E-05 0.863422 9.99372E-05 9.99372E-05 9.99372E-05 9.99372E-05 0.103751
9.99462E-05 0.760457 9.99462E-05 0.166623 0.0375906 9.99462E-05 9.99462E-05 9.99462E-05 0.0347295 9.99462E-05
9.99371E-05 0.798735 9.99371E-05 0.108394 9.99371E-05 9.99371E-05 9.99371E-05 9.99371E-05 9.99371E-05 0.0921708
9.99371E-05 0.198933 9.99371E-05 0.123237 9.99371E-05 9.99371E-05 9.99371E-05 9.99371E-05 9.99371E-05 0.677131
9.99282E-05 9.99282E-05 9.99282E-05 9.99282E-05 9.99282E-05 0.602623 9.99282E-05 9.99282E-05 0.396577 9.99282E-05
0.997077 9.99281E-05 9.99281E-05 9.99281E-05 9.99281E-05 9.99281E-05 9.99281E-05 0.00212311 9.99281E-05 9.99281E-05
9.99282E-05 9.99282E-05 0.0451366 9.99282E-05 9.99282E-05 9.99282E-05 9.99282E-05 9.99282E-05 0.954064 9.99282E-05
9.99282E-05 9.99282E-05 9.99282E-05 0.276746 9.99282E-05 9.99282E-05 9.99282E-05 9.99282E-05 9.99282E-05 0.722455
9.99371E-05 0.128501 0.0215176 9.99371E-05 9.99371E-05 0.849282 9.99371E-05 9.99371E-05 9.99371E-05 9.99371E-05
9.99373E-05 0.835771 9.99373E-05 9.99373E-05 9.99373E-05 0.141484 9.99373E-05 9.99373E-05 0.0220452 9.99373E-05
9.99551E-05 9.99551E-05 9.99551E-05 0.0761616 9.99551E-05 0.0911464 9.99551E-05 0.00199401 0.811852 0.0183459
9.99371E-05 0.229872 9.99371E-05 9.99371E-05 0.0955877 0.673841 9.99371E-05 9.99371E-05 9.99371E-05 9.99371E-05
