9.999E-05 0.9998 9.999E-05
0.104218 0.76437 0.131412
0.0865973 0.860678 0.0527244
0.113476 0.811851 0.074673
0.104738 0.841563 0.0536993
0.065773 0.934127 9.9991E-05
0.0494053 0.950495 9.9991E-05
0.0702378 0.872312 0.0574503
0.142963 0.849378 0.00765938
0.10699 0.888075 0.00493473
0.1177 0.800556 0.0817447
0.145215 0.797216 0.0575688
0.0670399 0.850485 0.0824752
0.201068 0.767209 0.0317234
0.0800732 0.860005 0.0599214
0.0710734 0.928827 9.9991E-05
9.999E-05 0.9998 9.999E-05
9.999E-05 0.9998 9.999E-05
9.999E-05 0.9998 9.999E-05
9.9991E-05 0.95822 0.0416801
0.699961 0.0500141 0.250025
0.638817 0.0280942 0.333089
0.643122 0.0490182 0.30786
0.693934 0.0394698 0.266596
0.697265 0.0272157 0.275519
0.674531 0.052908 0.272561
0.690398 9.9991E-05 0.309502
0.789737 0.0455015 0.164761
0.679867 9.9991E-05 0.320033
0.634086 0.0207547 0.34516
0.690839 9.9991E-05 0.309061
0.703709 0.0175955 0.278695
0.711019 0.0738353 0.215146
0.620502 0.00238703 0.377111
0.487931 0.0375967 0.474472
0.528334 0.0772297 0.394436
0.58176 0.0243597 0.39388
0.569505 0.0307719 0.399723
0.513221 9.9991E-05 0.486679
0.572576 0.0497389 0.377685
0.579883 0.0470874 0.37303
0.52563 0.0862978 0.388072
0.596269 0.0365209 0.36721
0.586507 0.0775643 0.335928
0.561631 0.0272596 0.411109
0.630602 0.100451 0.268947
0.562352 0.0102891 0.427359
0.567309 0.0707585 0.361932
0.589751 0.0724333 0.337816
0.614789 0.0693633 0.315848
0.585919 0.0552577 0.358823
0.669602 0.0174009 0.312997
0.552 0.0571373 0.390863
0.525813 0.126918 0.347269
0.544373 0.0803605 0.375266
0.573111 0.0632875 0.363602
0.594984 0.0930128 0.312003
0.239378 0.0586634 0.701958
9.9991E-05 0.0744556 0.925444
0.125301 0.037895 0.836804
0.0680224 0.0433656 0.888612
0.0531564 9.9991E-05 0.946744
0.0738634 0.053043 0.873094
0.0432153 0.00470706 0.952078
0.00968624 9.9991E-05 0.990214
0.107456 0.147728 0.744815
0.168538 0.0289468 0.802516
0.0536391 0.053307 0.893054
0.0617117 0.0104763 0.927812
0.059675 0.0442919 0.896033
0.0107742 0.0588137 0.930412
0.0811964 0.00988248 0.908921
0.0576754 0.0165487 0.925776
0.183738 0.0277854 0.788477
0.284497 9.9991E-05 0.715403
0.169538 0.0637909 0.766671
0.193209 0.125674 0.681117
0.0142115 9.9991E-05 0.985689
0.189088 0.0659922 0.74492
0.0891455 9.9991E-05 0.910754
0.139652 0.0562096 0.804139
0.104186 0.0418716 0.853942
0.01725 0.0768183 0.905932
0.448134 0.0662897 0.485576
0.753481 0.0572751 0.189244
0.326718 0.0676781 0.605604
0.14114 0.060353 0.798507
0.244382 0.0196647 0.735954
0.149551 0.0275114 0.822938
9.9991E-05 0.0189594 0.980941
0.106808 0.0158479 0.877344
0.137435 9.9991E-05 0.862465
0.225311 0.159971 0.614717
0.193522 0.0891095 0.717368
0.213138 0.046054 0.740808
0.160095 0.100055 0.73985
0.205499 0.0655089 0.728992
0.0621394 0.0847622 0.853098
0.050847 0.0743764 0.874777
0.0633831 0.045789 0.890828
0.163244 0.0520655 0.784691
0.124489 0.0405061 0.835005
0.108528 9.9991E-05 0.891372
9.9991E-05 0.0297051 0.970195
0.11425 0.0882566 0.797494
0.0703972 0.0640428 0.86556
0.119822 0.0775883 0.80259
0.137917 0.0510124 0.811071
0.0935093 0.0511725 0.855318
0.114147 0.0590289 0.826824
9.9991E-05 0.0263239 0.973576
9.9991E-05 0.0082797 0.99162
9.999E-05 9.999E-05 0.9998
0.104829 0.0702688 0.824902
0.150723 0.0753613 0.773916
0.126691 0.0868064 0.786503
9.9991E-05 0.0840287 0.915871
0.0988465 0.0187912 0.882362
0.0905319 0.0379569 0.871511
0.160897 0.0972542 0.741849
0.307954 0.0207211 0.671325
0.31249 9.9991E-05 0.68741
0.281929 0.0331825 0.684889
0.309641 0.0451097 0.64525
0.362104 0.0246325 0.613263
0.438891 9.9991E-05 0.561009
0.403211 0.0367421 0.560047
0.262292 0.0761976 0.661511
0.389274 0.028043 0.582683
0.333395 0.00422793 0.662377
0.303081 0.00983053 0.687089
0.961319 0.0107911 0.0278899
0.903415 0.053907 0.0426781
0.881702 0.0437515 0.074547
0.939267 0.0606331 9.9991E-05
0.890379 0.0650122 0.0446087
0.89558 0.0344816 0.0699386
0.953166 0.0280483 0.0187858
0.976407 9.9991E-05 0.0234929
0.764073 0.0761164 0.15981
0.937663 0.0399052 0.0224317
0.958424 0.0414755 9.9991E-05
0.933138 0.0667618 9.9991E-05
0.827192 0.0383935 0.134414
0.773838 0.0319904 0.194172
0.805804 0.0919723 0.102223
0.865121 0.106286 0.0285937
0.949375 9.9991E-05 0.0505245
0.858455 0.0774529 0.0640923
0.949714 0.0501856 9.9991E-05
0.884121 0.0352024 0.0806763
0.821935 0.104811 0.0732539
0.932091 0.00127449 0.0666348
0.87183 0.0365815 0.0915887
0.899659 0.0869726 0.013368
0.863134 0.0590788 0.0777877
0.866557 0.0311898 0.102253
0.877587 0.0780148 0.0443981
0.81543 0.0875185 0.0970514
0.853203 0.0851028 0.0616943
0.955536 9.9991E-05 0.0443645
0.980744 9.9991E-05 0.0191556
0.869765 0.0937938 0.0364411
0.934274 0.0108248 0.054901
0.91056 0.00524276 0.0841977
0.948212 0.0238969 0.0278909
0.665076 0.0541653 0.280759
0.643639 0.0899294 0.266432
0.547076 0.115791 0.337132
0.555648 0.150331 0.294021
0.573004 0.112352 0.314644
0.69179 9.9991E-05 0.30811
0.659274 0.0406658 0.30006
0.594461 0.148998 0.256541
