9.9973E-05 0.0142549 9.9973E-05 0.95669 0.028755 9.9973E-05
9.9982E-05 0.0381431 0.10161 0.746703 9.9982E-05 0.113344
0.0797353 0.0440444 0.0456404 0.83038 9.9982E-05 9.9982E-05
0.0511721 0.0561181 0.076903 0.815607 9.9982E-05 9.9982E-05
0.0122906 0.0395558 0.0449292 0.812272 0.0283028 0.0626497
9.99819E-05 9.99819E-05 0.0866004 0.902678 0.0104219 9.99819E-05
9.9964E-05 9.9964E-05 0.0788589 0.920741 9.9964E-05 9.9964E-05
9.9991E-05 0.0424153 0.0728409 0.842859 0.00669866 0.0350859
0.0509083 0.005234 0.086651 0.81667 9.9991E-05 0.0404367
0.0830814 0.0481323 0.022388 0.846198 9.9982E-05 9.9982E-05
0.028715 0.0357226 0.103872 0.773732 9.9991E-05 0.0578585
0.110167 0.0724021 0.0498601 0.767371 9.9982E-05 9.9982E-05
0.0694699 0.017617 9.9991E-05 0.800224 0.020176 0.0924137
0.0499044 9.9991E-05 0.134488 0.735699 0.0379701 0.0418394
0.0604442 0.00570001 0.0676244 0.833598 9.9991E-05 0.032533
9.9973E-05 9.9973E-05 0.107927 0.88028 9.9973E-05 0.0114931
9.9964E-05 9.9964E-05 9.9964E-05 0.987098 9.9964E-05 0.0125021
9.9964E-05 9.9964E-05 9.9964E-05 0.98788 0.0117204 9.9964E-05
9.9964E-05 9.9964E-05 9.9964E-05 0.967451 0.0321487 9.9964E-05
0.0254631 0.0236866 9.9982E-05 0.941742 9.9982E-05 0.00890871
0.9995 9.996E-05 9.996E-05 9.996E-05 9.996E-05 9.996E-05
0.749186 0.0370442 0.100714 0.00815335 0.0544778 0.0504244
0.701038 0.0198356 0.075974 0.0462155 0.0865285 0.0704081
0.826128 0.0260299 9.9973E-05 9.9973E-05 0.147542 9.9973E-05
0.921045 0.0409165 9.9982E-05 0.0063724 9.9982E-05 0.0314657
0.900127 0.0121567 9.9991E-05 0.0297898 0.0160558 0.0417708
0.733281 9.9982E-05 0.0476776 9.9982E-05 0.150261 0.0685814
0.9995 9.996E-05 9.996E-05 9.996E-05 9.996E-05 9.996E-05
0.745799 0.0796765 0.130167 9.9991E-05 0.0140746 0.0301829
0.660348 0.0593288 0.0719402 0.00528089 0.107706 0.0953958
0.767542 0.0425962 0.142544 9.9982E-05 9.9982E-05 0.0471184
0.739061 9.9982E-05 0.0764558 9.9982E-05 0.153261 0.0310223
0.749693 9.9991E-05 0.0801696 0.0413067 0.0905799 0.0381506
0.689479 0.0754001 0.134356 9.9982E-05 9.9982E-05 0.100565
0.603923 0.112683 0.12379 0.00590767 0.0275765 0.12612
0.4794 0.115347 0.217948 0.0818033 0.0091035 0.0963986
0.645424 0.0579267 0.0378279 0.00318246 0.161848 0.0937909
0.0235535 9.9982E-05 0.0472753 9.9982E-05 0.738795 0.190176
9.9982E-05 0.0446242 0.0229848 9.9982E-05 0.739358 0.192833
0.0342351 9.9991E-05 0.0268515 0.0118016 0.782945 0.144067
9.9973E-05 9.9973E-05 0.0416118 9.9973E-05 0.7938 0.164289
0.0542435 0.039607 9.9991E-05 0.0253414 0.801746 0.078962
9.9973E-05 0.0343483 9.9973E-05 9.9973E-05 0.888311 0.0770408
0.0259524 0.0256503 0.110409 0.0623809 0.701082 0.074525
0.0381901 0.00471934 0.0236643 9.9991E-05 0.792543 0.140783
0.06129 0.0298583 0.067496 0.0573223 0.783933 9.9991E-05
9.9973E-05 0.00106522 9.9973E-05 9.9973E-05 0.841492 0.157143
0.000832848 0.0343216 9.9991E-05 0.0274777 0.879565 0.0577028
0.00232941 9.9982E-05 9.9982E-05 0.0317674 0.916669 0.0490344
0.00559645 0.0414725 0.0818467 0.0137467 0.816352 0.0409862
0.0106821 0.0022098 0.0402152 0.0113749 0.822964 0.112554
0.0475735 9.9973E-05 9.9973E-05 9.9973E-05 0.910829 0.0412975
9.9973E-05 0.0309719 9.9973E-05 9.9973E-05 0.891549 0.0771796
9.9973E-05 9.9973E-05 9.9973E-05 0.0989603 0.826398 0.0743418
9.9991E-05 0.0278654 0.0446097 0.0281718 0.814107 0.0851461
0.0550936 0.0413652 0.103444 0.0350371 0.683697 0.0813629
0.0538535 0.0400039 9.9982E-05 0.0724109 0.833532 9.9982E-05
0.0811654 0.167696 0.055034 0.055445 0.174851 0.465809
0.0744054 0.570177 9.9982E-05 0.0973535 9.9982E-05 0.257864
0.0835388 0.251077 0.083507 0.050637 0.00980585 0.521435
0.0539274 0.29439 0.00467168 0.0505987 0.0872379 0.509174
0.0402458 0.263215 0.0521732 9.9991E-05 0.0323039 0.611962
0.0505662 0.157541 9.9991E-05 0.0468356 0.0897645 0.655193
9.9982E-05 0.0483676 0.00918792 0.0188333 9.9982E-05 0.923411
0.0642581 0.599322 9.9982E-05 9.9982E-05 0.0384216 0.297799
9.9991E-05 0.218343 0.086236 0.144258 0.0398184 0.511245
0.173024 0.0960781 0.0150727 0.0713459 0.0103188 0.634161
0.0716703 0.2273 0.00432224 0.0189125 0.0309333 0.646862
0.117163 0.242559 9.9982E-05 0.0148719 9.9982E-05 0.625206
0.12373 0.263306 0.0304636 0.0585307 9.9991E-05 0.52387
0.00372017 0.215582 0.0315202 0.0626433 0.000738921 0.685796
0.0391376 0.150587 0.0109785 0.00738301 0.0989593 0.692954
0.105978 0.278815 9.9991E-05 0.032462 0.049568 0.533077
0.122914 0.2892 0.122214 0.0128767 0.0152327 0.437562
0.117448 0.104616 9.9982E-05 9.9982E-05 0.307015 0.470721
0.0162421 0.0992921 0.000687852 0.102286 0.263034 0.518458
9.9982E-05 0.150477 9.9982E-05 0.0944593 0.425269 0.329595
9.9964E-05 0.0591585 9.9964E-05 9.9964E-05 9.9964E-05 0.940442
0.14021 0.254395 0.0237608 0.0740321 0.142812 0.36479
9.9973E-05 0.254266 9.9973E-05 9.9973E-05 0.154317 0.591117
0.0750453 0.10623 0.0271172 0.0609109 0.106081 0.624616
0.0665508 0.229458 0.0247794 0.0723066 0.0454028 0.561502
9.9982E-05 0.218859 9.9982E-05 0.098381 0.0859117 0.596649
0.0357316 0.188064 0.226323 0.0426402 0.268696 0.238545
9.9982E-05 0.0713382 0.609266 9.9982E-05 0.203493 0.115703
0.103901 0.127703 0.17757 0.0486351 0.135458 0.406733
0.00152676 0.110691 0.0918702 0.0429663 0.0973937 0.655552
0.0407684 0.0295233 0.170625 0.036686 0.0841824 0.638215
0.037147 0.264324 0.124167 0.0357903 0.0335605 0.505011
0.00506462 0.988614 9.9973E-05 9.9973E-05 0.00602113 9.9973E-05
0.0658183 0.183807 9.9991E-05 0.0250959 0.123805 0.601374
0.037421 0.110381 0.0824225 9.9991E-05 0.0427505 0.726925
0.0971258 0.279138 0.175402 0.127307 9.9991E-05 0.320928
0.0952618 0.224111 0.119629 0.105171 0.00171064 0.454118
0.0306597 0.177588 0.180026 0.0607117 9.9991E-05 0.550915
0.0785628 0.222684 0.0909389 0.106388 0.0294682 0.471958
0.0454875 0.198082 0.177985 0.0410875 0.0373315 0.500026
0.00703357 0.216108 9.9991E-05 0.0630132 0.166931 0.546814
0.111726 0.146647 9.9991E-05 0.0234842 0.0153649 0.702678
0.0108899 0.287074 0.0109088 0.0285757 0.109397 0.553155
0.0993088 0.198034 0.0668527 0.0595703 9.9991E-05 0.576134
0.0181514 0.343243 0.141332 0.0264739 9.9991E-05 0.4707
0.0337436 0.201206 0.035335 0.0311984 0.0445479 0.653969
9.996E-05 0.9995 9.996E-05 9.996E-05 9.996E-05 9.996E-05
0.078615 0.285544 0.0727414 0.0677444 0.0326806 0.462675
0.0143483 0.210569 0.0291061 0.0485272 0.0492296 0.64822
0.00743818 0.264193 0.12992 0.0746836 0.0162978 0.507468
9.9991E-05 0.219403 0.0491762 0.0201387 0.155165 0.556017
0.0631866 0.104421 0.0422285 0.0495059 0.0240887 0.716569
0.114723 0.0927706 9.9991E-05 0.0804853 0.0492692 0.662652
9.996E-05 9.996E-05 9.996E-05 9.996E-05 9.996E-05 0.9995
9.996E-05 0.9995 9.996E-05 9.996E-05 9.996E-05 9.996E-05
9.996E-05 9.996E-05 9.996E-05 9.996E-05 9.996E-05 0.9995
0.0496293 0.338246 0.103436 0.0717777 9.9991E-05 0.436811
0.0997163 0.329924 0.0851075 0.0432578 0.025933 0.416062
0.110768 0.296959 0.0476382 0.0846804 0.00390368 0.456051
0.00497949 0.208879 9.9991E-05 0.0839737 0.00577059 0.696297
0.115128 0.143374 9.9991E-05 0.0383628 0.0642742 0.638761
9.9973E-05 0.950135 0.0248799 9.9973E-05 0.0246853 9.9973E-05
0.0597136 0.265865 0.085807 0.0784788 0.0789691 0.431167
0.209927 0.197897 0.178668 0.0191063 9.9991E-05 0.394302
0.129426 0.21215 0.219474 9.9991E-05 0.0120851 0.426765
0.303278 0.174724 0.111232 9.9982E-05 9.9982E-05 0.410566
0.190162 0.17787 0.185351 0.0530618 9.9991E-05 0.393455
0.251612 0.151382 0.137435 0.0148721 0.0379524 0.406746
0.283736 0.174388 0.186055 9.9982E-05 9.9982E-05 0.355621
0.250831 0.139819 0.195155 0.0462586 0.0673036 0.300632
0.278002 0.233606 0.0919848 0.0921843 0.0125548 0.291667
0.269716 0.129331 0.110317 0.0136141 0.147579 0.329442
0.236019 0.173122 0.0574215 0.016575 0.117454 0.399409
0.284466 0.152619 0.104356 0.0196752 0.0543348 0.384548
0.104039 0.037253 0.79135 0.0181211 0.0433865 0.00585014
0.0765998 0.0982901 0.736909 0.0349083 0.053193 9.9991E-05
0.0834567 0.0338531 0.731286 0.0462076 0.0507173 0.0544795
0.0386502 9.9982E-05 0.768809 0.0452807 0.14706 9.9982E-05
0.0479555 9.9991E-05 0.682236 0.063421 0.144389 0.0618983
0.061046 0.0672682 0.790702 0.0397152 0.0332734 0.00799563
0.0458511 0.0773653 0.762157 9.9982E-05 0.114427 9.9982E-05
0.0850026 0.0368333 0.817434 9.9991E-05 0.0226135 0.0380169
0.0441196 0.091844 0.59468 0.0687166 0.124037 0.0766024
0.0672686 9.9973E-05 0.682585 9.9973E-05 0.249847 9.9973E-05
0.0538516 9.9982E-05 0.782141 0.0358069 0.128001 9.9982E-05
0.0287376 9.9982E-05 0.73677 0.0696956 0.164597 9.9982E-05
0.0625217 0.0240015 0.62047 0.0726196 0.161919 0.0584683
9.9982E-05 0.0567186 0.644387 9.9982E-05 0.103436 0.195258
0.044628 0.0975456 0.750227 0.0776273 9.9991E-05 0.0298725
9.9991E-05 0.0956534 0.79387 0.0992614 0.010852 0.000263486
9.9982E-05 0.0556121 0.852967 0.0105228 0.0806985 9.9982E-05
9.9991E-05 0.022283 0.806089 0.0708571 0.00982747 0.0908436
0.0566387 9.9982E-05 0.806712 0.0607535 0.0756957 9.9982E-05
0.0633598 0.0259424 0.765701 0.0276467 0.0719231 0.0454271
0.085335 0.0829193 0.714907 0.0789489 9.9991E-05 0.0377894
0.0373076 0.00455756 0.790543 9.9991E-05 0.0750766 0.0924152
0.0295997 0.0872491 0.822889 0.0600625 9.9982E-05 9.9982E-05
0.00317394 0.0617327 0.838512 0.0340645 0.0340721 0.0284452
0.090243 0.105937 0.743218 0.0604023 9.9982E-05 9.9982E-05
0.108492 0.0831474 0.761458 0.00860275 9.9991E-05 0.0381991
0.0848177 0.0144379 0.730667 0.0318797 0.138098 9.9991E-05
0.0100596 0.0354394 0.727058 0.092005 0.0802413 0.0551962
0.0223048 0.0497277 0.712903 0.0972566 0.0177589 0.100049
0.0150465 0.0857267 0.817607 9.9982E-05 0.0814195 9.9982E-05
9.9973E-05 0.0531521 0.7764 9.9973E-05 0.170148 9.9973E-05
0.0531339 0.0394753 0.684446 0.0652466 0.157598 9.9991E-05
0.0865282 0.00954747 0.754974 9.9991E-05 0.111631 0.0372199
0.0885062 0.0814467 0.829747 9.9973E-05 9.9973E-05 9.9973E-05
0.0538845 0.0372437 0.852351 0.0190183 0.00378279 0.0337196
0.101934 0.0100734 0.139913 0.0675386 0.680441 9.9991E-05
0.0782241 0.134954 0.13399 0.0361642 0.616567 9.9991E-05
0.137367 0.144213 0.0883707 0.100158 0.529792 9.9991E-05
0.0395484 0.0780669 0.187582 0.122352 0.51319 0.0592603
0.105509 0.0272773 0.0608565 0.120236 0.609932 0.0761893
0.146361 0.0546529 0.0259531 9.9982E-05 0.772833 9.9982E-05
0.0708798 0.057935 0.0295429 9.9982E-05 0.841442 9.9982E-05
0.186384 9.9991E-05 0.0167265 0.0869177 0.705151 0.00471993
