0.0187475 9.9955E-05 9.9955E-05 9.9955E-05 9.9955E-05 0.0235257 9.9955E-05 0.957227
9.9973E-05 9.9973E-05 0.0141076 0.115338 0.00971418 0.114524 9.9973E-05 0.746016
9.9964E-05 9.9964E-05 9.9964E-05 0.0236026 9.9964E-05 0.132877 0.0519317 0.791189
9.9973E-05 0.0190544 0.0120392 0.0984286 9.9973E-05 0.0675013 9.9973E-05 0.802677
0.0638361 0.134889 0.0152027 0.0021051 0.0118167 9.9982E-05 9.9982E-05 0.77195
9.9955E-05 9.9955E-05 9.9955E-05 0.0719279 0.0483345 9.9955E-05 9.9955E-05 0.879238
9.9955E-05 0.0530783 9.9955E-05 0.0252973 9.9955E-05 9.9955E-05 9.9955E-05 0.921125
0.00143016 0.066569 9.9982E-05 0.0286959 0.0241045 0.0108807 9.9982E-05 0.86812
9.9973E-05 0.0141346 9.9973E-05 0.111361 9.9973E-05 0.0494409 0.00854963 0.816214
9.9973E-05 9.9973E-05 0.000766923 0.0487482 9.9973E-05 0.0236954 0.112535 0.813954
9.9964E-05 9.9964E-05 9.9964E-05 0.0904141 9.9964E-05 0.073078 0.0602019 0.775906
9.9973E-05 9.9973E-05 0.0339304 0.0395609 9.9973E-05 0.0775813 0.0788421 0.769786
0.0500181 0.0571771 0.0183446 9.9982E-05 0.042466 9.9982E-05 0.0565441 0.77525
0.00302532 0.00426998 9.9991E-05 0.153252 0.0310301 0.0359476 0.0320252 0.74035
9.9973E-05 0.0320102 9.9973E-05 0.0410455 9.9973E-05 0.0617125 0.0771228 0.787809
9.9964E-05 0.0134585 9.9964E-05 0.109913 0.00829982 9.9964E-05 9.9964E-05 0.867929
9.9946E-05 9.9946E-05 9.9946E-05 9.9946E-05 0.030058 9.9946E-05 9.9946E-05 0.969342
0.0123353 9.9955E-05 9.9955E-05 9.9955E-05 9.9955E-05 0.039054 9.9955E-05 0.948111
0.0146727 9.9964E-05 0.00147968 9.9964E-05 0.00222605 9.9964E-05 9.9964E-05 0.981222
9.9964E-05 9.9964E-05 0.0174215 9.9964E-05 0.021089 9.9964E-05 0.0478859 0.913204
9.994E-05 9.994E-05 9.994E-05 9.994E-05 9.994E-05 9.994E-05 0.9993 9.994E-05
0.00358442 9.9973E-05 9.9973E-05 0.0699607 0.0218994 0.191862 0.712393 9.9973E-05
0.11583 0.0616722 0.013165 0.0578567 9.9991E-05 0.0660832 0.652159 0.0331337
0.185755 9.9964E-05 0.0295598 9.9964E-05 0.00772688 9.9964E-05 0.776558 9.9964E-05
9.9964E-05 0.078279 0.0235121 9.9964E-05 9.9964E-05 0.0446176 0.853191 9.9964E-05
9.9973E-05 0.141473 0.00762385 9.9973E-05 0.01849 9.9973E-05 0.808668 0.0234452
0.122086 0.122205 9.9964E-05 9.9964E-05 9.9964E-05 0.0744764 0.680833 9.9964E-05
9.994E-05 9.994E-05 9.994E-05 9.994E-05 9.994E-05 9.994E-05 0.9993 9.994E-05
9.9973E-05 0.210795 0.00419088 0.0885629 9.9973E-05 0.00112902 0.695022 9.9973E-05
0.115543 0.17751 9.9982E-05 0.0657105 0.0257528 0.0553859 0.559898 9.9982E-05
9.9964E-05 0.101913 9.9964E-05 0.153001 9.9964E-05 0.0961232 0.648563 9.9964E-05
0.140932 0.119792 9.9973E-05 0.0230361 0.0240911 9.9973E-05 0.691849 9.9973E-05
0.0178468 0.225563 9.9982E-05 0.088965 0.0301519 9.9982E-05 0.600969 0.0363047
9.9982E-05 0.0752673 0.0012979 0.133754 0.0455789 0.137519 0.606382 9.9982E-05
0.00553798 0.151575 0.0456361 0.0374452 0.00185871 0.185694 0.563172 0.00908104
9.9982E-05 9.9982E-05 0.0147054 0.183919 0.0229938 0.270657 0.44711 0.0604141
0.148387 9.9982E-05 0.00425023 0.0081021 0.0400269 0.192251 0.606782 9.9982E-05
0.741358 0.0577329 0.0310796 9.9991E-05 0.0333589 0.0499282 0.0839811 0.00246109
0.689233 0.19352 0.0352926 0.00309056 0.0578721 0.0207914 9.9982E-05 9.9982E-05
0.690037 0.0773223 9.9982E-05 0.0196131 0.0740364 0.120862 9.9982E-05 0.017929
0.7574 9.9973E-05 9.9973E-05 0.0188368 0.0139689 0.17646 0.0330342 9.9973E-05
0.733242 9.9982E-05 0.0365027 9.9982E-05 0.067431 0.0841393 0.0575347 0.0209501
0.814084 0.0572666 0.00512497 0.00273699 0.0415986 0.0789889 9.9982E-05 9.9982E-05
0.588144 0.0151618 0.0414603 0.168466 0.0565847 0.05476 0.0252194 0.0502045
0.707339 0.0651646 0.0409075 0.0267989 0.0266978 0.0889644 0.0440283 9.9991E-05
0.710165 0.12215 0.0345047 0.0280073 9.9982E-05 9.9982E-05 0.0538259 0.0511471
0.811615 0.000403449 0.0485219 9.9973E-05 0.128195 0.010965 9.9973E-05 9.9973E-05
0.838894 0.0363264 0.00608048 0.00959266 0.0282245 0.0691003 0.0108892 0.000892642
0.87381 9.9964E-05 9.9964E-05 9.9964E-05 0.0647156 9.9964E-05 0.0277171 0.0333575
0.720492 9.9982E-05 0.000387947 0.0891646 0.0510878 0.121244 9.9982E-05 0.0174241
0.826362 0.0781467 0.00371486 9.9982E-05 0.0460281 0.0446614 9.9982E-05 0.000886862
0.869298 9.9973E-05 9.9973E-05 0.00150164 0.0443067 0.0421973 0.042397 9.9973E-05
0.812779 0.0666577 0.0728939 9.9973E-05 0.0409828 9.9973E-05 9.9973E-05 0.00638639
0.744683 9.9982E-05 0.00128692 9.9982E-05 0.0209985 0.114335 0.0191651 0.0993316
0.788577 0.0534369 0.038311 0.0332413 0.0746075 9.9982E-05 9.9982E-05 0.0116266
0.700684 0.120419 0.00687318 0.0218881 0.04784 0.0769995 0.0181442 0.00715275
0.761652 0.0619636 0.0484714 0.00523083 9.9991E-05 0.0238515 0.0651111 0.0336198
0.144769 0.163787 0.0237094 0.0320152 0.097579 0.493204 0.0226584 0.0222782
9.994E-05 9.994E-05 9.994E-05 9.994E-05 9.994E-05 0.9993 9.994E-05 9.994E-05
0.0516373 0.149889 0.118617 0.0293531 0.213312 0.415695 0.0213964 9.9991E-05
0.0980048 0.240659 0.11663 9.9982E-05 0.138202 0.385143 9.9982E-05 0.0211607
9.9964E-05 0.287414 0.0969576 9.9964E-05 0.0726165 0.542612 9.9964E-05 9.9964E-05
0.109631 0.232352 0.086168 9.9982E-05 0.141133 0.426303 9.9982E-05 0.00421349
9.99459E-05 9.99459E-05 9.99459E-05 9.99459E-05 0.998028 9.99459E-05 0.00137267 9.99459E-05
9.994E-05 9.994E-05 9.994E-05 9.994E-05 9.994E-05 0.9993 9.994E-05 9.994E-05
0.0772698 0.141078 0.0596828 0.0573857 0.172337 0.383228 9.9991E-05 0.108919
0.0613039 0.225242 0.094575 0.00226653 0.243206 0.240926 0.111801 0.0206798
0.0114835 0.244061 0.093016 9.9982E-05 0.238655 0.396499 9.9982E-05 0.0160854
9.9973E-05 0.200431 0.089192 9.9973E-05 0.210118 0.431173 0.0687863 9.9973E-05
9.9982E-05 0.0997876 0.104885 9.9982E-05 0.158906 0.555916 0.0473705 0.0329347
0.040728 0.199071 0.0779484 9.9982E-05 0.192419 0.475048 9.9982E-05 0.0145856
0.0864692 0.300432 0.055944 9.9973E-05 0.20179 0.355064 9.9973E-05 9.9973E-05
0.0114903 0.161903 0.124775 9.9982E-05 0.124201 0.537186 0.0402443 9.9982E-05
0.0252252 0.418602 0.049689 0.00840406 0.086346 0.390278 0.016742 0.00471388
0.321366 0.340794 0.00864787 9.9982E-05 0.196529 0.0998702 0.032594 9.9982E-05
0.268285 0.150357 0.0432156 9.9982E-05 0.132831 0.349455 9.9982E-05 0.0556565
0.420775 0.0329503 0.0318131 9.9982E-05 0.0836177 0.344074 9.9982E-05 0.0865698
9.99459E-05 9.99459E-05 0.00558617 9.99459E-05 0.993814 9.99459E-05 9.99459E-05 9.99459E-05
0.132025 0.217329 0.118558 0.00173391 0.118967 0.308017 0.0284102 0.0749596
0.130088 0.15031 0.0954634 9.9982E-05 0.226659 0.393783 0.00349673 9.9982E-05
0.143309 0.208525 0.0649781 9.9991E-05 0.204709 0.316841 0.0238133 0.0377245
0.0337509 0.148273 0.0955523 0.00291812 0.141699 0.502416 0.0362046 0.0391858
0.0733502 0.0690107 0.12359 9.9982E-05 0.204381 0.443847 9.9982E-05 0.0856212
0.254314 9.9991E-05 0.125995 0.20571 0.0714233 0.266327 0.0488151 0.0273164
0.175748 9.9973E-05 9.9973E-05 0.562486 0.10895 0.135171 9.9973E-05 0.017344
0.146316 0.233123 9.9982E-05 0.148547 0.0485857 0.387068 0.0361608 9.9982E-05
0.123734 0.209587 0.0868517 0.0262762 0.217018 0.284796 9.9991E-05 0.0516375
0.123909 0.253661 0.0150572 0.0582617 0.193039 0.355872 9.9982E-05 9.9982E-05
0.0694845 0.326009 0.101852 0.0166979 0.0273526 0.458261 9.9991E-05 0.000242455
9.9964E-05 0.00441721 0.848934 9.9964E-05 9.9964E-05 0.123149 0.0231002 9.9964E-05
0.0894395 0.2412 0.0612716 9.9982E-05 0.293302 0.287808 9.9982E-05 0.0267787
0.0805316 0.21729 0.048619 0.015593 0.287462 0.350304 9.9982E-05 9.9982E-05
9.9982E-05 9.9982E-05 0.07805 0.134135 0.0426515 0.558616 0.0881809 0.0981664
0.0489884 0.111074 0.0676444 0.041122 0.162493 0.374258 0.137463 0.0569583
9.9991E-05 0.0655406 0.0531532 0.109036 0.163847 0.558003 0.0290604 0.0212596
0.0136955 0.0624283 0.0541652 0.0970837 0.0619858 0.601061 0.0579983 0.0515819
0.0900626 0.11543 0.101721 0.0778452 0.127283 0.442391 9.9991E-05 0.045167
0.0797998 0.225268 0.0370581 9.9982E-05 0.170911 0.427264 9.9982E-05 0.0594989
0.0450606 0.26604 0.0454325 9.9991E-05 0.155495 0.439052 0.0378772 0.010943
0.0790278 0.193927 0.106071 9.9982E-05 0.158478 0.450668 9.9982E-05 0.0116289
9.9991E-05 0.165253 0.0772942 0.0421202 0.136002 0.49814 0.0639474 0.0171438
9.9991E-05 0.0870917 0.161043 0.0732953 0.263845 0.346523 0.0311742 0.0369271
0.0112032 0.314244 0.0639525 0.0197579 0.114141 0.475054 0.00154719 9.9991E-05
9.994E-05 9.994E-05 0.9993 9.994E-05 9.994E-05 9.994E-05 9.994E-05 9.994E-05
9.9991E-05 0.188222 0.096248 0.0490512 0.162732 0.428763 0.0341807 0.0407033
0.0388208 0.15191 0.0821416 9.9991E-05 0.263381 0.38619 0.0337621 0.043694
9.9982E-05 0.116326 0.120122 0.12622 0.156311 0.408653 9.9982E-05 0.0721683
0.145631 0.212819 0.100101 0.0018513 0.138831 0.397645 9.9991E-05 0.00302137
0.0755111 0.278944 0.0128085 9.9982E-05 0.24327 0.346334 9.9982E-05 0.0429322
0.0352672 0.276133 0.0317265 9.9991E-05 0.104336 0.460869 0.058652 0.0329168
9.994E-05 9.994E-05 9.994E-05 9.994E-05 0.9993 9.994E-05 9.994E-05 9.994E-05
9.994E-05 9.994E-05 0.9993 9.994E-05 9.994E-05 9.994E-05 9.994E-05 9.994E-05
9.994E-05 9.994E-05 9.994E-05 9.994E-05 0.9993 9.994E-05 9.994E-05 9.994E-05
9.9964E-05 9.9964E-05 0.127049 0.129744 0.121245 0.621562 9.9964E-05 9.9964E-05
9.9982E-05 9.9982E-05 0.132733 0.122556 0.222736 0.410021 0.103574 0.00817977
9.9991E-05 0.17977 0.108868 0.0284965 0.0649029 0.498318 0.0752918 0.0442525
0.0268451 0.142912 0.106335 9.9991E-05 0.223119 0.427638 0.0224444 0.0506069
0.119931 0.198338 0.10108 9.9982E-05 0.266479 0.290714 9.9982E-05 0.023258
9.9964E-05 9.9964E-05 0.787972 0.00705188 9.9964E-05 0.17151 0.0330666 9.9964E-05
0.0951302 0.115757 0.117708 0.0620888 0.109423 0.434968 9.9991E-05 0.0648248
9.9955E-05 0.760791 9.9955E-05 0.0106875 9.9955E-05 0.228022 9.9955E-05 9.9955E-05
9.9964E-05 0.86644 0.0114679 0.0240464 0.0976454 9.9964E-05 9.9964E-05 9.9964E-05
9.9964E-05 0.827984 0.0533918 9.9964E-05 0.0431783 9.9964E-05 0.0750455 9.9964E-05
9.9955E-05 0.922691 9.9955E-05 9.9955E-05 9.9955E-05 0.0632139 9.9955E-05 0.0135953
0.00602132 0.804002 0.0266602 0.0527681 0.0459702 0.0295819 0.0348965 9.9991E-05
9.9964E-05 0.858598 0.0568674 0.0408987 9.9964E-05 9.9964E-05 0.0432359 9.9964E-05
9.9964E-05 0.957371 9.9964E-05 0.0280806 9.9964E-05 9.9964E-05 0.00778654 0.00636168
9.9973E-05 0.877805 0.0475709 9.9973E-05 0.0111509 9.9973E-05 0.0305653 0.0326078
0.0905166 0.889439 0.00311052 9.9973E-05 9.9973E-05 9.9973E-05 0.00858918 0.00804479
0.0228941 0.722495 0.0818816 0.0667582 0.0835679 0.0222035 9.9982E-05 9.9982E-05
0.0440146 0.732162 0.0157053 9.9982E-05 0.0217248 0.124697 0.0614962 9.9982E-05
0.064657 0.154966 0.047332 0.693016 0.0233855 9.9991E-05 0.0147459 0.00179694
0.0365364 0.206541 0.0152865 0.707355 0.00276701 9.9991E-05 0.0189348 0.0124799
0.086837 9.9982E-05 9.9982E-05 0.674771 0.0377736 0.0756379 0.0851479 0.0396322
0.163957 9.9964E-05 9.9964E-05 0.725153 9.9964E-05 9.9964E-05 0.0867816 0.0237082
0.109067 0.0387923 0.0241063 0.716617 0.0556062 0.00285367 0.0131881 0.0397693
0.0240508 0.220317 0.0179766 0.701039 9.9982E-05 9.9982E-05 0.0186248 0.0177919
0.0922745 0.109582 0.0545447 0.72572 9.9973E-05 9.9973E-05 0.0175781 9.9973E-05
0.0237077 0.0955738 0.0186062 0.828315 0.0334974 9.9973E-05 9.9973E-05 9.9973E-05
0.105259 0.0402864 9.9991E-05 0.552529 0.0564186 0.119481 0.048252 0.0776739
0.223363 0.182175 0.00247037 0.591592 9.9964E-05 9.9964E-05 9.9964E-05 9.9964E-05
0.105859 0.0195597 9.9982E-05 0.752534 0.0650875 9.9982E-05 0.0374332 0.0193267
0.132635 9.9973E-05 9.9973E-05 0.766102 9.9973E-05 0.0501849 0.00688681 0.0438912
0.0755883 0.0515104 0.0231835 0.597322 0.0332338 0.0971176 0.103597 0.0184474
0.162985 0.0264098 0.0024766 0.58566 9.9973E-05 0.222169 9.9973E-05 9.9973E-05
9.9973E-05 9.9973E-05 0.00356976 0.699505 9.9973E-05 0.20878 0.0358012 0.0520445
0.0233072 9.9982E-05 0.00558841 0.705833 9.9982E-05 0.161351 0.0225054 0.0812152
0.0478294 0.062082 0.0346048 0.790938 0.0128757 0.0514701 9.9982E-05 9.9982E-05
0.0825659 0.034845 9.9982E-05 0.74929 0.0143333 0.0596245 9.9982E-05 0.059141
0.0590189 9.9973E-05 0.0389478 0.80549 9.9973E-05 9.9973E-05 0.0652656 0.0309776
0.0973258 9.9991E-05 0.0107621 0.704253 0.0292985 0.110605 0.0351812 0.0124736
9.9991E-05 0.0757638 0.0698342 0.675655 0.0301981 0.0198184 0.0210461 0.107584
0.0964217 0.0633472 0.0494765 0.759493 0.03053 9.9982E-05 0.000532152 9.9982E-05
9.9991E-05 0.0713868 0.0317692 0.807266 0.0289008 0.0376284 0.00276945 0.0201794
0.0194959 0.0860945 0.0313105 0.748833 9.99871E-05 0.044961 9.99871E-05 0.0691048
9.9982E-05 9.9982E-05 0.0636233 0.722018 0.00600129 0.116636 0.0505514 0.0409702
9.9973E-05 0.12324 9.9973E-05 0.644775 9.9973E-05 0.168499 0.0584905 0.00469539
0.135215 9.9991E-05 0.0420196 0.68068 0.0286883 0.0151827 0.0638796 0.0342354
0.04619 9.9973E-05 0.00143647 0.671373 9.9973E-05 0.221044 9.9973E-05 0.0596569
0.0122195 9.9991E-05 0.00873051 0.677743 0.00649857 0.15501 0.0543235 0.0853755
0.0815446 9.9982E-05 0.0666071 0.743366 0.00355376 0.0594983 0.0452302 9.9982E-05
0.152238 0.0897203 0.0139216 0.740787 0.00303306 9.9973E-05 9.9973E-05 9.9973E-05
0.111138 0.0630647 9.9982E-05 0.662265 9.9982E-05 0.0957587 0.0285183 0.0390553
0.106556 0.0275154 9.9973E-05 0.693341 9.9973E-05 0.130775 0.041513 9.9973E-05
9.9973E-05 9.9973E-05 0.0294663 0.82291 0.0816068 0.00820851 0.0575083 9.9973E-05
9.9982E-05 0.0680825 0.00224017 0.776834 0.0634174 9.9982E-05 0.070051 0.0191755
0.629452 9.9973E-05 9.9973E-05 0.0941187 9.9973E-05 0.18286 0.0755585 0.0177108
0.556943 0.0412821 0.071571 0.138477 9.9991E-05 0.0903753 0.0598221 0.0414292
0.585553 9.9982E-05 0.0363965 0.0529429 9.9982E-05 0.167681 0.108564 0.0486631
0.51673 9.9982E-05 0.0121947 0.164966 9.9982E-05 0.171187 0.0476663 0.0870559
0.600198 0.0423847 0.0144537 0.0781218 9.9991E-05 0.118211 0.0642211 0.0823097
0.669822 0.0233671 0.0339798 0.123359 0.0737709 9.9982E-05 0.0755018 9.9982E-05
0.822384 0.0162817 9.9973E-05 0.00168103 9.9973E-05 0.129129 0.0302237 9.9973E-05
0.567287 0.113868 9.9982E-05 0.0120119 9.9982E-05 0.0197172 0.171589 0.115327
