0.164181 9.9982E-05 0.598396 9.9982E-05 0.237223
0.0409881 9.9973E-05 0.958712 9.9973E-05 9.9973E-05
0.0166176 9.9982E-05 0.407498 9.9982E-05 0.575685
9.99821E-05 9.99821E-05 0.571102 0.251318 0.17738
9.9973E-05 0.994897 0.00480294 9.9973E-05 9.9973E-05
0.0714405 9.9982E-05 9.9982E-05 0.885032 0.0433271
0.110742 0.143959 9.9991E-05 0.0525673 0.692631
0.013655 9.9982E-05 0.891961 9.9982E-05 0.0941838
0.490956 9.99731E-05 9.99731E-05 0.508744 9.99731E-05
9.997E-05 0.9996 9.997E-05 9.997E-05 9.997E-05
9.99731E-05 0.629041 9.99731E-05 9.99731E-05 0.370659
9.9973E-05 9.9973E-05 0.868798 0.130902 9.9973E-05
0.353654 0.310165 9.9991E-05 0.0521021 0.283979
9.99821E-05 0.0598482 9.99821E-05 0.0285468 0.911405
0.0699401 0.92976 9.99731E-05 9.99731E-05 9.99731E-05
0.913295 9.99731E-05 9.99731E-05 9.99731E-05 0.0864054
9.999E-05 0.00921221 0.802133 0.147928 0.0406272
0.434756 0.274108 9.9991E-05 0.20149 0.0895462
9.9973E-05 9.9973E-05 0.0495413 0.950159 9.9973E-05
0.9996 9.997E-05 9.997E-05 9.997E-05 9.997E-05
0.919678 9.9982E-05 0.0450493 0.0350726 9.9982E-05
0.493228 9.9982E-05 0.109722 0.39685 9.9982E-05
0.823364 0.0555481 9.9982E-05 9.9982E-05 0.120888
0.151098 0.0873101 0.425676 0.124834 0.211083
9.9973E-05 9.9973E-05 9.9973E-05 0.0863668 0.913333
0.335155 0.664545 9.9973E-05 9.9973E-05 9.9973E-05
9.99821E-05 9.99821E-05 0.543251 0.107765 0.348784
0.0226852 0.302177 9.9991E-05 0.673032 0.00200599
0.00944729 9.99732E-05 0.990253 9.99732E-05 9.99732E-05
9.9991E-05 0.0119829 0.246454 0.720711 0.0207524
9.997E-05 9.997E-05 9.997E-05 9.997E-05 0.9996
9.997E-05 9.997E-05 9.997E-05 9.997E-05 0.9996
9.9973E-05 0.66514 9.9973E-05 9.9973E-05 0.33456
9.9973E-05 9.9973E-05 9.9973E-05 0.904788 0.0949122
9.9982E-05 0.0415246 0.779251 0.179025 9.9982E-05
0.914942 9.99731E-05 9.99731E-05 0.0847577 9.99731E-05
0.202869 9.9973E-05 9.9973E-05 0.796831 9.9973E-05
0.0113003 0.0268087 9.9982E-05 0.961691 9.9982E-05
9.9991E-05 0.269997 0.0467912 0.12158 0.561532
9.99821E-05 0.0518645 0.0653071 0.882628 9.99821E-05
9.9973E-05 9.9973E-05 0.193623 0.806077 9.9973E-05
9.99731E-05 9.99731E-05 0.88456 0.11514 9.99731E-05
0.945281 0.0544186 9.99731E-05 9.99731E-05 9.99731E-05
9.997E-05 9.997E-05 9.997E-05 9.997E-05 0.9996
0.214699 0.785001 9.99731E-05 9.99731E-05 9.99731E-05
0.00237135 9.99731E-05 0.997329 9.99731E-05 9.99731E-05
0.853997 9.9973E-05 9.9973E-05 0.145703 9.9973E-05
0.175499 9.99731E-05 9.99731E-05 0.824201 9.99731E-05
0.513797 0.439945 0.0460584 9.99821E-05 9.99821E-05
0.58392 0.107663 9.99821E-05 0.308216 9.99821E-05
