9.991E-05 9.991E-05 9.991E-05 9.991E-05 9.991E-05 9.991E-05 9.991E-05 9.991E-05 0.0865363 0.0179364 9.991E-05 9.991E-05 0.894528
0.097638 0.018634 9.9955E-05 0.0542589 9.9955E-05 9.9955E-05 9.9955E-05 0.0123121 0.0476162 0.0386969 9.9955E-05 0.00963001 0.720714
9.9946E-05 9.9946E-05 0.0148818 0.00178698 9.9946E-05 0.0418447 9.9946E-05 0.0263652 0.138042 9.9946E-05 0.00688199 9.9946E-05 0.769598
0.0797441 0.0159363 9.9946E-05 9.9946E-05 9.9946E-05 9.9946E-05 0.0113383 0.0422429 0.0739481 9.9946E-05 0.0194132 9.9946E-05 0.756777
0.0243954 0.0403594 0.0108158 9.9964E-05 9.9964E-05 9.9964E-05 0.00790171 9.9964E-05 0.0896619 0.0062274 0.0233166 0.0375849 0.759337
0.0739772 9.9937E-05 9.9937E-05 9.9937E-05 9.9937E-05 9.9937E-05 0.00230076 9.9937E-05 0.000649066 0.0290716 0.0288094 9.9937E-05 0.864492
0.0410119 0.06327 9.9919E-05 9.9919E-05 9.9919E-05 9.9919E-05 9.9919E-05 9.9919E-05 9.9919E-05 0.00696209 9.9919E-05 9.9919E-05 0.887857
9.99281E-05 0.0998153 9.99281E-05 9.99281E-05 9.99281E-05 9.99281E-05 9.99281E-05 9.99281E-05 0.0647828 0.0202328 0.00593035 9.99281E-05 0.808439
0.121802 0.0779149 9.9928E-05 9.9928E-05 9.9928E-05 9.9928E-05 9.9928E-05 0.0216546 9.9928E-05 0.0215865 9.9928E-05 9.9928E-05 0.756242
0.0365456 0.039634 0.0102464 9.9964E-05 9.9964E-05 0.0693246 0.00337227 9.9964E-05 0.0774642 0.00432988 0.00750414 9.9964E-05 0.751179
0.0789667 9.9928E-05 0.00755307 0.118088 9.9928E-05 9.9928E-05 9.9928E-05 9.9928E-05 0.086108 9.9928E-05 9.9928E-05 9.9928E-05 0.708485
9.9937E-05 9.9937E-05 9.9937E-05 9.9937E-05 9.9937E-05 0.0889166 0.0295119 0.0360788 0.125773 0.0209159 9.9937E-05 9.9937E-05 0.698105
9.9928E-05 0.116055 9.9928E-05 9.9928E-05 9.9928E-05 9.9928E-05 9.9928E-05 9.9928E-05 0.134079 0.0483245 0.00326042 9.9928E-05 0.697481
0.0898704 9.9973E-05 0.0229644 0.0771338 0.0163625 0.032056 0.00118768 0.0114397 9.9973E-05 0.0275908 9.9973E-05 0.0250703 0.696024
0.0237516 0.00648936 9.9937E-05 0.087716 9.9937E-05 0.0813612 9.9937E-05 0.0157495 9.9937E-05 9.9937E-05 9.9937E-05 9.9937E-05 0.784233
0.109761 0.0153538 9.9937E-05 9.9937E-05 0.0103791 9.9937E-05 9.9937E-05 9.9937E-05 9.9937E-05 9.9937E-05 0.0131971 0.0145095 0.8361
9.9928E-05 9.9928E-05 9.9928E-05 9.9928E-05 0.0121821 9.9928E-05 0.0153758 9.9928E-05 9.9928E-05 0.00236817 0.0264303 9.9928E-05 0.942844
9.9928E-05 9.9928E-05 9.9928E-05 9.9928E-05 0.0453748 9.9928E-05 9.9928E-05 0.00608258 9.9928E-05 9.9928E-05 0.00401916 0.0263635 0.917361
9.9919E-05 9.9919E-05 9.9919E-05 9.9919E-05 0.0287292 9.9919E-05 9.9919E-05 9.9919E-05 9.9919E-05 0.00521192 9.9919E-05 0.0558247 0.909335
9.9946E-05 9.9946E-05 9.9946E-05 0.0243782 0.063983 0.0110408 0.00316664 9.9946E-05 9.9946E-05 9.9946E-05 0.0106456 0.00937284 0.876813
9.98919E-05 9.98919E-05 0.998801 9.98919E-05 9.98919E-05 9.98919E-05 9.98919E-05 9.98919E-05 9.98919E-05 9.98919E-05 9.98919E-05 9.98919E-05 9.98919E-05
9.9928E-05 9.9928E-05 0.0119252 0.0385667 9.9928E-05 0.766588 9.9928E-05 0.011951 0.170169 9.9928E-05 9.9928E-05 9.9928E-05 9.9928E-05
0.0175393 9.9973E-05 0.00913258 0.015416 0.020958 0.777328 0.0199743 9.9973E-05 0.0869443 0.00258035 9.9973E-05 0.0181424 0.0316848
9.9919E-05 9.9919E-05 9.9919E-05 9.9919E-05 0.0803733 0.886651 9.9919E-05 9.9919E-05 0.00635043 9.9919E-05 0.0257258 9.9919E-05 9.9919E-05
9.99011E-05 9.99011E-05 0.00439682 9.99011E-05 9.99011E-05 0.994504 9.99011E-05 9.99011E-05 9.99011E-05 9.99011E-05 9.99011E-05 9.99011E-05 9.99011E-05
9.9937E-05 0.00683345 9.9937E-05 9.9937E-05 9.9937E-05 0.937658 0.00574711 0.00495466 9.9937E-05 9.9937E-05 0.0262228 0.0178841 9.9937E-05
9.994E-05 0.0689832 0.0210977 9.994E-05 0.0276049 0.774256 9.994E-05 0.00874584 0.0795547 9.994E-05 9.994E-05 0.019158 9.994E-05
9.98919E-05 9.98919E-05 0.998801 9.98919E-05 9.98919E-05 9.98919E-05 9.98919E-05 9.98919E-05 9.98919E-05 9.98919E-05 9.98919E-05 9.98919E-05 9.98919E-05
0.0403631 0.0498888 0.0269948 9.9937E-05 9.9937E-05 0.839267 0.0224383 9.9937E-05 9.9937E-05 9.9937E-05 9.9937E-05 0.0203487 9.9937E-05
0.00958039 0.0748931 9.9982E-05 0.0101498 0.0603016 0.730338 0.00213644 9.9982E-05 0.0473529 0.0433199 0.00318614 0.0182367 0.000304986
0.0650201 0.0321641 0.0211474 9.9946E-05 9.9946E-05 0.771766 9.9946E-05 0.0215687 0.0744352 9.9946E-05 0.0132986 9.9946E-05 9.9946E-05
9.9946E-05 9.9946E-05 0.0188045 9.9946E-05 0.142543 0.789792 0.000694342 9.9946E-05 9.9946E-05 0.00358517 0.00614316 0.037838 9.9946E-05
0.0942805 0.075809 0.0396547 9.9964E-05 0.0415544 0.66841 0.0133447 9.9964E-05 9.9964E-05 0.0357388 0.00365179 9.9964E-05 0.0271565
0.0476093 9.9955E-05 0.0326175 0.0109307 9.9955E-05 0.673552 0.0205223 0.070683 0.0906773 0.0529081 9.9955E-05 9.9955E-05 9.9955E-05
0.028816 0.0525057 9.9973E-05 0.0907529 0.0120371 0.69916 0.03194 0.0335132 9.9973E-05 0.0195267 0.00816257 9.9973E-05 0.0232862
0.108443 9.9964E-05 0.000557138 0.0981291 9.9964E-05 0.532014 9.9964E-05 0.08366 0.116381 9.9964E-05 0.0153226 0.0149806 0.0301133
9.9937E-05 9.9937E-05 9.9937E-05 0.0266877 0.18147 0.687839 0.000877896 0.0384583 9.9937E-05 9.9937E-05 9.9937E-05 0.0639668 9.9937E-05
9.9955E-05 0.0084858 0.0234297 9.9955E-05 0.569227 0.0284285 9.9955E-05 0.0150214 0.181052 9.9955E-05 0.0144217 0.159434 9.9955E-05
9.9946E-05 0.128815 9.9946E-05 0.0941462 0.606918 9.9946E-05 0.00659345 9.9946E-05 0.0861496 0.0246216 9.9946E-05 0.0521569 9.9946E-05
0.0178115 0.0782586 9.99804E-05 0.0403695 0.532522 0.0294007 9.99804E-05 0.0400153 0.208293 0.0228369 0.0232756 0.00691699 9.99804E-05
0.02292 9.9946E-05 9.9946E-05 0.0984886 0.804742 0.0386507 9.9946E-05 0.0160147 9.9946E-05 9.9946E-05 0.00338547 0.0151991 9.9946E-05
9.9955E-05 9.9955E-05 0.0273696 9.9955E-05 0.685455 9.9955E-05 0.035252 0.0138065 0.08015 0.0320774 9.9955E-05 0.102915 0.0224747
0.0152699 0.0325652 0.0036813 0.0820218 0.769072 9.9964E-05 0.00313325 0.0242129 0.0636157 9.9964E-05 9.9964E-05 9.9964E-05 0.00602847
0.0802822 9.9955E-05 0.00205765 9.9955E-05 0.364324 9.9955E-05 0.0133665 9.9955E-05 0.380258 0.05865 9.9955E-05 0.0618911 0.0386709
9.9973E-05 0.00333266 0.00727271 0.0186539 0.634719 0.038256 0.0275708 0.0103122 0.170951 0.00884774 9.9973E-05 0.0797838 9.9973E-05
0.0181811 0.0565821 9.9955E-05 9.9955E-05 0.624376 0.04805 0.0110907 9.9955E-05 0.138588 9.9955E-05 9.9955E-05 0.0602898 0.0423429
9.993E-05 9.993E-05 9.993E-05 0.0667658 0.857672 0.00351718 0.0260292 9.993E-05 9.993E-05 0.00888842 0.0364277 9.993E-05 9.993E-05
9.9946E-05 0.0750486 0.0129602 9.9946E-05 0.691572 9.9946E-05 9.9946E-05 0.0148338 0.183493 0.0180977 9.9946E-05 9.9946E-05 0.00339488
9.9955E-05 9.9955E-05 0.0405811 9.9955E-05 0.856697 9.9955E-05 9.9955E-05 0.00555954 0.0274986 0.0188037 0.0215287 0.000134336 0.0286969
0.00080481 9.9946E-05 0.00328746 9.9946E-05 0.441192 9.9946E-05 9.9946E-05 0.0129774 0.432643 0.0193899 9.9946E-05 0.0891053 9.9946E-05
9.9937E-05 0.0849165 9.9937E-05 9.9937E-05 0.801894 9.9937E-05 9.9937E-05 9.9937E-05 0.0806678 0.00274195 0.0154418 9.9937E-05 0.0136384
0.0470681 9.9946E-05 0.0156144 9.9946E-05 0.867729 9.9946E-05 9.9946E-05 0.00723421 9.9946E-05 0.0178588 0.0101252 0.0337711 9.9946E-05
9.99369E-05 0.0983575 0.00136641 9.99369E-05 0.755963 9.99369E-05 0.052508 9.99369E-05 0.0287392 0.0623661 9.99369E-05 9.99369E-05 9.99369E-05
9.9955E-05 9.9955E-05 0.00489753 0.0905134 0.69905 9.9955E-05 9.9955E-05 0.00726544 0.110809 9.9955E-05 0.0180466 0.000791863 0.0681263
0.0769507 0.0216164 0.0127419 0.0221643 0.719618 9.9982E-05 0.0172686 9.9982E-05 0.0439083 0.0412637 0.00985576 0.00991954 0.0244925
9.9946E-05 0.110313 0.000524498 9.9946E-05 0.465865 9.9946E-05 9.9946E-05 0.0122664 0.382175 9.9946E-05 0.0260059 0.00225083 9.9946E-05
0.00552733 0.0160842 0.0261365 0.057376 0.838485 0.00585477 0.0218475 0.000212276 9.996E-05 9.996E-05 9.996E-05 9.996E-05 0.028077
0.0192848 0.00831708 9.9982E-05 0.443645 0.0726871 0.0655246 0.00183951 0.0459902 0.120952 0.00456166 9.9982E-05 0.188721 0.0282775
9.98918E-05 9.98918E-05 9.98918E-05 9.98918E-05 9.98918E-05 9.98918E-05 9.98918E-05 0.998801 9.98918E-05 9.98918E-05 9.98918E-05 9.98918E-05 9.98918E-05
9.9955E-05 0.0409434 9.9955E-05 0.600825 9.9955E-05 0.0321513 0.0528125 0.0255296 0.165453 0.0348027 9.9955E-05 0.0469826 9.9955E-05
9.9973E-05 0.135175 0.00580326 0.550279 0.122884 9.9973E-05 0.057378 0.0368212 0.038734 0.0365145 0.00236818 0.0137429 9.9973E-05
9.9946E-05 0.142992 9.9946E-05 0.646535 0.0317683 9.9946E-05 0.0413217 0.0645064 9.9946E-05 9.9946E-05 0.0111984 0.0610784 9.9946E-05
9.9955E-05 9.9955E-05 0.0127655 0.687375 0.183776 9.9955E-05 0.0241926 0.0253063 9.9955E-05 0.00127382 0.00454227 0.0602685 9.9955E-05
9.98918E-05 9.98918E-05 9.98918E-05 9.98918E-05 9.98918E-05 9.98918E-05 9.98918E-05 9.98918E-05 9.98918E-05 0.998801 9.98918E-05 9.98918E-05 9.98918E-05
9.98918E-05 9.98918E-05 9.98918E-05 9.98918E-05 9.98918E-05 9.98918E-05 9.98918E-05 0.998801 9.98918E-05 9.98918E-05 9.98918E-05 9.98918E-05 9.98918E-05
9.9964E-05 0.0140176 0.0206988 0.516273 9.9964E-05 9.9964E-05 0.0359064 0.0460468 0.220611 0.0482723 0.021702 9.9964E-05 0.0760728
0.0156893 9.9982E-05 0.0362646 0.360239 0.0955203 0.0687726 0.0499124 0.0309355 9.9982E-05 0.0761866 0.0114064 0.237189 0.0176836
9.998E-05 0.085399 0.0027094 0.397476 0.090363 0.0114263 0.0340948 0.0803054 9.998E-05 0.0511771 0.0223414 0.196823 0.0276846
9.9964E-05 0.00404436 0.0404168 0.511055 9.9964E-05 0.064958 0.074642 0.0661861 9.9964E-05 0.0449963 0.0151748 0.178127 9.9964E-05
0.00306652 9.9973E-05 0.0167695 0.459692 9.9973E-05 0.0752018 0.065889 0.137588 9.9973E-05 0.0455823 0.0272631 0.127325 0.0413234
9.9964E-05 9.9964E-05 9.9964E-05 0.588673 0.10072 0.0111394 0.0217608 0.0763498 9.9964E-05 0.0215677 0.00971378 0.143787 0.025888
9.996E-05 0.155017 0.00885176 0.53635 0.163958 9.996E-05 0.0121859 0.0356458 9.996E-05 0.0480925 0.0275203 0.0119781 9.996E-05
9.996E-05 0.0130071 0.0100342 0.611793 0.0353887 0.0764073 0.039351 0.0952142 9.996E-05 0.0313651 9.996E-05 0.0870397 9.996E-05
9.9946E-05 0.261688 9.9946E-05 0.448668 9.9946E-05 0.0329918 0.00104479 0.088548 0.133771 9.9946E-05 0.0326892 9.9946E-05 9.9946E-05
9.998E-05 0.194716 0.0304726 0.0918795 0.26483 0.039454 0.00220097 0.0467322 0.00199235 0.0325933 0.0576215 0.237307 9.998E-05
9.997E-05 0.046701 9.997E-05 0.375872 0.315462 0.00225339 0.00510347 0.0340729 9.997E-05 0.0250018 0.0106316 0.140195 0.0444061
9.9955E-05 9.9955E-05 9.9955E-05 0.351152 0.447299 9.9955E-05 0.018201 0.0663097 0.00113371 9.9955E-05 0.0179628 0.0277449 0.0696977
9.98918E-05 9.98918E-05 9.98918E-05 9.98918E-05 9.98918E-05 9.98918E-05 9.98918E-05 9.98918E-05 9.98918E-05 0.998801 9.98918E-05 9.98918E-05 9.98918E-05
0.0454293 0.0976403 0.0435006 0.335177 0.221225 9.9973E-05 0.0763203 0.0649132 9.9973E-05 0.0141339 0.0616753 9.9973E-05 0.0396851
9.9946E-05 9.9946E-05 9.9946E-05 0.526936 0.190879 9.9946E-05 0.0422237 0.0619433 9.9946E-05 0.0640216 0.0458994 0.0674968 9.9946E-05
9.98918E-05 9.98918E-05 9.98918E-05 9.98918E-05 9.98918E-05 9.98918E-05 9.98918E-05 9.98918E-05 9.98918E-05 9.98918E-05 9.98918E-05 0.998801 9.98918E-05
0.0377688 9.9973E-05 9.9973E-05 0.60329 0.00721902 0.0356951 0.041459 0.0716986 0.0449185 0.0273881 9.9973E-05 0.110358 0.019905
9.995E-05 9.995E-05 9.995E-05 0.610459 0.118329 9.995E-05 0.0396205 0.0417642 9.995E-05 0.0597031 0.00166018 0.0593665 0.0685979
0.166318 9.9964E-05 0.00809671 0.307385 0.305138 0.0476366 0.0924032 0.0261003 9.9964E-05 9.9964E-05 0.0198207 9.9964E-05 0.0267015
0.574402 9.9964E-05 9.9964E-05 0.0726288 0.110483 9.9964E-05 0.01231 0.0346809 0.10587 0.035983 0.0342584 9.9964E-05 0.018984
0.183794 0.139135 9.9973E-05 0.325527 0.137356 0.0319485 0.00827851 0.0727181 9.9973E-05 9.9973E-05 0.000483659 0.0830907 0.0173692
9.98919E-05 9.98919E-05 9.98919E-05 9.98919E-05 9.98919E-05 9.98919E-05 9.98919E-05 9.98919E-05 9.98919E-05 9.98919E-05 9.98919E-05 0.998801 9.98919E-05
9.98919E-05 9.98919E-05 9.98919E-05 9.98919E-05 9.98919E-05 9.98919E-05 9.98919E-05 9.98919E-05 9.98919E-05 9.98919E-05 9.98919E-05 0.998801 9.98919E-05
0.0062856 0.103496 9.9955E-05 0.495029 0.097539 0.0409874 0.0458565 0.055538 9.9955E-05 9.9955E-05 9.9955E-05 0.154769 9.9955E-05
9.9955E-05 0.0184774 0.000760268 0.265421 9.9955E-05 9.9955E-05 0.504878 0.0223487 0.150816 0.0300649 9.9955E-05 0.00673333 9.9955E-05
9.9964E-05 0.017653 0.0148422 0.536593 0.186416 9.9964E-05 0.0276673 0.0467608 9.9964E-05 0.149748 0.0177338 0.00218605 9.9964E-05
0.034686 9.9964E-05 0.0100254 0.693066 0.117671 9.9964E-05 0.00988558 0.0165667 9.9964E-05 0.0757943 0.00768162 0.0342245 9.9964E-05
0.0770488 9.9973E-05 0.0230502 0.555506 9.9973E-05 0.00806813 0.0280639 0.0577512 0.157784 9.9973E-05 0.00384416 0.0153959 0.0731881
9.99484E-05 9.99484E-05 9.99484E-05 0.501445 9.99484E-05 0.0956009 0.021347 9.99484E-05 0.327941 0.0298185 0.0223819 0.000866613 9.99484E-05
0.0822883 9.9946E-05 9.9946E-05 0.690974 9.9946E-05 9.9946E-05 0.00986325 0.00721375 0.159068 0.0375328 0.0124605 9.9946E-05 9.9946E-05
0.0197364 0.0489277 0.0138024 0.378755 9.9982E-05 0.0413343 0.0375499 0.104968 0.142298 0.0398663 9.9982E-05 0.103653 0.0689094
0.088582 0.0806695 0.00191358 0.364562 9.9973E-05 9.9973E-05 0.0341748 0.0732418 0.225052 0.0371382 0.0831722 9.9973E-05 0.0111936
9.996E-05 0.0378888 9.996E-05 0.503817 0.137727 9.996E-05 0.032063 0.0528139 9.996E-05 0.0268865 0.0392938 0.113249 0.055861
9.9964E-05 0.131834 9.9964E-05 0.4061 0.104305 0.0418014 0.000775226 0.030284 9.9964E-05 0.00436737 0.0404264 0.239707 9.9964E-05
9.997E-05 0.0359571 9.997E-05 0.475338 0.118749 9.997E-05 0.0568577 0.123311 0.0457207 0.0125325 0.0766559 0.0383686 0.0162094
0.0458203 0.0315939 0.0231921 0.63464 9.9991E-05 0.0451385 0.0459648 0.0217354 0.0614757 0.0168214 0.00108189 0.0626431 0.00979238
0.0784681 0.0213031 0.0359 0.385709 0.0430371 9.9982E-05 0.122362 0.111819 9.9982E-05 0.0742257 0.0225064 0.0642034 0.0402658
0.00276795 0.0841236 0.0145758 0.728407 0.101842 9.9955E-05 0.0161886 0.0283476 9.9955E-05 0.0232472 9.9955E-05 9.9955E-05 9.9955E-05
9.98916E-05 9.98916E-05 9.98916E-05 9.98916E-05 9.98916E-05 9.98916E-05 0.998801 9.98916E-05 9.98916E-05 9.98916E-05 9.98916E-05 9.98916E-05 9.98916E-05
0.0583073 0.134552 0.0112149 0.365535 0.127066 0.00438427 0.0452623 0.104289 9.9991E-05 0.0248468 0.0471821 0.0334621 0.0437983
9.9973E-05 9.9973E-05 0.00212364 0.721518 0.020498 9.9973E-05 0.0480679 0.0184718 0.0990032 0.0725069 0.00296293 0.00969896 0.00484825
0.0997807 9.9964E-05 0.0164454 0.554967 9.9964E-05 9.9964E-05 0.0708854 0.0329744 0.0758636 0.0594557 9.9964E-05 0.0603178 0.0289105
0.0246882 0.00737524 9.9964E-05 0.60466 0.22915 9.9964E-05 0.0393329 0.0497184 9.9964E-05 0.0139651 0.00591348 0.0247968 9.9964E-05
9.996E-05 0.238645 9.996E-05 0.539404 0.0765951 9.996E-05 9.996E-05 0.0130615 0.00619812 0.00358734 0.0590838 0.0372358 0.0257901
9.996E-05 0.141483 0.00180276 0.48512 9.996E-05 0.0293327 9.996E-05 0.062546 0.125796 9.996E-05 0.0135637 0.101231 0.0387258
9.98919E-05 9.98919E-05 9.98919E-05 9.98919E-05 9.98919E-05 9.98919E-05 9.98919E-05 9.98919E-05 9.98919E-05 9.98919E-05 0.998801 9.98919E-05 9.98919E-05
9.98916E-05 9.98916E-05 9.98916E-05 9.98916E-05 9.98916E-05 9.98916E-05 0.998801 9.98916E-05 9.98916E-05 9.98916E-05 9.98916E-05 9.98916E-05 9.98916E-05
9.98919E-05 9.98919E-05 9.98919E-05 9.98919E-05 9.98919E-05 9.98919E-05 9.98919E-05 9.98919E-05 9.98919E-05 9.98919E-05 0.998801 9.98919E-05 9.98919E-05
0.00954806 9.9955E-05 0.0172852 0.667718 0.0177096 9.9955E-05 0.049231 0.0698783 0.136633 0.0314977 9.9955E-05 9.9955E-05 9.9955E-05
0.04747 9.9973E-05 0.036709 0.529146 9.9973E-05 0.00217388 0.0806746 0.0921469 0.134376 0.0123893 0.0586383 9.9973E-05 0.00597542
0.0724514 0.0252369 9.9964E-05 0.647825 0.0120389 0.0788586 0.0464052 0.0629779 9.9964E-05 9.9964E-05 0.0226292 9.9964E-05 0.0311765
9.996E-05 9.996E-05 0.0298562 0.643484 0.0868279 9.996E-05 0.0592196 0.0335861 9.996E-05 0.00594386 0.0688878 0.0202577 0.0515369
9.9955E-05 9.9955E-05 0.0209749 0.562434 0.216336 9.9955E-05 0.0620303 0.0588604 9.9955E-05 0.0326076 0.0052741 0.0409828 9.9955E-05
9.9928E-05 9.9928E-05 0.00690775 0.276829 9.9928E-05 9.9928E-05 0.460507 9.9928E-05 0.253416 9.9928E-05 9.9928E-05 9.9928E-05 0.00154111
0.00027495 9.9964E-05 9.9964E-05 0.528541 9.9964E-05 0.00212139 0.0541017 0.0398447 0.222307 9.9964E-05 0.023231 0.0889101 0.0402686
9.9928E-05 0.84499 9.9928E-05 9.9928E-05 9.9928E-05 9.9928E-05 9.9928E-05 0.0636732 0.0105977 0.0175248 9.9928E-05 0.0624147 9.9928E-05
9.9919E-05 0.828613 9.9919E-05 9.9919E-05 9.9919E-05 9.9919E-05 9.9919E-05 9.9919E-05 9.9919E-05 0.028588 0.00712393 0.134776 9.9919E-05
9.9946E-05 0.779844 0.0369625 9.9946E-05 9.9946E-05 0.0193867 0.0225828 9.9946E-05 9.9946E-05 0.00620415 0.0138826 0.120538 9.9946E-05
9.9946E-05 0.914073 9.9946E-05 0.0284387 9.9946E-05 9.9946E-05 9.9946E-05 0.0266879 0.00246199 0.00861699 9.9946E-05 0.0135103 0.00561152
0.0517355 0.698967 9.9955E-05 0.14371 9.9955E-05 0.0557278 0.017924 9.9955E-05 9.9955E-05 0.00741194 0.0208724 9.9955E-05 0.00315085
0.0239003 0.863344 9.9937E-05 9.9937E-05 0.00377672 0.0664209 0.0092084 0.0326498 9.9937E-05 9.9937E-05 9.9937E-05 9.9937E-05 9.9937E-05
9.9892E-05 0.998801 9.9892E-05 9.9892E-05 9.9892E-05 9.9892E-05 9.9892E-05 9.9892E-05 9.9892E-05 9.9892E-05 9.9892E-05 9.9892E-05 9.9892E-05
9.9928E-05 0.864522 9.9928E-05 9.9928E-05 9.9928E-05 0.0208874 0.00803113 9.9928E-05 9.9928E-05 9.9928E-05 9.9928E-05 0.0764901 0.0292701
9.9937E-05 0.869119 0.00158218 9.9937E-05 0.100936 9.9937E-05 0.00444613 9.9937E-05 0.00658398 9.9937E-05 0.0166326 9.9937E-05 9.9937E-05
9.9955E-05 0.652051 0.0546836 9.9955E-05 0.0845055 9.9955E-05 0.0505483 0.00374485 9.9955E-05 0.0256435 0.00125449 0.127069 9.9955E-05
9.996E-05 0.80273 0.00258431 0.0139365 0.0558345 0.0533473 0.00328163 0.045203 9.996E-05 9.996E-05 0.00866782 0.0140152 9.996E-05
0.651998 0.139131 9.9946E-05 9.9946E-05 0.128158 0.0491465 0.0142016 9.9946E-05 9.9946E-05 0.0121874 0.00457789 9.9946E-05 9.9946E-05
0.649544 0.128393 0.0223086 9.9973E-05 0.0190084 9.9973E-05 0.0341814 0.0166099 0.0786664 0.0247052 9.9973E-05 0.0175282 0.00875507
0.643452 0.00602896 0.0196953 9.9982E-05 0.0217566 0.0392445 9.9982E-05 0.00253315 0.0803459 0.000323854 0.0141599 0.135009 0.0372508
0.665039 9.9937E-05 9.9937E-05 9.9937E-05 0.153419 0.0492407 9.9937E-05 9.9937E-05 9.9937E-05 9.9937E-05 0.0221363 0.0847384 0.0247268
0.674232 9.9946E-05 0.0385449 0.0331184 0.143467 9.9946E-05 9.9946E-05 9.9946E-05 9.9946E-05 0.0553212 9.9946E-05 0.0408934 0.0138231
0.63684 0.122246 0.0339763 0.042245 9.9973E-05 9.9973E-05 0.00909878 0.00480408 0.105154 0.0149528 0.0105362 9.9973E-05 0.0198462
0.665745 0.0316724 9.9937E-05 9.9937E-05 0.128216 0.0795153 0.0725781 9.9937E-05 9.9937E-05 0.0215744 9.9937E-05 9.9937E-05 9.9937E-05
0.756653 0.0352246 0.03719 9.9937E-05 9.9937E-05 9.9937E-05 0.0178492 9.9937E-05 9.9937E-05 0.00608307 9.9937E-05 0.1463 9.9937E-05
0.468053 9.998E-05 0.0116969 0.0284423 0.0153482 0.0360882 0.0344405 0.0146564 0.21717 9.998E-05 0.0470657 0.0786585 0.0481795
0.602127 0.133661 0.00296342 9.9937E-05 0.226345 9.9937E-05 0.0222437 9.9937E-05 9.9937E-05 9.9937E-05 9.9937E-05 0.0119606 9.9937E-05
0.685686 9.9964E-05 0.0243035 9.9964E-05 0.186261 0.00211922 9.9964E-05 0.0327378 9.9964E-05 0.0423724 0.0133331 0.00298913 0.00979802
0.699223 9.9937E-05 0.0205709 9.9937E-05 0.162605 9.9937E-05 9.9937E-05 0.051624 0.00436103 9.9937E-05 9.9937E-05 9.9937E-05 0.0609162
0.600168 9.9973E-05 0.0130776 0.15474 0.133126 0.0412087 0.000236738 0.0023221 0.00490833 9.9973E-05 0.0306995 0.019213 9.9973E-05
0.486773 0.0937653 9.9955E-05 0.112708 0.00333527 9.9955E-05 9.9955E-05 0.0112352 0.251664 0.0166902 0.02333 9.9955E-05 9.9955E-05
0.661706 0.0410546 9.9964E-05 9.9964E-05 9.9964E-05 0.0933335 0.0482194 0.0575158 0.00477282 0.000486463 0.0302309 9.9964E-05 0.0622805
0.644466 9.9964E-05 0.0155 0.0450713 9.9964E-05 0.0156778 0.0175842 0.0417911 0.123264 0.0322513 9.9964E-05 9.9964E-05 0.0639948
0.73325 0.110623 9.9937E-05 9.9937E-05 0.0760313 9.9937E-05 0.000962692 0.0471621 9.9937E-05 9.9937E-05 0.0312716 9.9937E-05 9.9937E-05
0.716063 0.0186199 9.9964E-05 0.00402069 0.0649095 9.9964E-05 9.9964E-05 0.0225993 0.0464512 9.9964E-05 0.0296355 0.0511162 0.0461847
0.759907 9.99461E-05 0.0236934 9.99461E-05 0.0973546 0.0441856 0.0242238 9.99461E-05 9.99461E-05 9.99461E-05 0.0106714 9.99461E-05 0.0393642
0.62887 9.9955E-05 0.0243192 0.0639118 9.9955E-05 9.9955E-05 9.9955E-05 0.00127611 0.246307 0.0248027 0.0010614 0.00895251 9.9955E-05
0.57618 9.9955E-05 9.9955E-05 0.0324697 9.9955E-05 0.0251834 0.0459917 9.9955E-05 0.203093 0.0518968 0.0025506 9.9955E-05 0.0621356
0.669025 0.0165432 9.9946E-05 9.9946E-05 0.0827619 0.0573283 0.0501993 9.9946E-05 9.9946E-05 9.9946E-05 0.0386402 0.0849025 9.9946E-05
0.74189 0.0419127 0.000844602 9.9955E-05 9.9955E-05 9.9955E-05 0.0431669 9.9955E-05 0.0684813 0.0185275 0.0278779 0.0567997 9.9955E-05
0.699437 9.9946E-05 9.9946E-05 0.0558388 9.9946E-05 9.9946E-05 0.0162791 9.9946E-05 0.13456 0.00921001 9.9946E-05 0.0289237 0.0551514
0.62452 9.9964E-05 9.9964E-05 0.0468542 9.9964E-05 0.0882402 0.0573844 0.00520744 0.121363 0.0160818 9.9964E-05 0.0241085 0.0158411
0.635847 9.9928E-05 9.9928E-05 0.129168 9.9928E-05 0.0533664 9.9928E-05 9.9928E-05 0.17265 9.9928E-05 9.9928E-05 0.00816919 9.9928E-05
0.563102 9.9955E-05 0.024363 9.9955E-05 9.9955E-05 9.9955E-05 0.021765 9.9955E-05 0.295072 0.00300103 0.0178808 0.0576316 0.0166841
0.586389 9.9946E-05 0.00500884 9.9946E-05 9.9946E-05 9.9946E-05 0.0285957 0.0710394 0.22956 0.0373427 9.9946E-05 9.9946E-05 0.041465
0.597468 0.0215194 9.9973E-05 0.03545 0.0282683 0.0338665 0.00509349 0.0260112 0.0835534 9.9973E-05 9.9973E-05 0.105511 0.0629585
0.735464 9.9937E-05 9.9937E-05 9.9937E-05 0.173504 0.00450663 0.0537445 0.0155159 9.9937E-05 0.0165645 9.9937E-05 9.9937E-05 9.9937E-05
0.70686 0.0116473 9.9937E-05 9.9937E-05 0.201323 9.9937E-05 0.0393915 0.0288713 9.9937E-05 9.9937E-05 0.0112072 9.9937E-05 9.9937E-05
0.606735 0.0222789 9.998E-05 0.0346795 0.133126 0.0498169 0.0262435 0.0196094 0.0159517 0.0138889 0.00800561 9.998E-05 0.0694645
0.632222 9.9937E-05 0.00140432 0.0180749 0.137838 0.107468 9.9937E-05 9.9937E-05 9.9937E-05 9.9937E-05 9.9937E-05 0.102293 9.9937E-05
0.760419 9.9946E-05 0.00325221 9.9946E-05 9.9946E-05 0.0456387 0.0339937 0.0180359 9.9946E-05 9.9946E-05 0.06353 0.0745303 9.9946E-05
0.755824 9.9964E-05 0.0392073 0.0742024 0.0266261 9.9964E-05 0.000485393 9.9964E-05 9.9964E-05 0.0368427 0.000134744 0.0402397 0.0260379
9.9937E-05 9.9937E-05 0.00754521 9.9937E-05 0.0633537 9.9937E-05 9.9937E-05 0.0586902 0.830307 0.0293831 0.0100213 9.9937E-05 9.9937E-05
0.0194968 9.9928E-05 9.9928E-05 9.9928E-05 9.9928E-05 0.0195623 0.0412316 9.9928E-05 0.915921 0.00298908 9.9928E-05 9.9928E-05 9.9928E-05
9.9928E-05 9.9928E-05 9.9928E-05 9.9928E-05 9.9928E-05 9.9928E-05 0.00861259 0.0215029 0.939422 9.9928E-05 0.00477414 9.9928E-05 0.0248894
0.017845 9.9937E-05 9.9937E-05 0.0130285 9.9937E-05 9.9937E-05 9.9937E-05 9.9937E-05 0.893628 0.00325266 9.9937E-05 0.0387887 0.0327577
9.9901E-05 9.9901E-05 9.9901E-05 9.9901E-05 9.9901E-05 9.9901E-05 9.9901E-05 9.9901E-05 0.962688 9.9901E-05 9.9901E-05 0.0362131 9.9901E-05
9.9946E-05 9.9946E-05 0.0251755 9.9946E-05 0.250547 9.9946E-05 0.0245841 9.9946E-05 0.655654 0.036034 0.000814612 0.00659101 9.9946E-05
9.991E-05 0.00338324 9.991E-05 9.991E-05 0.222314 9.991E-05 9.991E-05 9.991E-05 0.773303 9.991E-05 9.991E-05 9.991E-05 9.991E-05
9.9937E-05 9.9937E-05 9.9937E-05 9.9937E-05 0.119809 0.135849 9.9937E-05 9.9937E-05 0.655105 9.9937E-05 0.00973632 0.0455844 0.0332163
