0.677488 0.038326 0.284186
0.9998 9.999E-05 9.999E-05
0.459649 9.9991E-05 0.540251
0.822644 9.9991E-05 0.177256
9.9991E-05 0.129114 0.870786
0.435335 0.564565 9.9991E-05
0.0242877 0.116767 0.858945
0.889961 9.9991E-05 0.109939
0.0356768 0.964223 9.9991E-05
9.9991E-05 0.0303189 0.969581
9.999E-05 9.999E-05 0.9998
0.962204 0.0376963 9.9991E-05
9.9991E-05 0.400532 0.599368
0.160512 9.9991E-05 0.839388
9.9991E-05 0.291811 0.708089
9.9991E-05 0.793965 0.205935
0.924791 9.9991E-05 0.0751094
9.9991E-05 0.644545 0.355355
0.578146 0.421754 9.9991E-05
9.9991E-05 0.97255 0.0273503
9.9991E-05 0.929578 0.0703222
0.19633 0.80357 9.9991E-05
9.9991E-05 0.729364 0.270536
0.570937 0.142395 0.286669
0.193079 9.9991E-05 0.806821
9.9991E-05 0.439915 0.559985
0.744687 9.9991E-05 0.255213
0.217116 0.546992 0.235892
0.97758 9.99911E-05 0.0223204
0.703006 0.296894 9.9991E-05
0.0461929 9.9991E-05 0.953707
9.999E-05 9.999E-05 0.9998
9.999E-05 9.999E-05 0.9998
0.393718 0.606182 9.9991E-05
0.967865 9.9991E-05 0.0320347
9.9991E-05 0.954869 0.0450313
0.308068 0.691832 9.9991E-05
0.392815 0.607085 9.9991E-05
0.207704 0.0671045 0.725192
0.531483 0.468417 9.9991E-05
0.739535 0.260365 9.9991E-05
0.9998 9.999E-05 9.999E-05
9.9991E-05 0.922652 0.0772482
0.140527 9.9991E-05 0.859373
9.9991E-05 0.40969 0.59021
0.982262 9.9991E-05 0.0176378
9.999E-05 0.9998 9.999E-05
0.117067 0.882833 9.9991E-05
9.9991E-05 0.555252 0.444648
9.9991E-05 0.902146 0.0977544
