0.00323809 0.0035974 9.991E-05 0.0723751 9.991E-05 9.991E-05 9.991E-05 9.991E-05 0.0131314 9.991E-05 0.892795 0.0022953 0.0115682 9.991E-05 9.991E-05 9.991E-05 9.991E-05
0.00919394 9.9928E-05 9.9928E-05 0.0969871 0.0115827 0.0411198 0.0134834 9.9928E-05 0.0334619 9.9928E-05 0.676341 0.0225334 9.9928E-05 9.9928E-05 9.9928E-05 9.9928E-05 0.0944975
9.991E-05 9.991E-05 0.0279134 0.0342976 9.991E-05 9.991E-05 9.991E-05 9.991E-05 0.0180581 9.991E-05 0.741951 0.00900819 9.991E-05 0.090707 9.991E-05 9.991E-05 0.0770657
0.0165994 9.991E-05 9.991E-05 0.0336216 9.991E-05 9.991E-05 9.991E-05 0.0843615 0.0134588 9.991E-05 0.75447 0.0171377 9.991E-05 9.991E-05 0.0793515 9.991E-05 9.991E-05
9.991E-05 9.991E-05 9.991E-05 9.991E-05 9.991E-05 0.0167393 9.991E-05 9.991E-05 0.00223559 9.991E-05 0.771133 0.0184964 9.991E-05 0.0466346 0.135702 0.00806008 9.991E-05
0.0263143 9.991E-05 9.991E-05 0.0385828 0.0219529 9.991E-05 9.991E-05 9.991E-05 9.991E-05 9.991E-05 0.847826 9.991E-05 0.000714989 9.991E-05 9.991E-05 0.0124433 0.0511664
0.00806673 9.9901E-05 0.00133138 9.9901E-05 9.9901E-05 9.9901E-05 9.9901E-05 9.9901E-05 9.9901E-05 9.9901E-05 0.841157 9.9901E-05 0.0845989 0.0552861 0.00846115 9.9901E-05 9.9901E-05
0.0184065 0.0151116 9.99281E-05 9.99281E-05 0.0145079 0.00560315 9.99281E-05 9.99281E-05 9.99281E-05 9.99281E-05 0.802377 9.99281E-05 0.0873361 0.0170386 9.99281E-05 0.0260034 0.0128161
0.00104816 9.9928E-05 9.9928E-05 9.9928E-05 9.9928E-05 9.9928E-05 9.9928E-05 9.9928E-05 0.0219178 0.0404663 0.736356 0.00380312 0.0372021 0.0782576 0.0624609 9.9928E-05 0.0176886
9.9901E-05 9.9901E-05 0.0107468 9.9901E-05 9.9901E-05 0.0386872 9.9901E-05 0.0907329 9.9901E-05 9.9901E-05 0.769076 9.9901E-05 0.0623377 9.9901E-05 9.9901E-05 0.0273211 9.9901E-05
9.99099E-05 9.99099E-05 0.0124756 0.173103 0.0211093 0.025622 9.99099E-05 0.0167755 9.99099E-05 9.99099E-05 0.685752 9.99099E-05 9.99099E-05 9.99099E-05 9.99099E-05 9.99099E-05 0.0641638
9.9892E-05 9.9892E-05 9.9892E-05 0.274686 9.9892E-05 9.9892E-05 9.9892E-05 0.0391782 0.0183448 9.9892E-05 0.642779 9.9892E-05 9.9892E-05 9.9892E-05 9.9892E-05 0.023813 9.9892E-05
0.0510353 9.99191E-05 0.00381088 9.99191E-05 0.00812029 9.99191E-05 9.99191E-05 9.99191E-05 9.99191E-05 0.0279813 0.739644 9.99191E-05 9.99191E-05 0.129727 9.99191E-05 0.00825959 0.0305227
0.00833845 9.9928E-05 0.0253676 0.0805904 9.9928E-05 9.9928E-05 9.9928E-05 0.0318754 0.00744335 0.0716931 0.697201 9.9928E-05 0.00394467 9.9928E-05 9.9928E-05 9.9928E-05 0.072747
9.991E-05 9.991E-05 9.991E-05 9.991E-05 9.991E-05 9.991E-05 0.00975703 0.114203 0.0226148 9.991E-05 0.772452 9.991E-05 0.0359301 0.0285489 0.0154954 9.991E-05 9.991E-05
0.00760272 9.98921E-05 9.98921E-05 9.98921E-05 0.0180309 0.0137161 9.98921E-05 9.98921E-05 9.98921E-05 9.98921E-05 0.792218 9.98921E-05 9.98921E-05 9.98921E-05 0.167234 9.98921E-05 9.98921E-05
9.99011E-05 0.00124438 9.99011E-05 9.99011E-05 0.0176282 0.0507669 0.00540174 9.99011E-05 9.99011E-05 9.99011E-05 0.916442 9.99011E-05 9.99011E-05 9.99011E-05 9.99011E-05 0.00741825 9.99011E-05
9.98921E-05 0.0440313 9.98921E-05 9.98921E-05 0.00101995 9.98921E-05 0.0478326 9.98921E-05 0.000733291 9.98921E-05 0.905184 9.98921E-05 9.98921E-05 9.98921E-05 9.98921E-05 9.98921E-05 9.98921E-05
0.0116184 0.0280782 0.0059572 9.99011E-05 9.99011E-05 9.99011E-05 0.0753814 9.99011E-05 0.00658307 9.99011E-05 0.871283 9.99011E-05 9.99011E-05 9.99011E-05 9.99011E-05 9.99011E-05 9.99011E-05
9.9919E-05 9.9919E-05 9.9919E-05 0.0299347 0.0154231 0.00883005 0.0161092 0.0504727 9.9919E-05 9.9919E-05 0.850811 0.012626 9.9919E-05 9.9919E-05 9.9919E-05 0.0148943 9.9919E-05
9.9856E-05 9.9856E-05 0.998402 9.9856E-05 9.9856E-05 9.9856E-05 9.9856E-05 9.9856E-05 9.9856E-05 9.9856E-05 9.9856E-05 9.9856E-05 9.9856E-05 9.9856E-05 9.9856E-05 9.9856E-05 9.9856E-05
0.0130055 9.9883E-05 0.00302861 0.198118 9.9883E-05 9.9883E-05 9.9883E-05 9.9883E-05 9.9883E-05 0.78455 9.9883E-05 9.9883E-05 9.9883E-05 9.9883E-05 9.9883E-05 9.9883E-05 9.9883E-05
9.9892E-05 9.9892E-05 9.9892E-05 0.150803 9.9892E-05 9.9892E-05 0.0109956 9.9892E-05 9.9892E-05 0.814076 9.9892E-05 9.9892E-05 9.9892E-05 9.9892E-05 0.00516654 0.0177597 9.9892E-05
9.9865E-05 9.9865E-05 9.9865E-05 9.9865E-05 9.9865E-05 9.9865E-05 9.9865E-05 9.9865E-05 9.9865E-05 0.958246 9.9865E-05 0.0402558 9.9865E-05 9.9865E-05 9.9865E-05 9.9865E-05 9.9865E-05
9.98831E-05 9.98831E-05 0.00849596 9.98831E-05 9.98831E-05 9.98831E-05 9.98831E-05 0.0682811 9.98831E-05 0.9116 9.98831E-05 9.98831E-05 9.98831E-05 0.0103245 9.98831E-05 9.98831E-05 9.98831E-05
9.9856E-05 9.9856E-05 9.9856E-05 9.9856E-05 9.9856E-05 9.9856E-05 9.9856E-05 9.9856E-05 9.9856E-05 0.998402 9.9856E-05 9.9856E-05 9.9856E-05 9.9856E-05 9.9856E-05 9.9856E-05 9.9856E-05
9.9901E-05 0.0314134 0.00680433 9.9901E-05 9.9901E-05 0.0373053 9.9901E-05 9.9901E-05 0.00561112 0.900413 9.9901E-05 9.9901E-05 9.9901E-05 9.9901E-05 0.0173541 9.9901E-05 9.9901E-05
9.9865E-05 9.9865E-05 0.986219 9.9865E-05 9.9865E-05 9.9865E-05 9.9865E-05 0.0122832 9.9865E-05 9.9865E-05 9.9865E-05 9.9865E-05 9.9865E-05 9.9865E-05 9.9865E-05 9.9865E-05 9.9865E-05
9.9883E-05 9.9883E-05 0.0226292 9.9883E-05 9.9883E-05 9.9883E-05 9.9883E-05 0.958304 9.9883E-05 0.0132606 9.9883E-05 9.9883E-05 9.9883E-05 9.9883E-05 9.9883E-05 0.00450764 9.9883E-05
0.014079 0.00218121 9.9892E-05 9.9892E-05 9.9892E-05 9.9892E-05 0.0399459 0.939025 9.9892E-05 9.9892E-05 9.9892E-05 9.9892E-05 9.9892E-05 9.9892E-05 9.9892E-05 0.00356974 9.9892E-05
9.9856E-05 9.9856E-05 9.9856E-05 9.9856E-05 9.9856E-05 9.9856E-05 9.9856E-05 0.998402 9.9856E-05 9.9856E-05 9.9856E-05 9.9856E-05 9.9856E-05 9.9856E-05 9.9856E-05 9.9856E-05 9.9856E-05
9.9928E-05 0.0519181 0.0214307 9.9928E-05 0.0283681 9.9928E-05 0.0458037 0.015025 9.9928E-05 0.803622 9.9928E-05 9.9928E-05 9.9928E-05 0.00362516 0.0121305 9.9928E-05 0.0172777
0.00843009 0.0339591 0.0406649 9.991E-05 9.991E-05 9.991E-05 9.991E-05 0.875353 9.991E-05 0.0188476 0.0183188 9.991E-05 9.991E-05 9.991E-05 9.991E-05 9.991E-05 0.00342722
0.0199577 9.9883E-05 0.0169391 9.9883E-05 9.9883E-05 9.9883E-05 9.9883E-05 0.926998 0.0348072 9.9883E-05 9.9883E-05 9.9883E-05 9.9883E-05 9.9883E-05 9.9883E-05 9.9883E-05 9.9883E-05
0.00355744 9.9946E-05 9.9946E-05 0.0605278 0.0131884 0.0025166 9.9946E-05 0.658096 0.0140112 0.168415 0.00592798 0.0171672 9.9946E-05 0.0449956 9.9946E-05 0.0109968 9.9946E-05
0.00132327 9.99189E-05 9.99189E-05 0.329887 9.99189E-05 9.99189E-05 0.0274865 0.479277 0.0366677 0.0484373 9.99189E-05 0.0320498 9.99189E-05 9.99189E-05 0.0439729 9.99189E-05 9.99189E-05
9.9919E-05 0.0484081 9.9919E-05 9.9919E-05 0.00829738 0.103573 0.015075 0.201592 0.0204267 0.59582 9.9919E-05 0.0059093 9.9919E-05 9.9919E-05 9.9919E-05 9.9919E-05 9.9919E-05
0.0121219 0.672988 0.0207875 9.9937E-05 0.00105232 9.9937E-05 0.135448 9.9937E-05 0.0075572 0.00765313 9.9937E-05 0.0209216 0.082608 0.0381631 9.9937E-05 9.9937E-05 9.9937E-05
0.018839 0.550998 9.99189E-05 0.0916505 9.99189E-05 0.0620561 0.0156603 9.99189E-05 9.99189E-05 9.99189E-05 9.99189E-05 0.025984 9.99189E-05 0.121702 0.11221 9.99189E-05 9.99189E-05
0.0245659 0.61915 9.9928E-05 9.9928E-05 0.00916684 0.0318055 0.00592268 0.166564 0.0104845 9.9928E-05 0.00137665 9.9928E-05 9.9928E-05 9.9928E-05 9.9928E-05 9.9928E-05 0.130164
0.00355257 0.656939 9.9919E-05 9.9919E-05 9.9919E-05 0.130649 0.00266517 9.9919E-05 0.00399091 0.0520617 9.9919E-05 9.9919E-05 0.0485054 9.9919E-05 0.100737 9.9919E-05 9.9919E-05
0.03947 0.627282 0.00855113 0.118874 0.00250209 9.9937E-05 0.0485387 9.9937E-05 0.0618878 0.0105478 9.9937E-05 9.9937E-05 9.9937E-05 9.9937E-05 0.0791961 0.0024509 9.9937E-05
0.00557512 0.736446 0.0153233 9.9928E-05 9.9928E-05 0.0584044 9.9928E-05 9.9928E-05 0.00812667 9.9928E-05 9.9928E-05 0.0125446 9.9928E-05 0.0681853 9.9928E-05 0.0131779 0.0814169
0.0223289 0.525195 0.0118289 0.0757368 0.00264723 9.99549E-05 0.026903 9.99549E-05 0.0257329 9.99549E-05 0.0383066 0.017319 0.122368 0.0467424 9.99549E-05 9.99549E-05 0.0843923
0.0142676 0.641685 0.0114789 9.9937E-05 0.00621784 0.0530717 0.0389341 0.0599895 0.00363777 9.9937E-05 9.9937E-05 0.0382581 9.9937E-05 9.9937E-05 0.13176 9.9937E-05 9.9937E-05
9.9919E-05 0.575488 0.00299144 9.9919E-05 9.9919E-05 9.9919E-05 0.101747 0.0180475 9.9919E-05 9.9919E-05 0.0336207 0.0328727 9.9919E-05 0.000805313 0.233528 9.9919E-05 9.9919E-05
0.0107478 0.712888 9.991E-05 9.991E-05 0.0237366 0.129467 9.991E-05 9.991E-05 9.991E-05 0.0265918 9.991E-05 9.991E-05 9.991E-05 9.991E-05 9.991E-05 0.00496148 0.0906077
0.0228339 0.729729 0.00930542 0.0489772 9.9946E-05 9.9946E-05 0.0172731 9.9946E-05 0.0177106 9.9946E-05 0.00233529 0.0342812 0.10902 0.00690916 9.9946E-05 0.00102645 9.9946E-05
0.0115395 0.820364 0.037124 9.9937E-05 0.0181402 9.9937E-05 0.0191083 0.0385857 0.017587 9.9937E-05 0.0254874 0.00362415 9.9937E-05 9.9937E-05 0.00774001 9.9937E-05 9.9937E-05
0.0346234 0.59306 0.0161363 0.130834 9.991E-05 9.991E-05 0.0202996 9.991E-05 0.0360032 9.991E-05 9.991E-05 9.991E-05 0.168044 9.991E-05 9.991E-05 9.991E-05 9.991E-05
9.9892E-05 0.702257 0.00283369 0.189473 0.0226274 9.9892E-05 9.9892E-05 9.9892E-05 9.9892E-05 9.9892E-05 9.9892E-05 9.9892E-05 9.9892E-05 0.0816104 9.9892E-05 9.9892E-05 9.9892E-05
0.0119338 0.751349 0.00788529 9.9919E-05 0.0169855 9.9919E-05 0.0303509 0.0243551 0.0365045 9.9919E-05 9.9919E-05 9.9919E-05 9.9919E-05 9.9919E-05 9.9919E-05 9.9919E-05 0.119736
0.0448337 0.797555 9.9919E-05 9.9919E-05 9.9919E-05 9.9919E-05 0.015251 0.0495207 9.9919E-05 9.9919E-05 0.00630978 9.9919E-05 0.00772786 0.0254306 9.9919E-05 0.0524718 9.9919E-05
9.9946E-05 0.702607 9.9946E-05 0.0161216 0.000481222 0.0787285 0.0325955 0.0330527 0.00275124 0.0249539 0.0765999 0.0144464 9.9946E-05 9.9946E-05 0.0170626 9.9946E-05 9.9946E-05
0.0286006 0.647321 0.0116206 9.99279E-05 0.00435503 0.0966566 9.99279E-05 9.99279E-05 9.99279E-05 9.99279E-05 0.0159354 0.00383582 9.99279E-05 9.99279E-05 0.166293 0.024582 9.99279E-05
9.9928E-05 0.580276 9.9928E-05 0.0972956 0.0178148 9.9928E-05 0.00796166 9.9928E-05 0.0075383 0.00456314 9.9928E-05 0.0341377 9.9928E-05 0.0709723 9.9928E-05 9.9928E-05 0.178641
9.9928E-05 0.662495 0.0213164 9.9928E-05 9.9928E-05 0.0371373 9.9928E-05 0.0451427 9.9928E-05 9.9928E-05 0.0466302 0.0153582 0.109252 0.0339863 9.9928E-05 0.0278819 9.9928E-05
0.026487 0.0501301 9.9937E-05 0.449804 0.00342717 0.230958 0.0991023 9.9937E-05 0.0260249 0.0232579 9.9937E-05 9.9937E-05 9.9937E-05 0.0737633 9.9937E-05 0.0163452 9.9937E-05
9.98558E-05 9.98558E-05 9.98558E-05 9.98558E-05 9.98558E-05 9.98558E-05 9.98558E-05 9.98558E-05 0.998402 9.98558E-05 9.98558E-05 9.98558E-05 9.98558E-05 9.98558E-05 9.98558E-05 9.98558E-05 9.98558E-05
0.0181959 9.9937E-05 0.00647559 0.287761 9.9937E-05 0.423564 0.0938825 9.9937E-05 9.9937E-05 0.0459074 9.9937E-05 0.0297511 0.00234159 9.9937E-05 0.0449303 0.0464917 9.9937E-05
0.0263138 0.00798515 9.9937E-05 0.342014 0.00291666 0.398303 0.0408157 9.9937E-05 0.00930275 9.9937E-05 9.9937E-05 0.0437549 9.9937E-05 0.106525 9.9937E-05 0.0213689 9.9937E-05
0.000476717 9.9928E-05 9.9928E-05 0.0425456 0.0173736 0.55727 0.0540129 9.9928E-05 0.0560399 9.9928E-05 9.9928E-05 0.0496089 9.9928E-05 0.187965 9.9928E-05 9.9928E-05 0.0339079
0.00888756 0.0283261 0.0282219 9.9946E-05 0.0266344 0.741419 0.0345142 0.00383602 0.00888057 9.9946E-05 0.00455388 0.00106916 0.113057 9.9946E-05 9.9946E-05 9.9946E-05 9.9946E-05
0.998402 9.98559E-05 9.98559E-05 9.98559E-05 9.98559E-05 9.98559E-05 9.98559E-05 9.98559E-05 9.98559E-05 9.98559E-05 9.98559E-05 9.98559E-05 9.98559E-05 9.98559E-05 9.98559E-05 9.98559E-05 9.98559E-05
9.98558E-05 9.98558E-05 9.98558E-05 9.98558E-05 9.98558E-05 9.98558E-05 9.98558E-05 9.98558E-05 0.998402 9.98558E-05 9.98558E-05 9.98558E-05 9.98558E-05 9.98558E-05 9.98558E-05 9.98558E-05 9.98558E-05
0.0117349 9.9928E-05 9.9928E-05 0.36 0.0285262 0.397122 9.9928E-05 9.9928E-05 0.0433409 9.9928E-05 0.0473325 9.9928E-05 0.0097086 0.0811151 9.9928E-05 0.020321 9.9928E-05
0.0299927 9.9937E-05 0.021961 9.9937E-05 0.0343584 0.46897 0.123455 0.184729 0.0034672 9.9937E-05 0.0280258 9.9937E-05 0.0901297 9.9937E-05 9.9937E-05 0.0142106 9.9937E-05
0.0469416 9.9928E-05 9.9928E-05 9.9928E-05 0.0223716 0.462741 0.14093 0.0364589 0.0456315 9.9928E-05 9.9928E-05 9.9928E-05 0.076081 0.105954 9.9928E-05 0.0620904 9.9928E-05
0.0319384 9.9946E-05 0.0374798 9.9946E-05 0.027795 0.594272 0.0936206 9.9946E-05 0.0250717 0.0471093 9.9946E-05 0.0425292 9.9946E-05 0.0379621 0.018695 0.0429272 9.9946E-05
0.0350132 9.9964E-05 9.9964E-05 0.0969441 0.0368855 0.463161 0.0489399 0.0049284 0.116022 0.0425235 0.0194127 0.0177921 9.9964E-05 0.00799827 9.9964E-05 0.0427849 0.0671948
0.0177302 0.0178793 9.9928E-05 9.9928E-05 0.00946055 0.666541 0.111075 9.9928E-05 0.0684434 9.9928E-05 0.0245959 9.9928E-05 9.9928E-05 9.9928E-05 9.9928E-05 0.018936 0.0645389
0.0432299 0.0337082 9.9928E-05 9.9928E-05 0.0140826 0.766038 9.9928E-05 9.9928E-05 0.00366192 9.9928E-05 9.9928E-05 0.0131613 9.9928E-05 0.04206 0.0751645 0.00809374 9.9928E-05
0.0193221 9.9955E-05 9.9955E-05 0.0481772 0.011948 0.543732 0.0573429 0.0166085 0.0855065 0.0725785 9.9955E-05 0.0567657 9.9955E-05 0.0445132 9.9955E-05 0.00809296 0.0349125
9.99101E-05 9.99101E-05 9.99101E-05 0.341239 0.0207814 0.182897 9.99101E-05 0.00824614 0.0637972 9.99101E-05 9.99101E-05 0.0284657 9.99101E-05 0.342496 9.99101E-05 9.99101E-05 0.0111781
0.0329164 0.241292 0.0439087 9.9937E-05 0.0377417 0.140587 0.192637 9.9937E-05 0.0376328 9.9937E-05 9.9937E-05 0.00662838 9.9937E-05 0.254391 9.9937E-05 9.9937E-05 0.0115666
0.0118831 0.173248 0.000236519 9.9937E-05 0.0052516 0.52218 0.107633 0.0235793 0.0217106 9.9937E-05 0.0778453 9.9937E-05 0.0557336 9.9937E-05 9.9937E-05 9.9937E-05 9.9937E-05
9.9919E-05 0.374578 9.9919E-05 0.0652821 9.9919E-05 0.400144 0.0504966 9.9919E-05 0.0451184 9.9919E-05 0.0479731 0.00586267 9.9919E-05 9.9919E-05 9.9919E-05 0.00964532 9.9919E-05
0.998402 9.98559E-05 9.98559E-05 9.98559E-05 9.98559E-05 9.98559E-05 9.98559E-05 9.98559E-05 9.98559E-05 9.98559E-05 9.98559E-05 9.98559E-05 9.98559E-05 9.98559E-05 9.98559E-05 9.98559E-05 9.98559E-05
0.0135708 0.152088 0.0345155 0.0312098 0.0825687 0.289588 9.99652E-05 9.99652E-05 0.073063 0.059251 0.0433817 0.00244309 9.99652E-05 0.0571998 0.0879063 0.0728152 9.99652E-05
0.0748106 0.0775392 9.9928E-05 9.9928E-05 0.0166897 0.533298 0.098271 9.9928E-05 0.0207024 9.9928E-05 9.9928E-05 0.0732557 9.9928E-05 9.9928E-05 9.9928E-05 0.0161842 0.0884502
9.98558E-05 9.98558E-05 9.98558E-05 9.98558E-05 9.98558E-05 9.98558E-05 0.998402 9.98558E-05 9.98558E-05 9.98558E-05 9.98558E-05 9.98558E-05 9.98558E-05 9.98558E-05 9.98558E-05 9.98558E-05 9.98558E-05
0.0315504 9.9946E-05 0.00880692 0.228698 9.9946E-05 0.43664 0.140062 0.033866 0.020934 0.0101 0.0200625 9.9946E-05 9.9946E-05 0.0377792 9.9946E-05 0.0309022 9.9946E-05
0.0473967 0.0494656 9.9937E-05 9.9937E-05 9.9937E-05 0.651958 0.10468 0.00419045 0.0151211 9.9937E-05 0.0690017 0.0134952 9.9937E-05 9.9937E-05 0.00681899 0.0371723 9.9937E-05
9.9946E-05 0.141026 0.00639639 0.125494 0.0392058 0.217498 9.9946E-05 9.9946E-05 0.00840863 0.0478718 0.00795376 0.0359053 9.9946E-05 9.9946E-05 0.313624 0.056017 9.9946E-05
0.00404026 0.148604 9.9919E-05 0.0344814 0.0104353 0.0221122 9.9919E-05 9.9919E-05 0.0439056 9.9919E-05 9.9919E-05 0.0314431 0.704079 9.9919E-05 9.9919E-05 9.9919E-05 9.9919E-05
9.9937E-05 0.105919 9.9937E-05 0.0797833 9.9937E-05 0.223839 0.128927 0.143076 0.0598418 9.9937E-05 0.00198323 9.9937E-05 0.0851952 0.170603 9.9937E-05 0.000133414 9.9937E-05
0.00226412 9.98739E-05 9.98739E-05 9.98739E-05 9.98739E-05 9.98739E-05 0.992696 9.98739E-05 9.98739E-05 9.98739E-05 9.98739E-05 0.0036416 9.98739E-05 9.98739E-05 9.98739E-05 9.98739E-05 9.98739E-05
9.98559E-05 9.98559E-05 9.98559E-05 9.98559E-05 9.98559E-05 9.98559E-05 0.998402 9.98559E-05 9.98559E-05 9.98559E-05 9.98559E-05 9.98559E-05 9.98559E-05 9.98559E-05 9.98559E-05 9.98559E-05 9.98559E-05
0.0170285 9.9946E-05 0.0029239 9.9946E-05 9.9946E-05 0.613563 0.0844154 9.9946E-05 0.0383883 9.9946E-05 9.9946E-05 0.0045629 0.0671436 0.0836713 0.0334454 0.0304701 0.0237883
0.00394642 9.98649E-05 9.98649E-05 9.98649E-05 9.98649E-05 9.98649E-05 9.98649E-05 9.98649E-05 9.98649E-05 9.98649E-05 9.98649E-05 0.994556 9.98649E-05 9.98649E-05 9.98649E-05 9.98649E-05 9.98649E-05
0.111103 0.0806603 0.00759132 0.00499229 0.00785956 0.516735 9.9955E-05 0.00443808 0.0295299 9.9955E-05 9.9955E-05 0.0284119 9.9955E-05 0.115986 9.9955E-05 0.026661 0.065532
0.0194116 9.99011E-05 0.000340885 9.99011E-05 0.00272378 0.776252 0.00704681 9.99011E-05 9.99011E-05 9.99011E-05 9.99011E-05 9.99011E-05 9.99011E-05 9.99011E-05 0.193126 9.99011E-05 9.99011E-05
9.9901E-05 9.9901E-05 0.0064413 0.851357 0.00498819 0.0779917 9.9901E-05 9.9901E-05 0.0261102 9.9901E-05 9.9901E-05 0.0320125 9.9901E-05 9.9901E-05 9.9901E-05 9.9901E-05 9.9901E-05
0.00818036 9.99099E-05 9.99099E-05 0.813066 0.0342907 0.105125 0.00400227 0.024873 9.99099E-05 9.99099E-05 9.99099E-05 9.99099E-05 9.99099E-05 9.99099E-05 9.99099E-05 0.00946276 9.99099E-05
0.0186482 9.9892E-05 9.9892E-05 0.563694 9.9892E-05 0.395448 0.0195247 9.9892E-05 9.9892E-05 0.00148594 9.9892E-05 9.9892E-05 9.9892E-05 9.9892E-05 9.9892E-05 9.9892E-05 9.9892E-05
0.0494885 9.9937E-05 0.00428622 0.38694 9.9937E-05 0.277367 0.0542236 0.0661231 0.0665721 9.9937E-05 0.0302142 0.0101816 9.9937E-05 0.0539038 9.9937E-05 9.9937E-05 9.9937E-05
0.0286989 0.0149497 9.9946E-05 0.379774 0.0610753 0.172317 0.0202127 9.9946E-05 0.0190086 9.9946E-05 9.9946E-05 0.00699888 0.104921 0.18002 9.9946E-05 0.011425 9.9946E-05
0.0112158 0.0604926 9.9955E-05 0.0373539 0.0320664 0.490089 0.100444 9.9955E-05 0.0475615 9.9955E-05 0.0441801 0.0180706 9.9955E-05 0.0537536 9.9955E-05 0.0333812 0.0708914
0.0225501 9.9919E-05 9.9919E-05 9.9919E-05 0.0386146 0.454244 0.166785 9.9919E-05 0.0155237 0.0603285 9.9919E-05 0.0175617 9.9919E-05 0.223493 9.9919E-05 9.9919E-05 9.9919E-05
9.9928E-05 0.0256894 9.9928E-05 0.285352 0.0770085 0.433286 0.0354066 9.9928E-05 0.0637231 9.9928E-05 9.9928E-05 0.0138937 9.9928E-05 0.0228766 9.9928E-05 0.0419653 9.9928E-05
0.00412104 9.991E-05 0.0118173 0.400796 9.991E-05 0.431815 0.0648768 9.991E-05 9.991E-05 9.991E-05 9.991E-05 9.991E-05 9.991E-05 0.0615117 9.991E-05 0.0240632 9.991E-05
0.0664775 9.9946E-05 0.0202882 0.0842174 0.0344563 0.366081 0.0666923 9.9946E-05 0.0791815 9.9946E-05 9.9946E-05 9.9946E-05 0.0273816 0.0571006 9.9946E-05 0.0868313 0.110693
9.9883E-05 9.9883E-05 0.0143863 9.9883E-05 9.9883E-05 0.854757 9.9883E-05 9.9883E-05 9.9883E-05 9.9883E-05 9.9883E-05 0.0160341 9.9883E-05 9.9883E-05 9.9883E-05 9.9883E-05 0.113524
9.98559E-05 9.98559E-05 9.98559E-05 9.98559E-05 9.98559E-05 9.98559E-05 9.98559E-05 9.98559E-05 9.98559E-05 9.98559E-05 9.98559E-05 9.98559E-05 9.98559E-05 9.98559E-05 9.98559E-05 0.998402 9.98559E-05
0.0176751 0.0417847 0.0143275 0.0816602 0.0502249 0.335109 0.0620062 0.029411 0.0691365 9.9982E-05 0.0187258 0.0417875 0.0299553 0.159362 0.0280463 0.0205883 9.9982E-05
0.0519268 9.9901E-05 9.9901E-05 0.273002 9.9901E-05 0.543603 0.0701881 9.9901E-05 9.9901E-05 9.9901E-05 9.9901E-05 0.0320261 9.9901E-05 9.9901E-05 9.9901E-05 0.028155 9.9901E-05
0.0401564 9.9937E-05 0.00692141 0.114468 9.9937E-05 0.596494 0.0531 9.9937E-05 9.9937E-05 9.9937E-05 0.00998729 0.0296031 0.113297 0.0102603 9.9937E-05 0.025013 9.9937E-05
9.9892E-05 0.109078 9.9892E-05 9.9892E-05 9.9892E-05 0.745527 9.9892E-05 9.9892E-05 0.00121009 9.9892E-05 9.9892E-05 0.0277487 9.9892E-05 9.9892E-05 9.9892E-05 9.9892E-05 0.115237
9.9901E-05 9.9901E-05 9.9901E-05 0.213604 0.0460859 0.509273 0.0198218 9.9901E-05 0.0144015 9.9901E-05 9.9901E-05 9.9901E-05 9.9901E-05 0.195715 9.9901E-05 9.9901E-05 9.9901E-05
9.9946E-05 0.0229913 0.00453125 0.127992 0.025318 0.506354 0.125378 0.114947 0.000482192 9.9946E-05 0.0211131 9.9946E-05 9.9946E-05 0.045511 9.9946E-05 0.00478297 9.9946E-05
9.98559E-05 9.98559E-05 9.98559E-05 9.98559E-05 0.998402 9.98559E-05 9.98559E-05 9.98559E-05 9.98559E-05 9.98559E-05 9.98559E-05 9.98559E-05 9.98559E-05 9.98559E-05 9.98559E-05 9.98559E-05 9.98559E-05
9.98559E-05 9.98559E-05 9.98559E-05 9.98559E-05 9.98559E-05 9.98559E-05 9.98559E-05 9.98559E-05 9.98559E-05 9.98559E-05 9.98559E-05 9.98559E-05 9.98559E-05 9.98559E-05 9.98559E-05 0.998402 9.98559E-05
9.98559E-05 9.98559E-05 9.98559E-05 9.98559E-05 0.998402 9.98559E-05 9.98559E-05 9.98559E-05 9.98559E-05 9.98559E-05 9.98559E-05 9.98559E-05 9.98559E-05 9.98559E-05 9.98559E-05 9.98559E-05 9.98559E-05
0.0341364 9.9919E-05 9.9919E-05 0.629625 0.00138794 0.177366 0.0487687 9.9919E-05 0.0403533 9.9919E-05 9.9919E-05 0.045813 9.9919E-05 9.9919E-05 9.9919E-05 0.0216508 9.9919E-05
0.0539706 9.9928E-05 0.0172645 0.526646 0.0502018 0.25182 9.9928E-05 9.9928E-05 0.049529 0.00471602 9.9928E-05 0.0161744 9.9928E-05 9.9928E-05 9.9928E-05 0.0288788 9.9928E-05
9.9928E-05 9.9928E-05 0.01492 0.455651 0.0326788 0.340287 0.00902618 9.9928E-05 0.0458821 9.9928E-05 9.9928E-05 0.00310247 9.9928E-05 0.0410415 9.9928E-05 0.0566119 9.9928E-05
0.0133393 0.0291951 0.0227405 0.000283186 0.049919 0.780603 9.9955E-05 9.9955E-05 0.0211395 0.0132198 0.0257876 0.00734932 9.9955E-05 9.9955E-05 9.9955E-05 0.0169038 0.0190196
0.00833887 0.0218916 0.0197679 9.9937E-05 0.00232744 0.694307 0.013191 0.0982002 0.015945 9.9937E-05 9.9937E-05 9.9937E-05 9.9937E-05 9.9937E-05 0.0977914 0.0275405 9.9937E-05
9.98559E-05 9.98559E-05 9.98559E-05 9.98559E-05 9.98559E-05 9.98559E-05 9.98559E-05 9.98559E-05 9.98559E-05 9.98559E-05 9.98559E-05 0.998402 9.98559E-05 9.98559E-05 9.98559E-05 9.98559E-05 9.98559E-05
9.994E-05 0.043482 9.994E-05 0.420417 0.0237743 0.326155 0.023036 9.994E-05 0.0290545 9.994E-05 0.040606 0.00624739 0.0324608 0.00560228 9.994E-05 0.0485653 9.994E-05
0.00450013 9.991E-05 0.0135151 9.991E-05 9.991E-05 0.0544543 9.991E-05 9.991E-05 0.0493644 9.991E-05 9.991E-05 9.991E-05 9.991E-05 0.865326 9.991E-05 0.000615676 0.0112248
0.0241239 9.9901E-05 9.9901E-05 9.9901E-05 0.0133669 9.9901E-05 0.10952 9.9901E-05 9.9901E-05 9.9901E-05 9.9901E-05 0.000539645 9.9901E-05 0.849223 9.9901E-05 0.00212729 9.9901E-05
9.9892E-05 9.9892E-05 0.0250996 9.9892E-05 0.0243821 9.9892E-05 0.0660665 9.9892E-05 9.9892E-05 9.9892E-05 9.9892E-05 9.9892E-05 9.9892E-05 0.871903 9.9892E-05 0.0113502 9.9892E-05
9.98831E-05 9.98831E-05 9.98831E-05 0.16388 9.98831E-05 9.98831E-05 9.98831E-05 9.98831E-05 0.00349087 9.98831E-05 9.98831E-05 0.0502444 9.98831E-05 0.781086 9.98831E-05 9.98831E-05 9.98831E-05
9.991E-05 0.00450137 9.991E-05 9.991E-05 0.00919837 0.118376 9.991E-05 0.191692 9.991E-05 9.991E-05 9.991E-05 0.00471217 9.991E-05 0.649256 9.991E-05 0.0212646 9.991E-05
9.9901E-05 9.9901E-05 9.9901E-05 9.9901E-05 9.9901E-05 9.9901E-05 9.9901E-05 0.0306801 0.0182166 0.0278868 9.9901E-05 0.00846299 9.9901E-05 0.863771 0.0498831 9.9901E-05 9.9901E-05
9.9883E-05 0.0402579 9.9883E-05 9.9883E-05 9.9883E-05 9.9883E-05 9.9883E-05 9.9883E-05 9.9883E-05 0.0169259 0.0108047 9.9883E-05 9.9883E-05 0.930713 9.9883E-05 9.9883E-05 9.9883E-05
9.991E-05 9.991E-05 9.991E-05 0.00663346 9.991E-05 9.991E-05 0.0407612 9.991E-05 9.991E-05 0.0667345 0.0324363 0.00413634 9.991E-05 0.837902 9.991E-05 0.0103976 9.991E-05
9.991E-05 0.0855954 0.00202745 9.991E-05 0.0119537 9.991E-05 9.991E-05 0.122683 9.991E-05 9.991E-05 9.991E-05 9.991E-05 0.0164689 0.751524 9.991E-05 0.00874826 9.991E-05
0.0241792 0.0364184 0.0407165 0.00138426 9.9919E-05 9.9919E-05 0.0794957 9.9919E-05 9.9919E-05 0.0244535 9.9919E-05 9.9919E-05 9.9919E-05 0.785293 0.00716019 9.9919E-05 9.9919E-05
9.9919E-05 0.0292321 9.9919E-05 9.9919E-05 0.01179 0.0647044 9.9919E-05 0.0780817 0.00734202 0.0798066 9.9919E-05 0.0282135 9.9919E-05 0.69993 9.9919E-05 9.9919E-05 9.9919E-05
9.9919E-05 9.9919E-05 9.9919E-05 9.9919E-05 0.0158911 9.9919E-05 9.9919E-05 9.9919E-05 0.00263307 0.134901 9.9919E-05 0.00397368 0.0304052 9.9919E-05 0.0987609 0.00444836 0.708087
9.9928E-05 9.9928E-05 0.0208885 9.9928E-05 9.9928E-05 9.9928E-05 0.00882364 9.9928E-05 9.9928E-05 0.0187495 0.0050662 9.9928E-05 0.186573 0.0900908 0.548222 0.0178761 0.102911
9.9928E-05 0.0578503 0.00849516 0.0149099 9.9928E-05 9.9928E-05 0.0424624 0.056289 0.017818 9.9928E-05 9.9928E-05 9.9928E-05 0.0181104 9.9928E-05 9.9928E-05 0.0258693 0.757396
9.98921E-05 0.0132584 9.98921E-05 9.98921E-05 0.00375181 9.98921E-05 0.0430351 9.98921E-05 9.98921E-05 9.98921E-05 0.0251495 9.98921E-05 9.98921E-05 9.98921E-05 9.98921E-05 9.98921E-05 0.913607
0.0475991 0.0251139 0.0279975 0.102301 9.9892E-05 9.9892E-05 9.9892E-05 9.9892E-05 9.9892E-05 9.9892E-05 9.9892E-05 9.9892E-05 9.9892E-05 9.9892E-05 0.79579 9.9892E-05 9.9892E-05
9.9919E-05 9.9919E-05 0.02203 0.0680434 9.9919E-05 9.9919E-05 9.9919E-05 0.0165637 0.00699938 9.9919E-05 0.0093136 9.9919E-05 0.21047 0.0830342 9.9919E-05 9.9919E-05 0.582647
9.9901E-05 0.0319563 9.9901E-05 9.9901E-05 9.9901E-05 9.9901E-05 9.9901E-05 0.129567 9.9901E-05 9.9901E-05 9.9901E-05 9.9901E-05 0.0365027 9.9901E-05 0.447807 0.0425754 0.310492
0.00107057 9.9919E-05 0.0171651 9.9919E-05 9.9919E-05 0.0220004 0.0329871 9.9919E-05 9.9919E-05 0.0168523 9.9919E-05 9.9919E-05 0.288756 9.9919E-05 0.557827 9.9919E-05 0.0624431
9.99009E-05 9.99009E-05 0.00537956 0.373476 0.0373606 9.99009E-05 0.0304352 9.99009E-05 9.99009E-05 9.99009E-05 9.99009E-05 9.99009E-05 9.99009E-05 9.99009E-05 0.417888 9.99009E-05 0.134361
9.98741E-05 0.0784267 9.98741E-05 9.98741E-05 9.98741E-05 9.98741E-05 9.98741E-05 9.98741E-05 9.98741E-05 9.98741E-05 9.98741E-05 9.98741E-05 9.98741E-05 0.00134529 0.91883 9.98741E-05 9.98741E-05
0.00728601 9.9865E-05 9.9865E-05 9.9865E-05 9.9865E-05 9.9865E-05 9.9865E-05 9.9865E-05 9.9865E-05 9.9865E-05 9.9865E-05 9.9865E-05 9.9865E-05 9.9865E-05 0.991216 9.9865E-05 9.9865E-05
9.991E-05 0.0949909 9.991E-05 9.991E-05 9.991E-05 9.991E-05 9.991E-05 0.0499408 0.0134802 0.0280044 0.011541 9.991E-05 0.64803 9.991E-05 0.153014 9.991E-05 9.991E-05
9.9901E-05 9.9901E-05 0.0137686 0.136096 0.010666 0.011359 9.9901E-05 9.9901E-05 0.0165791 9.9901E-05 9.9901E-05 9.9901E-05 9.9901E-05 9.9901E-05 0.810433 9.9901E-05 9.9901E-05
9.9919E-05 0.060476 9.9919E-05 0.0683234 0.0053587 0.117522 9.9919E-05 9.9919E-05 9.9919E-05 9.9919E-05 9.9919E-05 0.0206219 0.0911052 0.0771248 0.558569 9.9919E-05 9.9919E-05
9.9928E-05 9.9928E-05 9.9928E-05 9.9928E-05 9.9928E-05 0.0014586 9.9928E-05 0.0133021 0.0417862 0.0472275 0.00287237 0.0188552 0.854305 9.9928E-05 9.9928E-05 0.00884719 0.0105467
9.98829E-05 9.98829E-05 9.98829E-05 0.222599 9.98829E-05 9.98829E-05 9.98829E-05 9.98829E-05 0.00946547 9.98829E-05 0.021758 9.98829E-05 0.744879 9.98829E-05 9.98829E-05 9.98829E-05 9.98829E-05
9.9892E-05 9.9892E-05 9.9892E-05 9.9892E-05 0.00831306 9.9892E-05 9.9892E-05 9.9892E-05 0.00947205 9.9892E-05 9.9892E-05 0.00539722 0.973266 0.00235258 9.9892E-05 9.9892E-05 9.9892E-05
9.9901E-05 9.9901E-05 9.9901E-05 9.9901E-05 0.0163014 9.9901E-05 9.9901E-05 9.9901E-05 0.0125243 9.9901E-05 0.0154653 9.9901E-05 0.618642 0.0214835 0.314485 9.9901E-05 9.9901E-05
9.98561E-05 9.98561E-05 9.98561E-05 9.98561E-05 9.98561E-05 9.98561E-05 9.98561E-05 9.98561E-05 9.98561E-05 9.98561E-05 9.98561E-05 9.98561E-05 0.998402 9.98561E-05 9.98561E-05 9.98561E-05 9.98561E-05
0.0124747 9.9901E-05 0.0197331 0.224434 9.9901E-05 9.9901E-05 9.9901E-05 0.00133847 9.9901E-05 9.9901E-05 9.9901E-05 9.9901E-05 0.65025 9.9901E-05 9.9901E-05 9.9901E-05 0.0906709
0.0205299 9.9883E-05 9.9883E-05 0.35805 9.9883E-05 9.9883E-05 9.9883E-05 9.9883E-05 9.9883E-05 9.9883E-05 9.9883E-05 9.9883E-05 0.614377 9.9883E-05 9.9883E-05 0.00574452 9.9883E-05
9.991E-05 0.00921817 9.991E-05 9.991E-05 0.0294498 9.991E-05 0.0201976 9.991E-05 9.991E-05 0.0492889 9.991E-05 9.991E-05 0.83956 9.991E-05 9.991E-05 0.021017 0.0302693
0.00400599 9.991E-05 9.991E-05 0.151078 0.0211481 9.991E-05 9.991E-05 9.991E-05 0.00310981 9.991E-05 9.991E-05 9.991E-05 0.106398 9.991E-05 0.415635 9.991E-05 0.297627
0.00723971 9.9883E-05 9.9883E-05 9.9883E-05 9.9883E-05 9.9883E-05 9.9883E-05 0.0899197 9.9883E-05 9.9883E-05 9.9883E-05 0.0244002 9.9883E-05 9.9883E-05 9.9883E-05 9.9883E-05 0.877142
9.9901E-05 9.9901E-05 9.9901E-05 0.0335031 9.9901E-05 9.9901E-05 9.9901E-05 0.0546504 0.0127168 9.9901E-05 9.9901E-05 0.0210745 9.9901E-05 9.9901E-05 0.863968 0.0129884 9.9901E-05
9.991E-05 9.991E-05 9.991E-05 0.225788 9.991E-05 9.991E-05 9.991E-05 0.0132783 9.991E-05 0.0616554 9.991E-05 9.991E-05 0.0312374 9.991E-05 0.122599 0.00136735 0.543076
0.00104638 9.99279E-05 0.0183157 0.0972635 0.0286983 9.99279E-05 9.99279E-05 9.99279E-05 9.99279E-05 0.0137754 0.0229583 0.0188191 9.99279E-05 9.99279E-05 0.398896 9.99279E-05 0.399428
0.0100086 9.9892E-05 9.9892E-05 0.295464 9.9892E-05 9.9892E-05 9.9892E-05 9.9892E-05 0.0324179 9.9892E-05 9.9892E-05 9.9892E-05 9.9892E-05 9.9892E-05 0.0684474 9.9892E-05 0.592464
9.99279E-05 9.99279E-05 0.00839512 0.17411 9.99279E-05 9.99279E-05 0.0489316 0.0396306 0.0259136 9.99279E-05 0.0129703 9.99279E-05 0.39228 9.99279E-05 0.293275 9.99279E-05 0.00369472
0.0047795 9.9901E-05 9.9901E-05 9.9901E-05 9.9901E-05 9.9901E-05 9.9901E-05 0.0455764 0.0266829 9.9901E-05 9.9901E-05 0.0113151 9.9901E-05 9.9901E-05 0.905089 0.00545816 9.9901E-05
9.9901E-05 0.0536049 9.9901E-05 9.9901E-05 0.00462207 9.9901E-05 9.9901E-05 9.9901E-05 0.00416521 9.9901E-05 9.9901E-05 0.000623653 9.9901E-05 9.9901E-05 9.9901E-05 0.0052378 0.930647
9.9919E-05 0.0800626 0.0131161 0.0157728 9.9919E-05 9.9919E-05 9.9919E-05 9.9919E-05 9.9919E-05 0.0286842 0.032021 9.9919E-05 9.9919E-05 0.0328917 9.9919E-05 0.00894522 0.787607
9.9928E-05 0.074318 0.0159857 9.9928E-05 9.9928E-05 9.9928E-05 0.0435378 0.0438738 9.9928E-05 0.0168003 9.9928E-05 9.9928E-05 0.18114 0.00932984 0.0797386 9.9928E-05 0.534476
9.9901E-05 9.9901E-05 9.9901E-05 9.9901E-05 0.00932708 9.9901E-05 0.0595805 0.0571493 9.9901E-05 9.9901E-05 9.9901E-05 9.9901E-05 0.348109 9.9901E-05 9.9901E-05 0.0201282 0.504607
0.0156887 9.9892E-05 0.0088612 0.016903 9.9892E-05 9.9892E-05 9.9892E-05 9.9892E-05 9.9892E-05 9.9892E-05 9.9892E-05 0.00701261 9.9892E-05 9.9892E-05 9.9892E-05 9.9892E-05 0.950336
9.9919E-05 0.443107 0.0056412 0.38984 0.00130684 9.9919E-05 9.9919E-05 9.9919E-05 0.0183114 0.0246743 9.9919E-05 9.9919E-05 9.9919E-05 0.0202547 9.9919E-05 9.9919E-05 0.0959647
9.98919E-05 0.334749 9.98919E-05 0.632757 9.98919E-05 9.98919E-05 9.98919E-05 9.98919E-05 9.98919E-05 0.0225417 9.98919E-05 9.98919E-05 0.00214762 9.98919E-05 9.98919E-05 0.0066057 9.98919E-05
9.9874E-05 0.253126 9.9874E-05 0.736262 9.9874E-05 9.9874E-05 9.9874E-05 9.9874E-05 9.9874E-05 9.9874E-05 9.9874E-05 0.00921424 9.9874E-05 9.9874E-05 9.9874E-05 9.9874E-05 9.9874E-05
9.99279E-05 0.34208 0.0141046 0.524805 0.0237146 9.99279E-05 9.99279E-05 9.99279E-05 0.0193886 0.00174494 9.99279E-05 9.99279E-05 0.0017718 9.99279E-05 0.069238 0.00235283 9.99279E-05
9.9883E-05 0.342514 9.9883E-05 0.615343 9.9883E-05 9.9883E-05 9.9883E-05 0.0061969 9.9883E-05 9.9883E-05 9.9883E-05 9.9883E-05 0.0346473 9.9883E-05 9.9883E-05 9.9883E-05 9.9883E-05
0.00252929 0.573561 0.00338297 0.0209065 0.0273959 9.9928E-05 9.9928E-05 9.9928E-05 9.9928E-05 0.168177 9.9928E-05 0.0330997 0.164509 9.9928E-05 9.9928E-05 0.00563891 9.9928E-05
9.9874E-05 0.554462 9.9874E-05 0.427954 9.9874E-05 9.9874E-05 9.9874E-05 9.9874E-05 9.9874E-05 9.9874E-05 9.9874E-05 9.9874E-05 9.9874E-05 9.9874E-05 9.9874E-05 9.9874E-05 0.0161851
9.99201E-05 0.446239 9.99201E-05 0.292637 9.99201E-05 9.99201E-05 0.00909155 0.0337276 9.99201E-05 0.165158 0.0333969 9.99201E-05 0.00119885 0.000623952 9.99201E-05 9.99201E-05 0.0171276
