9.98919E-05 9.98919E-05 0.998801 9.98919E-05 9.98919E-05 9.98919E-05 9.98919E-05 9.98919E-05 9.98919E-05 9.98919E-05 9.98919E-05 9.98919E-05 9.98919E-05
9.9955E-05 0.469192 0.039424 9.9955E-05 0.0138044 9.9955E-05 0.0476693 9.9955E-05 0.316435 9.9955E-05 0.0415463 0.0395475 0.0318817
9.99369E-05 0.488153 0.0254725 9.99369E-05 9.99369E-05 9.99369E-05 0.0935781 0.0253142 0.35827 9.99369E-05 9.99369E-05 0.00851264 9.99369E-05
0.0439058 0.874919 9.9937E-05 0.0180326 9.9937E-05 0.00419169 0.0310212 9.9937E-05 9.9937E-05 9.9937E-05 9.9937E-05 9.9937E-05 0.0272297
0.0598249 0.839894 0.0461051 0.0197658 9.9928E-05 0.0336108 9.9928E-05 9.9928E-05 9.9928E-05 9.9928E-05 9.9928E-05 9.9928E-05 9.9928E-05
9.99009E-05 0.0417643 9.99009E-05 9.99009E-05 9.99009E-05 9.99009E-05 9.99009E-05 9.99009E-05 0.957137 9.99009E-05 9.99009E-05 9.99009E-05 9.99009E-05
9.98919E-05 9.98919E-05 0.998801 9.98919E-05 9.98919E-05 9.98919E-05 9.98919E-05 9.98919E-05 9.98919E-05 9.98919E-05 9.98919E-05 9.98919E-05 9.98919E-05
9.991E-05 9.991E-05 0.0459523 9.991E-05 9.991E-05 9.991E-05 9.991E-05 9.991E-05 0.950775 9.991E-05 0.00227393 9.991E-05 9.991E-05
0.0193545 9.991E-05 0.00239232 9.991E-05 9.991E-05 9.991E-05 9.991E-05 9.991E-05 0.977254 9.991E-05 9.991E-05 9.991E-05 9.991E-05
0.0340187 0.525825 0.022809 9.9946E-05 0.011425 0.0161761 9.9946E-05 9.9946E-05 0.347513 9.9946E-05 9.9946E-05 9.9946E-05 0.041634
9.9928E-05 0.574329 9.9928E-05 9.9928E-05 0.0114391 9.9928E-05 0.119975 9.9928E-05 0.238441 9.9928E-05 0.0550165 9.9928E-05 9.9928E-05
9.9955E-05 0.762683 0.0484972 0.000251067 0.00299747 0.0342161 0.063295 0.0569792 9.9955E-05 9.9955E-05 9.9955E-05 0.0305812 9.9955E-05
9.9901E-05 9.9901E-05 9.9901E-05 9.9901E-05 0.015367 9.9901E-05 9.9901E-05 9.9901E-05 0.983534 9.9901E-05 9.9901E-05 9.9901E-05 9.9901E-05
0.000809479 0.0365311 9.9937E-05 9.9937E-05 9.9937E-05 0.0148348 0.0737859 0.0348448 0.838494 9.9937E-05 9.9937E-05 9.9937E-05 9.9937E-05
0.0459673 0.74981 0.0111784 0.0246517 9.99369E-05 9.99369E-05 9.99369E-05 0.0491303 0.118563 9.99369E-05 9.99369E-05 9.99369E-05 9.99369E-05
0.0223242 0.230215 9.991E-05 9.991E-05 9.991E-05 9.991E-05 9.991E-05 9.991E-05 0.746461 9.991E-05 9.991E-05 9.991E-05 9.991E-05
9.991E-05 0.924333 0.0596454 9.991E-05 9.991E-05 9.991E-05 9.991E-05 9.991E-05 9.991E-05 9.991E-05 9.991E-05 0.0150228 9.991E-05
9.9901E-05 0.970657 0.0282436 9.9901E-05 9.9901E-05 9.9901E-05 9.9901E-05 9.9901E-05 9.9901E-05 9.9901E-05 9.9901E-05 9.9901E-05 9.9901E-05
0.0222012 0.887795 0.0720643 9.9919E-05 0.0170404 9.9919E-05 9.9919E-05 9.9919E-05 9.9919E-05 9.9919E-05 9.9919E-05 9.9919E-05 9.9919E-05
9.9892E-05 0.998801 9.9892E-05 9.9892E-05 9.9892E-05 9.9892E-05 9.9892E-05 9.9892E-05 9.9892E-05 9.9892E-05 9.9892E-05 9.9892E-05 9.9892E-05
9.98919E-05 9.98919E-05 9.98919E-05 9.98919E-05 9.98919E-05 9.98919E-05 9.98919E-05 0.998801 9.98919E-05 9.98919E-05 9.98919E-05 9.98919E-05 9.98919E-05
9.9955E-05 9.9955E-05 0.00784131 9.9955E-05 0.0398951 0.0204562 0.124218 0.604677 9.9955E-05 0.0271775 0.0742072 9.9955E-05 0.101028
9.9955E-05 0.0141179 0.0413521 0.0758265 9.9955E-05 0.0129872 0.117491 0.626806 9.9955E-05 0.0413657 0.0695529 9.9955E-05 9.9955E-05
0.011952 0.0130725 9.9955E-05 0.0488455 9.9955E-05 0.0153913 9.9955E-05 0.709701 9.9955E-05 0.151739 9.9955E-05 0.0201861 0.0286131
9.9928E-05 9.9928E-05 0.00338189 0.0944593 9.9928E-05 9.9928E-05 0.0249233 0.831072 0.0453645 9.9928E-05 9.9928E-05 9.9928E-05 9.9928E-05
0.00636353 9.9928E-05 9.9928E-05 0.173325 9.9928E-05 9.9928E-05 9.9928E-05 0.71096 0.102461 9.9928E-05 9.9928E-05 0.0060907 9.9928E-05
0.106336 9.9946E-05 0.0246922 0.0445058 9.9946E-05 9.9946E-05 0.00412415 0.663068 9.9946E-05 0.0744304 0.0822438 9.9946E-05 9.9946E-05
9.98918E-05 9.98918E-05 9.98918E-05 9.98918E-05 9.98918E-05 9.98918E-05 9.98918E-05 0.998801 9.98918E-05 9.98918E-05 9.98918E-05 9.98918E-05 9.98918E-05
0.0648961 9.9937E-05 9.9937E-05 0.202806 0.00471742 0.00603716 0.120262 0.600582 9.9937E-05 9.9937E-05 9.9937E-05 9.9937E-05 9.9937E-05
9.9946E-05 9.9946E-05 9.9946E-05 0.101651 0.0388998 9.9946E-05 0.219243 0.518739 0.0287975 0.0584386 0.0336309 9.9946E-05 9.9946E-05
0.0138322 9.9928E-05 9.9928E-05 0.128309 9.9928E-05 9.9928E-05 0.144059 0.641103 9.9928E-05 9.9928E-05 0.0718977 9.9928E-05 9.9928E-05
0.174727 9.9937E-05 0.0185865 0.0820941 9.9937E-05 9.9937E-05 9.9937E-05 0.619422 9.9937E-05 0.0792132 9.9937E-05 0.0252575 9.9937E-05
0.057802 9.9964E-05 0.0393652 0.127854 0.0247721 9.9964E-05 0.0303258 0.584114 0.0336644 0.00666376 9.9964E-05 9.9964E-05 0.0950394
0.0446654 9.9964E-05 9.9964E-05 0.00314286 0.0629033 0.0234007 0.0168759 0.604783 9.9964E-05 9.9964E-05 0.0959793 0.014565 0.133285
9.9955E-05 0.0779115 9.9955E-05 0.149956 0.0194187 0.0554597 0.178528 0.480698 9.9955E-05 9.9955E-05 0.0326819 9.9955E-05 0.00484635
9.99459E-05 0.0566362 9.99459E-05 0.00562267 0.0185954 9.99459E-05 0.383047 0.330948 9.99459E-05 9.99459E-05 0.133896 0.0706547 9.99459E-05
0.141934 0.00281956 9.9937E-05 9.9937E-05 9.9937E-05 9.9937E-05 9.9937E-05 0.544971 9.9937E-05 0.109941 0.147052 0.0525818 9.9937E-05
9.9937E-05 0.0559695 9.9937E-05 0.101237 0.00352882 9.9937E-05 9.9937E-05 9.9937E-05 9.9937E-05 0.656481 9.9937E-05 0.00609309 0.175992
9.993E-05 9.993E-05 0.027411 0.203933 0.0263761 0.0222401 0.108883 9.993E-05 9.993E-05 0.610457 9.993E-05 9.993E-05 9.993E-05
0.127283 0.0826744 9.9973E-05 0.0377309 0.0459053 9.9973E-05 0.0265517 9.9973E-05 0.00216311 0.641341 0.015908 0.0197016 0.000441207
9.9937E-05 9.9937E-05 0.056355 9.9937E-05 9.9937E-05 9.9937E-05 9.9937E-05 0.0188708 9.9937E-05 0.665322 0.0585183 0.0227362 0.177498
9.9946E-05 0.0856638 0.00441355 9.9946E-05 0.0306234 0.00520044 0.19767 9.9946E-05 9.9946E-05 0.636245 9.9946E-05 0.0395842 9.9946E-05
0.113179 9.9955E-05 0.0252876 9.9955E-05 9.9955E-05 0.0373806 9.9955E-05 9.9955E-05 0.0382147 0.74503 0.0152224 0.0180143 0.00717257
0.0610405 9.9973E-05 0.00921808 9.9973E-05 0.0230703 0.0102461 0.00123066 0.0291893 0.118445 0.637496 9.9973E-05 0.0310707 0.0786938
0.116225 0.0091303 0.038257 0.0301523 0.0199235 0.0327836 9.9964E-05 0.0143254 9.9964E-05 0.696671 0.0421316 9.9964E-05 9.9964E-05
0.111367 0.0810878 9.9946E-05 0.0879924 9.9946E-05 0.0205462 0.0694031 9.9946E-05 9.9946E-05 0.626385 9.9946E-05 9.9946E-05 0.00261866
0.157092 0.0226598 9.9946E-05 9.9946E-05 0.0176563 0.00612242 9.9946E-05 9.9946E-05 9.9946E-05 0.718339 0.0565743 0.0209558 9.9946E-05
9.9946E-05 9.9946E-05 0.022873 0.0231736 0.0233139 0.00464843 9.9946E-05 9.9946E-05 0.0131693 0.744079 9.9946E-05 9.9946E-05 0.168144
0.0827907 0.0615095 9.9919E-05 9.9919E-05 9.9919E-05 9.9919E-05 9.9919E-05 9.9919E-05 9.9919E-05 0.835569 9.9919E-05 0.0192314 9.9919E-05
0.0641097 0.035829 9.9946E-05 9.9946E-05 0.0576712 9.9946E-05 9.9946E-05 9.9946E-05 9.9946E-05 0.644583 0.0190592 0.0228548 0.155293
9.9946E-05 9.9946E-05 0.0453245 0.0482998 0.00335914 9.9946E-05 0.146134 9.9946E-05 0.000657835 0.728875 9.9946E-05 0.0267505 9.9946E-05
0.00870242 9.9946E-05 0.00585633 9.9946E-05 0.0236593 9.9946E-05 0.145851 9.9946E-05 0.0237455 0.766567 9.9946E-05 0.0250193 9.9946E-05
0.0614114 0.0271912 9.99369E-05 9.99369E-05 0.0610115 0.0316202 9.99369E-05 9.99369E-05 9.99369E-05 0.770584 9.99369E-05 9.99369E-05 0.0474825
0.105942 0.131533 0.0106685 9.9946E-05 9.9946E-05 9.9946E-05 9.9946E-05 0.00563943 9.9946E-05 0.710426 0.0199024 0.0152898 9.9946E-05
0.164928 9.99459E-05 0.00115814 9.99459E-05 0.0372061 0.0130699 9.99459E-05 9.99459E-05 0.0829558 0.667865 0.0322175 9.99459E-05 9.99459E-05
0.0191791 0.0690199 9.996E-05 0.0905856 0.00499369 9.996E-05 0.13118 9.996E-05 0.00780732 0.633522 9.996E-05 0.0432126 9.996E-05
0.122369 0.0925383 0.00723561 9.9946E-05 9.9946E-05 0.0513335 9.9946E-05 0.0171787 9.9946E-05 0.701606 0.00713958 9.9946E-05 9.9946E-05
9.9973E-05 0.0330155 9.9973E-05 0.103371 0.0230136 0.00345322 0.167754 0.00405428 0.0158214 0.0986212 0.496984 0.0536125 9.9973E-05
9.991E-05 0.0123112 9.991E-05 9.991E-05 9.991E-05 9.991E-05 9.991E-05 0.00503302 9.991E-05 9.991E-05 9.991E-05 0.981657 9.991E-05
9.9973E-05 9.9973E-05 0.00513133 9.9973E-05 0.0564277 0.0903526 0.0664464 0.0143671 0.0235499 0.00136551 0.573414 0.0300472 0.138599
9.9955E-05 9.9955E-05 0.0299897 0.143782 0.0642858 0.0757697 0.0476382 9.9955E-05 0.0397819 0.043937 0.554315 9.9955E-05 9.9955E-05
0.0217889 9.9964E-05 0.00831981 0.206097 0.0239248 0.035587 0.00578179 9.9964E-05 9.9964E-05 9.9964E-05 0.61465 0.0607622 0.0226886
0.0410199 0.0381432 9.9946E-05 9.9946E-05 0.00248534 0.0103333 9.9946E-05 9.9946E-05 9.9946E-05 0.0639062 0.758464 9.9946E-05 0.0850482
9.98918E-05 9.98918E-05 9.98918E-05 9.98918E-05 0.998801 9.98918E-05 9.98918E-05 9.98918E-05 9.98918E-05 9.98918E-05 9.98918E-05 9.98918E-05 9.98918E-05
0.00040327 9.99099E-05 9.99099E-05 9.99099E-05 9.99099E-05 0.0275619 9.99099E-05 9.99099E-05 9.99099E-05 9.99099E-05 9.99099E-05 0.971036 9.99099E-05
9.9964E-05 9.9964E-05 0.0188298 0.0193931 0.0623893 0.0288234 0.109233 9.9964E-05 0.126112 9.9964E-05 0.513982 0.0488463 0.0719908
0.0752088 0.00379996 0.0025203 0.0779034 0.0680069 0.00583346 9.9991E-05 0.101631 0.0541115 0.00359608 0.532414 0.0238427 0.0510318
9.9964E-05 0.0338233 0.00179215 0.124789 0.0422068 0.0523429 0.0273382 9.9964E-05 9.9964E-05 9.9964E-05 0.557984 0.0884565 0.0708672
0.00596835 0.0394293 9.9955E-05 0.170583 0.0635701 0.0587632 9.9955E-05 0.0510295 9.9955E-05 9.9955E-05 0.545892 0.0642649 9.9955E-05
0.0462887 0.0319355 0.0145298 9.9955E-05 0.0339195 0.0681841 9.9955E-05 0.10034 9.9955E-05 9.9955E-05 0.510546 0.193756 9.9955E-05
0.0718669 9.9937E-05 0.04584 9.9937E-05 0.0173588 0.0173431 9.9937E-05 9.9937E-05 9.9937E-05 9.9937E-05 0.787579 0.0593124 9.9937E-05
0.0606994 9.9955E-05 0.03547 0.0987308 0.0809544 0.0130526 9.9955E-05 9.9955E-05 9.9955E-05 0.0215024 0.663886 0.0252049 9.9955E-05
0.00332798 9.9982E-05 0.0343017 0.0837479 0.0302637 0.0633333 9.9982E-05 0.0670886 0.00839127 0.0217553 0.531008 0.12681 0.0297718
9.9955E-05 9.9955E-05 9.9955E-05 0.246046 0.00167643 0.0577087 0.226777 0.0172843 0.030706 9.9955E-05 0.334374 0.0849272 9.9955E-05
0.024611 9.9955E-05 0.0359655 0.362794 0.0407447 9.9955E-05 9.9955E-05 0.010714 9.9955E-05 0.244744 0.168956 0.110971 9.9955E-05
9.9946E-05 0.0984508 9.9946E-05 0.0346789 0.0142308 0.00773703 9.9946E-05 9.9946E-05 9.9946E-05 0.208917 0.511074 9.9946E-05 0.124312
0.0717091 0.0857031 9.9928E-05 9.9928E-05 9.9928E-05 9.9928E-05 9.9928E-05 9.9928E-05 9.9928E-05 0.396778 0.349525 0.0954851 9.9928E-05
9.98918E-05 9.98918E-05 9.98918E-05 9.98918E-05 0.998801 9.98918E-05 9.98918E-05 9.98918E-05 9.98918E-05 9.98918E-05 9.98918E-05 9.98918E-05 9.98918E-05
0.202272 0.0902125 9.9955E-05 9.9955E-05 0.0128748 0.0735393 9.9955E-05 0.0506377 9.9955E-05 0.0292412 0.445081 0.0956418 9.9955E-05
0.0419049 9.9946E-05 9.9946E-05 0.115491 0.0780289 0.0772559 9.9946E-05 9.9946E-05 9.9946E-05 0.132387 0.446445 0.107887 9.9946E-05
9.9955E-05 0.0718329 0.00804226 0.442525 0.00550689 9.9955E-05 9.9955E-05 0.000284487 9.9955E-05 0.118005 0.281608 0.0716955 9.9955E-05
9.9982E-05 0.0243336 0.0331216 0.101828 0.0437493 0.0430606 0.00990744 0.00836287 9.9982E-05 0.00452008 0.614162 0.0140886 0.102666
0.0397163 9.9937E-05 9.9937E-05 9.9937E-05 0.0512046 0.0450936 9.9937E-05 9.9937E-05 0.128397 0.0316797 0.703209 9.9937E-05 9.9937E-05
0.05289 0.0299103 9.9973E-05 9.9973E-05 9.9973E-05 0.07018 0.133235 0.0415696 0.0234118 0.185289 0.279863 0.0590439 0.124308
0.054242 9.9937E-05 9.9937E-05 9.9937E-05 0.0222011 9.9937E-05 9.9937E-05 9.9937E-05 9.9937E-05 0.102282 0.0475111 0.0585752 0.714489
9.9955E-05 9.9955E-05 0.038711 0.205853 0.0165294 9.9955E-05 0.229154 9.9955E-05 9.9955E-05 0.0969218 0.332516 0.0533759 0.0264391
0.0309896 0.0933468 0.00870068 0.398694 0.0339419 0.0274957 9.9973E-05 9.9973E-05 9.9973E-05 0.0522317 0.326303 0.0256181 0.00237851
9.9937E-05 9.9937E-05 0.0193119 0.53194 9.9937E-05 9.9937E-05 0.115358 9.9937E-05 9.9937E-05 0.0476709 0.1769 0.10812 9.9937E-05
0.168724 9.9946E-05 9.9946E-05 0.0216814 0.00846498 0.0535649 9.9946E-05 9.9946E-05 0.0934096 0.0346784 0.618877 9.9946E-05 9.9946E-05
9.9928E-05 0.0402785 9.9928E-05 0.0338887 9.9928E-05 0.813417 9.9928E-05 0.0272642 9.9928E-05 9.9928E-05 0.0843524 9.9928E-05 9.9928E-05
0.0349565 9.9973E-05 9.9973E-05 0.00685667 0.107044 0.0304493 0.0430659 0.0153576 0.090172 0.0953976 0.570751 0.00564959 9.9973E-05
0.0794804 9.9928E-05 0.0237935 9.9928E-05 0.0727905 9.9928E-05 9.9928E-05 9.9928E-05 9.9928E-05 0.129853 0.693283 9.9928E-05 9.9928E-05
9.9937E-05 0.020409 0.0408255 9.9937E-05 9.9937E-05 0.0615378 0.340709 9.9937E-05 9.9937E-05 9.9937E-05 0.511523 0.024296 9.9937E-05
9.9955E-05 9.9955E-05 9.9955E-05 0.0560536 0.0504698 0.0393927 0.356616 0.036979 0.0421364 9.9955E-05 0.394837 0.023015 9.9955E-05
9.9946E-05 9.9946E-05 0.0327319 0.0131061 0.0925509 9.9946E-05 0.293496 9.9946E-05 0.0120948 9.9946E-05 0.520974 0.0344463 9.9946E-05
9.9982E-05 0.0126411 0.0580397 0.131701 0.0577666 0.0202578 0.150991 0.021443 0.0201916 9.9982E-05 0.46034 0.044735 0.0216939
9.9973E-05 9.9973E-05 0.00825805 0.14394 0.0347449 0.0723847 0.104381 9.9973E-05 0.0976835 0.0248513 0.315483 0.103447 0.0945263
9.9973E-05 0.0200217 0.012655 0.0722486 0.04116 0.0238847 0.0310855 9.9973E-05 0.0621125 0.112526 0.525397 0.0986088 9.9973E-05
9.9973E-05 0.00504301 0.0152774 0.257335 0.0205011 0.0216538 9.9973E-05 0.0380958 9.9973E-05 0.0280563 0.514233 0.0875473 0.0119576
0.12081 0.0334314 9.9964E-05 0.00787075 0.00808233 0.05553 9.9964E-05 9.9964E-05 0.00419126 0.0688194 0.529568 0.171296 9.9964E-05
9.9964E-05 0.016955 0.035344 0.126381 0.0106339 0.0378247 0.157556 0.0475116 9.9964E-05 9.9964E-05 0.550319 0.0170745 9.9964E-05
0.00748589 9.9982E-05 0.0173385 0.0501264 0.0723746 0.129287 0.0761915 0.0158306 0.00734494 9.9982E-05 0.406947 0.151917 0.064956
0.158198 0.00681763 9.9919E-05 9.9919E-05 9.9919E-05 0.00882613 9.9919E-05 9.9919E-05 9.9919E-05 9.9919E-05 0.825259 9.9919E-05 9.9919E-05
9.98917E-05 9.98917E-05 9.98917E-05 9.98917E-05 9.98917E-05 0.998801 9.98917E-05 9.98917E-05 9.98917E-05 9.98917E-05 9.98917E-05 9.98917E-05 9.98917E-05
9.9955E-05 0.0601878 9.9955E-05 0.275841 0.0119987 0.0847028 0.0296706 9.9955E-05 9.9955E-05 9.9955E-05 0.247492 0.148815 0.140793
0.0582851 9.9955E-05 0.0143895 9.9955E-05 0.0903705 0.0345494 0.0178913 0.0282204 0.0424041 9.9955E-05 0.71339 9.9955E-05 9.9955E-05
9.9928E-05 0.09664 9.9928E-05 9.9928E-05 0.0382923 0.0795753 9.9928E-05 9.9928E-05 9.9928E-05 9.9928E-05 0.644939 9.9928E-05 0.139754
0.152037 0.0435654 9.9946E-05 9.9946E-05 0.0213318 0.0390628 9.9946E-05 9.9946E-05 9.9946E-05 0.0749712 0.649897 0.0185346 9.9946E-05
0.0566867 0.0215196 9.9955E-05 0.19122 0.0266035 9.9955E-05 9.9955E-05 9.9955E-05 0.0011682 0.0257241 0.607008 0.06957 9.9955E-05
0.0472748 0.104079 0.00693564 0.168431 0.00472782 9.9973E-05 9.9973E-05 0.0308017 9.9973E-05 0.0276163 0.592068 0.00787218 0.00989368
9.98919E-05 9.98919E-05 9.98919E-05 9.98919E-05 9.98919E-05 9.98919E-05 9.98919E-05 9.98919E-05 9.98919E-05 9.98919E-05 9.98919E-05 0.998801 9.98919E-05
9.98917E-05 9.98917E-05 9.98917E-05 9.98917E-05 9.98917E-05 0.998801 9.98917E-05 9.98917E-05 9.98917E-05 9.98917E-05 9.98917E-05 9.98917E-05 9.98917E-05
9.99009E-05 9.99009E-05 9.99009E-05 9.99009E-05 0.00420777 9.99009E-05 9.99009E-05 9.99009E-05 9.99009E-05 9.99009E-05 9.99009E-05 0.994693 9.99009E-05
9.9937E-05 0.0431348 9.9937E-05 9.9937E-05 0.0458641 0.0729803 0.226583 9.9937E-05 9.9937E-05 9.9937E-05 0.55284 0.0578989 9.9937E-05
9.9955E-05 0.0392131 0.0250119 9.9955E-05 0.0244614 0.106947 0.231585 0.0268227 9.9955E-05 9.9955E-05 0.420533 0.124926 9.9955E-05
9.9964E-05 9.9964E-05 9.9964E-05 0.0988618 0.00601248 0.0862889 0.130843 0.01039 0.0848274 9.9964E-05 0.473632 0.0892776 0.0194662
9.9946E-05 0.117174 9.9946E-05 9.9946E-05 0.0254898 0.0255935 9.9946E-05 0.0214269 9.9946E-05 0.0552487 0.690339 0.0641286 9.9946E-05
0.048043 0.063556 9.9964E-05 9.9964E-05 0.0513003 0.0409442 9.9964E-05 0.045352 9.9964E-05 0.0892578 0.622482 0.0340772 0.00458776
9.9928E-05 0.0584257 9.9928E-05 9.9928E-05 9.9928E-05 0.734465 0.108625 9.9928E-05 9.9928E-05 9.9928E-05 0.091522 0.00616307 9.9928E-05
9.9955E-05 0.0476652 0.034564 9.9955E-05 9.9955E-05 0.080048 0.167889 9.9955E-05 9.9955E-05 0.0593192 0.601546 0.00620838 0.00225997
0.0680817 9.9937E-05 9.9937E-05 0.82455 0.00944918 9.9937E-05 9.9937E-05 9.9937E-05 0.0418232 9.9937E-05 0.00737561 0.0480204 9.9937E-05
9.991E-05 9.991E-05 9.991E-05 0.928624 0.0362091 9.991E-05 0.0341678 9.991E-05 9.991E-05 9.991E-05 9.991E-05 9.991E-05 9.991E-05
9.9946E-05 9.9946E-05 0.0122769 0.882914 0.0316125 0.00142308 0.0389485 0.0177911 9.9946E-05 9.9946E-05 9.9946E-05 0.014434 9.9946E-05
9.991E-05 9.991E-05 9.991E-05 0.864966 9.991E-05 9.991E-05 9.991E-05 9.991E-05 0.121559 9.991E-05 9.991E-05 9.991E-05 0.0124757
0.204664 9.9955E-05 0.0115701 0.425145 0.0152237 0.0534537 9.9955E-05 0.056345 0.0516466 9.9955E-05 0.181452 9.9955E-05 9.9955E-05
0.167016 9.9928E-05 9.9928E-05 0.698387 0.013483 9.9928E-05 9.9928E-05 0.0785799 0.041734 9.9928E-05 9.9928E-05 9.9928E-05 9.9928E-05
0.0810687 0.0293736 0.0152635 0.868323 9.9928E-05 9.9928E-05 9.9928E-05 9.9928E-05 9.9928E-05 9.9928E-05 9.9928E-05 9.9928E-05 0.0051713
9.9919E-05 9.9919E-05 0.0171366 0.877632 9.9919E-05 9.9919E-05 9.9919E-05 0.00807096 0.0962616 9.9919E-05 9.9919E-05 9.9919E-05 9.9919E-05
0.151188 9.9937E-05 9.9937E-05 0.714502 9.9937E-05 9.9937E-05 9.9937E-05 0.00659675 0.0454609 0.0689896 9.9937E-05 0.0125631 9.9937E-05
9.9937E-05 0.0371929 9.9937E-05 0.83468 0.00323643 0.00652294 0.105017 9.9937E-05 9.9937E-05 0.0126516 9.9937E-05 9.9937E-05 9.9937E-05
0.0310736 0.0364517 9.9946E-05 0.770744 9.9946E-05 9.9946E-05 9.9946E-05 0.0919453 9.9946E-05 9.9946E-05 0.0129105 0.0476796 0.00859555
0.865533 9.991E-05 9.991E-05 9.991E-05 9.991E-05 9.991E-05 9.991E-05 9.991E-05 0.0988828 9.991E-05 9.991E-05 0.0345851 9.991E-05
0.826545 0.0509225 0.0339389 9.9928E-05 9.9928E-05 0.0357028 9.9928E-05 9.9928E-05 9.9928E-05 9.9928E-05 9.9928E-05 9.9928E-05 0.0520909
0.322995 9.9955E-05 0.0116058 9.9955E-05 9.9955E-05 9.9955E-05 0.53427 0.0486243 0.040247 0.0106192 9.9955E-05 0.0308176 0.000321624
0.0456634 0.051755 9.9928E-05 9.9928E-05 9.9928E-05 9.9928E-05 0.853146 9.9928E-05 9.9928E-05 0.0335957 9.9928E-05 9.9928E-05 0.0150401
0.327137 9.9928E-05 0.0569353 9.9928E-05 0.0604908 9.9928E-05 0.484733 9.9928E-05 9.9928E-05 0.069905 9.9928E-05 9.9928E-05 9.9928E-05
0.725529 9.9937E-05 9.9937E-05 9.9937E-05 0.00022534 9.9937E-05 0.0992083 9.9937E-05 0.124321 9.9937E-05 0.0241142 9.9937E-05 0.0259021
0.766622 0.096006 9.9919E-05 9.9919E-05 9.9919E-05 0.0432304 0.0932419 9.9919E-05 9.9919E-05 9.9919E-05 9.9919E-05 9.9919E-05 9.9919E-05
0.83308 9.9928E-05 0.030511 9.9928E-05 9.9928E-05 0.00158681 9.9928E-05 9.9928E-05 9.9928E-05 9.9928E-05 0.0232634 9.9928E-05 0.11076
0.0165643 9.9982E-05 0.0529604 9.9982E-05 0.00310638 0.00849614 0.725982 0.00249595 0.00123272 0.0515646 0.0484967 0.0858506 0.00305034
0.89273 0.0805133 9.991E-05 9.991E-05 9.991E-05 9.991E-05 9.991E-05 9.991E-05 9.991E-05 0.0257573 9.991E-05 9.991E-05 9.991E-05
0.625942 9.9937E-05 9.9937E-05 9.9937E-05 0.0238996 9.9937E-05 0.178162 9.9937E-05 0.108809 9.9937E-05 9.9937E-05 0.0114872 0.0510014
0.463131 9.9919E-05 9.9919E-05 9.9919E-05 9.9919E-05 9.9919E-05 9.9919E-05 9.9919E-05 0.0899594 0.0503981 9.9919E-05 9.9919E-05 0.395613
0.2384 0.0553119 9.9973E-05 0.0416668 9.9973E-05 0.00117742 0.278378 0.0189683 9.9973E-05 0.0256821 0.0387369 0.0339004 0.267478
0.226278 9.9955E-05 0.00629211 9.9955E-05 9.9955E-05 0.0122707 0.293763 9.9955E-05 0.0408975 0.0697055 0.154676 9.9955E-05 0.195617
9.9937E-05 9.9937E-05 0.0349249 9.9937E-05 9.9937E-05 0.000243302 9.9937E-05 0.0691248 9.9937E-05 9.9937E-05 0.0202172 0.0118209 0.862969
9.9946E-05 0.0315478 0.0254201 9.9946E-05 0.00863136 0.00394154 0.100473 9.9946E-05 9.9946E-05 9.9946E-05 0.034683 9.9946E-05 0.794704
9.9892E-05 9.9892E-05 9.9892E-05 9.9892E-05 9.9892E-05 9.9892E-05 9.9892E-05 9.9892E-05 9.9892E-05 9.9892E-05 9.9892E-05 9.9892E-05 0.998801
0.00206121 0.00779994 0.0183609 9.9937E-05 9.9937E-05 9.9937E-05 0.0881849 9.9937E-05 9.9937E-05 9.9937E-05 0.0433225 9.9937E-05 0.839571
9.9892E-05 9.9892E-05 9.9892E-05 9.9892E-05 9.9892E-05 9.9892E-05 9.9892E-05 9.9892E-05 9.9892E-05 9.9892E-05 9.9892E-05 9.9892E-05 0.998801
9.99369E-05 9.99369E-05 0.0077895 9.99369E-05 0.036625 9.99369E-05 0.339197 0.00354024 9.99369E-05 0.0290872 9.99369E-05 9.99369E-05 0.583061
9.9937E-05 9.9937E-05 0.000674555 9.9937E-05 0.0373938 9.9937E-05 0.210782 0.0168643 0.0910332 9.9937E-05 9.9937E-05 9.9937E-05 0.642553
0.0460701 9.991E-05 9.991E-05 0.0939317 9.991E-05 9.991E-05 9.991E-05 9.991E-05 9.991E-05 9.991E-05 9.991E-05 9.991E-05 0.858999
0.0376399 9.99541E-05 9.99541E-05 9.99541E-05 0.0204938 0.00535474 0.701243 9.99541E-05 0.0590608 9.99541E-05 9.99541E-05 0.023515 0.152093
0.3102 9.9955E-05 0.0140757 9.9955E-05 0.0069741 0.00127724 0.586482 9.9955E-05 0.0503943 9.9955E-05 0.00219201 9.9955E-05 0.0279051
0.00250824 9.9928E-05 0.00596629 9.9928E-05 9.9928E-05 0.0863067 0.899355 9.9928E-05 9.9928E-05 9.9928E-05 9.9928E-05 9.9928E-05 0.00506466
0.136798 9.9928E-05 9.9928E-05 9.9928E-05 9.9928E-05 0.00365644 0.722448 9.9928E-05 0.0787762 9.9928E-05 0.0575218 9.9928E-05 9.9928E-05
0.421607 0.0423479 9.99279E-05 9.99279E-05 0.0128713 9.99279E-05 0.475991 9.99279E-05 9.99279E-05 9.99279E-05 9.99279E-05 0.0463832 9.99279E-05
0.100516 0.0602446 9.9955E-05 9.9955E-05 0.0260212 9.9955E-05 0.731023 9.9955E-05 0.0136869 0.0363234 0.0165221 0.015163 9.9955E-05
0.148569 0.0184215 0.0168929 0.0074155 9.9964E-05 0.000203049 0.598462 9.9964E-05 9.9964E-05 0.0213968 9.9964E-05 0.0493898 0.13885
0.125907 0.00822853 9.9928E-05 9.9928E-05 0.0241742 0.0236438 0.817247 9.9928E-05 9.9928E-05 9.9928E-05 9.9928E-05 9.9928E-05 9.9928E-05
0.921798 9.99099E-05 0.0150758 9.99099E-05 9.99099E-05 9.99099E-05 9.99099E-05 9.99099E-05 9.99099E-05 9.99099E-05 9.99099E-05 0.0621267 9.99099E-05
0.285173 0.0276668 0.0343475 9.9937E-05 9.9937E-05 9.9937E-05 0.584885 9.9937E-05 9.9937E-05 0.0354061 0.031822 9.9937E-05 9.9937E-05
0.220376 9.9946E-05 0.0222377 0.0124767 9.9946E-05 9.9946E-05 0.569953 0.0486324 9.9946E-05 0.0315186 9.9946E-05 9.9946E-05 0.0942056
0.211056 9.9946E-05 0.00716681 0.00835706 9.9946E-05 0.018384 0.580964 9.9946E-05 9.9946E-05 9.9946E-05 9.9946E-05 0.033129 0.140344
0.585553 0.0316343 9.9919E-05 9.9919E-05 0.0185483 9.9919E-05 0.363366 9.9919E-05 9.9919E-05 9.9919E-05 9.9919E-05 9.9919E-05 9.9919E-05
9.9928E-05 9.9928E-05 9.9928E-05 9.9928E-05 9.9928E-05 9.9928E-05 0.302115 0.0166963 0.119022 0.552828 9.9928E-05 0.00853928 9.9928E-05
9.9964E-05 0.0845328 0.00249689 0.00963805 0.00849348 0.0439708 0.286175 0.0177567 9.9964E-05 0.500016 9.9964E-05 9.9964E-05 0.0465199
9.9955E-05 0.00627389 0.00778928 9.9955E-05 0.0260458 0.015741 0.302493 0.0376568 0.140687 0.462814 9.9955E-05 9.9955E-05 9.9955E-05
9.99279E-05 9.99279E-05 9.99279E-05 9.99279E-05 9.99279E-05 0.00286363 0.363864 9.99279E-05 0.223047 0.391999 9.99279E-05 0.0174266 9.99279E-05
9.9937E-05 9.9937E-05 9.9937E-05 9.9937E-05 9.9937E-05 9.9937E-05 0.277886 0.0257666 0.146009 0.478547 0.0689756 0.00211631 9.9937E-05
0.217529 9.9955E-05 0.0182353 0.00987607 0.0112796 0.0504523 9.9955E-05 0.0822771 0.0436618 0.566189 9.9955E-05 9.9955E-05 9.9955E-05
9.9919E-05 9.9919E-05 9.9919E-05 9.9919E-05 9.9919E-05 0.0242064 0.225601 9.9919E-05 0.0409195 0.708374 9.9919E-05 9.9919E-05 9.9919E-05
9.9937E-05 9.9937E-05 9.9937E-05 0.100533 9.9937E-05 9.9937E-05 0.202108 0.0571112 0.121363 0.463655 9.9937E-05 9.9937E-05 0.0545297
