0.64885 9.99551E-05 9.99551E-05 9.99551E-05 9.99551E-05 9.99551E-05 0.0605858 0.290064
0.9993 9.994E-05 9.994E-05 9.994E-05 9.994E-05 9.994E-05 9.994E-05 9.994E-05
0.42275 9.99461E-05 9.99461E-05 9.99461E-05 9.99461E-05 9.99461E-05 9.99461E-05 0.576651
9.994E-05 9.994E-05 9.994E-05 0.9993 9.994E-05 9.994E-05 9.994E-05 9.994E-05
9.99461E-05 9.99461E-05 9.99461E-05 0.044797 9.99461E-05 0.954603 9.99461E-05 9.99461E-05
0.064899 0.0439481 0.839012 9.99641E-05 9.99641E-05 9.99641E-05 9.99641E-05 0.0517409
9.9982E-05 0.00943035 9.9982E-05 0.0123356 0.305432 0.0924773 0.14166 0.438465
0.789938 9.99551E-05 9.99551E-05 0.0922233 0.117339 9.99551E-05 9.99551E-05 9.99551E-05
9.99462E-05 9.99462E-05 0.614053 9.99462E-05 9.99462E-05 9.99462E-05 0.385347 9.99462E-05
9.9946E-05 9.9946E-05 9.9946E-05 9.9946E-05 0.0722595 0.927141 9.9946E-05 9.9946E-05
9.994E-05 9.994E-05 9.994E-05 9.994E-05 0.9993 9.994E-05 9.994E-05 9.994E-05
0.863047 9.99461E-05 0.136353 9.99461E-05 9.99461E-05 9.99461E-05 9.99461E-05 9.99461E-05
9.9946E-05 0.876554 9.9946E-05 9.9946E-05 9.9946E-05 9.9946E-05 9.9946E-05 0.122846
9.99551E-05 9.99551E-05 9.99551E-05 0.213016 9.99551E-05 0.1321 9.99551E-05 0.654384
9.99552E-05 0.119887 0.0248601 9.99552E-05 9.99552E-05 0.854753 9.99552E-05 9.99552E-05
9.994E-05 9.994E-05 9.994E-05 9.994E-05 9.994E-05 9.994E-05 0.898925 0.100476
0.365484 0.0519925 0.147951 0.434173 9.99641E-05 9.99641E-05 9.99641E-05 9.99641E-05
9.9964E-05 9.9964E-05 0.180409 9.9964E-05 0.255907 0.182564 0.38072 9.9964E-05
0.0886162 9.99461E-05 0.910784 9.99461E-05 9.99461E-05 9.99461E-05 9.99461E-05 9.99461E-05
9.994E-05 9.994E-05 9.994E-05 9.994E-05 9.994E-05 9.994E-05 0.9993 9.994E-05
0.0698459 0.135369 0.0533692 9.99641E-05 9.99641E-05 9.99641E-05 0.741016 9.99641E-05
0.0648009 0.0474198 0.451798 9.99731E-05 0.00424395 9.99731E-05 0.431437 9.99731E-05
9.996E-05 9.996E-05 9.996E-05 9.996E-05 0.0271004 0.132696 0.790578 0.0492249
9.9955E-05 9.9955E-05 9.9955E-05 0.662056 0.152896 9.9955E-05 0.184548 9.9955E-05
9.997E-05 0.125326 0.0247511 0.0210526 0.0427118 9.997E-05 9.997E-05 0.785859
9.9946E-05 9.9946E-05 9.9946E-05 9.9946E-05 9.9946E-05 0.729152 0.270248 9.9946E-05
9.99461E-05 9.99461E-05 9.99461E-05 0.921627 9.99461E-05 9.99461E-05 9.99461E-05 0.077773
9.99551E-05 0.444459 0.330649 0.224392 9.99551E-05 9.99551E-05 9.99551E-05 9.99551E-05
0.9993 9.994E-05 9.994E-05 9.994E-05 9.994E-05 9.994E-05 9.994E-05 9.994E-05
0.036231 9.99641E-05 0.452299 0.481409 9.99641E-05 9.99641E-05 0.0296613 9.99641E-05
0.000388525 9.9964E-05 9.9964E-05 9.9964E-05 0.130313 0.000556059 9.9964E-05 0.868343
9.994E-05 9.994E-05 9.994E-05 9.994E-05 9.994E-05 9.994E-05 9.994E-05 0.9993
9.9955E-05 9.9955E-05 9.9955E-05 9.9955E-05 0.261295 0.514144 9.9955E-05 0.224061
9.99461E-05 9.99461E-05 0.901201 9.99461E-05 9.99461E-05 9.99461E-05 9.99461E-05 0.0981996
9.994E-05 9.994E-05 9.994E-05 0.9993 9.994E-05 9.994E-05 9.994E-05 9.994E-05
0.000242578 9.99641E-05 0.0451269 9.99641E-05 9.99641E-05 9.99641E-05 0.917546 0.0366852
0.00631592 9.99551E-05 0.778641 9.99551E-05 9.99551E-05 9.99551E-05 0.214543 9.99551E-05
9.99461E-05 9.99461E-05 0.916338 9.99461E-05 0.0830628 9.99461E-05 9.99461E-05 9.99461E-05
0.00997869 9.99461E-05 9.99461E-05 9.99461E-05 0.989422 9.99461E-05 9.99461E-05 9.99461E-05
9.99552E-05 9.99552E-05 0.800563 0.186282 9.99552E-05 0.0126557 9.99552E-05 9.99552E-05
0.131219 9.9955E-05 0.746331 0.12195 9.9955E-05 9.9955E-05 9.9955E-05 9.9955E-05
0.597247 9.9955E-05 0.190448 0.211806 9.9955E-05 9.9955E-05 9.9955E-05 9.9955E-05
9.99462E-05 9.99462E-05 9.99462E-05 9.99462E-05 9.99462E-05 0.137859 0.861542 9.99462E-05
9.994E-05 9.994E-05 9.994E-05 9.994E-05 9.994E-05 9.994E-05 9.994E-05 0.9993
9.99552E-05 0.0657162 9.99552E-05 9.99552E-05 9.99552E-05 0.847025 0.0867588 9.99552E-05
0.741671 9.99551E-05 9.99551E-05 0.256691 9.99551E-05 9.99551E-05 0.00113914 9.99551E-05
9.99461E-05 9.99461E-05 0.294344 9.99461E-05 9.99461E-05 9.99461E-05 0.705057 9.99461E-05
9.99462E-05 9.99462E-05 0.83138 9.99462E-05 9.99462E-05 9.99462E-05 0.168021 9.99462E-05
9.994E-05 0.9993 9.994E-05 9.994E-05 9.994E-05 9.994E-05 9.994E-05 9.994E-05
9.997E-05 0.0298747 0.312871 9.997E-05 0.00713089 0.0533322 0.596491 9.997E-05
