9.9955E-05 9.9955E-05 9.9955E-05 9.9955E-05 0.0566915 0.942809 9.9955E-05
0.0382552 0.0862586 9.9973E-05 0.106758 9.9973E-05 0.768428 9.9973E-05
9.9982E-05 0.0193892 0.0170424 0.0499745 9.9982E-05 0.836789 0.0766052
9.9982E-05 0.0653464 0.0381167 0.0613792 9.9982E-05 0.824928 0.0100293
0.0355627 0.0245178 0.0170937 0.0188265 0.0261233 0.838734 0.0391423
0.0434087 0.0299467 9.9982E-05 9.9982E-05 0.0236612 0.901358 0.00142519
9.9955E-05 0.0479379 9.9955E-05 9.9955E-05 9.9955E-05 0.951562 9.9955E-05
0.00850773 0.0951373 0.00968391 0.033017 9.9982E-05 0.853454 9.9982E-05
0.0120187 0.125415 9.9982E-05 0.032561 9.9982E-05 0.812763 0.0170421
9.9982E-05 0.0888828 0.019978 9.9982E-05 0.00012158 0.856597 0.0342207
0.0356701 0.0867026 0.0312963 0.0115465 9.9991E-05 0.760392 0.0742927
9.999E-05 0.0125146 0.0138619 0.124376 0.0205856 0.775222 0.0533397
0.0423178 0.0289235 0.0296235 9.9991E-05 0.060067 0.81706 0.0219083
0.00135836 0.13232 9.9982E-05 0.0680003 9.9982E-05 0.717725 0.0803968
9.9973E-05 0.0740546 9.9973E-05 0.0831494 9.9973E-05 0.820802 0.0216939
0.011785 0.0829258 0.00628185 9.9973E-05 9.9973E-05 0.898707 9.9973E-05
0.0273938 9.9955E-05 9.9955E-05 9.9955E-05 9.9955E-05 0.972106 9.9955E-05
9.9955E-05 9.9955E-05 9.9955E-05 9.9955E-05 0.00778522 0.991715 9.9955E-05
0.00296815 9.9964E-05 9.9964E-05 9.9964E-05 0.0300775 0.966554 9.9964E-05
9.9973E-05 9.9973E-05 0.0365633 9.9973E-05 0.0121746 0.929647 0.0213147
9.995E-05 9.995E-05 9.995E-05 9.995E-05 9.995E-05 9.995E-05 0.9994
0.0609616 0.0145167 0.0113597 0.0704157 0.0997433 0.00901357 0.733989
9.999E-05 0.0567857 0.0196388 0.0612041 0.129269 0.0594398 0.673562
0.0276546 9.9973E-05 0.0414296 9.9973E-05 0.150314 9.9973E-05 0.780302
9.9955E-05 9.9955E-05 9.9955E-05 0.0591209 9.9955E-05 9.9955E-05 0.940379
0.0146186 9.9973E-05 9.9973E-05 0.0726222 9.9973E-05 0.0258397 0.88662
9.9973E-05 0.0455927 9.9973E-05 0.114225 0.154823 9.9973E-05 0.685059
9.995E-05 9.995E-05 9.995E-05 9.995E-05 9.995E-05 9.995E-05 0.9994
9.9973E-05 0.107518 0.0350488 0.123027 9.9973E-05 9.9973E-05 0.734106
0.0972681 0.125742 0.0210934 0.058257 0.0705151 0.0234071 0.603718
9.9964E-05 0.135882 9.9964E-05 0.159917 9.9964E-05 9.9964E-05 0.703801
0.0706856 0.10134 0.0166362 0.0142564 0.0678476 9.9991E-05 0.729134
0.0252245 0.124225 9.9991E-05 0.0212635 0.0786341 0.0476788 0.702874
0.0406983 0.13612 0.0442689 0.142435 9.9982E-05 9.9982E-05 0.636278
0.0358289 0.0757163 0.06506 0.197047 0.0157502 0.0237099 0.586888
9.9982E-05 0.241478 0.0332692 0.25285 9.9982E-05 0.0641691 0.408033
0.0137565 0.0420438 0.0402176 0.169352 0.114615 0.0149844 0.60503
0.0810182 9.9982E-05 0.0417956 0.0255116 0.813672 9.9982E-05 0.037803
0.0870785 0.0355289 0.0886686 0.0870715 0.701453 9.9982E-05 9.9982E-05
0.0865467 0.00682506 0.0120831 0.0967544 0.727725 0.0395553 0.0305104
0.0887379 0.0274226 0.00717718 0.0428087 0.792526 0.00740502 0.0339225
0.0674421 9.9991E-05 0.031444 0.0403899 0.804042 0.0284961 0.0280857
0.0516245 0.030705 0.0343919 0.045559 0.83752 9.9982E-05 9.9982E-05
0.0527481 0.180879 0.045707 0.00143489 0.64878 0.0536181 0.0168325
0.0463174 0.0123812 0.0503384 0.045997 0.810535 0.00424419 0.0301864
0.00876083 0.0786034 0.0339331 9.9991E-05 0.767978 0.0663358 0.0442893
0.107775 9.9964E-05 0.0538548 9.9964E-05 0.83797 9.9964E-05 9.9964E-05
0.0578878 0.0301982 0.0370502 0.019301 0.849824 0.00563876 9.9991E-05
0.0552077 9.9973E-05 9.9973E-05 9.9973E-05 0.902828 0.0178781 0.0237861
0.0566833 0.0571002 0.0123678 0.0236223 0.824624 0.0116257 0.0139764
0.0593631 9.9982E-05 9.9982E-05 0.0528727 0.845166 0.0163332 0.0260648
0.0534278 0.0423136 9.9973E-05 9.9973E-05 0.885741 9.9973E-05 0.0182173
0.094778 9.9964E-05 0.0647699 9.9964E-05 0.840052 9.9964E-05 9.9964E-05
0.0787797 9.9973E-05 9.9973E-05 0.0137799 0.796564 0.110577 9.9973E-05
0.0943901 0.0704289 0.0395531 9.9982E-05 0.742829 0.0525987 9.9982E-05
0.0484978 0.0681958 0.013548 0.109449 0.733351 0.00983461 0.0171238
0.0228044 0.0334722 0.0835899 9.9991E-05 0.741081 0.049794 0.069159
0.0845984 0.0333202 0.0598989 0.56935 0.155917 0.0572706 0.0396449
9.9964E-05 9.9964E-05 0.0690976 0.9255 9.9964E-05 0.005003 9.9964E-05
0.122507 0.0634703 0.149 0.591942 0.0479655 0.00905857 0.0160568
0.140787 9.9991E-05 0.176462 0.587136 0.0667506 0.0220092 0.00675462
0.118594 0.0315891 0.115969 0.730836 9.9982E-05 9.9982E-05 0.00281188
0.107204 9.9991E-05 0.0977558 0.643334 0.101268 0.0220704 0.0282678
0.974545 9.9964E-05 0.0087279 9.9964E-05 9.9964E-05 9.9964E-05 0.0163272
0.019153 9.9973E-05 0.0749814 0.896539 0.00902633 9.9973E-05 9.9973E-05
0.116826 0.047923 0.0991324 0.587603 0.0290911 0.119325 9.9991E-05
0.192566 9.9991E-05 0.0519927 0.54027 0.0341711 0.0503518 0.130548
0.19912 9.9982E-05 0.123798 0.593648 9.9982E-05 0.0184847 0.0647497
0.163646 9.9973E-05 0.150392 0.593177 9.9973E-05 9.9973E-05 0.0924853
0.106845 9.9982E-05 0.121918 0.654626 9.9982E-05 0.033048 0.0833618
0.142165 9.9982E-05 0.061801 0.756784 0.0256223 0.0134279 9.9982E-05
0.19183 9.9982E-05 0.113439 0.596545 0.0923009 9.9982E-05 0.00568512
0.110185 9.9982E-05 0.122095 0.692486 0.00716396 9.9982E-05 0.0678702
0.0422238 0.0768059 0.140839 0.627481 0.0394483 0.0129789 0.0602236
0.145142 0.00922347 0.0456169 0.417015 0.29621 0.00706807 0.0797251
0.139612 9.9991E-05 0.0534048 0.485628 0.249869 0.0633924 0.00799281
0.0706698 9.9982E-05 0.066501 0.35913 0.464409 0.0390899 9.9982E-05
0.9994 9.995E-05 9.995E-05 9.995E-05 9.995E-05 9.995E-05 9.995E-05
0.129841 9.9991E-05 0.168234 0.376737 0.187051 0.0568844 0.0811536
0.250414 9.9982E-05 0.130769 0.426113 0.161994 9.9982E-05 0.0305104
0.135476 9.9991E-05 0.107351 0.533828 0.139421 0.0390707 0.0447542
0.139916 0.0291932 0.103416 0.662169 9.9991E-05 0.0114441 0.0537623
0.133676 9.9982E-05 0.150422 0.542455 0.0537767 0.119471 9.9982E-05
0.10231 0.209985 0.151225 0.189161 0.252046 0.0324083 0.0628651
0.118227 0.593768 0.044149 0.0376807 0.201281 0.00479452 9.9991E-05
0.00262006 0.170022 0.00770466 0.638739 0.153908 0.00614669 0.0208595
0.183563 0.0586909 0.0822931 0.564232 0.0690386 0.042083 9.9991E-05
0.0963735 0.11853 0.0315656 0.619609 0.131295 0.00252617 9.9991E-05
9.9991E-05 0.0660507 0.120294 0.71281 0.058126 0.00917853 0.0334416
0.0132118 9.9973E-05 0.872539 0.0854124 9.9973E-05 9.9973E-05 0.0285367
0.229407 9.9982E-05 0.0731978 0.546688 0.13215 0.0183576 9.9982E-05
0.19946 0.0399927 0.0549542 0.608318 0.0970751 9.9982E-05 9.9982E-05
0.0491483 0.132282 0.121431 0.540891 9.9991E-05 0.0811421 0.0750047
0.12362 0.0151531 0.12871 0.476873 0.0445222 0.0915785 0.119543
0.155871 0.110592 0.0749138 0.599187 9.9991E-05 0.0126314 0.0467049
0.0161866 0.0645049 0.122955 0.599879 9.9991E-05 0.137216 0.0591586
0.176301 0.143966 0.100318 0.456984 0.0302034 0.0493162 0.042911
0.175698 9.9982E-05 0.0815586 0.590293 0.0896834 0.0625675 9.9982E-05
0.160651 9.9991E-05 0.0962171 0.610764 0.0520156 0.00506401 0.0751876
0.159952 9.9982E-05 0.15037 0.588113 0.0853929 0.0159719 9.9982E-05
0.0655385 0.0434638 0.115897 0.632222 0.0258426 0.0446294 0.0724069
0.181661 0.0754513 0.211966 0.449827 0.0238842 0.0309396 0.0262707
0.129371 0.040622 0.07378 0.742313 9.9982E-05 9.9982E-05 0.0137143
9.995E-05 9.995E-05 0.9994 9.995E-05 9.995E-05 9.995E-05 9.995E-05
0.139571 0.0544716 0.159303 0.476486 0.0756461 0.0486875 0.0458353
0.154413 9.9991E-05 0.129575 0.622673 0.0656079 0.0274982 0.000133268
0.101703 0.11136 0.200904 0.468622 0.0139645 0.0910984 0.0123477
0.151581 0.0376965 0.0913113 0.597427 0.0907855 0.0310991 9.9991E-05
0.156049 0.00894517 0.0528272 0.713463 0.0342961 0.0262533 0.0081662
0.0990278 0.00702907 0.0882665 0.653274 0.0432166 0.0498559 0.0593303
0.9994 9.995E-05 9.995E-05 9.995E-05 9.995E-05 9.995E-05 9.995E-05
9.995E-05 9.995E-05 0.9994 9.995E-05 9.995E-05 9.995E-05 9.995E-05
0.9994 9.995E-05 9.995E-05 9.995E-05 9.995E-05 9.995E-05 9.995E-05
0.0982584 0.0765847 0.135465 0.657742 9.9982E-05 0.0317495 9.9982E-05
0.183098 0.0753056 0.230189 0.378297 9.9991E-05 0.0236373 0.109373
0.0820918 0.0504931 0.142441 0.538921 0.0657676 0.0542061 0.0660799
0.198642 9.9991E-05 0.112753 0.586072 0.0262323 0.0463533 0.0298466
0.150007 9.9991E-05 0.0975985 0.59802 0.0921374 0.0372776 0.0248593
9.9991E-05 0.0638262 0.827627 0.0402518 0.0164963 0.0500653 0.00163351
0.0757182 0.0462942 0.143284 0.558047 0.0923766 0.0841807 9.9991E-05
9.9982E-05 0.135068 0.0229006 0.68002 9.9982E-05 0.00861497 0.153196
0.0584596 0.199958 0.095787 0.528918 9.9982E-05 9.9982E-05 0.116677
0.0875399 0.0829279 0.100395 0.491308 9.9982E-05 9.9982E-05 0.23763
0.0327091 0.143934 0.0661918 0.566309 9.9991E-05 0.0349686 0.155787
0.104367 0.167501 0.0762927 0.410934 0.0532726 0.00141683 0.186216
0.0378055 0.175107 0.0930991 0.439129 9.9982E-05 9.9982E-05 0.254659
9.9991E-05 0.146512 0.0384659 0.489423 0.075852 0.0279948 0.221652
9.9982E-05 0.0934473 0.0788384 0.54685 9.9982E-05 0.0654521 0.215213
0.000300332 0.156958 0.0429178 0.509272 0.103426 0.00353548 0.18359
0.0382384 0.0796833 0.118552 0.452897 0.130033 9.9991E-05 0.180496
0.0286911 0.0706813 0.0655664 0.492313 0.109266 0.00251043 0.230971
0.0721057 0.8226 0.0343058 9.9982E-05 0.0283875 9.9982E-05 0.0424008
9.9991E-05 0.7843 0.0380636 0.0364137 0.0482272 0.0384744 0.0544213
0.0228261 0.71855 0.0222448 0.0329689 0.0830638 0.0274779 0.0928687
9.9982E-05 0.757279 9.9982E-05 0.00308524 0.152276 0.0494021 0.0377582
0.0499776 0.738161 0.00407238 9.9991E-05 0.135685 0.025839 0.0461649
0.0378138 0.767709 0.0208797 0.0643321 0.00358812 0.0220116 0.0836659
0.00118034 0.759861 0.0611185 9.9982E-05 0.103107 9.9982E-05 0.074533
0.035337 0.880114 0.0354883 0.0152819 0.000781736 9.9991E-05 0.0328969
0.0680577 0.587007 0.0608575 0.0536224 0.116162 0.0543305 0.0599638
9.9982E-05 0.704993 0.030755 9.9982E-05 0.217991 0.00324954 0.0428111
0.0838484 0.78198 9.9982E-05 9.9982E-05 0.0938989 0.0292579 0.010815
0.0234485 0.745134 9.9973E-05 9.9973E-05 0.169626 0.0614916 9.9973E-05
0.00244128 0.641838 0.0260775 0.0891309 0.128403 0.0271121 0.0849968
0.0563758 0.63521 0.0246827 0.161007 0.122524 9.9982E-05 9.9982E-05
0.0303455 0.728107 0.0697327 0.0350213 9.9991E-05 0.0750408 0.061653
9.9991E-05 0.745885 0.0299085 0.0777369 0.043231 0.0952006 0.00793802
0.00670812 0.839526 0.0531821 0.0246997 0.0597914 9.9991E-05 0.015993
9.9973E-05 0.803492 9.9973E-05 0.119262 0.0182939 0.0586517 9.9973E-05
0.0135416 0.79858 0.0273484 9.9982E-05 9.9982E-05 0.0801621 0.0801677
0.0286006 0.736047 0.0503963 0.0319629 0.056969 0.0355624 0.0604622
0.0825788 0.697649 0.0395205 9.9991E-05 0.0156533 0.0825623 0.0819361
0.0353807 0.810462 0.0348676 0.0165374 0.0515435 9.9991E-05 0.0511091
0.0644337 0.793633 0.0597319 9.9982E-05 9.9982E-05 0.0589114 0.02309
9.9982E-05 0.8107 0.0409094 0.0664669 0.0271936 0.0545305 9.9982E-05
0.00888954 0.71391 0.0949552 0.0101592 9.9991E-05 0.0750038 0.0969827
9.9982E-05 0.738823 0.002797 0.147178 9.9982E-05 0.0271451 0.0838574
0.0717235 0.770607 0.0356616 9.9991E-05 0.0352954 0.0234577 0.0631548
9.9982E-05 0.686013 0.0315214 0.107952 0.0904053 0.0839077 9.9982E-05
9.9991E-05 0.691602 0.0334186 0.117084 0.0510828 0.0233315 0.0833805
0.0423745 0.777106 0.0674813 9.9982E-05 0.0652076 9.9982E-05 0.0476311
0.0405343 0.806463 0.0268215 9.9973E-05 0.125881 9.9973E-05 9.9973E-05
0.00540259 0.700406 0.026625 0.0187585 0.129598 0.0546668 0.0645431
9.9973E-05 0.685576 9.9973E-05 0.0932124 0.13577 9.9973E-05 0.085142
0.0363138 0.7943 0.0724171 0.00297358 9.9982E-05 9.9982E-05 0.0937953
0.0534937 0.831819 0.00633245 0.0558725 9.9991E-05 0.0179939 0.0343885
0.0698817 0.145934 9.9982E-05 9.9982E-05 0.664377 0.054261 0.0653455
9.9982E-05 0.144854 0.0784079 9.9982E-05 0.6187 0.057995 0.0998429
9.9991E-05 0.109475 0.0772165 0.0347785 0.60273 0.0912887 0.0844117
0.0303696 0.103262 0.0711915 9.9991E-05 0.630428 0.105579 0.0590702
0.0060404 0.0668429 0.0295804 0.0986988 0.652113 0.116494 0.030231
0.0739483 0.0854342 0.0478607 9.9982E-05 0.692104 9.9982E-05 0.100453
9.9982E-05 0.025954 0.054975 9.9982E-05 0.867535 0.0165334 0.0348029
0.0129895 0.0126923 9.9991E-05 0.0990334 0.61055 0.0852411 0.179393
