0.903728 0.0264401 9.9973E-05 9.9973E-05 9.9973E-05 0.0695323
0.741611 0.0539445 0.0970907 0.0514745 0.0323112 0.0235677
0.790502 0.0446261 9.9982E-05 9.9982E-05 0.126146 0.0385261
0.812941 0.0689106 0.0803658 9.9982E-05 0.0375825 9.9982E-05
0.819263 0.0651815 0.083422 0.0110291 0.0210046 9.9991E-05
0.882058 9.9973E-05 0.0891287 0.0285135 9.9973E-05 9.9973E-05
0.903496 9.9973E-05 0.0865019 9.9973E-05 9.9973E-05 0.00970224
0.840256 9.9991E-05 0.0689231 0.0576337 0.0128602 0.0202275
0.800777 0.0274612 0.0651028 0.0514774 0.0459604 0.00922157
0.837245 0.0165389 0.0708286 0.0296186 0.044621 0.00114757
0.779584 0.0789375 0.112958 9.9982E-05 0.0283204 9.9982E-05
0.8033 0.081217 0.0693182 9.9982E-05 0.0459648 9.9982E-05
0.781821 0.0621564 0.0557521 0.0330261 0.0671449 9.9991E-05
0.769823 0.0698561 0.0885676 9.9991E-05 0.0470708 0.0245824
0.834763 0.0349436 0.0884116 0.00668254 0.0350996 9.9991E-05
0.830269 9.9973E-05 0.105659 0.0637719 9.9973E-05 9.9973E-05
0.907187 9.9964E-05 9.9964E-05 0.0924127 9.9964E-05 9.9964E-05
0.877348 9.9973E-05 9.9973E-05 0.103835 9.9973E-05 0.0185175
0.888367 9.9973E-05 9.9973E-05 0.100041 9.9973E-05 0.0112918
0.85335 0.0356623 9.9991E-05 0.0993053 0.00772817 0.00385378
9.996E-05 9.996E-05 9.996E-05 9.996E-05 0.9995 9.996E-05
9.9973E-05 0.017247 9.9973E-05 9.9973E-05 0.821948 0.160505
0.00435786 0.0475508 0.0280767 9.9991E-05 0.781622 0.138293
9.9982E-05 0.0257971 9.9982E-05 0.009422 0.862838 0.101743
9.9964E-05 0.0293185 9.9964E-05 9.9964E-05 0.970282 9.9964E-05
0.0200112 9.9982E-05 9.9982E-05 0.0385916 0.933191 0.00800651
9.9973E-05 9.9973E-05 9.9973E-05 0.014537 0.826701 0.158462
9.9964E-05 9.9964E-05 0.0172102 9.9964E-05 0.98239 9.9964E-05
9.9991E-05 0.0579915 0.190188 0.0414947 0.693261 0.0169651
0.0367632 0.0167156 0.093086 0.146359 0.60736 0.0997165
9.9982E-05 0.00379572 0.224591 0.0550918 0.716322 9.9982E-05
0.00468661 9.9991E-05 0.135746 0.135073 0.671247 0.0531467
0.0522884 0.00709542 0.0843938 0.145285 0.673933 0.0370041
0.0025182 0.0411669 0.148898 0.201954 0.605188 0.000275323
0.0269446 0.108896 0.089769 0.141655 0.632635 9.9991E-05
0.0373063 0.156709 0.184124 0.0453763 0.576385 9.9991E-05
0.0109265 0.0188537 0.132348 0.168043 0.554655 0.115174
0.00628822 9.9991E-05 0.0183387 0.214192 0.0342541 0.726827
9.9973E-05 0.0832193 9.9973E-05 0.248933 9.9973E-05 0.667548
0.0108884 9.9991E-05 0.0341277 0.323038 0.00336623 0.62848
9.9973E-05 9.9973E-05 0.127609 0.325516 9.9973E-05 0.546576
0.0213201 0.0757053 0.0223696 0.205905 0.00670203 0.667998
0.00972677 9.9973E-05 9.9973E-05 0.267841 9.9973E-05 0.722132
0.0647839 0.0659081 0.110938 0.156577 0.00313118 0.598661
9.9973E-05 9.9973E-05 9.9973E-05 0.30018 0.0211778 0.678343
0.0519382 0.0402537 0.0344505 0.14238 0.00598005 0.724998
0.00162167 9.9973E-05 9.9973E-05 0.325314 9.9973E-05 0.672765
9.9973E-05 0.00280715 9.9973E-05 0.265267 9.9973E-05 0.731626
0.0248888 9.9973E-05 9.9973E-05 0.195427 9.9973E-05 0.779384
9.9982E-05 9.9982E-05 0.0277096 0.224948 0.0115576 0.735585
0.0143116 9.9973E-05 9.9973E-05 0.248019 9.9973E-05 0.737369
9.9973E-05 9.9973E-05 0.0111649 0.261661 9.9973E-05 0.726875
9.9973E-05 0.0274407 9.9973E-05 0.233276 9.9973E-05 0.738983
0.0505826 9.9973E-05 9.9973E-05 0.291032 9.9973E-05 0.658086
0.0316853 9.9982E-05 0.0567396 0.27733 9.9982E-05 0.634046
0.0212919 0.0314866 0.0699788 0.212726 0.001052 0.663464
0.08819 9.9982E-05 0.0104908 0.203661 9.9982E-05 0.697458
0.0241263 0.232401 0.0248335 0.537881 0.0366849 0.144073
0.0593986 0.410995 9.9973E-05 0.529307 9.9973E-05 9.9973E-05
0.0382887 0.322882 0.0304149 0.465814 0.108177 0.0344235
0.0454682 0.343165 9.9982E-05 0.549763 9.9982E-05 0.0614039
9.9991E-05 0.291836 0.0217537 0.647689 0.0137142 0.0249072
0.0596634 0.205596 0.033514 0.663108 9.9991E-05 0.0380181
0.0223278 0.109332 0.0222276 0.845912 9.9982E-05 9.9982E-05
9.9982E-05 0.32512 9.9982E-05 0.644256 0.0265754 0.00384816
0.0797354 0.366548 0.0243059 0.446539 9.9991E-05 0.0827711
0.080679 0.0772837 0.0371067 0.756412 0.0484185 9.9991E-05
0.041158 0.199118 0.0487233 0.656888 0.0540121 9.9991E-05
0.0261284 0.20378 9.9982E-05 0.650196 0.119696 9.9982E-05
0.0447384 0.276402 0.0525281 0.570175 0.0560557 9.9991E-05
0.0233126 0.16921 9.9973E-05 0.807178 9.9973E-05 9.9973E-05
0.0182034 0.229318 9.9991E-05 0.646064 0.0139951 0.0923194
0.0232225 0.276746 0.0180095 0.635674 0.0462481 9.9991E-05
0.012293 0.320295 0.134089 0.41244 0.120782 9.9991E-05
9.9982E-05 0.114968 9.9982E-05 0.544313 0.0862705 0.254249
0.05219 0.0685381 0.0406207 0.679087 9.9991E-05 0.159465
0.0595223 0.0863191 9.9982E-05 0.514934 9.9982E-05 0.339024
9.9964E-05 0.103009 9.9964E-05 0.896591 9.9964E-05 9.9964E-05
0.038608 0.242017 0.0143182 0.54967 0.0366189 0.118768
9.9991E-05 0.329295 0.0290036 0.541195 0.00949502 0.0909119
0.0775039 0.165165 9.9991E-05 0.638762 0.01465 0.103819
0.0475242 0.246551 0.0757444 0.578425 0.0516548 9.9991E-05
0.0571559 0.257543 9.9973E-05 0.685001 9.9973E-05 9.9973E-05
0.0391747 0.176371 0.202182 0.385358 9.9991E-05 0.196814
0.00623541 0.0428213 0.535265 0.212871 9.9991E-05 0.202707
0.0380868 0.150995 0.204773 0.480577 0.0776159 0.0479519
0.0620214 0.175325 0.0740567 0.597612 9.9991E-05 0.0908856
0.0278778 0.102753 0.0649002 0.671978 9.9991E-05 0.132391
9.9991E-05 0.243131 0.0324603 0.610138 0.0236784 0.0904922
9.996E-05 0.9995 9.996E-05 9.996E-05 9.996E-05 9.996E-05
0.0387117 0.24162 0.0143504 0.567522 0.0654788 0.072317
0.00968092 0.130745 0.0810576 0.764559 9.9991E-05 0.0138579
0.0486632 0.457824 0.152237 0.241003 0.100172 9.9991E-05
0.0507166 0.328493 0.091771 0.367245 0.161673 9.9991E-05
0.0339545 0.373052 0.138306 0.37869 0.0758973 9.9991E-05
0.0987902 0.310346 0.111816 0.381844 0.0712425 0.0259623
0.0156601 0.258759 0.152064 0.518693 9.9991E-05 0.0547241
0.0615525 0.218287 9.9991E-05 0.628726 0.0157057 0.0756293
0.0137833 0.227742 9.9991E-05 0.663464 0.0764463 0.0184649
0.044781 0.28801 9.9982E-05 0.618163 9.9982E-05 0.0488465
0.0203522 0.281804 0.0172873 0.553633 0.126823 9.9991E-05
0.0298625 0.292713 0.132347 0.544878 9.9982E-05 9.9982E-05
9.9991E-05 0.223636 0.0120877 0.711125 0.0280582 0.0249939
9.996E-05 0.9995 9.996E-05 9.996E-05 9.996E-05 9.996E-05
0.0918891 0.324487 0.0380682 0.490231 0.0552241 9.9991E-05
0.0103151 0.342699 0.0111427 0.610211 0.0182426 0.00738975
0.0651747 0.297127 0.0717704 0.493873 0.0514105 0.0206447
0.0270516 0.192724 0.0530712 0.65718 9.9991E-05 0.0698735
0.0618549 0.246051 0.0859265 0.598705 9.9991E-05 0.00736212
0.0266607 0.186208 0.00489686 0.623342 0.124154 0.0347383
0.00467447 0.0480555 0.00623563 0.940834 9.9982E-05 9.9982E-05
9.996E-05 0.9995 9.996E-05 9.996E-05 9.996E-05 9.996E-05
0.00033859 9.9973E-05 0.00170819 0.997653 9.9973E-05 9.9973E-05
0.00864553 0.392612 0.0936022 0.439598 0.00744449 0.0580974
0.0362151 0.436374 0.104477 0.346306 0.0626694 0.0139585
0.0671128 0.325241 0.0492265 0.430053 0.0623751 0.0659912
0.0484621 0.310552 9.9991E-05 0.594524 0.00110432 0.0452573
0.00426973 0.103886 9.9982E-05 0.867927 9.9982E-05 0.0237173
9.996E-05 0.9995 9.996E-05 9.996E-05 9.996E-05 9.996E-05
0.0969092 0.314165 0.0655195 0.416714 0.0258097 0.0808822
0.0452911 0.293047 0.15294 0.289583 0.207553 0.011587
9.9991E-05 0.251405 0.181573 0.371925 0.190673 0.0043242
0.0227069 0.232636 0.149476 0.347954 0.247127 9.9991E-05
0.0517356 0.264361 0.20676 0.281328 0.195716 9.9991E-05
0.0576331 0.18855 0.207671 0.374338 0.171709 9.9991E-05
0.0350861 0.175539 0.208815 0.31485 0.26561 9.9991E-05
0.0438227 0.21502 0.197416 0.271109 0.257323 0.0153093
0.085814 0.236488 0.12092 0.298365 0.258313 9.9991E-05
0.0441316 0.178073 0.165941 0.317575 0.186854 0.107426
9.9991E-05 0.450582 0.208543 0.116141 0.212891 0.0117431
9.9991E-05 0.194517 0.118454 0.388164 0.286765 0.0120002
0.0361624 9.9991E-05 0.784972 0.120385 0.037035 0.0213455
0.0367666 0.0637039 0.738664 0.0751775 0.0523142 0.0333741
0.067673 0.0119429 0.725944 0.088986 0.060032 0.0454218
0.0856261 9.9991E-05 0.686098 0.0829863 0.0247837 0.120406
0.0756935 0.0294577 0.679544 0.0415193 9.9991E-05 0.173685
0.0725751 0.0543313 0.725241 0.138156 0.00219799 0.00749872
0.0225395 0.0323669 0.742127 0.0381135 0.0569306 0.107923
0.00359306 0.0555342 0.734622 0.117917 0.0593925 0.0289418
0.0631055 0.0829212 0.677509 0.0180591 0.0846916 0.0737132
0.0166039 0.0302323 0.632027 0.116489 0.0334378 0.17121
0.0549533 9.9991E-05 0.660566 0.10665 0.0716588 0.106072
0.0598121 9.9991E-05 0.704016 0.0957321 0.0183122 0.122028
0.02237 0.114547 0.736046 9.9991E-05 0.0531398 0.0737971
0.0236552 0.181719 0.693882 9.9982E-05 9.9982E-05 0.100544
0.0967577 0.101104 0.758012 9.99907E-05 0.0439264 9.99907E-05
0.10012 0.102716 0.796864 9.9973E-05 9.9973E-05 9.9973E-05
0.0277567 9.9982E-05 0.716259 0.168069 9.9982E-05 0.0877155
0.0829908 0.0238608 0.755895 0.106704 0.0144394 0.0161104
0.0804227 9.9982E-05 0.793429 0.0298792 9.9982E-05 0.0960689
0.0656554 0.0782898 0.793791 9.9991E-05 0.0403124 0.0218511
0.116107 0.11338 0.760224 9.9982E-05 0.0100885 9.9982E-05
0.03542 0.0753893 0.767089 0.10035 0.0160122 0.00573909
0.0257643 0.125722 0.844678 9.9982E-05 9.9982E-05 0.0036364
0.0681752 0.0556504 0.772542 0.0630208 9.9991E-05 0.0405118
0.0377615 0.182018 0.738789 9.9982E-05 0.0412316 9.9982E-05
0.0503964 0.0940161 0.756818 0.000534479 0.0981349 9.9991E-05
0.0836304 0.089867 0.780738 9.9982E-05 0.045565 9.9982E-05
0.0838209 0.138718 0.761997 9.9982E-05 9.9982E-05 0.0152641
0.0614866 0.168458 0.688317 9.9991E-05 0.0230708 0.0585681
0.00390322 0.0570473 0.743393 0.0691278 0.0268758 0.0996527
9.9982E-05 9.9982E-05 0.798636 0.123548 0.0111741 0.0664421
0.0856817 0.0762947 0.730719 9.9991E-05 0.0368441 0.0703602
0.0265437 0.0511566 0.723212 0.0417421 0.0774964 0.0798491
0.0248188 0.0703971 0.79371 0.0441031 0.0668714 9.9991E-05
0.0699559 0.0846176 0.803409 9.9991E-05 0.00752097 0.0343962
9.9982E-05 0.134125 0.0678756 9.9982E-05 0.0506257 0.747174
9.9982E-05 0.183073 0.0539437 9.9982E-05 0.104243 0.658541
0.0196673 0.169462 0.0104238 9.9991E-05 0.0964188 0.703928
0.0633758 0.167619 0.0362665 9.9991E-05 0.0477103 0.684928
0.0725981 0.124591 9.9982E-05 9.9982E-05 0.108572 0.694038
9.9982E-05 0.0864074 9.9982E-05 0.0109997 0.111169 0.791224
9.9982E-05 0.0559166 0.00793293 9.9982E-05 0.0913716 0.844579
0.0465328 0.074441 9.9982E-05 9.9982E-05 0.19266 0.686166
