0.0242008 0.115846 9.99551E-05 9.99551E-05 9.99551E-05 0.0942345 9.99551E-05 9.99551E-05 0.753178 0.0120407
9.99371E-05 9.99371E-05 9.99371E-05 9.99371E-05 9.99371E-05 9.99371E-05 0.100791 9.99371E-05 0.843872 0.0546371
9.9937E-05 0.561776 9.9937E-05 9.9937E-05 9.9937E-05 9.9937E-05 9.9937E-05 9.9937E-05 0.370828 0.0666958
9.99282E-05 9.99282E-05 9.99282E-05 9.99282E-05 9.99282E-05 0.124059 0.875141 9.99282E-05 9.99282E-05 9.99282E-05
0.94344 0.0186478 9.99371E-05 9.99371E-05 9.99371E-05 9.99371E-05 0.0372131 9.99371E-05 9.99371E-05 9.99371E-05
0.0156499 0.0258368 9.99371E-05 9.99371E-05 9.99371E-05 9.99371E-05 9.99371E-05 0.957814 9.99371E-05 9.99371E-05
9.9955E-05 0.188243 0.55162 9.9955E-05 0.16652 0.0197028 0.0734145 9.9955E-05 9.9955E-05 9.9955E-05
9.99551E-05 0.00640125 0.0774505 9.99551E-05 9.99551E-05 9.99551E-05 0.0205027 9.99551E-05 0.870307 0.0248389
9.9946E-05 9.9946E-05 9.9946E-05 0.629751 0.00276394 9.9946E-05 9.9946E-05 0.00517215 9.9946E-05 0.361714
0.350747 9.9928E-05 0.648454 9.9928E-05 9.9928E-05 9.9928E-05 9.9928E-05 9.9928E-05 9.9928E-05 9.9928E-05
9.99201E-05 9.99201E-05 0.999101 9.99201E-05 9.99201E-05 9.99201E-05 9.99201E-05 9.99201E-05 9.99201E-05 9.99201E-05
9.9937E-05 9.9937E-05 9.9937E-05 0.142191 9.9937E-05 9.9937E-05 0.0553376 9.9937E-05 0.801771 9.9937E-05
9.9937E-05 0.00523326 9.9937E-05 0.01027 9.9937E-05 0.983797 9.9937E-05 9.9937E-05 9.9937E-05 9.9937E-05
9.99461E-05 0.450328 0.00610892 9.99461E-05 9.99461E-05 0.411574 0.131389 9.99461E-05 9.99461E-05 9.99461E-05
0.999101 9.99201E-05 9.99201E-05 9.99201E-05 9.99201E-05 9.99201E-05 9.99201E-05 9.99201E-05 9.99201E-05 9.99201E-05
9.99201E-05 9.99201E-05 9.99201E-05 9.99201E-05 0.999101 9.99201E-05 9.99201E-05 9.99201E-05 9.99201E-05 9.99201E-05
9.99371E-05 9.99371E-05 9.99371E-05 9.99371E-05 9.99371E-05 9.99371E-05 0.172874 0.128006 0.698421 9.99371E-05
0.0252852 9.9946E-05 0.204561 9.9946E-05 0.57298 9.9946E-05 9.9946E-05 0.196575 9.9946E-05 9.9946E-05
9.99282E-05 9.99282E-05 9.99282E-05 0.106869 9.99282E-05 9.99282E-05 9.99282E-05 0.892332 9.99282E-05 9.99282E-05
9.99201E-05 9.99201E-05 9.99201E-05 9.99201E-05 9.99201E-05 9.99201E-05 9.99201E-05 9.99201E-05 9.99201E-05 0.999101
9.99551E-05 9.99551E-05 9.99551E-05 9.99551E-05 0.0123674 0.0111813 9.99551E-05 0.00820536 0.0401235 0.927623
0.0304705 9.99551E-05 0.009436 0.728607 0.161138 9.99551E-05 9.99551E-05 9.99551E-05 0.0698484 9.99551E-05
0.0122999 9.99282E-05 9.99282E-05 9.99282E-05 0.986901 9.99282E-05 9.99282E-05 9.99282E-05 9.99282E-05 9.99282E-05
9.99371E-05 9.99371E-05 0.0421853 9.99371E-05 9.99371E-05 9.99371E-05 0.695179 9.99371E-05 9.99371E-05 0.261936
9.99282E-05 0.911318 9.99282E-05 9.99282E-05 9.99282E-05 9.99282E-05 9.99282E-05 0.0878822 9.99282E-05 9.99282E-05
0.88439 9.99371E-05 9.99371E-05 9.99371E-05 0.0867587 9.99371E-05 9.99371E-05 9.99371E-05 9.99371E-05 0.0281517
9.99281E-05 0.0325206 9.99281E-05 9.99281E-05 9.99281E-05 9.99281E-05 0.96668 9.99281E-05 9.99281E-05 9.99281E-05
9.99282E-05 9.99282E-05 9.99282E-05 9.99282E-05 9.99282E-05 0.510952 9.99282E-05 0.488248 9.99282E-05 9.99282E-05
9.99284E-05 9.99284E-05 9.99284E-05 9.99284E-05 0.0774988 9.99284E-05 9.99284E-05 9.99284E-05 0.921702 9.99284E-05
9.993E-05 9.993E-05 9.993E-05 0.622944 9.993E-05 9.993E-05 0.118299 9.993E-05 0.258058 9.993E-05
9.99371E-05 0.765349 0.209987 9.99371E-05 0.0239645 9.99371E-05 9.99371E-05 9.99371E-05 9.99371E-05 9.99371E-05
9.99201E-05 0.999101 9.99201E-05 9.99201E-05 9.99201E-05 9.99201E-05 9.99201E-05 9.99201E-05 9.99201E-05 9.99201E-05
9.99459E-05 0.0486428 0.629763 9.99459E-05 9.99459E-05 0.30933 0.0116651 9.99459E-05 9.99459E-05 9.99459E-05
9.99282E-05 9.99282E-05 9.99282E-05 9.99282E-05 0.0849925 9.99282E-05 9.99282E-05 0.914208 9.99282E-05 9.99282E-05
9.9946E-05 9.9946E-05 9.9946E-05 0.010489 9.9946E-05 9.9946E-05 0.906542 0.056496 0.025873 9.9946E-05
9.99371E-05 9.99371E-05 9.99371E-05 0.00644457 0.662697 9.99371E-05 9.99371E-05 9.99371E-05 9.99371E-05 0.330159
9.99371E-05 9.99371E-05 9.99371E-05 0.591322 9.99371E-05 9.99371E-05 9.99371E-05 0.318897 9.99371E-05 0.0890818
9.9964E-05 9.9964E-05 0.00419835 0.0560711 0.119134 0.00450106 9.9964E-05 0.813557 9.9964E-05 0.00213892
9.99372E-05 9.99372E-05 0.741697 9.99372E-05 9.99372E-05 9.99372E-05 9.99372E-05 0.14909 0.108513 9.99372E-05
9.99281E-05 9.99281E-05 9.99281E-05 0.873018 9.99281E-05 9.99281E-05 0.126183 9.99281E-05 9.99281E-05 9.99281E-05
9.99281E-05 9.99281E-05 9.99281E-05 9.99281E-05 9.99281E-05 9.99281E-05 9.99281E-05 0.821646 0.177555 9.99281E-05
9.99281E-05 9.99281E-05 9.99281E-05 9.99281E-05 9.99281E-05 9.99281E-05 9.99281E-05 0.159283 0.839918 9.99281E-05
0.217836 9.99282E-05 9.99282E-05 9.99282E-05 9.99282E-05 9.99282E-05 9.99282E-05 9.99282E-05 9.99282E-05 0.781364
9.99201E-05 0.999101 9.99201E-05 9.99201E-05 9.99201E-05 9.99201E-05 9.99201E-05 9.99201E-05 9.99201E-05 9.99201E-05
0.0887115 9.9928E-05 9.9928E-05 9.9928E-05 9.9928E-05 0.910489 9.9928E-05 9.9928E-05 9.9928E-05 9.9928E-05
9.99372E-05 9.99372E-05 9.99372E-05 9.99372E-05 0.0366933 9.99372E-05 0.193964 9.99372E-05 0.768643 9.99372E-05
9.99371E-05 9.99371E-05 9.99371E-05 9.99371E-05 0.0228158 9.99371E-05 9.99371E-05 0.101264 9.99371E-05 0.875221
9.99201E-05 9.99201E-05 9.99201E-05 0.999101 9.99201E-05 9.99201E-05 9.99201E-05 9.99201E-05 9.99201E-05 9.99201E-05
0.636666 9.99462E-05 9.99462E-05 9.99462E-05 9.99462E-05 9.99462E-05 0.0370596 9.99462E-05 0.0484435 0.277231
9.99371E-05 9.99371E-05 0.0622369 9.99371E-05 9.99371E-05 9.99371E-05 9.99371E-05 0.0667308 9.99371E-05 0.870333
