0.0176788 0.172263 0.101673 9.9991E-05 0.708286
9.9973E-05 9.9973E-05 0.114317 9.9973E-05 0.885383
9.9982E-05 0.617283 0.0138366 9.9982E-05 0.36868
9.9982E-05 0.177553 9.9982E-05 0.323726 0.498521
0.984813 9.9973E-05 9.9973E-05 9.9973E-05 0.0148866
9.9973E-05 0.111371 9.9973E-05 0.888329 9.9973E-05
0.373731 0.546734 0.029956 0.0494788 9.9991E-05
9.99821E-05 0.0293324 0.00193603 9.99821E-05 0.968532
9.99731E-05 9.99731E-05 0.449664 0.550036 9.99731E-05
0.9996 9.997E-05 9.997E-05 9.997E-05 9.997E-05
0.685523 0.314177 9.99731E-05 9.99731E-05 9.99731E-05
9.9973E-05 9.9973E-05 9.9973E-05 0.0386332 0.961067
0.407663 0.221705 0.271232 0.0420574 0.0573419
0.118319 0.810664 9.9991E-05 0.0696339 0.00128383
0.929555 9.9982E-05 0.065451 0.0047938 9.9982E-05
9.99821E-05 0.114034 0.848721 0.0370445 9.99821E-05
0.0295147 0.0329491 9.9991E-05 0.169025 0.768412
0.453146 0.00358324 0.285373 0.257798 9.9991E-05
9.997E-05 9.997E-05 9.997E-05 0.9996 9.997E-05
9.997E-05 9.997E-05 0.9996 9.997E-05 9.997E-05
0.0182732 9.99821E-05 0.887461 0.0940661 9.99821E-05
0.0223538 9.9991E-05 0.454373 0.456055 0.0671183
0.180006 0.0309206 0.788873 9.9982E-05 9.9982E-05
0.0570777 0.176325 0.180503 0.140423 0.445671
9.9973E-05 0.959805 9.9973E-05 0.0398955 9.9973E-05
0.665837 9.9973E-05 0.333863 9.9973E-05 9.9973E-05
9.99821E-05 0.397467 9.99821E-05 0.0185222 0.583811
0.284165 0.0119593 9.99821E-05 0.703676 9.99821E-05
9.99731E-05 9.99731E-05 0.0591789 9.99731E-05 0.940521
9.99731E-05 9.99731E-05 9.99731E-05 0.70919 0.290511
0.020941 0.978759 9.99731E-05 9.99731E-05 9.99731E-05
0.0317935 0.967907 9.9973E-05 9.9973E-05 9.9973E-05
0.710087 0.289613 9.9973E-05 9.9973E-05 9.9973E-05
9.9973E-05 0.0346423 9.9973E-05 0.965058 9.9973E-05
9.9982E-05 0.0439854 9.9982E-05 0.130911 0.824904
9.9982E-05 0.000108081 0.914414 0.0852781 9.9982E-05
9.9973E-05 9.9973E-05 0.144245 0.855455 9.9973E-05
9.9982E-05 0.0164987 0.0788103 0.904491 9.9982E-05
0.490026 0.28973 9.9991E-05 0.0628366 0.157307
0.0830641 9.99821E-05 9.99821E-05 0.844338 0.0723982
9.9973E-05 9.9973E-05 9.9973E-05 0.791773 0.207927
9.9973E-05 9.9973E-05 9.9973E-05 0.188463 0.811237
0.045391 9.99731E-05 0.954309 9.99731E-05 9.99731E-05
9.997E-05 0.9996 9.997E-05 9.997E-05 9.997E-05
0.609202 9.99731E-05 0.390498 9.99731E-05 9.99731E-05
9.997E-05 9.997E-05 9.997E-05 9.997E-05 0.9996
9.9973E-05 9.9973E-05 0.82804 0.17166 9.9973E-05
9.99731E-05 9.99731E-05 0.1329 0.8668 9.99731E-05
0.40707 9.99821E-05 0.498049 9.99821E-05 0.094681
0.0530078 9.9982E-05 0.725166 0.221626 9.9982E-05
