9.9838E-05 9.9838E-05 9.9838E-05 9.9838E-05 9.9838E-05 9.9838E-05 9.9838E-05 9.9838E-05 0.998203 9.9838E-05 9.9838E-05 9.9838E-05 9.9838E-05 9.9838E-05 9.9838E-05 9.9838E-05 9.9838E-05 9.9838E-05 9.9838E-05
9.9892E-05 0.702963 9.9892E-05 9.9892E-05 0.0347159 9.9892E-05 9.9892E-05 9.9892E-05 9.9892E-05 9.9892E-05 9.9892E-05 9.9892E-05 9.9892E-05 0.0495062 0.0633578 0.00789502 0.0222272 9.9892E-05 0.118136
9.9901E-05 0.718715 9.9901E-05 9.9901E-05 9.9901E-05 9.9901E-05 0.0116385 9.9901E-05 0.0410137 9.9901E-05 9.9901E-05 0.0587065 0.0211597 0.0588094 9.9901E-05 0.0359247 9.9901E-05 9.9901E-05 0.0529339
9.9892E-05 0.746942 9.9892E-05 9.9892E-05 9.9892E-05 9.9892E-05 0.032152 9.9892E-05 0.0157879 9.9892E-05 0.0256015 0.0964701 9.9892E-05 9.9892E-05 0.0588178 0.0230297 9.9892E-05 9.9892E-05 9.9892E-05
9.991E-05 0.75181 9.991E-05 9.991E-05 9.991E-05 0.0281415 0.0524012 9.991E-05 0.0138495 9.991E-05 0.0214411 9.991E-05 9.991E-05 9.991E-05 9.991E-05 0.000859103 0.0206345 0.109757 0.000106903
9.9901E-05 0.838708 0.00767215 9.9901E-05 0.0311492 0.0174691 9.9901E-05 0.00170415 0.00169858 0.00973157 9.9901E-05 9.9901E-05 9.9901E-05 0.0907679 9.9901E-05 9.9901E-05 9.9901E-05 9.9901E-05 9.9901E-05
9.9838E-05 9.9838E-05 9.9838E-05 9.9838E-05 9.9838E-05 9.9838E-05 9.9838E-05 9.9838E-05 0.998203 9.9838E-05 9.9838E-05 9.9838E-05 9.9838E-05 9.9838E-05 9.9838E-05 9.9838E-05 9.9838E-05 9.9838E-05 9.9838E-05
9.99101E-05 0.712131 0.00744511 9.99101E-05 0.0181261 9.99101E-05 0.0771223 0.0132514 0.0489921 0.0730811 0.0258097 9.99101E-05 9.99101E-05 9.99101E-05 9.99101E-05 9.99101E-05 9.99101E-05 0.023042 9.99101E-05
9.9901E-05 0.725536 9.9901E-05 9.9901E-05 9.9901E-05 0.0163521 9.9901E-05 9.9901E-05 0.0531233 0.0433726 0.0612618 9.9901E-05 0.0102007 0.0584858 0.0305685 9.9901E-05 9.9901E-05 9.9901E-05 9.9901E-05
9.9901E-05 0.782588 9.9901E-05 9.9901E-05 0.00843704 0.0656243 0.00422209 0.0313912 0.00101525 0.0394502 9.9901E-05 9.9901E-05 9.9901E-05 9.9901E-05 9.9901E-05 9.9901E-05 9.9901E-05 0.0661733 9.9901E-05
0.00845863 0.717184 9.9892E-05 9.9892E-05 9.9892E-05 9.9892E-05 0.150603 9.9892E-05 9.9892E-05 9.9892E-05 9.9892E-05 9.9892E-05 0.0222626 9.9892E-05 0.0469031 0.0164286 9.9892E-05 9.9892E-05 0.0369611
9.99009E-05 0.645031 0.00407397 9.99009E-05 9.99009E-05 9.99009E-05 0.0769612 9.99009E-05 0.0538971 9.99009E-05 9.99009E-05 0.0652958 9.99009E-05 0.069753 9.99009E-05 0.010329 9.99009E-05 9.99009E-05 0.0735596
9.98921E-05 0.717654 9.98921E-05 9.98921E-05 0.0567048 0.0546483 9.98921E-05 9.98921E-05 0.0310004 9.98921E-05 0.0779334 9.98921E-05 9.98921E-05 0.0303606 9.98921E-05 9.98921E-05 9.98921E-05 0.0304998 9.98921E-05
9.991E-05 0.662332 9.991E-05 9.991E-05 0.0278636 0.0982858 0.0141473 9.991E-05 9.991E-05 0.026112 9.991E-05 9.991E-05 0.0088715 9.991E-05 0.0596594 9.991E-05 9.991E-05 0.0161711 0.0855582
0.0554935 0.746708 9.9901E-05 0.0459278 9.9901E-05 9.9901E-05 9.9901E-05 9.9901E-05 0.0209648 0.0455817 0.012883 0.0590931 9.9901E-05 9.9901E-05 9.9901E-05 0.0122494 9.9901E-05 9.9901E-05 9.9901E-05
0.0310631 0.857828 9.98921E-05 0.00757619 0.00909015 9.98921E-05 9.98921E-05 0.00270364 9.98921E-05 9.98921E-05 9.98921E-05 9.98921E-05 0.0124388 9.98921E-05 0.0781016 9.98921E-05 9.98921E-05 9.98921E-05 9.98921E-05
9.98921E-05 0.886127 0.00479571 0.0359481 9.98921E-05 9.98921E-05 9.98921E-05 0.00965532 0.0346225 9.98921E-05 9.98921E-05 0.0254826 9.98921E-05 9.98921E-05 9.98921E-05 9.98921E-05 0.00217011 9.98921E-05 9.98921E-05
9.98561E-05 0.883907 9.98561E-05 0.0870281 9.98561E-05 9.98561E-05 9.98561E-05 9.98561E-05 0.0274673 9.98561E-05 9.98561E-05 9.98561E-05 9.98561E-05 9.98561E-05 9.98561E-05 9.98561E-05 9.98561E-05 9.98561E-05 9.98561E-05
9.98741E-05 0.820303 9.98741E-05 0.110017 0.00360666 9.98741E-05 9.98741E-05 9.98741E-05 0.053562 9.98741E-05 9.98741E-05 9.98741E-05 9.98741E-05 9.98741E-05 9.98741E-05 9.98741E-05 0.0111124 9.98741E-05 9.98741E-05
9.9865E-05 0.882545 9.9865E-05 0.048672 9.9865E-05 9.9865E-05 9.9865E-05 0.0114195 9.9865E-05 9.9865E-05 9.9865E-05 0.0558658 9.9865E-05 9.9865E-05 9.9865E-05 9.9865E-05 9.9865E-05 9.9865E-05 9.9865E-05
9.9838E-05 9.9838E-05 9.9838E-05 9.9838E-05 9.9838E-05 9.9838E-05 9.9838E-05 9.9838E-05 9.9838E-05 9.9838E-05 9.9838E-05 9.9838E-05 0.998203 9.9838E-05 9.9838E-05 9.9838E-05 9.9838E-05 9.9838E-05 9.9838E-05
9.9883E-05 9.9883E-05 9.9883E-05 9.9883E-05 9.9883E-05 0.813502 0.0829641 9.9883E-05 0.00613199 0.00768892 9.9883E-05 9.9883E-05 0.0043518 9.9883E-05 9.9883E-05 9.9883E-05 9.9883E-05 9.9883E-05 0.0840632
9.9892E-05 0.013612 9.9892E-05 9.9892E-05 0.00188454 0.830318 9.9892E-05 0.0293503 9.9892E-05 9.9892E-05 9.9892E-05 9.9892E-05 9.9892E-05 9.9892E-05 0.056632 9.9892E-05 0.0569231 0.0100814 9.9892E-05
9.9874E-05 9.9874E-05 0.0220821 9.9874E-05 9.9874E-05 0.945019 0.0217834 0.00792038 9.9874E-05 9.9874E-05 9.9874E-05 9.9874E-05 9.9874E-05 9.9874E-05 9.9874E-05 9.9874E-05 9.9874E-05 0.00179672 9.9874E-05
9.98471E-05 9.98471E-05 9.98471E-05 9.98471E-05 9.98471E-05 0.952831 9.98471E-05 9.98471E-05 9.98471E-05 9.98471E-05 9.98471E-05 0.0454712 9.98471E-05 9.98471E-05 9.98471E-05 9.98471E-05 9.98471E-05 9.98471E-05 9.98471E-05
9.9856E-05 9.9856E-05 0.015504 9.9856E-05 9.9856E-05 0.980061 9.9856E-05 9.9856E-05 0.00283712 9.9856E-05 9.9856E-05 9.9856E-05 9.9856E-05 9.9856E-05 9.9856E-05 9.9856E-05 9.9856E-05 9.9856E-05 9.9856E-05
0.00510869 9.9892E-05 9.9892E-05 9.9892E-05 9.9892E-05 0.887558 9.9892E-05 9.9892E-05 0.00834582 9.9892E-05 0.0185989 9.9892E-05 9.9892E-05 0.0521186 9.9892E-05 0.000909746 0.0261613 9.9892E-05 9.9892E-05
9.9847E-05 9.9847E-05 9.9847E-05 9.9847E-05 9.9847E-05 9.9847E-05 9.9847E-05 9.9847E-05 9.9847E-05 9.9847E-05 9.9847E-05 0.00755313 0.990749 9.9847E-05 9.9847E-05 9.9847E-05 9.9847E-05 9.9847E-05 9.9847E-05
9.9883E-05 9.9883E-05 9.9883E-05 9.9883E-05 9.9883E-05 0.104301 9.9883E-05 0.010854 9.9883E-05 9.9883E-05 0.0374681 0.82874 0.0104591 9.9883E-05 0.00687912 9.9883E-05 9.9883E-05 9.9883E-05 9.9883E-05
9.9874E-05 9.9874E-05 9.9874E-05 9.9874E-05 0.0225527 0.0113196 0.0832715 9.9874E-05 9.9874E-05 9.9874E-05 9.9874E-05 0.8507 9.9874E-05 9.9874E-05 9.9874E-05 9.9874E-05 0.0307584 9.9874E-05 9.9874E-05
9.9838E-05 9.9838E-05 9.9838E-05 9.9838E-05 9.9838E-05 9.9838E-05 9.9838E-05 9.9838E-05 9.9838E-05 9.9838E-05 9.9838E-05 0.998203 9.9838E-05 9.9838E-05 9.9838E-05 9.9838E-05 9.9838E-05 9.9838E-05 9.9838E-05
9.9901E-05 9.9901E-05 0.0230038 0.0937888 9.9901E-05 0.778013 9.9901E-05 9.9901E-05 0.000952232 9.9901E-05 9.9901E-05 0.0597368 0.00808375 9.9901E-05 0.00239472 9.9901E-05 0.0329279 9.9901E-05 9.9901E-05
9.9946E-05 0.00834906 9.9946E-05 0.0321845 0.0172461 0.430979 9.9946E-05 0.00516171 0.00947962 0.0697289 0.0729722 0.269287 0.0550149 9.9946E-05 0.0181831 0.00837919 9.9946E-05 0.0024341 9.9946E-05
9.9847E-05 9.9847E-05 9.9847E-05 9.9847E-05 0.0193898 9.9847E-05 9.9847E-05 9.9847E-05 9.9847E-05 9.9847E-05 9.9847E-05 0.978913 9.9847E-05 9.9847E-05 9.9847E-05 9.9847E-05 9.9847E-05 9.9847E-05 9.9847E-05
9.991E-05 9.991E-05 9.991E-05 0.0173391 0.0152928 9.991E-05 9.991E-05 0.00801966 0.0127497 9.991E-05 0.0140365 0.869207 9.991E-05 0.00672744 9.991E-05 0.0033259 9.991E-05 9.991E-05 0.052303
9.99009E-05 0.0230597 0.000280591 9.99009E-05 9.99009E-05 0.170455 9.99009E-05 9.99009E-05 9.99009E-05 9.99009E-05 9.99009E-05 0.304854 0.00846329 9.99009E-05 0.119204 0.033748 9.99009E-05 9.99009E-05 0.338836
0.0307548 9.9901E-05 9.9901E-05 0.0252108 9.9901E-05 0.0852182 9.9901E-05 0.00401633 9.9901E-05 9.9901E-05 9.9901E-05 0.758742 9.9901E-05 9.9901E-05 9.9901E-05 0.00873551 0.037946 0.0482773 9.9901E-05
9.991E-05 9.991E-05 9.991E-05 0.176786 9.991E-05 0.0228908 0.0217996 9.991E-05 9.991E-05 0.0694338 9.991E-05 0.0269918 0.00337574 0.209005 9.991E-05 9.991E-05 0.139023 0.329695 9.991E-05
9.99099E-05 9.99099E-05 0.00593909 0.0213583 0.00359373 9.99099E-05 9.99099E-05 9.99099E-05 0.0145629 9.99099E-05 0.0202691 9.99099E-05 9.99099E-05 0.0125772 9.99099E-05 9.99099E-05 0.00395161 0.814847 0.101902
9.9838E-05 9.9838E-05 9.9838E-05 9.9838E-05 9.9838E-05 9.9838E-05 9.9838E-05 9.9838E-05 9.9838E-05 9.9838E-05 9.9838E-05 9.9838E-05 9.9838E-05 0.998203 9.9838E-05 9.9838E-05 9.9838E-05 9.9838E-05 9.9838E-05
9.9856E-05 9.9856E-05 9.9856E-05 0.0200556 9.9856E-05 9.9856E-05 9.9856E-05 9.9856E-05 0.0140819 9.9856E-05 9.9856E-05 9.9856E-05 9.9856E-05 0.964265 9.9856E-05 9.9856E-05 9.9856E-05 9.9856E-05 9.9856E-05
9.9928E-05 9.9928E-05 9.9928E-05 0.711083 0.0132002 9.9928E-05 0.0567944 0.00274219 0.0131938 9.9928E-05 9.9928E-05 9.9928E-05 0.017562 9.9928E-05 0.0369304 0.0373036 0.0334428 0.0635198 0.0134284
9.98561E-05 9.98561E-05 9.98561E-05 9.98561E-05 9.98561E-05 9.98561E-05 9.98561E-05 0.000846024 9.98561E-05 9.98561E-05 9.98561E-05 9.98561E-05 9.98561E-05 9.98561E-05 9.98561E-05 0.0059936 9.98561E-05 0.991563 9.98561E-05
9.99189E-05 9.99189E-05 0.0159863 9.99189E-05 0.0176138 9.99189E-05 0.261844 9.99189E-05 0.0425069 0.10271 9.99189E-05 9.99189E-05 0.00307898 0.104704 9.99189E-05 0.0243044 0.0367926 0.38956 9.99189E-05
9.9892E-05 9.9892E-05 0.00526057 9.9892E-05 0.00831182 9.9892E-05 9.9892E-05 0.00636412 9.9892E-05 9.9892E-05 9.9892E-05 0.0163715 9.9892E-05 0.00519008 9.9892E-05 9.9892E-05 0.0441285 0.913175 9.9892E-05
9.9892E-05 0.026136 9.9892E-05 0.00293643 9.9892E-05 9.9892E-05 0.117121 9.9892E-05 9.9892E-05 9.9892E-05 9.9892E-05 0.0616981 9.9892E-05 9.9892E-05 0.00257192 9.9892E-05 0.0579054 0.730433 9.9892E-05
0.0253967 9.98741E-05 0.00602184 0.947649 9.98741E-05 0.0125709 9.98741E-05 0.00696317 9.98741E-05 9.98741E-05 9.98741E-05 9.98741E-05 9.98741E-05 9.98741E-05 9.98741E-05 9.98741E-05 9.98741E-05 9.98741E-05 9.98741E-05
9.9865E-05 9.9865E-05 9.9865E-05 0.91753 9.9865E-05 9.9865E-05 0.00211739 9.9865E-05 0.00834747 0.0705075 9.9865E-05 9.9865E-05 9.9865E-05 9.9865E-05 9.9865E-05 9.9865E-05 9.9865E-05 9.9865E-05 9.9865E-05
9.9892E-05 9.9892E-05 0.000655067 0.766249 0.00685612 9.9892E-05 9.9892E-05 9.9892E-05 0.0108486 9.9892E-05 9.9892E-05 9.9892E-05 0.0284708 9.9892E-05 9.9892E-05 0.00203666 9.9892E-05 0.183685 9.9892E-05
9.9847E-05 9.9847E-05 9.9847E-05 9.9847E-05 9.9847E-05 9.9847E-05 9.9847E-05 0.00101341 9.9847E-05 9.9847E-05 9.9847E-05 9.9847E-05 9.9847E-05 0.997289 9.9847E-05 9.9847E-05 9.9847E-05 9.9847E-05 9.9847E-05
9.98561E-05 9.98561E-05 0.0174867 9.98561E-05 9.98561E-05 9.98561E-05 9.98561E-05 9.98561E-05 0.0232172 9.98561E-05 9.98561E-05 9.98561E-05 9.98561E-05 9.98561E-05 9.98561E-05 9.98561E-05 9.98561E-05 0.957698 9.98561E-05
9.98471E-05 9.98471E-05 9.98471E-05 0.979633 9.98471E-05 9.98471E-05 9.98471E-05 9.98471E-05 9.98471E-05 9.98471E-05 9.98471E-05 9.98471E-05 9.98471E-05 9.98471E-05 0.01867 9.98471E-05 9.98471E-05 9.98471E-05 9.98471E-05
9.98829E-05 9.98829E-05 9.98829E-05 0.861661 0.0163579 9.98829E-05 9.98829E-05 0.0403261 9.98829E-05 0.0157784 0.000599806 9.98829E-05 9.98829E-05 0.0639786 9.98829E-05 9.98829E-05 9.98829E-05 9.98829E-05 9.98829E-05
9.99009E-05 0.0546451 0.0163007 0.632904 9.99009E-05 9.99009E-05 0.00661716 9.99009E-05 0.014586 9.99009E-05 9.99009E-05 0.0146365 9.99009E-05 9.99009E-05 9.99009E-05 9.99009E-05 9.99009E-05 0.214376 0.0448358
0.0542745 0.00837139 0.0113963 9.99099E-05 0.00424737 9.99099E-05 0.0512568 0.018145 9.99099E-05 9.99099E-05 9.99099E-05 9.99099E-05 0.000930344 0.362426 9.99099E-05 9.99099E-05 9.99099E-05 0.487953 9.99099E-05
9.991E-05 0.00111821 0.0120595 9.991E-05 9.991E-05 9.991E-05 0.0550035 9.991E-05 9.991E-05 0.0649067 9.991E-05 0.0194346 9.991E-05 9.991E-05 9.991E-05 0.00667091 0.0331704 0.80446 0.00217672
9.98651E-05 0.0200508 9.98651E-05 9.98651E-05 9.98651E-05 9.98651E-05 9.98651E-05 0.0209585 9.98651E-05 9.98651E-05 9.98651E-05 9.98651E-05 0.00500283 9.98651E-05 9.98651E-05 9.98651E-05 9.98651E-05 0.95249 9.98651E-05
0.25988 0.0176799 0.0153881 9.9928E-05 0.00065211 0.0491686 9.9928E-05 9.9928E-05 9.9928E-05 9.9928E-05 0.0319695 9.9928E-05 9.9928E-05 0.000464532 0.0149595 9.9928E-05 0.0356039 0.265687 0.307747
9.98379E-05 9.98379E-05 9.98379E-05 9.98379E-05 9.98379E-05 9.98379E-05 9.98379E-05 9.98379E-05 9.98379E-05 9.98379E-05 9.98379E-05 9.98379E-05 9.98379E-05 9.98379E-05 9.98379E-05 0.998203 9.98379E-05 9.98379E-05 9.98379E-05
0.297072 9.9937E-05 9.9937E-05 9.9937E-05 0.0183338 0.0237633 0.0199381 0.0317648 0.0223985 0.00365937 0.0543631 9.9937E-05 0.00718813 9.9937E-05 9.9937E-05 9.9937E-05 0.00760261 0.140765 0.372452
0.224598 9.991E-05 9.991E-05 0.117634 0.0208634 9.991E-05 0.0165713 0.0138586 9.991E-05 9.991E-05 0.131538 9.991E-05 0.000184606 9.991E-05 9.991E-05 9.991E-05 0.000509762 9.991E-05 0.473244
0.588267 9.9919E-05 9.9919E-05 9.9919E-05 0.00362216 9.9919E-05 0.0748322 9.9919E-05 9.9919E-05 9.9919E-05 0.0656041 0.0235653 9.9919E-05 0.0156808 0.00123402 0.0275795 0.0528492 9.9919E-05 0.145866
0.742282 0.00900913 0.00549635 0.153339 9.99099E-05 9.99099E-05 0.0105145 9.99099E-05 9.99099E-05 0.028004 9.99099E-05 0.0413066 0.00272546 9.99099E-05 9.99099E-05 9.99099E-05 9.99099E-05 9.99099E-05 0.0063234
9.9838E-05 9.9838E-05 9.9838E-05 9.9838E-05 0.998203 9.9838E-05 9.9838E-05 9.9838E-05 9.9838E-05 9.9838E-05 9.9838E-05 9.9838E-05 9.9838E-05 9.9838E-05 9.9838E-05 9.9838E-05 9.9838E-05 9.9838E-05 9.9838E-05
9.98379E-05 9.98379E-05 9.98379E-05 9.98379E-05 9.98379E-05 9.98379E-05 9.98379E-05 9.98379E-05 9.98379E-05 9.98379E-05 9.98379E-05 9.98379E-05 9.98379E-05 9.98379E-05 9.98379E-05 0.998203 9.98379E-05 9.98379E-05 9.98379E-05
0.22479 0.0259803 0.0137563 9.9928E-05 0.031091 9.9928E-05 0.0415046 0.00259246 0.0400405 0.059958 0.0732558 9.9928E-05 9.9928E-05 9.9928E-05 9.9928E-05 9.9928E-05 9.9928E-05 0.0410424 0.445189
0.598494 0.0138491 0.0187873 0.0245632 0.0159822 9.9928E-05 9.9928E-05 0.00909957 0.0178679 0.059471 9.9928E-05 0.108154 0.0319231 9.9928E-05 9.9928E-05 9.9928E-05 0.101009 9.9928E-05 9.9928E-05
0.598088 0.0133006 0.0214153 9.9937E-05 0.0124249 9.9937E-05 0.111719 0.0315414 0.00393833 0.0188446 0.0387081 0.0091362 9.9937E-05 9.9937E-05 9.9937E-05 0.0425942 0.0975897 9.9937E-05 9.9937E-05
0.697527 9.9919E-05 0.00637086 9.9919E-05 0.0169763 0.0382403 9.9919E-05 0.0239813 9.9919E-05 9.9919E-05 9.9919E-05 9.9919E-05 0.0398207 0.0784731 9.9919E-05 0.0315226 0.0589389 9.9919E-05 0.00725002
0.564739 0.0526672 0.0152534 9.9946E-05 0.00367909 0.0146266 0.0129751 0.0380822 0.00203069 9.9946E-05 9.9946E-05 0.0449123 0.00323832 9.9946E-05 0.050711 0.119294 0.0771912 9.9946E-05 9.9946E-05
0.734339 9.9901E-05 0.0164136 9.9901E-05 0.00790326 0.0330538 9.9901E-05 9.9901E-05 0.0316127 9.9901E-05 9.9901E-05 9.9901E-05 9.9901E-05 0.0851371 9.9901E-05 0.0366639 0.0537777 9.9901E-05 9.9901E-05
0.824852 9.9937E-05 0.00526435 9.9937E-05 0.0101317 9.9937E-05 9.9937E-05 0.000837652 0.042304 9.9937E-05 0.0150971 0.0243106 0.00226377 0.00277412 0.0113031 0.00157179 9.9937E-05 0.0585901 9.9937E-05
0.468496 9.9928E-05 0.00010599 0.0629463 0.000269361 0.0171421 9.9928E-05 0.0113598 0.0126098 9.9928E-05 9.9928E-05 0.07194 9.9928E-05 9.9928E-05 9.9928E-05 0.0946249 0.0502991 9.9928E-05 0.209407
9.9892E-05 9.9892E-05 0.023335 0.0036686 9.9892E-05 9.9892E-05 9.9892E-05 9.9892E-05 9.9892E-05 9.9892E-05 0.293395 0.0884762 9.9892E-05 0.119819 9.9892E-05 0.0277248 9.9892E-05 9.9892E-05 0.442383
0.20996 9.991E-05 0.0355459 9.991E-05 0.00855239 9.991E-05 9.991E-05 9.991E-05 0.0169624 9.991E-05 0.214486 9.991E-05 0.0408035 0.152643 9.991E-05 9.991E-05 0.122817 0.197231 9.991E-05
0.436438 0.0621017 0.00186048 0.0694816 9.9928E-05 9.9928E-05 9.9928E-05 0.0149453 9.9928E-05 9.9928E-05 9.9928E-05 0.117726 9.9928E-05 0.096645 9.9928E-05 0.023104 0.0718682 0.101901 0.0031285
0.177671 0.0688409 0.00377447 0.631029 9.9883E-05 9.9883E-05 9.9883E-05 9.9883E-05 9.9883E-05 9.9883E-05 9.9883E-05 9.9883E-05 9.9883E-05 9.9883E-05 9.9883E-05 0.0182063 9.9883E-05 9.9883E-05 0.0991795
9.9838E-05 9.9838E-05 9.9838E-05 9.9838E-05 0.998203 9.9838E-05 9.9838E-05 9.9838E-05 9.9838E-05 9.9838E-05 9.9838E-05 9.9838E-05 9.9838E-05 9.9838E-05 9.9838E-05 9.9838E-05 9.9838E-05 9.9838E-05 9.9838E-05
0.281509 0.0436379 0.026819 0.226008 0.0116303 0.0851205 9.9937E-05 0.0670683 9.9937E-05 9.9937E-05 0.063812 9.9937E-05 0.0235539 9.9937E-05 0.0254287 0.0477666 9.9937E-05 9.9937E-05 0.0969458
0.418376 9.9919E-05 0.0365689 0.131909 0.0659934 9.9919E-05 9.9919E-05 0.00687216 9.9919E-05 9.9919E-05 9.9919E-05 0.0175068 9.9919E-05 9.9919E-05 9.9919E-05 0.042645 0.0685506 0.0245463 0.186132
9.98379E-05 9.98379E-05 9.98379E-05 9.98379E-05 9.98379E-05 9.98379E-05 9.98379E-05 9.98379E-05 9.98379E-05 9.98379E-05 9.98379E-05 9.98379E-05 9.98379E-05 9.98379E-05 9.98379E-05 9.98379E-05 0.998203 9.98379E-05 9.98379E-05
0.411316 9.9946E-05 0.0165544 0.042202 0.029581 9.9946E-05 9.9946E-05 0.0263114 0.0215259 0.0280781 9.9946E-05 0.0431705 0.00909197 0.0488146 9.9946E-05 0.0185366 0.0648757 9.9946E-05 0.239342
0.584033 0.0888883 9.9892E-05 9.9892E-05 0.0250352 9.9892E-05 9.9892E-05 0.0239267 9.9892E-05 9.9892E-05 9.9892E-05 9.9892E-05 9.9892E-05 9.9892E-05 9.9892E-05 9.9892E-05 0.0492656 0.171687 0.0559652
0.118613 0.0101687 0.0131986 9.9919E-05 9.9919E-05 0.0569217 9.9919E-05 0.032587 9.9919E-05 9.9919E-05 9.9919E-05 9.9919E-05 0.00291462 9.9919E-05 0.149726 0.00722989 9.9919E-05 0.377157 0.230584
9.9883E-05 9.9883E-05 0.0110046 9.9883E-05 0.0248762 9.9883E-05 9.9883E-05 9.9883E-05 9.9883E-05 0.564054 9.9883E-05 9.9883E-05 9.9883E-05 0.138625 9.9883E-05 9.9883E-05 9.9883E-05 0.144795 0.115347
0.148205 9.9919E-05 9.9919E-05 0.143148 9.9919E-05 9.9919E-05 9.9919E-05 9.9919E-05 0.00662607 0.113649 0.109046 0.0878806 9.9919E-05 0.0504694 9.9919E-05 0.0822837 0.0759615 9.9919E-05 0.181832
9.9847E-05 9.9847E-05 9.9847E-05 9.9847E-05 0.0118186 9.9847E-05 9.9847E-05 9.9847E-05 9.9847E-05 9.9847E-05 9.9847E-05 9.9847E-05 9.9847E-05 9.9847E-05 9.9847E-05 9.9847E-05 0.986484 9.9847E-05 9.9847E-05
9.9838E-05 9.9838E-05 9.9838E-05 9.9838E-05 9.9838E-05 9.9838E-05 9.9838E-05 9.9838E-05 9.9838E-05 9.9838E-05 9.9838E-05 9.9838E-05 9.9838E-05 9.9838E-05 9.9838E-05 9.9838E-05 0.998203 9.9838E-05 9.9838E-05
0.557361 0.00787895 9.9937E-05 0.00677463 9.9937E-05 9.9937E-05 0.0236085 0.045351 9.9937E-05 9.9937E-05 0.0404872 0.0268311 9.9937E-05 0.0652829 0.0667127 0.0421027 0.0951811 9.9937E-05 0.0217284
9.98469E-05 9.98469E-05 9.98469E-05 9.98469E-05 9.98469E-05 9.98469E-05 9.98469E-05 0.114402 9.98469E-05 9.98469E-05 9.98469E-05 9.98469E-05 9.98469E-05 9.98469E-05 9.98469E-05 9.98469E-05 9.98469E-05 9.98469E-05 0.883901
0.33414 0.00401804 0.0230836 0.050699 0.101743 0.0302313 9.9919E-05 9.9919E-05 9.9919E-05 9.9919E-05 0.0292588 9.9919E-05 0.00752517 9.9919E-05 9.9919E-05 9.9919E-05 9.9919E-05 0.196043 0.222359
0.769993 9.98921E-05 0.00215887 9.98921E-05 0.0197368 9.98921E-05 0.147507 9.98921E-05 0.0176353 0.0110987 9.98921E-05 9.98921E-05 9.98921E-05 9.98921E-05 9.98921E-05 9.98921E-05 0.0306713 9.98921E-05 9.98921E-05
0.000805712 9.99011E-05 9.99011E-05 0.0200003 9.99011E-05 9.99011E-05 9.99011E-05 9.99011E-05 0.0468654 9.99011E-05 9.99011E-05 9.99011E-05 0.0214187 0.00316538 0.125702 0.017202 9.99011E-05 9.99011E-05 0.763741
9.9919E-05 0.0157776 0.0260691 9.9919E-05 0.0260817 0.0850708 0.0388996 9.9919E-05 0.00419048 9.9919E-05 0.0444979 9.9919E-05 9.9919E-05 0.0850385 9.9919E-05 9.9919E-05 0.0430159 9.9919E-05 0.630459
0.172868 9.9919E-05 0.0196081 9.9919E-05 0.0105696 0.0331416 0.0275254 9.9919E-05 0.0301109 9.9919E-05 0.0229847 9.9919E-05 9.9919E-05 0.0356747 0.0625484 9.9919E-05 9.9919E-05 9.9919E-05 0.584069
0.181238 9.99369E-05 9.99369E-05 0.0293263 0.0418234 9.99369E-05 9.99369E-05 9.99369E-05 0.0485313 0.0217583 0.111852 0.036366 0.003706 0.0841468 9.99369E-05 0.0466215 0.0319195 9.99369E-05 0.362012
0.0400441 0.014741 0.0686498 9.9928E-05 0.0313216 9.9928E-05 0.11366 9.9928E-05 9.9928E-05 0.0615281 0.244354 9.9928E-05 9.9928E-05 0.0266994 9.9928E-05 0.0516956 0.00174099 9.9928E-05 0.344766
0.294307 0.0447955 0.0498644 9.991E-05 0.0140731 9.991E-05 9.991E-05 9.991E-05 9.991E-05 9.991E-05 0.031923 9.991E-05 9.991E-05 9.991E-05 9.991E-05 0.0367426 0.0582076 0.241936 0.227151
0.349126 9.9937E-05 0.0390098 0.0349808 0.00438585 0.0436228 9.9937E-05 9.9937E-05 0.000486193 9.9937E-05 0.170861 9.9937E-05 9.9937E-05 0.010344 9.9937E-05 0.0241404 0.187249 0.0152826 0.119812
0.479473 0.0166523 0.0537282 0.0592628 9.991E-05 9.991E-05 0.125788 0.0208758 9.991E-05 9.991E-05 0.0140137 9.991E-05 9.991E-05 9.991E-05 9.991E-05 0.0504356 9.991E-05 9.991E-05 0.178771
0.383857 9.9937E-05 0.00452148 9.9937E-05 0.000995977 0.0802545 9.9937E-05 0.00578208 0.0168864 9.9937E-05 0.00235578 9.9937E-05 0.000585862 0.0364921 9.9937E-05 9.9937E-05 0.0377514 0.0668797 0.362939
0.348802 9.9937E-05 0.018289 0.118391 0.0368259 9.9937E-05 9.9937E-05 0.0662363 9.9937E-05 0.0701241 0.00503452 9.9937E-05 0.0250004 9.9937E-05 0.0235928 0.0589435 0.0839748 9.9937E-05 0.144086
0.92857 9.9874E-05 9.9874E-05 9.9874E-05 9.9874E-05 9.9874E-05 0.00841436 9.9874E-05 0.00396209 9.9874E-05 9.9874E-05 9.9874E-05 0.00467675 9.9874E-05 0.052979 9.9874E-05 9.9874E-05 9.9874E-05 9.9874E-05
9.98379E-05 9.98379E-05 9.98379E-05 9.98379E-05 9.98379E-05 9.98379E-05 9.98379E-05 0.998203 9.98379E-05 9.98379E-05 9.98379E-05 9.98379E-05 9.98379E-05 9.98379E-05 9.98379E-05 9.98379E-05 9.98379E-05 9.98379E-05 9.98379E-05
0.101491 0.00432409 0.0581442 0.101957 0.0145122 0.00793365 9.9973E-05 0.0211856 0.0260665 0.0137046 0.12973 0.00930251 0.00656485 9.9973E-05 9.9973E-05 0.0450741 0.00574231 0.0328668 0.4211
0.384583 0.00135917 9.9901E-05 9.9901E-05 0.0459254 0.0129574 9.9901E-05 9.9901E-05 9.9901E-05 9.9901E-05 9.9901E-05 9.9901E-05 0.0118214 9.9901E-05 9.9901E-05 9.9901E-05 0.0724472 0.0854832 0.384324
0.489731 0.0332893 9.991E-05 9.991E-05 0.018587 9.991E-05 9.991E-05 0.011027 0.00458783 9.991E-05 9.991E-05 9.991E-05 0.005614 0.203258 0.0220615 9.991E-05 9.991E-05 9.991E-05 0.210846
0.799266 9.9901E-05 0.00866523 9.9901E-05 9.9901E-05 9.9901E-05 0.0662811 9.9901E-05 9.9901E-05 9.9901E-05 9.9901E-05 9.9901E-05 0.00709483 0.00672492 0.0554304 0.00530023 9.9901E-05 0.0501381 9.9901E-05
0.31727 9.9892E-05 0.039417 9.9892E-05 9.9892E-05 9.9892E-05 9.9892E-05 9.9892E-05 0.0240057 9.9892E-05 0.200066 9.9892E-05 9.9892E-05 9.9892E-05 9.9892E-05 0.0129155 9.9892E-05 0.16446 0.240667
0.3109 0.0334604 0.0260627 9.991E-05 9.991E-05 9.991E-05 9.991E-05 9.991E-05 9.991E-05 9.991E-05 0.0990314 0.125123 0.0149638 0.0887108 9.991E-05 9.991E-05 0.0680591 9.991E-05 0.23269
9.9838E-05 9.9838E-05 0.998203 9.9838E-05 9.9838E-05 9.9838E-05 9.9838E-05 9.9838E-05 9.9838E-05 9.9838E-05 9.9838E-05 9.9838E-05 9.9838E-05 9.9838E-05 9.9838E-05 9.9838E-05 9.9838E-05 9.9838E-05 9.9838E-05
9.98303E-05 9.98303E-05 9.98303E-05 9.98303E-05 9.98303E-05 9.98303E-05 9.98303E-05 0.998203 9.98303E-05 9.98303E-05 9.98303E-05 9.98303E-05 9.98303E-05 9.98303E-05 9.98303E-05 9.98303E-05 9.98303E-05 9.98303E-05 9.98303E-05
9.9838E-05 9.9838E-05 0.998203 9.9838E-05 9.9838E-05 9.9838E-05 9.9838E-05 9.9838E-05 9.9838E-05 9.9838E-05 9.9838E-05 9.9838E-05 9.9838E-05 9.9838E-05 9.9838E-05 9.9838E-05 9.9838E-05 9.9838E-05 9.9838E-05
0.0263641 9.9892E-05 9.9892E-05 0.116801 0.0395456 9.9892E-05 9.9892E-05 9.9892E-05 9.9892E-05 9.9892E-05 9.9892E-05 9.9892E-05 9.9892E-05 9.9892E-05 0.00254969 0.0244856 0.00156568 9.9892E-05 0.78749
0.175569 9.9919E-05 0.0458051 0.111664 0.0192941 9.9919E-05 9.9919E-05 0.0111815 0.0211919 9.9919E-05 9.9919E-05 0.131761 0.0234435 9.9919E-05 9.9919E-05 0.00568023 9.9919E-05 9.9919E-05 0.45351
0.119653 0.0241422 0.0384061 0.140436 9.9919E-05 0.0672539 9.9919E-05 0.0281405 9.9919E-05 9.9919E-05 0.0383541 9.9919E-05 9.9919E-05 9.9919E-05 9.9919E-05 0.0223418 0.0485978 9.9919E-05 0.471776
0.563671 0.000804754 0.0469143 0.0688815 9.9919E-05 9.9919E-05 9.9919E-05 0.0100123 0.0123215 9.9919E-05 9.9919E-05 9.9919E-05 0.0224646 0.0787296 9.9919E-05 0.0172394 9.9919E-05 9.9919E-05 0.178062
0.810157 9.9892E-05 9.9892E-05 0.0740283 9.9892E-05 9.9892E-05 0.0420546 0.0256431 9.9892E-05 9.9892E-05 9.9892E-05 0.0145927 0.0215625 9.9892E-05 9.9892E-05 0.0107631 9.9892E-05 9.9892E-05 9.9892E-05
9.98468E-05 9.98468E-05 9.98468E-05 9.98468E-05 9.98468E-05 9.98468E-05 9.98468E-05 0.070891 9.98468E-05 9.98468E-05 9.98468E-05 9.98468E-05 9.98468E-05 9.98468E-05 9.98468E-05 9.98468E-05 9.98468E-05 9.98468E-05 0.927412
0.124764 0.0361782 0.0403825 0.0395254 9.9937E-05 9.9937E-05 0.0363592 0.0355587 0.0273629 0.000531382 0.0371499 9.9937E-05 9.9937E-05 0.145471 9.9937E-05 0.00512311 9.9937E-05 9.9937E-05 0.470894
9.9892E-05 9.9892E-05 9.9892E-05 0.00114663 9.9892E-05 9.9892E-05 0.0300816 9.9892E-05 9.9892E-05 9.9892E-05 0.854714 9.9892E-05 0.00807459 9.9892E-05 0.0235343 0.0567442 9.9892E-05 9.9892E-05 0.0245063
9.98741E-05 9.98741E-05 9.98741E-05 9.98741E-05 0.0072855 9.98741E-05 9.98741E-05 9.98741E-05 9.98741E-05 9.98741E-05 0.850927 9.98741E-05 9.98741E-05 0.0846214 9.98741E-05 9.98741E-05 0.0441443 9.98741E-05 0.0116234
9.9919E-05 9.9919E-05 0.0158571 9.9919E-05 0.00440145 9.9919E-05 0.0355529 0.0209131 0.0129555 9.9919E-05 0.797808 0.0209293 0.0138726 9.9919E-05 9.9919E-05 0.00910389 0.067707 9.9919E-05 9.9919E-05
9.9883E-05 9.9883E-05 9.9883E-05 9.9883E-05 9.9883E-05 9.9883E-05 0.0222083 9.9883E-05 0.00065278 0.0182255 0.785095 9.9883E-05 9.9883E-05 9.9883E-05 9.9883E-05 0.00366813 9.9883E-05 9.9883E-05 0.168852
9.9883E-05 9.9883E-05 0.0173395 9.9883E-05 9.9883E-05 9.9883E-05 9.9883E-05 0.0152029 9.9883E-05 9.9883E-05 0.68712 0.0599488 9.9883E-05 9.9883E-05 9.9883E-05 9.9883E-05 9.9883E-05 0.16383 0.0552605
9.9901E-05 9.9901E-05 9.9901E-05 9.9901E-05 0.0058283 0.0492064 9.9901E-05 9.9901E-05 9.9901E-05 0.0121629 0.740724 0.0522114 9.9901E-05 9.9901E-05 0.102929 0.0164922 9.9901E-05 0.0193468 9.9901E-05
9.9874E-05 0.0218361 9.9874E-05 0.016175 9.9874E-05 9.9874E-05 0.0473508 9.9874E-05 9.9874E-05 9.9874E-05 0.903624 9.9874E-05 9.9874E-05 9.9874E-05 0.00961605 9.9874E-05 9.9874E-05 9.9874E-05 9.9874E-05
9.9892E-05 0.0208339 9.9892E-05 9.9892E-05 9.9892E-05 9.9892E-05 9.9892E-05 0.011734 0.0206914 9.9892E-05 0.827114 0.0284736 9.9892E-05 9.9892E-05 9.9892E-05 9.9892E-05 0.0524177 9.9892E-05 0.037537
9.9901E-05 9.9901E-05 0.00830701 0.0339736 9.9901E-05 9.9901E-05 9.9901E-05 0.0110926 9.9901E-05 0.0505492 0.852633 9.9901E-05 0.0126783 0.0119204 9.9901E-05 9.9901E-05 9.9901E-05 0.0177467 9.9901E-05
9.9892E-05 9.9892E-05 9.9892E-05 9.9892E-05 0.0306298 9.9892E-05 0.128901 0.0105878 9.9892E-05 9.9892E-05 0.645464 9.9892E-05 0.0508593 9.9892E-05 9.9892E-05 9.9892E-05 0.0447773 9.9892E-05 0.0875822
0.00983773 9.9883E-05 0.0109571 0.0997095 9.9883E-05 0.0572879 9.9883E-05 9.9883E-05 9.9883E-05 9.9883E-05 0.805181 9.9883E-05 9.9883E-05 9.9883E-05 9.9883E-05 0.0157282 9.9883E-05 9.9883E-05 9.9883E-05
0.0208402 9.9901E-05 0.0362616 9.9901E-05 9.9901E-05 0.0811166 0.0229438 0.00788548 9.9901E-05 9.9901E-05 0.0484721 9.9901E-05 9.9901E-05 9.9901E-05 0.741409 9.9901E-05 9.9901E-05 0.0399727 9.9901E-05
9.9901E-05 9.9901E-05 9.9901E-05 9.9901E-05 9.9901E-05 9.9901E-05 0.0137168 0.0220376 0.0213294 0.281912 0.146351 9.9901E-05 0.0109434 9.9901E-05 0.418678 9.9901E-05 9.9901E-05 0.0839323 9.9901E-05
0.05047 0.0022597 0.0216736 9.991E-05 9.991E-05 0.0269928 9.991E-05 0.00678036 9.991E-05 9.991E-05 9.991E-05 9.991E-05 0.0142408 0.117358 0.702259 9.991E-05 0.0569666 9.991E-05 9.991E-05
9.9919E-05 0.0347443 0.0143817 0.0531296 9.9919E-05 9.9919E-05 9.9919E-05 9.9919E-05 9.9919E-05 0.0575678 9.9919E-05 0.0171644 0.0096814 9.9919E-05 0.648724 0.00231043 0.0780228 0.0833741 9.9919E-05
9.98921E-05 9.98921E-05 9.98921E-05 0.0946498 0.0269642 9.98921E-05 9.98921E-05 9.98921E-05 0.0732569 9.98921E-05 9.98921E-05 9.98921E-05 0.0510718 0.00403571 0.666361 9.98921E-05 9.98921E-05 9.98921E-05 0.0824619
9.99107E-05 9.99107E-05 0.0259345 9.99107E-05 9.99107E-05 9.99107E-05 0.122834 9.99107E-05 0.00661627 0.151654 0.111291 9.99107E-05 0.0294268 9.99107E-05 0.534913 0.014025 9.99107E-05 9.99107E-05 0.00230707
9.991E-05 0.000565984 9.991E-05 0.00332802 0.000776701 9.991E-05 0.0360069 0.0514162 9.991E-05 0.0112751 9.991E-05 0.100442 9.991E-05 0.110463 0.684727 9.991E-05 9.991E-05 9.991E-05 9.991E-05
0.0290779 9.98921E-05 9.98921E-05 9.98921E-05 9.98921E-05 9.98921E-05 9.98921E-05 9.98921E-05 0.00967794 0.282367 9.98921E-05 9.98921E-05 0.0299216 9.98921E-05 0.488039 9.98921E-05 0.082041 0.0776763 9.98921E-05
9.99369E-05 9.99369E-05 0.0619828 9.99369E-05 9.99369E-05 9.99369E-05 0.0074191 0.00472982 0.0438991 0.00265254 9.99369E-05 0.00709192 0.0171657 9.99369E-05 0.485258 0.00879792 0.0721245 0.137513 0.150666
9.98831E-05 9.98831E-05 9.98831E-05 0.114491 9.98831E-05 9.98831E-05 9.98831E-05 0.00607762 9.98831E-05 9.98831E-05 0.0405424 9.98831E-05 9.98831E-05 9.98831E-05 0.677097 9.98831E-05 0.00681997 0.153673 9.98831E-05
9.9901E-05 9.9901E-05 9.9901E-05 0.131898 0.0412797 9.9901E-05 9.9901E-05 9.9901E-05 0.0237133 0.0872574 0.0443144 9.9901E-05 0.0263119 9.9901E-05 0.630418 0.0137081 9.9901E-05 9.9901E-05 9.9901E-05
9.9883E-05 0.0220275 9.9883E-05 9.9883E-05 9.9883E-05 9.9883E-05 9.9883E-05 9.9883E-05 9.9883E-05 0.50956 9.9883E-05 9.9883E-05 0.00102616 9.9883E-05 0.237565 0.0237566 9.9883E-05 0.204766 9.9883E-05
9.9946E-05 0.0125008 0.00156339 0.165748 9.9946E-05 9.9946E-05 0.030103 9.9946E-05 0.000346612 0.145309 0.0515505 0.0576795 0.00637197 9.9946E-05 0.447112 0.0130515 0.0295448 9.9946E-05 0.0385187
9.9928E-05 9.9928E-05 0.0125872 0.0232723 0.00921549 9.9928E-05 0.0231106 9.9928E-05 9.9928E-05 0.287102 0.0180721 9.9928E-05 9.9928E-05 0.0582274 0.253201 0.0274108 9.9928E-05 0.0769266 0.210076
9.99001E-05 9.99001E-05 0.00722009 9.99001E-05 9.99001E-05 0.0164617 9.99001E-05 9.99001E-05 0.0208876 0.662618 9.99001E-05 0.0799114 0.00428381 9.99001E-05 0.0799118 0.00265278 9.99001E-05 9.99001E-05 0.125054
9.9874E-05 0.0202306 9.9874E-05 9.9874E-05 9.9874E-05 9.9874E-05 9.9874E-05 9.9874E-05 0.00959774 0.876189 9.9874E-05 9.9874E-05 9.9874E-05 9.9874E-05 9.9874E-05 0.017355 9.9874E-05 9.9874E-05 0.0752293
9.9883E-05 9.9883E-05 9.9883E-05 0.00736617 0.00599944 9.9883E-05 0.0132779 9.9883E-05 9.9883E-05 0.942038 9.9883E-05 0.00935329 9.9883E-05 9.9883E-05 9.9883E-05 0.020667 9.9883E-05 9.9883E-05 9.9883E-05
0.0547072 9.9892E-05 0.00876664 9.9892E-05 9.9892E-05 9.9892E-05 9.9892E-05 9.9892E-05 0.0138287 0.867437 9.9892E-05 9.9892E-05 9.9892E-05 9.9892E-05 9.9892E-05 0.00317984 0.0419704 0.00891121 9.9892E-05
9.98381E-05 9.98381E-05 9.98381E-05 9.98381E-05 9.98381E-05 9.98381E-05 9.98381E-05 9.98381E-05 9.98381E-05 0.998203 9.98381E-05 9.98381E-05 9.98381E-05 9.98381E-05 9.98381E-05 9.98381E-05 9.98381E-05 9.98381E-05 9.98381E-05
0.0193441 9.98919E-05 9.98919E-05 9.98919E-05 0.00883043 9.98919E-05 0.0823941 9.98919E-05 0.0141642 0.775165 9.98919E-05 0.0913949 0.00750828 9.98919E-05 9.98919E-05 9.98919E-05 9.98919E-05 9.98919E-05 9.98919E-05
9.9883E-05 9.9883E-05 9.9883E-05 9.9883E-05 0.0246847 9.9883E-05 9.9883E-05 0.00304918 0.027422 0.747753 9.9883E-05 9.9883E-05 9.9883E-05 0.0175117 9.9883E-05 9.9883E-05 9.9883E-05 9.9883E-05 0.178281
9.98831E-05 9.98831E-05 0.0188682 9.98831E-05 9.98831E-05 0.0625023 9.98831E-05 0.00149665 9.98831E-05 0.773305 9.98831E-05 9.98831E-05 9.98831E-05 0.048957 9.98831E-05 9.98831E-05 0.0935721 9.98831E-05 9.98831E-05
9.9883E-05 0.00207614 0.0270861 9.9883E-05 9.9883E-05 9.9883E-05 9.9883E-05 0.00188035 9.9883E-05 9.9883E-05 9.9883E-05 9.9883E-05 9.9883E-05 9.9883E-05 0.788 0.00503926 9.9883E-05 9.9883E-05 0.17462
9.9919E-05 0.0406387 0.0119456 0.063596 0.00796294 9.9919E-05 9.9919E-05 9.9919E-05 9.9919E-05 0.0884124 0.0171828 0.0894647 9.9919E-05 9.9919E-05 0.621505 9.9919E-05 0.020296 9.9919E-05 0.038097
9.9883E-05 0.00977805 9.9883E-05 9.9883E-05 9.9883E-05 9.9883E-05 9.9883E-05 0.030925 9.9883E-05 9.9883E-05 9.9883E-05 0.049901 9.9883E-05 9.9883E-05 0.670732 0.0217298 9.9883E-05 9.9883E-05 0.215635
9.9883E-05 9.9883E-05 9.9883E-05 9.9883E-05 9.9883E-05 0.0523982 0.00727807 9.9883E-05 9.9883E-05 9.9883E-05 9.9883E-05 0.0653228 9.9883E-05 9.9883E-05 0.639333 9.9883E-05 9.9883E-05 0.0389301 0.195439
9.9901E-05 0.020942 0.0327741 9.9901E-05 9.9901E-05 9.9901E-05 0.072476 9.9901E-05 9.9901E-05 9.9901E-05 9.9901E-05 9.9901E-05 0.0213054 9.9901E-05 0.717631 0.0121972 0.00464073 9.9901E-05 0.116934
9.9892E-05 0.0615418 9.9892E-05 9.9892E-05 0.0116594 9.9892E-05 0.102854 9.9892E-05 9.9892E-05 9.9892E-05 9.9892E-05 9.9892E-05 9.9892E-05 0.0244822 0.619855 0.0378834 9.9892E-05 9.9892E-05 0.140526
9.99279E-05 0.00682822 9.99279E-05 9.99279E-05 9.99279E-05 9.99279E-05 0.0342714 9.99279E-05 0.0127608 0.315309 9.99279E-05 0.0405479 0.00639002 0.119087 0.298193 0.0104238 0.0473071 9.99279E-05 0.108082
9.99011E-05 9.99011E-05 9.99011E-05 9.99011E-05 0.00439077 9.99011E-05 9.99011E-05 0.0206966 9.99011E-05 9.99011E-05 9.99011E-05 0.0441579 9.99011E-05 0.0362505 0.689992 0.0197264 9.99011E-05 0.158103 0.0255833
0.000978249 9.9892E-05 0.0195725 0.164588 9.9892E-05 9.9892E-05 9.9892E-05 0.0135469 9.9892E-05 9.9892E-05 0.0165829 9.9892E-05 9.9892E-05 9.9892E-05 0.754527 0.0290056 9.9892E-05 9.9892E-05 9.9892E-05
9.9928E-05 0.0369186 0.00846301 0.0671003 9.9928E-05 9.9928E-05 0.000648969 0.00625718 0.0269989 9.9928E-05 9.9928E-05 0.0665382 0.00334411 0.132494 0.595754 9.9928E-05 9.9928E-05 9.9928E-05 0.0546828
9.9919E-05 9.9919E-05 9.9919E-05 0.0362775 9.9919E-05 0.0965995 9.9919E-05 9.9919E-05 9.9919E-05 0.165146 0.0230058 0.0319871 9.9919E-05 0.0178168 0.535301 9.9919E-05 0.0389123 0.0119192 0.0421345
9.9919E-05 9.9919E-05 0.00200681 9.9919E-05 9.9919E-05 0.0282929 9.9919E-05 0.037086 0.0223851 0.0601422 9.9919E-05 9.9919E-05 0.0101438 9.9919E-05 0.735852 0.0234044 0.0594923 9.9919E-05 0.0202948
0.0704951 0.0212725 9.9892E-05 9.9892E-05 0.00868889 9.9892E-05 9.9892E-05 9.9892E-05 0.0165319 9.9892E-05 9.9892E-05 9.9892E-05 0.0387255 9.9892E-05 0.826635 9.9892E-05 0.0164519 9.9892E-05 9.9892E-05
9.9856E-05 9.9856E-05 9.9856E-05 9.9856E-05 9.9856E-05 9.9856E-05 0.178858 9.9856E-05 9.9856E-05 9.9856E-05 9.9856E-05 9.9856E-05 0.00782564 0.811719 9.9856E-05 9.9856E-05 9.9856E-05 9.9856E-05 9.9856E-05
9.9856E-05 9.9856E-05 9.9856E-05 9.9856E-05 9.9856E-05 9.9856E-05 0.89869 9.9856E-05 9.9856E-05 9.9856E-05 9.9856E-05 9.9856E-05 9.9856E-05 0.0234851 9.9856E-05 9.9856E-05 9.9856E-05 9.9856E-05 0.076227
9.9874E-05 0.0175764 0.00915725 9.9874E-05 0.00480089 9.9874E-05 0.86226 9.9874E-05 9.9874E-05 9.9874E-05 9.9874E-05 9.9874E-05 9.9874E-05 9.9874E-05 9.9874E-05 9.9874E-05 9.9874E-05 9.9874E-05 0.104807
9.9901E-05 0.0495969 9.9901E-05 0.195412 9.9901E-05 0.0344076 0.164784 0.0106037 9.9901E-05 9.9901E-05 9.9901E-05 9.9901E-05 9.9901E-05 0.357749 0.0737181 9.9901E-05 9.9901E-05 9.9901E-05 0.11263
9.9874E-05 0.0565012 9.9874E-05 9.9874E-05 9.9874E-05 9.9874E-05 0.221029 9.9874E-05 9.9874E-05 9.9874E-05 9.9874E-05 0.00675617 9.9874E-05 0.685355 9.9874E-05 9.9874E-05 0.0289605 9.9874E-05 9.9874E-05
9.9847E-05 9.9847E-05 0.00849104 9.9847E-05 9.9847E-05 9.9847E-05 0.989812 9.9847E-05 9.9847E-05 9.9847E-05 9.9847E-05 9.9847E-05 9.9847E-05 9.9847E-05 9.9847E-05 9.9847E-05 9.9847E-05 9.9847E-05 9.9847E-05
9.98381E-05 9.98381E-05 9.98381E-05 9.98381E-05 9.98381E-05 9.98381E-05 0.998203 9.98381E-05 9.98381E-05 9.98381E-05 9.98381E-05 9.98381E-05 9.98381E-05 9.98381E-05 9.98381E-05 9.98381E-05 9.98381E-05 9.98381E-05 9.98381E-05
9.9874E-05 0.0630006 9.9874E-05 9.9874E-05 9.9874E-05 0.0184411 0.829732 9.9874E-05 9.9874E-05 9.9874E-05 9.9874E-05 0.0797899 9.9874E-05 9.9874E-05 9.9874E-05 9.9874E-05 9.9874E-05 0.0076383 9.9874E-05
