0.959711 9.9964E-05 9.9964E-05 0.00647394 9.9964E-05 9.9964E-05 0.0334155
0.795545 9.9973E-05 9.9973E-05 9.9973E-05 0.107034 0.0568704 0.0402513
0.824544 0.0929042 0.0348826 0.00814751 9.9982E-05 0.0393219 9.9982E-05
0.834032 0.0833973 9.9991E-05 0.0315477 0.0423369 0.00558143 0.00300472
0.801571 9.9982E-05 0.043053 0.0480389 0.0329707 0.0741663 9.9982E-05
0.896507 0.00308547 9.9973E-05 9.9973E-05 0.055735 9.9973E-05 0.0443722
0.93623 9.9955E-05 9.9955E-05 9.9955E-05 0.0632701 9.9955E-05 9.9955E-05
0.83767 0.0289775 0.00339925 9.9991E-05 0.0442508 0.0469759 0.0386261
0.818446 0.0204908 9.9991E-05 0.00838429 0.108477 0.0362697 0.007832
0.827298 0.0786319 0.0013468 0.00292106 0.0590576 0.025414 0.00533103
0.743661 0.0684187 9.9982E-05 9.9982E-05 0.0595981 0.088995 0.039127
0.785 0.114957 0.045461 0.0305855 9.9982E-05 0.0237966 9.9982E-05
0.80775 0.0725975 0.0453792 9.9991E-05 0.0116886 0.0494384 0.0130462
0.735683 0.0737708 9.9991E-05 0.00488958 0.141724 0.00632631 0.0375065
0.826923 0.0864902 9.9982E-05 0.00251255 0.0414643 0.0424095 9.9982E-05
0.898523 9.9973E-05 9.9973E-05 0.00753025 0.0691385 9.9973E-05 0.0245086
0.953285 9.9964E-05 9.9964E-05 0.0088556 9.9964E-05 9.9964E-05 0.0374598
0.995736 9.9955E-05 9.9955E-05 9.9955E-05 9.9955E-05 9.9955E-05 0.00376436
0.953545 9.9955E-05 0.0459554 9.9955E-05 9.9955E-05 9.9955E-05 9.9955E-05
0.931094 0.0168121 0.0130815 0.0310366 9.9982E-05 9.9982E-05 0.00777639
9.995E-05 0.9994 9.995E-05 9.995E-05 9.995E-05 9.995E-05 9.995E-05
0.0239301 0.722523 0.105193 0.00264292 0.0532942 0.0711091 0.0213077
0.0497846 0.710996 0.073941 0.0311356 0.057767 0.0762763 9.9991E-05
9.9973E-05 0.7873 0.156038 0.032494 9.9973E-05 9.9973E-05 0.0238683
0.0164213 0.920144 9.9973E-05 0.00499931 9.9973E-05 0.058135 9.9973E-05
0.0509664 0.886125 9.9982E-05 0.0356293 9.9982E-05 0.0250662 0.00201262
9.9973E-05 0.697187 0.120514 9.9973E-05 0.0470032 0.134996 9.9973E-05
9.995E-05 0.9994 9.995E-05 9.995E-05 9.995E-05 9.995E-05 9.995E-05
9.9973E-05 0.729493 9.9973E-05 0.0504253 0.121346 0.0984354 9.9973E-05
0.0170286 0.618941 0.065023 0.0147864 0.125647 0.104896 0.0536778
9.9973E-05 0.744407 9.9973E-05 0.00908782 0.137062 0.109143 9.9973E-05
9.9982E-05 0.716482 0.136073 0.0025606 0.094022 9.9982E-05 0.0506629
0.0565081 0.688197 0.0112313 9.9991E-05 0.162608 0.05115 0.0302055
9.9982E-05 0.680485 9.9982E-05 0.0237156 0.127953 0.106521 0.0611255
0.0226443 0.656323 0.0430063 0.0678647 0.00897301 0.175856 0.0253321
0.0478639 0.452176 9.9982E-05 9.9982E-05 0.236779 0.196547 0.0664335
9.999E-05 0.619846 0.135938 0.0252915 0.0327694 0.150889 0.0351664
0.00393219 0.0543082 0.783797 0.00767429 0.0292153 0.0572003 0.0638729
9.9982E-05 9.9982E-05 0.734461 0.0467481 0.0355757 0.105648 0.0773673
0.0190607 0.0307326 0.739636 0.0101286 0.0584084 0.0355105 0.106523
0.0231726 0.0431741 0.771862 9.9991E-05 0.0499333 0.0240998 0.0876583
0.0277364 0.00691266 0.815802 0.0573025 9.9982E-05 9.9982E-05 0.0920469
0.0192418 0.0279764 0.835837 0.0660737 0.0326304 9.9991E-05 0.0181409
0.0534969 0.064382 0.705939 0.00739476 0.0987875 9.9991E-05 0.0699
0.00624763 0.0637484 0.787117 0.0774116 9.9982E-05 9.9982E-05 0.0652753
0.0227881 0.0660262 0.792891 0.04868 0.0694149 9.9982E-05 9.9982E-05
9.9964E-05 9.9964E-05 0.873785 0.0208474 9.9964E-05 9.9964E-05 0.104968
9.999E-05 0.00250783 0.879067 0.0244483 0.0248484 0.0552608 0.0137673
0.0153954 0.0236801 0.930254 0.000840744 9.9982E-05 9.9982E-05 0.0296296
9.9973E-05 9.9973E-05 0.783155 9.9973E-05 0.0866612 0.0576051 0.0722792
0.010279 0.0331464 0.825249 0.0231336 0.00893033 9.9991E-05 0.0991615
9.9973E-05 9.9973E-05 0.846317 9.9973E-05 0.0466883 0.0456986 0.0609961
0.00728601 9.9973E-05 0.884629 0.0444539 9.9973E-05 9.9973E-05 0.0633315
0.0765643 0.0135837 0.826272 9.9973E-05 9.9973E-05 9.9973E-05 0.0832798
0.0392768 9.9982E-05 0.777698 0.0283947 0.0405483 9.9982E-05 0.113882
0.0131262 0.0528944 0.728192 0.0177439 0.0411574 0.0718658 0.0750205
0.0631698 0.0842192 0.776824 0.0664439 0.00246583 0.000342313 0.00653448
0.0441291 0.0568884 0.18425 0.0527326 0.000321475 0.535293 0.126385
0.014135 9.9964E-05 9.9964E-05 0.027286 9.9964E-05 0.958179 9.9964E-05
0.0356393 0.0700038 0.0415971 0.157779 0.0396255 0.53795 0.117405
0.030086 0.0148284 0.0712933 0.159429 9.9991E-05 0.607804 0.116459
9.9964E-05 9.9964E-05 9.9964E-05 0.115068 9.9964E-05 0.818097 0.0664351
0.0299397 0.0220329 0.119845 0.111777 0.00949344 0.598877 0.108035
9.99549E-05 0.00512123 9.99549E-05 9.99549E-05 9.99549E-05 9.99549E-05 0.994379
9.9964E-05 9.9964E-05 9.9964E-05 0.0770941 9.9964E-05 0.899364 0.0231423
0.140741 9.9982E-05 9.9982E-05 0.0741351 0.100253 0.511865 0.172805
0.031786 0.0944619 9.99991E-05 0.0691835 0.0918484 0.456393 0.256227
0.0323293 0.00656357 0.0114197 0.127356 0.0347274 0.594644 0.19296
0.00530155 0.0877544 9.9982E-05 0.134192 9.9982E-05 0.576828 0.195724
0.0518201 0.0568553 9.9991E-05 0.117721 0.0153088 0.610829 0.147366
0.0384139 9.9982E-05 0.0024155 0.092182 9.9982E-05 0.722494 0.144295
9.9982E-05 0.0408123 0.073123 0.0883368 9.9982E-05 0.590685 0.206843
0.00802336 0.0571453 0.0482157 0.128918 9.9991E-05 0.627609 0.129988
9.9991E-05 0.111239 0.0792435 0.123385 0.0826128 0.581826 0.021594
9.9982E-05 0.102225 0.303809 0.0465826 9.9982E-05 0.375569 0.171614
0.0755622 0.0106659 0.210627 0.0621914 9.9991E-05 0.511 0.129853
0.0613414 9.9982E-05 0.450242 0.0473705 9.9982E-05 0.363837 0.0770094
9.9955E-05 9.9955E-05 9.9955E-05 0.000770371 9.9955E-05 9.9955E-05 0.99873
0.0550668 0.0959483 0.147952 0.139333 0.0384208 0.368128 0.155151
9.9973E-05 9.9973E-05 0.149533 0.129365 9.9973E-05 0.544692 0.17611
0.0435215 0.068354 0.131872 0.0957599 9.9991E-05 0.552541 0.107851
0.0381735 0.0780979 0.00441162 0.137649 0.00552427 0.628571 0.107573
0.0930082 9.9982E-05 0.0890936 0.127928 9.9982E-05 0.551906 0.137864
0.0349041 0.013796 0.267171 0.127951 0.219561 0.239119 0.0974974
0.00540885 9.9991E-05 0.219303 0.0195337 0.564648 0.0878501 0.103157
0.0195832 0.0478649 0.15562 0.0266763 0.163277 0.585302 0.00167716
0.0471842 9.9991E-05 0.0998858 0.108465 0.0561546 0.567763 0.120447
9.9982E-05 9.9982E-05 0.120247 0.0483237 0.126896 0.621382 0.0829519
9.9991E-05 0.0291349 0.140097 0.118443 0.0235501 0.68455 0.0041247
0.00378502 0.0610641 0.00487174 0.835431 9.9982E-05 0.094648 9.9982E-05
0.0411894 0.0532199 0.0713746 0.0954241 0.021752 0.439781 0.277259
9.9982E-05 9.9982E-05 0.114599 0.0714146 0.0331031 0.538418 0.242266
0.0771257 0.0625908 9.9991E-05 0.121648 0.136479 0.582604 0.0194526
0.0955876 0.168946 0.0102863 0.100979 0.0593902 0.417683 0.147128
0.0618302 0.0200598 0.023263 0.0599496 0.145945 0.561469 0.127483
0.0895466 0.0452461 0.0373259 0.0618483 0.0560706 0.634859 0.0751034
0.0782015 0.035945 0.037455 0.0978175 0.150535 0.402879 0.197166
0.0743407 0.00654426 0.073612 0.070326 9.9991E-05 0.602331 0.172746
0.0281049 0.0430444 0.0371943 0.0763539 9.9991E-05 0.670456 0.144747
0.035716 9.9982E-05 0.106958 0.12897 9.9982E-05 0.553449 0.174708
0.0274521 0.0600578 0.00536162 0.113398 0.0491501 0.687837 0.0567429
0.0312035 9.9991E-05 0.0267458 0.197143 0.137763 0.472341 0.134704
9.9982E-05 9.9982E-05 0.00815617 0.106064 0.0712731 0.710161 0.104146
9.995E-05 9.995E-05 9.995E-05 0.9994 9.995E-05 9.995E-05 9.995E-05
0.0585897 0.0662725 9.9991E-05 0.140861 0.0801745 0.49857 0.155432
9.9982E-05 0.026084 0.0660558 0.11578 9.9982E-05 0.643721 0.148159
0.0832657 9.9991E-05 0.0351653 0.154325 0.0792185 0.572481 0.0754443
0.015544 9.9991E-05 0.173796 0.114329 0.0339836 0.527891 0.134356
0.0456598 0.013793 0.0247966 0.0230979 0.0320974 0.686054 0.174502
0.0322689 0.0487153 0.0554939 0.0672306 9.9991E-05 0.719547 0.0766446
9.995E-05 9.995E-05 9.995E-05 9.995E-05 9.995E-05 9.995E-05 0.9994
9.995E-05 9.995E-05 9.995E-05 0.9994 9.995E-05 9.995E-05 9.995E-05
9.995E-05 9.995E-05 9.995E-05 9.995E-05 9.995E-05 9.995E-05 0.9994
0.0474765 9.9982E-05 9.9982E-05 0.132086 0.0679304 0.671836 0.0804711
0.0563617 0.0970151 9.9991E-05 0.128489 0.0947699 0.423521 0.199743
0.0493026 0.0974742 0.00689239 0.141989 0.0451956 0.566913 0.0922331
0.0699044 0.0112584 0.0603004 0.102989 9.9991E-05 0.557498 0.197949
0.0269232 0.0494254 0.120254 0.101764 9.9991E-05 0.469182 0.232351
0.034961 9.9982E-05 0.0255711 0.784385 0.0482403 0.106643 9.9982E-05
0.0888724 0.00411298 0.103102 0.138631 0.081118 0.480178 0.103986
0.00189383 0.139186 9.9982E-05 0.0514787 0.138165 0.669076 9.9982E-05
9.9991E-05 0.11388 0.0653989 0.0858134 0.156017 0.515922 0.0628688
0.0200222 0.246404 0.00775215 0.125797 0.100859 0.419125 0.080041
0.0425516 0.197469 9.9982E-05 0.0790346 0.111047 0.569698 9.9982E-05
0.0126371 0.182535 0.053885 0.123004 0.152004 0.397002 0.0789336
9.9982E-05 0.229283 0.0162026 0.102682 0.19487 0.456763 9.9982E-05
0.0355044 0.195131 0.0227735 0.0828071 0.168888 0.494797 9.9991E-05
0.0822849 0.225915 9.9991E-05 0.120478 0.0700164 0.489913 0.0112926
0.0111145 0.202889 0.169073 0.0860757 0.127111 0.403637 9.9991E-05
0.0175642 0.184299 0.0438825 0.0511634 0.0864906 0.578585 0.0380151
0.0161994 0.248888 0.0731614 0.0776826 0.0619974 0.475229 0.0468424
0.0317409 0.0798869 0.0198889 0.00953997 0.795098 9.9991E-05 0.0637449
0.0312534 0.0205369 0.0634486 0.0558563 0.777099 0.0517057 9.9991E-05
0.0263477 0.0940016 0.0494119 0.0195055 0.77689 0.0116987 0.022145
0.0627038 0.0327959 0.16528 9.9973E-05 0.73892 9.9973E-05 9.9973E-05
0.0425112 0.00669567 0.130006 0.0175746 0.751307 9.9991E-05 0.0518056
0.0554181 0.0411354 9.9991E-05 0.0268798 0.801825 0.0159583 0.058683
9.9982E-05 0.0494413 0.109332 0.077746 0.749993 9.9982E-05 0.0132873
9.9973E-05 0.0388578 9.9973E-05 0.0549564 0.867799 9.9973E-05 0.0380872
0.0560287 0.103391 0.0994876 0.0854211 0.579619 0.0146285 0.0614251
0.0315696 0.0165233 0.2588 0.0207483 0.672159 9.9982E-05 9.9982E-05
0.021838 0.0409868 0.144269 9.9982E-05 0.748133 9.9982E-05 0.0445738
0.0500623 0.0162895 0.155757 9.9973E-05 0.777591 9.9973E-05 9.9973E-05
0.0480575 0.0713918 0.10676 9.9991E-05 0.632873 0.136534 0.00428378
0.0126652 9.9991E-05 0.115307 0.0397241 0.650301 0.152377 0.0295255
0.0500162 0.108642 9.9991E-05 0.0445857 0.709906 0.0690446 0.0177062
0.106215 0.0326813 0.0194263 0.0220707 0.765585 9.9991E-05 0.0539222
9.9982E-05 9.9982E-05 0.0820097 0.0173994 0.821819 0.0225425 0.0560293
0.0501327 9.9982E-05 9.9982E-05 0.00168476 0.802923 0.100979 0.0440808
0.0630649 0.0387977 9.9982E-05 0.0210314 0.848099 9.9982E-05 0.0288068
0.032773 0.0518727 0.0383994 9.9991E-05 0.76907 0.0427755 0.0650091
0.0835611 0.137305 9.9982E-05 0.0429843 0.638615 9.9982E-05 0.0973344
9.9982E-05 0.0561702 0.0812751 0.0195055 0.767346 9.9982E-05 0.0755028
0.0426932 0.0418318 9.9991E-05 0.0462792 0.796987 0.00944336 0.0626651
0.034461 0.0343667 9.9991E-05 0.0271938 0.821966 0.0786632 0.00324922
0.0414039 0.0582899 9.9982E-05 0.1108 0.776314 9.9982E-05 0.0129922
0.058227 0.10545 0.00776744 0.0419916 0.708488 0.0779756 9.9991E-05
0.072496 0.0461026 0.0590728 0.000768124 0.771089 9.9991E-05 0.0503713
0.0704149 9.9982E-05 0.0510762 9.9982E-05 0.724521 0.120627 0.0331614
0.0467091 0.00828712 0.0754618 0.00221113 0.722349 0.139653 0.00532945
9.9982E-05 0.0436305 0.0416926 0.0430046 0.82523 9.9982E-05 0.0462419
9.9973E-05 9.9973E-05 0.101528 0.0351714 0.814925 9.9973E-05 0.0480766
0.0638209 0.0422608 0.138967 0.0166232 0.66549 0.0727383 9.9991E-05
9.9982E-05 0.111826 0.127371 0.0190456 0.70937 0.0321887 9.9982E-05
9.9982E-05 0.0387886 9.9982E-05 0.0392247 0.872299 0.027129 0.0223591
0.0426978 0.0263681 9.9991E-05 0.00428318 0.83324 0.0647275 0.0285833
0.0297702 0.0398836 0.759118 0.01453 0.0985781 0.0207646 0.0373551
0.0698756 0.0524512 0.623519 0.084333 0.169621 9.9982E-05 9.9982E-05
0.0960854 0.113431 0.572403 0.016243 0.0941594 0.0620632 0.0456146
0.0870016 0.0594198 0.542573 0.0439095 0.157704 0.10562 0.00377233
0.0933109 0.0866818 0.622286 0.0509139 0.0779458 0.00598431 0.0628775
9.9982E-05 0.0677905 0.742824 0.0242385 0.0705065 9.9982E-05 0.0944403
0.0129335 0.0654998 0.895377 0.0169169 0.00907233 9.9982E-05 9.9982E-05
0.0882372 0.204092 0.633127 9.9973E-05 9.9973E-05 0.0742439 9.9973E-05
