9.999E-05 0.9998 9.999E-05
0.116487 0.804399 0.0791137
0.103407 0.873624 0.0229688
0.119272 0.880628 9.9991E-05
0.0601245 0.85989 0.0799855
0.0679483 0.931952 9.9991E-05
0.048654 0.951246 9.9991E-05
0.0973185 0.875848 0.0268334
0.140506 0.843436 0.0160582
0.114063 0.885837 9.9991E-05
0.133408 0.804961 0.0616313
0.116027 0.827151 0.0568221
0.0899559 0.835509 0.0745354
0.21589 0.716646 0.0674641
0.0933672 0.869373 0.0372601
0.0744089 0.925491 9.9991E-05
9.999E-05 0.9998 9.999E-05
9.999E-05 0.9998 9.999E-05
9.999E-05 0.9998 9.999E-05
9.9991E-05 0.947287 0.0526127
0.693474 0.0469546 0.259571
0.654053 0.0408736 0.305074
0.6623 0.0909985 0.246702
0.66388 0.0414129 0.294707
0.679047 0.02922 0.291733
0.651451 0.0665949 0.281954
0.673805 0.00859676 0.317598
0.739864 0.0592342 0.200902
0.672466 9.9991E-05 0.327434
0.579075 0.0343764 0.386549
0.694383 9.9991E-05 0.305517
0.687633 0.00950733 0.302859
0.66362 0.0616896 0.274691
0.623164 9.9991E-05 0.376736
0.521368 0.0569773 0.421655
0.542552 0.114491 0.342957
0.549169 0.0111492 0.439682
0.586179 0.0175101 0.396311
0.53876 0.0161567 0.445083
0.591715 0.0602064 0.348079
0.565006 0.070551 0.364443
0.535691 0.0409851 0.423324
0.626129 0.0213124 0.352558
0.60934 0.0894657 0.301194
0.586836 0.0212393 0.391925
0.633467 0.0593657 0.307168
0.544894 0.0160124 0.439094
0.624703 0.0417635 0.333533
0.602361 0.0579499 0.339689
0.623684 0.0430834 0.333233
0.628569 0.0387991 0.332632
0.648459 0.0274114 0.32413
0.575203 0.0367351 0.388062
0.503276 0.134701 0.362023
0.578829 0.0605104 0.360661
0.590712 0.0601758 0.349112
0.568468 0.101316 0.330215
0.174831 0.0770495 0.74812
9.9991E-05 0.0975709 0.902329
0.124572 0.0448213 0.830607
0.0469895 0.0628334 0.890177
0.0496734 9.9991E-05 0.950227
0.0695422 0.0578182 0.87264
0.0242082 0.0434029 0.932389
0.0043898 0.0353349 0.960275
0.103661 0.151926 0.744412
0.137089 0.0645108 0.7984
0.0529626 0.0544668 0.892571
0.0706108 9.9991E-05 0.929289
0.060867 0.0902243 0.848909
9.9991E-05 0.0646217 0.935278
0.07654 9.9991E-05 0.92336
0.0994158 0.00755757 0.893027
0.209632 0.0215519 0.768816
0.267388 9.9991E-05 0.732512
0.154939 0.0964863 0.748575
0.20517 0.121031 0.6738
0.0206701 0.0277546 0.951575
0.191104 0.055802 0.753094
0.0686898 9.9991E-05 0.93121
0.107972 0.0990509 0.792977
0.0907074 0.0598279 0.849465
9.9991E-05 0.132683 0.867217
0.41554 0.077063 0.507397
0.786466 0.0231085 0.190426
0.333774 0.0203279 0.645898
0.121747 0.0890335 0.789219
0.203081 0.0322148 0.764704
0.142035 0.0446107 0.813355
9.999E-05 9.999E-05 0.9998
0.125125 9.9991E-05 0.874775
0.139822 9.9991E-05 0.860078
0.229266 0.125424 0.64531
0.187897 0.0770417 0.735062
0.168724 0.0894726 0.741804
0.126383 0.135337 0.73828
0.216157 0.0822008 0.701642
0.0237105 0.0889642 0.887325
9.9991E-05 0.0472005 0.9527
0.0476689 0.0676184 0.884713
0.151893 0.0299421 0.818165
0.106644 0.037072 0.856284
0.0656195 0.038865 0.895515
9.999E-05 9.999E-05 0.9998
0.132036 0.109423 0.758541
0.0273361 0.0854948 0.887169
0.100023 0.123248 0.776729
0.120176 0.0478968 0.831928
0.0744376 0.0697272 0.855835
0.0760677 0.0903448 0.833587
9.9991E-05 0.00291073 0.996989
9.999E-05 9.999E-05 0.9998
9.9991E-05 0.0127019 0.987198
0.0220337 0.118093 0.859874
0.149553 0.0315586 0.818888
0.105352 0.0833801 0.811267
9.9991E-05 0.0814527 0.918447
0.0933292 0.0442801 0.862391
9.9991E-05 0.0695126 0.930387
0.116068 0.107633 0.7763
0.271221 0.0252477 0.703532
0.298634 9.9991E-05 0.701266
0.31374 0.00408108 0.682179
0.296509 0.0843697 0.619121
0.327728 0.0446332 0.627639
0.396989 9.9991E-05 0.602911
0.405508 0.0429509 0.551541
0.270732 0.0727582 0.65651
0.373203 0.0367287 0.590068
0.324071 0.033795 0.642134
0.29051 0.0221068 0.687383
0.931844 0.0215691 0.0465866
0.912258 0.0519479 0.0357944
0.951773 0.0246741 0.0235526
0.929054 0.0708455 9.9991E-05
0.879781 0.0792733 0.040946
0.883602 0.0577281 0.0586702
0.937174 0.029185 0.033641
0.986314 9.9991E-05 0.0135863
0.678872 0.109835 0.211293
0.932456 0.0411074 0.0264369
0.961142 0.0387581 9.9991E-05
0.938739 0.0611607 9.9991E-05
0.843465 0.0707452 0.0857894
0.692136 0.0524932 0.255371
0.827183 0.102848 0.069969
0.85271 0.117757 0.0295329
0.949734 0.0119647 0.0383014
0.885895 0.0744404 0.0396642
0.916659 0.0832408 9.9991E-05
0.934949 0.032223 0.0328282
0.85097 0.106936 0.0420945
0.944351 0.00157277 0.0540759
0.904369 0.0432191 0.0524114
0.886232 0.0746658 0.0391021
0.844803 0.0453971 0.1098
0.856855 0.0585753 0.0845697
0.903679 0.0739123 0.022409
0.845013 0.107597 0.04739
0.82383 0.101358 0.0748119
0.953291 9.9991E-05 0.0466088
0.981147 9.9991E-05 0.0187529
0.884301 0.0683353 0.0473633
0.959951 0.0296985 0.0103506
0.90767 9.9991E-05 0.0922301
0.958889 0.0367855 0.00432517
0.720276 0.0751038 0.20462
0.651976 0.0790888 0.268935
0.587654 0.144548 0.267798
0.595409 0.126599 0.277992
0.589208 0.122635 0.288157
0.729673 9.9991E-05 0.270227
0.683073 0.0285655 0.288362
0.631234 0.122061 0.246704
