0.0165451 9.9991E-05 0.978941 0.00441395
0.0122974 0.098372 0.826077 0.0632539
0.0898803 0.0645027 0.845517 9.9991E-05
0.0378493 0.0824506 0.8796 9.9991E-05
0.0224672 0.0902894 0.887143 9.9991E-05
9.9982E-05 0.090256 0.909544 9.9982E-05
9.9982E-05 0.0775389 0.922261 9.9982E-05
0.0207018 0.0996295 0.843512 0.036157
0.0624426 0.0879305 0.836485 0.0131421
0.059683 0.0758686 0.857855 0.00659289
9.9982E-05 0.145351 0.854449 9.9982E-05
0.00837124 0.110404 0.881125 9.9991E-05
0.0121354 0.0966522 0.830061 0.0611519
0.0789386 0.0971446 0.823817 9.9991E-05
0.0408245 0.0775616 0.879756 0.00185767
0.0129166 0.0752979 0.897302 0.0144833
9.9982E-05 9.9982E-05 0.962258 0.0375425
9.9982E-05 9.9982E-05 0.956575 0.0432247
9.9982E-05 9.9982E-05 0.962463 0.0373367
0.0117825 9.9991E-05 0.896017 0.0921007
0.9997 9.998E-05 9.998E-05 9.998E-05
0.894925 0.089288 0.0156874 9.9991E-05
0.849529 0.0838481 0.0665226 9.9991E-05
0.882511 0.0411614 0.01512 0.0612076
0.984989 9.9982E-05 0.0148115 9.9982E-05
0.975531 9.9982E-05 0.0242695 9.9982E-05
0.859465 0.090015 9.9991E-05 0.0504196
0.9997 9.998E-05 9.998E-05 9.998E-05
0.749912 0.172446 9.9991E-05 0.0775411
0.617958 0.166495 0.0500365 0.165511
0.720553 0.206401 9.9991E-05 0.0729454
0.68953 0.15308 0.0127241 0.144666
0.685152 0.169734 0.0291202 0.115993
0.577142 0.211878 9.9991E-05 0.21088
0.668528 0.100899 0.0127679 0.217804
0.574184 0.197764 0.0743172 0.153735
0.552775 0.212545 0.0117403 0.222939
0.0933614 0.493893 0.0303217 0.382424
0.0331 0.453635 0.0193571 0.493908
0.0439106 0.490991 0.0492105 0.415888
0.0748753 0.496595 0.00420462 0.424325
0.0410432 0.473526 0.0436915 0.44174
0.0301022 0.506026 0.0596081 0.404264
9.9991E-05 0.605199 0.0766821 0.318019
0.0737703 0.449141 0.0151271 0.461961
0.0345714 0.549022 0.0958093 0.320597
9.9991E-05 0.502285 0.0119685 0.485647
9.9991E-05 0.535125 0.0175224 0.447253
9.9991E-05 0.550176 0.0761786 0.373546
0.0532034 0.541414 0.0128986 0.392484
0.0216305 0.523886 0.0163892 0.438095
0.0325286 0.519229 0.0160707 0.432172
9.9991E-05 0.501061 0.0196233 0.479215
0.0387502 0.457197 0.0612921 0.442761
0.0196978 0.503663 0.0389735 0.437665
0.052906 0.507473 0.0727755 0.366845
0.03913 0.472419 0.0805902 0.407861
0.0927003 0.144339 0.0411326 0.721829
0.00114564 9.9991E-05 0.0716945 0.92706
0.0619794 0.0603314 0.0518586 0.825831
0.0597421 9.9991E-05 0.035792 0.904366
0.0328777 0.0432197 9.9991E-05 0.923803
0.032537 0.00256791 0.0596727 0.905222
0.0191588 9.9991E-05 0.0270214 0.95372
0.0351561 9.9982E-05 9.9982E-05 0.964644
9.9991E-05 0.100889 0.0823308 0.816681
0.113031 0.0171589 0.044453 0.825357
0.112316 0.00740051 0.0231482 0.857135
0.128497 9.9982E-05 9.9982E-05 0.871303
0.10101 0.0108819 0.0451153 0.842993
0.0119653 9.9991E-05 0.000615095 0.98732
0.059581 0.0252023 0.0154345 0.899782
0.097673 9.9991E-05 0.0356617 0.866565
0.122453 0.0924612 0.0467481 0.738337
0.120599 0.163985 0.00425696 0.711159
0.0546878 0.108638 0.0656796 0.770994
9.9991E-05 0.177278 0.108367 0.714256
9.998E-05 9.998E-05 9.998E-05 0.9997
0.106346 0.0769411 0.0431565 0.773556
0.0325313 0.0717597 9.9991E-05 0.895609
0.0855621 9.9991E-05 0.0706252 0.843713
0.0902885 0.0665807 0.0465727 0.796558
9.9982E-05 9.9982E-05 0.0377664 0.962034
0.0557439 0.340631 0.0411585 0.562466
9.9982E-05 0.728076 9.9982E-05 0.271724
0.104292 0.245029 0.0190901 0.63159
0.0152121 0.123544 0.0587422 0.802502
0.0451572 0.154841 0.0316079 0.768393
0.067169 0.0454144 0.0229748 0.864442
0.0483431 0.00239706 0.0196246 0.929635
0.0766427 0.0289715 0.0458211 0.848565
0.00839876 0.126651 9.9991E-05 0.864851
0.090453 0.177185 0.0508204 0.681541
0.179576 0.0926196 0.054844 0.672961
0.102558 0.123254 0.0136277 0.760561
0.111817 0.133232 0.0707974 0.684154
0.00493001 0.152085 0.0392724 0.803713
0.0314163 0.0189107 0.0401315 0.909541
0.0836501 9.9991E-05 0.0236363 0.892614
9.9982E-05 9.9982E-05 0.0178281 0.981972
0.120032 0.0179693 0.0289555 0.833044
0.00602722 0.146121 0.00243075 0.845422
0.0680005 9.9991E-05 0.0180731 0.913826
9.9982E-05 9.9982E-05 0.0258027 0.973997
0.078389 0.0553389 0.107597 0.758675
9.9991E-05 0.0196721 0.0381953 0.942033
0.0531139 0.0845678 0.101752 0.760566
9.9982E-05 0.118516 9.9982E-05 0.881284
0.0163556 0.110474 0.0338833 0.839288
0.169464 0.000725775 0.0360365 0.793774
9.9991E-05 0.0197792 0.0129842 0.967137
9.9982E-05 9.9982E-05 0.00328035 0.99652
0.0140998 0.0220568 9.9991E-05 0.963743
0.0372318 0.0977419 0.0472119 0.817814
0.0922596 0.0891173 0.049569 0.769054
0.120178 0.0480366 0.0552211 0.776565
9.9991E-05 0.0647529 0.0352372 0.89991
0.0480793 9.9991E-05 0.0424197 0.909401
9.9991E-05 0.100102 0.0693066 0.830492
0.00816395 0.103209 0.0913701 0.797257
0.2481 0.143778 0.0557309 0.552391
0.283035 0.137794 9.9991E-05 0.579071
0.31177 0.127353 0.0407055 0.520172
0.273423 0.170234 0.0647837 0.491559
0.170331 0.237107 0.063676 0.528886
0.338463 0.168634 0.0404151 0.452488
0.272455 0.196998 0.0485618 0.481985
0.277056 0.120586 0.0902269 0.512132
0.186499 0.257029 0.0264048 0.530067
0.265853 0.197807 0.0117801 0.52456
0.297715 0.147531 9.9991E-05 0.554654
0.0666275 0.855149 0.0221075 0.0561164
0.0973041 0.829824 9.9991E-05 0.0727721
0.101033 0.793473 0.0726035 0.0328901
0.112646 0.815284 0.0675984 0.0044716
0.0749343 0.867209 0.0235469 0.0343099
0.0940949 0.807142 0.0421929 0.05657
0.106953 0.880498 0.012449 9.9991E-05
0.121522 0.804132 9.9991E-05 0.0742464
0.116739 0.766499 0.0974137 0.0193478
0.0438573 0.803944 0.0117332 0.140465
0.114508 0.789183 0.0536129 0.0426962
0.0438514 0.845811 0.0574123 0.0529251
0.0797655 0.875121 0.0450137 9.9991E-05
9.9991E-05 0.840977 0.0367756 0.122148
0.086086 0.813913 0.0853493 0.0146519
0.0498435 0.859145 0.090911 9.9991E-05
0.0779233 0.877801 0.0013116 0.0429642
0.0420058 0.80722 0.0846784 0.0660955
0.0471103 0.900849 0.0519411 9.9991E-05
0.079547 0.889413 0.0309397 9.9991E-05
0.10458 0.816108 0.0792124 9.9991E-05
0.0733189 0.817408 0.0188018 0.0904717
0.0345172 0.928486 0.0216986 0.0152982
0.0526992 0.888581 0.0586199 9.9991E-05
0.146317 0.820773 0.0328108 9.9991E-05
0.183293 0.783739 0.032868 9.9991E-05
0.090223 0.869788 0.0398889 9.9991E-05
0.0534475 0.840984 0.0688075 0.0367609
0.0973691 0.805272 0.0609862 0.0363724
0.0689811 0.908664 9.9991E-05 0.0222545
0.0315526 0.954675 9.9991E-05 0.0136727
0.110493 0.816492 0.0729148 9.9991E-05
0.107281 0.863132 0.00501629 0.0245703
0.0998034 0.811218 0.0469264 0.0420518
0.0983829 0.84839 0.040086 0.013141
0.123615 0.689189 0.0293355 0.15786
0.181358 0.598047 0.0515852 0.16901
0.149994 0.569938 0.142997 0.137071
0.147562 0.565303 0.155848 0.131288
0.178081 0.497104 0.127586 0.197229
0.193651 0.567839 0.0244543 0.214056
0.128386 0.612108 0.022504 0.237003
0.264456 0.488873 0.121019 0.125652
