0.955108 9.9991E-05 0.0219393 0.0228523
0.830489 0.0381727 0.0325842 0.0987539
0.83837 9.9991E-05 0.136496 0.0250335
0.88899 9.9991E-05 0.0337285 0.0771818
0.855631 0.0119715 0.0505365 0.0818606
0.908891 9.9982E-05 9.9982E-05 0.0909095
0.941693 9.9982E-05 9.9982E-05 0.0581071
0.858872 0.0300257 0.0124319 0.0986699
0.819644 0.0311136 0.0412169 0.108026
0.880614 0.007217 0.0478186 0.0643505
0.856838 9.9991E-05 0.0237636 0.119298
0.888947 9.9991E-05 0.00346478 0.107488
0.815897 0.0430314 0.0458848 0.0951866
0.833941 9.9991E-05 0.0367864 0.129173
0.893001 9.9991E-05 0.0638483 0.0430509
0.904647 9.9991E-05 0.0416581 0.0535947
0.970984 0.0288162 9.9982E-05 9.9982E-05
0.943185 0.0566152 9.9982E-05 9.9982E-05
0.950739 0.0490606 9.9982E-05 9.9982E-05
0.914175 0.0785321 0.00719314 9.9991E-05
9.998E-05 9.998E-05 0.9997 9.998E-05
9.9982E-05 9.9982E-05 0.892807 0.106993
0.0587682 9.9991E-05 0.862756 0.078376
9.9991E-05 0.0401047 0.879443 0.080352
0.0139203 0.00343593 0.982544 9.9991E-05
9.998E-05 9.998E-05 0.9997 9.998E-05
9.9991E-05 0.0525902 0.868223 0.0790868
9.998E-05 9.998E-05 0.9997 9.998E-05
9.9991E-05 0.0880777 0.723416 0.188407
0.0457551 0.171772 0.617182 0.165291
9.9991E-05 0.045405 0.734232 0.220263
9.9991E-05 0.146205 0.679971 0.173723
0.0169198 0.140283 0.674746 0.168051
9.9991E-05 0.180392 0.618429 0.201079
0.0312262 0.243646 0.630368 0.09476
0.071679 0.167824 0.556759 0.203739
0.00488706 0.259006 0.554336 0.18177
0.0564937 0.41889 0.037756 0.486861
0.0270801 0.473747 0.0453096 0.453864
0.0368878 0.414018 0.0700234 0.479071
0.0193786 0.416261 0.055432 0.508928
0.0376777 0.462797 0.00608775 0.493437
0.0242571 0.435705 0.0480948 0.491944
0.0837237 0.319729 0.0432719 0.553276
0.00572768 0.466472 0.0884812 0.439319
0.0686114 0.339701 0.027886 0.563801
0.0162679 0.482465 9.9991E-05 0.501167
9.9982E-05 0.458968 9.9982E-05 0.540832
0.0708587 0.391353 0.000199369 0.537589
0.0179298 0.400715 0.0348698 0.546485
0.0238919 0.42497 0.00948687 0.541652
0.0533816 0.384721 0.020563 0.541334
0.0238573 0.467638 0.00424787 0.504257
0.0784912 0.416435 0.0596066 0.445467
0.0518385 0.420129 0.0315136 0.496519
0.0409202 0.375875 0.0602362 0.522968
0.0961742 0.397293 0.0360394 0.470494
0.0362421 0.719676 0.0581879 0.185894
0.021448 0.978352 9.9982E-05 9.9982E-05
0.046055 0.808579 0.106432 0.0389338
0.0370263 0.890736 0.0404991 0.0317382
9.9991E-05 0.957139 0.0294549 0.0133064
0.0460679 0.889031 0.04244 0.0224606
0.0412548 0.924479 0.0341661 9.9991E-05
9.9982E-05 0.983372 0.0164277 9.9982E-05
0.125464 0.788291 9.9991E-05 0.0861447
0.0380025 0.807875 0.090826 0.0632961
0.0216279 0.881553 0.0475036 0.0493157
9.9982E-05 0.894351 0.10545 9.9982E-05
0.0497226 0.868809 0.081368 9.9991E-05
9.998E-05 0.9997 9.998E-05 9.998E-05
0.0277045 0.92547 0.0286251 0.0182003
0.0445828 0.862886 0.092431 9.9991E-05
0.0512975 0.714545 0.124346 0.109811
9.9991E-05 0.732891 0.119746 0.147263
0.0742269 0.76256 0.0557392 0.107474
0.110619 0.702611 9.9991E-05 0.18667
0.0293001 0.968106 9.9991E-05 0.00249376
0.0621346 0.750035 0.0609663 0.126864
9.9991E-05 0.899796 0.0245882 0.0755153
0.0910199 0.819094 0.0504292 0.0394565
0.0580161 0.781662 0.138129 0.0221936
0.0590344 0.940766 9.9982E-05 9.9982E-05
0.0530945 0.579883 0.0065886 0.360434
0.0253845 0.226385 9.9991E-05 0.748131
0.0133654 0.606564 0.109413 0.270657
0.0287471 0.791806 0.0512225 0.128225
0.00308183 0.810044 0.018177 0.168697
0.0136552 0.869254 0.0561938 0.0608969
0.0332321 0.960359 9.9991E-05 0.00630938
0.0403741 0.854604 0.0686741 0.0363482
9.9991E-05 0.89657 0.0126393 0.0906909
0.041744 0.731864 0.0813797 0.145012
0.054158 0.694093 0.136549 0.1152
0.0323609 0.789185 0.0613616 0.117092
0.112748 0.728451 0.0923693 0.0664325
0.0338441 0.783005 9.9991E-05 0.18305
0.0811661 0.896661 0.0131525 0.00902063
0.0212902 0.892644 0.0859657 9.9991E-05
0.0204519 0.979348 9.9982E-05 9.9982E-05
0.0165163 0.824624 0.152443 0.0064169
0.0225784 0.820336 0.0569073 0.100179
0.0133838 0.931441 0.0550755 9.9991E-05
0.0406548 0.959145 9.9982E-05 9.9982E-05
0.0751738 0.798806 0.0388438 0.0871763
0.0282363 0.930918 9.9991E-05 0.0407456
0.0780549 0.797557 0.0345094 0.0898783
0.0158963 0.884942 9.9991E-05 0.0990621
0.0631637 0.828812 0.0383634 0.0696613
9.9991E-05 0.844407 0.148515 0.00697805
0.00699603 0.960384 9.9991E-05 0.0325197
0.0270853 0.972715 9.9982E-05 9.9982E-05
9.9991E-05 0.95804 0.0177966 0.0240632
0.0516334 0.818302 0.0170256 0.113039
0.0693155 0.736062 0.08249 0.112132
0.0405868 0.808173 0.0990832 0.0521574
0.0572226 0.904102 0.00055667 0.0381186
0.030617 0.962635 0.00664781 9.9991E-05
0.0750716 0.845937 9.9991E-05 0.0788919
0.062928 0.784907 0.0406127 0.111552
0.0413373 0.562566 0.236254 0.159843
9.9991E-05 0.548368 0.262429 0.189103
0.0327201 0.536226 0.275844 0.15521
0.0694841 0.501202 0.216872 0.212442
0.0768723 0.540048 0.169324 0.213756
0.0185596 0.501045 0.283827 0.196568
0.0594376 0.480483 0.281983 0.178096
0.0957353 0.550619 0.27685 0.0767953
0.0170192 0.495678 0.218337 0.268966
0.00566555 0.538219 0.242597 0.213518
9.9991E-05 0.564072 0.274111 0.161717
0.0125263 0.0604864 0.0980826 0.828905
0.0155991 0.0699088 0.0991602 0.815332
0.0563948 0.0353836 0.0882802 0.819941
0.0787491 9.9991E-05 0.0681517 0.852999
0.0425776 0.0563469 0.0580893 0.842986
0.0445021 0.0442733 0.12548 0.785745
0.0109709 0.0434742 0.101431 0.844124
9.9991E-05 0.112306 0.104015 0.783579
0.0864006 0.0681678 0.099214 0.746218
9.9991E-05 0.0952255 0.0622198 0.842455
0.0458078 0.0930655 0.108844 0.752283
0.0537672 0.0384306 0.0599366 0.847866
0.0251784 0.0489662 0.0772208 0.848635
0.0552699 0.0798793 9.9991E-05 0.864751
0.113013 0.0176372 0.0664385 0.802912
0.0926783 9.9991E-05 0.0157703 0.891451
0.00780673 0.0693675 0.0579314 0.864894
0.0759935 0.0799396 0.0453804 0.798687
0.0736321 9.9991E-05 0.0260479 0.90022
0.0835597 0.00911501 0.0510442 0.856281
0.0936349 9.9991E-05 0.0737846 0.832481
0.00192671 0.109835 0.0710178 0.817221
0.0606224 9.9991E-05 0.0374119 0.901866
0.0402752 9.9991E-05 0.0810409 0.878584
0.0720068 9.9991E-05 0.0988384 0.829055
0.0389653 0.00339971 0.126749 0.830886
0.0320272 9.9991E-05 0.0841333 0.883739
0.0746995 0.00509263 0.0110981 0.90911
0.090336 0.00204672 0.0683485 0.839269
9.9982E-05 9.9982E-05 0.0731762 0.926624
9.9991E-05 0.0091483 0.0753818 0.91537
0.0544104 9.9991E-05 0.102349 0.84314
9.9991E-05 0.0297805 0.104105 0.866015
0.0184841 0.00515706 0.108349 0.86801
0.0407452 9.9991E-05 0.0999403 0.859214
0.0547429 0.152077 0.113451 0.679729
0.104243 0.174991 0.145048 0.575718
0.11985 0.165702 0.16135 0.553098
0.113024 0.106354 0.173276 0.607345
0.119379 0.194347 0.149229 0.537045
0.0198704 0.228021 0.214279 0.53783
0.0172311 0.196286 0.127004 0.659479
0.104254 0.129164 0.27114 0.495443
