9.9946E-05 9.9946E-05 9.9946E-05 9.9946E-05 0.0153883 0.0107102 0.0306756 0.942626 9.9946E-05 9.9946E-05
0.00182639 0.00822962 9.996E-05 9.996E-05 0.188579 9.996E-05 0.0419052 0.700042 0.0590174 9.996E-05
0.00584701 9.9946E-05 9.9946E-05 9.9946E-05 0.189873 9.9946E-05 9.9946E-05 0.754396 0.0492839 9.9946E-05
0.00838124 9.9955E-05 9.9955E-05 0.00458709 0.133404 9.9955E-05 9.9955E-05 0.746848 0.10628 9.9955E-05
9.9973E-05 0.00604149 0.0597492 0.0379028 0.00858332 9.9973E-05 9.9973E-05 0.788717 0.079202 0.0195041
9.9955E-05 0.0633909 9.9955E-05 9.9955E-05 9.9955E-05 0.00894341 0.00420636 0.847145 0.0758142 9.9955E-05
9.9937E-05 9.9937E-05 9.9937E-05 0.0397258 9.9937E-05 0.0609207 9.9937E-05 0.898654 9.9937E-05 9.9937E-05
9.9955E-05 0.0133543 9.9955E-05 0.132638 9.9955E-05 0.0664356 9.9955E-05 0.783957 9.9955E-05 0.00311529
9.9946E-05 9.9946E-05 9.9946E-05 0.124364 0.0358001 9.9946E-05 9.9946E-05 0.732611 0.106626 9.9946E-05
0.0519189 0.0357459 9.9955E-05 9.9955E-05 9.9955E-05 0.0775391 9.9955E-05 0.798647 9.9955E-05 0.0356493
0.0438856 0.0287758 9.9964E-05 9.9964E-05 0.115683 9.9964E-05 9.9964E-05 0.67737 0.133029 0.000856422
0.0856926 9.9964E-05 9.9964E-05 9.9964E-05 0.0825387 9.9964E-05 0.0094842 0.745688 0.0693567 0.00683947
0.00131992 0.0562126 9.9973E-05 0.132712 0.0167064 0.0351031 0.0138297 0.743816 9.9973E-05 9.9973E-05
0.065469 9.9955E-05 0.0711969 9.9955E-05 9.9955E-05 9.9955E-05 0.0141542 0.682374 0.166306 9.9955E-05
0.0291052 9.9946E-05 9.9946E-05 0.0632897 0.129926 9.9946E-05 9.9946E-05 0.777079 9.9946E-05 9.9946E-05
9.99501E-05 0.0152958 0.0322485 9.99501E-05 9.99501E-05 9.99501E-05 9.99501E-05 0.828473 0.123383 9.99501E-05
9.9946E-05 0.0242228 0.0283916 9.9946E-05 9.9946E-05 9.9946E-05 9.9946E-05 0.936189 9.9946E-05 0.0105965
9.993E-05 9.993E-05 0.0530464 9.993E-05 9.993E-05 9.993E-05 0.0114894 0.934765 9.993E-05 9.993E-05
9.9937E-05 0.00255823 9.9937E-05 9.9937E-05 9.9937E-05 9.9937E-05 0.061063 0.935679 9.9937E-05 9.9937E-05
0.00668037 9.9955E-05 0.0751529 9.9955E-05 9.9955E-05 9.9955E-05 0.0205201 0.888559 9.9955E-05 0.00858784
0.999101 9.99201E-05 9.99201E-05 9.99201E-05 9.99201E-05 9.99201E-05 9.99201E-05 9.99201E-05 9.99201E-05 9.99201E-05
0.674146 9.9946E-05 9.9946E-05 9.9946E-05 0.190894 0.109989 0.0243708 9.9946E-05 9.9946E-05 9.9946E-05
0.652829 9.9982E-05 0.0373799 0.114254 9.9982E-05 0.0145537 0.0699324 0.0341126 0.0712309 0.00550835
0.746232 9.9946E-05 0.0531343 9.9946E-05 9.9946E-05 9.9946E-05 0.182613 9.9946E-05 9.9946E-05 0.0174205
0.815377 9.9946E-05 9.9946E-05 0.177314 9.9946E-05 0.00510085 9.9946E-05 0.001609 9.9946E-05 9.9946E-05
0.735536 9.9946E-05 9.9946E-05 0.222522 9.9946E-05 9.9946E-05 9.9946E-05 0.0374527 9.9946E-05 0.00388957
0.659499 9.9955E-05 0.138144 0.0795541 9.9955E-05 0.041874 0.0804287 9.9955E-05 9.9955E-05 9.9955E-05
0.999101 9.99201E-05 9.99201E-05 9.99201E-05 9.99201E-05 9.99201E-05 9.99201E-05 9.99201E-05 9.99201E-05 9.99201E-05
0.608339 9.9946E-05 9.9946E-05 0.252232 9.9946E-05 9.9946E-05 9.9946E-05 9.9946E-05 0.129355 0.00947421
0.566784 9.9973E-05 0.118417 0.0961568 0.0382758 9.9973E-05 0.0399311 9.9973E-05 0.127157 0.0129786
0.624976 9.9946E-05 9.9946E-05 0.20625 0.0361655 9.9946E-05 9.9946E-05 9.9946E-05 0.132009 9.9946E-05
0.683759 0.0243005 0.101961 0.0648897 9.9973E-05 9.9973E-05 0.0850693 0.00127238 0.0384486 9.9973E-05
0.613027 0.0080906 9.9982E-05 0.158378 0.00740716 0.00319911 0.0521353 0.036663 0.120899 9.9982E-05
0.570161 0.0332746 9.9964E-05 0.07129 0.126283 0.182703 9.9964E-05 9.9964E-05 9.9964E-05 0.0158883
0.520196 9.9991E-05 0.0464179 0.177264 0.175205 0.0219626 0.0203641 0.00171603 0.0110925 0.025681
0.398351 0.00781237 9.9973E-05 9.9973E-05 0.385185 0.0264537 0.0182152 0.0159527 0.14773 9.9973E-05
0.584251 9.9973E-05 0.226401 9.9973E-05 0.0314031 0.0104288 0.108873 9.9973E-05 0.0353628 0.00298044
0.0100877 0.0109765 0.100949 0.0584736 0.0120385 0.123416 0.683759 9.9973E-05 9.9973E-05 9.9973E-05
9.9964E-05 0.0305693 0.103165 0.13406 9.9964E-05 9.9964E-05 0.644851 9.9964E-05 0.0603358 0.0266189
9.9973E-05 0.0351791 0.107124 0.100027 0.00395142 9.9973E-05 0.648805 0.0113511 0.093263 9.9973E-05
0.00196777 0.016746 0.185529 9.9973E-05 9.9973E-05 0.0366005 0.740016 0.000532374 0.0183086 9.9973E-05
0.0380046 0.0462768 9.9973E-05 9.9973E-05 0.11191 9.9973E-05 0.730928 0.0255056 0.0252549 0.0218204
0.0288419 0.0235582 0.0740633 0.0634112 9.9982E-05 9.9982E-05 0.767801 0.0198655 0.00600565 0.0162535
0.00668333 0.0325092 9.9991E-05 0.0710172 0.0628985 0.115039 0.654314 0.0250643 0.0150552 0.0173191
0.0371676 0.0139165 0.207301 9.9973E-05 9.9973E-05 9.9973E-05 0.655101 0.00106405 0.0391818 0.0459687
0.0217222 9.9973E-05 0.122981 0.0285646 9.9973E-05 9.9973E-05 0.651666 0.00332832 0.142473 0.0289656
9.9955E-05 0.0745244 0.0853958 9.9955E-05 9.9955E-05 9.9955E-05 0.808963 9.9955E-05 0.0163886 0.0142289
9.9955E-05 9.9955E-05 0.019556 9.9955E-05 0.115601 0.0753203 0.771386 9.9955E-05 9.9955E-05 0.0176365
0.0611732 0.0202696 9.9964E-05 9.9964E-05 0.02936 9.9964E-05 0.853062 0.0333848 9.9964E-05 0.00235038
0.0148497 0.0207422 0.0267998 9.9964E-05 0.0858915 0.161812 0.689505 9.9964E-05 9.9964E-05 9.9964E-05
9.995E-05 0.0374297 9.995E-05 0.118226 0.017866 0.0338656 0.792113 9.995E-05 9.995E-05 9.995E-05
9.9946E-05 0.0127912 9.9946E-05 9.9946E-05 0.0907757 9.9946E-05 0.738061 9.9946E-05 0.157773 9.9946E-05
9.9955E-05 0.0417996 9.9955E-05 0.0375569 9.9955E-05 0.0700068 0.773328 9.9955E-05 9.9955E-05 0.0768085
0.037426 0.0142345 0.0685589 9.9964E-05 0.0607765 9.9964E-05 0.759253 0.0593513 9.9964E-05 9.9964E-05
9.996E-05 0.0262632 0.147386 9.996E-05 9.996E-05 9.996E-05 0.686763 0.00987712 0.0941423 0.0351691
9.9964E-05 0.0454899 9.9964E-05 0.107115 0.115454 9.9964E-05 0.649691 0.0190773 0.0627724 9.9964E-05
0.0627866 9.9973E-05 0.00273202 0.0879246 9.9973E-05 9.9973E-05 0.724986 0.054692 0.0133282 0.0532509
0.0393546 0.012502 0.474424 9.9982E-05 0.261822 9.9982E-05 0.125792 0.0196406 0.0559789 0.0102863
9.99201E-05 9.99201E-05 9.99201E-05 9.99201E-05 0.999101 9.99201E-05 9.99201E-05 9.99201E-05 9.99201E-05 9.99201E-05
0.0256347 0.0416849 0.471942 9.9973E-05 0.261661 0.0901739 9.9973E-05 0.0255929 9.9973E-05 0.0830109
9.997E-05 0.0894158 0.252081 0.236289 0.316828 9.997E-05 0.0233922 0.00840648 9.997E-05 0.0732881
9.9955E-05 0.0546861 0.305329 0.242021 0.368757 9.9955E-05 9.9955E-05 9.9955E-05 9.9955E-05 0.028708
9.998E-05 0.0229473 0.645767 0.0514625 0.202029 0.041324 0.020081 0.00581376 9.998E-05 0.0103757
0.0283235 0.952016 9.9946E-05 9.9946E-05 0.00398975 9.9946E-05 9.9946E-05 9.9946E-05 9.9946E-05 0.015071
9.99201E-05 9.99201E-05 9.99201E-05 9.99201E-05 0.999101 9.99201E-05 9.99201E-05 9.99201E-05 9.99201E-05 9.99201E-05
9.9973E-05 0.0746565 0.404603 0.0637093 0.319865 0.024407 9.9973E-05 0.0978984 9.9973E-05 0.0145606
0.0698958 0.0758336 0.692506 9.996E-05 9.996E-05 0.110311 9.996E-05 0.0199824 9.996E-05 0.0310709
0.00664273 0.0671124 0.689026 0.0241713 0.133037 0.0405953 9.9973E-05 9.9973E-05 9.9973E-05 0.0391149
0.0271977 0.0641595 0.607478 0.132121 0.101418 9.9964E-05 9.9964E-05 9.9964E-05 9.9964E-05 0.0672254
0.0656917 0.072014 0.322315 0.0559734 0.382745 9.9973E-05 9.9973E-05 0.0346554 9.9973E-05 0.0663053
9.9955E-05 0.0203579 0.830367 9.9955E-05 0.106769 9.9955E-05 9.9955E-05 0.0297992 9.9955E-05 0.0122068
9.996E-05 0.0925848 0.6258 0.155202 0.095597 9.996E-05 0.0128654 9.996E-05 9.996E-05 0.0175502
0.0234908 0.0383457 0.378884 0.119376 0.396359 9.9982E-05 0.00851802 9.9982E-05 9.9982E-05 0.0347271
0.0447192 0.0413652 9.9964E-05 0.421897 0.414876 9.9964E-05 0.058848 9.9964E-05 9.9964E-05 0.0178948
0.0619043 0.0949803 0.353496 0.181472 0.0796276 9.9964E-05 0.228121 9.9964E-05 9.9964E-05 9.9964E-05
9.9973E-05 0.0235094 0.592885 9.9973E-05 0.0912004 0.0728362 0.14621 0.0562705 9.9973E-05 0.0167884
9.996E-05 0.0500386 0.161265 9.996E-05 0.305364 9.996E-05 0.440017 0.038785 9.996E-05 0.0041307
9.9946E-05 0.91178 0.0645406 9.9946E-05 0.00978979 9.9946E-05 9.9946E-05 9.9946E-05 9.9946E-05 0.0132904
0.0648651 0.101007 0.151477 0.100782 0.254824 9.9991E-05 0.140749 0.0582217 0.0353083 0.0926668
9.9973E-05 0.129075 0.479561 0.0441068 0.206368 9.9973E-05 0.0650878 9.9973E-05 0.0199942 0.0555067
0.0380982 0.0151864 0.872051 9.9964E-05 9.9964E-05 9.9964E-05 0.0170945 9.9964E-05 0.0422608 0.0149096
0.0345325 0.0382884 0.460841 0.060134 0.299859 0.0232349 0.0222414 0.0171685 9.9991E-05 0.0436003
9.9964E-05 0.038461 0.675772 9.9964E-05 0.148776 9.9964E-05 0.031994 0.0548274 9.9964E-05 0.0497693
0.0358736 0.0304223 0.140674 9.9991E-05 0.247718 0.100944 0.17826 0.00952158 0.171089 0.085397
9.9964E-05 0.0121646 9.9964E-05 9.9964E-05 0.155063 0.445569 0.107119 9.9964E-05 0.240639 0.0390454
0.0108298 9.9991E-05 0.19682 0.17231 0.319058 0.045871 0.102327 0.0252873 0.12309 0.00430633
9.9964E-05 0.025986 0.878035 9.9964E-05 9.9964E-05 0.0288341 9.9964E-05 0.00293015 0.0301998 0.0336149
9.9928E-05 9.9928E-05 0.798499 9.9928E-05 9.9928E-05 9.9928E-05 9.9928E-05 9.9928E-05 0.200701 9.9928E-05
0.0182628 9.997E-05 0.593124 0.0870377 0.167715 0.0686792 0.0320707 9.997E-05 9.997E-05 0.0328108
0.0371983 9.9955E-05 0.0762933 9.9955E-05 0.305387 9.9955E-05 0.014334 9.9955E-05 9.9955E-05 0.566287
0.0600823 0.167346 0.392819 0.140412 0.151514 9.9982E-05 0.0436703 0.00817177 9.9982E-05 0.0357857
9.9964E-05 0.0931825 0.637903 9.9964E-05 0.161057 0.0362615 0.0595177 9.9964E-05 9.9964E-05 0.011678
0.0319086 0.0164122 0.1779 9.9973E-05 0.54044 9.9973E-05 9.9973E-05 0.0335882 0.162602 0.0368498
0.0647326 0.109032 0.133977 0.142378 0.383096 9.9991E-05 0.00436079 0.0653017 0.0829604 0.0140617
0.0329789 0.0583621 0.263625 0.0358241 0.45247 0.0705184 9.9991E-05 0.0235422 0.0378047 0.0247748
0.0489522 0.0168795 0.219273 0.0358706 0.500915 0.0346995 0.0143792 0.0976231 9.9991E-05 0.0313077
9.9982E-05 0.127023 0.0211051 0.241623 0.347825 0.132197 0.0535415 0.0383658 9.9982E-05 0.038119
9.9973E-05 0.054701 0.546989 0.043009 0.210403 9.9973E-05 0.0387006 0.0784088 9.9973E-05 0.0274883
0.0135644 0.0569609 0.520922 0.217732 0.173482 9.9964E-05 9.9964E-05 9.9964E-05 9.9964E-05 0.016939
9.9982E-05 0.101359 0.394487 0.0426002 0.318691 0.00792739 0.0562229 0.0161443 9.9982E-05 0.0623682
0.0527142 9.9973E-05 0.422637 0.0654897 0.316511 9.9973E-05 9.9973E-05 0.0290962 0.0716087 0.0416424
0.000961722 0.0728657 0.250966 0.00274895 0.391805 0.143539 9.997E-05 9.997E-05 9.997E-05 0.136813
9.9955E-05 9.9955E-05 0.713874 0.162208 0.0957666 9.9955E-05 9.9955E-05 9.9955E-05 0.000444686 0.027207
9.99201E-05 9.99201E-05 9.99201E-05 9.99201E-05 9.99201E-05 9.99201E-05 9.99201E-05 9.99201E-05 9.99201E-05 0.999101
9.998E-05 0.0973844 0.168543 0.124736 0.378511 0.0767307 0.0284149 0.0532064 9.998E-05 0.0722741
0.0333466 0.073205 0.610834 0.0064107 0.222794 9.9982E-05 0.00133721 0.00800759 9.9982E-05 0.0438653
9.9964E-05 0.00661919 0.522837 9.9964E-05 0.265379 0.093019 9.9964E-05 0.0381075 9.9964E-05 0.0736382
9.9973E-05 0.044322 0.658929 0.0368129 0.0951352 9.9973E-05 0.0916397 9.9973E-05 0.0390001 0.0338609
9.9955E-05 0.105447 0.245371 0.258042 0.375607 9.9955E-05 9.9955E-05 0.0150328 9.9955E-05 9.9955E-05
0.00580445 0.00978393 0.445747 0.215465 0.264337 0.0173944 9.9982E-05 0.0370539 9.9982E-05 0.00421399
9.99201E-05 0.999101 9.99201E-05 9.99201E-05 9.99201E-05 9.99201E-05 9.99201E-05 9.99201E-05 9.99201E-05 9.99201E-05
9.99201E-05 9.99201E-05 9.99201E-05 9.99201E-05 9.99201E-05 9.99201E-05 9.99201E-05 9.99201E-05 9.99201E-05 0.999101
9.99201E-05 0.999101 9.99201E-05 9.99201E-05 9.99201E-05 9.99201E-05 9.99201E-05 9.99201E-05 9.99201E-05 9.99201E-05
9.9955E-05 0.0477356 0.0674407 9.9955E-05 0.738506 9.9955E-05 9.9955E-05 9.9955E-05 0.0936675 0.0521506
0.0806661 0.112764 9.9982E-05 0.00948158 0.581276 9.9982E-05 0.0675778 0.0659444 0.00588784 0.0762018
0.0218536 0.0709502 0.154947 0.0852792 0.478122 0.0997396 0.00518575 0.0226901 9.999E-05 0.0611324
9.996E-05 0.0954409 0.473884 9.996E-05 0.30662 9.996E-05 0.028678 0.0538565 9.996E-05 0.04112
0.0379162 0.0610649 0.791597 9.9964E-05 9.9964E-05 0.0502832 9.9964E-05 0.00282064 9.9964E-05 0.0559186
9.995E-05 9.995E-05 9.995E-05 9.995E-05 0.434503 0.0725327 0.030508 0.0069169 9.995E-05 0.45504
0.00111507 0.0068829 0.47186 9.998E-05 0.265038 0.0956147 0.0542258 0.0428142 9.998E-05 0.0622489
9.9928E-05 9.9928E-05 9.9928E-05 0.718728 0.280473 9.9928E-05 9.9928E-05 9.9928E-05 9.9928E-05 9.9928E-05
9.995E-05 0.0434538 0.0709443 0.849907 9.995E-05 0.0240768 9.995E-05 9.995E-05 9.995E-05 0.0111185
0.0199853 0.0588401 9.9946E-05 0.899965 9.9946E-05 9.9946E-05 9.9946E-05 9.9946E-05 9.9946E-05 0.0206102
9.9946E-05 9.9946E-05 9.9946E-05 0.812821 0.165077 0.0159931 9.9946E-05 0.00550884 9.9946E-05 9.9946E-05
0.0397847 0.073488 0.0570977 0.671376 0.0252123 9.9973E-05 9.9973E-05 9.9973E-05 0.0850049 0.0477364
0.0294291 0.000158168 9.9946E-05 0.911336 9.9946E-05 0.0584767 9.9946E-05 9.9946E-05 9.9946E-05 9.9946E-05
9.9937E-05 9.9937E-05 9.9937E-05 0.980171 9.9937E-05 9.9937E-05 9.9937E-05 0.01543 0.00369928 9.9937E-05
9.9946E-05 9.9946E-05 0.075907 0.862453 9.9946E-05 9.9946E-05 9.9946E-05 0.0519121 9.9946E-05 0.00912805
9.9937E-05 9.9937E-05 9.9937E-05 0.859086 9.9937E-05 0.0512114 0.089003 9.9937E-05 9.9937E-05 9.9937E-05
9.9955E-05 0.0515976 9.9955E-05 0.751855 0.0793477 9.9955E-05 0.0724209 9.9955E-05 9.9955E-05 0.0442786
0.0722444 0.00287781 0.0703055 0.742696 0.0721194 0.0293321 9.9973E-05 9.9973E-05 9.9973E-05 0.0101254
9.9964E-05 0.0617333 9.9964E-05 0.152162 9.9964E-05 0.00208899 0.015515 0.00215616 0.765944 9.9964E-05
9.9955E-05 9.9955E-05 9.9955E-05 0.163568 9.9955E-05 0.417862 9.9955E-05 0.00349426 0.369674 0.0449025
0.0991118 0.0253467 0.0189306 9.999E-05 0.0222844 0.080286 0.0265162 0.0187634 0.695382 0.0132793
9.9946E-05 9.9946E-05 0.0403639 9.9946E-05 9.9946E-05 9.9946E-05 0.102509 0.0291843 0.827343 9.9946E-05
9.9955E-05 0.04006 9.9955E-05 9.9955E-05 0.0572261 9.9955E-05 0.106445 0.0334917 0.762278 9.9955E-05
9.9964E-05 0.0202255 9.9964E-05 0.147074 0.0448804 0.204233 9.9964E-05 9.9964E-05 0.580072 0.00311461
0.0181295 0.0165139 9.9955E-05 9.9955E-05 9.9955E-05 9.9955E-05 0.0475344 9.9955E-05 0.828174 0.089148
9.9955E-05 9.9955E-05 0.114458 0.00834365 9.9955E-05 0.250545 9.9955E-05 9.9955E-05 0.590289 0.0358644
0.0277335 0.075678 0.0079375 9.9973E-05 0.147594 9.9973E-05 9.9973E-05 0.0686344 0.663348 0.00877443
9.9946E-05 9.9946E-05 9.9946E-05 0.152772 9.9946E-05 9.9946E-05 0.139421 9.9946E-05 0.701131 0.00607612
9.9964E-05 0.0688059 9.9964E-05 0.0569185 9.9964E-05 0.00173482 0.0738903 0.00400677 0.794244 9.9964E-05
9.994E-05 9.994E-05 9.994E-05 9.994E-05 9.994E-05 0.512151 0.118383 0.00881424 0.360052 9.994E-05
0.0286463 9.998E-05 0.00368677 0.0452931 0.177968 0.114488 0.0191946 0.00989816 0.600626 9.998E-05
9.9964E-05 0.000601273 9.9964E-05 0.0055829 0.287902 0.266043 0.0584548 9.9964E-05 0.381017 9.9964E-05
0.0322881 0.00104482 9.9973E-05 9.9973E-05 0.0907236 0.724959 9.9973E-05 0.0309947 0.111664 0.00802604
9.9937E-05 9.9937E-05 9.9937E-05 9.9937E-05 0.130138 0.821543 9.9937E-05 0.0476198 9.9937E-05 9.9937E-05
9.9937E-05 0.00545506 9.9937E-05 0.019224 9.9937E-05 0.974621 9.9937E-05 9.9937E-05 9.9937E-05 9.9937E-05
9.9937E-05 9.9937E-05 0.106689 9.9937E-05 9.9937E-05 0.884368 9.9937E-05 0.00824359 9.9937E-05 9.9937E-05
9.99201E-05 9.99201E-05 9.99201E-05 9.99201E-05 9.99201E-05 0.999101 9.99201E-05 9.99201E-05 9.99201E-05 9.99201E-05
0.0567072 0.0203929 9.9946E-05 9.9946E-05 0.0460422 0.876258 9.9946E-05 9.9946E-05 9.9946E-05 9.9946E-05
0.0414208 0.0590157 9.9946E-05 9.9946E-05 0.0488854 0.850078 9.9946E-05 9.9946E-05 9.9946E-05 9.9946E-05
0.0197674 9.9955E-05 0.0315459 0.0403309 9.9955E-05 0.897266 9.9955E-05 9.9955E-05 9.9955E-05 0.0105895
9.9973E-05 0.0483783 9.9973E-05 0.0431567 0.0659716 0.102983 9.9973E-05 0.016532 0.709317 0.0133609
9.9946E-05 9.9946E-05 0.0438891 9.9946E-05 0.0909268 9.9946E-05 9.9946E-05 0.0151606 0.849424 9.9946E-05
0.0283328 9.9964E-05 9.9964E-05 9.9964E-05 0.159722 0.045902 9.9964E-05 0.00813148 0.691631 0.0658807
0.0459057 9.997E-05 0.0273941 0.0735589 0.0626534 0.103871 9.997E-05 0.0529575 0.63336 9.997E-05
0.0201589 0.0821402 9.9973E-05 0.0485993 0.0069804 9.9973E-05 0.0316427 0.00502003 0.805159 9.9973E-05
9.995E-05 9.995E-05 9.995E-05 9.995E-05 0.24341 0.112203 0.00861934 0.0414938 0.593774 9.995E-05
0.0186859 9.9973E-05 9.9973E-05 0.0366017 0.158682 0.442005 0.0404771 0.0298687 0.273379 9.9973E-05
0.0597503 0.0260301 9.9955E-05 9.9955E-05 9.9955E-05 9.9955E-05 0.035965 9.9955E-05 0.831392 0.0463632
9.996E-05 0.0466997 9.996E-05 0.0608676 9.996E-05 0.184319 0.0558799 9.996E-05 0.631773 0.0200613
0.0462448 0.00585 0.00167347 0.00846 0.0717057 0.03338 0.0859709 0.0541988 0.670333 0.0221836
0.0576891 9.9982E-05 0.0677832 0.0109332 0.0201833 0.110725 0.0572108 9.9982E-05 0.674449 0.000826419
0.019986 0.0248197 0.00626448 9.997E-05 0.0381192 0.144303 9.997E-05 9.997E-05 0.732662 0.0335453
9.9973E-05 0.0299128 0.00287916 0.048462 0.0062767 9.9973E-05 9.9973E-05 0.00276974 0.903521 0.00587831
0.0675711 9.9946E-05 9.9946E-05 9.9946E-05 0.246227 9.9946E-05 0.621057 9.9946E-05 0.0645453 9.9946E-05
0.0282519 9.9973E-05 9.9973E-05 9.9973E-05 0.177287 0.0779294 0.53602 0.0288627 0.0967853 0.0545635
0.0684276 0.0125922 9.9964E-05 9.9964E-05 0.26916 0.103324 0.511147 0.0349495 9.9964E-05 9.9964E-05
0.026945 0.0061843 9.999E-05 0.00556003 0.277301 0.0582314 0.428512 0.0436781 0.128033 0.025456
0.0357481 9.998E-05 0.0176975 0.0576436 0.129193 0.180945 0.503439 0.0581473 9.998E-05 0.0169862
0.0977734 0.00857367 0.0430588 0.0209093 9.997E-05 0.125198 0.681506 9.997E-05 9.997E-05 0.0226813
0.0544751 9.9946E-05 9.9946E-05 9.9946E-05 0.152558 9.9946E-05 0.691586 9.9946E-05 0.100781 9.9946E-05
0.120274 9.997E-05 9.997E-05 0.141012 0.0389467 0.0101576 0.543788 0.071931 0.0735911 9.997E-05
