0.9997 9.998E-05 9.998E-05 9.998E-05
0.765629 0.132026 0.00892157 0.0934238
0.823443 9.9982E-05 9.9982E-05 0.176357
0.838537 0.00592314 9.9991E-05 0.15544
0.882863 0.0476042 0.0234763 0.0460562
0.913499 9.9991E-05 0.0297039 0.0566972
0.935634 9.9982E-05 9.9982E-05 0.0641658
0.886976 0.0214733 0.0239704 0.0675806
0.805598 0.000951494 9.9991E-05 0.19335
0.899897 0.00622112 9.9991E-05 0.0937822
0.800699 0.0506218 9.9991E-05 0.148579
0.810163 0.0334536 0.0023688 0.154015
0.819817 0.0923384 0.0124282 0.0754168
0.746587 0.0115019 0.0488045 0.193107
0.872532 0.0213944 9.9991E-05 0.105974
0.930354 9.9991E-05 0.0107091 0.0588371
0.9997 9.998E-05 9.998E-05 9.998E-05
0.9997 9.998E-05 9.998E-05 9.998E-05
0.992503 9.9982E-05 0.00729683 9.9982E-05
0.986713 0.000239811 9.9991E-05 0.0129476
0.0270132 0.124361 9.9991E-05 0.848526
0.0350313 0.22558 9.9991E-05 0.739289
0.0385919 0.283778 0.058498 0.619132
0.0128321 0.232997 0.0605072 0.693664
0.00515536 0.190401 9.9991E-05 0.804343
0.0492604 0.258049 9.9991E-05 0.69259
9.9991E-05 0.275335 0.0606733 0.663892
0.0125422 0.129026 9.9991E-05 0.858331
9.9982E-05 0.26701 9.9982E-05 0.73279
0.000888525 0.318524 0.0459232 0.634664
9.9982E-05 0.24006 9.9982E-05 0.75974
9.9991E-05 0.238738 0.0604021 0.70076
0.0449016 0.22886 0.00759757 0.718641
9.9982E-05 0.319097 9.9982E-05 0.680703
0.0442681 0.417399 9.9991E-05 0.538233
0.0717615 0.301657 9.9991E-05 0.626481
9.9991E-05 0.340941 0.0594332 0.599526
0.0265092 0.110813 0.819865 0.0428123
0.0282651 0.131142 0.821945 0.0186479
0.0469115 0.143239 0.751046 0.0588033
0.0464304 0.0737655 0.852562 0.0272416
0.0412489 0.101434 0.857217 9.9991E-05
0.00840364 0.106287 0.88521 9.9991E-05
0.0679421 0.0578395 0.752847 0.121371
0.0312041 0.10534 0.814965 0.0484905
0.0641263 0.0351931 0.820442 0.0802387
9.9982E-05 0.127194 0.872606 9.9982E-05
0.0156688 0.0492535 0.921906 0.0131714
0.0547863 9.9991E-05 0.942861 0.00225236
0.0404074 0.0207097 0.862519 0.0763638
0.0250707 0.0236346 0.88662 0.0646749
9.9991E-05 0.0454701 0.926451 0.0279785
0.0345476 0.0972126 0.86814 9.9991E-05
0.114054 0.0553863 0.830459 9.9991E-05
0.0340648 0.0831396 0.822031 0.0607646
0.0223704 0.109603 0.765677 0.102349
0.117545 0.0347449 0.732536 0.115174
0.0450494 0.625729 0.186927 0.142295
0.0849661 0.843659 9.9991E-05 0.0712754
0.0233931 0.730753 0.127589 0.118265
0.0219263 0.814495 0.125385 0.0381938
9.9991E-05 0.883613 0.0361844 0.0801025
0.0219844 0.753965 0.176583 0.0474671
0.0374193 0.848487 0.0771984 0.0368955
9.9991E-05 0.906061 0.0224892 0.0713503
0.128428 0.690433 0.0920749 0.089064
0.067711 0.696075 0.0653862 0.170828
0.065176 0.821797 0.069021 0.0440058
9.9991E-05 0.892179 0.0304883 0.0772331
0.0447108 0.806371 9.9991E-05 0.148819
0.0779036 0.820537 0.0988576 0.00270223
0.00752716 0.835854 0.110625 0.0459939
0.0345192 0.82979 0.0646145 0.0710762
0.0462077 0.722608 0.0405211 0.190663
9.9991E-05 0.555489 0.363613 0.0807971
0.101457 0.572808 0.310409 0.0153256
0.100475 0.425785 0.473639 9.9991E-05
9.9982E-05 0.862858 0.136942 9.9982E-05
0.0634117 0.619289 0.185404 0.131895
9.9991E-05 0.772596 0.204996 0.0223077
0.0674087 0.6907 0.151986 0.0899057
0.0614659 0.77652 0.043532 0.118482
0.104118 0.782116 0.113666 9.9991E-05
0.0336904 0.412365 0.346142 0.207803
0.000972492 0.0863463 0.489233 0.423448
0.0490414 0.466056 0.266654 0.218248
0.040953 0.67196 0.23144 0.0556468
0.00882492 0.598921 0.292684 0.0995706
0.0319349 0.695772 0.14597 0.126323
0.0560078 0.875784 0.068108 9.9991E-05
0.0311974 0.737791 0.165105 0.0659067
9.9991E-05 0.785045 0.129737 0.0851175
0.101089 0.560814 0.0298537 0.308243
0.0882066 0.635593 0.048367 0.227833
0.0718383 0.654697 0.0573421 0.216123
0.138058 0.647948 0.0290646 0.184929
0.0776141 0.587811 0.191272 0.143304
0.0834324 0.698555 0.217913 9.9991E-05
0.0280753 0.824148 0.076023 0.071754
0.0508248 0.754865 0.19421 9.9991E-05
0.0569732 0.72557 0.0789622 0.138495
0.053269 0.747612 0.0634921 0.135627
0.0317405 0.830848 0.0454818 0.0919294
0.0411309 0.958669 9.9982E-05 9.9982E-05
0.111291 0.682093 0.0380613 0.168554
0.0545634 0.788203 0.102608 0.0546263
0.0856603 0.705355 0.110172 0.0988126
0.0573386 0.677326 0.256263 0.00907224
0.0557412 0.774768 0.0960071 0.0734834
0.0673558 0.726993 0.0453508 0.160301
9.9982E-05 0.862411 0.137389 9.9982E-05
0.0222467 0.965484 0.0121694 9.9991E-05
9.9982E-05 0.840199 0.159601 9.9982E-05
0.067205 0.79501 0.0346994 0.103085
0.0649344 0.737562 0.043102 0.154401
0.0616376 0.753874 0.00315828 0.18133
0.0566026 0.796019 0.147278 9.9991E-05
0.0449048 0.753604 0.130588 0.0709037
0.0958254 0.793373 0.0850527 0.0257486
0.124705 0.663363 0.158271 0.0536614
0.0118204 0.684425 9.9991E-05 0.303654
9.9991E-05 0.613676 0.105837 0.280387
0.0155108 0.630454 0.0235539 0.330481
0.0377715 0.621454 9.9991E-05 0.340675
0.0050594 0.620276 0.022143 0.352521
9.9982E-05 0.544999 9.9982E-05 0.454801
0.0506712 0.512375 0.102124 0.33483
0.0675561 0.585231 9.9991E-05 0.347113
0.0189618 0.484632 0.17144 0.324967
0.00633107 0.570393 0.201318 0.221957
0.0197061 0.610777 0.0591444 0.310373
0.0171679 9.9991E-05 0.26368 0.719052
9.9982E-05 9.9982E-05 0.274759 0.725041
0.0132723 9.9991E-05 0.295728 0.6909
0.0431058 9.9991E-05 0.319948 0.636846
0.0397186 9.9991E-05 0.336561 0.623621
0.0330413 0.0158562 0.212972 0.738131
9.9982E-05 9.9982E-05 0.346636 0.653164
9.9982E-05 9.9982E-05 0.224186 0.775614
0.0496259 0.115735 0.291398 0.543242
9.9982E-05 9.9982E-05 0.398616 0.601184
0.0105618 9.9991E-05 0.345883 0.643455
0.0240165 9.9991E-05 0.346623 0.629261
0.0619437 0.00351206 0.344037 0.590507
9.9991E-05 0.156142 0.3741 0.469658
0.0743571 0.105114 0.136862 0.683667
0.0920055 9.9991E-05 0.23876 0.669135
9.9982E-05 9.9982E-05 0.33574 0.66406
0.0436378 9.9991E-05 0.235331 0.720931
0.0355932 9.9991E-05 0.247911 0.716395
0.00852187 9.9991E-05 0.312008 0.67937
0.0975769 0.0430899 0.243718 0.615616
0.0177883 9.9991E-05 0.305069 0.677043
0.0250407 0.049841 0.200241 0.724877
0.0343382 9.9991E-05 0.295115 0.670447
0.0727544 0.0177112 0.160395 0.749139
0.0388198 0.021844 0.210886 0.728451
0.0369166 9.9991E-05 0.280587 0.682397
0.0739383 0.0387166 0.278903 0.608442
0.04134 0.023884 0.240915 0.693861
9.9982E-05 9.9982E-05 0.277854 0.721946
9.9982E-05 9.9982E-05 0.371702 0.628098
0.0636392 9.9991E-05 0.344883 0.591378
9.9982E-05 9.9982E-05 0.315054 0.684746
9.9991E-05 0.0358439 0.176087 0.787969
0.049844 9.9991E-05 0.190968 0.759088
0.0457566 0.0339393 0.734137 0.186167
0.0924201 0.0378178 0.655906 0.213857
0.141533 0.0482049 0.649152 0.161109
0.125501 0.0702146 0.64379 0.160495
0.0904725 0.0998354 0.624918 0.184774
9.9991E-05 0.023376 0.793106 0.183418
0.0138205 0.00991845 0.878192 0.0980687
0.109975 0.0191386 0.622839 0.248047
