9.997E-05 9.997E-05 9.997E-05 0.9996 9.997E-05
0.111689 9.9991E-05 0.120076 0.749306 0.0188281
0.00467071 0.0930137 0.0481726 0.854043 9.9991E-05
0.00836195 0.0859348 0.0814288 0.824174 9.9991E-05
0.0416413 9.9991E-05 0.0830709 0.838464 0.0367242
9.9973E-05 9.9973E-05 0.0832348 0.916465 9.9973E-05
9.9973E-05 9.9973E-05 0.0483879 0.951312 9.9973E-05
0.0175854 0.00209262 0.0519941 0.859159 0.0691689
0.0094819 0.0155024 0.151886 0.82303 9.9991E-05
9.9982E-05 0.122601 0.0293306 0.847868 9.9982E-05
0.0510984 0.0973045 0.0771241 0.774373 9.9991E-05
0.0528939 0.0784921 0.0806537 0.78786 9.9991E-05
0.0911574 0.0390746 0.0148811 0.854787 9.9991E-05
0.0339062 0.0835203 0.113831 0.768642 9.9991E-05
0.0422547 0.033801 0.0571455 0.866699 9.9991E-05
9.9973E-05 9.9973E-05 0.104812 0.894888 9.9973E-05
0.00911598 9.9973E-05 9.9973E-05 0.990584 9.9973E-05
9.9973E-05 9.9973E-05 9.9973E-05 0.985807 0.0138931
9.9973E-05 9.9973E-05 9.9973E-05 0.973146 0.0265542
0.0283123 0.027626 9.9991E-05 0.936042 0.00791971
9.997E-05 0.9996 9.997E-05 9.997E-05 9.997E-05
0.0691199 0.727635 0.0849919 0.0342431 0.0840103
0.0445223 0.717697 0.027055 0.0565503 0.154175
9.9973E-05 0.828601 9.9973E-05 9.9973E-05 0.171099
0.0243224 0.938773 0.0105021 0.0263026 9.9991E-05
0.039242 0.903427 0.0115862 0.0309181 0.0148272
0.0328013 0.756465 0.058873 9.9991E-05 0.151761
9.997E-05 0.9996 9.997E-05 9.997E-05 9.997E-05
0.0921535 0.764617 0.14303 9.9982E-05 9.9982E-05
0.111444 0.643009 0.0588664 0.0238111 0.16287
0.0863074 0.740331 0.173162 9.9982E-05 9.9982E-05
0.014772 0.763984 0.0626057 9.9991E-05 0.158538
9.9991E-05 0.764811 0.12772 0.027027 0.0803414
0.173822 0.675974 0.150004 9.9982E-05 9.9982E-05
0.234055 0.612414 0.139797 0.0136333 9.9991E-05
0.196437 0.487605 0.222316 0.0840236 0.00961897
0.123555 0.664414 0.00159755 9.9991E-05 0.210333
0.0447339 0.0583613 0.042764 9.9991E-05 0.854041
0.170702 9.9982E-05 0.0378841 9.9982E-05 0.791214
0.0369122 0.0334731 0.0799983 0.0304798 0.819137
0.0203956 0.0220117 0.0889086 0.0484873 0.820197
0.0638329 0.0579289 9.9991E-05 0.0398361 0.838302
0.0279243 0.00122067 0.0397427 0.00591434 0.925198
0.0327656 0.0168433 0.123282 0.0683748 0.758734
0.0648894 0.0755103 0.0128624 0.0201293 0.826609
9.9991E-05 0.0386185 0.0959972 0.0555406 0.809744
0.0820393 9.9973E-05 9.9973E-05 9.9973E-05 0.917661
0.00897624 0.00159203 0.0272976 0.0283506 0.933784
9.9982E-05 0.0131991 9.9982E-05 0.0211018 0.965499
0.0353622 9.9991E-05 0.139647 0.00331571 0.821575
0.0198746 0.0563872 0.0172498 9.9991E-05 0.906388
9.9982E-05 0.0397736 0.0260829 9.9982E-05 0.933943
9.9973E-05 9.9973E-05 9.9973E-05 0.0240695 0.975631
9.9982E-05 0.00842214 9.9982E-05 0.11266 0.878718
0.0669003 0.00945232 0.0600764 0.0393262 0.824245
0.0331636 0.0541857 0.106508 0.0313112 0.774831
9.9991E-05 0.0706452 0.0352447 0.0730201 0.82099
0.540219 0.097254 0.0423999 0.070493 0.249634
0.80318 0.0275887 0.0861297 0.0830017 9.9991E-05
0.687941 0.0471961 0.0905788 0.0889144 0.0853698
0.731802 0.00521761 0.0375811 0.0579384 0.167461
0.835866 0.0421764 0.0781407 9.9991E-05 0.0437164
0.711054 0.0386281 0.00477405 0.0483748 0.197169
0.83419 0.0499058 0.006853 0.0239341 0.0851168
0.874404 0.0256506 0.0877638 9.9991E-05 0.0120814
0.641272 9.9991E-05 0.138427 0.113063 0.107138
0.633486 0.155423 0.0122632 0.0736988 0.125129
0.788577 0.059339 0.0101088 0.017938 0.124037
0.789695 0.156952 9.9982E-05 9.9982E-05 0.0531526
0.769281 0.0941476 0.0848517 0.0481323 0.00358713
0.787386 0.0189999 0.0157421 0.0607248 0.117147
0.767081 0.0598474 9.9982E-05 9.9982E-05 0.172871
0.768265 0.110241 9.9991E-05 0.0316119 0.0897824
0.683757 0.131924 0.122547 0.00236379 0.0594072
0.482093 0.140212 9.9982E-05 9.9982E-05 0.377495
0.551402 0.0536158 9.9991E-05 0.0718349 0.323047
0.363123 9.9982E-05 9.9982E-05 0.0720225 0.564655
0.827618 0.0495041 9.9991E-05 0.00130663 0.121471
0.570829 0.12265 0.0442367 0.0702105 0.192073
0.772079 9.9982E-05 0.0460346 9.9982E-05 0.181687
0.643409 0.118037 9.9991E-05 0.0496486 0.188805
0.735433 0.0845675 0.0145875 0.0644797 0.100932
0.74226 9.9982E-05 9.9982E-05 0.0942296 0.163311
0.359191 0.0624427 0.247045 0.0569878 0.274334
0.181746 9.9982E-05 0.615214 9.9982E-05 0.20284
0.472595 0.076718 0.235367 0.0328177 0.182503
0.666104 0.00382999 0.092149 0.0542585 0.183659
0.592658 0.0684917 0.16232 0.0320819 0.144448
0.725724 0.0453335 0.150616 0.0132591 0.0650677
0.885325 0.0299251 9.9982E-05 9.9982E-05 0.0845496
0.682334 0.0721585 0.0238154 0.0228524 0.198839
0.746629 0.0470545 0.0706105 9.9991E-05 0.135606
0.567152 0.112541 0.207521 0.112686 9.9991E-05
0.572577 0.150181 0.0902778 0.0924741 0.0944901
0.66672 0.0816201 0.131563 0.0682502 0.0518467
0.658918 0.0908423 0.0820696 0.117146 0.0510239
0.628781 0.0213277 0.183656 0.0687954 0.09744
0.70348 9.9982E-05 9.9982E-05 0.0745395 0.22178
0.748066 0.106806 9.9991E-05 0.0259271 0.119101
0.769308 9.9991E-05 0.0482258 0.0150515 0.167314
0.70937 0.117368 0.0992843 0.023651 0.0503265
0.757878 0.0140049 0.16943 0.0535835 0.00510323
0.78316 0.0521909 0.0572806 0.00744659 0.0999219
0.947957 9.9982E-05 0.0438948 0.00794856 9.9982E-05
0.710178 0.0307539 0.102405 0.0750877 0.0815747
0.772757 0.0380653 9.9991E-05 0.0540519 0.135026
0.709996 0.0421869 0.142611 0.0633645 0.0418425
0.685831 0.000142736 0.0636045 0.0400154 0.210406
0.750377 0.0496135 0.0333229 0.0628041 0.103883
0.677139 0.126071 9.9991E-05 0.0702691 0.126421
0.83535 9.9982E-05 9.9982E-05 0.00869518 0.155755
0.98245 9.9973E-05 0.0172502 9.9973E-05 9.9973E-05
0.81303 9.9973E-05 9.9973E-05 9.9973E-05 0.18667
0.723222 0.00384116 0.110271 0.0790346 0.083631
0.689805 0.113602 0.100364 0.0368425 0.0593864
0.681858 0.089331 0.102526 0.0822657 0.0440193
0.800571 0.053491 9.9991E-05 0.0551666 0.0906709
0.674446 0.128862 9.9991E-05 0.017065 0.179526
0.811548 0.000477578 0.0146332 0.0945716 0.0787691
0.624095 9.9991E-05 0.106366 0.125398 0.144041
0.597821 0.208567 0.182626 0.0108867 9.9991E-05
0.572483 0.135905 0.209298 9.9991E-05 0.0822146
0.569632 0.272311 0.11855 0.00636627 0.0331414
0.536907 0.214406 0.19348 0.0444852 0.0107215
0.510049 0.209804 0.209378 0.0246816 0.0460873
0.472025 0.281471 0.227187 9.9991E-05 0.0192174
0.397686 0.281905 0.189767 0.0450383 0.085604
0.49127 0.261616 0.139666 0.0962288 0.0112194
0.433862 0.211771 0.194048 0.0191691 0.141149
0.508403 0.216733 0.137126 9.9991E-05 0.137637
0.497648 0.270569 0.134037 9.9991E-05 0.0976458
0.0225222 0.118432 0.839796 0.0154728 0.00377713
0.0566232 0.0503327 0.825353 0.0271467 0.0405447
0.0376242 0.0918821 0.761129 0.0417243 0.0676404
9.9991E-05 0.0559987 0.773323 0.0553956 0.115183
0.0250717 0.0827662 0.701328 0.065864 0.12497
0.0717502 0.0798473 0.809667 0.0386354 9.9991E-05
9.9991E-05 0.0621409 0.840995 0.00557616 0.0911885
0.0568837 0.105789 0.82933 9.9991E-05 0.00789668
0.151576 0.0845163 0.56561 0.090058 0.10824
9.9982E-05 0.0484128 0.757025 9.9982E-05 0.194362
9.9991E-05 0.0746456 0.784651 0.0337228 0.106881
9.9991E-05 0.0623496 0.751825 0.048322 0.137404
0.107818 0.118406 0.644716 0.0203297 0.108731
0.188128 9.9991E-05 0.606282 0.000324191 0.205166
0.107308 0.0510223 0.767909 0.0736611 9.9991E-05
0.0524 9.9991E-05 0.75099 0.102836 0.0936743
0.0246093 0.0272125 0.889099 9.9991E-05 0.0589787
0.044733 9.9991E-05 0.889917 0.0626019 0.00264762
9.9991E-05 0.0473546 0.834067 0.0430124 0.0754656
0.0151253 0.0209804 0.826646 0.0241394 0.113109
0.0982935 0.0799278 0.759378 0.0623006 9.9991E-05
0.0743844 0.0304404 0.811725 9.9991E-05 0.0833497
0.114768 0.00508197 0.838275 0.0216983 0.0201764
0.0551463 0.0467119 0.845569 0.0459058 0.00666733
0.0873283 0.121997 0.729192 0.0613821 9.9991E-05
0.0842167 0.101778 0.783682 0.0302238 9.9991E-05
0.00705008 0.0896608 0.741218 0.0588017 0.10327
0.136361 9.9991E-05 0.779236 0.0689431 0.0153603
0.0589877 0.0729043 0.708691 0.0809353 0.0784816
0.0348612 0.0785497 0.835419 9.9991E-05 0.0510704
9.9973E-05 9.9973E-05 0.849508 9.9973E-05 0.150192
0.0440147 0.0551259 0.698494 0.0654054 0.13696
0.0195895 0.102643 0.773933 0.0102121 0.0936225
0.0757426 0.0834276 0.84063 9.9982E-05 9.9982E-05
0.0358521 0.0868851 0.853509 0.023654 9.9991E-05
0.0106527 0.0721582 0.188738 0.0433859 0.685065
0.0267318 0.0520231 0.214728 0.0564836 0.650034
0.0527459 0.0532115 0.135587 0.140481 0.617975
0.0792731 0.0258398 0.178867 0.10874 0.607279
0.0526827 0.0681156 0.101827 0.116103 0.661272
9.9982E-05 0.125187 0.0834638 9.9982E-05 0.79115
9.9982E-05 0.0373268 0.103404 9.9982E-05 0.859069
9.9991E-05 0.206532 0.0308737 0.107672 0.654822
