9.9973E-05 0.0187536 9.9973E-05 9.9973E-05 0.00654394 0.953664 0.0207388
0.0796188 9.9973E-05 0.0747578 9.9973E-05 0.0759985 0.769325 9.9973E-05
0.0154567 9.9982E-05 9.9982E-05 0.101162 0.0293367 0.793684 0.0601604
0.0891316 9.9973E-05 9.9973E-05 9.9973E-05 0.0882958 0.81128 0.0109931
0.00171735 0.0538186 9.9982E-05 0.107769 0.00700637 0.829489 9.9982E-05
0.0538314 9.9964E-05 0.0721517 9.9964E-05 9.9964E-05 0.873617 9.9964E-05
0.091873 9.9964E-05 9.9964E-05 0.0131478 9.9964E-05 0.894579 9.9964E-05
0.0476367 0.0150977 0.0272411 0.0711759 0.000768288 0.83798 9.9991E-05
0.110328 9.9964E-05 9.9964E-05 0.0870134 9.9964E-05 0.802259 9.9964E-05
0.0856169 9.9982E-05 9.9982E-05 0.00762076 0.044087 0.819028 0.0434478
0.083765 9.9982E-05 0.0392146 9.9982E-05 0.0648917 0.770795 0.0411339
0.0451095 0.0109591 9.9982E-05 9.9982E-05 0.0997939 0.8078 0.0361372
0.00514555 0.0136413 0.087212 0.0926262 9.9991E-05 0.76522 0.0360547
0.126617 0.025832 0.0380621 9.9991E-05 0.026193 0.72048 0.062716
0.0235156 0.030849 9.9991E-05 0.117816 0.0011923 0.784952 0.0415752
0.0992517 9.9964E-05 0.00704828 9.9964E-05 9.9964E-05 0.8933 9.9964E-05
9.9964E-05 9.9964E-05 0.0274467 9.9964E-05 0.00629529 0.965858 9.9964E-05
9.9955E-05 9.9955E-05 0.0105271 9.9955E-05 9.9955E-05 0.988973 9.9955E-05
9.9955E-05 0.0363338 9.9955E-05 9.9955E-05 9.9955E-05 0.963166 9.9955E-05
9.9982E-05 0.0466968 0.0138203 9.9982E-05 0.00370979 0.898303 0.0372698
9.995E-05 9.995E-05 9.995E-05 9.995E-05 9.995E-05 9.995E-05 0.9994
9.9973E-05 0.119266 0.0291872 9.9973E-05 0.0915771 9.9973E-05 0.75967
0.0260209 0.120481 9.9982E-05 0.182179 9.9982E-05 0.00680232 0.664317
9.9973E-05 0.162094 9.9973E-05 0.0290782 9.9973E-05 0.00126741 0.807261
0.012908 9.9973E-05 9.9973E-05 0.120424 9.9973E-05 0.0123599 0.854008
9.9964E-05 9.9964E-05 9.9964E-05 0.204953 9.9964E-05 0.000149894 0.794497
0.0197392 0.111658 9.9973E-05 0.217808 9.9973E-05 9.9973E-05 0.650494
9.995E-05 9.995E-05 9.995E-05 9.995E-05 9.995E-05 9.995E-05 0.9994
0.13456 9.9964E-05 9.9964E-05 0.214938 9.9964E-05 9.9964E-05 0.650102
0.0692731 0.0860614 0.0661552 0.224754 9.9982E-05 9.9982E-05 0.553556
0.100463 0.0166025 9.9973E-05 0.195217 9.9973E-05 9.9973E-05 0.687417
0.0556326 0.120636 0.039711 0.0788487 9.9982E-05 9.9982E-05 0.704972
0.0994619 0.0365856 9.9982E-05 0.170289 9.9982E-05 0.0445167 0.648946
0.147916 9.9982E-05 0.0703608 0.0459343 0.0832057 9.9982E-05 0.652383
0.0397069 0.00997776 0.0155481 0.199686 0.114061 0.0450926 0.575928
0.213317 9.9991E-05 0.0514009 0.053193 0.160081 0.0641255 0.457783
9.9982E-05 0.143227 0.051882 0.0836924 0.102226 9.9982E-05 0.618773
0.0182029 0.759214 0.0935327 0.0621224 9.9982E-05 9.9982E-05 0.0667283
0.0528102 0.689008 0.121851 0.134382 0.00174849 9.9982E-05 9.9982E-05
0.00675896 0.714523 0.120917 0.100221 9.9991E-05 0.0430468 0.0144328
0.0362857 0.773102 0.114783 0.0254016 9.9991E-05 0.0130068 0.037321
9.9982E-05 0.74503 0.10209 9.9982E-05 0.0756276 0.0200201 0.0570325
0.00537092 0.838677 0.0716132 0.0826139 0.00152523 9.9982E-05 9.9982E-05
0.14335 0.61324 0.127992 9.9982E-05 0.0624542 0.0527632 9.9982E-05
0.0174976 0.740429 0.0760126 0.0351053 0.0692691 9.9991E-05 0.0615864
0.0410104 0.720457 9.9982E-05 0.15992 9.9982E-05 0.0289571 0.0494563
0.0250773 0.764691 0.187502 9.9973E-05 9.9973E-05 9.9973E-05 0.0224303
0.0110733 0.877464 0.0508651 9.9982E-05 0.0550788 9.9982E-05 0.00531856
9.9964E-05 0.884138 0.0718172 9.9964E-05 9.9964E-05 9.9964E-05 0.0436452
0.0970611 0.800674 0.0715255 9.9973E-05 0.0304398 9.9973E-05 9.9973E-05
9.9991E-05 0.872572 0.0694101 0.0234353 0.0198337 0.00187607 0.0127728
0.0115466 0.870092 0.0692547 9.9973E-05 9.9973E-05 9.9973E-05 0.0488068
9.9982E-05 0.86917 0.0731195 0.0319141 0.0150616 0.0105345 9.9982E-05
9.9982E-05 0.78281 0.073643 9.9982E-05 0.0334573 0.0859489 0.0239411
0.0624191 0.764849 0.123624 0.0381956 9.9991E-05 0.00266089 0.00815117
0.0583498 0.733777 0.105618 0.0837684 9.9991E-05 0.00191322 0.0164732
0.0448318 0.742605 0.0332109 0.0425811 0.0348593 0.0311141 0.0707975
0.0391526 0.173213 0.184672 0.326882 0.20586 0.0135908 0.0566302
0.0264065 9.9982E-05 0.0565003 9.9982E-05 0.819262 0.0335155 0.0641157
0.0459774 0.0400253 0.220078 0.347903 0.275724 0.0293649 0.0409272
9.9982E-05 0.088914 0.204487 0.39204 0.29114 0.0232191 9.9982E-05
9.9964E-05 9.9964E-05 0.214606 0.568594 0.2164 9.9964E-05 9.9964E-05
9.9982E-05 0.0596812 0.289829 0.471466 0.15675 0.0220727 9.9982E-05
9.99549E-05 9.99549E-05 0.991967 9.99549E-05 9.99549E-05 9.99549E-05 0.00753287
9.9973E-05 0.0536034 0.114976 9.9973E-05 0.805053 9.9973E-05 0.0260679
0.0801064 0.0120479 0.267866 0.297875 0.195044 0.146961 9.9991E-05
0.0157467 0.00607552 0.333504 0.368761 0.138402 0.0384917 0.0990196
0.0124136 9.9982E-05 0.340337 0.410955 0.213763 0.0223319 9.9982E-05
9.9973E-05 9.9973E-05 0.31475 0.38492 0.23078 9.9973E-05 0.0692506
9.9982E-05 9.9982E-05 0.319765 0.258242 0.300517 0.0487223 0.0725541
9.9982E-05 0.0212598 0.337823 0.481485 0.126797 0.0324355 9.9982E-05
9.9982E-05 0.0627086 0.306169 0.502542 0.113685 0.0146944 9.9982E-05
9.9991E-05 0.0313609 0.237907 0.345505 0.317401 0.00312425 0.0646023
0.0400124 0.0130999 0.0754206 0.542116 0.239739 0.0353264 0.0542849
9.9982E-05 0.268252 0.301293 0.383724 0.0168984 9.9982E-05 0.0296331
9.9982E-05 0.219142 0.256569 0.343274 0.137798 0.0430172 9.9982E-05
9.9982E-05 0.445735 0.145205 0.133023 0.177138 0.0986991 9.9982E-05
9.995E-05 9.995E-05 0.9994 9.995E-05 9.995E-05 9.995E-05 9.995E-05
0.0316405 0.137262 0.172997 0.218243 0.312152 0.0520584 0.0756474
9.9973E-05 0.131155 0.366855 0.247607 0.254084 9.9973E-05 9.9973E-05
9.9991E-05 0.118747 0.315828 0.432673 0.0776737 0.0426823 0.0122965
0.00251899 0.0468468 0.211928 0.364412 0.295058 0.0412569 0.0379795
9.9982E-05 0.070533 0.352519 0.28504 0.220486 0.071222 9.9982E-05
0.207442 0.250688 0.11528 0.0773486 0.216532 0.0294282 0.10328
0.589335 0.166524 0.157224 0.0113237 0.0306337 0.0448592 9.9991E-05
0.16593 0.131115 0.13036 0.416896 0.118965 0.0129432 0.0237904
0.00889543 0.117453 0.336607 0.40986 0.113598 0.0134871 9.9991E-05
0.0677128 0.0979417 0.300223 0.52037 0.013553 9.9982E-05 9.9982E-05
0.0426056 0.0773094 0.151516 0.523805 0.204564 9.9982E-05 9.9982E-05
9.9964E-05 9.9964E-05 9.9964E-05 0.0109804 0.981134 9.9964E-05 0.00748591
9.9982E-05 0.102546 0.369944 0.369221 0.138754 0.0193346 9.9982E-05
0.0290988 0.0719243 0.394478 0.35965 0.139917 9.9991E-05 0.00483222
0.125314 9.9991E-05 0.185669 0.139017 0.360642 0.0813122 0.107946
9.9991E-05 0.0739939 0.204018 0.251129 0.258749 0.0607865 0.151223
0.135246 9.9982E-05 0.275569 0.360066 0.199602 0.0293167 9.9982E-05
0.0409785 0.0407964 0.173583 0.271362 0.305797 0.0756642 0.0918184
0.140223 0.0676295 0.211277 0.286515 0.249994 0.0442612 9.9991E-05
9.9982E-05 0.0770984 0.304064 0.380363 0.189975 0.0482991 9.9982E-05
9.9991E-05 0.0324231 0.295894 0.545689 0.092556 0.0233371 0.0100004
9.9982E-05 0.0746612 0.234871 0.343937 0.319908 0.0264232 9.9982E-05
0.0531077 9.9991E-05 0.210147 0.459981 0.198596 0.0394271 0.038642
0.0613436 0.0284546 0.277703 0.209211 0.392703 0.0283657 0.00221946
0.0314952 0.0222904 0.266525 0.506843 0.165617 0.00712931 9.9991E-05
9.995E-05 9.995E-05 9.995E-05 9.995E-05 0.9994 9.995E-05 9.995E-05
0.0429124 0.0149997 0.282096 0.274088 0.259579 0.0696113 0.0567138
9.9982E-05 0.0582205 0.353756 0.366414 0.189018 0.0323926 9.9982E-05
0.118822 0.0112759 0.261496 0.28299 0.24497 0.0803456 9.9991E-05
9.9982E-05 0.161031 0.22697 0.381996 0.206652 0.0231514 9.9982E-05
9.9982E-05 0.0144621 0.327049 0.516317 0.0797443 0.062228 9.9982E-05
9.9991E-05 0.0529508 0.18297 0.494809 0.155491 0.0735605 0.040119
9.995E-05 9.995E-05 0.9994 9.995E-05 9.995E-05 9.995E-05 9.995E-05
9.995E-05 9.995E-05 9.995E-05 9.995E-05 0.9994 9.995E-05 9.995E-05
9.995E-05 9.995E-05 0.9994 9.995E-05 9.995E-05 9.995E-05 9.995E-05
0.060956 0.0493898 0.263001 0.144613 0.447007 0.0349333 9.9991E-05
0.102809 9.9991E-05 0.305813 0.103978 0.339645 0.0453258 0.102329
0.00207106 9.9991E-05 0.161485 0.357673 0.294506 0.101151 0.083013
9.9991E-05 0.0393547 0.332612 0.257688 0.268992 0.0741396 0.0271145
9.9982E-05 0.102298 0.310465 0.368074 0.185515 9.9982E-05 0.0334487
9.995E-05 9.995E-05 9.995E-05 9.995E-05 0.9994 9.995E-05 9.995E-05
0.119135 0.0924291 0.165254 0.281818 0.259617 0.081647 9.9991E-05
0.0944044 9.9982E-05 0.0580133 0.746057 0.0808164 9.9982E-05 0.0205092
0.0756671 9.9964E-05 0.087583 0.83635 9.9964E-05 9.9964E-05 9.9964E-05
0.0193446 9.9991E-05 0.115274 0.733246 0.0246054 0.000710069 0.10672
0.0553555 9.9991E-05 0.0376305 0.773406 0.0358817 0.0279366 0.0696901
0.119072 9.9991E-05 0.10333 0.684496 0.0242429 0.00171655 0.0670426
0.104703 9.9973E-05 9.9973E-05 0.721598 0.0664593 9.9973E-05 0.10694
0.0706799 9.9964E-05 9.9964E-05 0.898857 9.9964E-05 9.9964E-05 0.030063
9.9982E-05 9.9982E-05 0.00246066 0.829165 0.0197706 0.0610621 0.0873421
0.0154497 0.109213 9.9973E-05 0.817025 9.9973E-05 9.9973E-05 0.0580123
0.0854764 0.0124887 0.0986111 0.624528 0.0701758 0.0036936 0.105026
9.9991E-05 0.0224141 0.112567 0.695833 0.0152562 0.019533 0.134297
0.75914 0.0310826 0.0179284 0.124526 9.9991E-05 0.0205209 0.0467024
0.721765 0.0713802 9.9982E-05 0.186966 9.9982E-05 0.0191415 0.000547376
0.734263 0.0365579 0.0488951 0.0786416 9.9991E-05 0.0390442 0.0624981
0.747246 0.12063 0.00681008 9.9982E-05 9.9982E-05 0.0521019 0.0730129
0.721134 0.127953 0.0629268 9.9982E-05 9.9982E-05 0.0351753 0.0526117
0.756462 0.0208016 0.00997024 0.11513 0.00727091 0.0456312 0.044734
0.740974 0.139829 9.9982E-05 0.0738125 0.00140102 9.9982E-05 0.0437827
0.819576 9.9973E-05 0.0192307 0.0997601 9.9973E-05 9.9973E-05 0.0611332
0.596147 0.111696 0.160789 9.9991E-05 0.0402514 0.0416483 0.0493684
0.655964 0.198697 9.9973E-05 0.136766 9.9973E-05 9.9973E-05 0.00827317
0.801565 0.0747857 0.0473286 9.9982E-05 9.9982E-05 0.0217612 0.0543596
0.791078 0.101104 9.9973E-05 9.9973E-05 9.9973E-05 0.0835827 0.0239351
0.614475 0.0976894 0.0494277 0.0634994 0.0311262 0.0307935 0.112989
0.607172 0.134339 0.00538484 0.136666 0.0928178 0.0235196 9.9991E-05
0.712168 9.9982E-05 0.030602 9.9982E-05 0.127682 0.0762204 0.053127
0.701275 0.0702362 9.9982E-05 9.9982E-05 0.137437 0.0888343 0.00201758
0.812491 0.0857353 0.0183069 0.0576981 0.0255689 9.9982E-05 9.9982E-05
0.792111 0.0331129 0.00994323 0.101046 0.000263664 0.0634233 9.9991E-05
0.795253 0.0794276 9.9973E-05 9.9973E-05 9.9973E-05 0.0560261 0.0689938
0.773311 0.0527679 0.0424187 9.9991E-05 0.0594403 0.0182312 0.0537307
0.677508 0.0560939 0.0646925 9.9991E-05 0.103181 0.0571552 0.0412701
0.750403 0.119003 0.0790901 0.00163128 0.0200971 9.9991E-05 0.029676
0.817959 9.9991E-05 0.0678589 0.0360645 0.0422839 0.0243292 0.011405
0.777966 0.0434435 0.0376612 9.9991E-05 0.0735045 0.0625071 0.00481791
0.696227 9.9982E-05 0.00806524 9.9982E-05 0.151238 0.0794969 0.0647727
0.724542 9.9982E-05 9.9982E-05 0.15304 0.0299375 0.00932832 0.0829523
0.685738 0.139159 0.00830824 9.9991E-05 0.05111 0.0454916 0.0700935
0.672187 0.0552411 0.0281483 0.00488261 0.134731 0.0874681 0.017342
0.695724 0.042003 9.9991E-05 0.037335 0.106892 0.0718097 0.0461363
0.73467 0.113335 0.0543703 9.9982E-05 0.0310962 9.9982E-05 0.066329
0.79754 0.134487 0.00357069 0.0468415 0.0173607 9.9982E-05 9.9982E-05
0.650349 0.110005 9.9991E-05 0.0606341 0.0227233 0.0820068 0.074182
0.620969 0.177755 9.9973E-05 0.110208 9.9973E-05 9.9973E-05 0.0907686
0.801526 9.9973E-05 0.0809058 9.9973E-05 0.0616842 9.9973E-05 0.0555842
0.808428 9.9982E-05 0.0470119 0.0642334 9.9982E-05 0.0402583 0.0398684
0.086927 0.727007 0.0363349 9.9991E-05 0.0806066 0.0298051 0.0392194
0.187658 0.581763 9.9982E-05 9.9982E-05 0.143426 0.0316133 0.0553393
0.0684783 0.601763 9.9982E-05 9.9982E-05 0.18582 0.072237 0.0715019
0.122061 0.569599 9.9991E-05 0.0522831 0.120787 0.089768 0.0454017
0.108479 0.617764 0.0526032 0.0114857 0.0842925 0.0791282 0.0462466
0.121815 0.744779 0.068243 9.9982E-05 0.0111881 9.9982E-05 0.0537746
0.0196784 0.842835 9.9991E-05 0.0465828 0.055527 0.00227551 0.0330016
9.9973E-05 0.606117 9.9973E-05 0.120914 9.9973E-05 0.0961411 0.176528
