9.9946E-05 9.9946E-05 9.9946E-05 0.0228824 0.00172586 0.038106 9.9946E-05 9.9946E-05 0.936686 9.9946E-05
0.1004 9.9955E-05 0.00479775 0.171323 9.9955E-05 9.9955E-05 9.9955E-05 9.9955E-05 0.708624 0.0143563
0.0149632 0.0235539 9.9964E-05 0.0716098 0.0304397 9.9964E-05 9.9964E-05 0.0451509 0.813883 9.9964E-05
9.9964E-05 0.0115237 0.00180279 0.113916 9.9964E-05 9.9964E-05 9.9964E-05 0.0637193 0.789592 0.0190469
0.0111436 0.0705682 9.9964E-05 0.0267776 9.9964E-05 9.9964E-05 0.0565966 9.9964E-05 0.815305 0.0192091
9.9955E-05 0.0343125 0.0181668 9.9955E-05 9.9955E-05 9.9955E-05 0.0511679 9.9955E-05 0.863244 0.0326085
9.9937E-05 0.024227 9.9937E-05 9.9937E-05 9.9937E-05 9.9937E-05 0.0914187 9.9937E-05 0.883655 9.9937E-05
9.9964E-05 0.048912 0.0125647 9.9964E-05 0.0147519 9.9964E-05 0.0982539 9.9964E-05 0.81035 0.0147672
9.9955E-05 0.0546833 9.9955E-05 9.9955E-05 0.00107699 9.9955E-05 0.146668 9.9955E-05 0.791644 0.00542789
9.9964E-05 9.9964E-05 0.0225575 0.101847 0.00131868 9.9964E-05 9.9964E-05 0.0691988 0.791214 0.0134642
9.9964E-05 9.9964E-05 0.046706 0.149997 0.0101816 9.9964E-05 9.9964E-05 0.0191352 0.736703 0.0368772
0.01382 9.9973E-05 0.00741283 0.116638 0.00464052 0.00819923 9.9973E-05 0.0680503 0.780939 9.9973E-05
9.9973E-05 0.13288 9.9973E-05 9.9973E-05 0.00159336 0.0311373 0.0222929 0.0030036 0.768234 0.0405583
9.9973E-05 9.9973E-05 9.9973E-05 0.18058 0.0324427 0.0276695 0.0514016 0.0213696 0.660102 0.026135
0.054424 9.9946E-05 9.9946E-05 0.0995365 9.9946E-05 9.9946E-05 9.9946E-05 0.0894505 0.755989 9.9946E-05
9.9946E-05 0.0139999 9.9946E-05 9.9946E-05 9.9946E-05 9.9946E-05 0.108454 9.9946E-05 0.876495 0.000451144
0.00448469 9.9946E-05 0.0279921 9.9946E-05 9.9946E-05 0.00336125 9.9946E-05 9.9946E-05 0.963562 9.9946E-05
0.0240715 9.9937E-05 9.9937E-05 9.9937E-05 9.9937E-05 0.0306305 9.9937E-05 9.9937E-05 0.944598 9.9937E-05
9.9937E-05 9.9937E-05 9.9937E-05 9.9937E-05 9.9937E-05 0.000642182 0.0781224 9.9937E-05 0.920536 9.9937E-05
9.9946E-05 9.9946E-05 0.0420285 9.9946E-05 9.9946E-05 0.0335695 9.9946E-05 0.0233533 0.900449 9.9946E-05
9.99201E-05 9.99201E-05 9.99201E-05 9.99201E-05 0.999101 9.99201E-05 9.99201E-05 9.99201E-05 9.99201E-05 9.99201E-05
0.0478919 9.9946E-05 0.00642554 0.185003 9.9946E-05 9.9946E-05 9.9946E-05 0.76008 9.9946E-05 9.9946E-05
0.0197292 9.9964E-05 9.9964E-05 0.0849564 0.0127577 0.0566245 9.9964E-05 0.801217 0.024315 9.9964E-05
9.9937E-05 9.9937E-05 0.0346427 9.9937E-05 9.9937E-05 0.0613143 9.9937E-05 0.903343 9.9937E-05 9.9937E-05
9.9928E-05 9.9928E-05 9.9928E-05 9.9928E-05 0.00277212 9.9928E-05 9.9928E-05 0.996428 9.9928E-05 9.9928E-05
9.9928E-05 0.0249857 9.9928E-05 9.9928E-05 9.9928E-05 9.9928E-05 9.9928E-05 0.974215 9.9928E-05 9.9928E-05
0.0553459 9.9955E-05 9.9955E-05 9.9955E-05 0.0134598 0.0541172 0.0920405 0.784537 9.9955E-05 9.9955E-05
9.99201E-05 9.99201E-05 9.99201E-05 9.99201E-05 0.999101 9.99201E-05 9.99201E-05 9.99201E-05 9.99201E-05 9.99201E-05
9.9955E-05 0.0185212 0.0116044 9.9955E-05 0.0137385 9.9955E-05 0.146195 0.809441 9.9955E-05 9.9955E-05
0.0278317 0.0110792 0.0155322 0.0863753 9.9982E-05 0.0352065 9.9982E-05 0.776758 0.0101816 0.0368354
0.0632996 0.0102616 9.9964E-05 0.119696 0.0315637 9.9964E-05 0.0142343 0.760545 9.9964E-05 9.9964E-05
9.9955E-05 9.9955E-05 9.9955E-05 9.9955E-05 0.0364086 0.0590193 0.111172 0.723644 9.9955E-05 0.069256
9.996E-05 0.059793 9.996E-05 9.996E-05 0.0424821 9.996E-05 0.17295 0.678355 0.0333078 0.0127124
0.000677079 9.9964E-05 0.00506048 0.263382 0.0286334 9.9964E-05 9.9964E-05 0.642913 9.9964E-05 0.0589342
0.065737 0.00567373 0.0828237 0.056819 9.9973E-05 0.0198034 9.9973E-05 0.752491 0.016352 9.9973E-05
0.118583 9.9964E-05 0.0109776 0.39855 9.9964E-05 9.9964E-05 9.9964E-05 0.436188 0.0244908 0.0108105
0.129539 9.9964E-05 0.00341966 9.9964E-05 0.00083895 0.108354 0.00782815 0.74962 9.9964E-05 9.9964E-05
0.0649001 9.9955E-05 9.9955E-05 0.0981309 0.0256288 0.77547 9.9955E-05 0.0353704 9.9955E-05 9.9955E-05
9.9964E-05 0.164213 0.0429627 0.138197 9.9964E-05 0.628946 0.0159019 9.9964E-05 9.9964E-05 0.00937973
0.0285369 0.0831412 9.9964E-05 0.170928 9.9964E-05 0.677834 9.9964E-05 9.9964E-05 0.0186125 0.0205479
0.0804282 9.9973E-05 9.9973E-05 9.9973E-05 0.000172424 0.721048 0.140522 0.00106866 0.0286183 0.0278422
0.0254086 9.9982E-05 0.0527366 0.0627926 0.0332419 0.765734 0.0109866 9.9982E-05 0.0239429 0.0249571
0.0365389 9.9973E-05 0.0250965 9.9973E-05 0.013857 0.755614 0.145467 9.9973E-05 0.0214301 0.00169649
9.9964E-05 0.0740602 9.9964E-05 0.251781 0.00875764 0.600751 9.9964E-05 9.9964E-05 0.0285672 0.035683
0.0199465 9.9982E-05 0.0404232 0.0505617 0.0251069 0.70463 0.0866748 0.0194514 9.9982E-05 0.0530058
9.9964E-05 0.0449367 0.0428917 9.9964E-05 9.9964E-05 0.672544 0.175087 0.0435184 0.0206222 9.9964E-05
9.9955E-05 9.9955E-05 0.0497335 9.9955E-05 9.9955E-05 0.796935 0.0664868 0.0332477 9.9955E-05 0.0530969
0.0786793 9.9964E-05 0.0114221 9.9964E-05 0.01368 0.755146 0.121912 9.9964E-05 9.9964E-05 0.0187614
9.9946E-05 9.9946E-05 9.9946E-05 9.9946E-05 0.0400403 0.861217 0.0392022 9.9946E-05 9.9946E-05 0.0589412
0.0333081 9.9955E-05 0.00180507 0.256755 0.0143003 0.693332 9.9955E-05 9.9955E-05 9.9955E-05 9.9955E-05
9.9955E-05 0.112037 9.9955E-05 0.125603 0.00380077 0.74481 9.9955E-05 9.9955E-05 9.9955E-05 0.01325
0.0568122 9.9955E-05 9.9955E-05 9.9955E-05 0.007252 0.762439 0.156565 9.9955E-05 9.9955E-05 0.0164326
9.997E-05 0.0386019 0.0402991 9.997E-05 0.0170263 0.764963 0.078182 9.997E-05 0.0251774 0.0354505
0.0947447 9.9973E-05 0.0043381 9.9973E-05 9.9973E-05 0.757915 0.0351245 0.021879 0.0800687 0.00562966
0.00268352 0.0259889 0.0240082 9.9982E-05 0.0139486 0.70855 0.189532 9.9982E-05 0.000933698 0.0341552
9.9955E-05 0.0756807 9.9955E-05 0.218562 9.9955E-05 0.644018 9.9955E-05 9.9955E-05 0.0100613 0.0511787
9.997E-05 0.0616065 0.0246837 9.997E-05 0.00394979 0.701368 0.119758 0.0355797 0.0527548 9.997E-05
0.426344 0.098976 0.0271679 0.250032 9.9973E-05 0.132898 9.9973E-05 9.9973E-05 0.00123258 0.0630491
0.969695 9.9946E-05 9.9946E-05 0.0172819 0.00901873 9.9946E-05 9.9946E-05 9.9946E-05 0.00340456 9.9946E-05
0.45623 0.111967 0.119417 0.16579 0.00219538 0.0629811 9.9973E-05 9.9973E-05 9.9973E-05 0.0811209
0.569316 0.161077 0.0979748 0.0909258 9.9973E-05 0.0295188 9.9973E-05 9.9973E-05 0.00350669 0.0473808
0.688992 0.135851 0.0845789 0.00633744 9.9973E-05 0.0106262 0.0351968 9.9973E-05 9.9973E-05 0.0381175
0.705145 9.9964E-05 0.0772686 9.9964E-05 9.9964E-05 0.0681138 0.093527 9.9964E-05 0.0172674 0.0382786
9.9928E-05 9.9928E-05 9.9928E-05 9.9928E-05 9.9928E-05 9.9928E-05 9.9928E-05 0.0291685 9.9928E-05 0.970032
0.931584 9.99459E-05 0.0258973 9.99459E-05 0.0108795 9.99459E-05 0.0310392 9.99459E-05 9.99459E-05 9.99459E-05
0.419872 0.0918284 0.0616943 0.168655 0.00396414 0.0391442 9.9982E-05 9.9982E-05 0.0967511 0.11789
0.487746 0.0244551 0.0435429 0.0815731 0.0288175 0.0375779 9.999E-05 0.108745 0.0258705 0.161571
0.470633 0.16003 0.0935811 0.0556869 0.00234261 0.0327184 9.9991E-05 0.00454248 0.00968454 0.17068
0.600519 0.0897101 0.110661 9.9964E-05 0.0297151 9.9964E-05 9.9964E-05 0.0960532 9.9964E-05 0.0729412
0.596392 0.00166163 0.12296 9.9982E-05 0.034037 9.9982E-05 0.0795593 0.0425948 0.0260468 0.0965485
0.718339 9.9955E-05 0.066059 9.9955E-05 9.9955E-05 0.0234847 0.087201 9.9955E-05 9.9955E-05 0.104417
0.510982 0.172523 0.0526499 9.9964E-05 9.9964E-05 0.0814414 0.0482689 9.9964E-05 9.9964E-05 0.133735
0.642888 0.0993669 0.0756939 9.9973E-05 9.9973E-05 0.0362094 0.0427236 0.080896 9.9973E-05 0.0219221
0.290802 0.384249 0.0752164 0.179815 0.00172692 0.0304158 9.9973E-05 9.9973E-05 9.9973E-05 0.0374748
0.258235 0.26969 0.00504804 9.9973E-05 0.0273787 0.269343 0.0587831 9.9973E-05 9.9973E-05 0.111222
0.496634 0.019841 0.0349014 0.0425663 0.00158129 0.237262 9.9991E-05 0.0173277 0.0510286 0.0987578
0.446659 9.9946E-05 0.038682 9.9946E-05 9.9946E-05 0.449965 9.9946E-05 9.9946E-05 0.0640934 9.9946E-05
0.00691341 9.9946E-05 0.0024331 9.9946E-05 9.9946E-05 9.9946E-05 0.0136757 9.9946E-05 9.9946E-05 0.976378
0.450699 0.0104966 0.0954695 9.9991E-05 0.0428305 0.124904 0.121575 0.0275765 0.0192484 0.1071
0.573992 9.9964E-05 0.0818537 0.0301765 9.9964E-05 0.12966 0.0240663 9.9964E-05 9.9964E-05 0.159852
0.532909 0.0476904 0.0682575 9.9991E-05 0.00173165 0.0871042 0.07761 0.0595012 0.0554796 0.0696165
0.61385 0.0190244 0.0876767 0.0856206 0.00726463 9.9982E-05 9.9982E-05 0.0414916 0.0440367 0.100835
0.624857 9.9964E-05 0.100948 9.9964E-05 9.9964E-05 0.0442648 0.0699194 9.9964E-05 0.0709029 0.0887075
0.2809 9.9991E-05 0.0994606 0.227467 0.0187282 0.274983 0.0689203 0.013387 0.00286208 0.0131917
0.0151107 9.9964E-05 0.00792938 0.588157 9.9964E-05 0.0968814 0.167586 9.9964E-05 9.9964E-05 0.123937
0.527851 0.111723 9.9973E-05 0.0615185 0.00750631 0.111227 0.171574 0.00830018 9.9973E-05 9.9973E-05
0.589486 0.00847496 0.0834236 9.9973E-05 9.9973E-05 0.0309191 0.186873 9.9973E-05 0.0193831 0.0811397
0.489881 0.119492 0.0179353 9.9964E-05 9.9964E-05 0.0570882 0.221212 9.9964E-05 9.9964E-05 0.0939908
0.693648 9.9955E-05 0.0947717 9.9955E-05 0.00353609 0.031883 0.175661 9.9955E-05 9.9955E-05 9.9955E-05
0.0651152 0.0817544 0.820754 0.00074152 0.00870955 9.9964E-05 9.9964E-05 0.0225259 9.9964E-05 9.9964E-05
0.44779 0.0824194 0.0608795 0.0429703 0.0146616 0.1282 9.9982E-05 0.0179427 9.9982E-05 0.204936
0.576078 0.0240114 0.0376515 0.0453309 9.9982E-05 0.0854851 0.0434805 0.041187 9.9982E-05 0.146576
0.453826 9.9973E-05 0.129089 0.23899 0.0208109 9.9973E-05 9.9973E-05 0.0966117 0.043298 0.0170748
0.280568 0.15501 0.0706686 0.264884 9.9973E-05 9.9973E-05 9.9973E-05 0.0916294 0.0365214 0.100418
0.491739 0.0733488 0.0453923 0.228245 9.9973E-05 9.9973E-05 9.9973E-05 0.0361631 0.0130321 0.11178
0.526022 0.0579313 0.0460347 0.243552 0.0173048 9.9982E-05 9.9982E-05 0.0130861 0.0558221 0.0400468
0.293455 0.206991 0.0638045 0.224286 0.00793089 0.0878551 9.9982E-05 9.9982E-05 0.0191268 0.0963502
0.60666 0.128596 0.0341228 9.9973E-05 9.9973E-05 0.0534181 0.0101268 9.9973E-05 0.0447319 0.122045
0.565275 0.202788 0.0519889 9.9964E-05 9.9964E-05 0.0383582 9.9964E-05 0.0681717 9.9964E-05 0.0730188
0.532533 0.0745992 0.112969 0.0486657 9.9973E-05 0.0740245 0.0127831 9.9973E-05 9.9973E-05 0.144126
0.622377 0.0635597 0.0814436 0.128383 9.9973E-05 9.9973E-05 9.9973E-05 0.0833183 0.00315528 0.0174626
0.467021 9.9964E-05 0.171012 0.204274 0.0191046 9.9964E-05 0.011075 9.9964E-05 9.9964E-05 0.127113
0.645893 0.108683 0.0616719 9.996E-05 0.00338832 9.996E-05 0.146109 9.996E-05 9.996E-05 0.0338553
9.99201E-05 9.99201E-05 0.999101 9.99201E-05 9.99201E-05 9.99201E-05 9.99201E-05 9.99201E-05 9.99201E-05 9.99201E-05
0.489397 0.105242 0.0804898 0.190286 0.0129802 9.9973E-05 9.9973E-05 9.9973E-05 0.0540812 0.0672235
0.618187 9.998E-05 0.0772373 9.998E-05 0.00960557 0.0747183 0.0505995 0.032365 0.0184445 0.118643
0.63746 9.9964E-05 0.0701397 0.194006 9.9964E-05 0.00964841 9.9964E-05 9.9964E-05 0.0460321 0.0423131
0.579065 0.0150987 0.0899893 9.9964E-05 9.9964E-05 0.122628 0.136699 9.9964E-05 9.9964E-05 0.05612
0.476472 0.31273 9.9964E-05 0.00527097 9.9964E-05 0.0802503 9.9964E-05 9.9964E-05 0.0257536 0.0991232
0.602668 0.108857 0.0401262 0.0609377 0.0173195 0.00278839 9.9991E-05 0.0752806 0.0155864 0.0763357
9.99201E-05 9.99201E-05 9.99201E-05 9.99201E-05 9.99201E-05 9.99201E-05 9.99201E-05 9.99201E-05 9.99201E-05 0.999101
9.99201E-05 9.99201E-05 0.999101 9.99201E-05 9.99201E-05 9.99201E-05 9.99201E-05 9.99201E-05 9.99201E-05 9.99201E-05
9.99201E-05 9.99201E-05 9.99201E-05 9.99201E-05 9.99201E-05 9.99201E-05 9.99201E-05 9.99201E-05 9.99201E-05 0.999101
0.644405 9.9946E-05 0.0980012 0.190368 9.9946E-05 9.9946E-05 9.9946E-05 9.9946E-05 9.9946E-05 0.0666264
0.403873 9.9964E-05 0.117286 0.282715 0.0420458 9.9964E-05 9.9964E-05 9.9964E-05 0.0197574 0.133923
0.571068 0.0738786 0.105421 0.147505 0.0136569 9.998E-05 9.998E-05 0.0345876 0.0325759 0.021108
0.712812 9.996E-05 0.100729 9.996E-05 0.0243072 0.0597221 9.996E-05 9.996E-05 0.0100414 0.091988
0.575238 0.0701516 0.072824 9.998E-05 0.0298977 0.112574 0.0351036 9.998E-05 0.00818782 0.0958242
0.060026 9.9955E-05 0.728905 0.183299 0.0101992 9.9955E-05 9.9955E-05 9.9955E-05 0.0170719 9.9955E-05
0.443915 0.104533 0.138921 0.166364 9.9973E-05 0.056999 9.9973E-05 9.9973E-05 0.0422772 0.0466908
0.160459 0.792801 9.9946E-05 0.0410429 0.00509741 9.9946E-05 9.9946E-05 9.9946E-05 9.9946E-05 9.9946E-05
0.0241927 0.925302 0.0208248 0.0143607 9.9955E-05 9.9955E-05 9.9955E-05 9.9955E-05 9.9955E-05 0.0148196
9.9946E-05 0.920403 0.0364834 9.9946E-05 0.0210004 9.9946E-05 9.9946E-05 9.9946E-05 9.9946E-05 0.021513
0.0172632 0.906238 9.9946E-05 0.069175 9.9946E-05 9.9946E-05 9.9946E-05 9.9946E-05 0.00672415 9.9946E-05
9.9982E-05 0.742971 0.0378682 9.9982E-05 0.0300354 0.0052777 0.108141 0.0216561 0.00680763 0.0470425
9.9955E-05 0.834818 0.0046763 9.9955E-05 0.00553675 9.9955E-05 0.109133 0.0453364 9.9955E-05 9.9955E-05
9.9928E-05 0.944032 9.9928E-05 9.9928E-05 9.9928E-05 9.9928E-05 0.0551685 9.9928E-05 9.9928E-05 9.9928E-05
9.9937E-05 0.953022 9.9937E-05 9.9937E-05 9.9937E-05 9.9937E-05 9.9937E-05 0.0155078 0.0307711 9.9937E-05
9.9955E-05 0.777168 0.00143922 9.9955E-05 0.0289548 0.0765574 0.11538 9.9955E-05 9.9955E-05 9.9955E-05
0.0457045 0.65893 0.0632372 0.0113685 0.0492387 0.103223 0.0556481 9.9982E-05 9.9982E-05 0.0124508
0.0865236 0.757866 0.0153798 9.9955E-05 9.9955E-05 0.0439708 9.9955E-05 0.0957605 9.9955E-05 9.9955E-05
9.9955E-05 9.9955E-05 0.0103519 9.9955E-05 9.9955E-05 9.9955E-05 0.898501 0.045571 0.00368809 0.0413885
9.9964E-05 0.0576238 0.027432 0.180385 0.0104313 9.9964E-05 0.706499 9.9964E-05 0.0172289 9.9964E-05
0.0674569 9.9964E-05 9.9964E-05 0.249245 0.0139652 9.9964E-05 0.616786 0.0353037 9.9964E-05 0.0168429
9.9955E-05 9.9955E-05 9.9955E-05 0.371219 9.9955E-05 0.0401689 0.507929 0.0367103 0.0434737 9.9955E-05
9.9964E-05 9.9964E-05 9.9964E-05 0.208224 0.0392252 0.0331643 0.606976 9.9964E-05 0.0643371 0.047674
9.9964E-05 0.095596 9.9964E-05 0.432681 0.0249181 9.9964E-05 0.409985 9.9964E-05 0.0203519 0.0160678
9.9964E-05 9.9964E-05 0.0329653 0.195592 9.9964E-05 0.0511842 0.64734 0.0656959 9.9964E-05 0.00682258
0.00235427 9.9955E-05 0.0270927 0.208473 0.0287473 9.9955E-05 0.732833 9.9955E-05 9.9955E-05 9.9955E-05
0.034148 9.999E-05 0.0526025 0.366989 0.0138941 0.0686445 0.324545 0.0527134 0.0315729 0.0547905
9.9946E-05 0.0122504 9.9946E-05 9.9946E-05 9.9946E-05 0.0750686 0.904343 9.9946E-05 0.00773882 9.9946E-05
9.9946E-05 9.9946E-05 9.9946E-05 9.9946E-05 0.0275278 9.9946E-05 0.913383 9.9946E-05 0.020079 0.0384103
0.0351524 9.9955E-05 9.9955E-05 0.118766 9.9955E-05 0.110876 0.690315 9.9955E-05 0.0443916 9.9955E-05
0.111759 9.9973E-05 9.9973E-05 0.348014 0.0328512 0.0457821 0.441123 0.0129067 0.00726387 9.9973E-05
0.0605365 0.114692 0.0251206 0.587076 9.9973E-05 0.0237805 0.18624 9.9973E-05 9.9973E-05 0.00225565
0.100656 0.0193836 9.9964E-05 0.713044 0.00933939 9.9964E-05 0.104979 0.0521984 9.9964E-05 9.9964E-05
9.9946E-05 9.9946E-05 9.9946E-05 0.960018 0.0135416 0.0102606 9.9946E-05 9.9946E-05 0.01558 9.9946E-05
9.9955E-05 0.0436715 9.9955E-05 0.652404 0.00131593 0.0464051 0.255704 9.9955E-05 9.9955E-05 9.9955E-05
0.0344755 9.9937E-05 9.9937E-05 0.656074 9.9937E-05 9.9937E-05 0.308751 9.9937E-05 9.9937E-05 9.9937E-05
9.9955E-05 9.9955E-05 0.0127304 0.715767 0.00879396 9.9955E-05 0.246046 0.0161629 9.9955E-05 9.9955E-05
9.9937E-05 9.9937E-05 9.9937E-05 0.930435 0.0374657 0.0313998 9.9937E-05 9.9937E-05 9.9937E-05 9.9937E-05
9.9955E-05 0.0683066 9.9955E-05 0.74458 9.9955E-05 9.9955E-05 0.126668 0.0325362 9.9955E-05 0.02741
0.0240596 0.00310796 0.00397441 0.510719 0.00197401 0.0321263 0.410804 0.0115472 9.9991E-05 0.00158733
9.9955E-05 0.107196 0.00690048 0.617774 9.9955E-05 9.9955E-05 0.262199 9.9955E-05 9.9955E-05 0.00543069
9.9946E-05 0.0847933 9.9946E-05 0.478825 9.9946E-05 9.9946E-05 0.424049 9.9946E-05 0.011733 9.9946E-05
9.9964E-05 9.9964E-05 0.0483372 0.622368 0.0144283 9.9964E-05 0.235267 0.0676496 0.0115498 9.9964E-05
0.0843221 0.0283423 9.9973E-05 0.249872 0.00991393 9.9973E-05 0.524386 0.0957353 0.00712833 9.9973E-05
9.9964E-05 9.9964E-05 9.9964E-05 0.429422 0.0385109 9.9964E-05 0.453952 0.00721319 0.0141647 0.0563379
0.072485 9.9973E-05 0.0211257 0.543723 9.9973E-05 0.00698054 0.320665 0.00332354 0.0313969 9.9973E-05
9.9964E-05 0.109004 9.9964E-05 0.484951 0.0118582 0.096828 0.261302 9.9964E-05 0.0356579 9.9964E-05
9.9955E-05 9.9955E-05 0.0197225 0.311393 9.9955E-05 9.9955E-05 0.59693 0.0389142 9.9955E-05 0.0325409
9.9946E-05 9.9946E-05 0.0269961 0.0291971 9.9946E-05 9.9946E-05 0.908991 9.9946E-05 9.9946E-05 0.0342163
9.996E-05 0.0372723 9.996E-05 0.470829 0.00275751 0.0802127 0.380156 9.996E-05 0.0283734 9.996E-05
0.0309676 9.9955E-05 9.9955E-05 0.366607 9.9955E-05 0.076587 0.435115 0.0902232 9.9955E-05 9.9955E-05
9.9964E-05 9.9964E-05 0.00615486 0.475713 0.00456159 9.9964E-05 0.42335 0.0609067 9.9964E-05 0.028914
0.0205705 9.9964E-05 0.0128327 0.241189 0.0327126 9.9964E-05 0.676118 9.9964E-05 9.9964E-05 0.0161765
9.9955E-05 0.0249805 9.9955E-05 0.356217 0.0216574 0.573393 9.9955E-05 0.0232518 9.9955E-05 9.9955E-05
9.9964E-05 0.0558966 0.0663202 0.394394 0.000374349 0.463137 9.9964E-05 0.0194781 9.9964E-05 9.9964E-05
9.9973E-05 0.0535748 0.0384193 0.39323 0.00115681 0.433814 9.9973E-05 0.0242499 0.0552551 9.9973E-05
0.0749155 0.00967473 0.0505342 0.400435 0.025457 0.395813 9.9973E-05 9.9973E-05 0.0428701 9.9973E-05
0.0576772 0.0358681 0.033595 0.328959 9.9982E-05 0.475085 9.9982E-05 0.0167248 0.0500252 0.00186548
9.9982E-05 0.0502317 0.0304409 0.0184961 0.0118435 0.639131 0.168714 0.0605257 9.9982E-05 0.0204174
9.9955E-05 0.00503065 0.0273476 0.211997 9.9955E-05 0.725805 9.9955E-05 0.0293194 9.9955E-05 9.9955E-05
9.99557E-05 0.0513372 9.99557E-05 0.125049 9.99557E-05 0.535623 9.99557E-05 0.195193 0.092298 9.99557E-05
