0.0342572 9.9919E-05 9.9919E-05 9.9919E-05 9.9919E-05 9.9919E-05 0.917774 9.9919E-05 9.9919E-05 9.9919E-05 0.00985717 0.00537426 0.0198872 0.011951 9.9919E-05
9.9928E-05 0.00135487 9.9928E-05 0.0198078 9.9928E-05 9.9928E-05 0.661805 9.9928E-05 9.9928E-05 0.0532887 0.0285848 0.012079 0.22228 9.9928E-05 9.9928E-05
9.9937E-05 0.0458777 9.9937E-05 0.0548329 9.9937E-05 0.0148899 0.741492 9.9937E-05 0.0375001 9.9937E-05 9.9937E-05 0.0165476 0.0773908 0.0107694 9.9937E-05
9.9946E-05 0.0796205 9.9946E-05 0.0592126 9.9946E-05 0.0122949 0.75023 0.00659871 0.0112192 9.9946E-05 9.9946E-05 0.0120288 0.0629037 0.005292 9.9946E-05
0.0494476 0.0183387 0.0325829 0.097161 9.9937E-05 0.00750863 0.767312 9.9937E-05 9.9937E-05 9.9937E-05 9.9937E-05 9.9937E-05 0.0117045 9.9937E-05 0.0152447
9.991E-05 0.108448 9.991E-05 9.991E-05 9.991E-05 0.0341367 0.831497 0.0221851 9.991E-05 9.991E-05 0.00273471 9.991E-05 9.991E-05 9.991E-05 9.991E-05
9.9919E-05 9.9919E-05 9.9919E-05 0.0270206 9.9919E-05 9.9919E-05 0.861198 0.0131757 9.9919E-05 0.00414268 0.0134851 9.9919E-05 9.9919E-05 9.9919E-05 0.0800784
9.99127E-05 9.99127E-05 0.0415565 9.99127E-05 9.99127E-05 9.99127E-05 0.78265 0.0300754 9.99127E-05 9.99127E-05 0.0303823 9.99127E-05 9.99127E-05 9.99127E-05 0.114337
9.9928E-05 9.9928E-05 9.9928E-05 0.0034997 0.0141438 9.9928E-05 0.761325 9.9928E-05 0.0431274 9.9928E-05 0.00857543 0.0354917 9.9928E-05 9.9928E-05 0.133038
9.9937E-05 0.0473147 9.9937E-05 9.9937E-05 0.0641939 9.9937E-05 0.777227 0.0180407 0.0504344 0.033962 9.9937E-05 9.9937E-05 0.00260493 0.00552255 9.9937E-05
9.9946E-05 0.0525139 9.9946E-05 9.9946E-05 0.00079497 0.0217257 0.688913 9.9946E-05 0.0151865 0.00284693 9.9946E-05 9.9946E-05 0.203668 0.00980765 0.0039431
9.9919E-05 9.9919E-05 9.9919E-05 9.9919E-05 9.9919E-05 0.00249076 0.691179 9.9919E-05 0.0513444 9.9919E-05 9.9919E-05 0.00914217 0.220733 9.9919E-05 0.0242113
0.0610638 9.9946E-05 9.9946E-05 0.0719539 0.0767755 0.0152121 0.716289 9.9946E-05 9.9946E-05 9.9946E-05 0.0318512 0.0149022 0.000683503 0.010669 9.9946E-05
0.0278399 0.14754 0.0609008 9.9955E-05 9.9955E-05 9.9955E-05 0.632757 0.002337 0.0266584 0.000526251 0.0162403 9.9955E-05 0.0637647 0.0209361 9.9955E-05
9.991E-05 0.0261502 9.991E-05 9.991E-05 0.130975 9.991E-05 0.794804 9.991E-05 0.0183514 9.991E-05 9.991E-05 9.991E-05 0.0287201 9.991E-05 9.991E-05
9.991E-05 9.991E-05 9.991E-05 9.991E-05 0.0450915 9.991E-05 0.806441 9.991E-05 9.991E-05 9.991E-05 0.011494 9.991E-05 9.991E-05 0.00551444 0.13046
9.99101E-05 9.99101E-05 0.0347777 9.99101E-05 9.99101E-05 0.03139 0.909492 0.0221776 9.99101E-05 9.99101E-05 0.00116317 9.99101E-05 9.99101E-05 9.99101E-05 9.99101E-05
9.991E-05 9.991E-05 0.00699572 9.991E-05 0.0245146 0.0123259 0.94742 9.991E-05 9.991E-05 9.991E-05 9.991E-05 9.991E-05 9.991E-05 0.00774487 9.991E-05
0.0229829 9.99101E-05 0.0482925 9.99101E-05 9.99101E-05 9.99101E-05 0.887746 0.0104147 9.99101E-05 9.99101E-05 0.0295644 9.99101E-05 9.99101E-05 9.99101E-05 9.99101E-05
9.9928E-05 9.9928E-05 0.000729225 0.0273204 0.0157216 0.0397144 0.865637 0.0238081 0.0262695 9.9928E-05 9.9928E-05 9.9928E-05 9.9928E-05 9.9928E-05 9.9928E-05
9.98739E-05 9.98739E-05 9.98739E-05 9.98739E-05 9.98739E-05 9.98739E-05 9.98739E-05 9.98739E-05 9.98739E-05 9.98739E-05 9.98739E-05 9.98739E-05 9.98739E-05 0.998602 9.98739E-05
0.0100383 9.9919E-05 9.9919E-05 9.9919E-05 9.9919E-05 9.9919E-05 9.9919E-05 9.9919E-05 0.719054 0.0382968 0.00956449 0.00478004 0.217367 9.9919E-05 9.9919E-05
0.00605972 0.0832122 0.111907 9.9937E-05 9.9937E-05 9.9937E-05 0.0240319 0.021592 0.735775 9.9937E-05 0.00567351 9.9937E-05 9.9937E-05 0.0110487 9.9937E-05
0.0836303 9.991E-05 9.991E-05 9.991E-05 9.991E-05 0.0148319 9.991E-05 0.0153306 0.884652 9.991E-05 9.991E-05 9.991E-05 9.991E-05 0.000556079 9.991E-05
9.98831E-05 9.98831E-05 9.98831E-05 9.98831E-05 0.038001 9.98831E-05 9.98831E-05 9.98831E-05 0.9607 9.98831E-05 9.98831E-05 9.98831E-05 9.98831E-05 9.98831E-05 9.98831E-05
9.9901E-05 9.9901E-05 9.9901E-05 9.9901E-05 9.9901E-05 0.0326059 9.9901E-05 0.0112345 0.953353 9.9901E-05 9.9901E-05 0.00170794 9.9901E-05 9.9901E-05 9.9901E-05
0.0332426 0.0736746 0.00613655 0.0169236 0.0878262 9.99426E-05 9.99426E-05 9.99426E-05 0.752786 9.99426E-05 9.99426E-05 9.99426E-05 9.99426E-05 0.0271603 0.00155048
9.98739E-05 9.98739E-05 9.98739E-05 9.98739E-05 9.98739E-05 9.98739E-05 9.98739E-05 9.98739E-05 9.98739E-05 9.98739E-05 9.98739E-05 9.98739E-05 9.98739E-05 0.998602 9.98739E-05
9.9919E-05 0.0690367 9.9919E-05 0.102344 0.028194 9.9919E-05 9.9919E-05 0.00393962 0.769548 9.9919E-05 9.9919E-05 9.9919E-05 9.9919E-05 0.0260389 9.9919E-05
9.9919E-05 0.0847854 9.9919E-05 9.9919E-05 0.12773 9.9919E-05 0.00876859 0.0110285 0.748957 9.9919E-05 0.0178321 9.9919E-05 9.9919E-05 9.9919E-05 9.9919E-05
9.9928E-05 0.131672 9.9928E-05 9.9928E-05 0.0251944 0.014458 9.9928E-05 9.9928E-05 0.752489 9.9928E-05 9.9928E-05 0.0334445 0.00845582 0.0334869 9.9928E-05
0.0324458 9.9928E-05 9.9928E-05 0.000140962 9.9928E-05 0.0398465 9.9928E-05 9.9928E-05 0.764039 9.9928E-05 0.0086118 9.9928E-05 9.9928E-05 0.022503 0.131614
0.0315386 9.9946E-05 9.9946E-05 0.119299 9.9946E-05 9.9946E-05 0.0219064 0.00268244 0.613525 0.06089 0.0317125 9.9946E-05 9.9946E-05 0.0864779 0.0313693
9.9937E-05 0.112549 9.9937E-05 9.9937E-05 9.9937E-05 9.9937E-05 9.9937E-05 0.0133215 0.61404 0.0444293 0.0647136 0.0483964 0.0490238 0.0528266 9.9937E-05
9.99608E-05 9.99608E-05 9.99608E-05 0.0406775 0.117082 0.00186595 0.0256297 0.0267464 0.671202 0.00303269 9.99608E-05 0.0170952 0.0900148 0.00615414 9.99608E-05
9.99459E-05 0.125002 9.99459E-05 9.99459E-05 9.99459E-05 0.0031408 0.0275452 9.99459E-05 0.447961 9.99459E-05 0.00500096 0.0194558 0.312927 0.00272239 0.0556456
0.037251 9.9919E-05 9.9919E-05 9.9919E-05 0.134159 9.9919E-05 9.9919E-05 0.00235365 0.689754 9.9919E-05 9.9919E-05 0.0458249 9.9919E-05 9.9919E-05 0.0897584
0.644639 9.9955E-05 0.00549079 0.0313229 0.116833 0.00567677 9.9955E-05 9.9955E-05 9.9955E-05 0.117441 0.00386811 0.0113136 0.0589111 0.00400382 9.9955E-05
0.627998 9.9946E-05 0.0354669 0.118724 0.0609294 9.9946E-05 9.9946E-05 0.0127053 9.9946E-05 0.0261621 0.0128071 9.9946E-05 0.0759457 9.9946E-05 0.0286622
0.629107 0.111989 0.09048 0.101496 9.9937E-05 0.00183403 0.00414818 9.9937E-05 9.9937E-05 9.9937E-05 0.0264679 0.0337787 9.9937E-05 9.9937E-05 9.9937E-05
0.657533 9.9937E-05 0.00874849 9.9937E-05 0.19301 0.0102389 0.0135323 9.9937E-05 0.0343843 0.0159275 9.9937E-05 9.9937E-05 9.9937E-05 9.9937E-05 0.0659261
0.671421 0.136248 0.00904379 9.9946E-05 0.0332619 9.9946E-05 9.9946E-05 0.0130401 9.9946E-05 9.9946E-05 0.0428679 0.0322741 0.0355981 0.0256462 9.9946E-05
0.691897 9.9928E-05 9.9928E-05 9.9928E-05 0.172399 0.00086039 9.9928E-05 0.0103772 9.9928E-05 9.9928E-05 9.9928E-05 0.023208 9.9928E-05 0.000353796 0.100105
0.590567 0.20137 9.9937E-05 0.0374369 9.9937E-05 9.9937E-05 0.0253104 0.0122436 9.9937E-05 9.9937E-05 0.0357764 0.0163922 0.0802039 9.9937E-05 9.9937E-05
0.656772 0.0496411 0.13244 9.9946E-05 0.0418246 9.9946E-05 9.9946E-05 0.0141628 0.048318 9.9946E-05 0.0123919 0.000323617 9.9946E-05 9.9946E-05 0.0435261
0.656639 9.9928E-05 0.0891571 0.0226353 9.9928E-05 9.9928E-05 0.00965311 0.031387 0.0534044 9.9928E-05 9.9928E-05 9.9928E-05 9.9928E-05 9.9928E-05 0.136324
0.715827 9.99191E-05 0.183415 9.99191E-05 9.99191E-05 0.0314812 9.99191E-05 0.0218801 9.99191E-05 9.99191E-05 0.00870977 9.99191E-05 9.99191E-05 9.99191E-05 0.0377876
0.743417 9.9928E-05 9.9928E-05 9.9928E-05 0.0581753 0.00235278 9.9928E-05 0.0191504 9.9928E-05 0.149022 0.00684739 0.0202357 9.9928E-05 9.9928E-05 9.9928E-05
0.829104 9.9937E-05 9.9937E-05 9.9937E-05 9.9937E-05 0.020735 0.038109 0.0116724 9.9937E-05 9.9937E-05 0.0254925 0.030635 9.9937E-05 0.0383739 0.00517846
0.634799 0.0262639 0.111639 9.9946E-05 0.0199473 9.9946E-05 9.9946E-05 0.00863495 9.9946E-05 0.149965 0.0135215 0.0175373 9.9946E-05 0.0170924 9.9946E-05
0.725277 0.0901653 9.9928E-05 0.0805087 9.9928E-05 0.0215023 9.9928E-05 9.9928E-05 0.00788941 9.9928E-05 9.9928E-05 0.0123464 0.0615113 9.9928E-05 9.9928E-05
0.684919 9.9919E-05 0.154594 9.9919E-05 9.9919E-05 9.9919E-05 9.9919E-05 9.9919E-05 9.9919E-05 9.9919E-05 0.0165762 0.0278376 9.9919E-05 0.0218875 0.0932864
0.755663 9.991E-05 9.991E-05 0.0609471 9.991E-05 9.991E-05 9.991E-05 0.0804755 9.991E-05 0.0370125 0.0649028 9.991E-05 9.991E-05 9.991E-05 9.991E-05
0.660049 9.99459E-05 0.043921 9.99459E-05 0.0485726 0.0240514 0.078983 9.99459E-05 0.016581 9.99459E-05 9.99459E-05 0.00947051 0.0887387 9.99459E-05 0.0290336
0.615932 9.9928E-05 9.9928E-05 9.9928E-05 0.193367 0.00626779 9.9928E-05 0.0273068 9.9928E-05 9.9928E-05 0.0124139 9.9928E-05 9.9928E-05 0.0155168 0.128397
0.623452 0.0166674 0.0462741 0.0778815 9.9964E-05 0.0183301 0.00191925 9.9964E-05 0.043771 0.0714212 0.00998051 0.020097 0.0698065 9.9964E-05 9.9964E-05
0.619617 0.024854 9.9946E-05 9.9946E-05 0.173196 9.9946E-05 0.0315908 0.0390862 0.0107818 9.9946E-05 0.00282217 9.9946E-05 9.9946E-05 0.0166236 0.0808294
0.0765111 0.153424 0.35274 0.00790073 0.0330991 0.00414407 9.9946E-05 9.9946E-05 9.9946E-05 9.9946E-05 0.0137033 0.0300929 0.327785 9.9946E-05 9.9946E-05
9.98738E-05 9.98738E-05 9.98738E-05 9.98738E-05 9.98738E-05 9.98738E-05 9.98738E-05 9.98738E-05 9.98738E-05 9.98738E-05 9.98738E-05 0.998602 9.98738E-05 9.98738E-05 9.98738E-05
9.9946E-05 0.0067212 0.379322 0.0394818 0.0792349 9.9946E-05 9.9946E-05 0.0301085 9.9946E-05 0.0225389 0.0651897 9.9946E-05 0.369262 0.00754157 9.9946E-05
0.0252589 9.9955E-05 0.142574 0.17552 0.264608 0.00337745 0.00818322 0.024732 9.9955E-05 9.9955E-05 0.0337423 0.012702 0.308803 9.9955E-05 9.9955E-05
9.9928E-05 9.9928E-05 0.413684 0.048389 0.326594 0.0187832 9.9928E-05 9.9928E-05 9.9928E-05 9.9928E-05 0.0138541 0.0318389 0.146057 9.9928E-05 9.9928E-05
9.99279E-05 9.99279E-05 0.195366 9.99279E-05 0.678721 0.0196615 0.0354134 9.99279E-05 9.99279E-05 0.0261399 9.99279E-05 9.99279E-05 9.99279E-05 0.0145052 0.0293936
9.98738E-05 9.98738E-05 9.98738E-05 9.98738E-05 9.98738E-05 9.98738E-05 9.98738E-05 9.98738E-05 9.98738E-05 9.98738E-05 0.998602 9.98738E-05 9.98738E-05 9.98738E-05 9.98738E-05
9.98738E-05 9.98738E-05 9.98738E-05 9.98738E-05 9.98738E-05 9.98738E-05 9.98738E-05 9.98738E-05 9.98738E-05 9.98738E-05 9.98738E-05 0.998602 9.98738E-05 9.98738E-05 9.98738E-05
9.9973E-05 0.0378339 0.0547687 0.0500884 0.214653 0.0379632 0.0642731 0.00740046 9.9973E-05 9.9973E-05 0.040536 0.0273718 0.449701 0.00142397 0.0136864
9.9973E-05 0.0598023 0.12006 0.043462 0.610827 0.0336622 0.0182282 0.0108599 0.045235 0.00315682 0.018559 0.00910976 9.9973E-05 0.0267371 9.9973E-05
9.9964E-05 9.9964E-05 0.48588 0.044029 0.229872 0.0249175 0.0213181 0.0510409 0.0149104 0.0531747 0.0410393 0.0305875 9.9964E-05 0.00283126 9.9964E-05
9.995E-05 9.995E-05 0.534791 0.0401032 0.198123 0.00284404 9.995E-05 0.043393 0.0485738 9.995E-05 0.0239518 0.0144852 0.0689479 0.0242869 9.995E-05
9.9946E-05 9.9946E-05 0.29225 9.9946E-05 0.218835 0.0212423 9.9946E-05 0.0438053 0.068737 9.9946E-05 0.0377237 0.129047 0.109877 9.9946E-05 0.0778839
9.9919E-05 9.9919E-05 0.624791 9.9919E-05 0.257539 0.0307828 0.0348524 0.01607 9.9919E-05 9.9919E-05 9.9919E-05 0.0350661 9.9919E-05 9.9919E-05 9.9919E-05
9.9901E-05 9.9901E-05 9.9901E-05 9.9901E-05 0.950003 0.0265266 9.9901E-05 0.00593914 9.9901E-05 9.9901E-05 0.0164327 9.9901E-05 9.9901E-05 9.9901E-05 9.9901E-05
9.9937E-05 9.9937E-05 0.409402 0.00578558 0.20729 9.9937E-05 9.9937E-05 0.0300709 0.0787665 9.9937E-05 0.0181433 0.0800922 0.169749 9.9937E-05 9.9937E-05
9.9919E-05 9.9919E-05 9.9919E-05 0.382889 0.168232 0.0230265 9.9919E-05 9.9919E-05 9.9919E-05 9.9919E-05 9.9919E-05 0.0167356 0.395266 9.9919E-05 0.0129508
0.210841 9.9937E-05 0.400218 0.221914 9.9937E-05 0.041386 9.9937E-05 9.9937E-05 9.9937E-05 9.9937E-05 0.0217756 0.0352183 9.9937E-05 0.0511325 0.0168151
0.119159 9.9946E-05 0.171363 9.9946E-05 0.533911 0.0234408 0.0536053 9.9946E-05 0.000345641 0.0824831 0.00108288 0.014009 9.9946E-05 9.9946E-05 9.9946E-05
0.354084 9.9928E-05 0.473611 9.9928E-05 9.9928E-05 0.00918677 0.0893268 0.00234173 9.9928E-05 9.9928E-05 9.9928E-05 0.0440236 0.0266268 9.9928E-05 9.9928E-05
9.98739E-05 9.98739E-05 9.98739E-05 9.98739E-05 9.98739E-05 9.98739E-05 9.98739E-05 9.98739E-05 9.98739E-05 9.98739E-05 0.998602 9.98739E-05 9.98739E-05 9.98739E-05 9.98739E-05
0.0813509 9.9982E-05 0.203826 0.026037 0.131013 0.0591904 0.0619887 0.0806151 0.026847 9.9982E-05 0.0367213 0.0644267 0.0932451 0.0286055 0.105933
0.0932388 0.0200867 0.18891 0.000950362 0.412109 0.0416796 9.9955E-05 0.0214614 9.9955E-05 9.9955E-05 0.0633048 0.0432964 0.114463 9.9955E-05 9.9955E-05
9.99099E-05 9.99099E-05 0.941803 9.99099E-05 9.99099E-05 0.0140033 0.005143 0.00880717 0.0292444 9.99099E-05 9.99099E-05 9.99099E-05 9.99099E-05 9.99099E-05 9.99099E-05
9.9946E-05 9.9946E-05 0.510325 9.9946E-05 0.129965 9.9946E-05 0.0190842 0.0175808 0.0307086 0.0153877 0.0204023 0.0304829 0.225464 9.9946E-05 9.9946E-05
0.00044526 9.9937E-05 0.0414185 9.9937E-05 0.819957 0.00236032 0.0481367 0.0187947 9.9937E-05 9.9937E-05 0.0205719 9.9937E-05 0.0476163 9.9937E-05 9.9937E-05
0.207598 0.0281544 9.9964E-05 9.9964E-05 0.285601 0.0399973 0.00921714 0.0499876 0.014238 0.0867562 9.9964E-05 0.035277 0.113273 9.9964E-05 0.1295
0.125192 9.991E-05 9.991E-05 9.991E-05 9.991E-05 9.991E-05 9.991E-05 9.991E-05 9.991E-05 0.698156 0.0604637 0.0491533 0.0660362 9.991E-05 9.991E-05
0.0651715 0.188847 0.185971 0.124689 0.278184 9.9964E-05 0.0146564 0.00344374 0.0438612 0.0297808 9.9964E-05 0.0608452 0.00415042 9.9964E-05 9.9964E-05
9.99099E-05 9.99099E-05 0.983012 9.99099E-05 9.99099E-05 9.99099E-05 9.99099E-05 0.00213994 9.99099E-05 9.99099E-05 0.00956574 9.99099E-05 9.99099E-05 0.00129415 0.00298927
9.9892E-05 9.9892E-05 0.945236 9.9892E-05 9.9892E-05 0.00560136 9.9892E-05 9.9892E-05 9.9892E-05 9.9892E-05 9.9892E-05 9.9892E-05 9.9892E-05 9.9892E-05 0.0479636
9.9955E-05 0.0186342 0.348343 0.0969631 0.414684 9.9955E-05 0.00641352 0.0274321 9.9955E-05 0.0524988 9.9955E-05 0.0270803 9.9955E-05 0.00253901 0.00491173
9.98828E-05 9.98828E-05 9.98828E-05 9.98828E-05 9.98828E-05 9.98828E-05 9.98828E-05 0.114807 9.98828E-05 9.98828E-05 9.98828E-05 9.98828E-05 0.883894 9.98828E-05 9.98828E-05
0.0664484 0.0526466 0.50651 0.086291 0.0128229 0.0267935 9.9964E-05 0.0252849 9.9964E-05 9.9964E-05 0.124266 0.00746631 0.0856968 0.00537422 9.9964E-05
9.991E-05 9.991E-05 0.760638 9.991E-05 0.0613621 9.991E-05 9.991E-05 9.991E-05 9.991E-05 9.991E-05 0.0599145 9.991E-05 0.023469 9.991E-05 0.0936169
9.9946E-05 0.0090509 9.9946E-05 9.9946E-05 0.142078 0.00896267 0.00427427 9.9946E-05 0.00211431 9.9946E-05 9.9946E-05 0.0205357 0.710659 0.0253631 0.0763615
0.0372267 0.00537629 0.0327061 0.0340716 9.9937E-05 0.0287635 9.9937E-05 9.9937E-05 0.0583467 9.9937E-05 0.0463743 9.9937E-05 0.756435 9.9937E-05 9.9937E-05
9.9955E-05 0.038952 0.303877 0.00615606 9.9955E-05 0.0384242 0.00884725 9.9955E-05 0.025908 9.9955E-05 0.0364836 0.00382778 0.492346 9.9955E-05 0.0446786
9.9946E-05 0.0771625 0.171908 0.0659438 0.12409 9.9946E-05 0.0432907 9.9946E-05 0.0185511 9.9946E-05 0.0464922 0.0656939 0.386268 9.9946E-05 9.9946E-05
0.0195849 0.0366852 0.0926951 0.17496 0.0250211 0.0600021 0.0231441 0.00162797 9.9973E-05 0.0857953 0.0241886 0.0348795 0.421117 9.9973E-05 9.9973E-05
0.0213875 9.9946E-05 0.732447 0.0421362 0.00888984 0.0309415 0.0553274 9.9946E-05 9.9946E-05 9.9946E-05 0.0526942 0.0326824 0.0228948 9.9946E-05 9.9946E-05
9.9946E-05 9.9946E-05 0.538278 0.0761874 0.25516 0.0372428 9.9946E-05 0.012443 0.0299537 9.9946E-05 0.00550189 0.0221142 0.0225193 9.9946E-05 9.9946E-05
0.0539596 9.9955E-05 0.232587 0.00305389 0.221517 0.0784175 9.9955E-05 0.013635 9.9955E-05 9.9955E-05 0.00898996 0.0557743 0.290121 9.9955E-05 0.0414454
9.9946E-05 0.0756767 0.305293 0.00489544 0.347396 9.9946E-05 0.0189028 0.0090576 0.00712422 9.9946E-05 0.00450871 9.9946E-05 0.226546 9.9946E-05 9.9946E-05
9.9946E-05 0.141173 0.527499 9.9946E-05 0.00560963 0.0103922 9.9946E-05 0.0767975 9.9946E-05 9.9946E-05 0.0660529 0.0505301 0.111069 0.0102767 9.9946E-05
9.98738E-05 9.98738E-05 9.98738E-05 9.98738E-05 0.998602 9.98738E-05 9.98738E-05 9.98738E-05 9.98738E-05 9.98738E-05 9.98738E-05 9.98738E-05 9.98738E-05 9.98738E-05 9.98738E-05
9.98739E-05 9.98739E-05 9.98739E-05 9.98739E-05 9.98739E-05 9.98739E-05 9.98739E-05 0.998602 9.98739E-05 9.98739E-05 9.98739E-05 9.98739E-05 9.98739E-05 9.98739E-05 9.98739E-05
9.9964E-05 0.0750069 0.0939114 0.145147 0.254088 0.0377942 0.0486456 0.0197783 9.9964E-05 9.9964E-05 0.0218348 0.0588689 0.238599 0.0059262 9.9964E-05
9.9919E-05 9.9919E-05 0.343308 9.9919E-05 0.276342 9.9919E-05 9.9919E-05 0.00104248 9.9919E-05 9.9919E-05 0.0570751 9.9919E-05 0.31275 0.00858316 9.9919E-05
9.9946E-05 9.9946E-05 0.213577 0.0235795 0.328603 9.9946E-05 0.0185085 0.00110489 9.9946E-05 0.108038 0.0342758 9.9946E-05 0.265437 0.00627674 9.9946E-05
0.00263645 0.00530445 9.98919E-05 9.98919E-05 0.99086 9.98919E-05 9.98919E-05 9.98919E-05 9.98919E-05 9.98919E-05 9.98919E-05 9.98919E-05 9.98919E-05 9.98919E-05 9.98919E-05
0.0214167 9.9955E-05 0.0888766 0.188571 0.359545 0.0548536 0.0293696 9.9955E-05 9.9955E-05 9.9955E-05 0.0021273 0.0177795 0.22008 9.9955E-05 0.0168813
9.99459E-05 9.99459E-05 0.457694 0.132296 0.141979 0.0177088 0.0329952 9.99459E-05 0.0477163 0.022165 0.0105087 9.99459E-05 0.136337 9.99459E-05 9.99459E-05
9.98739E-05 9.98739E-05 9.98739E-05 9.98739E-05 9.98739E-05 0.998602 9.98739E-05 9.98739E-05 9.98739E-05 9.98739E-05 9.98739E-05 9.98739E-05 9.98739E-05 9.98739E-05 9.98739E-05
9.98738E-05 9.98738E-05 9.98738E-05 9.98738E-05 9.98738E-05 9.98738E-05 9.98738E-05 0.998602 9.98738E-05 9.98738E-05 9.98738E-05 9.98738E-05 9.98738E-05 9.98738E-05 9.98738E-05
9.98739E-05 9.98739E-05 9.98739E-05 9.98739E-05 9.98739E-05 0.998602 9.98739E-05 9.98739E-05 9.98739E-05 9.98739E-05 9.98739E-05 9.98739E-05 9.98739E-05 9.98739E-05 9.98739E-05
9.991E-05 9.991E-05 0.189121 9.991E-05 9.991E-05 9.991E-05 9.991E-05 9.991E-05 9.991E-05 9.991E-05 0.0189341 0.0454768 0.712469 9.991E-05 0.033
9.9955E-05 0.0829372 9.9955E-05 9.9955E-05 0.313828 0.0414641 9.9955E-05 0.0164053 0.00262635 9.9955E-05 0.0128439 0.0355953 0.439703 0.0507655 0.00333141
9.996E-05 9.996E-05 0.286133 0.125327 0.0601707 0.0292402 0.00755371 0.0322103 0.0312928 0.0465086 0.0113435 0.0289128 0.340908 9.996E-05 9.996E-05
9.9937E-05 9.9937E-05 0.275298 9.9937E-05 0.435227 0.0692198 0.0562112 0.018574 9.9937E-05 9.9937E-05 9.9937E-05 0.0116877 0.123134 0.00994772 9.9937E-05
9.9928E-05 9.9928E-05 0.735922 9.9928E-05 0.102312 9.9928E-05 9.9928E-05 0.0282701 9.9928E-05 9.9928E-05 0.0236913 0.0148437 9.9928E-05 0.0392059 0.0549562
9.98828E-05 9.98828E-05 9.98828E-05 9.98828E-05 9.98828E-05 9.98828E-05 9.98828E-05 0.0460251 9.98828E-05 9.98828E-05 9.98828E-05 9.98828E-05 0.952676 9.98828E-05 9.98828E-05
9.9946E-05 0.113655 0.418832 9.9946E-05 9.9946E-05 0.0256361 0.0351698 0.0620244 9.9946E-05 0.000440545 0.00121306 0.0277602 0.314669 9.9946E-05 9.9946E-05
9.9919E-05 9.9919E-05 0.111018 0.753806 9.9919E-05 9.9919E-05 9.9919E-05 9.9919E-05 9.9919E-05 9.9919E-05 9.9919E-05 0.0747839 0.0192985 0.014887 0.0253069
9.991E-05 9.991E-05 0.0380042 0.919439 9.991E-05 9.991E-05 9.991E-05 9.991E-05 9.991E-05 0.00693327 0.0275965 0.00702791 9.991E-05 9.991E-05 9.991E-05
9.991E-05 0.0540495 9.991E-05 0.886164 9.991E-05 9.991E-05 9.991E-05 0.00969205 9.991E-05 9.991E-05 0.026438 9.991E-05 9.991E-05 0.0226572 9.991E-05
9.9901E-05 9.9901E-05 9.9901E-05 0.819215 9.9901E-05 9.9901E-05 9.9901E-05 9.9901E-05 9.9901E-05 9.9901E-05 0.0288874 9.9901E-05 0.141498 9.9901E-05 0.00930058
9.9937E-05 0.0532512 9.9937E-05 0.674575 0.109675 0.0239497 9.9937E-05 0.0208295 0.0142199 9.9937E-05 9.9937E-05 9.9937E-05 0.0876645 9.9937E-05 0.0151355
9.9937E-05 9.9937E-05 9.9937E-05 0.875849 9.9937E-05 9.9937E-05 9.9937E-05 0.00630898 0.00057458 0.0113245 0.00877507 0.0328305 9.9937E-05 0.0116516 0.0519858
9.9892E-05 9.9892E-05 9.9892E-05 0.949413 9.9892E-05 9.9892E-05 0.0101502 9.9892E-05 9.9892E-05 0.0392381 9.9892E-05 9.9892E-05 9.9892E-05 9.9892E-05 9.9892E-05
9.9919E-05 9.9919E-05 0.0688045 0.86229 9.9919E-05 9.9919E-05 0.0408827 0.00898591 0.0140663 9.9919E-05 9.9919E-05 9.9919E-05 0.00407144 9.9919E-05 9.9919E-05
0.0574569 9.9937E-05 9.9937E-05 0.828155 9.9937E-05 0.00815117 9.9937E-05 0.0043346 9.9937E-05 0.0194938 9.9937E-05 0.010563 9.9937E-05 0.0226255 0.0485206
0.0461695 0.0276989 0.0799152 0.687699 9.9955E-05 9.9955E-05 0.0252331 0.0416549 9.9955E-05 9.9955E-05 0.021665 0.00183725 0.0234863 0.0441408 9.9955E-05
0.0215284 9.9928E-05 9.9928E-05 0.73433 0.115014 0.0103641 9.9928E-05 9.9928E-05 0.103349 0.00260143 9.9928E-05 0.0120135 9.9928E-05 9.9928E-05 9.9928E-05
9.991E-05 9.991E-05 9.991E-05 0.0136781 0.0104139 0.0341904 9.991E-05 9.991E-05 0.000942706 9.991E-05 9.991E-05 9.991E-05 9.991E-05 9.991E-05 0.939776
9.9919E-05 0.0683055 9.9919E-05 0.12091 9.9919E-05 9.9919E-05 9.9919E-05 0.0182661 9.9919E-05 0.0774733 9.9919E-05 9.9919E-05 9.9919E-05 0.026467 0.687679
0.00307479 0.642394 0.0373308 9.9955E-05 0.0379807 9.9955E-05 0.0019702 0.00880576 9.9955E-05 9.9955E-05 0.00354564 0.0151262 9.9955E-05 0.0164822 0.23279
0.0819018 0.797299 0.000770641 9.9919E-05 9.9919E-05 0.0141257 0.0128875 9.9919E-05 9.9919E-05 0.0921166 9.9919E-05 9.9919E-05 9.9919E-05 9.9919E-05 9.9919E-05
9.9901E-05 9.9901E-05 9.9901E-05 9.9901E-05 9.9901E-05 9.9901E-05 9.9901E-05 9.9901E-05 9.9901E-05 9.9901E-05 0.0361185 9.9901E-05 0.0712447 0.0279417 0.863596
9.9939E-05 0.587378 9.9939E-05 0.113022 9.9939E-05 0.0171765 9.9939E-05 9.9939E-05 9.9939E-05 0.0307357 0.00541979 9.9939E-05 0.0167383 0.01495 0.213881
0.018005 0.287487 9.9919E-05 9.9919E-05 0.017284 9.9919E-05 9.9919E-05 0.0527601 0.0468588 9.9919E-05 9.9919E-05 9.9919E-05 9.9919E-05 9.9919E-05 0.576706
9.991E-05 9.991E-05 0.028739 9.991E-05 0.00968259 9.991E-05 9.991E-05 9.991E-05 9.991E-05 0.162521 9.991E-05 9.991E-05 9.991E-05 0.00448931 0.793569
0.057631 0.399824 9.99549E-05 0.0190742 9.99549E-05 0.0625897 0.0201339 0.00365425 0.0207312 9.99549E-05 9.99549E-05 0.026852 0.117513 9.99549E-05 0.271496
0.0392507 9.9892E-05 9.9892E-05 9.9892E-05 9.9892E-05 9.9892E-05 9.9892E-05 0.0154896 9.9892E-05 9.9892E-05 9.9892E-05 9.9892E-05 9.9892E-05 9.9892E-05 0.944061
9.9901E-05 9.9901E-05 9.9901E-05 9.9901E-05 9.9901E-05 9.9901E-05 9.9901E-05 9.9901E-05 9.9901E-05 9.9901E-05 0.012212 0.026666 9.9901E-05 0.00656117 0.953462
0.0596538 9.991E-05 9.991E-05 9.991E-05 9.991E-05 9.991E-05 0.0355013 9.991E-05 9.991E-05 0.482604 9.991E-05 0.0236793 9.991E-05 9.991E-05 0.397563
0.0561928 0.0889059 0.0381947 9.9973E-05 0.00731894 0.0130249 0.00632029 9.9973E-05 0.0588256 0.276379 9.9973E-05 0.0126365 0.0550502 0.00651403 0.380338
9.991E-05 9.991E-05 9.991E-05 9.991E-05 0.0664676 9.991E-05 9.991E-05 9.991E-05 9.991E-05 0.0785923 9.991E-05 0.0263294 0.186675 9.991E-05 0.640937
9.9937E-05 0.129353 9.9937E-05 9.9937E-05 0.0682861 0.00678124 0.0218002 0.00220326 0.00561641 0.729045 9.9937E-05 0.0362144 9.9937E-05 9.9937E-05 9.9937E-05
9.991E-05 9.991E-05 9.991E-05 9.991E-05 9.991E-05 9.991E-05 0.0378341 9.991E-05 9.991E-05 0.839951 9.991E-05 0.00539012 0.114788 0.00103732 9.991E-05
9.9883E-05 9.9883E-05 9.9883E-05 9.9883E-05 9.9883E-05 9.9883E-05 9.9883E-05 9.9883E-05 9.9883E-05 0.97671 9.9883E-05 0.021992 9.9883E-05 9.9883E-05 9.9883E-05
9.9946E-05 0.200513 0.0219325 0.0650108 9.9946E-05 0.018198 0.00881144 0.00305038 9.9946E-05 0.660015 9.9946E-05 0.00213875 9.9946E-05 9.9946E-05 0.0197298
9.98741E-05 9.98741E-05 9.98741E-05 9.98741E-05 9.98741E-05 9.98741E-05 9.98741E-05 9.98741E-05 9.98741E-05 0.998602 9.98741E-05 9.98741E-05 9.98741E-05 9.98741E-05 9.98741E-05
9.991E-05 0.28022 0.00682655 9.991E-05 9.991E-05 9.991E-05 9.991E-05 9.991E-05 9.991E-05 0.651095 0.0300224 9.991E-05 9.991E-05 0.0308365 9.991E-05
9.99369E-05 0.247187 9.99369E-05 9.99369E-05 9.99369E-05 0.00271837 0.00721271 0.0169313 0.0153674 0.516146 0.0277369 9.99369E-05 0.166001 9.99369E-05 9.99369E-05
9.991E-05 9.991E-05 0.00721688 0.0121226 9.991E-05 0.0111056 9.991E-05 0.0154475 9.991E-05 0.953108 9.991E-05 9.991E-05 9.991E-05 9.991E-05 9.991E-05
9.9901E-05 0.915649 9.9901E-05 0.0330606 9.9901E-05 0.0338829 9.9901E-05 9.9901E-05 9.9901E-05 9.9901E-05 9.9901E-05 9.9901E-05 0.0163085 9.9901E-05 9.9901E-05
9.99058E-05 0.962404 9.99058E-05 0.00674225 9.99058E-05 9.99058E-05 9.99058E-05 0.0179813 9.99058E-05 9.99058E-05 0.0117738 9.99058E-05 9.99058E-05 9.99058E-05 9.99058E-05
9.9928E-05 0.71091 9.9928E-05 9.9928E-05 9.9928E-05 9.9928E-05 9.9928E-05 0.0354687 0.0553101 9.9928E-05 0.0020293 0.0154269 0.103432 9.9928E-05 0.0766237
9.9919E-05 0.439654 0.0523202 9.9919E-05 9.9919E-05 9.9919E-05 9.9919E-05 9.9919E-05 0.0321646 0.0724613 9.9919E-05 9.9919E-05 0.108153 9.9919E-05 0.294348
0.00275362 0.463982 9.99369E-05 9.99369E-05 9.99369E-05 0.0405502 0.00965721 9.99369E-05 9.99369E-05 9.99369E-05 0.0167254 9.99369E-05 0.0498942 0.0281788 0.387559
9.991E-05 0.839727 9.991E-05 9.991E-05 9.991E-05 9.991E-05 0.00636492 9.991E-05 9.991E-05 9.991E-05 0.0342665 0.0393318 0.0793111 9.991E-05 9.991E-05
9.9964E-05 0.54079 0.0604128 9.9964E-05 0.00705303 0.00833767 0.0427238 9.9964E-05 0.00534294 0.162624 9.9964E-05 0.0142416 0.0327413 0.0217618 0.103572
0.0446901 0.861745 9.9937E-05 9.9937E-05 0.0112861 9.9937E-05 9.9937E-05 0.0198038 0.0277702 9.9937E-05 0.00818378 0.00278141 9.9937E-05 9.9937E-05 0.0230404
9.9919E-05 0.0451337 9.9919E-05 9.9919E-05 9.9919E-05 0.0131169 9.9919E-05 0.0166725 9.9919E-05 0.151078 9.9919E-05 0.0202778 9.9919E-05 9.9919E-05 0.752822
0.0610517 0.879933 9.9928E-05 9.9928E-05 0.0163937 0.00152334 0.0180384 0.0158956 9.9928E-05 9.9928E-05 9.9928E-05 9.9928E-05 9.9928E-05 0.00636476 9.9928E-05
0.0215513 0.584897 0.0552097 9.9928E-05 9.9928E-05 9.9928E-05 9.9928E-05 9.9928E-05 0.0877918 0.141748 9.9928E-05 0.0117511 9.9928E-05 9.9928E-05 0.0962513
9.9946E-05 0.531655 0.010299 9.9946E-05 9.9946E-05 0.0138162 9.9946E-05 0.028422 0.0465537 0.325047 0.00651879 0.00551111 9.9946E-05 9.9946E-05 0.0315779
9.9919E-05 0.423575 0.00969679 9.9919E-05 9.9919E-05 0.00723732 9.9919E-05 9.9919E-05 9.9919E-05 9.9919E-05 9.9919E-05 9.9919E-05 0.0257451 0.0190851 0.513761
0.536377 0.203965 9.9946E-05 0.0126643 9.9946E-05 0.0198896 9.9946E-05 9.9946E-05 0.0590355 9.9946E-05 0.00235646 0.0317302 0.125152 9.9946E-05 0.00822974
0.451605 9.9901E-05 9.9901E-05 9.9901E-05 9.9901E-05 9.9901E-05 9.9901E-05 9.9901E-05 9.9901E-05 0.0373641 9.9901E-05 9.9901E-05 0.360543 9.9901E-05 0.149389
0.44912 0.0934771 9.991E-05 9.991E-05 9.991E-05 9.991E-05 0.031167 9.991E-05 9.991E-05 9.991E-05 9.991E-05 9.991E-05 0.421768 0.00346931 9.991E-05
0.447731 0.215622 9.99459E-05 9.99459E-05 9.99459E-05 9.99459E-05 0.0361663 0.00916739 0.00576558 0.0247552 9.99459E-05 0.0327548 0.222788 0.00464932 9.99459E-05
0.504832 0.0917923 0.0540975 9.9928E-05 9.9928E-05 9.9928E-05 0.033492 9.9928E-05 9.9928E-05 0.085389 9.9928E-05 9.9928E-05 0.218248 0.0113503 9.9928E-05
0.615917 9.9964E-05 0.0392521 9.9964E-05 9.9964E-05 0.0177517 9.9964E-05 0.0255434 0.0353745 0.070796 0.000347259 0.00224028 0.0175187 0.0189813 0.155878
0.694743 0.0637931 9.9919E-05 0.081158 9.9919E-05 9.9919E-05 9.9919E-05 9.9919E-05 0.000277347 9.9919E-05 9.9919E-05 9.9919E-05 0.156617 0.00251245 9.9919E-05
0.479738 0.0560275 9.9928E-05 0.042354 9.9928E-05 9.9928E-05 0.0613609 9.9928E-05 0.175555 0.0127313 9.9928E-05 9.9928E-05 0.171434 9.9928E-05 9.9928E-05
