0.689415 9.996E-05 9.996E-05 9.996E-05 0.161076 0.106626 0.0424829 9.996E-05
0.856627 9.99551E-05 9.99551E-05 9.99551E-05 9.99551E-05 0.0595775 9.99551E-05 0.0832959
0.433094 9.9964E-05 9.9964E-05 9.9964E-05 0.536483 0.0226841 0.00733926 9.9964E-05
9.99461E-05 0.083458 9.99461E-05 9.99461E-05 9.99461E-05 9.99461E-05 9.99461E-05 0.915942
9.9964E-05 9.9964E-05 0.0788513 9.9964E-05 0.0869466 9.9964E-05 0.812413 0.0213892
9.9955E-05 0.817264 9.9955E-05 9.9955E-05 0.106528 0.0757087 9.9955E-05 9.9955E-05
9.9964E-05 9.9964E-05 0.659602 0.0765255 0.175978 9.9964E-05 9.9964E-05 0.0874948
0.886047 9.9964E-05 0.0466896 9.9964E-05 9.9964E-05 0.0275921 9.9964E-05 0.0392712
9.9946E-05 0.235297 9.9946E-05 9.9946E-05 9.9946E-05 0.764103 9.9946E-05 9.9946E-05
9.9946E-05 9.9946E-05 0.720938 9.9946E-05 9.9946E-05 9.9946E-05 0.278462 9.9946E-05
9.994E-05 9.994E-05 0.9993 9.994E-05 9.994E-05 9.994E-05 9.994E-05 9.994E-05
0.795001 0.172716 9.9955E-05 9.9955E-05 9.9955E-05 9.9955E-05 9.9955E-05 0.0317832
9.99785E-05 0.119751 0.149753 0.0748554 0.18135 9.99785E-05 0.47399 9.99785E-05
9.99551E-05 9.99551E-05 0.32602 9.99551E-05 0.420103 9.99551E-05 9.99551E-05 0.253377
9.99462E-05 9.99462E-05 0.0924065 9.99462E-05 9.99462E-05 9.99462E-05 0.906994 9.99462E-05
9.99461E-05 9.99461E-05 9.99461E-05 0.966492 0.0329087 9.99461E-05 9.99461E-05 9.99461E-05
0.667367 0.111643 9.9955E-05 9.9955E-05 9.9955E-05 9.9955E-05 9.9955E-05 0.22049
9.9964E-05 0.200958 0.37245 0.406844 9.9964E-05 0.019349 9.9964E-05 9.9964E-05
0.0134239 0.985976 9.99461E-05 9.99461E-05 9.99461E-05 9.99461E-05 9.99461E-05 9.99461E-05
9.99462E-05 9.99462E-05 9.99462E-05 0.984966 9.99462E-05 9.99462E-05 9.99462E-05 0.0144342
9.99461E-05 9.99461E-05 9.99461E-05 9.99461E-05 9.99461E-05 0.931098 0.0683028 9.99461E-05
0.160634 0.180517 0.0479838 9.99641E-05 9.99641E-05 0.610465 9.99641E-05 9.99641E-05
9.99461E-05 9.99461E-05 9.99461E-05 0.854442 9.99461E-05 9.99461E-05 0.144958 9.99461E-05
9.9973E-05 9.9973E-05 0.00582806 9.9973E-05 0.00831347 0.294547 0.0098059 0.681206
9.99461E-05 0.0658983 9.99461E-05 9.99461E-05 0.933502 9.99461E-05 9.99461E-05 9.99461E-05
9.99461E-05 9.99461E-05 9.99461E-05 0.0849911 9.99461E-05 9.99461E-05 0.914409 9.99461E-05
9.994E-05 9.994E-05 9.994E-05 9.994E-05 9.994E-05 9.994E-05 9.994E-05 0.9993
9.99821E-05 0.514668 0.00360041 9.99821E-05 0.0868858 0.0754429 0.200314 0.118889
0.984893 9.99463E-05 9.99463E-05 0.0145073 9.99463E-05 9.99463E-05 9.99463E-05 9.99463E-05
0.228738 0.573294 9.99641E-05 0.137763 9.99641E-05 9.99641E-05 9.99641E-05 0.0598058
9.99461E-05 9.99461E-05 0.349868 9.99461E-05 0.649532 9.99461E-05 9.99461E-05 9.99461E-05
9.994E-05 9.994E-05 9.994E-05 9.994E-05 0.9993 9.994E-05 9.994E-05 9.994E-05
9.9955E-05 9.9955E-05 0.851013 9.9955E-05 9.9955E-05 9.9955E-05 0.135643 0.0128449
9.9955E-05 0.764925 9.9955E-05 9.9955E-05 0.0805741 0.154001 9.9955E-05 9.9955E-05
0.104842 0.106449 9.9955E-05 9.9955E-05 9.9955E-05 9.9955E-05 9.9955E-05 0.788208
0.00511548 0.0192538 9.9964E-05 0.813653 9.9964E-05 0.161578 9.9964E-05 9.9964E-05
9.99461E-05 0.607067 9.99461E-05 9.99461E-05 9.99461E-05 0.392333 9.99461E-05 9.99461E-05
9.9964E-05 0.86833 0.0347754 0.0840251 0.0124701 9.9964E-05 9.9964E-05 9.9964E-05
0.193486 9.99551E-05 0.746816 9.99551E-05 9.99551E-05 0.0591988 9.99551E-05 9.99551E-05
9.99551E-05 0.783691 9.99551E-05 9.99551E-05 9.99551E-05 9.99551E-05 0.0761832 0.139626
0.213404 0.785997 9.9946E-05 9.9946E-05 9.9946E-05 9.9946E-05 9.9946E-05 9.9946E-05
0.779545 0.219855 9.99461E-05 9.99461E-05 9.99461E-05 9.99461E-05 9.99461E-05 9.99461E-05
9.99461E-05 9.99461E-05 9.99461E-05 9.99461E-05 9.99461E-05 0.592491 0.40691 9.99461E-05
9.99461E-05 9.99461E-05 9.99461E-05 0.0164598 0.98294 9.99461E-05 9.99461E-05 9.99461E-05
9.994E-05 9.994E-05 9.994E-05 9.994E-05 9.994E-05 9.994E-05 0.9993 9.994E-05
0.807729 9.99551E-05 9.99551E-05 0.0106705 9.99551E-05 9.99551E-05 9.99551E-05 0.181101
9.994E-05 9.994E-05 9.994E-05 9.994E-05 9.994E-05 0.9993 9.994E-05 9.994E-05
9.99462E-05 0.802551 9.99462E-05 0.196849 9.99462E-05 9.99462E-05 9.99462E-05 9.99462E-05
0.0532421 0.0336583 9.99821E-05 0.0342592 9.99821E-05 0.0284949 0.843942 0.00620392
9.99641E-05 0.231681 0.0638569 0.568492 9.99641E-05 0.13557 9.99641E-05 9.99641E-05
