0.183791 9.99551E-05 0.616022 9.99551E-05 0.0871831 9.99551E-05 9.99551E-05 0.0302675 0.0822369 9.99551E-05
9.99371E-05 9.99371E-05 0.851558 0.0737515 9.99371E-05 9.99371E-05 9.99371E-05 0.0739905 9.99371E-05 9.99371E-05
9.99371E-05 9.99371E-05 0.334257 9.99371E-05 0.62899 9.99371E-05 9.99371E-05 0.0360533 9.99371E-05 9.99371E-05
9.99201E-05 9.99201E-05 9.99201E-05 0.999101 9.99201E-05 9.99201E-05 9.99201E-05 9.99201E-05 9.99201E-05 9.99201E-05
9.9946E-05 0.00433596 9.9946E-05 0.0629758 9.9946E-05 9.9946E-05 0.808607 9.9946E-05 0.123481 9.9946E-05
9.99461E-05 9.99461E-05 0.0286016 9.99461E-05 0.0221194 0.822426 9.99461E-05 9.99461E-05 9.99461E-05 0.126253
0.901871 9.9946E-05 9.9946E-05 9.9946E-05 9.9946E-05 0.0340326 9.9946E-05 0.0524935 9.9946E-05 0.0110032
9.99281E-05 9.99281E-05 0.766795 9.99281E-05 9.99281E-05 9.99281E-05 9.99281E-05 9.99281E-05 9.99281E-05 0.232406
9.99282E-05 9.99282E-05 9.99282E-05 9.99282E-05 9.99282E-05 0.420054 9.99282E-05 0.579146 9.99282E-05 9.99282E-05
9.99201E-05 9.99201E-05 9.99201E-05 9.99201E-05 9.99201E-05 9.99201E-05 0.999101 9.99201E-05 9.99201E-05 9.99201E-05
9.99283E-05 9.99283E-05 9.99283E-05 9.99283E-05 9.99283E-05 9.99283E-05 0.948379 9.99283E-05 9.99283E-05 0.0508213
9.99281E-05 9.99281E-05 0.912513 9.99281E-05 9.99281E-05 0.0866875 9.99281E-05 9.99281E-05 9.99281E-05 9.99281E-05
0.401628 0.122835 9.9964E-05 9.9964E-05 0.0356698 0.0422533 0.0346878 9.9964E-05 0.362526 9.9964E-05
0.957488 9.99282E-05 9.99282E-05 0.0417123 9.99282E-05 9.99282E-05 9.99282E-05 9.99282E-05 9.99282E-05 9.99282E-05
9.99281E-05 9.99281E-05 9.99281E-05 9.99281E-05 9.99281E-05 9.99281E-05 0.707308 9.99281E-05 0.291893 9.99281E-05
9.99372E-05 9.99372E-05 9.99372E-05 9.99372E-05 0.0226126 9.99372E-05 0.0288656 0.947822 9.99372E-05 9.99372E-05
9.99551E-05 0.128258 0.609757 0.186769 0.0238617 0.0508545 9.99551E-05 9.99551E-05 9.99551E-05 9.99551E-05
9.9946E-05 9.9946E-05 9.9946E-05 9.9946E-05 9.9946E-05 0.0497667 0.34869 0.544945 9.9946E-05 0.055998
9.99201E-05 9.99201E-05 9.99201E-05 9.99201E-05 9.99201E-05 0.999101 9.99201E-05 9.99201E-05 9.99201E-05 9.99201E-05
9.99282E-05 9.99282E-05 9.99282E-05 9.99282E-05 9.99282E-05 9.99282E-05 9.99282E-05 0.444546 0.554655 9.99282E-05
9.99551E-05 0.0260075 0.0213843 0.0450991 9.99551E-05 9.99551E-05 9.99551E-05 0.592741 0.314268 9.99551E-05
9.99281E-05 0.763986 9.99281E-05 9.99281E-05 9.99281E-05 9.99281E-05 9.99281E-05 0.235215 9.99281E-05 9.99281E-05
9.99461E-05 9.99461E-05 0.0191054 9.99461E-05 9.99461E-05 9.99461E-05 0.150733 0.512999 0.316564 9.99461E-05
9.993E-05 9.993E-05 9.993E-05 0.778291 9.993E-05 9.993E-05 9.993E-05 0.131208 9.993E-05 0.0898017
9.9946E-05 0.0275039 9.9946E-05 0.0470558 0.896891 9.9946E-05 9.9946E-05 9.9946E-05 0.02795 9.9946E-05
9.9937E-05 9.9937E-05 9.9937E-05 9.9937E-05 0.0582737 9.9937E-05 0.2948 9.9937E-05 0.646226 9.9937E-05
9.99282E-05 9.99282E-05 9.99282E-05 0.944227 0.0549734 9.99282E-05 9.99282E-05 9.99282E-05 9.99282E-05 9.99282E-05
0.00259786 0.96848 9.9937E-05 9.9937E-05 9.9937E-05 9.9937E-05 9.9937E-05 9.9937E-05 9.9937E-05 0.0282224
9.99201E-05 9.99201E-05 0.999101 9.99201E-05 9.99201E-05 9.99201E-05 9.99201E-05 9.99201E-05 9.99201E-05 9.99201E-05
9.99461E-05 0.755175 0.0878878 0.041864 9.99461E-05 0.114473 9.99461E-05 9.99461E-05 9.99461E-05 9.99461E-05
0.651247 9.99371E-05 9.99371E-05 9.99371E-05 0.338466 9.99371E-05 9.99371E-05 9.99371E-05 9.99371E-05 0.00958751
9.99201E-05 9.99201E-05 9.99201E-05 9.99201E-05 0.999101 9.99201E-05 9.99201E-05 9.99201E-05 9.99201E-05 9.99201E-05
0.80495 9.99281E-05 9.99281E-05 9.99281E-05 9.99281E-05 9.99281E-05 0.194251 9.99281E-05 9.99281E-05 9.99281E-05
9.99282E-05 9.99282E-05 9.99282E-05 9.99282E-05 0.0666282 0.932572 9.99282E-05 9.99282E-05 9.99282E-05 9.99282E-05
9.9937E-05 0.12514 0.155563 0.718598 9.9937E-05 9.9937E-05 9.9937E-05 9.9937E-05 9.9937E-05 9.9937E-05
9.99201E-05 9.99201E-05 9.99201E-05 9.99201E-05 9.99201E-05 9.99201E-05 9.99201E-05 0.999101 9.99201E-05 9.99201E-05
9.9955E-05 0.235626 0.0323444 0.00926298 9.9955E-05 0.487889 9.9955E-05 0.234378 9.9955E-05 9.9955E-05
0.0213321 0.116894 9.99461E-05 9.99461E-05 9.99461E-05 0.852666 9.99461E-05 9.99461E-05 0.00850784 9.99461E-05
9.99201E-05 9.99201E-05 9.99201E-05 9.99201E-05 9.99201E-05 9.99201E-05 9.99201E-05 9.99201E-05 9.99201E-05 0.999101
9.99551E-05 0.162779 9.99551E-05 0.143246 9.99551E-05 0.637885 0.0141356 9.99551E-05 0.0414541 9.99551E-05
9.9937E-05 0.109021 0.233852 9.9937E-05 9.9937E-05 0.656428 9.9937E-05 9.9937E-05 9.9937E-05 9.9937E-05
9.99371E-05 0.104919 0.839309 9.99371E-05 9.99371E-05 0.055073 9.99371E-05 9.99371E-05 9.99371E-05 9.99371E-05
9.99281E-05 9.99281E-05 9.99281E-05 9.99281E-05 9.99281E-05 9.99281E-05 9.99281E-05 0.11577 0.883431 9.99281E-05
9.99281E-05 9.99281E-05 9.99281E-05 9.99281E-05 0.947563 9.99281E-05 9.99281E-05 9.99281E-05 9.99281E-05 0.0516372
0.259079 9.9928E-05 9.9928E-05 9.9928E-05 9.9928E-05 9.9928E-05 9.9928E-05 9.9928E-05 0.740122 9.9928E-05
9.99372E-05 9.99372E-05 0.822049 0.156592 9.99372E-05 9.99372E-05 9.99372E-05 0.0206595 9.99372E-05 9.99372E-05
9.99371E-05 9.99371E-05 9.99371E-05 9.99371E-05 9.99371E-05 0.0457299 9.99371E-05 0.892069 9.99371E-05 0.0615018
9.99372E-05 9.99372E-05 9.99372E-05 9.99372E-05 9.99372E-05 0.838351 9.99372E-05 0.0367803 0.124169 9.99372E-05
9.99371E-05 9.99371E-05 9.99371E-05 9.99371E-05 0.0683778 9.99371E-05 9.99371E-05 9.99371E-05 0.907153 0.0237699
9.99551E-05 0.0349697 9.99551E-05 9.99551E-05 9.99551E-05 0.141364 0.180755 0.585474 0.0569377 9.99551E-05
