9.98829E-05 9.98829E-05 9.98829E-05 9.98829E-05 9.98829E-05 9.98829E-05 9.98829E-05 0.998702 9.98829E-05 9.98829E-05 9.98829E-05 9.98829E-05 9.98829E-05 9.98829E-05
9.9937E-05 9.9937E-05 0.0105169 0.0130327 9.9937E-05 9.9937E-05 0.662867 0.0316692 0.171954 9.9937E-05 9.9937E-05 0.105528 0.00373299 9.9937E-05
9.9937E-05 9.9937E-05 0.0962057 0.0272795 0.0242607 9.9937E-05 0.679414 0.0850806 0.0736346 0.0134256 9.9937E-05 9.9937E-05 9.9937E-05 9.9937E-05
9.99369E-05 9.99369E-05 9.99369E-05 0.016937 0.0271875 9.99369E-05 0.745334 0.0176778 0.103281 9.99369E-05 0.0886571 9.99369E-05 0.000226579 9.99369E-05
9.9955E-05 0.00314267 9.9955E-05 0.00526962 0.0638264 0.0108654 0.807673 0.00847399 0.00232658 9.9955E-05 9.9955E-05 0.0921055 9.9955E-05 0.00581697
9.9937E-05 0.00106441 9.9937E-05 9.9937E-05 9.9937E-05 0.00788688 0.854843 0.0311693 9.9937E-05 9.9937E-05 0.0737548 9.9937E-05 0.00575809 0.0248238
9.98829E-05 9.98829E-05 9.98829E-05 9.98829E-05 9.98829E-05 9.98829E-05 9.98829E-05 0.998702 9.98829E-05 9.98829E-05 9.98829E-05 9.98829E-05 9.98829E-05 9.98829E-05
9.9937E-05 0.00873803 9.9937E-05 0.0134021 9.9937E-05 9.9937E-05 0.789298 0.0450102 0.0540469 9.9937E-05 9.9937E-05 0.0635991 0.025206 9.9937E-05
0.00181211 9.9946E-05 0.0902495 0.0266153 0.0242898 9.9946E-05 0.723726 0.0639975 9.9946E-05 9.9946E-05 0.0560497 9.9946E-05 0.0126609 9.9946E-05
9.9937E-05 0.00687176 9.9937E-05 9.9937E-05 9.9937E-05 9.9937E-05 0.759365 0.0708641 9.9937E-05 0.031683 0.0104924 0.111795 0.00822946 9.9937E-05
9.9928E-05 9.9928E-05 9.9928E-05 0.00168378 9.9928E-05 9.9928E-05 0.714922 0.00287936 0.193695 0.0456444 9.9928E-05 0.0403757 9.9928E-05 9.9928E-05
9.9928E-05 9.9928E-05 9.9928E-05 0.0149596 9.9928E-05 9.9928E-05 0.713926 0.0340787 0.111023 0.0590266 9.9928E-05 0.0661867 9.9928E-05 9.9928E-05
0.0109152 0.00300585 9.9946E-05 9.9946E-05 0.0630436 0.0292585 0.806969 9.9946E-05 9.9946E-05 9.9946E-05 0.0367286 9.9946E-05 0.0475092 0.00197051
9.99369E-05 9.99369E-05 0.0460405 9.99369E-05 9.99369E-05 9.99369E-05 0.642173 0.0247705 0.08198 0.0659421 0.103137 9.99369E-05 0.0352567 9.99369E-05
0.00129511 9.9946E-05 0.0419676 0.0238601 0.0375116 9.9946E-05 0.793777 0.0349298 0.0228458 0.0432129 9.9946E-05 9.9946E-05 9.9946E-05 9.9946E-05
9.991E-05 9.991E-05 9.991E-05 9.991E-05 9.991E-05 9.991E-05 0.843161 9.991E-05 9.991E-05 9.991E-05 9.991E-05 0.146817 0.00315355 0.00586963
9.991E-05 0.0128534 9.991E-05 9.991E-05 9.991E-05 9.991E-05 0.904162 0.0533878 9.991E-05 9.991E-05 9.991E-05 9.991E-05 9.991E-05 0.0285979
0.00541661 9.9919E-05 9.9919E-05 9.9919E-05 9.9919E-05 0.00210038 0.937647 0.0335086 9.9919E-05 9.9919E-05 9.9919E-05 9.9919E-05 9.9919E-05 0.0204279
0.0197677 9.99191E-05 9.99191E-05 9.99191E-05 9.99191E-05 0.0110955 0.898652 0.0523408 9.99191E-05 9.99191E-05 9.99191E-05 9.99191E-05 0.0172443 9.99191E-05
9.9919E-05 0.0143884 9.9919E-05 9.9919E-05 9.9919E-05 9.9919E-05 0.939132 9.9919E-05 0.0133072 0.0123171 9.9919E-05 9.9919E-05 9.9919E-05 0.0199564
9.98829E-05 9.98829E-05 9.98829E-05 9.98829E-05 9.98829E-05 9.98829E-05 9.98829E-05 9.98829E-05 9.98829E-05 0.998702 9.98829E-05 9.98829E-05 9.98829E-05 9.98829E-05
9.9937E-05 9.9937E-05 9.9937E-05 0.031728 9.9937E-05 0.0293909 9.9937E-05 0.00501959 0.142807 0.606129 0.157571 9.9937E-05 0.0266545 9.9937E-05
0.0802241 0.0139389 9.9946E-05 9.9946E-05 0.019603 0.101335 9.9946E-05 0.0455551 9.9946E-05 0.627854 0.106941 9.9946E-05 0.00394939 9.9946E-05
0.00523548 0.0096658 9.9955E-05 9.9955E-05 0.00260034 0.189714 0.0231125 9.9955E-05 9.9955E-05 0.733654 9.9955E-05 0.00813608 0.00379819 0.0235833
9.9928E-05 0.0128883 9.9928E-05 9.9928E-05 0.0962751 9.9928E-05 0.00626112 9.9928E-05 0.0325977 0.844277 9.9928E-05 9.9928E-05 0.00690191 9.9928E-05
0.0341562 0.0164558 9.9955E-05 0.019173 0.091959 9.9955E-05 0.00796344 0.0254145 9.9955E-05 0.775203 0.0198235 9.9955E-05 9.9955E-05 0.00935233
0.0502133 0.000675878 0.072428 9.9937E-05 0.134201 0.0938033 9.9937E-05 0.0170697 9.9937E-05 0.63091 9.9937E-05 9.9937E-05 9.9937E-05 9.9937E-05
9.98828E-05 9.98828E-05 9.98828E-05 9.98828E-05 9.98828E-05 9.98828E-05 9.98828E-05 9.98828E-05 9.98828E-05 0.998702 9.98828E-05 9.98828E-05 9.98828E-05 9.98828E-05
9.991E-05 9.991E-05 0.0755011 9.991E-05 0.17819 9.991E-05 9.991E-05 9.991E-05 0.0823618 0.662948 9.991E-05 9.991E-05 9.991E-05 9.991E-05
0.157068 0.00730269 0.0718893 9.9946E-05 0.067545 0.0640493 0.00930647 9.9946E-05 9.9946E-05 0.595853 9.9946E-05 9.9946E-05 0.0263858 9.9946E-05
0.00752288 9.9946E-05 0.101852 0.0150532 0.107031 9.9946E-05 9.9946E-05 9.9946E-05 0.0855745 0.606704 0.0651418 9.9946E-05 9.9946E-05 0.0105212
0.0415958 9.9946E-05 0.0219277 9.9946E-05 0.109684 0.109822 9.9946E-05 9.9946E-05 9.9946E-05 0.632126 0.0579262 9.9946E-05 0.00485318 0.0214658
9.9964E-05 0.00685404 0.0188306 0.000416321 0.129288 0.0415611 0.0312052 0.00945389 9.9964E-05 0.626341 0.115106 9.9964E-05 0.0205439 9.9964E-05
9.9946E-05 0.0225038 0.00727938 0.0289695 0.0851046 9.9946E-05 9.9946E-05 9.9946E-05 0.0899989 0.56249 0.144953 9.9946E-05 0.0581014 9.9946E-05
0.0627661 0.00711795 0.000524549 0.00383709 0.0831213 0.00602173 0.0130056 9.9973E-05 0.187169 0.521291 9.9973E-05 0.0998055 0.0150409 9.9973E-05
9.99279E-05 9.99279E-05 0.0643925 0.0221178 9.99279E-05 9.99279E-05 9.99279E-05 9.99279E-05 0.328537 0.404662 9.99279E-05 0.165113 9.99279E-05 0.0143787
0.186398 9.9946E-05 9.9946E-05 0.0447431 9.9946E-05 0.113546 9.9946E-05 9.9946E-05 9.9946E-05 0.567675 0.070121 0.00935054 0.00101245 0.00655387
0.134123 9.9937E-05 9.9937E-05 0.00901062 9.9937E-05 0.580706 9.9937E-05 9.9937E-05 0.00350938 9.9937E-05 0.230477 9.9937E-05 0.0172471 0.0242277
0.0900322 0.0144397 0.0231404 9.9964E-05 0.0467715 0.634541 9.9964E-05 0.0176858 0.118063 9.9964E-05 9.9964E-05 0.0353371 0.0156194 0.00396905
0.116634 9.9946E-05 0.0889579 0.043216 0.0320511 0.620949 0.0508734 9.9946E-05 9.9946E-05 9.9946E-05 9.9946E-05 9.9946E-05 0.0259047 0.0208142
0.195237 0.00024554 9.9937E-05 9.9937E-05 9.9937E-05 0.613341 9.9937E-05 0.0502773 9.9937E-05 0.00146939 9.9937E-05 0.122555 9.9937E-05 0.0161755
0.0926545 0.0266476 0.0249052 0.0227246 9.9955E-05 0.703869 0.0217444 0.0166659 9.9955E-05 0.0462829 9.9955E-05 9.9955E-05 0.044006 9.9955E-05
0.11105 0.0151006 0.0642438 0.0103937 0.00855136 0.752393 9.9946E-05 0.0323557 9.9946E-05 9.9946E-05 9.9946E-05 9.9946E-05 0.00531165 9.9946E-05
9.9964E-05 0.0107848 0.0627224 9.9964E-05 9.9964E-05 0.612958 0.0176577 0.0236686 0.0667288 0.00898128 9.9964E-05 0.135311 0.0382301 0.0225576
0.0959661 0.0170792 9.9973E-05 0.00765923 0.00431885 0.704074 9.9973E-05 0.0115865 0.0123407 0.0292697 9.9973E-05 0.086044 0.0222476 0.00911453
9.9937E-05 0.0266761 0.0953022 9.9937E-05 0.0949682 0.676426 0.0547028 9.9937E-05 9.9937E-05 9.9937E-05 9.9937E-05 0.0461443 0.0050811 9.9937E-05
0.158521 0.0286059 0.0116779 9.9937E-05 9.9937E-05 0.707665 9.9937E-05 9.9937E-05 9.9937E-05 9.9937E-05 0.0608551 9.9937E-05 0.0139804 0.0179958
0.00840531 0.0236402 9.9946E-05 0.0225534 9.9946E-05 0.696544 9.9946E-05 0.00684203 0.0263109 9.9946E-05 0.199778 9.9946E-05 0.0153266 9.9946E-05
9.9964E-05 0.0037342 9.9964E-05 0.00301918 0.0128338 0.814794 0.0229013 0.00430514 9.9964E-05 0.0276832 9.9964E-05 0.0229006 0.0376077 0.0498205
0.0872195 0.00606282 9.9946E-05 0.00743406 9.9946E-05 0.641206 9.9946E-05 9.9946E-05 9.9946E-05 9.9946E-05 0.0930303 0.143121 0.0163756 0.00495168
9.9946E-05 0.0102541 9.9946E-05 0.0216709 0.0710192 0.748672 9.9946E-05 0.0585398 0.0404859 9.9946E-05 0.0251678 9.9946E-05 9.9946E-05 0.0235907
0.100728 9.9937E-05 0.0938173 0.0312506 9.9937E-05 0.71777 9.9937E-05 0.0268381 9.9937E-05 0.0225041 9.9937E-05 9.9937E-05 0.00639196 9.9937E-05
9.99279E-05 0.0740445 9.99279E-05 9.99279E-05 0.0680628 0.704047 9.99279E-05 0.000902153 9.99279E-05 9.99279E-05 0.0868723 9.99279E-05 0.065272 9.99279E-05
0.107959 9.9946E-05 9.9946E-05 9.9946E-05 9.9946E-05 0.694429 0.0738966 0.0153787 0.0290085 0.0292179 9.9946E-05 0.0183166 9.9946E-05 0.0311942
0.133233 0.0233169 9.9937E-05 9.9937E-05 9.9937E-05 0.671101 0.0201903 9.9937E-05 9.9937E-05 9.9937E-05 9.9937E-05 0.106835 0.0344528 0.0101729
9.9946E-05 9.9946E-05 0.0954096 0.00675055 0.108607 0.638862 0.0147998 9.9946E-05 0.103254 9.9946E-05 9.9946E-05 9.9946E-05 0.00366875 0.0280489
0.0163183 0.0476698 0.0537871 0.0177981 0.0904115 0.683918 0.0592156 0.00977257 9.9964E-05 0.0164899 9.9964E-05 9.9964E-05 0.00421946 9.9964E-05
0.307124 9.99679E-05 0.0614024 0.0222055 0.0153759 0.13631 0.0200393 9.99679E-05 0.395066 0.00560666 9.99679E-05 9.99679E-05 0.0172462 0.0192237
9.98828E-05 9.98828E-05 9.98828E-05 0.998702 9.98828E-05 9.98828E-05 9.98828E-05 9.98828E-05 9.98828E-05 9.98828E-05 9.98828E-05 9.98828E-05 9.98828E-05 9.98828E-05
0.434078 0.0503018 9.9946E-05 9.9946E-05 0.0122172 9.9946E-05 9.9946E-05 0.0363109 0.269597 9.9946E-05 9.9946E-05 0.141964 0.0491639 0.00576644
0.3491 0.0174995 9.9946E-05 9.9946E-05 0.132436 0.0523879 9.9946E-05 0.0216409 0.383645 9.9946E-05 9.9946E-05 9.9946E-05 0.0358888 0.00680245
0.54033 9.9937E-05 0.000289158 0.0411411 0.169465 9.9937E-05 9.9937E-05 9.9937E-05 0.219258 9.9937E-05 9.9937E-05 9.9937E-05 0.00912306 0.0196946
0.677405 0.0101149 9.9964E-05 0.00884834 9.9964E-05 0.0151933 0.0243257 0.00185108 0.144419 9.9964E-05 0.0720337 9.9964E-05 0.00255092 0.0428585
9.98828E-05 9.98828E-05 9.98828E-05 9.98828E-05 9.98828E-05 9.98828E-05 9.98828E-05 9.98828E-05 9.98828E-05 9.98828E-05 9.98828E-05 9.98828E-05 0.998702 9.98828E-05
9.98828E-05 9.98828E-05 9.98828E-05 0.998702 9.98828E-05 9.98828E-05 9.98828E-05 9.98828E-05 9.98828E-05 9.98828E-05 9.98828E-05 9.98828E-05 9.98828E-05 9.98828E-05
0.18873 0.0125802 0.0106691 0.0312476 0.142791 0.00491962 0.0573781 0.0191251 0.416174 9.9982E-05 0.0382287 9.9982E-05 0.0407986 0.0371575
0.68641 0.0172167 9.9946E-05 0.0176176 9.9946E-05 9.9946E-05 0.0211041 9.9946E-05 9.9946E-05 0.072754 0.110779 9.9946E-05 0.0471013 0.0264173
0.626856 0.0536444 9.9964E-05 0.039076 0.0385733 9.9964E-05 0.0127799 9.9964E-05 0.0439701 0.0183599 0.0922644 9.9964E-05 0.0440926 0.0299832
0.609157 0.0488768 9.9955E-05 0.0223711 0.0815216 9.9955E-05 0.00971872 9.9955E-05 0.134493 0.054267 9.9955E-05 9.9955E-05 0.0230924 0.0160024
0.497234 0.046111 0.0818453 0.114499 0.0092309 9.9973E-05 0.0225128 0.00606087 0.106518 0.0296043 9.9973E-05 9.9973E-05 0.0478829 0.0382004
0.747657 0.0295473 9.9937E-05 0.0493473 9.9937E-05 9.9937E-05 9.9937E-05 0.0680226 0.0381265 9.9937E-05 9.9937E-05 9.9937E-05 0.022938 0.043662
0.702786 0.0184977 0.0187008 0.0075427 0.130089 9.9946E-05 9.9946E-05 0.0318126 9.9946E-05 9.9946E-05 9.9946E-05 9.9946E-05 0.0525199 0.0374521
0.540767 0.0305517 9.9946E-05 0.0836577 0.04654 9.9946E-05 9.9946E-05 0.0151616 0.203956 0.0530858 9.9946E-05 9.9946E-05 0.0256808 9.9946E-05
0.0671655 9.9937E-05 0.0366732 0.0397529 0.34457 0.0354267 9.9937E-05 9.9937E-05 0.453181 9.9937E-05 9.9937E-05 9.9937E-05 9.9937E-05 0.022532
0.29037 9.9964E-05 0.0344326 0.0415325 0.175791 0.186233 9.9964E-05 0.00125104 0.0914061 0.0629741 9.9964E-05 9.9964E-05 0.0401167 0.0754923
0.592907 9.994E-05 9.994E-05 0.0188247 9.994E-05 0.107024 0.0853966 9.994E-05 0.0353752 9.994E-05 0.120748 9.994E-05 0.00624597 0.0328785
0.317195 0.00425945 9.9937E-05 0.0636924 9.9937E-05 0.38527 0.0989657 9.9937E-05 0.108774 9.9937E-05 9.9937E-05 9.9937E-05 9.9937E-05 0.0211437
9.98828E-05 9.98828E-05 9.98828E-05 9.98828E-05 9.98828E-05 9.98828E-05 9.98828E-05 9.98828E-05 9.98828E-05 9.98828E-05 9.98828E-05 9.98828E-05 0.998702 9.98828E-05
0.202776 0.063142 0.054454 0.0877343 0.0446665 0.129417 0.0810987 9.9982E-05 0.126563 0.0878313 9.9982E-05 0.0140424 0.0430055 0.0650694
0.368197 0.0325236 0.0011725 0.0488526 9.9955E-05 0.0820459 9.9955E-05 9.9955E-05 0.325732 9.9955E-05 0.0288991 9.9955E-05 0.0599454 0.052132
0.812304 0.0193426 9.99369E-05 9.99369E-05 9.99369E-05 0.000856042 9.99369E-05 0.0412499 9.99369E-05 0.0387124 9.99369E-05 0.0522156 9.99369E-05 0.0346195
0.427196 0.0224554 9.9973E-05 0.044691 9.9973E-05 0.00219758 0.0146172 0.0208662 0.291596 0.0436684 9.9973E-05 0.0644436 0.0410432 0.0269261
0.690098 0.0380599 9.9946E-05 0.00715338 9.9946E-05 0.0131079 0.0515826 9.9946E-05 0.136696 9.9946E-05 0.0138583 9.9946E-05 0.0488442 9.9946E-05
0.23541 0.0530564 0.207627 0.00912248 9.9964E-05 0.205997 0.0233508 9.9964E-05 0.147984 9.9964E-05 0.0695552 0.0129253 9.9964E-05 0.0345724
9.9937E-05 9.9937E-05 9.9937E-05 0.00312528 9.9937E-05 0.0586679 9.9937E-05 9.9937E-05 0.0929063 9.9937E-05 0.0117037 0.774218 0.0476114 0.0110675
0.266696 9.9946E-05 9.9946E-05 0.0970278 0.175991 0.0730475 9.9946E-05 9.9946E-05 0.104516 0.0214579 9.9946E-05 0.252326 9.9946E-05 0.00833805
0.826297 0.000327026 9.9928E-05 9.9928E-05 9.9928E-05 9.9928E-05 0.00335838 9.9928E-05 9.9928E-05 9.9928E-05 9.9928E-05 0.135754 0.0193321 0.0141318
0.786046 9.99175E-05 0.154009 9.99175E-05 9.99175E-05 9.99175E-05 9.99175E-05 0.028539 9.99175E-05 9.99175E-05 9.99175E-05 9.99175E-05 9.99175E-05 0.0304059
0.631791 0.0400925 9.9946E-05 0.0359255 0.0468448 9.9946E-05 0.0250479 9.9946E-05 0.0989611 9.9946E-05 9.9946E-05 0.11368 0.00705758 9.9946E-05
9.98919E-05 0.114045 9.98919E-05 9.98919E-05 9.98919E-05 9.98919E-05 9.98919E-05 9.98919E-05 0.884757 9.98919E-05 9.98919E-05 9.98919E-05 9.98919E-05 9.98919E-05
0.264149 0.0350658 0.00878465 0.0172245 0.141526 0.0875666 0.0270046 9.9964E-05 0.247282 9.9964E-05 9.9964E-05 9.9964E-05 0.138241 0.0327555
0.658794 0.00625795 9.9946E-05 9.9946E-05 9.9946E-05 0.0186061 9.9946E-05 0.0164072 0.122232 9.9946E-05 9.9946E-05 0.105865 0.0675911 0.00364746
9.9919E-05 9.9919E-05 0.126802 0.015015 9.9919E-05 9.9919E-05 9.9919E-05 0.022105 0.811507 0.0236723 9.9919E-05 9.9919E-05 9.9919E-05 9.9919E-05
9.9919E-05 9.9919E-05 9.9919E-05 9.9919E-05 9.9919E-05 9.9919E-05 9.9919E-05 9.9919E-05 0.711152 0.0743686 9.9919E-05 0.149069 0.0188899 0.0456218
0.172181 9.9928E-05 0.114046 9.9928E-05 9.9928E-05 9.9928E-05 9.9928E-05 0.0354961 0.609954 9.9928E-05 9.9928E-05 9.9928E-05 0.0312944 0.0362291
0.253608 9.9946E-05 9.9946E-05 0.0569138 0.0304065 9.9946E-05 9.9946E-05 0.0642399 0.41529 0.0367179 9.9946E-05 0.107481 0.0347442 9.9946E-05
0.133495 9.9946E-05 9.9946E-05 0.00827164 0.104371 9.9946E-05 9.9946E-05 0.00522913 0.480258 9.9946E-05 0.171232 9.9946E-05 0.0252223 0.0713206
0.439468 0.0049221 0.0625572 0.0431495 0.0504306 0.00742853 0.0402566 9.9964E-05 0.279191 9.9964E-05 9.9964E-05 9.9964E-05 0.0284171 0.0437787
0.592028 0.0148544 9.9964E-05 0.0241436 0.192298 9.9964E-05 9.9964E-05 0.0362156 0.0102962 0.0220206 0.0103513 9.9964E-05 0.030161 0.067231
0.410945 0.0180939 9.9964E-05 0.0681934 0.0125217 0.0435803 0.0330097 9.9964E-05 0.274591 9.9964E-05 9.9964E-05 0.0417409 0.0111612 0.085763
0.454976 0.0202797 0.0171078 0.0164693 0.0308322 9.9964E-05 0.00674703 0.0144918 0.372162 0.0522957 9.9964E-05 9.9964E-05 0.0142383 9.9964E-05
0.469072 0.0840955 0.0148893 0.0837103 9.9955E-05 9.9955E-05 9.9955E-05 0.00989574 0.101155 9.9955E-05 9.9955E-05 0.14829 0.0562544 0.0321373
0.79558 0.00107101 0.022285 9.9937E-05 0.0431874 9.9937E-05 0.0230381 9.9937E-05 0.0968937 9.9937E-05 9.9937E-05 9.9937E-05 0.0172452 9.9937E-05
9.98828E-05 0.998702 9.98828E-05 9.98828E-05 9.98828E-05 9.98828E-05 9.98828E-05 9.98828E-05 9.98828E-05 9.98828E-05 9.98828E-05 9.98828E-05 9.98828E-05 9.98828E-05
0.313623 0.0255358 9.9964E-05 0.0424566 0.079226 9.9964E-05 0.0371316 0.0209546 0.303049 9.9964E-05 0.130308 9.9964E-05 0.0161256 0.0311902
0.497886 0.0145291 0.0229037 9.9937E-05 9.9937E-05 9.9937E-05 0.00461878 0.000740135 0.382885 9.9937E-05 9.9937E-05 9.9937E-05 0.0757377 9.9937E-05
0.520299 0.025933 0.0109605 9.9946E-05 9.9946E-05 9.9946E-05 0.0283923 0.0246979 0.259216 9.9946E-05 0.0747654 9.9946E-05 0.0551361 9.9946E-05
0.731587 0.00505421 9.9955E-05 0.00350425 9.9955E-05 0.0470427 0.000123304 9.9955E-05 0.0464143 9.9955E-05 9.9955E-05 0.130286 0.0249986 0.0104898
0.345555 9.9955E-05 0.00316687 0.010413 0.245963 0.00503601 9.9955E-05 0.0242423 0.293902 9.9955E-05 9.9955E-05 9.9955E-05 0.0164852 0.0547371
0.379299 9.9955E-05 9.9955E-05 0.00371034 0.130277 9.9955E-05 0.0462468 9.9955E-05 0.330286 0.0347097 9.9955E-05 0.0349002 0.0023152 0.0377553
9.98828E-05 9.98828E-05 9.98828E-05 9.98828E-05 9.98828E-05 9.98828E-05 9.98828E-05 9.98828E-05 9.98828E-05 9.98828E-05 9.98828E-05 9.98828E-05 9.98828E-05 0.998702
9.98828E-05 0.998702 9.98828E-05 9.98828E-05 9.98828E-05 9.98828E-05 9.98828E-05 9.98828E-05 9.98828E-05 9.98828E-05 9.98828E-05 9.98828E-05 9.98828E-05 9.98828E-05
9.98828E-05 9.98828E-05 9.98828E-05 9.98828E-05 9.98828E-05 9.98828E-05 9.98828E-05 9.98828E-05 9.98828E-05 9.98828E-05 9.98828E-05 9.98828E-05 9.98828E-05 0.998702
0.00701591 0.00295987 9.9946E-05 0.0370703 0.0375879 9.9946E-05 9.9946E-05 9.9946E-05 0.831178 9.9946E-05 9.9946E-05 0.023436 0.0296164 0.030536
0.158165 0.00726602 0.0921432 0.0409525 9.9955E-05 9.9955E-05 9.9955E-05 0.010282 0.535708 0.0660113 9.9955E-05 9.9955E-05 0.0526531 0.0363193
0.262066 0.0240721 9.9964E-05 0.024327 0.0815268 9.9964E-05 0.0376841 9.9964E-05 0.436308 0.000426545 0.0998637 9.9964E-05 0.0156175 0.0177081
0.615834 0.0231019 9.9964E-05 0.0138138 9.9964E-05 0.0111864 0.0381518 0.0247691 0.177222 0.0134487 0.0111426 9.9964E-05 9.9964E-05 0.0709294
0.758561 0.0532887 9.9955E-05 0.0222278 0.00537958 9.9955E-05 0.0209568 9.9955E-05 9.9955E-05 0.0486373 9.9955E-05 0.0747298 0.013139 0.00257989
9.98919E-05 0.0627826 9.98919E-05 9.98919E-05 9.98919E-05 9.98919E-05 9.98919E-05 9.98919E-05 0.936019 9.98919E-05 9.98919E-05 9.98919E-05 9.98919E-05 9.98919E-05
0.254574 0.0143937 9.9946E-05 9.9946E-05 9.9946E-05 9.9946E-05 9.9946E-05 0.0301271 0.456263 0.039649 9.9946E-05 0.137903 0.00991603 0.0565752
9.991E-05 9.991E-05 0.0524302 0.0610941 0.800346 9.991E-05 9.991E-05 9.991E-05 0.0851312 9.991E-05 9.991E-05 9.991E-05 9.991E-05 9.991E-05
9.9928E-05 9.9928E-05 9.9928E-05 0.0032525 0.842243 9.9928E-05 9.9928E-05 9.9928E-05 0.0444658 9.9928E-05 9.9928E-05 0.0749864 0.0275064 0.00674637
9.9937E-05 0.0117388 0.0139862 9.9937E-05 0.87239 9.9937E-05 9.9937E-05 0.0258993 9.9937E-05 0.0256107 9.9937E-05 9.9937E-05 0.0218459 0.0278292
9.991E-05 9.991E-05 9.991E-05 9.991E-05 0.818581 9.991E-05 9.991E-05 9.991E-05 0.138913 9.991E-05 0.0276735 9.991E-05 0.0138335 9.991E-05
9.994E-05 0.0313993 9.994E-05 9.994E-05 0.732066 9.994E-05 9.994E-05 0.00295943 0.0618512 0.00703168 9.994E-05 0.128378 0.0145259 0.0211893
9.9928E-05 9.9928E-05 9.9928E-05 0.0311704 0.882663 9.9928E-05 9.9928E-05 9.9928E-05 9.9928E-05 0.0126999 0.0407367 0.0182716 0.0136585 9.9928E-05
9.99099E-05 0.00374642 9.99099E-05 9.99099E-05 0.959219 9.99099E-05 9.99099E-05 0.0193581 9.99099E-05 9.99099E-05 0.0166771 9.99099E-05 9.99099E-05 9.99099E-05
9.9919E-05 9.9919E-05 9.9919E-05 9.9919E-05 0.822318 9.9919E-05 0.0406054 0.00909822 0.105666 0.021414 9.9919E-05 9.9919E-05 9.9919E-05 9.9919E-05
9.9928E-05 9.9928E-05 9.9928E-05 0.00339356 0.865628 0.0413298 9.9928E-05 0.000686708 9.9928E-05 9.9928E-05 9.9928E-05 0.0761311 9.9928E-05 0.0120317
9.996E-05 0.028607 0.0786706 0.0171201 0.609654 0.0416638 0.029151 9.996E-05 0.131138 0.0204475 0.00598402 9.996E-05 0.0371643 9.996E-05
0.144305 9.99369E-05 9.99369E-05 0.0130968 0.71612 0.00870903 9.99369E-05 9.99369E-05 9.99369E-05 0.0237192 0.082491 9.99369E-05 9.99369E-05 0.0108596
9.9937E-05 0.00231671 0.767718 0.00138226 0.0652452 9.9937E-05 9.9937E-05 0.00784216 9.9937E-05 9.9937E-05 0.125136 9.9937E-05 9.9937E-05 0.0296599
9.9919E-05 0.0247591 0.207858 9.9919E-05 0.111025 9.9919E-05 9.9919E-05 0.0167142 9.9919E-05 9.9919E-05 9.9919E-05 0.638745 9.9919E-05 9.9919E-05
0.0909698 0.000595705 0.770539 0.0212706 9.9955E-05 9.9955E-05 0.0267355 0.00638706 9.9955E-05 0.0103208 9.9955E-05 0.0588428 9.9955E-05 0.0138387
9.9919E-05 9.9919E-05 0.673783 9.9919E-05 9.9919E-05 0.089237 0.0797245 9.9919E-05 9.9919E-05 9.9919E-05 0.131373 9.9919E-05 9.9919E-05 0.0249838
9.9928E-05 9.9928E-05 0.81605 9.9928E-05 9.9928E-05 0.00696563 9.9928E-05 0.0322994 0.0520202 9.9928E-05 0.017847 9.9928E-05 0.0740182 9.9928E-05
9.9937E-05 9.9937E-05 0.574966 0.00098287 0.100004 9.9937E-05 9.9937E-05 0.00855988 0.0997033 9.9937E-05 0.198489 9.9937E-05 9.9937E-05 0.0165949
9.9937E-05 0.0582013 0.676778 9.9937E-05 9.9937E-05 0.0599613 0.0121799 9.9937E-05 9.9937E-05 0.0195426 0.00594452 0.166693 9.9937E-05 9.9937E-05
9.9883E-05 9.9883E-05 9.9883E-05 9.9883E-05 9.9883E-05 9.9883E-05 9.9883E-05 9.9883E-05 9.9883E-05 9.9883E-05 9.9883E-05 0.998702 9.9883E-05 9.9883E-05
9.99549E-05 0.0167755 0.549767 0.00758995 9.99549E-05 0.077188 9.99549E-05 0.0452155 0.15248 9.99549E-05 9.99549E-05 0.0560048 0.00769575 0.0867837
9.99201E-05 0.0142387 0.469303 9.99201E-05 0.0822224 0.0928658 9.99201E-05 9.99201E-05 9.99201E-05 9.99201E-05 9.99201E-05 0.329483 0.0110871 9.99201E-05
9.9928E-05 9.9928E-05 0.401037 0.0130077 0.0249035 9.9928E-05 0.000105907 9.9928E-05 9.9928E-05 9.9928E-05 9.9928E-05 0.530208 0.0299385 9.9928E-05
9.99201E-05 9.99201E-05 0.256703 0.0347626 9.99201E-05 0.108293 0.0553348 9.99201E-05 9.99201E-05 9.99201E-05 0.416759 0.127347 9.99201E-05 9.99201E-05
9.995E-05 9.995E-05 0.0682125 0.00833404 9.995E-05 0.038683 0.0270019 9.995E-05 0.0492825 0.0709816 0.15104 0.57682 9.995E-05 0.00914535
9.9919E-05 9.9919E-05 9.9919E-05 0.0167776 0.0673111 9.9919E-05 9.9919E-05 9.9919E-05 0.11119 9.9919E-05 9.9919E-05 0.797684 0.00613774 9.9919E-05
0.00550984 9.9955E-05 9.9955E-05 0.0273816 9.9955E-05 9.9955E-05 0.0207809 0.0361255 0.048711 0.0255812 0.636741 0.194265 9.9955E-05 0.00440495
9.9946E-05 9.9946E-05 0.16995 0.0255382 9.9946E-05 9.9946E-05 0.0247182 0.0363615 0.124419 9.9946E-05 0.522225 0.0857271 0.0104606 9.9946E-05
9.98919E-05 9.98919E-05 9.98919E-05 0.00890867 9.98919E-05 9.98919E-05 9.98919E-05 9.98919E-05 9.98919E-05 9.98919E-05 0.989893 9.98919E-05 9.98919E-05 9.98919E-05
9.99009E-05 9.99009E-05 9.99009E-05 9.99009E-05 9.99009E-05 9.99009E-05 9.99009E-05 0.00383631 9.99009E-05 9.99009E-05 0.0283941 0.966671 9.99009E-05 9.99009E-05
9.9883E-05 9.9883E-05 9.9883E-05 9.9883E-05 9.9883E-05 9.9883E-05 9.9883E-05 9.9883E-05 9.9883E-05 9.9883E-05 0.998702 9.9883E-05 9.9883E-05 9.9883E-05
9.99279E-05 9.99279E-05 0.0480191 9.99279E-05 9.99279E-05 9.99279E-05 9.99279E-05 0.0126037 0.0929573 0.0254053 0.475725 0.34449 9.99279E-05 9.99279E-05
9.9928E-05 9.9928E-05 9.9928E-05 9.9928E-05 9.9928E-05 9.9928E-05 9.9928E-05 0.00703081 0.181655 0.0129029 0.740397 0.0195734 0.0376415 9.9928E-05
9.9883E-05 9.9883E-05 9.9883E-05 9.9883E-05 9.9883E-05 9.9883E-05 9.9883E-05 9.9883E-05 9.9883E-05 9.9883E-05 0.998702 9.9883E-05 9.9883E-05 9.9883E-05
9.9937E-05 0.00752685 0.469117 9.9937E-05 0.0119315 9.9937E-05 9.9937E-05 0.00239572 0.0878914 9.9937E-05 9.9937E-05 0.389021 9.9937E-05 0.0314167
9.9937E-05 9.9937E-05 0.677745 9.9937E-05 0.0581282 9.9937E-05 0.020577 0.00923639 0.0900632 9.9937E-05 9.9937E-05 0.141224 0.00232648 9.9937E-05
9.9946E-05 0.0362656 0.525536 0.0222108 9.9946E-05 9.9946E-05 0.0614978 9.9946E-05 0.0521374 0.0396148 0.00717261 0.254965 9.9946E-05 9.9946E-05
0.00424575 9.9919E-05 0.734655 9.9919E-05 9.9919E-05 9.9919E-05 9.9919E-05 9.9919E-05 0.24104 0.0125231 0.00663668 9.9919E-05 9.9919E-05 9.9919E-05
9.99459E-05 9.99459E-05 0.814812 9.99459E-05 9.99459E-05 9.99459E-05 0.00483483 0.0169761 0.0459211 0.017192 9.99459E-05 0.0460191 0.00385222 0.0497929
9.994E-05 9.994E-05 0.63104 0.0214575 9.994E-05 0.00899742 0.0373202 9.994E-05 0.140662 9.994E-05 0.0362398 0.0836537 0.0400295 9.994E-05
9.991E-05 9.991E-05 9.991E-05 9.991E-05 9.991E-05 9.991E-05 0.0330917 9.991E-05 0.041713 0.0419103 9.991E-05 0.882286 9.991E-05 9.991E-05
9.9928E-05 0.03329 0.836396 0.0318373 9.9928E-05 0.0655622 9.9928E-05 9.9928E-05 9.9928E-05 0.0263664 9.9928E-05 9.9928E-05 9.9928E-05 0.00574864
0.00290268 0.0150373 0.714407 0.0450499 0.00967974 0.0106386 9.9946E-05 9.9946E-05 9.9946E-05 9.9946E-05 0.180862 9.9946E-05 9.9946E-05 0.0208239
9.9937E-05 0.0105289 0.741304 9.9937E-05 9.9937E-05 0.0945717 0.0282039 0.0245958 0.0831689 9.9937E-05 9.9937E-05 9.9937E-05 9.9937E-05 0.0169272
0.0901399 9.9928E-05 0.519454 0.00546164 9.9928E-05 0.0501589 9.9928E-05 9.9928E-05 9.9928E-05 0.0609955 0.272991 9.9928E-05 9.9928E-05 9.9928E-05
0.0184709 0.0359053 0.345988 0.0191296 9.9955E-05 9.9955E-05 9.9955E-05 0.00845619 9.9955E-05 0.00242594 0.503921 0.0584734 9.9955E-05 0.00672935
9.991E-05 9.991E-05 0.891729 9.991E-05 9.991E-05 9.991E-05 9.991E-05 0.0508009 0.0354236 9.991E-05 9.991E-05 9.991E-05 9.991E-05 0.0210471
9.9937E-05 9.9937E-05 0.191082 0.0181999 9.9937E-05 0.530915 9.9937E-05 0.00907295 0.240534 9.9937E-05 9.9937E-05 9.9937E-05 0.00444186 0.00505451
9.99189E-05 9.99189E-05 9.99189E-05 9.99189E-05 9.99189E-05 0.458532 9.99189E-05 9.99189E-05 0.328654 9.99189E-05 0.121916 0.0848992 0.00509926 9.99189E-05
9.9928E-05 9.9928E-05 9.9928E-05 9.9928E-05 9.9928E-05 0.421293 0.0103373 0.0175961 0.385679 0.0301411 0.134154 9.9928E-05 9.9928E-05 9.9928E-05
9.9946E-05 9.9946E-05 0.04701 0.0233071 9.9946E-05 0.473033 0.0384731 9.9946E-05 0.221393 0.071975 9.9946E-05 0.10354 9.9946E-05 0.0206699
9.9937E-05 9.9937E-05 9.9937E-05 9.9937E-05 9.9937E-05 0.492452 0.0480411 9.9937E-05 0.181639 0.0415894 0.0286668 0.20581 9.9937E-05 0.0011021
9.9946E-05 0.0344947 9.9946E-05 0.00159369 0.0471754 0.636933 9.9946E-05 9.9946E-05 9.9946E-05 0.0684148 0.170979 9.9946E-05 0.0167176 0.0230922
9.9919E-05 9.9919E-05 9.9919E-05 9.9919E-05 0.00801581 0.752993 9.9919E-05 0.00467326 0.181198 9.9919E-05 0.0522209 9.9919E-05 9.9919E-05 9.9919E-05
9.9937E-05 9.9937E-05 9.9937E-05 9.9937E-05 0.0327059 0.488906 0.0374616 0.00326867 0.183784 0.0970724 0.156102 9.9937E-05 9.9937E-05 9.9937E-05
