0.740626 9.99731E-05 0.0168155 0.181955 9.99731E-05 9.99731E-05 0.0603036
0.851748 0.113722 0.0341299 9.9964E-05 9.9964E-05 9.9964E-05 9.9964E-05
0.384428 9.9964E-05 0.0452038 0.569968 9.9964E-05 9.9964E-05 9.9964E-05
9.995E-05 0.9994 9.995E-05 9.995E-05 9.995E-05 9.995E-05 9.995E-05
9.9973E-05 0.0331175 9.9973E-05 0.0701582 0.104962 9.9973E-05 0.791463
9.99551E-05 9.99551E-05 9.99551E-05 0.128954 9.99551E-05 0.870546 9.99551E-05
9.9973E-05 0.11868 0.00460549 0.0527844 0.82363 9.9973E-05 9.9973E-05
0.931856 9.99641E-05 9.99641E-05 0.0628337 0.00491057 9.99641E-05 9.99641E-05
9.99551E-05 9.99551E-05 0.495713 9.99551E-05 9.99551E-05 0.503787 9.99551E-05
9.9955E-05 9.9955E-05 9.9955E-05 9.9955E-05 0.704662 9.9955E-05 0.294838
9.995E-05 9.995E-05 9.995E-05 9.995E-05 0.9994 9.995E-05 9.995E-05
0.864714 9.9955E-05 9.9955E-05 9.9955E-05 9.9955E-05 0.134787 9.9955E-05
9.99641E-05 9.99641E-05 9.99641E-05 0.229722 9.99641E-05 0.0718733 0.698005
9.99731E-05 0.1908 9.99731E-05 0.418698 0.37935 9.99731E-05 0.0108521
9.995E-05 9.995E-05 9.995E-05 9.995E-05 9.995E-05 9.995E-05 0.9994
9.99551E-05 9.99551E-05 0.886479 0.113021 9.99551E-05 9.99551E-05 9.99551E-05
0.659242 0.340258 9.99551E-05 9.99551E-05 9.99551E-05 9.99551E-05 9.99551E-05
9.9964E-05 9.9964E-05 0.364067 9.9964E-05 0.46394 0.171593 9.9964E-05
0.0166911 9.99551E-05 9.99551E-05 9.99551E-05 9.99551E-05 0.982809 9.99551E-05
9.99641E-05 0.0267509 0.941022 9.99641E-05 9.99641E-05 9.99641E-05 0.0318275
0.0229425 0.0407067 0.892381 9.9982E-05 9.9982E-05 0.0337965 0.00997344
0.0377594 9.99731E-05 0.39489 9.99731E-05 0.060515 0.506535 9.99731E-05
9.9973E-05 9.9973E-05 0.776763 0.0184174 0.0711435 9.9973E-05 0.133376
9.9964E-05 0.735974 0.208204 9.9964E-05 0.0554223 9.9964E-05 9.9964E-05
9.9964E-05 0.0096636 9.9964E-05 0.970677 9.9964E-05 0.0192593 9.9964E-05
0.0225995 9.9964E-05 0.143035 9.9964E-05 9.9964E-05 9.9964E-05 0.833965
9.99551E-05 0.926663 9.99551E-05 0.0728375 9.99551E-05 9.99551E-05 9.99551E-05
9.99731E-05 0.0744443 9.99731E-05 9.99731E-05 0.0398709 0.572037 0.313348
0.9994 9.995E-05 9.995E-05 9.995E-05 9.995E-05 9.995E-05 9.995E-05
0.244393 0.0871465 9.99731E-05 9.99731E-05 0.0248448 0.643316 9.99731E-05
0.0505068 9.99641E-05 9.99641E-05 0.6737 0.275394 9.99641E-05 9.99641E-05
9.995E-05 9.995E-05 9.995E-05 0.9994 9.995E-05 9.995E-05 9.995E-05
9.9964E-05 0.00849381 9.9964E-05 9.9964E-05 0.873125 9.9964E-05 0.117981
9.9964E-05 9.9964E-05 0.030766 0.130837 9.9964E-05 0.837997 9.9964E-05
0.0343885 0.965112 9.99551E-05 9.99551E-05 9.99551E-05 9.99551E-05 9.99551E-05
9.99551E-05 9.99551E-05 0.995453 0.00404744 9.99551E-05 9.99551E-05 9.99551E-05
0.0339827 9.9964E-05 0.203574 9.9964E-05 9.9964E-05 0.762043 9.9964E-05
9.9955E-05 9.9955E-05 9.9955E-05 9.9955E-05 0.0672771 0.932223 9.9955E-05
0.0821433 9.99731E-05 9.99731E-05 0.000379553 0.863018 0.0541591 9.99731E-05
9.99641E-05 0.114623 9.99641E-05 9.99641E-05 9.99641E-05 0.855881 0.0290964
0.175826 9.995E-05 9.995E-05 9.995E-05 9.995E-05 0.823674 9.995E-05
0.83879 9.99551E-05 9.99551E-05 9.99551E-05 9.99551E-05 0.16071 9.99551E-05
9.99552E-05 9.99552E-05 0.733966 9.99552E-05 9.99552E-05 9.99552E-05 0.265534
9.995E-05 9.995E-05 9.995E-05 0.9994 9.995E-05 9.995E-05 9.995E-05
9.995E-05 9.995E-05 9.995E-05 9.995E-05 9.995E-05 9.995E-05 0.9994
0.871622 0.113299 0.0146791 9.99641E-05 9.99641E-05 9.99641E-05 9.99641E-05
9.99551E-05 9.99551E-05 0.825107 9.99551E-05 9.99551E-05 0.174393 9.99551E-05
9.99552E-05 9.99552E-05 0.214394 9.99552E-05 9.99552E-05 0.785107 9.99552E-05
0.00359761 0.059234 0.0987034 9.99821E-05 9.99821E-05 0.0693659 0.768899
9.99641E-05 9.99641E-05 0.66994 9.99641E-05 0.0604437 0.269216 9.99641E-05
