0.741731 9.9991E-05 0.0943156 0.163853
0.952122 9.9982E-05 0.047678 9.9982E-05
0.483292 9.9982E-05 9.9982E-05 0.516508
0.662941 0.163422 9.9991E-05 0.173537
9.9982E-05 9.9982E-05 0.430319 0.569481
9.9982E-05 0.916062 9.9982E-05 0.0837385
9.999E-05 0.0933428 0.0821257 0.824432
0.941817 9.99821E-05 9.99821E-05 0.0579832
9.9982E-05 0.712263 0.287537 9.9982E-05
9.9982E-05 9.9982E-05 0.292059 0.707741
9.99821E-05 9.99821E-05 0.084132 0.915668
0.907917 0.0918833 9.9982E-05 9.9982E-05
9.999E-05 0.121141 0.430151 0.448608
0.0731566 0.0549472 9.9991E-05 0.871796
9.9982E-05 9.9982E-05 0.608317 0.391483
9.9991E-05 0.102916 0.868364 0.0286203
0.749593 0.155829 9.9991E-05 0.0944784
9.9991E-05 0.290372 0.415727 0.293801
0.0633628 0.936437 9.9982E-05 9.9982E-05
9.9982E-05 0.116758 0.883042 9.9982E-05
0.0703602 0.227057 0.702483 9.9991E-05
0.167537 0.49418 0.338183 9.9991E-05
0.030657 0.0222967 0.869778 0.0772684
0.460498 0.148277 0.124635 0.266591
0.123605 0.0392307 9.9991E-05 0.837064
9.9982E-05 9.9982E-05 0.760287 0.239514
0.705191 9.99821E-05 9.99821E-05 0.294609
0.0289174 0.537578 0.183317 0.250188
0.9997 9.998E-05 9.998E-05 9.998E-05
0.399473 0.600327 9.99821E-05 9.99821E-05
0.0573402 9.9982E-05 9.9982E-05 0.94246
9.998E-05 9.998E-05 9.998E-05 0.9997
9.9982E-05 9.9982E-05 0.0918954 0.907905
9.9982E-05 0.938704 9.9982E-05 0.0610961
0.887242 0.0545916 9.9991E-05 0.0580666
9.9982E-05 0.303256 0.696544 9.9982E-05
0.0273516 0.8716 0.100948 9.9991E-05
0.00169595 0.953433 9.9991E-05 0.0447713
0.0232628 0.171717 0.0142552 0.790765
0.140077 0.812557 0.0472661 9.9991E-05
0.232189 0.767611 9.9982E-05 9.9982E-05
0.810063 0.189737 9.9982E-05 9.9982E-05
0.00419669 9.9982E-05 0.995603 9.9982E-05
0.0970911 9.9982E-05 9.9982E-05 0.902709
9.99821E-05 9.99821E-05 0.753227 0.246573
0.9997 9.998E-05 9.998E-05 9.998E-05
9.9982E-05 0.436355 0.563445 9.9982E-05
9.99821E-05 0.860006 0.139794 9.99821E-05
0.0795145 9.9991E-05 0.77414 0.146246
9.9982E-05 0.38995 0.60985 9.9982E-05
