0.0168713 9.9946E-05 0.0160611 0.0145425 9.9946E-05 9.9946E-05 0.906406 9.9946E-05 0.0455191 9.9946E-05 9.9946E-05
0.0596434 9.9955E-05 0.0134916 9.9955E-05 9.9955E-05 9.9955E-05 0.713848 0.0662 0.145561 9.9955E-05 0.000756205
9.9946E-05 0.0101456 9.9946E-05 9.9946E-05 0.0432529 9.9946E-05 0.778939 9.9946E-05 0.114491 9.9946E-05 0.0525719
9.9973E-05 0.0247927 0.0058944 9.9973E-05 0.025786 9.9973E-05 0.79399 0.0623696 0.0819402 0.00446416 0.000463401
9.9973E-05 0.106825 0.013904 0.0405485 9.9973E-05 9.9973E-05 0.805723 0.0190011 0.00120274 0.00921379 0.00328208
0.0189056 9.9946E-05 0.0213105 9.9946E-05 9.9946E-05 9.9946E-05 0.88235 0.0632843 9.9946E-05 0.0135497 9.9946E-05
0.0153464 0.0420737 9.9937E-05 9.9937E-05 9.9937E-05 9.9937E-05 0.882127 0.0597535 9.9937E-05 9.9937E-05 9.9937E-05
0.0143246 9.9973E-05 0.00379244 9.9973E-05 9.9973E-05 0.0403702 0.817563 0.0634811 0.0147784 0.0225466 0.0228436
0.0122892 0.00865795 9.9946E-05 9.9946E-05 9.9946E-05 9.9946E-05 0.801153 0.135814 9.9946E-05 9.9946E-05 0.0414856
0.01381 9.9973E-05 0.0012216 9.9973E-05 0.0413057 0.0208797 0.787788 0.0858936 0.0275275 0.0212738 9.9973E-05
9.9955E-05 9.9955E-05 0.0215117 9.9955E-05 0.0623218 9.9955E-05 0.731887 0.0507005 0.132206 0.000872785 9.9955E-05
9.9964E-05 9.9964E-05 0.0201772 0.00257808 0.0826226 9.9964E-05 0.745508 9.9964E-05 0.118208 0.00822371 0.0222824
0.0468038 0.120213 9.99691E-05 0.039703 0.00614881 9.99691E-05 0.76318 9.99691E-05 0.0205685 9.99691E-05 0.00298353
0.0265153 0.0107705 9.9973E-05 0.0442344 0.0775775 9.9973E-05 0.685011 0.057943 0.0964024 0.00124624 9.9973E-05
9.9964E-05 0.0521256 9.9964E-05 9.9964E-05 0.0154661 0.0345815 0.805702 0.0662117 0.0148785 9.9964E-05 0.0106351
0.0205204 9.99371E-05 9.99371E-05 9.99371E-05 9.99371E-05 0.0614927 0.841087 0.0762005 9.99371E-05 9.99371E-05 9.99371E-05
9.9937E-05 9.9937E-05 0.0555938 9.9937E-05 9.9937E-05 0.00369237 0.926907 9.9937E-05 9.9937E-05 0.0131071 9.9937E-05
0.00556539 9.9955E-05 0.00422418 0.000574523 9.9955E-05 0.0227652 0.963599 9.9955E-05 9.9955E-05 9.9955E-05 0.00277219
0.0220961 9.9946E-05 9.9946E-05 0.0489754 9.9946E-05 0.0124296 0.907185 9.9946E-05 9.9946E-05 9.9946E-05 0.00871445
9.9955E-05 9.9955E-05 0.014625 0.0147246 0.0277419 0.0153909 0.907348 9.9955E-05 9.9955E-05 0.01967 9.9955E-05
9.99101E-05 9.99101E-05 9.99101E-05 9.99101E-05 0.999001 9.99101E-05 9.99101E-05 9.99101E-05 9.99101E-05 9.99101E-05 9.99101E-05
0.0339983 9.9937E-05 9.9937E-05 0.0153312 0.63486 9.9937E-05 9.9937E-05 9.9937E-05 0.315111 9.9937E-05 9.9937E-05
0.0348609 0.0211267 9.9973E-05 0.0696646 0.682521 0.0832982 0.0285859 0.0640842 9.9973E-05 0.0155588 9.9973E-05
9.9964E-05 0.071814 0.0262883 0.128998 0.7343 9.9964E-05 0.0082471 9.9964E-05 0.0205964 0.00935613 9.9964E-05
0.0157212 0.122121 9.9946E-05 9.9946E-05 0.854709 9.9946E-05 0.00350211 9.9946E-05 9.9946E-05 0.00334695 9.9946E-05
9.9937E-05 0.180907 0.0144767 9.9937E-05 0.767541 9.9937E-05 9.9937E-05 9.9937E-05 9.9937E-05 9.9937E-05 0.0363753
9.9955E-05 0.147238 9.9955E-05 0.0544762 0.638234 0.102634 9.9955E-05 0.0554823 9.9955E-05 9.9955E-05 0.00143581
9.99101E-05 9.99101E-05 9.99101E-05 9.99101E-05 0.999001 9.99101E-05 9.99101E-05 9.99101E-05 9.99101E-05 9.99101E-05 9.99101E-05
9.9955E-05 0.174126 0.00348986 9.9955E-05 0.663831 9.9955E-05 9.9955E-05 0.0452821 0.0909264 0.0218446 9.9955E-05
0.0541688 0.13147 9.9982E-05 0.0610614 0.561291 0.091222 0.00531605 0.0827948 0.00814537 0.00433041 9.9982E-05
9.9964E-05 0.100969 0.0166209 9.9964E-05 0.640596 0.00592627 9.9964E-05 0.121218 0.0749105 9.9964E-05 0.0393595
0.0181077 0.217873 0.0269724 0.100376 0.612943 9.9955E-05 9.9955E-05 0.0232278 9.9955E-05 9.9955E-05 9.9955E-05
0.038003 0.162065 9.9955E-05 0.0839892 0.611516 9.9955E-05 0.0146435 0.0892829 9.9955E-05 9.9955E-05 9.9955E-05
0.0495231 0.0110797 9.9973E-05 9.9973E-05 0.596747 0.00971028 9.9973E-05 0.125217 0.130067 0.0202285 0.0571278
0.0154486 0.188405 0.0156215 9.9982E-05 0.489842 9.9982E-05 0.00429677 0.0366833 0.200237 0.0126985 0.0365674
0.0158504 9.99549E-05 9.99549E-05 9.99549E-05 0.362723 9.99549E-05 0.00761168 0.114542 0.457069 9.99549E-05 0.0417036
9.9964E-05 9.9964E-05 0.0150993 0.0532984 0.567125 0.260049 9.9964E-05 0.0588752 9.9964E-05 0.00919271 0.0359601
0.0133483 0.0350672 0.0394149 0.72616 0.0328163 0.0142427 0.00146658 0.017912 0.0888198 0.012017 0.0187354
0.0398228 0.0563734 9.9964E-05 0.611317 9.9964E-05 0.0593045 9.9964E-05 0.00999291 0.201421 0.0213686 9.9964E-05
0.0241444 0.0407856 0.0320394 0.665004 9.9982E-05 0.15612 9.9982E-05 0.00623437 0.0286861 0.0119203 0.0348659
0.0193675 9.9982E-05 0.0215302 0.735516 0.0149277 0.106679 0.00220298 0.0371403 9.9982E-05 0.0213468 0.0410897
0.033235 9.9973E-05 9.9973E-05 0.731634 0.037227 0.0415613 0.0022418 9.9973E-05 0.0976245 0.0242216 0.0319551
0.0170533 0.0334591 0.00876605 0.765587 9.9964E-05 0.145673 9.9964E-05 9.9964E-05 9.9964E-05 0.0153352 0.0137262
0.038424 0.0416574 9.9982E-05 0.603478 0.00755541 9.9982E-05 0.0271278 0.106776 0.16341 0.00658267 0.00478832
0.0233304 9.9973E-05 0.00364276 0.735435 9.9973E-05 0.0909951 9.9973E-05 0.011393 0.0949204 0.0180652 0.0219185
9.9964E-05 0.088224 9.9964E-05 0.71312 0.0085282 0.10151 0.0294091 0.0382351 9.9964E-05 0.0205736 9.9964E-05
0.0111707 9.9946E-05 0.0307838 0.793576 9.9946E-05 0.116109 9.9946E-05 9.9946E-05 9.9946E-05 0.0477602 9.9946E-05
0.0362878 0.118353 9.9964E-05 0.761272 9.9964E-05 9.9964E-05 0.00981614 9.9964E-05 0.0174656 0.0206637 0.0357414
0.0151773 9.9964E-05 0.0434374 0.838539 0.0394729 9.9964E-05 0.0425901 9.9964E-05 9.9964E-05 0.0028178 0.0175652
0.0528122 9.9955E-05 9.9955E-05 0.730135 9.9955E-05 0.0963861 9.9955E-05 0.0572322 0.0236638 9.9955E-05 0.0392713
0.0191003 0.0508307 0.0429942 0.8293 9.9964E-05 9.9964E-05 0.00594396 9.9964E-05 0.0134406 9.9964E-05 0.0379901
0.0243991 9.9955E-05 9.9955E-05 0.79368 0.02195 0.0835709 9.9955E-05 0.0365199 9.9955E-05 9.9955E-05 0.03938
0.0802335 0.115975 0.000445475 0.75442 9.9946E-05 9.9946E-05 9.9946E-05 9.9946E-05 9.9946E-05 0.0483271 9.9946E-05
9.9955E-05 9.9955E-05 0.0113396 0.740036 9.9955E-05 0.125561 0.0721386 9.9955E-05 0.0414299 9.9955E-05 0.00899534
0.0367278 9.9964E-05 0.0169793 0.6961 9.9964E-05 0.144028 0.0272739 0.0459641 9.9964E-05 0.0325272 9.9964E-05
9.9973E-05 0.0572115 0.0245858 0.682655 0.00918248 0.0766448 0.0151543 9.9973E-05 0.0913417 9.9973E-05 0.0429247
0.00192491 0.044984 9.9982E-05 0.737311 0.0363947 0.0729227 0.0499172 0.0114632 9.9982E-05 0.0420766 0.00280554
0.0058635 9.9982E-05 0.0195232 0.126335 0.0320606 0.404814 0.0122277 9.9982E-05 0.366945 0.028775 0.00325568
9.99101E-05 9.99101E-05 9.99101E-05 9.99101E-05 9.99101E-05 9.99101E-05 9.99101E-05 9.99101E-05 9.99101E-05 9.99101E-05 0.999001
0.0353563 0.102246 0.0065263 0.0146372 9.9982E-05 0.413471 0.0225952 9.9982E-05 0.302691 0.0891688 0.0131089
0.0472762 0.130106 0.00750399 9.9964E-05 9.9964E-05 0.370555 9.9964E-05 9.9964E-05 0.380565 0.0579281 0.00566497
0.0302473 0.137 0.00176285 9.9964E-05 9.9964E-05 0.610243 9.9964E-05 9.9964E-05 0.106104 0.0548512 0.059392
0.00329569 9.9982E-05 0.0291917 0.0322188 0.041179 0.770472 0.00495311 9.9982E-05 0.0543701 0.0614394 0.00267994
0.999001 9.99101E-05 9.99101E-05 9.99101E-05 9.99101E-05 9.99101E-05 9.99101E-05 9.99101E-05 9.99101E-05 9.99101E-05 9.99101E-05
9.99101E-05 9.99101E-05 9.99101E-05 9.99101E-05 9.99101E-05 9.99101E-05 9.99101E-05 9.99101E-05 9.99101E-05 9.99101E-05 0.999001
0.040099 0.101663 0.0185254 0.0243268 9.9991E-05 0.147695 0.0681078 0.0121759 0.532773 0.0158919 0.0386414
0.0602896 9.9964E-05 0.0447497 9.9964E-05 0.091073 0.723848 0.0266215 0.00910583 9.9964E-05 0.0439123 9.9964E-05
0.0555705 0.0891295 0.0275972 9.9964E-05 0.0220512 0.688016 9.9964E-05 9.9964E-05 9.9964E-05 0.0565357 0.0606996
0.0440001 0.024109 0.0250274 9.9973E-05 0.0531665 0.691697 9.9973E-05 9.9973E-05 0.0336982 0.0837412 0.0442604
0.0528147 0.0787045 0.0104912 9.9982E-05 0.0488327 0.473722 0.0403941 9.9982E-05 0.10222 0.075446 0.117174
0.0353136 9.9964E-05 0.0233289 9.9964E-05 9.9964E-05 0.810157 0.0274315 9.9964E-05 0.0195148 0.0475332 0.0363206
0.0883132 0.108546 0.0304196 0.0155181 9.9964E-05 0.637065 9.9964E-05 9.9964E-05 9.9964E-05 0.0619172 0.0578209
0.0339803 0.0966835 0.0279107 9.9973E-05 0.00734021 0.58048 9.9973E-05 9.9973E-05 0.0759172 0.0526836 0.124704
9.9946E-05 0.365251 0.0306543 9.9946E-05 9.9946E-05 0.0815947 9.9946E-05 9.9946E-05 0.482726 9.9946E-05 0.0391743
0.0414051 0.239694 0.0339219 0.236218 0.0106147 0.34643 9.9982E-05 9.9982E-05 0.0393238 0.0149289 0.0372629
0.0294326 0.0359829 0.032379 0.201631 9.9982E-05 0.572387 0.064773 9.9982E-05 0.012967 0.0291327 0.0211149
0.00484985 9.9973E-05 0.013546 0.37763 9.9973E-05 0.418918 0.0593535 9.9973E-05 0.0283039 0.0369095 0.0601891
0.999001 9.99101E-05 9.99101E-05 9.99101E-05 9.99101E-05 9.99101E-05 9.99101E-05 9.99101E-05 9.99101E-05 9.99101E-05 9.99101E-05
0.0532008 0.140813 0.0499423 0.123391 0.0686232 0.226827 0.0660171 0.0267988 0.0609026 0.100024 0.0834598
0.0951293 9.9964E-05 0.0243562 0.0912518 9.9964E-05 0.531603 9.9964E-05 9.9964E-05 0.15372 0.0669959 0.0365435
9.99549E-05 9.99549E-05 0.0396794 0.0361296 0.0394105 0.798858 0.0187038 9.99549E-05 9.99549E-05 0.0667191 9.99549E-05
0.0496562 0.0869337 0.0128579 0.00139384 0.00254384 0.498876 0.00826015 0.0198843 0.210505 0.0638301 0.0452586
0.0715552 9.9973E-05 0.00668621 0.00279015 9.9973E-05 0.634408 0.0701788 9.9973E-05 0.121794 0.0740171 0.0182706
0.00703707 9.9991E-05 0.051109 0.208295 0.0611884 0.179319 0.0113708 0.169345 0.202185 0.0717708 0.0382803
0.0464693 9.9973E-05 0.0383179 0.152672 9.9973E-05 0.000122587 9.9973E-05 0.550711 0.154412 0.00998945 0.0470056
9.9973E-05 0.222721 0.00981174 0.0627247 9.9973E-05 0.232795 0.00251195 0.113839 0.281406 9.9973E-05 0.0738907
0.0418587 9.9955E-05 0.0167509 9.9955E-05 9.9955E-05 0.834025 0.0283682 0.0429188 9.9955E-05 0.0355787 9.9955E-05
9.9964E-05 0.0715745 0.059868 0.0244268 9.9964E-05 0.73019 9.9964E-05 0.0931533 9.9964E-05 0.00571157 0.0146764
0.0246651 0.0397547 9.9991E-05 0.0312611 0.0254903 0.648755 0.0152383 0.0480067 0.0783278 0.0584733 0.0299274
0.00898426 9.99279E-05 9.99279E-05 9.99279E-05 9.99279E-05 9.99279E-05 9.99279E-05 9.99279E-05 0.731372 0.258844 9.99279E-05
0.112737 0.116659 0.0221937 0.0508639 9.9973E-05 0.355037 9.9973E-05 9.9973E-05 0.251277 0.050315 0.0406168
0.0677797 9.9955E-05 0.0170449 9.9955E-05 9.9955E-05 0.838288 9.9955E-05 0.0243375 0.0172893 0.0347606 9.9955E-05
9.9946E-05 9.9946E-05 9.9946E-05 9.9946E-05 0.0554292 0.0553673 9.9946E-05 9.9946E-05 0.842389 0.0242504 0.0219648
0.0176324 0.0340145 0.0505253 9.9955E-05 0.0552653 9.9955E-05 9.9955E-05 9.9955E-05 0.824859 0.017204 9.9955E-05
0.0486691 0.00443293 0.0189735 9.9946E-05 9.9946E-05 0.268976 9.9946E-05 9.9946E-05 0.658349 9.9946E-05 9.9946E-05
0.0500155 0.0998151 9.9982E-05 9.9982E-05 0.0207938 0.175877 0.0423764 0.0132983 0.526354 0.0176821 0.0535882
0.0262731 0.2338 0.0621133 0.0598062 9.9982E-05 0.047895 9.9982E-05 0.0599529 0.433778 0.0400678 0.0361139
0.0339878 0.0536601 0.0334322 0.0842155 9.9982E-05 0.535818 0.0430575 9.9982E-05 0.150854 0.0393469 0.0254285
0.042806 0.238277 0.0576335 9.9982E-05 0.0191106 0.552257 0.00494748 9.9982E-05 0.0144806 0.0419587 0.0283296
0.0109384 0.0463573 0.0760543 0.0104773 9.9982E-05 0.454354 0.00399708 9.9982E-05 0.309801 0.0481503 0.0396703
9.9982E-05 0.0320351 0.00169391 0.0287839 0.0387391 0.499407 9.9982E-05 0.00553462 0.337832 0.0518431 0.00393075
0.0818639 0.0400273 0.033286 9.9982E-05 9.9982E-05 0.44203 0.0187963 0.0984176 0.0923529 0.13588 0.057146
0.0502029 0.100308 0.0107698 9.9973E-05 9.9973E-05 0.734292 0.0023026 9.9973E-05 0.0648804 0.0294881 0.0074557
9.99101E-05 9.99101E-05 9.99101E-05 9.99101E-05 9.99101E-05 9.99101E-05 9.99101E-05 9.99101E-05 9.99101E-05 0.999001 9.99101E-05
0.0296162 0.179149 0.0670635 0.0312519 0.0162338 0.12572 0.00968336 0.00794303 0.419333 0.0463228 0.0676835
0.0740935 9.9946E-05 9.9946E-05 9.9946E-05 9.9946E-05 0.527233 9.9946E-05 9.9946E-05 0.328787 0.0499573 0.0193293
0.0450583 9.9964E-05 0.00344096 9.9964E-05 9.9964E-05 0.535964 0.0578763 0.0503078 0.229946 0.0770068 9.9964E-05
0.0481401 0.00882003 0.0121263 0.0761064 9.9982E-05 0.720536 0.0239447 9.9982E-05 0.0234142 0.0646723 0.02204
0.0230581 0.232935 0.0557211 9.9955E-05 9.9955E-05 0.286291 9.9955E-05 9.9955E-05 0.382671 9.9955E-05 0.0188228
0.0238843 0.157984 0.0134044 9.9982E-05 0.0212792 0.429989 0.0138774 9.9982E-05 0.287758 0.035822 0.0158011
9.99101E-05 9.99101E-05 0.999001 9.99101E-05 9.99101E-05 9.99101E-05 9.99101E-05 9.99101E-05 9.99101E-05 9.99101E-05 9.99101E-05
9.99101E-05 9.99101E-05 9.99101E-05 9.99101E-05 9.99101E-05 9.99101E-05 9.99101E-05 9.99101E-05 9.99101E-05 0.999001 9.99101E-05
9.99101E-05 9.99101E-05 0.999001 9.99101E-05 9.99101E-05 9.99101E-05 9.99101E-05 9.99101E-05 9.99101E-05 9.99101E-05 9.99101E-05
0.00594308 9.9946E-05 9.9946E-05 9.9946E-05 9.9946E-05 0.0599685 9.9946E-05 9.9946E-05 0.84318 0.0323551 0.0579539
0.0695026 9.9982E-05 0.042203 9.9982E-05 0.0494705 0.173586 0.0239442 0.0217978 0.522724 0.0585419 0.0380301
0.0248058 0.0604855 0.0283326 9.9982E-05 0.0363946 0.304623 0.0475885 9.9982E-05 0.402431 0.0586587 0.0364803
0.0210957 9.9973E-05 0.0467638 9.9973E-05 0.0221508 0.59376 0.0438455 9.9973E-05 0.180083 0.0661368 0.0258647
0.0316751 9.9964E-05 0.00542691 0.0121329 0.0220807 0.825323 9.9964E-05 9.9964E-05 9.9964E-05 0.0700162 0.0329455
9.99189E-05 9.99189E-05 9.99189E-05 9.99189E-05 9.99189E-05 9.99189E-05 9.99189E-05 9.99189E-05 0.790538 0.208562 9.99189E-05
0.0157922 9.9982E-05 0.0541415 0.057335 0.00880884 0.261153 0.0308563 9.9982E-05 0.485802 0.0632527 0.0226578
0.00201979 0.745435 9.9937E-05 9.9937E-05 9.9937E-05 9.9937E-05 9.9937E-05 9.9937E-05 0.209243 9.9937E-05 0.0426025
0.0121162 0.889349 0.0312467 9.9964E-05 9.9964E-05 0.0113438 9.9964E-05 0.010153 0.0299564 0.015435 9.9964E-05
0.0152391 0.886825 0.0316714 9.9955E-05 0.0155052 0.00489427 9.9955E-05 9.9955E-05 9.9955E-05 0.0453649 9.9955E-05
9.9928E-05 0.761767 9.9928E-05 9.9928E-05 9.9928E-05 9.9928E-05 9.9928E-05 9.9928E-05 0.232275 9.9928E-05 0.00515935
9.9964E-05 0.739103 0.038696 0.0371756 0.0130378 9.9964E-05 9.9964E-05 0.0206859 0.105099 0.0458027 9.9964E-05
0.0188543 0.921794 9.9946E-05 9.9946E-05 9.9946E-05 9.9946E-05 9.9946E-05 0.0308333 9.9946E-05 0.0129189 0.0149995
9.99101E-05 0.999001 9.99101E-05 9.99101E-05 9.99101E-05 9.99101E-05 9.99101E-05 9.99101E-05 9.99101E-05 9.99101E-05 9.99101E-05
9.9946E-05 0.795934 9.9946E-05 9.9946E-05 9.9946E-05 0.0868498 0.0695273 9.9946E-05 0.0440417 0.00304738 9.9946E-05
9.9955E-05 0.866859 0.0310214 0.0525303 9.9955E-05 9.9955E-05 0.00996671 0.0384265 9.9955E-05 0.000696052 9.9955E-05
0.0072322 0.739078 0.0133177 0.0564174 0.0310524 0.039203 0.00500738 9.9991E-05 0.0564223 0.0389659 0.0132041
9.9964E-05 0.767653 0.0348379 0.0480198 0.0446 0.0658182 9.9964E-05 9.9964E-05 0.0223818 9.9964E-05 0.0162897
0.00822103 0.160821 0.0322175 0.0284378 0.0174621 9.99712E-05 9.99712E-05 0.741633 9.99712E-05 9.99712E-05 0.0108077
0.018967 0.213685 9.9946E-05 9.9946E-05 9.9946E-05 9.9946E-05 0.0115402 0.740978 9.9946E-05 0.01423 9.9946E-05
0.0183206 9.9991E-05 0.0330027 0.0336426 0.0944221 0.0443875 0.0328388 0.674204 0.0402972 0.0155475 0.0132364
9.9964E-05 9.9964E-05 0.0327189 0.116077 0.042212 0.0419002 0.0336678 0.723668 9.9964E-05 9.9964E-05 0.00935572
0.0744595 0.00998731 9.9955E-05 0.102762 0.0435485 9.9955E-05 9.9955E-05 0.608966 0.159777 9.9955E-05 9.9955E-05
0.0125187 0.0855891 0.02504 9.9973E-05 0.033697 9.9973E-05 0.0225244 0.696617 0.110986 9.9973E-05 0.0127275
0.0251999 0.0906767 9.9955E-05 0.0627137 0.0341989 9.9955E-05 9.9955E-05 0.703362 9.9955E-05 0.0833488 9.9955E-05
0.0092563 0.0771023 9.9955E-05 9.9955E-05 0.0394859 0.109548 9.9955E-05 0.744344 9.9955E-05 0.0197633 9.9955E-05
9.9982E-05 9.9982E-05 0.0507659 0.0111381 0.0367547 0.00489024 0.0250371 0.524016 0.304161 0.0229852 0.0200513
0.0254906 0.131184 9.9964E-05 0.191853 0.00111296 9.9964E-05 0.000957507 0.631437 9.9964E-05 0.0175661 9.9964E-05
0.047673 0.086899 0.0231129 0.0519118 0.0227683 9.997E-05 0.0110046 0.729731 9.997E-05 9.997E-05 0.0265994
9.9973E-05 9.9973E-05 0.0161025 0.0985416 0.0257559 0.0197789 0.0575118 0.736434 0.024481 9.9973E-05 0.0210943
9.9982E-05 0.0750444 0.03507 0.0660849 0.0397971 0.0239857 0.0172155 0.614259 0.114296 9.9982E-05 0.0140472
9.9955E-05 0.0415385 9.9955E-05 0.116883 9.9955E-05 0.0172597 9.9955E-05 0.500888 0.307008 9.9955E-05 0.0159236
0.0099194 9.9982E-05 0.0321228 9.9982E-05 0.0546271 0.0426593 0.0301605 0.61398 0.140724 0.00568418 0.0699228
9.9937E-05 9.9937E-05 9.9937E-05 9.9937E-05 9.9937E-05 9.9937E-05 0.0765727 0.687638 0.22069 9.9937E-05 0.0144004
0.00618164 0.0926754 0.055514 9.9946E-05 9.9946E-05 9.9946E-05 9.9946E-05 0.781209 9.9946E-05 9.9946E-05 0.0638202
9.9964E-05 9.9964E-05 0.0439636 0.00571648 9.9964E-05 0.0495013 0.0350062 0.733888 0.123994 9.9964E-05 0.00753033
0.00385233 9.9964E-05 0.0547159 9.9964E-05 0.0971174 0.00406231 0.0523998 0.786666 9.9964E-05 0.000786494 9.9964E-05
0.0337262 9.9973E-05 9.9973E-05 0.0147368 0.0292952 0.0542723 0.0111379 0.692467 0.158707 9.9973E-05 0.00535819
0.0680758 9.9955E-05 0.0104951 9.9955E-05 0.0123281 9.9955E-05 0.00913685 0.611697 0.287767 9.9955E-05 9.9955E-05
9.9973E-05 0.0791987 0.0493073 0.0280534 0.0113896 0.0764128 9.9973E-05 0.710163 9.9973E-05 0.0320242 0.0131508
9.9955E-05 9.9955E-05 0.0541406 9.9955E-05 9.9955E-05 9.9955E-05 0.0311123 0.680095 0.210844 0.00731308 0.0159955
0.00157008 9.9946E-05 9.9946E-05 9.9946E-05 9.9946E-05 9.9946E-05 0.00685502 0.749457 0.236589 0.00492887 9.9946E-05
0.00733542 9.9964E-05 9.9964E-05 9.9964E-05 0.0924871 9.9964E-05 0.0163851 0.60327 0.225855 0.0192336 0.035034
9.9937E-05 0.0205675 9.9937E-05 9.9937E-05 0.0250816 9.9937E-05 9.9937E-05 0.642105 0.311546 9.9937E-05 9.9937E-05
9.9955E-05 0.00608985 0.0433649 0.0539023 0.0438602 9.9955E-05 9.9955E-05 0.662224 0.190059 9.9955E-05 9.9955E-05
0.0620421 9.9955E-05 9.9955E-05 0.0643404 9.9955E-05 9.9955E-05 0.0508406 0.620934 0.141908 9.9955E-05 0.0594353
9.9982E-05 0.0308916 0.0227602 0.0214856 0.0347544 0.0262646 0.0109426 0.645694 0.178577 9.9982E-05 0.0284297
0.00581325 0.00687998 0.00904896 0.104861 0.0398319 9.9973E-05 9.9973E-05 0.731283 9.9973E-05 0.0605655 0.0414169
0.00447349 0.11045 0.0201301 0.0686751 9.9964E-05 9.9964E-05 9.9964E-05 0.768517 9.9964E-05 0.0114557 0.0158992
0.0123967 0.0598534 0.00254221 0.0943468 0.00492621 9.9973E-05 0.0376487 0.618269 0.169717 9.9973E-05 9.9973E-05
0.00563196 0.0202296 9.9964E-05 0.078281 0.0781872 0.0355799 9.9964E-05 0.658775 0.122915 9.9964E-05 9.9964E-05
9.9964E-05 9.9964E-05 0.0362911 9.9964E-05 0.0927782 0.0406257 9.9964E-05 0.744315 0.0286339 0.0297486 0.0272079
0.0103016 9.9982E-05 0.0307933 9.9982E-05 0.0296438 0.0505991 0.0224787 0.741127 0.105239 0.00625119 0.00336636
0.00611186 9.9955E-05 9.9955E-05 0.612344 0.0174781 9.9955E-05 9.9955E-05 0.0749839 0.284916 9.9955E-05 0.00366625
9.9946E-05 9.9946E-05 9.9946E-05 0.451721 0.0158705 9.9946E-05 0.00312944 0.0803308 0.448349 9.9946E-05 9.9946E-05
9.9937E-05 9.9937E-05 9.9937E-05 0.49915 9.9937E-05 9.9937E-05 0.0057285 0.0117104 0.482711 9.9937E-05 9.9937E-05
9.9964E-05 9.9964E-05 0.0134402 0.472071 9.9964E-05 9.9964E-05 0.00720723 0.129311 0.33591 0.0159989 0.0256611
9.9964E-05 9.9964E-05 0.0304352 0.475517 0.0369623 9.9964E-05 0.0524992 0.052624 0.350463 9.9964E-05 0.00110018
0.0350118 0.110176 0.0182053 0.629525 0.101189 9.9964E-05 9.9964E-05 0.069839 9.9964E-05 0.0356543 9.9964E-05
9.9928E-05 9.9928E-05 9.9928E-05 0.72801 0.0154048 9.9928E-05 9.9928E-05 9.9928E-05 0.255786 9.9928E-05 9.9928E-05
9.9946E-05 0.0471174 9.9946E-05 0.533246 0.134967 9.9946E-05 0.0435951 9.9946E-05 0.240475 9.9946E-05 9.9946E-05
