9.9874E-05 9.9874E-05 9.9874E-05 9.9874E-05 0.00333503 9.9874E-05 9.9874E-05 9.9874E-05 0.07819 9.9874E-05 9.9874E-05 9.9874E-05 0.00138817 9.9874E-05 0.0680537 9.9874E-05 9.9874E-05 0.847635 9.9874E-05
9.9919E-05 9.9919E-05 9.9919E-05 0.0373081 0.0115068 0.0101128 0.0428408 0.00406057 9.9919E-05 9.9919E-05 9.9919E-05 9.9919E-05 0.005398 9.9919E-05 9.9919E-05 0.165916 0.0836712 0.637367 0.000920162
0.0726994 9.9892E-05 9.9892E-05 0.056789 0.0326029 9.9892E-05 9.9892E-05 9.9892E-05 9.9892E-05 9.9892E-05 0.00723589 0.0445513 9.9892E-05 9.9892E-05 9.9892E-05 0.0681175 9.9892E-05 0.716805 9.9892E-05
9.9874E-05 9.9874E-05 9.9874E-05 9.9874E-05 0.00698661 9.9874E-05 9.9874E-05 9.9874E-05 9.9874E-05 0.117024 9.9874E-05 0.0934596 9.9874E-05 9.9874E-05 9.9874E-05 9.9874E-05 0.0432911 0.737841 9.9874E-05
9.9892E-05 0.113355 9.9892E-05 9.9892E-05 9.9892E-05 9.9892E-05 0.0295088 9.9892E-05 9.9892E-05 9.9892E-05 0.0358631 9.9892E-05 9.9892E-05 0.0556757 0.0292685 9.9892E-05 9.9892E-05 0.732389 0.00274182
0.105841 9.98921E-05 0.0138539 0.0366011 0.00484372 9.98921E-05 9.98921E-05 0.0216842 9.98921E-05 9.98921E-05 9.98921E-05 9.98921E-05 0.00665847 9.98921E-05 9.98921E-05 9.98921E-05 9.98921E-05 0.809319 9.98921E-05
9.9883E-05 9.9883E-05 0.00417849 9.9883E-05 9.9883E-05 9.9883E-05 0.124913 9.9883E-05 9.9883E-05 9.9883E-05 9.9883E-05 9.9883E-05 0.0215003 0.000687925 0.0268142 9.9883E-05 9.9883E-05 0.820608 9.9883E-05
0.160369 9.98831E-05 0.0124549 9.98831E-05 9.98831E-05 9.98831E-05 0.014446 0.0117877 9.98831E-05 0.0676611 9.98831E-05 9.98831E-05 9.98831E-05 9.98831E-05 9.98831E-05 9.98831E-05 9.98831E-05 0.731982 9.98831E-05
9.991E-05 0.0219004 9.991E-05 9.991E-05 0.0202188 9.991E-05 0.131285 0.00720843 9.991E-05 9.991E-05 0.0879751 0.0031561 0.000719588 0.0129073 9.991E-05 9.991E-05 9.991E-05 0.71363 9.991E-05
0.146925 9.9892E-05 0.00794136 9.9892E-05 9.9892E-05 9.9892E-05 9.9892E-05 9.9892E-05 0.03705 0.0324031 9.9892E-05 0.0204836 9.9892E-05 9.9892E-05 9.9892E-05 0.00300058 9.9892E-05 0.750998 9.9892E-05
9.98919E-05 0.057988 9.98919E-05 0.0107517 9.98919E-05 9.98919E-05 0.0748729 9.98919E-05 9.98919E-05 9.98919E-05 9.98919E-05 9.98919E-05 9.98919E-05 9.98919E-05 9.98919E-05 0.0491084 0.165231 0.632589 0.00826067
9.991E-05 9.991E-05 9.991E-05 9.991E-05 0.0288258 9.991E-05 0.0209879 0.0114508 0.040411 9.991E-05 9.991E-05 0.0706632 9.991E-05 9.991E-05 9.991E-05 0.0520446 0.0774455 0.679803 0.0173689
9.9919E-05 9.9919E-05 0.0202693 9.9919E-05 9.9919E-05 9.9919E-05 0.0135458 9.9919E-05 9.9919E-05 9.9919E-05 0.098652 0.0526731 0.0144149 0.0355853 9.9919E-05 0.0279827 0.0240235 0.708428 0.00352639
0.031896 9.9946E-05 0.00138201 0.101891 0.0129095 0.0195925 9.9946E-05 9.9946E-05 9.9946E-05 0.000631161 0.0464599 0.011429 0.0185743 9.9946E-05 9.9946E-05 0.00822308 0.042976 0.6732 0.0302367
9.9919E-05 0.0362212 9.9919E-05 0.0108042 0.00107064 9.9919E-05 9.9919E-05 9.9919E-05 0.0488784 9.9919E-05 9.9919E-05 0.083468 0.00809696 0.0207782 9.9919E-05 0.015075 0.0317827 0.742926 9.9919E-05
9.98741E-05 0.0794101 9.98741E-05 9.98741E-05 9.98741E-05 9.98741E-05 9.98741E-05 0.000544064 9.98741E-05 0.130014 9.98741E-05 9.98741E-05 0.0113338 9.98741E-05 9.98741E-05 9.98741E-05 9.98741E-05 0.7773 9.98741E-05
0.0128947 0.00397632 0.0190014 9.98921E-05 9.98921E-05 0.0208702 9.98921E-05 0.0264525 9.98921E-05 9.98921E-05 9.98921E-05 9.98921E-05 9.98921E-05 9.98921E-05 0.0235971 9.98921E-05 9.98921E-05 0.892009 9.98921E-05
9.98651E-05 9.98651E-05 9.98651E-05 9.98651E-05 9.98651E-05 0.0657136 9.98651E-05 0.00117838 9.98651E-05 9.98651E-05 9.98651E-05 9.98651E-05 9.98651E-05 9.98651E-05 0.0584453 9.98651E-05 9.98651E-05 0.873165 9.98651E-05
9.98651E-05 9.98651E-05 9.98651E-05 9.98651E-05 9.98651E-05 0.0702478 9.98651E-05 9.98651E-05 9.98651E-05 9.98651E-05 9.98651E-05 9.98651E-05 0.0126772 9.98651E-05 0.0864561 9.98651E-05 9.98651E-05 0.829121 9.98651E-05
9.9901E-05 0.0052445 0.00844439 0.00480199 9.9901E-05 0.0285565 9.9901E-05 0.0127776 9.9901E-05 9.9901E-05 9.9901E-05 0.0321819 9.9901E-05 9.9901E-05 0.0729107 9.9901E-05 9.9901E-05 0.833984 9.9901E-05
9.9838E-05 9.9838E-05 9.9838E-05 9.9838E-05 9.9838E-05 9.9838E-05 9.9838E-05 9.9838E-05 9.9838E-05 9.9838E-05 9.9838E-05 9.9838E-05 9.9838E-05 9.9838E-05 9.9838E-05 9.9838E-05 9.9838E-05 9.9838E-05 0.998203
9.9883E-05 9.9883E-05 9.9883E-05 9.9883E-05 9.9883E-05 9.9883E-05 9.9883E-05 9.9883E-05 9.9883E-05 9.9883E-05 0.0331411 0.705333 0.0275521 9.9883E-05 9.9883E-05 0.0472806 0.183419 9.9883E-05 0.00197606
0.000325789 9.9892E-05 0.00516529 9.9892E-05 9.9892E-05 0.0715661 0.0404029 9.9892E-05 9.9892E-05 9.9892E-05 0.0616085 0.741641 9.9892E-05 9.9892E-05 9.9892E-05 9.9892E-05 0.0780918 9.9892E-05 9.9892E-05
9.9874E-05 9.9874E-05 0.000845833 9.9874E-05 9.9874E-05 9.9874E-05 9.9874E-05 0.0164256 9.9874E-05 9.9874E-05 9.9874E-05 0.842293 9.9874E-05 9.9874E-05 0.099858 9.9874E-05 0.0391796 9.9874E-05 9.9874E-05
9.98561E-05 0.032246 9.98561E-05 9.98561E-05 9.98561E-05 9.98561E-05 9.98561E-05 9.98561E-05 9.98561E-05 9.98561E-05 9.98561E-05 0.959323 9.98561E-05 9.98561E-05 9.98561E-05 9.98561E-05 9.98561E-05 9.98561E-05 0.00683372
9.9883E-05 9.9883E-05 0.00239516 9.9883E-05 9.9883E-05 0.0245584 9.9883E-05 0.0216357 9.9883E-05 9.9883E-05 9.9883E-05 0.935619 9.9883E-05 0.00120328 9.9883E-05 9.9883E-05 9.9883E-05 0.0132898 9.9883E-05
0.115985 0.0554171 9.9901E-05 0.0702074 0.00531121 0.000519815 9.9901E-05 9.9901E-05 9.9901E-05 9.9901E-05 0.000925198 0.74002 9.9901E-05 9.9901E-05 9.9901E-05 9.9901E-05 9.9901E-05 9.9901E-05 0.0105161
9.9847E-05 9.9847E-05 9.9847E-05 9.9847E-05 9.9847E-05 9.9847E-05 9.9847E-05 9.9847E-05 0.00177618 9.9847E-05 9.9847E-05 9.9847E-05 9.9847E-05 9.9847E-05 9.9847E-05 9.9847E-05 9.9847E-05 9.9847E-05 0.996526
9.9883E-05 9.9883E-05 9.9883E-05 0.0837894 9.9883E-05 9.9883E-05 9.9883E-05 9.9883E-05 9.9883E-05 9.9883E-05 9.9883E-05 0.752694 9.9883E-05 0.0178813 0.0199057 0.0962441 9.9883E-05 9.9883E-05 0.028187
0.154325 0.0587804 9.98829E-05 9.98829E-05 9.98829E-05 0.0222563 9.98829E-05 9.98829E-05 0.088575 9.98829E-05 9.98829E-05 0.644884 0.0298805 9.98829E-05 9.98829E-05 9.98829E-05 9.98829E-05 9.98829E-05 9.98829E-05
0.0765181 0.0217226 9.9901E-05 0.00116943 0.00493306 9.9901E-05 9.9901E-05 0.0180338 0.0957697 9.9901E-05 9.9901E-05 0.744793 9.9901E-05 9.9901E-05 9.9901E-05 9.9901E-05 9.9901E-05 9.9901E-05 0.0359613
0.103553 9.9901E-05 9.9901E-05 9.9901E-05 0.000945272 0.0123427 9.9901E-05 0.0322469 9.9901E-05 0.0861067 9.9901E-05 0.718442 9.9901E-05 9.9901E-05 0.0214829 9.9901E-05 9.9901E-05 9.9901E-05 0.0237811
0.171129 9.9892E-05 9.9892E-05 0.0723033 9.9892E-05 9.9892E-05 9.9892E-05 9.9892E-05 9.9892E-05 9.9892E-05 9.9892E-05 0.56123 0.00507716 0.134777 9.9892E-05 9.9892E-05 9.9892E-05 0.00288338 0.0514019
9.9892E-05 9.9892E-05 0.0103427 9.9892E-05 0.0474503 9.9892E-05 9.9892E-05 9.9892E-05 0.174763 9.9892E-05 9.9892E-05 0.648047 0.0465747 9.9892E-05 9.9892E-05 0.034378 9.9892E-05 9.9892E-05 0.0372463
9.9919E-05 9.9919E-05 0.0022481 9.9919E-05 9.9919E-05 9.9919E-05 9.9919E-05 0.0091993 9.9919E-05 0.0643178 0.0171309 0.677479 0.0124018 0.0256161 0.0280677 0.151983 9.9919E-05 0.0106573 9.9919E-05
9.99009E-05 9.99009E-05 9.99009E-05 9.99009E-05 0.0558332 9.99009E-05 0.0488466 9.99009E-05 0.0731763 9.99009E-05 9.99009E-05 0.409775 0.00607217 9.99009E-05 9.99009E-05 0.13101 0.245191 9.99009E-05 0.0289974
9.9901E-05 0.015366 0.00372171 9.9901E-05 0.0213174 0.0403742 0.000638571 0.0101176 9.9901E-05 9.9901E-05 0.237282 0.670084 9.9901E-05 9.9901E-05 9.9901E-05 9.9901E-05 9.9901E-05 9.9901E-05 9.9901E-05
9.9838E-05 9.9838E-05 9.9838E-05 9.9838E-05 9.9838E-05 9.9838E-05 9.9838E-05 9.9838E-05 9.9838E-05 9.9838E-05 0.998203 9.9838E-05 9.9838E-05 9.9838E-05 9.9838E-05 9.9838E-05 9.9838E-05 9.9838E-05 9.9838E-05
0.103694 9.99009E-05 9.99009E-05 9.99009E-05 9.99009E-05 9.99009E-05 0.0322153 9.99009E-05 9.99009E-05 9.99009E-05 0.000903122 9.99009E-05 0.0232455 0.136022 0.606504 0.0745758 0.0217405 9.99009E-05 9.99009E-05
0.946037 9.9865E-05 9.9865E-05 0.0107212 0.0239885 9.9865E-05 9.9865E-05 9.9865E-05 9.9865E-05 9.9865E-05 9.9865E-05 9.9865E-05 0.0177552 9.9865E-05 9.9865E-05 9.9865E-05 9.9865E-05 9.9865E-05 9.9865E-05
0.113383 0.0616877 9.9865E-05 9.9865E-05 9.9865E-05 9.9865E-05 0.168566 9.9865E-05 9.9865E-05 9.9865E-05 9.9865E-05 9.9865E-05 9.9865E-05 9.9865E-05 0.654865 9.9865E-05 9.9865E-05 9.9865E-05 9.9865E-05
9.9901E-05 9.9901E-05 0.0132698 0.0146242 0.0458265 0.000527169 0.0278741 9.9901E-05 9.9901E-05 9.9901E-05 9.9901E-05 9.9901E-05 0.0346603 9.9901E-05 0.839867 9.9901E-05 9.9901E-05 9.9901E-05 0.0222525
9.9838E-05 9.9838E-05 9.9838E-05 9.9838E-05 9.9838E-05 9.9838E-05 9.9838E-05 9.9838E-05 9.9838E-05 9.9838E-05 0.998203 9.9838E-05 9.9838E-05 9.9838E-05 9.9838E-05 9.9838E-05 9.9838E-05 9.9838E-05 9.9838E-05
0.127483 9.99279E-05 0.00402122 9.99279E-05 0.0185804 0.0260661 9.99279E-05 9.99279E-05 0.138392 9.99279E-05 0.320231 9.99279E-05 0.0270605 0.00599376 0.289402 9.99279E-05 0.00543881 0.0365321 9.99279E-05
0.0533175 0.0499225 9.9946E-05 0.0200546 0.00378316 0.0799851 0.0188812 0.00115254 9.9946E-05 0.0219826 0.123464 9.9946E-05 0.00371755 9.9946E-05 0.55054 9.9946E-05 0.0586782 9.9946E-05 0.0139214
9.9883E-05 9.9883E-05 9.9883E-05 9.9883E-05 9.9883E-05 0.0921201 9.9883E-05 9.9883E-05 9.9883E-05 0.224971 0.0939351 9.9883E-05 9.9883E-05 0.00907636 0.557653 9.9883E-05 9.9883E-05 0.0209462 9.9883E-05
9.98831E-05 0.0327202 0.00987 9.98831E-05 9.98831E-05 9.98831E-05 9.98831E-05 0.00174289 0.00783056 9.98831E-05 9.98831E-05 9.98831E-05 0.0239796 9.98831E-05 0.922558 9.98831E-05 9.98831E-05 9.98831E-05 9.98831E-05
0.203943 9.9892E-05 9.9892E-05 9.9892E-05 0.012535 9.9892E-05 9.9892E-05 9.9892E-05 0.134366 9.9892E-05 0.156209 9.9892E-05 0.005934 9.9892E-05 0.471733 9.9892E-05 0.0140811 9.9892E-05 9.9892E-05
9.9865E-05 9.9865E-05 9.9865E-05 9.9865E-05 9.9865E-05 9.9865E-05 9.9865E-05 0.00505115 9.9865E-05 0.07835 9.9865E-05 9.9865E-05 9.9865E-05 9.9865E-05 0.884571 9.9865E-05 9.9865E-05 9.9865E-05 0.0305296
9.9865E-05 9.9865E-05 9.9865E-05 9.9865E-05 9.9865E-05 9.9865E-05 9.9865E-05 9.9865E-05 9.9865E-05 0.0628796 0.896191 9.9865E-05 0.0159749 9.9865E-05 9.9865E-05 9.9865E-05 0.0234569 9.9865E-05 9.9865E-05
9.9883E-05 9.9883E-05 9.9883E-05 9.9883E-05 9.9883E-05 9.9883E-05 9.9883E-05 0.00599366 0.0121576 9.9883E-05 9.9883E-05 9.9883E-05 9.9883E-05 0.0536854 0.83572 9.9883E-05 0.0838352 9.9883E-05 0.00731007
9.9901E-05 9.9901E-05 9.9901E-05 0.034654 0.0108804 0.00549637 9.9901E-05 0.0108082 9.9901E-05 9.9901E-05 0.000340163 0.0220404 9.9901E-05 9.9901E-05 0.905483 9.9901E-05 9.9901E-05 9.9901E-05 0.00919799
0.75497 9.98648E-05 0.030355 9.98648E-05 9.98648E-05 9.98648E-05 9.98648E-05 9.98648E-05 9.98648E-05 9.98648E-05 9.98648E-05 9.98648E-05 0.0316442 9.98648E-05 0.181533 9.98648E-05 9.98648E-05 9.98648E-05 9.98648E-05
9.98919E-05 0.00325515 9.98919E-05 9.98919E-05 9.98919E-05 9.98919E-05 9.98919E-05 0.00256949 9.98919E-05 0.0118811 9.98919E-05 0.0136839 9.98919E-05 9.98919E-05 0.859948 0.0506719 9.98919E-05 0.0567915 9.98919E-05
0.998203 9.98378E-05 9.98378E-05 9.98378E-05 9.98378E-05 9.98378E-05 9.98378E-05 9.98378E-05 9.98378E-05 9.98378E-05 9.98378E-05 9.98378E-05 9.98378E-05 9.98378E-05 9.98378E-05 9.98378E-05 9.98378E-05 9.98378E-05 9.98378E-05
9.9901E-05 9.9901E-05 9.9901E-05 9.9901E-05 0.00221565 0.0505552 9.9901E-05 0.00771799 0.0680068 9.9901E-05 0.759756 9.9901E-05 9.9901E-05 0.0270365 0.0606513 9.9901E-05 0.0229614 9.9901E-05 9.9901E-05
0.134508 0.0583173 0.0250803 0.00527956 9.9919E-05 9.9919E-05 9.9919E-05 9.9919E-05 0.0818581 9.9919E-05 0.0190206 9.9919E-05 9.9919E-05 9.9919E-05 0.572792 9.9919E-05 0.0340331 0.0369928 0.0312183
9.991E-05 9.991E-05 9.991E-05 9.991E-05 0.0403452 0.166522 0.0650645 0.00955593 9.991E-05 9.991E-05 0.131037 0.0246361 9.991E-05 9.991E-05 0.0713125 0.47869 0.011837 9.991E-05 9.991E-05
9.98379E-05 9.98379E-05 9.98379E-05 9.98379E-05 0.998203 9.98379E-05 9.98379E-05 9.98379E-05 9.98379E-05 9.98379E-05 9.98379E-05 9.98379E-05 9.98379E-05 9.98379E-05 9.98379E-05 9.98379E-05 9.98379E-05 9.98379E-05 9.98379E-05
0.110144 0.171835 0.0359898 9.9928E-05 9.9928E-05 0.103379 9.9928E-05 9.9928E-05 0.0447825 0.0589326 9.9928E-05 0.00840909 0.0198211 9.9928E-05 9.9928E-05 0.428901 0.013051 9.9928E-05 0.00395513
0.0895643 9.99279E-05 0.00576067 9.99279E-05 0.018166 0.0254063 9.99279E-05 0.00289973 9.99279E-05 0.0263456 0.062089 9.99279E-05 0.00892155 0.0935869 0.0189232 0.647537 9.99279E-05 9.99279E-05 9.99279E-05
9.9892E-05 0.217987 9.9892E-05 9.9892E-05 0.030733 9.9892E-05 0.0127947 0.0175392 9.9892E-05 9.9892E-05 0.147054 9.9892E-05 9.9892E-05 0.0460783 9.9892E-05 0.526614 9.9892E-05 9.9892E-05 9.9892E-05
9.98919E-05 0.780908 9.98919E-05 9.98919E-05 9.98919E-05 0.0365743 9.98919E-05 0.0201062 9.98919E-05 0.0457675 9.98919E-05 9.98919E-05 9.98919E-05 9.98919E-05 0.0786944 0.022346 9.98919E-05 9.98919E-05 0.0144046
9.98379E-05 9.98379E-05 9.98379E-05 9.98379E-05 9.98379E-05 9.98379E-05 9.98379E-05 9.98379E-05 9.98379E-05 9.98379E-05 9.98379E-05 9.98379E-05 0.998203 9.98379E-05 9.98379E-05 9.98379E-05 9.98379E-05 9.98379E-05 9.98379E-05
9.98379E-05 9.98379E-05 9.98379E-05 9.98379E-05 0.998203 9.98379E-05 9.98379E-05 9.98379E-05 9.98379E-05 9.98379E-05 9.98379E-05 9.98379E-05 9.98379E-05 9.98379E-05 9.98379E-05 9.98379E-05 9.98379E-05 9.98379E-05 9.98379E-05
0.0981341 0.114319 0.000303904 9.9937E-05 0.00416546 9.9937E-05 9.9937E-05 0.0105173 0.0111129 9.9937E-05 0.0562622 9.9937E-05 0.012639 0.0983737 9.9937E-05 0.47588 0.0495207 0.0680724 9.9937E-05
0.0371757 0.546253 0.0195412 9.9937E-05 0.00107435 0.161187 0.0425558 0.00779732 0.0331408 9.9937E-05 9.9937E-05 0.108783 0.0188409 9.9937E-05 9.9937E-05 9.9937E-05 9.9937E-05 0.00501886 0.0179328
9.9919E-05 0.282412 0.0425583 9.9919E-05 0.0306866 0.219565 9.9919E-05 0.0202166 0.176812 9.9919E-05 0.00223648 9.9919E-05 0.051254 0.0576351 9.9919E-05 0.115725 9.9919E-05 9.9919E-05 9.9919E-05
9.9928E-05 0.454271 0.0284239 9.9928E-05 0.0232115 0.173203 9.9928E-05 0.0315536 9.9928E-05 9.9928E-05 0.0413389 0.0371912 0.0298128 0.0363687 9.9928E-05 0.123365 9.9928E-05 9.9928E-05 0.0204609
0.0159803 0.299263 0.041406 0.084481 0.103804 0.0802238 0.000310336 0.0279414 9.9964E-05 9.9964E-05 0.0229328 0.0396352 0.0354079 0.00467875 9.9964E-05 0.220923 9.9964E-05 0.0156308 0.0069822
0.0453775 0.54111 0.00942292 9.9919E-05 0.0618619 0.16712 9.9919E-05 0.00641575 9.9919E-05 0.0938904 9.9919E-05 9.9919E-05 0.0203031 9.9919E-05 9.9919E-05 0.0426411 9.9919E-05 0.0109579 9.9919E-05
0.0318236 0.92684 9.9865E-05 9.9865E-05 9.9865E-05 9.9865E-05 9.9865E-05 0.0137412 9.9865E-05 9.9865E-05 9.9865E-05 9.9865E-05 0.0260972 9.9865E-05 9.9865E-05 9.9865E-05 9.9865E-05 9.9865E-05 9.9865E-05
9.991E-05 0.258402 9.991E-05 9.991E-05 0.0651428 0.0530921 9.991E-05 9.991E-05 9.991E-05 9.991E-05 9.991E-05 0.0184175 0.0169823 0.110868 0.0983172 0.347492 0.0302867 9.991E-05 9.991E-05
0.100324 0.0379981 0.00902849 0.0535036 0.0504506 9.991E-05 9.991E-05 0.0304289 0.0310464 9.991E-05 9.991E-05 9.991E-05 9.991E-05 0.277337 9.991E-05 0.408884 9.991E-05 9.991E-05 9.991E-05
0.0632571 0.0700141 9.9928E-05 9.9928E-05 0.0182359 0.239072 9.9928E-05 0.0372331 9.9928E-05 9.9928E-05 9.9928E-05 9.9928E-05 0.0298663 0.290995 0.144366 0.0159437 0.0488089 9.9928E-05 0.0414086
9.991E-05 0.57363 9.991E-05 9.991E-05 0.0293135 0.0639553 9.991E-05 9.991E-05 0.0199979 9.991E-05 0.0412552 9.991E-05 0.0104123 0.0100217 0.204507 9.991E-05 9.991E-05 0.0459087 9.991E-05
9.9901E-05 0.00444752 0.00284528 9.9901E-05 0.0428168 0.0427974 9.9901E-05 0.00421848 9.9901E-05 9.9901E-05 9.9901E-05 9.9901E-05 9.9901E-05 9.9901E-05 0.579047 0.27683 9.9901E-05 0.0458984 9.9901E-05
9.98379E-05 9.98379E-05 9.98379E-05 9.98379E-05 9.98379E-05 9.98379E-05 9.98379E-05 9.98379E-05 9.98379E-05 9.98379E-05 9.98379E-05 9.98379E-05 0.998203 9.98379E-05 9.98379E-05 9.98379E-05 9.98379E-05 9.98379E-05 9.98379E-05
9.9937E-05 0.178971 0.0617409 0.0458239 0.0562324 9.9937E-05 9.9937E-05 0.0537104 9.9937E-05 9.9937E-05 0.186979 9.9937E-05 0.00723536 0.0701202 0.0927115 0.183805 9.9937E-05 0.0326159 0.029355
9.991E-05 0.440462 0.0091444 9.991E-05 0.0260714 0.0345778 9.991E-05 0.0340158 0.0500502 9.991E-05 9.991E-05 9.991E-05 0.0742592 9.991E-05 0.149012 0.181408 9.991E-05 9.991E-05 9.991E-05
9.98378E-05 9.98378E-05 9.98378E-05 9.98378E-05 9.98378E-05 0.998203 9.98378E-05 9.98378E-05 9.98378E-05 9.98378E-05 9.98378E-05 9.98378E-05 9.98378E-05 9.98378E-05 9.98378E-05 9.98378E-05 9.98378E-05 9.98378E-05 9.98378E-05
9.9919E-05 0.0585634 0.0230173 9.9919E-05 0.000937342 0.185453 0.0710631 9.9919E-05 9.9919E-05 9.9919E-05 0.0268506 0.011296 0.0308413 9.9919E-05 0.0763685 0.51471 9.9919E-05 9.9919E-05 9.9919E-05
0.0357933 0.574118 0.025499 9.991E-05 0.00736879 0.13064 0.0126827 9.991E-05 9.991E-05 9.991E-05 9.991E-05 9.991E-05 0.0416569 9.991E-05 9.991E-05 0.127074 9.991E-05 0.044169 9.991E-05
9.9901E-05 9.9901E-05 0.0643716 9.9901E-05 0.00973919 9.9901E-05 9.9901E-05 0.0377642 9.9901E-05 0.33637 9.9901E-05 0.00840407 9.9901E-05 9.9901E-05 0.270714 0.265242 9.9901E-05 9.9901E-05 0.00629578
9.9901E-05 9.9901E-05 9.9901E-05 9.9901E-05 0.00314998 9.9901E-05 9.9901E-05 0.0130617 0.289654 0.440275 0.151875 9.9901E-05 0.0101737 9.9901E-05 0.0105748 0.0801373 9.9901E-05 9.9901E-05 9.9901E-05
9.991E-05 0.000754963 9.991E-05 9.991E-05 0.0671494 0.0826427 9.991E-05 9.991E-05 0.0320857 0.205604 9.991E-05 0.0308342 9.991E-05 0.120589 0.172465 0.286875 9.991E-05 9.991E-05 9.991E-05
9.98378E-05 9.98378E-05 9.98378E-05 9.98378E-05 9.98378E-05 0.998203 9.98378E-05 9.98378E-05 9.98378E-05 9.98378E-05 9.98378E-05 9.98378E-05 9.98378E-05 9.98378E-05 9.98378E-05 9.98378E-05 9.98378E-05 9.98378E-05 9.98378E-05
9.98379E-05 9.98379E-05 9.98379E-05 9.98379E-05 9.98379E-05 0.998203 9.98379E-05 9.98379E-05 9.98379E-05 9.98379E-05 9.98379E-05 9.98379E-05 9.98379E-05 9.98379E-05 9.98379E-05 9.98379E-05 9.98379E-05 9.98379E-05 9.98379E-05
0.0268755 0.369493 0.043073 9.991E-05 0.0263104 0.161157 9.991E-05 9.991E-05 9.991E-05 0.163392 9.991E-05 9.991E-05 9.991E-05 0.0454994 9.991E-05 0.117632 0.0455692 9.991E-05 9.991E-05
9.98649E-05 9.98649E-05 0.181357 9.98649E-05 9.98649E-05 9.98649E-05 9.98649E-05 9.98649E-05 9.98649E-05 9.98649E-05 0.0696645 9.98649E-05 9.98649E-05 9.98649E-05 9.98649E-05 0.747084 9.98649E-05 9.98649E-05 0.000397174
0.187908 0.101236 0.0125006 0.063836 0.00360996 9.99189E-05 9.99189E-05 0.0114648 9.99189E-05 9.99189E-05 9.99189E-05 9.99189E-05 0.114055 0.0283223 0.0237968 0.452371 9.99189E-05 9.99189E-05 9.99189E-05
9.98741E-05 0.194921 9.98741E-05 9.98741E-05 9.98741E-05 0.393244 0.140733 9.98741E-05 9.98741E-05 9.98741E-05 9.98741E-05 9.98741E-05 0.0570895 9.98741E-05 9.98741E-05 0.212614 9.98741E-05 9.98741E-05 9.98741E-05
9.9919E-05 0.00480633 9.9919E-05 9.9919E-05 0.00114681 9.9919E-05 0.00329113 0.0105249 9.9919E-05 0.144589 9.9919E-05 0.0216209 9.9919E-05 9.9919E-05 9.9919E-05 0.620784 0.122553 0.0398896 0.0298944
9.9928E-05 0.00361292 0.0145174 9.9928E-05 9.9928E-05 0.0316287 9.9928E-05 0.0321646 0.00952542 9.9928E-05 9.9928E-05 0.0419525 0.0212674 9.9928E-05 9.9928E-05 0.481854 0.334068 0.0216042 0.00700563
0.11885 9.9883E-05 9.9883E-05 0.0160108 9.9883E-05 9.9883E-05 0.00535079 9.9883E-05 9.9883E-05 0.112563 9.9883E-05 9.9883E-05 0.00592548 9.9883E-05 9.9883E-05 0.740002 9.9883E-05 9.9883E-05 9.9883E-05
9.9919E-05 0.0259956 9.9919E-05 9.9919E-05 0.0503775 0.0961285 9.9919E-05 9.9919E-05 0.0951482 9.9919E-05 9.9919E-05 9.9919E-05 0.0409172 0.0241222 9.9919E-05 0.432964 0.129357 0.0805192 0.0235713
0.098725 0.0178638 0.0185089 9.9937E-05 0.0312299 0.0232853 9.9937E-05 0.0915141 9.9937E-05 0.198158 9.9937E-05 9.9937E-05 0.0175785 0.0955098 9.9937E-05 0.352473 0.049903 0.0045517 9.9937E-05
0.227 0.00662793 9.9928E-05 0.00301888 0.0321909 0.137902 9.9928E-05 0.0374853 9.9928E-05 9.9928E-05 0.0307417 9.9928E-05 0.0156205 0.0105076 9.9928E-05 0.472132 9.9928E-05 0.0259742 9.9928E-05
9.9901E-05 0.266674 9.9901E-05 9.9901E-05 9.9901E-05 0.129251 9.9901E-05 0.0419627 9.9901E-05 9.9901E-05 9.9901E-05 0.0118352 0.0231982 0.206416 0.0990735 0.22049 9.9901E-05 9.9901E-05 9.9901E-05
0.0461255 0.227746 0.0180718 9.99189E-05 0.0580489 0.0972789 0.0110432 0.0736127 9.99189E-05 0.0853898 9.99189E-05 9.99189E-05 9.99189E-05 9.99189E-05 9.99189E-05 0.346826 0.0349572 9.99189E-05 9.99189E-05
9.9928E-05 0.077046 0.0107491 0.0773245 9.9928E-05 0.0499019 9.9928E-05 0.00114505 9.9928E-05 9.9928E-05 0.0783109 0.0487013 0.000349805 0.0289234 9.9928E-05 0.622553 9.9928E-05 9.9928E-05 0.00419581
9.9937E-05 0.129704 0.078024 9.9937E-05 0.0652412 0.140306 9.9937E-05 0.0211146 0.127695 0.0654097 9.9937E-05 9.9937E-05 0.0639476 0.0542515 0.00121731 0.243041 9.9937E-05 9.9937E-05 0.00934851
9.98379E-05 0.998203 9.98379E-05 9.98379E-05 9.98379E-05 9.98379E-05 9.98379E-05 9.98379E-05 9.98379E-05 9.98379E-05 9.98379E-05 9.98379E-05 9.98379E-05 9.98379E-05 9.98379E-05 9.98379E-05 9.98379E-05 9.98379E-05 9.98379E-05
9.98378E-05 9.98378E-05 0.998203 9.98378E-05 9.98378E-05 9.98378E-05 9.98378E-05 9.98378E-05 9.98378E-05 9.98378E-05 9.98378E-05 9.98378E-05 9.98378E-05 9.98378E-05 9.98378E-05 9.98378E-05 9.98378E-05 9.98378E-05 9.98378E-05
9.9946E-05 0.0753129 0.0251407 9.9946E-05 0.0536064 0.0419239 0.0133035 0.0342913 0.106051 9.9946E-05 9.9946E-05 9.9946E-05 0.00941325 0.0666402 0.130168 0.406912 9.9946E-05 0.0158396 0.0207976
0.215405 0.15207 0.000642962 9.9883E-05 9.9883E-05 0.0150015 9.9883E-05 9.9883E-05 9.9883E-05 9.9883E-05 9.9883E-05 9.9883E-05 0.0517142 9.9883E-05 9.9883E-05 0.563868 9.9883E-05 9.9883E-05 9.9883E-05
9.9919E-05 0.297017 0.0218458 9.9919E-05 9.9919E-05 0.0626701 0.0324445 9.9919E-05 0.000458483 9.9919E-05 9.9919E-05 9.9919E-05 0.0123553 0.0715902 9.9919E-05 0.31641 0.181936 0.00237286 9.9919E-05
9.98469E-05 0.968613 9.98469E-05 9.98469E-05 9.98469E-05 9.98469E-05 9.98469E-05 9.98469E-05 9.98469E-05 9.98469E-05 0.0296894 9.98469E-05 9.98469E-05 9.98469E-05 9.98469E-05 9.98469E-05 9.98469E-05 9.98469E-05 9.98469E-05
9.99099E-05 0.218531 9.99099E-05 0.00374676 0.0209584 9.99099E-05 9.99099E-05 0.052018 0.00824632 9.99099E-05 0.0829585 9.99099E-05 9.99099E-05 0.213457 0.00101807 0.398067 9.99099E-05 9.99099E-05 9.99099E-05
0.122216 0.212081 9.99099E-05 9.99099E-05 0.00263368 0.108786 9.99099E-05 0.0172402 9.99099E-05 0.115523 9.99099E-05 0.0278811 9.99099E-05 0.00226873 9.99099E-05 0.390372 9.99099E-05 9.99099E-05 9.99099E-05
9.98303E-05 9.98303E-05 9.98303E-05 9.98303E-05 9.98303E-05 9.98303E-05 9.98303E-05 0.998203 9.98303E-05 9.98303E-05 9.98303E-05 9.98303E-05 9.98303E-05 9.98303E-05 9.98303E-05 9.98303E-05 9.98303E-05 9.98303E-05 9.98303E-05
9.98378E-05 9.98378E-05 0.998203 9.98378E-05 9.98378E-05 9.98378E-05 9.98378E-05 9.98378E-05 9.98378E-05 9.98378E-05 9.98378E-05 9.98378E-05 9.98378E-05 9.98378E-05 9.98378E-05 9.98378E-05 9.98378E-05 9.98378E-05 9.98378E-05
9.98379E-05 9.98379E-05 9.98379E-05 9.98379E-05 9.98379E-05 9.98379E-05 9.98379E-05 0.998203 9.98379E-05 9.98379E-05 9.98379E-05 9.98379E-05 9.98379E-05 9.98379E-05 9.98379E-05 9.98379E-05 9.98379E-05 9.98379E-05 9.98379E-05
9.9874E-05 9.9874E-05 9.9874E-05 9.9874E-05 0.0436167 9.9874E-05 9.9874E-05 9.9874E-05 9.9874E-05 0.0157755 9.9874E-05 9.9874E-05 0.0160471 9.9874E-05 0.157843 0.765319 9.9874E-05 9.9874E-05 9.9874E-05
9.9919E-05 0.109169 0.0212201 9.9919E-05 0.0229338 9.9919E-05 9.9919E-05 0.0467597 0.138836 9.9919E-05 9.9919E-05 9.9919E-05 0.0388019 9.9919E-05 0.000503774 0.474115 0.106104 9.9919E-05 0.0406561
9.9919E-05 9.9919E-05 0.0332694 9.9919E-05 0.0194786 9.9919E-05 0.0455097 0.0087671 0.0370607 9.9919E-05 9.9919E-05 0.0269132 9.9919E-05 0.0104345 0.136461 0.658708 9.9919E-05 0.0224985 9.9919E-05
9.991E-05 0.314168 9.991E-05 9.991E-05 0.0196893 0.00245828 0.0552835 0.0654299 9.991E-05 9.991E-05 9.991E-05 9.991E-05 0.000845109 9.991E-05 0.107379 0.401502 9.991E-05 9.991E-05 0.0322454
9.9919E-05 0.245921 0.0177902 9.9919E-05 0.0296687 0.438668 0.057009 9.9919E-05 9.9919E-05 9.9919E-05 9.9919E-05 9.9919E-05 0.0537871 0.0497512 0.0610962 0.022442 9.9919E-05 9.9919E-05 0.0229669
9.9865E-05 9.9865E-05 0.116297 9.9865E-05 9.9865E-05 9.9865E-05 9.9865E-05 9.9865E-05 9.9865E-05 9.9865E-05 0.0442636 9.9865E-05 9.9865E-05 9.9865E-05 9.9865E-05 0.81622 0.021721 9.9865E-05 9.9865E-05
0.0623645 0.0552157 0.0255405 9.99369E-05 0.0033318 0.0280538 0.000226669 0.0143101 9.99369E-05 0.0667915 9.99369E-05 9.99369E-05 9.99369E-05 9.99369E-05 0.129907 0.553001 0.0286517 0.0319066 9.99369E-05
0.00713448 9.9883E-05 9.9883E-05 9.9883E-05 0.0519902 9.9883E-05 9.9883E-05 9.9883E-05 9.9883E-05 0.0881326 9.9883E-05 9.9883E-05 9.9883E-05 0.72311 9.9883E-05 0.124157 9.9883E-05 9.9883E-05 0.00417723
9.9883E-05 9.9883E-05 9.9883E-05 9.9883E-05 0.00460618 0.0420153 9.9883E-05 0.0174104 9.9883E-05 9.9883E-05 9.9883E-05 9.9883E-05 0.0100815 0.880312 9.9883E-05 9.9883E-05 0.0442759 9.9883E-05 9.9883E-05
9.9883E-05 9.9883E-05 0.0130354 9.9883E-05 9.9883E-05 0.0499464 9.9883E-05 0.0237763 9.9883E-05 9.9883E-05 9.9883E-05 9.9883E-05 9.9883E-05 0.833221 9.9883E-05 9.9883E-05 0.0353096 9.9883E-05 0.0434134
9.98651E-05 9.98651E-05 9.98651E-05 9.98651E-05 9.98651E-05 9.98651E-05 9.98651E-05 9.98651E-05 9.98651E-05 0.0480955 9.98651E-05 9.98651E-05 9.98651E-05 0.771103 9.98651E-05 0.170641 0.00866255 9.98651E-05 9.98651E-05
0.120676 0.106619 0.0048716 0.00562535 9.991E-05 9.991E-05 0.0345827 0.0284723 9.991E-05 9.991E-05 9.991E-05 0.0348681 9.991E-05 0.663064 9.991E-05 9.991E-05 9.991E-05 9.991E-05 0.00022262
0.0109618 0.00159486 9.9901E-05 9.9901E-05 0.00921803 9.9901E-05 0.0539824 9.9901E-05 0.0297893 9.9901E-05 0.0175874 0.0346028 9.9901E-05 0.841165 9.9901E-05 9.9901E-05 9.9901E-05 9.9901E-05 9.9901E-05
9.9883E-05 9.9883E-05 9.9883E-05 0.00895332 9.9883E-05 9.9883E-05 0.00302913 9.9883E-05 9.9883E-05 9.9883E-05 0.032745 9.9883E-05 9.9883E-05 0.931563 0.00917489 9.9883E-05 9.9883E-05 0.0132363 9.9883E-05
9.9883E-05 9.9883E-05 0.00932833 9.9883E-05 9.9883E-05 0.00850614 9.9883E-05 9.9883E-05 9.9883E-05 9.9883E-05 9.9883E-05 0.0305422 9.9883E-05 0.861726 9.9883E-05 0.0457528 9.9883E-05 0.042846 9.9883E-05
0.168761 9.9883E-05 0.00184923 9.9883E-05 9.9883E-05 9.9883E-05 9.9883E-05 0.00768075 9.9883E-05 0.0735203 9.9883E-05 9.9883E-05 9.9883E-05 0.738072 9.9883E-05 9.9883E-05 9.9883E-05 9.9883E-05 0.00881834
9.9901E-05 9.9901E-05 9.9901E-05 0.0704127 9.9901E-05 0.0480989 9.9901E-05 9.9901E-05 9.9901E-05 9.9901E-05 0.0737356 9.9901E-05 0.00863746 0.606034 0.00985952 0.162488 9.9901E-05 9.9901E-05 0.019635
9.991E-05 0.0635533 9.991E-05 9.991E-05 0.0171878 0.0339712 9.991E-05 0.0178628 0.0133226 9.991E-05 9.991E-05 0.0762968 9.991E-05 0.727908 0.01487 9.991E-05 0.034029 9.991E-05 9.991E-05
0.0156011 0.000696572 0.0145932 0.767499 9.9928E-05 9.9928E-05 0.032169 0.00829078 9.9928E-05 0.0299796 0.00889364 0.0487893 9.9928E-05 0.0696196 0.00306885 9.9928E-05 9.9928E-05 9.9928E-05 9.9928E-05
9.98559E-05 9.98559E-05 0.00647243 9.98559E-05 9.98559E-05 9.98559E-05 9.98559E-05 9.98559E-05 9.98559E-05 0.98253 9.98559E-05 9.98559E-05 9.98559E-05 9.98559E-05 9.98559E-05 9.98559E-05 9.98559E-05 9.98559E-05 0.0093994
9.991E-05 0.114363 9.991E-05 0.571933 0.0122495 9.991E-05 0.111945 9.991E-05 9.991E-05 0.0795562 0.095489 0.00838498 9.991E-05 9.991E-05 9.991E-05 9.991E-05 9.991E-05 0.00483433 0.000245637
9.98831E-05 9.98831E-05 9.98831E-05 0.793293 9.98831E-05 9.98831E-05 9.98831E-05 0.0049434 9.98831E-05 9.98831E-05 9.98831E-05 9.98831E-05 9.98831E-05 9.98831E-05 0.172891 9.98831E-05 0.0181192 0.00699094 0.00246418
9.9883E-05 9.9883E-05 9.9883E-05 0.21676 9.9883E-05 9.9883E-05 0.584591 9.9883E-05 9.9883E-05 9.9883E-05 9.9883E-05 9.9883E-05 0.0297554 9.9883E-05 0.101153 0.0620093 9.9883E-05 9.9883E-05 0.00443295
0.0331998 9.991E-05 9.991E-05 0.56788 0.00229594 9.991E-05 0.0323384 0.00117783 9.991E-05 0.228333 9.991E-05 9.991E-05 9.991E-05 0.0462156 9.991E-05 0.0607295 9.991E-05 9.991E-05 0.0268312
0.0827574 9.9892E-05 0.0485902 0.492435 9.9892E-05 9.9892E-05 9.9892E-05 9.9892E-05 0.0436508 0.298224 9.9892E-05 0.0235184 9.9892E-05 0.00962492 9.9892E-05 9.9892E-05 9.9892E-05 9.9892E-05 9.9892E-05
9.98379E-05 9.98379E-05 9.98379E-05 9.98379E-05 9.98379E-05 9.98379E-05 0.998203 9.98379E-05 9.98379E-05 9.98379E-05 9.98379E-05 9.98379E-05 9.98379E-05 9.98379E-05 9.98379E-05 9.98379E-05 9.98379E-05 9.98379E-05 9.98379E-05
9.99369E-05 9.99369E-05 0.00765222 0.208932 9.99369E-05 0.0118467 0.104549 0.0620839 0.037553 0.233952 9.99369E-05 9.99369E-05 9.99369E-05 9.99369E-05 0.0589079 0.105286 0.158399 0.00835683 0.00178211
9.9838E-05 9.9838E-05 9.9838E-05 9.9838E-05 9.9838E-05 9.9838E-05 9.9838E-05 9.9838E-05 9.9838E-05 0.998203 9.9838E-05 9.9838E-05 9.9838E-05 9.9838E-05 9.9838E-05 9.9838E-05 9.9838E-05 9.9838E-05 9.9838E-05
9.98559E-05 9.98559E-05 9.98559E-05 9.98559E-05 0.0111209 9.98559E-05 0.981616 9.98559E-05 9.98559E-05 9.98559E-05 9.98559E-05 9.98559E-05 0.00566565 9.98559E-05 9.98559E-05 9.98559E-05 9.98559E-05 9.98559E-05 9.98559E-05
9.9838E-05 9.9838E-05 9.9838E-05 9.9838E-05 9.9838E-05 9.9838E-05 9.9838E-05 9.9838E-05 9.9838E-05 0.998203 9.9838E-05 9.9838E-05 9.9838E-05 9.9838E-05 9.9838E-05 9.9838E-05 9.9838E-05 9.9838E-05 9.9838E-05
9.9883E-05 9.9883E-05 9.9883E-05 9.9883E-05 9.9883E-05 9.9883E-05 0.411019 0.0158901 9.9883E-05 0.230674 9.9883E-05 9.9883E-05 9.9883E-05 0.0437067 0.0323978 9.9883E-05 0.265014 9.9883E-05 9.9883E-05
9.9901E-05 0.0255954 9.9901E-05 0.142564 9.9901E-05 9.9901E-05 0.219394 0.0178686 0.135488 0.169136 0.141923 9.9901E-05 9.9901E-05 9.9901E-05 9.9901E-05 0.146931 9.9901E-05 9.9901E-05 9.9901E-05
9.9865E-05 9.9865E-05 0.00170539 9.9865E-05 0.0225358 9.9865E-05 9.9865E-05 0.0187351 0.955526 9.9865E-05 9.9865E-05 9.9865E-05 9.9865E-05 9.9865E-05 9.9865E-05 9.9865E-05 9.9865E-05 9.9865E-05 9.9865E-05
9.9856E-05 9.9856E-05 9.9856E-05 9.9856E-05 0.00480841 9.9856E-05 9.9856E-05 9.9856E-05 0.985888 9.9856E-05 9.9856E-05 9.9856E-05 0.00770632 9.9856E-05 9.9856E-05 9.9856E-05 9.9856E-05 9.9856E-05 9.9856E-05
9.9847E-05 9.9847E-05 9.9847E-05 9.9847E-05 9.9847E-05 9.9847E-05 9.9847E-05 9.9847E-05 0.971047 9.9847E-05 0.027256 9.9847E-05 9.9847E-05 9.9847E-05 9.9847E-05 9.9847E-05 9.9847E-05 9.9847E-05 9.9847E-05
9.9883E-05 0.0389248 9.9883E-05 9.9883E-05 0.00245848 9.9883E-05 0.177812 0.0137793 0.363276 0.402452 9.9883E-05 9.9883E-05 9.9883E-05 9.9883E-05 9.9883E-05 9.9883E-05 9.9883E-05 9.9883E-05 9.9883E-05
9.9847E-05 9.9847E-05 9.9847E-05 9.9847E-05 9.9847E-05 9.9847E-05 0.983275 9.9847E-05 0.0150273 9.9847E-05 9.9847E-05 9.9847E-05 9.9847E-05 9.9847E-05 9.9847E-05 9.9847E-05 9.9847E-05 9.9847E-05 9.9847E-05
9.98559E-05 9.98559E-05 9.98559E-05 9.98559E-05 9.98559E-05 9.98559E-05 0.0408337 9.98559E-05 0.946872 9.98559E-05 9.98559E-05 9.98559E-05 9.98559E-05 9.98559E-05 9.98559E-05 9.98559E-05 9.98559E-05 9.98559E-05 0.0106962
9.9892E-05 9.9892E-05 0.013344 9.9892E-05 9.9892E-05 9.9892E-05 9.9892E-05 0.000176191 0.120506 0.728616 9.9892E-05 0.00891555 0.0237014 9.9892E-05 9.9892E-05 0.103542 9.9892E-05 9.9892E-05 9.9892E-05
0.084411 9.9922E-05 0.0259938 0.514113 9.9922E-05 0.0744203 0.0411707 0.007799 0.226898 9.9922E-05 9.9922E-05 9.9922E-05 9.9922E-05 0.0170955 0.00328301 9.9922E-05 9.9922E-05 9.9922E-05 0.00391664
0.0630846 9.9892E-05 9.9892E-05 0.151484 9.9892E-05 9.9892E-05 0.0107397 0.00856664 0.663267 9.9892E-05 9.9892E-05 9.9892E-05 9.9892E-05 0.03215 9.9892E-05 0.0695096 9.9892E-05 9.9892E-05 9.9892E-05
9.9856E-05 0.0387325 9.9856E-05 0.258087 9.9856E-05 9.9856E-05 9.9856E-05 9.9856E-05 0.701582 9.9856E-05 9.9856E-05 9.9856E-05 9.9856E-05 9.9856E-05 9.9856E-05 9.9856E-05 9.9856E-05 9.9856E-05 9.9856E-05
9.9919E-05 9.9919E-05 0.0271063 0.597395 0.0184116 9.9919E-05 0.041785 9.9919E-05 0.0451012 9.9919E-05 9.9919E-05 0.0489784 0.0142295 9.9919E-05 9.9919E-05 0.00115714 0.196158 0.00877857 9.9919E-05
0.000162433 9.98829E-05 9.98829E-05 0.750029 9.98829E-05 9.98829E-05 9.98829E-05 9.98829E-05 9.98829E-05 9.98829E-05 9.98829E-05 0.0312998 9.98829E-05 9.98829E-05 9.98829E-05 0.169518 0.0467703 9.98829E-05 0.000922549
0.0273265 9.99099E-05 9.99099E-05 0.600022 9.99099E-05 9.99099E-05 0.135573 0.0204461 9.99099E-05 9.99099E-05 0.0558516 9.99099E-05 0.0196384 9.99099E-05 9.99099E-05 9.99099E-05 0.117263 0.00473074 0.0181499
9.9883E-05 9.9883E-05 9.9883E-05 0.65909 0.0176134 9.9883E-05 9.9883E-05 9.9883E-05 0.00380122 9.9883E-05 9.9883E-05 9.9883E-05 0.0174726 9.9883E-05 9.9883E-05 0.0205807 0.280144 9.9883E-05 9.9883E-05
0.0103211 9.99189E-05 9.99189E-05 0.107501 0.0141324 0.020938 9.99189E-05 9.99189E-05 0.111244 0.63776 9.99189E-05 9.99189E-05 9.99189E-05 9.99189E-05 0.00644855 0.0329329 9.99189E-05 0.0444963 0.0133271
9.98741E-05 9.98741E-05 0.0162358 0.883959 0.0292548 9.98741E-05 9.98741E-05 9.98741E-05 9.98741E-05 9.98741E-05 9.98741E-05 9.98741E-05 0.0142548 9.98741E-05 0.0548969 9.98741E-05 9.98741E-05 9.98741E-05 9.98741E-05
9.9874E-05 9.9874E-05 0.017505 0.67814 0.0289162 9.9874E-05 9.9874E-05 9.9874E-05 9.9874E-05 0.14211 0.131931 9.9874E-05 9.9874E-05 9.9874E-05 9.9874E-05 9.9874E-05 9.9874E-05 9.9874E-05 9.9874E-05
9.9892E-05 9.9892E-05 9.9892E-05 0.59893 0.00821356 9.9892E-05 9.9892E-05 9.9892E-05 0.136663 9.9892E-05 9.9892E-05 9.9892E-05 9.9892E-05 0.0456553 0.163096 9.9892E-05 9.9892E-05 0.0419185 0.00432579
9.9901E-05 9.9901E-05 9.9901E-05 0.373952 9.9901E-05 0.0243224 0.00118873 9.9901E-05 0.262608 0.0858327 0.184189 0.0550326 9.9901E-05 9.9901E-05 9.9901E-05 9.9901E-05 9.9901E-05 9.9901E-05 0.0117765
9.991E-05 9.991E-05 0.0245491 0.754522 0.0151756 0.0296194 0.00563624 0.0187308 0.106083 9.991E-05 0.0392907 0.00539416 9.991E-05 9.991E-05 9.991E-05 9.991E-05 9.991E-05 9.991E-05 9.991E-05
9.9856E-05 9.9856E-05 9.9856E-05 0.928825 9.9856E-05 9.9856E-05 9.9856E-05 9.9856E-05 9.9856E-05 9.9856E-05 9.9856E-05 9.9856E-05 9.9856E-05 9.9856E-05 9.9856E-05 0.0572228 9.9856E-05 9.9856E-05 0.0123546
9.98381E-05 9.98381E-05 9.98381E-05 9.98381E-05 9.98381E-05 9.98381E-05 9.98381E-05 9.98381E-05 9.98381E-05 9.98381E-05 9.98381E-05 9.98381E-05 9.98381E-05 9.98381E-05 9.98381E-05 9.98381E-05 0.998203 9.98381E-05 9.98381E-05
9.9856E-05 9.9856E-05 0.0143708 9.9856E-05 9.9856E-05 9.9856E-05 9.9856E-05 9.9856E-05 9.9856E-05 9.9856E-05 0.0677143 9.9856E-05 9.9856E-05 9.9856E-05 9.9856E-05 9.9856E-05 0.916317 9.9856E-05 9.9856E-05
9.9838E-05 9.9838E-05 9.9838E-05 9.9838E-05 9.9838E-05 9.9838E-05 9.9838E-05 9.9838E-05 9.9838E-05 9.9838E-05 9.9838E-05 9.9838E-05 9.9838E-05 9.9838E-05 9.9838E-05 9.9838E-05 0.998203 9.9838E-05 9.9838E-05
9.9856E-05 0.0342602 0.00370133 9.9856E-05 9.9856E-05 9.9856E-05 9.9856E-05 9.9856E-05 9.9856E-05 9.9856E-05 9.9856E-05 9.9856E-05 9.9856E-05 9.9856E-05 9.9856E-05 9.9856E-05 0.960441 9.9856E-05 9.9856E-05
0.772706 9.9856E-05 9.9856E-05 9.9856E-05 9.9856E-05 9.9856E-05 9.9856E-05 9.9856E-05 9.9856E-05 9.9856E-05 9.9856E-05 9.9856E-05 9.9856E-05 9.9856E-05 9.9856E-05 9.9856E-05 0.207619 0.0180773 9.9856E-05
0.112255 9.9865E-05 9.9865E-05 9.9865E-05 9.9865E-05 9.9865E-05 0.0437774 9.9865E-05 9.9865E-05 9.9865E-05 0.806819 0.0356507 9.9865E-05 9.9865E-05 9.9865E-05 9.9865E-05 9.9865E-05 9.9865E-05 9.9865E-05
0.736991 9.9847E-05 9.9847E-05 9.9847E-05 9.9847E-05 9.9847E-05 9.9847E-05 9.9847E-05 9.9847E-05 9.9847E-05 9.9847E-05 9.9847E-05 9.9847E-05 9.9847E-05 9.9847E-05 9.9847E-05 0.261312 9.9847E-05 9.9847E-05
0.591657 9.9865E-05 9.9865E-05 9.9865E-05 9.9865E-05 9.9865E-05 9.9865E-05 9.9865E-05 9.9865E-05 9.9865E-05 9.9865E-05 0.0877354 9.9865E-05 9.9865E-05 9.9865E-05 9.9865E-05 0.299861 0.0192488 9.9865E-05
