9.99731E-05 0.613731 9.99731E-05 9.99731E-05 0.228647 0.157322
0.0778522 0.901451 9.9973E-05 9.9973E-05 9.9973E-05 0.0203966
0.0366705 0.40814 9.9982E-05 9.9982E-05 0.531355 0.0236346
9.999E-05 0.564449 0.0114576 0.29341 0.126445 0.0041385
9.9973E-05 9.9973E-05 0.880722 9.9973E-05 0.0582033 0.0607747
9.99641E-05 9.99641E-05 9.99641E-05 0.879633 0.119967 9.99641E-05
0.149629 9.9973E-05 0.286269 9.9973E-05 0.563802 9.9973E-05
9.99641E-05 0.914649 9.99641E-05 9.99641E-05 0.0849513 9.99641E-05
0.326858 9.9973E-05 9.9973E-05 0.46701 9.9973E-05 0.205833
9.996E-05 9.996E-05 0.9995 9.996E-05 9.996E-05 9.996E-05
9.99641E-05 9.99641E-05 0.793311 9.99641E-05 0.206289 9.99641E-05
0.0056179 0.85034 9.9973E-05 0.143743 9.9973E-05 9.9973E-05
0.190722 9.9991E-05 0.431561 0.0661002 0.230743 0.0807743
9.9991E-05 0.0709595 0.0308442 0.00495696 0.885727 0.00741222
9.9964E-05 9.9964E-05 0.840449 9.9964E-05 9.9964E-05 0.159151
0.9995 9.996E-05 9.996E-05 9.996E-05 9.996E-05 9.996E-05
9.99731E-05 0.82906 9.99731E-05 0.142132 0.0285075 9.99731E-05
0.710954 9.9973E-05 0.247045 0.0417008 9.9973E-05 9.9973E-05
9.996E-05 9.996E-05 9.996E-05 0.9995 9.996E-05 9.996E-05
9.996E-05 9.996E-05 9.996E-05 9.996E-05 9.996E-05 0.9995
0.0487798 0.0274918 9.9982E-05 0.010188 9.9982E-05 0.91334
0.468193 0.116844 9.99731E-05 0.414663 9.99731E-05 9.99731E-05
0.856931 9.9973E-05 0.0223077 9.9973E-05 9.9973E-05 0.120461
9.998E-05 0.427203 9.998E-05 0.0667711 0.265074 0.240752
9.9973E-05 9.9973E-05 9.9973E-05 0.0470371 0.948248 0.00441492
0.190922 9.9973E-05 0.585335 9.9973E-05 9.9973E-05 0.223443
9.997E-05 0.672404 9.997E-05 0.0507057 0.27659 9.997E-05
9.99731E-05 9.99731E-05 0.317473 0.594732 9.99731E-05 0.0874945
0.0820583 0.917542 9.996E-05 9.996E-05 9.996E-05 9.996E-05
9.99642E-05 0.26495 9.99642E-05 0.73465 9.99642E-05 9.99642E-05
0.0214332 9.99731E-05 0.0306519 9.99731E-05 0.947615 9.99731E-05
9.996E-05 9.996E-05 9.996E-05 9.996E-05 0.9995 9.996E-05
9.9964E-05 9.9964E-05 0.727681 9.9964E-05 0.271919 9.9964E-05
0.108371 9.9973E-05 9.9973E-05 0.800373 0.090956 9.9973E-05
9.9982E-05 0.838484 0.014127 0.143706 0.00348338 9.9982E-05
0.688743 9.9964E-05 9.9964E-05 9.9964E-05 9.9964E-05 0.310857
9.997E-05 0.0142435 9.997E-05 0.755353 9.997E-05 0.230104
0.116668 9.9973E-05 9.9973E-05 0.841279 0.0417532 9.9973E-05
9.99821E-05 0.0623917 0.537325 0.0988124 0.30127 9.99821E-05
9.998E-05 0.0576234 0.0981654 0.810387 9.998E-05 0.0336244
9.996E-05 0.132763 9.996E-05 0.866837 9.996E-05 9.996E-05
9.99641E-05 0.770752 9.99641E-05 0.228848 9.99641E-05 9.99641E-05
9.99641E-05 9.99641E-05 0.00474791 9.99641E-05 9.99641E-05 0.994852
9.996E-05 9.996E-05 9.996E-05 9.996E-05 0.9995 9.996E-05
0.00607761 9.99731E-05 0.570043 9.99731E-05 9.99731E-05 0.423579
0.0298163 0.969784 9.99641E-05 9.99641E-05 9.99641E-05 9.99641E-05
0.17725 9.9973E-05 9.9973E-05 0.183889 9.9973E-05 0.638561
0.201342 9.99641E-05 9.99641E-05 0.798258 9.99641E-05 9.99641E-05
9.997E-05 0.0407803 0.494724 9.997E-05 9.997E-05 0.464196
0.00248833 9.9991E-05 0.00270169 0.213412 0.0077128 0.773585
