9.98739E-05 9.98739E-05 9.98739E-05 9.98739E-05 9.98739E-05 9.98739E-05 9.98739E-05 9.98739E-05 9.98739E-05 0.998602 9.98739E-05 9.98739E-05 9.98739E-05 9.98739E-05 9.98739E-05
0.682859 9.9919E-05 9.9919E-05 9.9919E-05 0.00421809 9.9919E-05 9.9919E-05 9.9919E-05 9.9919E-05 0.0265746 0.0193887 9.9919E-05 0.19714 0.0689205 9.9919E-05
0.71993 9.9937E-05 9.9937E-05 9.9937E-05 9.9937E-05 9.9937E-05 0.0203171 0.00644394 9.9937E-05 0.0685384 9.9937E-05 0.00409881 0.0010064 0.11292 0.0660467
0.794379 9.9919E-05 9.9919E-05 9.9919E-05 9.9919E-05 9.9919E-05 9.9919E-05 9.9919E-05 9.9919E-05 9.9919E-05 0.0089451 0.0939243 0.0329152 0.0318692 0.0370679
0.769373 0.120349 9.9937E-05 9.9937E-05 0.00620631 0.00652539 9.9937E-05 0.00276044 9.9937E-05 0.00909364 9.9937E-05 9.9937E-05 0.0554373 0.0295551 9.9937E-05
0.865356 9.991E-05 9.991E-05 9.991E-05 9.991E-05 0.0046643 9.991E-05 0.0207341 0.0491938 9.991E-05 9.991E-05 0.0590531 9.991E-05 9.991E-05 9.991E-05
9.98739E-05 9.98739E-05 9.98739E-05 9.98739E-05 9.98739E-05 9.98739E-05 9.98739E-05 9.98739E-05 9.98739E-05 0.998602 9.98739E-05 9.98739E-05 9.98739E-05 9.98739E-05 9.98739E-05
0.721394 9.9937E-05 0.0364282 9.9937E-05 9.9937E-05 0.0241512 0.0051398 0.0190418 0.0103328 0.0597608 9.9937E-05 0.123052 9.9937E-05 9.9937E-05 9.9937E-05
0.757789 9.99249E-05 0.0191085 9.99249E-05 9.99249E-05 9.99249E-05 9.99249E-05 0.0102138 9.99249E-05 0.0217062 9.99249E-05 0.162314 9.99249E-05 0.0279696 9.99249E-05
0.785807 0.012068 9.9946E-05 9.9946E-05 9.9946E-05 0.0128732 0.0150958 0.00201107 0.0916918 0.0235011 9.9946E-05 9.9946E-05 9.9946E-05 0.0143587 0.0419939
0.723132 9.9928E-05 9.9928E-05 9.9928E-05 9.9928E-05 9.9928E-05 0.0104254 0.00544834 0.021137 9.9928E-05 9.9928E-05 9.9928E-05 0.0408675 0.175648 0.0225422
0.724313 9.9946E-05 9.9946E-05 9.9946E-05 9.9946E-05 0.00157124 9.9946E-05 0.0212362 0.00717547 0.0384926 0.0116428 9.9946E-05 0.0907742 0.0463587 0.0578363
0.762178 9.9937E-05 9.9937E-05 0.0829189 9.9937E-05 9.9937E-05 0.00131888 0.00328613 9.9937E-05 0.0244742 0.0459134 0.0347628 9.9937E-05 9.9937E-05 0.0444477
0.670412 9.9937E-05 9.9937E-05 0.0272072 9.9937E-05 9.9937E-05 0.0227499 9.9937E-05 9.9937E-05 0.00632165 9.9937E-05 0.0804021 0.0767211 0.0833747 0.0321116
0.793141 9.9928E-05 0.0461798 9.9928E-05 0.00933732 9.9928E-05 9.9928E-05 9.9928E-05 0.00641443 0.00835447 9.9928E-05 9.9928E-05 0.0454953 9.9928E-05 0.090278
0.877406 9.98831E-05 9.98831E-05 9.98831E-05 9.98831E-05 9.98831E-05 9.98831E-05 9.98831E-05 9.98831E-05 9.98831E-05 9.98831E-05 9.98831E-05 0.121296 9.98831E-05 9.98831E-05
0.922483 9.991E-05 9.991E-05 9.991E-05 0.0108071 0.026623 9.991E-05 0.0142744 9.991E-05 0.0248138 9.991E-05 9.991E-05 9.991E-05 9.991E-05 9.991E-05
0.904869 0.0250581 9.991E-05 9.991E-05 0.0286247 9.991E-05 0.00188683 9.991E-05 9.991E-05 0.0385626 9.991E-05 9.991E-05 9.991E-05 9.991E-05 9.991E-05
0.853369 9.9919E-05 9.9919E-05 9.9919E-05 0.0390978 0.000986893 9.9919E-05 9.9919E-05 9.9919E-05 0.0499827 0.0187701 0.0368942 9.9919E-05 9.9919E-05 9.9919E-05
0.885415 9.9901E-05 9.9901E-05 9.9901E-05 9.9901E-05 0.0167586 9.9901E-05 0.00815328 9.9901E-05 9.9901E-05 9.9901E-05 9.9901E-05 9.9901E-05 0.0885742 9.9901E-05
9.9874E-05 9.9874E-05 9.9874E-05 9.9874E-05 9.9874E-05 9.9874E-05 0.998602 9.9874E-05 9.9874E-05 9.9874E-05 9.9874E-05 9.9874E-05 9.9874E-05 9.9874E-05 9.9874E-05
9.9919E-05 9.9919E-05 9.9919E-05 0.00099571 9.9919E-05 9.9919E-05 0.00873418 9.9919E-05 0.0810599 9.9919E-05 0.0100331 9.9919E-05 9.9919E-05 0.192385 0.705893
9.9937E-05 0.0187266 9.9937E-05 0.0190197 0.0767548 0.0280096 0.00588466 9.9937E-05 9.9937E-05 0.00620015 9.9937E-05 9.9937E-05 0.0967257 9.9937E-05 0.747979
9.9937E-05 0.0370083 9.9937E-05 0.0575714 0.00219966 0.00390798 0.00640933 0.0199979 9.9937E-05 9.9937E-05 9.9937E-05 9.9937E-05 9.9937E-05 0.0246265 0.847579
9.98921E-05 9.98921E-05 9.98921E-05 9.98921E-05 9.98921E-05 0.00769299 0.00760978 9.98921E-05 9.98921E-05 9.98921E-05 9.98921E-05 9.98921E-05 9.98921E-05 9.98921E-05 0.983499
9.9892E-05 9.9892E-05 9.9892E-05 9.9892E-05 9.9892E-05 9.9892E-05 9.9892E-05 0.0238476 9.9892E-05 0.0328092 9.9892E-05 9.9892E-05 9.9892E-05 9.9892E-05 0.942144
9.9928E-05 9.9928E-05 0.0598129 0.0413539 0.0171041 9.9928E-05 0.0304583 9.9928E-05 9.9928E-05 0.0186026 9.9928E-05 9.9928E-05 0.074949 9.9928E-05 0.75692
9.98919E-05 0.000397184 9.98919E-05 9.98919E-05 9.98919E-05 9.98919E-05 0.997265 9.98919E-05 0.00113917 9.98919E-05 9.98919E-05 9.98919E-05 9.98919E-05 9.98919E-05 9.98919E-05
0.00475348 9.9955E-05 0.0129466 9.9955E-05 0.000202671 0.0214813 0.0211824 0.00116432 9.9955E-05 9.9955E-05 9.9955E-05 0.0234706 0.0914483 0.0302009 0.79265
0.0122315 9.9937E-05 0.0221745 0.0642091 0.050119 0.00511528 9.9937E-05 9.9937E-05 0.075426 9.9937E-05 0.0465252 9.9937E-05 9.9937E-05 9.9937E-05 0.7235
9.9928E-05 9.9928E-05 0.0301511 9.9928E-05 9.9928E-05 9.9928E-05 0.0229385 0.0265914 0.0109333 9.9928E-05 9.9928E-05 9.9928E-05 0.119577 0.00779178 0.781218
9.9928E-05 9.9928E-05 9.9928E-05 0.0373444 0.0280419 9.9928E-05 0.0530051 0.0271286 9.9928E-05 0.0242951 9.9928E-05 0.142252 9.9928E-05 9.9928E-05 0.687134
0.00898875 9.9937E-05 9.9937E-05 0.0787812 9.9937E-05 9.9937E-05 0.0483111 9.9937E-05 0.0418271 0.037917 0.0402414 0.065183 9.9937E-05 9.9937E-05 0.678051
9.99201E-05 9.99201E-05 9.99201E-05 9.99201E-05 9.99201E-05 0.00160429 0.0396364 9.99201E-05 0.147942 9.99201E-05 0.129864 9.99201E-05 0.00292592 0.0708242 0.606403
0.00105335 9.9946E-05 0.115897 9.9946E-05 9.9946E-05 0.0342952 9.9946E-05 0.000271741 9.9946E-05 0.00631196 0.0324934 9.9946E-05 0.132632 0.0241594 0.652287
0.0223748 9.99189E-05 9.99189E-05 9.99189E-05 9.99189E-05 9.99189E-05 0.0191914 9.99189E-05 9.99189E-05 9.99189E-05 0.0196445 9.99189E-05 0.210097 0.37201 0.355783
0.0281865 0.0927663 0.044702 0.0117794 0.060839 0.0011689 0.00820044 9.9946E-05 9.9946E-05 9.9946E-05 0.049321 9.9946E-05 9.9946E-05 9.9946E-05 0.702437
9.991E-05 0.382716 9.991E-05 0.39341 0.169022 9.991E-05 0.00928688 9.991E-05 0.0445665 9.991E-05 9.991E-05 9.991E-05 9.991E-05 9.991E-05 9.991E-05
9.98738E-05 0.998602 9.98738E-05 9.98738E-05 9.98738E-05 9.98738E-05 9.98738E-05 9.98738E-05 9.98738E-05 9.98738E-05 9.98738E-05 9.98738E-05 9.98738E-05 9.98738E-05 9.98738E-05
0.01547 0.572072 9.9901E-05 0.357676 9.9901E-05 9.9901E-05 9.9901E-05 9.9901E-05 9.9901E-05 9.9901E-05 0.0536829 9.9901E-05 9.9901E-05 9.9901E-05 9.9901E-05
9.9919E-05 0.464832 9.9919E-05 0.39548 0.00469047 9.9919E-05 9.9919E-05 9.9919E-05 9.9919E-05 0.0603838 0.0135019 9.9919E-05 0.060213 9.9919E-05 9.9919E-05
9.9946E-05 0.110058 9.9946E-05 0.57973 0.0322589 0.028007 0.0157105 9.9946E-05 9.9946E-05 0.00121379 0.041143 9.9946E-05 0.135712 0.0555659 9.9946E-05
9.99009E-05 0.739151 9.99009E-05 0.251735 9.99009E-05 9.99009E-05 0.00452495 9.99009E-05 9.99009E-05 0.0034899 9.99009E-05 9.99009E-05 9.99009E-05 9.99009E-05 9.99009E-05
9.99369E-05 9.99369E-05 9.99369E-05 0.598535 0.0166964 9.99369E-05 0.00462949 9.99369E-05 0.0606711 0.0296449 0.0210269 0.140694 9.99369E-05 0.127402 9.99369E-05
9.99189E-05 0.479689 9.99189E-05 0.338531 9.99189E-05 9.99189E-05 0.00597683 9.99189E-05 9.99189E-05 9.99189E-05 0.0298096 0.136673 9.99189E-05 0.00842173 9.99189E-05
0.00763345 0.243602 9.9928E-05 0.472603 0.0853143 0.0218432 9.9928E-05 9.9928E-05 9.9928E-05 9.9928E-05 9.9928E-05 0.164259 9.9928E-05 9.9928E-05 0.00394649
9.9919E-05 0.134113 0.0955374 0.664897 9.9919E-05 0.032403 9.9919E-05 0.025946 9.9919E-05 9.9919E-05 9.9919E-05 0.0462044 9.9919E-05 9.9919E-05 9.9919E-05
9.9928E-05 9.9928E-05 0.0570406 0.770666 9.9928E-05 9.9928E-05 0.000807448 9.9928E-05 0.132901 0.0147639 0.0136109 9.9928E-05 9.9928E-05 0.00941082 9.9928E-05
9.9919E-05 0.00958701 9.9919E-05 0.777405 0.0274048 9.9919E-05 0.021224 0.0201543 9.9919E-05 9.9919E-05 9.9919E-05 0.143325 9.9919E-05 9.9919E-05 9.9919E-05
9.9928E-05 9.9928E-05 9.9928E-05 0.755479 0.0484012 9.9928E-05 0.00446116 0.000553185 0.136351 0.00133584 0.0526192 9.9928E-05 9.9928E-05 9.9928E-05 9.9928E-05
9.98919E-05 0.91871 9.98919E-05 0.0560451 9.98919E-05 9.98919E-05 9.98919E-05 9.98919E-05 9.98919E-05 0.0240465 9.98919E-05 9.98919E-05 9.98919E-05 9.98919E-05 9.98919E-05
9.994E-05 0.0867191 9.994E-05 0.708559 0.0393446 9.994E-05 0.00537197 0.00453431 9.994E-05 0.0269715 0.045496 0.0673516 0.0150524 9.994E-05 9.994E-05
9.99369E-05 9.99369E-05 0.025523 0.76274 0.0123948 0.0590916 9.99369E-05 9.99369E-05 0.0762184 0.0110164 0.0240775 0.0282387 9.99369E-05 9.99369E-05 9.99369E-05
0.0736705 9.99459E-05 0.0430277 0.740238 0.0428951 9.99459E-05 9.99459E-05 0.0281233 9.99459E-05 0.0193639 9.99459E-05 0.0296534 9.99459E-05 0.00157343 0.0208552
0.0316778 0.337292 9.9955E-05 0.493355 0.0122711 0.0205041 0.00702408 0.0184478 9.9955E-05 9.9955E-05 0.00769908 0.0434522 0.0277777 9.9955E-05 9.9955E-05
0.0299828 0.633601 9.9919E-05 0.243828 9.9919E-05 9.9919E-05 9.9919E-05 0.0054412 9.9919E-05 9.9919E-05 9.9919E-05 0.0492064 9.9919E-05 0.0370412 9.9919E-05
0.0564087 0.567282 9.991E-05 0.327728 9.991E-05 0.0294395 9.991E-05 9.991E-05 9.991E-05 9.991E-05 9.991E-05 9.991E-05 9.991E-05 9.991E-05 0.0181425
0.0237798 0.385723 0.141156 9.99369E-05 0.121059 9.99369E-05 0.00571005 9.99369E-05 9.99369E-05 9.99369E-05 0.0268361 9.99369E-05 9.99369E-05 0.274686 0.0203508
9.9874E-05 9.9874E-05 9.9874E-05 9.9874E-05 9.9874E-05 9.9874E-05 9.9874E-05 9.9874E-05 9.9874E-05 9.9874E-05 0.998602 9.9874E-05 9.9874E-05 9.9874E-05 9.9874E-05
9.9928E-05 0.201468 0.316496 9.9928E-05 0.0456318 0.0435787 9.9928E-05 9.9928E-05 9.9928E-05 0.0381056 9.9928E-05 9.9928E-05 0.0592784 0.294642 9.9928E-05
9.9937E-05 0.279428 0.374573 9.9937E-05 0.0216122 0.015711 9.9937E-05 0.0133317 9.9937E-05 0.0412973 0.0439234 9.9937E-05 9.9937E-05 0.209424 9.9937E-05
9.9937E-05 0.0634967 0.610872 9.9937E-05 0.0359409 9.9937E-05 9.9937E-05 0.0171604 0.0232289 9.9937E-05 0.0596664 0.0323404 9.9937E-05 0.156595 9.9937E-05
0.0209989 9.99369E-05 0.748395 0.0985099 9.99369E-05 0.0176619 0.000901097 0.0112451 0.100637 9.99369E-05 9.99369E-05 9.99369E-05 9.99369E-05 0.000952226 9.99369E-05
9.9883E-05 9.9883E-05 9.9883E-05 9.9883E-05 9.9883E-05 9.9883E-05 9.9883E-05 0.0609945 9.9883E-05 9.9883E-05 0.937707 9.9883E-05 9.9883E-05 9.9883E-05 9.9883E-05
9.98739E-05 9.98739E-05 9.98739E-05 9.98739E-05 9.98739E-05 9.98739E-05 9.98739E-05 9.98739E-05 9.98739E-05 9.98739E-05 0.998602 9.98739E-05 9.98739E-05 9.98739E-05 9.98739E-05
0.0639333 9.9964E-05 0.30861 0.0810441 9.9964E-05 0.0083022 0.00991929 0.0251383 9.9964E-05 0.026494 0.0707674 0.0215626 0.0306855 0.353144 9.9964E-05
0.025699 9.9964E-05 0.497979 0.0368383 0.130789 0.0341494 0.0167172 0.0257499 0.137485 0.00335039 0.0288145 9.9964E-05 9.9964E-05 9.9964E-05 0.0620292
0.00403761 9.9964E-05 0.548185 0.0162961 0.124983 0.0496936 0.00194308 0.0380011 0.115515 9.9964E-05 0.0818805 9.9964E-05 9.9964E-05 0.00207874 0.016987
9.9946E-05 0.158593 0.541464 9.9946E-05 0.0718701 0.0479813 0.0382161 0.00512935 9.9946E-05 9.9946E-05 0.0928478 9.9946E-05 0.00113193 9.9946E-05 0.0421669
0.0230601 9.9964E-05 0.404082 9.9964E-05 0.0602762 0.0336897 0.011732 0.0246344 9.9964E-05 0.0337142 0.199522 9.9964E-05 0.105081 0.0844023 0.0194063
9.9946E-05 0.0662438 0.662253 0.00689718 0.0569348 0.0205919 9.9946E-05 0.011861 9.9946E-05 0.0285922 0.0783004 0.0677256 9.9946E-05 9.9946E-05 9.9946E-05
9.9928E-05 0.280987 0.586416 9.9928E-05 9.9928E-05 0.0175717 0.00167712 0.0224658 9.9928E-05 0.0254242 0.0646591 9.9928E-05 9.9928E-05 9.9928E-05 9.9928E-05
9.9955E-05 0.0445024 0.535521 9.9955E-05 0.0453049 9.9955E-05 0.0125247 0.00801054 9.9955E-05 0.0140707 0.125167 0.0823135 9.9955E-05 0.0861648 0.0459212
9.9955E-05 9.9955E-05 0.405057 0.0314064 9.9955E-05 9.9955E-05 0.0105816 0.0299594 9.9955E-05 0.00466121 0.0137979 0.000711748 0.171043 0.282869 0.0494138
9.9937E-05 0.560004 0.145202 9.9937E-05 0.129239 0.0134401 0.0171696 0.0402751 9.9937E-05 9.9937E-05 0.0602688 9.9937E-05 9.9937E-05 9.9937E-05 0.0337018
0.071999 0.0576306 0.396685 0.160805 0.0904488 0.00750149 9.9955E-05 0.0203603 0.103347 9.9955E-05 0.0514353 9.9955E-05 9.9955E-05 0.0392882 9.9955E-05
0.0829658 9.9928E-05 0.339618 0.48793 0.0672021 9.9928E-05 9.9928E-05 0.00215385 9.9928E-05 9.9928E-05 0.0105652 9.9928E-05 9.9928E-05 0.00876533 9.9928E-05
9.9883E-05 9.9883E-05 9.9883E-05 9.9883E-05 9.9883E-05 9.9883E-05 9.9883E-05 0.0246573 9.9883E-05 9.9883E-05 0.974044 9.9883E-05 9.9883E-05 9.9883E-05 9.9883E-05
0.037361 9.9955E-05 0.377323 0.14325 9.9955E-05 0.0640296 0.0490482 0.0613913 9.9955E-05 9.9955E-05 0.0459188 0.116412 0.0143515 0.0904156 9.9955E-05
9.9946E-05 0.140682 0.354332 0.0654112 0.107554 0.00567494 9.9946E-05 0.0220598 9.9946E-05 9.9946E-05 0.175366 0.00942577 9.9946E-05 0.118895 9.9946E-05
9.98739E-05 9.98739E-05 9.98739E-05 9.98739E-05 0.998602 9.98739E-05 9.98739E-05 9.98739E-05 9.98739E-05 9.98739E-05 9.98739E-05 9.98739E-05 9.98739E-05 9.98739E-05 9.98739E-05
9.9946E-05 9.9946E-05 0.541587 9.9946E-05 0.0495203 0.0332867 9.9946E-05 0.0182268 0.105394 0.0458015 0.0538444 9.9946E-05 9.9946E-05 0.143652 0.00808738
0.0745223 0.0853737 0.525599 9.9946E-05 0.0720136 0.0260384 9.9946E-05 0.0113102 0.0415444 9.9946E-05 0.0601816 9.9946E-05 9.9946E-05 0.102817 9.9946E-05
0.0334176 0.692421 0.0168639 9.9937E-05 9.9937E-05 0.0505345 0.00845282 0.0238398 0.0587593 9.9937E-05 9.9937E-05 9.9937E-05 9.9937E-05 0.115011 9.9937E-05
9.9928E-05 0.0727859 9.9928E-05 0.0729743 9.9928E-05 9.9928E-05 9.9928E-05 0.0210071 0.646782 9.9928E-05 0.0808908 0.00520461 9.9928E-05 0.0995562 9.9928E-05
9.9964E-05 9.9964E-05 0.394876 0.150606 0.0470042 0.0132847 9.9964E-05 0.00874088 0.0523733 0.0375644 9.9964E-05 0.0767325 0.0936157 0.0496239 0.0751788
9.98739E-05 9.98739E-05 9.98739E-05 9.98739E-05 0.998602 9.98739E-05 9.98739E-05 9.98739E-05 9.98739E-05 9.98739E-05 9.98739E-05 9.98739E-05 9.98739E-05 9.98739E-05 9.98739E-05
9.98739E-05 9.98739E-05 9.98739E-05 9.98739E-05 0.998602 9.98739E-05 9.98739E-05 9.98739E-05 9.98739E-05 9.98739E-05 9.98739E-05 9.98739E-05 9.98739E-05 9.98739E-05 9.98739E-05
0.0105643 9.9946E-05 0.586824 0.0550123 0.111254 0.0332553 0.0124607 9.9946E-05 9.9946E-05 9.9946E-05 0.0328343 9.9946E-05 0.145609 9.9946E-05 0.0115853
9.98827E-05 9.98827E-05 9.98827E-05 9.98827E-05 9.98827E-05 0.0230696 9.98827E-05 9.98827E-05 9.98827E-05 9.98827E-05 9.98827E-05 9.98827E-05 9.98827E-05 0.975632 9.98827E-05
0.00882905 0.116791 0.481087 0.103389 9.9964E-05 0.0214933 0.00621144 0.0415966 9.9964E-05 9.9964E-05 0.122882 0.0268105 9.9964E-05 0.0648788 0.00563145
9.9928E-05 9.9928E-05 0.768316 0.0734356 9.9928E-05 0.0073121 9.9928E-05 0.00322083 9.9928E-05 0.00358386 0.0157042 9.9928E-05 0.127628 9.9928E-05 9.9928E-05
9.996E-05 0.0207575 0.100027 9.996E-05 0.0285314 9.996E-05 0.0402176 0.0111449 9.996E-05 0.0455401 0.00144624 0.0532216 0.142594 0.553091 0.003028
0.00377879 0.176727 0.0148795 9.99459E-05 0.00657634 9.99459E-05 9.99459E-05 0.0105727 9.99459E-05 0.0283375 0.0174787 9.99459E-05 9.99459E-05 0.615702 0.125348
9.9942E-05 9.9942E-05 0.401185 0.0413871 9.9942E-05 9.9942E-05 9.9942E-05 0.0189419 9.9942E-05 0.0734328 0.0143385 9.9942E-05 0.138636 0.299248 0.0121302
0.00065258 9.9955E-05 0.229269 9.9955E-05 0.115249 9.9955E-05 0.0128536 9.9955E-05 0.0525702 0.0669577 0.0948722 9.9955E-05 0.0426751 0.331302 0.0530989
0.0467039 9.997E-05 0.284805 0.0347429 0.0465533 9.997E-05 0.00696692 0.051252 0.081963 9.997E-05 0.0629297 0.10394 0.0177969 0.22994 0.0321067
0.0495806 0.0262919 0.507661 0.0761945 0.0885378 0.0112987 9.9973E-05 0.0499822 9.9973E-05 0.00266584 0.105834 9.9973E-05 0.0227806 0.0348596 0.0240137
9.9955E-05 0.0633999 0.562775 9.9955E-05 0.151875 0.00987384 9.9955E-05 0.0398341 0.000518835 0.0247819 0.0160578 9.9955E-05 9.9955E-05 0.0427503 0.0876331
0.0251938 9.9946E-05 0.427149 0.122606 0.018865 0.0186654 9.9946E-05 0.0816991 9.9946E-05 9.9946E-05 0.0290068 0.0419765 9.9946E-05 0.234239 9.9946E-05
9.995E-05 9.995E-05 0.566155 0.0093314 0.0315912 0.0132824 0.008175 0.00798459 9.995E-05 0.0364146 9.995E-05 9.995E-05 0.152569 0.164444 0.00955283
0.00821095 9.9964E-05 0.458442 9.9964E-05 0.03613 0.0713255 0.00881418 0.019001 0.11776 0.0113047 0.128817 0.0482928 9.9964E-05 0.0915018 9.9964E-05
0.00363736 9.99189E-05 0.77593 0.00887131 9.99189E-05 9.99189E-05 9.99189E-05 9.99189E-05 9.99189E-05 0.00340086 9.99189E-05 0.157991 9.99189E-05 0.0492707 9.99189E-05
9.98739E-05 9.98739E-05 9.98739E-05 9.98739E-05 9.98739E-05 0.998602 9.98739E-05 9.98739E-05 9.98739E-05 9.98739E-05 9.98739E-05 9.98739E-05 9.98739E-05 9.98739E-05 9.98739E-05
0.0285996 0.0984777 0.207257 9.9955E-05 0.0645924 9.9955E-05 0.0135713 0.0361951 9.9955E-05 0.0215654 0.0780025 0.156103 9.9955E-05 0.295137 9.9955E-05
0.0141551 9.9964E-05 0.389269 0.0519356 0.0421236 0.00914028 0.00722288 0.009989 9.9964E-05 0.000643704 0.103456 0.0688902 9.9964E-05 0.302774 9.9964E-05
0.055836 9.9955E-05 0.525233 0.0460743 0.00333925 0.0108255 9.9955E-05 9.9955E-05 0.0150035 0.0173538 0.0243953 9.9955E-05 0.129682 0.171757 9.9955E-05
0.00859774 9.99189E-05 0.62769 0.136301 0.0440471 9.99189E-05 9.99189E-05 9.99189E-05 9.99189E-05 9.99189E-05 9.99189E-05 0.102241 9.99189E-05 0.0802245 9.99189E-05
9.9937E-05 0.147362 0.44995 9.9937E-05 0.0440616 9.9937E-05 9.9937E-05 0.0392752 9.9937E-05 0.0165586 9.9937E-05 0.0249538 0.0177832 0.259356 9.9937E-05
0.0324799 9.9964E-05 0.498155 0.0145081 0.110318 9.9964E-05 0.0189972 0.0270137 9.9964E-05 0.0180809 0.00946065 0.116549 9.9964E-05 0.107152 0.0468857
9.98739E-05 9.98739E-05 9.98739E-05 9.98739E-05 9.98739E-05 9.98739E-05 9.98739E-05 0.998602 9.98739E-05 9.98739E-05 9.98739E-05 9.98739E-05 9.98739E-05 9.98739E-05 9.98739E-05
9.98739E-05 9.98739E-05 9.98739E-05 9.98739E-05 9.98739E-05 0.998602 9.98739E-05 9.98739E-05 9.98739E-05 9.98739E-05 9.98739E-05 9.98739E-05 9.98739E-05 9.98739E-05 9.98739E-05
9.98739E-05 9.98739E-05 9.98739E-05 9.98739E-05 9.98739E-05 9.98739E-05 9.98739E-05 0.998602 9.98739E-05 9.98739E-05 9.98739E-05 9.98739E-05 9.98739E-05 9.98739E-05 9.98739E-05
9.9937E-05 9.9937E-05 0.278452 0.0203283 0.0514925 9.9937E-05 0.0199332 9.9937E-05 9.9937E-05 0.00741895 0.0935195 9.9937E-05 0.107367 0.420789 9.9937E-05
9.9955E-05 0.00569862 0.118789 0.0188916 9.9955E-05 9.9955E-05 0.03638 0.0606013 0.00595577 0.0145574 0.0831299 9.9955E-05 0.0615494 0.593947 9.9955E-05
0.0729899 0.0392054 0.420488 9.9973E-05 0.0070347 0.02445 0.00733522 0.0107173 0.0308865 9.9973E-05 0.0318448 9.9973E-05 0.0668617 0.262244 0.0256431
0.0495913 0.117886 0.62122 9.9955E-05 9.9955E-05 0.0399671 0.022881 0.0438541 0.0175883 0.0175506 0.00184628 9.9955E-05 9.9955E-05 0.0671158 9.9955E-05
0.00806592 0.0265848 0.724428 0.0366701 9.9955E-05 0.033291 0.0247444 0.0129002 0.0210049 9.9955E-05 0.0342997 9.9955E-05 0.0775115 9.9955E-05 9.9955E-05
9.98736E-05 9.98736E-05 9.98736E-05 9.98736E-05 9.98736E-05 9.98736E-05 9.98736E-05 9.98736E-05 9.98736E-05 9.98736E-05 9.98736E-05 9.98736E-05 9.98736E-05 0.998602 9.98736E-05
0.000198424 9.9955E-05 0.302804 0.120004 0.0459589 0.0366049 0.00663008 0.0321696 9.9955E-05 0.0306465 9.9955E-05 9.9955E-05 0.143783 0.280701 9.9955E-05
9.9928E-05 9.9928E-05 0.492256 9.9928E-05 9.9928E-05 0.00641729 0.0187644 9.9928E-05 9.9928E-05 9.9928E-05 0.0470311 0.268282 9.9928E-05 0.0474218 0.119028
9.9928E-05 0.244298 0.315293 9.9928E-05 0.12615 0.00428276 9.9928E-05 9.9928E-05 9.9928E-05 9.9928E-05 9.9928E-05 0.186145 9.9928E-05 0.0465996 0.076433
9.9955E-05 0.392363 0.255519 9.9955E-05 0.0856252 0.0361733 0.0119657 0.0051655 9.9955E-05 0.020609 9.9955E-05 0.00243817 9.9955E-05 0.0407979 0.148844
0.00085527 9.9946E-05 0.438401 9.9946E-05 0.0363299 9.9946E-05 0.00183026 9.9946E-05 9.9946E-05 0.0431809 9.9946E-05 0.140904 0.084794 0.101212 0.151893
9.994E-05 0.026813 0.4116 9.994E-05 9.994E-05 0.0329345 0.0107155 0.0113737 9.994E-05 0.0285102 9.994E-05 0.278054 9.994E-05 0.0771842 0.122215
9.991E-05 0.176493 0.321562 9.991E-05 9.991E-05 9.991E-05 9.991E-05 9.991E-05 9.991E-05 9.991E-05 9.991E-05 0.297645 9.991E-05 0.0254764 0.177825
9.99099E-05 0.254955 0.349212 9.99099E-05 9.99099E-05 9.99099E-05 9.99099E-05 9.99099E-05 9.99099E-05 0.00524627 9.99099E-05 0.219838 9.99099E-05 9.99099E-05 0.16975
0.00818125 0.103303 0.379761 9.9937E-05 0.0643911 0.0269914 9.9937E-05 9.9937E-05 9.9937E-05 0.0461928 9.9937E-05 0.0970384 9.9937E-05 9.9937E-05 0.273441
9.99459E-05 9.99459E-05 0.434372 0.0236372 0.00315106 0.0145772 0.0045671 0.0139286 9.99459E-05 0.0166046 9.99459E-05 0.359885 9.99459E-05 9.99459E-05 0.128678
9.9946E-05 0.278452 0.303205 9.9946E-05 0.0511686 0.0505679 0.0304208 0.00542616 9.9946E-05 9.9946E-05 9.9946E-05 0.116987 9.9946E-05 0.0580231 0.10515
9.99549E-05 9.99549E-05 0.41916 0.0203558 0.0528144 0.00517574 0.00214826 0.0094357 9.99549E-05 0.0212745 9.99549E-05 0.205925 9.99549E-05 0.0242898 0.238921
9.9883E-05 9.9883E-05 9.9883E-05 9.9883E-05 9.9883E-05 9.9883E-05 9.9883E-05 0.0411547 9.9883E-05 9.9883E-05 9.9883E-05 0.957547 9.9883E-05 9.9883E-05 9.9883E-05
9.99279E-05 9.99279E-05 9.99279E-05 9.99279E-05 0.00187793 9.99279E-05 0.00517666 9.99279E-05 0.0178805 0.0408042 9.99279E-05 0.728021 0.203551 0.00188974 9.99279E-05
9.99508E-05 9.99508E-05 0.0106713 0.0268819 0.030532 0.0259809 0.0141233 0.0276638 0.0452492 9.99508E-05 9.99508E-05 0.0713278 0.74697 9.99508E-05 9.99508E-05
0.0195732 0.278339 9.991E-05 9.991E-05 0.0233156 9.991E-05 9.991E-05 9.991E-05 0.184279 9.991E-05 9.991E-05 9.991E-05 0.493494 9.991E-05 9.991E-05
9.9919E-05 9.9919E-05 9.9919E-05 0.0638438 9.9919E-05 9.9919E-05 0.0295694 9.9919E-05 9.9919E-05 0.0442184 9.9919E-05 0.016236 0.773631 0.0716026 9.9919E-05
0.00453303 9.9928E-05 0.0766585 9.9928E-05 9.9928E-05 9.9928E-05 0.0125178 9.9928E-05 0.258297 0.00919715 9.9928E-05 0.629948 9.9928E-05 0.00804819 9.9928E-05
9.9937E-05 9.9937E-05 9.9937E-05 0.0405343 9.9937E-05 0.0545262 0.00181467 0.00160566 0.1809 9.9937E-05 9.9937E-05 0.495919 0.203195 9.9937E-05 0.0208068
9.9919E-05 9.9919E-05 9.9919E-05 9.9919E-05 0.0698706 0.0156877 0.0170581 9.9919E-05 0.180784 9.9919E-05 9.9919E-05 0.31054 0.405159 9.9919E-05 9.9919E-05
9.99459E-05 0.0191818 9.99459E-05 0.0122685 0.019878 0.00712111 9.99459E-05 0.0659667 9.99459E-05 0.0375684 9.99459E-05 9.99459E-05 0.74004 0.0970005 0.000375665
9.9874E-05 9.9874E-05 9.9874E-05 9.9874E-05 9.9874E-05 9.9874E-05 9.9874E-05 9.9874E-05 9.9874E-05 9.9874E-05 9.9874E-05 0.998602 9.9874E-05 9.9874E-05 9.9874E-05
9.9946E-05 0.0380873 9.9946E-05 0.000369129 9.9946E-05 0.0135585 0.0194164 0.00666045 9.9946E-05 0.00799544 0.0398985 0.0326372 0.840777 9.9946E-05 9.9946E-05
0.022736 0.120266 9.9919E-05 9.9919E-05 9.9919E-05 9.9919E-05 0.00210613 9.9919E-05 0.412042 9.9919E-05 0.010284 0.431667 9.9919E-05 9.9919E-05 9.9919E-05
0.0314991 9.9955E-05 0.0423083 0.0169396 9.9955E-05 9.9955E-05 0.00524526 0.0271206 0.00971809 9.9955E-05 9.9955E-05 0.276499 0.501084 0.0298757 0.0592109
9.99369E-05 0.0526227 0.0450057 0.037452 9.99369E-05 9.99369E-05 9.99369E-05 0.00294289 0.0659104 0.0114557 9.99369E-05 9.99369E-05 0.630688 0.153224 9.99369E-05
9.9937E-05 0.0161519 0.053841 9.9937E-05 9.9937E-05 0.000307229 9.9937E-05 0.0238423 0.813401 0.0524402 9.9937E-05 9.9937E-05 9.9937E-05 0.0051825 0.0341345
9.9919E-05 9.9919E-05 9.9919E-05 9.9919E-05 9.9919E-05 0.00431974 0.00863251 9.9919E-05 0.826521 0.0299954 0.0100519 9.9919E-05 9.9919E-05 0.11958 9.9919E-05
9.9883E-05 9.9883E-05 9.9883E-05 9.9883E-05 9.9883E-05 9.9883E-05 9.9883E-05 9.9883E-05 0.965314 9.9883E-05 0.0333872 9.9883E-05 9.9883E-05 9.9883E-05 9.9883E-05
9.99001E-05 9.99001E-05 0.0458264 9.99001E-05 9.99001E-05 9.99001E-05 9.99001E-05 0.0129096 0.79364 0.0295092 9.99001E-05 9.99001E-05 0.117116 9.99001E-05 9.99001E-05
9.98741E-05 9.98741E-05 9.98741E-05 9.98741E-05 9.98741E-05 9.98741E-05 9.98741E-05 9.98741E-05 0.998602 9.98741E-05 9.98741E-05 9.98741E-05 9.98741E-05 9.98741E-05 9.98741E-05
9.9937E-05 9.9937E-05 9.9937E-05 0.046665 0.00457039 0.000337007 0.0118251 9.9937E-05 0.66601 0.0139792 9.9937E-05 9.9937E-05 0.210054 0.0458596 9.9937E-05
9.9919E-05 9.9919E-05 9.9919E-05 9.9919E-05 9.9919E-05 0.00574587 9.9919E-05 9.9919E-05 0.784117 0.032306 0.0167015 9.9919E-05 9.9919E-05 0.139255 0.0209756
9.9919E-05 9.9919E-05 9.9919E-05 0.104541 0.0345959 0.0223938 9.9919E-05 0.0260437 0.711059 9.9919E-05 9.9919E-05 0.100468 9.9919E-05 9.9919E-05 9.9919E-05
9.9937E-05 0.0515554 9.9937E-05 9.9937E-05 0.0218527 0.0144485 9.9937E-05 0.0286902 0.176576 9.9937E-05 9.9937E-05 0.0429758 0.600548 0.0626534 9.9937E-05
9.99099E-05 9.99099E-05 9.99099E-05 9.99099E-05 0.0217344 9.99099E-05 9.99099E-05 9.99099E-05 0.370844 9.99099E-05 9.99099E-05 0.417131 0.0431068 0.146185 9.99099E-05
9.991E-05 9.991E-05 9.991E-05 9.991E-05 9.991E-05 0.0467447 9.991E-05 9.991E-05 9.991E-05 9.991E-05 0.0176996 9.991E-05 0.778101 0.104015 0.0524406
0.00325076 0.0123609 0.0363661 9.9946E-05 9.9946E-05 9.9946E-05 9.9946E-05 9.9946E-05 0.00447176 0.0053039 9.9946E-05 0.181192 0.59358 0.091252 0.071623
0.00504892 9.99279E-05 9.99279E-05 0.0324451 9.99279E-05 9.99279E-05 0.0201425 0.0274379 9.99279E-05 9.99279E-05 9.99279E-05 0.259058 0.581622 0.0734456 9.99279E-05
0.031982 9.9919E-05 0.000893275 0.0727702 9.9919E-05 0.0139684 9.9919E-05 9.9919E-05 9.9919E-05 9.9919E-05 0.082408 9.9919E-05 0.797079 9.9919E-05 9.9919E-05
0.0337253 0.0365235 9.997E-05 0.0324058 0.0580005 9.997E-05 0.0181971 9.997E-05 0.342153 0.0115433 0.00056366 0.132833 0.237153 0.0785973 0.0180047
9.991E-05 0.0913536 9.991E-05 9.991E-05 9.991E-05 0.037828 9.991E-05 0.0206216 9.991E-05 9.991E-05 9.991E-05 0.0330598 0.816138 9.991E-05 9.991E-05
9.9901E-05 9.9901E-05 9.9901E-05 0.00374324 9.9901E-05 9.9901E-05 9.9901E-05 9.9901E-05 9.9901E-05 9.9901E-05 0.0287132 0.940582 0.0258624 9.9901E-05 9.9901E-05
0.0135603 0.0518698 9.99369E-05 9.99369E-05 0.00976915 9.99369E-05 0.00722105 9.99369E-05 0.0547282 9.99369E-05 9.99369E-05 0.665091 0.133405 0.0636563 9.99369E-05
9.9919E-05 0.101352 9.9919E-05 9.9919E-05 0.0487997 9.9919E-05 9.9919E-05 9.9919E-05 0.318798 9.9919E-05 9.9919E-05 0.254569 0.213988 9.9919E-05 0.0615944
9.9919E-05 9.9919E-05 9.9919E-05 9.9919E-05 0.0477972 0.0333107 0.0233533 0.0318949 0.32722 9.9919E-05 9.9919E-05 9.9919E-05 0.535525 9.9919E-05 9.9919E-05
9.9937E-05 9.9937E-05 0.0117336 9.9937E-05 9.9937E-05 0.000253486 0.0407551 0.00846152 9.9937E-05 0.00755112 9.9937E-05 0.277134 0.6365 0.0169112 9.9937E-05
0.0163571 9.9937E-05 9.9937E-05 0.626486 9.9937E-05 9.9937E-05 0.0204256 0.0109381 9.9937E-05 0.00638299 0.0212667 9.9937E-05 0.265359 0.0320847 9.9937E-05
9.99099E-05 9.99099E-05 9.99099E-05 0.552854 9.99099E-05 9.99099E-05 9.99099E-05 9.99099E-05 0.0790627 9.99099E-05 9.99099E-05 9.99099E-05 0.0594185 0.274054 0.0336121
0.0335578 9.9946E-05 9.9946E-05 0.547702 9.9946E-05 9.9946E-05 0.0157312 9.9946E-05 0.0622886 0.00547301 9.9946E-05 0.0203259 0.0586201 0.253184 0.00251785
0.0512292 9.99189E-05 9.99189E-05 0.52258 9.99189E-05 0.00362218 9.99189E-05 0.00882825 9.99189E-05 9.99189E-05 9.99189E-05 9.99189E-05 0.264431 0.14841 9.99189E-05
0.0498007 9.9946E-05 0.0380695 0.604789 0.00612243 0.00459781 9.9946E-05 9.9946E-05 0.109344 9.9946E-05 9.9946E-05 9.9946E-05 0.0702431 0.111901 0.00453306
9.9946E-05 9.9946E-05 9.9946E-05 0.735001 9.9946E-05 0.0180271 0.0112487 0.025497 0.0729544 9.9946E-05 0.000676974 9.9946E-05 0.0364788 0.0198143 0.0797023
9.991E-05 9.991E-05 9.991E-05 0.793802 9.991E-05 9.991E-05 0.00141406 9.991E-05 9.991E-05 9.991E-05 9.991E-05 9.991E-05 0.0793909 0.097902 0.0264923
0.0745238 9.9928E-05 9.9928E-05 0.567711 0.00820254 9.9928E-05 9.9928E-05 9.9928E-05 0.0739076 0.00360361 9.9928E-05 9.9928E-05 9.9928E-05 0.0317703 0.239482
