0.236499 0.662932 9.998E-05 0.0922564 0.00811226 9.998E-05
9.9964E-05 0.942456 9.9964E-05 0.0571445 9.9964E-05 9.9964E-05
0.636187 0.307903 9.9982E-05 0.0376574 0.0180525 9.9982E-05
0.183028 0.607779 0.208893 9.99731E-05 9.99731E-05 9.99731E-05
0.098876 9.9973E-05 9.9973E-05 9.9973E-05 0.495635 0.405189
0.138314 0.0466026 0.814783 9.9973E-05 9.9973E-05 9.9973E-05
0.201656 9.9982E-05 0.0654613 0.0290648 9.9982E-05 0.703618
9.99731E-05 0.929041 9.99731E-05 0.0179737 9.99731E-05 0.0526854
9.996E-05 9.996E-05 0.450414 0.549186 9.996E-05 9.996E-05
9.9964E-05 9.9964E-05 9.9964E-05 9.9964E-05 0.0627831 0.936817
9.996E-05 9.996E-05 9.996E-05 9.996E-05 9.996E-05 0.9995
9.9973E-05 0.979934 0.0101452 9.9973E-05 0.00962101 9.9973E-05
0.242414 9.9982E-05 9.9982E-05 0.226106 0.30415 0.22713
0.729805 9.99731E-05 0.0609474 9.99731E-05 9.99731E-05 0.208947
9.99641E-05 9.99641E-05 9.99641E-05 9.99641E-05 0.687245 0.312355
0.030531 9.99641E-05 9.99641E-05 0.969069 9.99641E-05 9.99641E-05
0.0814375 0.768196 0.150066 9.9973E-05 9.9973E-05 9.9973E-05
9.997E-05 9.997E-05 0.0978362 0.497321 9.997E-05 0.404543
9.996E-05 9.996E-05 0.9995 9.996E-05 9.996E-05 9.996E-05
9.997E-05 9.997E-05 0.0343923 0.441586 0.523722 9.997E-05
9.998E-05 0.0283879 0.0166419 0.788556 0.166214 9.998E-05
9.9991E-05 0.164243 0.287951 0.505799 0.0372448 0.00466216
0.0216052 9.9982E-05 9.9982E-05 0.71576 0.24313 0.0193044
0.160291 0.310226 0.315551 9.9991E-05 0.147496 0.0663353
0.950173 9.99731E-05 9.99731E-05 0.00437389 0.0451533 9.99731E-05
0.0872045 9.9973E-05 9.9973E-05 9.9973E-05 0.861048 0.051448
0.503901 0.389409 0.10639 9.99731E-05 9.99731E-05 9.99731E-05
0.0233389 9.9991E-05 0.611448 0.110444 0.0717983 0.18287
9.99642E-05 0.919002 9.99642E-05 0.0805986 9.99642E-05 9.99642E-05
9.99731E-05 0.281947 0.701849 9.99731E-05 9.99731E-05 0.0159043
0.6001 9.9964E-05 9.9964E-05 9.9964E-05 9.9964E-05 0.3995
0.9995 9.996E-05 9.996E-05 9.996E-05 9.996E-05 9.996E-05
0.10036 9.9964E-05 9.9964E-05 9.9964E-05 9.9964E-05 0.89924
0.00203511 9.9973E-05 0.920067 0.077598 9.9973E-05 9.9973E-05
0.0862094 0.821019 0.0924721 9.99731E-05 9.99731E-05 9.99731E-05
0.0212612 0.0180437 9.997E-05 0.960395 9.997E-05 9.997E-05
9.997E-05 9.997E-05 0.808644 0.175668 0.0153884 9.997E-05
9.99641E-05 9.99641E-05 0.960812 9.99641E-05 0.0387877 9.99641E-05
9.99821E-05 0.183754 0.00455337 0.0477686 9.99821E-05 0.763724
9.998E-05 0.0072139 0.859526 9.998E-05 0.0247896 0.108271
9.9964E-05 0.213444 0.786157 9.9964E-05 9.9964E-05 9.9964E-05
9.99641E-05 0.863673 0.135927 9.99641E-05 9.99641E-05 9.99641E-05
9.99641E-05 9.99641E-05 9.99641E-05 0.174601 0.824999 9.99641E-05
0.9995 9.996E-05 9.996E-05 9.996E-05 9.996E-05 9.996E-05
9.996E-05 9.996E-05 9.996E-05 9.996E-05 0.886483 0.113117
9.99641E-05 0.985231 9.99641E-05 0.0143691 9.99641E-05 9.99641E-05
9.997E-05 9.997E-05 0.192293 0.805399 0.00200796 9.997E-05
9.99641E-05 9.99641E-05 0.811258 0.188342 9.99641E-05 9.99641E-05
9.99641E-05 0.0560632 9.99641E-05 9.99641E-05 0.943537 9.99641E-05
9.9991E-05 0.0169761 0.251846 0.472949 0.257954 0.000175408
