9.9973E-05 0.00670417 9.9973E-05 0.00237736 0.990619 9.9973E-05
0.113217 9.9982E-05 0.0902936 0.0117016 0.784588 9.9982E-05
0.033551 9.9982E-05 0.0339476 9.9982E-05 0.848518 0.0837835
9.9982E-05 0.0235371 0.102596 9.9982E-05 0.817587 0.0560798
0.0131746 0.00782882 0.030187 0.0874917 0.849211 0.0121069
0.00487588 9.9982E-05 0.0465223 0.0147968 0.933605 9.9982E-05
9.9973E-05 0.00756245 0.0408378 9.9973E-05 0.9513 9.9973E-05
0.01192 0.0169017 0.0955364 9.9982E-05 0.875442 9.9982E-05
0.0273998 9.9982E-05 0.145758 9.9982E-05 0.821042 0.00560053
9.999E-05 0.00364194 0.0772852 0.0518144 0.822577 0.0445814
0.0432023 0.0171214 0.118526 9.9991E-05 0.776628 0.0444232
0.0196466 0.00660437 0.051799 0.0402939 0.76659 0.115066
0.072307 9.9991E-05 0.00858166 0.0830158 0.79519 0.0408059
0.021632 0.00561294 0.116402 0.0578729 0.743872 0.0546085
0.0187415 9.9982E-05 0.0653255 9.9982E-05 0.849007 0.0667258
9.9964E-05 9.9964E-05 0.124972 9.9964E-05 0.874628 9.9964E-05
9.996E-05 9.996E-05 9.996E-05 9.996E-05 0.9995 9.996E-05
9.9964E-05 9.9964E-05 9.9964E-05 0.00486913 0.994731 9.9964E-05
9.9964E-05 9.9964E-05 9.9964E-05 0.0109476 0.988653 9.9964E-05
9.9982E-05 0.0351147 9.9982E-05 0.00391015 0.93886 0.0219156
9.996E-05 9.996E-05 9.996E-05 9.996E-05 9.996E-05 0.9995
0.120366 0.0250629 0.0405482 0.101936 0.0013062 0.710781
0.0289869 0.039124 0.0350499 0.137912 0.056725 0.702202
9.9973E-05 0.0432411 9.9973E-05 0.16524 9.9973E-05 0.791219
0.0229117 0.0107407 0.000793381 9.9982E-05 9.9982E-05 0.965354
0.0822826 0.0031674 9.9991E-05 0.0459048 0.00285677 0.865688
0.0745745 0.00446873 0.0526067 0.139645 9.9991E-05 0.728605
9.996E-05 9.996E-05 9.996E-05 9.996E-05 9.996E-05 0.9995
0.0904421 0.0455325 0.0860692 9.9982E-05 9.9982E-05 0.777756
0.139413 0.0132735 0.10134 0.119436 9.9991E-05 0.626438
0.112424 9.9973E-05 0.147071 9.9973E-05 9.9973E-05 0.740205
0.0441315 9.9982E-05 0.0553705 0.132697 9.9982E-05 0.767601
0.0680155 9.9991E-05 0.0898485 0.0868663 0.0221499 0.73302
0.122023 0.0791215 0.11826 9.9982E-05 9.9982E-05 0.680396
0.187808 0.0740847 0.088042 0.0227618 0.0313166 0.595987
0.231414 0.015998 0.219777 9.9991E-05 0.0583717 0.474339
0.169712 0.028483 0.00986941 0.158523 9.9991E-05 0.633312
0.11598 0.00866289 0.0345175 0.813683 0.00263279 0.0245244
0.17264 0.0388522 0.0816427 0.706665 9.9982E-05 9.9982E-05
0.131459 0.0242859 0.00277476 0.780643 0.0239997 0.0368372
0.0912899 0.00918713 0.0674543 0.802043 0.00254204 0.0274837
0.0197424 0.0729829 9.9991E-05 0.822274 0.0389749 0.0459255
0.0426377 0.0281285 0.00975788 0.919276 9.9982E-05 9.9982E-05
0.0475758 0.035691 0.150364 0.666005 0.0745149 0.025849
0.0476616 0.0475034 0.00111921 0.870062 9.9991E-05 0.0335541
9.9991E-05 0.0491251 0.0658992 0.793062 0.0552894 0.0365244
0.0296608 0.0424122 0.00301216 0.916733 9.9991E-05 0.00808166
0.0719607 0.016281 0.0406573 0.870901 9.9982E-05 9.9982E-05
9.9982E-05 0.021163 9.9982E-05 0.927268 0.0374968 0.0138726
0.0211393 0.0259155 0.0615391 0.883045 0.00465123 0.00371011
0.0925413 9.9991E-05 0.00573313 0.864923 0.0136259 0.0230767
0.023621 9.9982E-05 0.0370096 0.920605 9.9982E-05 0.0185648
9.9982E-05 0.0670073 0.00174137 0.930772 0.000279775 9.9982E-05
0.0591386 0.000322589 9.9982E-05 0.860313 0.0800253 9.9982E-05
0.0014475 0.0567503 0.07176 0.841438 0.0285038 9.9991E-05
0.126553 9.9991E-05 0.0509739 0.76875 0.0330116 0.0206114
9.9991E-05 0.0539537 0.0429295 0.820343 0.048286 0.0343877
0.554811 0.103299 0.00973771 0.184785 0.0710088 0.0763584
0.816574 0.128983 9.9982E-05 9.9982E-05 0.0533048 0.000938301
0.560293 0.196728 0.015893 0.0829239 0.0645416 0.0796203
0.626506 0.18669 9.9991E-05 0.141922 0.0293827 0.0153994
0.775496 0.158632 0.0447218 9.9982E-05 9.9982E-05 0.0209496
0.692686 0.119362 0.0160117 0.104467 0.0221145 0.0453589
0.672882 0.182588 9.9991E-05 0.0487545 0.0424664 0.0532098
0.80861 0.142988 9.9973E-05 0.0481019 9.9973E-05 9.9973E-05
0.590139 0.154905 0.0564069 0.0922751 0.106174 9.9991E-05
0.626319 0.111446 9.9991E-05 0.0704861 0.0718109 0.119839
0.682724 0.166817 9.9991E-05 0.0672411 0.0117279 0.0713897
0.732118 0.195199 0.0027639 9.9982E-05 9.9982E-05 0.0697196
0.667396 0.159777 0.0159866 9.9991E-05 0.0606762 0.0960647
0.778769 0.127275 9.9991E-05 0.0389331 0.0534952 0.00142786
0.735825 0.150602 9.9982E-05 0.0964321 9.9982E-05 0.0169418
0.72635 0.150263 9.9982E-05 9.9982E-05 0.0293631 0.0938235
0.55165 0.166798 0.115223 0.0320072 0.0532053 0.0811162
0.500637 0.0709856 9.9982E-05 0.31821 9.9982E-05 0.109968
0.569173 0.0743318 0.00563658 0.265931 0.0848275 9.9991E-05
0.310185 0.108442 9.9982E-05 0.506356 0.0748182 9.9982E-05
0.695732 0.19247 9.9982E-05 0.0926368 0.0189614 9.9982E-05
0.473824 0.138324 0.0836096 0.156399 0.0744165 0.0734275
0.620756 0.16589 9.9982E-05 0.200691 9.9982E-05 0.0124624
0.558714 0.144311 9.9991E-05 0.15381 0.0712688 0.0717961
0.720204 0.111684 0.0251752 0.0574226 0.039615 0.0458996
0.639476 0.174144 9.9982E-05 0.0825333 0.103646 9.9982E-05
0.273 0.149526 0.247975 0.218972 0.0602317 0.0502959
0.12174 0.0611921 0.603622 0.213246 9.9982E-05 9.9982E-05
0.51835 0.0567561 0.212463 0.123909 0.0372634 0.0512584
0.636808 0.131188 0.0541593 0.116953 0.060792 9.9991E-05
0.630974 0.0807412 0.137171 0.11692 0.0340939 9.9991E-05
0.616883 0.155117 0.0832275 0.082046 0.0349201 0.0278062
0.0797065 0.848269 9.9982E-05 0.0066046 9.9982E-05 0.0652195
0.679279 0.152863 9.9982E-05 0.137258 9.9982E-05 0.0303996
0.720551 0.131124 0.0344886 0.113637 9.9982E-05 9.9982E-05
0.562962 0.116779 0.137642 9.9991E-05 0.112867 0.0696499
0.466481 0.135892 0.0379086 0.0594053 0.120989 0.179324
0.667855 0.122708 0.128188 9.9991E-05 0.0437605 0.0373883
0.527551 0.139986 0.0879219 9.9991E-05 0.117953 0.126488
0.553533 0.145048 0.127901 0.0972261 0.0639361 0.0123563
0.704955 0.103049 9.9982E-05 0.114567 0.077229 9.9982E-05
0.687861 0.128874 9.9991E-05 0.0920898 0.00785053 0.0832245
0.649288 0.181191 9.9982E-05 0.120388 0.0489323 9.9982E-05
0.608382 0.172233 0.0925023 0.00363527 0.020245 0.103003
0.555376 0.245464 0.140806 0.0340317 0.024222 9.9991E-05
0.779816 0.136004 0.0274381 9.9991E-05 0.00853111 0.0481114
9.996E-05 0.9995 9.996E-05 9.996E-05 9.996E-05 9.996E-05
0.576438 0.171222 0.0636386 0.0687256 0.0712574 0.0487177
0.673389 0.169199 9.9991E-05 0.0678053 0.0431904 0.0463159
0.553916 0.20187 0.158316 9.9982E-05 0.0856982 9.9982E-05
0.671407 0.129628 0.00466344 0.169065 0.0251371 9.9991E-05
0.789228 0.0975824 0.029774 0.0454038 0.0379118 9.9991E-05
0.696898 0.109419 0.0180673 0.0211296 0.0638388 0.090647
0.829756 0.103195 9.9973E-05 0.0667484 9.9973E-05 9.9973E-05
9.996E-05 0.9995 9.996E-05 9.996E-05 9.996E-05 9.996E-05
0.809137 0.0794829 9.9973E-05 0.11108 9.9973E-05 9.9973E-05
0.688792 0.165447 0.0606418 9.9982E-05 0.084919 9.9982E-05
0.507702 0.193617 0.0922654 0.0128549 0.0643267 0.129234
0.609458 0.171989 0.0515967 9.9991E-05 0.0880221 0.0788344
0.678727 0.167092 9.9991E-05 0.0163398 0.0858891 0.0518525
0.670757 0.137879 9.9991E-05 0.130487 0.0355468 0.0252309
0.0590667 0.838765 0.065203 9.9991E-05 0.0254922 0.0113734
0.536643 0.195792 0.0567674 0.100735 0.0873891 0.0226736
0.610157 0.0718574 0.123587 9.9991E-05 0.0269621 0.167337
0.510245 0.129209 0.175152 0.028588 9.9991E-05 0.156706
0.456021 0.160028 0.124319 0.00375644 9.9991E-05 0.255776
0.485135 0.116144 0.178563 9.9991E-05 0.0438768 0.176182
0.431377 0.13073 0.163032 0.0633904 0.0189931 0.192478
0.39455 0.106016 0.222225 9.9982E-05 9.9982E-05 0.277008
0.362571 0.109304 0.190038 0.0533178 0.02627 0.258499
0.474724 0.118262 0.105182 9.9991E-05 0.0599412 0.241791
0.388025 0.0834184 0.185423 0.100129 0.0443855 0.198619
0.507911 0.108863 0.150012 0.0581614 9.9991E-05 0.174952
0.471642 0.080524 0.0941588 0.0844937 0.0224963 0.246685
0.0594419 0.0279751 0.781642 0.0435541 0.004896 0.0824908
9.9991E-05 0.0594412 0.81037 0.0130609 0.037987 0.0790412
0.022472 0.00836022 0.733867 0.109197 0.0367671 0.0893362
9.9982E-05 9.9982E-05 0.754025 0.145274 0.0418835 0.0586171
0.00322936 0.0452064 0.764767 0.124488 0.0118975 0.0504118
0.105009 0.00845437 0.792816 9.9991E-05 0.0323501 0.0612708
9.9982E-05 0.0648888 0.787226 0.0847265 9.9982E-05 0.062959
0.00852155 0.0390171 0.868092 9.9982E-05 9.9982E-05 0.0841693
0.151818 0.0390295 0.613983 0.0553328 0.078955 0.0608818
9.9991E-05 0.0114825 0.697404 0.222727 0.0216662 0.0466208
0.0218381 0.00452568 0.803802 0.0902673 0.0266216 0.0529452
9.9982E-05 9.9982E-05 0.793274 0.139665 0.0510684 0.0157932
0.113294 0.000526758 0.643183 0.128149 0.0288015 0.086046
0.116644 0.0607395 0.636517 0.185899 9.99848E-05 9.99848E-05
0.0761011 0.0495898 0.739209 9.9991E-05 0.0790955 0.0559044
9.9973E-05 0.0434448 0.844519 9.9973E-05 0.111737 9.9973E-05
0.0703146 0.0285815 0.879426 0.0214782 9.9982E-05 9.9982E-05
0.0798689 0.0186184 0.825423 0.00303015 0.0729592 9.9991E-05
9.9991E-05 0.0300024 0.865631 0.00631006 0.0528891 0.0450675
0.0708714 0.0119629 0.776379 0.0432119 0.0126456 0.0849296
9.9991E-05 0.120849 0.749912 0.0216194 0.0664002 0.0411192
0.0436676 0.00813581 0.823369 0.093362 9.9991E-05 0.0313657
0.0259289 0.0363184 0.809481 9.9991E-05 0.0670588 0.0611129
0.0543393 9.9991E-05 0.834201 0.0466768 0.050364 0.0143191
0.0199604 0.0826261 0.725039 9.9991E-05 0.0675963 0.104678
0.110057 0.0184725 0.739758 9.9991E-05 0.0474286 0.0841839
9.9991E-05 0.0165054 0.774988 0.100181 0.0561841 0.0520417
0.0956799 0.0280362 0.75099 0.0111435 0.0867028 0.0274474
0.0856523 0.00701791 0.716277 0.0566153 0.064107 0.0703309
9.9982E-05 0.0776826 0.779905 0.0945731 9.9982E-05 0.0476393
9.9973E-05 0.0237557 0.826678 0.149266 9.9973E-05 9.9973E-05
0.0653025 0.0290155 0.724447 0.104204 0.0362886 0.0407423
0.0196947 9.9982E-05 0.705369 0.146047 9.9982E-05 0.128689
0.0363122 0.0510154 0.793651 9.9982E-05 9.9982E-05 0.118822
0.00661013 0.0541405 0.83168 9.9991E-05 0.035 0.0724692
0.0642745 0.0269679 0.132285 0.725249 0.0170243 0.0341998
9.9991E-05 0.0753598 0.199907 0.623702 0.0386593 0.0622721
0.0403604 0.0422692 0.074775 0.612722 0.134593 0.0952799
0.0177324 0.0825308 0.167898 0.53511 0.117561 0.0791679
0.149481 9.9991E-05 0.115836 0.594121 0.0872351 0.053227
9.9982E-05 0.0365642 0.107436 0.772291 9.9982E-05 0.0835081
9.9991E-05 0.0331988 0.0364251 0.870065 0.00575457 0.0544564
0.0413635 9.9991E-05 0.0782734 0.581428 0.0778026 0.221033
