0.9997 9.998E-05 9.998E-05 9.998E-05
0.777792 9.9991E-05 0.108952 0.113157
0.82892 0.103566 0.0535231 0.0139902
0.832115 0.0962 0.0577277 0.0139568
0.860707 0.029381 0.0769139 0.0329976
0.910577 9.9982E-05 0.0892228 9.9982E-05
0.950442 9.9982E-05 0.0493582 9.9982E-05
0.888812 0.013939 0.0466653 0.0505838
0.86182 0.054788 0.0832922 9.9991E-05
0.872259 0.0466525 0.0807347 0.000353751
0.772352 0.0850813 0.0526684 0.089898
0.818006 0.106568 0.0325521 0.0428734
0.855001 0.0700326 9.9991E-05 0.0748667
0.741209 0.0893413 0.153282 0.016168
0.863795 0.0720423 0.0373319 0.0268309
0.892252 9.9982E-05 0.107548 9.9982E-05
0.9997 9.998E-05 9.998E-05 9.998E-05
0.9997 9.998E-05 9.998E-05 9.998E-05
0.9997 9.998E-05 9.998E-05 9.998E-05
0.952125 0.0404594 9.9991E-05 0.00731573
9.998E-05 0.9997 9.998E-05 9.998E-05
0.0179329 0.754298 0.129912 0.0978569
0.0624157 0.726569 0.147377 0.0636387
0.0273337 0.837098 0.0947358 0.0408322
0.017462 0.967856 9.9991E-05 0.0145824
0.0366669 0.914379 9.9991E-05 0.0488539
9.9991E-05 0.797323 0.145934 0.0566429
9.998E-05 0.9997 9.998E-05 9.998E-05
9.9991E-05 0.844727 0.0702702 0.0849031
9.9991E-05 0.690469 0.115092 0.194339
9.9991E-05 0.827977 0.0871242 0.0847988
9.9991E-05 0.743284 0.189146 0.06747
0.0331089 0.789681 0.126742 0.0504688
9.9991E-05 0.760252 0.0805905 0.159057
0.0515809 0.6659 0.0279351 0.254584
0.0653939 0.551101 0.179952 0.203553
9.9991E-05 0.627598 0.133581 0.238721
9.9991E-05 0.0220751 0.576065 0.40176
9.9982E-05 9.9982E-05 0.517143 0.482657
0.053364 0.0165961 0.538726 0.391314
0.0477476 0.0122432 0.594968 0.345042
0.0702494 0.0316732 0.519155 0.378922
0.0348626 9.9991E-05 0.594748 0.37029
0.0837835 0.0106125 0.622966 0.282638
0.0100451 0.0250464 0.58004 0.384868
0.0703111 0.0201101 0.655767 0.253812
0.0126797 9.9991E-05 0.579367 0.407853
0.0283586 9.9991E-05 0.616124 0.355418
0.0572 0.00094292 0.604677 0.33718
0.0386794 9.9991E-05 0.637711 0.32351
0.0202705 0.0296658 0.55847 0.391593
0.0309884 0.0334038 0.629306 0.306302
0.0256204 9.9991E-05 0.584661 0.389619
0.121686 0.00689555 0.51681 0.354609
0.0505906 9.9991E-05 0.587147 0.362162
0.0509121 0.0316127 0.581238 0.336237
0.101553 0.0608793 0.580702 0.256866
0.059058 0.100036 0.151814 0.689092
0.0407621 0.0427936 9.9991E-05 0.916344
0.0304877 0.110696 0.0606979 0.798118
0.0358665 0.0513521 0.0118402 0.900941
9.9982E-05 0.103916 9.9982E-05 0.895884
0.0456072 0.0704804 0.0483391 0.835573
0.0166709 0.0644049 9.9991E-05 0.918824
9.9982E-05 0.0551832 9.9982E-05 0.944617
0.143732 9.9991E-05 0.126151 0.730017
0.0562334 0.158031 0.04393 0.741806
0.0419512 0.0955705 0.00610799 0.85637
9.9982E-05 0.128543 9.9982E-05 0.871257
0.0645695 0.120176 9.9991E-05 0.815154
0.0638087 0.0554438 9.9991E-05 0.880648
0.0144843 0.0451289 0.0249328 0.915454
9.9982E-05 0.154021 9.9982E-05 0.845779
0.00933519 0.171088 0.0894687 0.730109
9.9991E-05 0.162205 0.195684 0.642011
0.103126 0.0302469 0.157766 0.708861
0.141475 9.9991E-05 0.248423 0.610002
0.0184999 0.00289855 0.0340995 0.944502
0.0845786 0.116285 0.170489 0.628648
9.9991E-05 0.00804636 0.10609 0.885763
0.0489178 0.144766 0.0756768 0.730639
0.0822571 0.105215 9.9991E-05 0.812428
0.111855 0.00568718 0.0119217 0.870536
0.0410476 0.0806514 0.365308 0.512993
0.0384535 9.9991E-05 0.7934 0.168047
0.0431887 0.121646 0.272622 0.562544
0.0480902 0.0393878 0.101276 0.811246
0.0127139 0.0681499 0.190834 0.728302
0.0296151 0.0952429 0.127496 0.747646
0.0032769 0.0540997 9.9991E-05 0.942523
0.00845862 0.103425 0.079484 0.808633
9.9991E-05 0.0269231 0.0836496 0.889327
0.0936576 0.177673 0.0987987 0.629871
0.103995 0.156689 0.0828146 0.656501
0.0450479 0.106165 0.117984 0.730804
0.131562 0.153097 0.0431048 0.672237
0.0420524 0.0546302 0.144933 0.758384
0.0753383 0.00556718 0.0741292 0.844965
0.0325952 0.134765 9.9991E-05 0.83254
0.040944 9.9991E-05 0.0816842 0.877272
0.0505253 0.14698 0.0464525 0.756042
0.0156014 0.0411915 0.157471 0.785736
0.0306885 0.092051 9.9991E-05 0.877161
0.0193432 9.9982E-05 9.9982E-05 0.980457
0.102946 0.0684017 0.0633444 0.765308
0.0314451 0.0837646 0.0130646 0.871726
0.082929 0.0315488 0.140998 0.744524
0.0122888 9.9991E-05 0.144805 0.842806
0.0473315 0.0832021 0.0544338 0.815033
0.0641365 0.167991 0.0126477 0.755225
0.017322 9.9991E-05 0.00805131 0.974527
9.998E-05 9.998E-05 9.998E-05 0.9997
0.0194798 9.9991E-05 0.0346863 0.945734
0.0627222 0.0190051 0.0695073 0.848765
0.0415431 0.123057 0.0986394 0.736761
0.0748016 0.128421 0.0449522 0.751825
0.10849 0.045158 9.9991E-05 0.846253
0.0291022 0.133762 0.00520356 0.831932
0.0448365 0.0209257 0.0801987 0.854039
0.127353 0.0943547 0.0801041 0.698188
0.00337314 0.295561 0.110363 0.590703
9.9991E-05 0.249208 0.118804 0.631888
0.0142195 0.346609 0.0687354 0.570436
0.0553112 0.301759 0.0985288 0.544401
0.0229052 0.265046 0.152639 0.55941
9.9991E-05 0.346961 0.140996 0.511943
0.0352472 0.295667 0.204018 0.465068
0.099949 0.363631 9.9991E-05 0.53632
0.0327115 0.317198 0.164449 0.485642
0.0243851 0.310662 0.113527 0.551426
0.0161123 0.350821 0.0725597 0.560507
9.9982E-05 0.153693 0.846107 9.9982E-05
0.0447539 0.158788 0.796358 9.9991E-05
0.0363407 0.166302 0.783838 0.013519
0.0482617 0.115351 0.836287 9.9991E-05
0.0500294 0.151105 0.798765 9.9991E-05
0.0577852 0.169199 0.737684 0.035331
0.00646607 0.150835 0.842598 9.9991E-05
9.9982E-05 0.182849 0.816951 9.9982E-05
0.0492582 0.141809 0.601111 0.207821
9.99879E-05 0.123365 0.876435 9.99879E-05
0.0297384 0.149987 0.820175 9.9991E-05
0.0714581 0.064043 0.864399 9.9991E-05
0.0675932 0.133254 0.744098 0.0550541
0.0107937 0.0822829 0.686892 0.220031
0.103834 0.155793 0.704866 0.0355066
0.118379 0.133505 0.730068 0.018048
9.9982E-05 0.116569 0.883231 9.9982E-05
0.090519 0.110097 0.782537 0.0168466
0.0466975 0.149273 0.803929 9.9991E-05
0.0162002 0.155049 0.760196 0.0685548
0.0536547 0.169821 0.66763 0.108895
9.9991E-05 0.156893 0.822385 0.0206221
0.035475 0.122405 0.805141 0.0369793
0.0409961 0.116109 0.795009 0.0478861
0.0609872 0.212431 0.683907 0.0426746
0.0542394 0.199013 0.711213 0.0355354
0.024701 0.165117 0.793677 0.0165042
0.0900264 0.162212 0.735981 0.0117807
0.0547194 0.147235 0.717242 0.0808031
9.9982E-05 0.184424 0.815376 9.9982E-05
9.9991E-05 0.0548858 0.914777 0.0302376
0.0620409 0.14243 0.784155 0.0113746
9.9991E-05 0.206238 0.78267 0.0109921
9.9991E-05 0.172746 0.814118 0.013036
0.0178824 0.200231 0.781786 9.9991E-05
0.0663318 0.0834531 0.621996 0.228219
0.0751432 0.0385667 0.603912 0.282378
0.0994441 0.0984384 0.514341 0.287777
0.107321 0.0706256 0.599587 0.222467
0.0850651 0.0799983 0.543773 0.291164
9.9991E-05 0.0844161 0.620991 0.294493
0.0371571 0.0774671 0.644602 0.240774
0.147443 0.184481 0.442682 0.225394
