0.091974 0.209227 0.0695085 0.62909 9.9982E-05 9.9982E-05
0.0587766 9.9964E-05 9.9964E-05 0.940824 9.9964E-05 9.9964E-05
0.0507994 0.554725 9.9973E-05 0.394176 9.9973E-05 9.9973E-05
9.99731E-05 0.243988 9.99731E-05 0.451645 9.99731E-05 0.304067
9.9964E-05 0.132728 0.866872 9.9964E-05 9.9964E-05 9.9964E-05
9.9973E-05 0.102455 9.9973E-05 0.00962241 9.9973E-05 0.887623
9.9973E-05 0.193012 9.9973E-05 9.9973E-05 0.69492 0.111769
0.0105337 0.0292603 9.99731E-05 0.959906 9.99731E-05 9.99731E-05
0.509729 9.99641E-05 9.99641E-05 9.99641E-05 9.99641E-05 0.489871
9.9964E-05 9.9964E-05 0.165129 9.9964E-05 0.834472 9.9964E-05
9.996E-05 9.996E-05 9.996E-05 9.996E-05 0.9995 9.996E-05
9.9964E-05 9.9964E-05 9.9964E-05 0.890861 9.9964E-05 0.108739
0.0126085 0.252671 0.618413 9.9991E-05 0.0149034 0.101305
9.999E-05 0.705524 0.131652 0.0255853 0.117252 0.0198866
9.996E-05 9.996E-05 0.9995 9.996E-05 9.996E-05 9.996E-05
0.935925 0.0358735 9.99731E-05 9.99731E-05 0.0279012 9.99731E-05
9.9982E-05 0.0307613 9.9982E-05 0.848558 0.000388621 0.120092
0.395666 9.9973E-05 9.9973E-05 9.9973E-05 0.422107 0.181928
9.9964E-05 9.9964E-05 9.9964E-05 0.0350737 9.9964E-05 0.964526
0.977052 9.99641E-05 0.0225486 9.99641E-05 9.99641E-05 9.99641E-05
0.890478 9.99731E-05 0.0357255 0.0734969 9.99731E-05 9.99731E-05
0.350673 9.9991E-05 0.00691629 0.109689 0.0897966 0.442826
0.800856 0.019047 0.0982338 9.9982E-05 0.081663 9.9982E-05
0.199482 0.317387 9.9991E-05 0.339342 0.00525532 0.138433
9.9964E-05 0.953013 9.9964E-05 9.9964E-05 9.9964E-05 0.0465875
0.0858444 9.9973E-05 0.903608 0.0102476 9.9973E-05 9.9973E-05
9.997E-05 0.4117 9.997E-05 0.529999 9.997E-05 0.0580016
9.99821E-05 0.0695554 0.404073 0.00629511 9.99821E-05 0.519877
0.0357193 9.99642E-05 9.99642E-05 0.963881 9.99642E-05 9.99642E-05
9.99642E-05 9.99642E-05 9.99642E-05 0.310968 9.99642E-05 0.688632
9.9964E-05 0.622792 9.9964E-05 9.9964E-05 0.376808 9.9964E-05
9.996E-05 0.9995 9.996E-05 9.996E-05 9.996E-05 9.996E-05
9.9973E-05 0.153309 0.0455087 9.9973E-05 0.800883 9.9973E-05
0.0338753 0.0790196 9.9982E-05 9.9982E-05 0.0118976 0.875008
9.99731E-05 0.0819477 9.99731E-05 0.755947 9.99731E-05 0.161806
0.957257 9.9973E-05 9.9973E-05 0.0294147 9.9973E-05 0.0130279
0.286842 9.9964E-05 9.9964E-05 9.9964E-05 9.9964E-05 0.712758
0.00556693 9.9973E-05 9.9973E-05 9.9973E-05 0.0986406 0.895493
9.99821E-05 0.148813 9.99821E-05 0.103407 0.664014 0.083566
9.99641E-05 9.99641E-05 0.0661835 9.99641E-05 9.99641E-05 0.933417
9.9964E-05 9.9964E-05 9.9964E-05 0.228232 9.9964E-05 0.771368
9.99641E-05 9.99641E-05 9.99641E-05 0.879378 9.99641E-05 0.120222
0.6815 9.99641E-05 0.3181 9.99641E-05 9.99641E-05 9.99641E-05
9.996E-05 0.9995 9.996E-05 9.996E-05 9.996E-05 9.996E-05
9.996E-05 9.996E-05 0.9995 9.996E-05 9.996E-05 9.996E-05
9.99641E-05 9.99641E-05 9.99641E-05 0.995506 0.00409389 9.99641E-05
0.900203 9.9964E-05 9.9964E-05 9.9964E-05 9.9964E-05 0.0993968
0.165142 9.99641E-05 9.99641E-05 9.99641E-05 9.99641E-05 0.834458
0.267801 9.99731E-05 0.64879 0.0831095 9.99731E-05 9.99731E-05
0.76831 9.99731E-05 9.99731E-05 9.99731E-05 0.00404877 0.227341
