9.9937E-05 9.9937E-05 9.9937E-05 0.0708098 9.9937E-05 9.9937E-05 9.9937E-05 0.928491 9.9937E-05
9.9946E-05 9.9946E-05 9.9946E-05 0.202068 9.9946E-05 9.9946E-05 9.9946E-05 0.735419 0.061914
9.9973E-05 9.9973E-05 0.0218731 0.135613 0.00930372 0.00239951 0.0452831 0.785227 9.9973E-05
9.9955E-05 9.9955E-05 9.9955E-05 0.0851453 9.9955E-05 0.0295468 9.9955E-05 0.767125 0.117683
0.0536643 9.9973E-05 0.12494 9.9973E-05 0.00116574 0.00553115 9.9973E-05 0.794094 0.020305
9.9964E-05 9.9964E-05 9.9964E-05 9.9964E-05 0.0303995 0.0102225 0.0200673 0.898386 0.040525
9.9964E-05 0.00243688 0.0233183 9.9964E-05 9.9964E-05 0.0133435 9.9964E-05 0.906709 0.053792
9.9973E-05 9.9973E-05 0.029847 0.0713903 0.0104364 0.0268956 9.9973E-05 0.825092 0.036039
9.9955E-05 0.000951614 0.11943 9.9955E-05 9.9955E-05 9.9955E-05 9.9955E-05 0.802141 0.0769777
9.9982E-05 9.9982E-05 0.0524997 0.00257297 0.0161547 0.0296117 0.0434779 0.812359 0.043124
9.9973E-05 0.0811624 9.9973E-05 9.9973E-05 0.0254579 0.00887945 0.0632172 0.732994 0.0879891
9.9955E-05 9.9955E-05 9.9955E-05 0.223998 0.000158453 9.9955E-05 0.0561585 0.719185 9.9955E-05
0.0326697 0.0612473 0.0973021 9.9973E-05 0.0117423 9.9973E-05 9.9973E-05 0.772371 0.0243672
9.9973E-05 0.109501 9.9973E-05 0.0165164 0.000946924 9.9973E-05 0.0823251 0.685272 0.105138
9.9964E-05 9.9964E-05 0.0763035 0.067759 9.9964E-05 9.9964E-05 0.0460352 0.780554 0.028948
9.9955E-05 0.0452632 0.0108562 9.9955E-05 9.9955E-05 9.9955E-05 9.9955E-05 0.857097 0.0862838
9.9946E-05 9.9946E-05 9.9946E-05 9.9946E-05 0.0404415 0.010151 9.9946E-05 0.948808 9.9946E-05
0.0216613 9.9946E-05 9.9946E-05 9.9946E-05 0.00977155 9.9946E-05 9.9946E-05 0.967967 9.9946E-05
0.00834344 0.0517667 9.9946E-05 9.9946E-05 9.9946E-05 9.9946E-05 9.9946E-05 0.93929 9.9946E-05
0.0265439 9.9964E-05 9.9964E-05 9.9964E-05 0.0225005 0.0273511 0.0414665 0.881738 9.9964E-05
9.993E-05 9.993E-05 9.993E-05 9.993E-05 9.993E-05 9.993E-05 0.999201 9.993E-05 9.993E-05
0.0337245 0.0369097 9.9964E-05 0.24545 9.9964E-05 9.9964E-05 0.663245 9.9964E-05 0.0202709
0.0753065 0.127552 0.0177547 9.9982E-05 9.9982E-05 0.0150588 0.642313 0.0272356 0.0945793
0.134792 9.9964E-05 0.0691961 9.9964E-05 0.0440828 0.029203 0.722327 9.9964E-05 9.9964E-05
9.9946E-05 9.9946E-05 0.128839 9.9946E-05 9.9946E-05 9.9946E-05 0.870075 0.000486551 9.9946E-05
9.9955E-05 9.9955E-05 0.161907 0.0227576 0.0347388 9.9955E-05 0.780097 9.9955E-05 9.9955E-05
0.0716623 0.0424331 0.198864 9.9964E-05 9.9964E-05 9.9964E-05 0.665346 9.9964E-05 0.0212948
9.993E-05 9.993E-05 9.993E-05 9.993E-05 9.993E-05 9.993E-05 0.999201 9.993E-05 9.993E-05
9.9973E-05 0.0178821 0.202225 9.9973E-05 0.00805029 0.0369491 0.654085 9.9973E-05 0.0805081
0.0444976 0.201281 0.11316 9.9964E-05 9.9964E-05 9.9964E-05 0.572153 9.9964E-05 0.0685077
9.9964E-05 9.9964E-05 0.136776 0.107205 0.0140632 9.9964E-05 0.642631 9.9964E-05 0.0989246
0.0905575 9.9964E-05 0.209639 9.9964E-05 0.0286283 9.9964E-05 0.649085 9.9964E-05 0.0216904
0.0647169 0.00412405 0.163913 9.9973E-05 9.9973E-05 9.9973E-05 0.630356 0.0355589 0.10103
9.9964E-05 0.080923 9.9964E-05 0.154928 9.9964E-05 0.0323341 0.605477 9.9964E-05 0.125938
0.0554666 0.00679314 0.201657 0.169204 0.0122039 0.030277 0.518842 0.00545564 9.9991E-05
9.99549E-05 9.99549E-05 9.99549E-05 0.407707 9.99549E-05 9.99549E-05 0.381618 0.0464892 0.163686
0.0874819 0.097474 9.9982E-05 0.159574 0.0165723 0.0265783 0.588656 9.9982E-05 0.0234635
0.737837 0.091255 0.0321388 0.0660633 0.0157296 0.000964196 0.024566 9.9991E-05 0.0313461
0.639546 0.18301 0.0441837 0.0725479 0.0220463 0.00980135 9.9982E-05 9.9982E-05 0.0286648
0.69817 0.259029 9.9973E-05 9.9973E-05 0.00542225 9.9973E-05 0.0115214 0.00746445 0.0180927
0.769404 0.126866 9.9973E-05 0.0413934 0.0120273 9.9973E-05 0.0199419 9.9973E-05 0.0300673
0.776901 0.00795544 9.9982E-05 0.110556 0.00769222 0.0327741 0.0274286 0.0364927 9.9982E-05
0.818664 0.0551896 0.0938338 0.00781526 0.00198957 0.0222076 9.9973E-05 9.9973E-05 9.9973E-05
0.641695 0.0124939 9.9991E-05 0.129995 0.00656581 0.0252778 0.00554609 0.0423569 0.13597
0.747929 0.100054 0.0320349 0.088347 0.00663639 0.0216483 0.00315083 9.9982E-05 9.9982E-05
0.717442 0.0291782 0.136316 9.9991E-05 0.00449356 0.0161604 0.018 0.040157 0.0381531
0.802609 0.109776 9.9955E-05 9.9955E-05 0.0378181 0.049298 9.9955E-05 9.9955E-05 9.9955E-05
0.80021 0.0297952 0.0814855 0.07382 0.00188245 0.00806278 9.99829E-05 0.00454403 9.99829E-05
0.909671 9.9955E-05 9.9955E-05 9.9955E-05 0.0395273 9.9955E-05 0.00381819 0.0464833 9.9955E-05
0.778514 0.075071 9.9955E-05 0.0957068 9.9955E-05 9.9955E-05 9.9955E-05 9.9955E-05 0.0502088
0.810481 9.9973E-05 0.052312 0.071927 0.0406343 9.9973E-05 0.0129005 0.0114456 9.9973E-05
0.842582 9.9964E-05 9.9964E-05 0.0985388 0.0119076 9.9964E-05 0.0306216 9.9964E-05 0.01595
0.766717 0.0930191 0.0998366 9.9955E-05 9.9955E-05 0.0399279 9.9955E-05 9.9955E-05 9.9955E-05
0.743433 0.0201781 9.9973E-05 0.119208 0.0390695 9.9973E-05 0.0144242 0.0633871 9.9973E-05
0.639141 0.201298 9.9973E-05 9.9973E-05 0.0132594 0.0285027 9.9973E-05 0.0272702 0.090229
0.685373 0.0252451 0.047941 0.166145 0.0343525 9.9991E-05 0.00912216 0.000193137 0.031528
0.71544 9.9991E-05 0.052376 0.0398272 0.00803532 0.0659743 0.0549202 0.0349927 0.0283341
0.135284 0.254311 0.0304335 0.431429 0.0276472 0.0223397 0.0168021 9.9991E-05 0.0816536
9.993E-05 9.993E-05 9.993E-05 0.999201 9.993E-05 9.993E-05 9.993E-05 9.993E-05 9.993E-05
0.0156986 0.412506 0.113522 0.296786 9.9991E-05 0.0896869 0.00863051 0.0258513 0.0372189
0.0363273 0.379684 0.258324 0.214904 0.0151528 0.0612039 9.9982E-05 0.0342038 9.9982E-05
9.9964E-05 0.381709 0.235766 0.330878 0.0159487 0.0352982 9.9964E-05 9.9964E-05 9.9964E-05
0.0676345 0.520502 0.0998636 0.237202 0.0258806 0.0294415 0.00770429 0.0116723 9.9991E-05
9.99459E-05 0.976333 9.99459E-05 9.99459E-05 0.0221865 9.99459E-05 0.000880983 9.99459E-05 9.99459E-05
9.993E-05 9.993E-05 9.993E-05 0.999201 9.993E-05 9.993E-05 9.993E-05 9.993E-05 9.993E-05
9.9982E-05 0.417919 0.101356 0.250289 0.0327109 0.0261826 9.9982E-05 0.117546 0.0537958
9.999E-05 0.678928 0.033079 0.0620041 0.0360052 0.0140727 0.115026 0.0258123 0.0349726
9.9973E-05 0.503932 0.125001 0.244498 0.0461961 0.055043 0.02503 9.9973E-05 9.9973E-05
9.9982E-05 0.540479 0.140051 0.16459 0.0376934 0.0682107 0.0453473 0.00342859 9.9982E-05
9.999E-05 0.377958 0.0430007 0.393334 0.0316128 0.0571675 0.0531165 0.0199584 0.0237524
9.9973E-05 0.625823 0.0908095 0.23483 0.022648 0.00366827 9.9973E-05 0.0219212 9.9973E-05
0.0128999 0.663266 0.148024 0.108215 0.0293857 0.0379093 9.9973E-05 9.9973E-05 9.9973E-05
9.9973E-05 0.401587 0.111625 0.407867 0.0227236 0.0384363 0.0174608 9.9973E-05 9.9973E-05
0.00394411 9.9973E-05 0.41847 0.486979 0.042238 0.046707 9.9973E-05 0.00136178 9.9973E-05
0.223295 0.268266 0.336643 0.112461 0.0426331 0.00956067 0.0069412 9.9982E-05 9.9982E-05
0.236219 0.450129 0.124709 0.10697 0.0192533 0.0215648 9.9982E-05 0.0409542 9.9982E-05
0.4041 0.171627 0.0528226 0.248729 0.0285465 0.0372538 9.9982E-05 0.056721 9.9982E-05
9.993E-05 0.999201 9.993E-05 9.993E-05 9.993E-05 9.993E-05 9.993E-05 9.993E-05 9.993E-05
0.157577 0.123793 0.17796 0.318524 0.0667334 0.0836795 0.024493 0.0361417 0.0110991
0.107702 0.517246 0.015196 0.256472 0.0343051 0.0533578 9.9982E-05 9.9982E-05 0.0155214
0.0897847 0.419778 0.202597 0.0569474 0.0820155 0.0530798 0.0775663 0.0181315 9.9991E-05
0.000712995 0.388605 0.10225 0.389581 0.0107905 0.0513526 0.0281777 0.0284303 9.9991E-05
0.00949428 0.643427 9.9973E-05 0.181327 0.0216975 0.0649891 9.9973E-05 0.0787651 9.9973E-05
0.191007 0.158739 9.9991E-05 0.197569 0.0594336 0.0745688 0.0794786 0.0453961 0.193707
0.12894 0.137097 9.9973E-05 0.110794 0.0427184 0.0182653 9.9973E-05 9.9973E-05 0.561885
0.144057 0.0611737 0.211246 0.425275 0.0276138 9.9991E-05 0.00731162 0.0144443 0.108779
0.0578003 0.571295 0.185483 0.0631136 0.038907 0.0322938 9.9991E-05 0.0259291 0.0250781
0.075041 0.338696 0.313922 0.10841 0.0714287 9.9982E-05 9.9982E-05 0.00204474 0.0902577
0.032069 0.360738 0.186829 0.322673 9.9973E-05 0.0443996 9.9973E-05 9.9973E-05 0.0529913
9.9955E-05 9.9955E-05 0.00550439 0.272728 0.00388459 0.717384 9.9955E-05 9.9955E-05 9.9955E-05
0.0803022 0.58909 0.0873074 0.169477 0.0210897 0.042737 9.9982E-05 0.0097968 9.9982E-05
0.00361872 0.838289 0.0473114 0.0668674 0.0138704 9.9973E-05 9.9973E-05 9.9973E-05 0.0297429
9.9982E-05 0.00918357 9.9982E-05 0.705118 0.0415283 0.0644913 0.061686 0.057847 0.0599462
9.9991E-05 0.190855 0.0567756 0.459162 0.05192 0.0483493 0.0948055 0.0725122 0.0255202
9.9982E-05 0.4224 0.0171625 0.438761 0.0226126 9.9982E-05 0.0413031 0.00519339 0.0523675
0.016737 0.133272 0.186389 0.506747 9.9991E-05 0.0516041 0.00996874 0.0817678 0.0134151
0.04264 0.13669 0.173326 0.417674 0.0724533 0.0468408 9.9991E-05 0.0534537 0.0568218
0.0573669 0.413236 0.153089 0.266301 0.0494205 0.0152124 9.9982E-05 0.0451745 9.9982E-05
0.00642773 0.392981 0.28594 0.245074 0.0364337 0.00934926 0.0151625 0.00853114 9.9991E-05
0.036439 0.361389 0.105736 0.349244 0.072396 0.0642795 9.9982E-05 0.0103163 9.9982E-05
9.9982E-05 0.402687 0.088592 0.331433 0.0192687 0.0444644 0.0452793 9.9982E-05 0.0680756
9.9991E-05 0.388184 0.0118756 0.342841 0.0174018 0.143071 0.00995339 0.0171316 0.0694417
9.9955E-05 0.629294 0.214492 0.154911 0.000803973 9.9955E-05 9.9955E-05 9.9955E-05 9.9955E-05
9.993E-05 9.993E-05 9.993E-05 9.993E-05 9.993E-05 0.999201 9.993E-05 9.993E-05 9.993E-05
0.0443483 0.187348 0.17872 0.372677 0.062142 0.072687 0.00873989 0.0481824 0.0251557
9.9964E-05 0.690584 9.9964E-05 0.202727 9.9964E-05 0.0465804 0.0565086 0.00319977 9.9964E-05
9.9973E-05 0.51191 0.0763529 0.203052 9.9973E-05 0.0748648 9.9973E-05 0.0540649 0.0794556
0.14682 0.578018 0.137342 0.103133 0.00169445 0.0258116 9.9982E-05 0.00698073 9.9982E-05
0.00586626 0.383167 0.261233 0.290147 0.0459577 9.9973E-05 9.9973E-05 0.0133285 9.9973E-05
9.9982E-05 0.318787 0.267414 0.302754 0.0306658 0.0103521 0.0554064 0.0144204 9.9982E-05
9.993E-05 9.993E-05 9.993E-05 9.993E-05 0.999201 9.993E-05 9.993E-05 9.993E-05 9.993E-05
9.993E-05 9.993E-05 9.993E-05 9.993E-05 9.993E-05 0.999201 9.993E-05 9.993E-05 9.993E-05
9.993E-05 9.993E-05 9.993E-05 9.993E-05 0.999201 9.993E-05 9.993E-05 9.993E-05 9.993E-05
9.9964E-05 0.235965 9.9964E-05 0.634584 0.0082195 0.0659008 9.9964E-05 9.9964E-05 0.0549316
9.9982E-05 0.254341 9.9982E-05 0.400394 0.0513865 0.106134 0.0981122 0.0386392 0.0507939
0.0393783 0.212301 0.152346 0.43145 0.011445 0.0633085 0.0415507 0.0481197 9.9991E-05
9.9982E-05 0.365411 0.0771882 0.356206 0.0856829 0.0733193 0.00844945 0.0335428 9.9982E-05
0.00699583 0.785182 0.138239 0.00376762 0.0164777 0.026427 0.00445982 0.0183512 9.9991E-05
9.9955E-05 9.9955E-05 9.9955E-05 0.333927 9.9955E-05 0.623671 0.0132097 0.0286922 9.9955E-05
0.0665226 0.255037 0.0648924 0.39 0.0478137 0.078472 0.00446241 0.0756725 0.0171277
9.9946E-05 9.9946E-05 0.699128 0.271184 9.9946E-05 9.9946E-05 0.0290888 9.9946E-05 9.9946E-05
9.995E-05 0.000545456 0.959832 9.995E-05 0.0390232 9.995E-05 9.995E-05 9.995E-05 9.995E-05
9.9964E-05 0.0187771 0.884254 9.9964E-05 0.0327958 0.0358712 0.0279021 9.9964E-05 9.9964E-05
9.9946E-05 9.9946E-05 0.811196 0.177197 9.9946E-05 9.9946E-05 9.9946E-05 0.0110074 9.9946E-05
0.0433282 0.0634508 0.647192 0.00885412 0.064177 0.0505741 0.0578083 0.00300597 0.0616091
9.9973E-05 9.9973E-05 0.861092 0.0376333 0.00362521 0.00517948 0.0425355 9.9973E-05 0.0496349
9.993E-05 9.993E-05 0.999201 9.993E-05 9.993E-05 9.993E-05 9.993E-05 9.993E-05 9.993E-05
9.9955E-05 9.9955E-05 0.845715 0.0880502 9.9955E-05 0.0176819 9.9955E-05 0.0480531 9.9955E-05
0.108236 9.9955E-05 0.863343 9.9955E-05 0.0188421 9.9955E-05 0.00907935 9.9955E-05 9.9955E-05
0.0784647 0.0183782 0.775062 0.0507949 0.0330372 0.0308974 0.0131652 9.9982E-05 9.9982E-05
0.0188671 0.0645856 0.73417 0.0712877 0.0255924 0.0117108 0.0735865 9.9982E-05 9.9982E-05
0.00501623 9.9973E-05 0.173015 9.9973E-05 0.0239644 0.0279249 0.0369806 9.9973E-05 0.732799
0.028563 9.9973E-05 0.230896 9.9973E-05 9.9973E-05 0.0245646 0.0187742 0.0263734 0.670529
0.0857767 0.0246755 9.9991E-05 0.0795832 0.0142822 0.0141266 0.0731177 0.0193791 0.688959
0.139288 9.9973E-05 9.9973E-05 0.0396621 0.0356832 9.9973E-05 0.0498069 0.0465101 0.688749
0.122737 0.131026 9.9964E-05 9.9964E-05 9.9964E-05 9.9964E-05 0.0792137 0.00656915 0.660055
9.9973E-05 0.0951055 0.0227059 0.0738645 0.00917494 9.9973E-05 0.0610668 9.9973E-05 0.737782
0.0853277 0.0185244 0.0931055 9.9982E-05 0.000212299 0.041378 0.0369701 9.9982E-05 0.724282
9.9973E-05 0.0550001 0.127572 9.9973E-05 0.0114022 0.017022 0.038152 9.9973E-05 0.750552
0.0750053 9.9982E-05 9.9982E-05 0.254775 0.0646232 0.00589487 0.0639455 0.01355 0.522006
0.211502 9.9955E-05 0.179259 9.9955E-05 9.9955E-05 0.000367542 9.9955E-05 9.9955E-05 0.608372
0.162812 9.9973E-05 0.071337 9.9973E-05 0.0229783 9.9973E-05 0.0411528 0.0317499 0.66967
0.105008 0.0299698 9.9982E-05 0.0325307 0.0198133 9.9982E-05 0.0492191 0.0675534 0.695706
0.0724035 0.0537463 0.0677808 0.0659557 0.0356291 9.9991E-05 0.0824845 0.0230453 0.598855
0.0732858 9.9964E-05 0.211396 0.143134 0.0272693 9.9964E-05 9.9964E-05 9.9964E-05 0.544515
9.9973E-05 9.9973E-05 9.9973E-05 0.203555 0.0337723 0.00644641 0.0632494 0.0530275 0.639649
0.0290675 9.9964E-05 9.9964E-05 0.241306 9.9964E-05 0.00264315 9.9964E-05 0.0515163 0.675067
9.9955E-05 9.9955E-05 0.0352211 0.156771 0.0331814 9.9955E-05 9.9955E-05 9.9955E-05 0.774326
0.0580864 0.00937521 0.0533509 0.0577074 0.0345997 9.9982E-05 9.9982E-05 0.0467715 0.739909
0.0336972 9.9973E-05 9.9973E-05 9.9973E-05 0.0379035 0.0246594 0.0546423 0.0509075 0.79789
0.010213 0.0331329 9.9982E-05 0.169342 0.00560698 9.9982E-05 0.0646514 0.0184909 0.698363
0.0413192 9.9991E-05 0.0195124 0.104886 0.0213728 0.027343 0.0501144 0.0843712 0.650981
0.0421403 0.0644758 0.0871642 9.9973E-05 0.0268703 0.0332322 9.9973E-05 9.9973E-05 0.745817
9.9982E-05 9.9982E-05 0.00264797 0.174588 0.0370422 0.0259287 0.0235867 0.00110274 0.734904
0.00292571 0.0375994 9.9973E-05 0.157367 9.9973E-05 9.9973E-05 0.00983499 0.029872 0.762102
9.9964E-05 9.9964E-05 9.9964E-05 0.136208 9.9964E-05 0.0548164 0.122793 0.0460483 0.639734
9.9982E-05 9.9982E-05 0.116584 0.119376 0.00800292 0.0132695 0.0438656 0.0330974 0.665604
0.0255561 9.9973E-05 9.9973E-05 0.0993089 0.0446982 9.9973E-05 0.0802651 0.0344493 0.715422
0.0712792 9.9964E-05 9.9964E-05 0.219689 9.9964E-05 0.00428406 9.9964E-05 0.0342389 0.670109
9.9982E-05 9.9982E-05 0.00939589 0.188696 0.0392791 0.00980628 0.0395858 0.0317056 0.681332
0.0874199 0.0187388 0.0182689 0.0296428 0.027292 0.0377179 0.00645116 9.9991E-05 0.774368
0.0714509 9.9973E-05 0.133767 0.000904582 0.0180958 0.0247236 9.9973E-05 9.9973E-05 0.750758
0.11285 9.9973E-05 0.0622628 0.12339 9.9973E-05 9.9973E-05 0.023367 0.0355363 0.642294
0.0969553 0.00100353 0.0360359 0.106654 9.9973E-05 9.9973E-05 0.0921132 9.9973E-05 0.666938
9.9982E-05 0.0212357 9.9982E-05 0.0424827 0.0298825 0.0436604 0.0627556 0.00287004 0.796913
9.9982E-05 0.0286886 0.0708447 0.0481124 0.0145046 9.9982E-05 0.0327032 0.0374131 0.767533
0.618899 9.9973E-05 0.00348898 0.199927 9.9973E-05 9.9973E-05 0.0393329 0.0027525 0.1353
0.53316 9.9973E-05 9.9973E-05 0.199538 9.9973E-05 0.0503912 0.0734879 0.0121905 0.130932
0.557026 9.9982E-05 9.9982E-05 0.277949 0.00291538 0.00094973 0.0103626 0.0645923 0.086005
0.526742 9.9973E-05 9.9973E-05 0.235993 9.9973E-05 0.0193377 0.0299846 0.0858086 0.101835
0.558125 9.9991E-05 0.0443247 0.144671 0.0252144 0.00616746 0.0390451 0.0825696 0.0997832
0.629247 9.9973E-05 0.132723 9.9973E-05 0.0344843 0.0302729 0.065906 9.9973E-05 0.107066
0.775079 9.9973E-05 0.0340532 0.132862 9.9973E-05 0.020453 0.0258489 9.9973E-05 0.0114048
0.581934 9.9964E-05 0.135403 0.0978029 9.9964E-05 9.9964E-05 0.11294 0.0715199 9.9964E-05
