0	0.245749	0.259644	0.268613	0.170912	0.258094	0.252774	0.253141	0.256345	0.259609	0.252655	0.251662	0.24518	0.245168	0.244657	0.251817	0.277135	0.279368	0.274029	0.274899	0.272445	0.277809	0.308885	0.278554	0.272781	0.271438	0.271574	0.272658	0.273004	0.294707	0.270002	0.271069	0.276177	0.291085	0.273472	0.266405	0.26604	0.269171	0.26671	0.264655	0.261541	0.268711	0.261217	0.266108	0.26968	0.269462	0.263947	0.269778	0.262997	0.268642	0.265601	0.260492	0.264745	0.271098	0.272155	0.274734	0.287342	0.272705	0.271486	0.282435	0.276308	0.269321	0.276015	0.28018	0.27559	0.270768	0.269181	0.264063	0.277989	0.264741	0.268187	0.277325	0.274407	0.271909	0.270058	0.274581	0.266714	0.274224	0.269064	0.275015	0.284027	0.27169	0.278837	0.2712	0.268205	0.268223	0.281728	0.275957	0.271892	0.278827	0.296439	0.28518	0.285987	0.269754	0.276968	0.277767	0.282894	0.276465	0.279027	0.274614	0.270922	0.262328	0.265396	0.278728	0.284657	0.284792	0.273177	0.27271	0.276624	0.267835	0.26907	0.280131	0.274464	0.271837	0.273855	0.281916	0.273253	0.273362	0.274197	0.274799	0.277646	0.269413	0.271981	0.268718	0.268499	0.269555	0.266858	0.275115	0.275137	0.272797	0.272929	0.270005	0.271248	0.278781	0.277611	0.287305	0.273522	0.271248	0.278345	0.283938	0.287957	0.293221	0.277605	0.293745	0.279642	0.286135	0.293923	0.278213	0.277853	0.274974	0.27091	0.274956	0.275096	0.272753	0.292876	0.284251	0.28493	0.272581	0.280578	0.277931
0.245749	0	0.256277	0.259358	0.248234	0.256982	0.250556	0.247118	0.25244	0.257	0.251454	0.247692	0.248355	0.244583	0.253644	0.247996	0.276581	0.284137	0.274455	0.270889	0.271646	0.272185	0.311977	0.278185	0.272346	0.268866	0.265871	0.270521	0.272082	0.294834	0.271583	0.273336	0.279354	0.284933	0.269158	0.266645	0.272034	0.26841	0.269394	0.269154	0.26755	0.263746	0.267874	0.261212	0.275567	0.270323	0.27207	0.268839	0.269699	0.267685	0.26559	0.266156	0.264974	0.269372	0.274366	0.276981	0.27869	0.273789	0.276148	0.272705	0.264412	0.277301	0.275312	0.282115	0.272696	0.269526	0.274188	0.267153	0.277692	0.269223	0.267279	0.273155	0.275757	0.269911	0.270442	0.281161	0.264063	0.274311	0.26656	0.272601	0.28331	0.269006	0.278394	0.271434	0.273577	0.265332	0.277378	0.27408	0.272401	0.284445	0.295407	0.284116	0.284852	0.275072	0.276349	0.279184	0.284771	0.273022	0.283109	0.268741	0.279022	0.26951	0.269716	0.268932	0.283594	0.289369	0.271523	0.272622	0.273709	0.273857	0.271878	0.281657	0.277823	0.275241	0.277545	0.283232	0.276847	0.271104	0.277358	0.275687	0.275628	0.270148	0.273084	0.267941	0.274477	0.271029	0.265417	0.277571	0.276304	0.274992	0.273208	0.270714	0.271829	0.273279	0.27562	0.287388	0.269278	0.270813	0.275065	0.281917	0.288711	0.290642	0.273972	0.294813	0.275011	0.284729	0.294267	0.279298	0.277907	0.279161	0.271724	0.275291	0.277714	0.27135	0.29328	0.28526	0.287862	0.271783	0.272496	0.281751
0.259644	0.256277	0	0.266034	0.249942	0.260363	0.255927	0.253847	0.257087	0.254171	0.253106	0.251021	0.241185	0.24276	0.249454	0.246574	0.283092	0.284769	0.269676	0.278779	0.277433	0.282383	0.314639	0.276003	0.279493	0.273709	0.273824	0.273221	0.280103	0.296696	0.272938	0.277021	0.276692	0.291939	0.276186	0.272772	0.270482	0.270237	0.271204	0.270141	0.266258	0.268672	0.269687	0.267813	0.273192	0.276986	0.273076	0.27322	0.273453	0.27278	0.270219	0.266823	0.268139	0.270745	0.274944	0.279097	0.280393	0.276041	0.276467	0.280512	0.273577	0.277017	0.279077	0.281145	0.275649	0.273747	0.273945	0.273361	0.27822	0.271848	0.27201	0.282566	0.279754	0.272619	0.276926	0.285704	0.268252	0.271239	0.27299	0.278066	0.286734	0.274672	0.282236	0.282243	0.27115	0.275887	0.283744	0.276409	0.277225	0.283576	0.30283	0.288285	0.293216	0.279158	0.278414	0.277172	0.291686	0.278514	0.287677	0.276498	0.278248	0.271883	0.273026	0.280327	0.287803	0.284176	0.274091	0.272115	0.274137	0.271226	0.272334	0.287762	0.277882	0.276974	0.2807	0.288283	0.280158	0.271646	0.275059	0.269605	0.283108	0.270743	0.267736	0.267092	0.2721	0.276832	0.276541	0.272907	0.275646	0.272651	0.274043	0.273415	0.274628	0.273624	0.272782	0.287541	0.281648	0.272503	0.278375	0.282958	0.291853	0.292577	0.280073	0.289504	0.282494	0.281818	0.294681	0.283641	0.2734	0.277183	0.276447	0.280545	0.27858	0.276821	0.294418	0.286659	0.285726	0.272127	0.275838	0.277098
0.268613	0.259358	0.266034	0	0.264237	0.262216	0.258365	0.248931	0.269586	0.262126	0.263228	0.259007	0.256495	0.259693	0.260783	0.261725	0.289145	0.299347	0.290632	0.286666	0.287534	0.289518	0.318624	0.290165	0.290268	0.286171	0.283246	0.285484	0.291713	0.307611	0.285835	0.288546	0.292363	0.310258	0.288906	0.283766	0.285834	0.275426	0.280939	0.284903	0.278648	0.279401	0.276806	0.279306	0.280243	0.280565	0.285785	0.281389	0.282709	0.281786	0.277445	0.281528	0.276783	0.287637	0.285841	0.292216	0.297001	0.282586	0.286545	0.290887	0.28083	0.283341	0.290663	0.291191	0.283751	0.284216	0.285312	0.280254	0.286803	0.284126	0.282059	0.291012	0.287768	0.277378	0.285767	0.285848	0.281359	0.282425	0.2799	0.29223	0.29142	0.282861	0.288291	0.286324	0.280497	0.281564	0.288625	0.291765	0.285092	0.291612	0.303676	0.302255	0.299374	0.29024	0.2874	0.289768	0.298018	0.283844	0.289706	0.285648	0.28391	0.279396	0.284453	0.289154	0.296841	0.299985	0.28591	0.286284	0.286991	0.282013	0.2799	0.302262	0.293602	0.280442	0.284932	0.296967	0.293419	0.285234	0.283957	0.288328	0.290837	0.282344	0.285681	0.287016	0.291277	0.285963	0.284209	0.283239	0.284968	0.285044	0.283826	0.290734	0.281112	0.288355	0.292459	0.301542	0.288592	0.284561	0.284997	0.299217	0.304739	0.300256	0.289297	0.306009	0.295872	0.298255	0.309946	0.301145	0.290967	0.291705	0.29102	0.287987	0.285896	0.289689	0.307928	0.30218	0.292507	0.281268	0.289531	0.294498
0.170912	0.248234	0.249942	0.264237	0	0.255457	0.248104	0.250562	0.254625	0.255986	0.252556	0.252877	0.238241	0.247666	0.243489	0.251863	0.274465	0.275888	0.275413	0.273211	0.273173	0.272576	0.302335	0.275868	0.271688	0.27184	0.267332	0.271438	0.267088	0.291614	0.265286	0.270272	0.273679	0.28749	0.274716	0.264864	0.268634	0.273843	0.260777	0.2651	0.259528	0.26722	0.260038	0.264287	0.270057	0.264286	0.26668	0.266764	0.265535	0.269577	0.262112	0.266964	0.256822	0.272679	0.269287	0.276239	0.283177	0.27705	0.269547	0.279629	0.272511	0.2692	0.276608	0.280605	0.278019	0.26817	0.274789	0.264147	0.272698	0.266153	0.268769	0.281024	0.272466	0.275729	0.273139	0.274965	0.26829	0.272827	0.263611	0.273413	0.281145	0.270434	0.279607	0.270494	0.271753	0.268179	0.271884	0.27773	0.270563	0.27727	0.296982	0.291356	0.288875	0.274945	0.272956	0.275691	0.287046	0.279082	0.281094	0.272681	0.278172	0.265914	0.273276	0.278845	0.282501	0.284574	0.270926	0.272232	0.274602	0.2665	0.266874	0.28371	0.275392	0.273788	0.275191	0.281051	0.273683	0.272934	0.273554	0.268743	0.278284	0.268485	0.269456	0.267085	0.265639	0.266574	0.266362	0.272885	0.274385	0.273865	0.27179	0.268008	0.270853	0.279995	0.272956	0.279947	0.266139	0.269111	0.274317	0.280808	0.285533	0.293835	0.277545	0.291229	0.275918	0.285509	0.286719	0.275022	0.277167	0.272313	0.269797	0.277265	0.27707	0.273039	0.292726	0.289906	0.285335	0.270101	0.275919	0.274726
0.258094	0.256982	0.260363	0.262216	0.255457	0	0.253713	0.253495	0.258172	0.272662	0.265082	0.252855	0.247923	0.249174	0.253003	0.249857	0.286475	0.29536	0.282151	0.277882	0.279953	0.28446	0.311982	0.285094	0.279858	0.280332	0.279054	0.274715	0.279767	0.311502	0.274483	0.282055	0.28344	0.300028	0.27314	0.274244	0.279359	0.271737	0.271511	0.273648	0.265966	0.275275	0.271195	0.268906	0.276083	0.274277	0.273386	0.269921	0.27559	0.270094	0.265735	0.270434	0.269643	0.273571	0.276329	0.277032	0.288149	0.27792	0.279062	0.283988	0.273392	0.275225	0.286995	0.281481	0.281212	0.269374	0.275892	0.269097	0.277297	0.276967	0.267001	0.284534	0.280367	0.273393	0.273217	0.277995	0.268707	0.275932	0.272796	0.275213	0.283833	0.277259	0.277477	0.277366	0.272697	0.274099	0.277176	0.287364	0.272109	0.281153	0.296384	0.285477	0.292033	0.278953	0.276801	0.276404	0.290907	0.28122	0.283065	0.278658	0.272309	0.272391	0.276303	0.275785	0.288595	0.290055	0.277577	0.274782	0.274763	0.272988	0.270467	0.287918	0.287184	0.276348	0.27696	0.286607	0.278253	0.278197	0.269041	0.281644	0.285275	0.274796	0.274885	0.276075	0.27733	0.275317	0.271752	0.272353	0.277067	0.280368	0.277625	0.278374	0.275595	0.277698	0.281774	0.294714	0.27748	0.276188	0.274845	0.284856	0.300611	0.295236	0.281736	0.300525	0.287062	0.288917	0.304883	0.282512	0.286735	0.27549	0.285773	0.28311	0.28248	0.28122	0.298885	0.285428	0.29045	0.275944	0.281516	0.286427
0.252774	0.250556	0.255927	0.258365	0.248104	0.253713	0	0.252008	0.254122	0.253289	0.250257	0.250186	0.249575	0.242222	0.250161	0.248089	0.276021	0.284957	0.272075	0.269429	0.275265	0.272352	0.308087	0.273849	0.273023	0.26946	0.267605	0.26773	0.269915	0.295465	0.266894	0.272472	0.269158	0.289646	0.271112	0.26369	0.272334	0.263839	0.261702	0.266167	0.260266	0.265311	0.268926	0.260841	0.27009	0.267955	0.266902	0.266234	0.267856	0.27177	0.26592	0.264656	0.263254	0.269489	0.270669	0.275932	0.279481	0.272148	0.269455	0.273782	0.270369	0.267113	0.278424	0.280049	0.272028	0.259616	0.270923	0.264356	0.269404	0.269371	0.268551	0.277179	0.274408	0.268754	0.269721	0.278418	0.263441	0.272449	0.265973	0.277063	0.280049	0.268326	0.273021	0.270666	0.27163	0.268817	0.274102	0.279308	0.267921	0.276513	0.298711	0.284533	0.284369	0.275497	0.268017	0.275682	0.2833	0.271149	0.27792	0.275674	0.269367	0.26789	0.271146	0.272425	0.280208	0.285567	0.273833	0.264299	0.274888	0.270825	0.267464	0.27829	0.274964	0.270206	0.273273	0.278638	0.275495	0.269244	0.271525	0.271107	0.27507	0.265305	0.267583	0.268431	0.271453	0.262809	0.267453	0.268672	0.268301	0.272401	0.272778	0.269921	0.266316	0.27366	0.267952	0.291722	0.268142	0.267805	0.264599	0.275301	0.288455	0.28636	0.277562	0.298861	0.279581	0.279343	0.286356	0.283079	0.272523	0.269701	0.277112	0.274744	0.270225	0.273392	0.285046	0.285827	0.282079	0.267844	0.281279	0.270843
0.253141	0.247118	0.253847	0.248931	0.250562	0.253495	0.252008	0	0.255716	0.258288	0.250899	0.247953	0.243496	0.24283	0.250127	0.24426	0.276279	0.286124	0.269825	0.278681	0.271342	0.276624	0.309309	0.27797	0.275013	0.270096	0.267149	0.273933	0.271994	0.295859	0.265214	0.273531	0.272548	0.293782	0.270042	0.270204	0.268349	0.268764	0.267172	0.268032	0.26468	0.270995	0.261863	0.262771	0.276107	0.267868	0.269769	0.268204	0.271723	0.271618	0.26388	0.259075	0.262847	0.268381	0.267686	0.277711	0.281892	0.273999	0.271572	0.280948	0.268253	0.272363	0.279289	0.280624	0.276511	0.270748	0.267849	0.26953	0.272462	0.268543	0.266833	0.273936	0.275399	0.267884	0.271116	0.275948	0.268138	0.272446	0.266043	0.277307	0.283361	0.271958	0.277648	0.26868	0.26906	0.270483	0.27552	0.277098	0.269464	0.281624	0.291996	0.284207	0.287867	0.273704	0.27858	0.280167	0.283069	0.278979	0.280894	0.274833	0.280682	0.264004	0.267601	0.274303	0.284319	0.290375	0.271	0.266899	0.27254	0.26586	0.266818	0.284686	0.280538	0.270058	0.271552	0.281726	0.27439	0.270222	0.272923	0.269172	0.283287	0.265813	0.269542	0.270184	0.274175	0.270369	0.26771	0.272114	0.271473	0.271153	0.2732	0.275113	0.273262	0.270356	0.274125	0.28977	0.27106	0.268385	0.269389	0.280817	0.290629	0.291476	0.278637	0.294533	0.279638	0.280255	0.292346	0.280862	0.279047	0.274176	0.278307	0.279004	0.274747	0.270784	0.301535	0.290023	0.277948	0.271799	0.273534	0.275476
0.256345	0.25244	0.257087	0.269586	0.254625	0.258172	0.254122	0.255716	0	0.257964	0.259167	0.25258	0.250474	0.253146	0.253802	0.249028	0.278318	0.29032	0.282486	0.276372	0.274413	0.278771	0.308767	0.283659	0.276274	0.276383	0.269162	0.275457	0.281234	0.301814	0.273762	0.274665	0.276125	0.296765	0.274467	0.264931	0.272353	0.272423	0.272004	0.274139	0.266345	0.265764	0.271126	0.267835	0.271261	0.267688	0.27123	0.268668	0.275552	0.272567	0.267957	0.272638	0.268	0.277785	0.274402	0.279669	0.285859	0.277637	0.277632	0.277677	0.272068	0.272163	0.286093	0.273952	0.277874	0.271146	0.27397	0.266379	0.280732	0.270462	0.269639	0.274608	0.280811	0.272327	0.272936	0.275002	0.270732	0.272876	0.270668	0.280298	0.284969	0.276031	0.275415	0.278718	0.271138	0.270937	0.277849	0.279676	0.273663	0.283516	0.302147	0.285681	0.289454	0.274706	0.278904	0.28289	0.278228	0.280332	0.279894	0.272622	0.276992	0.268618	0.272153	0.281656	0.28203	0.288584	0.269061	0.275954	0.277917	0.273809	0.273154	0.288579	0.280374	0.275268	0.279903	0.28854	0.279987	0.272062	0.275907	0.27377	0.275049	0.274462	0.272387	0.26576	0.269331	0.272621	0.273233	0.272883	0.277014	0.280198	0.274086	0.273997	0.275877	0.277685	0.273813	0.291312	0.275157	0.271038	0.275087	0.280995	0.286615	0.290614	0.28047	0.295122	0.27738	0.289037	0.294563	0.285345	0.282172	0.273449	0.278005	0.28118	0.276305	0.278832	0.302789	0.290408	0.28343	0.275027	0.279958	0.280705
0.259609	0.257	0.254171	0.262126	0.255986	0.272662	0.253289	0.258288	0.257964	0	0.25777	0.252816	0.258865	0.253318	0.254639	0.251821	0.278153	0.285501	0.28053	0.277323	0.27981	0.283465	0.309918	0.282391	0.27659	0.283263	0.272368	0.278224	0.281303	0.295912	0.270381	0.279945	0.279426	0.29857	0.276141	0.27151	0.271303	0.270134	0.272598	0.275436	0.270939	0.272444	0.270312	0.270321	0.277412	0.28001	0.274656	0.274317	0.275875	0.272542	0.26837	0.274389	0.272258	0.273628	0.278518	0.28268	0.287171	0.278152	0.279275	0.281248	0.278246	0.273175	0.28511	0.279223	0.282743	0.276001	0.281954	0.275786	0.285343	0.272971	0.275552	0.282932	0.289557	0.271173	0.276437	0.285221	0.277207	0.276317	0.274306	0.278524	0.291928	0.278192	0.286082	0.281022	0.273011	0.279798	0.282292	0.28444	0.271923	0.283724	0.300688	0.288052	0.291389	0.286458	0.283094	0.284109	0.294429	0.281885	0.28572	0.280298	0.285839	0.273246	0.278195	0.284093	0.281271	0.297343	0.28299	0.280393	0.280731	0.277801	0.278941	0.280027	0.27953	0.281111	0.285725	0.289709	0.283543	0.276325	0.276	0.279481	0.283184	0.269341	0.274698	0.273752	0.280734	0.273819	0.284477	0.275242	0.277766	0.27655	0.281184	0.280099	0.272179	0.274995	0.283518	0.287969	0.278642	0.276485	0.283448	0.287195	0.295527	0.293189	0.281153	0.288502	0.28211	0.286343	0.291317	0.281164	0.284145	0.278869	0.280915	0.282495	0.281292	0.275402	0.293095	0.28741	0.287182	0.268565	0.282408	0.285227
0.252655	0.251454	0.253106	0.263228	0.252556	0.265082	0.250257	0.250899	0.259167	0.25777	0	0.253114	0.245257	0.247705	0.252119	0.249802	0.278989	0.290247	0.278299	0.28198	0.280065	0.28204	0.313696	0.282983	0.276581	0.275483	0.271689	0.27814	0.277466	0.296651	0.271675	0.275382	0.279827	0.293961	0.276517	0.269732	0.277102	0.273895	0.274626	0.274006	0.271011	0.274034	0.272245	0.272393	0.272459	0.274353	0.272349	0.274575	0.280385	0.274919	0.269303	0.276101	0.272179	0.27811	0.272549	0.282609	0.288866	0.284508	0.275805	0.283576	0.272265	0.276768	0.285988	0.285565	0.284881	0.274547	0.277762	0.274078	0.282504	0.276812	0.274178	0.283429	0.284854	0.276886	0.278972	0.289069	0.273723	0.273647	0.272223	0.284473	0.286301	0.276828	0.284509	0.278811	0.278888	0.279104	0.28006	0.282544	0.279256	0.287055	0.305588	0.288798	0.294775	0.277049	0.281265	0.282728	0.291358	0.278044	0.287783	0.278981	0.281026	0.276866	0.278294	0.281469	0.29207	0.293651	0.277135	0.275012	0.281149	0.27646	0.281479	0.287788	0.280539	0.284297	0.282304	0.290163	0.286459	0.275226	0.279898	0.274816	0.282171	0.275308	0.276634	0.270677	0.279237	0.272483	0.273926	0.273997	0.275591	0.282536	0.279447	0.278092	0.278505	0.274959	0.282028	0.293223	0.281294	0.276902	0.280089	0.28546	0.297249	0.294716	0.280628	0.295736	0.283656	0.284119	0.296387	0.280811	0.281427	0.281081	0.284848	0.277904	0.279814	0.280848	0.294251	0.28978	0.292836	0.27355	0.280993	0.287053
0.251662	0.247692	0.251021	0.259007	0.252877	0.252855	0.250186	0.247953	0.25258	0.252816	0.253114	0	0.243277	0.240661	0.245972	0.242177	0.274992	0.279891	0.266678	0.276673	0.278704	0.278896	0.312201	0.279515	0.272082	0.268927	0.268046	0.273796	0.273315	0.295646	0.269274	0.277905	0.273551	0.299303	0.270225	0.26811	0.268799	0.260968	0.268507	0.261884	0.264968	0.265951	0.266241	0.261195	0.2665	0.270696	0.263948	0.263226	0.273887	0.267996	0.265174	0.262399	0.260882	0.26777	0.271155	0.277516	0.281545	0.272506	0.272687	0.276338	0.262187	0.274077	0.277229	0.278584	0.270009	0.265757	0.269291	0.262302	0.275007	0.26782	0.269831	0.275827	0.273564	0.266346	0.267249	0.28448	0.264996	0.269115	0.264315	0.276115	0.280066	0.269292	0.270823	0.271281	0.26496	0.266393	0.27721	0.279767	0.272211	0.274368	0.298501	0.286936	0.289571	0.270981	0.275185	0.276624	0.274673	0.271371	0.282693	0.275078	0.270986	0.268009	0.270883	0.278717	0.282759	0.285061	0.273444	0.268842	0.270282	0.2679	0.266281	0.280679	0.27683	0.273625	0.272131	0.27953	0.276783	0.265632	0.268023	0.275422	0.271877	0.261988	0.268142	0.266387	0.269812	0.268213	0.267871	0.265796	0.275703	0.26897	0.267958	0.267202	0.270821	0.26943	0.266756	0.28653	0.269826	0.269961	0.271763	0.280558	0.29272	0.291281	0.276907	0.29547	0.272345	0.284093	0.292446	0.27485	0.273032	0.269637	0.274191	0.273199	0.272201	0.271536	0.291434	0.288618	0.284796	0.269231	0.273004	0.282805
0.24518	0.248355	0.241185	0.256495	0.238241	0.247923	0.249575	0.243496	0.250474	0.258865	0.245257	0.243277	0	0.235524	0.242189	0.242595	0.271281	0.280702	0.269099	0.26593	0.268132	0.274011	0.310964	0.274174	0.273337	0.269658	0.263093	0.266907	0.266718	0.294135	0.266538	0.270071	0.270783	0.289619	0.266696	0.262431	0.265335	0.266544	0.264065	0.265444	0.26263	0.267855	0.262834	0.258213	0.26523	0.268266	0.267898	0.263964	0.269187	0.266536	0.255441	0.258071	0.258999	0.267054	0.268181	0.273286	0.283373	0.270882	0.268563	0.268163	0.26892	0.270337	0.281556	0.278148	0.272513	0.260426	0.266327	0.25879	0.269377	0.265034	0.263841	0.27092	0.273635	0.263226	0.262724	0.275245	0.263442	0.267254	0.262285	0.273564	0.281827	0.267663	0.274311	0.269631	0.267397	0.266388	0.273219	0.271893	0.267463	0.273859	0.29679	0.281859	0.286246	0.268276	0.273217	0.269091	0.276204	0.27157	0.277398	0.269311	0.26955	0.262708	0.266739	0.276499	0.281244	0.282776	0.267874	0.268552	0.266171	0.268368	0.262247	0.281026	0.277144	0.267814	0.268622	0.278461	0.271224	0.27023	0.267249	0.269625	0.277862	0.265519	0.267117	0.263055	0.267047	0.265902	0.263295	0.271429	0.270179	0.26928	0.265565	0.265858	0.267925	0.269158	0.271619	0.286537	0.270242	0.265666	0.269132	0.276424	0.293794	0.285192	0.276035	0.29088	0.275137	0.277426	0.295775	0.277042	0.269982	0.269067	0.276648	0.271504	0.275295	0.274012	0.292442	0.285525	0.284656	0.27137	0.272303	0.276459
0.245168	0.244583	0.24276	0.259693	0.247666	0.249174	0.242222	0.24283	0.253146	0.253318	0.247705	0.240661	0.235524	0	0.236911	0.239224	0.269596	0.282053	0.270777	0.268803	0.269376	0.269497	0.309716	0.270471	0.268306	0.270378	0.268232	0.27121	0.273625	0.300188	0.261758	0.272306	0.271513	0.28899	0.26078	0.259624	0.258921	0.261093	0.257282	0.256851	0.258088	0.262447	0.256729	0.258323	0.267069	0.260012	0.263395	0.261524	0.259844	0.263952	0.255999	0.259385	0.25648	0.266528	0.266099	0.273663	0.282045	0.268129	0.268375	0.273368	0.261071	0.267283	0.276098	0.277842	0.265264	0.263551	0.266496	0.261999	0.273626	0.261832	0.262999	0.276622	0.266771	0.260707	0.261218	0.274041	0.260446	0.265749	0.260797	0.275183	0.283761	0.264783	0.272173	0.269603	0.267151	0.261829	0.27479	0.270669	0.266509	0.272397	0.296134	0.28248	0.284245	0.270087	0.275549	0.267533	0.27751	0.26998	0.2775	0.274345	0.261618	0.266205	0.267718	0.271091	0.27806	0.280721	0.270973	0.263857	0.271952	0.263126	0.26256	0.275887	0.273931	0.269265	0.268854	0.277083	0.266933	0.266887	0.26935	0.267609	0.277623	0.266292	0.268408	0.266182	0.263155	0.269084	0.254856	0.267138	0.267329	0.268966	0.26516	0.268109	0.266196	0.267434	0.26944	0.284831	0.265929	0.272005	0.269981	0.276638	0.289603	0.287887	0.275137	0.290067	0.274324	0.280569	0.295668	0.278826	0.271766	0.268524	0.267556	0.273254	0.272022	0.272111	0.295058	0.278391	0.286251	0.263023	0.279284	0.269619
0.244657	0.253644	0.249454	0.260783	0.243489	0.253003	0.250161	0.250127	0.253802	0.254639	0.252119	0.245972	0.242189	0.236911	0	0.238682	0.274861	0.285975	0.271616	0.274912	0.273112	0.275745	0.314357	0.275865	0.270225	0.273095	0.270349	0.268146	0.272911	0.296207	0.268195	0.271366	0.274767	0.29002	0.268806	0.259392	0.26825	0.270113	0.267211	0.261796	0.266894	0.267476	0.263735	0.262731	0.267575	0.267568	0.266215	0.266834	0.267414	0.266472	0.263053	0.259991	0.260844	0.267756	0.268416	0.276201	0.283396	0.271313	0.275517	0.27786	0.268606	0.272326	0.279084	0.282753	0.280062	0.267771	0.271423	0.264603	0.272615	0.264024	0.263568	0.277639	0.276677	0.263407	0.268995	0.278815	0.268243	0.267278	0.26644	0.276553	0.278692	0.271071	0.275925	0.272536	0.267745	0.266676	0.279184	0.275991	0.266994	0.280643	0.298632	0.281672	0.291302	0.269616	0.273135	0.270387	0.280798	0.275594	0.280275	0.274589	0.273614	0.266722	0.271085	0.278279	0.287268	0.289307	0.270147	0.270419	0.276644	0.26975	0.273839	0.281892	0.274694	0.274197	0.273787	0.281133	0.275088	0.270498	0.271701	0.267186	0.275482	0.262076	0.265953	0.268265	0.271897	0.27059	0.265058	0.265887	0.271637	0.270495	0.268515	0.269392	0.268446	0.272375	0.271431	0.291446	0.268203	0.266959	0.272187	0.275804	0.296583	0.290169	0.277749	0.290667	0.277951	0.280086	0.296326	0.280696	0.272947	0.270516	0.274396	0.270779	0.275464	0.273053	0.293067	0.285882	0.283931	0.270683	0.27797	0.270606
0.251817	0.247996	0.246574	0.261725	0.251863	0.249857	0.248089	0.24426	0.249028	0.251821	0.249802	0.242177	0.242595	0.239224	0.238682	0	0.272509	0.279289	0.272871	0.268102	0.268521	0.271035	0.30817	0.27977	0.274575	0.268408	0.259796	0.270442	0.270329	0.288142	0.264921	0.270383	0.269893	0.290707	0.267524	0.264248	0.266642	0.265807	0.266126	0.263155	0.26478	0.266903	0.259645	0.259077	0.26885	0.263138	0.263044	0.265038	0.268384	0.267357	0.263389	0.261323	0.259768	0.262737	0.270275	0.27091	0.279902	0.270416	0.270817	0.276822	0.263732	0.271346	0.277359	0.274749	0.276127	0.261303	0.269548	0.262959	0.271961	0.264407	0.264335	0.275316	0.278146	0.265645	0.270418	0.275872	0.259403	0.267314	0.267431	0.276558	0.280517	0.268286	0.272592	0.269727	0.26162	0.266414	0.270796	0.272537	0.270418	0.274125	0.295435	0.28379	0.285652	0.274769	0.270981	0.272778	0.279802	0.272429	0.276731	0.273223	0.271109	0.268408	0.26893	0.273151	0.279315	0.278325	0.269999	0.268807	0.267974	0.265836	0.265418	0.282756	0.273401	0.270342	0.27319	0.278605	0.271544	0.267692	0.263601	0.270958	0.274085	0.263817	0.266231	0.265953	0.267328	0.265476	0.265298	0.268895	0.271031	0.273739	0.265864	0.270797	0.27044	0.268857	0.271505	0.292121	0.27009	0.268732	0.275515	0.277518	0.294841	0.29161	0.279076	0.296362	0.278451	0.280841	0.295047	0.280149	0.270946	0.268109	0.275338	0.276074	0.275724	0.272766	0.296713	0.279445	0.282468	0.270496	0.271534	0.274463
0.277135	0.276581	0.283092	0.289145	0.274465	0.286475	0.276021	0.276279	0.278318	0.278153	0.278989	0.274992	0.271281	0.269596	0.274861	0.272509	0	0.262615	0.258577	0.255103	0.248704	0.255951	0.287175	0.253869	0.148474	0.255115	0.259988	0.256763	0.260197	0.284143	0.253815	0.260545	0.261627	0.282909	0.255972	0.261089	0.268684	0.265431	0.266095	0.26077	0.263231	0.265418	0.258655	0.265258	0.263873	0.266501	0.264199	0.263531	0.266718	0.263509	0.257658	0.264588	0.258514	0.272241	0.265543	0.273427	0.27814	0.270865	0.267276	0.273739	0.264875	0.26952	0.271688	0.281028	0.269779	0.267598	0.267265	0.266548	0.272888	0.269687	0.267774	0.280968	0.267858	0.265759	0.267339	0.276746	0.262143	0.269643	0.268683	0.275445	0.28161	0.266133	0.272341	0.273374	0.268634	0.269197	0.273692	0.272612	0.270094	0.270395	0.29142	0.284381	0.288212	0.274501	0.279527	0.27763	0.277617	0.27163	0.274261	0.272967	0.271267	0.268481	0.269226	0.275567	0.283222	0.281265	0.27327	0.263351	0.26884	0.267018	0.26519	0.2809	0.273892	0.273978	0.273282	0.271386	0.279318	0.267645	0.270146	0.267401	0.275991	0.265989	0.264295	0.268351	0.269528	0.267506	0.267257	0.267881	0.265291	0.272802	0.268336	0.26934	0.266063	0.27157	0.268855	0.286364	0.2687	0.267425	0.271868	0.273866	0.291672	0.290604	0.27851	0.291343	0.280863	0.281632	0.293879	0.279968	0.275399	0.270558	0.27519	0.276857	0.275766	0.271437	0.289169	0.287175	0.285295	0.26132	0.271767	0.277544
0.279368	0.284137	0.284769	0.299347	0.275888	0.29536	0.284957	0.286124	0.29032	0.285501	0.290247	0.279891	0.280702	0.282053	0.285975	0.279289	0.262615	0	0.257342	0.258984	0.258397	0.260185	0.285317	0.261658	0.265252	0.263848	0.263446	0.263965	0.261672	0.286869	0.265577	0.263007	0.265394	0.279851	0.259289	0.266952	0.275198	0.271826	0.271355	0.270673	0.268215	0.274134	0.272413	0.268479	0.272269	0.275947	0.269662	0.272435	0.276084	0.271748	0.267923	0.271391	0.267299	0.276436	0.279594	0.27993	0.285956	0.274399	0.279754	0.27456	0.271926	0.275924	0.285212	0.285004	0.281535	0.269003	0.277967	0.275514	0.281165	0.280062	0.276922	0.285109	0.283279	0.275555	0.279176	0.278564	0.271132	0.272809	0.280132	0.280809	0.286757	0.276038	0.282565	0.2774	0.276259	0.277088	0.278472	0.282103	0.27787	0.279801	0.299609	0.288634	0.289686	0.27748	0.284468	0.282504	0.284376	0.284967	0.284818	0.280653	0.280129	0.280413	0.277062	0.281752	0.28861	0.289188	0.277639	0.276096	0.278175	0.280963	0.275086	0.288108	0.276872	0.276908	0.281086	0.287566	0.279631	0.274193	0.271242	0.274661	0.284372	0.270581	0.268881	0.278785	0.274922	0.281696	0.270924	0.272002	0.278892	0.282028	0.275676	0.27604	0.278009	0.279357	0.27713	0.287006	0.272087	0.278293	0.280939	0.285426	0.289034	0.295542	0.280915	0.2942	0.285109	0.283697	0.29338	0.28174	0.278835	0.273568	0.283828	0.279119	0.279101	0.280347	0.2924	0.281769	0.283305	0.268909	0.278759	0.281683
0.274029	0.274455	0.269676	0.290632	0.275413	0.282151	0.272075	0.269825	0.282486	0.28053	0.278299	0.266678	0.269099	0.270777	0.271616	0.272871	0.258577	0.257342	0	0.251284	0.250574	0.255443	0.293724	0.253747	0.258907	0.255388	0.252684	0.255343	0.260301	0.279565	0.252385	0.26135	0.25954	0.278057	0.252282	0.258135	0.266463	0.263812	0.26021	0.263625	0.258478	0.258294	0.259014	0.26006	0.267107	0.268303	0.266175	0.264306	0.263843	0.265321	0.257738	0.260013	0.262566	0.260561	0.269527	0.271185	0.280032	0.270996	0.269733	0.270102	0.265602	0.269724	0.276278	0.274576	0.273676	0.267213	0.263958	0.263997	0.270244	0.263053	0.26296	0.270647	0.272954	0.265951	0.265511	0.274711	0.259102	0.263578	0.265533	0.274189	0.2824	0.265936	0.272148	0.271259	0.269724	0.264619	0.273588	0.27796	0.265988	0.268197	0.294333	0.280886	0.283603	0.272169	0.27751	0.271947	0.276183	0.270642	0.275134	0.263644	0.273578	0.262601	0.266727	0.2758	0.278721	0.282798	0.269071	0.261973	0.275333	0.264842	0.265656	0.277503	0.274321	0.268149	0.27235	0.276417	0.27367	0.266968	0.264813	0.267085	0.273981	0.262652	0.261683	0.264691	0.269233	0.264299	0.260999	0.267325	0.269896	0.271017	0.26684	0.269473	0.264736	0.26884	0.267906	0.281904	0.264288	0.26292	0.26791	0.275277	0.289836	0.282433	0.277498	0.285481	0.27213	0.270055	0.283476	0.276652	0.269501	0.26517	0.269465	0.264581	0.266166	0.268496	0.284032	0.281858	0.278905	0.262436	0.268527	0.267922
0.274899	0.270889	0.278779	0.286666	0.273211	0.277882	0.269429	0.278681	0.276372	0.277323	0.28198	0.276673	0.26593	0.268803	0.274912	0.268102	0.255103	0.258984	0.251284	0	0.245144	0.255708	0.286218	0.250629	0.256269	0.253653	0.254962	0.250329	0.253409	0.280678	0.250476	0.259139	0.255103	0.269648	0.246701	0.262342	0.262416	0.258552	0.263302	0.255738	0.264888	0.263669	0.254405	0.259107	0.260227	0.261445	0.258175	0.258471	0.257247	0.258708	0.257086	0.256835	0.251892	0.261777	0.263244	0.266667	0.28176	0.266338	0.264984	0.271339	0.264593	0.265502	0.270171	0.276311	0.270093	0.261699	0.266259	0.261144	0.272267	0.264225	0.262734	0.273862	0.270204	0.264745	0.2657	0.271828	0.260286	0.262625	0.260235	0.269684	0.27668	0.263937	0.271781	0.268524	0.261484	0.263594	0.271511	0.267921	0.267538	0.265358	0.290598	0.278961	0.280258	0.276628	0.27426	0.269085	0.271476	0.272147	0.275953	0.269489	0.26664	0.262374	0.264619	0.274717	0.278607	0.277004	0.268298	0.263204	0.266671	0.266928	0.260136	0.280227	0.27312	0.266663	0.27031	0.272747	0.270516	0.266819	0.258783	0.260966	0.269161	0.267079	0.262307	0.264272	0.264911	0.267869	0.258101	0.26035	0.265853	0.267848	0.262633	0.268354	0.265734	0.268132	0.266494	0.279931	0.263395	0.258664	0.265503	0.276718	0.28654	0.287208	0.272788	0.284555	0.270386	0.275023	0.289754	0.276849	0.266723	0.266299	0.26757	0.264053	0.270706	0.26945	0.286837	0.273001	0.27973	0.260266	0.270959	0.271766
0.272445	0.271646	0.277433	0.287534	0.273173	0.279953	0.275265	0.271342	0.274413	0.27981	0.280065	0.278704	0.268132	0.269376	0.273112	0.268521	0.248704	0.258397	0.250574	0.245144	0	0.247607	0.279826	0.252112	0.255011	0.244085	0.249642	0.249476	0.253889	0.281954	0.251694	0.254509	0.246475	0.274878	0.252015	0.260222	0.263014	0.264662	0.263165	0.259112	0.260222	0.26044	0.261902	0.262207	0.266345	0.266703	0.264121	0.264491	0.262045	0.259663	0.257719	0.263613	0.256531	0.263608	0.265104	0.273281	0.282799	0.270131	0.263633	0.267227	0.267356	0.262455	0.274012	0.280319	0.265302	0.260971	0.261437	0.261405	0.269097	0.261854	0.261195	0.271569	0.268314	0.264479	0.266878	0.272619	0.263249	0.260157	0.264067	0.274758	0.274777	0.265213	0.266256	0.263055	0.267257	0.265963	0.267391	0.272892	0.263788	0.269477	0.291867	0.274008	0.284763	0.270363	0.27207	0.268561	0.275106	0.272695	0.273288	0.268633	0.267383	0.263304	0.265289	0.274416	0.279734	0.275922	0.266465	0.264969	0.270582	0.26384	0.263275	0.276697	0.27286	0.267713	0.270609	0.277767	0.276941	0.263624	0.264257	0.264587	0.275247	0.261055	0.262894	0.260169	0.263031	0.264938	0.260878	0.260633	0.263805	0.264241	0.258879	0.266621	0.267437	0.263022	0.267016	0.277709	0.267616	0.259816	0.264988	0.274152	0.290317	0.286553	0.271877	0.288827	0.269208	0.278434	0.286203	0.27819	0.26773	0.264502	0.266905	0.266653	0.27002	0.271533	0.290058	0.276713	0.28167	0.264128	0.276324	0.270819
0.277809	0.272185	0.282383	0.289518	0.272576	0.28446	0.272352	0.276624	0.278771	0.283465	0.28204	0.278896	0.274011	0.269497	0.275745	0.271035	0.255951	0.260185	0.255443	0.255708	0.247607	0	0.284246	0.256781	0.257608	0.256472	0.254891	0.256612	0.255936	0.284803	0.253467	0.26118	0.255768	0.276554	0.254131	0.263818	0.266651	0.267262	0.25942	0.264329	0.266421	0.264021	0.263628	0.262447	0.265363	0.264854	0.269841	0.267097	0.26728	0.263529	0.257879	0.262877	0.262847	0.266349	0.267305	0.271427	0.279034	0.270584	0.270273	0.275308	0.270503	0.270182	0.275593	0.28352	0.271875	0.263561	0.265411	0.26444	0.26797	0.263964	0.267233	0.272915	0.269197	0.264929	0.267941	0.275022	0.261581	0.266354	0.265355	0.274259	0.283059	0.265718	0.274223	0.267825	0.268204	0.264588	0.27711	0.275205	0.269804	0.26959	0.294427	0.282936	0.282657	0.274095	0.272682	0.27309	0.27927	0.275341	0.277658	0.273546	0.270201	0.26668	0.269574	0.280187	0.275754	0.281492	0.265978	0.262643	0.274736	0.270326	0.26431	0.281002	0.274204	0.274496	0.279025	0.280512	0.27482	0.270774	0.26706	0.265534	0.272045	0.267659	0.265343	0.259735	0.267581	0.270897	0.265107	0.26354	0.268617	0.266323	0.269109	0.272341	0.270142	0.268315	0.265698	0.285079	0.264941	0.264791	0.26757	0.275299	0.293566	0.288996	0.276209	0.289358	0.274414	0.278745	0.287036	0.280547	0.274364	0.26408	0.276327	0.272832	0.273027	0.279068	0.286142	0.282548	0.28484	0.26697	0.270485	0.277672
0.308885	0.311977	0.314639	0.318624	0.302335	0.311982	0.308087	0.309309	0.308767	0.309918	0.313696	0.312201	0.310964	0.309716	0.314357	0.30817	0.287175	0.285317	0.293724	0.286218	0.279826	0.284246	0	0.289498	0.287959	0.289466	0.283581	0.289807	0.296682	0.305105	0.288488	0.287165	0.288905	0.296118	0.289329	0.29453	0.300584	0.296937	0.29695	0.295515	0.294033	0.295367	0.292708	0.295012	0.291979	0.301247	0.299432	0.296834	0.297697	0.29848	0.290854	0.297574	0.295351	0.296363	0.295768	0.3082	0.309832	0.304439	0.302626	0.30397	0.301525	0.297674	0.307174	0.302584	0.308187	0.302197	0.301071	0.298257	0.302783	0.302856	0.301847	0.304562	0.308309	0.295487	0.304999	0.306528	0.298762	0.294898	0.299216	0.30584	0.317426	0.305335	0.298247	0.306067	0.297658	0.303272	0.303925	0.307072	0.301019	0.30761	0.319297	0.314901	0.313171	0.302377	0.300246	0.305971	0.301668	0.307733	0.303184	0.307447	0.301344	0.303594	0.301327	0.307392	0.315304	0.310051	0.301439	0.29925	0.302926	0.302431	0.299327	0.311559	0.30543	0.304467	0.303711	0.309708	0.303247	0.306627	0.297084	0.299606	0.310052	0.303758	0.299366	0.300996	0.304192	0.301419	0.299881	0.298795	0.301409	0.302142	0.304942	0.300099	0.29713	0.302771	0.298542	0.30334	0.297798	0.302688	0.301072	0.308796	0.314357	0.310254	0.309765	0.310236	0.308356	0.307304	0.311578	0.305722	0.298625	0.301918	0.307189	0.306205	0.304904	0.301486	0.310698	0.304797	0.301806	0.298501	0.303714	0.310851
0.278554	0.278185	0.276003	0.290165	0.275868	0.285094	0.273849	0.27797	0.283659	0.282391	0.282983	0.279515	0.274174	0.270471	0.275865	0.27977	0.253869	0.261658	0.253747	0.250629	0.252112	0.256781	0.289498	0	0.265382	0.256886	0.255143	0.256221	0.257792	0.287643	0.258765	0.260154	0.263973	0.278819	0.255154	0.263784	0.267487	0.259586	0.257153	0.266155	0.258747	0.26303	0.259448	0.264894	0.264952	0.269862	0.265663	0.265806	0.264624	0.263904	0.255883	0.260772	0.258792	0.272011	0.269214	0.272603	0.281165	0.272087	0.268839	0.268171	0.267271	0.26745	0.270421	0.277921	0.268969	0.26665	0.271109	0.263935	0.269547	0.267455	0.269183	0.275848	0.270804	0.261893	0.265535	0.27159	0.266533	0.268486	0.262501	0.273357	0.275267	0.27071	0.2756	0.270678	0.261754	0.265133	0.266741	0.275565	0.269897	0.269242	0.294886	0.282654	0.285779	0.275702	0.278082	0.272502	0.278846	0.271593	0.275651	0.273491	0.267532	0.267098	0.273359	0.273602	0.275222	0.28124	0.269273	0.264458	0.274647	0.272301	0.267975	0.281745	0.27122	0.273255	0.269362	0.26985	0.271714	0.266021	0.26716	0.266839	0.273573	0.268733	0.268038	0.263371	0.269048	0.261849	0.265604	0.26645	0.268362	0.274471	0.266617	0.264788	0.269982	0.268709	0.270854	0.286085	0.264456	0.267391	0.265505	0.28036	0.291548	0.283387	0.280215	0.292277	0.275324	0.275998	0.287664	0.281146	0.267883	0.269726	0.273433	0.268675	0.268453	0.272119	0.284396	0.27776	0.283699	0.261341	0.274984	0.277711
0.272781	0.272346	0.279493	0.290268	0.271688	0.279858	0.273023	0.275013	0.276274	0.27659	0.276581	0.272082	0.273337	0.268306	0.270225	0.274575	0.148474	0.265252	0.258907	0.256269	0.255011	0.257608	0.287959	0.265382	0	0.248882	0.260603	0.250124	0.256331	0.278102	0.249238	0.251332	0.258149	0.27264	0.254124	0.262119	0.270823	0.265785	0.259348	0.263141	0.258768	0.261318	0.259291	0.264794	0.265439	0.266337	0.262381	0.262558	0.264725	0.262779	0.257369	0.264909	0.257213	0.265486	0.266191	0.266986	0.277709	0.271285	0.268077	0.273794	0.269751	0.269736	0.277126	0.276613	0.268837	0.262403	0.263422	0.261785	0.272735	0.267764	0.263584	0.273656	0.268276	0.266314	0.271193	0.270835	0.261021	0.268919	0.263472	0.271432	0.284984	0.262902	0.272265	0.270897	0.267169	0.265445	0.272935	0.269471	0.267656	0.268584	0.285099	0.280396	0.290512	0.266467	0.277055	0.270337	0.278382	0.277345	0.27631	0.271209	0.270704	0.264044	0.264923	0.276604	0.283985	0.287051	0.27072	0.262962	0.270654	0.265818	0.262494	0.276297	0.269328	0.270325	0.269058	0.273361	0.275343	0.268604	0.267876	0.264283	0.271269	0.265657	0.262652	0.266734	0.265437	0.267747	0.263935	0.263467	0.265315	0.26506	0.263197	0.264112	0.265059	0.262599	0.268044	0.278522	0.266096	0.261071	0.267244	0.272914	0.285933	0.286892	0.274062	0.284823	0.271119	0.274846	0.285672	0.274937	0.268119	0.267262	0.270413	0.271421	0.268765	0.268456	0.285354	0.283704	0.283331	0.262236	0.273324	0.272982
0.271438	0.268866	0.273709	0.286171	0.27184	0.280332	0.26946	0.270096	0.276383	0.283263	0.275483	0.268927	0.269658	0.270378	0.273095	0.268408	0.255115	0.263848	0.255388	0.253653	0.244085	0.256472	0.289466	0.256886	0.248882	0	0.247109	0.250172	0.24996	0.27625	0.248934	0.247944	0.252834	0.275563	0.246703	0.259178	0.259313	0.253419	0.256052	0.257196	0.254519	0.260682	0.259126	0.25649	0.26344	0.260165	0.255889	0.25593	0.259456	0.255432	0.255608	0.258799	0.255142	0.264236	0.260548	0.263069	0.277817	0.264972	0.266661	0.268623	0.259348	0.264784	0.27303	0.279403	0.263835	0.257623	0.260968	0.26174	0.266742	0.260477	0.259354	0.267345	0.264179	0.257124	0.26212	0.266069	0.257396	0.258192	0.264364	0.259946	0.277431	0.264798	0.270162	0.266673	0.265139	0.26079	0.264246	0.266965	0.263718	0.268535	0.286731	0.278273	0.276397	0.26445	0.275022	0.269582	0.271544	0.272328	0.268172	0.267491	0.267576	0.254521	0.267248	0.26634	0.277597	0.276956	0.26406	0.256514	0.26956	0.258339	0.262964	0.273021	0.269106	0.268819	0.268314	0.272261	0.266166	0.265755	0.261755	0.26012	0.267675	0.25486	0.261958	0.25656	0.264091	0.258498	0.254481	0.258881	0.258539	0.259432	0.259257	0.266043	0.262598	0.262388	0.264917	0.278734	0.259426	0.25917	0.263162	0.267831	0.285903	0.280195	0.265231	0.280792	0.268722	0.271443	0.283161	0.272692	0.263969	0.261202	0.269066	0.265159	0.263438	0.269496	0.290161	0.277213	0.2799	0.261794	0.268253	0.269308
0.271574	0.265871	0.273824	0.283246	0.267332	0.279054	0.267605	0.267149	0.269162	0.272368	0.271689	0.268046	0.263093	0.268232	0.270349	0.259796	0.259988	0.263446	0.252684	0.254962	0.249642	0.254891	0.283581	0.255143	0.260603	0.247109	0	0.248879	0.250066	0.272002	0.246153	0.253778	0.254092	0.271796	0.244732	0.256893	0.258581	0.256229	0.259134	0.254728	0.253606	0.257693	0.257023	0.251754	0.259521	0.262209	0.255832	0.258737	0.257501	0.25473	0.250378	0.256698	0.249787	0.259613	0.25595	0.265577	0.272027	0.262235	0.257324	0.259963	0.256738	0.260721	0.271232	0.268997	0.262639	0.258601	0.264872	0.253914	0.265064	0.255254	0.257481	0.269799	0.265346	0.259232	0.26135	0.267479	0.257666	0.263155	0.256139	0.264608	0.273976	0.262264	0.263707	0.264305	0.256679	0.262979	0.265894	0.265171	0.262959	0.265267	0.288175	0.280548	0.281285	0.267799	0.264428	0.267958	0.270748	0.263105	0.269507	0.265945	0.262785	0.260497	0.263428	0.265534	0.274245	0.271142	0.265943	0.25603	0.267305	0.264467	0.260292	0.275389	0.268374	0.266414	0.272521	0.269535	0.267562	0.261472	0.257543	0.259036	0.269325	0.256955	0.259468	0.256275	0.262899	0.260026	0.259999	0.258775	0.262682	0.266265	0.257594	0.263106	0.25981	0.25881	0.262355	0.276823	0.260182	0.258027	0.265499	0.270777	0.284262	0.28451	0.270531	0.28675	0.267881	0.271874	0.285769	0.272319	0.258155	0.261469	0.266849	0.266961	0.267029	0.267534	0.282771	0.272795	0.277036	0.256811	0.262358	0.270592
0.272658	0.270521	0.273221	0.285484	0.271438	0.274715	0.26773	0.273933	0.275457	0.278224	0.27814	0.273796	0.266907	0.27121	0.268146	0.270442	0.256763	0.263965	0.255343	0.250329	0.249476	0.256612	0.289807	0.256221	0.250124	0.250172	0.248879	0	0.255094	0.270684	0.248108	0.233937	0.251866	0.268178	0.245579	0.255203	0.263075	0.255261	0.258543	0.259838	0.254783	0.261976	0.255652	0.256261	0.264344	0.263287	0.259517	0.259773	0.260521	0.257832	0.253136	0.254189	0.253828	0.259177	0.265026	0.268938	0.278139	0.263465	0.261387	0.268347	0.262887	0.26596	0.27035	0.272948	0.272637	0.261946	0.259949	0.258149	0.267816	0.259099	0.261294	0.268206	0.270641	0.258963	0.265763	0.270546	0.259239	0.257561	0.259846	0.268953	0.27291	0.258598	0.268164	0.266258	0.262118	0.263001	0.268242	0.268689	0.264711	0.270289	0.288296	0.279355	0.281937	0.263884	0.266662	0.269298	0.277141	0.2703	0.272156	0.269624	0.265925	0.264109	0.261025	0.272339	0.277235	0.28028	0.262627	0.259364	0.26602	0.263986	0.260159	0.271806	0.266847	0.267809	0.26866	0.270916	0.265445	0.26507	0.260627	0.260579	0.269495	0.257738	0.258264	0.259059	0.264594	0.258389	0.25428	0.263294	0.261249	0.268283	0.25866	0.26321	0.263576	0.259256	0.263178	0.278195	0.261211	0.259137	0.267144	0.270382	0.28886	0.279773	0.270395	0.276886	0.263941	0.273019	0.280921	0.269978	0.266851	0.262576	0.264801	0.266247	0.267615	0.266948	0.280933	0.275579	0.280169	0.260416	0.263792	0.270656
