9.98649E-05 9.98649E-05 9.98649E-05 0.998502 9.98649E-05 9.98649E-05 9.98649E-05 9.98649E-05 9.98649E-05 9.98649E-05 9.98649E-05 9.98649E-05 9.98649E-05 9.98649E-05 9.98649E-05 9.98649E-05
0.0309917 9.9937E-05 9.9937E-05 0.0255286 0.684892 9.9937E-05 9.9937E-05 9.9937E-05 9.9937E-05 0.00143014 0.0229906 0.118096 0.0646957 9.9937E-05 0.00578524 0.0448912
9.991E-05 0.0532685 0.00369223 0.0376272 0.730744 9.991E-05 9.991E-05 9.991E-05 9.991E-05 9.991E-05 9.991E-05 0.15856 0.0151093 9.991E-05 9.991E-05 9.991E-05
0.0182184 0.0100402 9.9937E-05 0.0156631 0.773471 9.9937E-05 9.9937E-05 9.9937E-05 0.0689368 0.0570955 0.0187491 9.9937E-05 9.9937E-05 9.9937E-05 0.00680621 0.0303206
9.9919E-05 9.9919E-05 9.9919E-05 0.0487558 0.719928 9.9919E-05 0.00368437 0.00826814 9.9919E-05 0.109763 9.9919E-05 0.000809485 0.107892 9.9919E-05 9.9919E-05 9.9919E-05
9.991E-05 9.991E-05 9.991E-05 0.023827 0.846704 9.991E-05 0.00989541 0.0195968 9.991E-05 9.991E-05 9.991E-05 9.991E-05 0.0952077 9.991E-05 0.00376958 9.991E-05
9.98649E-05 9.98649E-05 9.98649E-05 0.998502 9.98649E-05 9.98649E-05 9.98649E-05 9.98649E-05 9.98649E-05 9.98649E-05 9.98649E-05 9.98649E-05 9.98649E-05 9.98649E-05 9.98649E-05 9.98649E-05
0.0253642 9.9928E-05 9.9928E-05 0.0976715 0.705115 9.9928E-05 0.0223931 9.9928E-05 0.0361304 0.0618928 9.9928E-05 9.9928E-05 9.9928E-05 9.9928E-05 0.0140592 0.0365747
0.0439269 9.9928E-05 9.9928E-05 0.0348656 0.73436 9.9928E-05 9.9928E-05 9.9928E-05 9.9928E-05 9.9928E-05 0.0902694 9.9928E-05 0.00852616 0.012365 0.00088936 0.0739982
0.00407867 0.0282541 9.9919E-05 0.0127295 0.772676 9.9919E-05 0.0205868 9.9919E-05 0.108288 9.9919E-05 9.9919E-05 9.9919E-05 9.9919E-05 9.9919E-05 9.9919E-05 0.0524879
9.9928E-05 0.0208586 0.0167973 9.9928E-05 0.747322 9.9928E-05 9.9928E-05 9.9928E-05 9.9928E-05 9.9928E-05 9.9928E-05 0.118764 0.0334108 0.00486904 0.0108515 0.0463272
9.99189E-05 0.063552 9.99189E-05 0.027861 0.662652 9.99189E-05 0.0124758 9.99189E-05 9.99189E-05 9.99189E-05 0.0116797 0.127682 9.99189E-05 9.99189E-05 9.99189E-05 0.0931978
0.0261234 9.9937E-05 9.9937E-05 0.0354598 0.741407 9.9937E-05 0.0102283 9.9937E-05 0.0318443 0.0443779 0.0267607 9.9937E-05 9.9937E-05 0.0755834 9.9937E-05 0.00751545
0.00787059 9.9919E-05 0.0284271 0.00869651 0.641616 0.0285615 9.9919E-05 9.9919E-05 9.9919E-05 9.9919E-05 9.9919E-05 0.137616 0.146313 9.9919E-05 9.9919E-05 9.9919E-05
9.991E-05 0.0558797 9.991E-05 0.0248141 0.789792 9.991E-05 9.991E-05 0.0010892 9.991E-05 9.991E-05 9.991E-05 0.0642707 0.0631558 9.991E-05 9.991E-05 9.991E-05
9.98831E-05 9.98831E-05 9.98831E-05 9.98831E-05 0.855192 9.98831E-05 9.98831E-05 9.98831E-05 9.98831E-05 9.98831E-05 0.129183 9.98831E-05 9.98831E-05 9.98831E-05 0.0143258 9.98831E-05
9.9901E-05 9.9901E-05 9.9901E-05 0.0384478 0.913802 9.9901E-05 0.00877351 0.0250618 9.9901E-05 9.9901E-05 9.9901E-05 9.9901E-05 9.9901E-05 9.9901E-05 0.0128158 9.9901E-05
9.9901E-05 9.9901E-05 0.00167093 0.025459 0.89513 0.0523844 9.9901E-05 0.0242565 9.9901E-05 9.9901E-05 9.9901E-05 9.9901E-05 9.9901E-05 9.9901E-05 9.9901E-05 9.9901E-05
9.991E-05 9.991E-05 0.00841335 0.0592909 0.854241 0.0357135 9.991E-05 0.0244882 9.991E-05 9.991E-05 0.0168536 9.991E-05 9.991E-05 9.991E-05 9.991E-05 9.991E-05
9.991E-05 0.0435362 9.991E-05 9.991E-05 0.914466 0.0219993 0.00913177 0.00515823 9.991E-05 9.991E-05 9.991E-05 9.991E-05 9.991E-05 9.991E-05 0.00470915 9.991E-05
9.9865E-05 9.9865E-05 0.998502 9.9865E-05 9.9865E-05 9.9865E-05 9.9865E-05 9.9865E-05 9.9865E-05 9.9865E-05 9.9865E-05 9.9865E-05 9.9865E-05 9.9865E-05 9.9865E-05 9.9865E-05
0.0069708 0.751446 9.9901E-05 9.9901E-05 9.9901E-05 9.9901E-05 9.9901E-05 9.9901E-05 0.0322181 9.9901E-05 9.9901E-05 0.103652 9.9901E-05 9.9901E-05 9.9901E-05 0.104614
9.991E-05 0.797571 9.991E-05 0.0393911 9.991E-05 9.991E-05 0.0163019 0.0454495 9.991E-05 9.991E-05 9.991E-05 9.991E-05 0.0175352 9.991E-05 9.991E-05 0.0827519
9.9919E-05 0.867234 0.0145156 9.9919E-05 9.9919E-05 0.0686759 0.00132948 0.0248834 9.9919E-05 9.9919E-05 9.9919E-05 9.9919E-05 9.9919E-05 9.9919E-05 0.0216159 0.000846419
9.99011E-05 0.962668 0.019834 0.000175921 9.99011E-05 9.99011E-05 0.00387552 9.99011E-05 9.99011E-05 9.99011E-05 9.99011E-05 9.99011E-05 9.99011E-05 0.0123477 9.99011E-05 9.99011E-05
0.0106906 0.951921 9.9901E-05 0.0134314 9.9901E-05 9.9901E-05 9.9901E-05 0.00719001 9.9901E-05 9.9901E-05 9.9901E-05 9.9901E-05 9.9901E-05 9.9901E-05 0.0156682 9.9901E-05
9.991E-05 0.779511 0.0137359 9.991E-05 9.991E-05 9.991E-05 9.991E-05 0.0441989 9.991E-05 9.991E-05 9.991E-05 9.991E-05 0.0217255 0.0403435 9.991E-05 0.0994862
9.9865E-05 9.9865E-05 0.998502 9.9865E-05 9.9865E-05 9.9865E-05 9.9865E-05 9.9865E-05 9.9865E-05 9.9865E-05 9.9865E-05 9.9865E-05 9.9865E-05 9.9865E-05 9.9865E-05 9.9865E-05
9.991E-05 0.776033 0.029678 9.991E-05 9.991E-05 9.991E-05 0.00468714 9.991E-05 9.991E-05 0.0329244 0.0944758 0.0612025 9.991E-05 9.991E-05 9.991E-05 9.991E-05
0.0323787 0.760905 9.9928E-05 9.9928E-05 9.9928E-05 0.0146041 0.000782925 9.9928E-05 0.0495883 9.9928E-05 9.9928E-05 9.9928E-05 0.00431585 0.0808367 9.9928E-05 0.0557893
9.9928E-05 0.739668 0.0424286 9.9928E-05 9.9928E-05 9.9928E-05 9.9928E-05 9.9928E-05 9.9928E-05 0.0565546 9.9928E-05 0.0165968 0.0889362 0.00466233 0.0159524 0.0344012
9.991E-05 0.729259 0.0261431 9.991E-05 9.991E-05 0.0725236 9.991E-05 0.0684423 9.991E-05 9.991E-05 0.076302 9.991E-05 9.991E-05 9.991E-05 0.0263312 9.991E-05
0.00850804 0.622439 0.063417 0.00731557 0.0263143 0.012325 0.00284001 9.9946E-05 0.00569664 0.134286 9.9946E-05 9.9946E-05 0.116259 9.9946E-05 9.9946E-05 9.9946E-05
0.0813935 0.713018 0.0486844 0.00991144 9.9937E-05 9.9937E-05 0.0109071 9.9937E-05 0.0827244 9.9937E-05 9.9937E-05 9.9937E-05 0.000704629 0.0458995 9.9937E-05 0.00605788
0.0146647 0.722048 0.00690675 9.9955E-05 0.00794043 0.0269145 0.0319753 9.9955E-05 0.0149784 0.0814591 9.9955E-05 0.0872832 9.9955E-05 0.00109393 0.00423565 9.9955E-05
0.0584217 0.407721 0.0261633 0.000648144 0.0189594 9.99279E-05 9.99279E-05 9.99279E-05 9.99279E-05 9.99279E-05 9.99279E-05 0.347219 0.122886 9.99279E-05 9.99279E-05 0.0171821
0.0352101 0.68187 9.9919E-05 9.9919E-05 9.9919E-05 0.102735 9.9919E-05 0.0627837 9.9919E-05 9.9919E-05 0.0212787 9.9919E-05 0.00208925 0.0931338 9.9919E-05 9.9919E-05
9.9919E-05 9.9919E-05 0.0169377 0.000410832 9.9919E-05 0.684047 9.9919E-05 0.115148 0.0980046 9.9919E-05 9.9919E-05 0.0763144 9.9919E-05 9.9919E-05 9.9919E-05 0.00823798
9.99279E-05 9.99279E-05 9.99279E-05 0.0172238 9.99279E-05 0.67548 0.000474545 0.0438078 9.99279E-05 0.0131007 0.0708848 0.162826 9.99279E-05 0.0154021 9.99279E-05 9.99279E-05
0.022224 9.9928E-05 9.9928E-05 9.9928E-05 0.0284883 0.678764 9.9928E-05 0.00993254 9.9928E-05 0.0725405 9.9928E-05 9.9928E-05 0.128516 0.05345 0.00528488 9.9928E-05
9.991E-05 0.00870081 9.991E-05 0.0343432 9.991E-05 0.73999 9.991E-05 0.0805054 0.106474 9.991E-05 9.991E-05 9.991E-05 9.991E-05 0.0289867 9.991E-05 9.991E-05
0.0686627 9.9937E-05 0.0302558 0.00491058 9.9937E-05 0.676317 0.0226643 0.0688854 9.9937E-05 9.9937E-05 9.9937E-05 0.00479423 9.9937E-05 9.9937E-05 0.00298588 0.119824
9.9937E-05 9.9937E-05 0.0223752 9.9937E-05 0.00718797 0.811785 0.00902588 9.9937E-05 9.9937E-05 0.0392045 9.9937E-05 9.9937E-05 0.0432154 0.0524141 0.00582295 0.00826925
0.0314042 9.9928E-05 0.0146776 9.9928E-05 0.0593252 0.524711 9.9928E-05 0.0768896 9.9928E-05 9.9928E-05 9.9928E-05 0.0123365 0.166317 9.9928E-05 9.9928E-05 0.11354
0.00938184 0.0273727 0.0217921 0.00582399 9.9964E-05 0.713101 0.0169491 0.0427719 0.0222582 9.9964E-05 9.9964E-05 0.000881946 0.0694339 0.0611496 0.00868398 9.9964E-05
9.9928E-05 0.060997 9.9928E-05 9.9928E-05 0.0349497 0.580962 0.0108497 0.0818784 9.9928E-05 0.0297571 0.117952 9.9928E-05 9.9928E-05 9.9928E-05 9.9928E-05 0.0818549
9.991E-05 9.991E-05 9.991E-05 9.991E-05 9.991E-05 0.792726 0.0136724 9.991E-05 9.991E-05 9.991E-05 0.0294704 9.991E-05 0.0407314 0.116677 0.0057233 9.991E-05
0.0336158 9.9928E-05 9.9928E-05 0.0182073 9.9928E-05 0.691753 9.9928E-05 9.9928E-05 0.10252 9.9928E-05 0.000678694 0.00910015 9.9928E-05 0.00545605 9.9928E-05 0.13787
9.9901E-05 9.9901E-05 0.0263784 0.0211161 9.9901E-05 0.941027 0.00366552 9.9901E-05 9.9901E-05 9.9901E-05 9.9901E-05 9.9901E-05 9.9901E-05 9.9901E-05 0.00671409 9.9901E-05
0.0634157 9.9928E-05 0.0169018 9.9928E-05 9.9928E-05 0.492498 0.00987613 0.0688595 0.0687638 9.9928E-05 9.9928E-05 9.9928E-05 0.0172288 9.9928E-05 9.9928E-05 0.261657
9.991E-05 9.991E-05 9.991E-05 0.0438821 9.991E-05 0.809034 9.991E-05 9.991E-05 0.0193312 0.024068 9.991E-05 0.0910915 9.991E-05 9.991E-05 0.0115936 9.991E-05
9.9919E-05 0.0195758 0.0103523 0.017844 9.9919E-05 0.780953 9.9919E-05 0.0123848 9.9919E-05 9.9919E-05 0.108746 0.0492449 9.9919E-05 9.9919E-05 9.9919E-05 9.9919E-05
9.9901E-05 9.9901E-05 0.00232819 9.9901E-05 9.9901E-05 0.725723 0.0669139 9.9901E-05 9.9901E-05 0.0596281 9.9901E-05 9.9901E-05 9.9901E-05 9.9901E-05 9.9901E-05 0.144308
9.9937E-05 0.0114462 0.00297597 0.0129166 0.0816885 0.733492 9.9937E-05 0.0386993 9.9937E-05 9.9937E-05 9.9937E-05 0.0526255 9.9937E-05 9.9937E-05 0.0152007 0.0502552
0.0179243 9.9937E-05 9.9937E-05 9.9937E-05 0.0419774 0.721347 0.0260599 0.0228961 9.9937E-05 9.9937E-05 0.0653388 9.9937E-05 0.0615874 0.0265394 0.0156302 9.9937E-05
0.0138576 9.9946E-05 0.00276928 9.9946E-05 0.0358344 0.623221 9.9946E-05 9.9946E-05 0.0384891 0.0235313 9.9946E-05 0.119466 0.0467211 9.9946E-05 0.0188312 0.0766791
9.9928E-05 0.0557295 0.00810212 0.00739936 0.0494984 0.762473 0.0399407 9.9928E-05 0.021197 9.9928E-05 9.9928E-05 9.9928E-05 0.05486 9.9928E-05 9.9928E-05 9.9928E-05
0.0670222 0.0144029 9.9946E-05 9.9946E-05 0.00823108 0.158641 9.9946E-05 0.119766 9.9946E-05 0.0380713 9.9946E-05 0.440372 0.0282813 0.12285 0.00176124 9.9946E-05
0.998502 9.9865E-05 9.9865E-05 9.9865E-05 9.9865E-05 9.9865E-05 9.9865E-05 9.9865E-05 9.9865E-05 9.9865E-05 9.9865E-05 9.9865E-05 9.9865E-05 9.9865E-05 9.9865E-05 9.9865E-05
0.0403653 9.9946E-05 0.00328231 9.9946E-05 9.9946E-05 0.0544556 0.0355829 0.0532596 9.9946E-05 0.0132911 0.0669462 0.46088 9.9946E-05 0.26159 0.00974689 9.9946E-05
0.0428507 9.9964E-05 0.00441394 0.0179636 0.0142346 0.0116025 0.0105781 0.0400337 0.0168611 0.0855424 9.9964E-05 0.419247 9.9964E-05 0.327513 0.00875857 9.9964E-05
0.0526183 0.00225016 9.9937E-05 9.9937E-05 9.9937E-05 9.9937E-05 0.00316232 0.0572294 9.9937E-05 0.0426143 9.9937E-05 0.183856 0.0371786 0.618425 0.0019665 9.9937E-05
9.9901E-05 9.9901E-05 0.0110734 9.9901E-05 0.0292576 9.9901E-05 9.9901E-05 9.9901E-05 9.9901E-05 9.9901E-05 0.116512 9.9901E-05 9.9901E-05 0.827083 0.0149752 9.9901E-05
0.955567 9.9874E-05 9.9874E-05 9.9874E-05 9.9874E-05 9.9874E-05 9.9874E-05 9.9874E-05 9.9874E-05 9.9874E-05 9.9874E-05 9.9874E-05 9.9874E-05 9.9874E-05 0.043035 9.9874E-05
0.998502 9.98649E-05 9.98649E-05 9.98649E-05 9.98649E-05 9.98649E-05 9.98649E-05 9.98649E-05 9.98649E-05 9.98649E-05 9.98649E-05 9.98649E-05 9.98649E-05 9.98649E-05 9.98649E-05 9.98649E-05
0.0340641 9.9946E-05 0.00674468 0.0107805 0.0596583 9.9946E-05 9.9946E-05 9.9946E-05 9.9946E-05 0.0684598 9.9946E-05 0.410411 0.082029 0.285596 0.00557415 0.0360829
0.0360896 0.0620154 0.0394479 9.9946E-05 0.0265637 9.9946E-05 0.0129178 0.142443 0.0436518 9.9946E-05 9.9946E-05 9.9946E-05 0.0663532 0.545927 0.0239909 9.9946E-05
0.113835 9.9946E-05 9.9946E-05 9.9946E-05 0.015323 9.9946E-05 0.0263921 0.101793 0.0366253 0.136685 9.9946E-05 0.0094079 9.9946E-05 0.466467 0.0434763 0.0493957
0.0376005 0.0202508 0.0500724 9.9937E-05 9.9937E-05 9.9937E-05 0.0238972 0.0841608 0.00607729 9.9937E-05 9.9937E-05 0.0574072 9.9937E-05 0.710456 0.00937859 9.9937E-05
0.181131 0.035258 0.0225033 0.0280102 0.0153977 9.9955E-05 0.0483774 0.0937983 9.9955E-05 9.9955E-05 9.9955E-05 0.0605908 0.0377401 0.46102 0.0156727 9.9955E-05
0.0748182 0.0155385 9.991E-05 0.0478709 9.991E-05 9.991E-05 9.991E-05 0.0934885 9.991E-05 9.991E-05 9.991E-05 9.991E-05 9.991E-05 0.760265 0.00701988 9.991E-05
0.0474 9.9946E-05 0.00822084 0.0342949 9.9946E-05 0.019989 0.012938 9.9946E-05 9.9946E-05 0.020359 0.0346491 9.9946E-05 9.9946E-05 0.797207 0.00221597 0.0221261
0.137765 0.0738814 0.0100554 0.0161539 9.9955E-05 9.9955E-05 9.9955E-05 0.0708752 9.9955E-05 0.0463196 0.0269666 0.12428 9.9955E-05 0.48182 0.00577538 0.00560755
0.00976019 9.9928E-05 9.9928E-05 0.00111545 9.9928E-05 9.9928E-05 9.9928E-05 9.9928E-05 9.9928E-05 0.335195 9.9928E-05 0.392043 0.0175908 0.163473 0.0210098 0.0590135
0.088838 9.9955E-05 0.0301086 0.0110507 9.9955E-05 0.274848 0.00357266 0.162986 9.9955E-05 0.207961 9.9955E-05 0.0738589 0.00370379 0.086067 0.0565057 9.9955E-05
0.0114012 9.9937E-05 9.9937E-05 9.9937E-05 0.0476675 0.206779 0.00117934 0.106717 0.0808054 9.9937E-05 9.9937E-05 0.0305834 9.9937E-05 0.487927 0.0262409 9.9937E-05
0.069148 9.9946E-05 9.9946E-05 9.9946E-05 0.100783 0.31408 0.0123206 0.0568884 9.9946E-05 9.9946E-05 0.0197706 0.0537833 9.9946E-05 0.23105 0.0255929 0.115984
0.964265 9.9883E-05 9.9883E-05 9.9883E-05 9.9883E-05 9.9883E-05 0.0144896 9.9883E-05 9.9883E-05 9.9883E-05 9.9883E-05 9.9883E-05 9.9883E-05 9.9883E-05 0.0199466 9.9883E-05
0.108891 9.9946E-05 0.0408577 9.9946E-05 0.0607479 0.133942 0.0563262 9.9946E-05 9.9946E-05 0.0654773 9.9946E-05 0.0836826 0.0720119 0.337542 0.0399204 9.9946E-05
0.156709 0.0441293 9.9946E-05 9.9946E-05 9.9946E-05 0.0858573 0.0230625 0.0510741 9.9946E-05 9.9946E-05 9.9946E-05 0.122158 0.0362581 0.428443 0.0470654 0.00464401
9.98648E-05 9.98648E-05 9.98648E-05 9.98648E-05 9.98648E-05 9.98648E-05 9.98648E-05 0.998502 9.98648E-05 9.98648E-05 9.98648E-05 9.98648E-05 9.98648E-05 9.98648E-05 9.98648E-05 9.98648E-05
0.0489795 0.0694269 9.9955E-05 0.00552154 0.00635301 0.0106012 0.020323 0.0480377 0.0434447 9.9955E-05 9.9955E-05 0.286512 9.9955E-05 0.452053 0.00824689 9.9955E-05
0.0641574 9.9946E-05 9.9946E-05 0.00545615 0.0865875 0.0212916 0.0332963 0.0604818 9.9946E-05 9.9946E-05 0.0633836 0.137923 9.9946E-05 0.512462 0.0143611 9.9946E-05
9.9946E-05 0.024975 9.9946E-05 9.9946E-05 0.0384267 0.248447 0.0454768 0.00918843 9.9946E-05 9.9946E-05 0.0714987 0.36598 0.135646 0.00855989 0.0512011 9.9946E-05
0.0652604 9.991E-05 9.991E-05 9.991E-05 9.991E-05 0.117855 9.991E-05 9.991E-05 0.284633 9.991E-05 0.393288 0.11596 9.991E-05 9.991E-05 0.0220037 9.991E-05
0.0943377 0.0463461 9.995E-05 0.0267123 9.995E-05 0.112768 9.995E-05 0.109397 9.995E-05 0.121673 0.126129 0.23817 0.0169272 0.100714 0.00632631 9.995E-05
9.98649E-05 9.98649E-05 9.98649E-05 9.98649E-05 9.98649E-05 9.98649E-05 9.98649E-05 0.998502 9.98649E-05 9.98649E-05 9.98649E-05 9.98649E-05 9.98649E-05 9.98649E-05 9.98649E-05 9.98649E-05
9.98649E-05 9.98649E-05 9.98649E-05 9.98649E-05 9.98649E-05 9.98649E-05 9.98649E-05 0.998502 9.98649E-05 9.98649E-05 9.98649E-05 9.98649E-05 9.98649E-05 9.98649E-05 9.98649E-05 9.98649E-05
0.0350696 9.9937E-05 9.9937E-05 9.9937E-05 0.0100494 9.9937E-05 0.0216064 0.0799448 9.9937E-05 0.00435726 0.137982 0.0773748 9.9937E-05 0.604325 9.9937E-05 0.028592
9.98739E-05 9.98739E-05 9.98739E-05 9.98739E-05 9.98739E-05 9.98739E-05 0.134924 9.98739E-05 9.98739E-05 9.98739E-05 9.98739E-05 0.863678 9.98739E-05 9.98739E-05 9.98739E-05 9.98739E-05
0.116053 9.9937E-05 9.9937E-05 9.9937E-05 0.0231657 0.142839 0.0103354 9.9937E-05 9.9937E-05 0.0642041 9.9937E-05 0.224897 0.0375926 0.335627 0.0445877 9.9937E-05
9.991E-05 9.991E-05 9.991E-05 0.0411493 9.991E-05 9.991E-05 9.991E-05 0.0131638 9.991E-05 9.991E-05 0.163827 0.0060323 9.991E-05 0.760267 0.0145616 9.991E-05
9.99011E-05 9.99011E-05 0.0366513 0.0329586 9.99011E-05 9.99011E-05 9.99011E-05 9.99011E-05 9.99011E-05 9.99011E-05 0.139231 0.718398 9.99011E-05 0.0716623 9.99011E-05 9.99011E-05
9.9901E-05 0.121219 9.9901E-05 9.9901E-05 0.0466902 9.9901E-05 9.9901E-05 9.9901E-05 9.9901E-05 9.9901E-05 9.9901E-05 0.753671 0.06461 9.9901E-05 0.0127104 9.9901E-05
0.0273674 9.9919E-05 9.9919E-05 0.0453869 9.9919E-05 9.9919E-05 9.9919E-05 9.9919E-05 9.9919E-05 9.9919E-05 0.0322799 0.668628 0.0635733 0.15575 0.00611584 9.9919E-05
0.128782 0.0171879 0.010456 0.0319925 0.0415881 0.00384426 9.9955E-05 0.042942 0.05601 0.110753 9.9955E-05 0.515253 9.9955E-05 0.0406916 9.9955E-05 9.9955E-05
0.137767 9.9955E-05 9.9955E-05 9.9955E-05 0.0214927 9.9955E-05 0.00839043 0.021468 0.0190627 0.167349 0.086602 0.334 9.9955E-05 0.0306729 0.0866504 0.0860451
0.077901 9.9946E-05 9.9946E-05 0.00350903 0.0778814 0.0971778 9.9946E-05 0.12089 9.9946E-05 0.0206847 9.9946E-05 0.133313 0.000119195 0.419923 0.0480008 9.9946E-05
0.027212 0.0668062 9.9937E-05 9.9937E-05 0.0097443 0.00347228 9.9937E-05 0.183282 9.9937E-05 0.0962183 9.9937E-05 0.0904265 9.9937E-05 0.497702 0.0244364 9.9937E-05
0.0589901 9.9937E-05 9.9937E-05 9.9937E-05 0.0252349 9.9937E-05 0.0117479 9.9937E-05 9.9937E-05 0.000122177 0.0527559 0.233098 9.9937E-05 0.513764 0.0682026 0.0353844
9.9946E-05 0.0195326 0.0211395 0.0310108 9.9946E-05 9.9946E-05 0.0209918 0.0709085 9.9946E-05 0.0314356 9.9946E-05 0.262528 0.0577575 0.468094 9.9946E-05 0.0160019
0.172231 9.99561E-05 0.0237932 9.99561E-05 0.0131482 9.99561E-05 0.095154 0.0472479 0.00278611 0.00721588 9.99561E-05 0.109424 0.131717 0.379059 0.0177245 9.99561E-05
9.99009E-05 9.99009E-05 0.0055404 0.00236937 9.99009E-05 9.99009E-05 9.99009E-05 9.99009E-05 9.99009E-05 9.99009E-05 9.99009E-05 9.99009E-05 0.0900184 0.871822 9.99009E-05 0.029151
9.98649E-05 9.98649E-05 9.98649E-05 9.98649E-05 9.98649E-05 9.98649E-05 0.998502 9.98649E-05 9.98649E-05 9.98649E-05 9.98649E-05 9.98649E-05 9.98649E-05 9.98649E-05 9.98649E-05 9.98649E-05
0.0937805 9.9973E-05 0.025266 0.0238948 0.0156587 0.0679351 0.0259964 0.0069332 0.0305409 0.145232 9.9973E-05 0.36246 0.0189639 0.14712 0.0359191 9.9973E-05
0.0533948 9.9919E-05 9.9919E-05 9.9919E-05 9.9919E-05 0.0158117 0.00328517 0.0469045 9.9919E-05 9.9919E-05 9.9919E-05 0.433344 0.0128736 0.433487 9.9919E-05 9.9919E-05
0.0232599 9.9946E-05 0.0160472 0.0011485 0.0378192 9.9946E-05 0.0182979 0.0729909 0.132205 9.9946E-05 9.9946E-05 0.134992 9.9946E-05 0.55538 9.9946E-05 0.00726009
9.9892E-05 9.9892E-05 9.9892E-05 9.9892E-05 9.9892E-05 0.0188265 9.9892E-05 9.9892E-05 9.9892E-05 9.9892E-05 9.9892E-05 9.9892E-05 0.0858541 0.827117 9.9892E-05 0.0670041
9.9928E-05 9.9928E-05 9.9928E-05 0.0161572 9.9928E-05 0.0020485 9.9928E-05 0.0300827 9.9928E-05 0.208714 0.0163992 0.367972 9.9928E-05 0.325026 0.032801 9.9928E-05
9.9955E-05 0.060801 0.013465 9.9955E-05 0.0493797 9.9955E-05 9.9955E-05 0.102683 0.000124623 0.051631 0.0401368 0.137529 9.9955E-05 0.523982 0.00254235 0.0172257
9.98649E-05 9.98649E-05 9.98649E-05 9.98649E-05 9.98649E-05 9.98649E-05 9.98649E-05 9.98649E-05 9.98649E-05 9.98649E-05 9.98649E-05 9.98649E-05 9.98649E-05 9.98649E-05 0.998502 9.98649E-05
9.98649E-05 9.98649E-05 9.98649E-05 9.98649E-05 9.98649E-05 9.98649E-05 0.998502 9.98649E-05 9.98649E-05 9.98649E-05 9.98649E-05 9.98649E-05 9.98649E-05 9.98649E-05 9.98649E-05 9.98649E-05
9.98649E-05 9.98649E-05 9.98649E-05 9.98649E-05 9.98649E-05 9.98649E-05 9.98649E-05 9.98649E-05 9.98649E-05 9.98649E-05 9.98649E-05 9.98649E-05 9.98649E-05 9.98649E-05 0.998502 9.98649E-05
0.0715574 9.99139E-05 0.00559249 9.99139E-05 0.0124683 9.99139E-05 9.99139E-05 9.99139E-05 9.99139E-05 9.99139E-05 9.99139E-05 0.820319 9.99139E-05 0.0842502 0.00481358 9.99139E-05
0.0588328 0.000720811 0.0213319 0.0419548 9.9955E-05 0.0042129 0.0150549 9.9955E-05 9.9955E-05 9.9955E-05 9.9955E-05 0.546214 0.0783433 0.181286 0.0428522 0.00869636
0.0447747 0.106143 9.9928E-05 9.9928E-05 0.0146706 9.9928E-05 0.0212944 9.9928E-05 0.0633939 9.9928E-05 9.9928E-05 0.507977 9.9928E-05 0.232337 0.00861016 9.9928E-05
9.9919E-05 9.9919E-05 0.0205122 9.9919E-05 0.048397 0.0214085 0.0234611 9.9919E-05 9.9919E-05 9.9919E-05 9.9919E-05 0.0699971 9.9919E-05 0.762057 0.0532673 9.9919E-05
9.9928E-05 9.9928E-05 0.0246767 9.9928E-05 0.0409116 0.0761443 0.0270008 0.015422 0.0455973 0.0236218 9.9928E-05 9.9928E-05 9.9928E-05 0.745826 9.9928E-05 9.9928E-05
9.98738E-05 9.98738E-05 9.98738E-05 9.98738E-05 9.98738E-05 9.98738E-05 0.0643684 9.98738E-05 9.98738E-05 9.98738E-05 9.98738E-05 0.934233 9.98738E-05 9.98738E-05 9.98738E-05 9.98738E-05
0.00377347 9.9964E-05 0.00998512 0.0166842 0.040183 9.9964E-05 0.0363488 0.0629468 0.0597959 9.9964E-05 0.003428 0.433343 9.9964E-05 0.248885 0.0319232 0.0523041
0.081084 9.9928E-05 0.00608483 9.9928E-05 0.00867422 9.9928E-05 9.9928E-05 9.9928E-05 9.9928E-05 0.813183 0.00573528 0.0307781 0.0251289 0.0285322 9.9928E-05 9.9928E-05
0.00261092 9.9892E-05 9.9892E-05 9.9892E-05 9.9892E-05 9.9892E-05 9.9892E-05 0.0827054 9.9892E-05 0.903183 0.0103018 9.9892E-05 9.9892E-05 9.9892E-05 9.9892E-05 9.9892E-05
9.991E-05 9.991E-05 0.0319555 0.0222214 9.991E-05 9.991E-05 0.0331778 0.0928418 9.991E-05 0.794328 9.991E-05 9.991E-05 9.991E-05 9.991E-05 0.0244768 9.991E-05
9.98741E-05 9.98741E-05 9.98741E-05 9.98741E-05 9.98741E-05 9.98741E-05 9.98741E-05 9.98741E-05 9.98741E-05 0.778317 9.98741E-05 0.220285 9.98741E-05 9.98741E-05 9.98741E-05 9.98741E-05
9.9955E-05 0.0255633 0.00924306 9.9955E-05 0.0178868 0.0048535 0.018694 9.9955E-05 0.000936415 0.672408 9.9955E-05 0.059291 0.0857733 0.064559 0.0402918 9.9955E-05
0.0387173 0.0454773 0.0013374 9.991E-05 9.991E-05 9.991E-05 0.00565502 9.991E-05 9.991E-05 0.775055 9.991E-05 9.991E-05 0.132759 9.991E-05 9.991E-05 9.991E-05
9.9874E-05 9.9874E-05 9.9874E-05 9.9874E-05 9.9874E-05 9.9874E-05 9.9874E-05 9.9874E-05 0.0311051 0.967497 9.9874E-05 9.9874E-05 9.9874E-05 9.9874E-05 9.9874E-05 9.9874E-05
9.9892E-05 9.9892E-05 9.9892E-05 0.0142287 0.00932163 9.9892E-05 9.9892E-05 0.0575242 9.9892E-05 0.917727 9.9892E-05 9.9892E-05 9.9892E-05 9.9892E-05 9.9892E-05 9.9892E-05
9.9919E-05 9.9919E-05 0.00133856 9.9919E-05 9.9919E-05 9.9919E-05 0.00377914 9.9919E-05 9.9919E-05 0.718687 0.149752 9.9919E-05 9.9919E-05 0.072213 0.0134076 0.0399226
0.0113458 9.9946E-05 0.0207649 0.0057195 9.9946E-05 0.0577849 0.0143559 0.0248553 9.9946E-05 0.699484 0.0290928 0.131472 9.9946E-05 9.9946E-05 0.00452519 9.9946E-05
0.0118079 0.0646666 0.0159122 0.000508598 9.9928E-05 9.9928E-05 9.9928E-05 9.9928E-05 0.00662426 0.807274 9.9928E-05 9.9928E-05 9.9928E-05 0.0724304 0.0199771 9.9928E-05
9.9919E-05 0.0386306 9.9919E-05 0.00758336 9.9919E-05 9.9919E-05 0.00291807 9.9919E-05 9.9919E-05 0.0773216 0.385557 9.9919E-05 0.471177 9.9919E-05 0.0159128 9.9919E-05
9.9901E-05 9.9901E-05 0.00360932 9.9901E-05 9.9901E-05 9.9901E-05 0.0356024 9.9901E-05 9.9901E-05 0.0793134 0.745908 9.9901E-05 0.134468 9.9901E-05 9.9901E-05 9.9901E-05
0.0171543 0.00983694 0.021639 9.9928E-05 0.00555481 9.9928E-05 9.9928E-05 0.091637 9.9928E-05 9.9928E-05 0.216203 9.9928E-05 0.522749 9.9928E-05 9.9928E-05 0.114427
9.991E-05 9.991E-05 9.991E-05 9.991E-05 0.0471725 0.113016 9.991E-05 0.0214284 0.075252 9.991E-05 9.991E-05 9.991E-05 0.740857 9.991E-05 0.00127546 9.991E-05
9.9883E-05 9.9883E-05 9.9883E-05 0.015623 9.9883E-05 9.9883E-05 9.9883E-05 9.9883E-05 9.9883E-05 9.9883E-05 0.890065 0.0930136 9.9883E-05 9.9883E-05 9.9883E-05 9.9883E-05
9.9946E-05 9.9946E-05 0.0175876 0.00862888 9.9946E-05 9.9946E-05 9.9946E-05 9.9946E-05 0.14483 0.129331 0.00103867 0.0451295 0.614991 0.0103395 0.00248356 0.0250401
9.991E-05 0.0259512 9.991E-05 9.991E-05 9.991E-05 0.0484621 0.0364046 9.991E-05 9.991E-05 9.991E-05 0.238665 9.991E-05 0.620154 9.991E-05 9.991E-05 0.0293634
9.991E-05 9.991E-05 0.0163723 9.991E-05 9.991E-05 9.991E-05 0.00545028 0.0801143 0.233293 9.991E-05 0.340019 9.991E-05 0.323752 9.991E-05 9.991E-05 9.991E-05
9.99394E-05 9.99394E-05 9.99394E-05 0.0512726 9.99394E-05 9.99394E-05 0.00200691 0.0971582 0.0229272 9.99394E-05 0.233174 0.146868 0.317844 9.99394E-05 0.0404642 0.0875849
9.9874E-05 9.9874E-05 9.9874E-05 9.9874E-05 9.9874E-05 9.9874E-05 0.0123466 9.9874E-05 9.9874E-05 9.9874E-05 0.986255 9.9874E-05 9.9874E-05 9.9874E-05 9.9874E-05 9.9874E-05
0.0324459 9.9892E-05 9.9892E-05 0.00446838 9.9892E-05 9.9892E-05 9.9892E-05 9.9892E-05 9.9892E-05 9.9892E-05 0.947196 9.9892E-05 9.9892E-05 9.9892E-05 0.0146909 9.9892E-05
9.9865E-05 9.9865E-05 9.9865E-05 9.9865E-05 9.9865E-05 9.9865E-05 9.9865E-05 9.9865E-05 9.9865E-05 9.9865E-05 0.998502 9.9865E-05 9.9865E-05 9.9865E-05 9.9865E-05 9.9865E-05
9.9919E-05 0.0496697 9.9919E-05 9.9919E-05 0.0150033 9.9919E-05 9.9919E-05 9.9919E-05 0.145373 9.9919E-05 0.666541 9.9919E-05 9.9919E-05 0.0832611 0.0165376 0.0227159
9.9919E-05 9.9919E-05 9.9919E-05 0.00817875 9.9919E-05 9.9919E-05 9.9919E-05 9.9919E-05 0.0368975 9.9919E-05 0.60536 0.221921 9.9919E-05 0.00323414 0.00810389 0.115405
0.0264175 0.0638944 0.00499137 0.0118954 0.0248573 9.9928E-05 9.9928E-05 9.9928E-05 0.703509 9.9928E-05 9.9928E-05 9.9928E-05 0.133938 0.0296976 9.9928E-05 9.9928E-05
0.034372 9.9892E-05 9.9892E-05 0.0326581 9.9892E-05 9.9892E-05 9.9892E-05 9.9892E-05 0.85215 9.9892E-05 9.9892E-05 0.079621 9.9892E-05 9.9892E-05 9.9892E-05 9.9892E-05
0.0368896 9.9874E-05 9.9874E-05 9.9874E-05 9.9874E-05 9.9874E-05 9.9874E-05 9.9874E-05 0.961712 9.9874E-05 9.9874E-05 9.9874E-05 9.9874E-05 9.9874E-05 9.9874E-05 9.9874E-05
9.9919E-05 9.9919E-05 0.00180161 0.0213633 9.9919E-05 9.9919E-05 9.9919E-05 0.0104535 0.884829 9.9919E-05 9.9919E-05 9.9919E-05 0.00489406 0.0664012 0.00935837 9.9919E-05
9.9865E-05 9.9865E-05 9.9865E-05 9.9865E-05 9.9865E-05 9.9865E-05 9.9865E-05 9.9865E-05 0.998502 9.9865E-05 9.9865E-05 9.9865E-05 9.9865E-05 9.9865E-05 9.9865E-05 9.9865E-05
9.99009E-05 9.99009E-05 0.0236687 0.00576604 9.99009E-05 9.99009E-05 9.99009E-05 9.99009E-05 0.878496 9.99009E-05 9.99009E-05 0.0872325 9.99009E-05 0.00373771 9.99009E-05 9.99009E-05
0.000319519 0.0828273 9.99044E-05 9.99044E-05 9.99044E-05 9.99044E-05 9.99044E-05 9.99044E-05 0.705399 9.99044E-05 9.99044E-05 0.165237 9.99044E-05 9.99044E-05 9.99044E-05 0.0451185
9.991E-05 9.991E-05 9.991E-05 9.991E-05 9.991E-05 9.991E-05 0.0221422 0.0752687 0.56644 9.991E-05 9.991E-05 9.991E-05 0.24486 9.991E-05 0.0199105 0.0703792
9.991E-05 9.991E-05 9.991E-05 9.991E-05 9.991E-05 9.991E-05 0.00066012 9.991E-05 9.991E-05 0.087278 9.991E-05 0.0724706 0.811792 9.991E-05 0.0251625 0.0016373
0.012902 9.9919E-05 0.000151217 9.9919E-05 0.00132857 9.9919E-05 9.9919E-05 0.0267199 9.9919E-05 0.00960946 9.9919E-05 0.06674 0.88165 9.9919E-05 9.9919E-05 9.9919E-05
0.005226 9.9928E-05 9.9928E-05 0.0114332 9.9928E-05 9.9928E-05 0.0158757 0.0311878 0.0312455 9.9928E-05 9.9928E-05 0.189629 0.707191 9.9928E-05 9.9928E-05 0.00741245
9.99197E-05 0.074458 9.99197E-05 0.0191457 9.99197E-05 9.99197E-05 9.99197E-05 9.99197E-05 0.135317 9.99197E-05 9.99197E-05 0.122341 0.612753 0.033892 9.99197E-05 0.00119321
9.99279E-05 9.99279E-05 0.0274819 0.0105151 0.00569673 9.99279E-05 9.99279E-05 0.00108278 9.99279E-05 9.99279E-05 0.208196 9.99279E-05 0.569575 9.99279E-05 0.0234781 0.153175
0.103978 9.9919E-05 9.9919E-05 0.0137043 0.0398671 9.9919E-05 0.00765685 9.9919E-05 9.9919E-05 9.9919E-05 9.9919E-05 0.00310945 0.695614 9.9919E-05 9.9919E-05 0.135172
9.9937E-05 9.9937E-05 0.0195712 0.0182035 0.00250323 9.9937E-05 9.9937E-05 0.0456871 0.0452541 9.9937E-05 0.245331 0.169632 0.424771 9.9937E-05 9.9937E-05 0.0283477
9.99011E-05 0.0394853 9.99011E-05 9.99011E-05 9.99011E-05 0.13762 0.0247647 0.000357661 9.99011E-05 9.99011E-05 9.99011E-05 9.99011E-05 0.796674 9.99011E-05 9.99011E-05 9.99011E-05
0.0184315 9.9919E-05 9.9919E-05 9.9919E-05 9.9919E-05 0.0823056 0.0165796 9.9919E-05 9.9919E-05 0.0108962 0.0798528 9.9919E-05 0.76717 9.9919E-05 9.9919E-05 0.0238653
9.9937E-05 9.9937E-05 9.9937E-05 0.037592 0.0108047 0.108563 9.9937E-05 9.9937E-05 0.0061491 0.0124167 0.0248588 9.9937E-05 0.718221 0.0794948 9.9937E-05 0.00120043
9.991E-05 0.104315 9.991E-05 9.991E-05 9.991E-05 0.0451634 9.991E-05 0.102519 0.0668085 9.991E-05 0.229811 9.991E-05 0.450383 9.991E-05 9.991E-05 9.991E-05
0.000269237 9.9919E-05 0.0113049 0.00255916 9.9919E-05 9.9919E-05 0.0313447 0.0946857 0.116292 9.9919E-05 9.9919E-05 9.9919E-05 0.742645 9.9919E-05 9.9919E-05 9.9919E-05
9.9901E-05 9.9901E-05 0.0217034 0.0067376 9.9901E-05 9.9901E-05 9.9901E-05 9.9901E-05 9.9901E-05 9.9901E-05 0.0115488 0.0664426 0.892469 9.9901E-05 9.9901E-05 9.9901E-05
0.0314072 9.9901E-05 9.9901E-05 0.00591378 9.9901E-05 9.9901E-05 9.9901E-05 9.9901E-05 9.9901E-05 9.9901E-05 9.9901E-05 9.9901E-05 0.0365062 9.9901E-05 0.0255095 0.899564
9.9901E-05 9.9901E-05 9.9901E-05 0.00847795 9.9901E-05 9.9901E-05 9.9901E-05 9.9901E-05 0.0671077 9.9901E-05 9.9901E-05 0.136535 0.0135355 9.9901E-05 9.9901E-05 0.773245
9.991E-05 9.991E-05 0.00118581 0.00921799 0.067238 9.991E-05 9.991E-05 9.991E-05 9.991E-05 9.991E-05 9.991E-05 0.0876008 9.991E-05 9.991E-05 0.00994456 0.823814
9.9919E-05 9.9919E-05 9.9919E-05 0.00102546 0.0665325 9.9919E-05 0.010678 0.020005 9.9919E-05 9.9919E-05 0.0849369 0.0473017 9.9919E-05 9.9919E-05 9.9919E-05 0.768621
9.9901E-05 9.9901E-05 9.9901E-05 9.9901E-05 0.0409187 9.9901E-05 9.9901E-05 0.069178 9.9901E-05 9.9901E-05 9.9901E-05 9.9901E-05 9.9901E-05 0.0127331 0.016171 0.8599
9.9883E-05 9.9883E-05 9.9883E-05 9.9883E-05 9.9883E-05 9.9883E-05 9.9883E-05 9.9883E-05 9.9883E-05 9.9883E-05 0.0343837 9.9883E-05 9.9883E-05 9.9883E-05 0.00658894 0.957729
9.9865E-05 9.9865E-05 9.9865E-05 9.9865E-05 9.9865E-05 9.9865E-05 9.9865E-05 9.9865E-05 9.9865E-05 9.9865E-05 9.9865E-05 9.9865E-05 9.9865E-05 9.9865E-05 9.9865E-05 0.998502
9.9901E-05 0.137332 9.9901E-05 9.9901E-05 0.0772846 0.12167 9.9901E-05 9.9901E-05 9.9901E-05 0.0389641 9.9901E-05 9.9901E-05 9.9901E-05 9.9901E-05 9.9901E-05 0.623651
