0.0980944 0.205722 0.6823 9.9973E-05 9.9973E-05 9.9973E-05 0.0135833
9.9964E-05 9.9964E-05 0.959631 9.9964E-05 0.0377628 9.9964E-05 0.00220588
9.9973E-05 0.540741 0.376377 0.0379361 0.0446461 9.9973E-05 9.9973E-05
9.99731E-05 9.99731E-05 0.672528 0.0837569 0.0504612 0.192954 9.99731E-05
0.94989 9.9955E-05 9.9955E-05 0.0496099 9.9955E-05 9.9955E-05 9.9955E-05
9.9982E-05 0.0852717 9.9982E-05 0.000952504 0.0333477 0.878753 0.00147496
9.9964E-05 0.0916459 9.9964E-05 0.727966 0.179988 9.9964E-05 9.9964E-05
9.99641E-05 9.99641E-05 0.875625 0.0903769 9.99641E-05 9.99641E-05 0.0335986
9.9964E-05 9.9964E-05 9.9964E-05 9.9964E-05 0.197005 0.524938 0.277657
0.442209 9.9955E-05 9.9955E-05 0.557291 9.9955E-05 9.9955E-05 9.9955E-05
9.995E-05 9.995E-05 9.995E-05 0.9994 9.995E-05 9.995E-05 9.995E-05
9.9964E-05 9.9964E-05 0.917671 9.9964E-05 9.9964E-05 0.0758049 0.00612446
0.620059 0.19856 9.9973E-05 9.9973E-05 0.0887393 0.0923415 9.9973E-05
0.171393 0.420442 0.0382005 0.333457 9.9982E-05 0.0363076 9.9982E-05
0.9994 9.995E-05 9.995E-05 9.995E-05 9.995E-05 9.995E-05 9.995E-05
9.995E-05 9.995E-05 9.995E-05 9.995E-05 0.9994 9.995E-05 9.995E-05
9.99551E-05 9.99551E-05 0.917907 9.99551E-05 9.99551E-05 0.0815928 9.99551E-05
9.9964E-05 9.9964E-05 9.9964E-05 0.167917 0.743051 0.0886314 9.9964E-05
9.99551E-05 9.99551E-05 0.0481217 9.99551E-05 9.99551E-05 0.951379 9.99551E-05
9.995E-05 9.995E-05 9.995E-05 9.995E-05 9.995E-05 9.995E-05 0.9994
9.99641E-05 9.99641E-05 0.00638277 9.99641E-05 0.209342 9.99641E-05 0.783875
0.0288406 9.9982E-05 0.163148 9.9982E-05 0.431545 0.373303 0.00296367
0.084333 9.99551E-05 9.99551E-05 9.99551E-05 0.915167 9.99551E-05 9.99551E-05
9.9973E-05 0.0742208 0.531378 0.0603812 9.9973E-05 9.9973E-05 0.33372
9.9964E-05 0.960041 9.9964E-05 9.9964E-05 0.00781626 0.0317426 9.9964E-05
0.796569 9.9964E-05 9.9964E-05 9.9964E-05 0.174751 9.9964E-05 0.02828
9.997E-05 0.328949 0.530598 9.997E-05 9.997E-05 0.132681 0.00747319
0.342433 0.0426364 9.99641E-05 9.99641E-05 9.99641E-05 0.61453 9.99641E-05
9.99553E-05 9.99553E-05 0.860228 9.99553E-05 0.139272 9.99553E-05 9.99553E-05
9.99552E-05 9.99552E-05 0.330521 9.99552E-05 9.99552E-05 0.668979 9.99552E-05
9.9955E-05 0.494841 9.9955E-05 0.504659 9.9955E-05 9.9955E-05 9.9955E-05
9.995E-05 0.9994 9.995E-05 9.995E-05 9.995E-05 9.995E-05 9.995E-05
0.22788 9.9955E-05 9.9955E-05 0.77162 9.9955E-05 9.9955E-05 9.9955E-05
9.9973E-05 0.0666311 9.9973E-05 0.0224131 0.00991435 0.900742 9.9973E-05
9.99641E-05 0.0632778 0.76669 9.99641E-05 9.99641E-05 0.169632 9.99641E-05
9.9955E-05 9.9955E-05 9.9955E-05 9.9955E-05 0.674345 9.9955E-05 0.325155
9.9973E-05 9.9973E-05 0.0300968 9.9973E-05 0.085686 0.783622 0.100295
9.9973E-05 0.00718087 9.9973E-05 0.0457195 0.112626 0.834173 9.9973E-05
9.99641E-05 9.99641E-05 0.103801 0.836036 9.99641E-05 0.0597628 9.99641E-05
0.0954808 9.99641E-05 0.067297 9.99641E-05 9.99641E-05 0.836822 9.99641E-05
9.9955E-05 9.9955E-05 0.300543 9.9955E-05 9.9955E-05 0.698957 9.9955E-05
9.99551E-05 9.99551E-05 0.87675 9.99551E-05 9.99551E-05 0.122751 9.99551E-05
0.119198 9.99551E-05 9.99551E-05 9.99551E-05 9.99551E-05 9.99551E-05 0.880302
9.995E-05 0.9994 9.995E-05 9.995E-05 9.995E-05 9.995E-05 9.995E-05
0.895815 9.99551E-05 9.99551E-05 9.99551E-05 9.99551E-05 9.99551E-05 0.103685
9.99641E-05 9.99641E-05 0.94715 0.00241123 0.0500393 9.99641E-05 9.99641E-05
9.996E-05 9.996E-05 9.996E-05 9.996E-05 0.184343 0.217451 0.597806
9.99552E-05 9.99552E-05 9.99552E-05 9.99552E-05 0.108771 0.890729 9.99552E-05
0.304433 0.109426 9.99641E-05 9.99641E-05 9.99641E-05 9.99641E-05 0.585742
9.9964E-05 9.9964E-05 9.9964E-05 0.0764398 9.9964E-05 0.0999287 0.823232
