9.98919E-05 9.98919E-05 0.998801 9.98919E-05 9.98919E-05 9.98919E-05 9.98919E-05 9.98919E-05 9.98919E-05 9.98919E-05 9.98919E-05 9.98919E-05 9.98919E-05
9.9955E-05 0.146524 0.00874861 0.663332 0.0521413 0.034217 0.0128251 9.9955E-05 9.9955E-05 9.9955E-05 9.9955E-05 0.0659597 0.0157526
9.9955E-05 0.13853 0.0396918 0.718614 9.9955E-05 0.0227805 9.9955E-05 0.0253115 0.00084525 9.9955E-05 0.0265733 9.9955E-05 0.0271539
0.119062 0.0187871 0.00639079 0.750942 0.0226513 0.0132621 9.9955E-05 0.0592416 0.00916251 9.9955E-05 9.9955E-05 9.9955E-05 9.9955E-05
9.9946E-05 9.9946E-05 0.0410303 0.756541 9.9946E-05 0.0107285 9.9946E-05 0.06199 0.00843166 0.0271991 9.9946E-05 0.0934803 9.9946E-05
9.9919E-05 0.0950474 9.9919E-05 0.823228 9.9919E-05 9.9919E-05 9.9919E-05 0.0537025 9.9919E-05 0.0271227 9.9919E-05 9.9919E-05 9.9919E-05
9.98919E-05 9.98919E-05 0.998801 9.98919E-05 9.98919E-05 9.98919E-05 9.98919E-05 9.98919E-05 9.98919E-05 9.98919E-05 9.98919E-05 9.98919E-05 9.98919E-05
0.0124434 9.9955E-05 0.0224436 0.787817 9.9955E-05 0.00776058 9.9955E-05 0.050992 9.9955E-05 0.0368259 9.9955E-05 0.0808842 0.000334037
0.11807 9.9955E-05 0.0474964 0.721279 0.000342859 0.00345226 9.9955E-05 0.0145333 9.9955E-05 9.9955E-05 9.9955E-05 0.0469335 0.0473936
0.00188634 0.0890053 0.00698906 0.7868 9.9937E-05 9.9937E-05 9.9937E-05 0.067144 0.0474752 9.9937E-05 9.9937E-05 9.9937E-05 9.9937E-05
9.9928E-05 0.189716 9.9928E-05 0.712644 0.0342586 0.00478954 9.9928E-05 0.0577917 9.9928E-05 9.9928E-05 9.9928E-05 9.9928E-05 9.9928E-05
9.99549E-05 0.0697253 0.0415877 0.689598 9.99549E-05 0.0172319 9.99549E-05 0.11919 0.0346926 0.0200469 0.00742716 9.99549E-05 9.99549E-05
0.031177 9.9946E-05 0.000803881 0.752033 0.0488393 9.9946E-05 9.9946E-05 0.122654 9.9946E-05 0.0363283 9.9946E-05 9.9946E-05 0.00756497
0.0328868 0.0908292 0.0206621 0.651459 0.0542553 9.9964E-05 9.9964E-05 0.0655395 0.00182096 9.9964E-05 0.0451428 0.0370044 9.9964E-05
9.9937E-05 9.9937E-05 9.9937E-05 0.815146 0.0133402 0.000352681 9.9937E-05 9.9937E-05 0.009475 9.9937E-05 9.9937E-05 0.095474 0.0655121
9.9928E-05 9.9928E-05 9.9928E-05 0.869973 9.9928E-05 9.9928E-05 0.0305284 9.9928E-05 9.9928E-05 0.000416691 0.00559764 0.0926853 9.9928E-05
9.9919E-05 9.9919E-05 0.0279178 0.928522 9.9919E-05 9.9919E-05 0.0172542 9.9919E-05 9.9919E-05 0.0254064 9.9919E-05 9.9919E-05 9.9919E-05
9.991E-05 9.991E-05 0.0244766 0.897105 9.991E-05 9.991E-05 0.0774194 9.991E-05 9.991E-05 9.991E-05 9.991E-05 9.991E-05 9.991E-05
9.9919E-05 9.9919E-05 0.0405519 0.833622 0.0268926 9.9919E-05 0.0980343 9.9919E-05 9.9919E-05 9.9919E-05 9.9919E-05 9.9919E-05 9.9919E-05
9.9919E-05 9.9919E-05 9.9919E-05 0.893156 9.9919E-05 9.9919E-05 0.0767605 9.9919E-05 0.00827727 0.0209074 9.9919E-05 9.9919E-05 9.9919E-05
9.98919E-05 9.98919E-05 9.98919E-05 9.98919E-05 9.98919E-05 9.98919E-05 9.98919E-05 9.98919E-05 9.98919E-05 9.98919E-05 0.998801 9.98919E-05 9.98919E-05
9.9928E-05 0.161862 9.9928E-05 9.9928E-05 0.0557453 9.9928E-05 9.9928E-05 0.0457234 0.73378 9.9928E-05 0.00209019 9.9928E-05 9.9928E-05
9.9928E-05 9.9928E-05 0.00654433 0.021893 9.9928E-05 9.9928E-05 9.9928E-05 0.114996 0.820322 9.9928E-05 9.9928E-05 0.0354457 9.9928E-05
9.9919E-05 9.9919E-05 9.9919E-05 9.9919E-05 9.9919E-05 9.9919E-05 0.0743301 0.00371341 0.882167 0.0388897 9.9919E-05 9.9919E-05 9.9919E-05
9.98921E-05 9.98921E-05 9.98921E-05 9.98921E-05 9.98921E-05 9.98921E-05 9.98921E-05 9.98921E-05 0.998801 9.98921E-05 9.98921E-05 9.98921E-05 9.98921E-05
9.9919E-05 9.9919E-05 0.0272593 9.9919E-05 9.9919E-05 0.0154737 9.9919E-05 9.9919E-05 0.951201 0.00516705 9.9919E-05 9.9919E-05 9.9919E-05
9.9946E-05 9.9946E-05 0.0264465 9.9946E-05 9.9946E-05 0.0150658 0.0772442 9.9946E-05 0.818642 9.9946E-05 0.0112804 0.030979 0.0197427
9.98919E-05 9.98919E-05 9.98919E-05 9.98919E-05 9.98919E-05 9.98919E-05 9.98919E-05 9.98919E-05 9.98919E-05 9.98919E-05 0.998801 9.98919E-05 9.98919E-05
9.9937E-05 0.0702106 9.9937E-05 9.9937E-05 9.9937E-05 9.9937E-05 9.9937E-05 9.9937E-05 0.769569 0.0151154 0.0330475 0.0579743 0.0533838
9.99459E-05 0.19364 9.99459E-05 0.000206447 0.0088451 9.99459E-05 0.0201276 0.043183 0.69766 9.99459E-05 9.99459E-05 9.99459E-05 0.0357381
9.9937E-05 0.0555421 9.9937E-05 9.9937E-05 9.9937E-05 0.0246959 9.9937E-05 9.9937E-05 0.733143 9.9937E-05 0.0456162 0.101528 0.0387756
9.9937E-05 9.9937E-05 0.0230712 9.9937E-05 0.00978561 9.9937E-05 0.150685 9.9937E-05 0.756929 9.9937E-05 0.0349318 0.0238983 9.9937E-05
0.100571 9.9964E-05 0.0228651 9.9964E-05 0.0455785 0.0163064 0.00275844 0.0390068 0.699989 9.9964E-05 0.0551551 9.9964E-05 0.0173695
0.109077 0.0315025 9.9937E-05 9.9937E-05 0.102891 0.0469016 9.9937E-05 9.9937E-05 0.677482 9.9937E-05 0.0314468 9.9937E-05 9.9937E-05
9.9973E-05 0.0128583 0.0157844 9.9973E-05 0.0596234 0.0145184 0.0467393 9.9973E-05 0.682452 0.00308791 0.00529998 0.0381839 0.121153
9.99459E-05 0.284127 9.99459E-05 0.0280548 0.14769 0.0679253 9.99459E-05 9.99459E-05 0.443827 9.99459E-05 0.0237149 0.0040615 9.99459E-05
9.9937E-05 9.9937E-05 9.9937E-05 0.0148609 0.0389711 0.0331947 0.187446 9.9937E-05 0.693537 9.9937E-05 9.9937E-05 9.9937E-05 0.0312907
0.130124 9.9946E-05 9.9946E-05 9.9946E-05 9.9946E-05 0.00913827 0.465243 0.292647 0.00864533 9.9946E-05 0.00881844 9.9946E-05 0.0847842
9.99369E-05 0.079753 0.0430489 9.99369E-05 0.0219979 9.99369E-05 0.486438 0.250408 9.99369E-05 9.99369E-05 9.99369E-05 9.99369E-05 0.117655
9.9946E-05 0.121623 9.9946E-05 0.00561958 9.9946E-05 0.0119139 0.413836 0.34255 9.9946E-05 9.9946E-05 9.9946E-05 0.000635402 0.103222
0.075678 9.9937E-05 0.0356383 9.9937E-05 9.9937E-05 0.0125186 0.820533 9.9937E-05 0.0181717 9.9937E-05 9.9937E-05 9.9937E-05 0.0367607
9.9973E-05 0.0138467 0.00697212 0.0180442 0.0340679 0.0400491 0.768924 0.0225644 9.9973E-05 0.0157514 0.0244379 0.0550428 9.9973E-05
9.9955E-05 9.9955E-05 0.0116612 9.9955E-05 0.00562166 0.018619 0.461356 0.402838 9.9955E-05 0.000239049 9.9955E-05 0.0667483 0.0324167
9.9964E-05 0.0358257 0.0232581 9.9964E-05 0.00116912 0.0364405 0.106123 0.666169 9.9964E-05 0.0292453 0.00102687 0.100343 9.9964E-05
9.9964E-05 9.9964E-05 0.0137269 9.9964E-05 0.0755083 0.00646919 0.528653 0.234804 0.0185965 0.0143942 9.9964E-05 0.0614737 0.0459753
0.0510423 9.9955E-05 9.9955E-05 0.033945 9.9955E-05 9.9955E-05 0.473583 0.325667 0.014309 0.00412637 9.9955E-05 0.0591488 0.037679
9.9919E-05 0.00724786 9.9919E-05 9.9919E-05 9.9919E-05 9.9919E-05 0.945407 9.9919E-05 9.9919E-05 0.0386988 9.9919E-05 0.00774687 9.9919E-05
0.0918387 9.9946E-05 0.00696365 0.00618021 0.0100527 0.0116584 0.700788 0.171919 9.9946E-05 9.9946E-05 9.9946E-05 9.9946E-05 9.9946E-05
9.9919E-05 9.9919E-05 0.0198531 9.9919E-05 9.9919E-05 0.0169674 0.928204 9.9919E-05 9.9919E-05 9.9919E-05 0.0340765 9.9919E-05 9.9919E-05
0.0574985 0.0603579 9.9946E-05 9.9946E-05 0.020931 0.0386974 0.338489 0.482033 9.9946E-05 9.9946E-05 0.00139304 9.9946E-05 9.9946E-05
9.9928E-05 0.0754762 0.0413723 9.9928E-05 9.9928E-05 0.0116033 0.591998 0.278751 9.9928E-05 9.9928E-05 9.9928E-05 9.9928E-05 9.9928E-05
9.9919E-05 9.9919E-05 0.052188 9.9919E-05 9.9919E-05 0.0260603 0.87559 9.9919E-05 9.9919E-05 9.9919E-05 9.9919E-05 0.0452624 9.9919E-05
0.060194 9.99369E-05 9.99369E-05 0.0294115 0.0270951 9.99369E-05 0.755814 0.0977851 9.99369E-05 0.029001 9.99369E-05 9.99369E-05 9.99369E-05
9.99369E-05 9.99369E-05 0.0214484 0.0951542 0.000659503 0.00376663 0.861466 9.99369E-05 0.0168061 9.99369E-05 9.99369E-05 9.99369E-05 9.99369E-05
9.99549E-05 9.99549E-05 0.00212795 0.0258128 0.0105618 9.99549E-05 0.4777 0.272584 9.99549E-05 0.0587882 9.99549E-05 0.087267 0.0646582
0.0924794 9.9955E-05 9.9955E-05 0.018483 0.0324742 0.0168364 0.235686 0.519013 0.0107962 9.9955E-05 9.9955E-05 9.9955E-05 0.0737318
9.9964E-05 9.9964E-05 9.9964E-05 0.0615966 0.00321958 0.021583 0.635952 0.14588 0.0196449 0.00910863 0.00384558 0.0987696 9.9964E-05
9.9946E-05 0.317624 9.9946E-05 0.00934552 0.128182 0.0204369 0.132997 0.017786 9.9946E-05 9.9946E-05 9.9946E-05 9.9946E-05 0.373029
9.98918E-05 9.98918E-05 9.98918E-05 9.98918E-05 9.98918E-05 0.998801 9.98918E-05 9.98918E-05 9.98918E-05 9.98918E-05 9.98918E-05 9.98918E-05 9.98918E-05
0.0155219 0.00537689 0.0473319 9.9982E-05 0.321783 0.0135998 9.9982E-05 0.12829 0.013774 0.0183653 0.0138959 0.0601149 0.361746
9.9937E-05 0.136134 0.0222737 9.9937E-05 0.294641 0.0246649 0.100512 9.9937E-05 9.9937E-05 9.9937E-05 9.9937E-05 9.9937E-05 0.421074
0.0716159 9.9946E-05 9.9946E-05 9.9946E-05 0.149249 0.0719221 9.9946E-05 0.0727577 9.9946E-05 0.0185283 9.9946E-05 0.00418673 0.611141
0.0891641 9.9946E-05 9.9946E-05 0.00011312 0.119213 9.9946E-05 0.170907 9.9946E-05 9.9946E-05 0.0180564 0.0235054 9.9946E-05 0.578441
9.98918E-05 9.98918E-05 9.98918E-05 9.98918E-05 0.998801 9.98918E-05 9.98918E-05 9.98918E-05 9.98918E-05 9.98918E-05 9.98918E-05 9.98918E-05 9.98918E-05
9.98918E-05 9.98918E-05 9.98918E-05 9.98918E-05 9.98918E-05 0.998801 9.98918E-05 9.98918E-05 9.98918E-05 9.98918E-05 9.98918E-05 9.98918E-05 9.98918E-05
9.9964E-05 0.0875749 9.9964E-05 0.0843898 0.287289 0.0456006 9.9964E-05 0.234795 9.9964E-05 0.029254 0.00972321 0.00816797 0.212806
0.0573688 9.9973E-05 9.9973E-05 0.0699102 0.101329 0.0230319 0.0575402 0.011185 0.101789 0.0844944 0.028545 9.9973E-05 0.464507
9.9964E-05 0.0563367 9.9964E-05 0.028455 0.140258 0.0628738 0.0414721 0.0260626 0.0440066 0.0802043 9.9964E-05 9.9964E-05 0.519931
9.9973E-05 0.00338927 9.9973E-05 0.00271903 0.257525 0.0212138 0.0106131 9.9973E-05 0.00604055 0.0178032 0.0409327 0.0395829 0.599881
9.9964E-05 9.9964E-05 0.00645006 0.0538632 0.16793 0.114266 9.9964E-05 9.9964E-05 0.0535347 0.0758612 0.00609263 0.0918065 0.429796
9.9946E-05 9.9946E-05 0.0414207 0.0158847 0.163555 0.0448137 0.08486 9.9946E-05 9.9946E-05 0.0109877 9.9946E-05 9.9946E-05 0.637879
9.9955E-05 9.9955E-05 0.0557705 9.9955E-05 0.15882 0.0163965 0.0812725 9.9955E-05 9.9955E-05 0.028915 0.00698577 0.0351354 0.616204
9.9964E-05 0.0165759 0.0293142 9.9964E-05 0.266269 0.0862888 0.0463012 0.0131758 0.0879221 9.9964E-05 0.00448177 9.9964E-05 0.449271
9.9937E-05 0.360087 9.9937E-05 9.9937E-05 0.0934855 0.0501107 9.9937E-05 0.0857502 9.9937E-05 0.0246244 9.9937E-05 9.9937E-05 0.385242
9.9964E-05 9.9964E-05 0.0288715 9.9964E-05 0.0669421 0.0142213 0.00959777 0.297546 9.9964E-05 0.0156056 0.0519431 0.0437424 0.47113
0.0208062 9.9946E-05 9.9946E-05 0.0770979 0.120063 0.0238925 0.343715 9.9946E-05 9.9946E-05 0.007787 9.9946E-05 9.9946E-05 0.406039
9.9946E-05 0.00141856 9.9946E-05 0.109424 0.0526787 0.0580647 0.507195 9.9946E-05 9.9946E-05 0.024976 9.9946E-05 9.9946E-05 0.245643
9.98918E-05 9.98918E-05 9.98918E-05 9.98918E-05 0.998801 9.98918E-05 9.98918E-05 9.98918E-05 9.98918E-05 9.98918E-05 9.98918E-05 9.98918E-05 9.98918E-05
9.9973E-05 0.114794 0.00445447 0.0557042 0.0811591 0.0701999 0.212169 9.9973E-05 0.0300016 0.140914 0.0325559 9.9973E-05 0.257748
0.0165731 9.9937E-05 9.9937E-05 9.9937E-05 0.350539 0.0498819 0.199939 9.9937E-05 9.9937E-05 0.0326729 9.9937E-05 9.9937E-05 0.349695
9.9973E-05 9.9973E-05 0.0546545 0.0165411 0.0471357 0.000827137 0.0939781 9.9973E-05 0.00518741 0.0690509 0.0200182 0.0937209 0.598586
9.9955E-05 0.254391 9.9955E-05 0.0187143 0.113444 0.0290708 0.0593576 9.9955E-05 9.9955E-05 0.0305141 0.0135109 9.9955E-05 0.480497
9.9955E-05 9.9955E-05 9.9955E-05 0.121773 0.286107 0.0405495 0.0803658 0.00463098 9.9955E-05 0.0232265 9.9955E-05 0.000338691 0.442508
9.9955E-05 0.393185 9.9955E-05 9.9955E-05 0.041068 0.0198008 0.35408 9.9955E-05 0.0198602 0.0687882 0.000687286 9.9955E-05 0.102031
0.548488 0.182789 9.9928E-05 9.9928E-05 0.125793 0.019639 0.122492 9.9928E-05 9.9928E-05 9.9928E-05 9.9928E-05 9.9928E-05 9.9928E-05
9.9919E-05 0.513921 9.9919E-05 9.9919E-05 9.9919E-05 0.0612117 0.0920693 9.9919E-05 9.9919E-05 9.9919E-05 9.9919E-05 9.9919E-05 0.331899
9.99459E-05 9.99459E-05 9.99459E-05 0.0383106 0.0552843 0.0132628 0.0898576 9.99459E-05 9.99459E-05 0.0620655 9.99459E-05 0.136322 0.604298
9.9937E-05 9.9937E-05 0.0459653 9.9937E-05 9.9937E-05 0.0214265 0.0275197 9.9937E-05 9.9937E-05 0.0471783 9.9937E-05 0.218256 0.638955
0.000395819 0.0727088 9.9964E-05 0.0404716 0.0815385 0.0443219 0.0721173 9.9964E-05 9.9964E-05 9.9964E-05 0.000227725 0.100417 0.587401
9.99009E-05 9.99009E-05 9.99009E-05 9.99009E-05 0.950694 9.99009E-05 9.99009E-05 9.99009E-05 9.99009E-05 0.0482067 9.99009E-05 9.99009E-05 9.99009E-05
9.9946E-05 0.145323 9.9946E-05 0.0138032 0.315567 0.00804984 0.155382 9.9946E-05 9.9946E-05 9.9946E-05 0.01836 9.9946E-05 0.342916
9.9937E-05 9.9937E-05 0.0139929 9.9937E-05 0.16806 9.9937E-05 9.9937E-05 0.104522 9.9937E-05 0.00419059 9.9937E-05 0.0974654 0.61107
9.9937E-05 0.54431 0.0256692 9.9937E-05 0.137349 0.0262445 9.9937E-05 9.9937E-05 9.9937E-05 9.9937E-05 0.0326482 9.9937E-05 0.23308
9.9946E-05 0.390676 9.9946E-05 0.00152837 0.190441 9.9946E-05 9.9946E-05 0.0896795 0.0704843 0.0084928 9.9946E-05 9.9946E-05 0.248098
9.99279E-05 0.468419 0.0342429 9.99279E-05 0.168752 9.99279E-05 9.99279E-05 9.99279E-05 9.99279E-05 0.00627143 9.99279E-05 9.99279E-05 0.321516
9.99459E-05 0.353106 0.046674 0.00617032 0.192137 0.0652554 9.99459E-05 9.99459E-05 9.99459E-05 9.99459E-05 0.0062224 9.99459E-05 0.329835
0.109197 0.157796 9.9964E-05 0.0148765 0.151827 0.0357655 9.9964E-05 0.123174 9.9964E-05 0.0976398 0.000996891 9.9964E-05 0.308328
9.9946E-05 0.183294 9.9946E-05 0.0409652 0.15112 0.051117 0.0975992 9.9946E-05 9.9946E-05 0.0704549 9.9946E-05 9.9946E-05 0.404851
0.0328985 9.9973E-05 0.0174687 0.00898366 0.104687 0.0233472 0.0860626 9.9973E-05 0.0361872 0.0372949 0.0116043 9.9973E-05 0.641166
9.9955E-05 0.0347802 9.9955E-05 0.0355819 0.181958 0.0889694 0.0995925 0.0658358 9.9955E-05 0.0751569 9.9955E-05 9.9955E-05 0.417625
9.9964E-05 0.208928 0.0340276 9.9964E-05 0.14116 0.000836746 9.9964E-05 0.132632 0.00404151 0.00988312 0.00236154 9.9964E-05 0.46573
9.9973E-05 0.0806111 0.00327052 0.0155984 0.173473 0.096213 0.0718762 9.9973E-05 9.9973E-05 0.136346 0.0134871 0.0857961 0.323029
9.9946E-05 0.0438615 9.9946E-05 0.0114808 0.148162 9.9946E-05 0.020957 9.9946E-05 9.9946E-05 9.9946E-05 0.0217647 0.062479 0.690695
9.98919E-05 9.98919E-05 9.98919E-05 9.98919E-05 9.98919E-05 9.98919E-05 9.98919E-05 9.98919E-05 9.98919E-05 0.998801 9.98919E-05 9.98919E-05 9.98919E-05
9.995E-05 0.366204 9.995E-05 0.0181551 0.116763 0.0593864 0.0595973 9.995E-05 9.995E-05 0.0730573 0.0236842 9.995E-05 0.282653
9.9955E-05 0.139848 0.00413643 0.0202204 0.360656 9.9955E-05 0.000693588 0.0902048 9.9955E-05 9.9955E-05 0.00172849 9.9955E-05 0.382013
0.121436 9.9955E-05 0.0194166 0.0828668 0.364037 0.00590813 0.0301259 9.9955E-05 9.9955E-05 9.9955E-05 9.9955E-05 0.0219252 0.353785
9.9955E-05 9.9955E-05 9.9955E-05 0.0237587 0.0730441 0.0326194 0.165319 0.0110366 9.9955E-05 0.0303386 9.9955E-05 0.101814 0.561569
0.00682195 0.164076 0.0404256 0.00878761 0.161987 0.0128476 0.0160327 0.0385873 9.9964E-05 9.9964E-05 9.9964E-05 9.9964E-05 0.550035
9.9964E-05 0.15165 0.00657711 0.0512029 0.0607812 9.9964E-05 9.9964E-05 0.0773032 0.0533774 0.000701538 0.0175559 9.9964E-05 0.580451
9.99011E-05 9.99011E-05 9.99011E-05 9.99011E-05 9.99011E-05 9.99011E-05 9.99011E-05 0.0101347 9.99011E-05 0.988766 9.99011E-05 9.99011E-05 9.99011E-05
9.9892E-05 9.9892E-05 9.9892E-05 9.9892E-05 9.9892E-05 9.9892E-05 9.9892E-05 9.9892E-05 9.9892E-05 0.998801 9.9892E-05 9.9892E-05 9.9892E-05
9.991E-05 9.991E-05 9.991E-05 9.991E-05 9.991E-05 9.991E-05 0.0265122 9.991E-05 9.991E-05 0.955929 0.0165598 9.991E-05 9.991E-05
9.9919E-05 0.429608 9.9919E-05 9.9919E-05 0.272092 0.0337265 9.9919E-05 9.9919E-05 9.9919E-05 9.9919E-05 9.9919E-05 9.9919E-05 0.263675
9.9955E-05 0.3496 0.00889352 0.00401773 0.39828 0.00971674 9.9955E-05 9.9955E-05 9.9955E-05 0.069345 0.0184496 9.9955E-05 0.141198
9.9946E-05 0.340134 9.9946E-05 0.0418241 0.160616 0.0357807 0.00568768 9.9946E-05 9.9946E-05 0.0587421 9.9946E-05 9.9946E-05 0.356616
9.995E-05 0.146392 9.995E-05 0.0144381 0.143376 0.0127776 0.141128 9.995E-05 9.995E-05 0.0882314 0.0181305 9.995E-05 0.435027
9.9955E-05 9.9955E-05 9.9955E-05 0.0171496 0.113806 0.0321033 0.172618 9.9955E-05 9.9955E-05 0.0194853 0.03066 0.0267238 0.586955
0.029129 0.0115087 0.00733844 9.99315E-05 0.947181 9.99315E-05 9.99315E-05 0.00404323 9.99315E-05 9.99315E-05 9.99315E-05 9.99315E-05 9.99315E-05
9.9955E-05 0.443105 0.0262252 0.0115603 0.131118 0.0152955 0.0372707 9.9955E-05 9.9955E-05 0.0821973 9.9955E-05 9.9955E-05 0.252728
0.135061 0.0214745 0.0195813 9.9964E-05 9.9964E-05 0.0547219 9.9964E-05 0.0354309 0.0804639 9.9964E-05 0.0278363 0.0718585 0.553172
0.112702 0.0800763 9.9946E-05 9.9946E-05 9.9946E-05 9.9946E-05 9.9946E-05 0.15287 0.0119957 9.9946E-05 0.00299034 0.00888864 0.629878
9.9955E-05 9.9955E-05 0.0236682 9.9955E-05 9.9955E-05 0.00528421 9.9955E-05 0.089219 0.0556193 0.0643216 0.0323057 0.144211 0.584871
0.208982 0.052003 0.023092 9.9964E-05 0.0736404 0.0221575 9.9964E-05 0.00635841 0.0825668 9.9964E-05 0.022646 9.9964E-05 0.508154
0.133119 0.0302783 0.00230943 0.0209776 9.9973E-05 9.9973E-05 9.9973E-05 0.079004 0.11349 0.0550131 0.00898226 0.0398413 0.516686
0.0768698 9.9937E-05 9.9937E-05 0.00676547 9.9937E-05 0.0344331 9.9937E-05 9.9937E-05 0.210909 9.9937E-05 9.9937E-05 0.212896 0.457427
0.200559 9.9937E-05 9.9937E-05 0.0199436 9.9937E-05 9.9937E-05 0.00217489 9.9937E-05 0.126481 9.9937E-05 9.9937E-05 0.0920297 0.558112
0.0837011 9.9955E-05 0.0446179 0.0431072 9.9955E-05 9.9955E-05 9.9955E-05 0.0012624 0.193846 0.0125657 9.9955E-05 0.0383969 0.582003
0.292918 9.99459E-05 9.99459E-05 9.99459E-05 9.99459E-05 0.00971235 9.99459E-05 0.10713 0.101186 0.000760237 0.00156355 9.99459E-05 0.486131
0.158412 9.9973E-05 9.9973E-05 0.0284402 0.00823107 0.0145398 9.9973E-05 0.133344 0.0660564 0.0499654 0.0299133 0.0146595 0.496139
0.199162 9.99549E-05 0.010627 0.00312263 9.99549E-05 0.0190093 0.0189933 9.99549E-05 0.163264 9.99549E-05 0.00359318 9.99549E-05 0.581728
0.173606 9.99517E-05 0.00974405 9.99517E-05 9.99517E-05 9.99517E-05 0.0266753 9.99517E-05 0.0457567 0.0242871 9.99517E-05 0.668001 0.0513304
0.28516 9.9937E-05 0.0305142 9.9937E-05 9.9937E-05 9.9937E-05 9.9937E-05 0.0475812 9.9937E-05 9.9937E-05 0.00721472 0.547968 0.0808627
0.108075 9.9973E-05 0.00207142 0.0206116 9.9973E-05 0.0162291 9.9973E-05 0.0752858 0.00767822 0.0441865 0.0197671 0.676737 0.0290586
9.9919E-05 0.356312 9.9919E-05 0.00735844 9.9919E-05 9.9919E-05 0.15577 9.9919E-05 9.9919E-05 9.9919E-05 9.9919E-05 0.47966 9.9919E-05
0.0154629 9.9937E-05 0.0487333 9.9937E-05 0.078326 9.9937E-05 0.137044 9.9937E-05 9.9937E-05 9.9937E-05 0.0169722 0.702762 9.9937E-05
0.457207 0.235216 9.9946E-05 9.9946E-05 9.9946E-05 0.00326871 9.9946E-05 0.0141734 9.9946E-05 0.0329249 0.0255843 0.231027 9.9946E-05
0.0164951 9.9937E-05 9.9937E-05 0.00693155 9.9937E-05 9.9937E-05 9.9937E-05 0.134372 0.0481384 0.0353923 9.9937E-05 0.757971 9.9937E-05
0.0667445 9.9946E-05 0.0167754 9.9946E-05 9.9946E-05 9.9946E-05 9.9946E-05 9.9946E-05 0.0074643 0.00458928 0.0137179 0.822251 0.0678576
9.99369E-05 0.215987 0.0562397 9.99369E-05 9.99369E-05 0.0124997 9.99369E-05 0.128224 9.99369E-05 0.113191 9.99369E-05 0.473159 9.99369E-05
0.217681 9.99299E-05 9.99299E-05 0.0211872 9.99299E-05 9.99299E-05 0.232213 9.99299E-05 9.99299E-05 9.99299E-05 9.99299E-05 0.499763 0.0283556
9.9937E-05 9.9937E-05 9.9937E-05 0.0245343 9.9937E-05 0.0339165 0.0685105 9.9937E-05 9.9937E-05 0.000531645 0.00542802 0.866379 9.9937E-05
0.673235 9.9928E-05 9.9928E-05 0.0365295 9.9928E-05 0.0347576 0.112084 9.9928E-05 9.9928E-05 9.9928E-05 9.9928E-05 0.142594 9.9928E-05
0.170853 0.00383706 0.00176622 0.0305634 0.043336 0.00886794 0.165241 9.9982E-05 0.0428965 9.9982E-05 0.00534041 0.48205 0.045048
0.30862 0.242603 9.9955E-05 9.9955E-05 0.091418 0.00748719 0.0443478 0.101892 9.9955E-05 9.9955E-05 9.9955E-05 0.168965 0.0341681
0.43647 0.500625 0.0271174 9.9928E-05 0.00159889 0.0333896 9.9928E-05 9.9928E-05 9.9928E-05 9.9928E-05 9.9928E-05 9.9928E-05 9.9928E-05
0.775989 0.12144 0.0462676 0.0117439 0.00132901 0.0395296 9.9946E-05 9.9946E-05 9.9946E-05 9.9946E-05 0.00310195 9.9946E-05 9.9946E-05
0.961911 9.9901E-05 9.9901E-05 9.9901E-05 9.9901E-05 0.0369897 9.9901E-05 9.9901E-05 9.9901E-05 9.9901E-05 9.9901E-05 9.9901E-05 9.9901E-05
0.770116 0.0809761 0.047602 9.9928E-05 9.9928E-05 9.9928E-05 9.9928E-05 9.9928E-05 9.9928E-05 9.9928E-05 9.9928E-05 0.0737037 0.0268025
0.998801 9.9892E-05 9.9892E-05 9.9892E-05 9.9892E-05 9.9892E-05 9.9892E-05 9.9892E-05 9.9892E-05 9.9892E-05 9.9892E-05 9.9892E-05 9.9892E-05
0.485976 0.362025 0.0128594 9.99459E-05 0.0442609 9.99459E-05 9.99459E-05 0.0499776 9.99459E-05 9.99459E-05 0.0129504 0.031351 9.99459E-05
0.686173 0.175387 9.99099E-05 9.99099E-05 0.137441 9.99099E-05 9.99099E-05 9.99099E-05 9.99099E-05 9.99099E-05 9.99099E-05 9.99099E-05 9.99099E-05
0.92391 9.991E-05 9.991E-05 9.991E-05 9.991E-05 9.991E-05 9.991E-05 9.991E-05 9.991E-05 0.0614254 9.991E-05 9.991E-05 0.0136654
0.0424613 0.762978 9.991E-05 9.991E-05 9.991E-05 9.991E-05 9.991E-05 9.991E-05 9.991E-05 9.991E-05 9.991E-05 0.193562 9.991E-05
0.0380861 0.673435 9.99099E-05 9.99099E-05 9.99099E-05 9.99099E-05 9.99099E-05 9.99099E-05 9.99099E-05 9.99099E-05 9.99099E-05 0.28748 9.99099E-05
9.9937E-05 0.304523 9.9937E-05 9.9937E-05 0.0223577 0.0375428 9.9937E-05 9.9937E-05 0.0234918 0.0237817 9.9937E-05 0.587604 9.9937E-05
9.99279E-05 0.471136 9.99279E-05 9.99279E-05 9.99279E-05 9.99279E-05 9.99279E-05 0.00441888 0.0192962 9.99279E-05 9.99279E-05 0.472076 0.0322737
9.99549E-05 0.0943152 0.00542244 0.0240262 0.0445981 0.00276803 9.99549E-05 0.107965 9.99549E-05 9.99549E-05 0.02669 0.693715 9.99549E-05
9.99369E-05 0.112086 9.99369E-05 0.0451759 0.0189982 0.0417581 9.99369E-05 0.137213 9.99369E-05 9.99369E-05 9.99369E-05 0.644069 9.99369E-05
0.119968 0.820458 0.000131531 9.99279E-05 9.99279E-05 9.99279E-05 9.99279E-05 9.99279E-05 9.99279E-05 9.99279E-05 0.00861504 0.0500279 9.99279E-05
0.000550456 0.414621 9.9919E-05 9.9919E-05 9.9919E-05 9.9919E-05 0.0944223 9.9919E-05 9.9919E-05 9.9919E-05 9.9919E-05 0.489506 9.9919E-05
0.193815 9.9937E-05 9.9937E-05 9.9937E-05 9.9937E-05 0.0348594 0.130262 0.000758532 9.9937E-05 0.0340584 9.9937E-05 0.605547 9.9937E-05
0.0668788 0.755226 9.99189E-05 9.99189E-05 9.99189E-05 9.99189E-05 0.0995637 9.99189E-05 9.99189E-05 9.99189E-05 9.99189E-05 0.0774322 9.99189E-05
0.250199 0.52931 9.99369E-05 9.99369E-05 9.99369E-05 9.99369E-05 0.062464 9.99369E-05 0.0207726 9.99369E-05 0.00163827 0.134917 9.99369E-05
0.127878 0.0096307 0.0342849 9.9955E-05 9.9955E-05 0.0321508 9.9955E-05 9.9955E-05 0.025662 0.0507885 0.00713794 0.711968 9.9955E-05
9.9919E-05 9.9919E-05 0.0237948 9.9919E-05 0.0777142 9.9919E-05 9.9919E-05 9.9919E-05 9.9919E-05 9.9919E-05 0.0122785 0.885313 9.9919E-05
9.9919E-05 0.140197 9.9919E-05 9.9919E-05 9.9919E-05 0.0198588 9.9919E-05 0.83787 9.9919E-05 9.9919E-05 0.00117483 9.9919E-05 9.9919E-05
9.99189E-05 0.108505 9.99189E-05 9.99189E-05 0.0266035 9.99189E-05 9.99189E-05 0.816988 9.99189E-05 9.99189E-05 9.99189E-05 0.0470042 9.99189E-05
9.9937E-05 0.175046 9.9937E-05 0.0139147 0.0795095 0.00157463 9.9937E-05 0.715735 9.9937E-05 0.0135207 9.9937E-05 9.9937E-05 9.9937E-05
9.99459E-05 0.291657 0.00173434 0.00616575 9.99459E-05 0.0429958 9.99459E-05 0.623132 9.99459E-05 0.032897 0.000817728 9.99459E-05 9.99459E-05
9.9928E-05 0.0232501 9.9928E-05 0.067063 9.9928E-05 9.9928E-05 9.9928E-05 0.896836 0.00643831 0.00561364 9.9928E-05 9.9928E-05 9.9928E-05
0.101023 9.9937E-05 9.9937E-05 9.9937E-05 9.9937E-05 9.9937E-05 0.0304791 0.844969 0.0130893 0.00954099 0.000198924 9.9937E-05 9.9937E-05
9.9892E-05 9.9892E-05 9.9892E-05 9.9892E-05 9.9892E-05 9.9892E-05 9.9892E-05 0.998801 9.9892E-05 9.9892E-05 9.9892E-05 9.9892E-05 9.9892E-05
9.9937E-05 0.187172 9.9937E-05 0.0288838 9.9937E-05 9.9937E-05 0.00189855 0.650402 0.110456 9.9937E-05 9.9937E-05 9.9937E-05 0.0204878
