0.0161897 0.69511 0.2887
9.999E-05 0.997255 0.00264452
9.999E-05 0.484357 0.515543
9.999E-05 0.878024 0.121876
0.176894 9.9991E-05 0.823006
0.406144 0.593756 9.9991E-05
0.187093 0.0152571 0.79765
9.999E-05 0.908292 0.0916078
0.870155 0.129745 9.9991E-05
0.0563788 9.9991E-05 0.943521
9.999E-05 9.999E-05 0.9998
9.999E-05 0.9998 9.999E-05
0.344322 0.000249947 0.655428
9.9991E-05 0.187603 0.812297
0.367026 9.9991E-05 0.632874
0.864455 9.9991E-05 0.135445
9.9991E-05 0.990914 0.00898615
0.628995 0.00694086 0.364064
0.334611 0.665289 9.9991E-05
0.98624 9.9991E-05 0.0136603
0.975734 9.9991E-05 0.0241664
0.698313 0.301587 9.9991E-05
0.841906 9.9991E-05 0.157994
0.210962 0.556069 0.232969
9.9991E-05 0.226584 0.773316
0.517386 9.9991E-05 0.482514
9.9991E-05 0.739478 0.260422
0.440564 0.384327 0.175109
0.0251033 0.944493 0.0304038
0.239529 0.760371 9.9991E-05
9.9991E-05 0.0207642 0.979136
9.999E-05 9.999E-05 0.9998
9.999E-05 9.999E-05 0.9998
0.487884 0.512016 9.9991E-05
9.999E-05 0.9998 9.999E-05
0.998913 9.9991E-05 0.000987463
0.668868 0.331032 9.9991E-05
0.483673 0.516227 9.9991E-05
0.0886705 0.225849 0.685481
0.429017 0.570883 9.9991E-05
0.143909 0.855991 9.9991E-05
9.999E-05 0.9998 9.999E-05
0.9998 9.999E-05 9.999E-05
9.9991E-05 0.154539 0.845361
0.534183 9.9991E-05 0.465717
9.9991E-05 0.980304 0.0195956
0.9998 9.999E-05 9.999E-05
0.663515 0.336385 9.9991E-05
0.571023 9.9991E-05 0.428877
0.925932 0.0156959 0.0583718
