9.9838E-05 9.9838E-05 9.9838E-05 0.998203 9.9838E-05 9.9838E-05 9.9838E-05 9.9838E-05 9.9838E-05 9.9838E-05 9.9838E-05 9.9838E-05 9.9838E-05 9.9838E-05 9.9838E-05 9.9838E-05 9.9838E-05 9.9838E-05 9.9838E-05
9.9883E-05 0.0141023 9.9883E-05 0.0357673 0.164136 9.9883E-05 0.105062 0.642299 9.9883E-05 9.9883E-05 9.9883E-05 9.9883E-05 9.9883E-05 9.9883E-05 9.9883E-05 9.9883E-05 9.9883E-05 9.9883E-05 0.0373348
9.9901E-05 9.9901E-05 9.9901E-05 0.0386623 0.0873684 0.00775288 9.9901E-05 0.7247 9.9901E-05 9.9901E-05 0.0236361 9.9901E-05 9.9901E-05 9.9901E-05 0.00203901 0.0484309 0.066311 9.9901E-05 9.9901E-05
0.0287129 9.9892E-05 0.0616328 9.9892E-05 9.9892E-05 0.0114708 0.0333342 0.768734 9.9892E-05 9.9892E-05 0.00838406 9.9892E-05 9.9892E-05 9.9892E-05 0.0865321 9.9892E-05 9.9892E-05 9.9892E-05 9.9892E-05
0.0477056 9.9955E-05 0.0173896 0.0411946 9.9955E-05 0.00294836 0.0280011 0.707136 0.0249761 0.00899117 0.00782748 9.9955E-05 9.9955E-05 0.0157954 9.9955E-05 0.00669353 0.0179193 0.00403631 0.0688862
9.98741E-05 0.0332701 9.98741E-05 9.98741E-05 9.98741E-05 0.00449766 9.98741E-05 0.868793 9.98741E-05 9.98741E-05 9.98741E-05 9.98741E-05 0.0539983 9.98741E-05 9.98741E-05 9.98741E-05 0.0380428 9.98741E-05 9.98741E-05
9.9838E-05 9.9838E-05 9.9838E-05 0.998203 9.9838E-05 9.9838E-05 9.9838E-05 9.9838E-05 9.9838E-05 9.9838E-05 9.9838E-05 9.9838E-05 9.9838E-05 9.9838E-05 9.9838E-05 9.9838E-05 9.9838E-05 9.9838E-05 9.9838E-05
0.0674841 0.0012267 9.9928E-05 0.0496259 0.0396395 0.00906617 9.9928E-05 0.729531 0.0493877 9.9928E-05 0.00311505 0.00382576 0.0347228 9.9928E-05 9.9928E-05 9.9928E-05 9.9928E-05 9.9928E-05 0.0115757
9.9892E-05 9.9892E-05 0.0431247 0.018816 9.9892E-05 9.9892E-05 9.9892E-05 0.740449 0.16882 9.9892E-05 0.0176792 9.9892E-05 9.9892E-05 0.00617063 9.9892E-05 0.00374224 9.9892E-05 9.9892E-05 9.9892E-05
9.99099E-05 9.99099E-05 0.0877203 0.00478112 0.0235359 0.0106405 9.99099E-05 0.767105 9.99099E-05 9.99099E-05 9.99099E-05 0.0228943 0.0779101 9.99099E-05 9.99099E-05 0.00387423 0.00053908 9.99099E-05 9.99099E-05
9.99009E-05 0.0111768 0.0797346 9.99009E-05 0.0595272 9.99009E-05 0.0796366 0.712231 9.99009E-05 0.00627698 9.99009E-05 0.00586112 9.99009E-05 9.99009E-05 0.0444563 9.99009E-05 9.99009E-05 9.99009E-05 9.99009E-05
9.9901E-05 9.9901E-05 0.0749439 0.0389428 0.052053 9.9901E-05 0.0542664 0.670861 9.9901E-05 9.9901E-05 0.0271653 0.00666351 9.9901E-05 9.9901E-05 0.0740054 9.9901E-05 9.9901E-05 9.9901E-05 9.9901E-05
0.0959897 0.0305154 0.0431161 0.0257141 0.0518399 0.00629216 9.99101E-05 0.700348 9.99101E-05 9.99101E-05 9.99101E-05 9.99101E-05 9.99101E-05 9.99101E-05 0.0267086 9.99101E-05 0.0184772 9.99101E-05 9.99101E-05
0.0267307 9.991E-05 9.991E-05 0.00827119 0.0954368 9.991E-05 9.991E-05 0.630922 0.031435 9.991E-05 9.991E-05 0.00904172 0.0567636 9.991E-05 9.991E-05 0.108455 0.0319449 9.991E-05 9.991E-05
9.991E-05 9.991E-05 0.00873227 0.0049279 0.00933228 9.991E-05 0.0165081 0.784761 9.991E-05 0.0497561 9.991E-05 9.991E-05 9.991E-05 9.991E-05 0.0968433 9.991E-05 0.0203952 0.00774504 9.991E-05
9.98651E-05 0.0111706 9.98651E-05 9.98651E-05 9.98651E-05 9.98651E-05 0.13319 0.83677 9.98651E-05 0.0173708 9.98651E-05 9.98651E-05 9.98651E-05 9.98651E-05 9.98651E-05 9.98651E-05 9.98651E-05 9.98651E-05 9.98651E-05
9.98831E-05 0.00758343 9.98831E-05 0.0319786 9.98831E-05 0.0191253 9.98831E-05 0.903733 9.98831E-05 9.98831E-05 9.98831E-05 9.98831E-05 9.98831E-05 9.98831E-05 9.98831E-05 9.98831E-05 9.98831E-05 0.0276579 0.00862287
9.98831E-05 9.98831E-05 9.98831E-05 0.0109008 9.98831E-05 9.98831E-05 9.98831E-05 0.920713 9.98831E-05 0.0182572 0.00645623 9.98831E-05 9.98831E-05 9.98831E-05 9.98831E-05 9.98831E-05 9.98831E-05 0.0363818 0.00599292
9.98741E-05 9.98741E-05 9.98741E-05 0.0435327 9.98741E-05 9.98741E-05 9.98741E-05 0.852488 0.0258076 9.98741E-05 0.00714639 9.98741E-05 9.98741E-05 9.98741E-05 9.98741E-05 9.98741E-05 9.98741E-05 0.0696271 9.98741E-05
9.9892E-05 0.0052849 9.9892E-05 9.9892E-05 9.9892E-05 0.00966426 9.9892E-05 0.882277 9.9892E-05 0.0275199 9.9892E-05 9.9892E-05 9.9892E-05 0.0153926 9.9892E-05 0.0455849 9.9892E-05 9.9892E-05 0.0130781
9.9838E-05 9.9838E-05 9.9838E-05 9.9838E-05 9.9838E-05 9.9838E-05 9.9838E-05 9.9838E-05 9.9838E-05 9.9838E-05 9.9838E-05 0.998203 9.9838E-05 9.9838E-05 9.9838E-05 9.9838E-05 9.9838E-05 9.9838E-05 9.9838E-05
9.9865E-05 9.9865E-05 0.0890497 9.9865E-05 0.0575386 9.9865E-05 9.9865E-05 9.9865E-05 9.9865E-05 9.9865E-05 0.00143368 9.9865E-05 9.9865E-05 9.9865E-05 9.9865E-05 0.85048 9.9865E-05 9.9865E-05 9.9865E-05
9.9892E-05 9.9892E-05 0.100228 0.0223261 9.9892E-05 0.00635703 0.00488247 9.9892E-05 9.9892E-05 9.9892E-05 9.9892E-05 0.000332997 9.9892E-05 9.9892E-05 9.9892E-05 0.846585 9.9892E-05 0.0180897 9.9892E-05
9.9865E-05 0.0023538 9.9865E-05 9.9865E-05 9.9865E-05 9.9865E-05 9.9865E-05 9.9865E-05 9.9865E-05 9.9865E-05 9.9865E-05 9.9865E-05 9.9865E-05 0.0252598 9.9865E-05 0.923588 9.9865E-05 9.9865E-05 0.0473009
9.98561E-05 9.98561E-05 9.98561E-05 9.98561E-05 9.98561E-05 9.98561E-05 9.98561E-05 9.98561E-05 9.98561E-05 9.98561E-05 9.98561E-05 0.0027129 9.98561E-05 9.98561E-05 0.0369946 0.958695 9.98561E-05 9.98561E-05 9.98561E-05
9.9856E-05 9.9856E-05 9.9856E-05 9.9856E-05 9.9856E-05 0.00255105 9.9856E-05 9.9856E-05 9.9856E-05 9.9856E-05 9.9856E-05 9.9856E-05 9.9856E-05 9.9856E-05 0.0134786 0.982373 9.9856E-05 9.9856E-05 9.9856E-05
9.9892E-05 9.9892E-05 9.9892E-05 0.0176878 9.9892E-05 9.9892E-05 9.9892E-05 9.9892E-05 0.0483973 0.0563704 0.00350123 0.0113594 9.9892E-05 9.9892E-05 9.9892E-05 0.85631 9.9892E-05 0.00517509 9.9892E-05
9.98469E-05 9.98469E-05 9.98469E-05 9.98469E-05 9.98469E-05 9.98469E-05 9.98469E-05 9.98469E-05 9.98469E-05 9.98469E-05 9.98469E-05 0.974183 9.98469E-05 9.98469E-05 0.0241192 9.98469E-05 9.98469E-05 9.98469E-05 9.98469E-05
9.9874E-05 9.9874E-05 9.9874E-05 9.9874E-05 9.9874E-05 0.000282143 0.0120838 9.9874E-05 9.9874E-05 9.9874E-05 9.9874E-05 9.9874E-05 9.9874E-05 0.00936669 0.824772 0.152098 9.9874E-05 9.9874E-05 9.9874E-05
9.9874E-05 0.000760058 0.0515774 9.9874E-05 9.9874E-05 0.00163829 9.9874E-05 9.9874E-05 9.9874E-05 9.9874E-05 9.9874E-05 9.9874E-05 9.9874E-05 9.9874E-05 0.89878 9.9874E-05 9.9874E-05 0.0458463 9.9874E-05
9.9838E-05 9.9838E-05 9.9838E-05 9.9838E-05 9.9838E-05 9.9838E-05 9.9838E-05 9.9838E-05 9.9838E-05 9.9838E-05 9.9838E-05 9.9838E-05 9.9838E-05 9.9838E-05 0.998203 9.9838E-05 9.9838E-05 9.9838E-05 9.9838E-05
0.0519966 0.0236109 9.9901E-05 9.9901E-05 9.9901E-05 9.9901E-05 9.9901E-05 9.9901E-05 0.0566126 9.9901E-05 9.9901E-05 0.0276788 9.9901E-05 9.9901E-05 0.0413381 0.706617 9.9901E-05 0.0194462 0.0716011
9.9901E-05 0.020414 9.9901E-05 0.0190141 9.9901E-05 9.9901E-05 9.9901E-05 0.0309294 9.9901E-05 9.9901E-05 9.9901E-05 0.0411009 9.9901E-05 9.9901E-05 0.805666 0.0280052 0.0384396 9.9901E-05 0.0153323
9.9847E-05 9.9847E-05 9.9847E-05 9.9847E-05 9.9847E-05 9.9847E-05 9.9847E-05 9.9847E-05 9.9847E-05 9.9847E-05 0.0169147 9.9847E-05 9.9847E-05 9.9847E-05 0.981388 9.9847E-05 9.9847E-05 9.9847E-05 9.9847E-05
9.9901E-05 9.9901E-05 9.9901E-05 0.0199765 0.0280774 0.0223938 9.9901E-05 0.0118048 9.9901E-05 9.9901E-05 9.9901E-05 9.9901E-05 9.9901E-05 0.0263033 0.842684 0.00038942 9.9901E-05 9.9901E-05 0.047272
9.99099E-05 9.99099E-05 9.99099E-05 0.0203543 0.175362 9.99099E-05 0.183159 9.99099E-05 9.99099E-05 9.99099E-05 0.0431588 0.00355715 9.99099E-05 0.0342708 0.288847 0.214099 0.0361938 9.99099E-05 9.99099E-05
9.9892E-05 9.9892E-05 9.9892E-05 9.9892E-05 9.9892E-05 9.9892E-05 9.9892E-05 9.9892E-05 9.9892E-05 0.0838976 0.0242519 9.9892E-05 9.9892E-05 0.0132999 0.267058 0.49426 9.9892E-05 0.0294837 0.0865505
9.9883E-05 9.9883E-05 0.0387522 9.9883E-05 9.9883E-05 9.9883E-05 9.9883E-05 9.9883E-05 9.9883E-05 9.9883E-05 0.00176144 9.9883E-05 0.0851171 9.9883E-05 9.9883E-05 0.0645084 9.9883E-05 0.155495 0.653068
0.0770223 9.9901E-05 9.9901E-05 0.019848 0.0812253 0.0101002 0.0902719 9.9901E-05 9.9901E-05 9.9901E-05 9.9901E-05 9.9901E-05 9.9901E-05 0.0293584 9.9901E-05 9.9901E-05 9.9901E-05 0.0490665 0.642008
0.0544772 0.00121088 0.045687 9.9919E-05 0.0309023 9.9919E-05 9.9919E-05 0.0189282 9.9919E-05 0.0572134 0.0244992 9.9919E-05 9.9919E-05 9.9919E-05 0.0195829 9.9919E-05 0.12989 9.9919E-05 0.616709
9.9883E-05 9.9883E-05 9.9883E-05 0.0200471 9.9883E-05 9.9883E-05 9.9883E-05 9.9883E-05 9.9883E-05 0.0822384 0.00493747 9.9883E-05 0.099243 9.9883E-05 9.9883E-05 0.0670661 9.9883E-05 9.9883E-05 0.725169
9.991E-05 0.0301375 0.0380117 0.00515434 9.991E-05 0.0174683 0.160417 9.991E-05 9.991E-05 9.991E-05 0.0396036 0.0365608 9.991E-05 9.991E-05 9.991E-05 9.991E-05 9.991E-05 0.0270967 0.64455
0.0294105 9.991E-05 9.991E-05 0.0169008 9.991E-05 0.00148976 9.991E-05 9.991E-05 9.991E-05 0.107755 0.00654392 0.010482 9.991E-05 9.991E-05 0.0014542 9.991E-05 0.10661 9.991E-05 0.718355
9.9928E-05 9.9928E-05 0.146991 0.00927866 0.0291689 9.9928E-05 9.9928E-05 0.00762051 0.158915 9.9928E-05 0.0275436 0.0187238 0.0512826 0.0228611 9.9928E-05 9.9928E-05 9.9928E-05 0.0553392 0.471476
9.9928E-05 9.9928E-05 0.0580059 0.0209169 9.9928E-05 0.00825452 9.9928E-05 9.9928E-05 0.0756967 0.0928695 0.00270635 0.0100708 9.9928E-05 0.0159923 0.0480092 9.9928E-05 9.9928E-05 0.0329755 0.633703
0.0454702 9.9901E-05 0.0316882 9.9901E-05 9.9901E-05 9.9901E-05 9.9901E-05 0.0247519 0.144808 9.9901E-05 9.9901E-05 9.9901E-05 9.9901E-05 0.0207682 0.0787897 9.9901E-05 9.9901E-05 0.0565939 0.596031
9.98921E-05 0.0238248 9.98921E-05 9.98921E-05 0.00224901 0.0222602 9.98921E-05 9.98921E-05 9.98921E-05 0.0226407 9.98921E-05 9.98921E-05 9.98921E-05 9.98921E-05 9.98921E-05 0.000548441 0.0583946 9.98921E-05 0.868883
0.0165511 0.00886247 0.0976248 9.991E-05 0.0244233 0.00586276 9.991E-05 9.991E-05 9.991E-05 9.991E-05 0.0170728 9.991E-05 0.101838 0.00851554 9.991E-05 9.991E-05 9.991E-05 9.991E-05 0.71825
9.98777E-05 9.98777E-05 9.98777E-05 9.98777E-05 9.98777E-05 9.98777E-05 9.98777E-05 9.98777E-05 0.0832147 9.98777E-05 0.00203233 0.0387113 9.98777E-05 9.98777E-05 9.98777E-05 9.98777E-05 9.98777E-05 0.0207892 0.853854
9.99272E-05 0.00509594 0.178228 9.99272E-05 0.0623573 0.000953722 9.99272E-05 9.99272E-05 9.99272E-05 9.99272E-05 0.0157792 0.0041451 0.148989 0.00262338 9.99272E-05 9.99272E-05 9.99272E-05 0.0309487 0.549981
9.9892E-05 0.00527168 9.9892E-05 0.0252652 0.122503 9.9892E-05 9.9892E-05 9.9892E-05 9.9892E-05 9.9892E-05 9.9892E-05 0.00300297 9.9892E-05 9.9892E-05 9.9892E-05 0.00107965 0.0402951 9.9892E-05 0.801384
9.98831E-05 0.022227 9.98831E-05 9.98831E-05 9.98831E-05 9.98831E-05 0.0420582 9.98831E-05 0.0746108 9.98831E-05 0.020316 9.98831E-05 9.98831E-05 9.98831E-05 0.0912609 9.98831E-05 9.98831E-05 9.98831E-05 0.748229
9.99009E-05 0.0263761 9.99009E-05 0.00103977 9.99009E-05 0.0636901 9.99009E-05 0.0127274 9.99009E-05 9.99009E-05 9.99009E-05 9.99009E-05 0.0519218 9.99009E-05 0.0201239 9.99009E-05 9.99009E-05 0.0279631 0.795059
9.9928E-05 9.9928E-05 0.0171393 0.0104644 0.00451811 9.9928E-05 0.06515 0.0603603 9.9928E-05 0.0433282 0.0168097 9.9928E-05 9.9928E-05 0.0196864 9.9928E-05 0.0417782 9.9928E-05 0.0114464 0.70852
9.9883E-05 0.0132323 9.9883E-05 9.9883E-05 9.9883E-05 0.0110041 9.9883E-05 0.0239636 9.9883E-05 0.147024 9.9883E-05 9.9883E-05 9.9883E-05 9.9883E-05 9.9883E-05 9.9883E-05 0.127927 9.9883E-05 0.67555
9.991E-05 0.00450854 0.134892 9.991E-05 0.091001 9.991E-05 9.991E-05 0.00128401 0.0999838 9.991E-05 0.042642 0.00596502 9.991E-05 9.991E-05 9.991E-05 9.991E-05 9.991E-05 0.0245672 0.594158
9.9892E-05 9.9892E-05 9.9892E-05 9.9892E-05 9.9892E-05 0.0204418 9.9892E-05 0.0743859 0.103838 9.9892E-05 9.9892E-05 0.018804 9.9892E-05 9.9892E-05 0.0202685 9.9892E-05 0.00625949 9.9892E-05 0.754804
9.9901E-05 9.9901E-05 9.9901E-05 9.9901E-05 0.598609 9.9901E-05 0.0967072 9.9901E-05 9.9901E-05 0.0359044 0.0105139 9.9901E-05 9.9901E-05 0.00551074 9.9901E-05 0.0713123 9.9901E-05 0.0625439 0.1178
9.98379E-05 9.98379E-05 9.98379E-05 9.98379E-05 9.98379E-05 9.98379E-05 9.98379E-05 9.98379E-05 9.98379E-05 9.98379E-05 0.998203 9.98379E-05 9.98379E-05 9.98379E-05 9.98379E-05 9.98379E-05 9.98379E-05 9.98379E-05 9.98379E-05
9.9919E-05 0.0257347 0.00716881 0.0398478 0.481874 0.0319789 9.9919E-05 9.9919E-05 9.9919E-05 0.16327 9.9919E-05 9.9919E-05 0.0236102 0.0296712 9.9919E-05 0.114692 9.9919E-05 0.0812534 9.9919E-05
0.0513135 0.0293394 9.9937E-05 0.0178965 0.401996 0.0273559 9.9937E-05 9.9937E-05 0.0410902 0.248121 0.0101566 0.00507706 9.9937E-05 0.0511374 9.9937E-05 9.9937E-05 9.9937E-05 0.0429065 0.0729104
0.00903903 0.0146281 0.00811145 9.9928E-05 0.343458 0.00145829 9.9928E-05 9.9928E-05 0.0891672 0.396728 0.0432684 9.9928E-05 9.9928E-05 0.0121428 0.0550475 9.9928E-05 9.9928E-05 0.0261515 9.9928E-05
9.99009E-05 9.99009E-05 9.99009E-05 9.99009E-05 9.99009E-05 9.99009E-05 9.99009E-05 9.99009E-05 0.0631455 0.83121 9.99009E-05 0.0102586 0.0367098 0.00708097 0.028648 9.99009E-05 9.99009E-05 0.0145598 0.00728863
9.991E-05 0.8971 9.991E-05 9.991E-05 0.0090257 0.000213595 0.024964 9.991E-05 9.991E-05 0.00271058 0.0071277 9.991E-05 9.991E-05 0.00685755 0.0169764 0.0340258 9.991E-05 9.991E-05 9.991E-05
9.98379E-05 9.98379E-05 9.98379E-05 9.98379E-05 9.98379E-05 9.98379E-05 9.98379E-05 9.98379E-05 9.98379E-05 9.98379E-05 0.998203 9.98379E-05 9.98379E-05 9.98379E-05 9.98379E-05 9.98379E-05 9.98379E-05 9.98379E-05 9.98379E-05
0.050242 0.0456431 9.991E-05 9.991E-05 0.561872 9.991E-05 9.991E-05 0.103255 9.991E-05 0.137905 0.0245766 0.00436012 0.0493903 0.0217573 9.991E-05 9.991E-05 9.991E-05 9.991E-05 9.991E-05
9.9901E-05 0.0117398 9.9901E-05 9.9901E-05 9.9901E-05 0.0220533 9.9901E-05 0.0221139 9.9901E-05 0.577583 9.9901E-05 0.0181503 0.105225 9.9901E-05 0.11779 9.9901E-05 9.9901E-05 0.124247 9.9901E-05
0.0635303 0.0335307 0.0202934 9.9928E-05 0.099616 0.0499647 9.9928E-05 0.0109725 9.9928E-05 0.481889 0.0316491 9.9928E-05 0.0464892 9.9928E-05 0.042688 9.9928E-05 9.9928E-05 0.118578 9.9928E-05
9.9919E-05 0.0253799 9.9919E-05 9.9919E-05 0.0867189 0.0417225 0.0490817 9.9919E-05 9.9919E-05 0.595926 0.0322816 0.0217003 9.9919E-05 0.00924662 9.9919E-05 0.0810512 9.9919E-05 0.0559925 9.9919E-05
9.9937E-05 0.0640123 9.9937E-05 0.00934241 0.222879 0.0345681 0.0509485 9.9937E-05 0.00528822 0.35763 0.0958802 0.00194931 9.9937E-05 0.00671621 0.0833566 9.9937E-05 9.9937E-05 0.0667292 9.9937E-05
9.9928E-05 0.0269527 9.9928E-05 0.0336433 0.0236018 0.00246694 9.9928E-05 9.9928E-05 0.0179262 0.75076 0.0533573 9.9928E-05 9.9928E-05 0.00362477 9.9928E-05 0.00634796 0.0345511 0.0459689 9.9928E-05
9.9865E-05 0.00396854 9.9865E-05 0.0141218 9.9865E-05 9.9865E-05 0.0952912 9.9865E-05 9.9865E-05 0.88512 9.9865E-05 9.9865E-05 9.9865E-05 9.9865E-05 9.9865E-05 9.9865E-05 9.9865E-05 9.9865E-05 9.9865E-05
0.0274701 0.0276805 9.9937E-05 9.9937E-05 0.391137 0.0122973 9.9937E-05 9.9937E-05 0.027198 0.242024 0.0459841 9.9937E-05 9.9937E-05 0.0513345 0.0507304 0.0233206 9.9937E-05 0.0710659 0.029058
0.464604 0.014614 9.9892E-05 9.9892E-05 0.347381 9.9892E-05 9.9892E-05 9.9892E-05 9.9892E-05 9.9892E-05 0.0309962 9.9892E-05 9.9892E-05 0.0808981 9.9892E-05 9.9892E-05 0.0359201 9.9892E-05 0.0243881
0.244117 0.0506255 9.9919E-05 0.0197167 9.9919E-05 9.9919E-05 9.9919E-05 9.9919E-05 9.9919E-05 0.241731 0.0239737 0.0441337 9.9919E-05 0.009667 9.9919E-05 9.9919E-05 0.0645245 0.147738 0.152874
9.991E-05 0.0059804 9.991E-05 9.991E-05 9.991E-05 9.991E-05 9.991E-05 0.0620268 9.991E-05 0.547759 0.00731839 9.991E-05 0.0561716 0.0123488 0.0465873 9.991E-05 9.991E-05 0.0800028 0.180805
9.99165E-05 0.0226433 0.0788902 9.99165E-05 0.192366 0.0117873 9.99165E-05 0.101767 9.99165E-05 0.192946 0.0443886 9.99165E-05 9.99165E-05 0.000349676 9.99165E-05 9.99165E-05 9.99165E-05 9.99165E-05 0.353862
9.9901E-05 0.835698 9.9901E-05 0.0143801 9.9901E-05 0.00195187 0.00514961 9.9901E-05 0.0202887 0.0392421 0.0362501 9.9901E-05 9.9901E-05 9.9901E-05 0.0459408 9.9901E-05 9.9901E-05 9.9901E-05 9.9901E-05
0.0260868 0.0784736 9.9937E-05 9.9937E-05 0.200518 0.0670821 0.0299544 0.0349886 0.0574392 0.255061 0.0377638 0.0192448 9.9937E-05 9.9937E-05 9.9937E-05 0.0806079 9.9937E-05 9.9937E-05 0.112081
9.9928E-05 0.084087 0.0606854 9.9928E-05 0.202434 0.0177854 9.9928E-05 9.9928E-05 9.9928E-05 0.403968 0.0138322 9.9928E-05 9.9928E-05 0.0334001 9.9928E-05 0.035383 0.0396375 0.0714455 0.0365425
9.98379E-05 9.98379E-05 9.98379E-05 9.98379E-05 9.98379E-05 9.98379E-05 9.98379E-05 9.98379E-05 9.98379E-05 9.98379E-05 9.98379E-05 9.98379E-05 9.98379E-05 9.98379E-05 9.98379E-05 9.98379E-05 9.98379E-05 0.998203 9.98379E-05
9.991E-05 9.991E-05 9.991E-05 0.00928227 0.681446 0.0360697 9.991E-05 9.991E-05 9.991E-05 0.100642 0.0182189 9.991E-05 0.0246388 9.991E-05 0.0487267 9.991E-05 9.991E-05 0.0518422 0.0281349
9.991E-05 0.0199053 9.991E-05 9.991E-05 0.0170589 0.00266011 9.991E-05 0.0586424 0.0699678 0.752604 0.00412625 9.991E-05 9.991E-05 0.0223683 9.991E-05 9.991E-05 9.991E-05 0.0516679 9.991E-05
9.9919E-05 0.00680039 9.9919E-05 9.9919E-05 0.268054 0.0438902 0.0072085 0.00234648 0.277172 0.0424268 0.0165904 9.9919E-05 9.9919E-05 9.9919E-05 9.9919E-05 0.0539685 9.9919E-05 9.9919E-05 0.280644
9.991E-05 0.0196385 9.991E-05 9.991E-05 0.119319 9.991E-05 0.134179 9.991E-05 0.033944 9.991E-05 0.0198027 9.991E-05 0.368587 0.0366276 9.991E-05 9.991E-05 0.0960875 9.991E-05 0.170815
9.9892E-05 9.9892E-05 9.9892E-05 9.9892E-05 0.442645 9.9892E-05 9.9892E-05 9.9892E-05 0.163235 9.9892E-05 0.0708812 9.9892E-05 0.0156868 9.9892E-05 0.135419 9.9892E-05 9.9892E-05 0.0956768 0.0752572
9.9838E-05 9.9838E-05 9.9838E-05 9.9838E-05 9.9838E-05 9.9838E-05 9.9838E-05 9.9838E-05 9.9838E-05 9.9838E-05 9.9838E-05 9.9838E-05 9.9838E-05 9.9838E-05 9.9838E-05 9.9838E-05 9.9838E-05 0.998203 9.9838E-05
9.9838E-05 9.9838E-05 9.9838E-05 9.9838E-05 9.9838E-05 9.9838E-05 9.9838E-05 9.9838E-05 9.9838E-05 9.9838E-05 9.9838E-05 9.9838E-05 9.9838E-05 9.9838E-05 9.9838E-05 9.9838E-05 9.9838E-05 0.998203 9.9838E-05
9.9928E-05 9.9928E-05 0.00193466 9.9928E-05 0.15341 0.0331025 9.9928E-05 9.9928E-05 0.0954077 0.553747 0.0275283 0.00214918 9.9928E-05 0.00895123 9.9928E-05 0.0175256 0.0393612 0.0660835 9.9928E-05
9.9838E-05 9.9838E-05 9.9838E-05 9.9838E-05 9.9838E-05 9.9838E-05 9.9838E-05 9.9838E-05 9.9838E-05 9.9838E-05 9.9838E-05 9.9838E-05 9.9838E-05 0.998203 9.9838E-05 9.9838E-05 9.9838E-05 9.9838E-05 9.9838E-05
9.991E-05 0.108113 9.991E-05 9.991E-05 0.536796 0.00425128 9.991E-05 9.991E-05 9.991E-05 0.130284 0.00757781 0.00390274 9.991E-05 0.00251019 0.064116 9.991E-05 9.991E-05 9.991E-05 0.14145
9.98651E-05 9.98651E-05 9.98651E-05 0.0118452 0.0183782 9.98651E-05 0.142727 9.98651E-05 9.98651E-05 0.825552 9.98651E-05 9.98651E-05 9.98651E-05 9.98651E-05 9.98651E-05 9.98651E-05 9.98651E-05 9.98651E-05 9.98651E-05
9.98831E-05 9.98831E-05 9.98831E-05 0.0237147 0.657912 9.98831E-05 0.221635 9.98831E-05 9.98831E-05 9.98831E-05 0.0135947 0.0449016 9.98831E-05 0.0369431 9.98831E-05 9.98831E-05 9.98831E-05 9.98831E-05 9.98831E-05
9.9919E-05 0.0207862 0.0745824 0.0156327 0.714973 0.00716105 9.9919E-05 0.0260784 9.9919E-05 9.9919E-05 9.9919E-05 9.9919E-05 9.9919E-05 0.0323514 0.000878437 0.091463 0.0151937 9.9919E-05 9.9919E-05
9.98877E-05 9.98877E-05 0.0662736 0.0135584 0.898169 9.98877E-05 9.98877E-05 9.98877E-05 0.0151674 9.98877E-05 9.98877E-05 9.98877E-05 9.98877E-05 9.98877E-05 9.98877E-05 0.00353229 0.00200051 9.98877E-05 9.98877E-05
0.025612 9.9964E-05 0.00794178 0.0506565 0.516273 0.00801353 0.0831845 0.00814369 9.9964E-05 0.000341897 0.0603154 0.00324238 0.0450896 0.0370036 0.0508559 0.0249416 9.9964E-05 0.0779846 9.9964E-05
0.131102 0.0529449 0.119559 9.9937E-05 0.401026 0.0282414 9.9937E-05 9.9937E-05 9.9937E-05 0.0980763 0.0266 9.9937E-05 0.0118661 0.0192958 9.9937E-05 0.0160697 0.0775234 0.0169953 9.9937E-05
0.0425915 0.0733459 9.9946E-05 0.00950249 0.412105 0.0114462 9.9946E-05 0.0564274 9.9946E-05 0.188499 0.0347201 9.9946E-05 9.9946E-05 0.00210773 0.00988966 9.9946E-05 0.0219956 0.0531926 0.0835774
0.0892586 0.0747168 9.99034E-05 9.99034E-05 0.37215 9.99034E-05 9.99034E-05 9.99034E-05 9.99034E-05 0.143989 9.99034E-05 9.99034E-05 9.99034E-05 0.0271716 9.99034E-05 0.0816399 9.99034E-05 0.171602 0.0383729
9.9919E-05 0.0402964 0.0207687 9.9919E-05 0.368286 0.0184664 9.9919E-05 0.0233147 0.0415133 0.350949 0.0414648 9.9919E-05 9.9919E-05 0.0562042 9.9919E-05 9.9919E-05 9.9919E-05 9.9919E-05 0.0378369
0.0556483 9.9901E-05 9.9901E-05 9.9901E-05 0.738762 0.0267439 0.0098508 9.9901E-05 9.9901E-05 0.118376 9.9901E-05 0.000843658 9.9901E-05 9.9901E-05 0.00926409 9.9901E-05 0.0394124 9.9901E-05 9.9901E-05
9.9928E-05 0.0673175 9.9928E-05 0.0140471 0.224807 0.0928059 9.9928E-05 9.9928E-05 0.0603982 0.273434 0.0691065 0.00860905 9.9928E-05 9.9928E-05 9.9928E-05 0.0561954 0.0701849 0.0622948 9.9928E-05
9.9856E-05 9.9856E-05 9.9856E-05 9.9856E-05 9.9856E-05 9.9856E-05 9.9856E-05 9.9856E-05 9.9856E-05 0.898853 9.9856E-05 9.9856E-05 9.9856E-05 0.0134682 9.9856E-05 9.9856E-05 0.086081 9.9856E-05 9.9856E-05
9.98379E-05 9.98379E-05 9.98379E-05 9.98379E-05 9.98379E-05 0.998203 9.98379E-05 9.98379E-05 9.98379E-05 9.98379E-05 9.98379E-05 9.98379E-05 9.98379E-05 9.98379E-05 9.98379E-05 9.98379E-05 9.98379E-05 9.98379E-05 9.98379E-05
0.131418 0.0474522 9.9946E-05 9.9946E-05 0.533863 0.0244046 0.0185107 0.042564 9.9946E-05 9.9946E-05 0.0259864 0.0138409 0.0226697 0.0435241 0.0093237 9.9946E-05 9.9946E-05 0.00586285 0.0799803
9.9892E-05 9.9892E-05 9.9892E-05 9.9892E-05 0.728127 0.00197715 9.9892E-05 9.9892E-05 9.9892E-05 0.16941 9.9892E-05 9.9892E-05 9.9892E-05 0.0234849 0.0297545 9.9892E-05 9.9892E-05 0.0102324 0.0358146
9.9937E-05 0.000361372 0.185833 0.0141208 0.290663 0.020669 0.00385636 0.0125071 0.00391995 0.342549 9.9937E-05 0.00689482 9.9937E-05 0.0574354 9.9937E-05 9.9937E-05 9.9937E-05 0.0604903 9.9937E-05
9.9865E-05 9.9865E-05 0.0910698 9.9865E-05 9.9865E-05 9.9865E-05 9.9865E-05 9.9865E-05 9.9865E-05 0.81149 9.9865E-05 9.9865E-05 9.9865E-05 0.0306214 9.9865E-05 9.9865E-05 0.0653204 9.9865E-05 9.9865E-05
0.138229 0.0445135 9.991E-05 9.991E-05 0.569853 9.991E-05 9.991E-05 9.991E-05 0.0259226 0.101167 0.0268325 9.991E-05 9.991E-05 0.000402571 9.991E-05 9.991E-05 9.991E-05 0.0457859 0.0462948
0.0795363 9.991E-05 0.00744398 9.991E-05 0.59308 0.0124253 9.991E-05 0.00965969 9.991E-05 0.130021 9.991E-05 9.991E-05 0.0258526 9.991E-05 0.0937082 9.991E-05 9.991E-05 0.0472739 9.991E-05
9.9838E-05 0.998203 9.9838E-05 9.9838E-05 9.9838E-05 9.9838E-05 9.9838E-05 9.9838E-05 9.9838E-05 9.9838E-05 9.9838E-05 9.9838E-05 9.9838E-05 9.9838E-05 9.9838E-05 9.9838E-05 9.9838E-05 9.9838E-05 9.9838E-05
9.98379E-05 9.98379E-05 9.98379E-05 9.98379E-05 9.98379E-05 0.998203 9.98379E-05 9.98379E-05 9.98379E-05 9.98379E-05 9.98379E-05 9.98379E-05 9.98379E-05 9.98379E-05 9.98379E-05 9.98379E-05 9.98379E-05 9.98379E-05 9.98379E-05
9.98379E-05 0.998203 9.98379E-05 9.98379E-05 9.98379E-05 9.98379E-05 9.98379E-05 9.98379E-05 9.98379E-05 9.98379E-05 9.98379E-05 9.98379E-05 9.98379E-05 9.98379E-05 9.98379E-05 9.98379E-05 9.98379E-05 9.98379E-05 9.98379E-05
9.9892E-05 9.9892E-05 9.9892E-05 9.9892E-05 0.867965 0.00336276 0.0559844 9.9892E-05 0.00389937 9.9892E-05 0.0421993 0.00129391 9.9892E-05 0.0240963 9.9892E-05 9.9892E-05 9.9892E-05 9.9892E-05 9.9892E-05
9.9946E-05 0.0577503 0.0502749 0.00670897 0.460161 0.0255052 0.0454293 0.0057254 9.9946E-05 0.0972708 0.055128 0.0140748 9.9946E-05 0.0735108 0.0804321 9.9946E-05 0.0274286 9.9946E-05 9.9946E-05
0.0066024 9.9919E-05 9.9919E-05 9.9919E-05 0.723434 0.0302952 0.00757838 0.0123922 9.9919E-05 9.9919E-05 0.0334154 9.9919E-05 0.0324289 0.0255141 9.9919E-05 0.107704 9.9919E-05 9.9919E-05 0.0197356
9.9937E-05 0.0370033 9.9937E-05 0.000439747 0.429628 0.0100408 9.9937E-05 0.015476 9.9937E-05 0.424976 0.00656068 0.0205273 0.0472761 0.00147433 9.9937E-05 9.9937E-05 0.00206075 9.9937E-05 0.00383749
9.9892E-05 9.9892E-05 9.9892E-05 9.9892E-05 9.9892E-05 0.00452351 0.00818494 0.00984893 9.9892E-05 0.839916 9.9892E-05 0.0162598 9.9892E-05 9.9892E-05 0.0640579 9.9892E-05 9.9892E-05 9.9892E-05 0.0560098
9.98379E-05 9.98379E-05 9.98379E-05 9.98379E-05 9.98379E-05 9.98379E-05 9.98379E-05 9.98379E-05 9.98379E-05 9.98379E-05 9.98379E-05 9.98379E-05 9.98379E-05 0.998203 9.98379E-05 9.98379E-05 9.98379E-05 9.98379E-05 9.98379E-05
9.9955E-05 0.00820695 9.9955E-05 0.00266278 0.457953 0.0492095 0.00364431 0.0334959 9.9955E-05 0.101778 0.00984119 9.9955E-05 0.0269936 0.0629374 0.0630689 9.9955E-05 0.0525887 0.0405696 0.0865513
0.715656 9.9874E-05 9.9874E-05 9.9874E-05 0.172325 9.9874E-05 9.9874E-05 9.9874E-05 0.0510944 9.9874E-05 0.0519377 0.00758798 9.9874E-05 9.9874E-05 9.9874E-05 9.9874E-05 9.9874E-05 9.9874E-05 9.9874E-05
0.904654 0.0351409 9.98651E-05 9.98651E-05 9.98651E-05 9.98651E-05 0.00566758 9.98651E-05 9.98651E-05 9.98651E-05 9.98651E-05 9.98651E-05 9.98651E-05 9.98651E-05 9.98651E-05 9.98651E-05 9.98651E-05 0.0530397 9.98651E-05
0.87189 0.021462 9.9901E-05 0.0113993 9.9901E-05 0.0250298 9.9901E-05 9.9901E-05 9.9901E-05 9.9901E-05 0.00316045 0.0244322 9.9901E-05 9.9901E-05 9.9901E-05 9.9901E-05 0.0264617 0.0150654 9.9901E-05
0.89306 9.98831E-05 0.0565786 0.0054375 9.98831E-05 9.98831E-05 0.00570599 0.0145151 9.98831E-05 9.98831E-05 9.98831E-05 9.98831E-05 9.98831E-05 0.0234039 9.98831E-05 9.98831E-05 9.98831E-05 9.98831E-05 9.98831E-05
0.695705 0.0329918 9.991E-05 0.0167216 0.0614921 0.0194707 9.991E-05 9.991E-05 0.0774291 9.991E-05 9.991E-05 9.991E-05 9.991E-05 0.00519674 0.0740938 9.991E-05 0.0159005 9.991E-05 9.991E-05
0.819316 9.98921E-05 9.98921E-05 9.98921E-05 9.98921E-05 9.98921E-05 9.98921E-05 9.98921E-05 0.118677 9.98921E-05 0.00849283 0.00441465 9.98921E-05 0.0229918 0.00354465 0.021365 9.98921E-05 9.98921E-05 9.98921E-05
0.928732 9.9856E-05 9.9856E-05 9.9856E-05 9.9856E-05 0.000669425 9.9856E-05 9.9856E-05 9.9856E-05 9.9856E-05 9.9856E-05 9.9856E-05 9.9856E-05 9.9856E-05 9.9856E-05 9.9856E-05 0.069001 9.9856E-05 9.9856E-05
0.864631 9.9892E-05 9.9892E-05 0.00242293 9.9892E-05 0.0263763 0.0062325 0.0326289 9.9892E-05 9.9892E-05 9.9892E-05 9.9892E-05 9.9892E-05 9.9892E-05 0.0174822 9.9892E-05 9.9892E-05 0.0490275 9.9892E-05
0.765618 9.9883E-05 9.9883E-05 9.9883E-05 9.9883E-05 0.0105594 9.9883E-05 9.9883E-05 0.143993 9.9883E-05 9.9883E-05 0.000194015 9.9883E-05 9.9883E-05 0.0343326 9.9883E-05 9.9883E-05 9.9883E-05 0.0440044
0.682692 0.0108128 9.9919E-05 0.00242225 0.00681957 0.0308552 0.149531 9.9919E-05 9.9919E-05 0.0267852 9.9919E-05 0.0287589 9.9919E-05 0.0197192 9.9919E-05 9.9919E-05 9.9919E-05 0.0407048 9.9919E-05
0.660289 9.9919E-05 9.9919E-05 9.9919E-05 9.9919E-05 0.000387925 0.00194378 9.9919E-05 9.9919E-05 0.162145 0.00284586 0.00969335 9.9919E-05 0.00897877 0.0477538 0.0513761 9.9919E-05 9.9919E-05 0.0536866
9.9856E-05 0.0149374 9.9856E-05 9.9856E-05 9.9856E-05 9.9856E-05 9.9856E-05 9.9856E-05 0.955365 9.9856E-05 9.9856E-05 9.9856E-05 9.9856E-05 9.9856E-05 9.9856E-05 0.0281002 9.9856E-05 9.9856E-05 9.9856E-05
9.9865E-05 9.9865E-05 9.9865E-05 9.9865E-05 9.9865E-05 0.0137659 9.9865E-05 9.9865E-05 0.972299 9.9865E-05 9.9865E-05 0.00980005 9.9865E-05 0.00263673 9.9865E-05 9.9865E-05 9.9865E-05 9.9865E-05 9.9865E-05
9.9919E-05 0.00115637 9.9919E-05 0.00331651 9.9919E-05 0.0137248 0.187433 9.9919E-05 0.18823 9.9919E-05 0.000724492 0.0153181 9.9919E-05 9.9919E-05 9.9919E-05 9.9919E-05 0.489428 0.0855995 0.0141693
9.98831E-05 9.98831E-05 0.0129978 9.98831E-05 9.98831E-05 9.98831E-05 9.98831E-05 0.0408284 9.98831E-05 9.98831E-05 9.98831E-05 9.98831E-05 0.00706193 9.98831E-05 9.98831E-05 9.98831E-05 0.831109 0.0143535 0.0923509
9.9838E-05 9.9838E-05 9.9838E-05 9.9838E-05 9.9838E-05 9.9838E-05 0.998203 9.9838E-05 9.9838E-05 9.9838E-05 9.9838E-05 9.9838E-05 9.9838E-05 9.9838E-05 9.9838E-05 9.9838E-05 9.9838E-05 9.9838E-05 9.9838E-05
9.9856E-05 9.9856E-05 9.9856E-05 9.9856E-05 0.0351918 9.9856E-05 9.9856E-05 9.9856E-05 0.949808 9.9856E-05 9.9856E-05 0.0134024 9.9856E-05 9.9856E-05 9.9856E-05 9.9856E-05 9.9856E-05 9.9856E-05 9.9856E-05
9.9883E-05 9.9883E-05 0.0508521 9.9883E-05 9.9883E-05 0.0341692 0.220378 9.9883E-05 0.0908109 9.9883E-05 9.9883E-05 9.9883E-05 9.9883E-05 9.9883E-05 0.0837759 9.9883E-05 0.518716 9.9883E-05 9.9883E-05
9.98831E-05 9.98831E-05 9.98831E-05 0.000195414 9.98831E-05 9.98831E-05 9.98831E-05 9.98831E-05 9.98831E-05 0.0615225 9.98831E-05 0.0388948 9.98831E-05 0.000933611 9.98831E-05 9.98831E-05 0.887348 0.00980746 9.98831E-05
9.99189E-05 0.0551864 0.070867 0.0370543 0.0331331 9.99189E-05 0.538602 9.99189E-05 9.99189E-05 9.99189E-05 0.00388275 9.99189E-05 9.99189E-05 0.0344731 9.99189E-05 0.0190431 0.179609 0.0272504 9.99189E-05
9.9838E-05 9.9838E-05 9.9838E-05 9.9838E-05 9.9838E-05 9.9838E-05 9.9838E-05 9.9838E-05 0.998203 9.9838E-05 9.9838E-05 9.9838E-05 9.9838E-05 9.9838E-05 9.9838E-05 9.9838E-05 9.9838E-05 9.9838E-05 9.9838E-05
9.9838E-05 9.9838E-05 9.9838E-05 9.9838E-05 9.9838E-05 9.9838E-05 0.998203 9.9838E-05 9.9838E-05 9.9838E-05 9.9838E-05 9.9838E-05 9.9838E-05 9.9838E-05 9.9838E-05 9.9838E-05 9.9838E-05 9.9838E-05 9.9838E-05
9.9874E-05 9.9874E-05 9.9874E-05 9.9874E-05 9.9874E-05 9.9874E-05 9.9874E-05 0.01864 0.653154 9.9874E-05 0.00944689 9.9874E-05 0.229782 9.9874E-05 9.9874E-05 9.9874E-05 9.9874E-05 9.9874E-05 0.0875788
9.9883E-05 9.9883E-05 9.9883E-05 9.9883E-05 9.9883E-05 9.9883E-05 0.88938 9.9883E-05 9.9883E-05 0.0833593 0.00592873 0.00640337 0.0117479 9.9883E-05 9.9883E-05 9.9883E-05 9.9883E-05 0.00188244 9.9883E-05
9.9901E-05 9.9901E-05 0.0629492 9.9901E-05 0.13866 9.9901E-05 0.373086 9.9901E-05 0.0952991 9.9901E-05 0.00148018 9.9901E-05 0.220263 0.0417108 9.9901E-05 9.9901E-05 9.9901E-05 9.9901E-05 0.065452
0.0203813 9.9919E-05 9.9919E-05 0.0400014 0.020226 9.9919E-05 9.9919E-05 9.9919E-05 9.9919E-05 0.0031408 0.0542821 9.9919E-05 0.714025 0.0107128 0.022646 0.00257755 0.111108 9.9919E-05 9.9919E-05
9.9883E-05 9.9883E-05 9.9883E-05 0.024329 9.9883E-05 0.0101655 9.9883E-05 9.9883E-05 9.9883E-05 9.9883E-05 0.0131255 9.9883E-05 0.949168 0.000627374 9.9883E-05 9.9883E-05 9.9883E-05 0.00128622 9.9883E-05
9.9865E-05 0.00757293 9.9865E-05 9.9865E-05 9.9865E-05 9.9865E-05 9.9865E-05 9.9865E-05 0.186239 9.9865E-05 0.0144938 9.9865E-05 0.790197 9.9865E-05 9.9865E-05 9.9865E-05 9.9865E-05 9.9865E-05 9.9865E-05
9.9883E-05 9.9883E-05 9.9883E-05 0.0183421 9.9883E-05 9.9883E-05 0.0362769 9.9883E-05 9.9883E-05 0.0798759 9.9883E-05 0.00682403 0.727371 9.9883E-05 9.9883E-05 9.9883E-05 0.130011 9.9883E-05 9.9883E-05
9.98381E-05 9.98381E-05 9.98381E-05 9.98381E-05 9.98381E-05 9.98381E-05 9.98381E-05 9.98381E-05 9.98381E-05 9.98381E-05 9.98381E-05 9.98381E-05 0.998203 9.98381E-05 9.98381E-05 9.98381E-05 9.98381E-05 9.98381E-05 9.98381E-05
9.9874E-05 0.00160773 0.0757341 9.9874E-05 0.0290132 9.9874E-05 9.9874E-05 9.9874E-05 9.9874E-05 9.9874E-05 9.9874E-05 0.0115106 0.880736 9.9874E-05 9.9874E-05 9.9874E-05 9.9874E-05 9.9874E-05 9.9874E-05
9.9919E-05 0.00214746 9.9919E-05 0.0102822 0.105492 0.0145149 0.249374 0.00971321 9.9919E-05 9.9919E-05 9.9919E-05 9.9919E-05 0.542573 0.0165193 0.0348126 0.0136727 9.9919E-05 9.9919E-05 9.9919E-05
0.00516928 9.98831E-05 9.98831E-05 9.98831E-05 9.98831E-05 0.0161856 9.98831E-05 9.98831E-05 9.98831E-05 9.98831E-05 9.98831E-05 9.98831E-05 0.949935 9.98831E-05 0.000720048 0.000677028 9.98831E-05 0.026015 9.98831E-05
9.9901E-05 0.0396285 9.9901E-05 9.9901E-05 0.0871325 0.0245389 0.0229294 9.9901E-05 9.9901E-05 9.9901E-05 0.00879856 9.9901E-05 0.0119014 9.9901E-05 0.0277117 9.9901E-05 0.77626 9.9901E-05 9.9901E-05
0.010775 9.9892E-05 9.9892E-05 9.9892E-05 0.0306439 9.9892E-05 9.9892E-05 0.02536 9.9892E-05 9.9892E-05 9.9892E-05 9.9892E-05 9.9892E-05 0.0154703 0.0600818 9.9892E-05 0.839733 9.9892E-05 0.016737
9.9919E-05 9.9919E-05 0.0286182 9.9919E-05 0.00581922 9.9919E-05 0.162742 0.0607645 9.9919E-05 9.9919E-05 0.0366533 9.9919E-05 0.0021787 0.0364928 0.0534113 0.00536883 0.607052 9.9919E-05 9.9919E-05
9.9874E-05 9.9874E-05 9.9874E-05 0.0057554 0.186901 9.9874E-05 9.9874E-05 9.9874E-05 9.9874E-05 9.9874E-05 9.9874E-05 0.00261669 9.9874E-05 9.9874E-05 0.0330343 9.9874E-05 0.770294 9.9874E-05 9.9874E-05
9.99009E-05 9.99009E-05 0.0658602 0.00062723 9.99009E-05 9.99009E-05 0.72281 9.99009E-05 0.024833 9.99009E-05 9.99009E-05 0.0121615 9.99009E-05 0.0292164 9.99009E-05 9.99009E-05 0.121386 0.0220069 9.99009E-05
9.9892E-05 9.9892E-05 0.114187 9.9892E-05 0.0733656 0.00175353 0.391478 0.0445108 9.9892E-05 9.9892E-05 0.0496496 9.9892E-05 9.9892E-05 9.9892E-05 9.9892E-05 9.9892E-05 0.323857 9.9892E-05 9.9892E-05
9.99189E-05 9.99189E-05 0.0321592 0.0222178 0.0784382 9.99189E-05 0.185637 0.00815318 9.99189E-05 9.99189E-05 9.99189E-05 0.000124444 0.49335 9.99189E-05 0.00914799 9.99189E-05 0.0961859 0.0736866 9.99189E-05
9.98741E-05 9.98741E-05 9.98741E-05 9.98741E-05 9.98741E-05 0.0220293 0.861134 9.98741E-05 9.98741E-05 9.98741E-05 0.000138284 9.98741E-05 9.98741E-05 0.0163619 9.98741E-05 9.98741E-05 0.0989381 9.98741E-05 9.98741E-05
9.98741E-05 0.00835248 9.98741E-05 9.98741E-05 9.98741E-05 0.0100282 9.98741E-05 9.98741E-05 9.98741E-05 9.98741E-05 0.0318859 9.98741E-05 9.98741E-05 9.98741E-05 9.98741E-05 9.98741E-05 0.879457 9.98741E-05 0.068878
9.98901E-05 9.98901E-05 9.98901E-05 0.0249287 0.0567248 0.013078 0.170782 9.98901E-05 0.103344 9.98901E-05 9.98901E-05 9.98901E-05 9.98901E-05 9.98901E-05 9.98901E-05 0.0509653 0.504547 9.98901E-05 0.0745313
9.9892E-05 9.9892E-05 9.9892E-05 9.9892E-05 0.00622142 9.9892E-05 9.9892E-05 9.9892E-05 9.9892E-05 9.9892E-05 9.9892E-05 0.0030197 0.102186 9.9892E-05 9.9892E-05 0.0368466 0.74451 0.0262004 0.0798167
9.9892E-05 0.0323648 9.9892E-05 0.00409845 9.9892E-05 0.0141484 9.9892E-05 9.9892E-05 9.9892E-05 9.9892E-05 0.0141385 9.9892E-05 0.0317915 9.9892E-05 9.9892E-05 9.9892E-05 0.878215 0.0240447 9.9892E-05
9.9874E-05 0.000930375 9.9874E-05 9.9874E-05 9.9874E-05 9.9874E-05 0.0807129 9.9874E-05 9.9874E-05 9.9874E-05 9.9874E-05 0.0292522 9.9874E-05 0.0239027 9.9874E-05 9.9874E-05 0.863804 9.9874E-05 9.9874E-05
9.98748E-05 0.00849956 0.911773 0.0157514 9.98748E-05 9.98748E-05 0.0479551 9.98748E-05 9.98748E-05 9.98748E-05 0.0146225 9.98748E-05 9.98748E-05 9.98748E-05 9.98748E-05 9.98748E-05 9.98748E-05 9.98748E-05 9.98748E-05
9.9883E-05 9.9883E-05 0.828399 0.0142362 0.093405 0.00818493 9.9883E-05 9.9883E-05 0.0332939 9.9883E-05 9.9883E-05 9.9883E-05 9.9883E-05 0.0211829 9.9883E-05 9.9883E-05 9.9883E-05 9.9883E-05 9.9883E-05
9.9874E-05 9.9874E-05 0.932456 9.9874E-05 9.9874E-05 9.9874E-05 9.9874E-05 0.0298889 9.9874E-05 9.9874E-05 0.0171292 9.9874E-05 9.9874E-05 0.00655396 0.0125739 9.9874E-05 9.9874E-05 9.9874E-05 9.9874E-05
9.9892E-05 0.0104658 0.807836 9.9892E-05 9.9892E-05 0.0104068 0.0581166 0.0488892 9.9892E-05 9.9892E-05 0.0170879 9.9892E-05 9.9892E-05 9.9892E-05 9.9892E-05 9.9892E-05 0.0459994 9.9892E-05 9.9892E-05
9.98741E-05 9.98741E-05 0.921523 9.98741E-05 0.0149694 0.0177921 9.98741E-05 9.98741E-05 9.98741E-05 9.98741E-05 9.98741E-05 0.00485478 9.98741E-05 9.98741E-05 9.98741E-05 9.98741E-05 9.98741E-05 0.0394626 9.98741E-05
9.98651E-05 0.0332713 0.724875 9.98651E-05 9.98651E-05 9.98651E-05 0.0915773 9.98651E-05 9.98651E-05 9.98651E-05 9.98651E-05 9.98651E-05 9.98651E-05 9.98651E-05 9.98651E-05 9.98651E-05 9.98651E-05 9.98651E-05 0.148779
9.98651E-05 9.98651E-05 0.894859 9.98651E-05 9.98651E-05 9.98651E-05 9.98651E-05 9.98651E-05 9.98651E-05 0.0227956 9.98651E-05 9.98651E-05 9.98651E-05 0.00596271 9.98651E-05 9.98651E-05 9.98651E-05 9.98651E-05 0.0748845
0.0346498 9.9892E-05 0.866301 9.9892E-05 0.0200787 9.9892E-05 9.9892E-05 0.0189114 9.9892E-05 9.9892E-05 9.9892E-05 9.9892E-05 9.9892E-05 9.9892E-05 0.033045 0.0234902 9.9892E-05 9.9892E-05 0.00232523
