0.946832 9.9973E-05 0.0528679 9.9973E-05 9.9973E-05
0.798027 0.134552 9.9991E-05 0.039236 0.0280859
0.823298 0.0766238 0.00287712 9.9991E-05 0.0971016
0.863294 0.122457 9.9982E-05 9.9982E-05 0.014049
0.865393 0.10941 9.9982E-05 0.0249963 9.9982E-05
0.883072 0.116628 9.9973E-05 9.9973E-05 9.9973E-05
0.913582 0.0861181 9.9973E-05 9.9973E-05 9.9973E-05
0.863372 0.0610699 0.022831 0.0135056 0.0392219
0.794216 0.129913 9.9991E-05 0.0276866 0.0480843
0.847718 0.085429 9.9991E-05 0.00224425 0.064509
0.830372 0.148574 0.00574367 9.9991E-05 0.0152107
0.841782 0.143498 9.9982E-05 9.9982E-05 0.0145192
0.821007 0.0841777 0.00396951 0.0295626 0.0612831
0.799995 0.133968 0.00484605 9.9991E-05 0.0610918
0.857507 0.117763 9.9982E-05 9.9982E-05 0.02453
0.89094 0.099217 0.00964317 9.9982E-05 9.9982E-05
0.965096 9.9973E-05 9.9973E-05 0.0346036 9.9973E-05
0.91139 9.9973E-05 0.0883101 9.9973E-05 9.9973E-05
0.921327 9.9982E-05 0.0429053 0.0355673 9.9982E-05
0.884441 9.9991E-05 0.0307108 0.0715397 0.0132088
9.997E-05 9.997E-05 9.997E-05 9.997E-05 0.9996
0.012781 0.0716989 0.0991178 9.9991E-05 0.816302
0.0427612 0.0131901 0.118293 9.9991E-05 0.825656
9.9982E-05 9.9982E-05 0.114489 0.0184251 0.866885
0.00508779 9.9982E-05 9.9982E-05 0.028713 0.965999
0.00967506 9.9973E-05 9.9973E-05 9.9973E-05 0.990025
9.9973E-05 9.9973E-05 0.132922 9.9973E-05 0.866778
9.9973E-05 0.0244803 9.9973E-05 9.9973E-05 0.97522
9.9991E-05 0.177337 0.00630342 0.110352 0.705908
0.026004 0.136847 0.104486 0.12239 0.610274
9.9982E-05 0.22024 9.9982E-05 0.0463766 0.733183
0.00636536 0.117797 0.0840246 0.108299 0.683514
0.0296612 0.130633 0.0818795 0.0961228 0.661704
0.00858959 0.160623 0.0215719 0.196997 0.612219
0.0291862 0.115735 0.00167468 0.201903 0.651501
0.0615391 0.258092 9.9991E-05 0.179974 0.500295
9.9991E-05 0.100066 0.162058 0.172269 0.565507
0.00898474 0.0441055 0.803422 0.0887155 0.0547722
9.9982E-05 0.0258932 0.737199 0.236708 9.9982E-05
0.0173107 0.054496 0.760873 0.143401 0.0239195
0.0290046 0.0774836 0.716768 0.136215 0.0405289
0.0189401 0.0177658 0.803561 0.13932 0.0204132
0.0240299 9.9982E-05 0.871046 0.104724 9.9982E-05
0.0858025 0.123321 0.702424 0.0883526 9.9991E-05
9.9982E-05 9.9982E-05 0.790391 0.165891 0.0435182
0.0493559 0.0887067 0.785864 0.0509451 0.0251278
0.0193441 9.9982E-05 0.820522 0.159934 9.9982E-05
9.9982E-05 0.0368561 0.806005 0.156939 9.9982E-05
0.0336791 9.9982E-05 0.882304 0.0838174 9.9982E-05
0.0188047 0.0569279 0.83826 0.0693459 0.0166617
0.026062 0.010792 0.887309 0.0757375 9.9991E-05
9.9991E-05 0.0107738 0.880438 0.0877966 0.0208916
9.9973E-05 9.9973E-05 0.854361 0.145339 9.9973E-05
0.0715671 9.9991E-05 0.797908 0.111846 0.0185791
0.0397225 0.0632036 0.737898 0.155941 0.00323514
0.0328349 0.081642 0.7291 0.122479 0.0339444
0.0758426 9.9991E-05 0.808598 0.0976987 0.0177604
0.0228091 0.0849496 0.154167 0.673124 0.0649506
0.0775416 0.0437472 9.9982E-05 0.878511 9.9982E-05
0.0444347 0.100506 0.0245831 0.775754 0.0547223
0.0289388 9.9982E-05 0.152499 0.818363 9.9982E-05
9.9982E-05 0.0475272 0.09548 0.856793 9.9982E-05
0.0729279 0.0249078 0.0903035 0.798985 0.0128762
0.00834917 0.105477 9.9982E-05 0.885974 9.9982E-05
9.9982E-05 9.9982E-05 0.0552075 0.908412 0.0361804
0.0977849 0.0486839 0.115805 0.737627 9.9991E-05
0.0432552 0.0261071 0.099871 0.750487 0.0802793
0.0348902 0.0779626 0.0445345 0.781668 0.0609443
0.0397116 9.9991E-05 0.0152877 0.803176 0.141724
0.0593566 0.0561136 9.9991E-05 0.826591 0.0578389
0.0132736 9.9982E-05 0.0840606 0.902466 9.9982E-05
0.0315429 0.0147291 0.126478 0.81332 0.01393
0.0279049 0.00991631 0.0791092 0.810255 0.0728146
0.013803 0.152717 9.9991E-05 0.689351 0.144029
9.9991E-05 0.0276011 0.340828 0.548988 0.0824831
0.0441258 0.052107 0.206916 0.654149 0.0427018
0.0623154 9.9982E-05 0.456183 0.481302 9.9982E-05
0.0205015 0.0476763 9.9982E-05 0.931622 9.9982E-05
0.059471 0.0760956 0.137313 0.704192 0.0229281
9.9991E-05 0.0520262 0.134781 0.792489 0.0206033
0.0531984 9.9991E-05 0.201058 0.707519 0.0381247
0.039623 0.088347 0.0706081 0.747036 0.0543855
0.0127508 9.9982E-05 0.0955988 0.89145 9.9982E-05
0.0332256 0.181943 0.271391 0.474844 0.0385967
9.9982E-05 0.571071 0.251852 0.176877 9.9982E-05
0.0193359 0.234448 0.11385 0.566328 0.0660381
0.0496591 0.0740485 0.189316 0.686876 9.9991E-05
0.00945817 0.0646724 0.227038 0.677029 0.0218027
0.0127411 0.0319553 0.142226 0.773543 0.0395342
0.015684 0.0493429 0.0420815 0.886031 0.00686106
0.0611976 0.0494408 0.133015 0.70513 0.0512164
0.00480999 0.0892674 0.113283 0.79254 9.9991E-05
0.0527223 0.273339 9.9991E-05 0.618622 0.0552167
0.0600139 0.171193 9.9991E-05 0.648138 0.120555
0.058419 0.224914 9.9991E-05 0.695013 0.021554
0.0821169 0.146386 0.0561569 0.650151 0.0651896
0.010734 0.198818 0.11125 0.679098 9.9991E-05
0.0469189 9.9991E-05 0.16653 0.754942 0.0315098
0.0160474 9.9991E-05 0.0780274 0.849165 0.0566598
0.0243916 9.9982E-05 0.115924 0.859484 9.9982E-05
0.0117568 0.0641997 0.086771 0.749755 0.087517
0.0209997 0.196731 9.9991E-05 0.766578 0.0155921
0.0140608 0.00334477 0.0708131 0.868855 0.0429268
0.045637 0.0327141 9.9982E-05 0.921449 9.9982E-05
0.0617496 0.125734 0.00804932 0.740132 0.0643352
0.0137841 0.0362137 0.105028 0.841443 0.00353184
0.0676873 0.106139 0.0601448 0.734291 0.0317382
0.0407161 0.0402928 0.173607 0.745285 9.9991E-05
0.0616572 0.115639 0.0667414 0.755862 9.9991E-05
0.0112583 0.00357391 0.123778 0.735333 0.126057
0.00919405 0.0186881 0.0879934 0.884024 9.9991E-05
0.0230903 0.0183246 9.9982E-05 0.958385 9.9982E-05
9.9991E-05 0.0112877 0.0968419 0.881085 0.0106851
0.0161296 0.149409 0.0663401 0.768021 9.9991E-05
0.0630243 0.128136 0.0364812 0.72039 0.0519682
0.0601518 0.103689 0.0714241 0.691081 0.0736532
0.0803916 9.9982E-05 0.124183 0.795226 9.9982E-05
0.0231537 9.9991E-05 0.13902 0.808795 0.0289312
0.0261589 0.148454 0.0469659 0.778321 9.9991E-05
0.103881 0.148517 0.0712666 0.664738 0.0115968
0.0432859 0.245636 9.9991E-05 0.511148 0.199831
9.9991E-05 0.220837 0.0463192 0.531983 0.20076
0.026522 0.19293 9.9991E-05 0.508597 0.271851
0.0374278 0.257326 9.9991E-05 0.502866 0.20228
0.0690127 0.255895 9.9991E-05 0.524798 0.150194
0.021749 0.251453 9.9991E-05 0.450944 0.275753
0.0331013 0.23884 0.00895433 0.452255 0.26685
0.0785846 0.17388 9.9991E-05 0.473711 0.273724
0.0363377 0.210745 0.11664 0.42196 0.214317
0.0253646 0.260644 0.0331118 0.499983 0.180897
9.9991E-05 0.123742 0.0455511 0.553187 0.27742
0.0360403 0.835656 0.0444947 0.0343898 0.0494191
0.0156068 0.771232 0.101266 0.034292 0.0776027
0.0504277 0.823002 0.0589127 0.0306073 0.0370505
0.0424139 0.685832 0.215714 9.9991E-05 0.0559401
0.0641533 0.737301 0.192622 9.9991E-05 0.00582341
0.0374872 0.78274 0.0491904 0.0959854 0.0345968
0.0165806 0.774278 0.115976 9.9991E-05 0.0930652
0.00970301 0.797465 0.0518829 0.0866816 0.054268
0.0537064 0.722984 0.104127 0.0525034 0.0666794
9.9991E-05 0.675114 0.203831 0.0593789 0.0615754
0.0218594 0.692989 0.148123 0.0471973 0.0898316
0.0434536 0.771526 0.153509 9.9991E-05 0.0314107
0.0309449 0.774441 0.126031 0.0114631 0.0571198
0.0111501 0.889879 0.0101674 0.0887032 9.9991E-05
0.108482 0.818854 9.9991E-05 0.026141 0.0464226
0.0632214 0.936479 9.9973E-05 9.9973E-05 9.9973E-05
0.0305997 0.780698 0.156061 0.0177939 0.0148475
0.085585 0.78421 0.0532676 0.0521365 0.0248009
0.0551648 0.815792 0.111655 9.9991E-05 0.0172889
0.0675439 0.863415 0.0289142 0.0213842 0.0187428
0.109487 0.85127 9.9991E-05 0.00823752 0.0309061
0.0246979 0.796121 0.0598095 0.0751148 0.0442566
0.0248077 0.940583 0.027272 0.00723773 9.9991E-05
0.0421319 0.828836 0.11691 0.00879575 0.00332601
0.0698604 0.870044 9.9982E-05 9.9982E-05 0.0598955
0.0355305 0.835376 9.9991E-05 0.0487403 0.0802533
0.022515 0.858442 0.0489854 9.9991E-05 0.069958
0.080406 0.899021 9.9982E-05 0.020373 9.9982E-05
0.0600088 0.840998 0.0181527 0.041309 0.0395318
9.9991E-05 0.779528 0.160151 0.00788942 0.0523314
9.9991E-05 0.793215 0.170376 0.000904988 0.0354037
0.0539108 0.757033 0.119926 9.9991E-05 0.0690304
9.9991E-05 0.794393 0.11377 0.0328416 0.0588946
0.0213997 0.843216 9.9991E-05 0.049992 0.0852926
0.0249293 0.889553 0.0501574 0.0191437 0.0162166
9.9982E-05 0.167196 0.749971 9.9982E-05 0.0826333
0.0253206 0.201611 0.662866 9.9991E-05 0.110102
0.0748419 0.204244 0.621115 9.9991E-05 0.0996989
0.0957042 0.200086 0.644619 9.9991E-05 0.0594904
0.112877 0.0864597 0.662801 9.9991E-05 0.137762
0.00671846 0.0703186 0.797296 9.9991E-05 0.125567
9.9982E-05 0.100293 0.795975 9.9982E-05 0.103533
0.0931415 0.0367713 0.668431 9.9991E-05 0.201557
