0.242104 9.99461E-05 0.626822 9.99461E-05 9.99461E-05 0.130474 9.99461E-05 9.99461E-05 9.99461E-05
9.9955E-05 0.0525161 0.854628 9.9955E-05 9.9955E-05 0.0778634 0.014493 9.9955E-05 9.9955E-05
0.583681 9.9946E-05 0.358596 9.9946E-05 9.9946E-05 0.0571239 9.9946E-05 9.9946E-05 9.9946E-05
9.99372E-05 0.958253 9.99372E-05 9.99372E-05 9.99372E-05 9.99372E-05 9.99372E-05 9.99372E-05 0.0410475
0.0947906 0.0729179 9.9955E-05 9.9955E-05 9.9955E-05 9.9955E-05 0.798356 0.0334352 9.9955E-05
0.111406 9.99461E-05 9.99461E-05 9.99461E-05 9.99461E-05 0.0184003 9.99461E-05 9.99461E-05 0.869594
9.9937E-05 9.9937E-05 9.9937E-05 9.9937E-05 9.9937E-05 0.0394801 9.9937E-05 0.95982 9.9937E-05
0.014331 9.99461E-05 0.857289 9.99461E-05 0.12778 9.99461E-05 9.99461E-05 9.99461E-05 9.99461E-05
9.99371E-05 9.99371E-05 9.99371E-05 9.99371E-05 9.99371E-05 0.517745 9.99371E-05 9.99371E-05 0.481555
9.99461E-05 9.99461E-05 9.99461E-05 9.99461E-05 0.113945 9.99461E-05 0.620501 0.264954 9.99461E-05
9.993E-05 9.993E-05 9.993E-05 9.993E-05 0.999201 9.993E-05 9.993E-05 9.993E-05 9.993E-05
9.99371E-05 9.99371E-05 0.849454 9.99371E-05 9.99371E-05 9.99371E-05 9.99371E-05 9.99371E-05 0.149847
0.0119378 9.99641E-05 9.99641E-05 9.99641E-05 9.99641E-05 0.103424 0.429262 0.371931 0.083045
9.99371E-05 0.122092 9.99371E-05 9.99371E-05 9.99371E-05 9.99371E-05 9.99371E-05 0.877208 9.99371E-05
9.993E-05 9.993E-05 9.993E-05 9.993E-05 9.993E-05 9.993E-05 0.999201 9.993E-05 9.993E-05
0.0336015 9.99372E-05 9.99372E-05 9.99372E-05 9.99372E-05 0.965699 9.99372E-05 9.99372E-05 9.99372E-05
9.99551E-05 0.23401 0.642065 9.99551E-05 9.99551E-05 9.99551E-05 9.99551E-05 0.00660513 0.116821
9.996E-05 9.996E-05 9.996E-05 9.996E-05 0.324796 0.411767 0.119959 0.0385515 0.104528
9.993E-05 9.993E-05 9.993E-05 9.993E-05 9.993E-05 9.993E-05 9.993E-05 9.993E-05 0.999201
9.99552E-05 0.0221522 9.99552E-05 0.074358 9.99552E-05 0.89597 0.0070201 9.99552E-05 9.99552E-05
9.993E-05 9.993E-05 9.993E-05 0.999201 9.993E-05 9.993E-05 9.993E-05 9.993E-05 9.993E-05
9.99641E-05 9.99641E-05 0.102372 0.367006 9.99641E-05 0.105132 9.99641E-05 0.0748998 0.35019
9.99371E-05 9.99371E-05 9.99371E-05 9.99371E-05 9.99371E-05 0.749123 0.250178 9.99371E-05 9.99371E-05
9.99461E-05 0.730077 9.99461E-05 9.99461E-05 0.0930782 0.176245 9.99461E-05 9.99461E-05 9.99461E-05
0.921049 0.0753218 9.99551E-05 0.000630177 9.99551E-05 9.99551E-05 9.99551E-05 9.99551E-05 0.00249969
9.99371E-05 9.99371E-05 9.99371E-05 9.99371E-05 9.99371E-05 0.0892407 0.91006 9.99371E-05 9.99371E-05
0.00706095 0.992239 9.99371E-05 9.99371E-05 9.99371E-05 9.99371E-05 9.99371E-05 9.99371E-05 9.99371E-05
9.99461E-05 9.99461E-05 9.99461E-05 0.218394 9.99461E-05 9.99461E-05 9.99461E-05 0.326763 0.454244
9.993E-05 9.993E-05 0.999201 9.993E-05 9.993E-05 9.993E-05 9.993E-05 9.993E-05 9.993E-05
9.99552E-05 0.0154767 0.289982 0.0418973 9.99552E-05 9.99552E-05 9.99552E-05 9.99552E-05 0.652144
0.353542 9.99461E-05 9.99461E-05 9.99461E-05 0.0085454 9.99461E-05 9.99461E-05 0.637313 9.99461E-05
0.979648 9.99371E-05 9.99371E-05 9.99371E-05 9.99371E-05 9.99371E-05 9.99371E-05 0.0196526 9.99371E-05
9.99371E-05 9.99371E-05 9.99371E-05 9.99371E-05 9.99371E-05 9.99371E-05 0.215186 0.784114 9.99371E-05
0.0412302 9.99641E-05 9.99641E-05 9.99641E-05 0.00380393 0.0610538 9.99641E-05 0.0287 0.864812
9.99371E-05 0.841381 0.157919 9.99371E-05 9.99371E-05 9.99371E-05 9.99371E-05 9.99371E-05 9.99371E-05
9.99371E-05 9.99371E-05 9.99371E-05 9.99371E-05 9.99371E-05 0.959456 9.99371E-05 9.99371E-05 0.039844
9.99551E-05 0.0205295 9.99551E-05 0.26932 9.99551E-05 0.0284326 9.99551E-05 9.99551E-05 0.681218
0.0415552 9.99641E-05 9.99641E-05 9.99641E-05 0.00847989 0.0475179 9.99641E-05 0.0211424 0.880905
9.993E-05 9.993E-05 9.993E-05 9.993E-05 0.999201 9.993E-05 9.993E-05 9.993E-05 9.993E-05
9.99551E-05 0.109158 9.99551E-05 0.170234 0.0109161 9.99551E-05 9.99551E-05 9.99551E-05 0.709192
9.9946E-05 0.000939827 0.149581 9.9946E-05 9.9946E-05 9.9946E-05 9.9946E-05 9.9946E-05 0.848879
9.99461E-05 9.99461E-05 0.733616 9.99461E-05 9.99461E-05 9.99461E-05 0.0364145 9.99461E-05 0.22937
9.99372E-05 9.99372E-05 9.99372E-05 0.891734 9.99372E-05 9.99372E-05 0.107566 9.99372E-05 9.99372E-05
0.999201 9.993E-05 9.993E-05 9.993E-05 9.993E-05 9.993E-05 9.993E-05 9.993E-05 9.993E-05
9.99551E-05 9.99551E-05 9.99551E-05 0.0122669 9.99551E-05 0.0868313 0.870444 0.0299583 9.99551E-05
9.99461E-05 0.147292 0.806994 9.99461E-05 9.99461E-05 0.045114 9.99461E-05 9.99461E-05 9.99461E-05
9.995E-05 9.995E-05 9.995E-05 0.161515 0.0455966 0.656728 9.995E-05 9.995E-05 0.135661
9.99462E-05 9.99462E-05 9.99462E-05 0.107605 9.99462E-05 0.1544 9.99462E-05 9.99462E-05 0.737395
0.0433095 0.0607907 0.00021615 0.265839 0.0196098 9.99731E-05 0.609935 9.99731E-05 9.99731E-05
9.99461E-05 9.99461E-05 9.99461E-05 0.879051 9.99461E-05 9.99461E-05 9.99461E-05 0.0157739 0.104576
