0.134166 0.0980007 9.9991E-05 0.767733
9.9982E-05 0.071196 9.9982E-05 0.928604
0.463061 9.9982E-05 9.9982E-05 0.536739
0.0904317 9.9991E-05 0.247228 0.66224
0.546005 0.453795 9.9982E-05 9.9982E-05
0.0327351 9.9991E-05 0.940862 0.0263031
0.877474 0.047678 0.074748 9.9991E-05
0.0598128 9.99821E-05 9.99821E-05 0.939987
9.9982E-05 0.254883 0.744917 9.9982E-05
0.699229 0.300571 9.9982E-05 9.9982E-05
0.934777 0.0650227 9.99821E-05 9.99821E-05
9.9982E-05 9.9982E-05 0.118729 0.881072
0.503523 0.375794 0.120583 9.9991E-05
0.81179 9.99821E-05 9.99821E-05 0.18801
0.285416 0.714384 9.9982E-05 9.9982E-05
0.0246928 0.727183 0.248024 9.9991E-05
9.9982E-05 9.9982E-05 0.0643364 0.935464
0.257913 0.42006 0.321927 9.9991E-05
9.998E-05 9.998E-05 0.9997 9.998E-05
9.9982E-05 0.85776 0.14204 9.9982E-05
9.9991E-05 0.731233 0.214139 0.0545283
9.9991E-05 0.283124 0.591598 0.125178
9.9982E-05 0.883832 0.115968 9.9982E-05
0.223189 0.106913 0.135467 0.534432
0.815688 9.9991E-05 0.0387445 0.145468
0.177122 0.822678 9.9982E-05 9.9982E-05
0.23184 9.99821E-05 9.99821E-05 0.76796
0.265289 0.129175 0.547654 0.0578819
9.998E-05 9.998E-05 9.998E-05 0.9997
9.99821E-05 9.99821E-05 0.62395 0.37585
0.987891 9.9982E-05 9.9982E-05 0.0119092
0.9997 9.998E-05 9.998E-05 9.998E-05
0.940129 0.0596711 9.9982E-05 9.9982E-05
0.0874473 9.9982E-05 0.912353 9.9982E-05
9.9982E-05 9.9982E-05 0.0120718 0.987728
9.9982E-05 0.641805 0.357995 9.9982E-05
9.9982E-05 0.0607502 0.93905 9.9982E-05
0.0669084 9.9991E-05 0.92594 0.00705205
0.789461 9.99821E-05 0.210339 9.99821E-05
0.0170373 0.0118101 0.869047 0.102106
9.9982E-05 9.9982E-05 0.713527 0.286273
9.9982E-05 9.9982E-05 0.144142 0.855659
9.9982E-05 0.953131 0.0466688 9.9982E-05
0.918134 9.9982E-05 9.9982E-05 0.0816662
0.21171 0.78809 9.9982E-05 9.9982E-05
9.99821E-05 0.00750308 9.99821E-05 0.992297
9.9982E-05 0.528119 0.471681 9.9982E-05
9.99821E-05 0.084959 0.914841 9.99821E-05
0.127476 0.764751 9.9991E-05 0.107672
9.9982E-05 0.523516 0.476284 9.9982E-05
