0.00886906 9.9901E-05 0.00798906 9.9901E-05 9.9901E-05 0.026956 9.9901E-05 0.882529 9.9901E-05 9.9901E-05 9.9901E-05 9.9901E-05 9.9901E-05 9.9901E-05 9.9901E-05 0.0725576
0.0115954 9.9928E-05 9.9928E-05 9.9928E-05 0.0273761 0.124687 0.0128898 0.691377 9.9928E-05 0.0146657 0.0501236 9.9928E-05 0.0664862 9.9928E-05 9.9928E-05 9.9928E-05
0.0360569 9.9919E-05 0.00936774 9.9919E-05 9.9919E-05 0.100284 9.9919E-05 0.735968 9.9919E-05 9.9919E-05 0.0677809 9.9919E-05 9.9919E-05 0.00978619 0.0398571 9.9919E-05
0.00889361 0.0138047 0.00279764 9.9928E-05 0.016085 0.090836 9.9928E-05 0.723671 0.0989445 9.9928E-05 9.9928E-05 9.9928E-05 9.9928E-05 9.9928E-05 0.0441677 9.9928E-05
9.9919E-05 9.9919E-05 9.9919E-05 9.9919E-05 9.9919E-05 0.0124525 9.9919E-05 0.757058 9.9919E-05 0.101467 0.0791384 9.9919E-05 0.0129142 0.00792094 9.9919E-05 0.0281494
9.9919E-05 0.0167181 0.00276732 9.9919E-05 9.9919E-05 9.9919E-05 9.9919E-05 0.843225 0.0459057 0.0171651 9.9919E-05 9.9919E-05 9.9919E-05 0.0356886 9.9919E-05 0.0376306
9.9892E-05 0.0059857 9.9892E-05 9.9892E-05 0.00418704 9.9892E-05 9.9892E-05 0.856 9.9892E-05 9.9892E-05 9.9892E-05 9.9892E-05 0.132628 9.9892E-05 9.9892E-05 9.9892E-05
0.0236843 0.0247122 9.9928E-05 9.9928E-05 0.0094219 9.9928E-05 9.9928E-05 0.766042 0.0752304 0.0412435 9.9928E-05 9.9928E-05 0.0475121 9.9928E-05 9.9928E-05 0.0113547
0.00471066 9.9919E-05 9.9919E-05 9.9919E-05 9.9919E-05 0.0262575 9.9919E-05 0.726558 9.9919E-05 0.0232577 9.9919E-05 0.0340337 0.140875 9.9919E-05 9.9919E-05 0.0434081
9.9928E-05 0.00609236 9.9928E-05 0.00646192 0.00308819 9.9928E-05 9.9928E-05 0.75191 0.137555 9.9928E-05 9.9928E-05 0.01719 9.9928E-05 9.9928E-05 0.0583047 0.0185984
9.9919E-05 9.9919E-05 9.9919E-05 9.9919E-05 0.00691241 0.0757119 9.9919E-05 0.712698 9.9919E-05 9.9919E-05 0.0983421 9.9919E-05 9.9919E-05 0.0181686 0.0186188 0.0686488
0.00838299 9.9928E-05 0.00170328 9.9928E-05 9.9928E-05 0.149308 9.9928E-05 0.696337 9.9928E-05 9.9928E-05 0.0344771 9.9928E-05 9.9928E-05 0.00240785 0.0653231 0.0412621
9.9928E-05 9.9928E-05 0.00276368 0.018967 0.0402306 9.9928E-05 9.9928E-05 0.723969 9.9928E-05 0.142825 9.9928E-05 9.9928E-05 0.0342994 9.9928E-05 0.0049545 0.0311916
9.9946E-05 0.000475792 0.0257833 0.00257795 0.0219785 0.109709 0.0422513 0.646523 0.0859233 9.9946E-05 0.0382647 9.9946E-05 9.9946E-05 9.9946E-05 0.0259136 9.9946E-05
0.00475157 9.99196E-05 9.99196E-05 9.99196E-05 9.99196E-05 9.99196E-05 9.99196E-05 0.76401 9.99196E-05 0.0380377 0.0799952 0.0315109 0.00544902 9.99196E-05 0.0753466 9.99196E-05
9.991E-05 9.991E-05 9.991E-05 9.991E-05 0.0045335 9.991E-05 9.991E-05 0.830518 9.991E-05 0.00901252 9.991E-05 0.0126853 0.117911 0.0243401 9.991E-05 9.991E-05
9.99011E-05 0.0251852 9.99011E-05 0.0229893 9.99011E-05 9.99011E-05 9.99011E-05 0.918103 9.99011E-05 9.99011E-05 9.99011E-05 0.00210657 9.99011E-05 0.0305171 9.99011E-05 9.99011E-05
9.98921E-05 9.98921E-05 9.98921E-05 0.0257435 9.98921E-05 9.98921E-05 0.0514348 0.910693 9.98921E-05 9.98921E-05 9.98921E-05 9.98921E-05 9.98921E-05 0.0109298 9.98921E-05 9.98921E-05
9.98921E-05 9.98921E-05 0.0166439 0.0941062 9.98921E-05 9.98921E-05 9.98921E-05 0.883658 9.98921E-05 9.98921E-05 9.98921E-05 9.98921E-05 0.00439303 9.98921E-05 9.98921E-05 9.98921E-05
9.99011E-05 0.0212391 9.99011E-05 9.99011E-05 9.99011E-05 9.99011E-05 0.0531361 0.858391 9.99011E-05 9.99011E-05 9.99011E-05 9.99011E-05 9.99011E-05 0.0141666 0.0519682 9.99011E-05
9.9865E-05 9.9865E-05 0.998502 9.9865E-05 9.9865E-05 9.9865E-05 9.9865E-05 9.9865E-05 9.9865E-05 9.9865E-05 9.9865E-05 9.9865E-05 9.9865E-05 9.9865E-05 9.9865E-05 9.9865E-05
9.991E-05 9.991E-05 0.0117977 9.991E-05 0.00601179 0.134337 9.991E-05 9.991E-05 0.029883 9.991E-05 9.991E-05 9.991E-05 9.991E-05 9.991E-05 0.702913 0.114059
9.9919E-05 0.0149987 9.9919E-05 0.068034 0.00502932 9.9919E-05 9.9919E-05 0.00646108 0.0104428 9.9919E-05 9.9919E-05 9.9919E-05 9.9919E-05 9.9919E-05 0.746375 0.14776
9.9919E-05 0.00836031 0.0031846 0.0249422 9.9919E-05 9.9919E-05 0.117372 9.9919E-05 9.9919E-05 9.9919E-05 9.9919E-05 9.9919E-05 9.9919E-05 0.0269431 0.80435 0.0139481
9.98921E-05 0.00822109 0.00978433 9.98921E-05 9.98921E-05 9.98921E-05 9.98921E-05 9.98921E-05 9.98921E-05 9.98921E-05 9.98921E-05 9.98921E-05 9.98921E-05 0.00426314 0.976533 9.98921E-05
9.98921E-05 0.00869787 9.98921E-05 9.98921E-05 9.98921E-05 9.98921E-05 9.98921E-05 0.0139528 9.98921E-05 9.98921E-05 9.98921E-05 9.98921E-05 9.98921E-05 0.00652772 0.969623 9.98921E-05
0.00783864 9.9928E-05 0.0137125 0.0171037 9.9928E-05 9.9928E-05 9.9928E-05 9.9928E-05 9.9928E-05 0.0118662 9.9928E-05 0.0542123 0.046524 9.9928E-05 0.733559 0.114385
9.9865E-05 9.9865E-05 0.998502 9.9865E-05 9.9865E-05 9.9865E-05 9.9865E-05 9.9865E-05 9.9865E-05 9.9865E-05 9.9865E-05 9.9865E-05 9.9865E-05 9.9865E-05 9.9865E-05 9.9865E-05
9.9892E-05 0.00519404 9.9892E-05 9.9892E-05 9.9892E-05 0.0551633 9.9892E-05 9.9892E-05 9.9892E-05 9.9892E-05 9.9892E-05 9.9892E-05 0.127756 9.9892E-05 0.810688 9.9892E-05
9.9928E-05 0.00167528 9.9928E-05 0.0507741 0.0280072 9.9928E-05 9.9928E-05 9.9928E-05 0.00869182 9.9928E-05 0.0580409 0.0750944 9.9928E-05 9.9928E-05 0.732814 0.0441024
0.0312861 9.9928E-05 0.0200224 0.0143758 9.9928E-05 9.9928E-05 9.9928E-05 9.9928E-05 9.9928E-05 0.00581598 0.0938283 9.9928E-05 9.9928E-05 0.0196487 0.811481 0.00274271
9.9928E-05 9.9928E-05 0.0280798 0.0352003 0.0131209 9.9928E-05 0.147526 9.9928E-05 9.9928E-05 0.0187048 9.9928E-05 9.9928E-05 0.0177903 0.0114681 0.727311 9.9928E-05
9.9955E-05 0.00372527 0.0429798 0.0117535 0.0428189 9.9955E-05 0.0447777 0.0429226 0.0803494 0.000568446 0.0178654 9.9955E-05 9.9955E-05 0.00228724 0.709452 9.9955E-05
0.0636459 0.00374528 0.0286948 9.9937E-05 0.0550832 0.0439087 9.9937E-05 9.9937E-05 0.0250032 9.9937E-05 0.088102 0.0200942 9.9937E-05 9.9937E-05 0.671023 9.9937E-05
0.00881822 0.0287513 9.9946E-05 0.0214685 0.00505249 0.141813 0.0663717 9.9946E-05 9.9946E-05 0.0155507 0.0221981 9.9946E-05 9.9946E-05 0.00870689 0.68067 9.9946E-05
0.0295218 9.99099E-05 0.0101282 9.99099E-05 9.99099E-05 0.354085 9.99099E-05 0.00332388 9.99099E-05 9.99099E-05 0.174745 9.99099E-05 9.99099E-05 9.99099E-05 0.427198 9.99099E-05
0.0440667 0.0061385 9.9928E-05 0.0508987 9.9928E-05 9.9928E-05 0.0873856 9.9928E-05 9.9928E-05 9.9928E-05 0.0263436 0.0511338 9.9928E-05 0.0117094 0.721524 9.9928E-05
9.9919E-05 9.9919E-05 0.0180622 0.201708 9.9919E-05 0.0579325 0.540016 9.9919E-05 0.0679232 9.9919E-05 9.9919E-05 9.9919E-05 9.9919E-05 9.9919E-05 0.00300578 0.110453
9.9901E-05 9.9901E-05 9.9901E-05 0.0294441 9.9901E-05 0.153762 0.682272 9.9901E-05 9.9901E-05 0.123379 9.9901E-05 9.9901E-05 0.0100438 9.9901E-05 9.9901E-05 9.9901E-05
0.0155784 9.9919E-05 9.9919E-05 9.9919E-05 0.0206484 9.9919E-05 0.696275 9.9919E-05 9.9919E-05 0.121994 0.0757478 0.0450999 9.9919E-05 9.9919E-05 9.9919E-05 0.0237569
9.99008E-05 9.99008E-05 9.99008E-05 9.99008E-05 9.99008E-05 9.99008E-05 0.769267 9.99008E-05 0.108627 9.99008E-05 9.99008E-05 0.108471 9.99008E-05 9.99008E-05 0.0124368 9.99008E-05
0.0298166 0.0134056 0.0246256 0.0214623 0.0284953 0.0323132 0.80802 0.0352171 9.9937E-05 9.9937E-05 9.9937E-05 9.9937E-05 9.9937E-05 9.9937E-05 9.9937E-05 0.00594461
0.0232767 0.00144301 0.00623843 9.9955E-05 9.9955E-05 9.9955E-05 0.777983 0.0044324 0.051246 0.0139011 9.9955E-05 0.112477 0.00607201 0.00139982 9.9955E-05 0.00103071
0.0252893 0.00109425 0.0188322 0.0152914 0.0213238 0.0327261 0.449285 0.0282605 9.9946E-05 9.9946E-05 0.173073 9.9946E-05 9.9946E-05 9.9946E-05 9.9946E-05 0.234225
0.0216096 0.0192112 0.00182367 0.0272589 0.00824155 9.9973E-05 0.682645 9.9973E-05 0.0291197 9.9973E-05 0.0118405 0.0827885 0.00213144 0.00109964 0.0219107 0.0900199
9.9919E-05 9.9919E-05 9.9919E-05 0.108634 9.9919E-05 9.9919E-05 0.609883 0.0418925 9.9919E-05 0.0132697 9.9919E-05 9.9919E-05 0.147505 9.9919E-05 0.024796 0.0531217
9.9919E-05 0.0175746 9.9919E-05 9.9919E-05 0.0101804 9.9919E-05 0.818105 9.9919E-05 9.9919E-05 9.9919E-05 0.0317749 0.076843 9.9919E-05 0.0195876 0.0250349 9.9919E-05
0.0213735 9.9919E-05 9.9919E-05 9.9919E-05 0.000435884 9.9919E-05 0.570113 9.9919E-05 0.0980673 9.9919E-05 9.9919E-05 0.0485279 9.9919E-05 0.000154934 9.9919E-05 0.260428
0.0171426 9.991E-05 0.0334115 0.00565219 9.991E-05 9.991E-05 0.903934 0.0153231 9.991E-05 9.991E-05 9.991E-05 9.991E-05 9.991E-05 0.0235371 9.991E-05 9.991E-05
0.0219079 9.9928E-05 0.00370107 0.0736444 0.0228223 0.00420135 0.363656 9.9928E-05 0.0698414 9.9928E-05 9.9928E-05 9.9928E-05 9.9928E-05 9.9928E-05 9.9928E-05 0.439427
9.9892E-05 9.9892E-05 9.9892E-05 9.9892E-05 9.9892E-05 0.135278 0.8193 9.9892E-05 9.9892E-05 9.9892E-05 9.9892E-05 9.9892E-05 9.9892E-05 0.0260624 9.9892E-05 0.0181605
0.0327562 9.991E-05 9.991E-05 9.991E-05 0.0157387 0.0307329 0.836097 9.991E-05 9.991E-05 9.991E-05 9.991E-05 9.991E-05 0.0746667 9.991E-05 0.00900954 9.991E-05
9.99189E-05 0.0573969 9.99189E-05 0.036897 0.0604771 9.99189E-05 0.650062 9.99189E-05 0.0429646 0.00552443 9.99189E-05 9.99189E-05 9.99189E-05 9.99189E-05 9.99189E-05 0.145779
0.0200307 9.9937E-05 0.00283994 0.0288929 9.9937E-05 0.0623245 0.685558 0.0465489 9.9937E-05 9.9937E-05 0.00480563 9.9937E-05 9.9937E-05 0.0234177 9.9937E-05 0.124882
9.9955E-05 0.0153682 0.0029147 0.0224701 0.0172713 9.9955E-05 0.685934 0.0332684 9.9955E-05 9.9955E-05 0.102395 0.0650722 0.00948276 0.0094001 9.9955E-05 0.035924
0.0114722 9.9946E-05 9.9946E-05 0.0180058 9.9946E-05 0.117103 0.614779 9.9946E-05 0.0395816 0.0275594 9.9946E-05 9.9946E-05 0.0158084 0.0177582 0.0136228 0.12371
9.9928E-05 0.0328301 0.0121801 9.9928E-05 9.9928E-05 9.9928E-05 0.796902 0.0594901 9.9928E-05 9.9928E-05 0.0135277 0.02575 0.0195436 9.9928E-05 0.0389773 9.9928E-05
0.0179624 9.9928E-05 9.9928E-05 0.104689 9.9928E-05 0.504031 0.169795 9.9928E-05 9.9928E-05 0.00225709 0.0130904 0.151496 9.9928E-05 9.9928E-05 0.0358797 9.9928E-05
0.998502 9.98649E-05 9.98649E-05 9.98649E-05 9.98649E-05 9.98649E-05 9.98649E-05 9.98649E-05 9.98649E-05 9.98649E-05 9.98649E-05 9.98649E-05 9.98649E-05 9.98649E-05 9.98649E-05 9.98649E-05
9.9964E-05 0.0301566 9.9964E-05 0.0947743 0.0486004 0.44446 0.0320209 0.0038613 0.0256145 0.0527875 9.9964E-05 0.218785 9.9964E-05 0.00482678 0.0314688 0.0122433
0.00574538 0.0253467 9.9946E-05 0.0316984 0.0229484 0.311697 0.0764974 9.9946E-05 9.9946E-05 0.179458 9.9946E-05 0.309237 9.9946E-05 0.00754278 9.9946E-05 0.029229
0.0580663 9.9928E-05 9.9928E-05 0.0551457 0.00511139 0.332008 9.9928E-05 9.9928E-05 9.9928E-05 0.135815 9.9928E-05 0.366325 9.9928E-05 0.0268504 9.9928E-05 0.0198792
9.9919E-05 9.9919E-05 0.00731447 9.9919E-05 9.9919E-05 0.0435522 0.0164374 9.9919E-05 0.0644473 9.9919E-05 9.9919E-05 0.795923 0.0525805 0.0188455 9.9919E-05 9.9919E-05
9.98649E-05 9.98649E-05 9.98649E-05 9.98649E-05 0.998502 9.98649E-05 9.98649E-05 9.98649E-05 9.98649E-05 9.98649E-05 9.98649E-05 9.98649E-05 9.98649E-05 9.98649E-05 9.98649E-05 9.98649E-05
0.998502 9.98648E-05 9.98648E-05 9.98648E-05 9.98648E-05 9.98648E-05 9.98648E-05 9.98648E-05 9.98648E-05 9.98648E-05 9.98648E-05 9.98648E-05 9.98648E-05 9.98648E-05 9.98648E-05 9.98648E-05
0.000494175 0.00240842 9.9946E-05 9.9946E-05 0.0389835 0.416676 9.9946E-05 0.0839091 9.9946E-05 0.0643454 0.0225489 0.26419 9.9946E-05 0.0280384 9.9946E-05 0.0778067
9.9937E-05 0.0149093 0.0357921 0.121146 0.0188573 9.9937E-05 9.9937E-05 0.0166052 0.072442 9.9937E-05 9.9937E-05 0.606038 9.9937E-05 0.0342987 0.0792119 9.9937E-05
0.0426204 0.0432256 9.9946E-05 0.0911359 0.0132718 0.0138512 9.9946E-05 0.000751606 0.0834883 0.068527 9.9946E-05 0.617639 9.9946E-05 0.0248899 9.9946E-05 9.9946E-05
0.020905 0.0278337 0.0195574 0.052011 0.0170881 0.0741749 9.9946E-05 9.9946E-05 9.9946E-05 9.9946E-05 9.9946E-05 0.668902 0.0340272 0.0206734 0.0642282 9.9946E-05
0.0796644 0.0247876 0.0100695 0.045618 0.0286923 0.181591 9.9955E-05 0.0124363 9.9955E-05 9.9955E-05 9.9955E-05 0.439687 0.0736332 0.0336992 0.0696219 9.9955E-05
0.0401919 0.00211922 9.9937E-05 0.0540916 0.0181032 9.9937E-05 9.9937E-05 0.00551196 9.9937E-05 9.9937E-05 9.9937E-05 0.842188 0.018399 0.0182507 0.000444599 9.9937E-05
9.9901E-05 9.9901E-05 0.00708402 9.9901E-05 0.0131783 9.9901E-05 0.0167647 9.9901E-05 9.9901E-05 9.9901E-05 9.9901E-05 0.889481 0.0723932 9.9901E-05 9.9901E-05 9.9901E-05
0.0781754 0.00274878 0.000893681 0.106719 0.013117 0.276982 0.0394842 9.9964E-05 9.9964E-05 0.0276882 9.9964E-05 0.368037 0.0189168 0.00121086 0.0656277 9.9964E-05
0.0388446 9.991E-05 9.991E-05 9.991E-05 9.991E-05 0.398681 9.991E-05 9.991E-05 9.991E-05 0.474984 9.991E-05 0.0268484 9.991E-05 0.0275058 9.991E-05 0.032138
0.0385734 9.9955E-05 0.0503769 0.142581 0.030855 0.0293671 0.163819 9.9955E-05 9.9955E-05 0.144856 0.0147172 0.26094 9.9955E-05 0.0446771 9.9955E-05 0.0787386
0.0199694 0.00230565 0.00696171 0.0962286 9.9946E-05 0.0175978 0.226503 0.0242401 0.0730948 9.9946E-05 9.9946E-05 0.513726 9.9946E-05 0.0187732 9.9946E-05 9.9946E-05
0.0519773 0.00679077 9.9928E-05 0.0322245 9.9928E-05 0.232163 0.418369 0.0744914 9.9928E-05 9.9928E-05 9.9928E-05 0.157033 9.9928E-05 0.0261521 9.9928E-05 9.9928E-05
9.98649E-05 9.98649E-05 9.98649E-05 9.98649E-05 0.998502 9.98649E-05 9.98649E-05 9.98649E-05 9.98649E-05 9.98649E-05 9.98649E-05 9.98649E-05 9.98649E-05 9.98649E-05 9.98649E-05 9.98649E-05
0.0416725 0.069515 0.0255404 9.9964E-05 0.0250262 0.184977 0.153431 0.0416839 9.9964E-05 0.0289648 9.9964E-05 0.2805 0.0616042 0.0483202 0.0383647 9.9964E-05
0.0334998 0.0281184 9.9937E-05 0.103357 0.0555203 0.171217 0.0867941 9.9937E-05 9.9937E-05 9.9937E-05 0.0581456 0.437061 9.9937E-05 0.0255876 9.9937E-05 9.9937E-05
9.98649E-05 9.98649E-05 9.98649E-05 0.998502 9.98649E-05 9.98649E-05 9.98649E-05 9.98649E-05 9.98649E-05 9.98649E-05 9.98649E-05 9.98649E-05 9.98649E-05 9.98649E-05 9.98649E-05 9.98649E-05
0.0310338 0.0156556 0.00476634 0.122684 0.0355065 0.416926 9.9946E-05 9.9946E-05 0.0474344 9.9946E-05 9.9946E-05 0.278272 0.0433387 0.00378291 9.9946E-05 9.9946E-05
0.00933822 0.0252752 9.9946E-05 0.0766065 0.0234068 0.158577 9.9946E-05 0.0469015 9.9946E-05 9.9946E-05 9.9946E-05 0.609079 0.0205324 0.00560998 9.9946E-05 0.0240733
0.012818 0.0507796 9.9937E-05 9.9937E-05 9.9937E-05 0.223621 0.288492 0.0207585 9.9937E-05 9.9937E-05 9.9937E-05 0.139237 0.186707 0.0323187 0.0445678 9.9937E-05
0.0159771 9.9919E-05 9.9919E-05 9.9919E-05 0.0193312 0.146226 0.156449 9.9919E-05 0.353912 9.9919E-05 0.277484 9.9919E-05 9.9919E-05 0.0297219 9.9919E-05 9.9919E-05
0.0801529 9.9946E-05 9.9946E-05 0.0551575 9.9946E-05 0.202405 0.0915091 9.9946E-05 0.0496485 0.0809257 9.9946E-05 0.193791 0.19718 0.0213972 0.0272326 9.9946E-05
9.98739E-05 9.98739E-05 9.98739E-05 0.98748 0.0111215 9.98739E-05 9.98739E-05 9.98739E-05 9.98739E-05 9.98739E-05 9.98739E-05 9.98739E-05 9.98739E-05 9.98739E-05 9.98739E-05 9.98739E-05
9.9865E-05 9.9865E-05 9.9865E-05 0.998502 9.9865E-05 9.9865E-05 9.9865E-05 9.9865E-05 9.9865E-05 9.9865E-05 9.9865E-05 9.9865E-05 9.9865E-05 9.9865E-05 9.9865E-05 9.9865E-05
0.0296903 0.0279654 9.9946E-05 0.0574822 9.9946E-05 0.064949 9.9946E-05 9.9946E-05 0.075254 0.0443558 0.0226401 0.598923 0.00321928 9.9946E-05 9.9946E-05 0.0749208
9.98739E-05 0.172172 9.98739E-05 9.98739E-05 9.98739E-05 0.82643 9.98739E-05 9.98739E-05 9.98739E-05 9.98739E-05 9.98739E-05 9.98739E-05 9.98739E-05 9.98739E-05 9.98739E-05 9.98739E-05
0.00665957 0.0129527 9.9955E-05 9.9955E-05 0.0931387 0.203249 0.0928115 0.0147102 9.9955E-05 0.120515 0.0468254 0.393018 9.9955E-05 0.0147506 0.000869547 9.9955E-05
9.98921E-05 9.98921E-05 9.98921E-05 9.98921E-05 0.0192932 9.98921E-05 9.98921E-05 9.98921E-05 9.98921E-05 9.98921E-05 9.98921E-05 0.85368 0.0644651 9.98921E-05 9.98921E-05 0.0613632
0.0181312 9.9919E-05 0.040831 0.0173527 9.9919E-05 0.78564 9.9919E-05 0.0216832 9.9919E-05 9.9919E-05 9.9919E-05 9.9919E-05 0.106031 0.00943162 9.9919E-05 9.9919E-05
9.9928E-05 9.9928E-05 0.00373406 9.9928E-05 0.01837 0.788766 0.0195479 0.00830464 9.9928E-05 9.9928E-05 0.0710936 9.9928E-05 9.9928E-05 0.0246585 0.0647255 9.9928E-05
9.991E-05 9.991E-05 9.991E-05 9.991E-05 0.0375854 0.662378 9.991E-05 9.991E-05 9.991E-05 0.088541 0.0545358 0.0664324 9.991E-05 9.991E-05 9.991E-05 0.0895283
0.0260189 0.00786084 0.0026531 0.0574747 0.0265936 0.561059 9.9955E-05 0.0510522 9.9955E-05 0.0127075 0.0712017 0.144161 9.9955E-05 9.9955E-05 0.0387177 9.9955E-05
0.0369511 0.0146266 9.9973E-05 0.034466 0.0228231 0.296661 9.9973E-05 0.0116979 0.0213789 0.210748 0.0141602 0.128698 0.044915 0.0613427 9.9973E-05 0.101231
0.0409672 0.00507594 9.9964E-05 0.0609438 0.0339163 0.219002 0.0426612 0.0488257 9.9964E-05 0.0778211 0.0134039 0.374181 9.9964E-05 0.0379984 9.9964E-05 0.0448038
0.0263192 9.9937E-05 9.9937E-05 0.17273 0.0218398 0.172849 0.0245916 9.9937E-05 9.9937E-05 0.200475 9.9937E-05 0.275085 9.9937E-05 0.0495802 0.0558312 9.9937E-05
0.0666743 0.0123649 9.9937E-05 9.9937E-05 9.9937E-05 0.396101 0.0339057 9.9937E-05 9.9937E-05 0.0172291 9.9937E-05 0.320108 0.0107642 0.0873918 9.9937E-05 0.0547605
9.993E-05 0.0215698 0.0122085 0.0605543 9.993E-05 0.336745 9.993E-05 9.993E-05 9.993E-05 0.0870408 0.0848793 0.347005 9.993E-05 9.993E-05 0.020234 0.0290634
0.0872593 0.0928208 0.0138733 0.0371326 0.0462418 0.0822959 9.9946E-05 9.9946E-05 9.9946E-05 9.9946E-05 0.0791013 0.474317 0.0700488 0.0163093 9.9946E-05 9.9946E-05
9.9874E-05 9.9874E-05 9.9874E-05 9.9874E-05 9.9874E-05 9.9874E-05 9.9874E-05 9.9874E-05 9.9874E-05 9.9874E-05 0.0727588 0.925843 9.9874E-05 9.9874E-05 9.9874E-05 9.9874E-05
9.98648E-05 0.998502 9.98648E-05 9.98648E-05 9.98648E-05 9.98648E-05 9.98648E-05 9.98648E-05 9.98648E-05 9.98648E-05 9.98648E-05 9.98648E-05 9.98648E-05 9.98648E-05 9.98648E-05 9.98648E-05
0.0317194 0.00728122 0.0124695 0.0621905 9.9973E-05 0.46644 0.0691772 0.0298235 0.0470923 0.124975 9.9973E-05 0.0712232 0.00525761 0.0572735 0.0147776 9.9973E-05
9.9955E-05 0.001145 0.00719176 0.0329473 0.0558669 0.35854 9.9955E-05 0.0110169 9.9955E-05 9.9955E-05 0.00586383 0.482537 0.0155402 9.9955E-05 0.0112631 0.0175888
9.9928E-05 0.0180111 9.9928E-05 0.0492684 0.0378381 0.215106 9.9928E-05 0.0162699 9.9928E-05 9.9928E-05 9.9928E-05 0.48679 0.0613909 9.9928E-05 9.9928E-05 0.114526
9.9901E-05 9.9901E-05 9.9901E-05 9.9901E-05 9.9901E-05 0.0316011 9.9901E-05 9.9901E-05 9.9901E-05 9.9901E-05 0.0914035 0.81394 9.9901E-05 0.00407895 9.9901E-05 0.057878
9.991E-05 9.991E-05 9.991E-05 0.0546699 9.991E-05 0.421883 0.0210447 9.991E-05 9.991E-05 0.232227 9.991E-05 0.215681 9.991E-05 0.053495 9.991E-05 9.991E-05
0.0109277 9.9955E-05 0.000595013 0.116528 0.00393447 0.266457 9.9955E-05 0.00374095 0.00730682 0.202539 9.9955E-05 0.281144 9.9955E-05 0.019811 0.0865168 9.9955E-05
9.98649E-05 9.98649E-05 9.98649E-05 9.98649E-05 9.98649E-05 9.98649E-05 9.98649E-05 9.98649E-05 9.98649E-05 9.98649E-05 9.98649E-05 9.98649E-05 9.98649E-05 0.998502 9.98649E-05 9.98649E-05
9.98648E-05 0.998502 9.98648E-05 9.98648E-05 9.98648E-05 9.98648E-05 9.98648E-05 9.98648E-05 9.98648E-05 9.98648E-05 9.98648E-05 9.98648E-05 9.98648E-05 9.98648E-05 9.98648E-05 9.98648E-05
9.98739E-05 9.98739E-05 9.98739E-05 9.98739E-05 0.0026283 9.98739E-05 9.98739E-05 9.98739E-05 9.98739E-05 9.98739E-05 9.98739E-05 9.98739E-05 9.98739E-05 0.995973 9.98739E-05 9.98739E-05
0.030567 9.9928E-05 9.9928E-05 0.0303861 0.0406145 0.782361 0.0281127 9.9928E-05 9.9928E-05 9.9928E-05 0.0270544 0.0493188 9.9928E-05 0.0107857 9.9928E-05 9.9928E-05
0.0153094 0.0159254 0.0354182 9.9928E-05 0.017195 0.630308 9.9928E-05 9.9928E-05 9.9928E-05 9.9928E-05 0.0987034 0.125689 9.9928E-05 0.0606526 9.9928E-05 9.9928E-05
0.0236778 0.0291896 0.00532296 0.0381997 0.0170776 0.567349 9.9955E-05 9.9955E-05 0.0883696 0.035542 9.9955E-05 0.144712 0.0252654 0.0247948 9.9955E-05 9.9955E-05
9.9919E-05 0.0108255 0.0246039 9.9919E-05 9.9919E-05 0.266946 0.036596 0.0624007 9.9919E-05 9.9919E-05 9.9919E-05 0.546268 9.9919E-05 0.051461 9.9919E-05 9.9919E-05
0.00049204 0.0135567 0.0125707 9.9928E-05 9.9928E-05 9.9928E-05 0.109302 9.9928E-05 0.00287951 9.9928E-05 9.9928E-05 0.835414 9.9928E-05 0.00439295 0.0205922 9.9928E-05
9.98739E-05 0.0825696 9.98739E-05 9.98739E-05 9.98739E-05 0.916032 9.98739E-05 9.98739E-05 9.98739E-05 9.98739E-05 9.98739E-05 9.98739E-05 9.98739E-05 9.98739E-05 9.98739E-05 9.98739E-05
0.013296 0.033288 9.9955E-05 0.039436 0.00162211 0.471604 0.0419528 0.0675912 9.9955E-05 9.9955E-05 0.0604259 0.190566 9.9955E-05 0.0351021 0.0446167 9.9955E-05
0.0532383 9.991E-05 0.0111707 0.0107597 9.991E-05 0.0901625 9.991E-05 9.991E-05 9.991E-05 0.818683 0.0149864 9.991E-05 9.991E-05 9.991E-05 9.991E-05 9.991E-05
9.9892E-05 0.0118071 9.9892E-05 0.0826886 0.0270697 9.9892E-05 9.9892E-05 9.9892E-05 9.9892E-05 0.877236 9.9892E-05 9.9892E-05 9.9892E-05 9.9892E-05 9.9892E-05 9.9892E-05
9.9919E-05 0.0225561 0.0258845 0.0521972 9.9919E-05 0.0108779 9.9919E-05 9.9919E-05 9.9919E-05 0.852314 0.00580877 9.9919E-05 9.9919E-05 0.0294624 9.9919E-05 9.9919E-05
0.0196899 9.9919E-05 9.9919E-05 9.9919E-05 0.00957044 0.11199 9.9919E-05 9.9919E-05 9.9919E-05 0.822557 9.9919E-05 9.9919E-05 0.028006 0.00612538 9.9919E-05 0.00116155
9.9928E-05 0.0276351 0.00119846 9.9928E-05 0.0123592 9.9928E-05 9.9928E-05 9.9928E-05 9.9928E-05 0.80025 9.9928E-05 0.0534452 0.0540646 0.0344493 9.9928E-05 0.0157986
0.0337719 0.00358948 9.9901E-05 9.9901E-05 9.9901E-05 9.9901E-05 9.9901E-05 9.9901E-05 0.0457748 0.84219 9.9901E-05 9.9901E-05 9.9901E-05 9.9901E-05 0.0735748 9.9901E-05
9.9874E-05 9.9874E-05 9.9874E-05 9.9874E-05 9.9874E-05 9.9874E-05 9.9874E-05 9.9874E-05 0.0269523 0.971649 9.9874E-05 9.9874E-05 9.9874E-05 9.9874E-05 9.9874E-05 9.9874E-05
9.9901E-05 0.0141336 9.9901E-05 0.0442575 9.9901E-05 9.9901E-05 9.9901E-05 0.0375647 9.9901E-05 0.846467 9.9901E-05 9.9901E-05 9.9901E-05 9.9901E-05 0.0564789 9.9901E-05
0.00590374 0.00461419 0.0041378 9.9937E-05 9.9937E-05 9.9937E-05 9.9937E-05 9.9937E-05 0.0183376 0.754026 9.9937E-05 9.9937E-05 0.105829 0.0236447 0.0110556 0.0717508
0.0270428 0.0215943 0.0305758 0.0480639 0.00809272 0.0604288 0.064391 0.0126876 9.9937E-05 0.726424 9.9937E-05 9.9937E-05 9.9937E-05 9.9937E-05 9.9937E-05 9.9937E-05
0.0166265 0.0112078 9.9937E-05 9.9937E-05 9.9937E-05 9.9937E-05 0.0160303 0.00478051 0.00383733 0.705989 9.9937E-05 0.117136 9.9937E-05 0.00235798 0.121335 9.9937E-05
9.9892E-05 9.9892E-05 9.9892E-05 9.9892E-05 0.00310567 9.9892E-05 9.9892E-05 9.9892E-05 9.9892E-05 9.9892E-05 9.9892E-05 9.9892E-05 0.95455 0.0281682 0.0129775 9.9892E-05
0.00569452 0.0199165 0.0113366 9.991E-05 0.00705059 9.991E-05 9.991E-05 9.991E-05 9.991E-05 0.00318204 9.991E-05 9.991E-05 0.951821 9.991E-05 9.991E-05 9.991E-05
0.010334 0.00219453 0.0103688 0.0559503 9.9919E-05 9.9919E-05 9.9919E-05 9.9919E-05 9.9919E-05 9.9919E-05 0.0795189 9.9919E-05 0.830385 0.0103491 9.9919E-05 9.9919E-05
9.991E-05 9.991E-05 0.00182305 0.0227681 9.991E-05 9.991E-05 0.142107 0.0217652 0.142161 9.991E-05 0.668377 9.991E-05 9.991E-05 9.991E-05 9.991E-05 9.991E-05
9.9892E-05 9.9892E-05 0.011623 9.9892E-05 0.0447446 0.0606058 9.9892E-05 9.9892E-05 9.9892E-05 9.9892E-05 9.9892E-05 9.9892E-05 0.881828 9.9892E-05 9.9892E-05 9.9892E-05
9.9955E-05 9.9955E-05 0.0147682 9.9955E-05 0.00601851 0.0291632 9.9955E-05 0.0179376 0.256062 0.0712718 0.442835 0.0151466 0.13801 0.00314558 9.9955E-05 0.00514217
9.991E-05 0.0476364 9.991E-05 9.991E-05 0.00714775 9.991E-05 0.00381631 9.991E-05 9.991E-05 9.991E-05 0.827142 9.991E-05 9.991E-05 9.991E-05 0.0555989 0.0576597
9.991E-05 9.991E-05 0.0236797 0.0305558 9.991E-05 9.991E-05 9.991E-05 9.991E-05 0.0484833 9.991E-05 0.459817 0.0529452 0.38352 9.991E-05 9.991E-05 9.991E-05
9.99369E-05 9.99369E-05 0.0096935 0.0311632 9.99369E-05 0.143638 9.99369E-05 0.0463071 9.99369E-05 9.99369E-05 0.428084 9.99369E-05 0.209964 0.0601423 0.00429715 0.0660113
9.98921E-05 0.0127359 9.98921E-05 0.00297814 9.98921E-05 9.98921E-05 0.038354 9.98921E-05 9.98921E-05 9.98921E-05 9.98921E-05 9.98921E-05 0.944733 9.98921E-05 9.98921E-05 9.98921E-05
0.019873 9.9919E-05 0.0109734 9.9919E-05 0.0119377 9.9919E-05 9.9919E-05 9.9919E-05 9.9919E-05 9.9919E-05 0.0694768 9.9919E-05 0.852473 0.0201608 9.9919E-05 0.0142057
0.00468474 9.991E-05 9.991E-05 9.991E-05 9.991E-05 0.00520773 0.00214553 0.00828552 0.157043 9.991E-05 9.991E-05 9.991E-05 0.821634 9.991E-05 9.991E-05 9.991E-05
0.0141798 9.9955E-05 0.00950974 0.00648024 9.9955E-05 0.0121424 9.9955E-05 9.9955E-05 0.0683105 0.0474661 9.9955E-05 0.0342581 0.737669 0.0369585 0.00632682 0.0261995
9.9919E-05 9.9919E-05 9.9919E-05 9.9919E-05 9.9919E-05 0.22723 9.9919E-05 9.9919E-05 0.119101 0.00143981 0.155638 9.9919E-05 0.349743 0.0149512 9.9919E-05 0.130999
0.0322852 9.9919E-05 9.9919E-05 9.9919E-05 9.9919E-05 0.111902 9.9919E-05 0.0102923 0.803092 9.9919E-05 0.00944676 9.9919E-05 9.9919E-05 0.00601394 0.0260687 9.9919E-05
0.0102299 9.9901E-05 9.9901E-05 9.9901E-05 9.9901E-05 0.127984 9.9901E-05 0.0133146 0.681463 9.9901E-05 0.165909 9.9901E-05 9.9901E-05 9.9901E-05 9.9901E-05 9.9901E-05
0.0155283 0.00144738 9.9892E-05 9.9892E-05 9.9892E-05 9.9892E-05 9.9892E-05 9.9892E-05 0.979629 9.9892E-05 9.9892E-05 9.9892E-05 9.9892E-05 0.00219657 9.9892E-05 9.9892E-05
0.00249839 9.9892E-05 9.9892E-05 9.9892E-05 9.9892E-05 9.9892E-05 9.9892E-05 9.9892E-05 0.883258 9.9892E-05 0.0265846 0.0864605 9.9892E-05 9.9892E-05 9.9892E-05 9.9892E-05
9.9865E-05 9.9865E-05 9.9865E-05 9.9865E-05 9.9865E-05 9.9865E-05 9.9865E-05 9.9865E-05 0.998502 9.9865E-05 9.9865E-05 9.9865E-05 9.9865E-05 9.9865E-05 9.9865E-05 9.9865E-05
9.99189E-05 9.99189E-05 0.0255254 9.99189E-05 0.0254134 0.0902372 9.99189E-05 0.00225582 0.650573 9.99189E-05 0.17623 9.99189E-05 9.99189E-05 9.99189E-05 9.99189E-05 0.0288658
9.99009E-05 9.99009E-05 9.99009E-05 9.99009E-05 0.0306722 0.151058 9.99009E-05 9.99009E-05 0.756322 9.99009E-05 9.99009E-05 9.99009E-05 9.99009E-05 9.99009E-05 0.0307829 0.0300652
9.9901E-05 0.000497874 9.9901E-05 0.042489 9.9901E-05 9.9901E-05 9.9901E-05 9.9901E-05 0.841346 0.0695743 9.9901E-05 9.9901E-05 9.9901E-05 0.044994 9.9901E-05 9.9901E-05
9.9919E-05 0.0308315 9.9919E-05 9.9919E-05 0.0140038 0.0226681 9.9919E-05 9.9919E-05 0.0200265 0.0149318 0.862116 9.9919E-05 9.9919E-05 0.0345234 9.9919E-05 9.9919E-05
9.9928E-05 9.9928E-05 9.9928E-05 9.9928E-05 0.00433895 9.9928E-05 0.0121216 0.0197533 0.0380909 0.00365973 0.842001 0.0731345 9.9928E-05 0.00610023 9.9928E-05 9.9928E-05
0.0139247 0.0549301 9.9946E-05 0.000586569 0.0121704 0.0322631 9.9946E-05 0.0237536 0.0840771 9.9946E-05 0.601224 9.9946E-05 9.9946E-05 9.9946E-05 0.174146 0.00232465
9.9919E-05 9.9919E-05 0.0183925 9.9919E-05 9.9919E-05 0.0295177 9.9919E-05 9.9919E-05 0.0575881 9.9919E-05 0.662253 0.100415 9.9919E-05 9.9919E-05 0.0455269 0.0854071
0.0136622 9.99189E-05 0.0272507 9.99189E-05 9.99189E-05 0.0458878 9.99189E-05 9.99189E-05 9.99189E-05 9.99189E-05 0.523148 9.99189E-05 0.278568 0.0212195 9.99189E-05 0.0893639
0.0488814 9.991E-05 9.991E-05 9.991E-05 0.00916213 0.032281 9.991E-05 0.0278607 9.991E-05 9.991E-05 0.772364 9.991E-05 9.991E-05 9.991E-05 9.991E-05 0.108452
9.9937E-05 9.9937E-05 0.00352368 0.0313642 9.9937E-05 0.108795 9.9937E-05 0.0133885 0.292158 0.0572685 0.368368 9.9937E-05 0.11889 0.00554389 9.9937E-05 9.9937E-05
0.00965957 0.0335359 9.98921E-05 9.98921E-05 9.98921E-05 9.98921E-05 0.0870244 9.98921E-05 9.98921E-05 9.98921E-05 0.868581 9.98921E-05 9.98921E-05 9.98921E-05 9.98921E-05 9.98921E-05
0.0301343 0.0282035 9.9937E-05 9.9937E-05 0.0103814 9.9937E-05 0.0692009 9.9937E-05 0.0234463 9.9937E-05 0.754971 9.9937E-05 0.0473613 0.00574368 9.9937E-05 0.0298581
9.9919E-05 9.9919E-05 9.9919E-05 9.9919E-05 9.9919E-05 0.0802877 0.107874 0.0220639 9.9919E-05 9.9919E-05 0.717293 9.9919E-05 0.0474013 0.00165205 0.0225286 9.9919E-05
0.00418227 9.9928E-05 0.0027851 0.057328 9.9928E-05 9.9928E-05 0.0913201 9.9928E-05 0.089228 0.00659094 0.698453 9.9928E-05 9.9928E-05 9.9928E-05 0.0493128 9.9928E-05
0.0046891 0.020872 9.9928E-05 0.0465256 9.9928E-05 9.9928E-05 9.9928E-05 9.9928E-05 0.172379 0.0113121 0.710979 9.9928E-05 9.9928E-05 0.0110322 0.0214114 9.9928E-05
9.991E-05 9.991E-05 0.0202814 9.991E-05 0.00770254 0.00594972 9.991E-05 0.0131342 9.991E-05 9.991E-05 0.948815 9.991E-05 9.991E-05 0.0031184 9.991E-05 9.991E-05
0.0101337 9.9901E-05 0.00923876 9.9901E-05 0.0169835 9.9901E-05 9.9901E-05 9.9901E-05 9.9901E-05 9.9901E-05 0.0956213 9.9901E-05 9.9901E-05 9.9901E-05 9.9901E-05 0.866924
9.9892E-05 0.00444247 9.9892E-05 9.9892E-05 9.9892E-05 0.145318 9.9892E-05 9.9892E-05 9.9892E-05 9.9892E-05 9.9892E-05 9.9892E-05 0.0348597 9.9892E-05 9.9892E-05 0.814181
9.9892E-05 9.9892E-05 9.9892E-05 0.0077812 9.9892E-05 0.0572973 9.9892E-05 0.00513005 9.9892E-05 9.9892E-05 9.9892E-05 9.9892E-05 9.9892E-05 9.9892E-05 9.9892E-05 0.928593
0.00389038 0.00221986 9.99099E-05 9.99099E-05 9.99099E-05 0.0751919 9.99099E-05 0.0208487 9.99099E-05 9.99099E-05 0.12278 9.99099E-05 9.99099E-05 9.99099E-05 9.99099E-05 0.77407
0.00518212 9.9919E-05 9.9919E-05 0.0499625 0.00396934 9.9919E-05 9.9919E-05 0.0256741 9.9919E-05 9.9919E-05 9.9919E-05 0.0262067 9.9919E-05 0.0107515 9.9919E-05 0.877354
9.9901E-05 9.9901E-05 9.9901E-05 9.9901E-05 9.9901E-05 9.9901E-05 0.0204867 9.9901E-05 9.9901E-05 9.9901E-05 9.9901E-05 0.00165992 0.1089 0.0156261 9.9901E-05 0.852228
9.98741E-05 9.98741E-05 9.98741E-05 9.98741E-05 9.98741E-05 9.98741E-05 9.98741E-05 9.98741E-05 9.98741E-05 0.00272445 9.98741E-05 9.98741E-05 9.98741E-05 9.98741E-05 9.98741E-05 0.995877
9.9928E-05 9.9928E-05 0.00165336 0.0159081 9.9928E-05 9.9928E-05 0.0509862 0.0408056 9.9928E-05 0.0502503 9.9928E-05 9.9928E-05 9.9928E-05 0.00315109 0.146421 0.690025
