9.9937E-05 0.894114 9.9937E-05 9.9937E-05 9.9937E-05 9.9937E-05 0.00536036 9.9937E-05 0.0113255 0.0366969 9.9937E-05 0.0518041
9.9946E-05 0.680229 9.9946E-05 0.0287344 9.9946E-05 9.9946E-05 9.9946E-05 0.0524206 0.00308847 0.0595055 9.9946E-05 0.175423
0.0124035 0.764866 9.9946E-05 9.9946E-05 0.04184 0.0370493 9.9946E-05 9.9946E-05 0.0317836 9.9946E-05 9.9946E-05 0.111458
0.00635293 0.717384 9.9946E-05 9.9946E-05 9.9946E-05 9.9946E-05 9.9946E-05 0.0138509 0.048226 0.180761 9.9946E-05 0.0328256
0.00255929 0.769074 9.9973E-05 0.00536637 9.9973E-05 0.0462442 9.9973E-05 0.0364592 0.00846441 0.0604178 0.0692062 0.001909
9.9946E-05 0.856019 0.00324006 0.0770556 9.9946E-05 9.9946E-05 0.00527069 0.0306449 9.9946E-05 0.0271705 9.9946E-05 9.9946E-05
0.00122634 0.867347 9.9928E-05 9.9928E-05 9.9928E-05 0.0665448 9.9928E-05 0.064082 9.9928E-05 9.9928E-05 9.9928E-05 9.9928E-05
9.99691E-05 0.791808 0.0115467 0.0464267 9.99691E-05 0.0860756 0.0215141 0.0313602 0.000535778 0.010333 9.99691E-05 9.99691E-05
9.995E-05 0.76982 9.995E-05 0.0045512 9.995E-05 0.0782135 9.995E-05 0.0429681 0.0166025 0.0851598 0.00218505 9.995E-05
0.0100651 0.7775 9.9928E-05 9.9928E-05 9.9928E-05 0.0388263 9.9928E-05 9.9928E-05 9.9928E-05 0.172809 9.9928E-05 9.9928E-05
9.9937E-05 0.741004 9.9937E-05 9.9937E-05 9.9937E-05 9.9937E-05 9.9937E-05 0.0607075 0.0162407 0.0855159 9.9937E-05 0.0958321
9.9937E-05 0.719863 9.9937E-05 9.9937E-05 0.0959867 9.9937E-05 9.9937E-05 9.9937E-05 0.0154112 0.0932017 9.9937E-05 0.0748383
9.9937E-05 0.743729 9.9937E-05 0.00960339 9.9937E-05 0.145888 9.9937E-05 9.9937E-05 9.9937E-05 0.0798556 0.0202243 9.9937E-05
0.0227544 0.666218 0.0170643 0.0334226 0.0606212 9.9973E-05 0.0317951 0.0908875 0.00882615 9.9973E-05 9.9973E-05 0.0681107
9.995E-05 0.777125 9.995E-05 9.995E-05 0.0712511 9.995E-05 9.995E-05 0.0252924 0.0175246 0.00936085 0.0819095 0.0170373
9.993E-05 0.855499 9.993E-05 0.023526 9.993E-05 0.0391207 9.993E-05 0.0810543 9.993E-05 9.993E-05 9.993E-05 9.993E-05
9.9919E-05 0.930907 0.0196462 0.0485477 9.9919E-05 9.9919E-05 9.9919E-05 9.9919E-05 9.9919E-05 9.9919E-05 9.9919E-05 9.9919E-05
9.9919E-05 0.912135 9.9919E-05 9.9919E-05 9.9919E-05 9.9919E-05 0.0681229 9.9919E-05 9.9919E-05 9.9919E-05 0.0188428 9.9919E-05
0.00417453 0.926458 0.000447504 9.9928E-05 9.9928E-05 9.9928E-05 0.0681201 9.9928E-05 9.9928E-05 9.9928E-05 9.9928E-05 9.9928E-05
9.9937E-05 0.865517 0.0197008 9.9937E-05 0.0166556 9.9937E-05 0.0402734 9.9937E-05 9.9937E-05 9.9937E-05 0.0571532 9.9937E-05
0.998901 9.99009E-05 9.99009E-05 9.99009E-05 9.99009E-05 9.99009E-05 9.99009E-05 9.99009E-05 9.99009E-05 9.99009E-05 9.99009E-05 9.99009E-05
0.0105696 9.9937E-05 9.9937E-05 9.9937E-05 0.741446 9.9937E-05 9.9937E-05 9.9937E-05 0.0104198 0.173617 9.9937E-05 0.0632482
0.0129455 0.00651933 0.0218724 9.9946E-05 0.730989 9.9946E-05 9.9946E-05 9.9946E-05 9.9946E-05 0.189108 0.0379664 9.9946E-05
9.9928E-05 9.9928E-05 0.012073 9.9928E-05 0.864222 9.9928E-05 0.0328395 9.9928E-05 9.9928E-05 0.0900665 9.9928E-05 9.9928E-05
0.0091548 9.99101E-05 9.99101E-05 9.99101E-05 0.989846 9.99101E-05 9.99101E-05 9.99101E-05 9.99101E-05 9.99101E-05 9.99101E-05 9.99101E-05
9.9946E-05 0.000583292 0.00721623 0.0159796 0.941153 0.0246821 9.9946E-05 9.9946E-05 0.00978564 9.9946E-05 9.9946E-05 9.9946E-05
9.9937E-05 9.9937E-05 9.9937E-05 9.9937E-05 0.769261 9.9937E-05 0.0100301 9.9937E-05 0.00632331 0.119644 0.0940414 9.9937E-05
0.998901 9.99009E-05 9.99009E-05 9.99009E-05 9.99009E-05 9.99009E-05 9.99009E-05 9.99009E-05 9.99009E-05 9.99009E-05 9.99009E-05 9.99009E-05
0.0375734 9.9937E-05 0.0150991 9.9937E-05 0.814513 0.104589 9.9937E-05 0.0275266 9.9937E-05 9.9937E-05 9.9937E-05 9.9937E-05
9.9946E-05 9.9946E-05 0.0089236 9.9946E-05 0.765774 0.0570492 0.0442819 9.9946E-05 9.9946E-05 0.0309793 0.0923926 9.9946E-05
0.0256991 9.9955E-05 9.9955E-05 9.9955E-05 0.74499 0.039465 9.9955E-05 0.0486286 0.0115894 0.043515 9.9955E-05 0.085613
0.0223305 9.9973E-05 0.00780572 0.0341657 0.787902 0.0142903 0.0982537 0.0294454 0.00175985 9.9973E-05 0.00374655 9.9973E-05
0.0389276 0.0165625 9.9955E-05 0.0181856 0.692277 0.103517 0.0900725 0.0399573 9.9955E-05 9.9955E-05 9.9955E-05 9.9955E-05
0.0567877 9.9964E-05 0.0155729 0.0388354 0.673136 0.00484682 9.9964E-05 0.0721197 0.0685728 9.9964E-05 9.9964E-05 0.0697284
0.00303667 0.0203025 0.0182721 0.016524 0.650222 0.0595869 0.0141869 0.00250657 0.0186749 9.9982E-05 9.9982E-05 0.196487
0.00072986 9.99459E-05 9.99459E-05 9.99459E-05 0.451292 9.99459E-05 9.99459E-05 0.0961279 0.0309628 0.0323086 9.99459E-05 0.38798
0.00662785 9.9937E-05 9.9937E-05 9.9937E-05 0.699538 9.9937E-05 0.154156 9.9937E-05 0.04609 9.9937E-05 0.0928891 9.9937E-05
0.0302236 9.9955E-05 9.9955E-05 9.9955E-05 0.00147021 0.0138579 0.712507 9.9955E-05 9.9955E-05 0.115919 0.0366284 0.0888941
9.9928E-05 9.9928E-05 9.9928E-05 9.9928E-05 9.9928E-05 0.0547246 0.699657 9.9928E-05 9.9928E-05 9.9928E-05 0.0244367 0.220383
9.9973E-05 0.0092894 9.9973E-05 0.0547926 0.0375534 0.125068 0.695603 9.9973E-05 0.0268994 0.00747699 0.0225869 0.0204305
9.994E-05 9.994E-05 9.994E-05 9.994E-05 0.0356898 9.994E-05 0.821236 0.0255522 0.000898985 9.994E-05 0.0998347 0.0161883
0.0355996 0.0258564 0.0269569 9.9964E-05 0.00332141 9.9964E-05 0.70988 9.9964E-05 0.0384839 0.0712544 9.9964E-05 0.0882473
0.019786 9.9982E-05 0.00228695 0.0126766 9.9982E-05 0.0192881 0.809294 0.000324626 0.0320425 0.0685606 0.0312479 0.00429278
0.00343645 0.0242257 0.00346423 0.0198644 9.9982E-05 0.029457 0.54307 0.154327 0.0206538 0.0467142 9.9982E-05 0.154587
0.0174161 9.9973E-05 0.0128788 9.9973E-05 0.03653 0.0137513 0.736812 0.00590244 9.9973E-05 0.0286903 0.0986101 0.0491095
9.9946E-05 0.0357738 0.0274091 9.9946E-05 0.0502848 0.145969 0.70858 0.0313837 9.9946E-05 9.9946E-05 9.9946E-05 9.9946E-05
9.9937E-05 9.9937E-05 0.0349121 0.055761 0.0185447 9.9937E-05 0.857681 9.9937E-05 9.9937E-05 9.9937E-05 0.032402 9.9937E-05
0.0105682 9.9964E-05 0.0157963 0.0131695 9.9964E-05 0.0259468 0.749309 9.9964E-05 0.0338261 0.135679 9.9964E-05 0.0153054
0.0312231 0.0256618 9.9946E-05 0.0198157 9.9946E-05 9.9946E-05 0.905963 9.9946E-05 0.00840161 0.00833489 9.9946E-05 9.9946E-05
0.022357 9.9955E-05 9.9955E-05 0.0038657 9.9955E-05 9.9955E-05 0.400956 0.0192943 0.00697595 0.445071 0.10098 9.9955E-05
0.000320563 9.9946E-05 9.9946E-05 0.0216913 9.9946E-05 0.0593469 0.845608 9.9946E-05 0.0165057 9.9946E-05 9.9946E-05 0.0559282
0.00841359 9.9928E-05 9.9928E-05 9.9928E-05 0.0531011 9.9928E-05 0.913017 9.9928E-05 0.0246689 9.9928E-05 9.9928E-05 9.9928E-05
0.00329699 9.9946E-05 0.0719339 0.0159061 9.9946E-05 0.100032 0.78441 9.9946E-05 9.9946E-05 0.023822 9.9946E-05 9.9946E-05
0.00492685 0.0503086 0.000991433 9.9955E-05 9.9955E-05 9.9955E-05 0.713963 9.9955E-05 0.00335179 0.0726254 9.9955E-05 0.153333
0.0143718 0.00493759 0.0329694 0.016921 9.9964E-05 9.9964E-05 0.770626 0.0728038 0.000451636 9.9964E-05 0.0865188 9.9964E-05
0.0103017 0.0172202 9.9973E-05 0.002135 9.9973E-05 0.155219 0.632982 0.0255441 0.0233818 0.0931329 9.9973E-05 0.0397838
0.0160946 0.0255543 0.0526088 9.9964E-05 0.0133256 0.0480658 0.819574 0.0217983 0.00257865 9.9964E-05 9.9964E-05 9.9964E-05
9.9955E-05 9.9955E-05 9.9955E-05 9.9955E-05 0.0378415 0.0269819 0.155959 0.034622 0.0198595 9.9955E-05 0.237827 0.48641
9.99008E-05 9.99008E-05 9.99008E-05 9.99008E-05 9.99008E-05 9.99008E-05 9.99008E-05 9.99008E-05 0.998901 9.99008E-05 9.99008E-05 9.99008E-05
0.0122192 9.9964E-05 0.030542 0.0285457 0.00743861 9.9964E-05 9.9964E-05 9.9964E-05 0.00243234 0.0663296 0.338597 0.513496
9.997E-05 0.00129941 0.0398626 0.0311013 9.997E-05 0.106504 0.0977913 9.997E-05 0.0193333 0.00124981 0.226368 0.476189
9.9928E-05 9.9928E-05 9.9928E-05 9.9928E-05 9.9928E-05 0.135326 9.9928E-05 9.9928E-05 0.0524067 9.9928E-05 0.638364 0.173103
9.9937E-05 9.9937E-05 0.0120543 0.022048 9.9937E-05 9.9937E-05 9.9937E-05 9.9937E-05 9.9937E-05 0.123927 0.748145 0.093126
9.9919E-05 9.9919E-05 9.9919E-05 0.91826 0.0538515 9.9919E-05 9.9919E-05 9.9919E-05 9.9919E-05 9.9919E-05 9.9919E-05 0.0269895
9.99008E-05 9.99008E-05 9.99008E-05 9.99008E-05 9.99008E-05 9.99008E-05 9.99008E-05 9.99008E-05 0.998901 9.99008E-05 9.99008E-05 9.99008E-05
9.9964E-05 0.0350077 0.00215497 0.0710706 9.9964E-05 0.105467 9.9964E-05 9.9964E-05 0.00955048 0.120252 0.186922 0.469176
0.00993773 0.0393344 0.0270663 0.0785578 0.116654 9.9955E-05 9.9955E-05 0.0515999 9.9955E-05 9.9955E-05 0.67635 9.9955E-05
9.9955E-05 0.0134002 0.0320919 0.0638992 0.0169618 9.9955E-05 9.9955E-05 9.9955E-05 0.0552697 0.090844 0.727034 9.9955E-05
0.046762 9.9955E-05 0.0372556 0.0402118 0.0434647 9.9955E-05 9.9955E-05 9.9955E-05 0.0449005 9.9955E-05 0.707966 0.0789398
0.0183946 0.0265267 0.0347824 0.0441949 0.0364907 9.9973E-05 9.9973E-05 0.00672526 0.101078 9.9973E-05 0.562699 0.168808
0.000737739 0.0272791 0.0199605 0.0108157 0.0149413 0.0351567 0.010202 9.9973E-05 0.042723 9.9973E-05 0.837884 9.9973E-05
0.00255663 9.9955E-05 0.00694348 0.0631793 9.9955E-05 0.121202 0.0381928 9.9955E-05 0.029798 9.9955E-05 0.737628 9.9955E-05
0.00815433 9.9973E-05 0.0102845 0.0138234 0.0334832 0.0573727 0.000399836 9.9973E-05 0.0965806 9.9973E-05 0.510261 0.26934
9.9928E-05 9.9928E-05 9.9928E-05 0.00264108 9.9928E-05 0.393625 9.9928E-05 9.9928E-05 0.036804 9.9928E-05 9.9928E-05 0.56613
0.0463227 9.9955E-05 9.9955E-05 0.0999644 9.9955E-05 0.254669 0.259228 9.9955E-05 0.0134344 9.9955E-05 0.301646 0.024236
9.9964E-05 0.0303309 0.0156967 0.0375089 0.0163629 9.9964E-05 0.261647 9.9964E-05 0.0162287 9.9964E-05 0.562611 0.0592142
9.996E-05 0.0751268 0.00654962 0.0358556 9.996E-05 9.996E-05 0.390512 9.996E-05 0.0717464 0.0380833 0.229228 0.152498
9.9937E-05 9.9937E-05 0.0159225 0.881647 0.0145 9.9937E-05 9.9937E-05 9.9937E-05 0.035401 9.9937E-05 0.0518304 9.9937E-05
0.0301723 0.0455233 0.0655579 0.0772482 9.997E-05 0.121339 0.0120147 9.997E-05 0.0490042 0.240722 0.358118 9.997E-05
9.9964E-05 9.9964E-05 0.0312245 0.11701 9.9964E-05 0.00380658 0.0925615 9.9964E-05 0.0410768 0.027827 0.526046 0.160047
9.9946E-05 0.0298875 0.0208284 0.0130453 0.0423323 9.9946E-05 0.0765597 9.9946E-05 9.9946E-05 9.9946E-05 0.816747 9.9946E-05
0.00360094 0.0123181 0.0349132 9.9973E-05 0.0107055 9.9973E-05 0.00420623 0.0311128 0.048436 9.9973E-05 0.465992 0.388415
9.9955E-05 0.0529591 0.0277372 0.0641471 9.9955E-05 9.9955E-05 0.0276036 9.9955E-05 0.0048566 9.9955E-05 0.597057 0.225139
0.00612942 0.0157061 0.0625732 0.0357526 0.0321404 9.9982E-05 0.25509 0.179597 0.00379859 9.9982E-05 0.112138 0.296874
9.9937E-05 9.9937E-05 9.9937E-05 0.0329737 9.9937E-05 9.9937E-05 0.202803 0.524922 0.01251 9.9937E-05 9.9937E-05 0.226091
9.9955E-05 9.9955E-05 9.9955E-05 9.9955E-05 0.0999541 0.0151049 0.149545 0.10329 0.0591793 9.9955E-05 0.238479 0.333947
9.9955E-05 0.0235021 0.0105775 0.00333408 9.9955E-05 9.9955E-05 0.00413403 0.0736132 9.9955E-05 0.0136023 0.870737 9.9955E-05
0.00520214 9.9928E-05 9.9928E-05 9.9928E-05 9.9928E-05 9.9928E-05 0.0775069 0.133492 9.9928E-05 9.9928E-05 0.782999 9.9928E-05
9.9955E-05 9.9955E-05 0.044507 9.9955E-05 9.9955E-05 0.0636952 9.9955E-05 0.0471548 0.0344875 0.107682 0.660366 0.0416083
9.991E-05 9.991E-05 0.183698 9.991E-05 9.991E-05 9.991E-05 9.991E-05 9.991E-05 9.991E-05 9.991E-05 9.991E-05 0.815303
0.00540261 9.9964E-05 0.024185 0.136699 9.9964E-05 0.0783861 0.173532 9.9964E-05 0.00630895 9.9964E-05 0.288892 0.286194
0.00660841 9.9964E-05 0.00227737 0.076742 9.9964E-05 9.9964E-05 0.0825815 0.0273702 0.00764383 9.9964E-05 0.633084 0.163293
0.0269902 0.0346512 9.9955E-05 9.9955E-05 0.00355171 9.9955E-05 9.9955E-05 0.0848142 0.0231057 9.9955E-05 0.00426968 0.822118
9.9937E-05 0.0066834 9.9937E-05 0.0352571 0.120304 9.9937E-05 9.9937E-05 9.9937E-05 9.9937E-05 0.043681 9.9937E-05 0.793375
9.9946E-05 9.9946E-05 0.000147654 0.0409527 9.9946E-05 9.9946E-05 9.9946E-05 0.0450169 0.00227473 9.9946E-05 0.085026 0.825982
0.021712 0.0406797 9.9964E-05 9.9964E-05 9.9964E-05 0.0613308 9.9964E-05 0.03339 0.0615449 0.050311 0.176795 0.553836
0.000997502 0.0240972 0.0137828 0.0854049 9.9982E-05 0.173674 9.9982E-05 0.0223762 0.0124677 0.158043 0.0814857 0.427471
9.9964E-05 0.0343432 0.0188367 0.057408 9.9964E-05 0.101985 0.10778 9.9964E-05 0.046702 9.9964E-05 0.408701 0.223845
9.997E-05 0.0164709 0.00633903 0.0536626 0.0328514 0.130301 0.0821356 9.997E-05 0.017271 9.997E-05 0.520942 0.139727
9.9964E-05 9.9964E-05 0.0371128 0.0792549 9.9964E-05 0.0481757 0.00186327 9.9964E-05 0.0461133 0.110377 0.414112 0.262592
0.0181484 0.00122188 0.0017409 0.00877264 0.0470552 9.9982E-05 9.9982E-05 0.00593638 0.000886926 0.0632599 0.455429 0.397348
0.0298607 0.0298029 0.0840966 0.105483 9.9982E-05 0.0039153 0.00241242 0.0831297 0.0892381 9.9982E-05 0.409847 0.162014
0.00323175 9.9946E-05 9.9946E-05 9.9946E-05 0.037431 9.9946E-05 9.9946E-05 0.00666686 9.9946E-05 0.0294117 0.872038 0.0506208
9.99008E-05 9.99008E-05 0.998901 9.99008E-05 9.99008E-05 9.99008E-05 9.99008E-05 9.99008E-05 9.99008E-05 9.99008E-05 9.99008E-05 9.99008E-05
0.0188265 0.0396894 0.0280566 0.0441303 9.997E-05 0.0798025 0.120814 9.997E-05 0.05463 9.997E-05 0.156061 0.45769
9.9964E-05 0.00270294 0.023552 0.0444854 0.00167505 9.9964E-05 0.0483937 9.9964E-05 0.00148796 9.9964E-05 0.374253 0.50305
9.9955E-05 0.0149375 0.027339 0.00690181 9.9955E-05 9.9955E-05 9.9955E-05 0.0233561 9.9955E-05 0.133419 0.539792 0.253755
0.000754959 9.9964E-05 0.0101203 9.9964E-05 9.9964E-05 9.9964E-05 0.0412583 0.0339414 0.0203882 0.0942432 0.769546 0.0293476
9.9946E-05 0.00115592 9.9946E-05 0.0448798 9.9946E-05 0.19696 0.035006 9.9946E-05 9.9946E-05 9.9946E-05 0.245134 0.476264
0.00099204 0.0386917 0.0164544 0.0159039 0.0207594 0.169207 9.9982E-05 9.9982E-05 0.0115164 0.0769413 0.404219 0.245115
9.99009E-05 9.99009E-05 9.99009E-05 0.998901 9.99009E-05 9.99009E-05 9.99009E-05 9.99009E-05 9.99009E-05 9.99009E-05 9.99009E-05 9.99009E-05
9.99008E-05 9.99008E-05 0.998901 9.99008E-05 9.99008E-05 9.99008E-05 9.99008E-05 9.99008E-05 9.99008E-05 9.99008E-05 9.99008E-05 9.99008E-05
9.99008E-05 9.99008E-05 9.99008E-05 0.998901 9.99008E-05 9.99008E-05 9.99008E-05 9.99008E-05 9.99008E-05 9.99008E-05 9.99008E-05 9.99008E-05
0.00692491 9.9946E-05 9.9946E-05 0.0519605 9.9946E-05 9.9946E-05 0.0089203 9.9946E-05 0.0550214 9.9946E-05 0.0293421 0.847231
0.0424391 9.9964E-05 0.0379955 0.125385 0.060462 9.9964E-05 9.9964E-05 9.9964E-05 0.043925 0.0380692 0.0936533 0.557671
9.9982E-05 0.0359764 0.0230453 0.0280891 0.059698 0.107905 0.00886458 0.0166339 0.034621 9.9982E-05 0.198859 0.486108
0.0129539 0.031239 0.0141421 0.0600448 9.9973E-05 9.9973E-05 0.00891263 9.9973E-05 0.0117861 0.0127355 0.656415 0.191471
0.0187995 9.9964E-05 0.0432573 0.0307022 0.0126335 9.9964E-05 0.105908 0.00722114 0.010284 9.9964E-05 0.770794 9.9964E-05
9.99099E-05 9.99099E-05 0.116105 9.99099E-05 9.99099E-05 9.99099E-05 9.99099E-05 9.99099E-05 9.99099E-05 9.99099E-05 9.99099E-05 0.882895
9.9964E-05 0.0431376 0.0357188 0.0294327 9.9964E-05 9.9964E-05 0.0426745 0.0462433 9.9964E-05 0.0587568 0.24247 0.501166
9.9919E-05 9.9919E-05 9.9919E-05 9.9919E-05 9.9919E-05 0.74916 9.9919E-05 9.9919E-05 0.0623799 9.9919E-05 9.9919E-05 0.187561
9.9919E-05 9.9919E-05 0.0188264 0.0489003 9.9919E-05 0.931374 9.9919E-05 9.9919E-05 9.9919E-05 9.9919E-05 9.9919E-05 9.9919E-05
0.0394632 0.00555557 0.0331681 0.0276698 0.0212662 0.826732 9.9955E-05 9.9955E-05 9.9955E-05 9.9955E-05 0.0456453 9.9955E-05
9.9928E-05 9.9928E-05 9.9928E-05 9.9928E-05 9.9928E-05 0.840939 9.9928E-05 9.9928E-05 0.00225831 0.00242831 9.9928E-05 0.153575
9.995E-05 9.995E-05 0.0145714 0.0185508 0.0611668 0.683834 0.0124716 0.0109459 9.995E-05 9.995E-05 9.995E-05 0.19796
0.0129559 9.9946E-05 0.00371237 9.9946E-05 0.0108048 0.922988 9.9946E-05 0.0408919 0.00804736 9.9946E-05 9.9946E-05 9.9946E-05
9.991E-05 9.991E-05 9.991E-05 9.991E-05 9.991E-05 0.989643 9.991E-05 0.00935812 9.991E-05 9.991E-05 9.991E-05 9.991E-05
9.9937E-05 0.0362281 0.0369845 9.9937E-05 0.0390919 0.855975 9.9937E-05 9.9937E-05 9.9937E-05 9.9937E-05 9.9937E-05 0.0310211
0.0109423 9.9928E-05 0.0213313 9.9928E-05 9.9928E-05 0.866223 0.100704 9.9928E-05 9.9928E-05 9.9928E-05 9.9928E-05 9.9928E-05
0.0262041 9.9964E-05 0.0212208 0.0167017 9.9964E-05 0.783733 0.0296275 9.9964E-05 0.00356823 0.022662 9.9964E-05 0.0958832
0.00959206 9.9964E-05 9.9964E-05 0.0285723 0.0525584 0.777668 0.0236229 9.9964E-05 0.0356654 9.9964E-05 0.0647246 0.00719644
9.9973E-05 0.01076 0.0185628 0.0266692 0.100166 0.0856082 0.0281213 0.698023 0.00461636 9.9973E-05 0.0271728 9.9973E-05
0.0237006 9.9955E-05 0.0300411 9.9955E-05 9.9955E-05 0.157616 9.9955E-05 0.666551 0.00470397 0.0831825 0.0337053 9.9955E-05
0.0305926 0.0150356 0.0138439 0.00108367 0.0574554 9.9973E-05 0.0476269 0.667723 9.9973E-05 9.9973E-05 0.125476 0.0408631
0.00567349 0.0432323 9.99483E-05 9.99483E-05 0.0206646 9.99483E-05 0.133596 0.716543 9.99483E-05 9.99483E-05 0.0796902 9.99483E-05
0.0502908 0.00032145 9.9937E-05 9.9937E-05 9.9937E-05 9.9937E-05 0.113338 0.609372 9.9937E-05 9.9937E-05 9.9937E-05 0.225978
0.0272904 0.0139667 0.00025252 9.9964E-05 9.9964E-05 0.163434 9.9964E-05 0.655017 0.0216632 0.0194902 9.9964E-05 0.0984862
9.9946E-05 9.9946E-05 0.0668303 0.00290408 0.0617184 0.0565185 9.9946E-05 0.690439 9.9946E-05 0.12099 9.9946E-05 9.9946E-05
0.0295403 9.9937E-05 0.011403 9.9937E-05 0.00190862 9.9937E-05 9.9937E-05 0.768202 9.9937E-05 9.9937E-05 0.188246 9.9937E-05
0.0173005 0.0282623 0.0118681 0.0569856 0.0362353 9.9982E-05 0.129925 0.497364 9.9982E-05 0.0399158 0.00234126 0.179602
9.9928E-05 9.9928E-05 0.0238436 9.9928E-05 9.9928E-05 0.190776 0.199553 0.585028 9.9928E-05 9.9928E-05 9.9928E-05 9.9928E-05
0.0422751 0.018292 0.00170262 0.022114 0.040989 0.0462367 0.0829136 0.706959 0.0382177 9.9973E-05 9.9973E-05 9.9973E-05
0.02097 0.0331855 9.9946E-05 9.9946E-05 9.9946E-05 9.9946E-05 0.0841702 0.738627 0.0533435 9.9946E-05 9.9946E-05 0.069104
0.00760448 0.00127467 9.997E-05 0.0194679 0.0609688 0.0167439 9.997E-05 0.540946 0.00860669 0.16383 0.180257 9.997E-05
9.9955E-05 9.9955E-05 9.9955E-05 9.9955E-05 9.9955E-05 0.0071029 0.00484746 0.469953 0.0198468 0.199572 0.0341005 0.264077
9.9946E-05 0.0454388 9.9946E-05 0.00661634 0.0775137 9.9946E-05 9.9946E-05 0.649557 0.0603342 9.9946E-05 9.9946E-05 0.15994
0.00934786 0.102526 0.00579107 9.995E-05 9.995E-05 9.995E-05 9.995E-05 0.658049 0.0504635 0.0230624 9.995E-05 0.150261
9.9946E-05 9.9946E-05 9.9946E-05 0.00532098 9.9946E-05 0.118212 0.00586387 0.743669 0.0410843 0.0852499 9.9946E-05 9.9946E-05
0.00194406 0.0410638 0.000149608 9.9946E-05 9.9946E-05 9.9946E-05 9.9946E-05 0.688591 9.9946E-05 0.126602 0.141049 9.9946E-05
0.0352722 0.0440976 9.9964E-05 0.0193437 0.000430562 0.00840158 9.9964E-05 0.784621 9.9964E-05 0.10101 0.00642374 9.9964E-05
0.0297538 0.00146801 9.9946E-05 9.9946E-05 9.9946E-05 9.9946E-05 9.9946E-05 0.635731 9.9946E-05 0.153248 0.0228734 0.156327
0.0222072 0.0371099 0.00777209 0.0576988 0.00785976 9.9964E-05 9.9964E-05 0.607911 9.9964E-05 0.0829887 9.9964E-05 0.176053
0.0095246 9.9946E-05 0.0191064 0.0410842 9.9946E-05 9.9946E-05 9.9946E-05 0.656028 9.9946E-05 0.154473 0.119184 9.9946E-05
0.00390326 0.000922279 0.0183316 0.0346476 0.0507821 0.0373465 9.9964E-05 0.663615 9.9964E-05 9.9964E-05 9.9964E-05 0.190052
9.994E-05 0.0412321 9.994E-05 0.0125741 0.00815266 0.043645 9.994E-05 0.723085 9.994E-05 9.994E-05 9.994E-05 0.170711
9.9964E-05 0.0434512 0.0376707 0.0208869 0.0775395 9.9964E-05 9.9964E-05 0.615752 0.0246225 0.0342333 9.9964E-05 0.145444
9.9937E-05 9.9937E-05 9.9937E-05 9.9937E-05 0.0678649 0.080147 0.00420487 0.661792 9.9937E-05 9.9937E-05 9.9937E-05 0.185291
0.0478428 9.9946E-05 0.0095414 0.0364594 9.9946E-05 9.9946E-05 9.9946E-05 0.592602 9.9946E-05 0.194678 9.9946E-05 0.118277
9.9955E-05 0.0204082 0.0103047 0.0011143 9.9955E-05 9.9955E-05 9.9955E-05 0.510974 0.0490463 0.311043 9.9955E-05 0.0966096
0.0168866 0.0571747 0.00586146 0.00347946 0.0197083 9.9982E-05 0.0131644 0.628317 0.0177786 0.00944829 9.9982E-05 0.227981
9.9955E-05 9.9955E-05 0.0385419 0.0379358 0.0900613 9.9955E-05 0.0917392 0.707795 0.0245892 9.9955E-05 9.9955E-05 0.00883827
9.9937E-05 9.9937E-05 0.0295008 9.9937E-05 9.9937E-05 0.0284613 0.146869 0.749639 0.0448307 9.9937E-05 9.9937E-05 9.9937E-05
0.00930261 0.0506866 0.0195345 9.998E-05 0.0229073 0.0403494 0.102597 0.599532 0.00692949 0.0334619 9.998E-05 0.1145
9.9946E-05 9.9946E-05 9.9946E-05 9.9946E-05 0.152057 0.0161132 0.0940423 0.608552 0.00638134 9.9946E-05 9.9946E-05 0.122254
0.00181981 9.996E-05 0.0240099 0.0625252 0.0593208 9.996E-05 9.996E-05 0.765397 0.024048 9.996E-05 0.0184441 0.0440356
0.0356896 0.0335012 0.00474389 0.0294538 0.0366789 0.0294882 0.0374395 0.721078 9.9982E-05 9.9982E-05 0.00629623 0.0654303
0.00264961 9.9937E-05 9.9937E-05 0.0187771 9.9937E-05 0.00482452 9.9937E-05 9.9937E-05 0.0282345 0.944815 9.9937E-05 9.9937E-05
9.9928E-05 9.9928E-05 0.0169071 9.9928E-05 9.9928E-05 9.9928E-05 9.9928E-05 0.0329685 9.9928E-05 0.874079 9.9928E-05 0.0752461
9.9928E-05 0.0440221 9.9928E-05 9.9928E-05 0.00450638 9.9928E-05 9.9928E-05 9.9928E-05 9.9928E-05 0.859205 9.9928E-05 0.091467
9.9937E-05 0.0327084 0.0283432 0.0124764 9.9937E-05 9.9937E-05 9.9937E-05 0.0398171 9.9937E-05 0.885955 9.9937E-05 9.9937E-05
9.9919E-05 0.0242524 9.9919E-05 9.9919E-05 9.9919E-05 9.9919E-05 9.9919E-05 9.9919E-05 9.9919E-05 0.909403 0.0654454 9.9919E-05
0.00377005 9.9946E-05 9.9946E-05 0.00737014 9.9946E-05 9.9946E-05 0.145781 0.0026887 9.9946E-05 0.782473 0.0573178 9.9946E-05
9.991E-05 9.991E-05 9.991E-05 9.991E-05 9.991E-05 9.991E-05 0.059022 9.991E-05 9.991E-05 0.939979 9.991E-05 9.991E-05
9.9937E-05 0.0435972 9.9937E-05 9.9937E-05 0.161504 0.0694693 0.161055 9.9937E-05 9.9937E-05 0.563675 9.9937E-05 9.9937E-05
