9.9856E-05 9.9856E-05 9.9856E-05 9.9856E-05 9.9856E-05 9.9856E-05 9.9856E-05 0.854923 9.9856E-05 9.9856E-05 9.9856E-05 9.9856E-05 9.9856E-05 0.000189744 0.000833888 9.9856E-05 0.142456 9.9856E-05 9.9856E-05 9.9856E-05
0.106501 9.9901E-05 9.9901E-05 0.0232905 9.9901E-05 9.9901E-05 9.9901E-05 0.629955 0.00741052 9.9901E-05 9.9901E-05 9.9901E-05 0.111721 9.9901E-05 9.9901E-05 0.0106324 0.0506987 9.9901E-05 0.00856242 0.0501294
0.035192 0.0917604 0.0682036 9.9892E-05 0.00739188 9.9892E-05 9.9892E-05 0.73656 9.9892E-05 9.9892E-05 9.9892E-05 9.9892E-05 0.0261748 9.9892E-05 0.0285096 0.0050087 9.9892E-05 9.9892E-05 9.9892E-05 9.9892E-05
0.0973207 9.9928E-05 9.9928E-05 0.0110377 9.9928E-05 9.9928E-05 0.0720853 0.724086 0.00530288 0.00303564 0.000975424 9.9928E-05 0.005915 9.9928E-05 0.00870676 0.0306039 9.9928E-05 0.0327059 9.9928E-05 0.00742501
0.0867099 9.9892E-05 9.9892E-05 9.9892E-05 9.9892E-05 0.046426 0.0397508 0.769553 0.00430311 9.9892E-05 9.9892E-05 9.9892E-05 9.9892E-05 9.9892E-05 0.0128813 0.0106081 9.9892E-05 9.9892E-05 0.0285692 9.9892E-05
0.0316249 0.00272462 9.9928E-05 0.0537637 0.00208132 0.0202709 9.9928E-05 0.782326 0.0167878 0.0268589 9.9928E-05 9.9928E-05 0.0104492 9.9928E-05 9.9928E-05 9.9928E-05 9.9928E-05 0.0469877 0.00126128 0.00406462
9.9856E-05 9.9856E-05 9.9856E-05 9.9856E-05 9.9856E-05 9.9856E-05 9.9856E-05 0.856165 9.9856E-05 9.9856E-05 9.9856E-05 0.0436137 9.9856E-05 9.9856E-05 9.9856E-05 9.9856E-05 0.0689177 0.0297063 9.9856E-05 9.9856E-05
9.9892E-05 9.9892E-05 9.9892E-05 0.0600067 9.9892E-05 9.9892E-05 9.9892E-05 0.731061 0.0119257 0.00186237 0.046367 0.116618 9.9892E-05 9.9892E-05 9.9892E-05 0.00531169 9.9892E-05 9.9892E-05 9.9892E-05 0.0256487
9.9883E-05 9.9883E-05 9.9883E-05 9.9883E-05 9.9883E-05 0.0505245 0.0107136 0.731786 0.00191574 9.9883E-05 9.9883E-05 0.158614 9.9883E-05 9.9883E-05 0.0254483 0.0196989 9.9883E-05 9.9883E-05 9.9883E-05 9.9883E-05
0.0277334 0.0153386 0.00946547 0.0457268 9.9919E-05 0.0393825 9.9919E-05 0.763539 9.9919E-05 0.0274154 9.9919E-05 0.0249747 9.9919E-05 9.9919E-05 9.9919E-05 0.0143285 0.00630626 0.02489 9.9919E-05 9.9919E-05
0.131313 0.0945698 9.991E-05 0.0356995 0.0296317 9.991E-05 9.991E-05 0.647398 0.0134121 9.991E-05 9.991E-05 9.991E-05 0.0139974 9.991E-05 0.00129659 0.00184458 0.0298384 9.991E-05 9.991E-05 9.991E-05
0.0209594 9.9874E-05 9.9874E-05 0.0317487 0.00896897 9.9874E-05 9.9874E-05 0.655317 0.0157436 9.9874E-05 9.9874E-05 9.9874E-05 9.9874E-05 9.9874E-05 9.9874E-05 9.9874E-05 0.265864 9.9874E-05 9.9874E-05 9.9874E-05
9.98741E-05 9.98741E-05 9.98741E-05 0.124128 0.00293727 9.98741E-05 9.98741E-05 0.681393 9.98741E-05 9.98741E-05 9.98741E-05 9.98741E-05 0.153378 9.98741E-05 0.000648725 9.98741E-05 9.98741E-05 9.98741E-05 9.98741E-05 0.0361169
0.112057 0.0609054 0.0118189 0.0592252 0.0226639 9.9919E-05 9.9919E-05 0.659595 9.9919E-05 0.00417991 0.0273648 9.9919E-05 0.0263517 9.9919E-05 9.9919E-05 9.9919E-05 0.00365712 9.9919E-05 9.9919E-05 0.0112819
0.102123 0.00994012 0.0390833 9.9874E-05 9.9874E-05 0.0291522 9.9874E-05 0.743502 9.9874E-05 9.9874E-05 9.9874E-05 9.9874E-05 0.0748019 9.9874E-05 9.9874E-05 9.9874E-05 9.9874E-05 9.9874E-05 9.9874E-05 9.9874E-05
0.102387 9.99011E-05 9.99011E-05 9.99011E-05 0.00693347 0.0384773 9.99011E-05 0.786817 0.0334599 0.00829244 0.00983616 0.00126132 9.99011E-05 9.99011E-05 9.99011E-05 9.99011E-05 9.99011E-05 9.99011E-05 9.99011E-05 0.0114369
9.98741E-05 9.98741E-05 9.98741E-05 9.98741E-05 9.98741E-05 9.98741E-05 9.98741E-05 0.905915 0.028855 0.0195458 9.98741E-05 9.98741E-05 0.0294061 9.98741E-05 9.98741E-05 9.98741E-05 9.98741E-05 9.98741E-05 0.00888206 0.00599813
9.98651E-05 9.98651E-05 9.98651E-05 9.98651E-05 0.0013511 9.98651E-05 9.98651E-05 0.87505 0.00913068 9.98651E-05 9.98651E-05 9.98651E-05 9.98651E-05 0.0546962 9.98651E-05 9.98651E-05 9.98651E-05 9.98651E-05 0.0582737 9.98651E-05
9.98561E-05 9.98561E-05 9.98561E-05 9.98561E-05 9.98561E-05 9.98561E-05 9.98561E-05 0.858572 9.98561E-05 9.98561E-05 9.98561E-05 0.0606188 9.98561E-05 9.98561E-05 9.98561E-05 9.98561E-05 9.98561E-05 9.98561E-05 0.0635104 0.0157011
9.9901E-05 0.0188389 0.0401198 9.9901E-05 9.9901E-05 0.00596594 9.9901E-05 0.827587 0.0276491 0.0223204 0.0365458 9.9901E-05 9.9901E-05 0.0153688 9.9901E-05 0.00450519 9.9901E-05 9.9901E-05 9.9901E-05 9.9901E-05
9.98291E-05 9.98291E-05 9.98291E-05 9.98291E-05 0.998103 9.98291E-05 9.98291E-05 9.98291E-05 9.98291E-05 9.98291E-05 9.98291E-05 9.98291E-05 9.98291E-05 9.98291E-05 9.98291E-05 9.98291E-05 9.98291E-05 9.98291E-05 9.98291E-05 9.98291E-05
9.9856E-05 9.9856E-05 0.682168 0.104141 9.9856E-05 9.9856E-05 9.9856E-05 9.9856E-05 9.9856E-05 9.9856E-05 9.9856E-05 9.9856E-05 9.9856E-05 9.9856E-05 9.9856E-05 9.9856E-05 0.181725 9.9856E-05 9.9856E-05 0.0303675
9.98741E-05 9.98741E-05 0.689896 0.156937 9.98741E-05 9.98741E-05 9.98741E-05 9.98741E-05 9.98741E-05 0.00913442 9.98741E-05 9.98741E-05 0.0426302 9.98741E-05 9.98741E-05 9.98741E-05 9.98741E-05 0.0507295 0.049275 9.98741E-05
9.9874E-05 9.9874E-05 0.848846 0.055763 9.9874E-05 9.9874E-05 9.9874E-05 9.9874E-05 0.0215288 9.9874E-05 9.9874E-05 9.9874E-05 9.9874E-05 0.0535475 9.9874E-05 0.012395 9.9874E-05 9.9874E-05 0.00652168 9.9874E-05
9.98471E-05 9.98471E-05 0.988464 9.98471E-05 9.98471E-05 9.98471E-05 9.98471E-05 0.00263458 9.98471E-05 0.00720388 9.98471E-05 9.98471E-05 9.98471E-05 9.98471E-05 9.98471E-05 9.98471E-05 9.98471E-05 9.98471E-05 9.98471E-05 9.98471E-05
9.9865E-05 9.9865E-05 0.94282 9.9865E-05 9.9865E-05 9.9865E-05 9.9865E-05 9.9865E-05 0.0119449 0.0183764 0.00597583 9.9865E-05 9.9865E-05 9.9865E-05 0.0193852 9.9865E-05 9.9865E-05 9.9865E-05 9.9865E-05 9.9865E-05
0.0120854 9.99011E-05 0.780566 0.103292 0.0050942 0.0385772 0.0134992 9.99011E-05 9.99011E-05 9.99011E-05 9.99011E-05 0.0167656 9.99011E-05 9.99011E-05 0.00247973 9.99011E-05 9.99011E-05 9.99011E-05 0.026542 9.99011E-05
9.9829E-05 9.9829E-05 9.9829E-05 9.9829E-05 0.998103 9.9829E-05 9.9829E-05 9.9829E-05 9.9829E-05 9.9829E-05 9.9829E-05 9.9829E-05 9.9829E-05 9.9829E-05 9.9829E-05 9.9829E-05 9.9829E-05 9.9829E-05 9.9829E-05 9.9829E-05
0.00773248 0.0916721 0.761152 9.9892E-05 0.0180398 9.9892E-05 0.0311625 9.9892E-05 9.9892E-05 0.00262917 9.9892E-05 0.0717114 9.9892E-05 9.9892E-05 9.9892E-05 0.0147022 9.9892E-05 9.9892E-05 9.9892E-05 9.9892E-05
0.0227679 9.9883E-05 0.672005 0.12833 9.9883E-05 0.101039 9.9883E-05 9.9883E-05 9.9883E-05 9.9883E-05 9.9883E-05 9.9883E-05 9.9883E-05 9.9883E-05 9.9883E-05 0.00146873 9.9883E-05 9.9883E-05 0.0599374 0.0131538
0.00257726 0.0440889 0.700196 0.00628858 0.0214496 9.991E-05 0.0667963 9.991E-05 0.0143493 9.991E-05 9.991E-05 0.105472 9.991E-05 9.991E-05 0.0205362 0.0172469 9.991E-05 9.991E-05 9.991E-05 9.991E-05
9.98741E-05 9.98741E-05 0.750291 9.98741E-05 0.0256671 9.98741E-05 9.98741E-05 9.98741E-05 0.0357314 9.98741E-05 9.98741E-05 0.0415071 9.98741E-05 0.0770871 9.98741E-05 9.98741E-05 9.98741E-05 9.98741E-05 0.0683176 9.98741E-05
9.98936E-05 9.98936E-05 0.627209 9.98936E-05 0.0612392 9.98936E-05 0.0747966 0.0146019 9.98936E-05 9.98936E-05 0.0346351 9.98936E-05 9.98936E-05 0.0210741 9.98936E-05 9.98936E-05 9.98936E-05 0.153754 9.98936E-05 0.0114914
9.99009E-05 0.0272525 0.627745 9.99009E-05 0.0149423 9.99009E-05 9.99009E-05 9.99009E-05 9.99009E-05 0.00902492 0.0742311 9.99009E-05 9.99009E-05 9.99009E-05 0.0378903 9.99009E-05 0.0942029 0.0816948 9.99009E-05 0.031917
9.9928E-05 0.0952769 0.695519 9.9928E-05 9.9928E-05 0.0411911 0.025765 0.00668574 9.9928E-05 0.00569563 9.9928E-05 9.9928E-05 9.9928E-05 0.0273155 0.0160704 0.00993927 0.0321558 0.0231158 9.9928E-05 0.0204706
0.202084 0.139367 0.344101 9.99099E-05 0.0193997 9.99099E-05 9.99099E-05 0.00820956 0.00346244 9.99099E-05 9.99099E-05 9.99099E-05 9.99099E-05 9.99099E-05 0.0376874 0.012974 0.228294 0.00342266 9.99099E-05 9.99099E-05
0.0300521 9.9892E-05 0.660911 9.9892E-05 9.9892E-05 9.9892E-05 9.9892E-05 9.9892E-05 9.9892E-05 9.9892E-05 0.0283088 9.9892E-05 0.125507 0.117127 0.0242066 0.00544232 9.9892E-05 9.9892E-05 0.00724607 9.9892E-05
9.9892E-05 9.9892E-05 9.9892E-05 0.0629253 0.00590727 9.9892E-05 9.9892E-05 9.9892E-05 0.0188829 9.9892E-05 9.9892E-05 9.9892E-05 0.0735186 0.622836 9.9892E-05 0.0172615 9.9892E-05 0.0586184 0.138851 9.9892E-05
9.9892E-05 0.112557 9.9892E-05 9.9892E-05 9.9892E-05 9.9892E-05 0.0224843 9.9892E-05 9.9892E-05 9.9892E-05 0.00983556 9.9892E-05 9.9892E-05 0.671887 9.9892E-05 0.00436176 0.153837 0.0159818 9.9892E-05 0.00785691
0.0582315 0.0424438 9.9892E-05 0.0399492 9.9892E-05 9.9892E-05 0.0820715 9.9892E-05 0.00541763 9.9892E-05 0.104231 9.9892E-05 9.9892E-05 0.648907 0.017549 9.9892E-05 9.9892E-05 9.9892E-05 9.9892E-05 9.9892E-05
9.98561E-05 9.98561E-05 9.98561E-05 9.98561E-05 9.98561E-05 9.98561E-05 9.98561E-05 9.98561E-05 9.98561E-05 9.98561E-05 9.98561E-05 9.98561E-05 0.134832 0.783 9.98561E-05 9.98561E-05 0.0446285 0.0359426 9.98561E-05 9.98561E-05
0.0491358 9.9928E-05 9.9928E-05 0.0576428 0.0109047 9.9928E-05 9.9928E-05 0.0100428 9.9928E-05 0.00592725 9.9928E-05 9.9928E-05 0.00338832 0.676169 0.0170249 0.0129453 0.09724 9.9928E-05 0.0211103 0.0376697
0.0438532 9.9901E-05 9.9901E-05 0.039199 0.00393388 0.0711408 9.9901E-05 9.9901E-05 0.00531105 9.9901E-05 0.0901522 9.9901E-05 9.9901E-05 0.727691 0.00980467 0.00781516 9.9901E-05 9.9901E-05 9.9901E-05 9.9901E-05
0.0347001 0.130415 9.99099E-05 0.195309 9.99099E-05 9.99099E-05 9.99099E-05 0.027888 9.99099E-05 0.00394698 9.99099E-05 9.99099E-05 9.99099E-05 0.437357 0.0126687 9.99099E-05 9.99099E-05 0.139061 0.00201552 0.0156396
0.0160949 9.991E-05 0.00122543 9.991E-05 0.0128189 0.0977605 9.991E-05 9.991E-05 9.991E-05 0.00070666 0.0353316 9.991E-05 9.991E-05 0.751491 9.991E-05 0.0386547 9.991E-05 0.019314 0.0256029 9.991E-05
9.9919E-05 9.9919E-05 0.00468636 0.135941 9.9919E-05 0.00412975 0.00137716 0.0119503 9.9919E-05 0.00881211 0.0322035 0.169115 9.9919E-05 0.55011 9.9919E-05 0.0280703 9.9919E-05 9.9919E-05 0.0527046 9.9919E-05
0.0613196 9.98831E-05 9.98831E-05 9.98831E-05 9.98831E-05 9.98831E-05 9.98831E-05 9.98831E-05 0.0342372 0.00572759 0.0879817 9.98831E-05 0.0237667 0.774789 9.98831E-05 9.98831E-05 9.98831E-05 9.98831E-05 9.98831E-05 0.0108798
9.9865E-05 9.9865E-05 9.9865E-05 0.106184 9.9865E-05 9.9865E-05 9.9865E-05 9.9865E-05 9.9865E-05 9.9865E-05 0.114164 9.9865E-05 9.9865E-05 0.642293 9.9865E-05 0.0280479 9.9865E-05 0.107812 9.9865E-05 9.9865E-05
9.9901E-05 9.9901E-05 9.9901E-05 9.9901E-05 0.0250804 9.9901E-05 9.9901E-05 0.0263764 0.024137 0.00107076 9.9901E-05 9.9901E-05 9.9901E-05 0.879366 0.00919402 0.0144951 9.9901E-05 9.9901E-05 0.00922235 0.00995916
9.9892E-05 9.9892E-05 9.9892E-05 0.165147 9.9892E-05 9.9892E-05 9.9892E-05 9.9892E-05 9.9892E-05 9.9892E-05 9.9892E-05 9.9892E-05 0.132534 0.501167 0.0152776 0.00796554 9.9892E-05 0.154666 0.0120685 0.00997605
0.0255734 9.9865E-05 9.9865E-05 9.9865E-05 9.9865E-05 9.9865E-05 0.0225837 9.9865E-05 0.0115488 9.9865E-05 9.9865E-05 9.9865E-05 9.9865E-05 0.773925 9.9865E-05 9.9865E-05 0.164871 9.9865E-05 9.9865E-05 9.9865E-05
9.98921E-05 9.98921E-05 0.00711901 9.98921E-05 0.00192184 9.98921E-05 9.98921E-05 9.98921E-05 0.0148591 9.98921E-05 0.0511805 0.151749 9.98921E-05 0.733989 0.0255605 9.98921E-05 9.98921E-05 9.98921E-05 0.0124222 9.98921E-05
9.99009E-05 9.99009E-05 9.99009E-05 0.0662591 9.99009E-05 9.99009E-05 0.0321023 9.99009E-05 9.99009E-05 0.0556707 9.99009E-05 0.0652346 0.0190257 0.685637 9.99009E-05 9.99009E-05 9.99009E-05 0.024068 0.00833293 0.0425703
9.98739E-05 9.98739E-05 9.98739E-05 0.126224 9.98739E-05 0.000331377 9.98739E-05 0.0319987 0.0238602 9.98739E-05 9.98739E-05 9.98739E-05 9.98739E-05 0.560055 9.98739E-05 9.98739E-05 0.256133 9.98739E-05 9.98739E-05 9.98739E-05
0.0791835 9.99009E-05 9.99009E-05 0.0256495 0.00430302 0.125582 9.99009E-05 9.99009E-05 9.99009E-05 0.0163547 0.0622164 0.0156004 9.99009E-05 0.63461 9.99009E-05 9.99009E-05 9.99009E-05 9.99009E-05 0.0354018 9.99009E-05
9.9892E-05 0.254235 0.0012629 0.130238 9.9892E-05 9.9892E-05 9.9892E-05 9.9892E-05 0.0120656 9.9892E-05 0.00463062 0.0884372 9.9892E-05 0.49727 0.0106617 9.9892E-05 9.9892E-05 9.9892E-05 9.9892E-05 9.9892E-05
0.107962 9.9901E-05 0.0315819 9.9901E-05 0.00926508 0.0643008 0.000191523 0.0360514 9.9901E-05 0.0347014 9.9901E-05 9.9901E-05 0.00429801 0.710549 9.9901E-05 9.9901E-05 9.9901E-05 9.9901E-05 9.9901E-05 9.9901E-05
9.9829E-05 9.9829E-05 9.9829E-05 9.9829E-05 9.9829E-05 9.9829E-05 9.9829E-05 9.9829E-05 9.9829E-05 9.9829E-05 9.9829E-05 9.9829E-05 9.9829E-05 9.9829E-05 9.9829E-05 9.9829E-05 0.998103 9.9829E-05 9.9829E-05 9.9829E-05
9.9829E-05 9.9829E-05 9.9829E-05 9.9829E-05 9.9829E-05 9.9829E-05 9.9829E-05 9.9829E-05 9.9829E-05 9.9829E-05 9.9829E-05 9.9829E-05 9.9829E-05 9.9829E-05 0.998103 9.9829E-05 9.9829E-05 9.9829E-05 9.9829E-05 9.9829E-05
9.9865E-05 0.198152 9.9865E-05 9.9865E-05 9.9865E-05 9.9865E-05 9.9865E-05 9.9865E-05 9.9865E-05 0.0333959 0.188315 9.9865E-05 9.9865E-05 9.9865E-05 9.9865E-05 9.9865E-05 0.572358 9.9865E-05 0.0062811 9.9865E-05
9.991E-05 0.302665 9.991E-05 9.991E-05 0.0151599 9.991E-05 0.101395 9.991E-05 9.991E-05 0.00472861 9.991E-05 9.991E-05 0.473996 0.0111962 9.991E-05 0.0427026 0.0209662 9.991E-05 0.0204415 0.00575077
9.98381E-05 9.98381E-05 9.98381E-05 9.98381E-05 9.98381E-05 9.98381E-05 9.98381E-05 9.98381E-05 9.98381E-05 9.98381E-05 9.98381E-05 9.98381E-05 0.980631 9.98381E-05 0.017572 9.98381E-05 9.98381E-05 9.98381E-05 9.98381E-05 9.98381E-05
9.9883E-05 9.9883E-05 9.9883E-05 9.9883E-05 0.00859521 0.357497 9.9883E-05 9.9883E-05 0.0193896 9.9883E-05 0.082891 0.0857265 0.441552 9.9883E-05 9.9883E-05 0.00305122 9.9883E-05 9.9883E-05 9.9883E-05 9.9883E-05
9.9829E-05 9.9829E-05 9.9829E-05 9.9829E-05 9.9829E-05 9.9829E-05 9.9829E-05 9.9829E-05 9.9829E-05 9.9829E-05 9.9829E-05 9.9829E-05 9.9829E-05 9.9829E-05 9.9829E-05 9.9829E-05 9.9829E-05 9.9829E-05 9.9829E-05 0.998103
9.98289E-05 9.98289E-05 9.98289E-05 9.98289E-05 9.98289E-05 9.98289E-05 9.98289E-05 9.98289E-05 9.98289E-05 9.98289E-05 9.98289E-05 9.98289E-05 9.98289E-05 9.98289E-05 0.998103 9.98289E-05 9.98289E-05 9.98289E-05 9.98289E-05 9.98289E-05
9.991E-05 0.770175 9.991E-05 0.0185882 9.991E-05 0.0406436 9.991E-05 0.0515395 0.0118957 0.00320599 0.0537913 9.991E-05 9.991E-05 9.991E-05 0.0224417 0.00622168 9.991E-05 0.0204985 9.991E-05 9.991E-05
9.9928E-05 0.0641076 0.0642986 9.9928E-05 0.0117843 0.561378 9.9928E-05 0.0166798 0.0134552 0.00986905 0.120714 9.9928E-05 9.9928E-05 9.9928E-05 0.00283454 9.9928E-05 9.9928E-05 0.0810561 0.040047 0.0129764
9.9937E-05 0.0819587 9.9937E-05 9.9937E-05 0.00411587 0.0831267 0.0801493 9.9937E-05 0.0111902 0.0261814 0.308183 9.9937E-05 0.126449 9.9937E-05 0.0264763 0.031576 9.9937E-05 0.0267047 0.15818 0.0350095
9.991E-05 9.991E-05 0.00847375 9.991E-05 0.0287131 0.00373521 9.991E-05 9.991E-05 0.00471389 0.0233263 0.0551377 9.991E-05 0.806662 9.991E-05 0.00415534 0.0205175 9.991E-05 9.991E-05 0.0435667 9.991E-05
9.993E-05 9.993E-05 0.0344956 9.993E-05 0.00857773 0.0275354 9.993E-05 0.000725937 0.0149494 0.0271836 0.0111825 0.0134594 0.627932 9.993E-05 0.104193 9.993E-05 0.0747798 9.993E-05 0.0419118 0.0123744
9.99189E-05 0.00897989 9.99189E-05 9.99189E-05 9.99189E-05 0.0856281 9.99189E-05 0.0182281 0.0220606 0.000406539 0.664121 9.99189E-05 0.0621986 9.99189E-05 0.0302929 0.0203721 0.00964278 9.99189E-05 0.0771704 9.99189E-05
9.98471E-05 9.98471E-05 9.98471E-05 9.98471E-05 9.98471E-05 0.973604 9.98471E-05 9.98471E-05 0.0122775 9.98471E-05 9.98471E-05 9.98471E-05 9.98471E-05 9.98471E-05 9.98471E-05 9.98471E-05 9.98471E-05 9.98471E-05 9.98471E-05 0.0124211
9.991E-05 0.118855 0.0790005 9.991E-05 0.00229097 0.094935 9.991E-05 9.991E-05 9.991E-05 9.991E-05 0.0530212 9.991E-05 0.461012 9.991E-05 0.0690609 0.0467083 9.991E-05 9.991E-05 0.0570153 0.0171022
9.9901E-05 0.355253 0.0234765 9.9901E-05 9.9901E-05 0.104904 0.330056 9.9901E-05 9.9901E-05 9.9901E-05 9.9901E-05 0.0407895 0.0384629 9.9901E-05 0.0289979 0.068157 0.00880478 9.9901E-05 9.9901E-05 9.9901E-05
9.9919E-05 9.9919E-05 9.9919E-05 0.0331235 0.0535887 0.0921796 0.199297 9.9919E-05 0.0355918 9.9919E-05 0.220029 9.9919E-05 0.00021578 0.194051 0.0245028 9.9919E-05 9.9919E-05 9.9919E-05 0.122121 0.0244009
9.9919E-05 0.195088 9.9919E-05 9.9919E-05 0.00398813 0.39367 9.9919E-05 0.0364501 0.0184975 9.9919E-05 0.066372 9.9919E-05 9.9919E-05 0.151793 0.00387219 9.9919E-05 9.9919E-05 0.0587908 0.0695969 0.000981515
9.9892E-05 0.0464119 9.9892E-05 9.9892E-05 9.9892E-05 9.9892E-05 9.9892E-05 0.0784933 0.0163542 9.9892E-05 0.161023 9.9892E-05 0.248849 0.358511 0.0518257 9.9892E-05 9.9892E-05 9.9892E-05 0.0373327 9.9892E-05
9.9829E-05 9.9829E-05 9.9829E-05 9.9829E-05 9.9829E-05 9.9829E-05 9.9829E-05 9.9829E-05 9.9829E-05 9.9829E-05 9.9829E-05 9.9829E-05 9.9829E-05 9.9829E-05 9.9829E-05 9.9829E-05 9.9829E-05 9.9829E-05 9.9829E-05 0.998103
9.9928E-05 9.9928E-05 9.9928E-05 9.9928E-05 0.0248996 0.0101892 0.0298577 0.0308364 0.0538215 0.0500589 0.0239299 0.0827004 0.499426 0.122962 0.0357479 9.9928E-05 0.0347714 9.9928E-05 9.9928E-05 9.9928E-05
9.9919E-05 0.196751 0.0125933 9.9919E-05 9.9919E-05 0.209436 9.9919E-05 9.9919E-05 0.0214578 0.00344957 9.9919E-05 9.9919E-05 0.307212 0.0885743 0.0202337 0.0122049 9.9919E-05 9.9919E-05 0.0786753 0.0485123
9.98379E-05 9.98379E-05 9.98379E-05 9.98379E-05 9.98379E-05 9.98379E-05 9.98379E-05 9.98379E-05 9.98379E-05 0.00220355 9.98379E-05 9.98379E-05 9.98379E-05 9.98379E-05 9.98379E-05 9.98379E-05 9.98379E-05 9.98379E-05 0.995999 9.98379E-05
9.9919E-05 0.120819 9.9919E-05 9.9919E-05 0.000803806 0.0597722 9.9919E-05 9.9919E-05 9.9919E-05 0.0260583 0.170057 9.9919E-05 0.228612 9.9919E-05 0.0122571 9.9919E-05 0.319519 0.0214947 0.023226 0.0164814
9.991E-05 0.106221 9.991E-05 0.0095561 9.991E-05 0.65198 9.991E-05 0.0619007 9.991E-05 0.0175778 0.0618029 0.00526838 9.991E-05 9.991E-05 9.991E-05 0.0258847 9.991E-05 9.991E-05 0.0337047 0.0251043
9.9892E-05 9.9892E-05 0.00626776 9.9892E-05 9.9892E-05 0.113878 9.9892E-05 9.9892E-05 0.0332608 0.0336772 9.9892E-05 0.103509 9.9892E-05 0.137171 9.9892E-05 9.9892E-05 0.504342 0.066695 9.9892E-05 9.9892E-05
9.9874E-05 0.164301 9.9874E-05 9.9874E-05 9.9874E-05 9.9874E-05 9.9874E-05 9.9874E-05 9.9874E-05 9.9874E-05 9.9874E-05 9.9874E-05 9.9874E-05 0.103675 0.0224617 0.0105128 9.9874E-05 0.671005 9.9874E-05 0.0266474
9.9892E-05 0.61413 0.0275744 9.9892E-05 9.9892E-05 9.9892E-05 0.0105558 9.9892E-05 9.9892E-05 9.9892E-05 9.9892E-05 0.213912 0.00522752 0.0396065 0.0519751 9.9892E-05 9.9892E-05 9.9892E-05 0.0358203 9.9892E-05
9.9847E-05 9.9847E-05 9.9847E-05 9.9847E-05 9.9847E-05 9.9847E-05 9.9847E-05 9.9847E-05 9.9847E-05 9.9847E-05 0.00497815 9.9847E-05 9.9847E-05 9.9847E-05 9.9847E-05 9.9847E-05 9.9847E-05 9.9847E-05 0.983349 0.00997554
9.98291E-05 9.98291E-05 9.98291E-05 9.98291E-05 9.98291E-05 9.98291E-05 9.98291E-05 9.98291E-05 9.98291E-05 9.98291E-05 9.98291E-05 9.98291E-05 9.98291E-05 9.98291E-05 9.98291E-05 9.98291E-05 9.98291E-05 9.98291E-05 0.998103 9.98291E-05
0.0507473 9.9874E-05 9.9874E-05 0.0684145 9.9874E-05 9.9874E-05 9.9874E-05 9.9874E-05 9.9874E-05 0.0136764 9.9874E-05 9.9874E-05 0.809272 9.9874E-05 0.0255376 9.9874E-05 9.9874E-05 9.9874E-05 0.0309536 9.9874E-05
9.9829E-05 9.9829E-05 9.9829E-05 9.9829E-05 9.9829E-05 9.9829E-05 9.9829E-05 9.9829E-05 9.9829E-05 9.9829E-05 9.9829E-05 9.9829E-05 9.9829E-05 9.9829E-05 9.9829E-05 0.998103 9.9829E-05 9.9829E-05 9.9829E-05 9.9829E-05
9.9883E-05 0.53003 9.9883E-05 9.9883E-05 0.00471368 9.9883E-05 9.9883E-05 9.9883E-05 0.00262931 0.00311551 9.9883E-05 9.9883E-05 0.30715 0.0825908 9.9883E-05 9.9883E-05 9.9883E-05 9.9883E-05 9.9883E-05 0.0684723
9.98287E-05 9.98287E-05 9.98287E-05 9.98287E-05 9.98287E-05 9.98287E-05 9.98287E-05 9.98287E-05 9.98287E-05 9.98287E-05 0.998103 9.98287E-05 9.98287E-05 9.98287E-05 9.98287E-05 9.98287E-05 9.98287E-05 9.98287E-05 9.98287E-05 9.98287E-05
9.98471E-05 9.98471E-05 9.98471E-05 9.98471E-05 0.00242274 9.98471E-05 9.98471E-05 9.98471E-05 9.98471E-05 9.98471E-05 9.98471E-05 9.98471E-05 9.98471E-05 9.98471E-05 9.98471E-05 0.00364077 0.992239 9.98471E-05 9.98471E-05 9.98471E-05
9.9874E-05 0.83622 0.0428813 9.9874E-05 9.9874E-05 9.9874E-05 9.9874E-05 0.00230734 0.0134315 9.9874E-05 9.9874E-05 9.9874E-05 9.9874E-05 9.9874E-05 9.9874E-05 0.00570326 0.0980581 9.9874E-05 9.9874E-05 9.9874E-05
9.98291E-05 0.998103 9.98291E-05 9.98291E-05 9.98291E-05 9.98291E-05 9.98291E-05 9.98291E-05 9.98291E-05 9.98291E-05 9.98291E-05 9.98291E-05 9.98291E-05 9.98291E-05 9.98291E-05 9.98291E-05 9.98291E-05 9.98291E-05 9.98291E-05 9.98291E-05
9.9847E-05 9.9847E-05 9.9847E-05 9.9847E-05 9.9847E-05 9.9847E-05 9.9847E-05 9.9847E-05 9.9847E-05 9.9847E-05 9.9847E-05 9.9847E-05 9.9847E-05 9.9847E-05 0.0160725 9.9847E-05 0.958048 9.9847E-05 9.9847E-05 0.0241819
9.99438E-05 0.160633 9.99438E-05 0.128302 9.99438E-05 0.0856337 0.0818961 9.99438E-05 0.0561679 9.99438E-05 0.035665 9.99438E-05 0.00170245 9.99438E-05 0.0268552 0.0289947 0.337534 0.0263527 0.00482153 0.0247418
0.0178303 0.24033 9.9928E-05 9.9928E-05 9.9928E-05 9.9928E-05 9.9928E-05 0.0358308 0.0107684 9.9928E-05 0.330347 9.9928E-05 0.241876 0.0292851 0.031571 0.0041604 0.0117057 9.9928E-05 0.0438798 0.00161598
9.9883E-05 9.9883E-05 0.0412896 9.9883E-05 9.9883E-05 9.9883E-05 0.0275322 9.9883E-05 0.0292973 9.9883E-05 9.9883E-05 9.9883E-05 0.783517 0.0313257 9.9883E-05 9.9883E-05 9.9883E-05 9.9883E-05 0.0851969 0.000542334
9.99099E-05 9.99099E-05 9.99099E-05 0.0773561 9.99099E-05 9.99099E-05 0.0243871 9.99099E-05 0.0755796 0.0076829 0.19238 9.99099E-05 0.490143 0.00681937 0.0465015 0.0364716 0.0416795 9.99099E-05 9.99099E-05 9.99099E-05
0.0592661 0.340495 9.9883E-05 9.9883E-05 0.00563945 9.9883E-05 9.9883E-05 9.9883E-05 9.9883E-05 0.00181364 0.0711747 9.9883E-05 0.452881 9.9883E-05 9.9883E-05 9.9883E-05 0.0674311 9.9883E-05 9.9883E-05 9.9883E-05
0.0869298 9.991E-05 9.991E-05 9.991E-05 0.0141261 9.991E-05 9.991E-05 9.991E-05 0.0101423 0.0411098 0.439051 9.991E-05 0.238517 9.991E-05 0.0370593 0.0199066 0.0895003 9.991E-05 9.991E-05 0.0226587
9.98288E-05 9.98288E-05 9.98288E-05 9.98288E-05 9.98288E-05 0.998103 9.98288E-05 9.98288E-05 9.98288E-05 9.98288E-05 9.98288E-05 9.98288E-05 9.98288E-05 9.98288E-05 9.98288E-05 9.98288E-05 9.98288E-05 9.98288E-05 9.98288E-05 9.98288E-05
9.9829E-05 9.9829E-05 9.9829E-05 9.9829E-05 9.9829E-05 9.9829E-05 9.9829E-05 9.9829E-05 9.9829E-05 0.998103 9.9829E-05 9.9829E-05 9.9829E-05 9.9829E-05 9.9829E-05 9.9829E-05 9.9829E-05 9.9829E-05 9.9829E-05 9.9829E-05
9.9946E-05 0.0119438 9.9946E-05 9.9946E-05 0.00365895 0.0791915 0.0887182 0.000813271 0.00922723 0.0070897 9.9946E-05 9.9946E-05 0.0879637 0.0526553 0.0367401 0.0241082 0.568645 9.9946E-05 0.0232645 0.00538041
9.98739E-05 0.888202 9.98739E-05 9.98739E-05 9.98739E-05 0.0763728 9.98739E-05 9.98739E-05 9.98739E-05 0.00106671 0.02095 9.98739E-05 9.98739E-05 9.98739E-05 9.98739E-05 9.98739E-05 9.98739E-05 9.98739E-05 0.0092119 0.00279845
0.0639171 9.98741E-05 9.98741E-05 0.036878 9.98741E-05 9.98741E-05 9.98741E-05 0.00898119 9.98741E-05 9.98741E-05 9.98741E-05 9.98741E-05 0.86854 9.98741E-05 9.98741E-05 0.0114753 9.98741E-05 9.98741E-05 9.98741E-05 0.00881035
9.98289E-05 9.98289E-05 9.98289E-05 9.98289E-05 9.98289E-05 0.998103 9.98289E-05 9.98289E-05 9.98289E-05 9.98289E-05 9.98289E-05 9.98289E-05 9.98289E-05 9.98289E-05 9.98289E-05 9.98289E-05 9.98289E-05 9.98289E-05 9.98289E-05 9.98289E-05
9.9892E-05 0.719813 9.9892E-05 9.9892E-05 9.9892E-05 0.0775743 0.13767 9.9892E-05 0.00989056 9.9892E-05 9.9892E-05 9.9892E-05 0.0308828 0.00103207 0.00725363 9.9892E-05 9.9892E-05 9.9892E-05 0.0146849 9.9892E-05
9.99189E-05 0.120188 0.0170051 0.054172 0.0127204 9.99189E-05 0.040093 0.0273012 0.00893518 9.99189E-05 0.0404248 9.99189E-05 0.557134 9.99189E-05 9.99189E-05 9.99189E-05 0.0488434 9.99189E-05 0.0722835 9.99189E-05
9.9829E-05 9.9829E-05 9.9829E-05 9.9829E-05 9.9829E-05 9.9829E-05 9.9829E-05 9.9829E-05 0.998103 9.9829E-05 9.9829E-05 9.9829E-05 9.9829E-05 9.9829E-05 9.9829E-05 9.9829E-05 9.9829E-05 9.9829E-05 9.9829E-05 9.9829E-05
9.9829E-05 9.9829E-05 9.9829E-05 9.9829E-05 9.9829E-05 9.9829E-05 9.9829E-05 9.9829E-05 9.9829E-05 0.998103 9.9829E-05 9.9829E-05 9.9829E-05 9.9829E-05 9.9829E-05 9.9829E-05 9.9829E-05 9.9829E-05 9.9829E-05 9.9829E-05
9.9829E-05 9.9829E-05 9.9829E-05 9.9829E-05 9.9829E-05 9.9829E-05 9.9829E-05 9.9829E-05 0.998103 9.9829E-05 9.9829E-05 9.9829E-05 9.9829E-05 9.9829E-05 9.9829E-05 9.9829E-05 9.9829E-05 9.9829E-05 9.9829E-05 9.9829E-05
9.9892E-05 0.776308 9.9892E-05 9.9892E-05 0.00204568 9.9892E-05 9.9892E-05 9.9892E-05 9.9892E-05 0.00413884 9.9892E-05 9.9892E-05 9.9892E-05 9.9892E-05 0.0537929 0.00973655 0.135618 9.9892E-05 0.0092162 0.00794438
0.0241865 0.807639 9.98921E-05 9.98921E-05 0.0257179 0.0461643 9.98921E-05 9.98921E-05 0.0288268 0.00369839 9.98921E-05 9.98921E-05 9.98921E-05 9.98921E-05 0.030955 0.0316137 9.98921E-05 9.98921E-05 9.98921E-05 9.98921E-05
9.9937E-05 0.162189 0.0311215 9.9937E-05 9.9937E-05 9.9937E-05 0.0559249 9.9937E-05 0.018424 0.0258704 9.9937E-05 9.9937E-05 0.321261 0.00413468 0.0321918 0.0120735 0.312475 0.0222129 0.000985627 0.000434806
9.98651E-05 9.98651E-05 9.98651E-05 9.98651E-05 0.0132894 9.98651E-05 9.98651E-05 0.000268664 0.0200577 9.98651E-05 9.98651E-05 9.98651E-05 0.927753 0.0371334 9.98651E-05 9.98651E-05 9.98651E-05 9.98651E-05 9.98651E-05 9.98651E-05
9.98286E-05 9.98286E-05 9.98286E-05 9.98286E-05 9.98286E-05 9.98286E-05 9.98286E-05 9.98286E-05 9.98286E-05 9.98286E-05 0.998103 9.98286E-05 9.98286E-05 9.98286E-05 9.98286E-05 9.98286E-05 9.98286E-05 9.98286E-05 9.98286E-05 9.98286E-05
9.9829E-05 9.9829E-05 9.9829E-05 9.9829E-05 9.9829E-05 9.9829E-05 9.9829E-05 9.9829E-05 9.9829E-05 9.9829E-05 9.9829E-05 9.9829E-05 9.9829E-05 9.9829E-05 9.9829E-05 0.998103 9.9829E-05 9.9829E-05 9.9829E-05 9.9829E-05
9.9883E-05 9.9883E-05 9.9883E-05 0.00956292 9.9883E-05 9.9883E-05 9.9883E-05 0.00717831 0.0270459 0.0482229 0.175181 9.9883E-05 9.9883E-05 9.9883E-05 9.9883E-05 9.9883E-05 0.722748 0.00876274 9.9883E-05 9.9883E-05
9.98651E-05 9.98651E-05 9.98651E-05 9.98651E-05 0.013242 9.98651E-05 0.807483 9.98651E-05 9.98651E-05 9.98651E-05 9.98651E-05 0.000824321 9.98651E-05 9.98651E-05 0.052111 9.98651E-05 0.124842 9.98651E-05 9.98651E-05 9.98651E-05
9.98651E-05 9.98651E-05 9.98651E-05 0.00966754 9.98651E-05 9.98651E-05 0.859963 9.98651E-05 9.98651E-05 9.98651E-05 9.98651E-05 9.98651E-05 9.98651E-05 9.98651E-05 9.98651E-05 0.0121412 9.98651E-05 9.98651E-05 0.0882122 0.0285181
0.0446387 0.0016644 9.9901E-05 0.0150535 0.0159679 9.9901E-05 0.853457 9.9901E-05 0.0186504 0.0104946 9.9901E-05 9.9901E-05 9.9901E-05 9.9901E-05 9.9901E-05 9.9901E-05 9.9901E-05 9.9901E-05 0.0226234 0.0163512
9.98471E-05 9.98471E-05 9.98471E-05 9.98471E-05 9.98471E-05 9.98471E-05 0.819051 9.98471E-05 9.98471E-05 9.98471E-05 9.98471E-05 9.98471E-05 9.98471E-05 9.98471E-05 9.98471E-05 0.010959 0.168293 9.98471E-05 9.98471E-05 9.98471E-05
0.0587941 0.203033 0.051426 9.9883E-05 9.9883E-05 0.084999 0.57225 9.9883E-05 0.0121175 0.0160821 9.9883E-05 9.9883E-05 9.9883E-05 9.9883E-05 9.9883E-05 9.9883E-05 9.9883E-05 9.9883E-05 9.9883E-05 9.9883E-05
0.079129 9.98831E-05 9.98831E-05 9.98831E-05 9.98831E-05 0.0335846 0.845059 9.98831E-05 9.98831E-05 9.98831E-05 9.98831E-05 9.98831E-05 0.00527707 9.98831E-05 0.0194937 0.00637191 9.98831E-05 9.98831E-05 9.98831E-05 0.0097862
9.9847E-05 9.9847E-05 9.9847E-05 9.9847E-05 9.9847E-05 9.9847E-05 0.976628 9.9847E-05 9.9847E-05 9.9847E-05 9.9847E-05 9.9847E-05 9.9847E-05 0.00832479 9.9847E-05 9.9847E-05 9.9847E-05 0.0133501 9.9847E-05 9.9847E-05
9.9865E-05 9.9865E-05 9.9865E-05 9.9865E-05 9.9865E-05 9.9865E-05 0.789468 0.0204784 9.9865E-05 0.0144232 9.9865E-05 9.9865E-05 9.9865E-05 9.9865E-05 9.9865E-05 9.9865E-05 0.134085 9.9865E-05 0.0400482 9.9865E-05
9.98801E-05 9.98801E-05 9.98801E-05 0.0616931 0.00789817 9.98801E-05 0.806239 9.98801E-05 0.00643735 0.00280909 9.98801E-05 0.00953647 0.0175231 9.98801E-05 9.98801E-05 9.98801E-05 9.98801E-05 0.0866655 9.98801E-05 9.98801E-05
9.9937E-05 0.0128304 0.0107055 9.9937E-05 0.0277386 9.9937E-05 0.682851 0.00695967 9.9937E-05 0.0204986 9.9937E-05 0.070046 0.00560231 0.0509823 0.0187781 0.0222357 0.0428676 9.9937E-05 0.027205 9.9937E-05
9.9883E-05 9.9883E-05 0.0846963 9.9883E-05 9.9883E-05 0.0549209 0.713074 9.9883E-05 0.0126303 9.9883E-05 9.9883E-05 9.9883E-05 9.9883E-05 0.0147836 0.020707 9.9883E-05 0.0978896 9.9883E-05 9.9883E-05 9.9883E-05
9.9838E-05 9.9838E-05 9.9838E-05 9.9838E-05 9.9838E-05 9.9838E-05 9.9838E-05 9.9838E-05 0.0214579 9.9838E-05 9.9838E-05 0.976745 9.9838E-05 9.9838E-05 9.9838E-05 9.9838E-05 9.9838E-05 9.9838E-05 9.9838E-05 9.9838E-05
0.108933 9.9883E-05 9.9883E-05 9.9883E-05 0.0152293 9.9883E-05 0.0708638 9.9883E-05 9.9883E-05 0.0192324 9.9883E-05 0.762252 9.9883E-05 9.9883E-05 0.0122121 9.9883E-05 9.9883E-05 9.9883E-05 0.00997882 9.9883E-05
0.394834 9.9919E-05 0.0375856 9.9919E-05 0.0128296 0.0301085 9.9919E-05 0.0075206 0.00957663 0.0140367 9.9919E-05 0.409071 9.9919E-05 0.0305681 0.00319579 9.9919E-05 9.9919E-05 9.9919E-05 0.0497746 9.9919E-05
0.673257 9.98741E-05 9.98741E-05 9.98741E-05 9.98741E-05 0.00937255 9.98741E-05 0.0163705 9.98741E-05 9.98741E-05 9.98741E-05 9.98741E-05 9.98741E-05 0.170542 9.98741E-05 9.98741E-05 9.98741E-05 0.0837187 0.0453404 9.98741E-05
9.9856E-05 9.9856E-05 9.9856E-05 9.9856E-05 0.0387757 9.9856E-05 9.9856E-05 9.9856E-05 9.9856E-05 9.9856E-05 9.9856E-05 0.811481 9.9856E-05 9.9856E-05 9.9856E-05 9.9856E-05 0.120678 9.9856E-05 9.9856E-05 0.0274672
0.276038 0.0805281 9.9901E-05 9.9901E-05 0.0178228 0.0298196 0.0667232 9.9901E-05 9.9901E-05 9.9901E-05 9.9901E-05 0.264611 9.9901E-05 9.9901E-05 0.00155595 9.9901E-05 9.9901E-05 0.256096 9.9901E-05 0.00570627
0.400529 9.9892E-05 0.0212197 0.0247773 9.9892E-05 9.9892E-05 9.9892E-05 9.9892E-05 9.9892E-05 0.0385831 9.9892E-05 0.449722 9.9892E-05 0.0467128 9.9892E-05 9.9892E-05 9.9892E-05 0.0119893 0.00526825 9.9892E-05
0.702968 9.98831E-05 9.98831E-05 9.98831E-05 0.015106 0.0406991 0.00307348 9.98831E-05 9.98831E-05 9.98831E-05 9.98831E-05 0.00804121 9.98831E-05 9.98831E-05 9.98831E-05 9.98831E-05 9.98831E-05 0.159045 0.0697686 9.98831E-05
0.435143 0.0345642 0.0469512 0.0393427 9.99189E-05 0.0303264 9.99189E-05 0.00731735 0.0584092 0.00247191 9.99189E-05 0.137277 9.99189E-05 9.99189E-05 9.99189E-05 9.99189E-05 0.200366 9.99189E-05 0.00693154 9.99189E-05
9.9838E-05 9.9838E-05 9.9838E-05 9.9838E-05 9.9838E-05 9.9838E-05 9.9838E-05 9.9838E-05 9.9838E-05 0.0165981 9.9838E-05 0.981605 9.9838E-05 9.9838E-05 9.9838E-05 9.9838E-05 9.9838E-05 9.9838E-05 9.9838E-05 9.9838E-05
0.214602 9.9892E-05 9.9892E-05 9.9892E-05 0.0210224 9.9892E-05 0.00482794 9.9892E-05 0.00863411 9.9892E-05 9.9892E-05 0.683967 9.9892E-05 9.9892E-05 0.0214873 9.9892E-05 9.9892E-05 9.9892E-05 0.0129136 0.0313476
9.9856E-05 9.9856E-05 9.9856E-05 9.9856E-05 9.9856E-05 9.9856E-05 9.9856E-05 0.00630574 9.9856E-05 9.9856E-05 9.9856E-05 0.908882 9.9856E-05 9.9856E-05 0.0317344 9.9856E-05 9.9856E-05 0.0514802 9.9856E-05 9.9856E-05
0.054585 9.991E-05 9.991E-05 0.0794728 0.0257245 0.0330591 9.991E-05 9.991E-05 0.0276192 9.991E-05 9.991E-05 0.627232 0.0416842 9.991E-05 9.991E-05 9.991E-05 0.0145535 0.0684006 0.0266705 9.991E-05
0.306778 9.9892E-05 9.9892E-05 0.067312 9.9892E-05 9.9892E-05 0.00619541 9.9892E-05 0.0129569 9.9892E-05 9.9892E-05 0.101712 9.9892E-05 9.9892E-05 0.028144 9.9892E-05 0.247465 0.228238 9.9892E-05 9.9892E-05
0.0637507 9.9883E-05 0.000357506 9.9883E-05 9.9883E-05 0.0318848 9.9883E-05 0.0266843 0.0220262 9.9883E-05 9.9883E-05 9.9883E-05 9.9883E-05 9.9883E-05 0.0403681 9.9883E-05 9.9883E-05 0.81363 9.9883E-05 9.9883E-05
9.9892E-05 0.0104507 9.9892E-05 9.9892E-05 0.0154198 9.9892E-05 9.9892E-05 0.0502176 9.9892E-05 9.9892E-05 0.00134112 9.9892E-05 9.9892E-05 9.9892E-05 0.0280629 9.9892E-05 0.00306648 0.87406 9.9892E-05 0.0161832
9.98651E-05 9.98651E-05 9.98651E-05 9.98651E-05 9.98651E-05 9.98651E-05 9.98651E-05 9.98651E-05 0.0101164 9.98651E-05 9.98651E-05 0.31573 9.98651E-05 9.98651E-05 0.019996 0.00282102 9.98651E-05 0.649839 9.98651E-05 9.98651E-05
0.135976 9.99009E-05 9.99009E-05 9.99009E-05 9.99009E-05 0.0395456 9.99009E-05 9.99009E-05 0.00137132 9.99009E-05 0.036052 0.0522429 9.99009E-05 0.0459238 0.00964209 9.99009E-05 9.99009E-05 0.658674 0.0194734 9.99009E-05
9.98291E-05 9.98291E-05 9.98291E-05 9.98291E-05 9.98291E-05 9.98291E-05 9.98291E-05 9.98291E-05 9.98291E-05 9.98291E-05 9.98291E-05 9.98291E-05 9.98291E-05 9.98291E-05 9.98291E-05 9.98291E-05 9.98291E-05 0.998103 9.98291E-05 9.98291E-05
0.162491 0.0609903 9.98829E-05 0.0103667 0.0231555 9.98829E-05 9.98829E-05 9.98829E-05 9.98829E-05 9.98829E-05 0.023385 9.98829E-05 9.98829E-05 9.98829E-05 9.98829E-05 9.98829E-05 9.98829E-05 0.700666 9.98829E-05 0.0176472
9.9847E-05 9.9847E-05 9.9847E-05 9.9847E-05 9.9847E-05 9.9847E-05 9.9847E-05 9.9847E-05 9.9847E-05 9.9847E-05 9.9847E-05 9.9847E-05 9.9847E-05 9.9847E-05 9.9847E-05 9.9847E-05 0.195804 0.78392 9.9847E-05 0.0185783
9.9865E-05 9.9865E-05 9.9865E-05 9.9865E-05 9.9865E-05 0.0456758 0.0390081 9.9865E-05 0.00763427 9.9865E-05 9.9865E-05 9.9865E-05 9.9865E-05 9.9865E-05 9.9865E-05 9.9865E-05 9.9865E-05 0.884248 0.0219362 9.9865E-05
0.914273 0.000209674 9.9892E-05 9.9892E-05 9.9892E-05 9.9892E-05 0.0124435 9.9892E-05 0.00744179 0.0222357 9.9892E-05 9.9892E-05 0.0136126 9.9892E-05 9.9892E-05 9.9892E-05 0.0244577 9.9892E-05 9.9892E-05 0.00412712
0.850825 0.0905352 9.98741E-05 0.00726393 9.98741E-05 9.98741E-05 9.98741E-05 0.0100099 9.98741E-05 9.98741E-05 9.98741E-05 9.98741E-05 9.98741E-05 9.98741E-05 9.98741E-05 0.0309069 9.98741E-05 9.98741E-05 0.00906052 9.98741E-05
0.742894 9.991E-05 0.023969 9.991E-05 9.991E-05 0.00250894 9.991E-05 0.0328551 9.991E-05 0.0189424 9.991E-05 9.991E-05 9.991E-05 9.991E-05 0.0303936 0.0179503 0.118831 9.991E-05 0.00254653 0.00811
0.385129 0.0463383 0.0523109 0.00707269 9.9892E-05 9.9892E-05 9.9892E-05 9.9892E-05 9.9892E-05 9.9892E-05 0.0133642 0.35316 0.0319935 9.9892E-05 9.9892E-05 9.9892E-05 0.109434 9.9892E-05 9.9892E-05 9.9892E-05
0.681343 0.00633411 9.99189E-05 0.0546698 0.0324221 9.99189E-05 9.99189E-05 0.00483112 0.0302327 9.99189E-05 9.99189E-05 0.141212 0.0189333 9.99189E-05 9.99189E-05 0.0161479 9.99189E-05 9.99189E-05 0.00894045 0.00403428
0.793242 9.9883E-05 9.9883E-05 0.0778878 9.9883E-05 9.9883E-05 9.9883E-05 0.0337085 9.9883E-05 9.9883E-05 0.00570415 9.9883E-05 0.0368762 9.9883E-05 0.026164 9.9883E-05 9.9883E-05 9.9883E-05 9.9883E-05 0.0251192
0.258934 9.9874E-05 9.9874E-05 9.9874E-05 0.0138084 9.9874E-05 9.9874E-05 9.9874E-05 9.9874E-05 9.9874E-05 9.9874E-05 0.106025 9.9874E-05 9.9874E-05 9.9874E-05 9.9874E-05 0.268702 0.315627 0.0355051 9.9874E-05
0.880064 9.98651E-05 9.98651E-05 9.98651E-05 9.98651E-05 0.0198567 9.98651E-05 9.98651E-05 9.98651E-05 0.0171801 9.98651E-05 9.98651E-05 9.98651E-05 0.0706021 0.0107992 9.98651E-05 9.98651E-05 9.98651E-05 9.98651E-05 9.98651E-05
0.489309 9.9901E-05 9.9901E-05 0.0161637 9.9901E-05 9.9901E-05 9.9901E-05 9.9901E-05 0.00494831 0.0144888 0.0610979 0.297832 9.9901E-05 0.0200521 0.0179959 9.9901E-05 9.9901E-05 0.0770126 9.9901E-05 9.9901E-05
0.393641 9.98829E-05 9.98829E-05 9.98829E-05 9.98829E-05 0.00104687 9.98829E-05 0.0022563 9.98829E-05 0.0143322 9.98829E-05 0.331512 9.98829E-05 0.104475 9.98829E-05 9.98829E-05 0.151438 9.98829E-05 9.98829E-05 9.98829E-05
0.647529 9.9919E-05 0.0856077 9.9919E-05 0.00387312 9.9919E-05 0.0145251 9.9919E-05 9.9919E-05 9.9919E-05 9.9919E-05 0.0078012 9.9919E-05 0.072471 0.00314645 9.9919E-05 0.0301167 0.0812802 0.0441078 0.00864219
0.825409 9.991E-05 0.0128988 9.991E-05 9.991E-05 9.991E-05 9.991E-05 9.991E-05 0.0172525 0.0245408 9.991E-05 9.991E-05 0.00560408 9.991E-05 0.0122076 0.0122004 9.991E-05 0.0650546 0.0218378 0.00199561
0.710626 9.9892E-05 9.9892E-05 9.9892E-05 0.0309845 9.9892E-05 9.9892E-05 0.00730508 0.00638953 9.9892E-05 0.0414038 0.142165 9.9892E-05 9.9892E-05 9.9892E-05 0.0111568 0.0487699 9.9892E-05 9.9892E-05 9.9892E-05
9.98651E-05 9.98651E-05 9.98651E-05 0.887485 9.98651E-05 9.98651E-05 9.98651E-05 9.98651E-05 0.0102227 9.98651E-05 9.98651E-05 0.0780153 9.98651E-05 9.98651E-05 0.00220827 9.98651E-05 9.98651E-05 9.98651E-05 9.98651E-05 0.0205711
9.9856E-05 0.159994 9.9856E-05 0.721285 9.9856E-05 9.9856E-05 9.9856E-05 9.9856E-05 9.9856E-05 9.9856E-05 9.9856E-05 0.0862714 9.9856E-05 9.9856E-05 9.9856E-05 0.0308523 9.9856E-05 9.9856E-05 9.9856E-05 9.9856E-05
9.9874E-05 9.9874E-05 9.9874E-05 0.90793 9.9874E-05 9.9874E-05 9.9874E-05 9.9874E-05 0.00511083 9.9874E-05 9.9874E-05 9.9874E-05 9.9874E-05 9.9874E-05 0.00694554 0.011546 0.0649448 9.9874E-05 9.9874E-05 0.00212439
0.0645678 9.99009E-05 9.99009E-05 0.765653 0.0168559 9.99009E-05 9.99009E-05 0.00336265 0.00189765 0.00565129 9.99009E-05 9.99009E-05 0.0346929 9.99009E-05 0.00963143 9.99009E-05 0.0965886 9.99009E-05 9.99009E-05 9.99009E-05
9.9856E-05 9.9856E-05 9.9856E-05 0.784127 9.9856E-05 9.9856E-05 9.9856E-05 0.0191924 9.9856E-05 9.9856E-05 9.9856E-05 9.9856E-05 9.9856E-05 9.9856E-05 9.9856E-05 9.9856E-05 0.17939 9.9856E-05 0.015693 9.9856E-05
9.9865E-05 9.9865E-05 9.9865E-05 0.84936 9.9865E-05 9.9865E-05 9.9865E-05 9.9865E-05 0.0183529 0.0164707 0.0853936 0.0289246 9.9865E-05 9.9865E-05 9.9865E-05 9.9865E-05 9.9865E-05 9.9865E-05 9.9865E-05 9.9865E-05
9.9829E-05 9.9829E-05 9.9829E-05 0.998103 9.9829E-05 9.9829E-05 9.9829E-05 9.9829E-05 9.9829E-05 9.9829E-05 9.9829E-05 9.9829E-05 9.9829E-05 9.9829E-05 9.9829E-05 9.9829E-05 9.9829E-05 9.9829E-05 9.9829E-05 9.9829E-05
9.9874E-05 9.9874E-05 0.115285 0.658045 9.9874E-05 9.9874E-05 0.0302563 0.0435351 9.9874E-05 9.9874E-05 9.9874E-05 9.9874E-05 0.0966274 0.0548534 9.9874E-05 9.9874E-05 9.9874E-05 9.9874E-05 9.9874E-05 9.9874E-05
