9.9946E-05 9.9946E-05 9.9946E-05 9.9946E-05 0.0181829 9.9946E-05 0.909347 9.9946E-05 0.0595006 0.0123702
0.112278 0.0289513 0.00408814 0.111212 9.9964E-05 9.9964E-05 0.713916 9.9964E-05 0.0291542 9.9964E-05
0.0584553 0.0466116 0.00468783 9.9973E-05 9.9973E-05 0.0142468 0.774962 0.0907926 9.9973E-05 0.00994435
0.0762163 9.9973E-05 0.00738907 9.9973E-05 0.0767954 0.02614 0.801628 0.00654501 9.9973E-05 0.0049862
0.0877607 0.0681784 0.00714859 0.0391593 9.9982E-05 0.00469399 0.788953 9.9982E-05 0.00204411 0.00186156
0.0844564 9.9955E-05 0.0318761 9.9955E-05 9.9955E-05 0.00772329 0.87322 9.9955E-05 0.00222482 9.9955E-05
0.113633 9.9928E-05 9.9928E-05 9.9928E-05 9.9928E-05 9.9928E-05 0.885568 9.9928E-05 9.9928E-05 9.9928E-05
9.9982E-05 0.0422728 9.9982E-05 0.0294272 0.050135 0.0111568 0.8172 0.0219636 0.0207294 0.00691515
0.185822 0.00550443 9.9964E-05 0.0103977 9.9964E-05 9.9964E-05 0.779957 0.0141089 9.9964E-05 0.00381049
9.9946E-05 9.9946E-05 9.9946E-05 9.9946E-05 0.0953033 0.0402832 0.814043 0.0497711 9.9946E-05 9.9946E-05
9.9964E-05 9.9964E-05 0.0422267 0.0636712 0.143043 0.0136402 0.717393 9.9964E-05 9.9964E-05 0.0196257
9.9955E-05 9.9955E-05 0.0512479 9.9955E-05 0.0797876 9.9955E-05 0.741823 0.111343 9.9955E-05 0.0152981
9.9964E-05 0.0927024 0.00852984 9.9964E-05 0.00391316 9.9964E-05 0.774131 0.0317187 0.0886049 9.9964E-05
0.188852 0.044388 9.9955E-05 0.0454926 9.9955E-05 9.9955E-05 0.700518 9.9955E-05 9.9955E-05 0.0202494
0.0183122 0.0453901 9.9964E-05 0.0441484 0.00207092 9.9964E-05 0.776665 0.113014 9.9964E-05 9.9964E-05
0.12541 9.9937E-05 0.018924 9.9937E-05 9.9937E-05 9.9937E-05 0.854967 9.9937E-05 9.9937E-05 9.9937E-05
9.9937E-05 9.9937E-05 0.0377168 9.9937E-05 9.9937E-05 0.0154299 0.946154 9.9937E-05 9.9937E-05 9.9937E-05
9.9937E-05 9.9937E-05 0.000354589 9.9937E-05 9.9937E-05 9.9937E-05 0.934464 9.9937E-05 0.0644823 9.9937E-05
0.0219011 9.9946E-05 9.9946E-05 0.0124003 9.9946E-05 9.9946E-05 0.934658 9.9946E-05 0.030441 9.9946E-05
9.9946E-05 9.9946E-05 0.034137 9.9946E-05 9.9946E-05 0.043789 0.884468 0.0370062 9.9946E-05 9.9946E-05
9.99201E-05 9.99201E-05 9.99201E-05 9.99201E-05 9.99201E-05 9.99201E-05 9.99201E-05 9.99201E-05 9.99201E-05 0.999101
9.9946E-05 9.9946E-05 9.9946E-05 0.0915373 0.116824 9.9946E-05 9.9946E-05 0.790343 9.9946E-05 0.000696043
9.9982E-05 0.0553037 9.9982E-05 0.0221496 0.0844287 0.00765638 0.0110256 0.728016 0.0548395 0.0363806
9.9946E-05 9.9946E-05 0.0378454 9.9946E-05 9.9946E-05 0.0149901 9.9946E-05 0.918237 0.0283282 9.9946E-05
9.9928E-05 9.9928E-05 9.9928E-05 9.9928E-05 9.9928E-05 9.9928E-05 9.9928E-05 0.963314 9.9928E-05 0.0358868
9.9937E-05 9.9937E-05 0.00957642 9.9937E-05 9.9937E-05 9.9937E-05 0.0159036 0.97382 9.9937E-05 9.9937E-05
0.0459471 0.000667503 9.9964E-05 0.0273458 9.9964E-05 9.9964E-05 9.9964E-05 0.818193 0.0876306 0.0198159
9.99201E-05 9.99201E-05 9.99201E-05 9.99201E-05 9.99201E-05 9.99201E-05 9.99201E-05 9.99201E-05 9.99201E-05 0.999101
0.123336 0.0712996 0.00691252 9.9964E-05 9.9964E-05 0.0327484 9.9964E-05 0.753694 9.9964E-05 0.0116104
9.9955E-05 0.129862 9.9955E-05 0.0401803 0.0486863 9.9955E-05 9.9955E-05 0.742431 0.0383408 9.9955E-05
0.0277932 0.0729077 0.015053 9.9973E-05 0.0583582 0.0117639 9.9973E-05 0.776094 9.9973E-05 0.0377295
0.0461247 0.00649376 0.0319113 9.9973E-05 9.9973E-05 0.0113234 9.9973E-05 0.787691 0.0879518 0.0282039
0.112486 0.0825543 9.9964E-05 9.9964E-05 9.9964E-05 9.9964E-05 0.0206919 0.6781 0.0346578 0.0711106
0.0307986 9.996E-05 9.996E-05 0.178158 0.0534848 0.0145908 9.996E-05 0.679682 9.996E-05 0.0428862
9.9973E-05 0.0833014 0.0106549 0.107179 9.9973E-05 0.0365831 0.046204 0.697484 0.0182939 9.9973E-05
0.116944 9.9973E-05 0.0158671 0.20496 0.122245 9.9973E-05 0.0309094 0.49571 9.9973E-05 0.0130645
9.9946E-05 9.9946E-05 9.9946E-05 0.112314 9.9946E-05 0.0164854 9.9946E-05 0.779506 0.0910943 9.9946E-05
9.9955E-05 0.135198 0.00754282 9.9955E-05 0.140459 9.9955E-05 9.9955E-05 9.9955E-05 0.70379 0.0125096
9.9964E-05 0.114437 0.0176327 0.0260289 0.0991552 0.0249248 9.9964E-05 9.9964E-05 0.717422 9.9964E-05
9.9973E-05 0.108002 0.0347007 0.054852 0.0679391 9.9973E-05 0.0135791 9.9973E-05 0.718558 0.0020693
0.0607061 9.9964E-05 0.0376793 0.0722996 9.9964E-05 9.9964E-05 0.0158931 0.0883381 0.724684 9.9964E-05
0.0822703 9.9973E-05 0.0308872 0.101799 9.9973E-05 0.0227974 0.00219997 9.9973E-05 0.719213 0.0405332
0.0506627 0.0275682 9.9964E-05 0.0428278 9.9964E-05 0.0156234 9.9964E-05 9.9964E-05 0.843701 0.0192168
0.202806 9.9982E-05 0.0212143 0.0670006 0.000178474 0.0202596 0.0384365 9.9982E-05 0.626516 0.0233884
0.0158599 9.9973E-05 0.0139359 0.0558525 9.9973E-05 0.0625145 9.9973E-05 0.0615017 0.75816 0.0318752
0.11827 0.100759 9.9964E-05 9.9964E-05 9.9964E-05 0.0307541 0.033981 0.0557574 0.660079 9.9964E-05
0.0925517 0.0122317 0.0704801 0.00907352 9.9973E-05 0.0213311 9.9973E-05 0.0362031 0.757829 9.9973E-05
0.0503918 9.9973E-05 9.9973E-05 0.0866427 0.0419748 0.000377918 0.00777167 9.9973E-05 0.806291 0.00624985
0.00161465 9.9964E-05 0.0400553 9.9964E-05 9.9964E-05 0.0191697 0.0145132 9.9964E-05 0.863468 0.0607794
9.9946E-05 9.9946E-05 9.9946E-05 0.114578 0.187477 9.9946E-05 9.9946E-05 9.9946E-05 0.69238 0.00496405
9.9964E-05 0.047823 0.0658381 9.9964E-05 0.114626 0.00857716 9.9964E-05 9.9964E-05 0.7481 0.0146357
0.126762 9.9958E-05 0.0169813 0.0620354 9.9958E-05 9.9958E-05 9.9958E-05 9.9958E-05 0.775433 0.0182888
9.9973E-05 0.0854712 9.9973E-05 0.0149818 0.0186266 0.052641 0.00404689 9.9973E-05 0.816863 0.00707006
9.9964E-05 9.9964E-05 0.0456848 0.0328106 9.9964E-05 0.0154263 0.0775487 0.0656473 0.762482 9.9964E-05
0.172205 0.0033434 0.0363467 0.00120424 9.9982E-05 0.0413225 0.0194346 9.9982E-05 0.709367 0.0165766
0.0678986 0.0649697 0.0524648 0.0596696 0.120639 9.998E-05 0.00766284 0.0160458 0.61045 9.998E-05
0.145508 0.00508562 9.9973E-05 9.9973E-05 9.9973E-05 0.0441032 0.0627991 0.0242494 0.686632 0.0313227
0.059813 0.308191 0.0716786 0.324542 0.0068792 0.0468724 0.0215802 0.0435473 0.115422 0.00147409
9.99201E-05 9.99201E-05 9.99201E-05 0.999101 9.99201E-05 9.99201E-05 9.99201E-05 9.99201E-05 9.99201E-05 9.99201E-05
9.9973E-05 0.313575 0.0344768 0.381994 0.0710997 0.111027 9.9973E-05 0.0333735 0.054154 9.9973E-05
9.9964E-05 0.389283 0.0414829 0.356036 9.9964E-05 0.118026 0.00546642 9.9964E-05 0.0893065 9.9964E-05
9.9946E-05 0.499053 0.0394978 0.391968 9.9946E-05 0.0688822 9.9946E-05 9.9946E-05 9.9946E-05 9.9946E-05
9.9964E-05 0.345699 0.0697821 0.374231 9.9964E-05 0.0802607 9.9964E-05 9.9964E-05 0.12666 0.00296761
9.99279E-05 9.99279E-05 0.061621 0.93758 9.99279E-05 9.99279E-05 9.99279E-05 9.99279E-05 9.99279E-05 9.99279E-05
9.99201E-05 9.99201E-05 9.99201E-05 0.999101 9.99201E-05 9.99201E-05 9.99201E-05 9.99201E-05 9.99201E-05 9.99201E-05
9.9982E-05 0.273204 0.0479194 0.387493 0.0933258 0.035304 0.114576 9.9982E-05 0.0455958 0.00238249
9.9991E-05 0.25949 0.0613314 0.362095 0.0908501 0.0518618 0.0478468 0.0551839 0.0369718 0.0342685
9.998E-05 0.356816 0.0620357 0.451972 0.0179704 0.076571 0.0169928 9.998E-05 0.00799948 0.00944305
9.996E-05 0.359054 0.0523626 0.397465 9.996E-05 0.114862 9.996E-05 0.0445797 9.996E-05 0.0312781
0.0025814 0.197077 0.0640067 0.539299 0.00606884 0.0881165 0.0210766 0.0787534 9.9991E-05 0.0029199
9.996E-05 0.331406 0.0718417 0.478302 9.996E-05 0.0547361 0.00750245 9.996E-05 0.0558119 9.996E-05
9.996E-05 0.411236 0.0631833 0.412434 9.996E-05 0.0663626 9.996E-05 9.996E-05 0.044335 0.00204941
9.998E-05 0.301073 0.0265969 0.45038 9.998E-05 0.103441 0.00791555 0.0760721 0.0328561 0.00146577
0.0843273 0.510515 0.0578605 0.204916 9.9964E-05 0.08143 9.9964E-05 0.0605505 9.9964E-05 9.9964E-05
9.997E-05 0.3328 0.0752103 0.180436 9.997E-05 0.0314744 9.997E-05 0.00588064 0.320338 0.053561
9.997E-05 0.271723 0.0605052 0.305027 0.0303981 0.0406917 0.0545804 9.997E-05 0.236776 9.997E-05
9.9964E-05 0.0623 0.0518215 0.322285 9.9964E-05 0.0549081 0.0838556 9.9964E-05 0.42443 9.9964E-05
9.99369E-05 9.99369E-05 0.044455 0.940539 9.99369E-05 0.0143064 9.99369E-05 9.99369E-05 9.99369E-05 9.99369E-05
0.105683 0.119761 0.0719213 0.324267 9.9991E-05 0.110506 0.0753023 0.0480562 0.12307 0.0213336
9.9955E-05 0.233301 0.0710405 0.428291 9.9955E-05 0.114995 9.9955E-05 9.9955E-05 0.151872 9.9955E-05
9.9973E-05 0.591778 0.0919949 0.0796117 9.9973E-05 0.0687669 0.0540785 9.9973E-05 0.111119 0.00235148
0.0467473 0.306513 0.0417821 0.40631 9.9991E-05 0.110609 0.0469696 0.035697 0.000665327 0.00460685
9.996E-05 0.181532 0.0377423 0.511638 9.996E-05 0.10204 0.0712172 9.996E-05 0.0954312 9.996E-05
0.0688569 0.0896097 0.0627393 0.0852238 0.17729 0.123237 0.0163617 0.0709928 0.298226 0.00746275
0.122502 9.9955E-05 0.0357545 0.141097 0.518255 9.9955E-05 9.9955E-05 9.9955E-05 0.181891 9.9955E-05
0.153947 0.33967 0.0276785 0.265049 0.0151998 9.9991E-05 0.00970553 0.063713 0.123676 0.00126089
9.997E-05 0.565342 0.0644952 0.164278 0.0450144 0.0522906 0.0300229 9.997E-05 0.0782567 9.997E-05
0.12691 0.58388 0.119163 0.0709961 9.9964E-05 0.000232108 9.9964E-05 9.9964E-05 0.0984184 9.9964E-05
0.0465366 0.385689 9.9964E-05 0.365507 9.9964E-05 0.0864721 0.0138949 9.9964E-05 0.1015 9.9964E-05
9.9946E-05 0.0698401 9.9946E-05 0.069554 9.9946E-05 0.82512 9.9946E-05 0.0348866 9.9946E-05 9.9946E-05
9.998E-05 0.190687 0.0631462 0.488964 0.0170006 0.0719487 0.0206251 9.998E-05 0.139622 0.0078066
0.0703385 0.25899 0.062763 0.469006 9.9964E-05 0.0370141 9.9964E-05 9.9964E-05 0.101488 9.9964E-05
0.186507 0.236842 0.0301287 0.332521 9.9982E-05 0.0707133 0.070195 0.0532883 9.9982E-05 0.0196054
9.9982E-05 0.259267 0.0718696 0.314896 0.071621 0.0615272 0.0802641 0.134637 0.00571848 9.9982E-05
0.0174854 0.276083 0.0587989 0.434254 0.148047 0.0236659 0.0291312 0.0123348 9.9982E-05 9.9982E-05
9.998E-05 0.252306 0.0164361 0.403794 0.0509405 0.0748658 0.102736 0.0654493 0.0332725 9.998E-05
9.998E-05 0.310519 0.0847964 0.274676 0.203756 0.0703382 0.0177852 0.024329 0.0135994 9.998E-05
9.9964E-05 0.269346 0.065431 0.40373 9.9964E-05 0.0493627 0.0613211 9.9964E-05 0.150409 9.9964E-05
9.998E-05 0.575162 0.0793866 0.247065 9.998E-05 0.0456658 0.00549988 0.00833003 0.0339159 0.00477555
9.9964E-05 0.316119 0.101851 0.390238 9.9964E-05 0.0954269 0.0100081 9.9964E-05 0.0859565 9.9964E-05
9.999E-05 0.3757 0.0516916 0.359483 0.0300037 0.0527357 0.0423162 0.0220695 0.0458373 0.0200624
0.0852928 0.160198 0.0644344 0.446849 9.9973E-05 0.159881 9.9973E-05 9.9973E-05 0.0631024 0.019943
0.0231053 0.421383 0.0240828 0.399717 9.997E-05 0.0552746 9.997E-05 9.997E-05 0.0631509 0.0129866
9.99201E-05 9.99201E-05 9.99201E-05 9.99201E-05 9.99201E-05 0.999101 9.99201E-05 9.99201E-05 9.99201E-05 9.99201E-05
0.0769269 0.288338 0.094251 0.297723 0.00601402 0.0972859 0.0590612 0.022769 0.040768 0.016863
0.0459692 0.307596 0.0128067 0.467322 9.998E-05 0.0899025 0.0145046 9.998E-05 0.0584463 0.00325323
9.998E-05 0.285859 0.028927 0.346077 0.104034 0.117167 0.056188 9.998E-05 0.0551574 0.0063915
9.9964E-05 0.330925 0.0222625 0.340763 9.9964E-05 0.114385 0.00133842 9.9964E-05 0.189928 9.9964E-05
9.996E-05 0.494139 0.0955544 0.321288 9.996E-05 0.0145399 0.0281826 9.996E-05 0.045896 9.996E-05
9.9982E-05 0.509242 0.0558291 0.209721 0.0203225 0.0319834 0.0440181 0.0419734 0.0867109 9.9982E-05
9.99201E-05 9.99201E-05 0.999101 9.99201E-05 9.99201E-05 9.99201E-05 9.99201E-05 9.99201E-05 9.99201E-05 9.99201E-05
9.99201E-05 9.99201E-05 9.99201E-05 9.99201E-05 9.99201E-05 0.999101 9.99201E-05 9.99201E-05 9.99201E-05 9.99201E-05
9.99201E-05 9.99201E-05 0.999101 9.99201E-05 9.99201E-05 9.99201E-05 9.99201E-05 9.99201E-05 9.99201E-05 9.99201E-05
9.998E-05 0.147292 0.0404583 0.520618 0.104376 0.111162 0.0507629 9.998E-05 0.0225572 0.0025737
0.124033 0.0389829 0.0868717 0.438756 9.999E-05 0.144463 0.0243255 0.0990931 0.0223961 0.0209786
9.997E-05 0.259514 0.0661285 0.316773 0.0863576 0.124308 0.0511927 0.0954263 9.997E-05 9.997E-05
9.9973E-05 0.355751 0.0991151 0.372429 9.9973E-05 0.0637998 0.0280678 9.9973E-05 0.048797 0.031741
9.998E-05 0.239709 0.0691468 0.433809 9.998E-05 0.0942435 0.0134228 0.0104482 0.104761 0.0342593
9.9964E-05 9.9964E-05 0.00960391 0.0526677 0.0787199 0.789143 0.0470953 9.9964E-05 9.9964E-05 0.0223701
9.997E-05 0.246576 0.0606655 0.298431 0.141857 0.134684 0.0873891 9.997E-05 0.0300976 9.997E-05
0.0662897 0.7694 9.9946E-05 0.140442 9.9946E-05 9.9946E-05 9.9946E-05 9.9946E-05 9.9946E-05 0.023269
9.9946E-05 0.883661 0.0142164 9.9946E-05 0.0809357 0.0205868 9.9946E-05 9.9946E-05 9.9946E-05 9.9946E-05
0.0613048 0.78664 0.0486809 9.9964E-05 9.9964E-05 0.0223482 9.9964E-05 0.0165083 9.9964E-05 0.0641182
0.0593538 0.766427 0.0152723 0.0634082 9.998E-05 0.00289026 0.027703 0.0392041 9.998E-05 0.0255409
0.144724 0.679105 0.0468908 9.996E-05 9.996E-05 0.0547039 9.996E-05 0.054842 9.996E-05 0.0193341
0.0899617 0.70153 9.9973E-05 0.0134249 0.0347055 0.0319579 9.9973E-05 0.114439 9.9973E-05 0.0136812
0.0827315 0.828337 9.9964E-05 9.9964E-05 9.9964E-05 9.9964E-05 0.00674011 0.0308909 0.0302298 0.0206711
9.9946E-05 0.816825 9.9946E-05 9.9946E-05 9.9946E-05 0.0115624 0.0505641 0.120449 9.9946E-05 9.9946E-05
0.0991 0.794558 0.0174844 9.9964E-05 9.9964E-05 9.9964E-05 9.9964E-05 0.0146266 0.0585464 0.0152852
0.0317119 0.735826 0.029744 9.996E-05 9.996E-05 0.0199084 9.996E-05 9.996E-05 0.106068 0.076342
9.998E-05 0.718335 0.0296853 0.0286779 0.0438953 0.00883466 9.998E-05 0.10887 0.035318 0.0261833
0.851144 9.9946E-05 0.0329286 9.9946E-05 9.9946E-05 0.0272017 9.9946E-05 0.088126 9.9946E-05 9.9946E-05
0.763287 0.101021 9.996E-05 9.996E-05 0.0636594 0.0423342 0.01144 9.996E-05 9.996E-05 0.0178581
0.843493 0.0150878 0.0429645 9.9973E-05 9.9973E-05 0.0126798 9.9973E-05 0.0196793 0.0421065 0.0236889
0.196476 9.9964E-05 0.023004 9.9964E-05 0.617705 9.9964E-05 0.0281574 0.0587088 0.0755485 9.9964E-05
0.807396 9.9964E-05 9.9964E-05 0.081292 0.00986798 9.9964E-05 0.011097 9.9964E-05 0.0447406 0.0452063
0.371197 0.102965 0.00787044 0.0232105 0.457539 9.996E-05 9.996E-05 9.996E-05 9.996E-05 0.0368178
0.77028 9.995E-05 9.995E-05 9.995E-05 0.0416896 0.0581231 9.995E-05 0.0328181 0.0965897 9.995E-05
0.613234 0.0745542 0.00508348 9.996E-05 0.284287 0.00487862 9.996E-05 9.996E-05 9.996E-05 0.017563
0.53436 9.999E-05 0.107766 0.0140217 0.15529 0.0639502 0.0374089 0.030546 0.0459754 0.0105816
0.836628 0.0629599 9.9946E-05 9.9946E-05 9.9946E-05 0.0171603 9.9946E-05 9.9946E-05 0.0826525 9.9946E-05
0.897809 9.9955E-05 0.0249793 0.0150359 9.9955E-05 9.9955E-05 9.9955E-05 9.9955E-05 0.0408212 0.020855
0.714436 9.997E-05 0.00572231 0.0105199 0.167933 9.997E-05 0.0371522 9.997E-05 0.0458126 0.0181237
0.487031 0.0726272 0.026469 9.998E-05 0.224469 9.998E-05 0.0459778 0.0775202 0.0590896 0.00661551
0.46679 0.054224 0.0221945 0.112947 0.20752 0.0213858 0.00698437 9.9982E-05 0.107756 9.9982E-05
9.9964E-05 9.9964E-05 0.00624935 0.0748009 0.828602 0.0205708 9.9964E-05 0.06132 9.9964E-05 0.00805751
0.0216819 9.9964E-05 9.9964E-05 0.0213968 0.882792 0.0394336 0.0295484 9.9964E-05 9.9964E-05 0.00474783
9.9937E-05 0.0330932 9.9937E-05 9.9937E-05 0.95431 9.9937E-05 9.9937E-05 9.9937E-05 0.0118971 9.9937E-05
9.9955E-05 0.0269565 0.000357702 9.9955E-05 0.951263 0.000516062 9.9955E-05 9.9955E-05 9.9955E-05 0.0204067
9.99281E-05 9.99281E-05 9.99281E-05 9.99281E-05 0.976385 9.99281E-05 9.99281E-05 9.99281E-05 9.99281E-05 0.022816
9.9946E-05 9.9946E-05 9.9946E-05 0.0813675 0.89239 9.9946E-05 9.9946E-05 0.00111604 9.9946E-05 0.0245268
9.9955E-05 9.9955E-05 9.9955E-05 0.080243 0.793408 0.0542211 0.00728251 0.0643457 9.9955E-05 9.9955E-05
0.036042 0.06902 0.0448501 9.9973E-05 0.800191 0.000637193 9.9973E-05 9.9973E-05 0.0192051 0.0297543
0.60766 0.00218413 0.0477724 9.9973E-05 0.274503 0.0242374 0.00316544 0.0401772 9.9973E-05 9.9973E-05
0.47916 0.0619654 9.997E-05 0.0435223 0.374951 0.00733801 0.0198809 9.997E-05 9.997E-05 0.0128821
0.484023 9.9955E-05 9.9955E-05 9.9955E-05 0.230175 0.101221 0.0187963 0.165285 9.9955E-05 9.9955E-05
0.520616 0.111039 9.9955E-05 9.9955E-05 0.30109 9.9955E-05 0.0114012 0.0553551 9.9955E-05 9.9955E-05
0.56902 9.9973E-05 0.0442244 0.0164288 0.244274 9.9973E-05 0.0170281 9.9973E-05 0.0817336 0.0269904
0.650392 9.9964E-05 0.0232905 0.116078 0.114895 9.9964E-05 0.0882449 9.9964E-05 9.9964E-05 0.00670029
0.421136 0.0310309 0.0181846 0.0253797 0.399082 0.0103512 0.0167447 0.0526407 9.999E-05 0.0253511
0.692552 9.9964E-05 0.0093418 9.9964E-05 0.144937 0.0471011 9.9964E-05 0.0861144 0.0195539 9.9964E-05
0.79124 9.9955E-05 0.0321941 0.0173928 0.0750149 9.9955E-05 9.9955E-05 9.9955E-05 0.0836581 9.9955E-05
0.599962 0.0179124 9.9982E-05 0.00186336 0.155728 0.025969 0.0513492 0.0347805 0.112236 9.9982E-05
0.605237 0.0549598 9.9973E-05 0.033466 0.215758 9.9973E-05 9.9973E-05 0.0822751 0.00366074 0.0043436
0.509265 9.9964E-05 0.0184341 9.9964E-05 0.354601 0.0506961 9.9964E-05 0.0536923 9.9964E-05 0.0129124
0.881634 0.012346 0.0237288 9.9955E-05 9.9955E-05 9.9955E-05 0.0459959 9.9955E-05 9.9955E-05 0.0357952
0.02137 9.998E-05 0.0134085 0.0770082 0.205062 9.998E-05 0.0275957 0.0722786 0.572193 0.0108837
9.996E-05 0.0456648 9.996E-05 9.996E-05 0.283208 0.0705843 0.0495303 0.0516655 0.498947 9.996E-05
9.9973E-05 9.9973E-05 0.00504175 0.0709912 0.304396 9.9973E-05 0.0920868 0.0094175 0.501686 0.0160803
9.999E-05 0.0451136 0.0207091 0.0474788 0.240946 0.0114765 0.0873364 0.0444074 0.499834 0.00259818
9.999E-05 0.0951029 0.00470493 0.0103122 0.272733 0.0113049 0.0835828 0.0521659 0.466365 0.0036285
0.0550722 0.0385745 0.0157138 9.998E-05 0.118851 0.0383503 9.998E-05 0.0745852 0.647588 0.011066
9.996E-05 0.0792377 9.996E-05 9.996E-05 0.111887 0.0220141 9.996E-05 0.0615921 0.72426 0.000609616
9.995E-05 0.0957631 9.995E-05 9.995E-05 0.165087 9.995E-05 0.0283915 0.219502 0.490756 9.995E-05
