9.98558E-05 0.998402 9.98558E-05 9.98558E-05 9.98558E-05 9.98558E-05 9.98558E-05 9.98558E-05 9.98558E-05 9.98558E-05 9.98558E-05 9.98558E-05 9.98558E-05 9.98558E-05 9.98558E-05 9.98558E-05 9.98558E-05
9.991E-05 9.991E-05 9.991E-05 9.991E-05 0.0261895 0.115328 9.991E-05 0.0186819 0.0195589 9.991E-05 9.991E-05 9.991E-05 9.991E-05 0.00152121 0.815271 0.00245029 9.991E-05
0.00070924 0.310176 0.0559264 9.99099E-05 9.99099E-05 0.0853209 9.99099E-05 9.99099E-05 0.00450886 9.99099E-05 0.0165334 9.99099E-05 9.99099E-05 9.99099E-05 0.525826 9.99099E-05 9.99099E-05
9.99189E-05 0.553737 0.0102095 9.99189E-05 9.99189E-05 0.00301433 9.99189E-05 0.0074484 9.99189E-05 9.99189E-05 0.00877663 9.99189E-05 9.99189E-05 0.0764177 0.260055 9.99189E-05 0.0794419
0.00514966 0.614467 9.9919E-05 0.041872 9.9919E-05 9.9919E-05 9.9919E-05 9.9919E-05 0.051769 9.9919E-05 9.9919E-05 0.0245896 9.9919E-05 0.0304407 0.206414 9.9919E-05 0.0243993
0.0151631 0.00666021 9.9892E-05 9.9892E-05 9.9892E-05 9.9892E-05 9.9892E-05 9.9892E-05 0.00714661 0.002388 9.9892E-05 9.9892E-05 9.9892E-05 9.9892E-05 0.967443 9.9892E-05 9.9892E-05
9.98559E-05 0.998402 9.98559E-05 9.98559E-05 9.98559E-05 9.98559E-05 9.98559E-05 9.98559E-05 9.98559E-05 9.98559E-05 9.98559E-05 9.98559E-05 9.98559E-05 9.98559E-05 9.98559E-05 9.98559E-05 9.98559E-05
9.991E-05 0.105918 9.991E-05 9.991E-05 9.991E-05 9.991E-05 0.0396848 0.0307922 0.00221993 0.00487556 0.00556374 9.991E-05 9.991E-05 9.991E-05 0.809947 9.991E-05 9.991E-05
9.9901E-05 0.346902 0.0122871 9.9901E-05 9.9901E-05 9.9901E-05 9.9901E-05 9.9901E-05 9.9901E-05 9.9901E-05 9.9901E-05 0.0735577 0.0450541 9.9901E-05 0.463364 9.9901E-05 0.0577364
9.98919E-05 9.98919E-05 0.0286004 9.98919E-05 9.98919E-05 9.98919E-05 9.98919E-05 9.98919E-05 9.98919E-05 0.00971046 9.98919E-05 9.98919E-05 0.0189815 9.98919E-05 0.941054 9.98919E-05 0.000455409
0.00768129 0.0188974 9.9901E-05 9.9901E-05 9.9901E-05 0.117261 9.9901E-05 9.9901E-05 9.9901E-05 9.9901E-05 0.00970751 9.9901E-05 9.9901E-05 9.9901E-05 0.832242 9.9901E-05 0.0131118
0.020793 0.488111 0.0629868 9.991E-05 9.991E-05 0.100211 9.991E-05 9.991E-05 9.991E-05 9.991E-05 9.991E-05 9.991E-05 9.991E-05 0.00738808 0.279268 9.991E-05 0.0402432
9.99011E-05 9.99011E-05 9.99011E-05 0.0395561 0.00162157 9.99011E-05 9.99011E-05 0.0183466 9.99011E-05 9.99011E-05 9.99011E-05 9.99011E-05 9.99011E-05 9.99011E-05 0.927426 0.00761133 0.00433967
9.99099E-05 0.298609 0.00301616 9.99099E-05 9.99099E-05 9.99099E-05 0.108322 0.00260602 0.132582 9.99099E-05 0.0184138 9.99099E-05 9.99099E-05 9.99099E-05 0.435452 9.99099E-05 9.99099E-05
9.99099E-05 0.484801 0.0517461 0.00733823 9.99099E-05 9.99099E-05 0.091532 9.99099E-05 9.99099E-05 9.99099E-05 9.99099E-05 0.0033394 9.99099E-05 0.0288144 0.331429 9.99099E-05 9.99099E-05
9.98651E-05 9.98651E-05 9.98651E-05 9.98651E-05 9.98651E-05 9.98651E-05 9.98651E-05 9.98651E-05 9.98651E-05 9.98651E-05 9.98651E-05 9.98651E-05 9.98651E-05 0.0479819 0.95052 9.98651E-05 9.98651E-05
0.016486 0.745792 9.9883E-05 9.9883E-05 9.9883E-05 9.9883E-05 9.9883E-05 9.9883E-05 9.9883E-05 0.00921393 9.9883E-05 9.9883E-05 9.9883E-05 9.9883E-05 0.22721 9.9883E-05 9.9883E-05
9.9874E-05 0.92782 9.9874E-05 9.9874E-05 9.9874E-05 9.9874E-05 9.9874E-05 9.9874E-05 9.9874E-05 9.9874E-05 9.9874E-05 0.0532177 9.9874E-05 9.9874E-05 0.0175644 9.9874E-05 9.9874E-05
9.9883E-05 0.830975 9.9883E-05 9.9883E-05 9.9883E-05 9.9883E-05 9.9883E-05 0.000426895 9.9883E-05 9.9883E-05 9.9883E-05 9.9883E-05 9.9883E-05 9.9883E-05 0.112053 0.0552461 9.9883E-05
0.0178367 0.502048 0.0180686 9.9919E-05 0.00539986 0.000729846 0.00962895 9.9919E-05 9.9919E-05 0.00769889 9.9919E-05 9.9919E-05 9.9919E-05 9.9919E-05 0.43769 9.9919E-05 9.9919E-05
9.9856E-05 9.9856E-05 9.9856E-05 9.9856E-05 9.9856E-05 9.9856E-05 9.9856E-05 9.9856E-05 9.9856E-05 9.9856E-05 0.998402 9.9856E-05 9.9856E-05 9.9856E-05 9.9856E-05 9.9856E-05 9.9856E-05
9.9892E-05 9.9892E-05 0.738674 9.9892E-05 9.9892E-05 0.168806 9.9892E-05 0.0142717 9.9892E-05 9.9892E-05 9.9892E-05 9.9892E-05 0.00719823 9.9892E-05 9.9892E-05 9.9892E-05 0.0698514
9.9901E-05 0.0457385 0.7559 9.9901E-05 9.9901E-05 9.9901E-05 0.056113 9.9901E-05 9.9901E-05 0.0127194 9.9901E-05 9.9901E-05 9.9901E-05 9.9901E-05 9.9901E-05 0.0665715 0.0618588
0.0332077 9.9901E-05 0.881588 9.9901E-05 0.0480249 9.9901E-05 9.9901E-05 9.9901E-05 9.9901E-05 0.0110466 9.9901E-05 9.9901E-05 9.9901E-05 9.9901E-05 9.9901E-05 0.0092857 0.0157482
9.98741E-05 9.98741E-05 0.978503 9.98741E-05 9.98741E-05 9.98741E-05 9.98741E-05 9.98741E-05 9.98741E-05 9.98741E-05 0.00623871 0.0138603 9.98741E-05 9.98741E-05 9.98741E-05 9.98741E-05 9.98741E-05
0.0246556 0.0284548 0.927823 0.012935 9.9901E-05 9.9901E-05 9.9901E-05 9.9901E-05 9.9901E-05 0.00456127 9.9901E-05 9.9901E-05 9.9901E-05 9.9901E-05 9.9901E-05 0.000471194 9.9901E-05
9.9901E-05 9.9901E-05 0.774601 9.9901E-05 9.9901E-05 9.9901E-05 0.0689895 9.9901E-05 9.9901E-05 9.9901E-05 0.0090559 0.0271598 9.9901E-05 9.9901E-05 9.9901E-05 0.0349952 0.0841
9.9856E-05 9.9856E-05 9.9856E-05 9.9856E-05 9.9856E-05 9.9856E-05 9.9856E-05 9.9856E-05 9.9856E-05 9.9856E-05 0.998402 9.9856E-05 9.9856E-05 9.9856E-05 9.9856E-05 9.9856E-05 9.9856E-05
9.99201E-05 9.99201E-05 0.763186 0.0529504 9.99201E-05 0.00612983 0.0703381 9.99201E-05 0.00925632 0.0156002 0.0178856 9.99201E-05 9.99201E-05 0.0601606 0.00369347 9.99201E-05 9.99201E-05
0.0056977 9.9919E-05 0.671016 0.01269 9.9919E-05 9.9919E-05 9.9919E-05 0.00420097 9.9919E-05 9.9919E-05 9.9919E-05 0.113511 9.9919E-05 0.117155 0.00917978 9.9919E-05 0.0656499
0.0133085 9.991E-05 0.727263 9.991E-05 9.991E-05 0.0537031 9.991E-05 9.991E-05 9.991E-05 9.991E-05 0.0223508 0.02977 9.991E-05 0.130289 9.991E-05 9.991E-05 0.0223174
0.0241705 9.991E-05 0.712953 0.0414309 0.117533 9.991E-05 9.991E-05 9.991E-05 0.00191353 9.991E-05 0.0298649 9.991E-05 9.991E-05 9.991E-05 9.991E-05 0.0711351 9.991E-05
0.00343346 0.0512261 0.638713 0.0631869 9.9919E-05 9.9919E-05 9.9919E-05 0.036662 9.9919E-05 9.9919E-05 0.0430823 0.0150039 9.9919E-05 0.147793 9.9919E-05 9.9919E-05 9.9919E-05
9.99189E-05 9.99189E-05 0.617379 9.99189E-05 9.99189E-05 0.000997985 0.170497 0.0747601 0.015251 0.00667518 0.0365933 9.99189E-05 0.0769474 9.99189E-05 9.99189E-05 9.99189E-05 9.99189E-05
0.0129637 0.0294785 0.692632 9.9919E-05 9.9919E-05 0.106324 9.9919E-05 0.00833739 9.9919E-05 0.0413196 9.9919E-05 0.0556111 9.9919E-05 9.9919E-05 9.9919E-05 0.0524336 9.9919E-05
9.99099E-05 0.0493492 0.417429 9.99099E-05 9.99099E-05 0.375615 9.99099E-05 0.0281882 0.00374112 9.99099E-05 9.99099E-05 9.99099E-05 0.0891101 9.99099E-05 9.99099E-05 9.99099E-05 0.0355687
9.9901E-05 9.9901E-05 0.674642 9.9901E-05 0.102354 9.9901E-05 9.9901E-05 0.0121748 0.00939512 9.9901E-05 9.9901E-05 0.0683873 9.9901E-05 9.9901E-05 9.9901E-05 0.131949 9.9901E-05
9.991E-05 9.991E-05 9.991E-05 9.991E-05 0.60821 0.0135397 9.991E-05 9.991E-05 9.991E-05 9.991E-05 0.0228862 0.0703709 0.0161435 9.991E-05 9.991E-05 0.177837 0.0900136
9.99189E-05 0.030829 9.99189E-05 0.0777741 0.583699 0.144613 0.0750867 9.99189E-05 9.99189E-05 9.99189E-05 9.99189E-05 9.99189E-05 0.0657088 0.00507559 9.99189E-05 0.0163145 9.99189E-05
0.00432269 9.991E-05 9.991E-05 9.991E-05 0.574941 9.991E-05 0.211169 0.0336614 0.0695186 9.991E-05 9.991E-05 9.991E-05 9.991E-05 9.991E-05 0.0567603 9.991E-05 0.0486283
9.99209E-05 0.0508026 9.99209E-05 9.99209E-05 0.771892 0.0429529 9.99209E-05 0.00786668 9.99209E-05 9.99209E-05 9.99209E-05 0.0738267 0.0458234 0.00348714 9.99209E-05 0.00244921 9.99209E-05
9.9928E-05 0.022779 9.9928E-05 9.9928E-05 0.642798 0.0217184 9.9928E-05 0.05822 0.0649736 0.0166856 0.0107783 9.9928E-05 9.9928E-05 9.9928E-05 9.9928E-05 0.0743314 0.0869165
9.9919E-05 9.9919E-05 9.9919E-05 0.00250909 0.65547 9.9919E-05 0.042975 9.9919E-05 9.9919E-05 9.9919E-05 0.00837334 0.114324 9.9919E-05 0.0733636 0.00220642 9.9919E-05 0.0998799
0.00244815 9.9946E-05 9.9946E-05 9.9946E-05 0.415754 9.9946E-05 0.0605071 0.0491679 0.0930074 0.00196086 0.0148252 9.9946E-05 0.020242 9.9946E-05 0.0477925 0.057902 0.235793
9.9937E-05 9.9937E-05 9.9937E-05 9.9937E-05 0.722756 0.0289571 0.045849 0.0196312 0.0379059 0.00796417 0.0137619 0.0758725 0.034663 9.9937E-05 0.0119393 9.9937E-05 9.9937E-05
9.9928E-05 9.9928E-05 0.0347237 0.0318768 0.647816 9.9928E-05 9.9928E-05 9.9928E-05 0.042476 0.0102842 9.9928E-05 9.9928E-05 0.021968 9.9928E-05 0.011244 0.107974 0.0908378
0.0180802 9.991E-05 0.0238208 9.991E-05 0.809521 9.991E-05 0.0943519 0.00118681 9.991E-05 0.0227525 9.991E-05 0.0292881 9.991E-05 9.991E-05 9.991E-05 9.991E-05 9.991E-05
9.991E-05 9.991E-05 9.991E-05 9.991E-05 0.714678 0.0890392 0.0587167 9.991E-05 9.991E-05 0.00272507 0.014097 9.991E-05 0.0793007 9.991E-05 9.991E-05 9.991E-05 0.0404438
0.0179806 9.98921E-05 9.98921E-05 9.98921E-05 0.935778 9.98921E-05 9.98921E-05 0.0191898 9.98921E-05 9.98921E-05 0.0243752 9.98921E-05 9.98921E-05 9.98921E-05 9.98921E-05 0.00147799 9.98921E-05
9.9901E-05 9.9901E-05 9.9901E-05 9.9901E-05 0.496672 9.9901E-05 9.9901E-05 0.0624086 9.9901E-05 9.9901E-05 0.00287351 9.9901E-05 0.0558175 9.9901E-05 9.9901E-05 0.105407 0.275723
0.0130814 0.000821654 9.991E-05 0.0365392 0.816014 0.114505 9.991E-05 9.991E-05 0.00335673 9.991E-05 9.991E-05 9.991E-05 9.991E-05 9.991E-05 0.0146829 9.991E-05 9.991E-05
9.98831E-05 9.98831E-05 9.98831E-05 9.98831E-05 0.764433 9.98831E-05 0.0732251 0.0363683 0.124675 9.98831E-05 9.98831E-05 9.98831E-05 9.98831E-05 9.98831E-05 9.98831E-05 9.98831E-05 9.98831E-05
9.99189E-05 0.0185698 9.99189E-05 0.0477523 0.759596 9.99189E-05 0.000527133 0.0198486 9.99189E-05 0.0643526 0.00423169 9.99189E-05 0.0842229 9.99189E-05 9.99189E-05 9.99189E-05 9.99189E-05
0.0174474 0.104323 0.0148863 9.99099E-05 0.738104 0.110767 9.99099E-05 9.99099E-05 9.99099E-05 9.99099E-05 9.99099E-05 0.000636208 9.99099E-05 0.0128366 9.99099E-05 9.99099E-05 9.99099E-05
0.0259041 9.99279E-05 9.99279E-05 9.99279E-05 0.578225 9.99279E-05 0.0235106 9.99279E-05 9.99279E-05 0.010002 0.00411351 0.0606466 9.99279E-05 0.147305 0.0746115 9.99279E-05 0.0748825
0.0225203 9.9937E-05 0.00142661 0.0502808 0.548963 0.0295993 0.107495 9.9937E-05 0.0828242 9.9937E-05 0.00201973 9.9937E-05 9.9937E-05 9.9937E-05 0.0342516 9.9937E-05 0.11992
9.9901E-05 9.9901E-05 0.0463792 0.00711896 0.730881 9.9901E-05 9.9901E-05 9.9901E-05 9.9901E-05 0.0228805 9.9901E-05 0.139005 9.9901E-05 9.9901E-05 0.052637 9.9901E-05 9.9901E-05
0.0181435 9.9928E-05 9.9928E-05 0.058856 0.134796 0.466646 0.173325 0.00380928 0.0218917 9.9928E-05 9.9928E-05 9.9928E-05 9.9928E-05 9.9928E-05 0.0310325 0.0907003 9.9928E-05
9.9856E-05 9.9856E-05 9.9856E-05 9.9856E-05 9.9856E-05 9.9856E-05 9.9856E-05 0.998402 9.9856E-05 9.9856E-05 9.9856E-05 9.9856E-05 9.9856E-05 9.9856E-05 9.9856E-05 9.9856E-05 9.9856E-05
9.99324E-05 9.99324E-05 9.99324E-05 0.0437453 0.00719617 0.548898 0.159707 9.99324E-05 9.99324E-05 0.0446641 0.000457981 0.0478007 9.99324E-05 9.99324E-05 9.99324E-05 0.0706964 0.0760351
0.0078274 0.0628933 9.9937E-05 0.166287 0.0225208 0.409622 0.154318 0.0409603 9.9937E-05 0.0142214 9.9937E-05 0.0733149 9.9937E-05 9.9937E-05 9.9937E-05 0.0473346 9.9937E-05
0.00432623 9.9919E-05 9.9919E-05 0.0285514 9.9919E-05 0.191997 9.9919E-05 0.0274676 0.00789212 9.9919E-05 9.9919E-05 0.432287 9.9919E-05 9.9919E-05 9.9919E-05 0.291396 0.0151842
0.0148206 0.0194143 9.99369E-05 9.99369E-05 9.99369E-05 0.0183989 0.145669 9.99369E-05 9.99369E-05 0.00817359 0.00275006 0.746673 0.00646375 0.0285457 9.99369E-05 0.00839132 9.99369E-05
0.0577321 9.9865E-05 9.9865E-05 9.9865E-05 9.9865E-05 9.9865E-05 9.9865E-05 0.94077 9.9865E-05 9.9865E-05 9.9865E-05 9.9865E-05 9.9865E-05 9.9865E-05 9.9865E-05 9.9865E-05 9.9865E-05
9.9856E-05 9.9856E-05 9.9856E-05 9.9856E-05 9.9856E-05 9.9856E-05 9.9856E-05 0.998402 9.9856E-05 9.9856E-05 9.9856E-05 9.9856E-05 9.9856E-05 9.9856E-05 9.9856E-05 9.9856E-05 9.9856E-05
0.0295765 9.99253E-05 9.99253E-05 0.0104381 9.99253E-05 0.341145 0.439626 9.99253E-05 9.99253E-05 9.99253E-05 9.99253E-05 0.00313768 9.99253E-05 0.00145549 0.0820247 9.99253E-05 0.0916967
0.00036737 9.9928E-05 0.0297759 9.9928E-05 9.9928E-05 9.9928E-05 0.42215 9.9928E-05 9.9928E-05 0.0220065 0.0377815 0.321094 0.0505571 9.9928E-05 0.00365098 0.111817 9.9928E-05
0.0206597 9.9937E-05 9.9937E-05 0.0733685 9.9937E-05 0.00693407 0.307555 0.0620718 9.9937E-05 0.040011 0.00179968 0.191856 9.9937E-05 9.9937E-05 0.0167786 0.278266 9.9937E-05
0.011364 9.9937E-05 0.0273671 0.0526465 9.9937E-05 9.9937E-05 0.167034 0.0815677 9.9937E-05 0.03714 0.0280085 0.316813 0.0155485 9.9937E-05 9.9937E-05 0.261811 9.9937E-05
0.0180283 0.00978111 0.0884894 9.9937E-05 9.9937E-05 0.0900747 9.9937E-05 0.192298 0.0183373 0.064295 0.00562584 0.315445 9.9937E-05 9.9937E-05 9.9937E-05 0.196926 9.9937E-05
0.0184 0.0528341 9.991E-05 9.991E-05 9.991E-05 9.991E-05 0.323918 0.0198641 9.991E-05 0.00315105 9.991E-05 0.56113 9.991E-05 9.991E-05 9.991E-05 0.0197033 9.991E-05
0.0356095 9.9901E-05 9.9901E-05 0.0358081 0.00920191 9.9901E-05 9.9901E-05 0.0133493 9.9901E-05 9.9901E-05 9.9901E-05 0.872681 9.9901E-05 9.9901E-05 9.9901E-05 0.032251 9.9901E-05
9.9937E-05 9.9937E-05 0.0422848 0.00420584 9.9937E-05 0.154775 0.151159 0.102619 0.0102928 0.0017547 9.9937E-05 0.199694 9.9937E-05 9.9937E-05 0.0287824 0.303733 9.9937E-05
0.00705487 9.991E-05 9.991E-05 0.324672 0.0322786 0.377528 9.991E-05 0.0230208 0.126508 9.991E-05 9.991E-05 0.107939 9.991E-05 9.991E-05 9.991E-05 9.991E-05 9.991E-05
0.0388037 9.99414E-05 9.99414E-05 0.240885 0.202882 0.157113 0.0822982 0.0670673 9.99414E-05 9.99414E-05 0.0315109 0.0854379 9.99414E-05 9.99414E-05 9.99414E-05 0.0874624 0.00584036
0.017072 0.0649389 0.0104102 9.9928E-05 0.156748 9.9928E-05 0.138736 0.0316587 9.9928E-05 9.9928E-05 9.9928E-05 0.390578 0.0621009 9.9928E-05 9.9928E-05 0.126958 9.9928E-05
0.0137677 0.100568 9.9919E-05 9.9919E-05 0.254194 0.0318206 0.390989 0.0266074 9.9919E-05 9.9919E-05 9.9919E-05 9.9919E-05 9.9919E-05 9.9919E-05 9.9919E-05 0.118285 0.0628699
0.017022 9.9874E-05 9.9874E-05 9.9874E-05 0.0024153 9.9874E-05 9.9874E-05 0.979164 9.9874E-05 9.9874E-05 9.9874E-05 9.9874E-05 9.9874E-05 9.9874E-05 9.9874E-05 9.9874E-05 9.9874E-05
0.0572102 0.0293735 0.0523137 0.0146843 0.112507 0.0425599 9.9946E-05 0.0398033 9.9946E-05 0.0611804 0.029974 0.508697 9.9946E-05 0.0510972 9.9946E-05 9.9946E-05 9.9946E-05
0.0388871 9.9919E-05 9.9919E-05 9.9919E-05 0.0934972 0.163958 0.0376576 0.145319 9.9919E-05 0.0235482 9.9919E-05 0.24483 9.9919E-05 9.9919E-05 9.9919E-05 0.251404 9.9919E-05
9.98558E-05 9.98558E-05 9.98558E-05 9.98558E-05 9.98558E-05 9.98558E-05 9.98558E-05 9.98558E-05 9.98558E-05 9.98558E-05 9.98558E-05 9.98558E-05 9.98558E-05 9.98558E-05 9.98558E-05 0.998402 9.98558E-05
9.9946E-05 0.0262007 0.00266566 9.9946E-05 9.9946E-05 0.173275 0.275494 0.00804269 9.9946E-05 0.0399374 0.00186435 0.0707698 0.00284134 0.00546808 9.9946E-05 0.392841 9.9946E-05
0.0166643 9.991E-05 9.991E-05 9.991E-05 9.991E-05 0.114805 0.142191 0.0265942 9.991E-05 0.0230785 9.991E-05 0.562529 9.991E-05 9.991E-05 0.113138 9.991E-05 9.991E-05
0.0317928 0.0398088 0.00208436 9.9946E-05 0.265721 0.322356 0.0539155 9.9946E-05 0.140297 0.0594464 9.9946E-05 0.0248584 0.0304353 0.028684 9.9946E-05 9.9946E-05 9.9946E-05
0.0338684 9.9892E-05 9.9892E-05 9.9892E-05 0.125475 0.14399 9.9892E-05 0.0339863 9.9892E-05 9.9892E-05 9.9892E-05 9.9892E-05 0.661481 9.9892E-05 9.9892E-05 9.9892E-05 9.9892E-05
0.00621631 9.9955E-05 0.00360968 0.105747 0.122196 0.259441 0.123589 0.00223201 9.9955E-05 9.9955E-05 0.0001585 0.0851923 0.0801174 0.131653 9.9955E-05 0.0793482 9.9955E-05
9.98559E-05 9.98559E-05 9.98559E-05 9.98559E-05 9.98559E-05 9.98559E-05 9.98559E-05 9.98559E-05 9.98559E-05 9.98559E-05 9.98559E-05 9.98559E-05 9.98559E-05 9.98559E-05 9.98559E-05 0.998402 9.98559E-05
9.98559E-05 9.98559E-05 9.98559E-05 9.98559E-05 9.98559E-05 9.98559E-05 9.98559E-05 9.98559E-05 9.98559E-05 9.98559E-05 9.98559E-05 9.98559E-05 9.98559E-05 9.98559E-05 9.98559E-05 0.998402 9.98559E-05
9.9937E-05 9.9937E-05 0.0163758 9.9937E-05 9.9937E-05 0.0191663 0.0919895 0.0284202 0.0729775 0.0208046 9.9937E-05 0.537591 9.9937E-05 9.9937E-05 0.0460014 0.161673 0.00430163
9.98649E-05 9.98649E-05 9.98649E-05 9.98649E-05 9.98649E-05 0.826909 9.98649E-05 9.98649E-05 9.98649E-05 0.171593 9.98649E-05 9.98649E-05 9.98649E-05 9.98649E-05 9.98649E-05 9.98649E-05 9.98649E-05
0.0255293 9.995E-05 0.00686745 0.0095833 0.0953978 0.116945 0.534722 0.0808316 0.00507076 0.0107944 0.00136919 9.995E-05 9.995E-05 9.995E-05 0.0581074 0.0542825 9.995E-05
9.98558E-05 9.98558E-05 9.98558E-05 9.98558E-05 9.98558E-05 9.98558E-05 0.998402 9.98558E-05 9.98558E-05 9.98558E-05 9.98558E-05 9.98558E-05 9.98558E-05 9.98558E-05 9.98558E-05 9.98558E-05 9.98558E-05
0.0124235 9.9928E-05 9.9928E-05 9.9928E-05 9.9928E-05 0.601139 9.9928E-05 9.9928E-05 0.0179712 0.0129107 0.0343299 0.0949665 9.9928E-05 0.0951645 0.0910115 0.0392836 9.9928E-05
0.0322726 0.00339128 0.0467106 0.100675 9.9919E-05 0.629434 0.0580339 9.9919E-05 9.9919E-05 9.9919E-05 9.9919E-05 9.9919E-05 9.9919E-05 9.9919E-05 9.9919E-05 0.00953574 0.119048
0.0053955 9.9928E-05 0.0182579 0.0137073 9.9928E-05 0.622043 0.169027 0.00214775 9.9928E-05 9.9928E-05 9.9928E-05 9.9928E-05 9.9928E-05 0.0259307 9.9928E-05 0.0786735 0.0640174
9.9928E-05 0.0371356 9.9928E-05 0.000278832 0.000965173 0.586687 9.9928E-05 0.119082 9.9928E-05 9.9928E-05 0.00318174 0.0194777 9.9928E-05 0.124461 9.9928E-05 0.107931 9.9928E-05
0.0522452 9.9946E-05 9.9946E-05 0.10709 9.9946E-05 0.335732 9.9946E-05 0.0136385 9.9946E-05 9.9946E-05 0.0173205 0.207976 0.0746953 0.0626266 0.0415079 0.0133847 0.0731828
0.0133139 0.0319598 9.99099E-05 9.99099E-05 9.99099E-05 0.0546634 0.716509 0.0378147 0.0444995 9.99099E-05 9.99099E-05 9.99099E-05 9.99099E-05 9.99099E-05 9.99099E-05 0.10024 9.99099E-05
9.991E-05 9.991E-05 0.00696416 0.0640154 9.991E-05 0.075998 0.00258931 0.0214349 9.991E-05 9.991E-05 9.991E-05 0.0663336 9.991E-05 9.991E-05 9.991E-05 0.761665 9.991E-05
0.065821 9.9946E-05 9.9946E-05 0.0281029 0.0498353 0.305678 0.0906821 0.0506032 9.9946E-05 0.0140348 9.9946E-05 0.246644 0.0143489 9.9946E-05 0.0253307 0.108319 9.9946E-05
0.0103406 9.9955E-05 0.041517 0.0522717 0.057745 0.373648 0.0752381 9.9955E-05 9.9955E-05 0.00521955 0.00681026 0.151548 9.9955E-05 9.9955E-05 0.00448372 0.215013 0.00566503
9.9928E-05 9.9928E-05 9.9928E-05 9.9928E-05 9.9928E-05 0.120926 0.478598 0.10785 0.119034 0.0709529 0.0107226 0.0552864 9.9928E-05 9.9928E-05 0.00880196 0.0270275 9.9928E-05
9.98558E-05 9.98558E-05 9.98558E-05 9.98558E-05 9.98558E-05 9.98558E-05 9.98558E-05 9.98558E-05 9.98558E-05 9.98558E-05 9.98558E-05 0.998402 9.98558E-05 9.98558E-05 9.98558E-05 9.98558E-05 9.98558E-05
9.98558E-05 9.98558E-05 9.98558E-05 9.98558E-05 9.98558E-05 9.98558E-05 9.98558E-05 9.98558E-05 9.98558E-05 0.998402 9.98558E-05 9.98558E-05 9.98558E-05 9.98558E-05 9.98558E-05 9.98558E-05 9.98558E-05
0.0248166 9.9937E-05 9.9937E-05 0.0555259 0.105204 0.506758 9.9937E-05 0.0636835 9.9937E-05 0.00479264 9.9937E-05 0.0707557 9.9937E-05 0.0354241 0.0383246 0.0940155 9.9937E-05
9.99099E-05 9.99099E-05 9.99099E-05 9.99099E-05 9.99099E-05 0.339141 0.333931 0.0098675 9.99099E-05 0.00523196 9.99099E-05 0.0892512 9.99099E-05 9.99099E-05 0.0882102 0.133368 9.99099E-05
9.9928E-05 0.0642212 9.9928E-05 9.9928E-05 9.9928E-05 0.245861 0.140478 0.00695676 9.9928E-05 0.0119287 9.9928E-05 0.398003 0.0532393 9.9928E-05 9.9928E-05 0.0436937 0.0348183
9.98649E-05 9.98649E-05 9.98649E-05 9.98649E-05 9.98649E-05 9.98649E-05 9.98649E-05 9.98649E-05 9.98649E-05 9.98649E-05 9.98649E-05 0.988189 9.98649E-05 0.0103134 9.98649E-05 9.98649E-05 9.98649E-05
0.0332235 9.99189E-05 9.99189E-05 0.160875 0.0244393 0.438114 0.0704684 0.00123512 9.99189E-05 9.99189E-05 9.99189E-05 0.238542 9.99189E-05 9.99189E-05 0.0322029 9.99189E-05 9.99189E-05
9.99279E-05 9.99279E-05 0.0496187 0.0566554 9.99279E-05 0.151959 9.99279E-05 9.99279E-05 9.99279E-05 0.00469508 0.0176846 0.138608 9.99279E-05 9.99279E-05 0.0521714 0.483046 0.0447627
0.998402 9.98559E-05 9.98559E-05 9.98559E-05 9.98559E-05 9.98559E-05 9.98559E-05 9.98559E-05 9.98559E-05 9.98559E-05 9.98559E-05 9.98559E-05 9.98559E-05 9.98559E-05 9.98559E-05 9.98559E-05 9.98559E-05
9.98558E-05 9.98558E-05 9.98558E-05 9.98558E-05 9.98558E-05 9.98558E-05 9.98558E-05 9.98558E-05 9.98558E-05 0.998402 9.98558E-05 9.98558E-05 9.98558E-05 9.98558E-05 9.98558E-05 9.98558E-05 9.98558E-05
0.998402 9.98559E-05 9.98559E-05 9.98559E-05 9.98559E-05 9.98559E-05 9.98559E-05 9.98559E-05 9.98559E-05 9.98559E-05 9.98559E-05 9.98559E-05 9.98559E-05 9.98559E-05 9.98559E-05 9.98559E-05 9.98559E-05
9.99099E-05 0.0190415 9.99099E-05 9.99099E-05 9.99099E-05 0.748686 0.122255 0.0594772 0.00384824 9.99099E-05 9.99099E-05 0.00775314 9.99099E-05 0.0379397 9.99099E-05 9.99099E-05 9.99099E-05
0.054132 0.0493145 9.9928E-05 9.9928E-05 9.9928E-05 0.469799 0.0449995 0.0644741 9.9928E-05 0.0203552 0.020802 0.17335 9.9928E-05 0.101975 9.9928E-05 9.9928E-05 9.9928E-05
0.00561965 0.0760445 0.0586457 0.0218345 9.9937E-05 0.50015 0.129065 0.0180452 9.9937E-05 0.0174182 9.9937E-05 0.0108705 9.9937E-05 9.9937E-05 9.9937E-05 0.161607 9.9937E-05
0.0457345 0.0249594 9.9928E-05 9.9928E-05 9.9928E-05 0.270245 0.0828966 9.9928E-05 9.9928E-05 0.0326384 0.0190098 0.438085 9.9928E-05 9.9928E-05 0.0132221 0.0724098 9.9928E-05
9.98557E-05 9.98557E-05 9.98557E-05 9.98557E-05 9.98557E-05 9.98557E-05 0.998402 9.98557E-05 9.98557E-05 9.98557E-05 9.98557E-05 9.98557E-05 9.98557E-05 9.98557E-05 9.98557E-05 9.98557E-05 9.98557E-05
9.98648E-05 9.98648E-05 9.98648E-05 9.98648E-05 9.98648E-05 0.906423 9.98648E-05 9.98648E-05 9.98648E-05 0.0920794 9.98648E-05 9.98648E-05 9.98648E-05 9.98648E-05 9.98648E-05 9.98648E-05 9.98648E-05
0.00733538 9.99657E-05 0.0232798 9.99657E-05 0.0236382 0.479682 0.180596 9.99657E-05 0.000664793 0.0439074 0.00181979 0.0163724 0.0151604 9.99657E-05 0.0488591 0.0886948 0.0695907
9.9901E-05 9.9901E-05 9.9901E-05 0.804345 9.9901E-05 0.0804656 0.012755 0.0620454 0.0291079 9.9901E-05 0.010182 9.9901E-05 9.9901E-05 9.9901E-05 9.9901E-05 9.9901E-05 9.9901E-05
0.00184127 9.9883E-05 9.9883E-05 0.90106 9.9883E-05 9.9883E-05 9.9883E-05 9.9883E-05 9.9883E-05 0.00123697 9.9883E-05 9.9883E-05 9.9883E-05 9.9883E-05 9.9883E-05 0.0945633 9.9883E-05
0.0280473 0.00766068 9.9901E-05 0.92295 9.9901E-05 0.00168614 9.9901E-05 9.9901E-05 9.9901E-05 0.0250039 0.0135532 9.9901E-05 9.9901E-05 9.9901E-05 9.9901E-05 9.9901E-05 9.9901E-05
9.98831E-05 0.0257788 9.98831E-05 0.834957 9.98831E-05 0.125666 9.98831E-05 9.98831E-05 9.98831E-05 9.98831E-05 9.98831E-05 9.98831E-05 9.98831E-05 9.98831E-05 9.98831E-05 9.98831E-05 0.0122997
0.012507 9.9928E-05 9.9928E-05 0.585016 9.9928E-05 0.0236277 0.024853 9.9928E-05 9.9928E-05 0.0218203 0.02229 0.144023 9.9928E-05 0.14892 0.0161432 9.9928E-05 9.9928E-05
9.991E-05 9.991E-05 0.0742052 0.723428 9.991E-05 9.991E-05 9.991E-05 0.0055147 0.0445651 9.991E-05 9.991E-05 0.138042 0.00280934 0.0104373 9.991E-05 9.991E-05 9.991E-05
9.9874E-05 0.00162385 9.9874E-05 0.986506 9.9874E-05 9.9874E-05 9.9874E-05 9.9874E-05 9.9874E-05 9.9874E-05 9.9874E-05 9.9874E-05 9.9874E-05 0.0104717 9.9874E-05 9.9874E-05 9.9874E-05
9.9892E-05 0.0713819 0.0354925 0.839765 9.9892E-05 0.00641907 0.0457425 9.9892E-05 9.9892E-05 9.9892E-05 9.9892E-05 9.9892E-05 9.9892E-05 9.9892E-05 9.9892E-05 9.9892E-05 9.9892E-05
0.0159334 9.9928E-05 9.9928E-05 0.67544 0.00683526 9.9928E-05 9.9928E-05 9.9928E-05 9.9928E-05 0.00952054 0.016404 0.137675 0.0876312 9.9928E-05 0.000277532 9.9928E-05 0.0494842
0.00719533 9.991E-05 9.991E-05 0.695692 0.0513572 9.991E-05 9.991E-05 0.0197432 9.991E-05 0.0537331 0.0190656 9.991E-05 9.991E-05 9.991E-05 9.991E-05 0.152214 9.991E-05
0.0131198 0.0110882 0.0860549 0.754003 0.0270208 0.0200159 0.00195213 9.9919E-05 9.9919E-05 9.9919E-05 9.9919E-05 0.0858458 9.9919E-05 9.9919E-05 9.9919E-05 9.9919E-05 9.9919E-05
0.0129482 9.9901E-05 0.0272472 9.9901E-05 0.00475345 9.9901E-05 9.9901E-05 9.9901E-05 0.903334 0.0169087 9.9901E-05 0.0337092 9.9901E-05 9.9901E-05 9.9901E-05 9.9901E-05 9.9901E-05
9.9919E-05 0.0410093 9.9919E-05 0.066685 9.9919E-05 9.9919E-05 9.9919E-05 9.9919E-05 0.186398 0.0208195 9.9919E-05 0.0836475 0.330138 0.245527 9.9919E-05 9.9919E-05 0.0248763
0.00296915 9.991E-05 9.991E-05 9.991E-05 0.0865726 9.991E-05 9.991E-05 9.991E-05 0.726076 9.991E-05 0.0174681 0.00746024 0.108799 9.991E-05 9.991E-05 0.0496554 9.991E-05
9.98741E-05 9.98741E-05 9.98741E-05 9.98741E-05 0.0701914 9.98741E-05 9.98741E-05 9.98741E-05 0.878144 9.98741E-05 9.98741E-05 9.98741E-05 9.98741E-05 9.98741E-05 9.98741E-05 0.0502664 9.98741E-05
9.9919E-05 0.0391826 9.9919E-05 9.9919E-05 0.0848239 0.0877709 9.9919E-05 0.00100962 0.0582347 9.9919E-05 0.0310395 9.9919E-05 0.222473 0.474567 9.9919E-05 9.9919E-05 9.9919E-05
9.9892E-05 9.9892E-05 9.9892E-05 0.0203445 9.9892E-05 9.9892E-05 0.138691 9.9892E-05 0.728164 9.9892E-05 0.0118828 9.9892E-05 0.0997185 9.9892E-05 9.9892E-05 9.9892E-05 9.9892E-05
9.9901E-05 9.9901E-05 9.9901E-05 9.9901E-05 9.9901E-05 9.9901E-05 9.9901E-05 9.9901E-05 0.0760579 0.0709559 9.9901E-05 9.9901E-05 0.00336968 0.776218 0.00410724 9.9901E-05 0.0681925
9.9901E-05 9.9901E-05 9.9901E-05 9.9901E-05 9.9901E-05 9.9901E-05 9.9901E-05 9.9901E-05 9.9901E-05 0.0076459 0.0182611 0.0184834 0.0682166 0.837749 9.9901E-05 0.0485454 9.9901E-05
0.0631941 0.0641747 0.00307559 9.99189E-05 9.99189E-05 0.116392 9.99189E-05 9.99189E-05 0.514866 9.99189E-05 9.99189E-05 0.00277768 9.99189E-05 0.143147 9.99189E-05 9.99189E-05 0.0914736
9.9901E-05 9.9901E-05 9.9901E-05 9.9901E-05 0.0572822 9.9901E-05 9.9901E-05 9.9901E-05 9.9901E-05 0.00136406 9.9901E-05 0.0108508 9.9901E-05 0.88156 0.00447438 0.0433693 9.9901E-05
0.00818758 9.9883E-05 9.9883E-05 9.9883E-05 9.9883E-05 9.9883E-05 9.9883E-05 0.0206081 9.9883E-05 9.9883E-05 9.9883E-05 9.9883E-05 9.9883E-05 0.967506 0.00239994 9.9883E-05 9.9883E-05
9.9892E-05 9.9892E-05 0.0129594 9.9892E-05 0.176393 9.9892E-05 9.9892E-05 9.9892E-05 9.9892E-05 9.9892E-05 9.9892E-05 9.9892E-05 0.64148 0.108253 0.0597149 9.9892E-05 9.9892E-05
0.0254185 0.0251007 0.0275615 0.0103992 0.00961351 0.104644 9.9928E-05 9.9928E-05 9.9928E-05 9.9928E-05 9.9928E-05 9.9928E-05 0.0803779 0.698054 9.9928E-05 9.9928E-05 0.0180309
0.00541274 0.0411396 9.99189E-05 0.00275202 9.99189E-05 0.240339 0.0184952 9.99189E-05 9.99189E-05 9.99189E-05 9.99189E-05 9.99189E-05 0.109518 0.489925 9.99189E-05 9.99189E-05 0.0915192
0.0221797 0.049983 0.0568562 9.9901E-05 9.9901E-05 0.041299 9.9901E-05 9.9901E-05 9.9901E-05 9.9901E-05 9.9901E-05 0.0758571 0.752726 9.9901E-05 9.9901E-05 9.9901E-05 9.9901E-05
9.9874E-05 0.0420717 9.9874E-05 9.9874E-05 9.9874E-05 0.0807754 9.9874E-05 9.9874E-05 9.9874E-05 9.9874E-05 9.9874E-05 9.9874E-05 0.875755 9.9874E-05 9.9874E-05 9.9874E-05 9.9874E-05
9.9892E-05 9.9892E-05 9.9892E-05 0.0405396 0.00501243 9.9892E-05 0.0529411 9.9892E-05 9.9892E-05 9.9892E-05 9.9892E-05 9.9892E-05 0.898039 9.9892E-05 9.9892E-05 9.9892E-05 0.00226933
0.026014 9.9892E-05 9.9892E-05 9.9892E-05 9.9892E-05 9.9892E-05 9.9892E-05 9.9892E-05 9.9892E-05 0.00174252 9.9892E-05 0.100014 0.870608 0.000423442 9.9892E-05 9.9892E-05 9.9892E-05
9.98561E-05 9.98561E-05 9.98561E-05 9.98561E-05 9.98561E-05 9.98561E-05 9.98561E-05 9.98561E-05 9.98561E-05 9.98561E-05 9.98561E-05 9.98561E-05 0.998402 9.98561E-05 9.98561E-05 9.98561E-05 9.98561E-05
9.9892E-05 9.9892E-05 9.9892E-05 9.9892E-05 9.9892E-05 0.071979 0.0229022 9.9892E-05 9.9892E-05 9.9892E-05 0.0123075 9.9892E-05 0.797682 9.9892E-05 9.9892E-05 9.9892E-05 0.0939304
9.9883E-05 9.9883E-05 0.0248982 9.9883E-05 9.9883E-05 0.159256 9.9883E-05 9.9883E-05 9.9883E-05 9.9883E-05 9.9883E-05 9.9883E-05 0.763803 9.9883E-05 0.0507442 9.9883E-05 9.9883E-05
0.027448 9.9901E-05 0.0343432 9.9901E-05 9.9901E-05 9.9901E-05 9.9901E-05 9.9901E-05 9.9901E-05 0.0252243 9.9901E-05 0.02174 0.86401 9.9901E-05 9.9901E-05 0.0261357 9.9901E-05
0.00943834 9.9928E-05 9.9928E-05 0.0418864 9.9928E-05 0.112103 9.9928E-05 0.00324475 0.695165 0.00548262 9.9928E-05 9.9928E-05 0.0285907 0.0798549 0.0234345 9.9928E-05 9.9928E-05
9.9892E-05 0.0106656 9.9892E-05 9.9892E-05 9.9892E-05 0.0139309 9.9892E-05 9.9892E-05 0.95133 9.9892E-05 9.9892E-05 0.0227302 9.9892E-05 9.9892E-05 9.9892E-05 0.000144944 9.9892E-05
9.9892E-05 0.00979926 9.9892E-05 9.9892E-05 9.9892E-05 0.18735 9.9892E-05 9.9892E-05 9.9892E-05 0.0223518 9.9892E-05 9.9892E-05 9.9892E-05 0.776242 0.00305906 9.9892E-05 9.9892E-05
9.9919E-05 9.9919E-05 0.0380662 9.9919E-05 9.9919E-05 0.16456 0.000255483 9.9919E-05 0.430895 9.9919E-05 9.9919E-05 0.00356511 9.9919E-05 0.336914 0.0218355 0.00301029 9.9919E-05
0.00531823 9.9928E-05 9.9928E-05 9.9928E-05 9.9928E-05 9.9928E-05 9.9928E-05 0.0075062 0.736334 9.9928E-05 0.0459683 9.9928E-05 0.0434065 0.0177725 0.0343211 0.0460188 0.0625551
9.9937E-05 0.0152855 9.9937E-05 9.9937E-05 9.9937E-05 0.029209 0.0077897 0.0588217 0.41409 0.0060864 9.9937E-05 9.9937E-05 0.0491376 0.190037 0.0108578 9.9937E-05 0.217986
9.99189E-05 0.015834 9.99189E-05 9.99189E-05 9.99189E-05 0.102652 9.99189E-05 9.99189E-05 9.99189E-05 9.99189E-05 0.0253921 9.99189E-05 0.212436 0.526836 0.0323428 0.0542594 0.0293488
0.0157885 9.991E-05 9.991E-05 9.991E-05 0.0275709 0.0154894 0.0011631 9.991E-05 0.0389581 0.0234904 9.991E-05 9.991E-05 9.991E-05 0.876541 9.991E-05 9.991E-05 9.991E-05
0.0138664 9.9901E-05 9.9901E-05 9.9901E-05 9.9901E-05 9.9901E-05 0.0984593 0.0114697 0.427345 0.024609 9.9901E-05 9.9901E-05 9.9901E-05 0.423152 9.9901E-05 9.9901E-05 9.9901E-05
9.991E-05 0.0422386 9.991E-05 9.991E-05 0.12354 0.0528239 9.991E-05 9.991E-05 0.719316 9.991E-05 0.00151608 9.991E-05 0.000929339 0.0586363 9.991E-05 9.991E-05 9.991E-05
9.9901E-05 9.9901E-05 0.0539053 9.9901E-05 0.0296543 9.9901E-05 0.00606952 9.9901E-05 0.00302574 9.9901E-05 9.9901E-05 9.9901E-05 9.9901E-05 0.826982 9.9901E-05 0.0792647 9.9901E-05
0.00940603 9.9928E-05 0.0104666 9.9928E-05 9.9928E-05 9.9928E-05 9.9928E-05 0.00328606 0.521274 0.0213394 0.0119021 9.9928E-05 0.245817 0.0972501 9.9928E-05 0.0784589 9.9928E-05
0.0139655 0.00600326 9.9901E-05 9.9901E-05 9.9901E-05 0.0161272 9.9901E-05 9.9901E-05 0.913789 9.9901E-05 0.020818 9.9901E-05 9.9901E-05 0.0281976 9.9901E-05 9.9901E-05 9.9901E-05
0.006164 0.0205501 9.98921E-05 9.98921E-05 9.98921E-05 9.98921E-05 9.98921E-05 0.00346754 0.100456 9.98921E-05 9.98921E-05 9.98921E-05 9.98921E-05 9.98921E-05 9.98921E-05 9.98921E-05 0.868163
9.9883E-05 0.0035885 0.0106896 9.9883E-05 9.9883E-05 0.149351 9.9883E-05 9.9883E-05 9.9883E-05 9.9883E-05 9.9883E-05 9.9883E-05 9.9883E-05 9.9883E-05 9.9883E-05 9.9883E-05 0.835072
9.9874E-05 9.9874E-05 9.9874E-05 9.9874E-05 9.9874E-05 0.12172 9.9874E-05 9.9874E-05 9.9874E-05 9.9874E-05 9.9874E-05 9.9874E-05 9.9874E-05 9.9874E-05 0.0464703 9.9874E-05 0.830411
0.00455561 9.99189E-05 9.99189E-05 9.99189E-05 9.99189E-05 0.0542437 9.99189E-05 0.0152998 9.99189E-05 9.99189E-05 9.99189E-05 0.0127643 0.0297549 9.99189E-05 0.061625 0.0103409 0.810517
9.9892E-05 9.9892E-05 9.9892E-05 0.0134018 9.9892E-05 9.9892E-05 0.0704834 9.9892E-05 9.9892E-05 9.9892E-05 0.0102063 9.9892E-05 9.9892E-05 9.9892E-05 0.0852344 9.9892E-05 0.819475
0.00138756 9.9901E-05 9.9901E-05 0.0201106 9.9901E-05 9.9901E-05 0.0807163 9.9901E-05 9.9901E-05 0.00167737 0.0145763 9.9901E-05 9.9901E-05 9.9901E-05 9.9901E-05 9.9901E-05 0.880433
9.9856E-05 9.9856E-05 9.9856E-05 9.9856E-05 9.9856E-05 9.9856E-05 9.9856E-05 9.9856E-05 9.9856E-05 9.9856E-05 9.9856E-05 9.9856E-05 9.9856E-05 9.9856E-05 9.9856E-05 9.9856E-05 0.998402
9.991E-05 9.991E-05 0.10867 0.000660489 0.118218 9.991E-05 9.991E-05 9.991E-05 9.991E-05 9.991E-05 9.991E-05 0.0272622 9.991E-05 9.991E-05 0.0868916 0.0464129 0.610886
