0.110968 0.883069 0.00460667 9.9955E-05 9.9955E-05 9.9955E-05 9.9955E-05 0.000856909 9.9955E-05
0.117626 0.708767 9.9964E-05 0.0591431 9.9964E-05 0.0401695 9.9964E-05 9.9964E-05 0.073895
0.0807088 0.760376 0.00543615 0.0486148 0.0357216 0.0492367 9.9982E-05 0.0197063 9.9982E-05
0.142168 0.744889 0.0114058 9.9973E-05 0.00855114 0.0745046 9.9973E-05 9.9973E-05 0.0181811
0.0451173 0.767219 0.0414244 0.0511836 0.00112417 0.0603513 0.023308 0.0101727 9.9991E-05
0.0780296 0.847161 9.9955E-05 9.9955E-05 9.9955E-05 0.063177 9.9955E-05 9.9955E-05 0.0111328
9.9946E-05 0.878954 0.0253477 9.9946E-05 9.9946E-05 0.0950989 9.9946E-05 9.9946E-05 9.9946E-05
9.9973E-05 0.794332 0.0245537 0.0271914 9.9973E-05 0.0668697 0.0601922 0.0265605 9.9973E-05
0.0388252 0.75297 9.9955E-05 0.0581551 9.9955E-05 0.14955 9.9955E-05 9.9955E-05 9.9955E-05
9.9973E-05 0.808072 0.0356496 9.9973E-05 0.0549997 0.0813093 0.00899229 0.0106774 9.9973E-05
0.0904186 0.739065 0.00312322 9.9982E-05 0.0341784 0.0959059 9.9982E-05 0.0236548 0.0134539
0.214327 0.747926 0.00618125 9.9964E-05 0.0292668 9.9964E-05 9.9964E-05 9.9964E-05 0.00189867
0.166555 0.739966 9.9955E-05 9.9955E-05 0.0425425 9.9955E-05 9.9955E-05 9.9955E-05 0.0504372
9.9955E-05 0.691415 9.9955E-05 9.9955E-05 9.9955E-05 0.196279 9.9955E-05 0.0317193 0.0800866
9.9955E-05 0.826476 9.9955E-05 0.0655282 0.0855725 9.9955E-05 9.9955E-05 9.9955E-05 0.0219232
9.9955E-05 0.855159 9.9955E-05 9.9955E-05 9.9955E-05 0.0228932 0.0775161 0.0439322 9.9955E-05
9.9937E-05 0.927151 9.9937E-05 9.9937E-05 9.9937E-05 9.9937E-05 0.0721496 9.9937E-05 9.9937E-05
9.9937E-05 0.912187 9.9937E-05 9.9937E-05 9.9937E-05 9.9937E-05 0.0871137 9.9937E-05 9.9937E-05
9.9937E-05 0.949663 9.9937E-05 9.9937E-05 9.9937E-05 9.9937E-05 0.0496377 9.9937E-05 9.9937E-05
9.9964E-05 0.889786 0.0354892 9.9964E-05 0.0699374 9.9964E-05 0.000166839 9.9964E-05 0.00422115
9.993E-05 9.993E-05 9.993E-05 9.993E-05 9.993E-05 9.993E-05 9.993E-05 0.999201 9.993E-05
0.24149 9.9955E-05 9.9955E-05 9.9955E-05 0.756139 9.9955E-05 9.9955E-05 0.00160139 0.000269868
0.103865 0.0050192 9.9964E-05 9.9964E-05 0.791502 0.0408037 0.0584103 9.9964E-05 9.9964E-05
0.0946224 9.9955E-05 9.9955E-05 9.9955E-05 0.776491 9.9955E-05 0.106563 0.0218243 9.9955E-05
9.9946E-05 9.9946E-05 9.9946E-05 9.9946E-05 0.991929 9.9946E-05 9.9946E-05 0.000682731 0.00678902
9.9955E-05 0.0283381 9.9955E-05 0.0490692 0.920304 9.9955E-05 9.9955E-05 0.00178867 9.9955E-05
0.0377123 9.9955E-05 9.9955E-05 9.9955E-05 0.840153 9.9955E-05 0.0922432 0.029392 9.9955E-05
9.993E-05 9.993E-05 9.993E-05 9.993E-05 9.993E-05 9.993E-05 9.993E-05 0.999201 9.993E-05
9.9964E-05 9.9964E-05 0.0486934 0.0155356 0.8426 0.0568826 9.9964E-05 0.0358883 9.9964E-05
0.140976 0.0344179 9.9964E-05 9.9964E-05 0.731512 0.00890285 9.9964E-05 9.9964E-05 0.0837911
0.0319826 9.9955E-05 9.9955E-05 9.9955E-05 0.896474 0.0398735 9.9955E-05 0.0311705 9.9955E-05
9.9955E-05 9.9955E-05 9.9955E-05 9.9955E-05 0.880345 9.9955E-05 0.10942 0.00739506 0.00234042
9.9964E-05 0.0147856 9.9964E-05 9.9964E-05 0.855884 9.9964E-05 0.0573852 0.0356934 0.0358522
9.9973E-05 9.9973E-05 0.00511337 0.0840742 0.724922 0.0787284 9.9973E-05 0.0266777 0.0801847
0.0377706 0.031762 0.0280745 0.0685255 0.761546 0.0041779 9.9982E-05 9.9982E-05 0.0679439
0.225446 0.03252 0.0147288 0.1708 0.451694 0.0694967 9.9991E-05 0.0172961 0.0179188
9.9973E-05 9.9973E-05 0.00379111 0.0341084 0.762272 9.9973E-05 0.18599 0.010636 0.00290343
0.138041 9.9991E-05 0.00647077 0.0628917 0.0830037 0.0449613 0.658202 0.0047932 0.00153675
9.997E-05 9.997E-05 0.0641981 0.0872745 9.997E-05 0.0774881 0.746028 0.0111821 0.0135297
0.0545286 0.012059 9.9973E-05 9.9973E-05 0.0917332 0.0420402 0.730535 9.9973E-05 0.0688044
9.9964E-05 0.0133358 9.9964E-05 0.0152062 0.0775535 0.0529206 0.840584 9.9964E-05 9.9964E-05
0.163758 9.9973E-05 0.0506143 0.0326375 9.9973E-05 9.9973E-05 0.690302 0.0128551 0.0495333
0.185082 9.9964E-05 9.9964E-05 9.9964E-05 9.9964E-05 0.0243907 0.73071 0.00835536 0.0510616
0.158377 0.0495027 0.00356636 9.9982E-05 9.9982E-05 0.178036 0.559145 0.0095134 0.0416595
0.0676914 0.0027702 0.0701362 9.9991E-05 0.0162149 0.0275069 0.752268 0.0312567 0.0320559
0.225248 0.00821301 0.0338691 0.03768 0.0130344 0.0511203 0.630635 9.9982E-05 9.9982E-05
9.9964E-05 9.9964E-05 0.0317829 0.0229158 0.050651 9.9964E-05 0.862953 9.9964E-05 0.0312978
0.170832 0.00788617 0.0179477 9.9973E-05 9.9973E-05 0.0109473 0.788959 0.00312848 9.9973E-05
9.9964E-05 9.9964E-05 0.00905685 9.9964E-05 0.00877271 9.9964E-05 0.942016 0.0317475 0.00800732
0.414734 9.9964E-05 0.0154378 9.9964E-05 9.9964E-05 0.041436 0.522413 0.00558016 9.9964E-05
0.148259 9.9964E-05 0.0408237 9.9964E-05 9.9964E-05 9.9964E-05 0.753786 0.0191933 0.0375385
9.9964E-05 0.0466414 9.9964E-05 9.9964E-05 0.000888638 9.9964E-05 0.9145 0.0136994 0.0238705
0.119712 9.9964E-05 0.0504336 9.9964E-05 0.0167867 9.9964E-05 0.801042 0.0116251 9.9964E-05
0.0836929 0.0580193 9.9964E-05 9.9964E-05 0.0311659 9.9964E-05 0.788931 9.9964E-05 0.037791
9.9973E-05 0.00969052 9.9973E-05 0.0102457 9.9973E-05 0.0232013 0.888184 0.0166763 0.0517026
0.174652 0.0229658 9.9973E-05 0.0785998 0.0771658 0.00499603 0.64132 9.9973E-05 9.9973E-05
9.9973E-05 0.0446789 0.0638592 9.9973E-05 0.06956 0.000608624 0.806329 0.0146638 9.9973E-05
0.10788 0.0175894 0.029926 0.547579 0.00521382 0.0518272 0.123644 9.9991E-05 0.116241
9.9955E-05 0.0259587 0.0519868 0.880541 9.9955E-05 9.9955E-05 9.9955E-05 0.041014 9.9955E-05
0.181806 0.000895004 0.110587 0.52644 9.9973E-05 9.9973E-05 9.9973E-05 0.0129078 0.167064
0.211015 9.9964E-05 0.13733 0.444946 9.9964E-05 9.9964E-05 0.03654 9.9964E-05 0.169769
0.0136911 9.9964E-05 0.081098 0.699428 9.9964E-05 9.9964E-05 0.0413077 9.9964E-05 0.164075
9.9964E-05 9.9964E-05 0.0540102 0.530749 9.9964E-05 9.9964E-05 0.190314 0.0317392 0.192788
9.993E-05 9.993E-05 9.993E-05 9.993E-05 9.993E-05 9.993E-05 9.993E-05 9.993E-05 0.999201
9.9955E-05 9.9955E-05 0.0703938 0.858337 9.9955E-05 9.9955E-05 0.0347148 0.0360542 9.9955E-05
0.258319 0.0748619 0.0744086 0.334257 9.9964E-05 9.9964E-05 9.9964E-05 9.9964E-05 0.257754
9.999E-05 0.0458403 0.0705606 0.346262 0.0821234 0.0200561 0.140472 0.0525422 0.242043
9.9973E-05 0.0780897 0.0621245 0.54874 9.9973E-05 9.9973E-05 0.109702 0.0152657 0.185778
9.9973E-05 9.9973E-05 0.125874 0.498181 0.0963387 9.9973E-05 0.0300481 0.00601861 0.243239
9.9973E-05 0.0360197 0.125143 0.438106 0.150771 0.0182998 9.9973E-05 9.9973E-05 0.231361
9.9973E-05 0.00222852 0.0703764 0.607402 0.00156436 9.9973E-05 0.0962461 9.9973E-05 0.221882
9.9973E-05 9.9973E-05 0.0622328 0.555734 0.00843248 9.9973E-05 0.110124 0.00849385 0.254683
9.998E-05 0.0203757 0.112747 0.61208 0.0561214 9.998E-05 0.0666554 0.00994882 0.121871
0.17532 9.9973E-05 0.0477521 0.505624 0.0827254 0.0722473 9.9973E-05 9.9973E-05 0.116031
9.9955E-05 9.9955E-05 9.9955E-05 0.410116 9.9955E-05 9.9955E-05 0.362088 0.0538302 0.173467
9.9982E-05 0.0457785 0.0429092 0.408167 0.0135828 9.9982E-05 0.30266 0.000441956 0.18626
0.052912 0.0504164 0.0450134 0.246184 9.9973E-05 9.9973E-05 0.458979 9.9973E-05 0.146195
9.99369E-05 9.99369E-05 0.00691364 9.99369E-05 9.99369E-05 9.99369E-05 9.99369E-05 9.99369E-05 0.992387
0.0155253 0.0428797 0.133028 0.317275 0.018135 9.9991E-05 0.260795 0.0529038 0.159358
0.0442763 9.9964E-05 0.128554 0.394191 9.9964E-05 9.9964E-05 0.142436 9.9964E-05 0.290143
9.9982E-05 0.0501781 0.0796174 0.502315 0.105088 9.9982E-05 0.186669 0.00265416 0.0732794
0.0405975 0.0723259 0.0863858 0.472953 9.9991E-05 0.0516705 0.00732708 0.029196 0.239444
9.9964E-05 0.0703937 0.0846127 0.428099 9.9964E-05 9.9964E-05 0.180596 9.9964E-05 0.235899
0.0458357 0.00731319 0.140124 0.1505 0.0548499 0.181463 0.272515 0.0211814 0.126218
9.9964E-05 9.9964E-05 0.0259468 0.022429 9.9964E-05 0.628276 0.215199 9.9964E-05 0.107749
9.996E-05 9.996E-05 9.996E-05 0.572654 0.0375845 0.119062 0.199437 9.996E-05 0.0708623
9.9982E-05 0.0113766 0.0729429 0.582144 9.9982E-05 0.0368432 0.190405 0.000605085 0.105484
9.9973E-05 9.9973E-05 0.00117966 0.693375 9.9973E-05 0.0853571 0.201816 0.00759427 0.0103782
9.9973E-05 0.0127654 0.125433 0.602264 9.9973E-05 0.0326213 0.209639 9.9973E-05 0.0169777
0.0399735 0.0181846 0.770047 0.109039 0.056516 9.9982E-05 9.9982E-05 0.00499932 0.00104085
9.9973E-05 0.00456355 0.0737794 0.376448 0.0185617 9.9973E-05 0.174297 9.9973E-05 0.352051
9.997E-05 9.997E-05 0.0421713 0.389481 0.0072863 0.0259745 0.158369 9.997E-05 0.376418
0.285043 0.0410938 0.104945 0.41833 0.00256362 0.0329387 9.9991E-05 0.0370001 0.0779853
0.356025 0.0801077 0.0937467 0.259584 9.9964E-05 9.9964E-05 9.9964E-05 9.9964E-05 0.210137
0.24743 0.0225631 0.069792 0.48822 9.9964E-05 9.9964E-05 9.9964E-05 9.9964E-05 0.171595
0.0181384 0.0752586 0.0861759 0.510696 0.0376757 0.0898223 0.0342949 0.0400625 0.107876
0.239585 0.0401551 0.0892751 0.341124 9.9982E-05 0.0913825 9.9982E-05 0.00659199 0.191686
9.9973E-05 0.0775668 0.0396332 0.447536 0.0205083 9.9973E-05 0.155727 9.9973E-05 0.258728
9.9964E-05 9.9964E-05 0.0539228 0.553774 0.108007 9.9964E-05 0.160189 9.9964E-05 0.123707
0.152208 0.0123227 0.101845 0.432126 9.998E-05 9.998E-05 0.0965205 0.00788313 0.196894
0.174409 0.0327675 0.0640246 0.504902 0.0344082 9.9982E-05 9.9982E-05 0.0105037 0.178785
9.9982E-05 0.0206785 0.116804 0.514044 9.9982E-05 0.113312 0.0165596 0.0121879 0.206214
0.13167 0.00632621 0.0998614 0.536575 9.9973E-05 9.9973E-05 9.9973E-05 0.0132104 0.212058
9.993E-05 9.993E-05 0.999201 9.993E-05 9.993E-05 9.993E-05 9.993E-05 9.993E-05 9.993E-05
9.998E-05 0.0601559 0.140812 0.393805 9.998E-05 0.068052 0.115058 0.048895 0.173023
0.0480483 0.0362523 0.0643088 0.548709 0.0411154 9.9991E-05 0.0627903 0.0115733 0.187102
0.138484 0.0382969 0.150519 0.358164 9.9973E-05 0.0723085 9.9973E-05 9.9973E-05 0.241928
0.146301 9.9964E-05 0.0672457 0.444235 9.9964E-05 9.9964E-05 0.132577 9.9964E-05 0.209241
0.117218 0.0181168 0.0144766 0.536753 9.9973E-05 9.9973E-05 0.0727593 9.9973E-05 0.240377
0.0419658 0.0404449 0.0176761 0.622348 0.0531097 9.999E-05 0.0581069 0.0201354 0.146113
9.993E-05 9.993E-05 9.993E-05 9.993E-05 9.993E-05 9.993E-05 9.993E-05 9.993E-05 0.999201
9.993E-05 9.993E-05 0.999201 9.993E-05 9.993E-05 9.993E-05 9.993E-05 9.993E-05 9.993E-05
9.993E-05 9.993E-05 9.993E-05 9.993E-05 9.993E-05 9.993E-05 9.993E-05 9.993E-05 0.999201
0.156106 0.0536849 0.0824382 0.428494 0.00855868 9.9982E-05 0.0135882 9.9982E-05 0.25693
0.0551713 0.0164999 0.104136 0.340716 0.00516994 0.0951309 0.0420386 0.0469085 0.294229
0.0397205 0.111427 0.128046 0.375177 0.0173697 0.103023 9.9982E-05 9.9982E-05 0.225037
9.997E-05 0.0559864 0.098154 0.380947 9.997E-05 9.997E-05 0.104124 0.0771303 0.283358
9.998E-05 0.0228489 0.0817816 0.413524 0.0432499 9.998E-05 0.163526 0.025756 0.249114
0.147189 0.0311903 0.674918 0.125865 9.9964E-05 9.9964E-05 9.9964E-05 0.0204384 9.9964E-05
0.116929 0.0773497 0.115905 0.357381 9.9991E-05 0.0448151 0.124052 0.0214797 0.141988
0.122026 9.9982E-05 0.00665105 0.644987 0.0625859 0.0526937 9.9982E-05 0.0709287 0.0399282
0.231937 9.9964E-05 0.0431071 0.558574 9.9964E-05 0.123657 9.9964E-05 9.9964E-05 0.042326
0.0934106 9.9982E-05 0.0729093 0.465485 0.270398 0.00306236 9.9982E-05 0.0220753 0.0724596
0.228813 9.9982E-05 0.0353667 0.550344 0.0659696 0.0482131 9.9982E-05 0.0653193 0.00577454
9.9982E-05 0.00866554 0.0744711 0.370005 0.231175 0.127214 0.0681304 9.9982E-05 0.12014
9.9964E-05 9.9964E-05 0.0783053 0.501957 0.257263 0.154807 0.00726831 9.9964E-05 9.9964E-05
0.0553983 0.0135243 0.0561335 0.521073 0.126323 0.122571 0.0776184 0.0272586 9.9991E-05
0.122269 0.0558259 0.0383369 0.627298 0.147458 0.00851189 9.9973E-05 9.9973E-05 9.9973E-05
0.0833914 9.9982E-05 0.0466764 0.509131 0.203958 0.0186447 0.129962 0.00803717 9.9982E-05
0.0365716 0.00810026 0.0718584 0.598597 0.0480487 0.0669309 0.0776918 0.0749503 0.0172516
0.163384 9.9982E-05 0.0215384 0.557185 0.226416 0.0100239 0.00943958 0.0118134 9.9982E-05
9.9982E-05 9.9982E-05 0.0420556 0.012786 0.126285 0.724966 0.0667956 0.00248018 0.0244313
0.037555 9.9973E-05 0.0584191 0.0844436 9.9973E-05 0.773563 0.00539322 0.0403266 9.9973E-05
9.9982E-05 0.0215403 0.0362121 0.0249655 0.129865 0.643011 0.115415 0.0287912 9.9982E-05
9.9964E-05 0.0549463 9.9964E-05 9.9964E-05 9.9964E-05 0.723664 0.171443 0.0225011 0.0270459
9.9964E-05 0.0294189 9.9964E-05 9.9964E-05 9.9964E-05 0.677299 0.179161 0.0668339 0.0468869
9.9991E-05 0.0351415 0.0328395 0.0226346 0.0210637 0.726413 0.0488294 0.0588763 0.0541022
9.9955E-05 9.9955E-05 0.0291042 9.9955E-05 0.13573 0.699757 0.134909 9.9955E-05 9.9955E-05
9.9973E-05 9.9973E-05 0.072725 0.0473552 0.0488719 0.744722 0.0571497 0.0288768 9.9973E-05
0.205081 0.0523 0.036171 0.0467564 9.9982E-05 0.563865 9.9982E-05 0.0170171 0.0786093
9.9964E-05 0.0214985 0.0161164 9.9964E-05 0.0396443 0.65084 0.271501 9.9964E-05 9.9964E-05
9.9955E-05 0.0279051 9.9955E-05 9.9955E-05 9.9955E-05 0.77017 0.158083 0.0433419 9.9955E-05
9.9964E-05 0.0277048 9.9964E-05 0.0239765 9.9964E-05 0.734319 0.196918 0.0166826 9.9964E-05
0.200105 0.0407925 9.9982E-05 0.116681 0.0692556 0.452673 0.116126 0.00416711 9.9982E-05
0.218829 0.00147787 0.0295964 0.105023 9.9982E-05 0.499703 0.0490169 9.9982E-05 0.0961539
0.021791 0.0746003 0.030749 0.0683834 0.0464065 0.728101 9.9982E-05 9.9982E-05 0.0297685
0.0645623 0.0861703 0.0359353 0.0393976 9.9982E-05 0.759659 0.0121461 0.00192894 9.9982E-05
9.9955E-05 9.9955E-05 0.0192389 0.0674145 9.9955E-05 0.804531 0.108316 9.9955E-05 9.9955E-05
9.9964E-05 0.0473021 9.9964E-05 0.154672 9.9964E-05 0.732332 0.0564118 9.9964E-05 0.00888238
9.9982E-05 0.0484607 0.0380695 9.9982E-05 0.0531008 0.72166 0.12518 0.00993029 0.00339829
0.0782309 0.0294405 0.00933211 9.998E-05 9.998E-05 0.660039 0.0303473 0.064757 0.127653
0.170997 0.0597418 0.055532 9.9973E-05 9.9973E-05 0.62321 9.9973E-05 0.0490831 0.0411364
0.0121163 9.9982E-05 0.00649028 9.9982E-05 0.0524641 0.727549 0.0710061 0.0330816 0.0970927
9.9973E-05 9.9973E-05 0.0648879 9.9973E-05 0.0779922 0.76164 0.00170274 0.00572573 0.0877512
0.0906322 9.999E-05 0.0273793 0.0326439 0.0490539 0.720168 0.0103637 0.0255842 0.0440748
0.135521 0.0335222 0.0840816 9.997E-05 0.109106 0.632329 9.997E-05 0.00514015 9.997E-05
0.0510414 0.0132517 0.00871618 0.102375 0.128873 0.649574 9.9991E-05 0.0231239 0.0229456
0.231873 0.0104637 0.00978136 9.9982E-05 0.0130163 0.620717 9.9982E-05 0.0354821 0.0784666
0.285331 0.0382137 9.9973E-05 0.0178104 0.00745517 0.580425 9.9973E-05 9.9973E-05 0.0704646
0.174358 0.0538707 9.9982E-05 0.0891738 9.9982E-05 0.628948 0.0098679 0.0378074 0.00577403
9.9964E-05 9.9964E-05 0.0263428 9.9964E-05 0.0732547 0.751991 0.130794 9.9964E-05 0.0172179
0.0655171 9.9955E-05 0.0169559 9.9955E-05 9.9955E-05 0.759352 0.157675 9.9955E-05 9.9955E-05
9.9991E-05 0.0277818 0.00090623 0.0163144 0.062958 0.616127 0.236727 0.0212301 0.0178553
9.9973E-05 9.9973E-05 0.0148909 0.0557512 0.0551788 0.653228 0.190566 0.0300852 9.9973E-05
9.9973E-05 9.9973E-05 0.0201253 0.0247364 0.0636369 0.838588 9.9973E-05 0.00115197 0.0514614
0.0101507 0.0351433 0.00919512 0.0213808 0.0543864 0.765124 9.9991E-05 0.0591787 0.0453414
0.929396 9.9955E-05 9.9955E-05 9.9955E-05 9.9955E-05 9.9955E-05 0.03426 0.00287692 0.0329669
0.929426 9.9955E-05 0.0438078 9.9955E-05 0.0146523 0.0116143 9.9955E-05 9.9955E-05 9.9955E-05
0.859438 0.0873674 0.02906 9.9955E-05 0.0236351 9.9955E-05 9.9955E-05 9.9955E-05 9.9955E-05
0.87605 0.0436412 0.0173974 9.9973E-05 9.9973E-05 9.9973E-05 0.0318283 0.0053541 0.0254292
0.74741 0.0690813 9.9964E-05 9.9964E-05 0.0823847 9.9964E-05 0.0843114 9.9964E-05 0.0164125
0.889174 9.9955E-05 9.9955E-05 9.9955E-05 9.9955E-05 9.9955E-05 0.0825664 0.00943759 0.0183219
0.999201 9.993E-05 9.993E-05 9.993E-05 9.993E-05 9.993E-05 9.993E-05 9.993E-05 9.993E-05
0.871935 0.0376483 9.9973E-05 0.0348228 0.0351096 9.9973E-05 0.0160792 0.00410524 9.9973E-05
