9.9955E-05 9.9955E-05 9.9955E-05 0.0254959 0.0488599 0.0181309 9.9955E-05 9.9955E-05 0.907013
0.0623495 0.0529194 9.9964E-05 9.9964E-05 0.132978 9.9964E-05 0.0307545 9.9964E-05 0.720599
0.0684536 9.9973E-05 0.0542449 0.0501049 0.0359159 9.9973E-05 0.0280012 9.9973E-05 0.76298
0.0829807 0.0325255 0.0600165 0.0135983 9.9982E-05 9.9982E-05 0.00246302 0.0225776 0.785638
0.0731367 9.9973E-05 9.9973E-05 0.0100403 9.9973E-05 0.0108261 0.0583362 0.0573458 0.790015
0.0769399 0.0647327 9.9955E-05 9.9955E-05 9.9955E-05 9.9955E-05 9.9955E-05 0.00536919 0.852458
0.0379966 9.9973E-05 9.9973E-05 0.00793885 9.9973E-05 0.0099943 0.0395164 0.0271665 0.877087
0.0517331 0.0215065 0.0269751 0.0295179 9.9982E-05 0.0323688 9.9982E-05 0.0233027 0.814396
0.118848 0.00113924 0.00469558 0.0566543 9.9973E-05 9.9973E-05 0.0436189 9.9973E-05 0.774744
0.0356246 0.00583517 0.0884838 0.0153242 0.0327591 9.9982E-05 0.00185717 9.9982E-05 0.819916
0.0691451 0.0293949 0.0273692 0.00909373 0.135105 9.9973E-05 9.9973E-05 9.9973E-05 0.729592
0.0065145 9.9982E-05 0.133881 0.0307491 0.04108 0.00421879 9.9982E-05 0.0263465 0.757011
9.9982E-05 0.041105 0.0235577 0.00956254 9.9982E-05 0.0360498 0.110553 0.00932131 0.76965
0.142914 9.9955E-05 0.0838165 9.9955E-05 0.0973534 9.9955E-05 9.9955E-05 9.9955E-05 0.675416
0.0450263 9.9973E-05 0.0469152 0.0130137 0.0376104 9.9973E-05 0.0745906 9.9973E-05 0.782544
0.0539364 9.9955E-05 9.9955E-05 0.000398823 9.9955E-05 9.9955E-05 0.0902492 9.9955E-05 0.854916
9.9946E-05 0.0509391 9.9946E-05 9.9946E-05 9.9946E-05 9.9946E-05 9.9946E-05 0.0209133 0.927548
9.9946E-05 0.0228215 9.9946E-05 9.9946E-05 9.9946E-05 0.0251341 9.9946E-05 9.9946E-05 0.951445
9.9946E-05 9.9946E-05 9.9946E-05 0.0148786 9.9946E-05 0.0108714 9.9946E-05 9.9946E-05 0.97365
9.9955E-05 0.0624839 9.9955E-05 9.9955E-05 0.0119601 9.9955E-05 9.9955E-05 0.0214977 0.903559
9.993E-05 9.993E-05 0.999201 9.993E-05 9.993E-05 9.993E-05 9.993E-05 9.993E-05 9.993E-05
0.0174892 9.9964E-05 0.622989 9.9964E-05 0.263638 0.0770637 9.9964E-05 9.9964E-05 0.0184207
0.00233246 9.9973E-05 0.668302 9.9973E-05 9.9973E-05 0.0920316 0.18177 0.0201077 0.0351566
0.00698566 9.9964E-05 0.730677 9.9964E-05 9.9964E-05 0.160448 0.0746368 0.0268524 9.9964E-05
9.9946E-05 9.9946E-05 0.870052 9.9946E-05 0.106253 9.9946E-05 9.9946E-05 0.0230954 9.9946E-05
9.9955E-05 9.9955E-05 0.763114 0.00556632 9.9955E-05 9.9955E-05 0.190704 9.9955E-05 0.0401151
0.0351143 9.9982E-05 0.731303 0.0258489 0.00767485 0.0564398 0.132979 0.010441 9.9982E-05
9.993E-05 9.993E-05 0.999201 9.993E-05 9.993E-05 9.993E-05 9.993E-05 9.993E-05 9.993E-05
0.0871524 9.9973E-05 0.683337 0.0073136 0.0510474 9.9973E-05 0.152996 0.0178536 9.9973E-05
0.0837182 0.0265858 0.555429 9.9973E-05 0.16721 0.051422 0.115335 9.9973E-05 9.9973E-05
0.179811 9.9973E-05 0.647931 0.0241963 0.0470331 9.9973E-05 0.0996639 0.00106415 9.9973E-05
9.9955E-05 0.0538052 0.714225 9.9955E-05 9.9955E-05 0.108555 0.122915 9.9955E-05 9.9955E-05
0.0334619 0.0201539 0.653286 9.9973E-05 9.9973E-05 0.0743206 0.162212 9.9973E-05 0.0562656
0.136256 0.0390496 0.622236 0.0519101 0.0680615 9.9982E-05 0.0808687 0.00141859 9.9982E-05
0.0123118 0.0103554 0.542008 0.0400414 0.134579 0.034107 0.1707 0.0449681 0.010929
0.175056 0.0281803 0.422034 0.0738555 0.203411 0.0280021 9.9982E-05 9.9982E-05 0.0692609
0.0423838 0.00842147 0.569951 0.0393418 0.0955709 0.13156 0.096307 0.0163642 9.9991E-05
0.022349 0.0143659 0.0293511 0.006411 0.0445579 0.721676 0.156003 0.00518603 9.9991E-05
9.9964E-05 0.0442991 9.9964E-05 9.9964E-05 0.156704 0.663189 0.116912 0.0184966 9.9964E-05
0.0466441 0.025756 9.9982E-05 0.0196823 9.9982E-05 0.641978 0.242844 0.00934713 0.0135484
0.0599261 0.0639945 0.0371706 0.0286992 9.9982E-05 0.752029 0.0383039 0.0196769 9.9982E-05
9.9964E-05 0.079849 9.9964E-05 0.0452436 9.9964E-05 0.794526 9.9964E-05 0.0589932 0.0209881
0.0664473 0.0917963 0.0309886 0.0230312 9.9982E-05 0.679308 0.0885639 0.0196646 9.9982E-05
0.145913 0.0604727 0.0225869 0.0589447 0.0187213 0.632243 9.9991E-05 0.00812331 0.0528942
0.0495422 0.0558374 0.0277893 0.000133874 9.9991E-05 0.714212 0.097667 0.0467937 0.00792468
0.0303886 9.9982E-05 0.0302086 0.0289009 9.9982E-05 0.701298 0.128161 0.0202891 0.0605537
9.9973E-05 0.0424655 0.00608748 0.0183557 9.9973E-05 0.839947 0.0762911 0.0165537 9.9973E-05
9.9964E-05 0.0373589 9.9964E-05 0.00954555 9.9964E-05 0.850328 0.0822535 0.0201143 9.9964E-05
9.9973E-05 0.0252542 0.0560204 0.00852994 9.9973E-05 0.857171 9.9973E-05 0.0331084 0.0196159
0.0342571 0.0729224 0.00267035 0.0645561 0.00979912 0.775543 9.9991E-05 0.00706069 0.0330917
9.9964E-05 0.042818 0.000148743 9.9964E-05 9.9964E-05 0.858011 0.0618238 0.0367985 9.9964E-05
9.9955E-05 0.108794 0.0657541 0.0175192 9.9955E-05 0.807433 9.9955E-05 9.9955E-05 9.9955E-05
9.9955E-05 0.0659591 9.9955E-05 9.9955E-05 9.9955E-05 0.74822 0.118638 0.0666831 9.9955E-05
9.9982E-05 0.0671286 0.0255486 0.0315287 0.089644 0.71416 9.9982E-05 0.00986339 0.0619269
0.0364049 0.0901917 9.9982E-05 0.0402705 0.0362621 0.738216 9.9982E-05 0.0443435 0.0141118
0.0297366 0.00354263 0.0205677 9.9982E-05 0.0797197 0.720016 0.110951 9.9982E-05 0.0352667
0.0449843 0.0238306 0.0524523 0.000282461 0.0902584 0.655844 9.9991E-05 0.0753342 0.0569133
0.0350458 0.0362242 0.0574807 0.0568538 0.579135 0.131621 0.0601796 0.0433595 9.9991E-05
9.993E-05 9.993E-05 9.993E-05 0.999201 9.993E-05 9.993E-05 9.993E-05 9.993E-05 9.993E-05
0.044066 0.0169583 9.9982E-05 0.0273662 0.689807 9.9982E-05 0.0983408 0.0936671 0.0295948
9.9973E-05 0.079238 9.9973E-05 0.00954003 0.489736 0.0611245 0.263845 0.096216 9.9973E-05
9.9964E-05 0.050492 9.9964E-05 0.0749693 0.607429 9.9964E-05 0.238435 0.028275 9.9964E-05
9.9973E-05 0.112945 9.9973E-05 0.0323899 0.614984 0.0656798 0.122775 0.0509268 9.9973E-05
9.99369E-05 0.992935 9.99369E-05 0.00636515 9.99369E-05 9.99369E-05 9.99369E-05 9.99369E-05 9.99369E-05
9.993E-05 9.993E-05 9.993E-05 0.999201 9.993E-05 9.993E-05 9.993E-05 9.993E-05 9.993E-05
0.0608626 0.107385 9.9982E-05 0.0308713 0.658806 9.9982E-05 0.0188954 0.0490913 0.0738891
0.0258925 0.224413 0.102714 0.0169463 0.310599 9.9991E-05 0.222579 0.051851 0.0449044
9.9964E-05 0.191452 9.9964E-05 0.0678086 0.341434 9.9964E-05 0.31918 0.0797247 9.9964E-05
9.9973E-05 0.214429 0.0599767 0.0563365 0.322532 9.9973E-05 0.300555 0.0458705 9.9973E-05
9.9982E-05 0.215937 0.0991128 0.144903 0.310668 9.9982E-05 0.11643 0.0784905 0.0342578
9.9964E-05 0.174183 9.9964E-05 0.126752 0.429402 9.9964E-05 0.229325 0.0399382 9.9964E-05
9.9964E-05 0.16518 9.9964E-05 0.0626577 0.466534 9.9964E-05 0.265168 0.0400606 9.9964E-05
9.9982E-05 0.103009 0.0362989 0.151744 0.385069 0.0188402 0.248445 0.0563929 9.9982E-05
0.034992 0.00906403 0.0407142 0.0790135 0.461967 9.9982E-05 0.367346 0.00670323 9.9982E-05
9.9964E-05 0.173333 9.9964E-05 0.0269254 0.0675535 0.291678 0.44011 9.9964E-05 9.9964E-05
0.0109536 0.117636 0.00277109 0.0466102 0.323133 0.196648 0.208939 0.0322712 0.061038
9.9982E-05 0.0539621 9.9982E-05 0.111309 0.109926 0.462863 0.200593 0.0123316 0.0488151
9.993E-05 0.999201 9.993E-05 9.993E-05 9.993E-05 9.993E-05 9.993E-05 9.993E-05 9.993E-05
9.999E-05 0.110718 0.103981 0.092557 0.304278 0.169349 0.0648167 0.0965091 0.0576907
9.9973E-05 0.159288 9.9973E-05 0.061859 0.425099 0.0476968 0.237807 0.0679495 9.9973E-05
9.9982E-05 0.150916 9.9982E-05 0.0216133 0.0434492 0.051449 0.630044 0.0366368 0.0656922
0.0441557 0.0404779 9.9991E-05 0.0498865 0.582488 0.00961186 0.203357 0.0681468 0.00177592
9.9973E-05 0.211917 0.0162196 0.0598918 0.643264 9.9973E-05 9.9973E-05 0.0317023 0.036705
0.261198 0.175129 0.0310276 0.0410953 0.187102 0.190794 9.9991E-05 0.0807764 0.0327772
0.562724 0.0374938 9.9973E-05 0.0221491 0.266514 0.0962443 9.9973E-05 0.0145755 9.9973E-05
0.09623 0.00266478 0.0317319 0.119008 0.282068 0.199309 0.237483 0.0128477 0.0186583
9.9973E-05 0.138858 9.9973E-05 0.0422479 0.100211 0.0322895 0.670703 0.0153911 9.9973E-05
0.00710996 0.0808292 9.9991E-05 0.0314907 0.0503263 0.100647 0.724324 0.00186192 0.0033108
0.00874657 9.9991E-05 0.0100753 0.0836057 0.468318 0.0778443 0.27724 0.0662867 0.00778297
9.9955E-05 9.9955E-05 0.0434884 0.0218204 0.635863 9.9955E-05 9.9955E-05 0.298329 9.9955E-05
9.9991E-05 0.197721 0.0421466 0.0466507 0.499789 0.076026 0.0859993 0.0345264 0.0170418
9.9973E-05 0.325084 9.9973E-05 0.0133553 0.266305 0.0441776 0.313317 0.0374613 9.9973E-05
0.0954721 9.9973E-05 0.0503859 0.0307121 0.767989 9.9973E-05 9.9973E-05 0.0481674 0.00697372
0.0597487 0.0578791 0.0951784 9.9991E-05 0.649778 0.0187049 0.00276261 0.0448919 0.0709569
0.082143 0.10762 9.9973E-05 0.0351411 0.72832 9.9973E-05 9.9973E-05 0.0204354 0.0260409
0.0596195 0.0561415 0.0809677 0.101162 0.565423 9.9991E-05 0.0417942 0.015864 0.0789286
0.126255 0.112281 9.9991E-05 0.0688352 0.291957 0.0439391 0.30125 0.0222993 0.0330827
9.9982E-05 0.184745 9.9982E-05 0.0332472 0.306407 0.110768 0.242635 0.0505884 0.0714093
9.9982E-05 0.105501 0.00564698 0.0341609 0.354275 0.00870639 0.467778 0.0237322 9.9982E-05
9.9973E-05 0.118068 9.9973E-05 0.114767 0.508311 0.0589964 0.138494 0.0610642 9.9973E-05
9.9982E-05 0.131673 0.083999 0.0119522 0.516864 0.0061422 0.166924 0.0822455 9.9982E-05
0.0925263 0.195245 9.9982E-05 0.0829486 0.272799 9.9982E-05 0.243655 0.106125 0.00650161
9.9964E-05 0.0666407 9.9964E-05 0.0610717 0.50551 9.9964E-05 0.332203 0.0341741 9.9964E-05
9.993E-05 9.993E-05 9.993E-05 9.993E-05 9.993E-05 9.993E-05 9.993E-05 0.999201 9.993E-05
0.00308624 0.0893574 0.0725213 0.0862752 0.528755 0.0537381 0.0626205 0.0341033 0.0695433
9.9982E-05 0.118458 0.0441337 0.0359768 0.67388 0.0221389 0.0354977 0.069715 9.9982E-05
0.0384999 0.152944 0.0515006 0.0317189 0.501542 9.9991E-05 0.103045 0.063943 0.0567068
9.9973E-05 0.0982879 9.9973E-05 0.0251696 0.50423 0.0880583 0.236315 0.0476388 9.9973E-05
9.9991E-05 0.1536 0.00251823 0.0126641 0.564488 0.0400095 0.219823 0.00573229 0.0010638
9.9982E-05 0.0500025 0.0412636 0.0651805 0.477097 9.9982E-05 0.33554 0.0207436 0.00997281
9.993E-05 0.999201 9.993E-05 9.993E-05 9.993E-05 9.993E-05 9.993E-05 9.993E-05 9.993E-05
9.993E-05 9.993E-05 9.993E-05 9.993E-05 9.993E-05 9.993E-05 9.993E-05 0.999201 9.993E-05
9.993E-05 0.999201 9.993E-05 9.993E-05 9.993E-05 9.993E-05 9.993E-05 9.993E-05 9.993E-05
0.0561952 0.127716 9.9973E-05 0.0853973 0.700265 9.9973E-05 9.9973E-05 0.0235336 0.00659331
0.0751019 0.112137 0.0339986 0.0688708 0.644897 9.9973E-05 9.9973E-05 0.064695 9.9973E-05
9.9982E-05 0.0963226 0.109587 0.0699903 0.548369 9.9982E-05 0.0276339 0.0994411 0.0484569
9.9991E-05 0.170149 0.0356253 0.0371974 0.563437 0.0336996 0.0398964 0.0858515 0.0340443
9.9991E-05 0.292365 0.0202322 0.0475305 0.189292 0.0505257 0.288572 0.0568144 0.054568
9.99459E-05 9.99459E-05 9.99459E-05 9.99459E-05 0.758514 9.99459E-05 9.99459E-05 0.23995 0.000936379
0.0155882 0.112733 0.00987641 0.0248769 0.62355 0.062816 0.00639862 0.0830578 0.0611029
0.000463129 9.9964E-05 0.049878 0.111116 0.0919206 9.9964E-05 0.746223 9.9964E-05 9.9964E-05
0.0853124 0.0386818 9.9955E-05 9.9955E-05 9.9955E-05 9.9955E-05 0.861173 0.0143327 9.9955E-05
9.9955E-05 0.0316434 0.0884938 9.9955E-05 9.9955E-05 9.9955E-05 0.854343 0.0250197 9.9955E-05
0.0191112 9.9964E-05 0.0763575 0.0215437 9.9964E-05 9.9964E-05 0.811493 9.9964E-05 0.0710947
0.0760196 0.0418677 0.0672655 0.0310226 0.0774429 9.9991E-05 0.657354 0.0304145 0.0185128
0.0826617 0.00535398 0.0562111 0.0150414 9.9982E-05 9.9982E-05 0.814096 0.0138606 0.0125754
0.0447678 9.9964E-05 0.0187822 9.9964E-05 9.9964E-05 9.9964E-05 0.852456 0.0274382 0.0561562
9.9955E-05 9.9955E-05 0.0458626 9.9955E-05 9.9955E-05 9.9955E-05 0.866697 0.0165735 0.0703666
0.0559076 9.9991E-05 0.0492658 0.0162817 0.00997464 0.0293654 0.792856 0.0351319 0.0111164
0.0624537 0.0307556 0.0687598 0.00447314 0.0364625 0.0424601 0.744206 0.0103295 9.9991E-05
0.00567619 9.9982E-05 0.130992 0.0301263 9.9982E-05 0.0401585 0.775116 0.00344949 0.0142816
0.711114 0.0880778 0.0265957 9.9973E-05 9.9973E-05 0.0839141 0.0828563 9.9973E-05 0.00714255
0.721462 9.9982E-05 0.00528918 0.00230701 9.9982E-05 0.0336695 0.190363 0.043701 0.00300908
0.682947 0.040518 0.0128409 0.00487528 0.00299586 0.128447 0.068445 0.0154803 0.0434511
0.758295 0.0197529 9.9973E-05 0.0033482 9.9973E-05 0.0958856 0.0642659 9.9973E-05 0.0581522
0.670437 0.0952857 0.00874259 9.9973E-05 0.0373059 0.145293 9.9973E-05 9.9973E-05 0.0426353
0.721237 0.0481713 0.0444875 0.00990621 0.11489 9.9991E-05 0.0272248 0.0318286 0.00215478
0.779247 9.9973E-05 0.0134281 0.0133589 9.9973E-05 0.119129 0.0163796 0.0581572 9.9973E-05
0.753399 0.0451762 0.014386 9.9964E-05 9.9964E-05 9.9964E-05 0.156735 0.0299042 9.9964E-05
0.469886 0.047763 0.0249037 0.00877332 0.215097 0.158843 9.9991E-05 0.0230441 0.0515896
0.690339 9.9964E-05 9.9964E-05 9.9964E-05 9.9964E-05 0.108628 0.187725 0.0121207 0.000787467
0.722894 0.0579133 9.9973E-05 0.0249389 9.9973E-05 0.0895168 0.0585275 9.9973E-05 0.0459093
0.709997 9.9964E-05 9.9964E-05 0.0821482 9.9964E-05 0.119799 0.03813 9.9964E-05 0.0495262
0.526602 0.00473477 0.0199586 0.040867 0.0175903 0.188549 0.201062 0.000536621 9.9991E-05
0.555732 0.0414152 9.9964E-05 0.00370132 0.284634 0.114117 9.9964E-05 9.9964E-05 9.9964E-05
0.651704 9.9982E-05 0.0380596 0.0813455 0.113008 9.9982E-05 0.0187285 0.0314219 0.0655328
0.72865 9.9964E-05 9.9964E-05 0.0144395 0.155705 9.9964E-05 9.9964E-05 0.0107616 0.0900447
0.761037 0.0535089 0.0231028 0.0478444 9.9973E-05 0.104404 0.00980271 9.9973E-05 9.9973E-05
0.718281 9.9964E-05 9.9964E-05 0.038109 0.206435 9.9964E-05 9.9964E-05 0.00279253 0.0339827
0.736382 0.0142047 0.080536 9.9982E-05 9.9982E-05 0.0392974 0.0570236 0.00213159 0.0702249
0.656343 9.9964E-05 0.0272051 9.9964E-05 0.185264 0.113684 9.9964E-05 0.0171044 9.9964E-05
0.629066 0.0169697 0.0470932 9.9991E-05 0.160731 0.0149715 0.0102761 0.024046 0.0967466
0.74025 0.0585465 0.0154925 0.0270803 9.9982E-05 0.0147838 0.0739632 0.0696839 9.9982E-05
0.757587 9.9964E-05 9.9964E-05 0.00490721 0.161667 9.9964E-05 9.9964E-05 0.0436705 0.0317678
0.763089 0.0161227 0.00308325 9.9973E-05 0.161847 9.9973E-05 9.9973E-05 0.0171506 0.0384074
0.671704 9.9973E-05 0.0861244 0.0181569 0.0725974 9.9973E-05 9.9973E-05 0.0735225 0.077595
0.681832 9.9964E-05 0.0175595 9.9964E-05 0.263545 9.9964E-05 9.9964E-05 0.0208456 0.0158174
0.724655 0.0423956 0.0197927 0.0336865 0.0515053 0.00623684 0.0644667 0.00602885 0.0512329
0.648327 0.0635696 9.9991E-05 0.064539 0.0877564 0.0763167 0.0183109 0.00869316 0.0323877
0.63079 0.00778128 9.9982E-05 0.0383021 0.0934812 0.10748 0.0723004 9.9982E-05 0.0496653
0.723823 0.0410564 0.024065 0.0178307 0.0176169 0.111503 0.0161545 0.0478503 9.9991E-05
0.739722 0.0411203 9.9973E-05 0.0234618 9.9973E-05 0.0814242 0.0889525 0.0250193 9.9973E-05
0.627422 9.9973E-05 9.9973E-05 0.00105717 0.133787 0.17773 9.9973E-05 0.026149 0.0335553
0.610254 0.0138367 0.0753291 9.9973E-05 0.101313 0.112169 0.086798 9.9973E-05 9.9973E-05
0.771977 0.0516374 0.0625632 0.0244566 9.9973E-05 9.9973E-05 0.0381795 0.0508861 9.9973E-05
0.745013 0.0579016 0.0351246 9.9973E-05 9.9973E-05 9.9973E-05 0.0807762 0.0295954 0.0512892
0.136247 0.0272519 0.0205406 0.0278231 0.132877 0.638836 9.9982E-05 9.9982E-05 0.0162243
0.11684 9.9982E-05 0.0533834 0.00248997 0.161202 0.579645 9.9982E-05 0.0230934 0.0631456
0.0592504 0.0419375 0.0587093 9.9982E-05 0.212794 0.529688 0.004049 9.9982E-05 0.0933718
0.151146 9.9982E-05 0.0342558 0.0190308 0.217252 0.509825 9.9982E-05 0.000142463 0.0681482
0.0679496 9.9973E-05 0.0877577 9.9973E-05 0.209604 0.551035 9.9973E-05 0.024157 0.0591966
0.12303 0.0757238 0.0737014 9.9973E-05 0.0556778 0.648899 9.9973E-05 0.0226675 9.9973E-05
0.014615 9.9973E-05 0.011314 0.00449236 0.115123 0.822513 9.9973E-05 0.031643 9.9973E-05
0.0656655 9.9982E-05 0.109447 0.00223905 0.12997 0.53116 0.0653358 9.9982E-05 0.0959826
