0.889103 9.99369E-05 9.99369E-05 9.99369E-05 9.99369E-05 9.99369E-05 9.99369E-05 0.110197 9.99369E-05
0.663731 9.9955E-05 9.9955E-05 9.9955E-05 0.137438 9.9955E-05 9.9955E-05 0.091972 0.10636
0.783058 9.9955E-05 9.9955E-05 0.0598677 0.0534524 9.9955E-05 9.9955E-05 0.103122 9.9955E-05
0.753345 0.043837 0.0195654 0.040528 9.9973E-05 9.9973E-05 9.9973E-05 0.0832869 0.0591382
0.759102 0.032212 9.9964E-05 9.9964E-05 9.9964E-05 0.088321 0.0696812 9.9964E-05 0.0502839
0.865442 0.0234882 9.9964E-05 9.9964E-05 9.9964E-05 0.0421711 9.9964E-05 0.0174805 0.0510189
0.903083 9.9955E-05 9.9955E-05 9.9955E-05 9.9955E-05 0.0227031 9.9955E-05 0.0206893 0.0530249
0.775889 0.033512 0.00958895 9.9973E-05 9.9973E-05 0.0460391 9.9973E-05 0.0848063 0.0498646
0.76761 0.00591167 0.0321665 9.9964E-05 9.9964E-05 0.021057 9.9964E-05 9.9964E-05 0.172855
0.785802 0.00692127 9.9973E-05 0.0655124 0.0254814 9.9973E-05 9.9973E-05 0.0679153 0.0480675
0.697505 9.9964E-05 9.9964E-05 0.0167984 0.0821638 9.9964E-05 9.9964E-05 0.164914 0.0382188
0.745108 9.9955E-05 9.9955E-05 0.0298593 0.0999467 9.9955E-05 9.9955E-05 0.124586 9.9955E-05
0.760936 9.9955E-05 0.0266474 9.9955E-05 9.9955E-05 0.0812364 9.9955E-05 0.130681 9.9955E-05
0.686678 9.9991E-05 0.022999 0.0900546 0.0175833 0.0295774 0.0171293 0.0470873 0.0887913
0.746484 9.9964E-05 9.9964E-05 0.0498041 0.098492 9.9964E-05 0.023991 9.9964E-05 0.0808293
0.818137 9.9973E-05 0.0170524 0.0174536 9.9973E-05 0.020625 0.0376745 9.9973E-05 0.0887578
0.894926 0.0700266 9.9946E-05 9.9946E-05 9.9946E-05 9.9946E-05 0.0344474 9.9946E-05 9.9946E-05
0.893636 9.9937E-05 9.9937E-05 9.9937E-05 9.9937E-05 9.9937E-05 0.105665 9.9937E-05 9.9937E-05
0.910497 9.9946E-05 0.000998963 9.9946E-05 9.9946E-05 9.9946E-05 0.0879045 9.9946E-05 9.9946E-05
0.866781 0.0645908 9.9955E-05 0.026522 9.9955E-05 9.9955E-05 0.0416066 9.9955E-05 9.9955E-05
9.993E-05 9.993E-05 9.993E-05 0.999201 9.993E-05 9.993E-05 9.993E-05 9.993E-05 9.993E-05
9.9955E-05 9.9955E-05 0.0544533 0.628394 0.0314612 9.9955E-05 9.9955E-05 0.285192 9.9955E-05
0.0319553 9.9991E-05 0.00739477 0.653069 0.0503605 0.0564812 0.126014 0.00472818 0.0698973
9.9964E-05 0.0473504 9.9964E-05 0.749491 9.9964E-05 0.000559071 0.135981 0.0662192 9.9964E-05
0.00015404 0.00709979 9.9964E-05 0.93003 0.0400106 0.0223058 9.9964E-05 9.9964E-05 9.9964E-05
0.0255051 0.0481546 9.9973E-05 0.79581 9.9973E-05 0.0572844 0.0456076 0.0273384 9.9973E-05
9.999E-05 0.0208755 0.0144438 0.646297 0.0468806 0.0890909 0.0999793 0.028442 0.0538912
9.993E-05 9.993E-05 9.993E-05 0.999201 9.993E-05 9.993E-05 9.993E-05 9.993E-05 9.993E-05
9.9964E-05 0.013229 9.9964E-05 0.702693 9.9964E-05 0.195631 0.00538297 9.9964E-05 0.0826642
9.9982E-05 9.9982E-05 0.0404406 0.589902 0.125226 0.0718314 0.0265206 0.086648 0.0592313
9.9964E-05 9.9964E-05 9.9964E-05 0.703923 0.056094 0.0389538 9.9964E-05 0.127219 0.073411
9.9964E-05 0.0123512 9.9964E-05 0.737014 9.9964E-05 0.0734473 0.163965 9.9964E-05 0.0128227
0.00344086 9.9973E-05 0.0325474 0.649743 9.9973E-05 0.206718 0.0670982 9.9973E-05 0.0401531
9.9964E-05 9.9964E-05 0.1501 0.51895 9.9964E-05 0.0836153 9.9964E-05 0.145048 0.101886
0.0350725 0.0361886 0.0333486 0.572045 0.088106 0.154909 0.0610575 9.9991E-05 0.019173
0.0261322 9.9973E-05 0.0655859 0.410752 0.169407 9.9973E-05 9.9973E-05 0.24697 0.0808534
9.9973E-05 0.00463003 0.0167799 0.634442 0.112899 9.9973E-05 0.217817 9.9973E-05 0.0131331
9.9982E-05 9.9982E-05 0.0341514 0.0975957 0.0422419 0.00937481 0.643882 0.128245 0.0443089
9.9964E-05 0.0140707 9.9964E-05 9.9964E-05 0.127805 0.0914552 0.581252 0.185018 9.9964E-05
0.020012 9.9973E-05 0.077065 0.0166077 9.9973E-05 0.0735336 0.555059 0.257423 9.9973E-05
0.0199024 9.9982E-05 0.0426577 0.0644782 0.0206411 0.000154357 0.821478 9.9982E-05 0.0304885
0.00340751 0.0374159 0.0717595 0.0557552 9.9973E-05 9.9973E-05 0.570349 0.261013 9.9973E-05
9.9964E-05 9.9964E-05 9.9964E-05 9.9964E-05 0.0346652 0.0249857 0.719687 0.159731 0.0605314
0.0437308 9.9973E-05 0.0814154 9.9973E-05 9.9973E-05 0.0374499 0.39331 0.356928 0.0868668
0.0153635 0.0278013 0.0201985 9.9982E-05 0.023993 9.9982E-05 0.648762 0.241208 0.0224736
0.0692587 0.02767 9.9982E-05 0.0693786 9.9982E-05 0.0172917 0.654683 0.0753003 0.0862176
9.9955E-05 0.0441874 9.9955E-05 0.00719878 0.0388168 9.9955E-05 0.909297 9.9955E-05 9.9955E-05
0.00887165 0.0036633 0.0211504 9.9982E-05 0.0192303 0.0137319 0.724657 0.208496 9.9982E-05
0.0015026 0.00237618 9.9955E-05 0.0283501 9.9955E-05 9.9955E-05 0.967271 9.9955E-05 9.9955E-05
9.9946E-05 9.9946E-05 0.0844436 9.9946E-05 9.9946E-05 9.9946E-05 0.500961 0.413995 9.9946E-05
9.9964E-05 0.0359869 9.9964E-05 9.9964E-05 9.9964E-05 0.0337049 0.648961 0.27676 0.00418802
9.9955E-05 9.9955E-05 0.0652553 9.9955E-05 9.9955E-05 9.9955E-05 0.825197 0.0421002 0.0669479
9.9964E-05 0.0286341 0.0404657 9.9964E-05 9.9964E-05 0.0839074 0.837747 0.00884603 9.9964E-05
0.0982297 9.9973E-05 0.0105209 0.0396957 0.0191586 9.9973E-05 0.829375 0.00271979 9.9973E-05
9.9973E-05 9.9973E-05 0.0281414 0.0142069 9.9973E-05 0.00832038 0.835986 0.0918395 0.0212062
0.014492 9.9973E-05 0.0246668 9.9973E-05 9.9973E-05 0.0853382 0.48371 0.36543 0.0260635
0.0746231 0.0114208 9.9982E-05 0.0891696 9.9982E-05 0.0284127 0.733327 0.0387812 0.0240656
9.9964E-05 9.9964E-05 9.9964E-05 0.0140786 0.624925 9.9964E-05 0.143133 0.111042 0.106421
9.993E-05 9.993E-05 0.999201 9.993E-05 9.993E-05 9.993E-05 9.993E-05 9.993E-05 9.993E-05
0.0082292 0.0465857 0.0175091 9.9991E-05 0.691029 0.0940426 0.0285848 0.108511 0.00540887
0.0169844 0.0308483 0.0226157 9.9982E-05 0.642799 0.0601558 0.127516 0.0988806 9.9982E-05
9.9973E-05 0.0118711 0.055805 9.9973E-05 0.737969 0.0878911 0.0889329 9.9973E-05 0.0172309
9.9964E-05 0.0820003 0.0527109 0.0200243 0.583392 9.9964E-05 0.261473 9.9964E-05 9.9964E-05
9.99369E-05 0.0403201 0.95898 9.99369E-05 9.99369E-05 9.99369E-05 9.99369E-05 9.99369E-05 9.99369E-05
9.993E-05 9.993E-05 0.999201 9.993E-05 9.993E-05 9.993E-05 9.993E-05 9.993E-05 9.993E-05
0.0709729 0.038944 0.0134288 9.9973E-05 0.461144 0.142705 9.9973E-05 0.272506 9.9973E-05
0.0525927 0.0655682 0.108102 0.0958342 0.412493 0.100329 0.164881 9.9982E-05 9.9982E-05
0.0393921 0.0530224 0.14195 9.9973E-05 0.522934 0.141849 0.100553 9.9973E-05 9.9973E-05
9.9973E-05 0.100616 0.143092 0.07849 0.548533 0.0246036 0.104365 9.9973E-05 9.9973E-05
0.0467723 0.112565 0.248861 0.0768245 0.468452 9.9982E-05 9.9982E-05 0.0241317 0.0221932
9.9973E-05 0.025281 0.160612 0.0313007 0.645091 9.9973E-05 0.135714 9.9973E-05 0.00170139
9.9964E-05 0.0431736 0.149493 9.9964E-05 0.547495 0.110676 0.148762 9.9964E-05 9.9964E-05
0.00109017 0.0147085 0.152111 0.0415992 0.583763 0.104592 0.101937 9.9982E-05 9.9982E-05
9.9973E-05 0.0227239 0.0697055 0.0274364 0.323501 0.343588 9.9973E-05 0.212745 9.9973E-05
9.9973E-05 0.0773115 0.0538669 9.9973E-05 0.240955 0.274052 0.174245 0.179269 9.9973E-05
0.0607256 0.0357484 0.0598823 0.012337 0.387428 0.0847912 0.358887 9.9982E-05 9.9982E-05
0.0943969 0.0190943 0.0234304 9.9964E-05 0.302902 9.9964E-05 0.559777 9.9964E-05 9.9964E-05
9.99369E-05 0.019354 0.979946 9.99369E-05 9.99369E-05 9.99369E-05 9.99369E-05 9.99369E-05 9.99369E-05
0.0469167 0.179001 0.120516 0.0694627 0.248423 0.0863279 0.237561 9.9991E-05 0.0116913
9.9964E-05 0.0912433 0.0690553 0.0359517 0.583508 9.9964E-05 0.219842 9.9964E-05 9.9964E-05
0.0432332 0.0446699 0.00203993 0.0543945 0.568462 0.0883142 0.198686 9.9982E-05 9.9982E-05
0.0348946 0.0535626 0.0745136 0.0200087 0.652656 0.00139736 0.133489 9.9991E-05 0.0293786
0.0548907 0.0272209 0.0616888 9.9973E-05 0.759276 9.9973E-05 0.0873791 9.9973E-05 0.00924458
9.9964E-05 0.124798 9.9964E-05 0.0504803 0.349298 9.9964E-05 0.27309 9.9964E-05 0.201934
9.9964E-05 0.0192635 0.0226044 9.9964E-05 0.115325 9.9964E-05 0.293767 9.9964E-05 0.54864
0.0153386 9.9991E-05 0.00804557 0.0353341 0.42922 0.129442 0.233968 0.0456911 0.102861
0.000706465 0.0266253 0.0157813 9.9982E-05 0.648697 0.0181434 0.274063 9.9982E-05 0.0157835
9.9964E-05 0.0267538 9.9964E-05 9.9964E-05 0.512169 0.148962 0.203394 9.9964E-05 0.108321
0.0107196 0.00625955 0.0725108 0.0243076 0.608724 0.0577423 0.208907 9.9991E-05 0.0107289
9.9946E-05 0.315454 9.9946E-05 9.9946E-05 0.429013 9.9946E-05 9.9946E-05 0.254933 9.9946E-05
0.0245102 0.0719024 0.141106 0.0639654 0.515436 0.00821723 0.174663 9.9982E-05 9.9982E-05
9.9964E-05 0.00286015 0.076873 9.9964E-05 0.616274 0.059405 0.244188 9.9964E-05 9.9964E-05
0.0303811 0.0166312 9.9982E-05 0.00537484 0.585864 0.000786752 9.9982E-05 0.325411 0.0353507
0.0603625 0.0768084 0.00885686 0.0440339 0.418162 9.9973E-05 9.9973E-05 0.391476 9.9973E-05
9.9955E-05 9.9955E-05 0.0223339 9.9955E-05 0.639029 9.9955E-05 9.9955E-05 0.310909 0.0272283
0.0631399 0.012472 0.134359 0.0284562 0.501972 0.0875674 0.0333385 0.0694015 0.0692938
0.00459629 0.120174 0.114513 9.9991E-05 0.34193 0.111336 0.0083521 0.248624 0.0503751
0.0365239 0.0349924 0.0726152 9.9982E-05 0.580609 0.11037 0.157977 0.00671201 9.9982E-05
9.9973E-05 0.0514993 0.0486237 0.0512919 0.636476 0.0514831 0.160326 9.9973E-05 9.9973E-05
9.9964E-05 0.0852944 0.0942038 9.9964E-05 0.598963 9.9964E-05 0.118231 0.102908 9.9964E-05
0.0137362 0.00112475 0.0322097 0.0389333 0.735366 0.055925 9.9991E-05 0.0682328 0.0543723
0.0228251 0.115477 0.223415 9.9982E-05 0.428131 0.0943879 0.0212222 9.9982E-05 0.0943413
0.000376207 0.0162517 0.092938 0.00508845 0.662402 0.1193 0.0745922 9.9991E-05 0.0289506
9.993E-05 0.999201 9.993E-05 9.993E-05 9.993E-05 9.993E-05 9.993E-05 9.993E-05 9.993E-05
0.0125506 0.121984 0.135079 0.0858362 0.34315 0.247268 0.0136301 9.9991E-05 0.0404008
9.9964E-05 9.9964E-05 0.0427825 0.00222366 0.790242 9.9964E-05 0.00598636 0.158366 9.9964E-05
0.0240652 0.0462061 0.0795038 9.9982E-05 0.603041 0.112857 9.9982E-05 0.0657817 0.0683447
9.9964E-05 0.0585264 0.0416942 9.9964E-05 0.632675 9.9964E-05 0.192512 9.9964E-05 0.0741918
0.0410343 0.00964602 0.0329939 9.9982E-05 0.560451 0.134489 0.0270825 0.194103 9.9982E-05
0.0531585 0.0240837 0.00581836 0.0879701 0.650346 0.0696041 0.108819 9.9982E-05 9.9982E-05
9.9937E-05 0.946662 9.9937E-05 9.9937E-05 9.9937E-05 9.9937E-05 9.9937E-05 0.0526386 9.9937E-05
9.993E-05 0.999201 9.993E-05 9.993E-05 9.993E-05 9.993E-05 9.993E-05 9.993E-05 9.993E-05
9.99459E-05 0.930249 9.99459E-05 0.0469182 9.99459E-05 9.99459E-05 0.0222336 9.99459E-05 9.99459E-05
9.9964E-05 0.00872952 0.162589 9.9964E-05 0.679938 9.9964E-05 9.9964E-05 0.121461 0.0268824
0.00102161 0.171174 0.113087 0.0939478 0.427993 9.9973E-05 9.9973E-05 0.192476 9.9973E-05
0.0572212 0.0474754 0.0448931 0.100802 0.620402 0.0519664 0.0205975 9.9991E-05 0.0565432
0.045542 0.121996 0.0205072 0.0413482 0.603286 9.9973E-05 0.16702 9.9973E-05 9.9973E-05
0.0164245 0.00395131 0.137513 0.0412437 0.568262 0.0212571 0.211149 9.9982E-05 9.9982E-05
9.9946E-05 0.253382 9.9946E-05 9.9946E-05 0.411175 9.9946E-05 9.9946E-05 0.334843 9.9946E-05
0.102445 0.0562329 0.0104279 0.0429376 0.537902 9.9991E-05 0.165239 0.0692089 0.0155062
9.9955E-05 9.9955E-05 0.0918831 0.0392801 0.037681 0.830656 9.9955E-05 9.9955E-05 9.9955E-05
9.9946E-05 9.9946E-05 0.00848198 9.9946E-05 9.9946E-05 0.96225 9.9946E-05 0.0286683 9.9946E-05
9.9964E-05 0.0781295 0.01049 0.00206424 9.9964E-05 0.887019 9.9964E-05 0.0218978 9.9964E-05
9.9955E-05 9.9955E-05 0.0143643 9.9955E-05 0.000407802 0.900672 9.9955E-05 0.0840562 9.9955E-05
9.9973E-05 0.0442464 9.9973E-05 0.0536156 0.121462 0.689461 0.00206439 9.9973E-05 0.0888512
9.9946E-05 9.9946E-05 0.0722998 9.9946E-05 9.9946E-05 0.858024 9.9946E-05 9.9946E-05 0.069077
9.9955E-05 0.0100872 9.9955E-05 9.9955E-05 9.9955E-05 0.94792 0.0129325 9.9955E-05 0.02856
0.0546739 0.00487811 9.9964E-05 0.00360937 0.0266838 0.909755 9.9964E-05 9.9964E-05 9.9964E-05
9.9964E-05 0.0391303 9.9964E-05 9.9964E-05 9.9964E-05 0.849133 0.019123 0.076612 0.0156015
0.0164276 0.0401166 0.012728 0.0745311 0.0329353 0.795202 9.9982E-05 0.0278599 9.9982E-05
9.9973E-05 0.00395609 0.0538643 0.053664 0.0803902 0.751028 0.0567971 9.9973E-05 9.9973E-05
0.0133886 0.0556734 9.9964E-05 9.9964E-05 9.9964E-05 0.209043 0.0571178 9.9964E-05 0.664377
9.9973E-05 0.0149263 0.0317623 9.9973E-05 9.9973E-05 0.130545 0.0420876 0.0205782 0.759801
0.0187359 0.00338647 9.9982E-05 0.106809 0.0759181 9.9982E-05 0.147421 0.00622167 0.641308
0.0614642 9.9955E-05 9.9955E-05 9.9955E-05 0.0357789 9.9955E-05 0.153544 9.9955E-05 0.748713
0.0328891 9.9973E-05 9.9973E-05 9.9973E-05 0.0436954 0.0763148 0.114124 0.0303862 0.702291
0.0363242 9.9973E-05 0.0651498 0.0493592 9.9973E-05 0.0997825 9.9973E-05 0.156302 0.592783
9.9964E-05 0.0769653 9.9964E-05 0.0639035 9.9964E-05 0.00159971 0.130598 9.9964E-05 0.726533
9.9973E-05 0.0071403 9.9973E-05 0.0846743 0.0253091 0.0538674 0.130434 9.9973E-05 0.698275
0.0480038 0.0969364 0.0798155 9.9982E-05 0.0686333 0.00792608 9.9982E-05 0.232941 0.465544
9.9955E-05 9.9955E-05 9.9955E-05 0.0058637 9.9955E-05 0.0893955 0.260456 9.9955E-05 0.643785
0.0137879 9.9964E-05 0.0718327 9.9964E-05 9.9964E-05 0.0545134 0.127618 9.9964E-05 0.731848
0.00959935 9.9955E-05 9.9955E-05 9.9955E-05 0.0665562 9.9955E-05 0.200658 9.9955E-05 0.722687
0.0233111 9.9982E-05 9.9982E-05 0.0630016 0.156668 0.00233681 0.101767 0.0840303 0.568685
0.00672862 9.9982E-05 0.00714396 9.9982E-05 0.200829 0.0427098 0.142229 0.0419754 0.558184
0.0324602 0.0453993 0.0328838 0.0381794 0.0547894 0.0670048 9.9991E-05 0.051873 0.67731
0.0449371 9.9964E-05 0.0423483 9.9964E-05 0.0556702 9.9964E-05 9.9964E-05 0.244178 0.612467
0.0213433 0.0607994 0.0732844 9.9964E-05 9.9964E-05 9.9964E-05 0.0756213 9.9964E-05 0.768552
0.02783 0.038569 0.03834 9.9973E-05 0.0886182 9.9973E-05 0.0664135 9.9973E-05 0.739929
0.0648258 0.000688121 9.9964E-05 0.0691788 9.9964E-05 9.9964E-05 0.139682 9.9964E-05 0.725225
9.9973E-05 9.9973E-05 0.000239827 0.0155247 0.0706456 9.9973E-05 0.0123224 0.374317 0.52665
0.0329169 0.0302627 0.104023 0.0716526 9.9973E-05 9.9973E-05 9.9973E-05 0.253116 0.507728
9.9973E-05 0.123222 9.9973E-05 0.0420401 9.9973E-05 0.0334162 0.0799326 0.000880784 0.720208
0.0108571 0.0462484 9.9973E-05 0.0127127 9.9973E-05 0.140386 9.9973E-05 0.136846 0.65265
0.0351111 0.0324626 9.9973E-05 9.9973E-05 0.0557832 0.032497 9.9973E-05 0.134227 0.709619
0.0182253 0.0482168 9.9973E-05 0.0648564 0.137545 9.9973E-05 9.9973E-05 0.139583 0.591274
9.9964E-05 9.9964E-05 9.9964E-05 0.0123966 0.0403376 0.12512 9.9964E-05 0.207817 0.613929
0.0386473 0.0123308 0.0263923 0.0506482 0.0229033 9.9982E-05 9.9982E-05 0.180613 0.668266
0.0605079 9.9973E-05 0.148008 9.9973E-05 0.0419563 0.0297036 9.9973E-05 0.188267 0.531257
0.026348 0.0156628 0.0392429 0.018462 0.0211056 0.00705254 9.9991E-05 0.294989 0.577038
9.9964E-05 0.0449136 0.0444704 0.0390222 9.9964E-05 9.9964E-05 0.12606 9.9964E-05 0.745134
9.9973E-05 0.0445543 0.038925 9.9973E-05 9.9973E-05 0.0779578 0.10361 0.0223083 0.712345
0.0522795 0.006714 9.9973E-05 9.9973E-05 0.0864685 9.9973E-05 0.160761 0.0246104 0.668866
9.9964E-05 9.9964E-05 9.9964E-05 0.0884656 0.00658225 0.106454 0.182268 9.9964E-05 0.61583
9.9982E-05 0.0909148 0.0251984 0.027679 0.0735442 0.00359791 0.0178183 9.9982E-05 0.761047
0.0344452 0.0256279 0.0483727 0.0137783 9.9982E-05 0.0874537 0.0190579 9.9982E-05 0.771064
9.9955E-05 9.9955E-05 0.016045 9.9955E-05 9.9955E-05 9.9955E-05 0.130407 0.830186 0.0228626
9.9937E-05 0.0443773 9.9937E-05 9.9937E-05 9.9937E-05 9.9937E-05 9.9937E-05 0.954923 9.9937E-05
0.0540313 9.9955E-05 0.00877386 0.00907039 9.9955E-05 9.9955E-05 9.9955E-05 0.927625 9.9955E-05
0.0272989 0.0617039 0.00644407 9.9973E-05 9.9973E-05 9.9973E-05 0.0428396 0.840417 0.020997
0.0414006 9.9973E-05 9.9973E-05 0.0160558 0.00654724 0.00811203 0.0989597 0.828625 9.9973E-05
9.9973E-05 0.0320895 0.0049404 0.0550177 9.9973E-05 9.9973E-05 0.367403 0.517732 0.0225171
9.9937E-05 9.9937E-05 9.9937E-05 9.9937E-05 9.9937E-05 9.9937E-05 0.0953865 0.903914 9.9937E-05
0.0470744 9.9964E-05 9.9964E-05 0.0314923 9.9964E-05 0.0718714 0.130501 0.718661 9.9964E-05
