9.9946E-05 0.0217875 9.9946E-05 0.0498759 9.9946E-05 9.9946E-05 9.9946E-05 9.9946E-05 0.927737
0.127901 0.0082014 9.9982E-05 9.9982E-05 0.0025669 0.0148815 0.100813 0.0605198 0.684917
0.0733298 9.9973E-05 0.0139188 0.059649 0.0050183 9.9973E-05 0.0602701 9.9973E-05 0.787514
0.0523478 9.9982E-05 0.0287101 9.9982E-05 0.0243524 0.0177599 0.0877528 0.0343741 0.754503
0.0253484 0.061132 0.0474827 9.9982E-05 9.9982E-05 0.0134416 0.0440914 0.0232318 0.785072
9.9955E-05 0.0536664 9.9955E-05 9.9955E-05 9.9955E-05 9.9955E-05 0.0614326 0.0437947 0.840607
9.9955E-05 9.9955E-05 0.0665097 9.9955E-05 9.9955E-05 0.00690268 0.023543 9.9955E-05 0.902545
0.00248941 9.9964E-05 9.9964E-05 0.0518754 9.9964E-05 0.0374489 0.0901973 9.9964E-05 0.817589
0.00590816 9.9982E-05 0.069397 0.00644611 0.0156399 9.9982E-05 0.121739 0.0294273 0.751242
9.9964E-05 9.9964E-05 9.9964E-05 0.032982 0.0471264 0.00469485 0.0855575 9.9964E-05 0.829239
0.0418458 9.9955E-05 9.9955E-05 0.180225 9.9955E-05 9.9955E-05 0.0149855 9.9955E-05 0.762444
0.0174721 9.9964E-05 9.9964E-05 0.108244 0.110172 9.9964E-05 9.9964E-05 0.0437953 0.719917
9.9973E-05 0.052205 0.0582707 9.9973E-05 0.0299916 0.00407894 9.9973E-05 0.0797779 0.775376
0.0271708 9.9982E-05 9.9982E-05 0.0444647 0.0488049 0.0083992 0.140139 0.0489988 0.681823
0.0950762 9.9973E-05 0.0425494 0.0207664 0.00220345 9.9973E-05 0.0377301 9.9973E-05 0.801375
9.9955E-05 9.9955E-05 0.065185 9.9955E-05 9.9955E-05 9.9955E-05 0.068014 0.00749644 0.858805
9.9946E-05 9.9946E-05 9.9946E-05 9.9946E-05 9.9946E-05 0.0190842 9.9946E-05 0.0699193 0.910397
0.00378353 0.0422369 9.9955E-05 9.9955E-05 9.9955E-05 9.9955E-05 9.9955E-05 0.0162279 0.937252
0.0216134 0.0259079 9.9955E-05 9.9955E-05 9.9955E-05 9.9955E-05 9.9955E-05 0.0168318 0.935147
9.9973E-05 9.9973E-05 0.010966 0.0124147 0.0618469 0.00903396 9.9973E-05 0.0238109 0.881628
9.993E-05 9.993E-05 9.993E-05 9.993E-05 0.999201 9.993E-05 9.993E-05 9.993E-05 9.993E-05
0.103336 0.050212 9.9982E-05 0.128418 0.609967 9.9982E-05 0.0355565 0.0538188 0.0184913
9.9982E-05 0.100855 0.114592 0.0197893 0.645822 0.0415888 0.0354228 9.9982E-05 0.0417302
9.9964E-05 0.125114 0.0153939 9.9964E-05 0.779217 0.0248286 9.9964E-05 0.0550467 9.9964E-05
9.9955E-05 9.9955E-05 0.0418466 0.0894168 0.837918 0.0303192 9.9955E-05 9.9955E-05 9.9955E-05
9.9964E-05 0.00663718 0.175882 9.9964E-05 0.797633 0.00728583 9.9964E-05 9.9964E-05 0.0121627
0.0466687 0.147519 0.093383 9.9955E-05 0.71193 9.9955E-05 9.9955E-05 9.9955E-05 9.9955E-05
9.993E-05 9.993E-05 9.993E-05 9.993E-05 0.999201 9.993E-05 9.993E-05 9.993E-05 9.993E-05
9.9955E-05 9.9955E-05 0.170092 0.0802373 0.705704 9.9955E-05 0.0434667 9.9955E-05 9.9955E-05
9.999E-05 0.0469937 0.142383 0.100712 0.566316 0.00293188 0.0693746 0.069499 0.00168994
9.9955E-05 9.9955E-05 0.149189 0.071239 0.647014 9.9955E-05 0.132059 9.9955E-05 9.9955E-05
9.9955E-05 0.187222 0.102727 9.9955E-05 0.689808 9.9955E-05 9.9955E-05 0.0197432 9.9955E-05
9.9982E-05 0.0540218 0.124018 9.9982E-05 0.650686 0.00955217 0.107422 0.0105943 0.0435061
0.0707421 9.9973E-05 9.9973E-05 0.0780769 0.606197 0.0242391 0.129276 0.0911688 9.9973E-05
0.0718566 0.0139603 0.110362 0.20569 0.563864 0.018326 9.9982E-05 0.0157424 9.9982E-05
0.0665046 9.99639E-05 9.99639E-05 0.352406 0.344453 9.99639E-05 0.15664 9.99639E-05 0.0795968
0.145027 0.134434 0.000516413 0.0309969 0.617235 0.0325204 0.0207557 0.0184148 9.9991E-05
0.0416171 0.651523 0.158408 0.0533752 0.0563524 0.00236304 9.9982E-05 0.0361613 9.9982E-05
9.9973E-05 0.630133 0.154456 0.120041 9.9973E-05 0.0200703 0.00708897 0.0679101 9.9973E-05
0.0505006 0.672528 0.0485516 0.0522865 9.9982E-05 0.00910883 0.0698199 0.0970048 9.9982E-05
0.0936642 0.724952 9.9973E-05 0.075998 0.0286187 9.9973E-05 0.0360362 0.0404312 9.9973E-05
0.148649 0.746535 9.9973E-05 9.9973E-05 0.00545429 0.0252433 9.9973E-05 0.0327101 0.0411088
0.0754833 0.754074 0.0856718 0.0430609 9.9982E-05 0.00508325 0.00945925 9.9982E-05 0.0269678
0.0666641 0.574983 9.9973E-05 9.9973E-05 9.9973E-05 0.0200558 0.194229 0.10072 0.0430479
0.0510607 0.728892 0.0416554 0.114448 0.0373203 0.0263235 9.9973E-05 9.9973E-05 9.9973E-05
9.9973E-05 0.723064 0.223777 9.9973E-05 9.9973E-05 0.0119569 0.0356265 0.0023838 0.0028918
0.103201 0.782528 9.9955E-05 9.9955E-05 9.9955E-05 9.9955E-05 0.00729007 0.106482 9.9955E-05
0.118061 0.838369 9.9973E-05 0.0119301 9.9973E-05 0.0176581 0.00150822 9.9973E-05 0.0121736
0.0931891 0.822456 9.9964E-05 9.9964E-05 0.0373194 9.9964E-05 9.9964E-05 0.0327691 0.0138666
0.19801 0.715913 9.9964E-05 9.9964E-05 0.0255434 9.9964E-05 0.0249139 0.0352192 9.9964E-05
0.00229294 0.797656 0.101344 0.0705378 9.9973E-05 9.9973E-05 9.9973E-05 0.0107247 0.017144
0.0916452 0.845773 9.9964E-05 9.9964E-05 0.00717188 0.00496246 9.9964E-05 0.0500471 9.9964E-05
0.0450406 0.779309 0.0252191 9.9964E-05 9.9964E-05 0.0799843 9.9964E-05 0.0700468 9.9964E-05
0.16561 0.69081 9.9964E-05 9.9964E-05 0.0334057 9.9964E-05 9.9964E-05 0.00913028 0.100644
0.0836335 0.698411 0.0403303 9.9991E-05 0.0115835 0.0175855 0.0309798 0.0951775 0.0221992
0.0275302 0.654988 0.139971 9.9982E-05 9.9982E-05 0.0110886 0.0566981 0.0844902 0.0250332
0.114217 0.670755 9.9973E-05 9.9973E-05 0.0539585 0.0563709 0.0548248 9.9973E-05 0.0495742
0.191133 0.0941866 0.107766 0.505095 0.0381394 0.00357805 0.0365205 0.0234817 9.9991E-05
0.999201 9.993E-05 9.993E-05 9.993E-05 9.993E-05 9.993E-05 9.993E-05 9.993E-05 9.993E-05
0.116781 9.9991E-05 0.0309369 0.701511 0.0256273 0.0519377 0.0195057 0.0494553 0.00414475
0.116405 0.00890162 0.19577 0.565684 9.9973E-05 0.0601376 9.9973E-05 0.0528023 9.9973E-05
0.330387 9.9964E-05 0.271292 0.28997 9.9964E-05 0.0130865 9.9964E-05 0.0948647 9.9964E-05
0.243344 0.0896046 0.191151 0.287925 0.0114627 0.0284262 9.9991E-05 0.137922 0.0100646
9.9937E-05 9.9937E-05 9.9937E-05 9.9937E-05 9.9937E-05 9.9937E-05 0.000175541 0.999125 9.9937E-05
0.999201 9.993E-05 9.993E-05 9.993E-05 9.993E-05 9.993E-05 9.993E-05 9.993E-05 9.993E-05
0.11446 0.00800779 0.0383316 0.521041 9.9991E-05 0.045268 0.0274863 0.169859 0.0754461
0.090878 0.0346119 0.28837 0.158186 0.125108 0.0487364 9.9991E-05 0.211102 0.0429077
0.330758 9.9982E-05 0.374679 0.105073 0.011833 0.0306463 9.9982E-05 0.14382 0.00299138
0.146813 9.9973E-05 0.327096 0.314518 0.0227029 0.0401645 9.9973E-05 0.148405 9.9973E-05
0.373613 9.9982E-05 0.0806216 0.180013 0.113465 0.0747155 9.9982E-05 0.164681 0.0126903
0.292642 9.9973E-05 0.228444 0.290454 9.9973E-05 0.0353911 9.9973E-05 0.138681 0.0140877
0.161281 0.0157615 0.332636 0.265181 9.9973E-05 0.0433596 9.9973E-05 0.181481 9.9973E-05
0.364238 9.9982E-05 0.254216 0.197723 0.0491079 0.0313864 9.9982E-05 0.0831608 0.019968
0.105871 9.9973E-05 0.267365 0.571892 9.9973E-05 0.000854508 0.0296373 0.024081 9.9973E-05
0.108984 0.268078 0.40356 0.0755778 0.0330308 9.9973E-05 9.9973E-05 0.110469 9.9973E-05
0.182261 0.201959 0.21219 0.220919 9.9982E-05 0.00699921 9.9982E-05 0.0882707 0.0872028
0.270727 0.449059 0.0450659 0.0987865 9.9982E-05 0.0139193 9.9982E-05 0.0665209 0.055722
0.0263152 9.99369E-05 9.99369E-05 9.99369E-05 9.99369E-05 9.99369E-05 9.99369E-05 0.972985 9.99369E-05
0.314929 0.171098 9.9991E-05 0.150222 0.103409 0.100524 0.0175502 0.121183 0.0209848
0.179334 0.0633305 0.242244 0.241916 9.9973E-05 0.0501312 9.9973E-05 0.222745 9.9973E-05
0.11386 0.0841075 0.595743 0.0171901 9.9982E-05 0.0221923 9.9982E-05 0.127504 0.0392025
0.133839 9.9982E-05 0.236386 0.322708 0.0556199 0.0292473 9.9982E-05 0.17375 0.0482503
0.124658 9.9973E-05 0.107258 0.465767 9.9973E-05 0.0587469 9.9973E-05 0.171385 0.0718861
0.080884 0.263433 0.0253757 0.282726 0.063478 0.0665296 0.140369 0.0649932 0.0122113
0.024182 0.0987554 9.9973E-05 0.178546 9.9973E-05 0.0209038 0.575356 0.101957 9.9973E-05
0.322004 0.132949 0.255716 0.153416 0.00147681 9.9982E-05 0.115924 9.9982E-05 0.0183145
0.179625 0.070094 0.604122 0.0185981 9.9982E-05 0.0141468 9.9982E-05 0.0964614 0.0167524
0.118789 0.0613168 0.641448 0.0710462 9.9973E-05 9.9973E-05 9.9973E-05 0.105019 0.00207998
0.413669 0.0994851 0.169882 0.196919 0.0326524 0.0582548 0.028937 9.99884E-05 9.99884E-05
9.99369E-05 9.99369E-05 9.99369E-05 0.816262 9.99369E-05 0.183038 9.99369E-05 9.99369E-05 9.99369E-05
0.141201 0.0866551 0.209889 0.280471 0.0277154 0.0311058 9.9982E-05 0.222762 9.9982E-05
0.111664 0.0169705 0.38693 0.249421 9.9982E-05 0.02266 0.0182597 0.193894 9.9982E-05
0.0607476 9.9973E-05 9.9973E-05 0.753039 0.0495727 0.034456 0.0591452 9.9973E-05 0.0427393
9.9982E-05 9.9982E-05 0.0289985 0.713921 0.0686015 0.0419677 0.0387195 0.10203 0.00556238
0.0984548 9.9982E-05 0.0214784 0.682471 0.00543461 9.9982E-05 0.0344799 0.154663 0.00281822
0.243228 9.9982E-05 0.0624206 0.460667 0.0677216 9.9982E-05 0.0733214 0.033262 0.0591795
0.11577 0.0569897 0.167592 0.387236 9.9991E-05 0.0188378 0.101673 0.116095 0.0357069
0.230438 0.0270116 0.266624 0.238298 9.9982E-05 0.00936489 9.9982E-05 0.166807 0.0612562
0.164755 9.9982E-05 0.480649 0.193408 0.00214283 0.0300745 9.9982E-05 0.10323 0.0255402
0.222603 0.0563563 0.0598206 0.45759 9.9982E-05 0.0313179 0.0193895 0.152723 9.9982E-05
0.211232 0.0166548 0.0696735 0.533657 0.0719186 0.0371611 9.9991E-05 0.0355901 0.0240134
0.299366 9.9991E-05 0.144672 0.141624 0.0284786 0.116897 0.0992263 0.154344 0.0152927
0.147228 9.9982E-05 0.120141 0.594328 0.0169517 0.0241784 0.012358 0.0846146 9.9982E-05
9.993E-05 9.993E-05 9.993E-05 9.993E-05 9.993E-05 0.999201 9.993E-05 9.993E-05 9.993E-05
0.263128 0.0202391 0.199026 0.261616 0.00575683 0.0440154 0.043563 0.0922574 0.0703985
0.0639583 9.9973E-05 0.058996 0.6445 0.0132775 0.05867 9.9973E-05 0.160298 9.9973E-05
0.209283 9.9973E-05 9.9973E-05 0.542916 9.9973E-05 0.0489839 0.0516914 0.116017 0.0308092
0.15277 0.108001 0.0594901 0.524832 0.0170385 0.0280261 9.9982E-05 0.109643 9.9982E-05
0.0421414 0.039576 0.222223 0.643583 9.9964E-05 9.9964E-05 9.9964E-05 0.0520772 9.9964E-05
0.0975661 9.9982E-05 0.283066 0.407713 0.085795 0.0240816 9.9982E-05 0.0710978 0.0304811
9.993E-05 9.993E-05 9.993E-05 9.993E-05 9.993E-05 9.993E-05 9.993E-05 0.999201 9.993E-05
9.993E-05 9.993E-05 9.993E-05 9.993E-05 9.993E-05 0.999201 9.993E-05 9.993E-05 9.993E-05
9.993E-05 9.993E-05 9.993E-05 9.993E-05 9.993E-05 9.993E-05 9.993E-05 0.999201 9.993E-05
0.195927 0.0269795 9.9982E-05 0.673127 9.9982E-05 0.0207244 0.0207109 0.0527023 0.00962964
0.113413 0.021085 9.9991E-05 0.563523 0.0879329 0.0362393 0.021285 0.156028 0.00039397
0.197462 9.9982E-05 0.0526036 0.499489 0.0422554 0.0524671 9.9982E-05 0.0865042 0.0690184
0.165869 0.0602301 0.0682174 0.421595 0.0308515 0.0596762 9.9991E-05 0.189647 0.00381486
0.239504 0.0755351 0.396913 0.00147634 0.0126897 0.0679556 9.9991E-05 0.203254 0.00257212
9.99369E-05 9.99369E-05 9.99369E-05 0.861108 9.99369E-05 0.138192 9.99369E-05 9.99369E-05 9.99369E-05
0.175495 0.0800882 0.0439929 0.467856 9.9991E-05 0.064082 0.0256691 0.0765878 0.0661291
0.212024 9.9982E-05 0.568392 0.0797479 0.0397144 0.00511212 0.0673322 9.9982E-05 0.0274773
9.9955E-05 9.9955E-05 0.852218 0.04739 9.9955E-05 9.9955E-05 0.0765655 0.0233262 9.9955E-05
0.0466934 9.9964E-05 0.846518 9.9964E-05 0.051744 0.0307908 9.9964E-05 0.0238543 9.9964E-05
0.0250947 9.9973E-05 0.755058 0.150653 0.0196932 9.9973E-05 0.0232915 9.9973E-05 0.0259102
9.9982E-05 9.9982E-05 0.703338 0.105817 0.0531078 0.0304665 0.0655167 0.0367457 0.00480909
0.146392 9.9964E-05 0.626132 9.9964E-05 0.0892494 0.0112844 0.126542 9.9964E-05 9.9964E-05
0.000399464 0.01631 0.886451 9.9982E-05 0.0102153 0.0152423 0.0644015 9.9982E-05 0.00678072
0.0704777 9.9964E-05 0.817344 9.9964E-05 0.0530818 0.0101679 9.9964E-05 9.9964E-05 0.0485284
0.0163726 0.0566372 0.826384 9.9973E-05 0.00131814 0.0181572 0.0808309 9.9973E-05 9.9973E-05
0.144936 0.0438638 0.589982 0.096082 0.0221425 0.00151896 0.0624859 0.0388887 9.9991E-05
0.0984629 0.0515323 0.773916 9.9973E-05 0.0614988 9.9973E-05 0.011701 0.00258887 9.9973E-05
0.0163792 0.0467689 0.148458 0.000576981 9.9982E-05 0.0296625 0.726307 0.0316471 9.9982E-05
0.0012978 0.0578477 0.14108 9.9973E-05 9.9973E-05 0.0493265 0.722079 9.9973E-05 0.0280695
0.011854 0.0475129 0.104912 0.0257527 0.0490181 0.0154227 0.673779 0.0501889 0.0215601
0.0496944 0.090528 0.111628 9.9973E-05 0.00059915 9.9973E-05 0.695196 9.9973E-05 0.0520547
9.9982E-05 0.160496 0.0819297 0.0759822 9.9982E-05 0.000555815 0.592912 0.0675626 0.020361
0.0939114 9.9982E-05 0.13828 9.9982E-05 0.058032 0.00915771 0.681419 0.00967167 0.00932873
0.0218187 0.138816 0.0191987 9.9982E-05 0.0918503 0.0587154 0.664475 9.9982E-05 0.0049256
9.9964E-05 9.9964E-05 0.219073 9.9964E-05 0.100827 0.0178692 0.624426 0.037405 9.9964E-05
9.9982E-05 0.043779 9.9982E-05 0.127334 0.10526 0.0379178 0.547681 0.0843002 0.053528
9.9955E-05 0.109837 0.218702 9.9955E-05 9.9955E-05 0.0232174 0.647744 9.9955E-05 9.9955E-05
0.063305 0.0865143 0.058094 9.9973E-05 0.0273457 9.9973E-05 0.720594 0.0438473 9.9973E-05
0.0502941 0.151694 9.9964E-05 0.0382464 9.9964E-05 9.9964E-05 0.741876 9.9964E-05 0.0174894
0.0558152 0.102353 0.149927 9.9982E-05 0.0274981 0.000817643 0.626119 9.9982E-05 0.0372697
9.9964E-05 0.155671 0.0514613 0.221458 9.9964E-05 9.9964E-05 0.52979 0.04122 9.9964E-05
0.0980077 9.9982E-05 9.9982E-05 0.0559391 0.0996997 0.0176984 0.668799 0.0232152 0.0364405
0.096156 9.9973E-05 9.9973E-05 0.0502645 0.0212235 0.0172178 0.744571 9.9973E-05 0.0702676
0.0920492 0.0391727 0.0577056 0.00652284 9.9973E-05 0.0248744 0.779375 9.9973E-05 9.9973E-05
0.117497 9.9982E-05 0.0115979 0.0543281 9.9982E-05 0.0309503 0.771276 0.000810976 0.0133391
9.9973E-05 9.9973E-05 0.0926723 9.9973E-05 0.0562014 0.0131189 0.76859 0.0411573 0.0279605
0.00499517 9.9964E-05 9.9964E-05 0.197585 0.0471822 9.9964E-05 0.734251 0.015587 9.9964E-05
9.9973E-05 9.9973E-05 9.9973E-05 0.290669 0.0237326 0.0256733 0.615038 0.00207609 0.0425115
0.0623151 0.0344138 0.106399 9.9973E-05 9.9973E-05 0.0394045 0.739713 0.0174543 9.9973E-05
9.9982E-05 9.9982E-05 0.00431167 0.152683 0.0472446 0.0554347 0.700889 0.0372223 0.00201485
9.9982E-05 0.000501651 0.119367 0.0919589 9.9982E-05 0.00502207 0.709509 0.00918049 0.0642612
0.0403307 9.9982E-05 9.9982E-05 0.224342 0.0659252 0.0218394 0.616332 0.00192917 0.029102
9.9964E-05 9.9964E-05 0.0585005 0.22421 0.0665198 9.9964E-05 0.602867 9.9964E-05 0.0475029
9.9964E-05 0.071333 9.9964E-05 0.110864 0.0429425 9.9964E-05 0.724783 0.0496775 9.9964E-05
0.0880306 0.0121049 9.9982E-05 0.107932 9.9982E-05 0.0377068 0.668888 0.0164176 0.0687202
0.032499 0.075318 0.0594544 0.135453 0.0130124 0.000411947 0.659712 9.9991E-05 0.0240391
0.0475674 0.026019 0.0506673 9.9991E-05 0.0671865 0.0430592 0.729415 0.0291883 0.00679711
0.0725451 0.116122 9.9964E-05 9.9964E-05 9.9964E-05 0.034055 0.766708 0.0101703 9.9964E-05
9.9982E-05 0.0938319 0.0454744 0.134676 0.04278 0.0277388 0.622803 9.9982E-05 0.0324957
0.0434129 0.106144 0.156541 9.9964E-05 0.0874855 9.9964E-05 0.606017 9.9964E-05 9.9964E-05
9.9964E-05 9.9964E-05 9.9964E-05 0.0813092 0.0504856 0.047667 0.779822 0.0403168 9.9964E-05
9.9973E-05 9.9973E-05 9.9973E-05 0.101029 0.00237046 0.0184453 0.789404 0.0424259 0.0460258
9.9982E-05 0.616959 9.9982E-05 0.153631 0.00440332 0.00281662 0.14712 0.071762 0.00310827
9.9964E-05 0.46403 9.9964E-05 0.359286 0.0484136 0.00756177 0.120308 9.9964E-05 9.9964E-05
0.060911 0.47568 9.9973E-05 0.216376 0.0405023 9.9973E-05 0.125585 9.9973E-05 0.080645
0.0168124 0.539954 9.9982E-05 0.186975 0.0409603 0.0210511 0.125469 9.9982E-05 0.0685779
0.00264151 0.609004 9.9982E-05 0.247971 0.0733956 0.00106372 0.00758771 9.9982E-05 0.058136
9.9973E-05 0.709032 9.9973E-05 0.0957462 0.0899969 0.0108549 0.0333319 0.0607378 9.9973E-05
0.0207702 0.731881 9.9964E-05 0.206956 0.0266644 9.9964E-05 0.0133285 9.9964E-05 9.9964E-05
9.9973E-05 0.530872 0.039816 0.1381 0.174021 9.9973E-05 0.0378831 9.9973E-05 0.0790088
