9.98289E-05 9.98289E-05 9.98289E-05 9.98289E-05 9.98289E-05 9.98289E-05 9.98289E-05 9.98289E-05 9.98289E-05 9.98289E-05 9.98289E-05 9.98289E-05 9.98289E-05 9.98289E-05 9.98289E-05 9.98289E-05 0.998103 9.98289E-05 9.98289E-05 9.98289E-05
9.9883E-05 9.9883E-05 9.9883E-05 0.640235 9.9883E-05 9.9883E-05 9.9883E-05 9.9883E-05 9.9883E-05 0.101762 9.9883E-05 0.0299868 0.00441892 0.15595 9.9883E-05 9.9883E-05 0.0521579 0.0141908 9.9883E-05 9.9883E-05
9.991E-05 0.0525246 0.0509062 0.69452 0.0034794 9.991E-05 9.991E-05 9.991E-05 9.991E-05 9.991E-05 0.0187723 0.0103653 9.991E-05 9.991E-05 9.991E-05 9.991E-05 0.0502485 0.0540461 0.0529939 0.0111445
9.9901E-05 0.062126 0.0363092 0.722944 0.109702 9.9901E-05 9.9901E-05 9.9901E-05 9.9901E-05 9.9901E-05 9.9901E-05 9.9901E-05 9.9901E-05 9.9901E-05 0.0209556 9.9901E-05 0.00540216 0.00403551 0.0105405 0.0268855
0.0316726 0.11788 9.9901E-05 0.740132 9.9901E-05 0.0118005 9.9901E-05 9.9901E-05 0.00265393 9.9901E-05 9.9901E-05 9.9901E-05 9.9901E-05 9.9901E-05 9.9901E-05 9.9901E-05 0.0296994 0.00990202 0.0220882 0.0330734
0.000366701 0.00739912 9.9892E-05 0.86992 0.0297585 9.9892E-05 9.9892E-05 9.9892E-05 0.0109704 9.9892E-05 9.9892E-05 0.0596121 0.0128343 9.9892E-05 9.9892E-05 0.00794054 9.9892E-05 9.9892E-05 9.9892E-05 9.9892E-05
9.9829E-05 9.9829E-05 9.9829E-05 9.9829E-05 9.9829E-05 9.9829E-05 9.9829E-05 9.9829E-05 9.9829E-05 9.9829E-05 9.9829E-05 9.9829E-05 9.9829E-05 9.9829E-05 9.9829E-05 9.9829E-05 0.998103 9.9829E-05 9.9829E-05 9.9829E-05
9.98921E-05 9.98921E-05 9.98921E-05 0.740946 9.98921E-05 9.98921E-05 9.98921E-05 9.98921E-05 0.00843828 0.11504 9.98921E-05 9.98921E-05 0.0144469 9.98921E-05 0.0704171 0.00545977 0.0261208 9.98921E-05 0.0179325 9.98921E-05
9.9892E-05 9.9892E-05 9.9892E-05 0.709808 0.0136282 9.9892E-05 9.9892E-05 0.00450088 9.9892E-05 0.197069 9.9892E-05 9.9892E-05 0.00485238 9.9892E-05 9.9892E-05 9.9892E-05 0.0462882 0.00256438 9.9892E-05 0.0200897
9.9901E-05 9.9901E-05 0.0141425 0.79513 0.0303144 9.9901E-05 0.102692 0.00911441 9.9901E-05 9.9901E-05 0.0137046 9.9901E-05 0.0216076 9.9901E-05 9.9901E-05 0.00171653 9.9901E-05 9.9901E-05 9.9901E-05 0.0104784
9.9865E-05 0.183009 9.9865E-05 0.709916 9.9865E-05 9.9865E-05 9.9865E-05 9.9865E-05 9.9865E-05 9.9865E-05 9.9865E-05 0.0472558 9.9865E-05 0.0558847 9.9865E-05 9.9865E-05 9.9865E-05 9.9865E-05 9.9865E-05 0.00243627
9.991E-05 0.0892561 0.0159887 0.648065 0.112369 9.991E-05 9.991E-05 0.00200978 0.00485123 0.0150428 9.991E-05 9.991E-05 9.991E-05 9.991E-05 9.991E-05 9.991E-05 0.0847606 0.0170471 9.991E-05 0.00961059
0.0332274 9.99101E-05 9.99101E-05 0.694346 0.11718 9.99101E-05 0.0133885 0.0253683 9.99101E-05 0.00753121 9.99101E-05 9.99101E-05 0.0349241 9.99101E-05 9.99101E-05 0.0272413 0.0305736 9.99101E-05 0.0152202 9.99101E-05
9.99037E-05 0.0545134 9.99037E-05 0.674985 9.99037E-05 9.99037E-05 0.0233968 0.0768951 9.99037E-05 9.99037E-05 0.0251901 0.0927153 0.0160882 9.99037E-05 9.99037E-05 9.99037E-05 9.99037E-05 0.00937372 9.99037E-05 0.0257431
9.9901E-05 9.9901E-05 0.063737 0.774669 0.00723719 9.9901E-05 9.9901E-05 9.9901E-05 9.9901E-05 9.9901E-05 9.9901E-05 0.040811 0.0026323 0.0571023 9.9901E-05 9.9901E-05 0.0384709 0.00281607 0.011425 9.9901E-05
9.9892E-05 9.9892E-05 9.9892E-05 0.856818 9.9892E-05 9.9892E-05 0.0473932 9.9892E-05 0.00896777 0.0267682 0.00505963 9.9892E-05 0.00892166 9.9892E-05 0.0414335 0.00343926 9.9892E-05 9.9892E-05 9.9892E-05 9.9892E-05
0.00624173 9.98741E-05 9.98741E-05 0.889586 9.98741E-05 9.98741E-05 9.98741E-05 9.98741E-05 0.029706 9.98741E-05 9.98741E-05 9.98741E-05 0.00204481 9.98741E-05 9.98741E-05 0.0110951 0.0599284 9.98741E-05 9.98741E-05 9.98741E-05
0.0359314 9.98651E-05 9.98651E-05 0.908399 9.98651E-05 0.0251493 9.98651E-05 9.98651E-05 9.98651E-05 9.98651E-05 9.98651E-05 9.98651E-05 0.00147277 9.98651E-05 9.98651E-05 9.98651E-05 0.0275498 9.98651E-05 9.98651E-05 9.98651E-05
0.0489011 9.98651E-05 9.98651E-05 0.800742 9.98651E-05 0.0557105 9.98651E-05 9.98651E-05 9.98651E-05 9.98651E-05 9.98651E-05 9.98651E-05 0.016837 9.98651E-05 9.98651E-05 9.98651E-05 0.0763113 9.98651E-05 9.98651E-05 9.98651E-05
9.9883E-05 9.9883E-05 0.00302227 0.898592 9.9883E-05 0.0754037 9.9883E-05 9.9883E-05 0.00110917 9.9883E-05 9.9883E-05 9.9883E-05 9.9883E-05 9.9883E-05 0.00234494 0.00206379 9.9883E-05 9.9883E-05 9.9883E-05 0.016166
9.98291E-05 9.98291E-05 9.98291E-05 9.98291E-05 9.98291E-05 9.98291E-05 9.98291E-05 9.98291E-05 9.98291E-05 9.98291E-05 0.998103 9.98291E-05 9.98291E-05 9.98291E-05 9.98291E-05 9.98291E-05 9.98291E-05 9.98291E-05 9.98291E-05 9.98291E-05
9.9856E-05 9.9856E-05 9.9856E-05 9.9856E-05 0.111145 9.9856E-05 0.00171376 0.873608 9.9856E-05 9.9856E-05 9.9856E-05 9.9856E-05 0.011936 9.9856E-05 9.9856E-05 9.9856E-05 9.9856E-05 9.9856E-05 9.9856E-05 9.9856E-05
0.00863477 9.9865E-05 9.9865E-05 9.9865E-05 9.9865E-05 9.9865E-05 9.9865E-05 0.884761 9.9865E-05 9.9865E-05 9.9865E-05 0.0426211 9.9865E-05 9.9865E-05 0.035443 0.0270416 9.9865E-05 9.9865E-05 9.9865E-05 9.9865E-05
9.9856E-05 9.9856E-05 9.9856E-05 9.9856E-05 9.9856E-05 9.9856E-05 9.9856E-05 0.955905 0.0244167 9.9856E-05 9.9856E-05 9.9856E-05 9.9856E-05 9.9856E-05 9.9856E-05 0.00702151 9.9856E-05 9.9856E-05 9.9856E-05 0.0110591
9.98471E-05 9.98471E-05 0.193533 9.98471E-05 9.98471E-05 9.98471E-05 9.98471E-05 0.798495 9.98471E-05 9.98471E-05 0.00627392 9.98471E-05 9.98471E-05 9.98471E-05 9.98471E-05 9.98471E-05 9.98471E-05 9.98471E-05 9.98471E-05 9.98471E-05
9.98471E-05 9.98471E-05 9.98471E-05 9.98471E-05 9.98471E-05 9.98471E-05 9.98471E-05 0.936538 0.0090445 9.98471E-05 9.98471E-05 9.98471E-05 9.98471E-05 9.98471E-05 9.98471E-05 9.98471E-05 9.98471E-05 9.98471E-05 0.0527201 9.98471E-05
0.0194636 0.000404788 0.00612148 9.991E-05 9.991E-05 0.0183306 9.991E-05 0.878382 9.991E-05 9.991E-05 0.0042365 0.0133574 9.991E-05 9.991E-05 9.991E-05 9.991E-05 0.00621586 0.0169018 0.0355865 9.991E-05
9.9838E-05 9.9838E-05 0.0193544 9.9838E-05 9.9838E-05 9.9838E-05 9.9838E-05 9.9838E-05 9.9838E-05 9.9838E-05 0.978848 9.9838E-05 9.9838E-05 9.9838E-05 9.9838E-05 9.9838E-05 9.9838E-05 9.9838E-05 9.9838E-05 9.9838E-05
9.9865E-05 9.9865E-05 0.938707 9.9865E-05 9.9865E-05 9.9865E-05 9.9865E-05 0.0405928 9.9865E-05 0.000887662 0.00609787 9.9865E-05 9.9865E-05 9.9865E-05 9.9865E-05 0.0122172 9.9865E-05 9.9865E-05 9.9865E-05 9.9865E-05
0.0571888 9.9856E-05 0.888174 9.9856E-05 0.0505992 9.9856E-05 9.9856E-05 9.9856E-05 9.9856E-05 9.9856E-05 9.9856E-05 9.9856E-05 0.00243977 9.9856E-05 9.9856E-05 9.9856E-05 9.9856E-05 9.9856E-05 9.9856E-05 9.9856E-05
9.9829E-05 9.9829E-05 0.998103 9.9829E-05 9.9829E-05 9.9829E-05 9.9829E-05 9.9829E-05 9.9829E-05 9.9829E-05 9.9829E-05 9.9829E-05 9.9829E-05 9.9829E-05 9.9829E-05 9.9829E-05 9.9829E-05 9.9829E-05 9.9829E-05 9.9829E-05
0.0404441 9.98921E-05 0.0936785 9.98921E-05 9.98921E-05 0.0727784 9.98921E-05 0.743342 0.0222072 9.98921E-05 0.00793293 9.98921E-05 0.000805324 9.98921E-05 9.98921E-05 9.98921E-05 9.98921E-05 9.98921E-05 0.0176125 9.98921E-05
9.991E-05 0.0169618 0.550897 9.991E-05 9.991E-05 0.0035027 9.991E-05 0.173415 0.00147603 9.991E-05 0.0636416 0.0615492 0.0222744 9.991E-05 9.991E-05 9.991E-05 0.0453218 9.991E-05 0.0599611 9.991E-05
9.9847E-05 9.9847E-05 0.977235 9.9847E-05 9.9847E-05 9.9847E-05 9.9847E-05 9.9847E-05 9.9847E-05 9.9847E-05 9.9847E-05 9.9847E-05 0.013879 9.9847E-05 9.9847E-05 9.9847E-05 9.9847E-05 0.00718881 9.9847E-05 9.9847E-05
9.9928E-05 9.9928E-05 0.809125 0.00769165 9.9928E-05 0.00164262 9.9928E-05 0.0345234 9.9928E-05 0.0062332 9.9928E-05 9.9928E-05 0.0227967 0.0251118 9.9928E-05 0.0144116 0.0165479 0.0177056 0.0327642 0.0106473
9.99279E-05 9.99279E-05 0.171624 0.0296819 0.10335 9.99279E-05 0.0166715 0.334594 0.0129385 9.99279E-05 0.00540319 0.154639 9.99279E-05 0.0642618 9.99279E-05 9.99279E-05 0.000833328 0.0654429 9.99279E-05 0.0397613
0.0481146 9.991E-05 0.321447 9.991E-05 9.991E-05 0.0701369 9.991E-05 0.419431 9.991E-05 0.0207275 0.0109706 9.991E-05 9.991E-05 0.0466664 0.038701 0.00599985 9.991E-05 0.0168058 9.991E-05 9.991E-05
0.115392 0.0210886 0.0302851 9.98877E-05 9.98877E-05 0.640923 0.132372 9.98877E-05 9.98877E-05 9.98877E-05 0.00153713 9.98877E-05 9.98877E-05 0.0571043 9.98877E-05 9.98877E-05 9.98877E-05 9.98877E-05 9.98877E-05 9.98877E-05
0.0341972 0.025714 9.9919E-05 9.9919E-05 0.00822433 0.678859 9.9919E-05 9.9919E-05 0.00720787 0.0619633 9.9919E-05 9.9919E-05 0.0156726 0.0569973 9.9919E-05 9.9919E-05 0.00924383 9.9919E-05 0.0857084 0.0153125
9.9883E-05 9.9883E-05 0.073992 0.00437044 9.9883E-05 0.601461 9.9883E-05 9.9883E-05 9.9883E-05 9.9883E-05 9.9883E-05 0.12981 0.00363925 9.9883E-05 0.170169 9.9883E-05 9.9883E-05 0.0152606 9.9883E-05 9.9883E-05
0.000342732 0.0278173 9.9892E-05 9.9892E-05 9.9892E-05 0.723585 0.081386 0.052895 9.9892E-05 9.9892E-05 9.9892E-05 9.9892E-05 9.9892E-05 0.0897472 9.9892E-05 9.9892E-05 0.0173056 0.00572262 9.9892E-05 9.9892E-05
0.0232618 0.443774 9.99009E-05 9.99009E-05 9.99009E-05 0.427275 9.99009E-05 9.99009E-05 0.00275148 9.99009E-05 0.00634556 9.99009E-05 0.0196883 9.99009E-05 9.99009E-05 0.0120047 0.0180438 0.0457559 9.99009E-05 9.99009E-05
9.9874E-05 9.9874E-05 9.9874E-05 9.9874E-05 9.9874E-05 0.745951 9.9874E-05 9.9874E-05 9.9874E-05 0.0989855 0.00337761 9.9874E-05 9.9874E-05 9.9874E-05 0.136379 9.9874E-05 9.9874E-05 0.00828406 9.9874E-05 0.00562483
0.0254343 0.193899 9.9964E-05 0.00432285 0.13892 0.388104 0.0669996 9.9964E-05 0.00998951 9.9964E-05 0.00298645 0.0687805 0.0248658 9.9964E-05 0.00169249 0.00614753 0.0164548 0.0277406 0.0211283 0.00213448
0.0204052 9.99279E-05 0.0301769 9.99279E-05 0.00103129 0.624071 9.99279E-05 9.99279E-05 0.0136884 0.118909 0.0128612 9.99279E-05 0.00488285 9.99279E-05 0.109416 0.00278119 0.00808131 9.99279E-05 9.99279E-05 0.0528959
0.0491001 0.255284 0.0696418 0.0242203 9.9892E-05 0.523102 9.9892E-05 9.9892E-05 9.9892E-05 0.0124921 9.9892E-05 9.9892E-05 9.9892E-05 9.9892E-05 0.0578177 9.9892E-05 9.9892E-05 9.9892E-05 9.9892E-05 0.00714419
9.98921E-05 9.98921E-05 9.98921E-05 9.98921E-05 9.98921E-05 0.812935 9.98921E-05 0.0109857 0.0155965 9.98921E-05 9.98921E-05 0.0632775 9.98921E-05 0.00212363 0.0791603 0.0140118 9.98921E-05 9.98921E-05 9.98921E-05 0.000710483
9.9901E-05 9.9901E-05 9.9901E-05 9.9901E-05 0.140787 0.704825 0.0359765 9.9901E-05 9.9901E-05 9.9901E-05 0.00243959 9.9901E-05 0.0167975 9.9901E-05 0.0190693 9.9901E-05 0.0202548 9.9901E-05 0.0524843 0.00626646
0.0185815 9.98741E-05 9.98741E-05 9.98741E-05 9.98741E-05 0.904449 9.98741E-05 9.98741E-05 0.00566975 9.98741E-05 0.0333685 9.98741E-05 9.98741E-05 9.98741E-05 9.98741E-05 9.98741E-05 0.0226181 9.98741E-05 9.98741E-05 0.0139151
0.0319638 9.9892E-05 9.9892E-05 9.9892E-05 0.482325 0.391498 0.0700985 9.9892E-05 9.9892E-05 9.9892E-05 0.00118952 9.9892E-05 0.00671927 9.9892E-05 9.9892E-05 0.00397831 9.9892E-05 0.0110288 9.9892E-05 9.9892E-05
9.9901E-05 9.9901E-05 9.9901E-05 9.9901E-05 0.121523 0.74974 9.9901E-05 9.9901E-05 0.0137313 9.9901E-05 9.9901E-05 0.039317 0.00317842 0.0165087 9.9901E-05 0.00501382 0.00516392 9.9901E-05 0.0447242 9.9901E-05
0.0231113 0.099577 9.9919E-05 9.9919E-05 9.9919E-05 0.743856 9.9919E-05 9.9919E-05 0.00248037 0.0423304 0.0169955 0.00790054 0.0055284 9.9919E-05 0.0212867 9.9919E-05 0.0126171 0.0234172 9.9919E-05 9.9919E-05
9.9874E-05 0.166119 0.0135486 9.9874E-05 9.9874E-05 0.698616 9.9874E-05 9.9874E-05 9.9874E-05 9.9874E-05 9.9874E-05 9.9874E-05 0.0532079 9.9874E-05 9.9874E-05 0.0660661 9.9874E-05 9.9874E-05 0.00104407 9.9874E-05
9.9883E-05 0.00151103 9.9883E-05 0.094733 9.9883E-05 0.76368 9.9883E-05 0.0580869 0.0311153 9.9883E-05 9.9883E-05 9.9883E-05 9.9883E-05 0.046842 0.00273373 9.9883E-05 9.9883E-05 9.9883E-05 9.9883E-05 9.9883E-05
0.0639699 0.0603114 9.99279E-05 0.0271805 9.99279E-05 0.652837 9.99279E-05 9.99279E-05 0.0296352 0.114104 9.99279E-05 9.99279E-05 0.0061949 0.000613429 0.012105 0.0171246 9.99279E-05 0.0108991 9.99279E-05 0.00422576
0.0415586 9.9901E-05 9.9901E-05 9.9901E-05 0.225816 0.502295 0.0834135 9.9901E-05 0.0150171 9.9901E-05 0.00183049 9.9901E-05 9.9901E-05 9.9901E-05 0.0653816 9.9901E-05 9.9901E-05 9.9901E-05 0.0575579 0.00603092
9.9883E-05 9.9883E-05 0.0280289 0.05938 9.9883E-05 0.744858 9.9883E-05 9.9883E-05 9.9883E-05 0.0692351 0.00702752 9.9883E-05 9.9883E-05 9.9883E-05 9.9883E-05 0.0226387 9.9883E-05 9.9883E-05 0.0675329 9.9883E-05
0.0841913 0.0191839 9.9937E-05 0.00258225 0.0299455 0.138105 0.0209088 0.0885681 0.0103305 9.9937E-05 9.9937E-05 0.0569408 9.9937E-05 0.517378 0.0237371 9.9937E-05 9.9937E-05 0.00692489 0.000504636 9.9937E-05
9.98289E-05 9.98289E-05 9.98289E-05 9.98289E-05 9.98289E-05 9.98289E-05 9.98289E-05 9.98289E-05 9.98289E-05 9.98289E-05 9.98289E-05 9.98289E-05 9.98289E-05 9.98289E-05 9.98289E-05 9.98289E-05 9.98289E-05 0.998103 9.98289E-05 9.98289E-05
0.0421182 9.991E-05 9.991E-05 9.991E-05 0.149352 9.991E-05 0.0415395 0.0703227 9.991E-05 9.991E-05 9.991E-05 9.991E-05 0.0300464 0.432084 0.140966 0.0297788 0.0376522 9.991E-05 9.991E-05 0.0251416
0.027545 9.98921E-05 9.98921E-05 9.98921E-05 9.98921E-05 0.103875 9.98921E-05 9.98921E-05 9.98921E-05 9.98921E-05 9.98921E-05 9.98921E-05 0.0195384 0.631994 9.98921E-05 0.0074647 0.0210291 9.98921E-05 0.130186 0.0571698
0.0286239 0.188753 0.00866368 9.9901E-05 9.9901E-05 9.9901E-05 9.9901E-05 9.9901E-05 0.0129423 9.9901E-05 9.9901E-05 9.9901E-05 0.00116962 0.686231 9.9901E-05 9.9901E-05 9.9901E-05 0.0450369 0.00386343 0.0236164
9.99279E-05 9.99279E-05 0.0536744 0.024726 9.99279E-05 0.084499 0.0281829 9.99279E-05 0.0084346 0.0237608 0.0154614 9.99279E-05 0.00236025 0.612593 0.137011 0.00427588 9.99279E-05 0.00422061 9.99279E-05 9.99279E-05
9.9829E-05 9.9829E-05 9.9829E-05 9.9829E-05 9.9829E-05 9.9829E-05 9.9829E-05 9.9829E-05 9.9829E-05 9.9829E-05 9.9829E-05 9.9829E-05 0.998103 9.9829E-05 9.9829E-05 9.9829E-05 9.9829E-05 9.9829E-05 9.9829E-05 9.9829E-05
9.98289E-05 9.98289E-05 9.98289E-05 9.98289E-05 9.98289E-05 9.98289E-05 9.98289E-05 9.98289E-05 9.98289E-05 9.98289E-05 9.98289E-05 9.98289E-05 9.98289E-05 9.98289E-05 9.98289E-05 9.98289E-05 9.98289E-05 0.998103 9.98289E-05 9.98289E-05
9.9946E-05 0.00211136 9.9946E-05 0.0899879 0.117465 9.9946E-05 0.0416598 9.9946E-05 0.0302755 9.9946E-05 9.9946E-05 0.00549455 0.0340718 0.339589 0.191634 0.0013039 0.0262543 0.0353659 0.0704415 0.013746
0.118448 9.9928E-05 0.153717 0.0469421 9.9928E-05 9.9928E-05 0.00943534 9.9928E-05 0.0398408 9.9928E-05 0.0122135 0.0149892 0.00423212 0.0832989 0.499521 0.0136116 9.9928E-05 0.00295137 9.9928E-05 9.9928E-05
0.127706 9.9955E-05 0.00250651 0.0164362 0.0223216 9.9955E-05 0.0379018 0.00863789 0.019826 9.9955E-05 9.9955E-05 9.9955E-05 0.0215996 0.318569 0.289357 0.0469425 0.00426357 0.0338512 0.0474317 0.00214982
0.101028 9.9928E-05 9.9928E-05 9.9928E-05 9.9928E-05 9.9928E-05 9.9928E-05 0.0398776 0.0157221 0.00232237 0.0357162 9.9928E-05 0.0149449 0.456139 0.222318 0.0339859 9.9928E-05 0.0361647 0.0030142 0.0379676
0.0376877 0.157941 9.99189E-05 0.0116644 9.99189E-05 9.99189E-05 9.99189E-05 0.0188171 0.0191454 9.99189E-05 0.00613914 9.99189E-05 0.00993513 0.595931 9.99189E-05 0.0392087 0.00395192 0.0986792 9.99189E-05 9.99189E-05
0.0380559 9.9883E-05 9.9883E-05 9.9883E-05 9.9883E-05 9.9883E-05 9.9883E-05 9.9883E-05 0.00722123 9.9883E-05 9.9883E-05 9.9883E-05 0.0160605 0.301845 0.579116 9.9883E-05 0.025768 0.0306348 9.9883E-05 9.9883E-05
9.9919E-05 0.145884 9.9919E-05 9.9919E-05 9.9919E-05 0.00644718 9.9919E-05 9.9919E-05 0.0150643 9.9919E-05 0.00593896 9.9919E-05 0.0435719 0.437522 0.271696 0.000997945 0.0210296 9.9919E-05 0.0410004 0.00994852
0.069059 9.9928E-05 0.0386925 9.9928E-05 9.9928E-05 0.0498896 9.9928E-05 0.0214744 0.00524879 9.9928E-05 0.00706267 9.9928E-05 0.0216627 0.578661 0.0889876 9.9928E-05 0.00932082 0.0696879 9.9928E-05 0.0394535
9.9901E-05 9.9901E-05 0.0712168 9.9901E-05 0.0871324 9.9901E-05 9.9901E-05 9.9901E-05 0.00702483 9.9901E-05 9.9901E-05 0.0390293 9.9901E-05 0.288849 0.0362144 9.9901E-05 9.9901E-05 0.0437285 0.382386 0.0433193
0.168028 9.9928E-05 9.9928E-05 9.9928E-05 0.100963 0.139841 9.9928E-05 9.9928E-05 0.029774 9.9928E-05 0.0346093 0.00193482 0.030682 0.0121425 0.261516 9.9928E-05 9.9928E-05 0.0221273 0.193503 0.00408133
0.0792585 9.9919E-05 0.0445205 0.0441417 9.9919E-05 0.214844 0.0967507 9.9919E-05 0.0268229 9.9919E-05 9.9919E-05 9.9919E-05 0.0167239 0.380876 0.0563854 0.0137844 9.9919E-05 0.0249922 9.9919E-05 9.9919E-05
0.0460949 0.0116759 9.9919E-05 0.110199 0.0206027 0.340407 9.9919E-05 9.9919E-05 0.0303785 9.9919E-05 9.9919E-05 9.9919E-05 9.9919E-05 0.147655 0.22593 0.0069368 9.9919E-05 0.0473006 9.9919E-05 0.0119193
9.9829E-05 9.9829E-05 9.9829E-05 9.9829E-05 9.9829E-05 9.9829E-05 9.9829E-05 9.9829E-05 9.9829E-05 9.9829E-05 9.9829E-05 9.9829E-05 0.998103 9.9829E-05 9.9829E-05 9.9829E-05 9.9829E-05 9.9829E-05 9.9829E-05 9.9829E-05
9.9928E-05 9.9928E-05 9.9928E-05 0.0284225 9.9928E-05 0.134384 9.9928E-05 0.0234615 0.0474873 0.129369 0.0253739 9.9928E-05 0.00613371 0.384284 0.0350857 0.0532641 9.9928E-05 0.0470627 0.0848728 9.9928E-05
0.0690952 0.0547956 0.00161159 9.991E-05 9.991E-05 0.145131 9.991E-05 9.991E-05 0.0299837 9.991E-05 9.991E-05 9.991E-05 0.0698963 0.549651 9.991E-05 0.00152679 9.991E-05 0.0478819 9.991E-05 0.0294272
0.998103 9.98289E-05 9.98289E-05 9.98289E-05 9.98289E-05 9.98289E-05 9.98289E-05 9.98289E-05 9.98289E-05 9.98289E-05 9.98289E-05 9.98289E-05 9.98289E-05 9.98289E-05 9.98289E-05 9.98289E-05 9.98289E-05 9.98289E-05 9.98289E-05 9.98289E-05
0.0482723 0.0840325 0.0700474 9.9937E-05 9.9937E-05 0.00391355 9.9937E-05 9.9937E-05 0.00331485 9.9937E-05 0.00727045 0.001874 0.022194 0.45057 0.226354 0.0267319 0.0361913 0.0185344 9.9937E-05 9.9937E-05
0.0609026 9.9919E-05 9.9919E-05 0.0864278 9.9919E-05 0.0550454 9.9919E-05 9.9919E-05 0.00839499 0.0370549 9.9919E-05 9.9919E-05 0.0292005 0.454875 0.199199 0.0298333 9.9919E-05 0.0114395 9.9919E-05 0.0267273
0.0193406 9.99241E-05 9.99241E-05 9.99241E-05 9.99241E-05 0.261441 9.99241E-05 0.127459 0.0455562 0.244489 9.99241E-05 9.99241E-05 9.99241E-05 0.222216 0.00751008 0.0354552 0.0100023 0.0054785 9.99241E-05 0.020153
9.9883E-05 9.9883E-05 9.9883E-05 9.9883E-05 9.9883E-05 0.159741 0.548532 9.9883E-05 9.9883E-05 9.9883E-05 9.9883E-05 0.132913 0.0470165 0.087506 9.9883E-05 9.9883E-05 9.9883E-05 0.00162011 9.9883E-05 0.0213732
0.0454472 9.9919E-05 0.0526562 9.9919E-05 9.9919E-05 0.0993186 0.0667153 9.9919E-05 0.00620226 0.0925073 9.9919E-05 0.0253988 9.9919E-05 0.42833 9.9919E-05 9.9919E-05 0.0411441 0.0644383 0.0769425 9.9919E-05
0.985376 9.9847E-05 9.9847E-05 9.9847E-05 9.9847E-05 9.9847E-05 9.9847E-05 9.9847E-05 9.9847E-05 9.9847E-05 9.9847E-05 9.9847E-05 0.00892791 9.9847E-05 9.9847E-05 9.9847E-05 9.9847E-05 9.9847E-05 9.9847E-05 0.00399917
0.998103 9.9829E-05 9.9829E-05 9.9829E-05 9.9829E-05 9.9829E-05 9.9829E-05 9.9829E-05 9.9829E-05 9.9829E-05 9.9829E-05 9.9829E-05 9.9829E-05 9.9829E-05 9.9829E-05 9.9829E-05 9.9829E-05 9.9829E-05 9.9829E-05 9.9829E-05
0.0617704 9.9901E-05 9.9901E-05 9.9901E-05 0.0302823 0.0187052 9.9901E-05 9.9901E-05 9.9901E-05 0.148508 9.9901E-05 9.9901E-05 9.9901E-05 0.553848 0.0875043 0.0342805 9.9901E-05 0.0219925 0.0420097 9.9901E-05
9.9829E-05 9.9829E-05 9.9829E-05 9.9829E-05 9.9829E-05 9.9829E-05 9.9829E-05 9.9829E-05 9.9829E-05 9.9829E-05 9.9829E-05 9.9829E-05 9.9829E-05 9.9829E-05 9.9829E-05 9.9829E-05 9.9829E-05 9.9829E-05 9.9829E-05 0.998103
9.991E-05 9.991E-05 9.991E-05 9.991E-05 9.991E-05 0.170215 9.991E-05 9.991E-05 0.0105028 9.991E-05 0.0148797 0.0477218 0.0849793 0.619902 9.991E-05 0.0177505 9.991E-05 0.00370051 0.0285281 0.00082106
9.98286E-05 9.98286E-05 9.98286E-05 9.98286E-05 9.98286E-05 9.98286E-05 9.98286E-05 9.98286E-05 9.98286E-05 9.98286E-05 9.98286E-05 9.98286E-05 9.98286E-05 9.98286E-05 0.998103 9.98286E-05 9.98286E-05 9.98286E-05 9.98286E-05 9.98286E-05
9.98831E-05 9.98831E-05 9.98831E-05 0.0148916 0.251095 9.98831E-05 9.98831E-05 9.98831E-05 9.98831E-05 0.0864963 0.0282532 9.98831E-05 9.98831E-05 0.567425 9.98831E-05 9.98831E-05 0.0274435 9.98831E-05 9.98831E-05 0.0230971
0.0206975 9.9928E-05 9.9928E-05 0.0589589 0.241223 9.9928E-05 9.9928E-05 0.0823845 0.0318819 9.9928E-05 0.0103055 0.028062 0.0147433 0.464439 0.00494135 9.9928E-05 0.00111294 9.9928E-05 9.9928E-05 0.0404505
0.0156388 0.0119375 9.9928E-05 9.9928E-05 0.0835859 9.9928E-05 9.9928E-05 0.0167157 9.9928E-05 9.9928E-05 0.00333196 0.0897476 0.0361434 0.597517 0.0705933 0.000659501 0.0711191 9.9928E-05 9.9928E-05 0.00221048
0.0312382 9.9928E-05 0.000177908 9.9928E-05 0.128757 9.9928E-05 0.0489972 9.9928E-05 9.9928E-05 9.9928E-05 0.030971 0.0153626 0.0599518 0.569747 9.9928E-05 0.00423364 0.053106 0.0446102 9.9928E-05 0.0120481
9.99341E-05 9.99341E-05 9.99341E-05 0.00787761 0.267541 9.99341E-05 9.99341E-05 9.99341E-05 0.0425059 0.0563179 9.99341E-05 0.00734259 0.0160246 0.366681 0.0975603 0.00752057 0.00147381 9.99341E-05 0.0945228 0.0338327
0.0622725 0.0365563 9.9946E-05 0.0432089 9.9946E-05 0.0866934 9.9946E-05 9.9946E-05 0.0359206 9.9946E-05 9.9946E-05 0.00574899 0.0335639 0.47639 0.0787332 0.00285966 0.015285 0.0234768 0.0783448 0.0203458
0.143767 9.991E-05 9.991E-05 9.991E-05 9.991E-05 0.05122 9.991E-05 0.0599431 0.0340433 9.991E-05 9.991E-05 9.991E-05 0.0142545 0.512578 9.991E-05 9.991E-05 0.00329787 0.0203697 0.139958 0.0195689
9.99201E-05 0.0842724 9.99201E-05 0.0310826 0.0558571 0.0170072 9.99201E-05 9.99201E-05 0.0599636 0.000232641 9.99201E-05 9.99201E-05 9.99201E-05 0.458866 0.173825 0.0109563 9.99201E-05 0.043786 0.0206745 0.0426775
0.0772826 0.00295614 9.9919E-05 9.9919E-05 0.0973993 9.9919E-05 9.9919E-05 0.00835364 0.0053537 9.9919E-05 0.0257986 0.0560408 9.9919E-05 0.494141 0.174814 0.0188631 0.0380983 9.9919E-05 9.9919E-05 9.9919E-05
0.0422121 0.0115325 9.9946E-05 9.9946E-05 9.9946E-05 9.9946E-05 0.0182917 0.024854 0.0184661 9.9946E-05 9.9946E-05 0.098282 0.0364927 0.168215 0.345764 0.0592557 0.0119774 0.0757911 0.0413068 0.0469584
9.9883E-05 9.9883E-05 9.9883E-05 9.9883E-05 9.9883E-05 0.0312817 9.9883E-05 9.9883E-05 9.9883E-05 0.0657994 0.00752358 9.9883E-05 0.00432227 0.78497 0.0661992 9.9883E-05 9.9883E-05 9.9883E-05 0.0386051 9.9883E-05
9.9829E-05 9.9829E-05 9.9829E-05 9.9829E-05 9.9829E-05 9.9829E-05 9.9829E-05 9.9829E-05 9.9829E-05 9.9829E-05 9.9829E-05 9.9829E-05 9.9829E-05 9.9829E-05 9.9829E-05 0.998103 9.9829E-05 9.9829E-05 9.9829E-05 9.9829E-05
0.0201517 9.9946E-05 0.0248467 0.0025315 9.9946E-05 0.0867144 0.0758492 9.9946E-05 0.0386741 0.0149519 0.0221751 9.9946E-05 0.0120009 0.57177 9.9946E-05 0.00983819 0.0351717 0.0450851 9.9946E-05 0.0396401
0.0315233 0.0225457 0.0355964 0.0109293 9.9919E-05 0.0528078 9.9919E-05 9.9919E-05 9.9919E-05 9.9919E-05 0.00998274 9.9919E-05 0.0529302 0.70593 0.0520932 0.00588617 9.9919E-05 9.9919E-05 9.9919E-05 0.0188756
0.0263169 9.9928E-05 9.9928E-05 0.0316315 0.0889206 9.9928E-05 0.0232483 9.9928E-05 9.9928E-05 9.9928E-05 9.9928E-05 0.0644463 0.0196832 0.579509 0.0939934 0.0152463 0.0172694 0.00519133 9.9928E-05 0.0337441
9.9883E-05 9.9883E-05 9.9883E-05 9.9883E-05 9.9883E-05 0.154906 9.9883E-05 9.9883E-05 9.9883E-05 0.0730491 0.00489914 9.9883E-05 9.9883E-05 0.705888 0.046155 0.00169708 9.9883E-05 9.9883E-05 9.9883E-05 0.0121073
0.0225211 0.0651017 9.9919E-05 9.9919E-05 9.9919E-05 0.0531624 9.9919E-05 9.9919E-05 0.0409122 9.9919E-05 9.9919E-05 9.9919E-05 0.0139199 0.543642 0.0756906 9.9919E-05 0.0341506 0.00433986 0.140997 0.0046633
0.0536993 9.9937E-05 0.0871158 0.017162 9.9937E-05 0.028383 0.0388958 9.9937E-05 0.020753 0.00347364 0.00762031 9.9937E-05 9.9937E-05 0.535703 0.0829306 0.00085362 0.00894932 9.9937E-05 0.113761 9.9937E-05
9.9829E-05 9.9829E-05 9.9829E-05 9.9829E-05 9.9829E-05 9.9829E-05 9.9829E-05 9.9829E-05 0.998103 9.9829E-05 9.9829E-05 9.9829E-05 9.9829E-05 9.9829E-05 9.9829E-05 9.9829E-05 9.9829E-05 9.9829E-05 9.9829E-05 9.9829E-05
9.9829E-05 9.9829E-05 9.9829E-05 9.9829E-05 9.9829E-05 9.9829E-05 9.9829E-05 9.9829E-05 9.9829E-05 9.9829E-05 9.9829E-05 9.9829E-05 9.9829E-05 9.9829E-05 9.9829E-05 0.998103 9.9829E-05 9.9829E-05 9.9829E-05 9.9829E-05
9.9829E-05 9.9829E-05 9.9829E-05 9.9829E-05 9.9829E-05 9.9829E-05 9.9829E-05 9.9829E-05 0.998103 9.9829E-05 9.9829E-05 9.9829E-05 9.9829E-05 9.9829E-05 9.9829E-05 9.9829E-05 9.9829E-05 9.9829E-05 9.9829E-05 9.9829E-05
0.00487163 9.991E-05 9.991E-05 9.991E-05 0.120192 9.991E-05 9.991E-05 9.991E-05 9.991E-05 0.0654782 0.0111573 9.991E-05 0.0201539 0.675098 0.0291886 9.991E-05 0.00541333 0.0203475 9.991E-05 0.0471
9.9928E-05 0.0238197 0.0641892 9.9928E-05 0.0782504 9.9928E-05 9.9928E-05 9.9928E-05 0.0573052 9.9928E-05 0.0269509 0.0889697 0.034625 0.512205 9.9928E-05 0.00895209 0.0177593 0.032505 9.9928E-05 0.0536695
0.0228458 9.9928E-05 9.9928E-05 0.0345816 9.9928E-05 0.00265474 0.0490938 0.109316 0.0268396 9.9928E-05 0.012913 9.9928E-05 9.9928E-05 0.652407 9.9928E-05 0.0498729 0.00276911 0.0304973 9.9928E-05 0.00540947
9.9919E-05 0.079247 9.9919E-05 0.00121699 9.9919E-05 0.0214543 0.00388233 9.9919E-05 0.045408 9.9919E-05 0.0283955 9.9919E-05 9.9919E-05 0.587265 0.181981 0.0223774 0.0182072 0.00966548 9.9919E-05 9.9919E-05
9.98286E-05 9.98286E-05 9.98286E-05 9.98286E-05 9.98286E-05 9.98286E-05 9.98286E-05 9.98286E-05 9.98286E-05 9.98286E-05 9.98286E-05 9.98286E-05 9.98286E-05 9.98286E-05 0.998103 9.98286E-05 9.98286E-05 9.98286E-05 9.98286E-05 9.98286E-05
9.9829E-05 9.9829E-05 9.9829E-05 9.9829E-05 9.9829E-05 9.9829E-05 9.9829E-05 9.9829E-05 9.9829E-05 9.9829E-05 9.9829E-05 9.9829E-05 9.9829E-05 9.9829E-05 9.9829E-05 9.9829E-05 9.9829E-05 9.9829E-05 9.9829E-05 0.998103
0.010006 0.0231674 0.0573603 0.00640142 0.0920943 0.0471534 9.9955E-05 9.9955E-05 0.00137922 0.0325808 9.9955E-05 0.0103892 9.9955E-05 0.562226 0.0553781 0.0247989 0.0624882 0.00138698 9.9955E-05 0.0126896
0.00712849 0.0150694 9.991E-05 9.991E-05 9.991E-05 9.991E-05 9.991E-05 0.0168892 9.991E-05 0.00160655 0.00492998 0.00281172 0.00611987 0.10401 9.991E-05 9.991E-05 9.991E-05 0.0696983 0.770737 9.991E-05
0.0518054 9.98651E-05 9.98651E-05 9.98651E-05 0.0770129 9.98651E-05 9.98651E-05 9.98651E-05 0.000406987 9.98651E-05 9.98651E-05 9.98651E-05 0.0221644 9.98651E-05 9.98651E-05 9.98651E-05 9.98651E-05 9.98651E-05 0.847112 9.98651E-05
0.0813291 9.9874E-05 9.9874E-05 9.9874E-05 9.9874E-05 9.9874E-05 9.9874E-05 9.9874E-05 0.0318751 9.9874E-05 0.0163357 9.9874E-05 9.9874E-05 9.9874E-05 9.9874E-05 0.0384932 0.015179 9.9874E-05 0.81539 9.9874E-05
9.98651E-05 9.98651E-05 9.98651E-05 0.0178497 9.98651E-05 9.98651E-05 9.98651E-05 9.98651E-05 0.00170817 9.98651E-05 9.98651E-05 9.98651E-05 9.98651E-05 9.98651E-05 9.98651E-05 9.98651E-05 9.98651E-05 0.0322785 0.886949 0.059717
9.9901E-05 9.9901E-05 0.0439563 9.9901E-05 9.9901E-05 0.0329859 9.9901E-05 9.9901E-05 0.0170151 9.9901E-05 9.9901E-05 0.0333017 9.9901E-05 0.0437086 0.0143311 0.0151215 9.9901E-05 9.9901E-05 0.791889 0.00659228
9.98741E-05 9.98741E-05 0.0200457 9.98741E-05 9.98741E-05 0.0243525 9.98741E-05 0.0243669 9.98741E-05 0.123643 9.98741E-05 9.98741E-05 9.98741E-05 9.98741E-05 9.98741E-05 9.98741E-05 9.98741E-05 0.0243818 0.781812 9.98741E-05
9.9838E-05 9.9838E-05 9.9838E-05 9.9838E-05 9.9838E-05 9.9838E-05 0.0315948 9.9838E-05 9.9838E-05 9.9838E-05 9.9838E-05 9.9838E-05 9.9838E-05 9.9838E-05 9.9838E-05 9.9838E-05 9.9838E-05 9.9838E-05 0.966608 9.9838E-05
0.0567465 9.9883E-05 9.9883E-05 0.0101659 9.9883E-05 9.9883E-05 9.9883E-05 0.00333994 9.9883E-05 9.9883E-05 9.9883E-05 9.9883E-05 9.9883E-05 9.9883E-05 9.9883E-05 0.00353951 0.0294645 9.9883E-05 0.888558 0.00688738
9.9901E-05 9.9901E-05 0.0621812 9.9901E-05 9.9901E-05 0.024921 9.9901E-05 9.9901E-05 0.0117432 0.0870691 0.00317276 9.9901E-05 9.9901E-05 9.9901E-05 9.9901E-05 0.00240626 0.00137542 0.0124042 0.793628 9.9901E-05
0.0327478 0.307513 9.9892E-05 9.9892E-05 9.9892E-05 9.9892E-05 9.9892E-05 9.9892E-05 9.9892E-05 9.9892E-05 0.0247215 9.9892E-05 0.0196445 0.0390451 9.9892E-05 0.0101876 9.9892E-05 9.9892E-05 0.556686 0.00825594
9.99099E-05 9.99099E-05 0.0230063 9.99099E-05 9.99099E-05 9.99099E-05 0.0273899 0.0599251 0.0094705 9.99099E-05 0.0035328 9.99099E-05 9.99099E-05 9.99099E-05 0.251635 9.99099E-05 0.000248287 0.0113557 0.601583 0.0108543
9.9856E-05 9.9856E-05 9.9856E-05 9.9856E-05 9.9856E-05 9.9856E-05 9.9856E-05 0.0379568 0.0088499 0.942617 9.9856E-05 9.9856E-05 9.9856E-05 9.9856E-05 9.9856E-05 9.9856E-05 9.9856E-05 9.9856E-05 9.9856E-05 0.00897905
9.9892E-05 9.9892E-05 9.9892E-05 9.9892E-05 0.00947336 9.9892E-05 0.00714367 9.9892E-05 9.9892E-05 0.896716 0.000387033 9.9892E-05 0.00401353 9.9892E-05 9.9892E-05 0.012099 0.00510958 9.9892E-05 0.0638593 9.9892E-05
0.0579572 0.0769458 9.991E-05 9.991E-05 0.0398758 9.991E-05 9.991E-05 9.991E-05 0.00770242 0.459833 0.0136524 0.318376 0.000964267 9.991E-05 9.991E-05 0.0133984 9.991E-05 0.0102955 9.991E-05 9.991E-05
0.0482041 9.98741E-05 9.98741E-05 0.0423576 9.98741E-05 0.133828 0.0331137 9.98741E-05 9.98741E-05 9.98741E-05 0.00909224 0.732006 9.98741E-05 9.98741E-05 9.98741E-05 9.98741E-05 9.98741E-05 9.98741E-05 9.98741E-05 9.98741E-05
9.9847E-05 0.795353 9.9847E-05 9.9847E-05 9.9847E-05 9.9847E-05 9.9847E-05 9.9847E-05 9.9847E-05 0.202016 9.9847E-05 9.9847E-05 0.000933451 9.9847E-05 9.9847E-05 9.9847E-05 9.9847E-05 9.9847E-05 9.9847E-05 9.9847E-05
9.991E-05 9.991E-05 9.991E-05 0.018389 0.000448398 0.0531722 9.991E-05 9.991E-05 0.0154455 0.169656 0.0209225 0.634362 9.991E-05 9.991E-05 0.0330379 0.00756107 9.991E-05 9.991E-05 0.0460064 9.991E-05
9.98741E-05 9.98741E-05 0.111389 9.98741E-05 9.98741E-05 0.0606196 0.0147158 9.98741E-05 9.98741E-05 0.0317449 9.98741E-05 0.727825 9.98741E-05 9.98741E-05 9.98741E-05 0.0523073 9.98741E-05 9.98741E-05 9.98741E-05 9.98741E-05
0.00693834 9.98471E-05 9.98471E-05 9.98471E-05 9.98471E-05 9.98471E-05 9.98471E-05 9.98471E-05 9.98471E-05 0.989219 0.00214502 9.98471E-05 9.98471E-05 9.98471E-05 9.98471E-05 9.98471E-05 9.98471E-05 9.98471E-05 9.98471E-05 9.98471E-05
0.0371025 9.99009E-05 0.0469054 9.99009E-05 0.211492 9.99009E-05 9.99009E-05 9.99009E-05 0.057343 0.540359 9.99009E-05 0.0219768 9.99009E-05 9.99009E-05 9.99009E-05 9.99009E-05 0.0265104 0.0177803 9.99009E-05 0.0394318
9.98381E-05 9.98381E-05 9.98381E-05 9.98381E-05 9.98381E-05 0.0914879 9.98381E-05 9.98381E-05 9.98381E-05 0.906715 9.98381E-05 9.98381E-05 9.98381E-05 9.98381E-05 9.98381E-05 9.98381E-05 9.98381E-05 9.98381E-05 9.98381E-05 9.98381E-05
9.9847E-05 9.9847E-05 9.9847E-05 9.9847E-05 9.9847E-05 9.9847E-05 9.9847E-05 9.9847E-05 9.9847E-05 0.956633 9.9847E-05 9.9847E-05 0.0333365 9.9847E-05 9.9847E-05 9.9847E-05 9.9847E-05 0.00833285 9.9847E-05 9.9847E-05
9.9874E-05 0.0617172 9.9874E-05 0.0271859 9.9874E-05 0.0712153 0.455112 9.9874E-05 9.9874E-05 0.37162 9.9874E-05 9.9874E-05 9.9874E-05 9.9874E-05 9.9874E-05 9.9874E-05 9.9874E-05 0.0117515 9.9874E-05 9.9874E-05
9.9892E-05 0.303288 0.0594784 0.00326205 9.9892E-05 9.9892E-05 9.9892E-05 9.9892E-05 0.0114067 0.589705 9.9892E-05 9.9892E-05 9.9892E-05 0.0237506 9.9892E-05 0.00392181 9.9892E-05 0.00398862 9.9892E-05 9.9892E-05
9.9901E-05 0.0636395 9.9901E-05 9.9901E-05 0.121076 9.9901E-05 0.166515 9.9901E-05 0.00338139 0.434327 9.9901E-05 9.9901E-05 9.9901E-05 0.177748 9.9901E-05 9.9901E-05 0.0179008 0.012531 9.9901E-05 0.00178298
9.9901E-05 9.9901E-05 0.0680923 9.9901E-05 9.9901E-05 9.9901E-05 0.648309 0.0166775 9.9901E-05 9.9901E-05 9.9901E-05 0.138761 9.9901E-05 0.0471248 9.9901E-05 9.9901E-05 0.0308316 0.0246265 0.0171707 0.00730762
9.9865E-05 9.9865E-05 9.9865E-05 0.000649148 0.0212618 9.9865E-05 0.942549 9.9865E-05 9.9865E-05 9.9865E-05 9.9865E-05 9.9865E-05 9.9865E-05 9.9865E-05 9.9865E-05 9.9865E-05 0.0191785 0.0148632 9.9865E-05 9.9865E-05
9.9865E-05 9.9865E-05 0.0112424 9.9865E-05 9.9865E-05 9.9865E-05 0.971882 9.9865E-05 0.00391597 9.9865E-05 9.9865E-05 9.9865E-05 0.00497658 9.9865E-05 9.9865E-05 9.9865E-05 9.9865E-05 0.00648519 9.9865E-05 9.9865E-05
9.9883E-05 9.9883E-05 9.9883E-05 0.0022293 9.9883E-05 9.9883E-05 0.946918 9.9883E-05 0.00488024 9.9883E-05 9.9883E-05 9.9883E-05 9.9883E-05 9.9883E-05 0.0371016 0.000157245 0.00243277 0.00498246 9.9883E-05 9.9883E-05
9.98381E-05 0.0880728 9.98381E-05 9.98381E-05 9.98381E-05 9.98381E-05 0.91013 9.98381E-05 9.98381E-05 9.98381E-05 9.98381E-05 9.98381E-05 9.98381E-05 9.98381E-05 9.98381E-05 9.98381E-05 9.98381E-05 9.98381E-05 9.98381E-05 9.98381E-05
9.98829E-05 0.0616938 0.0695546 9.98829E-05 0.120414 9.98829E-05 0.705732 9.98829E-05 9.98829E-05 9.98829E-05 0.0182263 9.98829E-05 0.000984153 9.98829E-05 9.98829E-05 9.98829E-05 0.0220964 9.98829E-05 9.98829E-05 9.98829E-05
9.98675E-05 9.98675E-05 9.98675E-05 0.0150576 0.14799 9.98675E-05 0.736231 0.0618201 9.98675E-05 9.98675E-05 9.98675E-05 9.98675E-05 0.0374031 9.98675E-05 9.98675E-05 9.98675E-05 9.98675E-05 9.98675E-05 9.98675E-05 9.98675E-05
0.00331056 0.453273 9.9865E-05 9.9865E-05 9.9865E-05 9.9865E-05 0.515822 9.9865E-05 0.0149813 9.9865E-05 9.9865E-05 9.9865E-05 9.9865E-05 9.9865E-05 9.9865E-05 0.0111154 9.9865E-05 9.9865E-05 9.9865E-05 9.9865E-05
0.0185805 9.98741E-05 9.98741E-05 0.0289109 0.0397745 9.98741E-05 9.98741E-05 9.98741E-05 0.0249283 9.98741E-05 9.98741E-05 0.876882 9.98741E-05 9.98741E-05 9.98741E-05 0.0095253 9.98741E-05 9.98741E-05 9.98741E-05 9.98741E-05
0.000365775 9.9883E-05 0.125996 0.0130419 9.9883E-05 9.9883E-05 9.9883E-05 9.9883E-05 9.9883E-05 9.9883E-05 9.9883E-05 0.82177 9.9883E-05 9.9883E-05 9.9883E-05 9.9883E-05 0.0208414 9.9883E-05 0.0143763 0.00231052
0.00141573 9.9892E-05 0.0734908 0.0396474 0.0943367 9.9892E-05 9.9892E-05 9.9892E-05 9.9892E-05 0.236262 9.9892E-05 0.487305 9.9892E-05 9.9892E-05 9.9892E-05 0.0287637 9.9892E-05 0.0375805 9.9892E-05 9.9892E-05
9.9901E-05 9.9901E-05 9.9901E-05 9.9901E-05 0.0298534 9.9901E-05 0.045732 0.0657345 9.9901E-05 9.9901E-05 0.00852105 0.71646 9.9901E-05 0.0560988 0.05748 9.9901E-05 0.016756 9.9901E-05 9.9901E-05 0.00226528
9.98739E-05 0.346566 9.98739E-05 9.98739E-05 9.98739E-05 9.98739E-05 9.98739E-05 9.98739E-05 0.0143218 0.109976 0.0123201 0.501844 9.98739E-05 9.98739E-05 9.98739E-05 9.98739E-05 9.98739E-05 9.98739E-05 9.98739E-05 0.0135744
9.9883E-05 9.9883E-05 9.9883E-05 0.0269855 0.197581 9.9883E-05 9.9883E-05 9.9883E-05 9.9883E-05 9.9883E-05 9.9883E-05 0.72185 0.00295351 9.9883E-05 0.0136165 0.00275828 9.9883E-05 0.0329569 9.9883E-05 9.9883E-05
0.0321113 9.98943E-05 0.0669898 9.98943E-05 0.195077 9.98943E-05 0.272238 9.98943E-05 9.98943E-05 0.0522756 0.00742488 0.310342 9.98943E-05 0.062343 9.98943E-05 9.98943E-05 9.98943E-05 9.98943E-05 9.98943E-05 9.98943E-05
9.98831E-05 9.98831E-05 9.98831E-05 9.98831E-05 9.98831E-05 0.0971386 0.0526056 0.0129949 9.98831E-05 9.98831E-05 9.98831E-05 0.787986 9.98831E-05 9.98831E-05 9.98831E-05 0.0273663 9.98831E-05 0.00869626 9.98831E-05 0.0119139
9.9892E-05 0.00113256 9.9892E-05 9.9892E-05 9.9892E-05 0.0876955 0.0261156 9.9892E-05 9.9892E-05 0.144894 9.9892E-05 0.673849 9.9892E-05 9.9892E-05 0.0413372 0.0082761 9.9892E-05 0.015501 9.9892E-05 9.9892E-05
9.9874E-05 0.082369 9.9874E-05 9.9874E-05 9.9874E-05 0.0738276 9.9874E-05 9.9874E-05 9.9874E-05 9.9874E-05 9.9874E-05 0.755978 9.9874E-05 0.034553 9.9874E-05 0.0078691 0.0440052 9.9874E-05 9.9874E-05 9.9874E-05
0.061555 9.991E-05 9.991E-05 9.991E-05 0.00363386 0.078395 0.170519 0.0658035 9.991E-05 0.00621858 9.991E-05 0.577435 9.991E-05 9.991E-05 9.991E-05 9.991E-05 0.0129661 0.00603969 0.0164351 9.991E-05
0.0368644 0.0150261 9.9901E-05 9.9901E-05 9.9901E-05 9.9901E-05 9.9901E-05 9.9901E-05 0.0062181 9.9901E-05 0.0106251 0.883968 9.9901E-05 9.9901E-05 9.9901E-05 0.02541 0.0134811 0.00121047 9.9901E-05 0.00609766
9.9892E-05 0.0145578 9.9892E-05 9.9892E-05 9.9892E-05 9.9892E-05 9.9892E-05 0.00699478 9.9892E-05 0.0288559 0.0265082 0.818325 0.00535853 9.9892E-05 0.0809229 9.9892E-05 9.9892E-05 9.9892E-05 9.9892E-05 0.0172785
9.98561E-05 9.98561E-05 9.98561E-05 9.98561E-05 0.970183 9.98561E-05 9.98561E-05 9.98561E-05 9.98561E-05 9.98561E-05 0.00325315 9.98561E-05 9.98561E-05 9.98561E-05 0.0197291 9.98561E-05 9.98561E-05 0.00523686 9.98561E-05 9.98561E-05
9.98739E-05 0.149547 9.98739E-05 9.98739E-05 0.7601 9.98739E-05 9.98739E-05 0.0350696 9.98739E-05 0.00141074 9.98739E-05 9.98739E-05 0.00711029 9.98739E-05 9.98739E-05 9.98739E-05 9.98739E-05 9.98739E-05 9.98739E-05 0.0453642
0.00247258 9.9865E-05 9.9865E-05 9.9865E-05 0.987768 9.9865E-05 9.9865E-05 9.9865E-05 0.000987489 9.9865E-05 9.9865E-05 9.9865E-05 9.9865E-05 9.9865E-05 9.9865E-05 9.9865E-05 0.00683485 9.9865E-05 9.9865E-05 0.000438747
0.00664624 9.9883E-05 9.9883E-05 0.042608 0.833763 0.0400367 9.9883E-05 9.9883E-05 9.9883E-05 0.0436345 9.9883E-05 9.9883E-05 9.9883E-05 9.9883E-05 9.9883E-05 0.00927653 9.9883E-05 0.0227365 9.9883E-05 9.9883E-05
9.9874E-05 9.9874E-05 9.9874E-05 0.0216509 0.938484 9.9874E-05 9.9874E-05 9.9874E-05 0.000744518 9.9874E-05 9.9874E-05 9.9874E-05 0.000771601 9.9874E-05 0.0349347 0.00201604 9.9874E-05 9.9874E-05 9.9874E-05 9.9874E-05
9.98288E-05 0.998103 9.98288E-05 9.98288E-05 9.98288E-05 9.98288E-05 9.98288E-05 9.98288E-05 9.98288E-05 9.98288E-05 9.98288E-05 9.98288E-05 9.98288E-05 9.98288E-05 9.98288E-05 9.98288E-05 9.98288E-05 9.98288E-05 9.98288E-05 9.98288E-05
9.98561E-05 0.00385052 9.98561E-05 9.98561E-05 0.851904 0.128184 9.98561E-05 9.98561E-05 9.98561E-05 9.98561E-05 9.98561E-05 9.98561E-05 9.98561E-05 9.98561E-05 0.0144632 9.98561E-05 9.98561E-05 9.98561E-05 9.98561E-05 9.98561E-05
9.98288E-05 0.998103 9.98288E-05 9.98288E-05 9.98288E-05 9.98288E-05 9.98288E-05 9.98288E-05 9.98288E-05 9.98288E-05 9.98288E-05 9.98288E-05 9.98288E-05 9.98288E-05 9.98288E-05 9.98288E-05 9.98288E-05 9.98288E-05 9.98288E-05 9.98288E-05
