9.98739E-05 9.98739E-05 0.998602 9.98739E-05 9.98739E-05 9.98739E-05 9.98739E-05 9.98739E-05 9.98739E-05 9.98739E-05 9.98739E-05 9.98739E-05 9.98739E-05 9.98739E-05 9.98739E-05
9.9928E-05 0.0112664 0.0395021 0.0251207 9.9928E-05 9.9928E-05 9.9928E-05 9.9928E-05 9.9928E-05 9.9928E-05 9.9928E-05 0.648756 0.12416 0.118459 0.0319367
0.0216482 9.9928E-05 0.0565767 9.9928E-05 9.9928E-05 9.9928E-05 0.00889827 0.0307571 0.013152 9.9928E-05 9.9928E-05 0.744197 9.9928E-05 0.123971 9.9928E-05
0.0121457 9.9937E-05 0.0156138 9.9937E-05 9.9937E-05 9.9937E-05 0.0135551 0.0531762 0.0125804 9.9937E-05 9.9937E-05 0.788993 0.0635529 0.0396831 9.9937E-05
9.9937E-05 9.9937E-05 0.0383138 9.9937E-05 0.0130723 9.9937E-05 9.9937E-05 0.0790642 0.00883785 9.9937E-05 0.0429659 0.788167 9.9937E-05 0.00517108 0.0237085
0.00250678 0.0260584 9.9928E-05 0.00179127 9.9928E-05 0.0508186 9.9928E-05 9.9928E-05 9.9928E-05 9.9928E-05 9.9928E-05 0.888195 0.00964086 9.9928E-05 0.0201897
9.98739E-05 9.98739E-05 0.998602 9.98739E-05 9.98739E-05 9.98739E-05 9.98739E-05 9.98739E-05 9.98739E-05 9.98739E-05 9.98739E-05 9.98739E-05 9.98739E-05 9.98739E-05 9.98739E-05
0.0331077 0.0177531 0.0748954 0.0197598 0.0109085 0.0711584 9.9955E-05 0.0258863 0.0268416 9.9955E-05 9.9955E-05 0.718081 9.9955E-05 0.00110799 9.9955E-05
9.9937E-05 9.9937E-05 0.0580212 0.00905339 0.00381069 0.0259926 9.9937E-05 0.11461 0.000140249 9.9937E-05 9.9937E-05 0.734904 0.0527686 9.9937E-05 9.9937E-05
9.9937E-05 0.00719125 0.010922 0.00690891 0.0201932 0.100779 0.0257178 9.9937E-05 9.9937E-05 0.00245968 9.9937E-05 0.825129 9.9937E-05 9.9937E-05 9.9937E-05
0.0039422 0.0109504 9.9928E-05 9.9928E-05 9.9928E-05 9.9928E-05 0.00986659 9.9928E-05 0.0193601 9.9928E-05 9.9928E-05 0.748144 0.0651149 0.141823 9.9928E-05
0.0173276 0.0123668 0.0519783 9.9937E-05 9.9937E-05 0.00851005 0.0738361 9.9937E-05 9.9937E-05 9.9937E-05 0.0108267 0.688508 9.9937E-05 0.135947 9.9937E-05
9.9964E-05 0.00686921 0.0401056 0.0598251 0.011285 0.0387675 0.0340322 0.0491298 9.9964E-05 0.00749584 0.0082632 0.730911 9.9964E-05 9.9964E-05 0.0129155
9.9946E-05 9.9946E-05 0.0154196 0.0134652 0.00418277 0.0442035 0.00524901 9.9946E-05 0.0235984 9.9946E-05 9.9946E-05 0.676708 0.120528 0.0960457 9.9946E-05
0.0155528 9.991E-05 0.034377 9.991E-05 9.991E-05 9.991E-05 0.0983269 9.991E-05 9.991E-05 9.991E-05 9.991E-05 0.802968 9.991E-05 0.0477761 9.991E-05
9.9919E-05 0.0111743 9.9919E-05 0.0118884 0.000357484 9.9919E-05 9.9919E-05 0.00477264 9.9919E-05 9.9919E-05 9.9919E-05 0.873874 0.0970344 9.9919E-05 9.9919E-05
9.9901E-05 0.0283867 0.0465478 9.9901E-05 0.016548 9.9901E-05 9.9901E-05 9.9901E-05 9.9901E-05 9.9901E-05 9.9901E-05 0.907419 9.9901E-05 9.9901E-05 9.9901E-05
9.98921E-05 9.98921E-05 0.0433253 9.98921E-05 9.98921E-05 9.98921E-05 9.98921E-05 9.98921E-05 9.98921E-05 9.98921E-05 9.98921E-05 0.91028 9.98921E-05 9.98921E-05 0.0451959
9.991E-05 9.991E-05 0.0806054 0.0211935 9.991E-05 9.991E-05 9.991E-05 9.991E-05 9.991E-05 9.991E-05 0.00666496 0.83209 9.991E-05 9.991E-05 0.058447
9.9919E-05 0.00693752 9.9919E-05 9.9919E-05 0.00253764 9.9919E-05 0.0221813 9.9919E-05 9.9919E-05 0.0242887 9.9919E-05 0.938755 9.9919E-05 9.9919E-05 0.00440026
9.98739E-05 9.98739E-05 9.98739E-05 9.98739E-05 9.98739E-05 9.98739E-05 9.98739E-05 9.98739E-05 0.998602 9.98739E-05 9.98739E-05 9.98739E-05 9.98739E-05 9.98739E-05 9.98739E-05
9.9919E-05 9.9919E-05 0.0324971 0.0218784 9.9919E-05 0.0394833 0.677845 9.9919E-05 0.00765021 9.9919E-05 9.9919E-05 9.9919E-05 9.9919E-05 0.219747 9.9919E-05
9.9937E-05 9.9937E-05 0.0182867 0.00859122 0.0265386 0.0347998 0.806973 9.9937E-05 9.9937E-05 9.9937E-05 0.0198269 0.0081258 9.9937E-05 9.9937E-05 0.0761586
9.9901E-05 0.0222876 9.9901E-05 9.9901E-05 9.9901E-05 9.9901E-05 0.874616 9.9901E-05 9.9901E-05 9.9901E-05 0.0583659 9.9901E-05 9.9901E-05 9.9901E-05 0.0436319
9.99011E-05 9.99011E-05 0.00527538 9.99011E-05 0.00572747 9.99011E-05 0.98358 9.99011E-05 0.00431858 9.99011E-05 9.99011E-05 9.99011E-05 9.99011E-05 9.99011E-05 9.99011E-05
9.991E-05 0.0254759 0.0360059 9.991E-05 0.00661829 9.991E-05 0.919579 9.991E-05 9.991E-05 9.991E-05 9.991E-05 9.991E-05 9.991E-05 9.991E-05 0.0113218
0.00691718 9.9937E-05 0.0255222 9.9937E-05 9.9937E-05 9.9937E-05 0.762965 9.9937E-05 0.0172091 0.0732322 0.0670628 9.9937E-05 0.00216656 9.9937E-05 0.0442254
9.98739E-05 9.98739E-05 9.98739E-05 9.98739E-05 9.98739E-05 9.98739E-05 9.98739E-05 9.98739E-05 0.998602 9.98739E-05 9.98739E-05 9.98739E-05 9.98739E-05 9.98739E-05 9.98739E-05
9.9937E-05 0.00894043 9.9937E-05 9.9937E-05 0.0106977 9.9937E-05 0.807727 0.0583021 0.00757735 9.9937E-05 9.9937E-05 9.9937E-05 0.0795236 0.0258092 0.000723176
9.9937E-05 0.0105875 9.9937E-05 0.0208166 0.00672604 9.9937E-05 0.734137 9.9937E-05 9.9937E-05 0.102747 0.0624622 0.033407 0.0284175 9.9937E-05 9.9937E-05
0.00388188 0.0247303 9.9928E-05 9.9928E-05 9.9928E-05 9.9928E-05 0.74481 0.0870672 0.0372036 9.9928E-05 9.9928E-05 9.9928E-05 0.0524672 0.0490406 9.9928E-05
9.9946E-05 0.025479 0.0192681 0.00330185 9.9946E-05 9.9946E-05 0.74158 0.0309456 0.0422639 9.9946E-05 0.0408689 9.9946E-05 0.0427155 9.9946E-05 0.0529772
0.00324799 0.00479736 0.0340565 0.017072 9.9964E-05 0.00678065 0.69301 0.0754696 0.0547859 9.9964E-05 0.0567202 0.00708098 0.0465787 9.9964E-05 9.9964E-05
0.0350785 9.9946E-05 0.00413614 0.0508236 0.0136379 0.0691971 0.662203 0.0194918 0.0471195 9.9946E-05 9.9946E-05 9.9946E-05 9.9946E-05 0.0977131 9.9946E-05
0.00689871 0.00574544 9.9955E-05 0.0214679 0.0282113 9.9955E-05 0.684604 0.0330405 9.9955E-05 0.0298914 9.9955E-05 0.0332192 9.9955E-05 0.118056 0.038365
0.05054 9.99099E-05 9.99099E-05 9.99099E-05 9.99099E-05 9.99099E-05 0.401837 9.99099E-05 0.00739409 9.99099E-05 9.99099E-05 9.99099E-05 0.11724 0.42199 9.99099E-05
0.0240727 0.00376124 9.9928E-05 9.9928E-05 9.9928E-05 9.9928E-05 0.699118 9.9928E-05 0.00362457 0.142197 0.0915393 9.9928E-05 9.9928E-05 9.9928E-05 0.0348872
0.0115186 0.0233313 9.9937E-05 0.0151248 9.9937E-05 0.0987417 9.9937E-05 9.9937E-05 0.009375 9.9937E-05 0.620853 9.9937E-05 9.9937E-05 0.0769337 0.143422
9.99549E-05 0.00539104 0.0471865 0.0274065 0.0105494 0.0126406 9.99549E-05 0.151727 9.99549E-05 0.0570654 0.578991 9.99549E-05 9.99549E-05 0.0875227 0.02102
0.0276219 9.9955E-05 9.9955E-05 0.0349599 0.00283624 0.0232879 0.0141561 9.9955E-05 9.9955E-05 0.173625 0.669378 0.0288249 0.015331 9.9955E-05 0.0094787
0.0161163 0.010254 0.078085 0.00207664 9.9946E-05 0.0831383 0.0460869 9.9946E-05 9.9946E-05 0.102475 0.620924 9.9946E-05 9.9946E-05 9.9946E-05 0.0402445
0.0449971 9.9955E-05 0.0210403 0.0381572 0.0344448 9.9955E-05 9.9955E-05 9.9955E-05 0.0241872 9.9955E-05 0.705411 0.0169107 0.0233449 0.00520118 0.0858063
0.015816 9.9937E-05 0.0304654 0.00239122 0.0130362 9.9937E-05 9.9937E-05 9.9937E-05 0.0111699 0.179994 0.721402 9.9937E-05 0.0250252 9.9937E-05 9.9937E-05
0.0254712 9.9955E-05 0.0223249 0.0562373 9.9955E-05 0.0596894 9.9955E-05 0.0184159 0.0137207 9.9955E-05 0.594429 9.9955E-05 0.0338432 0.124738 0.0506311
0.00378151 9.9955E-05 9.9955E-05 0.0169729 0.0405322 9.9955E-05 0.0449835 9.9955E-05 0.00599683 0.113901 0.683597 9.9955E-05 0.0133409 0.00700253 0.0693912
9.9928E-05 9.9928E-05 9.9928E-05 9.9928E-05 0.0128947 9.9928E-05 0.0737112 0.0977441 9.9928E-05 9.9928E-05 0.663704 0.066839 0.0353122 9.9928E-05 0.0489954
9.9928E-05 0.0166042 9.9928E-05 0.0204901 0.0175971 9.9928E-05 9.9928E-05 9.9928E-05 9.9928E-05 0.157368 0.761212 9.9928E-05 0.0223585 9.9928E-05 0.0035705
0.0366114 0.0028121 0.0277065 0.02762 9.9964E-05 0.0628392 9.9964E-05 0.00101347 0.000653385 0.0327626 0.764187 9.9964E-05 9.9964E-05 0.0421827 0.001212
0.0332395 0.0237574 0.0297425 0.0163638 9.9946E-05 9.9946E-05 9.9946E-05 9.9946E-05 0.0335894 0.0280659 0.810099 0.004426 9.9946E-05 9.9946E-05 0.0201164
0.0197568 9.9928E-05 9.9928E-05 0.0225147 9.9928E-05 0.0714989 9.9928E-05 9.9928E-05 0.0222766 9.9928E-05 0.659956 9.9928E-05 9.9928E-05 0.105034 0.0981629
0.00970658 0.0486119 0.0351451 0.0122405 0.0101069 9.99307E-05 9.99307E-05 0.132928 9.99307E-05 9.99307E-05 0.750462 9.99307E-05 9.99307E-05 9.99307E-05 9.99307E-05
0.035447 0.00113496 0.0462383 0.0334873 9.9937E-05 9.9937E-05 9.9937E-05 9.9937E-05 0.0134657 9.9937E-05 0.719497 9.9937E-05 0.106448 9.9937E-05 0.0435825
9.99279E-05 9.99279E-05 0.0141234 0.0726968 0.0566198 0.0226067 9.99279E-05 0.0430854 9.99279E-05 9.99279E-05 0.76035 9.99279E-05 9.99279E-05 9.99279E-05 0.0297188
0.0224156 0.0148947 0.0234529 9.9964E-05 9.9964E-05 9.9964E-05 0.033205 9.9964E-05 0.0132902 0.0817395 0.665618 0.0778868 0.00887809 0.0375914 0.0206283
9.9937E-05 0.00659315 9.9937E-05 0.0259866 0.0184836 9.9937E-05 9.9937E-05 9.9937E-05 0.012804 0.183548 0.647647 0.0220822 0.0821561 9.9937E-05 9.9937E-05
0.0320455 0.0348811 9.99378E-05 0.00163274 9.99378E-05 9.99378E-05 0.0295798 0.066508 9.99378E-05 9.99378E-05 0.634962 0.0319275 9.99378E-05 0.167764 9.99378E-05
9.9937E-05 9.9937E-05 0.0264736 9.9937E-05 0.0435027 9.9937E-05 0.0125318 9.9937E-05 0.0213925 0.142493 0.710234 0.0399802 0.00269277 9.9937E-05 9.9937E-05
0.0370072 0.00621142 9.9973E-05 0.0159098 9.9973E-05 0.0459848 0.0285252 0.0446588 0.0041447 0.247984 0.111049 0.0323974 9.9973E-05 0.2901 0.135728
0.998602 9.98738E-05 9.98738E-05 9.98738E-05 9.98738E-05 9.98738E-05 9.98738E-05 9.98738E-05 9.98738E-05 9.98738E-05 9.98738E-05 9.98738E-05 9.98738E-05 9.98738E-05 9.98738E-05
0.0055047 9.9946E-05 0.0104244 0.0441709 0.0439098 0.113136 9.9946E-05 9.9946E-05 0.010242 0.385716 9.9946E-05 9.9946E-05 9.9946E-05 0.30184 0.0844559
0.00940077 0.01127 0.031333 0.0378871 0.0112879 9.9946E-05 9.9946E-05 0.129714 9.9946E-05 0.398974 9.9946E-05 9.9946E-05 9.9946E-05 0.360957 0.00857711
0.0398313 0.00332268 9.9928E-05 0.0108412 9.9928E-05 9.9928E-05 9.9928E-05 0.12667 9.9928E-05 0.440799 9.9928E-05 9.9928E-05 9.9928E-05 0.335119 0.042617
0.0133014 9.9946E-05 0.0198013 9.9946E-05 9.9946E-05 0.0454006 9.9946E-05 9.9946E-05 0.0276365 0.805222 0.0469312 0.0104068 9.9946E-05 0.0242112 0.00648967
9.98738E-05 9.98738E-05 9.98738E-05 0.998602 9.98738E-05 9.98738E-05 9.98738E-05 9.98738E-05 9.98738E-05 9.98738E-05 9.98738E-05 9.98738E-05 9.98738E-05 9.98738E-05 9.98738E-05
0.998602 9.98738E-05 9.98738E-05 9.98738E-05 9.98738E-05 9.98738E-05 9.98738E-05 9.98738E-05 9.98738E-05 9.98738E-05 9.98738E-05 9.98738E-05 9.98738E-05 9.98738E-05 9.98738E-05
0.019945 0.0359931 0.0103331 0.0440207 9.9955E-05 0.0375606 9.9955E-05 0.0956208 0.0028489 0.278042 9.9955E-05 0.0400772 9.9955E-05 0.435058 9.9955E-05
0.00494532 0.0243555 0.0118023 0.04705 0.0153057 0.0408891 0.0991165 9.9964E-05 0.0176174 0.573336 9.9964E-05 0.018667 9.9964E-05 9.9964E-05 0.146516
0.0599079 0.0217821 9.9955E-05 0.0265466 0.0141304 0.0875944 0.00269475 9.9955E-05 0.00397537 0.653605 9.9955E-05 0.00833448 9.9955E-05 9.9955E-05 0.120929
0.0233386 0.0209429 9.9955E-05 0.043136 0.0376799 9.9955E-05 0.0642743 0.0468715 0.0238699 0.661475 9.9955E-05 9.9955E-05 9.9955E-05 0.0148624 0.0630496
0.0989878 0.022725 0.0194322 0.0595708 0.0397694 9.9964E-05 0.0939702 0.0494769 9.9964E-05 0.386831 9.9964E-05 0.0113828 9.9964E-05 0.115525 0.101929
0.0520756 0.0161335 0.0444394 0.00853382 0.0100148 9.9937E-05 0.0166045 9.9937E-05 9.9937E-05 0.792768 9.9937E-05 9.9937E-05 9.9937E-05 9.9937E-05 0.0587308
0.0092609 0.0318742 0.0204738 0.0633668 0.0122643 9.9937E-05 9.9937E-05 0.116674 0.0278126 0.717574 9.9937E-05 9.9937E-05 9.9937E-05 9.9937E-05 9.9937E-05
0.104894 0.0266137 0.0274167 0.023198 0.012598 9.9973E-05 0.0681158 0.0364592 0.00728379 0.42548 0.00623309 9.9973E-05 9.9973E-05 0.141791 0.119617
0.0361409 0.0166167 9.9919E-05 9.9919E-05 9.9919E-05 9.9919E-05 9.9919E-05 0.368849 0.00475693 0.152578 9.9919E-05 9.9919E-05 9.9919E-05 0.42016 9.9919E-05
0.0298194 0.0599824 0.00666927 0.0292823 0.0047279 9.9964E-05 9.9964E-05 0.147041 0.0427132 0.294953 0.228297 9.9964E-05 9.9964E-05 0.00957988 0.146535
0.0319362 0.00645704 9.9964E-05 0.00437524 0.0090361 0.0850499 9.9964E-05 0.0205463 9.9964E-05 0.535229 0.145848 0.0636392 9.9964E-05 0.00497359 0.0925089
0.0898873 0.0125522 9.9937E-05 0.00540959 9.9937E-05 9.9937E-05 9.9937E-05 9.9937E-05 9.9937E-05 0.25386 0.405215 0.0733453 9.9937E-05 0.0849993 0.0740317
9.98738E-05 9.98738E-05 9.98738E-05 0.998602 9.98738E-05 9.98738E-05 9.98738E-05 9.98738E-05 9.98738E-05 9.98738E-05 9.98738E-05 9.98738E-05 9.98738E-05 9.98738E-05 9.98738E-05
0.0438748 0.0622138 9.9973E-05 0.0186071 0.0701997 9.9973E-05 0.00870771 0.0349948 0.0427756 0.386545 0.107488 0.0553273 0.0829394 0.0860265 9.9973E-05
0.0434982 0.0451151 9.9946E-05 0.0785273 0.0251633 9.9946E-05 9.9946E-05 0.027798 9.9946E-05 0.381359 0.0409182 9.9946E-05 9.9946E-05 0.241366 0.115655
9.98738E-05 9.98738E-05 9.98738E-05 9.98738E-05 9.98738E-05 9.98738E-05 9.98738E-05 9.98738E-05 9.98738E-05 9.98738E-05 9.98738E-05 9.98738E-05 9.98738E-05 9.98738E-05 0.998602
0.0272144 0.0105517 0.00837974 0.040376 0.0240808 0.0326661 0.0118462 0.0547738 0.00745514 0.465232 9.9973E-05 9.9973E-05 9.9973E-05 0.211684 0.10544
0.0148447 0.0077594 0.0138892 0.0494775 0.0235411 9.9946E-05 9.9946E-05 9.9946E-05 9.9946E-05 0.665344 9.9946E-05 0.0632569 9.9946E-05 0.0594562 0.101832
0.0247661 0.0564451 0.00581902 9.9982E-05 0.0360177 0.172889 0.030309 9.9982E-05 0.00230594 0.21022 0.141934 0.0247259 0.0822299 0.200145 0.0119922
0.0242014 0.00635887 9.9937E-05 0.0482302 9.9937E-05 0.551859 9.9937E-05 9.9937E-05 9.9937E-05 9.9937E-05 0.106333 9.9937E-05 0.106711 0.116179 0.0394283
0.0495091 9.9955E-05 0.0577199 9.9955E-05 9.9955E-05 0.0317139 0.0256944 0.0651034 9.9955E-05 0.338602 0.0997668 9.9955E-05 0.123773 0.167262 0.0403567
9.98739E-05 9.98739E-05 9.98739E-05 9.98739E-05 9.98739E-05 9.98739E-05 9.98739E-05 9.98739E-05 9.98739E-05 9.98739E-05 9.98739E-05 9.98739E-05 9.98739E-05 9.98739E-05 0.998602
9.98739E-05 9.98739E-05 9.98739E-05 9.98739E-05 9.98739E-05 9.98739E-05 9.98739E-05 9.98739E-05 9.98739E-05 9.98739E-05 9.98739E-05 9.98739E-05 9.98739E-05 9.98739E-05 0.998602
0.0389564 9.9955E-05 9.9955E-05 9.9955E-05 0.0278023 9.9955E-05 9.9955E-05 0.0867212 0.0220554 0.623574 0.0464812 0.00499137 0.0373517 0.042329 0.0692379
9.98829E-05 9.98829E-05 9.98829E-05 9.98829E-05 0.152348 9.98829E-05 9.98829E-05 9.98829E-05 9.98829E-05 9.98829E-05 9.98829E-05 9.98829E-05 9.98829E-05 0.846354 9.98829E-05
0.0225345 0.0252242 9.9964E-05 0.0965278 0.0222556 9.9964E-05 0.0147569 9.9964E-05 0.000618992 0.579234 0.0254893 0.0175118 0.0694022 0.126045 9.9964E-05
9.9937E-05 0.034026 0.0199885 0.0556504 9.9937E-05 0.0157695 9.9937E-05 9.9937E-05 9.9937E-05 0.800731 0.0281724 9.9937E-05 0.0177345 0.0272284 9.9937E-05
9.9928E-05 0.00314633 0.0328128 9.9928E-05 9.9928E-05 9.9928E-05 9.9928E-05 9.9928E-05 0.0412411 0.143603 9.9928E-05 9.9928E-05 0.0884232 0.667523 0.022452
9.99316E-05 0.0492404 0.0264704 0.0389274 9.99316E-05 9.99316E-05 0.0668473 0.0324051 9.99316E-05 9.99316E-05 9.99316E-05 9.99316E-05 9.99316E-05 0.757911 0.0273991
9.9928E-05 0.0252754 0.0338198 0.0184414 9.9928E-05 9.9928E-05 0.0129698 9.9928E-05 9.9928E-05 0.30148 9.9928E-05 9.9928E-05 0.0297364 0.577478 9.9928E-05
0.0608328 9.9964E-05 0.0395278 0.0767147 9.9964E-05 0.000238101 0.0381626 0.121905 0.0168901 0.0470265 9.9964E-05 0.0134808 9.9964E-05 0.485224 0.0995969
0.0331994 0.0672515 9.9964E-05 0.0462697 0.0102689 0.132697 9.9964E-05 0.171029 9.9964E-05 0.115392 0.0099713 0.0340279 9.9964E-05 0.319493 0.0600005
0.0365815 0.0548715 0.0236536 0.0219436 0.0166501 9.9955E-05 9.9955E-05 9.9955E-05 9.9955E-05 0.551946 0.0512992 0.0257028 9.9955E-05 0.152598 0.0642541
0.0290084 0.0299892 0.0207995 0.0135502 0.0104899 9.9955E-05 0.0551848 0.191722 9.9955E-05 0.401678 9.9955E-05 9.9955E-05 9.9955E-05 0.0477797 0.199298
0.0673351 0.0756227 9.9964E-05 0.01961 0.0206308 0.00315179 9.9964E-05 0.0253079 9.9964E-05 0.466033 0.0165944 0.0477529 9.9964E-05 0.228839 0.0287229
9.9955E-05 0.000494303 9.9955E-05 9.9955E-05 0.011319 9.9955E-05 0.0298436 0.0539272 0.0209645 0.431206 9.9955E-05 0.0261901 0.020903 0.375973 0.0286794
0.0863863 0.0201194 0.00909838 0.0668123 0.0954158 0.0864239 9.9973E-05 0.00571079 0.0165103 0.381119 9.9973E-05 9.9973E-05 0.050776 0.122861 0.0584674
9.991E-05 9.991E-05 9.991E-05 0.00369772 0.00658528 9.991E-05 9.991E-05 9.991E-05 0.014185 0.929675 9.991E-05 9.991E-05 0.0448579 9.991E-05 9.991E-05
9.98738E-05 9.98738E-05 9.98738E-05 9.98738E-05 0.998602 9.98738E-05 9.98738E-05 9.98738E-05 9.98738E-05 9.98738E-05 9.98738E-05 9.98738E-05 9.98738E-05 9.98738E-05 9.98738E-05
0.0731192 0.048801 9.9964E-05 0.0235795 0.0429808 0.103044 9.9964E-05 0.147818 0.0024562 0.21648 9.9964E-05 0.058675 9.9964E-05 0.214284 0.0683628
9.9919E-05 9.9919E-05 0.0207268 0.0454872 9.9919E-05 9.9919E-05 9.9919E-05 9.9919E-05 0.00395417 0.571206 9.9919E-05 9.9919E-05 9.9919E-05 0.33909 0.0186364
9.9937E-05 9.9937E-05 0.00807495 0.0480301 0.016379 9.9937E-05 9.9937E-05 9.9937E-05 9.9937E-05 0.531267 9.9937E-05 0.045344 0.0354922 0.296996 0.0177169
0.0135327 0.00927149 9.9937E-05 9.9937E-05 0.00469549 9.9937E-05 9.9937E-05 9.9937E-05 9.9937E-05 0.789271 0.0699407 0.0194907 0.0716556 9.9937E-05 0.0214425
9.9928E-05 0.0457073 0.0240206 0.00670309 9.9928E-05 9.9928E-05 9.9928E-05 0.247565 9.9928E-05 0.45343 9.9928E-05 9.9928E-05 9.9928E-05 0.196596 0.0251782
9.99369E-05 0.011169 9.99369E-05 0.0096813 9.99369E-05 9.99369E-05 9.99369E-05 0.132151 0.0243276 0.420006 9.99369E-05 0.0510223 9.99369E-05 0.239122 0.111821
9.98739E-05 0.998602 9.98739E-05 9.98739E-05 9.98739E-05 9.98739E-05 9.98739E-05 9.98739E-05 9.98739E-05 9.98739E-05 9.98739E-05 9.98739E-05 9.98739E-05 9.98739E-05 9.98739E-05
9.98738E-05 9.98738E-05 9.98738E-05 9.98738E-05 0.998602 9.98738E-05 9.98738E-05 9.98738E-05 9.98738E-05 9.98738E-05 9.98738E-05 9.98738E-05 9.98738E-05 9.98738E-05 9.98738E-05
9.98739E-05 0.998602 9.98739E-05 9.98739E-05 9.98739E-05 9.98739E-05 9.98739E-05 9.98739E-05 9.98739E-05 9.98739E-05 9.98739E-05 9.98739E-05 9.98739E-05 9.98739E-05 9.98739E-05
0.0549219 0.0144967 9.9928E-05 0.0144977 9.9928E-05 9.9928E-05 9.9928E-05 9.9928E-05 9.9928E-05 0.169551 9.9928E-05 0.0361072 9.9928E-05 0.645933 0.0636932
0.0344591 0.0508152 0.0226467 0.027463 0.020568 9.9955E-05 0.0106435 9.9955E-05 0.0157288 0.247197 9.9955E-05 9.9955E-05 0.060773 0.509206 9.9955E-05
0.0457324 0.0335968 9.9973E-05 0.00463493 0.0178664 0.0188962 0.0204358 0.108653 0.00404992 0.225601 9.9973E-05 0.0353415 9.9973E-05 0.44231 0.0425817
0.0227726 0.073691 9.9955E-05 0.0206313 0.00759939 9.9955E-05 9.9955E-05 9.9955E-05 0.0362698 0.591757 0.0313825 0.0795736 9.9955E-05 0.121073 0.0147491
0.0297813 0.0156652 0.00915466 0.0203728 0.0352009 0.0206778 9.9964E-05 9.9964E-05 0.0338765 0.738085 0.0311838 0.0374034 9.9964E-05 9.9964E-05 0.0281984
9.98828E-05 9.98828E-05 9.98828E-05 9.98828E-05 0.0782593 9.98828E-05 9.98828E-05 9.98828E-05 9.98828E-05 9.98828E-05 9.98828E-05 9.98828E-05 9.98828E-05 0.920442 9.98828E-05
0.00089775 0.0438252 0.0271569 9.9955E-05 0.0398242 0.0774028 0.00271156 9.9955E-05 9.9955E-05 0.314681 0.0455731 0.00967111 9.9955E-05 0.437757 9.9955E-05
0.0583937 9.991E-05 9.991E-05 0.0124171 9.991E-05 9.991E-05 9.991E-05 0.813233 9.991E-05 9.991E-05 9.991E-05 9.991E-05 9.991E-05 0.0955442 0.0194131
9.9901E-05 0.00307825 9.9901E-05 0.0270495 9.9901E-05 9.9901E-05 9.9901E-05 0.887015 9.9901E-05 9.9901E-05 9.9901E-05 9.9901E-05 9.9901E-05 9.9901E-05 0.0817581
9.9937E-05 0.0149686 0.0279103 0.0136737 0.0336045 9.9937E-05 0.00482404 0.859319 0.00414572 9.9937E-05 9.9937E-05 9.9937E-05 9.9937E-05 9.9937E-05 0.0408545
9.98831E-05 9.98831E-05 9.98831E-05 9.98831E-05 9.98831E-05 9.98831E-05 9.98831E-05 0.897634 9.98831E-05 9.98831E-05 9.98831E-05 9.98831E-05 9.98831E-05 0.101067 9.98831E-05
9.9937E-05 0.0165391 9.9937E-05 9.9937E-05 0.0321893 9.9937E-05 0.010473 0.588653 0.00691452 0.22939 9.9937E-05 9.9937E-05 0.102615 0.0125258 9.9937E-05
0.0119043 9.9919E-05 9.9919E-05 0.016467 9.9919E-05 9.9919E-05 0.0758507 0.837363 9.9919E-05 0.00170454 9.9919E-05 9.9919E-05 0.0558115 9.9919E-05 9.9919E-05
9.9901E-05 9.9901E-05 0.00408054 9.9901E-05 9.9901E-05 0.0170275 9.9901E-05 0.957402 9.9901E-05 9.9901E-05 9.9901E-05 0.0203907 9.9901E-05 9.9901E-05 9.9901E-05
9.9919E-05 9.9919E-05 0.0336083 9.9919E-05 0.022215 9.9919E-05 0.0018267 0.859858 9.9919E-05 9.9919E-05 9.9919E-05 0.017906 9.9919E-05 9.9919E-05 0.0636868
9.9928E-05 0.0123786 0.00489478 9.9928E-05 0.00488725 0.0261151 9.9928E-05 0.806075 9.9928E-05 0.0504576 0.0943918 9.9928E-05 9.9928E-05 9.9928E-05 9.9928E-05
9.9937E-05 0.0083032 9.9937E-05 0.00577357 0.0344823 9.9937E-05 9.9937E-05 0.739564 0.0437411 9.9937E-05 0.0484497 9.9937E-05 9.9937E-05 0.00591259 0.113074
0.00297313 0.0158032 0.0048548 9.9937E-05 9.9937E-05 9.9937E-05 0.0943062 0.793839 0.00127684 0.0804016 9.9937E-05 9.9937E-05 9.9937E-05 9.9937E-05 0.00584604
0.0133629 0.026934 0.00664421 0.00773157 0.0102903 9.9937E-05 0.00963403 0.124903 9.9937E-05 9.9937E-05 9.9937E-05 9.9937E-05 0.7998 9.9937E-05 9.9937E-05
9.9946E-05 9.9946E-05 0.0107528 0.0199905 0.0359877 0.189547 9.9946E-05 0.163069 0.0122169 9.9946E-05 0.0103337 9.9946E-05 0.536139 9.9946E-05 0.0213632
0.0166429 0.00945111 0.0266183 0.00871786 0.0224176 0.135418 0.0743985 9.9982E-05 0.0161276 0.00294964 0.00275395 0.00468408 0.607148 9.9982E-05 0.0724726
9.9928E-05 0.00440752 9.9928E-05 9.9928E-05 9.9928E-05 0.0943704 9.9928E-05 9.9928E-05 0.00335495 9.9928E-05 0.0972212 0.0661436 0.650298 9.9928E-05 0.0834048
9.9928E-05 9.9928E-05 0.0311236 0.0509694 9.9928E-05 0.0595607 9.9928E-05 9.9928E-05 0.0366397 9.9928E-05 0.066685 9.9928E-05 0.641666 0.112556 9.9928E-05
0.00552333 9.9928E-05 9.9928E-05 9.9928E-05 9.9928E-05 0.176618 9.9928E-05 0.0832674 0.015349 9.9928E-05 9.9928E-05 0.0154675 0.573291 0.129684 9.9928E-05
9.9928E-05 0.00146912 9.9928E-05 0.000383051 0.066478 9.9928E-05 0.0558168 9.9928E-05 9.9928E-05 0.0253455 0.0567159 9.9928E-05 0.792992 9.9928E-05 9.9928E-05
9.9937E-05 9.9937E-05 0.0126248 9.9937E-05 0.00876601 0.254281 9.9937E-05 0.0137668 0.0199353 0.00314543 9.9937E-05 9.9937E-05 0.582886 9.9937E-05 0.103895
0.014853 0.0658355 0.0292434 9.99639E-05 0.02216 9.99639E-05 0.000148889 9.99639E-05 0.0175882 9.99639E-05 0.0457934 0.016071 0.548091 0.201763 0.0380534
9.9928E-05 9.9928E-05 0.000151967 9.9928E-05 0.0134503 9.9928E-05 9.9928E-05 0.122551 0.000343209 9.9928E-05 0.153268 9.9928E-05 0.691622 9.9928E-05 0.0178139
0.029273 0.0108433 0.0225448 0.0336423 9.9955E-05 0.0528939 9.9955E-05 0.0222489 0.0022662 9.9955E-05 0.0751813 9.9955E-05 0.721077 9.9955E-05 0.02953
0.0235343 9.9928E-05 9.9928E-05 9.9928E-05 9.9928E-05 0.716707 0.0259462 9.9928E-05 0.00898641 9.9928E-05 0.078657 0.045988 0.0993817 9.9928E-05 9.9928E-05
9.9955E-05 0.0162527 9.9955E-05 0.000178813 9.9955E-05 0.300998 9.9955E-05 0.0897601 0.0167701 9.9955E-05 0.0776067 0.00533888 0.35642 0.112488 0.0236861
0.00702046 9.99459E-05 0.029091 0.00466325 9.99459E-05 0.388078 9.99459E-05 0.036111 9.99459E-05 0.0328041 0.00532451 9.99459E-05 0.230631 0.265677 9.99459E-05
0.0298572 0.0173026 0.0209988 0.000661515 9.9946E-05 0.748915 0.0744509 9.9946E-05 9.9946E-05 0.0100986 9.9946E-05 9.9946E-05 0.0291219 0.067994 9.9946E-05
0.0290868 9.9937E-05 0.0285909 0.0153382 9.9937E-05 0.639438 9.9937E-05 9.9937E-05 0.00362806 9.9937E-05 9.9937E-05 0.0268973 0.154022 0.1023 9.9937E-05
0.0260076 0.0165452 9.9901E-05 0.00908436 9.9901E-05 0.947264 9.9901E-05 9.9901E-05 9.9901E-05 9.9901E-05 9.9901E-05 9.9901E-05 9.9901E-05 9.9901E-05 9.9901E-05
9.9928E-05 0.0101318 0.0274945 9.9928E-05 0.00125876 0.864549 9.9928E-05 0.0454022 9.9928E-05 0.0286867 9.9928E-05 9.9928E-05 9.9928E-05 9.9928E-05 0.0216774
9.98741E-05 9.98741E-05 9.98741E-05 9.98741E-05 9.98741E-05 0.998602 9.98741E-05 9.98741E-05 9.98741E-05 9.98741E-05 9.98741E-05 9.98741E-05 9.98741E-05 9.98741E-05 9.98741E-05
9.99279E-05 9.99279E-05 0.00415463 0.0361917 9.99279E-05 0.804452 9.99279E-05 9.99279E-05 0.030102 9.99279E-05 0.0200972 9.99279E-05 0.00849482 0.0957078 9.99279E-05
9.99099E-05 9.99099E-05 0.00172196 0.016461 9.99099E-05 0.701214 0.0131704 9.99099E-05 9.99099E-05 9.99099E-05 9.99099E-05 9.99099E-05 9.99099E-05 0.266434 9.99099E-05
9.9901E-05 9.9901E-05 9.9901E-05 9.9901E-05 0.00556774 0.925378 9.9901E-05 0.0078252 9.9901E-05 9.9901E-05 9.9901E-05 9.9901E-05 9.9901E-05 9.9901E-05 0.0601303
0.00671462 0.0231006 9.9955E-05 0.00268013 0.0242541 0.060805 0.0109462 0.0177445 9.9955E-05 9.9955E-05 9.9955E-05 0.00796768 0.723858 0.121429 9.9955E-05
9.9919E-05 0.0103401 9.9919E-05 9.9919E-05 9.9919E-05 0.0177017 9.9919E-05 9.9919E-05 9.9919E-05 9.9919E-05 9.9919E-05 0.0141275 0.761662 0.168203 0.0270663
0.017407 9.9928E-05 9.9928E-05 9.9928E-05 0.0322878 0.0689333 0.0682248 9.9928E-05 9.9928E-05 9.9928E-05 9.9928E-05 9.9928E-05 0.572584 0.234177 0.00558603
9.9928E-05 0.00246216 0.0207614 9.9928E-05 9.9928E-05 9.9928E-05 0.0704203 9.9928E-05 9.9928E-05 0.0331376 9.9928E-05 0.00384706 0.682984 0.185588 9.9928E-05
9.99279E-05 0.0405398 0.00173209 0.00516996 9.99279E-05 9.99279E-05 9.99279E-05 9.99279E-05 0.0282951 9.99279E-05 9.99279E-05 0.00997877 0.757724 0.155761 9.99279E-05
0.0519913 9.9937E-05 0.0224429 0.0183258 9.9937E-05 0.0683861 9.9937E-05 9.9937E-05 9.9937E-05 9.9937E-05 0.0445747 0.0233675 0.605505 0.164707 9.9937E-05
0.0231919 9.9946E-05 0.0159966 9.9946E-05 9.9946E-05 0.271059 9.9946E-05 9.9946E-05 0.0288551 9.9946E-05 0.0492013 0.0188349 0.400125 0.0913401 0.100797
0.037609 0.017019 9.99191E-05 0.00558011 0.0366465 9.99191E-05 0.0238922 9.99191E-05 9.99191E-05 9.99191E-05 9.99191E-05 9.99191E-05 0.878354 9.99191E-05 9.99191E-05
0.050172 0.0307316 9.9928E-05 9.9928E-05 0.020368 0.012393 9.9928E-05 9.9928E-05 9.9928E-05 0.00945027 0.0651751 9.9928E-05 0.810911 9.9928E-05 9.9928E-05
9.9955E-05 9.9955E-05 0.0345852 0.00316369 0.00612937 0.0468492 0.0683784 9.9955E-05 9.9955E-05 0.095907 0.0922299 0.0057586 0.610594 0.0359048 9.9955E-05
9.993E-05 9.993E-05 0.00467986 9.993E-05 9.993E-05 0.214351 0.107871 9.993E-05 0.00525561 9.993E-05 0.0449226 9.993E-05 0.492598 0.0827187 0.0469033
0.0247462 0.0102955 0.0139984 9.9946E-05 0.0162293 0.383296 0.0236032 9.9946E-05 0.00133731 9.9946E-05 9.9946E-05 9.9946E-05 0.452439 9.9946E-05 0.0734561
9.9928E-05 0.0183105 0.0377974 9.9928E-05 0.0080255 9.9928E-05 9.9928E-05 9.9928E-05 0.0190015 9.9928E-05 9.9928E-05 9.9928E-05 0.855383 0.04977 0.0109126
0.0131038 9.9919E-05 0.00206699 9.9919E-05 9.9919E-05 9.9919E-05 9.9919E-05 9.9919E-05 0.0362192 9.9919E-05 0.596446 9.9919E-05 0.111903 0.239362 9.9919E-05
9.991E-05 9.991E-05 9.991E-05 9.991E-05 0.00578774 9.991E-05 0.0488023 9.991E-05 9.991E-05 9.991E-05 0.453475 9.991E-05 0.0502362 0.4407 9.991E-05
0.00846651 9.9937E-05 0.00721142 9.9937E-05 9.9937E-05 9.9937E-05 0.00556383 9.9937E-05 0.0132158 9.9937E-05 0.448292 0.0148961 0.0734784 0.428177 9.9937E-05
9.9919E-05 0.00871894 9.9919E-05 9.9919E-05 0.00946535 9.9919E-05 9.9919E-05 9.9919E-05 9.9919E-05 9.9919E-05 0.482362 0.056082 0.0723639 0.370108 9.9919E-05
9.9928E-05 0.0220166 9.9928E-05 9.9928E-05 9.9928E-05 0.0738804 0.0692454 9.9928E-05 9.9928E-05 9.9928E-05 0.455687 0.0524439 9.9928E-05 0.301611 0.0243162
9.9955E-05 0.0200892 0.00356445 0.0302876 0.0255466 0.153213 0.0754469 0.0765232 0.00749365 9.9955E-05 0.582562 9.9955E-05 9.9955E-05 9.9955E-05 0.0247739
9.9919E-05 9.9919E-05 9.9919E-05 9.9919E-05 9.9919E-05 9.9919E-05 0.0343516 0.0362489 0.00509597 9.9919E-05 0.718336 9.9919E-05 0.0167102 0.188358 9.9919E-05
9.9919E-05 0.014211 9.9919E-05 9.9919E-05 9.9919E-05 9.9919E-05 0.16659 0.0515346 9.9919E-05 9.9919E-05 0.504233 0.0584228 9.9919E-05 0.20411 9.9919E-05
