9.9928E-05 0.0136973 9.9928E-05 0.0550726 9.9928E-05 9.9928E-05 9.9928E-05 0.922113 9.9928E-05 0.00831727 9.9928E-05 9.9928E-05
9.9964E-05 0.0246383 0.0936308 9.9964E-05 9.9964E-05 0.0400762 0.00255101 0.690826 0.095316 9.9964E-05 0.019948 0.0326136
0.0179487 0.038629 0.0302841 9.9955E-05 9.9955E-05 0.00383202 0.0473331 0.762038 0.099435 9.9955E-05 9.9955E-05 9.9955E-05
0.0936849 0.0164405 0.0543776 9.9964E-05 0.00408697 9.9964E-05 9.9964E-05 0.750974 9.9964E-05 0.0515454 0.007035 0.0214561
0.107183 9.9955E-05 9.9955E-05 0.00779167 0.0157292 9.9955E-05 9.9955E-05 0.779972 0.0532262 0.0218574 9.9955E-05 0.0137402
9.9928E-05 9.9928E-05 9.9928E-05 0.00322345 9.9928E-05 9.9928E-05 9.9928E-05 0.845128 0.121064 9.9928E-05 0.029785 9.9928E-05
0.0376544 9.9928E-05 9.9928E-05 9.9928E-05 9.9928E-05 9.9928E-05 9.9928E-05 0.900251 9.9928E-05 0.055051 9.9928E-05 0.00624378
0.0400467 0.0117843 0.0762057 9.9964E-05 9.9964E-05 0.000369477 9.9964E-05 0.791287 9.9964E-05 0.0173294 0.00720233 0.0553756
0.0063466 0.00265969 0.0230846 9.9946E-05 9.9946E-05 9.9946E-05 9.9946E-05 0.741244 9.9946E-05 9.9946E-05 0.0123943 0.213671
9.9946E-05 9.9946E-05 0.0571656 9.9946E-05 0.0175612 9.9946E-05 0.015202 0.782139 9.9946E-05 0.109007 9.9946E-05 0.018325
9.9946E-05 9.9946E-05 0.131988 9.9946E-05 0.0186525 9.9946E-05 0.0245291 0.715683 0.0835511 9.9946E-05 0.0249967 9.9946E-05
9.9955E-05 0.00168604 0.0808929 9.9955E-05 0.00463711 0.0362952 0.101813 0.737134 9.9955E-05 9.9955E-05 9.9955E-05 0.037042
0.0817276 0.00220502 0.087252 9.9946E-05 9.9946E-05 9.9946E-05 9.9946E-05 0.741911 9.9946E-05 0.0347279 0.0515771 9.9946E-05
9.9955E-05 9.9955E-05 0.0290063 0.0453026 9.9955E-05 9.9955E-05 0.0716803 0.676686 0.142843 9.9955E-05 0.0289582 0.00502335
0.0316029 9.9937E-05 9.9937E-05 9.9937E-05 9.9937E-05 0.0832661 0.00379097 0.777053 0.103588 9.9937E-05 9.9937E-05 9.9937E-05
0.0156726 9.9946E-05 0.0246292 9.9946E-05 0.0147023 9.9946E-05 9.9946E-05 0.843271 9.9946E-05 9.9946E-05 0.00340004 0.0977248
9.99191E-05 9.99191E-05 9.99191E-05 0.062058 9.99191E-05 9.99191E-05 9.99191E-05 0.927851 9.99191E-05 9.99191E-05 0.00919217 9.99191E-05
9.991E-05 9.991E-05 9.991E-05 0.0950001 9.991E-05 9.991E-05 9.991E-05 0.904001 9.991E-05 9.991E-05 9.991E-05 9.991E-05
9.99101E-05 9.99101E-05 9.99101E-05 0.0897645 9.99101E-05 9.99101E-05 9.99101E-05 0.909236 9.99101E-05 9.99101E-05 9.99101E-05 9.99101E-05
9.9919E-05 9.9919E-05 9.9919E-05 0.112263 9.9919E-05 9.9919E-05 0.00190011 0.884938 9.9919E-05 9.9919E-05 9.9919E-05 9.9919E-05
9.99009E-05 9.99009E-05 9.99009E-05 9.99009E-05 9.99009E-05 9.99009E-05 0.998901 9.99009E-05 9.99009E-05 9.99009E-05 9.99009E-05 9.99009E-05
9.99489E-05 0.0165006 0.187289 9.99489E-05 9.99489E-05 0.0449511 0.644925 9.99489E-05 9.99489E-05 0.100699 0.00503636 9.99489E-05
9.9973E-05 0.00353859 0.0922534 0.0808222 0.0208261 0.0632076 0.592173 0.0121512 0.0398747 0.0948537 9.9973E-05 9.9973E-05
0.0312783 9.9955E-05 0.0563963 0.148355 0.00670625 9.9955E-05 0.738658 9.9955E-05 9.9955E-05 0.015318 0.00278876 9.9955E-05
0.018015 9.9946E-05 0.0282332 9.9946E-05 9.9946E-05 0.0350788 0.870152 0.00457592 9.9946E-05 0.0433454 9.9946E-05 9.9946E-05
0.0533222 0.0295471 0.0777692 9.99667E-05 0.00239533 0.0041513 0.815429 0.0080756 9.99667E-05 9.99667E-05 9.99667E-05 0.00891081
0.185479 9.9946E-05 0.106544 0.0279202 9.9946E-05 9.9946E-05 0.604027 9.9946E-05 0.0111616 9.9946E-05 9.9946E-05 0.0642685
9.99008E-05 9.99008E-05 9.99008E-05 9.99008E-05 9.99008E-05 9.99008E-05 0.998901 9.99008E-05 9.99008E-05 9.99008E-05 9.99008E-05 9.99008E-05
0.134652 9.9937E-05 9.9937E-05 9.9937E-05 0.0153977 0.0317334 0.623577 9.9937E-05 0.193941 9.9937E-05 9.9937E-05 9.9937E-05
0.081034 9.9964E-05 0.0884626 0.0354406 9.9964E-05 0.138016 0.49394 9.9964E-05 0.108025 0.0320645 0.0226174 9.9964E-05
0.195171 0.0122473 0.0204576 9.9955E-05 9.9955E-05 9.9955E-05 0.618574 9.9955E-05 0.0459426 0.0326385 9.9955E-05 0.0744688
0.109649 9.9946E-05 9.9946E-05 0.126498 9.9946E-05 9.9946E-05 0.628396 9.9946E-05 9.9946E-05 0.0675404 0.0112877 0.0560295
0.147481 9.9946E-05 9.9946E-05 0.102351 9.9946E-05 9.9946E-05 0.612866 9.9946E-05 0.0274499 0.094442 0.0148102 9.9946E-05
0.0760057 0.060193 0.0144221 9.9964E-05 0.0278503 0.0089421 0.599263 9.9964E-05 9.9964E-05 0.175624 0.0372998 9.9964E-05
0.138664 0.00650126 0.0327409 0.00846566 0.0525956 0.101084 0.545407 0.0424841 9.9991E-05 0.0092367 0.017783 0.044938
0.0570127 0.0772245 0.0829348 9.9973E-05 9.9973E-05 0.086661 0.380467 0.0456961 0.11551 0.133532 0.0206614 9.9973E-05
9.9946E-05 0.0238827 9.9946E-05 0.134189 0.0104315 0.151459 0.550506 9.9946E-05 9.9946E-05 9.9946E-05 9.9946E-05 0.128932
0.0283302 9.9946E-05 0.0139828 0.738135 9.9946E-05 0.0230018 0.0105402 9.9946E-05 9.9946E-05 0.18541 9.9946E-05 9.9946E-05
0.0087197 9.9955E-05 0.0391857 0.661524 0.0528774 0.0984217 9.9955E-05 9.9955E-05 9.9955E-05 9.9955E-05 0.0050494 0.133722
0.0691617 0.0282909 9.9955E-05 0.702329 9.9955E-05 0.0517579 9.9955E-05 0.00986175 0.103041 9.9955E-05 0.0350578 9.9955E-05
9.9937E-05 0.0145372 9.9937E-05 0.778377 9.9937E-05 0.0454245 9.9937E-05 9.9937E-05 9.9937E-05 0.115489 9.9937E-05 0.0454726
9.9973E-05 0.0225067 0.0775173 0.720788 0.0288213 0.00700644 0.0133333 0.00666279 0.103313 9.9973E-05 0.0197515 9.9973E-05
0.097975 0.00205944 0.0362953 0.748738 0.015216 9.9946E-05 9.9946E-05 9.9946E-05 0.0991161 9.9946E-05 9.9946E-05 9.9946E-05
9.9964E-05 0.0237069 0.194531 0.464961 0.020661 9.9964E-05 9.9964E-05 0.0387382 0.137683 0.0946154 0.0247026 9.9964E-05
9.9937E-05 0.0122995 9.9937E-05 0.807855 0.0260761 9.9937E-05 9.9937E-05 9.9937E-05 0.134363 9.9937E-05 0.0187064 9.9937E-05
0.0359106 9.9955E-05 0.0586888 0.697186 0.0149994 9.9955E-05 9.9955E-05 0.00492563 0.118868 9.9955E-05 9.9955E-05 0.0689216
9.9937E-05 9.9937E-05 9.9937E-05 0.881123 0.0236842 0.0401358 9.9937E-05 9.9937E-05 0.00653246 0.0478248 9.9937E-05 9.9937E-05
0.028111 0.00905482 0.152262 0.673563 0.000639404 9.9955E-05 9.9955E-05 9.9955E-05 9.9955E-05 0.130038 9.9955E-05 0.00583097
9.9928E-05 0.011195 9.9928E-05 0.949279 9.9928E-05 9.9928E-05 0.0229157 0.0158111 9.9928E-05 9.9928E-05 9.9928E-05 9.9928E-05
9.9955E-05 0.0160947 0.214791 0.636166 9.9955E-05 0.0298474 0.00275575 9.9955E-05 9.9955E-05 0.0541231 9.9955E-05 0.0457226
0.0418999 0.0060934 0.000142142 0.815339 0.00769474 9.9946E-05 9.9946E-05 9.9946E-05 9.9946E-05 0.128231 9.9946E-05 9.9946E-05
9.9928E-05 0.0204423 9.9928E-05 0.789712 9.9928E-05 9.9928E-05 0.0234751 9.9928E-05 9.9928E-05 9.9928E-05 9.9928E-05 0.165571
0.0196412 9.9955E-05 0.0317261 0.78772 0.0438462 9.9955E-05 9.9955E-05 9.9955E-05 9.9955E-05 0.0245488 0.0105377 0.08148
9.9946E-05 0.0199494 0.0450312 0.760391 9.9946E-05 0.0566729 9.9946E-05 0.0641352 9.9946E-05 9.9946E-05 9.9946E-05 0.0532202
9.99475E-05 9.99475E-05 9.99475E-05 0.697826 0.0473982 9.99475E-05 9.99475E-05 0.029474 9.99475E-05 0.041909 0.039017 0.143776
0.0615003 0.046437 0.112347 0.610785 9.9964E-05 0.00149595 9.9964E-05 0.000780173 0.155388 9.9964E-05 0.0108666 9.9964E-05
0.0580498 9.9946E-05 9.9946E-05 0.718125 0.0420703 9.9946E-05 0.0139817 0.0382569 0.128917 9.9946E-05 9.9946E-05 9.9946E-05
0.00932787 0.0330598 0.0204192 0.142841 0.0315657 0.535254 0.0196209 0.00894189 0.193746 9.9982E-05 0.00502354 9.9982E-05
9.99008E-05 0.998901 9.99008E-05 9.99008E-05 9.99008E-05 9.99008E-05 9.99008E-05 9.99008E-05 9.99008E-05 9.99008E-05 9.99008E-05 9.99008E-05
0.0811106 0.00897265 0.105415 0.0488319 0.129899 0.568463 0.00595679 0.0242926 0.00814675 0.0187111 9.9982E-05 9.9982E-05
0.120079 0.0247034 0.148129 0.0137055 0.127568 0.502568 9.9973E-05 0.0173456 9.9973E-05 0.0181219 0.02748 9.9973E-05
0.0679645 0.0387685 9.9955E-05 9.9955E-05 0.071494 0.740481 9.9955E-05 9.9955E-05 0.0247643 0.0314227 0.0246054 9.9955E-05
0.0108076 0.0014071 9.9955E-05 0.0997325 0.0754558 0.698426 9.9955E-05 9.9955E-05 9.9955E-05 9.9955E-05 0.0162794 0.0973919
9.9928E-05 0.0163591 9.9928E-05 9.9928E-05 9.9928E-05 9.9928E-05 0.0117958 9.9928E-05 9.9928E-05 9.9928E-05 0.940999 0.0300468
9.99008E-05 0.998901 9.99008E-05 9.99008E-05 9.99008E-05 9.99008E-05 9.99008E-05 9.99008E-05 9.99008E-05 9.99008E-05 9.99008E-05 9.99008E-05
0.0369573 0.0436489 0.0946848 9.996E-05 0.0660127 0.524238 9.996E-05 0.0894902 0.0846132 9.996E-05 0.0599551 9.996E-05
9.9964E-05 0.00200654 9.9964E-05 0.0477167 0.0425395 0.60139 0.125519 0.0235722 0.0588154 9.9964E-05 0.0980413 9.9964E-05
0.0358809 0.0463759 9.9982E-05 0.0146817 0.0860599 0.581644 0.0411867 0.00355499 0.00461363 0.0840737 0.101728 9.9982E-05
9.9946E-05 0.0397378 9.9946E-05 9.9946E-05 0.120536 0.649013 0.0599533 9.9946E-05 9.9946E-05 9.9946E-05 0.0699545 0.0602056
0.00916592 0.113861 9.9973E-05 9.9973E-05 0.109467 0.534812 0.0356706 0.0494824 0.0218544 9.9973E-05 0.0567566 0.0686298
9.9955E-05 0.0348584 9.9955E-05 0.0770535 0.0500135 0.745061 9.9955E-05 0.0154912 0.0228018 9.9955E-05 0.0542211 9.9955E-05
0.0399382 0.0445343 9.9955E-05 0.0747564 0.0801332 0.551199 9.9955E-05 9.9955E-05 9.9955E-05 9.9955E-05 0.137528 0.0714112
0.0542351 0.0948151 9.9955E-05 9.9955E-05 0.0855627 0.622498 0.0461249 9.9955E-05 9.9955E-05 9.9955E-05 0.0247206 0.0715441
0.232154 0.0509977 0.0901014 9.9955E-05 0.0819433 0.411569 0.00533952 9.9955E-05 0.127395 9.9955E-05 9.9955E-05 9.9955E-05
0.227291 0.0587509 0.0330307 0.247801 0.000621829 0.28125 0.0179412 9.9973E-05 0.0462203 9.9973E-05 0.0867929 9.9973E-05
0.0528287 0.024357 9.9964E-05 0.296204 0.0329408 0.468747 9.9964E-05 0.0473871 9.9964E-05 0.0395518 0.0375832 9.9964E-05
9.9946E-05 0.0757279 0.0122832 0.476554 0.0407977 0.353389 9.9946E-05 0.0406484 9.9946E-05 9.9946E-05 9.9946E-05 9.9946E-05
9.9919E-05 0.0287955 9.9919E-05 9.9919E-05 9.9919E-05 9.9919E-05 9.9919E-05 9.9919E-05 9.9919E-05 9.9919E-05 0.933681 0.0366244
0.0091738 0.0637387 9.9973E-05 0.163284 0.099263 0.341647 0.0351217 0.0475653 9.9973E-05 9.9973E-05 0.104233 0.135674
9.9946E-05 0.041076 9.9946E-05 0.165385 0.068284 0.551139 9.9946E-05 9.9946E-05 9.9946E-05 9.9946E-05 0.15606 0.0174568
9.9964E-05 9.9964E-05 9.9964E-05 0.168595 0.0898002 0.591642 0.056053 0.0100486 0.0144473 9.9964E-05 0.00976689 0.0592475
9.9973E-05 0.0339973 9.9973E-05 0.0199872 0.0684101 0.669865 0.0262706 0.0179792 9.9973E-05 0.0421515 0.0276803 0.0933586
9.9955E-05 0.00369899 9.9955E-05 0.0221944 0.118375 0.647291 9.9955E-05 0.0582643 9.9955E-05 9.9955E-05 0.0412304 0.108447
9.9964E-05 0.0145808 9.9964E-05 0.216532 0.104454 0.242196 0.0620473 0.0170403 9.9964E-05 9.9964E-05 0.0242767 0.318473
9.9964E-05 0.029943 9.9964E-05 0.174921 0.0172769 0.0304154 9.9964E-05 9.9964E-05 0.0180209 0.383204 0.0501094 0.295709
0.138168 0.0728325 0.032939 0.10357 9.9955E-05 0.419825 9.9955E-05 9.9955E-05 0.0781833 9.9955E-05 9.9955E-05 0.153983
9.9946E-05 0.000289367 9.9946E-05 0.171502 0.0751742 0.643215 9.9946E-05 9.9946E-05 0.0888632 9.9946E-05 0.0203568 9.9946E-05
9.9946E-05 0.0183113 9.9946E-05 0.118935 0.00664666 0.580598 9.9946E-05 9.9946E-05 0.255923 9.9946E-05 0.0189855 9.9946E-05
9.9964E-05 0.0449709 0.0658347 0.0247062 0.0798242 0.650975 0.00624224 9.9964E-05 9.9964E-05 0.00108626 9.9964E-05 0.12596
9.9946E-05 0.0166707 0.0936059 9.9946E-05 0.79228 0.0911979 0.00187866 9.9946E-05 9.9946E-05 9.9946E-05 0.00376761 9.9946E-05
0.0843963 0.0209297 9.9955E-05 0.110015 0.0568466 0.477284 9.9955E-05 9.9955E-05 0.100185 9.9955E-05 0.149844 9.9955E-05
9.9946E-05 0.0163474 9.9946E-05 0.0626842 0.0284099 0.665086 9.9946E-05 9.9946E-05 9.9946E-05 9.9946E-05 0.0847346 0.142138
9.9973E-05 0.0272438 0.126833 9.9973E-05 0.0638604 0.482964 0.0562643 0.0499662 0.089544 9.9973E-05 0.0121737 0.0908503
0.0542167 9.9964E-05 0.163419 9.9964E-05 0.0786867 0.396649 0.0730872 0.0380812 0.0854027 9.9964E-05 0.110058 9.9964E-05
9.9937E-05 9.9937E-05 0.163847 9.9937E-05 0.0127471 0.602467 9.9937E-05 9.9937E-05 0.134387 9.9937E-05 0.0858519 9.9937E-05
9.9964E-05 0.0548854 0.00709441 9.9964E-05 0.0669735 0.548518 0.0878039 0.0841934 9.9964E-05 0.0322653 9.9964E-05 0.117866
0.138394 0.0305555 0.180235 9.9973E-05 0.0757481 0.313043 9.9973E-05 0.0163445 9.9973E-05 0.103814 0.117726 0.0238401
0.0785003 0.031493 0.0474071 0.10518 0.0396769 0.583449 9.9973E-05 0.0381535 0.0302051 9.9973E-05 0.0456355 9.9973E-05
0.111037 0.00988463 9.9964E-05 0.115902 0.04598 0.585292 0.0452012 9.9964E-05 9.9964E-05 0.00114592 0.085157 9.9964E-05
0.00376777 0.0554232 0.115952 0.0548402 0.101072 0.543828 9.9964E-05 0.0244956 9.9964E-05 9.9964E-05 0.100221 9.9964E-05
9.9955E-05 9.9955E-05 0.0717567 0.00501575 0.0717432 0.717216 0.0811688 9.9955E-05 0.0516678 0.000931973 9.9955E-05 9.9955E-05
9.9955E-05 0.0695566 9.9955E-05 0.0447147 0.178166 0.426914 9.9955E-05 9.9955E-05 0.173006 0.0163145 0.0908284 9.9955E-05
0.049572 0.00811654 9.9955E-05 9.9955E-05 0.0371211 0.786105 9.9955E-05 9.9955E-05 9.9955E-05 0.00192461 0.0435292 0.0731313
9.99007E-05 9.99007E-05 9.99007E-05 9.99007E-05 0.998901 9.99007E-05 9.99007E-05 9.99007E-05 9.99007E-05 9.99007E-05 9.99007E-05 9.99007E-05
0.189369 0.0740022 9.9964E-05 0.103142 0.107643 0.31279 9.9964E-05 0.0262192 9.9964E-05 0.140408 0.0460273 9.9964E-05
9.9946E-05 9.9946E-05 0.104377 9.9946E-05 0.0812411 0.715235 0.0169095 9.9946E-05 0.0346899 9.9946E-05 0.0469477 9.9946E-05
9.9955E-05 9.9955E-05 0.0147047 9.9955E-05 0.114537 0.598546 9.9955E-05 0.0383847 9.9955E-05 0.106448 0.0281274 0.0987516
9.9955E-05 0.0100184 9.9955E-05 0.146963 0.0734556 0.666777 9.9955E-05 0.00289834 9.9955E-05 9.9955E-05 0.0370211 0.0623665
0.243014 0.0185351 0.0506814 0.0216693 0.00367554 0.585062 9.9973E-05 0.00305509 9.9973E-05 0.00798602 0.0660223 9.9973E-05
0.0446685 0.00177459 0.0366137 9.9964E-05 0.0488828 0.658148 0.0470297 9.9964E-05 9.9964E-05 9.9964E-05 0.0434426 0.11904
9.99009E-05 9.99009E-05 9.99009E-05 9.99009E-05 9.99009E-05 9.99009E-05 9.99009E-05 9.99009E-05 9.99009E-05 9.99009E-05 0.998901 9.99009E-05
9.99007E-05 9.99007E-05 9.99007E-05 9.99007E-05 0.998901 9.99007E-05 9.99007E-05 9.99007E-05 9.99007E-05 9.99007E-05 9.99007E-05 9.99007E-05
9.99009E-05 9.99009E-05 9.99009E-05 9.99009E-05 9.99009E-05 9.99009E-05 9.99009E-05 9.99009E-05 9.99009E-05 9.99009E-05 0.998901 9.99009E-05
9.9955E-05 0.0771462 0.087668 9.9955E-05 0.119543 0.539314 9.9955E-05 0.0217859 0.118467 9.9955E-05 0.0355764 9.9955E-05
9.9964E-05 0.0357212 0.153175 9.9964E-05 0.139407 0.374285 0.0841443 0.0286649 0.0626548 9.9964E-05 0.121549 9.9964E-05
9.9973E-05 0.0323385 0.0662849 0.021273 0.121013 0.536066 0.0842645 0.0270352 9.9973E-05 0.0980492 0.0133752 9.9973E-05
9.9964E-05 0.0275069 9.9964E-05 0.0533964 0.0810633 0.655579 0.0207497 0.0207672 9.9964E-05 0.0834425 0.0570953 9.9964E-05
9.9973E-05 0.0391324 9.9973E-05 0.124445 0.0739957 0.633509 0.0218664 0.00964016 9.9973E-05 0.0321658 0.0477773 0.0171682
9.99369E-05 0.00479767 0.176021 9.99369E-05 0.713728 0.0892574 9.99369E-05 9.99369E-05 9.99369E-05 0.0154963 9.99369E-05 9.99369E-05
9.9964E-05 0.00527748 0.0974547 0.0185632 0.127218 0.529429 9.9964E-05 0.035363 9.9964E-05 0.159872 0.0264227 9.9964E-05
0.836282 0.0623539 9.9937E-05 9.9937E-05 9.9937E-05 0.0627075 9.9937E-05 0.000192793 9.9937E-05 9.9937E-05 9.9937E-05 0.0377646
0.967069 9.9919E-05 9.9919E-05 9.9919E-05 9.9919E-05 9.9919E-05 9.9919E-05 9.9919E-05 9.9919E-05 0.00967083 0.0223614 9.9919E-05
0.858081 9.9937E-05 9.9937E-05 9.9937E-05 0.0453668 9.9937E-05 0.029037 9.9937E-05 0.0330138 9.9937E-05 0.0338016 9.9937E-05
0.915655 0.0115863 0.016066 9.9937E-05 9.9937E-05 9.9937E-05 9.9937E-05 0.0383976 9.9937E-05 9.9937E-05 0.0175956 9.9937E-05
0.726439 9.9955E-05 9.9955E-05 9.9955E-05 0.0269269 9.9955E-05 0.0161895 0.0147397 0.0296926 0.0934398 0.0920727 9.9955E-05
0.855432 0.00461127 9.9955E-05 9.9955E-05 0.0159066 9.9955E-05 0.0326159 9.9955E-05 0.0268901 0.0458685 0.0181758 9.9955E-05
0.969755 9.991E-05 9.991E-05 9.991E-05 9.991E-05 9.991E-05 9.991E-05 9.991E-05 0.029246 9.991E-05 9.991E-05 9.991E-05
0.886995 9.9928E-05 9.9928E-05 9.9928E-05 0.0173292 0.0394423 9.9928E-05 0.0554346 9.9928E-05 9.9928E-05 9.9928E-05 9.9928E-05
0.840272 0.00761478 0.0742471 9.9937E-05 9.9937E-05 9.9937E-05 9.9937E-05 9.9937E-05 9.9937E-05 9.9937E-05 0.0017254 0.0754407
0.768956 9.9946E-05 9.9946E-05 0.0150893 0.0488771 0.0882881 9.9946E-05 9.9946E-05 9.9946E-05 9.9946E-05 0.0436759 0.0345141
0.680441 0.0121201 9.9955E-05 0.068506 9.9955E-05 0.101609 0.0634511 9.9955E-05 9.9955E-05 0.0516875 0.0216857 9.9955E-05
0.0459398 0.00664246 9.9937E-05 9.9937E-05 9.9937E-05 9.9937E-05 9.9937E-05 9.9937E-05 0.347535 9.9937E-05 0.00140454 0.597778
0.0800519 9.9937E-05 0.00694882 9.9937E-05 0.0224186 9.9937E-05 9.9937E-05 9.9937E-05 0.0635857 9.9937E-05 9.9937E-05 0.826295
9.9964E-05 0.000253456 9.9964E-05 0.063656 9.9964E-05 0.00898151 0.0474501 0.00446099 0.690802 9.9964E-05 0.00770839 0.176288
9.99191E-05 9.99191E-05 9.99191E-05 0.11312 9.99191E-05 9.99191E-05 9.99191E-05 0.0216674 0.864313 9.99191E-05 9.99191E-05 9.99191E-05
9.9901E-05 9.9901E-05 9.9901E-05 9.9901E-05 9.9901E-05 9.9901E-05 9.9901E-05 9.9901E-05 9.9901E-05 9.9901E-05 9.9901E-05 0.998901
0.0268255 0.0109624 0.0547373 9.9973E-05 9.9973E-05 0.0282401 0.0329161 0.0159739 0.586835 0.151415 9.9973E-05 0.0917945
9.9937E-05 9.9937E-05 9.9937E-05 9.9937E-05 0.0395152 9.9937E-05 0.0164813 9.9937E-05 0.254122 0.0427856 9.9937E-05 0.646396
0.0380461 0.00668078 9.9955E-05 9.9955E-05 0.00122977 9.9955E-05 0.0137536 9.9955E-05 0.491992 0.238783 9.9955E-05 0.209015
9.9973E-05 0.00865701 0.170956 9.9973E-05 0.0238338 0.0874365 0.018291 0.00348221 0.505362 9.9973E-05 0.0405782 0.141103
0.0487546 9.9919E-05 9.9919E-05 0.0223762 9.9919E-05 9.9919E-05 9.9919E-05 9.9919E-05 9.9919E-05 9.9919E-05 9.9919E-05 0.92797
9.9919E-05 0.0110369 9.9919E-05 9.9919E-05 9.9919E-05 9.9919E-05 9.9919E-05 9.9919E-05 9.9919E-05 9.9919E-05 0.00513597 0.982928
9.9928E-05 0.00858271 9.9928E-05 9.9928E-05 9.9928E-05 9.9928E-05 9.9928E-05 0.0291095 9.9928E-05 0.157765 9.9928E-05 0.803744
9.9946E-05 0.000477343 0.0701831 9.9946E-05 9.9946E-05 0.0661456 0.00014544 9.9946E-05 9.9946E-05 9.9946E-05 0.00207815 0.860371
0.0244343 0.0165432 0.196546 9.9955E-05 9.9955E-05 0.123503 9.9955E-05 9.9955E-05 0.232771 0.104489 9.9955E-05 0.301214
9.9955E-05 0.040868 9.9955E-05 9.9955E-05 0.00659107 0.0500502 0.0408436 0.0260393 0.0427536 0.792354 9.9955E-05 9.9955E-05
9.9919E-05 0.0221125 9.9919E-05 9.9919E-05 9.9919E-05 9.9919E-05 9.9919E-05 0.033622 9.9919E-05 0.943366 9.9919E-05 9.9919E-05
9.9919E-05 0.0249731 9.9919E-05 9.9919E-05 9.9919E-05 9.9919E-05 9.9919E-05 9.9919E-05 9.9919E-05 0.771798 9.9919E-05 0.20233
0.0111379 0.0138122 0.00571772 0.057188 9.9964E-05 0.0222279 9.9964E-05 0.0265854 0.235124 0.627807 9.9964E-05 9.9964E-05
9.9901E-05 9.9901E-05 9.9901E-05 9.9901E-05 9.9901E-05 9.9901E-05 9.9901E-05 9.9901E-05 9.9901E-05 0.998901 9.9901E-05 9.9901E-05
9.9946E-05 9.9946E-05 0.0519865 9.9946E-05 9.9946E-05 0.0460038 9.9946E-05 0.00896155 0.340024 0.538903 0.0135213 9.9946E-05
9.9937E-05 9.9937E-05 0.0996042 9.9937E-05 0.0283524 9.9937E-05 9.9937E-05 0.00885247 9.9937E-05 0.812595 0.0498967 9.9937E-05
0.023074 9.9937E-05 9.9937E-05 0.0102606 0.00676956 9.9937E-05 9.9937E-05 9.9937E-05 9.9937E-05 0.948287 0.0109097 9.9937E-05
0.0687066 9.9946E-05 0.0358952 9.9946E-05 0.022881 9.9946E-05 9.9946E-05 9.9946E-05 0.635167 0.21501 0.021741 9.9946E-05
0.0347382 9.9919E-05 9.9919E-05 9.9919E-05 9.9919E-05 9.9919E-05 9.9919E-05 9.9919E-05 0.846239 0.118124 9.9919E-05 9.9919E-05
9.9946E-05 0.0376763 0.0598125 9.9946E-05 0.0641863 9.9946E-05 0.0193388 0.0329448 0.785441 9.9946E-05 9.9946E-05 9.9946E-05
9.9919E-05 9.9919E-05 0.0686038 9.9919E-05 9.9919E-05 0.0576861 9.9919E-05 9.9919E-05 0.872811 9.9919E-05 9.9919E-05 9.9919E-05
9.99369E-05 0.0147697 0.0569934 9.99369E-05 9.99369E-05 9.99369E-05 9.99369E-05 9.99369E-05 0.740881 9.99369E-05 0.0581961 0.128461
9.9955E-05 0.0460965 0.108511 9.9955E-05 0.0182997 9.9955E-05 9.9955E-05 0.0344531 0.442019 0.0953938 9.9955E-05 0.254727
0.0313622 0.0170706 0.0678575 0.00265099 9.9973E-05 0.0640085 0.0283824 9.9973E-05 0.119805 0.549916 9.9973E-05 0.118647
9.9937E-05 0.0354061 9.9937E-05 0.115692 0.0266282 9.9937E-05 9.9937E-05 9.9937E-05 0.652082 0.169492 9.9937E-05 9.9937E-05
0.0284142 0.0101306 0.00906579 0.0543574 9.9964E-05 9.9964E-05 9.9964E-05 9.9964E-05 0.589075 0.145288 0.00188483 0.161384
9.9955E-05 9.9955E-05 0.0114566 0.0650915 0.0146732 0.0209291 9.9955E-05 0.0325759 0.553302 9.9955E-05 9.9955E-05 0.301472
0.0875082 9.9937E-05 9.9937E-05 0.11534 9.9937E-05 9.9937E-05 0.0179967 9.9937E-05 0.707244 0.0712112 9.9937E-05 9.9937E-05
9.9946E-05 0.0219974 9.9946E-05 9.9946E-05 0.0178505 9.9946E-05 0.053419 9.9946E-05 0.736469 0.157869 0.0117962 9.9946E-05
9.9937E-05 9.9937E-05 9.9937E-05 9.9937E-05 9.9937E-05 9.9937E-05 0.0046198 0.00867164 0.893837 9.9937E-05 0.0359691 0.0562024
9.9919E-05 9.9919E-05 0.905109 9.9919E-05 9.9919E-05 9.9919E-05 9.9919E-05 9.9919E-05 9.9919E-05 9.9919E-05 0.0294188 0.0645726
9.9955E-05 0.00106743 0.850221 9.9955E-05 0.00804486 9.9955E-05 0.00393931 9.9955E-05 9.9955E-05 0.0226276 0.00237091 0.111229
9.9937E-05 0.0244342 0.8757 9.9937E-05 9.9937E-05 9.9937E-05 0.00162876 0.0517344 9.9937E-05 0.0458033 9.9937E-05 9.9937E-05
9.9928E-05 0.0337827 0.884729 9.9928E-05 9.9928E-05 9.9928E-05 9.9928E-05 0.0206311 0.0600582 9.9928E-05 9.9928E-05 9.9928E-05
9.9946E-05 0.00645686 0.81924 0.027852 9.9946E-05 0.0815886 9.9946E-05 0.0528726 9.9946E-05 0.0113899 9.9946E-05 9.9946E-05
9.9937E-05 9.9937E-05 0.642358 0.133698 0.00956687 9.9937E-05 9.9937E-05 9.9937E-05 9.9937E-05 9.9937E-05 0.0545051 0.159173
9.9901E-05 9.9901E-05 0.998901 9.9901E-05 9.9901E-05 9.9901E-05 9.9901E-05 9.9901E-05 9.9901E-05 9.9901E-05 9.9901E-05 9.9901E-05
0.0237493 9.9955E-05 0.632925 0.155872 9.9955E-05 0.013647 0.103847 0.0641212 9.9955E-05 9.9955E-05 9.9955E-05 0.00533868
