9.9892E-05 0.873199 0.0162913 0.0475169 9.9892E-05 9.9892E-05 9.9892E-05 0.0617938 9.9892E-05 9.9892E-05 9.9892E-05 9.9892E-05 9.9892E-05 9.9892E-05 9.9892E-05 9.9892E-05
0.107548 0.724239 0.0218744 0.0121674 9.991E-05 9.991E-05 9.991E-05 9.991E-05 9.991E-05 9.991E-05 0.120007 0.0131647 9.991E-05 9.991E-05 9.991E-05 9.991E-05
0.0771739 0.748288 9.9919E-05 0.0113341 9.9919E-05 0.0152793 9.9919E-05 9.9919E-05 9.9919E-05 9.9919E-05 0.0734752 0.0265989 9.9919E-05 9.9919E-05 0.0469511 9.9919E-05
0.0233222 0.748586 0.000246342 0.0311111 0.0192575 9.9937E-05 9.9937E-05 0.0871655 9.9937E-05 9.9937E-05 9.9937E-05 0.018495 0.0422392 9.9937E-05 0.0288779 9.9937E-05
9.9919E-05 0.764227 9.9919E-05 0.0641028 9.9919E-05 0.00400439 0.0957154 9.9919E-05 9.9919E-05 0.00965812 0.0447616 0.0166316 9.9919E-05 9.9919E-05 9.9919E-05 9.9919E-05
9.9928E-05 0.847499 0.0329576 0.0507087 9.9928E-05 9.9928E-05 9.9928E-05 9.9928E-05 0.0530465 0.00868601 0.000521758 9.9928E-05 9.9928E-05 9.9928E-05 0.000599299 0.00518158
9.9901E-05 0.845 9.9901E-05 9.9901E-05 9.9901E-05 9.9901E-05 0.0289824 0.0892193 0.0196872 9.9901E-05 9.9901E-05 9.9901E-05 9.9901E-05 9.9901E-05 9.9901E-05 0.0160117
0.0484821 0.77907 0.0122946 0.0329881 0.0212337 0.0152664 9.99281E-05 0.0771943 9.99281E-05 9.99281E-05 9.99281E-05 9.99281E-05 9.99281E-05 9.99281E-05 9.99281E-05 0.0126717
9.991E-05 0.750009 9.991E-05 0.0602737 0.0290755 9.991E-05 0.0549708 9.991E-05 9.991E-05 9.991E-05 0.0948357 9.991E-05 9.991E-05 9.991E-05 0.00983675 9.991E-05
0.0348407 0.746122 0.00208075 0.0959054 9.9937E-05 9.9937E-05 9.9937E-05 0.0657044 9.9937E-05 0.0178408 0.00882888 9.9937E-05 0.0181878 9.9937E-05 9.9937E-05 0.00978973
0.123296 0.69247 9.9901E-05 0.125982 9.9901E-05 0.0168034 9.9901E-05 9.9901E-05 0.0403497 9.9901E-05 9.9901E-05 9.9901E-05 9.9901E-05 9.9901E-05 9.9901E-05 9.9901E-05
0.101073 0.70818 9.9901E-05 0.124227 9.9901E-05 9.9901E-05 9.9901E-05 9.9901E-05 9.9901E-05 9.9901E-05 9.9901E-05 0.0085093 0.0569119 9.9901E-05 9.9901E-05 9.9901E-05
9.99101E-05 0.75086 0.0346089 0.0705055 9.99101E-05 9.99101E-05 0.134185 9.99101E-05 9.99101E-05 9.99101E-05 9.99101E-05 9.99101E-05 0.00662254 9.99101E-05 9.99101E-05 0.00221803
0.0959674 0.672299 9.9937E-05 0.00712917 9.9937E-05 0.0490231 9.9937E-05 0.0222759 9.9937E-05 9.9937E-05 0.119383 9.9937E-05 0.00866487 0.0178156 0.00674287 9.9937E-05
9.9928E-05 0.763521 9.9928E-05 9.9928E-05 0.0667124 9.9928E-05 0.0242852 9.9928E-05 0.0319391 0.0214133 0.000170185 0.00888039 0.0822789 9.9928E-05 9.9928E-05 9.9928E-05
9.99011E-05 0.833666 9.99011E-05 9.99011E-05 0.0210389 0.0161617 0.0299836 9.99011E-05 9.99011E-05 9.99011E-05 0.0980506 9.99011E-05 9.99011E-05 9.99011E-05 9.99011E-05 9.99011E-05
9.99011E-05 0.897018 0.0251165 9.99011E-05 9.99011E-05 9.99011E-05 9.99011E-05 9.99011E-05 9.99011E-05 0.033278 9.99011E-05 9.99011E-05 9.99011E-05 0.030051 9.99011E-05 0.0134381
9.98831E-05 0.916542 9.98831E-05 9.98831E-05 0.0210958 9.98831E-05 9.98831E-05 9.98831E-05 9.98831E-05 9.98831E-05 9.98831E-05 9.98831E-05 9.98831E-05 0.0610632 9.98831E-05 9.98831E-05
9.98921E-05 0.917308 9.98921E-05 9.98921E-05 9.98921E-05 9.98921E-05 9.98921E-05 9.98921E-05 9.98921E-05 0.0438116 9.98921E-05 9.98921E-05 9.98921E-05 0.0263606 0.0113211 9.98921E-05
9.9901E-05 0.874291 9.9901E-05 9.9901E-05 0.00856897 9.9901E-05 9.9901E-05 9.9901E-05 9.9901E-05 9.9901E-05 9.9901E-05 0.0151781 0.0248171 0.0760454 9.9901E-05 9.9901E-05
9.9865E-05 9.9865E-05 9.9865E-05 9.9865E-05 9.9865E-05 0.998502 9.9865E-05 9.9865E-05 9.9865E-05 9.9865E-05 9.9865E-05 9.9865E-05 9.9865E-05 9.9865E-05 9.9865E-05 9.9865E-05
0.108173 9.9901E-05 9.9901E-05 0.0658836 9.9901E-05 9.9901E-05 9.9901E-05 0.0321819 9.9901E-05 9.9901E-05 9.9901E-05 9.9901E-05 0.791306 9.9901E-05 0.00135662 9.9901E-05
9.991E-05 0.00731046 9.991E-05 0.0988615 9.991E-05 9.991E-05 9.991E-05 9.991E-05 9.991E-05 0.0711616 0.0566332 9.991E-05 0.7385 9.991E-05 9.991E-05 0.0265344
9.9892E-05 9.9892E-05 0.00769913 9.9892E-05 9.9892E-05 9.9892E-05 9.9892E-05 9.9892E-05 9.9892E-05 9.9892E-05 9.9892E-05 0.0317205 0.873209 0.0861727 9.9892E-05 9.9892E-05
9.98741E-05 9.98741E-05 9.98741E-05 9.98741E-05 9.98741E-05 0.000548647 9.98741E-05 9.98741E-05 9.98741E-05 9.98741E-05 9.98741E-05 9.98741E-05 0.998053 9.98741E-05 9.98741E-05 9.98741E-05
9.9892E-05 9.9892E-05 9.9892E-05 9.9892E-05 9.9892E-05 9.9892E-05 9.9892E-05 9.9892E-05 9.9892E-05 0.0298474 9.9892E-05 9.9892E-05 0.950851 9.9892E-05 0.0155238 0.00257898
9.9919E-05 9.9919E-05 9.9919E-05 0.0912824 9.9919E-05 0.00756136 0.118076 9.9919E-05 0.0146759 0.0308288 9.9919E-05 9.9919E-05 0.728388 9.9919E-05 0.00828871 9.9919E-05
9.9865E-05 9.9865E-05 9.9865E-05 9.9865E-05 9.9865E-05 0.998502 9.9865E-05 9.9865E-05 9.9865E-05 9.9865E-05 9.9865E-05 9.9865E-05 9.9865E-05 9.9865E-05 9.9865E-05 9.9865E-05
0.0670763 9.991E-05 9.991E-05 9.991E-05 9.991E-05 9.991E-05 0.0707173 9.991E-05 0.0456892 9.991E-05 9.991E-05 0.0145084 0.789779 9.991E-05 9.991E-05 0.0112305
9.99279E-05 9.99279E-05 0.0246052 0.0764004 0.115119 9.99279E-05 9.99279E-05 9.99279E-05 9.99279E-05 0.0184252 0.105289 0.00116066 0.657572 9.99279E-05 9.99279E-05 0.000628622
0.00864407 9.9928E-05 9.9928E-05 0.0106331 0.00548091 0.0386793 0.0541766 9.9928E-05 9.9928E-05 9.9928E-05 0.160431 9.9928E-05 0.706967 9.9928E-05 0.0141887 9.9928E-05
9.99101E-05 9.99101E-05 0.0100735 9.99101E-05 9.99101E-05 0.00834717 0.053065 9.99101E-05 9.99101E-05 0.0514967 9.99101E-05 9.99101E-05 0.76713 0.108889 9.99101E-05 9.99101E-05
9.99342E-05 0.0135167 0.017435 9.99342E-05 9.99342E-05 0.0577397 0.0630465 9.99342E-05 9.99342E-05 9.99342E-05 0.134684 9.99342E-05 0.632395 0.0794091 9.99342E-05 0.00097389
0.0608529 9.9946E-05 0.0142249 9.9946E-05 0.0365079 0.0269643 9.9946E-05 0.106084 9.9946E-05 9.9946E-05 0.011371 0.00930244 0.677121 9.9946E-05 0.0323936 0.0245781
0.0647867 0.0109521 0.0191803 9.9964E-05 0.0565018 0.00322717 0.0546093 0.0672948 9.9964E-05 9.9964E-05 9.9964E-05 0.0271123 0.653378 0.0119757 0.012824 0.0177579
0.0980921 0.0450197 0.00892379 0.0256492 9.99459E-05 9.99459E-05 9.99459E-05 0.098536 0.118887 0.0299867 9.99459E-05 0.059446 0.45677 9.99459E-05 0.0580897 9.99459E-05
9.9919E-05 9.9919E-05 9.9919E-05 9.9919E-05 0.104665 9.9919E-05 9.9919E-05 9.9919E-05 0.021144 0.0406687 9.9919E-05 0.0346027 0.696722 0.0970616 0.00423727 9.9919E-05
9.9919E-05 9.9919E-05 9.9919E-05 0.12427 9.9919E-05 0.00683847 9.9919E-05 0.0929542 9.9919E-05 0.178864 9.9919E-05 0.00957588 9.9919E-05 0.578493 0.00810588 9.9919E-05
0.171318 9.9919E-05 0.00589158 9.9919E-05 9.9919E-05 9.9919E-05 0.0903119 9.9919E-05 0.0330217 9.9919E-05 9.9919E-05 0.0299456 9.9919E-05 0.666666 9.9919E-05 0.00194579
9.9919E-05 0.0120025 0.015691 0.0735723 0.183154 9.9919E-05 9.9919E-05 9.9919E-05 9.9919E-05 9.9919E-05 0.0751806 9.9919E-05 9.9919E-05 0.635318 0.00418247 9.9919E-05
9.9937E-05 9.9937E-05 0.00377755 9.9937E-05 0.0402851 9.9937E-05 9.9937E-05 0.0821053 0.00656748 0.0164205 9.9937E-05 9.9937E-05 0.0207978 0.824074 0.00410111 0.00117189
9.9937E-05 9.9937E-05 0.013558 0.0935883 9.9937E-05 0.0257886 9.9937E-05 9.9937E-05 0.110388 0.0436984 9.9937E-05 0.0300932 9.9937E-05 0.64742 0.0155176 0.019248
9.99201E-05 9.99201E-05 9.99201E-05 0.0767826 0.0923983 0.0102583 0.0237644 9.99201E-05 9.99201E-05 9.99201E-05 0.00585616 0.0187982 9.99201E-05 0.758869 0.0124737 9.99201E-05
9.9937E-05 0.0262345 0.0460976 0.292729 9.9937E-05 0.00391531 9.9937E-05 9.9937E-05 9.9937E-05 0.0362437 0.166742 0.031541 9.9937E-05 0.392197 0.00360004 9.9937E-05
9.9928E-05 9.9928E-05 9.9928E-05 0.0249042 0.0828005 0.0171216 9.9928E-05 9.9928E-05 0.0709609 0.0207239 9.9928E-05 0.0520986 9.9928E-05 0.729551 0.0010393 9.9928E-05
9.9928E-05 0.012744 9.9928E-05 0.0963355 9.9928E-05 9.9928E-05 9.9928E-05 9.9928E-05 0.139497 0.108186 9.9928E-05 0.00590283 0.0258169 0.60944 9.9928E-05 0.00127875
0.077716 9.99101E-05 0.0133178 9.99101E-05 9.99101E-05 9.99101E-05 9.99101E-05 0.0128931 9.99101E-05 9.99101E-05 9.99101E-05 9.99101E-05 0.00582264 0.869936 9.99101E-05 0.0193156
9.9937E-05 9.9937E-05 9.9937E-05 0.0829508 0.0393123 0.00290052 0.0526078 0.114191 9.9937E-05 9.9937E-05 9.9937E-05 0.00171021 9.9937E-05 0.699603 0.00322572 0.00279882
9.9901E-05 9.9901E-05 9.9901E-05 9.9901E-05 9.9901E-05 0.0396173 9.9901E-05 9.9901E-05 9.9901E-05 0.0338805 9.9901E-05 0.0244985 9.9901E-05 0.897616 0.00328903 9.9901E-05
9.9919E-05 9.9919E-05 9.9919E-05 0.23319 0.0249486 9.9919E-05 9.9919E-05 0.114977 9.9919E-05 0.0587982 9.9919E-05 0.0010914 9.9919E-05 0.550216 0.0158795 9.9919E-05
0.10899 9.9919E-05 0.0092289 9.9919E-05 9.9919E-05 0.0129296 0.0254482 9.9919E-05 9.9919E-05 9.9919E-05 0.0294566 9.9919E-05 9.9919E-05 0.812934 0.000113521 9.9919E-05
9.99011E-05 9.99011E-05 9.99011E-05 9.99011E-05 9.99011E-05 9.99011E-05 9.99011E-05 9.99011E-05 0.112822 0.0219115 9.99011E-05 9.99011E-05 0.0183912 0.838557 0.00721967 9.99011E-05
9.9919E-05 9.9919E-05 0.0237697 0.0786559 9.9919E-05 0.0164837 0.0533919 0.0206138 9.9919E-05 9.9919E-05 9.9919E-05 9.9919E-05 9.9919E-05 0.753402 9.9919E-05 0.052784
0.104456 0.0536037 9.99189E-05 0.0843243 9.99189E-05 9.99189E-05 9.99189E-05 9.99189E-05 9.99189E-05 0.0162437 9.99189E-05 0.00448778 0.00582319 0.730162 9.99189E-05 9.99189E-05
9.9937E-05 0.0153562 0.0128157 0.0146794 0.117829 0.0127583 9.9937E-05 9.9937E-05 9.9937E-05 9.9937E-05 0.106511 0.00977448 9.9937E-05 0.687768 9.9937E-05 0.0218078
0.040181 0.0174066 0.000842396 0.145825 9.9946E-05 9.9946E-05 0.104977 0.0205701 0.0726688 0.00740518 9.9946E-05 9.9946E-05 9.9946E-05 0.565826 0.0236988 9.9946E-05
0.0251318 0.0306953 9.9928E-05 9.9928E-05 9.9928E-05 0.0056212 0.0201726 9.9928E-05 9.9928E-05 9.9928E-05 0.103884 9.9928E-05 0.0036208 0.774398 9.9928E-05 0.0356772
0.55978 0.00958562 9.9937E-05 9.9937E-05 0.0622216 9.9937E-05 9.9937E-05 9.9937E-05 9.9937E-05 0.0874352 0.0150662 9.9937E-05 0.0375586 0.200519 0.0152327 0.0119016
9.98649E-05 9.98649E-05 9.98649E-05 9.98649E-05 9.98649E-05 9.98649E-05 9.98649E-05 9.98649E-05 9.98649E-05 9.98649E-05 9.98649E-05 9.98649E-05 9.98649E-05 9.98649E-05 0.998502 9.98649E-05
0.45338 9.9955E-05 9.9955E-05 0.1091 0.182075 0.00332125 0.0104666 0.0254283 0.041979 0.0506697 9.9955E-05 0.0641443 9.9955E-05 9.9955E-05 0.0281258 0.0308102
0.349592 9.9946E-05 0.00777591 0.0489895 0.395392 0.00031737 0.101327 9.9946E-05 9.9946E-05 0.0135155 9.9946E-05 0.0550785 9.9946E-05 9.9946E-05 0.0128187 0.0145949
0.33598 9.9937E-05 0.00537196 0.031289 0.387887 9.9937E-05 0.151995 9.9937E-05 9.9937E-05 0.0356889 9.9937E-05 0.0130854 9.9937E-05 9.9937E-05 0.0307667 0.00723668
0.245194 9.9919E-05 9.9919E-05 9.9919E-05 0.621717 0.0171001 9.9919E-05 0.0525396 9.9919E-05 0.0216968 9.9919E-05 9.9919E-05 9.9919E-05 0.0314883 9.9919E-05 0.00936455
9.991E-05 9.991E-05 0.92085 9.991E-05 9.991E-05 9.991E-05 9.991E-05 9.991E-05 0.0083655 9.991E-05 9.991E-05 0.0016586 0.0424116 9.991E-05 0.0245976 0.00111765
9.98648E-05 9.98648E-05 9.98648E-05 9.98648E-05 9.98648E-05 9.98648E-05 9.98648E-05 9.98648E-05 9.98648E-05 9.98648E-05 9.98648E-05 9.98648E-05 9.98648E-05 9.98648E-05 0.998502 9.98648E-05
0.562207 0.0697026 0.0436242 0.0740594 0.204781 9.9919E-05 9.9919E-05 9.9919E-05 9.9919E-05 9.9919E-05 9.9919E-05 0.0158439 9.9919E-05 9.9919E-05 0.0288826 9.9919E-05
9.9937E-05 0.0225766 0.0558006 0.0160324 0.654461 0.0326928 9.9937E-05 0.0257978 9.9937E-05 0.128296 9.9937E-05 9.9937E-05 0.0554764 9.9937E-05 9.9937E-05 0.00816702
0.0683531 9.9955E-05 0.0683174 9.9955E-05 0.478495 0.0174927 0.0864354 0.0600892 9.9955E-05 0.14441 9.9955E-05 0.00508825 0.000247196 9.9955E-05 0.0491342 0.0214379
0.177536 9.99201E-05 0.0365994 9.99201E-05 0.507783 0.0306156 9.99201E-05 9.99201E-05 9.99201E-05 0.116457 9.99201E-05 9.99201E-05 0.0545281 9.99201E-05 0.028515 0.0471653
0.168859 0.0248497 0.024676 9.9946E-05 0.429624 9.9946E-05 9.9946E-05 9.9946E-05 0.051927 0.0436606 9.9946E-05 0.0103138 0.0967992 9.9946E-05 0.0919661 0.0567245
0.266816 0.0224259 9.991E-05 9.991E-05 0.638125 9.991E-05 9.991E-05 9.991E-05 9.991E-05 0.0390289 9.991E-05 9.991E-05 9.991E-05 9.991E-05 0.0307776 0.00182767
9.9919E-05 9.9919E-05 0.0527754 9.9919E-05 0.826324 9.9919E-05 0.0736119 9.9919E-05 9.9919E-05 9.9919E-05 9.9919E-05 0.0275257 9.9919E-05 0.00683179 0.00411484 0.00791732
0.22761 9.9946E-05 9.9946E-05 9.9946E-05 0.474123 0.00978115 0.0533673 9.9946E-05 0.0208009 0.0543593 9.9946E-05 0.0588231 0.0126152 9.9946E-05 0.0876496 0.00027047
0.534207 9.9928E-05 0.000771579 0.106102 9.9928E-05 0.00606001 0.237614 9.9928E-05 9.9928E-05 9.9928E-05 0.0183269 0.0475329 9.9928E-05 9.9928E-05 0.0485869 9.9928E-05
9.9937E-05 9.9937E-05 0.050531 0.0545174 0.2786 0.0462126 0.238329 9.9937E-05 9.9937E-05 0.103384 0.0291234 9.9937E-05 9.9937E-05 0.159844 0.0387593 9.9937E-05
9.9946E-05 0.0357951 0.0256617 9.9946E-05 0.504652 9.9946E-05 9.9946E-05 0.0694018 9.9946E-05 0.0735576 9.9946E-05 0.00820711 0.0257717 0.222736 0.0275125 0.00610472
0.0774357 0.0499665 9.9937E-05 0.0875854 0.295142 9.9937E-05 9.9937E-05 9.9937E-05 9.9937E-05 0.0536503 9.9937E-05 0.0109939 9.9937E-05 0.360449 0.0495646 0.0145131
9.9892E-05 9.9892E-05 0.888805 9.9892E-05 0.0528779 9.9892E-05 9.9892E-05 9.9892E-05 0.0145172 9.9892E-05 9.9892E-05 9.9892E-05 9.9892E-05 9.9892E-05 0.0426009 9.9892E-05
0.221758 0.0325154 0.0750562 9.9946E-05 0.204833 0.034568 0.0591436 9.9946E-05 9.9946E-05 9.9946E-05 0.0731589 9.9946E-05 9.9946E-05 0.161719 0.0759532 0.0606952
0.264643 9.9946E-05 0.089594 9.9946E-05 0.325599 9.9946E-05 0.00506118 9.9946E-05 9.9946E-05 0.0865235 0.0454805 0.059828 9.9946E-05 0.0733089 0.0346128 0.014749
9.98649E-05 9.98649E-05 9.98649E-05 9.98649E-05 9.98649E-05 9.98649E-05 9.98649E-05 9.98649E-05 9.98649E-05 0.998502 9.98649E-05 9.98649E-05 9.98649E-05 9.98649E-05 9.98649E-05 9.98649E-05
0.473926 0.00214992 9.9946E-05 9.9946E-05 0.333536 0.00776514 9.9946E-05 0.0409453 9.9946E-05 0.0607371 9.9946E-05 9.9946E-05 0.0112041 0.0113194 0.0140094 0.0438084
0.0547646 0.0653475 0.01748 9.9919E-05 0.747416 9.9919E-05 9.9919E-05 9.9919E-05 9.9919E-05 0.0402467 9.9919E-05 0.0556003 9.9919E-05 9.9919E-05 9.9919E-05 0.018246
0.184287 9.9955E-05 0.0249985 9.9955E-05 0.142865 0.00457347 9.9955E-05 0.0612792 9.9955E-05 9.9955E-05 0.216395 0.0422138 0.0547471 0.215717 0.00690626 0.0455184
0.151592 9.9919E-05 0.0204769 9.9919E-05 9.9919E-05 9.9919E-05 9.9919E-05 0.464601 0.158121 9.9919E-05 9.9919E-05 0.0074132 9.9919E-05 0.184681 0.0122156 9.9919E-05
0.48062 9.9919E-05 9.9919E-05 9.9919E-05 9.9919E-05 9.9919E-05 0.148191 0.0306024 0.130424 0.034693 9.9919E-05 9.9919E-05 9.9919E-05 0.127022 0.0475482 9.9919E-05
9.98649E-05 9.98649E-05 9.98649E-05 9.98649E-05 9.98649E-05 9.98649E-05 9.98649E-05 9.98649E-05 9.98649E-05 0.998502 9.98649E-05 9.98649E-05 9.98649E-05 9.98649E-05 9.98649E-05 9.98649E-05
9.98649E-05 9.98649E-05 9.98649E-05 9.98649E-05 9.98649E-05 9.98649E-05 9.98649E-05 9.98649E-05 9.98649E-05 0.998502 9.98649E-05 9.98649E-05 9.98649E-05 9.98649E-05 9.98649E-05 9.98649E-05
0.338019 9.9964E-05 9.9964E-05 0.0359233 0.334495 0.00954592 0.0567036 0.00058025 0.0500952 0.0704625 9.9964E-05 9.9964E-05 0.0129378 0.0193365 0.0444777 0.0270234
9.98649E-05 9.98649E-05 9.98649E-05 9.98649E-05 9.98649E-05 9.98649E-05 9.98649E-05 9.98649E-05 9.98649E-05 9.98649E-05 9.98649E-05 0.998502 9.98649E-05 9.98649E-05 9.98649E-05 9.98649E-05
0.674341 9.9919E-05 0.108615 9.9919E-05 9.9919E-05 0.0140765 0.0458144 9.9919E-05 9.9919E-05 9.9919E-05 9.9919E-05 9.9919E-05 9.9919E-05 0.141063 0.00166546 0.013526
9.98741E-05 9.98741E-05 9.98741E-05 9.98741E-05 0.916483 9.98741E-05 9.98741E-05 9.98741E-05 0.0821192 9.98741E-05 9.98741E-05 9.98741E-05 9.98741E-05 9.98741E-05 9.98741E-05 9.98741E-05
0.70293 9.9919E-05 9.9919E-05 0.0270575 9.9919E-05 0.0329075 9.9919E-05 9.9919E-05 0.16421 9.9919E-05 9.9919E-05 0.0468924 9.9919E-05 9.9919E-05 0.0245222 0.000581331
0.718312 0.00665258 9.991E-05 0.142078 9.991E-05 9.991E-05 9.991E-05 9.991E-05 9.991E-05 0.0170717 9.991E-05 0.0481597 0.0667272 9.991E-05 9.991E-05 9.991E-05
0.885121 9.9892E-05 0.00657184 0.0885396 9.9892E-05 9.9892E-05 9.9892E-05 9.9892E-05 9.9892E-05 0.0185692 9.9892E-05 9.9892E-05 9.9892E-05 9.9892E-05 9.9892E-05 9.9892E-05
0.601915 0.0542101 9.9946E-05 9.9946E-05 9.9946E-05 0.0161008 0.0378113 9.9946E-05 0.092628 0.072623 9.9946E-05 0.0370992 0.0298332 0.0107603 0.0464196 9.9946E-05
0.484385 0.0152395 0.0546182 0.0856852 9.9946E-05 9.9946E-05 0.127606 0.128621 9.9946E-05 0.026132 9.9946E-05 0.0375428 9.9946E-05 9.9946E-05 0.0390087 0.000562266
0.558777 0.00286536 0.048696 9.9937E-05 0.116816 9.9937E-05 0.0659737 9.9937E-05 9.9937E-05 0.0790816 9.9937E-05 9.9937E-05 9.9937E-05 0.0997403 0.016646 0.0107047
0.473414 9.9937E-05 0.0347384 9.9937E-05 0.0446035 9.9937E-05 0.175017 9.9937E-05 9.9937E-05 0.19947 9.9937E-05 9.9937E-05 0.0281269 0.0266561 0.0105063 0.00676849
0.292616 0.016858 0.029156 0.0974101 0.433194 9.9946E-05 9.9946E-05 9.9946E-05 9.9946E-05 0.022509 9.9946E-05 0.0359374 9.9946E-05 0.00898824 0.047957 0.0147744
0.534205 9.9964E-05 9.9964E-05 9.9964E-05 0.196636 0.00813821 0.0731248 0.0191113 0.0274894 0.0268666 0.000328272 0.0266115 0.0450561 0.0279292 9.9964E-05 0.0141039
0.364228 9.9964E-05 0.0692935 9.9964E-05 0.134084 0.0107136 0.00279518 0.0961711 0.00990054 0.0946293 9.9964E-05 0.0229339 9.9964E-05 0.00797964 0.0936247 0.0932466
9.9883E-05 9.9883E-05 9.9883E-05 9.9883E-05 0.970898 0.0164164 9.9883E-05 9.9883E-05 9.9883E-05 9.9883E-05 0.0113872 9.9883E-05 9.9883E-05 9.9883E-05 9.9883E-05 9.9883E-05
9.98649E-05 9.98649E-05 9.98649E-05 9.98649E-05 9.98649E-05 9.98649E-05 9.98649E-05 9.98649E-05 9.98649E-05 9.98649E-05 9.98649E-05 9.98649E-05 9.98649E-05 9.98649E-05 9.98649E-05 0.998502
0.495557 0.0253915 0.0227648 9.9964E-05 0.0445925 0.0278604 0.0508198 0.0554382 9.9964E-05 0.0508787 9.9964E-05 0.0174223 9.9964E-05 0.145526 0.0369105 0.0264384
0.603929 9.9937E-05 0.00995155 9.9937E-05 0.252496 0.00971921 9.9937E-05 9.9937E-05 9.9937E-05 0.0350135 9.9937E-05 0.0304408 0.00695887 0.0421937 9.9937E-05 0.00859771
0.26721 0.0332676 0.00170142 0.00955721 0.434695 0.000550706 9.9955E-05 0.0237451 0.083972 0.052964 9.9955E-05 0.0579411 9.9955E-05 9.9955E-05 9.9955E-05 0.0338953
9.9901E-05 9.9901E-05 9.9901E-05 0.0075732 0.873452 9.9901E-05 9.9901E-05 9.9901E-05 9.9901E-05 9.9901E-05 0.0358819 0.0321629 9.9901E-05 0.049831 9.9901E-05 9.9901E-05
0.484759 0.00688756 0.0271679 9.9928E-05 0.236464 9.9928E-05 0.196374 9.9928E-05 0.029968 9.9928E-05 9.9928E-05 0.00491572 9.9928E-05 0.0126644 9.9928E-05 9.9928E-05
0.586897 9.99459E-05 0.0102819 0.0493453 0.0879523 9.99459E-05 0.0975389 0.0167198 9.99459E-05 0.0882019 9.99459E-05 0.00186695 0.0472282 9.99459E-05 9.99459E-05 0.0133682
9.9865E-05 9.9865E-05 0.998502 9.9865E-05 9.9865E-05 9.9865E-05 9.9865E-05 9.9865E-05 9.9865E-05 9.9865E-05 9.9865E-05 9.9865E-05 9.9865E-05 9.9865E-05 9.9865E-05 9.9865E-05
9.98649E-05 9.98649E-05 9.98649E-05 9.98649E-05 9.98649E-05 9.98649E-05 9.98649E-05 9.98649E-05 9.98649E-05 9.98649E-05 9.98649E-05 9.98649E-05 9.98649E-05 9.98649E-05 9.98649E-05 0.998502
9.98649E-05 9.98649E-05 0.998502 9.98649E-05 9.98649E-05 9.98649E-05 9.98649E-05 9.98649E-05 9.98649E-05 9.98649E-05 9.98649E-05 9.98649E-05 9.98649E-05 9.98649E-05 9.98649E-05 9.98649E-05
0.819501 9.991E-05 9.991E-05 9.991E-05 9.991E-05 0.0077937 9.991E-05 9.991E-05 9.991E-05 9.991E-05 0.0703941 0.0400034 9.991E-05 9.991E-05 0.0537795 0.00752974
0.605916 0.00115962 0.0773312 0.0499965 0.011375 0.0382389 9.9964E-05 9.9964E-05 0.0114913 9.9964E-05 0.0366383 0.049639 0.0415308 9.9964E-05 0.0458792 0.0304041
0.76901 9.9928E-05 9.9928E-05 9.9928E-05 9.9928E-05 9.9928E-05 9.9928E-05 0.0136334 9.9928E-05 0.00920348 9.9928E-05 0.0219641 0.0778677 0.0546113 0.0255506 0.0273599
0.47953 0.00756361 0.0546858 9.9937E-05 0.335015 0.0323962 9.9937E-05 9.9937E-05 9.9937E-05 9.9937E-05 9.9937E-05 0.00228599 9.9937E-05 0.0378247 0.0155614 0.0344374
9.9901E-05 9.9901E-05 9.9901E-05 9.9901E-05 0.94861 0.0112408 9.9901E-05 9.9901E-05 9.9901E-05 9.9901E-05 9.9901E-05 9.9901E-05 0.00991711 0.0177508 9.9901E-05 0.0113821
9.98649E-05 9.98649E-05 9.98649E-05 9.98649E-05 9.98649E-05 9.98649E-05 9.98649E-05 9.98649E-05 9.98649E-05 9.98649E-05 9.98649E-05 0.998502 9.98649E-05 9.98649E-05 9.98649E-05 9.98649E-05
0.646313 0.0352005 0.00652491 0.0445697 9.9955E-05 0.00320352 9.9955E-05 0.0476208 9.9955E-05 0.0667108 9.9955E-05 0.0229255 9.9955E-05 0.0684965 0.030285 0.02765
0.25133 9.9892E-05 9.9892E-05 9.9892E-05 9.9892E-05 9.9892E-05 0.656058 9.9892E-05 0.053339 9.9892E-05 9.9892E-05 9.9892E-05 9.9892E-05 9.9892E-05 0.0380749 9.9892E-05
9.9892E-05 9.9892E-05 0.0222717 9.9892E-05 9.9892E-05 9.9892E-05 0.90495 9.9892E-05 9.9892E-05 0.0701914 9.9892E-05 9.9892E-05 9.9892E-05 9.9892E-05 9.9892E-05 0.00138841
9.9919E-05 9.9919E-05 0.0122085 0.0246435 9.9919E-05 0.00991093 0.827463 9.9919E-05 9.9919E-05 0.0912145 9.9919E-05 9.9919E-05 9.9919E-05 9.9919E-05 0.000412125 0.033248
0.109515 0.000467986 0.0103326 9.9919E-05 9.9919E-05 0.00702295 0.777975 9.9919E-05 0.0318737 9.9919E-05 9.9919E-05 0.0619138 9.9919E-05 9.9919E-05 9.9919E-05 9.9919E-05
0.144363 9.9919E-05 0.0389087 0.0461815 9.9919E-05 9.9919E-05 0.634744 9.9919E-05 9.9919E-05 9.9919E-05 0.106698 0.0111362 9.9919E-05 9.9919E-05 9.9919E-05 0.0170688
9.98831E-05 9.98831E-05 9.98831E-05 9.98831E-05 9.98831E-05 9.98831E-05 0.96755 9.98831E-05 9.98831E-05 9.98831E-05 9.98831E-05 0.0210539 9.98831E-05 9.98831E-05 0.0100976 9.98831E-05
9.9883E-05 0.00643982 9.9883E-05 9.9883E-05 9.9883E-05 9.9883E-05 0.942616 0.0496457 9.9883E-05 9.9883E-05 9.9883E-05 9.9883E-05 9.9883E-05 9.9883E-05 9.9883E-05 9.9883E-05
0.0400403 0.0515816 9.9928E-05 9.9928E-05 9.9928E-05 9.9928E-05 0.796812 9.9928E-05 9.9928E-05 0.0635315 0.0131462 0.0139491 0.00750495 9.9928E-05 9.9928E-05 0.0126352
9.991E-05 9.991E-05 9.991E-05 0.0821392 9.991E-05 0.0144952 0.833813 0.0459099 9.991E-05 0.0114873 9.991E-05 9.991E-05 9.991E-05 9.991E-05 0.0111565 9.991E-05
0.064462 9.991E-05 9.991E-05 9.991E-05 9.991E-05 0.0349809 0.798416 9.991E-05 9.991E-05 0.0443687 9.991E-05 9.991E-05 9.991E-05 0.01848 9.991E-05 0.0382938
9.9928E-05 9.9928E-05 9.9928E-05 9.9928E-05 0.179579 9.9928E-05 0.595094 0.0171071 9.9928E-05 0.0110576 9.9928E-05 0.023729 0.113309 0.0572599 0.00206509 9.9928E-05
9.9928E-05 9.9928E-05 0.0385785 9.9928E-05 9.9928E-05 9.9928E-05 0.0748888 0.00325412 0.287835 9.9928E-05 0.543236 0.0230328 0.0175183 0.0108578 9.9928E-05 9.9928E-05
9.9883E-05 9.9883E-05 9.9883E-05 9.9883E-05 9.9883E-05 9.9883E-05 0.117891 9.9883E-05 0.877291 9.9883E-05 9.9883E-05 9.9883E-05 9.9883E-05 9.9883E-05 9.9883E-05 0.00351911
9.9883E-05 9.9883E-05 9.9883E-05 9.9883E-05 9.9883E-05 9.9883E-05 9.9883E-05 9.9883E-05 0.929091 0.0612148 9.9883E-05 9.9883E-05 9.9883E-05 9.9883E-05 9.9883E-05 0.00839547
9.9937E-05 0.0199965 9.9937E-05 0.0292416 9.9937E-05 0.00696467 9.9937E-05 0.010444 0.0116049 0.0873874 0.768473 0.00107916 9.9937E-05 0.064109 9.9937E-05 9.9937E-05
9.98741E-05 9.98741E-05 9.98741E-05 9.98741E-05 9.98741E-05 0.022899 9.98741E-05 9.98741E-05 0.975703 9.98741E-05 9.98741E-05 9.98741E-05 9.98741E-05 9.98741E-05 9.98741E-05 9.98741E-05
0.132788 9.9919E-05 9.9919E-05 0.00529701 9.9919E-05 0.0245657 9.9919E-05 0.150431 9.9919E-05 9.9919E-05 0.682282 9.9919E-05 9.9919E-05 9.9919E-05 0.00219605 0.00154123
9.9901E-05 9.9901E-05 9.9901E-05 0.118864 9.9901E-05 9.9901E-05 9.9901E-05 9.9901E-05 9.9901E-05 0.00146037 0.802473 9.9901E-05 0.0168712 9.9901E-05 9.9901E-05 0.059233
9.9928E-05 9.9928E-05 9.9928E-05 9.9928E-05 0.0196157 0.0187695 0.0354243 0.101355 0.0101309 0.0552781 0.751793 0.00683417 9.9928E-05 9.9928E-05 9.9928E-05 9.9928E-05
0.166394 0.0184226 0.0180819 0.0172018 9.99549E-05 9.99549E-05 9.99549E-05 0.0127273 0.654801 0.018903 0.0161041 0.0162814 0.0459159 9.99549E-05 9.99549E-05 0.0146672
9.9901E-05 9.9901E-05 9.9901E-05 9.9901E-05 9.9901E-05 9.9901E-05 0.0409038 9.9901E-05 0.195357 9.9901E-05 0.582795 9.9901E-05 9.9901E-05 0.163336 9.9901E-05 0.01651
9.9919E-05 9.9919E-05 0.00990613 9.9919E-05 9.9919E-05 0.0119479 9.9919E-05 9.9919E-05 0.735654 0.0158356 0.166732 9.9919E-05 9.9919E-05 0.0270554 0.0319696 9.9919E-05
9.9901E-05 0.00521669 9.9901E-05 9.9901E-05 9.9901E-05 9.9901E-05 9.9901E-05 0.385405 0.49159 9.9901E-05 9.9901E-05 9.9901E-05 9.9901E-05 0.0718023 0.044887 9.9901E-05
0.0300473 9.991E-05 9.991E-05 0.00706323 9.991E-05 9.991E-05 0.0124531 9.991E-05 0.939632 9.991E-05 9.991E-05 9.991E-05 0.000143036 9.991E-05 0.0096618 9.991E-05
0.133023 9.9892E-05 9.9892E-05 0.154237 9.9892E-05 9.9892E-05 9.9892E-05 9.9892E-05 0.699449 9.9892E-05 9.9892E-05 9.9892E-05 9.9892E-05 9.9892E-05 0.0120929 9.9892E-05
9.9928E-05 0.0232928 9.9928E-05 9.9928E-05 0.0446342 9.9928E-05 0.00874636 0.805121 9.9928E-05 9.9928E-05 0.00621185 0.0152324 0.0628086 9.9928E-05 0.0331538 9.9928E-05
0.0461719 0.0267715 9.9937E-05 0.0328412 9.9937E-05 0.000541931 9.9937E-05 0.74033 9.9937E-05 0.00217047 0.0699569 0.0370154 9.9937E-05 9.9937E-05 0.0435015 9.9937E-05
9.9892E-05 9.9892E-05 0.0114506 9.9892E-05 9.9892E-05 9.9892E-05 0.0444435 0.9209 9.9892E-05 9.9892E-05 9.9892E-05 9.9892E-05 9.9892E-05 9.9892E-05 0.0220069 9.9892E-05
0.0245557 0.00975194 9.9901E-05 9.9901E-05 0.0102185 9.9901E-05 9.9901E-05 0.941453 9.9901E-05 9.9901E-05 9.9901E-05 9.9901E-05 9.9901E-05 0.0129222 9.9901E-05 9.9901E-05
9.98651E-05 9.98651E-05 9.98651E-05 9.98651E-05 9.98651E-05 9.98651E-05 9.98651E-05 0.998502 9.98651E-05 9.98651E-05 9.98651E-05 9.98651E-05 9.98651E-05 9.98651E-05 9.98651E-05 9.98651E-05
9.9901E-05 9.9901E-05 9.9901E-05 0.095851 9.9901E-05 0.0132691 9.9901E-05 0.633982 0.244222 9.9901E-05 9.9901E-05 0.011578 9.9901E-05 9.9901E-05 9.9901E-05 9.9901E-05
0.15087 9.9919E-05 0.0244605 9.9919E-05 9.9919E-05 0.000117343 9.9919E-05 0.691938 0.0871625 9.9919E-05 9.9919E-05 0.0121061 0.0324463 9.9919E-05 9.9919E-05 9.9919E-05
9.9901E-05 9.9901E-05 9.9901E-05 9.9901E-05 9.9901E-05 9.9901E-05 0.0590915 0.845881 9.9901E-05 0.0220792 0.0674964 9.9901E-05 9.9901E-05 9.9901E-05 9.9901E-05 0.0043527
0.0689132 9.9901E-05 0.0379476 9.9901E-05 9.9901E-05 9.9901E-05 0.00845678 9.9901E-05 9.9901E-05 9.9901E-05 0.879617 9.9901E-05 9.9901E-05 9.9901E-05 9.9901E-05 0.00396609
0.0783518 9.9883E-05 9.9883E-05 9.9883E-05 9.9883E-05 9.9883E-05 9.9883E-05 9.9883E-05 9.9883E-05 0.0403105 0.880039 9.9883E-05 9.9883E-05 9.9883E-05 9.9883E-05 9.9883E-05
0.0650361 0.0296513 9.9946E-05 9.9946E-05 9.9946E-05 0.012737 9.9946E-05 0.00704437 9.9946E-05 0.0269169 0.716165 0.0105825 0.0640795 9.9946E-05 0.0337763 0.0334111
0.188741 0.00327256 9.9901E-05 0.0057813 9.9901E-05 9.9901E-05 9.9901E-05 9.9901E-05 9.9901E-05 9.9901E-05 0.785773 0.0153333 9.9901E-05 9.9901E-05 9.9901E-05 9.9901E-05
9.9901E-05 9.9901E-05 0.0199798 9.9901E-05 0.0029816 0.00569114 9.9901E-05 9.9901E-05 0.955014 9.9901E-05 9.9901E-05 0.0152349 9.9901E-05 9.9901E-05 9.9901E-05 9.9901E-05
0.0731659 0.0159248 0.0167994 0.117495 9.9937E-05 9.9937E-05 9.9937E-05 0.0780296 0.178115 9.9937E-05 0.471374 9.9937E-05 9.9937E-05 9.9937E-05 0.0481845 0.00021167
0.144773 9.99279E-05 9.99279E-05 0.0619295 9.99279E-05 0.0242104 9.99279E-05 0.451057 0.0416486 0.0339717 0.235786 9.99279E-05 9.99279E-05 9.99279E-05 0.00582446 9.99279E-05
9.99101E-05 9.99101E-05 9.99101E-05 9.99101E-05 0.0232327 9.99101E-05 9.99101E-05 9.99101E-05 9.99101E-05 9.99101E-05 0.823388 0.0157807 9.99101E-05 0.0782405 0.0279115 0.0304476
9.9928E-05 9.9928E-05 9.9928E-05 9.9928E-05 0.0175566 9.9928E-05 0.0410436 0.016422 0.273739 9.9928E-05 0.580667 9.9928E-05 9.9928E-05 0.0405779 0.0111658 0.0180278
0.169426 9.9901E-05 9.9901E-05 9.9901E-05 9.9901E-05 9.9901E-05 0.00324902 9.9901E-05 0.373296 9.9901E-05 0.389484 9.9901E-05 9.9901E-05 0.0634463 9.9901E-05 9.9901E-05
0.0150567 9.9928E-05 9.9928E-05 9.9928E-05 9.9928E-05 0.00768483 9.9928E-05 0.180298 0.0404842 0.0696206 0.532112 9.9928E-05 0.0748294 0.0791154 9.9928E-05 9.9928E-05
9.9919E-05 9.9919E-05 0.017449 9.9919E-05 9.9919E-05 9.9919E-05 9.9919E-05 0.0928609 9.9919E-05 0.0524872 0.770616 9.9919E-05 0.0214068 9.9919E-05 0.0247778 0.0195026
9.9919E-05 0.00507245 0.0223542 9.9919E-05 9.9919E-05 0.0182928 9.9919E-05 9.9919E-05 0.10956 0.0136955 0.796845 0.033281 9.9919E-05 9.9919E-05 9.9919E-05 9.9919E-05
9.9901E-05 9.9901E-05 0.0162118 0.910212 9.9901E-05 0.00837476 9.9901E-05 9.9901E-05 9.9901E-05 9.9901E-05 0.0518335 9.9901E-05 9.9901E-05 9.9901E-05 0.012269 9.9901E-05
9.9901E-05 9.9901E-05 9.9901E-05 0.917911 9.9901E-05 9.9901E-05 9.9901E-05 0.00863117 9.9901E-05 9.9901E-05 0.00777796 0.055387 9.9901E-05 9.9901E-05 9.9901E-05 0.00919409
0.1185 0.0319728 0.0101119 0.736277 9.9946E-05 9.9946E-05 9.9946E-05 0.0319941 9.9946E-05 0.0171556 0.0247458 0.011129 0.00475316 9.9946E-05 0.0127615 9.9946E-05
0.000212942 0.0143358 0.000434188 0.680328 9.9937E-05 9.9937E-05 9.9937E-05 9.9937E-05 0.188491 0.0597702 9.9937E-05 0.0265283 9.9937E-05 9.9937E-05 0.0206097 0.00859028
0.014982 0.0422313 9.9928E-05 0.836354 9.9928E-05 0.0067948 9.9928E-05 0.0076031 9.9928E-05 0.086162 9.9928E-05 9.9928E-05 9.9928E-05 9.9928E-05 0.000322483 0.00475098
9.991E-05 9.991E-05 0.0386404 0.926729 9.991E-05 0.00529152 0.00505952 9.991E-05 0.01499 9.991E-05 9.991E-05 9.991E-05 9.991E-05 9.991E-05 9.991E-05 0.00829097
9.9874E-05 9.9874E-05 9.9874E-05 0.99596 9.9874E-05 9.9874E-05 9.9874E-05 9.9874E-05 9.9874E-05 9.9874E-05 9.9874E-05 0.00264194 9.9874E-05 9.9874E-05 9.9874E-05 9.9874E-05
9.991E-05 0.0287729 9.991E-05 0.788768 9.991E-05 9.991E-05 0.0119969 9.991E-05 9.991E-05 0.0117016 9.991E-05 9.991E-05 0.126941 0.0308199 9.991E-05 9.991E-05
