9.9937E-05 9.9937E-05 0.0796304 0.91967 9.9937E-05 9.9937E-05 9.9937E-05 9.9937E-05 9.9937E-05
0.00380536 9.9964E-05 0.1994 0.726599 9.9964E-05 9.9964E-05 0.0115668 0.0582284 9.9964E-05
9.9955E-05 0.0601209 0.145251 0.759101 9.9955E-05 9.9955E-05 9.9955E-05 9.9955E-05 0.0350265
9.9955E-05 9.9955E-05 0.143433 0.736717 9.9955E-05 9.9955E-05 9.9955E-05 0.0368048 0.0825451
9.9964E-05 9.9964E-05 0.0480764 0.787276 9.9964E-05 0.00624978 9.9964E-05 0.085196 0.0728017
9.9955E-05 9.9955E-05 9.9955E-05 0.862881 0.0209618 0.0558959 9.9955E-05 0.0597612 9.9955E-05
9.9955E-05 9.9955E-05 9.9955E-05 0.904967 0.00183188 9.9955E-05 9.9955E-05 0.0194751 0.0732262
9.9973E-05 9.9973E-05 0.0119739 0.817323 0.0217272 0.0108683 0.00517759 9.9973E-05 0.13263
9.9955E-05 0.0195741 9.9955E-05 0.781626 9.9955E-05 9.9955E-05 9.9955E-05 0.069714 0.128586
0.0689464 0.0422592 9.9973E-05 0.795038 0.0195406 9.9973E-05 9.9973E-05 0.0554233 0.018493
0.0363829 0.0670567 0.140762 0.716909 0.00129947 0.0157712 9.9982E-05 0.0216196 9.9982E-05
9.9955E-05 0.102545 0.142812 0.735066 9.9955E-05 0.0190775 9.9955E-05 9.9955E-05 9.9955E-05
9.9982E-05 0.00625684 9.9982E-05 0.808538 0.0254773 0.000737942 0.0138311 0.0123248 0.132634
0.0406492 0.0573878 0.0753305 0.712721 0.00919231 0.00184069 9.9982E-05 0.102679 9.9982E-05
0.0208479 0.0360398 0.109518 0.769933 9.9973E-05 9.9973E-05 9.9973E-05 0.0412237 0.0221372
9.9955E-05 9.9955E-05 9.9955E-05 0.857152 9.9955E-05 0.00445128 9.9955E-05 0.109914 0.0279827
9.9946E-05 9.9946E-05 9.9946E-05 0.949469 0.0091327 0.0407988 9.9946E-05 9.9946E-05 9.9946E-05
9.9937E-05 9.9937E-05 9.9937E-05 0.974544 9.9937E-05 0.0247563 9.9937E-05 9.9937E-05 9.9937E-05
0.0264844 9.9955E-05 9.9955E-05 0.958718 0.00296136 9.9955E-05 0.0113362 9.9955E-05 9.9955E-05
0.0163206 0.0165125 9.9973E-05 0.88962 0.0196064 0.032405 0.0252358 9.9973E-05 9.9973E-05
9.993E-05 0.999201 9.993E-05 9.993E-05 9.993E-05 9.993E-05 9.993E-05 9.993E-05 9.993E-05
9.9955E-05 0.728865 0.153809 9.9955E-05 9.9955E-05 9.9955E-05 0.0522297 0.0645966 9.9955E-05
0.151915 0.681011 9.9982E-05 0.0278178 0.0291012 9.9982E-05 0.0518323 0.0515657 0.00655693
9.9964E-05 0.724704 9.9964E-05 9.9964E-05 0.0275567 0.0296809 0.175149 9.9964E-05 0.042509
0.011937 0.889943 9.9955E-05 9.9955E-05 0.0225038 9.9955E-05 9.9955E-05 9.9955E-05 0.0751168
9.9973E-05 0.779991 9.9973E-05 0.0176102 0.0225092 0.0263988 0.00471662 9.9973E-05 0.148475
0.0299237 0.673805 9.9964E-05 9.9964E-05 9.9964E-05 9.9964E-05 0.0728471 0.0248742 0.19815
9.993E-05 0.999201 9.993E-05 9.993E-05 9.993E-05 9.993E-05 9.993E-05 9.993E-05 9.993E-05
9.9955E-05 0.664343 9.9955E-05 9.9955E-05 0.0114138 9.9955E-05 9.9955E-05 0.0802496 0.243494
0.156789 0.561939 9.9982E-05 0.00979301 0.0222299 9.9982E-05 0.0875628 0.068095 0.0933913
9.9955E-05 0.644631 0.0662467 9.9955E-05 9.9955E-05 9.9955E-05 9.9955E-05 0.108084 0.180539
0.083649 0.671187 9.9982E-05 9.9982E-05 0.0115182 0.00506825 0.11023 0.0208737 0.097274
9.9982E-05 0.626405 9.9982E-05 0.0145646 0.00758556 0.00139874 0.0574303 0.0935668 0.198849
0.0261847 0.597709 0.196933 9.9973E-05 0.0236829 9.9973E-05 9.9973E-05 0.127127 0.0280632
0.0850338 0.518723 0.0858358 0.00876278 0.0424619 0.0070769 9.9991E-05 0.0245427 0.227463
9.9964E-05 0.437368 0.38174 0.0305085 9.9964E-05 0.00543873 9.9964E-05 0.144546 9.9964E-05
0.195412 0.604742 0.0121858 9.9973E-05 0.0294105 0.015046 0.142903 9.9973E-05 9.9973E-05
0.116296 0.0612571 0.0406738 9.9982E-05 9.9982E-05 0.030136 0.741056 0.00560947 0.00477174
0.213562 9.9964E-05 9.9964E-05 9.9964E-05 0.0245661 9.9964E-05 0.658646 0.0106267 0.0921986
0.137515 9.9982E-05 0.0452076 9.9982E-05 0.00640179 0.018742 0.670886 0.0476482 0.0734001
0.177222 0.0130618 9.9982E-05 0.00942493 0.00220472 0.0142552 0.74719 0.0364412 9.9982E-05
0.0922785 0.0363226 0.0518546 0.0257109 0.0398807 0.00685619 0.746897 9.9982E-05 9.9982E-05
0.145996 9.9964E-05 9.9964E-05 9.9964E-05 0.017279 0.00766616 0.802887 9.9964E-05 0.0257726
0.0683929 9.9991E-05 0.0685861 0.0379165 0.0280436 0.0223578 0.624268 0.139093 0.0112415
0.19707 0.0453254 0.000126067 9.9973E-05 0.026123 9.9973E-05 0.70314 9.9973E-05 0.0279157
9.9964E-05 9.9964E-05 9.9964E-05 0.0545166 0.0228407 9.9964E-05 0.766072 0.00398709 0.152184
0.145625 0.0036522 9.9964E-05 9.9964E-05 0.0453164 0.0416647 0.763342 9.9964E-05 9.9964E-05
0.0459099 0.00575815 0.0397241 9.9991E-05 0.0343548 0.00650612 0.830774 0.0322089 0.00466392
9.9973E-05 0.0321786 0.000854467 0.0357108 0.00296505 0.0392007 0.888791 9.9973E-05 9.9973E-05
0.0969551 9.9973E-05 0.0714908 9.9973E-05 0.0163966 0.00560672 0.753037 0.0562138 9.9973E-05
9.9964E-05 9.9964E-05 0.0636436 9.9964E-05 0.0213423 0.0319968 0.844182 9.9964E-05 0.038435
9.9973E-05 0.035541 0.0587335 9.9973E-05 0.00301548 0.0369884 0.849623 0.0157991 9.9973E-05
0.0164771 9.9973E-05 9.9973E-05 0.0111508 0.0893294 0.00334773 0.805173 9.9973E-05 0.0742219
0.134031 9.9964E-05 9.9964E-05 0.086542 0.00882275 0.0227893 0.747415 9.9964E-05 9.9964E-05
0.0861396 9.9982E-05 9.9982E-05 0.0206741 0.0427938 0.0321777 0.739754 0.0690515 0.00920907
9.9982E-05 9.9982E-05 0.140291 0.0110047 0.00469582 0.0254215 0.714023 0.0176027 0.0867613
0.0016585 0.0645398 9.9982E-05 0.0703456 0.0666311 9.9982E-05 0.68775 0.026795 0.0820801
0.487092 0.0673039 0.209875 0.0252043 0.0255831 0.0226056 0.123287 0.029919 0.00912952
9.993E-05 9.993E-05 0.999201 9.993E-05 9.993E-05 9.993E-05 9.993E-05 9.993E-05 9.993E-05
0.480099 0.0294672 0.279522 0.00578625 0.0790183 0.0176776 9.9991E-05 0.0296619 0.0786677
0.396797 9.9982E-05 0.326334 0.0160736 0.0725074 0.0296923 0.0449571 9.9982E-05 0.113439
0.463539 9.9964E-05 0.222911 9.9964E-05 0.051591 0.0199221 9.9964E-05 9.9964E-05 0.241637
0.664329 9.9991E-05 0.137958 0.011778 0.0680894 0.0129883 0.0327681 0.00370641 0.0682834
0.784905 0.0313993 0.00145469 9.9964E-05 0.100452 0.0813894 9.9964E-05 9.9964E-05 9.9964E-05
9.993E-05 9.993E-05 0.999201 9.993E-05 9.993E-05 9.993E-05 9.993E-05 9.993E-05 9.993E-05
0.374846 9.9991E-05 0.287082 0.083193 0.0457538 0.041323 0.0392918 0.0255312 0.10288
0.674995 0.135459 9.9982E-05 0.00890458 0.103236 0.0510576 0.000899104 0.025248 9.9982E-05
0.684355 9.9991E-05 0.00685826 0.0313646 0.10846 0.0470105 0.00299188 0.00353267 0.115327
0.714161 0.0980292 0.0499919 9.9964E-05 0.102834 0.0345845 9.9964E-05 9.9964E-05 9.9964E-05
0.448216 0.0589125 0.27625 0.0241976 0.0878294 0.0603256 9.9982E-05 9.9982E-05 0.0440689
0.801738 9.9964E-05 9.9964E-05 0.0280763 0.0781635 0.022024 9.9964E-05 9.9964E-05 0.0695985
0.740155 9.9964E-05 9.9964E-05 9.9964E-05 0.0737094 0.0428873 0.0256323 9.9964E-05 0.117216
0.528219 0.0207182 0.286312 9.9973E-05 0.0530302 0.0117288 9.9973E-05 9.9973E-05 0.0996919
0.0780075 0.00175214 0.505813 9.9973E-05 0.0049003 0.0124616 9.9973E-05 9.9973E-05 0.396766
0.403963 0.0329755 0.0173578 9.9982E-05 0.0200318 0.0593098 0.238232 9.9982E-05 0.22793
0.573514 9.9991E-05 0.0312845 0.0311224 0.0764519 0.0371141 0.215894 0.0079752 0.0265439
0.249465 9.9973E-05 0.230891 0.0763862 0.0163317 0.0360317 0.390595 9.9973E-05 9.9973E-05
0.869734 9.99459E-05 9.99459E-05 9.99459E-05 0.0933968 0.0362696 9.99459E-05 9.99459E-05 9.99459E-05
0.185706 0.0283802 0.249237 0.0469106 0.083462 0.061773 0.169006 9.9991E-05 0.175425
0.58391 0.0215668 0.127779 9.9982E-05 0.109783 0.0604331 0.0753777 9.9982E-05 0.0209509
0.612909 0.074754 9.9991E-05 0.0479461 0.0711078 0.0703332 0.0700125 0.00919891 0.043638
0.538272 0.0162281 0.219228 0.052699 0.0951397 0.00564926 0.010366 0.00252781 0.0598907
0.715521 9.9973E-05 0.069497 0.0667147 0.0870279 0.0165536 0.0443858 9.9973E-05 9.9973E-05
0.175053 0.0650398 0.156085 0.0292287 0.0978513 0.0464389 0.247505 0.182698 9.9991E-05
0.0834685 9.9964E-05 0.164394 9.9964E-05 9.9964E-05 0.038829 0.15448 0.558428 9.9964E-05
0.190091 0.0196725 0.244946 0.00328909 0.00956729 0.0411227 0.134476 0.13411 0.222726
0.736403 9.9982E-05 0.00527474 0.0186669 0.0718507 0.0581273 0.0444894 0.0649881 9.9982E-05
0.599605 9.9982E-05 0.00751851 9.9982E-05 0.0183794 0.0924212 0.0300837 0.112095 0.139697
0.521848 9.9982E-05 0.150856 0.00523873 0.0855284 9.9982E-05 0.015078 0.0448232 0.176428
9.9937E-05 9.9937E-05 0.785221 9.9937E-05 0.214079 9.9937E-05 9.9937E-05 9.9937E-05 9.9937E-05
0.609019 9.9982E-05 0.176604 0.00203351 0.0609104 0.0463643 0.0618005 9.9982E-05 0.043068
0.817677 9.9964E-05 9.9964E-05 9.9964E-05 0.0773038 0.0264428 0.0160077 0.062169 9.9964E-05
0.106814 0.0329191 0.591191 0.10147 0.014907 0.0256142 9.9991E-05 0.0998143 0.0271702
0.182975 0.0807649 0.508428 0.0120909 0.0295245 0.0297705 0.0780214 9.9991E-05 0.0783248
0.378856 9.9982E-05 0.427143 0.0235533 0.0202672 0.0292337 9.9982E-05 0.090448 0.0302984
0.344251 0.0697058 0.390838 0.068396 0.0263167 9.9982E-05 9.9982E-05 0.0408053 0.0594868
0.156614 9.9991E-05 0.38789 0.0118459 0.00757741 0.090685 0.0947057 0.08246 0.168122
0.404663 9.9982E-05 0.268203 0.0603791 0.0521088 0.0489161 0.0842041 9.9982E-05 0.0813265
0.578025 0.0320318 0.0544993 0.00362376 0.0560684 0.0479932 9.9982E-05 9.9982E-05 0.227558
0.404894 9.9982E-05 0.243388 0.00892298 0.0699887 0.0969303 0.0604086 9.9982E-05 0.115268
0.49294 0.0315418 0.250294 0.0313309 0.0537295 0.0180306 0.00244064 0.0127777 0.106914
0.473544 0.028794 0.251336 0.0120995 0.133521 0.0435454 9.9982E-05 0.0569598 9.9982E-05
0.806248 0.00677639 9.9973E-05 9.9973E-05 0.0676259 0.0002967 9.9973E-05 0.0399784 0.0787744
9.993E-05 9.993E-05 9.993E-05 9.993E-05 0.999201 9.993E-05 9.993E-05 9.993E-05 9.993E-05
0.31851 0.0277676 0.313637 0.0556612 0.0535669 0.0536449 0.00156645 0.0610856 0.11456
0.71936 0.0157372 0.162077 0.0234705 0.0725571 0.00649856 9.9973E-05 9.9973E-05 9.9973E-05
0.528298 9.9982E-05 0.198086 0.0547488 0.0718077 0.0213629 9.9982E-05 0.10026 0.0252364
0.7151 9.9973E-05 0.0802934 9.9973E-05 0.0751658 0.0127926 0.0994048 0.0169434 9.9973E-05
0.412774 9.9964E-05 0.189474 9.9964E-05 0.0105789 0.0719543 9.9964E-05 9.9964E-05 0.314819
0.462089 0.0300281 0.155758 0.0584035 0.045874 0.0143484 0.002826 9.9991E-05 0.230573
9.993E-05 9.993E-05 9.993E-05 9.993E-05 9.993E-05 0.999201 9.993E-05 9.993E-05 9.993E-05
9.993E-05 9.993E-05 9.993E-05 9.993E-05 0.999201 9.993E-05 9.993E-05 9.993E-05 9.993E-05
9.993E-05 9.993E-05 9.993E-05 9.993E-05 9.993E-05 0.999201 9.993E-05 9.993E-05 9.993E-05
0.260877 9.9955E-05 0.683548 9.9955E-05 0.0308924 9.9955E-05 9.9955E-05 0.0241825 9.9955E-05
0.212578 0.112737 0.52518 0.00758319 0.0603374 0.0492059 9.9982E-05 0.0321774 9.9982E-05
0.3477 0.0622725 0.339633 0.0726793 0.0472738 0.0304208 9.9991E-05 0.0108067 0.0891141
0.535184 0.0281942 0.169301 0.06043 0.0814551 0.0789337 9.9982E-05 9.9982E-05 0.0463013
0.714761 0.0426464 9.9982E-05 0.0380147 0.106709 0.0255145 0.0521221 9.9982E-05 0.0200323
9.99369E-05 9.99369E-05 0.853391 9.99369E-05 0.14591 9.99369E-05 9.99369E-05 9.99369E-05 9.99369E-05
0.300008 9.9991E-05 0.303798 0.0565469 0.0798515 0.03497 0.0998782 0.047211 0.0776365
0.0523451 9.9964E-05 0.206807 9.9964E-05 9.9964E-05 0.00447593 9.9964E-05 0.00201798 0.733954
0.068607 9.9955E-05 9.9955E-05 9.9955E-05 0.00521088 0.021222 9.9955E-05 9.9955E-05 0.90446
0.0797945 0.0440139 0.0431445 0.00333664 0.0366767 0.0339911 9.9982E-05 9.9982E-05 0.758843
9.9937E-05 9.9937E-05 0.233008 9.9937E-05 9.9937E-05 9.9937E-05 9.9937E-05 9.9937E-05 0.766292
9.9982E-05 0.0161121 0.0898358 0.00017023 0.021186 0.0473579 9.9982E-05 0.0412449 0.783893
9.9955E-05 0.0155451 9.9955E-05 9.9955E-05 0.0241214 9.9955E-05 9.9955E-05 0.0564403 0.903393
9.993E-05 9.993E-05 9.993E-05 9.993E-05 9.993E-05 9.993E-05 9.993E-05 9.993E-05 0.999201
0.0374679 0.0210679 0.00704658 0.0496028 0.0352115 9.9973E-05 9.9973E-05 9.9973E-05 0.849303
9.9946E-05 9.9946E-05 9.9946E-05 9.9946E-05 9.9946E-05 0.0276652 0.0601082 9.9946E-05 0.911627
0.11501 9.9973E-05 0.0268908 9.9973E-05 0.0177032 0.00436189 0.0597261 9.9973E-05 0.776008
0.129209 0.0487952 0.00730345 9.9982E-05 0.00290806 0.0234011 0.000221971 9.9982E-05 0.787962
9.9973E-05 0.0481895 9.9973E-05 9.9973E-05 0.0250428 0.0275041 0.0266326 0.699366 0.172965
9.9982E-05 0.00670953 0.0275046 0.00972213 0.0260101 9.9982E-05 0.0439228 0.700462 0.185469
0.109354 0.0910535 9.9982E-05 0.00327063 0.0247827 0.0314818 0.0445013 0.695356 9.9982E-05
9.9964E-05 0.057726 9.9964E-05 0.0637527 9.9964E-05 0.0357829 0.107627 0.734711 9.9964E-05
0.0772069 0.0597195 0.0378831 0.0308748 0.00568203 9.9991E-05 0.1246 0.648707 0.0152267
9.9973E-05 0.0501253 0.0932113 0.0161627 9.9973E-05 0.0174079 9.9973E-05 0.68961 0.133182
9.9973E-05 0.0688209 9.9973E-05 9.9973E-05 0.0723962 0.0108546 0.0968778 0.687144 0.0636064
0.127782 0.0602841 9.99681E-05 9.99681E-05 0.0211854 0.00195538 9.99681E-05 0.788393 9.99681E-05
0.0100638 0.0503547 0.195728 0.0402033 0.00679317 0.0573079 0.101847 0.537111 0.000591341
9.9955E-05 9.9955E-05 9.9955E-05 9.9955E-05 0.0213707 9.9955E-05 0.152492 0.602131 0.223507
0.0205054 0.055045 9.9991E-05 0.017137 0.00905498 0.01124 0.114182 0.730798 0.0419375
9.9973E-05 0.0283382 0.0550328 0.0636729 9.9973E-05 9.9973E-05 0.124329 0.716918 0.0114092
0.0999849 0.0763153 0.0234991 0.0404659 0.00452181 0.0360008 0.0633087 0.578859 0.0770443
0.0353315 9.9973E-05 0.17592 9.9973E-05 9.9973E-05 0.0230123 0.106522 0.555163 0.103752
9.9964E-05 0.0817361 0.190981 0.0439945 9.9964E-05 0.0272553 9.9964E-05 0.655633 9.9964E-05
9.9946E-05 9.9946E-05 0.239235 0.0503097 9.9946E-05 9.9946E-05 9.9946E-05 0.709855 9.9946E-05
9.9964E-05 9.9964E-05 0.0501939 9.9964E-05 9.9964E-05 0.0312 0.0121428 0.790182 0.115882
0.100685 9.9982E-05 0.00790186 0.0650813 0.000324029 0.0338489 0.0584621 0.733497 9.9982E-05
9.9973E-05 0.078343 9.9973E-05 0.0671455 0.00783285 0.0240109 0.0310565 0.791311 9.9973E-05
9.9982E-05 0.0479086 0.174355 0.00905079 0.000190845 0.00498552 0.0729087 0.6904 9.9982E-05
0.0378197 0.0774144 0.16378 0.063342 0.0210836 0.016978 9.9991E-05 0.600833 0.0186494
0.0303264 0.0387024 9.9982E-05 9.9982E-05 0.04103 0.0582317 0.0736963 0.687524 0.0702893
9.9955E-05 9.9955E-05 0.149376 9.9955E-05 9.9955E-05 0.0506523 9.9955E-05 0.714622 0.0848501
9.9973E-05 0.0189912 0.173635 0.0277548 9.9973E-05 0.00586205 9.9973E-05 0.733533 0.0399242
9.9973E-05 0.070206 0.170814 0.0440122 0.0226505 0.0202344 9.9973E-05 0.671783 9.9973E-05
0.0070681 0.0860434 0.123261 0.0227358 9.9973E-05 9.9973E-05 9.9973E-05 0.638457 0.122135
9.9982E-05 0.0318124 0.148677 0.0333209 0.00721249 0.0355303 0.0855315 0.657716 9.9982E-05
9.9964E-05 9.9964E-05 0.226544 0.0598997 0.0228556 9.9964E-05 0.00528777 0.685014 9.9964E-05
9.9973E-05 9.9973E-05 0.216688 0.064749 9.9973E-05 0.0143684 0.0479821 0.644057 0.0118549
0.0272033 0.0499491 0.0591467 9.9982E-05 0.0347653 0.0106306 0.072666 0.745439 9.9982E-05
9.9973E-05 9.9973E-05 0.0108105 9.9973E-05 0.0363197 0.0236472 0.112628 0.764305 0.0519896
0.0776078 0.00872594 0.067332 0.0643736 0.018794 0.0107573 0.0939032 0.65677 0.0017357
0.0765509 0.0742754 0.0261314 9.9982E-05 0.00308643 9.9982E-05 0.0788459 0.699274 0.0416357
9.9964E-05 0.0693414 0.056494 9.9964E-05 0.0389982 0.0631235 9.9964E-05 0.771643 9.9964E-05
0.0580334 0.0692549 0.0596285 9.9973E-05 9.9973E-05 0.00997133 9.9973E-05 0.787861 0.0149511
9.9964E-05 0.068434 0.287277 9.9964E-05 9.9964E-05 9.9964E-05 0.600974 0.0410484 0.00186679
9.9964E-05 0.0303769 0.325723 9.9964E-05 0.00117663 9.9964E-05 0.538335 0.103989 9.9964E-05
9.9964E-05 0.0531219 0.317519 0.0344588 9.9964E-05 9.9964E-05 0.534805 0.0596954 9.9964E-05
9.9964E-05 0.00305842 0.314513 0.0498589 9.9964E-05 9.9964E-05 0.541286 0.0908831 9.9964E-05
9.9973E-05 0.0586955 0.222083 0.066155 9.9973E-05 0.026073 0.573116 0.053578 9.9973E-05
0.0141173 0.100432 0.012557 9.9991E-05 0.03869 0.031647 0.664986 0.0648501 0.0726206
9.9964E-05 9.9964E-05 0.128555 0.00658029 9.9964E-05 9.9964E-05 0.775815 0.0106992 0.0779507
9.9973E-05 0.16863 0.00973982 0.0850808 9.9973E-05 0.00122925 0.601689 9.9973E-05 0.133332
