9.9991E-05 0.183915 0.752508 0.0634772
9.998E-05 9.998E-05 0.9997 9.998E-05
9.999E-05 0.485423 0.484035 0.0304413
0.250435 0.117027 0.632438 9.9991E-05
9.9982E-05 0.718508 9.9982E-05 0.281292
0.914509 0.0265163 0.0588742 9.9991E-05
0.165825 0.792545 9.9991E-05 0.0415297
9.9982E-05 0.0309135 0.968887 9.9982E-05
0.773188 9.9982E-05 9.9982E-05 0.226612
9.9982E-05 0.746288 9.9982E-05 0.253512
9.99821E-05 0.98814 9.99821E-05 0.0116603
0.142345 9.9982E-05 0.857455 9.9982E-05
0.0955875 0.511646 9.9991E-05 0.392667
9.9982E-05 0.894789 0.105011 9.9982E-05
9.9982E-05 0.425074 9.9982E-05 0.574726
0.0817469 9.9991E-05 0.0633257 0.854827
0.0711555 9.9982E-05 0.928645 9.9982E-05
0.283966 0.322207 9.9991E-05 0.393727
0.9997 9.998E-05 9.998E-05 9.998E-05
0.105829 9.9982E-05 9.9982E-05 0.893971
0.305556 9.9982E-05 9.9982E-05 0.694244
0.644631 9.9991E-05 0.0547155 0.300554
0.145755 0.00114149 9.9991E-05 0.853003
0.178769 0.202404 0.485339 0.133488
0.0865916 0.771199 0.14211 9.9991E-05
9.9982E-05 0.206564 9.9982E-05 0.793236
9.99821E-05 0.233385 0.766415 9.99821E-05
0.630154 0.248209 9.9991E-05 0.121537
9.99821E-05 9.99821E-05 0.97502 0.0247798
0.631876 9.99821E-05 0.367924 9.99821E-05
9.9982E-05 0.958704 0.0410963 9.9982E-05
9.998E-05 0.9997 9.998E-05 9.998E-05
9.9982E-05 0.974444 9.9982E-05 0.0253557
0.954457 0.0453431 9.9982E-05 9.9982E-05
0.0415562 0.000169768 0.958174 9.9991E-05
0.289056 9.9982E-05 9.9982E-05 0.710744
0.900125 9.9982E-05 9.9982E-05 0.099675
0.971663 0.0266714 0.00156518 9.9991E-05
0.137735 0.712863 0.116648 0.032754
0.914418 9.99821E-05 0.0853819 9.99821E-05
0.758895 9.9982E-05 0.240905 9.9982E-05
0.108981 9.9982E-05 0.890819 9.9982E-05
9.99821E-05 9.99821E-05 0.00774993 0.99205
9.9982E-05 0.87176 0.12804 9.9982E-05
9.9982E-05 0.216664 9.9982E-05 0.783136
9.9982E-05 9.9982E-05 0.935152 0.0646478
0.363233 9.9982E-05 9.9982E-05 0.636567
0.831601 9.99821E-05 9.99821E-05 0.168199
9.9991E-05 0.14758 0.117342 0.734979
0.400357 9.9982E-05 9.9982E-05 0.599443
