0.0966465 9.9928E-05 9.9928E-05 9.9928E-05 9.9928E-05 0.00130667 0.901247 9.9928E-05 9.9928E-05 9.9928E-05 9.9928E-05
9.9964E-05 0.00668699 9.9964E-05 0.128794 9.9964E-05 0.00913236 0.703808 0.00363894 0.0761745 9.9964E-05 0.0713655
9.9946E-05 9.9946E-05 9.9946E-05 0.145137 0.0467108 9.9946E-05 0.740929 9.9946E-05 0.0284004 9.9946E-05 0.0382229
0.0509794 0.00964522 9.9964E-05 0.0997171 0.028165 0.000421892 0.752892 9.9964E-05 9.9964E-05 9.9964E-05 0.0577795
0.0269695 0.0194527 9.9973E-05 9.9973E-05 9.9973E-05 0.0106828 0.809737 0.00151041 0.0855243 0.0024634 0.0433604
0.046503 9.9955E-05 9.9955E-05 9.9955E-05 9.9955E-05 0.0159709 0.848317 0.025225 0.0268154 9.9955E-05 0.0366688
9.9955E-05 0.00669615 9.9955E-05 9.9955E-05 0.00469749 0.0200234 0.884558 9.9955E-05 0.0400945 9.9955E-05 0.0434311
0.0409487 9.9964E-05 9.9964E-05 0.00396149 9.9964E-05 0.0045821 0.804723 0.0151051 0.120658 9.9964E-05 0.00962166
9.9946E-05 0.00844669 9.9946E-05 0.00874647 9.9946E-05 9.9946E-05 0.783796 9.9946E-05 0.132622 9.9946E-05 0.0657889
0.0545188 0.0144311 9.9973E-05 9.9973E-05 0.0559666 0.0080143 0.799292 9.9973E-05 0.00485034 0.00455772 0.0580697
0.100011 9.9964E-05 9.9964E-05 0.0855412 0.0113198 0.0147545 0.697392 0.0336131 9.9964E-05 9.9964E-05 0.0569686
0.067774 0.00589527 9.9955E-05 0.132159 0.0750344 9.9955E-05 0.71775 0.000887745 9.9955E-05 9.9955E-05 9.9955E-05
0.0304237 9.9955E-05 0.0012238 9.9955E-05 9.9955E-05 0.0428332 0.747367 0.0157313 0.161921 9.9955E-05 9.9955E-05
0.00254986 9.9982E-05 0.0209275 0.0518679 0.0861666 0.00404319 0.68428 0.00112617 0.0298347 9.9982E-05 0.119004
9.9964E-05 9.9964E-05 9.9964E-05 0.00777315 0.0470757 0.0145573 0.775285 9.9964E-05 0.0710305 0.0525022 0.0313765
9.9946E-05 9.9946E-05 0.0375864 9.9946E-05 9.9946E-05 9.9946E-05 0.868529 0.00371263 0.0302429 9.9946E-05 0.0593295
9.9928E-05 0.0132461 9.9928E-05 9.9928E-05 9.9928E-05 9.9928E-05 0.944644 0.0413104 9.9928E-05 9.9928E-05 9.9928E-05
9.9937E-05 9.9937E-05 0.0281848 0.00836788 9.9937E-05 9.9937E-05 0.951158 0.01159 9.9937E-05 9.9937E-05 9.9937E-05
9.9937E-05 9.9937E-05 0.0246188 9.9937E-05 9.9937E-05 0.00661822 0.940826 9.9937E-05 9.9937E-05 0.0272373 9.9937E-05
9.9946E-05 0.0525323 0.0321689 9.9946E-05 0.0210575 9.9946E-05 0.883377 0.0102642 9.9946E-05 9.9946E-05 9.9946E-05
9.99101E-05 9.99101E-05 9.99101E-05 9.99101E-05 0.999001 9.99101E-05 9.99101E-05 9.99101E-05 9.99101E-05 9.99101E-05 9.99101E-05
0.25074 9.9937E-05 9.9937E-05 0.0847409 0.615564 0.0482554 9.9937E-05 9.9937E-05 9.9937E-05 9.9937E-05 9.9937E-05
0.310686 9.9937E-05 9.9937E-05 9.9937E-05 0.584683 0.00372119 9.9937E-05 9.9937E-05 9.9937E-05 0.100211 9.9937E-05
0.0987389 0.0594911 0.120598 9.9955E-05 0.709987 9.9955E-05 9.9955E-05 0.00986661 0.000818758 9.9955E-05 9.9955E-05
0.0167183 0.00814109 9.9964E-05 0.0488615 0.855701 9.9964E-05 0.00118465 9.9964E-05 0.0590781 0.00991559 9.9964E-05
9.9964E-05 0.0112648 0.0311982 9.9964E-05 0.778751 0.00218896 0.0148621 0.0198839 0.141451 9.9964E-05 9.9964E-05
0.153204 9.9946E-05 9.9946E-05 9.9946E-05 0.620946 9.9946E-05 9.9946E-05 9.9946E-05 0.0386913 0.151888 0.0346708
9.99101E-05 9.99101E-05 9.99101E-05 9.99101E-05 0.999001 9.99101E-05 9.99101E-05 9.99101E-05 9.99101E-05 9.99101E-05 9.99101E-05
9.9955E-05 0.0393905 0.00682534 0.0654446 0.669699 9.9955E-05 9.9955E-05 9.9955E-05 0.139503 9.9955E-05 0.0786387
0.106867 9.9955E-05 9.9955E-05 9.9955E-05 0.555032 0.0253705 9.9955E-05 9.9955E-05 0.0713958 0.187545 0.0532902
0.0250225 9.9955E-05 9.9955E-05 0.109659 0.641333 9.9955E-05 9.9955E-05 0.00396886 0.138122 9.9955E-05 0.0813953
9.9964E-05 9.9964E-05 0.191092 9.9964E-05 0.668295 0.0105357 9.9964E-05 0.0262222 0.0741256 0.0183346 0.0109946
9.9964E-05 9.9964E-05 0.126609 9.9964E-05 0.608906 0.0415485 0.0596753 9.9964E-05 0.0914968 0.0121351 0.0592297
9.99459E-05 9.99459E-05 9.99459E-05 0.235536 0.600675 0.043525 9.99459E-05 9.99459E-05 0.0260462 9.99459E-05 0.0936183
9.9964E-05 0.0431905 0.102196 0.156747 0.509587 0.00774262 9.9964E-05 9.9964E-05 0.143967 9.9964E-05 0.036169
0.129544 9.99549E-05 9.99549E-05 0.294772 0.377872 0.00152228 0.0327866 9.99549E-05 9.99549E-05 9.99549E-05 0.163003
9.99729E-05 0.0257561 0.137183 0.0950654 0.571472 0.01194 9.99729E-05 9.99729E-05 9.99729E-05 0.110316 0.0478671
0.142756 9.9964E-05 0.655114 9.9964E-05 0.0180078 9.9964E-05 0.0046029 0.0011084 0.0407398 0.137271 9.9964E-05
0.179728 0.0186091 0.556078 9.9973E-05 9.9973E-05 0.0140116 9.9973E-05 0.003377 0.0893541 0.12963 0.00891185
0.0676544 9.9973E-05 0.715393 0.0538337 9.9973E-05 0.0186279 9.9973E-05 0.0151214 0.065322 0.055033 0.00871411
9.99513E-05 9.99513E-05 0.846438 0.0229666 0.0181067 9.99513E-05 9.99513E-05 9.99513E-05 9.99513E-05 0.0963325 0.015556
0.170296 0.0252829 0.687361 0.0270098 9.9964E-05 0.0607495 0.0218018 0.00709886 9.9964E-05 9.9964E-05 9.9964E-05
0.131798 0.0325364 0.728847 9.9964E-05 9.9964E-05 0.00111302 0.0157057 0.00638375 9.9964E-05 0.0832166 9.9964E-05
0.195455 0.0195433 0.527424 0.0817805 9.9982E-05 0.0178922 0.0214442 0.00265619 0.0396464 9.9982E-05 0.0939587
0.155436 0.0529054 0.644125 9.9955E-05 0.0207704 0.0215496 9.9955E-05 9.9955E-05 9.9955E-05 0.104714 9.9955E-05
0.09323 0.0105645 0.662804 9.9964E-05 9.9964E-05 9.9964E-05 0.0259416 9.9964E-05 0.0945775 0.0718729 0.04061
9.9946E-05 0.0382233 0.88907 0.036244 9.9946E-05 0.00992626 9.9946E-05 0.0259365 9.9946E-05 9.9946E-05 9.9946E-05
0.137622 0.0234486 0.751932 0.0693195 9.9955E-05 0.0120457 9.9955E-05 0.00513268 9.9955E-05 9.9955E-05 9.9955E-05
9.9937E-05 9.9937E-05 0.94757 0.00209755 0.0207095 9.9937E-05 9.9937E-05 0.0289233 9.9937E-05 9.9937E-05 9.9937E-05
0.237519 9.9946E-05 0.600741 0.0962402 9.9946E-05 0.0250841 9.9946E-05 9.9946E-05 9.9946E-05 9.9946E-05 0.0398168
0.193011 9.9946E-05 0.679001 0.0251014 9.9946E-05 9.9946E-05 9.9946E-05 0.0302149 0.0720721 9.9946E-05 9.9946E-05
9.9937E-05 9.9937E-05 0.883495 0.0865264 0.00606347 0.0232155 9.9937E-05 9.9937E-05 9.9937E-05 9.9937E-05 9.9937E-05
0.0579863 0.0516951 0.777471 9.99549E-05 9.99549E-05 0.0611457 0.01723 9.99549E-05 0.033972 9.99549E-05 9.99549E-05
0.150875 9.9955E-05 0.702013 0.0574119 0.00407728 9.9955E-05 0.0701838 0.0149393 9.9955E-05 9.9955E-05 9.9955E-05
9.9973E-05 0.00561365 0.733727 9.9973E-05 9.9973E-05 0.0308088 0.0111447 0.0180146 0.0102509 0.151192 0.0389489
0.246373 9.9955E-05 0.60636 0.0925464 9.9955E-05 9.9955E-05 9.9955E-05 0.00651986 0.0238575 0.0238438 9.9955E-05
9.9955E-05 0.0480764 0.755314 9.9955E-05 0.005103 9.9955E-05 0.0774432 9.9955E-05 0.0611199 9.9955E-05 0.0524434
0.144171 0.0245711 0.0658593 0.249155 9.9982E-05 0.0121326 0.00039173 0.0206198 9.9982E-05 0.459996 0.022903
9.99101E-05 9.99101E-05 9.99101E-05 0.999001 9.99101E-05 9.99101E-05 9.99101E-05 9.99101E-05 9.99101E-05 9.99101E-05 9.99101E-05
0.187209 0.0767722 9.9982E-05 0.161609 0.00268793 0.0641971 0.0163604 0.00350518 0.0130905 0.474368 9.9982E-05
0.141919 0.0659084 0.0175581 0.257914 9.9964E-05 0.0383377 9.9964E-05 9.9964E-05 0.131194 0.346768 9.9964E-05
0.020949 0.0179484 9.9964E-05 0.295205 9.9964E-05 0.00929145 9.9964E-05 0.0158107 0.186867 0.453529 9.9964E-05
9.9982E-05 0.00378506 0.0613792 0.183251 0.0314025 0.00640454 0.0229366 0.0251743 9.9982E-05 0.664534 0.00093326
9.99101E-05 9.99101E-05 9.99101E-05 9.99101E-05 9.99101E-05 0.999001 9.99101E-05 9.99101E-05 9.99101E-05 9.99101E-05 9.99101E-05
9.99101E-05 9.99101E-05 9.99101E-05 0.999001 9.99101E-05 9.99101E-05 9.99101E-05 9.99101E-05 9.99101E-05 9.99101E-05 9.99101E-05
0.189513 0.0328721 9.9973E-05 0.322443 9.9973E-05 0.00924759 0.0931051 0.032733 0.0596504 0.260137 9.9973E-05
9.9982E-05 0.0121938 9.9982E-05 0.0414869 0.110822 0.042281 0.0198299 0.0305036 0.0161013 0.722067 0.00451449
0.0064718 0.0595343 9.9964E-05 0.202368 9.9964E-05 0.0510562 9.9964E-05 0.0254381 0.119337 0.535394 9.9964E-05
9.9964E-05 0.0526067 9.9964E-05 0.205217 0.0820807 0.0349082 9.9964E-05 0.0394045 0.0337481 0.551635 9.9964E-05
9.9982E-05 0.0501421 9.9982E-05 0.412309 0.0664322 0.0439399 0.0162621 0.0363671 0.00129286 0.362595 0.0104592
9.9955E-05 0.0206669 9.9955E-05 0.193228 9.9955E-05 0.0359311 0.0235817 0.0383503 9.9955E-05 0.687742 9.9955E-05
9.9964E-05 0.0117997 0.0122373 0.0798077 9.9964E-05 0.0605094 9.9964E-05 0.0266372 0.0836103 0.724999 9.9964E-05
9.9973E-05 0.0582861 0.0409884 0.37866 0.0321522 0.037552 9.9973E-05 0.0222455 0.0466644 0.383152 9.9973E-05
0.0935519 0.0497456 9.9955E-05 0.358349 9.9955E-05 9.9955E-05 9.9955E-05 0.0197142 0.463392 0.0147471 9.9955E-05
9.9973E-05 0.00306168 0.217269 0.0701163 0.0490486 0.0144657 9.9973E-05 0.0480603 0.164818 0.432861 9.9973E-05
9.9973E-05 0.0212679 0.258858 0.218801 0.00436764 0.0176713 0.0533826 0.0196433 9.9973E-05 0.405709 9.9973E-05
9.9955E-05 0.0178391 0.436842 0.353883 9.9955E-05 9.9955E-05 0.0851526 0.0326771 9.9955E-05 0.073107 9.9955E-05
9.99101E-05 9.99101E-05 9.99101E-05 9.99101E-05 9.99101E-05 0.999001 9.99101E-05 9.99101E-05 9.99101E-05 9.99101E-05 9.99101E-05
9.999E-05 0.0806759 0.212822 0.31883 0.0596889 0.0274018 0.0322955 0.0637739 0.101607 0.0960192 0.00678647
9.9955E-05 0.0926461 0.128389 0.277925 9.9955E-05 0.0813366 9.9955E-05 0.0435656 9.9955E-05 0.375638 9.9955E-05
0.0130832 0.0104942 0.0283262 9.99549E-05 0.0228523 9.99549E-05 9.99549E-05 0.0374151 9.99549E-05 0.887329 9.99549E-05
9.999E-05 0.0622237 0.00228332 0.286952 0.0125936 0.0212235 0.0321611 0.0140489 0.0451746 0.487551 0.0356876
9.9964E-05 0.0571118 0.0559274 0.153361 9.9964E-05 0.053611 0.0730918 0.00459616 9.9964E-05 0.601901 9.9964E-05
9.9973E-05 0.104866 0.381224 0.231988 0.0377542 9.9973E-05 0.0258636 0.0133815 9.9973E-05 0.0657 0.138923
9.9955E-05 0.0159543 0.219825 0.162338 9.9955E-05 0.0327067 9.9955E-05 0.0547808 9.9955E-05 9.9955E-05 0.513895
9.9955E-05 9.9955E-05 0.1849 0.340792 9.9955E-05 9.9955E-05 9.9955E-05 0.00196973 0.115925 0.209641 0.146273
9.9955E-05 0.0159827 9.9955E-05 9.9955E-05 9.9955E-05 0.00860796 0.0188982 0.0220399 9.9955E-05 0.895411 0.0385609
9.9937E-05 9.9937E-05 0.0251925 9.9937E-05 9.9937E-05 9.9937E-05 9.9937E-05 0.03619 9.9937E-05 0.810067 0.127851
0.0201329 0.037413 0.0371184 0.238405 0.0254255 9.9973E-05 9.9973E-05 9.9973E-05 0.0688534 0.543086 0.0292656
0.115633 0.715992 9.9955E-05 0.146331 9.9955E-05 0.0174709 9.9955E-05 0.000273091 0.00380079 9.9955E-05 9.9955E-05
9.9982E-05 0.0432914 0.144617 0.285941 0.0350933 0.11687 0.00278777 0.0366722 0.122004 0.212523 9.9982E-05
0.0136548 0.0241303 0.0855435 0.171149 9.9955E-05 0.0646775 9.9955E-05 9.9955E-05 9.9955E-05 0.640345 9.9955E-05
0.229264 0.0452353 9.9982E-05 0.441643 0.0103214 9.9982E-05 0.0453673 0.000207614 0.0613025 0.0821444 0.084314
0.304368 0.0424143 9.9973E-05 0.293792 0.0586737 0.0262197 0.0355397 0.0312349 9.9973E-05 0.207457 9.9973E-05
0.260089 0.00931593 9.9973E-05 0.27584 9.9973E-05 0.0364272 0.00954701 0.0225648 0.117118 0.268797 9.9973E-05
0.0759957 0.0309958 9.9991E-05 0.468207 0.0425186 0.0158707 0.088359 0.012378 0.0531833 0.185002 0.02739
0.21875 0.0700085 9.9973E-05 0.334737 9.9973E-05 0.0339666 9.9973E-05 0.0636196 0.205759 0.0527008 0.0201582
9.9973E-05 0.0324545 0.0977079 0.340562 9.9973E-05 0.0319477 0.0562793 0.0583211 0.12631 0.256118 9.9973E-05
9.9982E-05 0.00489528 0.0571126 0.166254 0.0195545 0.018725 0.000937397 0.0562841 0.156935 0.519102 9.9982E-05
0.0901709 0.0606233 0.0240673 0.35021 9.9982E-05 0.0139055 0.0114796 0.0824115 0.0508102 0.316122 9.9982E-05
0.129534 0.0404008 9.9973E-05 0.210313 0.0254408 0.0191331 9.9973E-05 0.00575051 0.158787 0.410341 9.9973E-05
9.9973E-05 0.12003 9.9973E-05 0.422065 9.9973E-05 0.0684803 0.000242416 0.0371761 0.00309616 0.241719 0.10689
9.9946E-05 9.9946E-05 9.9946E-05 0.168855 9.9946E-05 0.0208652 9.9946E-05 9.9946E-05 0.00736169 0.789583 0.0127354
9.99101E-05 0.999001 9.99101E-05 9.99101E-05 9.99101E-05 9.99101E-05 9.99101E-05 9.99101E-05 9.99101E-05 9.99101E-05 9.99101E-05
9.9973E-05 0.0699643 0.111101 0.388952 9.9973E-05 9.9973E-05 0.0318281 0.0559431 0.198036 0.0984385 0.0454372
0.0457053 0.0394678 9.9955E-05 0.244469 0.00678289 0.0595924 9.9955E-05 9.9955E-05 9.9955E-05 0.603483 9.9955E-05
0.0704658 0.0591449 9.9964E-05 0.225779 9.9964E-05 0.0527242 0.0591269 9.9964E-05 9.9964E-05 0.490668 0.0416911
0.0821339 0.0255068 0.0334073 0.095527 9.9964E-05 0.0127215 9.9964E-05 0.0164364 9.9964E-05 0.733867 9.9964E-05
9.9964E-05 9.9964E-05 0.0142197 0.295193 9.9964E-05 0.011488 0.0241902 0.0587748 0.201621 0.394113 9.9964E-05
0.0803304 9.9973E-05 9.9973E-05 0.189359 0.0456498 0.00422892 0.0132817 0.0352326 0.20914 0.422478 9.9973E-05
9.99101E-05 9.99101E-05 9.99101E-05 9.99101E-05 9.99101E-05 9.99101E-05 9.99101E-05 0.999001 9.99101E-05 9.99101E-05 9.99101E-05
9.99101E-05 0.999001 9.99101E-05 9.99101E-05 9.99101E-05 9.99101E-05 9.99101E-05 9.99101E-05 9.99101E-05 9.99101E-05 9.99101E-05
9.99101E-05 9.99101E-05 9.99101E-05 9.99101E-05 9.99101E-05 9.99101E-05 9.99101E-05 0.999001 9.99101E-05 9.99101E-05 9.99101E-05
0.16452 0.0560936 9.9955E-05 0.564115 9.9955E-05 0.00982345 9.9955E-05 0.0162 9.9955E-05 0.188749 9.9955E-05
9.9982E-05 0.0735586 0.0610119 0.519149 0.0607405 0.0402244 0.0355682 0.0902684 9.9982E-05 0.0559537 0.0633257
0.0662008 0.062734 9.9982E-05 0.40208 0.0043293 0.0199883 9.9982E-05 0.0233596 0.134463 0.245483 0.0411631
9.9964E-05 0.0362095 0.0517113 0.303332 9.9964E-05 0.0140507 0.0470739 0.0521565 9.9964E-05 0.495067 9.9964E-05
9.9964E-05 0.0307739 0.132436 0.130095 0.0205709 0.0406344 9.9964E-05 0.00207636 9.9964E-05 0.643013 9.9964E-05
0.207415 0.622598 9.99279E-05 0.169188 9.99279E-05 9.99279E-05 9.99279E-05 9.99279E-05 9.99279E-05 9.99279E-05 9.99279E-05
0.114831 0.0642156 0.021166 0.329311 9.9982E-05 9.9982E-05 0.0614607 0.0533851 0.068224 0.252051 0.0351558
9.9919E-05 9.9919E-05 9.9919E-05 0.248819 9.9919E-05 9.9919E-05 9.9919E-05 9.9919E-05 0.750282 9.9919E-05 9.9919E-05
0.000821632 9.9937E-05 9.9937E-05 9.9937E-05 9.9937E-05 0.0448943 9.9937E-05 0.0172335 0.936351 9.9937E-05 9.9937E-05
0.0108902 0.0232061 9.9964E-05 9.9964E-05 0.0201915 0.0185039 9.9964E-05 0.0230238 0.871785 0.0319999 9.9964E-05
0.0632949 9.9937E-05 9.9937E-05 0.0931535 9.9937E-05 0.0282215 9.9937E-05 9.9937E-05 0.81463 9.9937E-05 9.9937E-05
0.0218767 0.0407135 0.00580681 9.9982E-05 0.0393173 0.0284099 0.00266947 0.0344169 0.823311 9.9982E-05 0.00327847
9.9946E-05 0.0135755 9.9946E-05 9.9946E-05 0.0588709 0.00583029 9.9946E-05 9.9946E-05 0.914059 9.9946E-05 0.00706417
9.9946E-05 9.9946E-05 0.00338287 9.9946E-05 9.9946E-05 0.00895758 0.00463801 9.9946E-05 0.967856 9.9946E-05 0.0145654
0.0426792 0.0219061 9.9955E-05 0.0143036 9.9955E-05 9.9955E-05 0.0315155 9.9955E-05 0.872088 0.0170082 9.9955E-05
9.9924E-05 9.9924E-05 0.123938 9.9924E-05 9.9924E-05 9.9924E-05 9.9924E-05 9.9924E-05 0.875163 9.9924E-05 9.9924E-05
9.9964E-05 0.0408612 0.0602032 0.109074 0.023853 9.9964E-05 0.0174818 0.00525403 0.742873 9.9964E-05 9.9964E-05
9.9964E-05 0.0115632 0.102343 0.105474 0.0607832 0.00157554 9.9964E-05 9.9964E-05 0.657027 0.0608342 9.9964E-05
9.9964E-05 0.0119782 0.104231 9.9964E-05 0.0298382 0.0193672 9.9964E-05 0.037254 0.115214 9.9964E-05 0.681717
9.9964E-05 0.028681 0.0854688 9.9964E-05 9.9964E-05 0.0247519 0.0128758 9.9964E-05 0.17225 0.00228113 0.673292
0.04876 0.0106017 0.0760673 9.9973E-05 0.057561 9.9973E-05 0.00150858 0.00789741 9.9973E-05 0.134987 0.662317
0.0993281 9.9964E-05 0.0904954 9.9964E-05 0.00970893 9.9964E-05 0.0250995 0.0331732 9.9964E-05 0.0355149 0.70628
9.9964E-05 9.9964E-05 0.165249 0.0209922 0.0160907 0.0670116 0.0333327 9.9964E-05 0.042804 9.9964E-05 0.65412
0.0941214 9.9964E-05 9.9964E-05 0.11732 9.9964E-05 0.00652758 0.00962639 0.00970176 0.0993061 9.9964E-05 0.662997
9.9946E-05 0.0441556 0.142731 9.9946E-05 0.0540837 9.9946E-05 9.9946E-05 9.9946E-05 0.0791129 9.9946E-05 0.679317
9.9946E-05 0.0107036 9.9946E-05 9.9946E-05 0.0308873 9.9946E-05 9.9946E-05 0.00978366 9.9946E-05 0.199238 0.748787
0.247868 0.0200579 9.9973E-05 0.0778556 0.050151 9.9973E-05 0.0283358 0.0505267 9.9973E-05 0.0289364 0.495969
9.9928E-05 9.9928E-05 0.250657 9.9928E-05 9.9928E-05 9.9928E-05 9.9928E-05 9.9928E-05 0.182771 9.9928E-05 0.565773
9.9955E-05 9.9955E-05 0.154824 9.9955E-05 0.00590381 0.037301 0.0130967 9.9955E-05 0.0854693 9.9955E-05 0.702906
9.9937E-05 9.9937E-05 0.239979 0.0889939 9.9937E-05 9.9937E-05 0.0147984 9.9937E-05 9.9937E-05 9.9937E-05 0.65553
9.9982E-05 0.00460172 0.164387 0.0710126 0.0561772 0.00460826 0.0115252 0.0288624 0.111391 9.9982E-05 0.547235
0.264728 9.9955E-05 9.9955E-05 0.0595119 9.9955E-05 9.9955E-05 9.9955E-05 0.033904 0.0174343 0.0826149 0.541308
0.0681363 0.00230293 9.9982E-05 0.17646 0.046811 0.00319989 0.0393853 0.0126036 9.9982E-05 0.0107515 0.64015
0.073565 9.9937E-05 9.9937E-05 0.209797 9.9937E-05 9.9937E-05 0.0664832 9.9937E-05 9.9937E-05 9.9937E-05 0.649455
0.0657262 9.9964E-05 0.0642625 0.0902414 9.9964E-05 0.0225608 9.9964E-05 0.00489618 0.0209666 9.9964E-05 0.730947
0.133723 0.000171733 9.9955E-05 9.9955E-05 9.9955E-05 9.9955E-05 0.00472743 0.0122494 9.9955E-05 0.183076 0.665552
0.120802 0.0273162 0.0120089 9.9964E-05 0.0498711 9.9964E-05 0.0527751 0.0271236 9.9964E-05 9.9964E-05 0.709703
0.282347 9.9955E-05 9.9955E-05 0.0375986 0.0444894 0.02331 9.9955E-05 9.9955E-05 9.9955E-05 0.0304037 0.581352
0.211202 0.0315753 9.9982E-05 9.9982E-05 0.0040588 0.039292 0.0467778 0.00834394 0.0101546 0.0546726 0.593723
9.9964E-05 9.9964E-05 0.0623746 0.0247168 0.0194863 9.9964E-05 9.9964E-05 0.0441897 0.150471 0.0248975 0.673464
0.00717686 0.0154525 9.9973E-05 0.0851906 9.9973E-05 0.0206549 0.0164128 0.0310878 0.0797687 9.9973E-05 0.743956
0.0875011 9.9991E-05 0.0144594 0.0487067 0.00331442 0.00925594 0.023393 0.00462659 0.0997046 0.0147844 0.694154
0.0659652 0.0551637 9.9964E-05 0.112361 0.0531447 0.0160526 0.0318937 9.9964E-05 9.9964E-05 9.9964E-05 0.665019
0.127763 9.9964E-05 9.9964E-05 0.0406289 0.0463199 9.9964E-05 0.00660028 9.9964E-05 0.0696495 0.126072 0.582567
0.245521 9.9964E-05 9.9964E-05 0.0408818 0.0163994 0.015755 0.000268039 0.0299524 9.9964E-05 9.9964E-05 0.650823
0.225255 9.9937E-05 9.9937E-05 0.191877 9.9937E-05 0.0180116 9.9937E-05 9.9937E-05 9.9937E-05 9.9937E-05 0.564157
0.0130524 9.9973E-05 0.0605631 0.182853 0.0126762 9.9973E-05 0.0303335 0.00281944 0.0402622 9.9973E-05 0.65714
9.9964E-05 0.0754916 0.115303 0.0228701 0.0225034 0.0222032 9.9964E-05 0.0133769 9.9964E-05 9.9964E-05 0.727852
9.9955E-05 0.01178 0.144614 0.0860163 9.9955E-05 9.9955E-05 9.9955E-05 0.0231316 0.0231831 9.9955E-05 0.710775
9.9964E-05 9.9964E-05 0.162061 0.109497 0.0346779 9.9964E-05 0.0257131 0.0074547 0.032336 9.9964E-05 0.627861
0.0196983 9.9964E-05 0.141836 0.0542843 0.049704 9.9964E-05 9.9964E-05 9.9964E-05 0.0302293 0.0465549 0.657293
0.00897523 0.0265006 9.9964E-05 0.0425508 0.0203299 9.9964E-05 9.9964E-05 0.0185519 9.9964E-05 0.108381 0.77431
9.9982E-05 0.0105585 9.9982E-05 0.057724 0.0488849 0.0116582 0.0146379 0.0054474 0.0332755 0.0437804 0.773833
0.818688 9.9946E-05 0.0777201 0.0852332 9.9946E-05 0.00268931 9.9946E-05 9.9946E-05 9.9946E-05 9.9946E-05 0.0150692
0.949178 0.0364697 0.000575889 0.00391464 9.9946E-05 0.00926246 9.9946E-05 9.9946E-05 9.9946E-05 9.9946E-05 9.9946E-05
0.846111 0.0240228 9.9955E-05 0.0502128 0.0297592 0.018591 0.0308032 9.9955E-05 9.9955E-05 9.9955E-05 9.9955E-05
0.868355 0.0197819 9.9964E-05 0.0765211 9.9964E-05 0.00619831 0.0207135 0.00328981 9.9964E-05 9.9964E-05 0.00474051
0.849425 9.9946E-05 0.0179085 9.9946E-05 9.9946E-05 9.9946E-05 0.0425352 0.00395837 9.9946E-05 0.0855727 9.9946E-05
0.719525 9.9955E-05 0.186632 9.9955E-05 0.0239079 0.028921 9.9955E-05 0.0183021 0.0222114 9.9955E-05 9.9955E-05
0.916272 9.9919E-05 0.0828289 9.9919E-05 9.9919E-05 9.9919E-05 9.9919E-05 9.9919E-05 9.9919E-05 9.9919E-05 9.9919E-05
0.709583 9.9946E-05 0.107598 9.9946E-05 0.0702487 9.9946E-05 0.0353122 9.9946E-05 0.0766588 9.9946E-05 9.9946E-05
