0.128752 0.865059 9.9955E-05 9.9955E-05 9.9955E-05 9.9955E-05 9.9955E-05 0.00568939
0.0447864 0.710792 9.9973E-05 0.0650894 0.10696 9.9973E-05 0.0720725 9.9973E-05
0.134398 0.758711 9.9973E-05 9.9973E-05 0.0125094 0.0809806 0.0131016 9.9973E-05
9.99459E-05 0.683451 9.99459E-05 9.99459E-05 9.99459E-05 9.99459E-05 0.315949 9.99459E-05
9.9982E-05 0.762351 0.0841993 0.0110046 0.0529042 9.9982E-05 0.0640109 0.0253297
9.9964E-05 0.808227 0.00998356 9.9964E-05 0.0323606 9.9964E-05 0.149029 9.9964E-05
0.0894765 0.874864 0.0279986 9.9964E-05 0.00726094 9.9964E-05 9.9964E-05 9.9964E-05
0.00141984 0.800133 9.9964E-05 0.0674257 0.130621 9.9964E-05 9.9964E-05 9.9964E-05
9.9973E-05 0.720889 0.0166793 9.9973E-05 0.0593822 0.0241411 0.178608 9.9973E-05
0.0388127 0.797566 0.105303 9.9991E-05 0.0114815 0.0293414 0.00936667 0.00802879
9.99549E-05 0.607932 9.99549E-05 9.99549E-05 9.99549E-05 0.00600492 0.385563 9.99549E-05
0.0167574 0.607461 9.99549E-05 9.99549E-05 9.99549E-05 9.99549E-05 0.375282 9.99549E-05
9.9973E-05 0.685093 0.00217868 0.0416972 9.9973E-05 0.00484018 0.265891 9.9973E-05
0.0886806 0.66115 0.0823476 9.9973E-05 0.107273 0.0602489 9.9973E-05 9.9973E-05
0.000762637 0.7168 9.9982E-05 0.00435256 0.0145026 0.0266787 0.236703 9.9982E-05
9.9964E-05 0.858169 0.00981078 0.000556831 0.131063 9.9964E-05 9.9964E-05 9.9964E-05
9.9964E-05 0.921715 9.9964E-05 0.0143066 9.9964E-05 9.9964E-05 0.0205801 0.0429983
9.9955E-05 0.924121 9.9955E-05 0.000818585 9.9955E-05 9.9955E-05 9.9955E-05 0.0745602
9.9946E-05 0.925341 9.9946E-05 9.9946E-05 9.9946E-05 9.9946E-05 9.9946E-05 0.0740589
9.9964E-05 0.850585 9.9964E-05 9.9964E-05 9.9964E-05 0.0143769 0.116263 0.0183755
9.994E-05 9.994E-05 9.994E-05 9.994E-05 9.994E-05 0.9993 9.994E-05 9.994E-05
0.520116 9.9946E-05 9.9946E-05 9.9946E-05 9.9946E-05 0.479284 9.9946E-05 9.9946E-05
0.234198 0.0164464 9.9982E-05 0.0104717 9.9982E-05 0.579401 0.061243 0.0980401
9.9964E-05 9.9964E-05 0.0268608 9.9964E-05 9.9964E-05 0.701669 0.18967 0.0814009
0.119078 9.9955E-05 9.9955E-05 9.9955E-05 9.9955E-05 0.816661 0.0637614 9.9955E-05
0.15395 0.00664942 0.0481688 0.0245773 9.9982E-05 0.733631 9.9982E-05 0.0328232
0.0574721 9.9982E-05 0.105685 0.0287032 9.9982E-05 0.68407 0.0306628 0.0932067
9.994E-05 9.994E-05 9.994E-05 9.994E-05 9.994E-05 0.9993 9.994E-05 9.994E-05
0.359328 9.9955E-05 9.9955E-05 0.0212875 9.9955E-05 0.618885 9.9955E-05 9.9955E-05
0.106585 9.9982E-05 0.1521 0.0194476 9.9982E-05 0.533551 0.142683 0.0454338
0.378047 9.9955E-05 0.0522011 9.9955E-05 9.9955E-05 0.569252 9.9955E-05 9.9955E-05
0.143083 9.9964E-05 0.183326 9.9964E-05 9.9964E-05 0.593575 9.9964E-05 0.0796165
9.9982E-05 0.0515478 0.0938635 0.00432707 0.0902971 0.680075 9.9982E-05 0.07969
0.454607 9.9964E-05 9.9964E-05 0.0501301 0.000440007 0.494423 9.9964E-05 9.9964E-05
0.310362 9.9964E-05 9.9964E-05 0.0759871 9.9964E-05 0.474873 0.138378 9.9964E-05
0.752118 9.99459E-05 9.99459E-05 9.99459E-05 9.99459E-05 0.247283 9.99459E-05 9.99459E-05
0.194601 0.00866188 9.9982E-05 0.0882253 0.016805 0.525965 9.9982E-05 0.165542
0.157954 9.9973E-05 0.127962 0.0318099 9.9973E-05 0.0257917 9.9973E-05 0.656182
0.0688698 9.9982E-05 0.0849553 0.105817 0.00808422 9.9982E-05 0.125537 0.606537
0.0155211 0.0398635 0.182169 0.0658853 9.9982E-05 0.0243462 9.9982E-05 0.672015
0.062731 0.0149488 0.125495 0.0317393 0.0343764 0.0108504 9.9991E-05 0.719759
0.194171 0.00452158 9.9982E-05 0.0342163 0.00420754 0.0181913 9.9982E-05 0.744492
9.9973E-05 0.036351 0.227739 0.00424478 9.9973E-05 0.00577429 9.9973E-05 0.725591
0.101295 0.0506393 9.9982E-05 9.9982E-05 0.0837274 0.00217855 0.240542 0.521418
9.9973E-05 9.9973E-05 0.0769508 0.00458789 9.9973E-05 0.0123833 0.230833 0.674945
0.0584344 0.0393448 0.171213 9.9982E-05 9.9982E-05 0.0539064 0.0265535 0.650348
9.9964E-05 9.9964E-05 9.9964E-05 0.0633439 0.0976645 9.9964E-05 0.0384451 0.800147
9.9973E-05 0.0339037 9.9973E-05 0.05721 0.112108 9.9973E-05 0.0050119 0.791466
9.9964E-05 0.0390679 0.0428575 9.9964E-05 9.9964E-05 0.0681867 9.9964E-05 0.849488
0.00406476 9.9973E-05 9.9973E-05 0.000308116 0.0924262 9.9973E-05 0.239695 0.663205
0.0430022 0.0262675 0.0567391 0.0313274 0.0254247 0.0430186 0.00781694 0.766404
9.9973E-05 0.0144644 9.9973E-05 0.00102599 0.110683 0.0334175 9.9973E-05 0.840109
9.9982E-05 0.0131084 0.0196449 0.0859916 0.0638212 0.0229485 9.9982E-05 0.794285
0.110236 0.0958159 9.9964E-05 9.9964E-05 9.9964E-05 0.0109726 9.9964E-05 0.782575
9.9982E-05 0.0374102 0.174377 0.0264936 0.0659285 0.0179106 9.9982E-05 0.67768
0.105032 0.0387452 0.200218 0.0161483 9.9973E-05 9.9973E-05 9.9973E-05 0.639556
9.9982E-05 0.0668283 0.114025 0.0178817 0.0395212 0.0744022 9.9982E-05 0.687141
0.577998 9.9973E-05 0.0344034 0.306992 9.9973E-05 9.9973E-05 0.000880206 0.0794262
0.000880892 0.00346959 9.9964E-05 0.740934 0.254316 9.9964E-05 9.9964E-05 9.9964E-05
0.404581 0.00739284 0.0784916 0.456339 9.9982E-05 9.9982E-05 0.00305683 0.0499392
0.119797 0.00027399 0.0489922 0.523372 9.9982E-05 9.9982E-05 0.240791 0.0665739
9.9964E-05 9.9964E-05 0.224557 0.576382 9.9964E-05 0.016599 0.182062 9.9964E-05
9.999E-05 0.00537199 0.0303064 0.587204 0.0754634 0.0385883 0.121466 0.1415
9.99549E-05 9.99549E-05 9.99549E-05 0.727382 0.233986 9.99549E-05 9.99549E-05 0.0381323
9.99549E-05 9.99549E-05 9.99549E-05 0.743892 0.213264 9.99549E-05 9.99549E-05 0.0423439
0.477943 0.065064 0.0423509 0.404764 9.9973E-05 9.9973E-05 9.9973E-05 0.00957832
0.0413185 0.0588087 0.169674 0.506565 0.0186465 0.140882 9.9991E-05 0.0640063
0.155855 0.0164241 0.215995 0.549829 9.9982E-05 0.0279849 9.9982E-05 0.0337117
9.9973E-05 9.9973E-05 0.0302682 0.616241 0.0238316 0.123681 0.205678 9.9973E-05
0.0487077 0.0219434 9.9982E-05 0.656303 0.145829 0.0741413 0.0528756 9.9982E-05
0.00344407 0.0445485 0.129215 0.662495 0.0246682 0.0197842 9.9991E-05 0.115745
9.9973E-05 9.9973E-05 0.186149 0.611183 9.9973E-05 0.0158656 0.0892855 0.0972165
0.055871 0.011361 0.0435883 0.612487 0.0330483 0.0738673 0.133685 0.0360929
0.467078 9.9964E-05 0.104473 0.352826 9.9964E-05 9.9964E-05 0.0752233 9.9964E-05
0.0026166 9.9973E-05 0.3471 0.354378 9.9973E-05 0.0451688 9.9973E-05 0.250437
0.146955 0.0442115 0.192059 0.380729 9.9973E-05 9.9973E-05 9.9973E-05 0.235746
0.0134756 0.0733625 9.9973E-05 0.339855 9.9973E-05 9.9973E-05 0.0470858 0.525922
9.99549E-05 9.99549E-05 9.99549E-05 0.723796 0.206429 9.99549E-05 9.99549E-05 0.069276
9.9982E-05 0.0600716 9.9982E-05 0.4623 0.114879 0.0796024 0.11889 0.164057
0.0930076 9.9964E-05 9.9964E-05 0.51827 9.9964E-05 9.9964E-05 0.242316 0.146006
0.175009 0.0463206 0.230624 0.414129 9.9982E-05 0.0478042 9.9982E-05 0.0859137
0.204043 0.00671202 0.000258544 0.592422 0.092544 0.0300339 0.0101898 0.0637966
9.9973E-05 0.0847622 0.00658601 0.583019 9.9973E-05 9.9973E-05 0.220301 0.105032
0.321836 0.0274893 0.118866 0.163883 0.101556 0.0210893 9.9991E-05 0.24518
9.9973E-05 9.9973E-05 0.198918 0.0245191 0.330227 9.9973E-05 0.326582 0.119455
0.381241 0.00114558 0.205426 0.257035 9.9973E-05 9.9973E-05 9.9973E-05 0.154851
0.0426581 0.053259 0.243104 0.479151 0.0652208 0.0125241 9.9991E-05 0.103983
0.233522 0.00319642 0.383557 0.315004 9.9973E-05 9.9973E-05 9.9973E-05 0.0644215
9.9973E-05 9.9973E-05 9.9973E-05 0.506732 0.0609078 0.044609 0.299466 0.0879847
9.99459E-05 9.99459E-05 9.99459E-05 0.32961 9.99459E-05 9.99459E-05 0.669791 9.99459E-05
0.104769 0.000995982 9.9982E-05 0.611067 0.066788 0.0282273 9.9982E-05 0.187953
0.0360873 9.9982E-05 0.26836 0.54711 0.00119063 0.00415427 9.9982E-05 0.142898
0.64308 9.9955E-05 9.9955E-05 0.269162 9.9955E-05 9.9955E-05 0.0872584 9.9955E-05
0.546829 0.0164286 9.9973E-05 0.302864 9.9973E-05 0.00323078 0.130348 9.9973E-05
0.663112 9.9946E-05 9.9946E-05 0.336288 9.9946E-05 9.9946E-05 9.9946E-05 9.9946E-05
0.571896 0.0535417 9.9955E-05 0.374062 9.9955E-05 9.9955E-05 9.9955E-05 9.9955E-05
0.123024 0.0197284 0.094712 0.382597 0.0508277 9.9982E-05 0.328911 9.9982E-05
0.122445 0.0830057 0.0919774 0.524356 0.0134879 0.0150618 9.9991E-05 0.149567
0.121199 9.9973E-05 0.237218 0.534133 9.9973E-05 0.0293181 9.9973E-05 0.0778324
9.9964E-05 9.9964E-05 0.0365179 0.514866 9.9964E-05 9.9964E-05 0.438492 0.00972399
0.357461 9.9973E-05 0.027197 0.407044 9.9973E-05 0.00995722 0.198041 9.9973E-05
0.0627477 0.0253398 9.9982E-05 0.64031 0.218449 9.9982E-05 0.0182943 0.0346584
9.9964E-05 9.9964E-05 0.0214136 0.509323 9.9964E-05 0.00432664 0.464537 9.9964E-05
9.99459E-05 9.99459E-05 9.99459E-05 0.818128 0.181273 9.99459E-05 9.99459E-05 9.99459E-05
0.318882 0.047661 0.0967729 0.434525 0.0120884 0.00783048 0.0231974 0.0590423
0.431153 9.9955E-05 9.9955E-05 0.511964 9.9955E-05 9.9955E-05 9.9955E-05 0.0563832
9.9946E-05 9.9946E-05 9.9946E-05 0.406053 9.9946E-05 9.9946E-05 0.593347 9.9946E-05
9.9955E-05 9.9955E-05 9.9955E-05 0.447596 9.9955E-05 9.9955E-05 0.538866 0.0130384
0.199532 9.9973E-05 0.25883 0.491463 9.9973E-05 9.9973E-05 0.0263555 0.0235194
0.314266 0.0135965 0.0878568 0.48952 9.9982E-05 0.0225356 0.0720256 9.9982E-05
9.99459E-05 9.99459E-05 0.771187 0.228213 9.99459E-05 9.99459E-05 9.99459E-05 9.99459E-05
9.99459E-05 9.99459E-05 9.99459E-05 0.80455 0.19485 9.99459E-05 9.99459E-05 9.99459E-05
9.99458E-05 9.99458E-05 0.747207 0.252193 9.99458E-05 9.99458E-05 9.99458E-05 9.99458E-05
0.565637 9.9946E-05 9.9946E-05 0.433764 9.9946E-05 9.9946E-05 9.9946E-05 9.9946E-05
0.582036 9.9955E-05 9.9955E-05 0.414924 9.9955E-05 0.00254009 9.9955E-05 9.9955E-05
0.272009 0.0130059 9.9964E-05 0.429183 9.9964E-05 9.9964E-05 0.285403 9.9964E-05
0.0747606 0.040161 0.0864816 0.604354 9.9991E-05 0.0147885 0.16503 0.0143238
9.9973E-05 0.0161674 0.249652 0.542293 9.9973E-05 0.0518418 9.9973E-05 0.139746
9.99459E-05 9.99459E-05 9.99459E-05 0.271615 9.99459E-05 9.99459E-05 0.727785 9.99459E-05
0.444641 9.9964E-05 9.9964E-05 0.413403 9.9964E-05 9.9964E-05 0.0645167 0.0770387
0.127327 0.0390471 0.166569 0.416105 0.114906 0.135846 9.9982E-05 9.9982E-05
0.0300417 9.9973E-05 0.569989 0.287982 9.9973E-05 0.053559 0.0581289 9.9973E-05
0.107596 9.9964E-05 0.3891 0.341326 9.9964E-05 0.161578 9.9964E-05 9.9964E-05
0.155719 9.9973E-05 0.356063 0.301555 9.9973E-05 0.100569 0.0857948 9.9973E-05
0.0407548 0.00925083 0.47225 0.291975 0.0170308 0.168539 9.9982E-05 9.9982E-05
9.9964E-05 9.9964E-05 0.51916 0.262336 0.0252442 0.19286 9.9964E-05 9.9964E-05
9.99639E-05 0.0277069 0.586691 0.199343 9.99639E-05 0.185859 9.99639E-05 9.99639E-05
9.9973E-05 0.0712302 0.415848 0.304233 9.9973E-05 0.151398 0.056991 9.9973E-05
9.9964E-05 9.9964E-05 0.503639 0.229255 9.9964E-05 0.164209 0.102496 9.9964E-05
9.9991E-05 0.00407571 0.280131 0.419099 0.0565822 0.178555 0.0304977 0.0309595
0.0344046 0.010142 0.365089 0.333861 9.9982E-05 0.197322 9.9982E-05 0.0589819
9.9973E-05 9.9973E-05 0.209478 9.9973E-05 0.658339 0.0319177 0.0703484 0.0296171
9.9973E-05 0.00974661 0.333719 9.9973E-05 0.476505 0.0511544 0.128575 9.9973E-05
0.238828 0.0243743 0.0350334 9.9982E-05 0.554454 0.0353986 9.9982E-05 0.111711
9.9955E-05 9.9955E-05 0.337911 9.9955E-05 0.292969 9.9955E-05 0.36862 9.9955E-05
0.309206 9.9955E-05 9.9955E-05 9.9955E-05 0.556773 9.9955E-05 9.9955E-05 0.133521
9.9973E-05 9.9973E-05 0.00635613 0.0075857 0.589561 0.0578898 0.338308 9.9973E-05
0.00416823 9.9982E-05 0.150952 9.9982E-05 0.63932 0.0497993 0.0651606 0.0903998
9.9964E-05 9.9964E-05 0.185862 9.9964E-05 0.722101 0.04233 0.0493072 9.9964E-05
0.545077 0.00623344 0.135105 9.9982E-05 0.195985 9.9982E-05 0.104545 0.0128546
9.9982E-05 0.0037045 0.0253236 9.9982E-05 0.593956 0.0376575 0.127522 0.211637
0.0626205 0.0291125 0.029795 0.00702204 0.783481 0.00198432 9.9991E-05 0.0858843
9.9973E-05 0.0329436 0.0252449 9.9973E-05 0.614118 9.9973E-05 0.250131 0.0772634
0.00878578 9.9982E-05 0.0579497 9.9982E-05 0.420441 0.00524465 0.447279 0.0601
0.375178 9.9964E-05 0.301758 9.9964E-05 0.234259 9.9964E-05 9.9964E-05 0.0884051
0.0747797 0.0199963 0.0757929 0.000881906 0.452554 9.9982E-05 0.375795 9.9982E-05
0.0885577 0.0175971 0.00591992 9.9973E-05 0.47553 9.9973E-05 0.412095 9.9973E-05
9.99549E-05 9.99549E-05 0.715955 9.99549E-05 0.220126 9.99549E-05 0.0634187 9.99549E-05
0.158785 9.99639E-05 0.489514 9.99639E-05 0.270056 9.99639E-05 0.0812463 9.99639E-05
9.9955E-05 9.9955E-05 0.587442 9.9955E-05 0.22839 9.9955E-05 0.183668 9.9955E-05
0.232917 9.99639E-05 0.219315 9.99639E-05 0.318387 9.99639E-05 0.228981 9.99639E-05
0.495733 9.9955E-05 0.340163 9.9955E-05 0.163604 9.9955E-05 9.9955E-05 9.9955E-05
9.9964E-05 9.9964E-05 0.311621 9.9964E-05 0.470429 0.0123982 0.205152 9.9964E-05
0.292598 0.0202947 0.169145 9.9964E-05 0.517563 9.9964E-05 9.9964E-05 9.9964E-05
0.264067 9.9964E-05 0.0327137 9.9964E-05 0.587909 9.9964E-05 0.11491 9.9964E-05
0.365485 0.0424231 9.9964E-05 9.9964E-05 0.584926 0.0067653 9.9964E-05 9.9964E-05
0.575631 9.99549E-05 0.102244 9.99549E-05 0.321626 9.99549E-05 9.99549E-05 9.99549E-05
0.287902 0.0236596 0.0809992 9.9982E-05 0.528978 9.9982E-05 0.0628273 0.0154335
0.134977 9.99549E-05 9.99549E-05 9.99549E-05 0.350745 9.99549E-05 0.513778 9.99549E-05
0.433258 9.99639E-05 0.153073 9.99639E-05 0.395215 9.99639E-05 9.99639E-05 0.0180539
0.204756 9.9964E-05 0.345145 9.9964E-05 0.430501 9.9964E-05 9.9964E-05 0.0191978
9.9964E-05 9.9964E-05 0.12197 0.00970077 0.74724 9.9964E-05 9.9964E-05 0.120689
0.167845 9.9973E-05 0.11995 9.9973E-05 0.345856 9.9973E-05 0.329408 0.0366409
0.277086 9.9982E-05 0.115238 9.9982E-05 0.454039 0.0339603 0.0278238 0.0916528
0.111164 9.9973E-05 0.19217 9.9973E-05 0.623425 0.0133977 0.0595428 9.9973E-05
0.230276 9.9973E-05 0.125272 9.9973E-05 0.606157 0.0266764 0.0113185 9.9973E-05
0.218431 9.9955E-05 9.9955E-05 9.9955E-05 9.9955E-05 9.9955E-05 0.312085 0.468984
0.305332 9.99549E-05 9.99549E-05 9.99549E-05 9.99549E-05 9.99549E-05 0.388725 0.305443
0.176769 9.99549E-05 9.99549E-05 9.99549E-05 9.99549E-05 9.99549E-05 0.51225 0.310481
0.382972 0.00404961 9.99639E-05 9.99639E-05 9.99639E-05 9.99639E-05 0.295507 0.317072
0.396496 0.0163622 0.191558 9.9973E-05 9.9973E-05 9.9973E-05 0.0384213 0.356862
9.9973E-05 9.9973E-05 0.114117 9.9973E-05 0.0145332 0.0668499 0.286404 0.517796
9.9955E-05 9.9955E-05 0.0355831 9.9955E-05 9.9955E-05 9.9955E-05 0.48554 0.478377
9.99549E-05 9.99549E-05 9.99549E-05 9.99549E-05 9.99549E-05 0.0575566 0.746241 0.195703
