9.9946E-05 9.9946E-05 9.9946E-05 9.9946E-05 9.9946E-05 0.966113 0.0172652 9.9946E-05 0.0160219
0.0564267 0.0685155 0.00376039 9.9982E-05 0.0128551 0.724451 0.059262 0.0745294 9.9982E-05
0.0893167 9.9955E-05 9.9955E-05 0.10855 9.9955E-05 0.797317 0.00431644 9.9955E-05 9.9955E-05
0.147887 9.9964E-05 9.9964E-05 0.00635731 9.9964E-05 0.807228 0.0144329 0.023695 9.9964E-05
0.13458 0.0102706 0.00650495 0.010915 0.0360612 0.799478 9.9982E-05 9.9982E-05 0.00199016
0.039916 9.9964E-05 0.0321346 9.9964E-05 9.9964E-05 0.87313 9.9964E-05 0.0365074 0.0179124
9.9946E-05 9.9946E-05 9.9946E-05 9.9946E-05 9.9946E-05 0.900285 9.9946E-05 0.0778182 0.0212971
0.126363 9.9982E-05 0.00566158 9.9982E-05 0.00907457 0.770095 0.0318726 0.0408186 0.0159149
0.0264269 9.9964E-05 9.9964E-05 0.00475403 9.9964E-05 0.795199 0.0478776 0.125342 9.9964E-05
9.9955E-05 9.9955E-05 9.9955E-05 0.0701929 0.0295919 0.837433 9.9955E-05 0.0622821 9.9955E-05
9.9964E-05 0.0530268 0.0339742 9.9964E-05 9.9964E-05 0.79481 0.0157941 0.101995 9.9964E-05
9.9982E-05 0.00726609 0.0200927 0.142842 0.00744188 0.77284 0.0459342 0.00338345 9.9982E-05
0.152682 9.9964E-05 0.0231654 0.0482745 9.9964E-05 0.767162 0.0083158 9.9964E-05 9.9964E-05
0.0694004 0.0259212 9.9982E-05 0.0298425 9.9982E-05 0.695462 0.0202828 0.136434 0.0224573
0.0589533 0.0285291 9.9964E-05 0.0424654 9.9964E-05 0.859684 9.9964E-05 0.00996802 9.9964E-05
0.0418131 9.9955E-05 0.0195165 9.9955E-05 9.9955E-05 0.86825 9.9955E-05 0.0699208 9.9955E-05
9.9946E-05 9.9946E-05 0.038228 9.9946E-05 0.029032 0.93214 9.9946E-05 9.9946E-05 9.9946E-05
9.9946E-05 9.9946E-05 0.0100842 9.9946E-05 9.9946E-05 0.971317 9.9946E-05 9.9946E-05 0.0179996
9.99461E-05 9.99461E-05 9.99461E-05 9.99461E-05 9.99461E-05 0.943014 0.0246768 9.99461E-05 0.0317093
9.9964E-05 0.0186057 0.0148975 0.0459768 0.0259197 0.894201 9.9964E-05 9.9964E-05 9.9964E-05
9.993E-05 9.993E-05 9.993E-05 0.999201 9.993E-05 9.993E-05 9.993E-05 9.993E-05 9.993E-05
9.9982E-05 0.110115 9.9982E-05 0.658965 0.00862525 0.0407008 0.0448031 0.0728627 0.0637279
0.123376 0.0434949 9.9982E-05 0.625079 0.000424559 0.0458617 9.9982E-05 0.0257026 0.135862
0.0748781 9.9964E-05 0.0197365 0.753687 0.00760665 9.9964E-05 9.9964E-05 9.9964E-05 0.143692
0.0138862 0.0836226 9.9955E-05 0.893055 0.00893637 9.9955E-05 9.9955E-05 9.9955E-05 9.9955E-05
0.141784 9.9964E-05 0.0120441 0.841898 0.00137915 0.00249521 9.9964E-05 9.9964E-05 9.9964E-05
0.0152842 0.104977 9.9964E-05 0.742815 9.9964E-05 9.9964E-05 9.9964E-05 0.0659921 0.0705318
9.99369E-05 9.99369E-05 0.00569074 0.99361 9.99369E-05 9.99369E-05 9.99369E-05 9.99369E-05 9.99369E-05
0.156177 0.0533767 9.9955E-05 0.743742 9.9955E-05 9.9955E-05 9.9955E-05 0.0462047 9.9955E-05
0.0419569 0.100791 9.9991E-05 0.669219 0.00410809 0.0291164 0.0447593 0.0222773 0.0876718
0.125748 0.0765823 0.00229993 0.664562 9.9964E-05 9.9964E-05 9.9964E-05 0.130407 9.9964E-05
0.128235 9.9964E-05 0.0121781 0.669045 9.9964E-05 9.9964E-05 9.9964E-05 0.0406168 0.149525
0.183105 9.9982E-05 0.00488975 0.691919 9.9982E-05 0.03443 0.0106521 0.00483769 0.0699668
0.153488 9.9955E-05 9.9955E-05 0.606317 9.9955E-05 9.9955E-05 0.193499 0.0461968 9.9955E-05
0.129943 0.208079 9.9982E-05 0.499371 0.0447732 0.0284155 0.0377033 9.9982E-05 0.0515147
0.070648 0.12878 9.9982E-05 0.450029 0.0177894 0.0573095 0.0852236 0.19002 9.9982E-05
9.9973E-05 0.109926 9.9973E-05 0.63744 0.0331525 9.9973E-05 0.0733136 0.0338505 0.112018
0.0308404 0.110122 0.038749 0.0784896 9.9982E-05 9.9982E-05 0.0509949 0.00756643 0.683037
0.134487 0.0809029 0.0373537 9.9973E-05 0.0509028 9.9973E-05 0.00687474 9.9973E-05 0.689179
0.000379424 0.116696 0.0147874 0.0433796 9.9991E-05 0.0171172 0.058172 0.054345 0.695023
9.9973E-05 0.187757 0.0218491 0.0512658 9.9973E-05 9.9973E-05 0.000903999 0.00826465 0.729659
9.9973E-05 9.9973E-05 0.0168502 0.0224606 0.0747502 0.0216693 0.0880712 9.9973E-05 0.775899
0.0734276 9.9982E-05 0.020661 9.9982E-05 0.000983396 0.00983693 0.0625171 0.0219888 0.810385
0.0448137 9.9982E-05 0.0288094 9.9982E-05 0.0233655 0.0491511 0.0583518 0.107815 0.687494
0.0571426 0.000139889 0.0370362 0.0532034 0.0832881 0.00986801 0.000751752 0.0215094 0.737061
0.0849924 9.9973E-05 9.9973E-05 0.0232674 0.0520138 0.044373 9.9973E-05 0.0577107 0.737343
0.0311257 0.061474 0.0473411 9.9982E-05 0.0438832 9.9982E-05 0.0188832 0.037056 0.760037
0.0626794 9.9973E-05 0.0301965 0.00335544 0.0284965 9.9973E-05 0.0564364 9.9973E-05 0.818536
9.9955E-05 9.9955E-05 0.0573681 0.0533182 9.9955E-05 9.9955E-05 0.00971028 9.9955E-05 0.879104
9.9973E-05 0.026566 0.00571822 9.9973E-05 0.00948333 9.9973E-05 0.104441 0.0517414 0.80175
0.163306 9.9964E-05 0.0356962 9.9964E-05 0.00475911 9.9964E-05 0.0470829 9.9964E-05 0.748756
9.9964E-05 9.9964E-05 0.0251172 0.0268695 9.9964E-05 9.9964E-05 0.0857299 0.0247466 0.837137
0.133519 9.9964E-05 0.00508931 9.9964E-05 0.0840257 9.9964E-05 0.00963952 9.9964E-05 0.767327
9.9982E-05 0.103819 0.0520245 0.0359898 0.0035506 0.0776006 0.00613286 9.9982E-05 0.720682
0.0597554 9.9991E-05 0.0566575 0.00723833 0.0174644 0.0194156 0.0539763 0.0218294 0.763563
0.158961 0.0265965 0.0236584 0.0612563 9.9973E-05 9.9973E-05 0.0298696 9.9973E-05 0.699358
0.0533209 9.9982E-05 0.00860035 0.0326097 0.089579 0.0684243 9.9982E-05 0.0503746 0.696891
0.0668417 0.588421 0.0266227 0.0152397 0.0975268 0.00801463 0.0131432 0.0375531 0.146637
9.993E-05 9.993E-05 9.993E-05 9.993E-05 9.993E-05 9.993E-05 0.999201 9.993E-05 9.993E-05
9.9973E-05 0.640915 0.0228055 0.0642753 0.172591 9.9973E-05 0.03386 0.0652524 9.9973E-05
0.0477073 0.619516 0.0311221 9.9982E-05 0.162833 0.0381822 0.0245961 9.9982E-05 0.0758438
0.178558 0.657396 0.0236758 9.9964E-05 0.0680677 9.9964E-05 0.0719022 9.9964E-05 9.9964E-05
0.0135608 0.734085 0.0331604 0.0153543 0.0891524 9.9982E-05 0.0169097 9.9982E-05 0.0975772
9.99369E-05 9.99369E-05 0.0100241 9.99369E-05 9.99369E-05 9.99369E-05 0.989276 9.99369E-05 9.99369E-05
9.993E-05 9.993E-05 9.993E-05 9.993E-05 9.993E-05 9.993E-05 0.999201 9.993E-05 9.993E-05
0.108816 0.557897 0.0394646 9.9991E-05 0.103189 0.0740145 0.0267952 0.0774602 0.0122631
9.999E-05 0.553998 0.0589253 0.125309 0.0891284 0.0641761 0.0832612 0.00506744 0.0200346
0.09634 0.615368 0.043042 0.0287817 0.0948506 0.00320411 0.117347 9.9991E-05 0.000967258
0.0774699 0.641327 0.0253926 0.0283935 0.130481 9.9973E-05 0.0966369 9.9973E-05 9.9973E-05
0.0300609 0.450079 0.043574 0.061014 0.146705 0.0653175 0.203049 9.9982E-05 9.9982E-05
9.9964E-05 0.697875 0.0219171 9.9964E-05 0.125807 0.0245673 0.129433 9.9964E-05 9.9964E-05
0.119627 0.57119 0.0307865 9.9973E-05 0.0844359 9.9973E-05 0.159743 9.9973E-05 0.0339173
0.0767848 0.517905 0.00391203 0.0485067 0.120998 9.9982E-05 0.228086 9.9982E-05 0.0036075
0.43044 0.302102 0.0266394 0.0188238 0.0944584 9.9991E-05 0.0741319 0.0417671 0.0115378
0.213957 0.361222 0.0455586 0.0200968 0.0324532 9.9982E-05 0.0631054 9.9982E-05 0.263407
9.999E-05 0.57027 0.048008 0.00461593 0.0632034 0.0406483 0.0555697 0.0202868 0.197298
9.9973E-05 0.337358 0.0377361 9.9973E-05 0.0684343 0.0594223 0.0725952 9.9973E-05 0.424154
9.99459E-05 9.99459E-05 0.00342034 9.99459E-05 0.00383492 9.99459E-05 0.992145 9.99459E-05 9.99459E-05
0.269481 0.151245 0.0615077 0.0565202 0.124004 0.0368261 0.150782 0.0269915 0.122642
9.9973E-05 0.57768 0.0591116 9.9973E-05 0.101039 9.9973E-05 0.105213 0.0101669 0.14649
9.9991E-05 0.617673 0.0252445 0.0474304 0.117151 0.0332899 0.0272917 0.00734214 0.124477
0.085323 0.633432 0.0213195 0.0151003 0.109913 0.0170231 0.115019 0.00277052 9.9991E-05
9.9973E-05 0.658732 0.00524737 9.9973E-05 0.125055 0.0730005 0.0956335 9.9973E-05 0.0420317
9.9991E-05 0.308044 0.0525145 0.0655089 0.142575 0.0209855 0.00728797 0.204281 0.198703
9.9973E-05 0.245613 0.0194088 9.9973E-05 9.9973E-05 0.00496009 0.0360651 0.469556 0.224097
0.162375 0.471172 0.0243315 0.0529302 9.9982E-05 9.9982E-05 0.0690669 0.0980682 0.121857
0.0224466 0.664253 0.0370457 9.9991E-05 0.0884156 0.000819873 0.0517935 0.0433014 0.0918249
0.0690553 0.599417 0.0619846 9.9973E-05 0.0650172 9.9973E-05 9.9973E-05 0.102986 0.10124
0.135563 0.533786 9.9973E-05 9.9973E-05 0.120948 9.9973E-05 0.0985165 0.0330831 0.0778029
9.9964E-05 0.120389 9.9964E-05 0.0588132 0.773878 9.9964E-05 0.0294369 9.9964E-05 0.0170832
0.235351 0.406325 0.0416102 9.9973E-05 0.0567294 9.9973E-05 0.175827 9.9973E-05 0.0838575
0.0550679 0.589921 0.0326529 9.9982E-05 0.120534 9.9982E-05 0.118258 0.0269117 0.0564556
9.9973E-05 0.60976 0.0268824 0.0852273 0.133682 0.0117318 9.9973E-05 0.132417 9.9973E-05
0.123155 0.44974 0.0291182 0.131462 0.112169 0.0752452 9.9991E-05 0.0489529 0.0300569
9.9964E-05 0.738288 0.0245664 9.9964E-05 0.106134 9.9964E-05 0.0174529 0.113159 9.9964E-05
0.0736147 0.493733 9.9982E-05 0.0351628 0.0649137 0.0722711 0.146693 0.113412 9.9982E-05
0.327981 0.223962 0.0624592 9.9982E-05 0.0636279 0.0493457 0.174716 0.0977082 9.9982E-05
0.0612736 0.527585 0.0483876 9.9982E-05 0.0702939 0.074754 0.109459 9.9982E-05 0.108047
0.17579 0.6152 0.0641706 0.0430442 0.0716116 9.9973E-05 0.029883 9.9973E-05 9.9973E-05
0.0588216 0.522067 0.0770867 9.9991E-05 0.160013 0.0458868 0.0595285 0.00540839 0.0710873
9.9982E-05 0.64554 0.00636274 0.050488 0.125016 0.0290916 0.0723968 0.0709048 9.9982E-05
0.134879 0.320711 0.0312559 9.9982E-05 0.176725 0.0552253 0.221112 0.0598908 9.9982E-05
9.9964E-05 0.808143 0.031806 9.9964E-05 0.103718 0.0323023 0.0236304 9.9964E-05 9.9964E-05
9.993E-05 9.993E-05 9.993E-05 9.993E-05 0.999201 9.993E-05 9.993E-05 9.993E-05 9.993E-05
0.115839 0.446019 0.0670919 0.00365009 0.120066 0.061133 0.108374 0.0626706 0.0151566
9.9982E-05 0.658222 0.0017116 0.0555802 0.130404 0.00733464 0.122517 0.0240306 9.9982E-05
9.9973E-05 0.597889 0.0176118 0.0538133 0.158635 0.0405021 0.131249 9.9973E-05 9.9973E-05
9.9982E-05 0.671139 0.0374677 9.9982E-05 0.120381 0.0145618 0.00826004 0.0326027 0.115388
0.104358 0.668167 0.0542283 9.9982E-05 0.0386635 0.00589033 0.0421164 9.9982E-05 0.0863764
0.110206 0.619242 0.0591969 0.105636 0.0592911 0.0227702 0.0136063 9.9991E-05 0.00995121
9.993E-05 9.993E-05 0.999201 9.993E-05 9.993E-05 9.993E-05 9.993E-05 9.993E-05 9.993E-05
9.993E-05 9.993E-05 9.993E-05 9.993E-05 0.999201 9.993E-05 9.993E-05 9.993E-05 9.993E-05
9.993E-05 9.993E-05 0.999201 9.993E-05 9.993E-05 9.993E-05 9.993E-05 9.993E-05 9.993E-05
9.9982E-05 0.618239 9.9982E-05 0.0191381 0.127275 0.0162598 0.179546 0.0344173 0.00492433
0.00776089 0.445267 0.0920395 0.131931 0.15547 0.0373429 0.110406 0.019682 9.9991E-05
0.212965 0.430005 0.0479655 0.0405346 0.133481 0.0811267 0.0537219 9.998E-05 9.998E-05
9.9973E-05 0.635384 0.0521912 9.9973E-05 0.128619 0.053878 0.0750507 9.9973E-05 0.0545772
0.00769486 0.55947 0.0553847 0.0303844 0.103044 0.0134344 0.144959 9.9991E-05 0.0855287
9.9973E-05 0.170202 9.9973E-05 0.0472301 0.695957 0.025546 9.9973E-05 0.0444188 0.0163462
9.9991E-05 0.510974 0.0590488 0.0390314 0.170794 0.0300189 0.0187661 0.0284454 0.142821
0.709675 0.186255 9.9964E-05 9.9964E-05 9.9964E-05 0.00525214 0.0696546 0.0287632 9.9964E-05
0.764437 0.163178 0.0105373 9.9973E-05 0.0101317 9.9973E-05 9.9973E-05 0.040791 0.010625
0.919674 0.00729758 0.0261755 0.0139882 9.9964E-05 9.9964E-05 0.0324654 9.9964E-05 9.9964E-05
0.796306 0.0824111 0.0235306 9.9973E-05 0.0103045 0.0249115 0.0622361 9.9973E-05 9.9973E-05
0.801499 0.0532973 0.0360637 0.036148 9.9982E-05 0.0118892 0.0522094 0.00869326 9.9982E-05
0.830512 9.9973E-05 9.9973E-05 0.0172368 0.00556456 0.00855258 0.0861927 0.051641 9.9973E-05
0.999201 9.993E-05 9.993E-05 9.993E-05 9.993E-05 9.993E-05 9.993E-05 9.993E-05 9.993E-05
0.932157 0.00211317 9.9955E-05 0.00513436 9.9955E-05 0.0600959 9.9955E-05 9.9955E-05 9.9955E-05
0.924919 9.9955E-05 0.00276831 9.9955E-05 9.9955E-05 9.9955E-05 0.00603352 9.9955E-05 0.0657798
0.8394 9.9955E-05 0.0346826 9.9955E-05 9.9955E-05 9.9955E-05 0.046824 9.9955E-05 0.0785934
0.759336 0.11883 0.0069794 0.056033 9.9982E-05 0.00429646 0.0231298 9.9982E-05 0.031195
0.223277 9.9973E-05 0.0263426 0.00894009 0.0043341 9.9973E-05 9.9973E-05 0.640571 0.096235
0.146511 9.9964E-05 9.9964E-05 9.9964E-05 0.0472334 9.9964E-05 0.0169402 0.769362 0.0195532
9.9982E-05 0.142042 0.011835 0.103713 9.9982E-05 0.046092 0.00563679 0.683359 0.00712171
0.0496047 0.0234489 0.0217326 0.0505755 0.00119005 0.0551766 0.00598216 0.73755 0.0547394
9.9991E-05 0.0164835 0.00596378 0.0397542 0.0455124 0.0407732 0.0106214 0.712593 0.128198
0.245578 9.9982E-05 9.9982E-05 0.0105621 0.0271419 0.0110923 0.0220377 0.675325 0.00806347
0.069434 9.9973E-05 9.9973E-05 0.0589611 0.0606837 0.00441601 9.9973E-05 0.690843 0.115363
0.218985 9.9973E-05 0.0142984 0.0248508 0.0142511 9.9973E-05 0.0154089 0.711905 9.9973E-05
0.0361847 0.0582006 0.021367 0.0634204 0.0706025 0.0370351 0.0478357 0.607854 0.0575001
0.190248 9.9946E-05 9.9946E-05 9.9946E-05 9.9946E-05 9.9946E-05 9.9946E-05 0.606714 0.202439
0.196459 9.9973E-05 0.0200574 0.0211521 9.9973E-05 9.9973E-05 0.0480784 0.698887 0.0150657
0.0773226 9.9973E-05 0.00434201 9.9973E-05 9.9973E-05 0.00125577 0.018435 0.744763 0.153582
9.9982E-05 0.062883 0.043668 0.0704248 0.0322191 0.0523489 9.9982E-05 0.633041 0.105215
0.0707875 0.217269 0.0271838 9.9982E-05 9.9982E-05 0.00551356 0.0061292 0.558569 0.114348
9.9973E-05 0.194549 9.9973E-05 0.0296248 0.0168928 0.00643634 0.0551931 0.697004 9.9973E-05
9.9991E-05 0.0181952 0.0242279 0.0112765 0.0103959 0.126503 0.0717363 0.734993 0.00257208
0.0113806 9.9982E-05 0.0511481 0.0428485 0.00475476 9.9982E-05 0.0420468 0.789814 0.0578076
9.9964E-05 0.174656 0.0273495 9.9964E-05 9.9964E-05 0.0617395 9.9964E-05 0.727502 0.0083531
9.9982E-05 9.9982E-05 0.0243297 0.0612417 0.0296682 0.0549284 0.00769374 0.775894 0.0460445
9.9973E-05 0.0874121 9.9973E-05 0.0650214 9.9973E-05 0.00177948 0.0778508 0.70345 0.0641867
9.9982E-05 0.0873011 0.0313063 0.046522 0.0330379 0.0586894 0.0396986 0.703245 9.9982E-05
0.163493 9.9973E-05 0.062905 0.00445464 0.0158784 9.9973E-05 9.9973E-05 0.745744 0.00722465
0.167759 9.9973E-05 0.042375 9.9973E-05 0.0176942 0.0168368 0.0382625 0.716773 9.9973E-05
0.119898 0.0669161 0.0222241 0.0264342 9.9982E-05 0.0465594 9.9982E-05 0.692021 0.0257479
9.9964E-05 9.9964E-05 0.0109466 0.137524 0.121155 0.0666173 9.9964E-05 0.663357 9.9964E-05
0.037218 0.157369 9.9955E-05 0.106131 9.9955E-05 9.9955E-05 9.9955E-05 0.698782 9.9955E-05
0.0144884 9.9991E-05 0.0354613 0.0840006 0.00107492 0.0403031 0.067391 0.728044 0.0291368
9.9973E-05 9.9973E-05 0.0166653 9.9973E-05 0.0377529 0.0429604 0.150331 0.72778 0.0242108
0.0122902 0.133565 0.0484772 0.0352662 9.9982E-05 0.0210871 9.9982E-05 0.636264 0.11285
9.9973E-05 0.0566313 9.9973E-05 0.0472956 0.046062 9.9973E-05 0.0595637 0.775138 0.0150094
0.0860405 9.9973E-05 0.0235832 9.9973E-05 0.0114491 9.9973E-05 0.0348173 0.749581 0.094229
9.9973E-05 0.0688059 9.9973E-05 0.0510467 0.0210638 0.0451342 9.9973E-05 0.654983 0.158666
0.0347898 0.0677194 9.9982E-05 0.067511 0.00103472 9.9982E-05 0.0204805 0.718276 0.0899882
0.0650395 0.0155769 0.0203055 0.0473373 0.04345 9.9982E-05 0.020394 0.787697 9.9982E-05
9.9973E-05 0.0633817 0.0243937 0.0703468 9.9973E-05 0.0244536 0.0342031 0.782921 9.9973E-05
0.0953397 9.9982E-05 0.0205492 0.0616734 9.9982E-05 0.0412682 0.0556209 0.114511 0.610838
9.9973E-05 9.9973E-05 9.9973E-05 0.175008 0.0519835 0.0202991 0.0483717 0.106539 0.597498
0.0179753 0.0899587 9.9991E-05 0.130284 0.0102071 0.134244 0.0253016 0.074604 0.517325
0.0544273 0.00958292 0.0114924 0.0337183 0.0536315 0.0955632 0.0505033 0.162082 0.528999
0.137119 0.0747837 0.0022504 0.0669517 0.000547605 0.122118 9.9991E-05 0.0216239 0.574506
9.9964E-05 9.9964E-05 0.0246674 0.107273 0.0427589 9.9964E-05 9.9964E-05 0.0997785 0.725123
0.184294 9.9964E-05 9.9964E-05 9.9964E-05 0.030127 0.0151771 9.9964E-05 0.01329 0.756712
0.0827764 0.0860757 9.9973E-05 0.156213 9.9973E-05 0.0735104 9.9973E-05 0.00997053 0.591155
