9.9955E-05 0.890532 9.9955E-05 0.0108346 9.9955E-05 9.9955E-05 9.9955E-05 0.0505016 0.0476318
9.9973E-05 0.693706 0.0588366 0.134115 0.000814449 0.010654 9.9973E-05 0.101574 9.9973E-05
0.0916624 0.742403 9.9955E-05 0.153052 9.9955E-05 0.0123823 9.9955E-05 9.9955E-05 9.9955E-05
0.0316839 0.778842 0.0743076 0.0401152 9.9973E-05 0.0399913 9.9973E-05 9.9973E-05 0.0347605
9.9964E-05 0.764979 0.113226 0.0587426 0.0102024 9.9964E-05 0.05245 9.9964E-05 9.9964E-05
9.9955E-05 0.809808 9.9955E-05 0.100929 0.0617873 9.9955E-05 0.0269762 9.9955E-05 9.9955E-05
9.9937E-05 0.815963 9.9937E-05 9.9937E-05 9.9937E-05 9.9937E-05 9.9937E-05 9.9937E-05 0.183338
9.9955E-05 0.765 0.109948 0.029765 9.9955E-05 9.9955E-05 9.9955E-05 0.0947871 9.9955E-05
9.9955E-05 0.712 0.154305 9.9955E-05 9.9955E-05 9.9955E-05 9.9955E-05 0.0570515 0.0761439
0.0977105 0.75666 9.9964E-05 0.008071 9.9964E-05 0.0408662 9.9964E-05 9.9964E-05 0.096292
0.00859094 0.696529 9.9964E-05 0.202327 9.9964E-05 0.0747359 9.9964E-05 0.017417 9.9964E-05
0.0716167 0.708954 9.9964E-05 0.144659 9.9964E-05 0.0134983 9.9964E-05 0.0608722 9.9964E-05
9.9946E-05 0.697123 0.210559 9.9946E-05 0.0917185 9.9946E-05 9.9946E-05 9.9946E-05 9.9946E-05
0.0927558 0.645716 9.9964E-05 0.0755637 9.9964E-05 0.0628574 9.9964E-05 9.9964E-05 0.122707
0.0542747 0.744891 0.179159 0.00320812 9.9964E-05 9.9964E-05 9.9964E-05 0.0180674 9.9964E-05
9.9964E-05 0.794404 0.178476 0.0032156 0.0220546 9.9964E-05 9.9964E-05 9.9964E-05 0.00145059
9.9955E-05 0.917277 0.0257798 9.9955E-05 0.0525562 9.9955E-05 0.0038871 9.9955E-05 9.9955E-05
9.9946E-05 0.929019 9.9946E-05 9.9946E-05 9.9946E-05 9.9946E-05 0.0338463 0.0365353 9.9946E-05
9.9946E-05 0.882578 0.109506 9.9946E-05 9.9946E-05 9.9946E-05 9.9946E-05 0.00731632 9.9946E-05
9.9955E-05 0.849137 0.0774509 9.9955E-05 0.0726768 0.000235376 9.9955E-05 9.9955E-05 9.9955E-05
0.999201 9.993E-05 9.993E-05 9.993E-05 9.993E-05 9.993E-05 9.993E-05 9.993E-05 9.993E-05
0.626223 9.9955E-05 9.9955E-05 0.247048 9.9955E-05 9.9955E-05 0.00957066 0.116658 9.9955E-05
0.654244 0.0584612 0.00456306 0.0771683 9.9982E-05 9.9982E-05 0.11794 0.0287296 0.0586942
0.684622 9.9955E-05 0.206328 9.9955E-05 0.0166572 9.9955E-05 0.0918926 9.9955E-05 9.9955E-05
0.866453 9.9964E-05 9.9964E-05 0.088303 0.00962822 0.00428906 9.9964E-05 0.0309266 9.9964E-05
0.735185 0.0331581 0.170287 9.9955E-05 9.9955E-05 9.9955E-05 9.9955E-05 0.0608704 9.9955E-05
0.65599 9.9982E-05 0.0617209 0.00412098 9.9982E-05 0.0611746 0.102414 0.0210891 0.0932902
0.999201 9.993E-05 9.993E-05 9.993E-05 9.993E-05 9.993E-05 9.993E-05 9.993E-05 9.993E-05
0.691708 9.9955E-05 0.143337 9.9955E-05 9.9955E-05 0.0646171 9.9955E-05 9.9955E-05 0.0998383
0.581904 0.00303759 0.0663253 0.154808 0.00507968 0.130651 0.0579941 9.9982E-05 9.9982E-05
0.658236 9.9973E-05 0.271088 0.000316536 9.9973E-05 0.0200263 9.9973E-05 0.029379 0.0206535
0.612443 9.9973E-05 0.131395 9.9973E-05 9.9973E-05 0.0529983 0.0841103 0.0273352 0.0914184
0.62838 0.00724275 0.213454 9.9964E-05 9.9964E-05 9.9964E-05 0.0604333 9.9964E-05 0.0900897
0.60273 9.9964E-05 0.0262378 0.161839 0.0548581 9.9964E-05 9.9964E-05 0.153935 9.9964E-05
0.535822 0.0176871 0.177189 0.0335507 0.0665326 0.00708901 0.0169605 0.145069 9.9991E-05
0.40431 0.00939545 9.99639E-05 0.344288 9.99639E-05 0.0883146 9.99639E-05 0.153293 9.99639E-05
0.543361 9.9973E-05 0.252604 9.9973E-05 0.014844 9.9973E-05 0.061208 0.127223 0.000459556
0.0762397 9.9964E-05 9.9964E-05 9.9964E-05 9.9964E-05 0.0870506 0.664905 0.0332478 0.138157
9.9964E-05 9.9964E-05 0.100334 0.118099 0.01243 0.205348 0.563389 9.9964E-05 9.9964E-05
9.9973E-05 0.0166578 9.9973E-05 0.128327 9.9973E-05 0.0587188 0.70957 0.0551801 0.0312459
0.016122 9.9964E-05 9.9964E-05 9.9964E-05 9.9964E-05 0.00631239 0.649668 0.117673 0.209824
0.0280405 9.9964E-05 9.9964E-05 0.103786 0.073045 9.9964E-05 0.704211 0.0905172 9.9964E-05
0.00329265 9.9964E-05 9.9964E-05 9.9964E-05 9.9964E-05 0.0842955 0.731217 0.0373955 0.1434
9.9973E-05 0.0870157 9.9973E-05 0.259858 0.0487898 0.000569797 0.579633 0.0238345 9.9973E-05
0.0477955 0.0189964 0.0563674 0.0535392 0.0392261 0.0983414 0.681101 0.00162688 0.00300664
9.9955E-05 0.0318719 0.274182 0.0194233 9.9955E-05 9.9955E-05 0.674023 9.9955E-05 9.9955E-05
9.9964E-05 9.9964E-05 0.088763 9.9964E-05 0.0565087 9.9964E-05 0.731213 0.081516 0.0415995
9.9973E-05 0.0156275 0.00665278 9.9973E-05 9.9973E-05 0.0527438 0.791579 0.00481653 0.128281
9.9955E-05 0.0179074 0.173957 9.9955E-05 0.0279175 9.9955E-05 0.779718 9.9955E-05 9.9955E-05
9.9955E-05 9.9955E-05 9.9955E-05 0.0419305 9.9955E-05 9.9955E-05 0.712972 0.0821081 0.16249
9.9955E-05 9.9955E-05 0.143448 9.9955E-05 0.027079 9.9955E-05 0.813865 0.0151087 9.9955E-05
9.9955E-05 9.9955E-05 0.281503 0.00445147 9.9955E-05 9.9955E-05 0.668139 0.0454077 9.9955E-05
0.0392007 9.9955E-05 9.9955E-05 9.9955E-05 0.12558 9.9955E-05 0.753079 9.9955E-05 0.0816405
0.0306284 0.0653758 9.9973E-05 0.000251258 9.9973E-05 0.0325074 0.74779 0.123147 9.9973E-05
0.000160778 9.9964E-05 9.9964E-05 9.9964E-05 0.0874439 0.0707965 0.705676 9.9964E-05 0.135523
9.9964E-05 0.00936589 0.13942 0.0663979 9.9964E-05 0.118042 0.666374 9.9964E-05 9.9964E-05
0.0275502 0.0606729 0.108071 0.0547383 0.0230183 0.0105599 0.693833 0.0214564 9.9991E-05
9.9973E-05 0.00127206 0.0572932 0.242177 9.9973E-05 0.499964 0.057131 0.141863 9.9973E-05
9.993E-05 9.993E-05 9.993E-05 9.993E-05 9.993E-05 9.993E-05 9.993E-05 0.999201 9.993E-05
0.0113195 0.0201436 9.9991E-05 0.212279 0.00173211 0.678807 0.0124256 0.0397207 0.0234727
9.9964E-05 0.0348262 9.9964E-05 9.9964E-05 9.9964E-05 0.609549 0.0718279 0.138675 0.144722
9.9964E-05 9.9964E-05 0.0819727 9.9964E-05 9.9964E-05 0.633864 0.0433961 0.195879 0.0444883
9.9964E-05 9.9964E-05 9.9964E-05 9.9964E-05 0.0375073 0.616801 0.0952371 0.0843184 0.165736
0.00637013 9.9955E-05 9.9955E-05 0.0731734 0.742106 9.9955E-05 9.9955E-05 0.177851 9.9955E-05
9.993E-05 9.993E-05 9.993E-05 9.993E-05 9.993E-05 9.993E-05 9.993E-05 0.999201 9.993E-05
9.9973E-05 0.064193 9.9973E-05 0.217464 0.0387826 0.477637 0.044391 0.157233 9.9973E-05
0.166332 0.0583743 9.9982E-05 0.0324203 0.112174 0.499429 9.9982E-05 0.018442 0.112628
0.0503036 0.0153582 0.185948 9.9982E-05 0.0940277 0.492088 9.9982E-05 0.140329 0.0217451
0.109103 9.9964E-05 0.125435 9.9964E-05 0.0754595 0.516934 9.9964E-05 0.172669 9.9964E-05
0.0238844 0.0158815 0.035786 9.9982E-05 0.139762 0.264394 9.9982E-05 0.378766 0.141326
9.9964E-05 0.00447456 9.9964E-05 9.9964E-05 0.0386313 0.664127 9.9964E-05 0.177987 0.11438
9.9973E-05 9.9973E-05 0.120085 9.9973E-05 0.072206 0.496096 0.0440591 0.180026 0.0872278
9.99459E-05 9.99459E-05 0.252709 9.99459E-05 9.99459E-05 0.345459 9.99459E-05 0.401233 9.99459E-05
0.0302586 9.9982E-05 0.10216 0.164503 0.0496585 0.366146 0.0978073 0.189267 9.9982E-05
0.0397345 9.9973E-05 0.209557 9.9973E-05 0.0511877 0.328991 0.267905 0.102324 9.9973E-05
0.0267951 0.0601023 9.9982E-05 9.9982E-05 0.00231418 0.328542 0.229483 0.238515 0.114048
9.9964E-05 0.0415138 9.9964E-05 9.9964E-05 0.0590835 0.116065 0.479843 0.303095 9.9964E-05
0.00231323 9.9973E-05 9.9973E-05 0.0421261 0.748717 0.00227123 9.9973E-05 0.203705 0.000567546
0.0477921 0.0445193 0.206907 9.9982E-05 0.139021 0.168228 0.10974 0.283593 9.9982E-05
9.9982E-05 9.9982E-05 0.130112 0.00310974 0.137563 0.423044 0.126891 0.149497 0.0295838
9.9973E-05 0.0261213 0.273402 9.9973E-05 0.0701504 0.520673 0.0809524 0.0284006 9.9973E-05
9.99878E-05 0.0687405 0.121168 9.99878E-05 0.0541686 0.477503 0.0423325 0.188542 0.0473448
9.9973E-05 0.0635127 9.9973E-05 9.9973E-05 0.0410138 0.588992 0.0699082 0.117613 0.11866
0.0192113 0.034836 0.0704323 0.0610974 0.159835 0.082504 0.221607 0.145633 0.204844
9.9964E-05 9.9964E-05 9.9964E-05 0.424876 9.9964E-05 0.0748349 0.176847 0.0782075 0.244835
0.0833167 0.00632627 0.107233 0.205524 9.9982E-05 0.327026 0.170706 0.0996681 9.9982E-05
9.99639E-05 0.0106337 9.99639E-05 9.99639E-05 9.99639E-05 0.696929 0.0484556 0.0239949 0.219587
9.9955E-05 9.9955E-05 0.390958 9.9955E-05 9.9955E-05 0.534041 0.0721772 9.9955E-05 0.00232323
0.0415886 0.00340687 9.9973E-05 9.9973E-05 9.9973E-05 0.478109 0.0808893 0.213801 0.181905
0.0262911 9.9973E-05 9.9973E-05 0.0717785 0.234679 0.572935 0.0403489 0.0536683 9.9973E-05
0.0422232 9.9982E-05 0.0310333 0.0556669 0.155085 0.374768 0.152698 0.188325 9.9982E-05
0.0367776 9.9982E-05 0.00148925 0.0869893 0.0500952 0.585331 0.123682 0.115435 9.9982E-05
0.0274593 0.056054 9.9964E-05 0.362174 9.9964E-05 0.442175 9.9964E-05 0.111738 9.9964E-05
0.0672552 0.00974738 9.9973E-05 0.355358 0.0316805 0.487874 9.9973E-05 0.0477851 9.9973E-05
9.9964E-05 0.0118482 9.9964E-05 0.300304 0.035651 0.552906 9.9964E-05 0.0988917 9.9964E-05
0.0469783 0.0951446 9.9973E-05 0.203418 0.0194746 0.318094 9.9973E-05 0.31659 9.9973E-05
9.9991E-05 0.0261181 0.0834212 0.151536 0.105314 0.335744 0.0486581 0.174097 0.075012
9.9982E-05 0.0508152 9.9982E-05 0.0246549 0.0850764 0.403807 0.189647 0.243791 0.00200853
9.9964E-05 9.9964E-05 0.309793 9.9964E-05 0.0839237 0.534538 9.9964E-05 0.0536991 0.0176464
9.9973E-05 0.0151704 9.9973E-05 9.9973E-05 0.0801035 0.50482 0.0900058 0.177006 0.132594
0.0623881 9.9964E-05 9.9964E-05 0.274362 0.000813342 0.575062 9.9964E-05 0.0869743 9.9964E-05
9.9955E-05 9.9955E-05 9.9955E-05 0.217703 0.219541 0.361885 9.9955E-05 0.200371 9.9955E-05
9.9973E-05 0.0101666 0.0424507 9.9973E-05 9.9973E-05 0.466696 0.00808735 0.311099 0.161201
9.993E-05 9.993E-05 9.993E-05 9.993E-05 0.999201 9.993E-05 9.993E-05 9.993E-05 9.993E-05
0.0266689 0.0578216 0.0897304 9.9991E-05 0.0855044 0.425482 0.0473665 0.156468 0.110858
0.0227153 0.0201669 9.9982E-05 0.167998 0.0568207 0.668825 0.0212343 0.0420397 9.9982E-05
0.00550645 0.0443215 9.9991E-05 0.0996407 0.0332915 0.584671 0.0121541 0.0986228 0.121692
9.9991E-05 0.0120599 0.0693709 0.00799417 0.0210894 0.468963 0.129728 0.256418 0.0342759
9.9982E-05 0.0300401 0.00705963 0.102884 0.000397734 0.691739 0.121697 0.0459822 9.9982E-05
0.0310756 0.0831951 0.0822421 0.0569606 0.00296445 0.562087 0.0223298 0.159046 9.9991E-05
9.993E-05 9.993E-05 9.993E-05 9.993E-05 0.999201 9.993E-05 9.993E-05 9.993E-05 9.993E-05
9.993E-05 9.993E-05 9.993E-05 9.993E-05 0.999201 9.993E-05 9.993E-05 9.993E-05 9.993E-05
9.993E-05 9.993E-05 9.993E-05 9.993E-05 0.999201 9.993E-05 9.993E-05 9.993E-05 9.993E-05
9.9955E-05 9.9955E-05 9.9955E-05 0.25173 0.0283327 0.451657 9.9955E-05 0.267781 9.9955E-05
0.0353322 0.00537566 9.9973E-05 0.270583 0.14706 0.330215 9.9973E-05 0.211135 9.9973E-05
0.0254551 0.0813593 9.9982E-05 0.175018 0.114043 0.351433 0.0102062 0.242285 9.9982E-05
0.0411506 0.0650123 9.9991E-05 0.0318176 0.133585 0.48505 0.117058 0.119459 0.00676835
0.0521469 0.029117 9.9982E-05 9.9982E-05 0.0981151 0.50636 0.102798 0.102429 0.108834
0.00721043 0.030607 9.9973E-05 0.224667 0.152229 0.536662 9.9973E-05 0.0483237 9.9973E-05
0.00830102 0.0523213 0.0200365 0.210127 0.0982513 0.420667 0.0822049 0.107991 9.9991E-05
9.9964E-05 0.0115732 0.502659 0.00443904 9.9964E-05 0.374944 9.9964E-05 0.105985 9.9964E-05
9.99369E-05 9.99369E-05 0.585218 9.99369E-05 9.99369E-05 0.414082 9.99369E-05 9.99369E-05 9.99369E-05
0.0480318 9.99549E-05 0.594777 9.99549E-05 0.0313442 0.325347 9.99549E-05 9.99549E-05 9.99549E-05
0.0288213 0.00543344 0.528905 9.9964E-05 9.9964E-05 0.400294 9.9964E-05 0.036146 9.9964E-05
0.0847905 9.9964E-05 0.143587 9.9964E-05 9.9964E-05 0.447547 9.9964E-05 0.0111345 0.312541
0.0214083 9.9955E-05 0.672822 9.9955E-05 9.9955E-05 0.236185 9.9955E-05 0.0690843 9.9955E-05
9.99369E-05 9.99369E-05 0.71388 9.99369E-05 9.99369E-05 0.285421 9.99369E-05 9.99369E-05 9.99369E-05
9.99549E-05 0.0360901 0.677861 9.99549E-05 9.99549E-05 0.274761 9.99549E-05 0.0107879 9.99549E-05
0.0176791 9.9973E-05 0.547156 9.9973E-05 0.00221522 0.347009 0.00311894 9.9973E-05 0.0825216
0.0218297 9.99549E-05 0.646563 9.99549E-05 0.0289976 0.30211 9.99549E-05 9.99549E-05 9.99549E-05
0.048139 9.99549E-05 0.627086 9.99549E-05 9.99549E-05 0.283489 9.99549E-05 0.0407859 9.99549E-05
9.99459E-05 9.99459E-05 0.505065 0.147621 9.99459E-05 9.99459E-05 9.99459E-05 9.99459E-05 0.346714
9.99549E-05 9.99549E-05 0.364594 0.158782 0.0193164 9.99549E-05 9.99549E-05 9.99549E-05 0.456808
0.0837116 9.9982E-05 9.9982E-05 0.199961 0.015189 0.0107677 0.0214654 0.0367719 0.631934
9.9937E-05 9.9937E-05 0.538972 0.460329 9.9937E-05 9.9937E-05 9.9937E-05 9.9937E-05 9.9937E-05
9.9973E-05 0.00716029 0.269529 0.481 0.0252438 9.9973E-05 0.00120187 9.9973E-05 0.215566
0.0616407 0.0129244 0.209148 0.20487 0.0230242 9.9982E-05 9.9982E-05 0.0264836 0.46171
9.9955E-05 9.9955E-05 0.405553 0.267286 0.0235284 9.9955E-05 9.9955E-05 9.9955E-05 0.303133
0.0492766 9.9964E-05 0.0439776 0.0508382 9.9964E-05 0.020802 9.9964E-05 9.9964E-05 0.834706
9.99729E-05 0.0186683 0.151748 0.683079 0.0602535 9.99729E-05 0.0243059 0.0616452 9.99729E-05
9.9955E-05 9.9955E-05 0.513972 0.0248679 9.9955E-05 9.9955E-05 0.0243648 9.9955E-05 0.436296
9.99459E-05 9.99459E-05 0.431441 0.219637 9.99459E-05 9.99459E-05 9.99459E-05 9.99459E-05 0.348322
9.9964E-05 0.00302682 0.388047 0.229839 9.9964E-05 9.9964E-05 0.0765963 9.9964E-05 0.302091
9.9946E-05 9.9946E-05 0.452151 0.436478 9.9946E-05 9.9946E-05 0.110771 9.9946E-05 9.9946E-05
9.9973E-05 9.9973E-05 0.0192334 0.600457 9.9973E-05 0.137316 0.0228603 0.0532807 0.166552
0.0267082 0.00481112 9.9973E-05 0.0731054 9.9973E-05 0.0090748 9.9973E-05 0.127047 0.758953
9.9955E-05 0.0637235 9.9955E-05 0.797889 9.9955E-05 9.9955E-05 9.9955E-05 0.0153546 0.122533
9.9955E-05 9.9955E-05 0.456695 0.117042 9.9955E-05 9.9955E-05 9.9955E-05 0.0151232 0.410639
9.9964E-05 0.0213063 9.9964E-05 0.290594 9.9964E-05 0.066718 9.9964E-05 0.0274165 0.593565
9.993E-05 9.993E-05 9.993E-05 9.993E-05 9.993E-05 9.993E-05 9.993E-05 9.993E-05 0.999201
9.9955E-05 9.9955E-05 9.9955E-05 0.940855 0.0170529 0.00219933 9.9955E-05 9.9955E-05 0.0393933
0.0198893 0.0609826 9.9964E-05 0.613924 0.122607 9.9964E-05 9.9964E-05 9.9964E-05 0.182197
9.9937E-05 9.9937E-05 9.9937E-05 9.9937E-05 0.0193395 9.9937E-05 9.9937E-05 9.9937E-05 0.979961
9.9955E-05 9.9955E-05 0.261773 0.627485 0.0394981 9.9955E-05 9.9955E-05 9.9955E-05 0.0707436
9.9955E-05 9.9955E-05 0.138762 0.818445 9.9955E-05 0.0401848 9.9955E-05 9.9955E-05 0.00210812
0.0844655 0.00909754 0.0119293 0.34543 0.0215575 0.0328821 9.9991E-05 0.0515474 0.442991
0.012619 9.9973E-05 0.228359 0.615766 9.9973E-05 0.0795981 0.00456159 9.9973E-05 0.058797
0.053092 0.00716941 0.220017 0.692268 0.0128034 9.9982E-05 0.00193086 9.9982E-05 0.0125188
9.9946E-05 9.9946E-05 0.260279 0.55168 9.9946E-05 9.9946E-05 9.9946E-05 0.187441 9.9946E-05
0.0308144 0.0276647 0.100538 0.460882 9.9991E-05 0.00688263 0.028126 0.0218144 0.323177
9.9964E-05 9.9964E-05 0.13764 0.509842 9.9964E-05 9.9964E-05 0.00150002 0.0687614 0.281856
9.9955E-05 9.9955E-05 0.381848 0.175264 9.9955E-05 9.9955E-05 9.9955E-05 0.0449029 0.397486
9.9955E-05 0.0235089 0.461314 0.462803 9.9955E-05 9.9955E-05 0.0518743 9.9955E-05 9.9955E-05
0.0110341 9.9964E-05 0.121254 0.152767 9.9964E-05 0.0776803 9.9964E-05 9.9964E-05 0.636866
0.0194313 9.9964E-05 0.163701 0.132399 9.9964E-05 9.9964E-05 9.9964E-05 0.0435371 0.640532
0.0146449 0.00267459 0.188673 0.681946 9.9964E-05 9.9964E-05 9.9964E-05 9.9964E-05 0.111661
0.0105636 0.0262229 0.0411436 0.352843 0.011384 9.9982E-05 0.46059 0.097053 9.9982E-05
0.05381 0.0438835 0.0906041 0.262914 0.0114785 9.9982E-05 0.502264 0.0348464 9.9982E-05
0.0248248 0.113775 9.9964E-05 0.337536 9.9964E-05 9.9964E-05 0.418262 0.105202 9.9964E-05
0.0585776 0.0469081 9.9973E-05 0.278012 0.0161771 9.9973E-05 0.516598 0.083427 9.9973E-05
0.0813312 0.106288 9.9973E-05 0.188509 9.9973E-05 9.9973E-05 0.541742 0.00794487 0.0738855
0.0956681 9.9964E-05 9.9964E-05 9.9964E-05 0.0108812 9.9964E-05 0.644374 0.0333494 0.215327
0.0290611 9.9973E-05 0.0154609 0.140897 9.9973E-05 0.0136445 0.798897 9.9973E-05 0.0017394
0.119761 0.0709096 0.0385846 0.245566 9.9973E-05 0.00675142 0.518128 9.9973E-05 9.9973E-05
