9.9955E-05 9.9955E-05 9.9955E-05 9.9955E-05 0.0305014 9.9955E-05 0.918505 0.0310202 0.0194739
9.9982E-05 0.0301473 0.0107911 0.0456305 0.0900236 0.0012948 0.735903 0.0860096 9.9982E-05
9.9973E-05 0.0534865 0.0514165 0.0681126 0.0233218 9.9973E-05 0.797091 9.9973E-05 0.00627175
0.0571927 0.100478 0.0144243 9.9973E-05 0.0186946 9.9973E-05 0.792192 9.9973E-05 0.0167189
0.0433967 0.0550213 9.9973E-05 0.0624492 9.9973E-05 0.0257501 0.801358 9.9973E-05 0.0117245
0.007738 0.063201 9.9973E-05 9.9973E-05 0.0337304 0.0453769 0.842398 9.9973E-05 0.00725616
9.9955E-05 0.0606674 9.9955E-05 0.0288951 0.00596289 9.9955E-05 0.903975 9.9955E-05 9.9955E-05
0.0486663 0.0778148 0.00443193 9.9982E-05 0.0197561 0.0418965 0.799328 0.00790684 9.9982E-05
0.00696417 0.127135 0.00888008 0.0381049 0.0670632 9.9973E-05 0.751552 9.9973E-05 9.9973E-05
0.0397395 0.0431415 0.0766237 9.9955E-05 9.9955E-05 9.9955E-05 0.839995 9.9955E-05 9.9955E-05
0.0241582 0.0996939 0.0141847 9.9982E-05 0.0651471 0.0303709 0.756588 9.9982E-05 0.00965744
9.9982E-05 9.9982E-05 0.133428 0.0219086 0.0368836 0.0220357 0.749452 0.0288374 0.00725468
9.9982E-05 0.00262191 0.0226891 0.124832 0.0265581 0.0292829 0.786209 9.9982E-05 0.00760665
0.0336846 0.0751104 0.07832 9.9973E-05 0.0363015 9.9973E-05 0.695489 0.0807948 9.9973E-05
0.0143237 9.9955E-05 0.095188 9.9955E-05 0.0560763 9.9955E-05 0.833912 9.9955E-05 9.9955E-05
0.0173942 0.135242 9.9946E-05 9.9946E-05 9.9946E-05 9.9946E-05 0.846764 9.9946E-05 9.9946E-05
0.0281502 9.9946E-05 9.9946E-05 9.9946E-05 9.9946E-05 0.0176461 0.953604 9.9946E-05 9.9946E-05
9.9946E-05 9.9946E-05 9.9946E-05 9.9946E-05 9.9946E-05 0.00201007 0.963004 0.0343866 9.9946E-05
9.9946E-05 9.9946E-05 9.9946E-05 9.9946E-05 0.0240265 9.9946E-05 0.957559 0.0178152 9.9946E-05
0.0446894 9.9964E-05 0.0586227 0.00194085 9.9964E-05 0.0214783 0.872869 9.9964E-05 9.9964E-05
9.993E-05 9.993E-05 9.993E-05 9.993E-05 9.993E-05 9.993E-05 9.993E-05 9.993E-05 0.999201
9.9964E-05 9.9964E-05 0.816482 9.9964E-05 0.0935229 0.02761 9.9964E-05 0.0597682 0.00221748
0.0131628 9.9964E-05 0.813516 9.9964E-05 9.9964E-05 9.9964E-05 0.0577232 0.109274 0.00592335
0.0304752 9.9955E-05 0.888783 9.9955E-05 9.9955E-05 9.9955E-05 9.9955E-05 0.077555 0.00268748
0.00286835 9.9946E-05 0.95116 9.9946E-05 9.9946E-05 9.9946E-05 9.9946E-05 9.9946E-05 0.0453718
9.9937E-05 9.9937E-05 0.977874 9.9937E-05 0.0214262 9.9937E-05 9.9937E-05 9.9937E-05 9.9937E-05
9.9955E-05 9.9955E-05 0.765277 0.0840767 9.9955E-05 9.9955E-05 9.9955E-05 0.10308 0.0470665
9.993E-05 9.993E-05 9.993E-05 9.993E-05 9.993E-05 9.993E-05 9.993E-05 9.993E-05 0.999201
9.9946E-05 9.9946E-05 0.767564 0.19775 9.9946E-05 9.9946E-05 9.9946E-05 9.9946E-05 0.0340864
0.0123494 0.00316382 0.766409 0.0874267 0.0230771 0.076947 9.9982E-05 0.0304266 9.9982E-05
9.9964E-05 0.137935 0.711609 0.0472451 0.0611224 9.9964E-05 9.9964E-05 9.9964E-05 0.0416882
9.9964E-05 9.9964E-05 0.78532 0.123502 9.9964E-05 0.0156498 9.9964E-05 0.0593191 0.0158093
0.0113781 0.000180754 0.728545 0.0181046 0.00935121 0.00296198 0.0731994 0.0958682 0.0604113
0.0127831 0.0676686 0.658613 9.9973E-05 0.138904 0.0811175 9.9973E-05 9.9973E-05 0.0406144
0.0740717 0.0128089 0.682078 0.0983687 0.0646734 0.0202513 0.00259725 0.0152571 0.0298933
9.99639E-05 0.144726 0.581012 9.99639E-05 0.139858 0.0581487 0.0758555 9.99639E-05 9.99639E-05
0.0401972 0.0178866 0.777504 9.9973E-05 0.0579195 0.0141226 9.9973E-05 0.0920705 9.9973E-05
0.0249964 9.9982E-05 0.107414 0.0512776 0.00736733 0.00630159 9.9982E-05 0.778879 0.0235648
0.0611502 0.0512768 9.9964E-05 0.152625 9.9964E-05 0.0708476 9.9964E-05 0.663701 9.9964E-05
9.9973E-05 9.9973E-05 0.0596925 9.9973E-05 0.081567 0.0753067 0.0167624 0.75822 0.00815155
0.00294485 0.0244243 0.116568 0.0597383 0.00931831 0.0822319 9.9982E-05 0.704575 9.9982E-05
0.0681023 0.0305543 9.9982E-05 9.9982E-05 0.0934048 0.0351822 0.0213988 0.73533 0.0158276
9.99856E-05 0.012855 9.99856E-05 0.0154478 0.0774691 0.0501653 0.0200315 0.795577 0.0282542
0.00614299 0.131303 0.00200978 9.9991E-05 0.0418815 0.0779242 0.0686946 0.609906 0.0620385
0.057746 9.9982E-05 0.0398666 0.0122448 0.0267997 0.042968 9.9982E-05 0.796099 0.0240755
0.04303 0.0466377 0.0324577 0.118571 9.9973E-05 9.9973E-05 0.049845 0.709159 9.9973E-05
9.9955E-05 9.9955E-05 0.0632154 9.9955E-05 0.0464436 0.117367 9.9955E-05 0.772474 9.9955E-05
0.0195114 0.0162105 9.9991E-05 0.0882722 0.0174011 0.0462181 0.0046864 0.786761 0.0208393
9.9946E-05 9.9946E-05 9.9946E-05 9.9946E-05 9.9946E-05 0.0508447 9.9946E-05 0.876252 0.0723034
0.0134227 0.0195676 9.9973E-05 9.9973E-05 0.087391 0.0178861 9.9973E-05 0.834619 0.0268141
0.0287026 0.0491462 9.9973E-05 9.9973E-05 0.0282809 0.047501 9.9973E-05 0.829986 0.0160836
9.9973E-05 0.00885425 0.029133 9.9973E-05 0.0554648 0.0486778 9.9973E-05 0.83972 0.0178503
0.0808968 9.9982E-05 0.0057805 0.0168652 9.9982E-05 0.0219777 0.00969825 0.855406 0.00917576
9.9964E-05 9.9964E-05 0.0510305 9.9964E-05 0.042993 0.0482228 0.0855884 0.771765 9.9964E-05
0.0127552 0.0060676 9.9991E-05 0.011874 0.028511 0.0791746 0.0264804 0.797431 0.0376063
0.0421638 9.9973E-05 0.162554 9.9973E-05 0.0473635 0.044593 0.00419786 0.698827 9.9973E-05
0.0948634 0.0340315 0.0517135 9.9982E-05 0.000963671 9.9982E-05 0.041895 0.733073 0.0432601
0.0683676 0.0127762 0.0641064 0.308212 0.219662 0.0809586 0.0438677 0.201949 9.9991E-05
9.993E-05 9.993E-05 9.993E-05 9.993E-05 0.999201 9.993E-05 9.993E-05 9.993E-05 9.993E-05
0.159433 9.9982E-05 0.0225826 0.434884 0.143348 0.11285 9.9982E-05 0.123568 0.00313343
0.168728 9.9964E-05 9.9964E-05 0.461423 0.137802 0.150299 9.9964E-05 0.0813483 9.9964E-05
0.0655285 9.9964E-05 9.9964E-05 0.580907 0.245045 0.0804909 9.9964E-05 0.0276287 9.9964E-05
0.0480192 9.9982E-05 9.9982E-05 0.403395 0.173209 0.174159 0.0399207 0.141856 0.0192413
9.99369E-05 9.99369E-05 9.99369E-05 9.99369E-05 0.0190811 0.980219 9.99369E-05 9.99369E-05 9.99369E-05
9.993E-05 9.993E-05 9.993E-05 9.993E-05 0.999201 9.993E-05 9.993E-05 9.993E-05 9.993E-05
0.114573 0.104015 9.9991E-05 0.260341 0.192398 0.192931 0.0903278 0.0353351 0.00997888
0.0591725 9.9991E-05 0.107227 0.282785 0.0785971 0.27151 0.0610589 0.104739 0.0348108
0.14641 9.9991E-05 0.0312039 0.318115 0.169356 0.193015 0.0553375 0.0714987 0.0149632
0.0911565 9.9973E-05 0.0797471 0.405799 0.235069 0.176794 9.9973E-05 9.9973E-05 0.0111344
0.102327 9.9982E-05 0.0730642 0.243149 0.335084 0.17695 0.0562123 9.9982E-05 0.0130141
0.0714883 9.9973E-05 0.0229422 0.425394 0.277331 0.183772 0.0187725 9.9973E-05 9.9973E-05
0.0273599 9.9973E-05 9.9973E-05 0.54718 0.15019 0.213225 9.9973E-05 0.0532467 0.00849879
0.176555 9.9982E-05 0.049986 0.318411 0.291668 0.0924509 9.9982E-05 0.0564591 0.0142701
0.0875568 0.0681103 0.0552727 0.486558 0.217192 0.0426566 9.9982E-05 0.0424536 9.9982E-05
0.00884423 0.0162321 9.9991E-05 0.349007 0.135987 0.159931 0.00605784 0.254067 0.0697744
0.0455448 9.9982E-05 0.000896477 0.30195 0.15248 0.172538 0.0898329 0.236559 9.9982E-05
0.0297661 9.9973E-05 9.9973E-05 0.198446 0.163129 0.0614826 0.0659043 0.480972 9.9973E-05
9.99369E-05 9.99369E-05 9.99369E-05 9.99369E-05 0.0404998 0.958801 9.99369E-05 9.99369E-05 9.99369E-05
0.121491 0.0257665 0.0120579 0.144928 0.210447 0.170683 0.051617 0.225567 0.0374423
0.112644 9.9973E-05 9.9973E-05 0.37478 0.158371 0.231416 9.9973E-05 0.121033 0.00145733
0.0593224 9.9982E-05 9.9982E-05 0.543161 0.0677413 0.144544 0.0634053 0.0759968 0.0456294
0.0634725 9.9982E-05 0.0533252 0.525024 0.195048 0.135346 0.0266386 9.9982E-05 0.000946167
0.106884 9.9982E-05 0.0335157 0.328794 0.159997 0.229194 0.0861621 0.055253 9.9982E-05
0.153305 0.249516 0.0254691 0.114163 0.0558207 0.153472 0.0207962 0.20473 0.0227274
0.0317686 0.536518 9.9964E-05 9.9964E-05 0.130629 0.108357 9.9964E-05 0.192328 9.9964E-05
9.9991E-05 0.0262341 0.0900595 0.380667 0.182772 0.0240279 0.0526746 0.24286 0.000605872
0.0769311 9.9982E-05 9.9982E-05 0.614778 0.107489 0.121048 0.0188475 0.0335521 0.0271546
9.9982E-05 0.036747 9.9982E-05 0.592002 0.0863424 0.13226 0.0236774 0.104295 0.0244758
0.0976343 0.0123798 9.9991E-05 0.518211 0.161826 0.0366727 0.0326518 0.113732 0.0267926
0.902522 9.9964E-05 0.0515372 0.021413 0.0075464 9.9964E-05 9.9964E-05 9.9964E-05 0.016581
0.112131 9.9982E-05 0.0960814 0.326535 0.1211 0.230308 0.0474438 0.0662011 9.9982E-05
0.0604981 0.0314817 9.9982E-05 0.377604 0.187802 0.259951 9.9982E-05 0.0742598 0.00820393
0.128111 0.146525 0.0794064 0.305115 0.197354 0.0630121 0.0650077 9.9991E-05 0.0153692
0.100862 9.9991E-05 0.170103 0.254798 0.133355 0.127757 0.0575947 0.130567 0.0248629
0.0434595 9.9982E-05 0.16263 0.425521 0.126768 0.19178 0.0401816 0.00945863 9.9982E-05
0.066603 0.0572579 0.0550743 0.278668 0.296576 0.0820904 0.142084 0.0140212 0.00762475
0.0637595 0.0907424 9.9991E-05 0.206278 0.256771 0.194118 0.035875 0.136583 0.0157725
0.0590743 9.9973E-05 9.9973E-05 0.335388 0.126252 0.290064 0.0877716 0.101151 9.9973E-05
0.0440732 9.9964E-05 9.9964E-05 0.684352 0.119083 0.0863546 9.9964E-05 0.0657373 9.9964E-05
0.121979 9.9982E-05 9.9982E-05 0.262701 0.270205 0.201676 0.0208414 0.107193 0.0152048
0.0561367 9.9991E-05 0.0949828 0.499008 0.148141 0.129699 0.0276072 0.0307735 0.0135522
0.149127 0.10295 0.00591467 0.219139 0.262176 0.209641 0.0257551 0.0146876 0.0106088
0.0467041 9.9964E-05 9.9964E-05 0.668592 0.120004 0.135161 0.0291394 9.9964E-05 9.9964E-05
0.999201 9.993E-05 9.993E-05 9.993E-05 9.993E-05 9.993E-05 9.993E-05 9.993E-05 9.993E-05
0.13049 0.0262161 0.0172724 0.395784 0.150415 0.150021 0.062559 0.0490689 0.0181736
0.132695 9.9991E-05 0.0458168 0.387795 0.158108 0.17887 0.0306533 0.0573549 0.00860669
0.151558 0.0624211 9.9991E-05 0.392114 0.135318 0.136826 0.0607023 0.0142497 0.0467121
0.10982 9.9973E-05 9.9973E-05 0.46207 0.111424 0.155619 9.9973E-05 0.159334 0.00143372
0.0160145 9.9973E-05 9.9973E-05 0.54511 0.124984 0.16476 0.0493529 0.0994798 9.9973E-05
0.0548997 9.9991E-05 0.0953157 0.549935 0.125284 0.0747927 0.0564808 0.00484307 0.0383495
9.993E-05 9.993E-05 9.993E-05 9.993E-05 9.993E-05 0.999201 9.993E-05 9.993E-05 9.993E-05
0.999201 9.993E-05 9.993E-05 9.993E-05 9.993E-05 9.993E-05 9.993E-05 9.993E-05 9.993E-05
9.993E-05 9.993E-05 9.993E-05 9.993E-05 9.993E-05 0.999201 9.993E-05 9.993E-05 9.993E-05
0.123895 0.0636844 0.0159964 0.200749 0.348146 0.13363 0.0640678 0.0437329 0.00609862
0.0999787 0.0299746 0.220916 0.0779409 0.23555 0.225122 0.0438898 0.0480155 0.0186126
0.145958 0.0412177 0.0325942 0.341002 0.18806 0.154064 0.096904 9.9982E-05 9.9982E-05
0.112188 9.9982E-05 9.9982E-05 0.37579 0.212249 0.149392 0.0349884 0.0837134 0.0314784
0.080014 9.9982E-05 9.9982E-05 0.373425 0.191904 0.20351 0.0391239 0.0809366 0.030886
0.842806 0.0370985 9.9982E-05 0.0384671 0.0283325 9.9982E-05 0.00779723 0.028402 0.016897
0.130459 0.045274 0.0212178 0.387643 0.130719 0.14908 0.0667617 0.0687458 9.9991E-05
9.9964E-05 0.0759941 0.0278621 0.710617 0.148361 9.9964E-05 9.9964E-05 9.9964E-05 0.036766
9.9964E-05 0.155026 0.00494948 0.77132 0.0127446 0.0555604 9.9964E-05 9.9964E-05 9.9964E-05
0.0476618 0.0655899 0.108934 0.674881 0.0285382 0.0567671 9.9982E-05 9.9982E-05 0.0174289
0.0105099 0.0918797 9.9973E-05 0.84469 0.0229904 9.9973E-05 0.000971643 9.9973E-05 0.0286586
0.0529095 0.0886101 0.0952042 0.606661 0.025468 0.0855094 9.9991E-05 0.0235829 0.0219551
0.0545094 0.162635 0.154547 0.521266 0.105104 9.9973E-05 9.9973E-05 9.9973E-05 0.00163938
9.9973E-05 0.119786 0.0374765 0.776347 0.0314047 0.026078 9.9973E-05 9.9973E-05 0.0086075
0.0124519 0.011794 0.141576 0.72673 0.0578569 9.9982E-05 0.0442465 9.9982E-05 0.00514431
0.0463615 0.0976168 0.052851 0.695841 0.0268627 9.9982E-05 9.9982E-05 0.0474061 0.0328604
0.0441044 0.0662918 9.9982E-05 0.674581 0.0646594 0.0811885 9.9982E-05 0.0227853 0.0461891
0.00424857 0.0309979 0.11609 0.665813 0.141374 9.9982E-05 9.9982E-05 0.032349 0.00892824
9.9982E-05 0.710648 0.0348281 0.156111 0.0462234 0.00691697 0.0170905 0.027982 9.9982E-05
0.0446878 0.750592 9.9973E-05 0.0830574 0.0791437 9.9973E-05 0.0249724 9.9973E-05 0.0172471
9.9982E-05 0.677074 0.0797861 9.9982E-05 0.0623357 0.0254318 0.0166965 0.112727 0.0257491
9.9973E-05 0.705182 0.0137823 0.0377111 9.9973E-05 0.010721 0.114382 0.117922 9.9973E-05
9.9973E-05 0.657623 9.9973E-05 0.0727838 9.9973E-05 0.0753206 0.0576016 0.0889541 0.0474166
0.0214688 0.711157 0.0676529 9.9991E-05 0.0559234 0.0596698 0.0456561 0.00171945 0.0366525
0.0647602 0.711691 0.111066 9.9964E-05 9.9964E-05 9.9964E-05 0.0267075 0.0853753 9.9964E-05
0.0174551 0.797391 9.9964E-05 0.0888759 0.0305625 9.9964E-05 9.9964E-05 9.9964E-05 0.0653161
0.0201154 0.496303 0.102147 0.0626155 9.9991E-05 0.127 0.0772067 0.103037 0.0114749
0.00338045 0.64498 9.9982E-05 0.133045 0.027377 9.9982E-05 0.0210534 0.157952 0.0120123
9.9973E-05 0.731301 9.9973E-05 9.9973E-05 0.057656 0.00501127 0.0189808 0.135396 0.0513545
9.9964E-05 0.747815 9.9964E-05 9.9964E-05 0.113438 9.9964E-05 0.0346883 0.0990968 0.00456231
9.9973E-05 0.619182 9.9973E-05 0.0878054 0.116646 9.9973E-05 0.0325924 0.114412 0.0290623
0.0323114 0.48685 9.9991E-05 0.0538061 0.097693 0.00360019 0.0430854 0.268809 0.0137454
9.9973E-05 0.70425 0.0103184 9.9973E-05 0.18473 0.0255391 0.0597284 9.9973E-05 0.0151341
0.0486354 0.677339 9.9964E-05 9.9964E-05 0.1994 9.9964E-05 0.0673651 9.9964E-05 0.00686101
9.9964E-05 0.738824 0.08546 9.9964E-05 0.11967 9.9964E-05 0.0204028 0.0352434 9.9964E-05
0.0198195 0.688611 9.9982E-05 0.0638481 0.0898348 9.9982E-05 0.070168 0.0493918 0.0181268
9.9982E-05 0.784085 0.00591094 9.9982E-05 0.0506404 0.0532259 0.0585087 0.0145277 0.0329012
0.0083311 0.665814 9.9982E-05 9.9982E-05 0.047095 0.0652433 0.00429751 0.160956 0.0480627
0.0707243 0.624038 0.0705668 0.00159133 0.0239484 0.0667298 0.122441 0.0198604 9.9991E-05
0.0337037 0.734934 0.0523382 0.0608344 9.9973E-05 0.0849409 9.9973E-05 9.9973E-05 0.0329494
0.0601793 0.68792 0.118792 9.9973E-05 0.0859235 0.0308392 0.0160465 9.9973E-05 9.9973E-05
0.0109406 0.76277 0.0299855 9.9973E-05 0.0869512 0.0560813 0.0529713 9.9973E-05 9.9973E-05
0.0734386 0.663883 0.100114 0.0180764 0.0518044 0.0331 0.0490469 9.9991E-05 0.0104364
0.0258897 0.714576 0.0518532 0.150634 9.9973E-05 0.0104107 0.0463359 9.9973E-05 9.9973E-05
0.0100718 0.683775 9.9982E-05 9.9982E-05 0.0806715 0.0808128 0.0473722 0.0574402 0.0396569
9.9973E-05 0.645642 9.9973E-05 0.00930398 0.1943 9.9973E-05 0.0607192 0.076008 0.0137276
0.0165759 0.698815 0.00611895 0.00279108 0.122298 9.9991E-05 0.0337621 0.101101 0.0184378
9.9973E-05 0.719772 0.00215756 9.9973E-05 0.0835375 0.077855 9.9973E-05 0.103019 0.0133585
0.023074 0.774798 9.9973E-05 0.0151423 0.0558563 0.0119489 9.9973E-05 0.118881 9.9973E-05
9.9991E-05 0.632713 0.0734965 0.0396053 0.0418431 0.0211437 0.0559153 0.127999 0.00718328
0.00213223 0.629945 0.142127 0.0258029 0.043804 9.9973E-05 9.9973E-05 0.155889 9.9973E-05
0.035542 0.775615 0.0753318 9.9973E-05 0.0538787 0.0533127 9.9973E-05 9.9973E-05 0.00601991
0.0367238 0.766856 0.00609531 0.0255166 0.0119198 0.0707771 0.0346495 9.9991E-05 0.0473622
9.9982E-05 0.0961044 0.0463652 9.9982E-05 0.0952195 0.0389405 0.00401147 0.683318 0.0358413
0.130564 0.2114 0.0713818 9.9973E-05 0.00230893 9.9973E-05 0.0368462 0.547199 9.9973E-05
0.0412268 0.0705781 0.105494 9.9982E-05 0.0226167 0.0354731 0.132213 0.592198 9.9982E-05
9.9964E-05 0.160192 0.0380809 9.9964E-05 0.110867 9.9964E-05 0.113047 0.577413 9.9964E-05
0.0112721 0.0837187 0.0921917 0.0614006 0.0657951 9.9991E-05 0.0992011 0.562132 0.0241882
0.0304227 0.124007 0.0482032 0.0455396 9.9982E-05 0.0275193 9.9982E-05 0.678609 0.0455
0.00826015 0.00679382 0.0423332 0.0437394 0.00473357 9.9991E-05 0.0232529 0.857203 0.0135842
9.9973E-05 0.0340477 0.197825 0.174015 9.9973E-05 9.9973E-05 0.0657839 0.525254 0.00277422
