9.9946E-05 0.914038 9.9946E-05 0.044056 9.9946E-05 9.9946E-05 9.9946E-05 0.0413059 9.9946E-05
0.0639056 0.699229 9.9973E-05 0.0218506 9.9973E-05 0.0295812 0.0698437 9.9973E-05 0.11529
0.00390737 0.730638 0.0175749 0.0551002 9.9982E-05 0.10801 0.0704138 0.0141557 9.9982E-05
0.037453 0.751099 0.0937368 0.0247675 9.9973E-05 0.0107058 0.0819378 9.9973E-05 9.9973E-05
0.0234472 0.795557 9.9982E-05 0.0457442 0.0109231 0.00975935 9.9982E-05 0.00869177 0.105678
0.0762712 0.855984 9.9946E-05 9.9946E-05 0.0671455 9.9946E-05 9.9946E-05 9.9946E-05 9.9946E-05
0.0375234 0.870568 0.00472246 9.9955E-05 9.9955E-05 9.9955E-05 9.9955E-05 9.9955E-05 0.086686
0.0453218 0.811057 0.0812373 0.0173037 0.0446802 9.9964E-05 9.9964E-05 9.9964E-05 9.9964E-05
0.121593 0.73271 9.9982E-05 0.0546954 0.0285953 0.0400265 9.9982E-05 0.00296947 0.0192108
0.106362 0.823454 0.000146863 9.9973E-05 9.9973E-05 0.0437445 0.0234208 9.9973E-05 0.00257114
0.0757168 0.728114 9.9964E-05 0.0117498 0.00163185 9.9964E-05 0.182387 9.9964E-05 9.9964E-05
9.9955E-05 0.702678 9.9955E-05 0.0284723 9.9955E-05 0.0956297 0.17272 9.9955E-05 9.9955E-05
9.9973E-05 0.749926 0.0953499 0.0123927 0.0191499 9.9973E-05 9.9973E-05 0.0209437 0.101938
0.135484 0.715917 0.0630247 0.00211703 9.9991E-05 0.0279123 0.00514432 0.044471 0.00582937
0.0389868 0.792677 9.9964E-05 0.0215795 9.9964E-05 0.0653107 9.9964E-05 9.9964E-05 0.0810461
0.0917821 0.846942 0.0561929 9.9955E-05 9.9955E-05 9.9955E-05 9.9955E-05 9.9955E-05 0.00458299
9.9946E-05 0.922119 9.9946E-05 9.9946E-05 0.0482171 9.9946E-05 9.9946E-05 9.9946E-05 0.0290643
9.9946E-05 0.932529 9.9946E-05 9.9946E-05 9.9946E-05 9.9946E-05 9.9946E-05 0.0401064 0.0267654
9.9955E-05 0.919466 9.9955E-05 0.0150256 9.9955E-05 9.9955E-05 9.9955E-05 0.0400621 0.0249469
9.9955E-05 0.897008 9.9955E-05 9.9955E-05 0.0292692 0.0127023 0.0605212 9.9955E-05 9.9955E-05
9.993E-05 9.993E-05 9.993E-05 9.993E-05 9.993E-05 0.999201 9.993E-05 9.993E-05 9.993E-05
0.0689435 9.9964E-05 9.9964E-05 0.031422 9.9964E-05 0.646121 0.244003 0.00911002 9.9964E-05
0.0480183 0.0329225 0.000403081 9.9973E-05 9.9973E-05 0.739759 9.9973E-05 0.0413054 0.137291
9.9964E-05 9.9964E-05 9.9964E-05 9.9964E-05 0.0113567 0.778798 0.00939914 0.167716 0.0323301
9.9937E-05 9.9937E-05 0.201456 9.9937E-05 9.9937E-05 0.797845 9.9937E-05 9.9937E-05 9.9937E-05
9.9964E-05 0.00288398 0.133681 0.0293325 0.0283752 0.805327 9.9964E-05 9.9964E-05 9.9964E-05
9.9955E-05 9.9955E-05 0.212001 9.9955E-05 9.9955E-05 0.693254 9.9955E-05 0.0625997 0.031645
9.99369E-05 9.99369E-05 9.99369E-05 9.99369E-05 0.00282054 0.99648 9.99369E-05 9.99369E-05 9.99369E-05
0.030825 9.9964E-05 0.243014 9.9964E-05 0.0182996 0.687048 0.020413 9.9964E-05 9.9964E-05
0.0743168 9.9964E-05 0.060739 9.9964E-05 9.9964E-05 0.62049 9.9964E-05 0.0652107 0.178843
0.0631253 9.9964E-05 0.183489 0.00440677 9.9964E-05 0.693141 0.0554378 9.9964E-05 9.9964E-05
0.026275 0.00225112 0.194471 9.9982E-05 0.00420435 0.619407 9.9982E-05 0.134191 0.0190002
0.0321352 0.0268366 0.225272 9.9973E-05 0.00486941 0.600357 9.9973E-05 0.11023 9.9973E-05
0.136988 9.9982E-05 0.0538659 0.0803476 9.9982E-05 0.568176 0.0470004 0.0169375 0.0964852
0.0491317 0.0119491 0.097454 0.0403306 0.0464675 0.523559 0.126515 9.9991E-05 0.104493
0.0976526 0.00847643 9.9964E-05 0.0688211 9.9964E-05 0.438736 0.385914 9.9964E-05 9.9964E-05
0.0283423 9.9964E-05 9.9964E-05 0.0126666 9.9964E-05 0.589741 9.9964E-05 0.109299 0.259551
0.0082084 9.9973E-05 0.0145424 0.00136918 9.9973E-05 0.076292 9.9973E-05 0.639445 0.259843
9.9964E-05 9.9964E-05 0.144196 9.9964E-05 0.0270744 9.9964E-05 0.0499313 0.691764 0.0866347
0.0479748 9.9991E-05 0.0237037 0.0265731 0.0189987 0.0213288 0.0445157 0.708734 0.108071
0.0297307 0.0164898 9.9982E-05 0.0411574 0.0153984 0.0646327 9.9982E-05 0.668919 0.163472
9.9982E-05 0.0524531 9.9982E-05 0.0492871 0.00602437 0.0198026 0.0418429 0.739159 0.0912305
9.9973E-05 0.000830358 0.0728842 0.00124876 0.0120276 9.9973E-05 9.9973E-05 0.813034 0.0996749
0.138467 0.067559 0.0152119 0.0660222 0.00585192 0.011071 0.0471521 0.592684 0.0559805
9.9964E-05 9.9964E-05 9.9964E-05 9.9964E-05 0.0244095 0.0478254 0.0954171 0.773068 0.0588804
0.0816285 0.0467977 0.032853 0.00461229 0.0255579 0.0747569 9.9991E-05 0.70721 0.0264835
0.00506017 9.9955E-05 9.9955E-05 0.0168796 9.9955E-05 9.9955E-05 9.9955E-05 0.719348 0.258212
0.00740645 9.9973E-05 0.0629412 0.0456177 0.032024 9.9973E-05 0.0557897 0.795921 9.9973E-05
9.9973E-05 0.00832317 9.9973E-05 0.000157595 0.0127276 0.0182355 9.9973E-05 0.877431 0.0828253
0.033731 0.0153124 9.9973E-05 0.077837 9.9973E-05 9.9973E-05 0.00525415 0.779767 0.0877989
9.9964E-05 9.9964E-05 0.0641644 0.0210643 0.0755389 9.9964E-05 0.0297832 0.809049 9.9964E-05
0.0125804 9.9973E-05 9.9973E-05 0.0239423 0.00824599 0.0468348 9.9973E-05 0.824128 0.0839686
9.9955E-05 9.9955E-05 0.0552997 9.9955E-05 0.0259458 9.9955E-05 9.9955E-05 0.749934 0.16832
9.9973E-05 0.0710622 9.9973E-05 0.0325988 9.9973E-05 0.0229976 0.122045 0.743578 0.00741798
0.0381096 0.0297059 0.0131516 0.014116 0.0227954 0.0189413 9.9991E-05 0.705462 0.157618
0.0422505 0.0119641 0.0527297 0.00268954 0.0135281 9.9982E-05 9.9982E-05 0.743214 0.133424
0.00989084 0.0641936 0.164432 0.010992 0.0266837 9.9973E-05 9.9973E-05 0.723508 9.9973E-05
0.0110485 0.0275283 0.0940509 0.0389355 0.0143343 0.077866 0.351706 0.139011 0.245519
9.993E-05 9.993E-05 9.993E-05 0.999201 9.993E-05 9.993E-05 9.993E-05 9.993E-05 9.993E-05
0.0365154 0.000758136 0.0224658 0.014153 9.9973E-05 9.9973E-05 0.590068 9.9973E-05 0.33574
9.9982E-05 0.0207808 0.0836419 0.0213925 0.0266908 9.9982E-05 0.487424 0.0688466 0.291024
9.9973E-05 9.9973E-05 0.223903 0.084751 0.00861671 9.9973E-05 0.322341 0.00175886 0.35833
9.9973E-05 9.9973E-05 0.131036 0.00847104 0.0594206 9.9973E-05 0.413284 0.0484112 0.339077
9.99369E-05 9.99369E-05 9.99369E-05 9.99369E-05 0.0424276 9.99369E-05 9.99369E-05 9.99369E-05 0.956873
9.993E-05 9.993E-05 9.993E-05 0.999201 9.993E-05 9.993E-05 9.993E-05 9.993E-05 9.993E-05
9.9982E-05 0.103468 0.168617 0.0372462 0.0644016 9.9982E-05 0.4155 0.0173051 0.193262
9.9982E-05 0.0618266 0.0695476 0.0378488 0.0422564 0.148153 0.123407 9.9982E-05 0.516761
9.999E-05 0.0324749 0.24583 0.0759538 0.0461648 0.00191075 0.139244 0.0162309 0.44209
9.9973E-05 9.9973E-05 0.115123 0.0601073 0.0622816 0.12748 0.304088 9.9973E-05 0.33062
9.9982E-05 0.0604658 0.0202303 0.114636 0.143732 0.0601171 0.270581 9.9982E-05 0.330038
9.9973E-05 0.035075 0.144536 0.104644 0.0352309 9.9973E-05 0.188388 9.9973E-05 0.491825
9.9973E-05 0.00475018 0.314568 0.0656052 0.0641738 9.9973E-05 0.236179 9.9973E-05 0.314424
9.9982E-05 0.0161521 0.200192 0.116635 0.0147053 0.0265752 0.24076 9.9982E-05 0.38478
0.0331758 9.9964E-05 0.367667 0.0623242 9.9964E-05 9.9964E-05 0.53294 9.9964E-05 0.00349334
9.9982E-05 9.9982E-05 0.124259 0.00652153 0.0359885 0.0588445 0.12559 0.257718 0.390879
9.9982E-05 0.0436701 0.0813455 0.0629441 9.9982E-05 0.0278178 0.175171 0.218208 0.390644
9.9982E-05 0.0548526 0.0870211 0.0857368 0.0362656 9.9982E-05 0.151044 0.422303 0.162577
9.993E-05 9.993E-05 9.993E-05 9.993E-05 9.993E-05 9.993E-05 9.993E-05 9.993E-05 0.999201
9.999E-05 0.0367478 0.155502 0.0798109 0.177605 0.0505789 0.236557 0.197125 0.0659728
9.9973E-05 9.9973E-05 0.132281 0.0275312 0.0691471 9.9973E-05 0.276901 0.0488123 0.445028
0.0484122 0.0208962 9.99639E-05 9.99639E-05 9.99639E-05 0.0839656 9.99639E-05 0.0151243 0.831202
0.0207511 0.0721444 0.117677 0.0434097 0.0128698 9.9982E-05 0.288027 9.9982E-05 0.444922
9.9982E-05 0.0815976 0.0136479 0.0363061 0.0478568 9.9982E-05 0.282071 0.0255819 0.512739
0.17774 9.9982E-05 9.9982E-05 0.0450153 0.11941 0.0844774 0.181179 0.251017 0.140961
0.525502 0.0183426 9.9982E-05 0.0817548 0.0230156 9.9982E-05 0.129679 0.20077 0.0207361
0.0827999 0.0821339 0.193191 0.0946278 9.9982E-05 9.9982E-05 0.208335 0.155048 0.183665
0.0546697 0.0101628 9.99549E-05 9.99549E-05 9.99549E-05 9.99549E-05 0.00358088 9.99549E-05 0.931087
0.086454 0.00977671 0.0459905 9.9973E-05 0.0206774 9.9973E-05 9.9973E-05 0.0455947 0.791207
0.0137671 9.9982E-05 0.146163 0.0479518 9.9982E-05 0.0242054 0.320003 0.0479756 0.399734
9.99369E-05 9.99369E-05 9.99369E-05 9.99369E-05 0.109125 9.99369E-05 0.890176 9.99369E-05 9.99369E-05
9.9982E-05 0.00919431 0.114184 0.0341504 0.00108578 9.9982E-05 0.159908 0.128316 0.552962
9.9964E-05 9.9964E-05 0.0305641 0.0200955 9.9964E-05 9.9964E-05 0.327844 0.0935203 0.527576
0.0565978 0.0235256 9.9964E-05 0.0406131 9.9964E-05 0.0539074 0.824956 9.9964E-05 9.9964E-05
0.0139882 0.0698818 0.0409989 9.9982E-05 0.0673361 0.124844 0.610023 9.9982E-05 0.0727281
0.0273239 9.9973E-05 0.00978563 0.0342993 9.9973E-05 0.0449948 0.534555 9.9973E-05 0.348741
0.0336564 0.0904005 0.0352185 0.0852324 9.9982E-05 0.097437 0.496064 9.9982E-05 0.161791
0.0961906 0.0666474 0.256656 0.0239475 0.0935607 9.9991E-05 0.375718 0.0139619 0.073218
9.9982E-05 0.0835163 0.199781 0.0211575 0.0483936 9.9982E-05 0.231068 0.0599124 0.355972
9.9982E-05 0.00325446 0.403398 0.0237909 0.0173252 9.9982E-05 0.107537 0.016006 0.428488
9.9973E-05 9.9973E-05 0.118142 0.0793912 0.0988707 9.9973E-05 0.411673 0.0644216 0.227202
0.00116113 0.0148573 0.12022 0.0270969 9.9982E-05 0.0661483 0.491202 9.9982E-05 0.279114
0.077612 0.0300982 0.0151805 0.111089 0.10674 0.0165945 0.178266 9.9991E-05 0.46432
9.9964E-05 9.9964E-05 0.220407 0.00458126 9.9964E-05 0.001427 0.516137 9.9964E-05 0.257048
9.993E-05 9.993E-05 9.993E-05 9.993E-05 0.999201 9.993E-05 9.993E-05 9.993E-05 9.993E-05
0.0222989 0.0480507 0.205517 0.0498115 0.0758687 0.024976 0.424081 0.0156254 0.133771
9.9964E-05 0.00623484 0.0234436 0.00320605 9.9964E-05 9.9964E-05 0.388707 9.9964E-05 0.578009
0.0586806 0.0353238 9.9973E-05 9.9973E-05 0.0189008 0.0303724 0.48337 9.9973E-05 0.373053
9.9964E-05 9.9964E-05 0.0650343 0.0369352 9.9964E-05 9.9964E-05 0.529408 0.0734644 0.294758
9.9973E-05 0.0545657 0.300938 9.9973E-05 0.0229533 9.9973E-05 0.41656 0.0199836 0.1847
9.9991E-05 0.0832505 0.356077 0.0190119 0.020925 0.0441753 0.264197 0.0268709 0.185392
9.9937E-05 9.9937E-05 9.9937E-05 9.9937E-05 0.997357 9.9937E-05 9.9937E-05 9.9937E-05 0.00194299
9.993E-05 9.993E-05 9.993E-05 9.993E-05 0.999201 9.993E-05 9.993E-05 9.993E-05 9.993E-05
9.9937E-05 9.9937E-05 9.9937E-05 9.9937E-05 0.937804 9.9937E-05 9.9937E-05 9.9937E-05 0.0614964
0.00874523 0.0116937 9.9964E-05 0.0572625 9.9964E-05 9.9964E-05 0.890593 9.9964E-05 0.0313058
0.0273491 9.9982E-05 9.9982E-05 0.0395994 0.0529502 0.0823168 0.543991 0.0754057 0.178188
0.0395794 0.0347586 0.133955 0.055752 0.0228693 9.9982E-05 0.518634 9.9982E-05 0.194252
9.9982E-05 0.0426512 9.9982E-05 0.0160428 0.110472 0.0309044 0.349373 0.0211818 0.429175
9.9982E-05 0.046876 0.0575671 0.0430956 0.0705992 9.9982E-05 0.213677 0.110413 0.457573
9.99369E-05 9.99369E-05 9.99369E-05 9.99369E-05 0.0336922 9.99369E-05 0.965608 9.99369E-05 9.99369E-05
9.9991E-05 0.0479836 0.0906146 0.0366581 0.0792449 0.0048527 0.520377 0.082032 0.138137
0.00640682 0.012994 0.846944 0.0753428 9.9964E-05 9.9964E-05 0.0579123 9.9964E-05 9.9964E-05
0.0286123 9.9955E-05 0.85256 9.9955E-05 9.9955E-05 9.9955E-05 0.0618332 9.9955E-05 0.0564943
9.9955E-05 9.9955E-05 0.669665 9.9955E-05 0.0820282 0.0607848 9.9955E-05 9.9955E-05 0.187022
9.9964E-05 0.0205587 0.781324 0.0411559 9.9964E-05 0.0203055 0.136256 9.9964E-05 9.9964E-05
0.0392479 9.9973E-05 0.752476 9.9973E-05 0.052443 0.0572761 0.0978137 0.000443716 9.9973E-05
0.0593373 9.9955E-05 0.838306 0.0426557 9.9955E-05 0.0592009 9.9955E-05 9.9955E-05 9.9955E-05
9.9937E-05 9.9937E-05 0.957127 9.9937E-05 9.9937E-05 9.9937E-05 9.9937E-05 0.0421739 9.9937E-05
9.9964E-05 0.0404158 0.796672 0.0305198 9.9964E-05 0.0321279 0.0998647 9.9964E-05 9.9964E-05
9.9946E-05 9.9946E-05 0.918714 9.9946E-05 0.0218836 9.9946E-05 9.9946E-05 0.0588023 9.9946E-05
9.9991E-05 0.0272139 0.683892 0.052442 0.0349333 0.0143647 0.0176905 0.109709 0.0596548
9.9955E-05 9.9955E-05 0.922357 0.0352656 0.00949804 0.03238 9.9955E-05 9.9955E-05 9.9955E-05
0.719224 9.9973E-05 0.184012 0.0217695 0.0413529 0.000579264 9.9973E-05 0.032763 9.9973E-05
0.677076 9.9955E-05 0.256227 0.0163851 9.9955E-05 9.9955E-05 9.9955E-05 0.0498119 9.9955E-05
0.719377 0.0315907 0.0296052 0.0321878 0.0314725 0.0433538 9.9982E-05 9.9982E-05 0.112213
0.738749 0.0332105 9.9964E-05 9.9964E-05 0.0151074 0.0478157 9.9964E-05 0.164718 9.9964E-05
0.726506 0.0483004 9.9973E-05 9.9973E-05 9.9973E-05 0.000917155 0.0645236 0.0432706 0.116182
0.601913 0.053513 0.186822 0.0473062 0.0370991 0.0274735 9.9982E-05 0.0456736 9.9982E-05
0.743766 9.9964E-05 9.9964E-05 0.0365874 0.0831275 0.0603272 9.9964E-05 0.0757919 9.9964E-05
0.706773 9.9964E-05 9.9964E-05 0.0351224 0.0242298 0.0709039 9.9964E-05 9.9964E-05 0.162571
0.554406 0.021447 9.9991E-05 0.0226272 0.12874 0.0467911 0.1736 0.0344425 0.0178468
0.600898 9.9946E-05 0.218652 9.9946E-05 9.9946E-05 9.9946E-05 9.9946E-05 0.17985 9.9946E-05
0.754826 0.0257298 0.0211508 0.0398282 0.0283404 0.0198981 9.9991E-05 0.0232797 0.0868473
0.690545 0.0300749 0.0455466 0.049759 9.9973E-05 9.9973E-05 0.0130247 0.17075 9.9973E-05
0.618357 0.0293571 0.0204307 0.0447342 9.9991E-05 0.00425261 0.130005 0.120274 0.0324891
0.471825 9.9973E-05 0.0354056 0.04012 0.0284686 9.9973E-05 0.246543 0.177338 9.9973E-05
0.658792 0.0509961 0.0289346 0.0873235 0.00658395 0.0436006 0.114424 9.9991E-05 0.00924501
0.658182 0.104791 9.9955E-05 0.074406 9.9955E-05 9.9955E-05 0.162121 9.9955E-05 9.9955E-05
0.73601 0.000124002 0.113028 0.069575 0.000661597 0.0141885 9.9991E-05 0.0661835 0.000129502
0.741362 0.0555366 9.9973E-05 0.0662486 0.049969 9.9973E-05 0.0610838 0.0255003 9.9973E-05
0.794579 0.0550455 9.9964E-05 9.9964E-05 0.0407346 0.0753503 9.9964E-05 0.0338909 9.9964E-05
0.750244 9.9973E-05 9.9973E-05 0.000143421 9.9973E-05 0.0305347 0.191798 0.020371 0.00660912
0.603938 0.0669774 9.9964E-05 0.0199218 9.9964E-05 0.0453361 0.263427 9.9964E-05 9.9964E-05
0.741141 9.9964E-05 0.105566 0.00439071 0.0428449 9.9964E-05 9.9964E-05 9.9964E-05 0.105658
0.727393 0.00943161 0.0119784 0.00371487 0.0533133 9.9973E-05 0.193869 9.9973E-05 9.9973E-05
0.719053 0.0259547 9.9973E-05 0.0129489 9.9973E-05 0.0241836 0.0628406 9.9973E-05 0.154719
0.674753 0.0110566 0.0265088 0.0155541 0.0554268 0.093519 0.122981 9.9982E-05 9.9982E-05
0.618177 0.00894822 0.0706479 9.9964E-05 9.9964E-05 0.0797575 0.22207 9.9964E-05 9.9964E-05
0.633238 0.0208645 9.9973E-05 0.0281531 9.9973E-05 0.0740964 0.199671 0.0436776 9.9973E-05
0.651336 0.0880786 9.9964E-05 0.0563694 9.9964E-05 9.9964E-05 0.135906 0.0679092 9.9964E-05
0.619638 0.0244832 0.0308128 0.0504164 0.0506911 0.0497531 0.109759 0.0627473 0.00169923
0.751659 9.9973E-05 9.9973E-05 0.0593845 0.0281719 0.0652654 0.0915382 0.00368137 9.9973E-05
0.745702 9.9964E-05 0.0953321 0.0593941 0.0804331 9.9964E-05 9.9964E-05 0.0187389 9.9964E-05
0.642356 0.0367184 0.0869613 9.9973E-05 9.9973E-05 0.00130643 0.130046 0.102312 9.9973E-05
0.64721 9.9973E-05 0.177851 0.00365826 9.9973E-05 0.0746588 9.9973E-05 0.0259173 0.0704044
0.751647 0.0207128 9.9982E-05 0.0286414 0.0663718 0.0688907 0.043617 9.9982E-05 0.0199195
0.766408 0.0607137 0.0204531 9.9973E-05 0.0194723 0.0587947 0.0738578 9.9973E-05 9.9973E-05
0.153554 9.9964E-05 9.9964E-05 0.0474441 9.9964E-05 0.0108535 0.205175 0.582574 9.9964E-05
0.0998643 9.9955E-05 9.9955E-05 9.9955E-05 9.9955E-05 0.0198228 0.347075 0.532739 9.9955E-05
0.0335581 0.0497961 9.9973E-05 0.00744335 9.9973E-05 0.0923031 0.281504 0.535096 9.9973E-05
0.185858 0.0717451 0.00252439 0.0443684 0.0200772 0.0582083 0.201246 0.415873 9.9991E-05
0.059454 0.0860435 9.9982E-05 0.00610594 9.9982E-05 0.0804686 0.171029 0.556382 0.0403176
0.0487177 9.9982E-05 0.081397 0.0316334 0.0635899 0.0559929 0.0537914 0.664678 9.9982E-05
9.9946E-05 9.9946E-05 9.9946E-05 9.9946E-05 9.9946E-05 0.0627067 0.14752 0.789174 9.9946E-05
0.024792 0.125904 0.199125 0.00793982 9.9982E-05 0.144699 0.0209096 0.476431 9.9982E-05
