9.9892E-05 0.0356512 9.9892E-05 0.0254583 9.9892E-05 9.9892E-05 9.9892E-05 0.00941174 9.9892E-05 0.904272 0.0240082 9.9892E-05 9.9892E-05 9.9892E-05 9.9892E-05 9.9892E-05 9.9892E-05
9.9928E-05 9.9928E-05 0.00192541 9.9928E-05 9.9928E-05 0.0364198 0.040442 0.0400597 9.9928E-05 0.701173 0.0594005 9.9928E-05 0.103929 0.00701174 0.00883903 9.9928E-05 9.9928E-05
0.111192 9.991E-05 9.991E-05 9.991E-05 0.0121892 9.991E-05 9.991E-05 9.991E-05 0.00206922 0.770559 9.991E-05 0.0615239 9.991E-05 0.0248816 0.0165855 9.991E-05 9.991E-05
9.9892E-05 9.9892E-05 9.9892E-05 9.9892E-05 9.9892E-05 0.163383 9.9892E-05 9.9892E-05 9.9892E-05 0.742493 9.9892E-05 0.0490484 9.9892E-05 0.0225816 0.0212958 9.9892E-05 9.9892E-05
9.99101E-05 9.99101E-05 9.99101E-05 0.0751396 0.00514689 9.99101E-05 9.99101E-05 0.0130606 9.99101E-05 0.761602 9.99101E-05 0.0190168 0.0111971 9.99101E-05 0.026195 0.0877433 9.99101E-05
9.9901E-05 9.9901E-05 9.9901E-05 9.9901E-05 9.9901E-05 0.103933 0.0125347 0.0121908 9.9901E-05 0.832383 9.9901E-05 9.9901E-05 9.9901E-05 9.9901E-05 9.9901E-05 0.0248638 0.0129956
9.9883E-05 9.9883E-05 9.9883E-05 9.9883E-05 9.9883E-05 9.9883E-05 9.9883E-05 9.9883E-05 9.9883E-05 0.856842 0.0080899 9.9883E-05 0.112852 9.9883E-05 9.9883E-05 9.9883E-05 0.0209174
0.0194385 0.0273062 9.9919E-05 9.9919E-05 9.9919E-05 9.9919E-05 9.9919E-05 9.9919E-05 0.00706033 0.784119 0.0763324 9.9919E-05 0.0668648 0.00537907 9.9919E-05 9.9919E-05 0.0126004
0.0282521 9.9919E-05 9.9919E-05 9.9919E-05 9.9919E-05 9.9919E-05 0.00213399 9.9919E-05 9.9919E-05 0.741491 9.9919E-05 0.000919212 0.168259 0.00125025 0.0133168 0.0434788 9.9919E-05
9.9901E-05 0.0899037 9.9901E-05 9.9901E-05 0.0657083 9.9901E-05 9.9901E-05 9.9901E-05 9.9901E-05 0.758583 0.0448331 9.9901E-05 0.0391172 9.9901E-05 9.9901E-05 9.9901E-05 0.0007562
0.0747283 0.0184916 0.101494 9.9919E-05 0.000549754 9.9919E-05 0.0137205 9.9919E-05 0.0235897 0.757359 9.9919E-05 9.9919E-05 9.9919E-05 9.9919E-05 0.00916756 9.9919E-05 9.9919E-05
9.9919E-05 0.0568434 9.9919E-05 9.9919E-05 0.0470572 0.0222001 0.00107808 9.9919E-05 9.9919E-05 0.732117 9.9919E-05 9.9919E-05 9.9919E-05 0.0262627 0.0060117 0.107531 9.9919E-05
0.0137741 0.0298936 0.0667492 9.9937E-05 0.00556025 9.9937E-05 0.0115934 9.9937E-05 9.9937E-05 0.734562 9.9937E-05 0.0876943 0.00503142 9.9937E-05 9.9937E-05 0.0426434 0.00179902
9.9901E-05 9.9901E-05 9.9901E-05 9.9901E-05 9.9901E-05 0.228057 9.9901E-05 0.0371531 0.0160887 0.675175 0.0380418 9.9901E-05 9.9901E-05 9.9901E-05 0.0043864 9.9901E-05 9.9901E-05
9.9901E-05 9.9901E-05 0.0832496 9.9901E-05 0.0456699 0.0781529 9.9901E-05 0.0252561 9.9901E-05 0.74491 9.9901E-05 9.9901E-05 9.9901E-05 9.9901E-05 0.021663 9.9901E-05 9.9901E-05
9.99011E-05 9.99011E-05 0.00113806 9.99011E-05 9.99011E-05 9.99011E-05 0.00880094 9.99011E-05 0.000101775 0.821296 9.99011E-05 9.99011E-05 0.164426 9.99011E-05 9.99011E-05 9.99011E-05 0.00313763
9.98831E-05 9.98831E-05 9.98831E-05 9.98831E-05 9.98831E-05 9.98831E-05 0.0247155 0.0474973 9.98831E-05 0.915272 9.98831E-05 9.98831E-05 9.98831E-05 9.98831E-05 9.98831E-05 9.98831E-05 0.0112171
9.98741E-05 9.98741E-05 9.98741E-05 9.98741E-05 9.98741E-05 9.98741E-05 9.98741E-05 0.064174 0.00273048 0.931697 9.98741E-05 9.98741E-05 9.98741E-05 9.98741E-05 9.98741E-05 9.98741E-05 9.98741E-05
9.99011E-05 9.99011E-05 9.99011E-05 0.0268068 9.99011E-05 9.99011E-05 9.99011E-05 0.0576651 0.00199593 0.907111 9.99011E-05 9.99011E-05 0.00356762 0.00175439 9.99011E-05 9.99011E-05 9.99011E-05
0.00942595 9.9928E-05 0.0139833 0.0284729 0.0331181 0.00038919 9.9928E-05 0.0119126 9.9928E-05 0.879233 9.9928E-05 9.9928E-05 9.9928E-05 9.9928E-05 0.013073 9.9928E-05 0.00959292
9.9856E-05 9.9856E-05 9.9856E-05 9.9856E-05 9.9856E-05 9.9856E-05 9.9856E-05 9.9856E-05 0.998402 9.9856E-05 9.9856E-05 9.9856E-05 9.9856E-05 9.9856E-05 9.9856E-05 9.9856E-05 9.9856E-05
9.9892E-05 0.117814 0.0787315 9.9892E-05 0.788914 9.9892E-05 9.9892E-05 9.9892E-05 9.9892E-05 9.9892E-05 9.9892E-05 9.9892E-05 9.9892E-05 0.00537646 0.00796568 9.9892E-05 9.9892E-05
9.9919E-05 0.0673613 9.9919E-05 0.00154313 0.76395 9.9919E-05 9.9919E-05 0.0698207 0.00557596 0.0224313 0.0612154 9.9919E-05 9.9919E-05 9.9919E-05 9.9919E-05 9.9919E-05 0.00720342
9.9901E-05 9.9901E-05 9.9901E-05 0.0545428 0.863799 9.9901E-05 0.0203023 0.0255086 0.000871058 9.9901E-05 9.9901E-05 9.9901E-05 9.9901E-05 9.9901E-05 0.0338771 9.9901E-05 9.9901E-05
9.98741E-05 9.98741E-05 9.98741E-05 9.98741E-05 0.985808 9.98741E-05 9.98741E-05 9.98741E-05 0.00096365 9.98741E-05 9.98741E-05 9.98741E-05 9.98741E-05 9.98741E-05 9.98741E-05 0.0118299 9.98741E-05
0.0217742 9.9883E-05 9.9883E-05 9.9883E-05 0.940883 9.9883E-05 9.9883E-05 0.0159982 9.9883E-05 9.9883E-05 9.9883E-05 9.9883E-05 9.9883E-05 0.0200466 9.9883E-05 9.9883E-05 9.9883E-05
9.991E-05 9.991E-05 9.991E-05 0.0331505 0.726927 0.0593129 9.991E-05 0.0348041 0.00899191 9.991E-05 9.991E-05 0.130748 0.00506619 9.991E-05 9.991E-05 9.991E-05 9.991E-05
9.9865E-05 0.00201137 9.9865E-05 9.9865E-05 9.9865E-05 9.9865E-05 9.9865E-05 9.9865E-05 0.996491 9.9865E-05 9.9865E-05 9.9865E-05 9.9865E-05 9.9865E-05 9.9865E-05 9.9865E-05 9.9865E-05
0.0486647 9.991E-05 9.991E-05 9.991E-05 0.745992 9.991E-05 9.991E-05 9.991E-05 0.0137884 9.991E-05 0.0454944 0.0514657 0.0653324 9.991E-05 9.991E-05 9.991E-05 0.028263
9.99009E-05 9.99009E-05 9.99009E-05 9.99009E-05 0.648848 0.222173 0.027789 0.0071102 9.99009E-05 9.99009E-05 9.99009E-05 9.99009E-05 9.99009E-05 9.99009E-05 9.99009E-05 0.0870945 0.0058869
9.9901E-05 9.9901E-05 0.0521332 9.9901E-05 0.67067 0.207361 9.9901E-05 9.9901E-05 0.0316688 9.9901E-05 9.9901E-05 0.034237 9.9901E-05 0.00283046 9.9901E-05 9.9901E-05 9.9901E-05
9.99101E-05 9.99101E-05 9.99101E-05 0.070531 0.785014 9.99101E-05 0.0102657 0.0731387 0.0145332 9.99101E-05 9.99101E-05 0.0337687 0.0117499 9.99101E-05 9.99101E-05 9.99101E-05 9.99101E-05
0.180264 9.9919E-05 9.9919E-05 0.0105092 0.606648 9.9919E-05 0.0262165 9.9919E-05 0.0639153 0.0265113 9.9919E-05 0.0842036 9.9919E-05 0.000833357 9.9919E-05 9.9919E-05 9.9919E-05
9.99099E-05 0.118735 9.99099E-05 9.99099E-05 0.642333 9.99099E-05 0.0218726 9.99099E-05 0.0175055 9.99099E-05 0.148052 9.99099E-05 9.99099E-05 0.0273596 9.99099E-05 9.99099E-05 0.023143
0.0605521 9.99369E-05 0.141148 9.99369E-05 0.658837 9.99369E-05 0.000133328 0.0242325 9.99369E-05 0.0251982 9.99369E-05 0.0550003 9.99369E-05 0.00934271 0.00764574 9.99369E-05 0.0172103
9.99279E-05 0.0641371 9.99279E-05 9.99279E-05 0.397089 0.205183 9.99279E-05 0.0136538 9.99279E-05 0.0490132 9.99279E-05 0.0617994 9.99279E-05 0.0799093 0.0357577 0.0926579 9.99279E-05
9.991E-05 9.991E-05 0.186899 0.034632 0.673878 9.991E-05 9.991E-05 0.0158847 9.991E-05 9.991E-05 9.991E-05 9.991E-05 0.0507477 0.0122577 0.0247018 9.991E-05 9.991E-05
9.9901E-05 0.113289 0.140186 0.633516 9.9901E-05 9.9901E-05 9.9901E-05 0.0919907 0.014568 9.9901E-05 9.9901E-05 9.9901E-05 9.9901E-05 0.00535115 9.9901E-05 9.9901E-05 9.9901E-05
9.99189E-05 9.99189E-05 0.153067 0.546837 9.99189E-05 9.99189E-05 0.0192599 0.0148232 9.99189E-05 9.99189E-05 0.0318436 9.99189E-05 0.205719 9.99189E-05 0.0273857 9.99189E-05 0.00016494
0.115491 9.9919E-05 9.9919E-05 0.597562 9.9919E-05 9.9919E-05 0.00379988 9.9919E-05 0.00403929 9.9919E-05 0.241542 0.028529 9.9919E-05 0.00513059 9.9919E-05 9.9919E-05 0.00300685
9.9919E-05 0.00699645 0.145427 0.638175 0.0312292 9.9919E-05 0.00823049 9.9919E-05 9.9919E-05 9.9919E-05 9.9919E-05 9.9919E-05 0.145118 0.00626801 9.9919E-05 0.0176571 9.9919E-05
0.0159388 9.9946E-05 0.0694645 0.699059 9.9946E-05 9.9946E-05 0.00477261 0.0327563 0.0429617 0.0218292 9.9946E-05 9.9946E-05 0.0484988 0.0223737 0.0287756 9.9946E-05 0.0129705
0.135592 9.9901E-05 9.9901E-05 0.722618 9.9901E-05 9.9901E-05 9.9901E-05 9.9901E-05 0.0156712 9.9901E-05 9.9901E-05 0.0451287 9.9901E-05 9.9901E-05 9.9901E-05 0.0782687 0.00162224
9.9946E-05 0.0649079 9.9946E-05 0.573736 9.9946E-05 0.17981 0.0390764 0.0370699 0.0165199 0.0189463 0.031453 9.9946E-05 9.9946E-05 9.9946E-05 0.0137561 0.00758195 0.0165426
0.0278823 9.9955E-05 0.00210687 0.710943 9.9955E-05 9.9955E-05 0.0262643 0.0325191 0.0166511 9.9955E-05 0.0347192 0.00361617 0.107737 0.0123761 0.0189867 9.9955E-05 0.00569819
9.991E-05 9.991E-05 9.991E-05 0.610307 0.00933821 9.991E-05 9.991E-05 0.0573643 9.991E-05 0.00214066 9.991E-05 0.0444446 0.259639 9.991E-05 9.991E-05 9.991E-05 0.0157669
9.99011E-05 9.99011E-05 0.0860385 0.698827 9.99011E-05 0.184116 0.0218355 9.99011E-05 9.99011E-05 9.99011E-05 9.99011E-05 9.99011E-05 9.99011E-05 9.99011E-05 0.000464358 9.99011E-05 0.00761955
0.0680525 0.0664988 9.9937E-05 0.743109 9.9937E-05 9.9937E-05 0.00349136 9.9937E-05 0.0150108 9.9937E-05 0.0278381 0.0391543 9.9937E-05 0.0193468 0.00740226 9.9937E-05 0.00939608
9.99201E-05 9.99201E-05 9.99201E-05 0.833617 9.99201E-05 0.0120551 0.0295957 0.0229017 0.0645873 0.0259397 9.99201E-05 9.99201E-05 9.99201E-05 0.00573986 0.00135037 9.99201E-05 0.00341358
9.9901E-05 0.206311 0.0314863 0.684197 9.9901E-05 9.9901E-05 9.9901E-05 0.0469609 0.0106918 9.9901E-05 9.9901E-05 9.9901E-05 9.9901E-05 0.0192542 9.9901E-05 9.9901E-05 9.9901E-05
0.0663494 9.9928E-05 9.9928E-05 0.751495 9.9928E-05 0.0292645 0.0130614 9.9928E-05 0.00643676 0.000231054 9.9928E-05 0.0548337 9.9928E-05 0.0064699 9.9928E-05 0.0710586 9.9928E-05
0.10616 9.98921E-05 9.98921E-05 0.72946 9.98921E-05 9.98921E-05 9.98921E-05 0.0450122 9.98921E-05 9.98921E-05 9.98921E-05 9.98921E-05 0.0841583 0.0340103 9.98921E-05 9.98921E-05 9.98921E-05
9.991E-05 0.00521334 9.991E-05 0.751941 9.991E-05 9.991E-05 0.035727 9.991E-05 0.000191131 9.991E-05 9.991E-05 0.0591054 0.0952891 9.991E-05 9.991E-05 9.991E-05 0.0515345
9.9928E-05 9.9928E-05 9.9928E-05 0.745606 0.0300813 9.9928E-05 0.00481055 0.0282254 9.9928E-05 0.0796613 0.046891 9.9928E-05 0.00407422 0.00226931 9.9928E-05 0.0575817 9.9928E-05
0.0222091 9.9928E-05 9.9928E-05 0.658058 9.9928E-05 9.9928E-05 0.0396333 9.9928E-05 0.0265974 0.0079361 0.026727 9.9928E-05 0.130818 9.9928E-05 9.9928E-05 0.057492 0.0297294
0.10161 0.0426304 9.991E-05 0.644671 9.991E-05 9.991E-05 9.991E-05 0.0279089 9.991E-05 9.991E-05 0.06579 0.0878083 9.991E-05 0.0285825 9.991E-05 9.991E-05 9.991E-05
0.14732 9.9919E-05 9.9919E-05 0.629339 0.00898559 9.9919E-05 9.9919E-05 9.9919E-05 0.000232519 0.0358392 9.9919E-05 0.0363642 9.9919E-05 9.9919E-05 9.9919E-05 0.103749 0.037271
9.9928E-05 9.9928E-05 9.9928E-05 0.0632282 0.0290731 0.137494 9.9928E-05 0.0290231 0.000925355 9.9928E-05 0.102256 9.9928E-05 9.9928E-05 0.00581055 9.9928E-05 0.621056 0.0103341
9.98559E-05 9.98559E-05 9.98559E-05 9.98559E-05 9.98559E-05 9.98559E-05 9.98559E-05 9.98559E-05 9.98559E-05 9.98559E-05 9.98559E-05 9.98559E-05 9.98559E-05 0.998402 9.98559E-05 9.98559E-05 9.98559E-05
9.9937E-05 0.115966 0.11319 9.9937E-05 9.9937E-05 9.9937E-05 9.9937E-05 0.0167494 0.00355045 9.9937E-05 0.307157 0.105191 9.9937E-05 0.0102005 0.027143 0.268763 0.0313889
9.9955E-05 9.9955E-05 0.604041 0.0312408 9.9955E-05 0.0756858 0.0101258 0.00108145 9.9955E-05 0.0146217 0.0661703 0.0344016 9.9955E-05 0.00996048 0.0333076 0.118511 0.000352646
0.0360031 9.9892E-05 0.907927 9.9892E-05 9.9892E-05 9.9892E-05 9.9892E-05 0.012603 9.9892E-05 9.9892E-05 9.9892E-05 0.0109124 9.9892E-05 0.0313553 9.9892E-05 9.9892E-05 9.9892E-05
9.9883E-05 9.9883E-05 0.678728 9.9883E-05 9.9883E-05 9.9883E-05 9.9883E-05 9.9883E-05 0.00281772 9.9883E-05 9.9883E-05 9.9883E-05 0.0783615 9.9883E-05 9.9883E-05 0.238794 9.9883E-05
9.9892E-05 9.9892E-05 9.9892E-05 9.9892E-05 0.0521763 9.9892E-05 0.933123 9.9892E-05 9.9892E-05 9.9892E-05 0.00478942 9.9892E-05 9.9892E-05 9.9892E-05 0.00448041 9.9892E-05 0.00423214
9.98558E-05 9.98558E-05 9.98558E-05 9.98558E-05 9.98558E-05 9.98558E-05 9.98558E-05 9.98558E-05 9.98558E-05 9.98558E-05 9.98558E-05 9.98558E-05 9.98558E-05 0.998402 9.98558E-05 9.98558E-05 9.98558E-05
9.991E-05 0.0895081 9.991E-05 9.991E-05 9.991E-05 9.991E-05 9.991E-05 9.991E-05 9.991E-05 0.0553138 0.421277 0.0595683 9.991E-05 0.0178629 0.0137429 0.341727 9.991E-05
9.9919E-05 0.0535752 9.9919E-05 9.9919E-05 0.0115024 9.9919E-05 0.0166676 0.0960395 0.0289726 0.00275671 9.9919E-05 9.9919E-05 9.9919E-05 9.9919E-05 9.9919E-05 0.774172 0.0154143
9.9937E-05 0.0400274 0.326372 9.9937E-05 9.9937E-05 9.9937E-05 0.059319 0.112152 0.0102666 9.9937E-05 0.192979 0.12709 9.9937E-05 0.062475 9.9937E-05 0.0517029 0.0169168
9.9937E-05 9.9937E-05 0.641193 9.9937E-05 0.0506684 9.9937E-05 0.00938828 0.0360848 0.0113597 9.9937E-05 0.187662 9.9937E-05 0.0211328 0.0122261 0.0050968 9.9937E-05 0.0244883
0.0226359 9.9937E-05 0.475578 9.9937E-05 0.0399741 9.9937E-05 0.0372564 0.071997 0.00593902 0.0044706 9.9937E-05 9.9937E-05 9.9937E-05 0.0828875 9.9937E-05 0.227381 0.0311803
0.0172744 9.991E-05 0.220298 9.991E-05 9.991E-05 9.991E-05 0.0133072 0.0241073 9.991E-05 9.991E-05 0.592979 9.991E-05 9.991E-05 0.0382206 9.991E-05 0.0928141 9.991E-05
9.9892E-05 9.9892E-05 0.154587 9.9892E-05 9.9892E-05 9.9892E-05 0.0514108 9.9892E-05 9.9892E-05 9.9892E-05 9.9892E-05 9.9892E-05 0.00172613 9.9892E-05 9.9892E-05 0.78593 0.00514733
9.9928E-05 9.9928E-05 0.215045 9.9928E-05 0.0479365 9.9928E-05 9.9928E-05 0.0898754 0.00780594 9.9928E-05 0.434463 9.9928E-05 9.9928E-05 0.103501 0.0215355 0.0702134 0.00882465
0.0306707 9.9919E-05 0.492427 9.9919E-05 9.9919E-05 0.0644394 0.00372586 9.9919E-05 9.9919E-05 9.9919E-05 0.00196728 0.322416 9.9919E-05 0.0171586 0.0662958 9.9919E-05 9.9919E-05
0.0942462 9.9946E-05 9.9946E-05 0.199716 9.9946E-05 9.9946E-05 0.042369 0.114165 0.0359713 9.9946E-05 0.1654 0.179709 9.9946E-05 0.0363806 0.00571604 0.12547 0.00025669
9.9919E-05 0.0668639 0.36896 0.190357 9.9919E-05 9.9919E-05 9.9919E-05 0.0229185 9.9919E-05 0.033293 9.9919E-05 9.9919E-05 9.9919E-05 0.0186162 9.9919E-05 0.284159 0.0139337
9.991E-05 9.991E-05 9.991E-05 0.38691 9.991E-05 9.991E-05 9.991E-05 0.0334387 9.991E-05 0.033547 0.473299 9.991E-05 9.991E-05 0.0463597 0.0148034 9.991E-05 0.010643
9.991E-05 9.991E-05 9.991E-05 9.991E-05 0.00178031 9.991E-05 0.900802 9.991E-05 9.991E-05 9.991E-05 0.00902684 9.991E-05 0.0315988 0.0214201 9.991E-05 0.0273856 0.00698767
9.9955E-05 9.9955E-05 0.479934 0.104955 0.0190452 0.0463542 0.0643632 9.9955E-05 0.0242053 0.0113086 9.9955E-05 0.0120243 0.111653 0.0652766 9.9955E-05 0.0155612 0.0448195
0.0292451 9.9919E-05 0.689906 0.0988449 9.9919E-05 9.9919E-05 0.0955675 0.0281231 9.9919E-05 9.9919E-05 9.9919E-05 9.9919E-05 9.9919E-05 0.026142 0.019177 9.9919E-05 0.0120947
9.98649E-05 9.98649E-05 9.98649E-05 9.98649E-05 9.98649E-05 9.98649E-05 9.98649E-05 0.990727 9.98649E-05 9.98649E-05 9.98649E-05 9.98649E-05 9.98649E-05 9.98649E-05 9.98649E-05 9.98649E-05 0.00777512
9.9937E-05 9.9937E-05 0.157612 9.9937E-05 0.0120736 0.0477434 9.9937E-05 0.0578826 0.0114773 0.0085616 0.459556 9.9937E-05 9.9937E-05 0.0304997 9.9937E-05 0.174114 0.0397811
9.9919E-05 9.9919E-05 9.9919E-05 9.9919E-05 9.9919E-05 9.9919E-05 0.0034176 0.0170959 9.9919E-05 0.0283864 0.042498 9.9919E-05 0.0286209 9.9919E-05 0.0285877 0.814554 0.0359398
9.9937E-05 9.9937E-05 9.9937E-05 0.131698 0.0548019 0.00269205 0.0302169 9.9937E-05 9.9937E-05 0.00869859 9.9937E-05 9.9937E-05 0.320185 0.00760583 0.0293959 0.369994 0.0440123
9.9928E-05 0.469677 9.9928E-05 0.133127 9.9928E-05 0.0144509 0.0388677 9.9928E-05 9.9928E-05 9.9928E-05 0.0509521 9.9928E-05 0.207468 0.0300127 0.0259192 0.0287256 9.9928E-05
0.233743 9.9919E-05 0.242332 0.0470279 9.9919E-05 9.9919E-05 9.9919E-05 0.0409747 9.9919E-05 0.0175677 0.172473 0.167358 9.9919E-05 0.0776249 9.9919E-05 9.9919E-05 9.9919E-05
9.9856E-05 9.9856E-05 9.9856E-05 9.9856E-05 9.9856E-05 9.9856E-05 9.9856E-05 0.998402 9.9856E-05 9.9856E-05 9.9856E-05 9.9856E-05 9.9856E-05 9.9856E-05 9.9856E-05 9.9856E-05 9.9856E-05
9.9856E-05 9.9856E-05 9.9856E-05 9.9856E-05 9.9856E-05 9.9856E-05 9.9856E-05 0.998402 9.9856E-05 9.9856E-05 9.9856E-05 9.9856E-05 9.9856E-05 9.9856E-05 9.9856E-05 9.9856E-05 9.9856E-05
0.0538248 9.99189E-05 0.814647 0.007185 9.99189E-05 9.99189E-05 9.99189E-05 0.028528 0.00765844 9.99189E-05 9.99189E-05 9.99189E-05 0.042061 0.0404802 9.99189E-05 9.99189E-05 0.00471577
9.98559E-05 9.98559E-05 9.98559E-05 9.98559E-05 9.98559E-05 9.98559E-05 9.98559E-05 9.98559E-05 9.98559E-05 9.98559E-05 9.98559E-05 9.98559E-05 9.98559E-05 9.98559E-05 0.998402 9.98559E-05 9.98559E-05
9.9928E-05 9.9928E-05 0.0731265 0.0406599 9.9928E-05 0.0461487 0.106618 9.9928E-05 0.0154588 9.9928E-05 0.643955 0.0572902 9.9928E-05 0.0066902 9.9928E-05 9.9928E-05 0.00925316
9.98561E-05 9.98561E-05 9.98561E-05 9.98561E-05 9.98561E-05 9.98561E-05 9.98561E-05 9.98561E-05 9.98561E-05 9.98561E-05 0.998402 9.98561E-05 9.98561E-05 9.98561E-05 9.98561E-05 9.98561E-05 9.98561E-05
9.9928E-05 9.9928E-05 0.0392711 9.9928E-05 9.9928E-05 0.354035 9.9928E-05 9.9928E-05 0.0106691 0.0340157 0.251477 9.9928E-05 9.9928E-05 0.0204846 0.0677571 0.221171 0.000319195
9.9928E-05 9.9928E-05 0.256582 9.9928E-05 0.138751 0.105196 0.0218026 9.9928E-05 9.9928E-05 0.0688937 0.281209 0.0258303 9.9928E-05 9.9928E-05 0.0809454 0.0199897 9.9928E-05
0.0166701 9.9883E-05 9.9883E-05 9.9883E-05 0.0371674 0.0230415 9.9883E-05 9.9883E-05 9.9883E-05 9.9883E-05 0.921823 9.9883E-05 9.9883E-05 9.9883E-05 9.9883E-05 9.9883E-05 9.9883E-05
9.9955E-05 0.014384 0.451331 9.9955E-05 0.0322192 0.1466 9.9955E-05 0.0292487 0.00611802 0.0528087 0.0224021 0.0109246 9.9955E-05 0.0449593 0.033557 0.154947 9.9955E-05
9.9937E-05 9.9937E-05 0.272668 9.9937E-05 9.9937E-05 0.166682 0.0914699 9.9937E-05 9.9937E-05 0.0260825 0.156334 0.172842 0.0380027 0.0296163 0.0451668 9.9937E-05 0.00043674
9.9928E-05 9.9928E-05 0.096043 0.0425897 9.9928E-05 9.9928E-05 0.0143476 0.0550544 9.9928E-05 0.0134415 0.659084 0.0771157 9.9928E-05 0.0302575 0.0112674 9.9928E-05 9.9928E-05
9.9901E-05 9.9901E-05 0.744956 9.9901E-05 0.0201415 9.9901E-05 0.024905 0.091541 9.9901E-05 9.9901E-05 9.9901E-05 0.104577 9.9901E-05 0.0127813 9.9901E-05 9.9901E-05 9.9901E-05
0.0296455 9.9937E-05 0.567524 0.0534469 9.9937E-05 9.9937E-05 0.0534172 9.9937E-05 9.9937E-05 0.00300275 0.0882193 9.9937E-05 9.9937E-05 0.0523364 0.054876 0.0952237 0.00160817
9.993E-05 9.993E-05 0.303836 9.993E-05 0.0149938 0.114911 9.993E-05 0.0449255 0.0133257 9.993E-05 0.468079 0.00996486 9.993E-05 9.993E-05 0.00072735 0.0128278 0.0157095
0.0478819 0.0576209 0.353454 9.9946E-05 9.9946E-05 9.9946E-05 0.0591869 0.00151785 0.0207271 0.00779242 0.251537 9.9946E-05 9.9946E-05 0.0819115 0.0349027 9.9946E-05 0.0828677
9.98558E-05 9.98558E-05 9.98558E-05 9.98558E-05 9.98558E-05 9.98558E-05 9.98558E-05 9.98558E-05 9.98558E-05 9.98558E-05 9.98558E-05 9.98558E-05 9.98558E-05 9.98558E-05 9.98558E-05 0.998402 9.98558E-05
9.9856E-05 9.9856E-05 9.9856E-05 9.9856E-05 9.9856E-05 9.9856E-05 9.9856E-05 9.9856E-05 9.9856E-05 9.9856E-05 9.9856E-05 9.9856E-05 9.9856E-05 9.9856E-05 9.9856E-05 9.9856E-05 0.998402
9.9955E-05 9.9955E-05 0.405117 0.0236658 9.9955E-05 0.108317 0.0477677 0.0307075 0.022989 0.0168223 9.9955E-05 0.0925151 9.9955E-05 0.0354571 0.0282396 0.171919 0.0159825
9.9892E-05 9.9892E-05 9.9892E-05 9.9892E-05 9.9892E-05 9.9892E-05 9.9892E-05 9.9892E-05 0.00559006 9.9892E-05 0.781063 9.9892E-05 9.9892E-05 9.9892E-05 0.0208352 0.172778 0.0185345
9.9892E-05 0.0831769 0.87198 9.9892E-05 9.9892E-05 9.9892E-05 9.9892E-05 9.9892E-05 9.9892E-05 0.011782 9.9892E-05 9.9892E-05 9.9892E-05 9.9892E-05 0.0234277 9.9892E-05 0.00843428
9.98559E-05 9.98559E-05 9.98559E-05 9.98559E-05 9.98559E-05 9.98559E-05 9.98559E-05 9.98559E-05 9.98559E-05 9.98559E-05 9.98559E-05 9.98559E-05 9.98559E-05 9.98559E-05 9.98559E-05 0.998402 9.98559E-05
0.00434611 9.9928E-05 0.384583 0.00473057 9.9928E-05 9.9928E-05 0.0611562 0.000662938 9.9928E-05 9.9928E-05 0.169306 0.199083 9.9928E-05 9.9928E-05 0.0161981 0.159134 9.9928E-05
9.99279E-05 9.99279E-05 0.573296 9.99279E-05 0.0607745 9.99279E-05 9.99279E-05 0.0287011 0.0014033 0.0114104 0.247082 0.0051271 0.0704578 0.000948431 9.99279E-05 9.99279E-05 9.99279E-05
9.9856E-05 9.9856E-05 9.9856E-05 9.9856E-05 9.9856E-05 9.9856E-05 0.998402 9.9856E-05 9.9856E-05 9.9856E-05 9.9856E-05 9.9856E-05 9.9856E-05 9.9856E-05 9.9856E-05 9.9856E-05 9.9856E-05
9.9856E-05 9.9856E-05 9.9856E-05 9.9856E-05 9.9856E-05 9.9856E-05 9.9856E-05 9.9856E-05 9.9856E-05 9.9856E-05 9.9856E-05 9.9856E-05 9.9856E-05 9.9856E-05 9.9856E-05 9.9856E-05 0.998402
9.98559E-05 9.98559E-05 9.98559E-05 9.98559E-05 9.98559E-05 9.98559E-05 0.998402 9.98559E-05 9.98559E-05 9.98559E-05 9.98559E-05 9.98559E-05 9.98559E-05 9.98559E-05 9.98559E-05 9.98559E-05 9.98559E-05
9.9919E-05 9.9919E-05 0.193019 9.9919E-05 9.9919E-05 0.0823638 0.00558688 9.9919E-05 0.00448295 9.9919E-05 0.567456 9.9919E-05 9.9919E-05 0.0473555 0.092855 9.9919E-05 0.0059812
9.9946E-05 9.9946E-05 0.458597 9.9946E-05 0.0225162 0.182097 0.049966 9.9946E-05 0.0249333 0.0242106 0.00398369 9.9946E-05 9.9946E-05 0.022556 0.0881855 0.105943 0.0164122
9.9937E-05 0.0421366 0.287951 9.9937E-05 0.0805848 9.9937E-05 9.9937E-05 9.9937E-05 9.9937E-05 0.0458225 0.173418 0.013866 9.9937E-05 0.0386027 0.035304 0.268373 0.0132428
9.9883E-05 9.9883E-05 0.951852 9.9883E-05 9.9883E-05 9.9883E-05 0.0298037 9.9883E-05 0.00479458 0.0122516 9.9883E-05 9.9883E-05 9.9883E-05 9.9883E-05 9.9883E-05 9.9883E-05 9.9883E-05
9.9874E-05 9.9874E-05 9.9874E-05 9.9874E-05 9.9874E-05 9.9874E-05 9.9874E-05 9.9874E-05 0.0111163 9.9874E-05 0.969065 9.9874E-05 9.9874E-05 9.9874E-05 9.9874E-05 9.9874E-05 0.0184201
9.98559E-05 9.98559E-05 9.98559E-05 9.98559E-05 9.98559E-05 9.98559E-05 9.98559E-05 9.98559E-05 9.98559E-05 9.98559E-05 9.98559E-05 9.98559E-05 9.98559E-05 9.98559E-05 0.998402 9.98559E-05 9.98559E-05
9.9937E-05 0.0440018 0.206356 0.0326074 9.9937E-05 0.109111 0.0323827 9.9937E-05 0.00132417 0.0180781 0.479865 9.9937E-05 9.9937E-05 9.9937E-05 0.0471236 9.9937E-05 0.0284505
9.991E-05 9.991E-05 0.0300807 9.991E-05 9.991E-05 0.0752527 9.991E-05 9.991E-05 9.991E-05 0.000917293 0.0487386 0.717638 9.991E-05 0.0705428 9.991E-05 0.055831 9.991E-05
9.9892E-05 9.9892E-05 9.9892E-05 9.9892E-05 9.9892E-05 0.0366463 0.0081222 0.066206 9.9892E-05 9.9892E-05 9.9892E-05 0.882162 9.9892E-05 9.9892E-05 9.9892E-05 9.9892E-05 0.0056645
9.9901E-05 9.9901E-05 9.9901E-05 9.9901E-05 0.00619968 9.9901E-05 0.00919709 0.0790408 0.00216466 9.9901E-05 9.9901E-05 0.863577 9.9901E-05 9.9901E-05 9.9901E-05 9.9901E-05 0.0387222
9.99011E-05 9.99011E-05 0.00010225 9.99011E-05 9.99011E-05 9.99011E-05 9.99011E-05 9.99011E-05 9.99011E-05 9.99011E-05 0.00475025 0.869251 0.0435737 0.0227653 0.0584582 9.99011E-05 9.99011E-05
0.0771808 9.9937E-05 9.9937E-05 0.0209004 0.0289803 0.0035193 0.0439136 9.9937E-05 9.9937E-05 0.0133569 9.9937E-05 0.69422 9.9937E-05 9.9937E-05 0.023103 0.0761955 0.0179308
9.9901E-05 0.0784948 9.9901E-05 9.9901E-05 0.0585052 9.9901E-05 0.00768119 9.9901E-05 9.9901E-05 9.9901E-05 9.9901E-05 0.831204 9.9901E-05 0.00949659 0.0135191 9.9901E-05 9.9901E-05
9.9856E-05 9.9856E-05 9.9856E-05 9.9856E-05 9.9856E-05 9.9856E-05 9.9856E-05 9.9856E-05 9.9856E-05 9.9856E-05 9.9856E-05 0.998402 9.9856E-05 9.9856E-05 9.9856E-05 9.9856E-05 9.9856E-05
9.991E-05 9.991E-05 9.991E-05 9.991E-05 9.991E-05 9.991E-05 9.991E-05 0.0598172 9.991E-05 0.0369528 0.0472786 0.837631 9.991E-05 9.991E-05 0.00443679 0.00128733 0.0115975
9.991E-05 0.0403697 0.0127256 0.0158655 9.991E-05 9.991E-05 9.991E-05 9.991E-05 0.00369112 9.991E-05 9.991E-05 0.848475 0.0628298 9.991E-05 9.991E-05 9.991E-05 0.0150445
9.9928E-05 9.9928E-05 0.270505 9.9928E-05 9.9928E-05 9.9928E-05 0.0139434 0.0587302 0.0359256 9.9928E-05 0.00434377 0.483291 0.095257 9.9928E-05 0.0346957 9.9928E-05 0.00250876
9.991E-05 0.038708 9.991E-05 0.0461682 0.0601336 9.991E-05 9.991E-05 9.991E-05 9.991E-05 9.991E-05 9.991E-05 0.735525 9.991E-05 0.0206846 0.00500625 0.092775 9.991E-05
0.648509 9.9901E-05 9.9901E-05 9.9901E-05 0.0063772 9.9901E-05 0.00929514 9.9901E-05 9.9901E-05 9.9901E-05 9.9901E-05 0.0231411 0.289216 9.9901E-05 0.0223627 9.9901E-05 9.9901E-05
0.0287716 0.100495 9.9901E-05 9.9901E-05 9.9901E-05 0.144919 9.9901E-05 9.9901E-05 9.9901E-05 9.9901E-05 9.9901E-05 0.116683 0.592935 9.9901E-05 9.9901E-05 9.9901E-05 0.0150975
0.800421 9.991E-05 9.991E-05 9.991E-05 0.0198368 9.991E-05 9.991E-05 0.0356852 0.00750018 9.991E-05 9.991E-05 9.991E-05 0.0782057 0.00395061 9.991E-05 0.053401 9.991E-05
0.910896 9.98831E-05 9.98831E-05 0.0357452 9.98831E-05 9.98831E-05 9.98831E-05 0.0406145 9.98831E-05 0.0114457 9.98831E-05 9.98831E-05 9.98831E-05 9.98831E-05 9.98831E-05 9.98831E-05 9.98831E-05
9.9883E-05 9.9883E-05 9.9883E-05 9.9883E-05 9.9883E-05 9.9883E-05 9.9883E-05 9.9883E-05 0.0293253 9.9883E-05 0.00583023 9.9883E-05 0.949644 9.9883E-05 0.0139018 9.9883E-05 9.9883E-05
0.342591 0.209662 9.9928E-05 9.9928E-05 9.9928E-05 0.139098 9.9928E-05 9.9928E-05 0.0139413 9.9928E-05 0.0806246 0.00286375 0.160583 0.0130163 9.9928E-05 0.0368203 9.9928E-05
0.507792 9.9892E-05 9.9892E-05 0.00968633 9.9892E-05 0.314195 9.9892E-05 9.9892E-05 9.9892E-05 9.9892E-05 9.9892E-05 9.9892E-05 0.121171 9.9892E-05 9.9892E-05 9.9892E-05 0.0459571
0.505787 0.091828 9.9901E-05 9.9901E-05 9.9901E-05 9.9901E-05 9.9901E-05 0.0444734 0.0232588 9.9901E-05 9.9901E-05 9.9901E-05 0.311615 9.9901E-05 9.9901E-05 0.0219383 9.9901E-05
0.196267 0.13509 9.99549E-05 0.0281956 9.99549E-05 0.134416 0.0138109 0.0567964 0.00979296 0.0200742 0.0250262 9.99549E-05 0.265437 0.014514 9.99549E-05 0.100081 9.99549E-05
9.9856E-05 9.9856E-05 9.9856E-05 9.9856E-05 9.9856E-05 9.9856E-05 9.9856E-05 9.9856E-05 9.9856E-05 9.9856E-05 9.9856E-05 9.9856E-05 0.998402 9.9856E-05 9.9856E-05 9.9856E-05 9.9856E-05
9.9883E-05 9.9883E-05 9.9883E-05 9.9883E-05 9.9883E-05 9.9883E-05 0.00952236 9.9883E-05 0.0010712 9.9883E-05 9.9883E-05 9.9883E-05 0.981154 0.00695404 9.9883E-05 9.9883E-05 9.9883E-05
9.9874E-05 9.9874E-05 9.9874E-05 9.9874E-05 9.9874E-05 9.9874E-05 9.9874E-05 9.9874E-05 9.9874E-05 0.00201975 9.9874E-05 9.9874E-05 0.974021 0.0225609 9.9874E-05 9.9874E-05 9.9874E-05
9.9892E-05 9.9892E-05 0.10252 9.9892E-05 0.00930435 0.16442 9.9892E-05 0.0153159 9.9892E-05 9.9892E-05 9.9892E-05 9.9892E-05 0.707241 9.9892E-05 9.9892E-05 9.9892E-05 9.9892E-05
0.0314002 0.177129 9.9919E-05 0.0389195 9.9919E-05 0.00506031 9.9919E-05 9.9919E-05 9.9919E-05 9.9919E-05 0.177305 9.9919E-05 0.467495 0.00389804 9.9919E-05 0.097893 9.9919E-05
9.991E-05 0.667394 9.991E-05 9.991E-05 0.0224775 0.190914 9.991E-05 9.991E-05 9.991E-05 0.000557734 9.991E-05 9.991E-05 9.991E-05 0.0519827 0.00558528 0.0600896 9.991E-05
9.9892E-05 0.936457 9.9892E-05 9.9892E-05 9.9892E-05 0.000299235 9.9892E-05 9.9892E-05 9.9892E-05 9.9892E-05 0.0512074 9.9892E-05 9.9892E-05 0.00312333 0.00771394 9.9892E-05 9.9892E-05
9.9883E-05 0.846147 9.9883E-05 9.9883E-05 9.9883E-05 9.9883E-05 9.9883E-05 9.9883E-05 9.9883E-05 9.9883E-05 9.9883E-05 0.0112683 0.114104 0.0271821 9.9883E-05 9.9883E-05 9.9883E-05
0.121573 0.819407 9.9919E-05 0.00153734 9.9919E-05 0.000463744 9.9919E-05 9.9919E-05 0.00261196 0.00174518 9.9919E-05 9.9919E-05 9.9919E-05 0.00581736 9.9919E-05 0.0459448 9.9919E-05
9.98561E-05 0.998402 9.98561E-05 9.98561E-05 9.98561E-05 9.98561E-05 9.98561E-05 9.98561E-05 9.98561E-05 9.98561E-05 9.98561E-05 9.98561E-05 9.98561E-05 9.98561E-05 9.98561E-05 9.98561E-05 9.98561E-05
9.99189E-05 0.900514 0.00439472 9.99189E-05 0.00497593 9.99189E-05 0.00803029 0.0174852 0.0187397 9.99189E-05 0.0408277 9.99189E-05 9.99189E-05 9.99189E-05 0.00413308 9.99189E-05 9.99189E-05
9.991E-05 0.843642 9.991E-05 9.991E-05 0.0462574 9.991E-05 0.0391665 0.0064114 9.991E-05 9.991E-05 0.0432704 9.991E-05 9.991E-05 9.991E-05 0.00995598 9.991E-05 0.0102977
0.186994 0.622588 0.0306041 9.9919E-05 9.9919E-05 9.9919E-05 0.0141859 0.0130713 9.9919E-05 9.9919E-05 9.9919E-05 0.0048746 0.118228 9.9919E-05 9.9919E-05 9.9919E-05 0.00855542
0.129887 0.0593768 9.991E-05 9.991E-05 9.991E-05 0.748984 0.043491 9.991E-05 9.991E-05 0.00664035 9.991E-05 0.00107982 9.991E-05 9.991E-05 9.991E-05 9.991E-05 0.0095413
0.692327 0.0256629 9.9919E-05 9.9919E-05 9.9919E-05 0.213577 9.9919E-05 0.00644282 9.9919E-05 0.00556467 0.0443097 9.9919E-05 9.9919E-05 9.9919E-05 0.00902503 9.9919E-05 0.00219216
9.9874E-05 9.9874E-05 9.9874E-05 9.9874E-05 9.9874E-05 0.976932 9.9874E-05 9.9874E-05 9.9874E-05 9.9874E-05 9.9874E-05 9.9874E-05 9.9874E-05 9.9874E-05 0.00072643 9.9874E-05 0.020943
0.868194 9.9865E-05 9.9865E-05 9.9865E-05 9.9865E-05 9.9865E-05 9.9865E-05 9.9865E-05 9.9865E-05 9.9865E-05 0.130308 9.9865E-05 9.9865E-05 9.9865E-05 9.9865E-05 9.9865E-05 9.9865E-05
0.515892 0.100784 0.0195909 0.038373 0.00831137 0.040125 0.01462 9.99459E-05 0.0217121 0.019231 9.99459E-05 9.99459E-05 0.191419 9.99459E-05 0.029342 9.99459E-05 9.99459E-05
9.9883E-05 9.9883E-05 0.125302 9.9883E-05 9.9883E-05 0.870501 9.9883E-05 9.9883E-05 9.9883E-05 0.000701677 9.9883E-05 9.9883E-05 9.9883E-05 0.00219708 9.9883E-05 9.9883E-05 9.9883E-05
9.99369E-05 0.250347 9.99369E-05 0.00733829 9.99369E-05 0.419841 0.00250636 0.0373818 0.0278041 0.0156307 0.066556 9.99369E-05 0.165594 0.00630093 9.99369E-05 9.99369E-05 9.99369E-05
9.98921E-05 9.98921E-05 9.98921E-05 9.98921E-05 9.98921E-05 0.966493 9.98921E-05 0.0157676 9.98921E-05 9.98921E-05 9.98921E-05 9.98921E-05 9.98921E-05 0.000534482 9.98921E-05 0.00633891 0.00966727
0.930228 9.9883E-05 9.9883E-05 0.0423333 9.9883E-05 9.9883E-05 9.9883E-05 9.9883E-05 9.9883E-05 9.9883E-05 9.9883E-05 9.9883E-05 9.9883E-05 0.0167272 9.9883E-05 9.9883E-05 0.00941316
9.9883E-05 9.9883E-05 9.9883E-05 9.9883E-05 9.9883E-05 0.804093 9.9883E-05 9.9883E-05 9.9883E-05 9.9883E-05 9.9883E-05 9.9883E-05 0.10039 9.9883E-05 9.9883E-05 0.0933073 0.000910738
9.9883E-05 9.9883E-05 9.9883E-05 0.0101656 9.9883E-05 0.918061 9.9883E-05 0.0605962 0.00987818 9.9883E-05 9.9883E-05 9.9883E-05 9.9883E-05 9.9883E-05 9.9883E-05 9.9883E-05 9.9883E-05
0.757241 0.0902752 9.991E-05 9.991E-05 0.0341736 0.030008 9.991E-05 0.0500478 9.991E-05 9.991E-05 9.991E-05 9.991E-05 9.991E-05 0.0090253 9.991E-05 9.991E-05 0.0282302
0.943829 9.9883E-05 9.9883E-05 9.9883E-05 9.9883E-05 9.9883E-05 9.9883E-05 0.0386522 0.0134877 9.9883E-05 9.9883E-05 9.9883E-05 9.9883E-05 9.9883E-05 0.00273258 9.9883E-05 9.9883E-05
9.9892E-05 9.9892E-05 9.9892E-05 0.438698 9.9892E-05 0.352949 9.9892E-05 9.9892E-05 9.9892E-05 9.9892E-05 0.174707 0.00708392 9.9892E-05 9.9892E-05 0.0253637 9.9892E-05 9.9892E-05
9.9919E-05 0.238555 9.9919E-05 0.492099 0.088139 0.00344757 9.9919E-05 9.9919E-05 9.9919E-05 0.0287057 0.0444568 0.0458828 9.9919E-05 9.9919E-05 0.0578143 9.9919E-05 9.9919E-05
9.9919E-05 0.287151 0.0847143 0.475454 0.00210895 9.9919E-05 9.9919E-05 9.9919E-05 0.0137805 0.0796472 9.9919E-05 9.9919E-05 9.9919E-05 0.0285336 0.0277106 9.9919E-05 9.9919E-05
9.9928E-05 0.0138661 0.0802796 0.452585 9.9928E-05 0.38774 0.00229263 9.9928E-05 9.9928E-05 0.0362673 9.9928E-05 9.9928E-05 9.9928E-05 0.00250627 0.0168518 9.9928E-05 0.00681115
9.9928E-05 0.239725 9.9928E-05 0.462382 0.0662245 0.00321029 9.9928E-05 0.0169552 9.9928E-05 0.0440762 0.14212 9.9928E-05 9.9928E-05 0.00366407 9.9928E-05 0.020843 9.9928E-05
9.9928E-05 0.0159107 9.9928E-05 0.605525 0.0457888 9.9928E-05 0.0395231 9.9928E-05 0.00775492 9.9928E-05 9.9928E-05 0.0591118 0.195683 9.9928E-05 0.0238982 9.9928E-05 0.00600434
9.991E-05 0.0229778 9.991E-05 0.653847 9.991E-05 0.240442 9.991E-05 9.991E-05 9.991E-05 9.991E-05 9.991E-05 0.0270369 9.991E-05 9.991E-05 0.0328341 0.0179662 0.00389712
0.000551863 0.0189026 0.0149642 0.488165 0.215 0.0126554 9.9937E-05 9.9937E-05 9.9937E-05 0.0587099 0.0685732 9.9937E-05 0.0798076 9.9937E-05 9.9937E-05 0.04197 9.9937E-05
