9.993E-05 9.993E-05 9.993E-05 9.993E-05 0.999201 9.993E-05 9.993E-05 9.993E-05 9.993E-05
0.0315386 9.9973E-05 0.195273 9.9973E-05 0.0456858 9.9973E-05 0.673064 0.0055887 0.0485503
9.9982E-05 0.0295739 0.10706 0.00649267 0.037852 9.9982E-05 0.791789 0.00810205 0.0189305
9.9973E-05 0.0384599 0.0834628 0.00205897 0.0208115 9.9973E-05 0.796636 9.9973E-05 0.0582704
9.9964E-05 9.9964E-05 9.9964E-05 0.134587 0.0509814 0.0200109 0.771457 9.9964E-05 0.0225635
0.0408029 9.9964E-05 9.9964E-05 9.9964E-05 0.00712918 9.9964E-05 0.90945 0.00706104 0.0351568
9.993E-05 9.993E-05 9.993E-05 9.993E-05 0.999201 9.993E-05 9.993E-05 9.993E-05 9.993E-05
0.0684639 9.9982E-05 0.0440071 0.00408896 0.0245529 9.9982E-05 0.822636 0.0150854 0.0209658
9.9973E-05 9.9973E-05 0.0483725 0.0414885 0.0764704 9.9973E-05 0.727203 0.00204952 0.104116
9.9982E-05 0.0413799 0.0445278 0.022533 0.0251075 9.9982E-05 0.826486 0.0210194 0.018746
9.9946E-05 9.9946E-05 0.187014 9.9946E-05 9.9946E-05 9.9946E-05 0.74931 9.9946E-05 0.0630772
9.9964E-05 0.0295418 0.250717 9.9964E-05 0.0561445 9.9964E-05 0.661462 0.00173455 9.9964E-05
0.0722077 0.0442762 9.9964E-05 0.0963186 0.0714438 9.9964E-05 0.715354 9.9964E-05 9.9964E-05
0.0244144 0.0636986 0.0733352 9.9973E-05 0.003688 9.9973E-05 0.7337 9.9973E-05 0.100864
9.9964E-05 0.00578733 0.154269 0.00209064 0.00639276 9.9964E-05 0.83106 9.9964E-05 9.9964E-05
0.0319476 9.9946E-05 9.9946E-05 9.9946E-05 9.9946E-05 9.9946E-05 0.892886 9.9946E-05 0.0745664
0.0372444 9.9946E-05 9.9946E-05 9.9946E-05 0.0470621 9.9946E-05 0.915094 9.9946E-05 9.9946E-05
0.0199591 9.9946E-05 9.9946E-05 9.9946E-05 0.0555094 9.9946E-05 0.923932 9.9946E-05 9.9946E-05
0.0377942 9.9955E-05 9.9955E-05 9.9955E-05 0.0617726 0.00624387 0.89369 9.9955E-05 9.9955E-05
9.9973E-05 0.00201749 0.0153135 0.00669874 9.9973E-05 0.00752642 0.942947 0.0251969 9.9973E-05
9.993E-05 0.999201 9.993E-05 9.993E-05 9.993E-05 9.993E-05 9.993E-05 9.993E-05 9.993E-05
9.9955E-05 0.653119 0.297171 9.9955E-05 0.00411087 0.0450994 9.9955E-05 9.9955E-05 9.9955E-05
9.999E-05 0.636058 0.086501 0.056314 0.00761524 0.115477 0.0278091 0.0441111 0.0260138
0.0223933 0.779443 9.9964E-05 9.9964E-05 9.9964E-05 0.129665 0.0198288 0.0482697 9.9964E-05
9.9973E-05 0.857719 0.000640072 0.107386 0.00054753 9.9973E-05 0.0296469 0.0037604 9.9973E-05
0.014508 0.769304 9.9955E-05 0.172804 0.0428843 9.9955E-05 9.9955E-05 9.9955E-05 9.9955E-05
9.9955E-05 0.682205 9.9955E-05 0.166841 0.0195812 0.130873 9.9955E-05 9.9955E-05 9.9955E-05
9.993E-05 0.999201 9.993E-05 9.993E-05 9.993E-05 9.993E-05 9.993E-05 9.993E-05 9.993E-05
9.9964E-05 0.650701 9.9964E-05 0.268053 9.9964E-05 9.9964E-05 0.00286559 0.0147805 0.0632
0.0413144 0.541354 9.9982E-05 0.163661 9.9982E-05 0.0512437 0.0498967 0.010584 0.141746
0.020157 0.68314 0.0311559 0.163549 9.9973E-05 0.00657803 9.9973E-05 9.9973E-05 0.0951203
0.0116402 0.632493 9.9973E-05 0.172332 0.0220394 0.117051 9.9973E-05 9.9973E-05 0.0441449
0.0364617 0.64061 9.9991E-05 0.135392 0.018252 0.0169134 0.0350941 0.0075138 0.109663
0.101936 0.615911 0.164509 9.99665E-05 9.99665E-05 9.99665E-05 9.99665E-05 0.0280114 0.0892327
0.023357 0.525601 0.182071 0.156212 0.0169363 0.0415272 9.9991E-05 0.0147471 0.0394487
9.99549E-05 0.390579 0.497688 9.99549E-05 9.99549E-05 9.99549E-05 0.0328575 9.99549E-05 0.0783759
0.0989648 0.572834 9.9973E-05 0.11077 9.9973E-05 0.163202 0.0323104 0.0216189 9.9973E-05
0.0238 0.0489471 0.0910482 0.0961864 0.010494 0.729224 9.9973E-05 9.9973E-05 9.9973E-05
0.0442656 9.9964E-05 0.0595792 0.168677 0.045499 0.68158 9.9964E-05 9.9964E-05 9.9964E-05
0.171635 9.9973E-05 9.9973E-05 0.0664899 9.9973E-05 0.686328 0.0345307 0.00454142 0.0361758
0.105956 0.0105738 0.0012857 0.0570193 0.0491371 0.717367 9.9982E-05 9.9982E-05 0.0584609
0.118093 0.0430629 0.0643681 9.9973E-05 0.0394556 0.719115 9.9973E-05 0.0156059 9.9973E-05
0.0392884 9.9964E-05 9.9964E-05 0.0779633 0.0253433 0.815045 9.9964E-05 0.0419599 9.9964E-05
0.0939002 0.0073829 0.101859 9.9991E-05 0.0243601 0.587253 0.042469 0.00319919 0.139476
0.111701 9.9982E-05 0.0421062 0.0600109 0.0177009 0.684792 9.9982E-05 0.0562326 0.0272566
9.9973E-05 0.0089163 9.9973E-05 0.12882 9.9973E-05 0.698014 0.0839078 0.0111016 0.0689411
0.172775 9.9946E-05 9.9946E-05 9.9946E-05 9.9946E-05 0.78822 9.9946E-05 0.0384058 9.9946E-05
0.0578531 9.9982E-05 0.0366429 0.0760879 0.0223648 0.780478 0.00246853 0.0239046 9.9982E-05
0.0767009 0.00491611 9.9964E-05 9.9964E-05 0.0290863 0.88867 0.000226759 9.9964E-05 9.9964E-05
0.141029 9.9973E-05 0.0660334 9.9973E-05 9.9973E-05 0.69819 0.00590916 0.0159701 0.0725681
0.0283523 9.9973E-05 0.0684707 0.0131583 0.0450841 0.83429 9.9973E-05 0.0103445 9.9973E-05
0.121794 0.011347 9.9964E-05 9.9964E-05 0.0271294 0.792568 9.9964E-05 9.9964E-05 0.0467623
0.0586904 9.9973E-05 9.9973E-05 0.00435327 0.00100713 0.819284 0.0325282 0.0838367 9.9973E-05
0.104242 9.9964E-05 0.0673045 9.9964E-05 0.0272064 0.731744 0.0691028 9.9964E-05 9.9964E-05
0.138539 9.9973E-05 9.9973E-05 0.047588 9.9973E-05 0.703106 0.0459453 0.0377305 0.0267905
0.102875 9.9973E-05 0.169964 0.0169903 9.9973E-05 0.660788 0.0230595 9.9973E-05 0.026024
9.9973E-05 0.0140706 0.0561632 0.0483124 9.9973E-05 0.768463 0.0820144 0.0306769 9.9973E-05
0.132054 0.0120669 0.467986 0.219767 9.9982E-05 0.15071 0.00870007 0.00851638 9.9982E-05
0.63469 0.0336092 0.250606 9.9973E-05 0.0267967 9.9973E-05 0.0173041 0.0366938 9.9973E-05
0.127656 0.0291601 0.526938 0.201593 0.0134682 0.00258525 9.9982E-05 0.0983987 9.9982E-05
0.104257 9.9964E-05 0.426748 0.309224 9.9964E-05 0.045983 9.9964E-05 0.113387 9.9964E-05
0.281405 9.9955E-05 0.304826 0.379305 9.9955E-05 9.9955E-05 9.9955E-05 0.0339637 9.9955E-05
0.284447 9.9973E-05 0.203822 0.351456 9.9973E-05 0.0769388 0.0387811 0.0442556 9.9973E-05
0.969883 0.00883875 9.99549E-05 9.99549E-05 0.0118379 9.99549E-05 9.99549E-05 0.00894059 9.99549E-05
0.689259 0.0422557 0.162146 9.9973E-05 0.0234966 0.000263381 9.9973E-05 0.0822798 9.9973E-05
0.183547 9.9982E-05 0.552315 0.114657 0.0245391 9.9982E-05 0.0623802 0.0582276 0.00413399
0.340862 0.13423 0.0892922 0.281835 0.0185025 9.9991E-05 0.0567562 0.0629164 0.0155059
0.373684 0.011108 0.0824807 0.409911 0.002422 9.9982E-05 0.0198959 0.100298 9.9982E-05
0.319528 0.0506144 0.153747 0.389556 9.9964E-05 9.9964E-05 9.9964E-05 0.0861551 9.9964E-05
0.361954 0.0462984 0.268635 0.186058 0.00728031 9.9982E-05 0.0433297 0.0862448 9.9982E-05
0.4089 9.9973E-05 0.0719712 0.413817 0.0529046 0.000512526 9.9973E-05 0.0515954 9.9973E-05
0.355661 9.9964E-05 0.016405 0.52485 0.0513289 9.9964E-05 9.9964E-05 0.0513555 9.9964E-05
0.302378 0.0477738 0.309399 0.270901 0.0070569 9.9973E-05 9.9973E-05 0.0621915 9.9973E-05
0.112811 9.9964E-05 0.392031 0.446079 9.9964E-05 0.0210641 9.9964E-05 0.0276148 9.9964E-05
0.245767 0.0322905 0.0554337 0.411863 0.0178358 0.231519 9.9982E-05 0.00509198 9.9982E-05
0.265786 9.9973E-05 0.119588 0.335393 9.9973E-05 0.182057 0.0682716 0.0286045 9.9973E-05
0.247825 9.9973E-05 0.201629 0.0635188 9.9973E-05 0.355628 0.0918232 0.039276 9.9973E-05
0.952584 9.99459E-05 9.99459E-05 9.99459E-05 0.0203928 9.99459E-05 9.99459E-05 0.0264231 9.99459E-05
0.283442 0.0547417 0.208691 0.123106 9.9982E-05 0.149118 0.0896011 0.0911005 9.9982E-05
0.425392 9.9964E-05 0.138274 0.264874 9.9964E-05 0.0841873 9.9964E-05 0.0868726 9.9964E-05
0.295057 0.0169952 9.9982E-05 0.469302 0.0367639 0.0803153 0.0502575 0.0511088 9.9982E-05
0.320373 9.9973E-05 0.268835 0.319936 0.0116063 9.9973E-05 0.0244235 0.0545265 9.9973E-05
0.324297 9.9973E-05 0.159727 0.289245 9.9973E-05 0.0129234 0.114751 0.0987569 9.9973E-05
0.0852775 0.0742107 0.278471 0.0459067 9.9991E-05 0.240351 0.0273716 0.115848 0.132464
0.155234 9.9964E-05 0.145603 9.9964E-05 9.9964E-05 0.138225 9.9964E-05 0.000329973 0.560208
0.0944125 0.00693683 0.412975 0.280104 0.024511 0.0932422 9.9982E-05 9.9982E-05 0.0876179
0.359088 9.9973E-05 9.9973E-05 0.422013 9.9973E-05 0.0224412 0.0714688 0.0607735 0.0639159
0.265449 9.9973E-05 9.9973E-05 0.599772 0.00285218 0.071536 0.0142526 9.9973E-05 0.0458378
0.137399 9.9982E-05 0.256893 0.434332 0.00642004 0.0695857 0.00247558 0.0926958 9.9982E-05
9.9964E-05 0.000138192 0.430284 0.0203587 9.9964E-05 0.00841833 9.9964E-05 0.540401 9.9964E-05
0.352916 9.9973E-05 0.25081 0.248098 9.9973E-05 0.0701165 0.039314 0.0384455 9.9973E-05
0.372481 9.9973E-05 0.23791 0.279075 0.0169747 0.0532659 9.9973E-05 0.039994 9.9973E-05
0.0579588 0.0285712 0.80984 9.9964E-05 0.0107299 9.9964E-05 9.9964E-05 0.0925005 9.9964E-05
0.0919444 0.0892172 0.708081 0.0408332 0.00477471 9.9982E-05 0.0154024 0.0495473 9.9982E-05
0.130024 0.0264704 0.743252 0.064369 0.0139034 9.9973E-05 9.9973E-05 0.0216814 9.9973E-05
0.175342 0.0102674 0.597664 0.138485 0.0451471 9.9973E-05 9.9973E-05 0.0327945 9.9973E-05
0.194787 0.0176153 0.36907 0.290785 0.0186855 9.9991E-05 0.000535621 0.0237536 0.0846674
0.295991 9.9982E-05 0.252576 0.269033 0.0129983 0.0451611 0.0749926 0.0490486 9.9982E-05
0.323513 0.0233398 0.164072 0.452468 0.00276979 9.9982E-05 0.00100227 0.0326348 9.9982E-05
0.326188 9.9973E-05 0.366804 0.182816 9.9973E-05 0.031309 0.028643 0.0639399 9.9973E-05
0.136177 9.9964E-05 0.647576 0.144414 0.0212086 9.9964E-05 9.9964E-05 0.0502237 9.9964E-05
0.367681 9.9982E-05 0.175811 0.182631 0.0171333 9.9982E-05 0.0123315 0.149331 0.0948825
0.243506 9.9964E-05 0.168221 0.541013 9.9964E-05 9.9964E-05 0.0167644 0.0300955 9.9964E-05
9.993E-05 9.993E-05 9.993E-05 9.993E-05 9.993E-05 9.993E-05 9.993E-05 0.999201 9.993E-05
0.274004 0.0244389 0.329725 0.182765 0.0286572 9.9991E-05 0.00977647 0.103945 0.0465895
0.263547 9.9964E-05 0.522874 0.123651 9.9964E-05 0.0125743 9.9964E-05 0.0769543 9.9964E-05
0.190663 9.9973E-05 0.422668 0.24267 9.9973E-05 9.9973E-05 0.0317596 0.0685494 0.0433903
0.305312 9.9973E-05 0.116627 0.366643 9.9973E-05 0.119144 0.0412659 0.0507087 9.9973E-05
0.178744 9.9955E-05 0.45909 0.354163 0.00750311 9.9955E-05 9.9955E-05 9.9955E-05 9.9955E-05
0.177255 0.0361153 0.355772 0.363283 0.00791704 9.9982E-05 0.036558 0.0228998 9.9982E-05
0.999201 9.993E-05 9.993E-05 9.993E-05 9.993E-05 9.993E-05 9.993E-05 9.993E-05 9.993E-05
9.993E-05 9.993E-05 9.993E-05 9.993E-05 9.993E-05 9.993E-05 9.993E-05 0.999201 9.993E-05
0.999201 9.993E-05 9.993E-05 9.993E-05 9.993E-05 9.993E-05 9.993E-05 9.993E-05 9.993E-05
0.126046 9.9946E-05 0.819458 9.9946E-05 9.9946E-05 9.9946E-05 9.9946E-05 0.0538962 9.9946E-05
0.273984 0.0670698 0.532696 9.9964E-05 0.017229 9.9964E-05 9.9964E-05 0.108622 9.9964E-05
0.122602 0.0504178 0.615671 0.100184 9.9973E-05 9.9973E-05 0.0129902 0.0978351 9.9973E-05
0.396863 0.00894184 0.304244 0.138811 0.0134309 0.0157878 0.0137094 0.108111 9.9991E-05
0.38087 0.0195353 0.029389 0.444459 0.00936042 0.0542129 0.00142853 0.0606447 9.9991E-05
9.99369E-05 9.99369E-05 0.561684 9.99369E-05 9.99369E-05 9.99369E-05 9.99369E-05 0.437616 9.99369E-05
0.168826 0.00564609 0.422293 0.157608 0.0471363 0.0936337 9.9991E-05 0.0971697 0.00758838
0.0202554 0.0504584 0.142811 0.744908 0.0064349 9.9982E-05 9.9982E-05 0.00887066 0.0260626
9.99596E-05 9.99596E-05 0.0676414 0.861103 9.99596E-05 9.99596E-05 9.99596E-05 0.0222714 0.0484846
0.0419579 0.101695 0.018043 0.730353 0.0329532 0.0175562 9.9982E-05 0.0572424 9.9982E-05
9.9946E-05 0.0490013 0.299676 0.650723 9.9946E-05 9.9946E-05 9.9946E-05 9.9946E-05 9.9946E-05
0.000241642 0.0760908 0.107666 0.689336 9.9991E-05 0.017532 0.0151857 0.0291402 0.0647082
9.9964E-05 0.10867 9.9964E-05 0.72389 0.00795107 9.9964E-05 9.9964E-05 0.0192678 0.139821
9.9964E-05 0.016952 9.9964E-05 0.908657 0.00935442 9.9964E-05 0.0173534 9.9964E-05 0.0472829
9.9973E-05 0.046155 0.0363677 0.813603 0.0628772 9.9973E-05 0.00390203 0.0367949 9.9973E-05
9.9973E-05 0.0661405 9.9973E-05 0.768898 9.9973E-05 0.0595545 0.0307972 0.0316943 0.0426155
0.0811805 0.0744978 0.0525623 0.655512 9.9991E-05 0.0803386 0.0207818 0.0164696 0.0185579
0.034457 0.0882543 9.9991E-05 0.816231 0.0175117 0.00620782 0.00409142 0.0107975 0.0223495
0.00880857 0.020639 9.9982E-05 0.169515 0.0146465 0.0642706 9.9982E-05 0.0146785 0.707242
9.9964E-05 9.9964E-05 9.9964E-05 0.199519 0.0327533 0.0421997 9.9964E-05 0.0359566 0.689172
0.0517675 0.0728926 0.0475685 0.0389391 9.9991E-05 0.0930382 0.0201894 0.00997252 0.665532
9.9964E-05 0.0282399 9.9964E-05 0.0748913 9.9964E-05 0.128697 0.0471175 9.9964E-05 0.720654
0.00801318 0.0499011 0.142584 9.9973E-05 0.0520911 0.0590816 9.9973E-05 9.9973E-05 0.688029
0.0468135 0.0432731 0.1155 0.0251414 9.9991E-05 0.00976559 0.0436987 0.0137073 0.702001
9.9973E-05 0.0178672 9.9973E-05 0.0471744 9.9973E-05 0.112049 0.0231954 0.0686647 0.730749
0.0357239 0.048304 9.9973E-05 0.109654 0.0203171 9.9973E-05 9.9973E-05 0.0263968 0.759305
0.0313692 0.0191801 0.264443 0.0384917 0.0307587 0.0724604 0.0241262 0.0125594 0.506611
9.9973E-05 9.9973E-05 9.9973E-05 0.165769 0.00807838 0.17228 0.00164437 0.00818478 0.643743
0.0429924 0.0295551 9.9982E-05 0.0866579 0.0165932 0.10124 0.00949872 9.9982E-05 0.713263
9.9964E-05 0.000313976 0.0409656 9.9964E-05 9.9964E-05 0.130054 0.0943651 9.9964E-05 0.733902
0.0603045 0.060135 0.169652 0.0395169 9.9982E-05 0.0548717 0.0366569 9.9982E-05 0.578663
9.9964E-05 9.9964E-05 0.398975 0.0188363 0.0105041 0.112324 9.9964E-05 9.9964E-05 0.45896
0.0538079 0.0922506 0.107381 9.9982E-05 0.0650642 9.9982E-05 0.0224662 0.00509031 0.65374
9.9955E-05 9.9955E-05 0.269675 9.9955E-05 0.0360226 9.9955E-05 0.0417768 9.9955E-05 0.652026
0.0387152 9.9973E-05 9.9973E-05 0.111158 0.0106072 0.049558 0.0072278 9.9973E-05 0.782434
9.9964E-05 9.9964E-05 0.12927 0.0553842 0.0563716 0.036424 9.9964E-05 9.9964E-05 0.72215
9.9982E-05 0.0642467 9.9982E-05 0.0301883 0.010611 0.0607229 0.0416155 0.0271452 0.76527
9.9955E-05 0.0291019 0.287689 9.9955E-05 0.027751 9.9955E-05 9.9955E-05 9.9955E-05 0.654958
9.9973E-05 0.044951 0.298855 9.9973E-05 0.0235028 9.9973E-05 0.0194445 0.0335918 0.579355
0.0970487 0.0544698 9.9982E-05 0.058416 9.9982E-05 0.0515508 0.00878118 0.0144984 0.715035
9.9955E-05 9.9955E-05 0.281662 9.9955E-05 9.9955E-05 9.9955E-05 0.00837541 0.0217956 0.687667
9.9982E-05 0.0595218 0.115091 0.0720039 0.0110638 0.0128963 0.0383787 9.9982E-05 0.690845
9.9973E-05 0.0923533 0.236158 9.9973E-05 0.0078679 9.9973E-05 0.00293607 0.0545008 0.605884
9.9973E-05 0.0445603 0.257616 0.0378866 0.0115767 9.9973E-05 9.9973E-05 0.0130559 0.635005
0.0517991 0.0755633 0.12225 9.9982E-05 0.00621192 0.0857041 0.0126412 9.9982E-05 0.645631
9.9964E-05 9.9964E-05 0.303144 9.9964E-05 0.0100933 0.0330846 0.01311 9.9964E-05 0.640168
9.9973E-05 9.9973E-05 0.248456 0.0205711 0.0185552 0.0688878 9.9973E-05 0.00334582 0.639884
0.00170339 0.00604802 0.0859193 9.9973E-05 9.9973E-05 0.151182 9.9973E-05 0.0464478 0.7084
0.104432 9.9964E-05 9.9964E-05 0.0428985 9.9964E-05 0.0752012 9.9964E-05 0.0353188 0.74175
9.9982E-05 0.0772864 9.9982E-05 0.102088 0.0233614 0.114624 0.044707 0.00529498 0.632439
9.9964E-05 0.088357 9.9964E-05 0.126274 0.0209795 0.107079 9.9964E-05 9.9964E-05 0.656911
0.0248245 0.0445733 0.0204695 0.0461268 0.0313699 9.9982E-05 9.9982E-05 0.0540173 0.778419
0.00732604 0.042849 0.0642099 0.0642558 0.0208169 9.9982E-05 0.00786864 9.9982E-05 0.792474
9.9973E-05 0.0446663 0.312318 9.9973E-05 0.00200532 0.562808 0.0142276 9.9973E-05 0.0636751
9.9955E-05 0.0115652 0.430426 9.9955E-05 9.9955E-05 0.466023 9.9955E-05 9.9955E-05 0.0914864
9.9964E-05 0.0118976 0.460537 9.9964E-05 0.0281389 0.481033 9.9964E-05 9.9964E-05 0.0179936
9.9973E-05 0.0215133 0.372677 9.9973E-05 0.00914245 0.497398 0.071157 9.9973E-05 0.0278126
9.9973E-05 0.0480782 0.359116 9.9973E-05 9.9973E-05 0.510736 0.065819 0.00639841 0.00955198
0.0795598 0.0996542 9.9982E-05 0.042266 0.0228574 0.656651 9.9982E-05 0.0151757 0.0836358
9.9955E-05 0.00410801 0.25172 0.00358595 9.9955E-05 0.740086 9.9955E-05 9.9955E-05 9.9955E-05
9.9973E-05 0.140755 0.216965 0.00777891 9.9973E-05 0.529077 0.0824983 9.9973E-05 0.022626
