0.015619 0.299427 0.684954
9.999E-05 0.0279456 0.971954
9.999E-05 0.559502 0.440398
9.999E-05 0.161269 0.838631
0.227467 0.772433 9.9991E-05
0.349742 9.9991E-05 0.650158
0.106151 0.827874 0.065974
9.999E-05 0.110606 0.889294
0.797863 9.9991E-05 0.202037
0.112351 0.887549 9.9991E-05
9.999E-05 0.9998 9.999E-05
9.999E-05 9.999E-05 0.9998
0.436979 0.562921 9.9991E-05
9.9991E-05 0.797788 0.202112
0.417706 0.582194 9.9991E-05
0.920064 0.0798357 9.9991E-05
9.9991E-05 0.0883581 0.911542
0.592473 0.350076 0.0574511
0.252897 9.9991E-05 0.747003
0.974968 0.0249319 9.9991E-05
0.869537 0.0398517 0.090611
0.652177 9.9991E-05 0.347723
0.82038 0.17952 9.9991E-05
0.112449 0.268146 0.619405
9.9991E-05 0.815259 0.184641
0.616741 0.383159 9.9991E-05
9.9991E-05 0.297414 0.702486
0.40168 0.245181 0.353139
9.99911E-05 0.0728979 0.927002
0.227884 9.9991E-05 0.772016
9.9991E-05 0.961424 0.0384762
9.999E-05 0.9998 9.999E-05
9.999E-05 0.9998 9.999E-05
0.419874 9.9991E-05 0.580026
9.9991E-05 0.107238 0.892662
0.9998 9.999E-05 9.999E-05
0.536069 9.9991E-05 0.463831
0.417688 9.9991E-05 0.582212
9.9991E-05 0.762504 0.237396
0.327099 9.9991E-05 0.672801
0.0644207 9.9991E-05 0.935479
9.999E-05 9.999E-05 0.9998
0.9998 9.999E-05 9.999E-05
9.9991E-05 0.838886 0.161014
0.540788 0.459112 9.9991E-05
9.9991E-05 0.0720573 0.927843
0.953539 9.9991E-05 0.0463614
0.659974 9.9991E-05 0.339926
0.607639 0.392261 9.9991E-05
0.773897 0.0343953 0.191708
