0.949509 9.9955E-05 9.9955E-05 9.9955E-05 9.9955E-05 0.049991 9.9955E-05
0.708444 0.0624552 0.0850707 0.110009 9.9991E-05 0.0114014 0.0225198
0.808864 9.9973E-05 9.9973E-05 0.010464 0.0604377 0.119934 9.9973E-05
0.790467 0.0655052 9.9982E-05 9.9982E-05 0.0731528 0.0378977 0.0327773
0.790549 0.0451168 0.0627002 0.0268651 9.9991E-05 0.059036 0.0156325
0.894887 0.0591391 0.0176485 9.9973E-05 9.9973E-05 0.0280258 9.9973E-05
0.935178 0.0436782 0.0192893 9.9973E-05 0.0015546 9.9973E-05 9.9973E-05
0.841926 0.0594461 9.9982E-05 0.0358921 9.9982E-05 0.0572354 0.00530026
0.811751 0.149914 9.9991E-05 0.00943675 0.0107728 0.0129357 0.00508923
0.832249 0.0377374 9.9982E-05 9.9982E-05 0.0598706 0.0316592 0.0382841
0.735209 0.0637546 9.9991E-05 0.0338361 0.0171948 0.143376 0.00653039
0.722644 9.9973E-05 9.9973E-05 9.9973E-05 0.0809535 0.19479 0.00131289
0.766429 0.00496184 0.0821832 0.0848236 0.055703 0.00579908 9.9991E-05
0.662007 0.116848 9.9991E-05 0.0631226 0.0722291 0.0824895 0.00320446
0.829657 0.0413935 9.9982E-05 0.0121845 0.0903498 0.0262157 9.9982E-05
0.885783 0.102986 0.00614845 9.9973E-05 9.9973E-05 9.9973E-05 0.00478247
0.979533 9.9955E-05 0.0199671 9.9955E-05 9.9955E-05 9.9955E-05 9.9955E-05
0.945694 9.9955E-05 0.0538064 9.9955E-05 9.9955E-05 9.9955E-05 9.9955E-05
0.905889 9.9955E-05 0.0936108 9.9955E-05 9.9955E-05 9.9955E-05 9.9955E-05
0.913645 9.9973E-05 0.0546372 9.9973E-05 0.0106117 9.9973E-05 0.0208065
9.995E-05 9.995E-05 9.995E-05 9.995E-05 0.9994 9.995E-05 9.995E-05
9.9955E-05 9.9955E-05 9.9955E-05 9.9955E-05 0.624798 0.374702 9.9955E-05
0.0167532 0.0733242 0.0630062 0.0221811 0.688004 0.115552 0.021179
9.9973E-05 9.9973E-05 0.0670631 9.9973E-05 0.734895 0.133951 0.0637907
0.0288735 9.9973E-05 9.9973E-05 9.9973E-05 0.903812 0.0629416 0.0040728
0.0242574 9.9982E-05 0.0608977 0.0319191 0.864546 9.9982E-05 0.0181797
9.9982E-05 0.0105917 0.179087 0.0408281 0.714349 0.0549441 9.9982E-05
9.995E-05 9.995E-05 9.995E-05 9.995E-05 0.9994 9.995E-05 9.995E-05
9.9982E-05 0.0830144 0.0993848 0.0397191 0.734117 9.9982E-05 0.0435644
0.0202466 0.095031 0.143098 0.0742718 0.602249 0.0445668 0.0205368
9.9973E-05 0.127051 9.9973E-05 0.090769 0.719502 0.0623778 9.9973E-05
9.9982E-05 0.0227219 0.253974 0.000846837 0.720125 9.9982E-05 0.00213258
0.0370137 0.093326 0.0833703 0.0607086 0.703996 0.021485 9.9991E-05
9.9982E-05 0.105488 9.9982E-05 0.107751 0.634656 0.117156 0.0347493
0.0168964 0.0761296 0.0902459 0.159075 0.59381 9.9991E-05 0.0637437
0.0660815 0.173843 9.9982E-05 0.196504 0.386885 0.176486 9.9982E-05
9.9982E-05 0.0205273 0.226421 0.0991225 0.624475 9.9982E-05 0.0292548
9.9982E-05 9.9982E-05 0.732635 0.0454755 0.0396458 0.160975 0.0210686
9.9982E-05 0.0210606 0.748214 0.0966495 9.9982E-05 0.0968397 0.0370363
0.0248919 0.0116129 0.757601 0.0960647 0.021027 0.0887027 9.9991E-05
9.9964E-05 0.0473263 0.87448 0.0777936 9.9964E-05 9.9964E-05 9.9964E-05
0.0130409 9.9982E-05 0.570337 0.0277417 9.9982E-05 0.382452 0.00622786
9.9964E-05 9.9964E-05 0.833299 9.9964E-05 9.9964E-05 0.141269 0.025032
0.0488271 0.10662 0.385131 0.0573163 9.9991E-05 0.396685 0.0053209
9.999E-05 0.0291857 0.701869 0.0445364 0.0351196 0.127582 0.0616071
0.0520376 0.076297 0.784003 9.9991E-05 0.0309686 0.0192166 0.0373771
9.9973E-05 0.0285316 0.924419 0.00822172 9.9973E-05 9.9973E-05 0.0385272
9.9964E-05 9.9964E-05 0.72214 9.9964E-05 9.9964E-05 0.250984 0.0264761
0.0232969 9.9973E-05 0.948921 9.9973E-05 0.0180166 9.9973E-05 0.00946531
9.9973E-05 0.0124213 0.481209 0.0276982 9.9973E-05 0.478371 9.9973E-05
9.9955E-05 9.9955E-05 0.727252 9.9955E-05 9.9955E-05 0.272248 9.9955E-05
9.9973E-05 0.0183489 0.851823 9.9973E-05 0.0169582 0.11257 9.9973E-05
9.9964E-05 9.9964E-05 0.789045 9.9964E-05 9.9964E-05 0.143248 0.0673071
0.0938962 9.9964E-05 0.725486 9.9964E-05 9.9964E-05 0.180218 9.9964E-05
0.0111026 0.0267309 0.730937 0.0594322 9.9991E-05 0.147413 0.024285
0.00574576 0.0278343 0.535767 0.0756382 0.00269913 0.352215 9.9991E-05
0.0572538 0.0302922 0.757642 9.9991E-05 0.0294564 0.0864247 0.0388307
0.0259514 0.0437076 0.17724 0.524999 0.0481808 0.123657 0.0562646
0.0440528 9.9982E-05 9.9982E-05 0.816192 0.00312756 0.117317 0.0191108
0.0293652 0.0302255 9.9991E-05 0.524742 0.0374858 0.258215 0.119866
0.0147873 9.9982E-05 0.15078 0.572601 9.9982E-05 0.122581 0.139051
9.9991E-05 0.0279701 0.0532972 0.719662 0.0142157 0.119643 0.0651113
0.0320101 9.9973E-05 0.260416 0.650078 9.9973E-05 9.9973E-05 0.0571958
0.00733034 0.00311594 0.180925 0.715189 0.0269138 9.9991E-05 0.0664261
9.9982E-05 0.037057 0.026703 0.821641 9.9982E-05 0.0499456 0.0644531
0.0622704 0.00156894 9.9982E-05 0.605152 9.9982E-05 0.277706 0.0531028
0.0608943 0.00870214 0.162941 0.552866 0.141255 9.9991E-05 0.0732416
0.0317013 9.9982E-05 0.119921 0.692835 0.0521888 9.9982E-05 0.103153
9.9973E-05 9.9973E-05 0.090946 0.683022 0.104693 9.9973E-05 0.121039
0.0494757 0.0779855 9.9991E-05 0.665153 0.0614249 0.0440726 0.101788
0.00895312 9.9973E-05 0.205247 0.721788 9.9973E-05 9.9973E-05 0.0637118
0.000925325 9.9982E-05 0.230049 0.683576 0.0117297 9.9982E-05 0.0735192
0.0179709 9.9982E-05 0.152506 0.658508 0.0686284 9.9982E-05 0.102188
9.9991E-05 0.019311 0.0524826 0.548951 0.134567 0.168093 0.0764941
9.9982E-05 9.9982E-05 0.360679 0.479951 0.0835682 0.047335 0.0282673
0.068799 9.9973E-05 0.392199 0.486296 9.9973E-05 9.9973E-05 0.0524065
0.0630894 9.9982E-05 0.417165 0.373681 9.9982E-05 0.125635 0.0202301
9.9964E-05 9.9964E-05 0.220053 0.703525 9.9964E-05 9.9964E-05 0.0760216
0.0436942 0.0389843 0.251122 0.471025 0.0904423 9.9991E-05 0.104632
9.9964E-05 9.9964E-05 0.280529 0.630941 9.9964E-05 9.9964E-05 0.0881296
0.0677211 0.0301768 0.241403 0.516716 0.0639322 9.9991E-05 0.0799508
0.0310591 0.0134688 0.143717 0.675078 0.0356112 0.00472387 0.0963428
0.0854297 9.9973E-05 0.208206 0.587753 9.9973E-05 9.9973E-05 0.118311
0.00733408 0.215682 0.226826 0.254135 0.0577657 0.138367 0.0998899
9.9982E-05 0.561422 0.203127 0.136416 9.9982E-05 0.0754098 0.0234253
0.017275 0.178343 0.146028 0.492615 0.0303747 0.113765 0.0215993
0.050956 0.0424133 0.280237 0.539574 9.9982E-05 9.9982E-05 0.0866198
9.9973E-05 0.133385 0.241172 0.588389 9.9973E-05 9.9973E-05 0.036754
0.0264564 0.0471495 0.206504 0.597771 0.00967828 9.9991E-05 0.112341
9.9973E-05 9.9973E-05 9.9973E-05 0.0372671 0.0278874 0.12228 0.812266
0.0177357 9.9982E-05 0.248472 0.622838 0.0391485 9.9982E-05 0.0716061
9.9982E-05 0.0243288 0.202386 0.655752 9.9982E-05 0.0643617 0.0529722
0.0566559 0.0292534 9.9991E-05 0.419381 0.0531904 0.327629 0.11379
0.0593789 9.9982E-05 9.9982E-05 0.443804 0.0537306 0.382329 0.0605575
0.0269851 0.0617081 9.9991E-05 0.611693 0.0281965 0.247019 0.0242989
0.0792021 0.0278295 9.9991E-05 0.593008 0.0281103 0.218218 0.0535327
0.0177385 0.125826 9.9982E-05 0.484759 9.9982E-05 0.284698 0.086779
0.0629201 9.9982E-05 0.180581 0.660404 9.9982E-05 0.0514637 0.0444314
0.000950284 9.9982E-05 0.218569 0.656844 0.0736136 9.9982E-05 0.0498237
9.9973E-05 9.9973E-05 0.0794186 0.611724 9.9973E-05 0.200009 0.108549
0.0416196 0.00500433 9.9991E-05 0.623272 0.0620957 0.200053 0.0678552
0.00413588 0.123607 0.0785299 0.60443 9.9991E-05 0.0453464 0.143851
0.0224754 0.0375832 0.124825 0.748423 0.0200997 9.9991E-05 0.0464933
9.995E-05 9.995E-05 9.995E-05 9.995E-05 9.995E-05 9.995E-05 0.9994
0.0841024 0.0505113 0.15572 0.545965 0.0395142 9.9991E-05 0.124086
0.0397457 9.9991E-05 0.156812 0.628247 0.0269647 0.0472496 0.100881
0.0864379 0.13374 0.008737 0.590105 9.9991E-05 0.0747186 0.106161
0.0177138 0.0299116 0.266098 0.616672 9.9991E-05 0.00138267 0.0681219
0.0477934 9.9982E-05 0.152967 0.68385 0.00282686 0.112363 9.9982E-05
0.0607486 9.9991E-05 0.121265 0.616331 0.124564 0.03863 0.0383614
9.9964E-05 9.9964E-05 9.9964E-05 0.631808 9.9964E-05 0.339365 0.0284275
9.995E-05 9.995E-05 9.995E-05 9.995E-05 9.995E-05 9.995E-05 0.9994
9.9973E-05 9.9973E-05 0.0340863 0.6795 9.9973E-05 0.268235 0.0178792
0.013853 0.050242 9.9982E-05 0.65484 9.9982E-05 0.180902 0.0999631
0.0243652 0.0168314 9.9991E-05 0.511037 0.0814325 0.255875 0.110359
0.043519 0.0657723 0.0687874 0.594905 0.0748688 0.0432993 0.108848
0.0481951 9.9982E-05 0.186534 0.617957 0.0173619 9.9982E-05 0.129752
9.9973E-05 9.9973E-05 0.252311 0.618943 0.0549472 9.9973E-05 0.0734985
0.00299123 9.9973E-05 9.9973E-05 0.0228153 9.9973E-05 0.210178 0.763716
0.0827114 0.0385542 0.11752 0.470699 9.9991E-05 0.160962 0.129454
0.00926989 0.170605 9.9991E-05 0.553677 0.178522 0.0388946 0.048931
9.9991E-05 0.15623 0.0774144 0.527854 0.101622 0.0777211 0.0590581
9.9991E-05 0.104401 0.056354 0.468024 0.216824 0.064023 0.0902747
0.0389605 0.129211 9.9991E-05 0.520822 0.15407 0.118063 0.0387741
0.0350777 0.139453 0.144192 0.439218 0.163969 9.9991E-05 0.077991
9.9982E-05 0.226176 0.117972 0.34935 0.248272 9.9982E-05 0.05803
0.0335665 0.159686 0.189256 0.371239 0.215904 9.9991E-05 0.0302488
0.0884997 0.0969084 0.0703538 0.439368 0.219716 9.9991E-05 0.0850539
0.0209862 0.159806 0.212856 0.328312 0.207098 9.9991E-05 0.0708406
0.0273814 0.114609 0.149254 0.439483 0.191749 9.9991E-05 0.0774228
0.0107984 0.048797 0.18782 0.456292 0.24716 9.9991E-05 0.0490323
9.9982E-05 0.768542 0.165826 0.00658655 0.0260423 9.9982E-05 0.0328029
9.9973E-05 0.786271 0.138228 9.9973E-05 0.0382826 9.9973E-05 0.036918
0.0132149 0.683865 0.0841715 0.043448 0.0605944 0.111788 0.00291759
0.0174062 0.722033 0.229716 9.9973E-05 0.0305453 9.9973E-05 9.9973E-05
0.0595046 0.665904 0.223176 9.9973E-05 0.0511155 9.9973E-05 9.9973E-05
0.00425094 0.738494 9.9991E-05 0.0681634 0.0816472 0.101323 0.00602081
9.9982E-05 0.742815 0.182141 9.9982E-05 0.0279119 0.00642372 0.0405085
9.9982E-05 0.808471 0.0667316 0.0359274 0.0484106 9.9982E-05 0.0402597
0.036389 0.508764 0.00286696 0.101345 0.019235 0.285605 0.0457951
9.9955E-05 0.666179 0.333321 9.9955E-05 9.9955E-05 9.9955E-05 9.9955E-05
0.013539 0.744342 0.193038 9.9973E-05 0.0487816 9.9973E-05 9.9973E-05
0.050111 0.702551 0.246938 9.9964E-05 9.9964E-05 9.9964E-05 9.9964E-05
0.0120702 0.593234 0.127429 0.0864108 0.0682831 0.0956266 0.0169472
9.9973E-05 0.549272 0.0893612 0.152083 9.9973E-05 0.208983 9.9973E-05
0.0710176 0.719199 9.9991E-05 0.107672 0.0592015 0.0052671 0.0375428
0.0728877 0.696217 9.9973E-05 9.9973E-05 9.9973E-05 0.194565 0.0360303
9.9973E-05 0.826789 0.111731 0.0484307 9.9973E-05 9.9973E-05 0.0127497
0.0255215 0.787172 0.070542 0.043924 9.9982E-05 0.0726405 9.9982E-05
0.0207676 0.77001 0.0636274 9.9991E-05 0.0498866 0.069208 0.0264002
9.9964E-05 0.624911 9.9964E-05 9.9964E-05 0.00743698 0.367252 9.9964E-05
0.0288955 0.60907 9.9982E-05 9.9982E-05 0.00843398 0.313228 0.0401726
9.9991E-05 0.745132 0.0298316 0.0438521 0.0170321 0.147423 0.0166286
0.00716027 0.787071 9.9991E-05 0.0455102 0.0115559 0.117246 0.0313567
0.0641694 0.7563 0.0599528 0.0061337 0.0251549 0.0775095 0.0107793
0.0420743 0.651624 9.9991E-05 0.0445432 0.10974 0.112996 0.0389231
0.0032823 0.667066 9.9991E-05 0.119933 0.0739855 0.129047 0.00658636
0.00961392 0.659307 9.9973E-05 9.9973E-05 0.0359846 0.294795 9.9973E-05
0.025685 0.618633 9.9982E-05 0.0760026 0.00466088 0.274819 9.9982E-05
0.0298545 0.593128 9.9991E-05 0.0712095 0.00693636 0.295219 0.00355269
9.9973E-05 0.734765 0.194051 9.9973E-05 0.0173671 9.9973E-05 0.0535171
9.9964E-05 0.765013 0.223279 9.9964E-05 9.9964E-05 9.9964E-05 0.0113082
0.054963 0.636671 0.238522 0.000201686 0.0484132 9.9991E-05 0.0211291
9.9982E-05 0.696218 0.170218 0.0125346 0.0806845 0.0401447 9.9982E-05
0.00140147 0.843467 9.9982E-05 0.0284357 0.088342 9.9982E-05 0.0381538
0.0375855 0.811713 0.0458618 0.0276421 0.0702918 9.9991E-05 0.00680557
9.9955E-05 9.9955E-05 0.0237779 9.9955E-05 9.9955E-05 0.975722 9.9955E-05
0.0109091 0.0230655 9.9982E-05 9.9982E-05 0.0100382 0.932088 0.023699
0.0570633 9.9991E-05 0.0210064 0.0271572 0.00350802 0.875871 0.0152943
0.0376212 0.0882068 0.0880358 0.00918306 0.0277527 0.729074 0.020126
0.0476671 9.9973E-05 0.0418659 9.9973E-05 9.9973E-05 0.899742 0.0104249
9.9964E-05 9.9964E-05 0.215648 9.9964E-05 0.0593387 0.724614 9.9964E-05
9.9955E-05 9.9955E-05 0.113524 9.9955E-05 9.9955E-05 0.885976 9.9955E-05
0.0441256 9.9973E-05 0.215046 9.9973E-05 0.117491 0.623038 9.9973E-05
