9.9892E-05 9.9892E-05 9.9892E-05 0.0150886 9.9892E-05 9.9892E-05 0.0025297 0.00864561 9.9892E-05 9.9892E-05 9.9892E-05 0.0908159 9.9892E-05 9.9892E-05 0.009437 0.00134711 9.9892E-05 9.9892E-05 0.870937
9.991E-05 0.000604791 0.121006 9.991E-05 9.991E-05 9.991E-05 0.0209454 9.991E-05 0.0238173 0.147191 9.991E-05 0.00410704 9.991E-05 9.991E-05 0.0144052 9.991E-05 9.991E-05 0.000300244 0.666625
9.9901E-05 9.9901E-05 9.9901E-05 0.0457146 9.9901E-05 0.00262653 0.0313748 0.0324229 0.0403147 0.0576557 0.0800146 9.9901E-05 9.9901E-05 9.9901E-05 9.9901E-05 9.9901E-05 9.9901E-05 9.9901E-05 0.708777
0.0269957 0.00633457 0.108135 9.99369E-05 9.99369E-05 0.0106831 0.0206516 0.00515539 0.00396925 9.99369E-05 0.0549794 9.99369E-05 0.0138297 0.021747 9.99369E-05 9.99369E-05 9.99369E-05 0.0233803 0.703439
9.9919E-05 0.011277 0.00154967 9.9919E-05 0.017475 0.0541664 0.0365196 9.9919E-05 0.00117201 9.9919E-05 0.117384 9.9919E-05 9.9919E-05 9.9919E-05 9.9919E-05 0.00108221 9.9919E-05 0.0123834 0.746091
9.9919E-05 9.9919E-05 0.00147726 0.00751929 0.0358299 0.0319216 9.9919E-05 9.9919E-05 9.9919E-05 9.9919E-05 9.9919E-05 9.9919E-05 9.9919E-05 0.0131254 0.0209999 0.0183249 0.00669761 0.0168338 0.846371
9.9883E-05 0.0492049 0.0163396 9.9883E-05 0.0499517 9.9883E-05 9.9883E-05 9.9883E-05 9.9883E-05 9.9883E-05 9.9883E-05 0.0123117 9.9883E-05 9.9883E-05 0.021159 9.9883E-05 9.9883E-05 9.9883E-05 0.849735
9.991E-05 9.991E-05 9.991E-05 0.0586658 9.991E-05 0.0860432 9.991E-05 0.00510203 0.00167711 9.991E-05 0.0511734 9.991E-05 9.991E-05 0.0137984 0.00106027 9.991E-05 9.991E-05 0.0150581 0.766423
0.0327062 9.9892E-05 9.9892E-05 9.9892E-05 0.0952899 0.0874339 0.0231059 9.9892E-05 9.9892E-05 9.9892E-05 9.9892E-05 9.9892E-05 0.0335694 9.9892E-05 9.9892E-05 9.9892E-05 0.0206231 9.9892E-05 0.706073
0.036015 9.9892E-05 9.9892E-05 9.9892E-05 9.9892E-05 0.0332571 9.9892E-05 9.9892E-05 9.9892E-05 0.0346638 9.9892E-05 9.9892E-05 0.00382575 0.0315436 9.9892E-05 9.9892E-05 0.0870066 9.9892E-05 0.772489
9.9901E-05 9.9901E-05 9.9901E-05 9.9901E-05 0.0351808 0.075325 9.9901E-05 0.0140968 9.9901E-05 0.0612086 9.9901E-05 0.124032 9.9901E-05 9.9901E-05 0.0108709 9.9901E-05 9.9901E-05 0.00904525 0.669142
0.0350019 9.9874E-05 9.9874E-05 9.9874E-05 9.9874E-05 0.0741956 9.9874E-05 9.9874E-05 9.9874E-05 9.9874E-05 9.9874E-05 0.202634 9.9874E-05 9.9874E-05 9.9874E-05 9.9874E-05 9.9874E-05 0.0218811 0.664889
9.98921E-05 9.98921E-05 9.98921E-05 0.0125023 9.98921E-05 0.0676212 9.98921E-05 9.98921E-05 0.00735714 0.169595 9.98921E-05 9.98921E-05 9.98921E-05 9.98921E-05 0.0124979 9.98921E-05 0.018938 9.98921E-05 0.710289
0.00291622 9.9919E-05 0.138429 0.0373786 0.0116911 0.00223424 9.9919E-05 0.0227402 9.9919E-05 9.9919E-05 9.9919E-05 0.153101 9.9919E-05 9.9919E-05 0.00469222 0.00410901 9.9919E-05 9.9919E-05 0.621809
0.0603933 9.9901E-05 0.0373408 9.9901E-05 0.00276145 9.9901E-05 9.9901E-05 9.9901E-05 0.00646196 0.0851782 9.9901E-05 9.9901E-05 0.0166858 9.9901E-05 9.9901E-05 0.0155536 9.9901E-05 9.9901E-05 0.774526
9.98741E-05 9.98741E-05 9.98741E-05 9.98741E-05 0.125051 9.98741E-05 9.98741E-05 9.98741E-05 9.98741E-05 9.98741E-05 9.98741E-05 9.98741E-05 0.0384372 9.98741E-05 0.0131498 9.98741E-05 9.98741E-05 0.0188654 0.803098
9.98741E-05 9.98741E-05 9.98741E-05 0.0239837 9.98741E-05 9.98741E-05 9.98741E-05 9.98741E-05 9.98741E-05 0.031804 9.98741E-05 9.98741E-05 9.98741E-05 0.0171809 9.98741E-05 9.98741E-05 9.98741E-05 0.0324164 0.893217
9.98651E-05 9.98651E-05 9.98651E-05 0.0931794 9.98651E-05 9.98651E-05 9.98651E-05 9.98651E-05 9.98651E-05 9.98651E-05 9.98651E-05 9.98651E-05 9.98651E-05 9.98651E-05 9.98651E-05 0.0266171 9.98651E-05 0.00571439 0.872991
9.98831E-05 0.0286133 9.98831E-05 9.98831E-05 0.000642233 9.98831E-05 9.98831E-05 0.0112066 9.98831E-05 9.98831E-05 9.98831E-05 9.98831E-05 9.98831E-05 9.98831E-05 0.00981991 0.0703746 9.98831E-05 9.98831E-05 0.878045
0.0448117 0.0370121 9.9892E-05 9.9892E-05 9.9892E-05 9.9892E-05 0.00452759 9.9892E-05 9.9892E-05 9.9892E-05 9.9892E-05 9.9892E-05 0.0296991 0.011057 9.9892E-05 9.9892E-05 9.9892E-05 0.0210186 0.850675
9.9838E-05 9.9838E-05 9.9838E-05 9.9838E-05 9.9838E-05 9.9838E-05 9.9838E-05 0.998203 9.9838E-05 9.9838E-05 9.9838E-05 9.9838E-05 9.9838E-05 9.9838E-05 9.9838E-05 9.9838E-05 9.9838E-05 9.9838E-05 9.9838E-05
0.673497 9.9883E-05 9.9883E-05 9.9883E-05 9.9883E-05 0.112601 9.9883E-05 0.00652486 9.9883E-05 9.9883E-05 9.9883E-05 0.132217 9.9883E-05 9.9883E-05 0.0189807 9.9883E-05 0.0548813 9.9883E-05 9.9883E-05
0.768138 0.0111848 9.991E-05 9.991E-05 9.991E-05 0.0792308 9.991E-05 0.00713728 9.991E-05 0.0584413 9.991E-05 9.991E-05 9.991E-05 0.0339074 9.991E-05 0.0247639 0.00471605 9.991E-05 0.011481
0.816437 0.0598214 9.9883E-05 9.9883E-05 9.9883E-05 0.0409101 0.044244 9.9883E-05 9.9883E-05 9.9883E-05 9.9883E-05 9.9883E-05 9.9883E-05 9.9883E-05 9.9883E-05 0.00249273 9.9883E-05 0.0347965 9.9883E-05
0.966377 9.98651E-05 9.98651E-05 9.98651E-05 9.98651E-05 9.98651E-05 9.98651E-05 0.0158847 9.98651E-05 0.00294761 9.98651E-05 9.98651E-05 9.98651E-05 0.0132924 9.98651E-05 9.98651E-05 9.98651E-05 9.98651E-05 9.98651E-05
0.937201 9.98741E-05 9.98741E-05 9.98741E-05 9.98741E-05 9.98741E-05 9.98741E-05 9.98741E-05 0.01506 9.98741E-05 9.98741E-05 9.98741E-05 9.98741E-05 9.98741E-05 9.98741E-05 0.0036985 9.98741E-05 0.0224553 0.020187
0.76 0.00113113 9.991E-05 0.0527089 0.0273157 0.0891128 9.991E-05 0.0169489 0.00229557 9.991E-05 9.991E-05 9.991E-05 0.0214387 9.991E-05 9.991E-05 0.0280493 9.991E-05 9.991E-05 9.991E-05
9.9847E-05 9.9847E-05 0.00215356 9.9847E-05 9.9847E-05 9.9847E-05 9.9847E-05 0.996149 9.9847E-05 9.9847E-05 9.9847E-05 9.9847E-05 9.9847E-05 9.9847E-05 9.9847E-05 9.9847E-05 9.9847E-05 9.9847E-05 9.9847E-05
0.727494 9.9901E-05 0.0428265 0.0338808 0.0447235 9.9901E-05 0.0216077 0.0116545 9.9901E-05 0.0431393 0.0735748 9.9901E-05 9.9901E-05 9.9901E-05 9.9901E-05 9.9901E-05 9.9901E-05 9.9901E-05 9.9901E-05
0.721327 9.9901E-05 9.9901E-05 0.0258648 9.9901E-05 0.0934789 0.00649458 9.9901E-05 9.9901E-05 9.9901E-05 9.9901E-05 9.9901E-05 0.140635 0.00235538 0.00545261 0.00329217 9.9901E-05 9.9901E-05 9.9901E-05
0.729611 9.9901E-05 0.112727 9.9901E-05 9.9901E-05 9.9901E-05 0.00387503 0.0378768 0.00275536 9.9901E-05 0.0328926 9.9901E-05 0.0621067 9.9901E-05 9.9901E-05 9.9901E-05 9.9901E-05 0.0170567 9.9901E-05
0.721454 0.0230497 9.9919E-05 0.0175422 0.0940121 9.9919E-05 9.9919E-05 0.0287519 0.0010176 9.9919E-05 0.0165745 9.9919E-05 9.9919E-05 9.9919E-05 0.00881383 0.0705505 9.9919E-05 0.0173349 9.9919E-05
0.635475 9.9892E-05 9.9892E-05 0.226613 9.9892E-05 9.9892E-05 9.9892E-05 0.0570373 9.9892E-05 9.9892E-05 0.0365396 9.9892E-05 9.9892E-05 9.9892E-05 0.00962633 9.9892E-05 0.0273266 9.9892E-05 0.0061834
0.640571 9.9919E-05 0.136602 9.9919E-05 9.9919E-05 9.9919E-05 9.9919E-05 0.0455845 0.0447986 0.0130731 0.0129991 0.0309731 0.0121315 0.0113163 0.0510514 9.9919E-05 9.9919E-05 9.9919E-05 9.9919E-05
0.645528 9.99009E-05 0.10634 9.99009E-05 9.99009E-05 9.99009E-05 0.023413 9.99009E-05 9.99009E-05 0.0874926 9.99009E-05 0.108877 9.99009E-05 0.00909866 0.0132326 9.99009E-05 9.99009E-05 9.99009E-05 0.00491977
0.39301 9.98829E-05 0.135314 9.98829E-05 9.98829E-05 9.98829E-05 0.0392218 0.00618013 0.0317051 9.98829E-05 9.98829E-05 0.39327 9.98829E-05 9.98829E-05 9.98829E-05 9.98829E-05 9.98829E-05 9.98829E-05 9.98829E-05
0.713175 0.15356 9.9883E-05 9.9883E-05 9.9883E-05 9.9883E-05 0.00612365 9.9883E-05 0.0116023 9.9883E-05 9.9883E-05 9.9883E-05 0.109075 9.9883E-05 9.9883E-05 0.00516558 9.9883E-05 9.9883E-05 9.9883E-05
9.9901E-05 0.773107 9.9901E-05 9.9901E-05 9.9901E-05 9.9901E-05 0.00945683 0.00123105 9.9901E-05 0.0153477 0.00482425 9.9901E-05 9.9901E-05 9.9901E-05 0.00291862 0.104711 0.0873041 9.9901E-05 9.9901E-05
9.99009E-05 0.702905 9.99009E-05 0.0417335 0.0167025 9.99009E-05 0.00715329 9.99009E-05 9.99009E-05 0.0136854 0.0146344 0.189765 9.99009E-05 9.99009E-05 0.0123223 9.99009E-05 9.99009E-05 9.99009E-05 9.99009E-05
9.9865E-05 9.9865E-05 0.00901103 0.961679 9.9865E-05 9.9865E-05 9.9865E-05 9.9865E-05 9.9865E-05 0.00948825 0.0183241 9.9865E-05 9.9865E-05 9.9865E-05 9.9865E-05 9.9865E-05 9.9865E-05 9.9865E-05 9.9865E-05
0.000656614 0.71611 9.9883E-05 0.176877 9.9883E-05 9.9883E-05 9.9883E-05 9.9883E-05 9.9883E-05 9.9883E-05 9.9883E-05 0.0501192 0.0444811 9.9883E-05 9.9883E-05 9.9883E-05 0.0104578 9.9883E-05 9.9883E-05
9.9928E-05 0.583091 9.9928E-05 0.0808901 0.0500464 0.140876 0.00499367 0.0151632 0.0323614 9.9928E-05 9.9928E-05 0.027794 9.9928E-05 0.0162954 0.0302871 0.0174015 9.9928E-05 9.9928E-05 9.9928E-05
9.9892E-05 0.455906 9.9892E-05 0.373275 9.9892E-05 0.067165 0.00030525 9.9892E-05 0.0204872 9.9892E-05 9.9892E-05 9.9892E-05 0.0750718 9.9892E-05 9.9892E-05 9.9892E-05 0.00659089 9.9892E-05 9.9892E-05
9.9919E-05 0.554537 0.197335 0.0299915 9.9919E-05 0.120821 9.9919E-05 9.9919E-05 0.0158928 0.00998787 0.000926311 9.9919E-05 9.9919E-05 9.9919E-05 0.0292197 0.0343028 9.9919E-05 9.9919E-05 0.00608633
0.00726454 0.855285 9.9901E-05 9.9901E-05 9.9901E-05 9.9901E-05 0.032433 0.000139327 9.9901E-05 9.9901E-05 9.9901E-05 9.9901E-05 0.0596955 0.0129111 0.00400389 0.0271686 9.9901E-05 9.9901E-05 9.9901E-05
9.991E-05 0.541373 9.991E-05 9.991E-05 0.118232 0.199175 0.0148802 9.991E-05 9.991E-05 9.991E-05 0.0375835 9.991E-05 0.0140064 0.00820648 9.991E-05 0.0652329 9.991E-05 9.991E-05 0.000311293
9.98651E-05 0.854434 9.98651E-05 9.98651E-05 9.98651E-05 9.98651E-05 9.98651E-05 9.98651E-05 9.98651E-05 0.110122 9.98651E-05 9.98651E-05 9.98651E-05 0.00768728 9.98651E-05 9.98651E-05 9.98651E-05 0.026259 9.98651E-05
9.9838E-05 9.9838E-05 9.9838E-05 0.998203 9.9838E-05 9.9838E-05 9.9838E-05 9.9838E-05 9.9838E-05 9.9838E-05 9.9838E-05 9.9838E-05 9.9838E-05 9.9838E-05 9.9838E-05 9.9838E-05 9.9838E-05 9.9838E-05 9.9838E-05
9.9883E-05 0.658965 9.9883E-05 0.273334 9.9883E-05 9.9883E-05 0.00913108 0.0384164 9.9883E-05 9.9883E-05 9.9883E-05 9.9883E-05 9.9883E-05 9.9883E-05 0.00540141 9.9883E-05 9.9883E-05 0.0134539 9.9883E-05
9.991E-05 0.614677 0.119365 0.00541996 9.991E-05 0.21154 0.00016589 9.991E-05 0.0170347 9.991E-05 9.991E-05 9.991E-05 9.991E-05 0.0046565 0.00753481 0.0186067 9.991E-05 9.991E-05 9.991E-05
9.9874E-05 0.890523 0.0194917 9.9874E-05 9.9874E-05 9.9874E-05 9.9874E-05 9.9874E-05 9.9874E-05 9.9874E-05 0.0418403 0.0215138 9.9874E-05 9.9874E-05 9.9874E-05 9.9874E-05 9.9874E-05 0.0252332 9.9874E-05
9.9838E-05 9.9838E-05 9.9838E-05 0.998203 9.9838E-05 9.9838E-05 9.9838E-05 9.9838E-05 9.9838E-05 9.9838E-05 9.9838E-05 9.9838E-05 9.9838E-05 9.9838E-05 9.9838E-05 9.9838E-05 9.9838E-05 9.9838E-05 9.9838E-05
9.98649E-05 9.98649E-05 9.98649E-05 0.914767 9.98649E-05 0.0136298 9.98649E-05 9.98649E-05 9.98649E-05 9.98649E-05 9.98649E-05 9.98649E-05 9.98649E-05 0.0272058 0.0428993 9.98649E-05 9.98649E-05 9.98649E-05 9.98649E-05
0.0372718 0.73722 9.9892E-05 0.0961951 9.9892E-05 9.9892E-05 9.9892E-05 9.9892E-05 9.9892E-05 9.9892E-05 9.9892E-05 0.0457706 0.0140705 9.9892E-05 9.9892E-05 9.9892E-05 9.9892E-05 0.0298283 0.0384452
9.99279E-05 0.484204 9.99279E-05 0.322784 0.0790607 0.00719651 0.00634434 0.00101731 9.99279E-05 9.99279E-05 9.99279E-05 9.99279E-05 0.0449623 0.0357138 0.00423209 9.99279E-05 9.99279E-05 0.0013669 0.0123183
9.991E-05 0.686807 9.991E-05 9.991E-05 0.0243896 0.0982983 0.0155883 9.991E-05 0.0172852 0.0577991 0.0431078 9.991E-05 9.991E-05 9.991E-05 9.991E-05 9.991E-05 0.0360829 0.019643 9.991E-05
0.00682285 0.819664 0.021723 9.9901E-05 0.00152077 9.9901E-05 9.9901E-05 0.0200806 9.9901E-05 9.9901E-05 0.0245039 9.9901E-05 9.9901E-05 0.0440596 9.9901E-05 9.9901E-05 9.9901E-05 9.9901E-05 0.0605261
9.98649E-05 0.108556 9.98649E-05 9.98649E-05 9.98649E-05 9.98649E-05 9.98649E-05 9.98649E-05 0.00474193 9.98649E-05 9.98649E-05 0.824286 9.98649E-05 9.98649E-05 9.98649E-05 0.0609181 9.98649E-05 9.98649E-05 9.98649E-05
9.98379E-05 9.98379E-05 9.98379E-05 9.98379E-05 9.98379E-05 9.98379E-05 9.98379E-05 9.98379E-05 0.998203 9.98379E-05 9.98379E-05 9.98379E-05 9.98379E-05 9.98379E-05 9.98379E-05 9.98379E-05 9.98379E-05 9.98379E-05 9.98379E-05
9.9892E-05 9.9892E-05 0.00721686 0.040036 9.9892E-05 9.9892E-05 9.9892E-05 9.9892E-05 9.9892E-05 9.9892E-05 9.9892E-05 0.714954 0.157754 0.0380218 0.000978568 0.0398406 9.9892E-05 9.9892E-05 9.9892E-05
9.991E-05 9.991E-05 9.991E-05 0.11961 9.991E-05 9.991E-05 0.0384401 9.991E-05 9.991E-05 0.23181 0.0175217 0.371761 0.179423 0.019286 0.0190525 0.00209737 9.991E-05 9.991E-05 9.991E-05
9.9883E-05 9.9883E-05 9.9883E-05 9.9883E-05 9.9883E-05 9.9883E-05 0.0209154 9.9883E-05 0.0344756 0.6884 0.119714 9.9883E-05 0.128429 9.9883E-05 9.9883E-05 9.9883E-05 0.00676739 9.9883E-05 9.9883E-05
9.991E-05 0.0886899 9.991E-05 0.0216315 9.991E-05 9.991E-05 0.00393368 9.991E-05 9.991E-05 0.108331 9.991E-05 9.991E-05 0.741215 0.00224245 9.991E-05 0.0188512 0.00594877 0.00815685 9.991E-05
9.9838E-05 9.9838E-05 9.9838E-05 9.9838E-05 9.9838E-05 9.9838E-05 9.9838E-05 9.9838E-05 9.9838E-05 9.9838E-05 9.9838E-05 9.9838E-05 9.9838E-05 9.9838E-05 0.998203 9.9838E-05 9.9838E-05 9.9838E-05 9.9838E-05
9.98379E-05 9.98379E-05 9.98379E-05 9.98379E-05 9.98379E-05 9.98379E-05 9.98379E-05 9.98379E-05 0.998203 9.98379E-05 9.98379E-05 9.98379E-05 9.98379E-05 9.98379E-05 9.98379E-05 9.98379E-05 9.98379E-05 9.98379E-05 9.98379E-05
9.99001E-05 9.99001E-05 9.99001E-05 9.99001E-05 9.99001E-05 0.0578525 9.99001E-05 9.99001E-05 0.021662 0.0451181 0.0249044 0.636169 0.156787 9.99001E-05 0.0158988 9.99001E-05 9.99001E-05 0.0182117 0.0223971
0.045006 9.9928E-05 9.9928E-05 0.112653 9.9928E-05 9.9928E-05 9.9928E-05 0.0239231 0.0101828 0.0549086 9.9928E-05 9.9928E-05 0.52744 0.00816185 0.0270754 0.083684 0.0993746 0.00679114 9.9928E-05
0.014797 9.9955E-05 9.9955E-05 9.9955E-05 9.9955E-05 0.000514053 9.9955E-05 0.0038372 0.0288697 0.086099 0.0911938 0.0325543 0.506221 0.00810585 0.0332801 0.109002 0.0224948 0.0387104 0.0238205
0.0545694 9.9928E-05 9.9928E-05 9.9928E-05 9.9928E-05 9.9928E-05 0.0105081 0.0286317 0.00484192 0.143866 0.00694728 9.9928E-05 0.603243 0.0323111 0.0101164 0.0903164 9.9928E-05 0.0138492 9.9928E-05
0.111639 9.991E-05 9.991E-05 9.991E-05 9.991E-05 9.991E-05 9.991E-05 9.991E-05 0.114294 9.991E-05 9.991E-05 0.0599474 0.535361 0.0558956 0.0309888 0.0653723 9.991E-05 0.0149965 0.010505
9.98831E-05 9.98831E-05 9.98831E-05 9.98831E-05 0.0283481 9.98831E-05 9.98831E-05 9.98831E-05 0.0341784 9.98831E-05 9.98831E-05 9.98831E-05 0.847499 9.98831E-05 9.98831E-05 0.0598658 9.98831E-05 0.0208493 0.00796043
9.9874E-05 9.9874E-05 9.9874E-05 9.9874E-05 0.0471631 0.0184188 0.000270854 9.9874E-05 9.9874E-05 9.9874E-05 9.9874E-05 9.9874E-05 0.901309 9.9874E-05 0.0314401 9.9874E-05 9.9874E-05 9.9874E-05 9.9874E-05
0.0268226 9.991E-05 9.991E-05 0.0134317 9.991E-05 9.991E-05 0.0364275 9.991E-05 0.0669468 0.719963 9.991E-05 9.991E-05 0.0748789 0.00511277 9.991E-05 0.0418706 0.0135469 9.991E-05 9.991E-05
9.9892E-05 9.9892E-05 9.9892E-05 9.9892E-05 9.9892E-05 0.0405733 0.0226485 9.9892E-05 0.0298488 0.290055 0.43079 0.16303 9.9892E-05 9.9892E-05 9.9892E-05 9.9892E-05 9.9892E-05 0.0218557 9.9892E-05
9.9919E-05 9.9919E-05 9.9919E-05 0.35316 9.9919E-05 9.9919E-05 9.9919E-05 0.0302548 0.0179831 9.9919E-05 0.161443 0.0408738 0.204327 9.9919E-05 0.0229985 0.136031 0.00916172 0.0228664 9.9919E-05
9.991E-05 0.253857 9.991E-05 9.991E-05 9.991E-05 9.991E-05 9.991E-05 9.991E-05 0.00880485 0.0501194 9.991E-05 9.991E-05 0.524663 9.991E-05 0.00774053 0.0472987 0.0571811 0.00535324 0.0439838
9.9892E-05 9.9892E-05 9.9892E-05 0.479254 9.9892E-05 0.0413581 0.00130122 9.9892E-05 0.0447356 0.399684 9.9892E-05 9.9892E-05 9.9892E-05 0.00806037 9.9892E-05 9.9892E-05 9.9892E-05 9.9892E-05 0.0244077
9.9838E-05 9.9838E-05 9.9838E-05 9.9838E-05 9.9838E-05 9.9838E-05 9.9838E-05 9.9838E-05 9.9838E-05 9.9838E-05 9.9838E-05 9.9838E-05 9.9838E-05 9.9838E-05 0.998203 9.9838E-05 9.9838E-05 9.9838E-05 9.9838E-05
0.0179115 0.0792154 9.9955E-05 0.0588268 0.0710963 9.9955E-05 9.9955E-05 0.0286506 0.0510111 0.000259752 0.00662057 0.353499 0.203658 0.0645732 0.00135001 9.9955E-05 9.9955E-05 0.0348094 0.0280179
9.9919E-05 0.0832718 9.9919E-05 0.0393809 9.9919E-05 9.9919E-05 0.0241562 9.9919E-05 0.0151455 0.598831 9.9919E-05 9.9919E-05 0.151081 0.0207327 0.0462834 0.00830851 9.9919E-05 0.0119101 9.9919E-05
9.98379E-05 9.98379E-05 9.98379E-05 9.98379E-05 9.98379E-05 9.98379E-05 9.98379E-05 9.98379E-05 9.98379E-05 9.98379E-05 9.98379E-05 9.98379E-05 9.98379E-05 9.98379E-05 9.98379E-05 0.998203 9.98379E-05 9.98379E-05 9.98379E-05
9.9901E-05 0.060062 9.9901E-05 9.9901E-05 9.9901E-05 9.9901E-05 9.9901E-05 9.9901E-05 0.00863182 0.235687 9.9901E-05 0.390231 0.219447 0.0296573 0.0150728 0.0401123 9.9901E-05 9.9901E-05 9.9901E-05
9.991E-05 9.991E-05 0.0253705 9.991E-05 9.991E-05 0.0493748 0.0199816 9.991E-05 0.0040024 9.991E-05 9.991E-05 9.991E-05 0.749984 0.0222326 0.0459069 0.0359885 9.991E-05 9.991E-05 0.0461598
0.0504936 0.20817 9.9946E-05 0.0354692 0.148482 9.9946E-05 0.0131492 0.000952301 9.9946E-05 0.0462914 9.9946E-05 0.260605 0.105628 0.055554 9.9946E-05 9.9946E-05 0.039823 0.0342603 0.000523003
9.9892E-05 0.173192 0.532113 0.0117073 9.9892E-05 9.9892E-05 9.9892E-05 9.9892E-05 9.9892E-05 9.9892E-05 9.9892E-05 0.084709 9.9892E-05 9.9892E-05 0.0345827 9.9892E-05 0.150029 0.0124687 9.9892E-05
0.0546374 0.089439 9.9937E-05 0.0456207 0.0342957 9.9937E-05 9.9937E-05 9.9937E-05 0.0534911 0.331587 0.0609596 0.173414 9.9937E-05 0.00362419 9.9937E-05 0.0536112 0.0901683 0.00845153 9.9937E-05
9.9856E-05 9.9856E-05 9.9856E-05 9.9856E-05 9.9856E-05 9.9856E-05 0.00672168 9.9856E-05 9.9856E-05 9.9856E-05 9.9856E-05 9.9856E-05 9.9856E-05 0.000393193 9.9856E-05 0.991287 9.9856E-05 9.9856E-05 9.9856E-05
9.98381E-05 9.98381E-05 9.98381E-05 9.98381E-05 9.98381E-05 9.98381E-05 9.98381E-05 9.98381E-05 9.98381E-05 9.98381E-05 9.98381E-05 9.98381E-05 9.98381E-05 9.98381E-05 9.98381E-05 0.998203 9.98381E-05 9.98381E-05 9.98381E-05
9.9928E-05 9.9928E-05 9.9928E-05 9.9928E-05 0.0507719 0.040505 0.0125852 0.00053013 0.0295728 0.10764 0.0170427 9.9928E-05 0.59543 0.0197242 9.9928E-05 0.0754332 0.0499655 9.9928E-05 9.9928E-05
9.9847E-05 9.9847E-05 9.9847E-05 9.9847E-05 9.9847E-05 9.9847E-05 0.997607 9.9847E-05 9.9847E-05 9.9847E-05 9.9847E-05 9.9847E-05 9.9847E-05 0.000695216 9.9847E-05 9.9847E-05 9.9847E-05 9.9847E-05 9.9847E-05
9.9883E-05 0.125646 9.9883E-05 9.9883E-05 9.9883E-05 9.9883E-05 9.9883E-05 0.00045066 0.00440082 0.768848 9.9883E-05 9.9883E-05 9.9883E-05 0.00210393 0.0972518 9.9883E-05 9.9883E-05 9.9883E-05 9.9883E-05
9.98741E-05 9.98741E-05 9.98741E-05 0.0845924 0.0622794 9.98741E-05 9.98741E-05 9.98741E-05 9.98741E-05 9.98741E-05 9.98741E-05 9.98741E-05 0.826298 9.98741E-05 0.0209967 9.98741E-05 9.98741E-05 0.00443575 9.98741E-05
9.98561E-05 9.98561E-05 9.98561E-05 9.98561E-05 9.98561E-05 9.98561E-05 0.0187019 0.0212701 9.98561E-05 9.98561E-05 9.98561E-05 0.95843 9.98561E-05 9.98561E-05 9.98561E-05 9.98561E-05 9.98561E-05 9.98561E-05 9.98561E-05
0.0560952 9.9856E-05 9.9856E-05 9.9856E-05 9.9856E-05 9.9856E-05 9.9856E-05 9.9856E-05 9.9856E-05 9.9856E-05 9.9856E-05 0.91665 9.9856E-05 9.9856E-05 9.9856E-05 9.9856E-05 9.9856E-05 0.0256572 9.9856E-05
9.9874E-05 9.9874E-05 9.9874E-05 9.9874E-05 9.9874E-05 0.0153773 9.9874E-05 9.9874E-05 9.9874E-05 0.801002 9.9874E-05 0.168965 9.9874E-05 9.9874E-05 9.9874E-05 9.9874E-05 0.0130117 0.000245953 9.9874E-05
0.00327326 9.991E-05 9.991E-05 0.0518707 9.991E-05 9.991E-05 0.0223689 0.00989759 0.0557425 9.991E-05 9.991E-05 0.714948 0.0668789 9.991E-05 0.032289 9.991E-05 9.991E-05 9.991E-05 0.041732
9.9919E-05 9.9919E-05 0.143077 9.9919E-05 9.9919E-05 0.0982289 0.0535188 9.9919E-05 0.0148273 0.294754 0.191447 0.109738 9.9919E-05 0.0176619 0.00661875 9.9919E-05 9.9919E-05 0.0692293 9.9919E-05
9.9892E-05 9.9892E-05 9.9892E-05 0.151431 9.9892E-05 9.9892E-05 9.9892E-05 9.9892E-05 0.0251508 0.499092 9.9892E-05 9.9892E-05 0.2351 9.9892E-05 9.9892E-05 0.00648543 9.9892E-05 0.0425413 0.039001
0.0161866 0.0349381 9.991E-05 9.991E-05 9.991E-05 9.991E-05 9.991E-05 0.00554744 9.991E-05 0.791469 0.000180219 9.991E-05 9.991E-05 0.005489 0.00364006 0.130081 9.991E-05 0.0114699 9.991E-05
9.9919E-05 0.00524203 9.9919E-05 9.9919E-05 9.9919E-05 0.0727352 0.00970972 9.9919E-05 0.0428863 0.0289333 0.035783 0.324489 0.401711 0.0172194 9.9919E-05 9.9919E-05 9.9919E-05 0.0603916 9.9919E-05
0.0235068 9.98921E-05 0.0534065 9.98921E-05 9.98921E-05 9.98921E-05 9.98921E-05 0.0351205 9.98921E-05 0.608217 9.98921E-05 0.178974 0.0756216 0.0239549 9.98921E-05 9.98921E-05 9.98921E-05 9.98921E-05 9.98921E-05
9.9919E-05 9.9919E-05 0.132689 0.0525103 9.9919E-05 9.9919E-05 9.9919E-05 0.0173568 0.0531872 0.310488 9.9919E-05 0.0391729 0.252456 0.0865719 0.0334113 0.0212565 9.9919E-05 9.9919E-05 9.9919E-05
9.9856E-05 9.9856E-05 0.0622448 9.9856E-05 9.9856E-05 9.9856E-05 9.9856E-05 0.00394489 9.9856E-05 9.9856E-05 9.9856E-05 9.9856E-05 0.932213 9.9856E-05 9.9856E-05 9.9856E-05 9.9856E-05 9.9856E-05 9.9856E-05
9.9838E-05 9.9838E-05 9.9838E-05 9.9838E-05 9.9838E-05 9.9838E-05 9.9838E-05 9.9838E-05 9.9838E-05 9.9838E-05 9.9838E-05 9.9838E-05 9.9838E-05 0.998203 9.9838E-05 9.9838E-05 9.9838E-05 9.9838E-05 9.9838E-05
0.026091 0.0541014 9.9964E-05 9.9964E-05 9.9964E-05 9.9964E-05 0.00988233 0.0206197 0.0557426 0.124324 0.0531194 0.342054 0.139499 0.0359398 0.0139318 0.0320351 0.0186206 0.0524279 0.0212115
9.9856E-05 9.9856E-05 9.9856E-05 9.9856E-05 9.9856E-05 9.9856E-05 0.00571544 9.9856E-05 9.9856E-05 0.970615 9.9856E-05 9.9856E-05 9.9856E-05 9.9856E-05 0.0220716 9.9856E-05 9.9856E-05 9.9856E-05 9.9856E-05
9.991E-05 9.991E-05 0.151676 0.00866682 9.991E-05 9.991E-05 0.04315 0.00229939 9.991E-05 9.991E-05 9.991E-05 0.259136 0.487511 9.991E-05 0.0242028 0.0172057 9.991E-05 9.991E-05 0.00515271
9.9874E-05 0.0611885 0.0258998 9.9874E-05 9.9874E-05 0.0643021 0.011511 9.9874E-05 9.9874E-05 9.9874E-05 9.9874E-05 9.9874E-05 0.8357 9.9874E-05 9.9874E-05 9.9874E-05 9.9874E-05 9.9874E-05 9.9874E-05
9.9874E-05 0.0219547 9.9874E-05 9.9874E-05 9.9874E-05 9.9874E-05 9.9874E-05 9.9874E-05 9.9874E-05 0.745885 0.0630552 0.140517 9.9874E-05 9.9874E-05 9.9874E-05 9.9874E-05 9.9874E-05 0.0271906 9.9874E-05
0.0276547 9.99369E-05 0.0135557 0.0473757 9.99369E-05 9.99369E-05 9.99369E-05 0.0169538 9.99369E-05 0.635645 0.146014 0.019523 0.0386639 0.00367459 9.99369E-05 0.0305284 9.99369E-05 0.0128012 0.00691012
9.9838E-05 9.9838E-05 9.9838E-05 9.9838E-05 9.9838E-05 9.9838E-05 9.9838E-05 9.9838E-05 9.9838E-05 9.9838E-05 9.9838E-05 9.9838E-05 9.9838E-05 9.9838E-05 9.9838E-05 9.9838E-05 9.9838E-05 0.998203 9.9838E-05
9.98379E-05 9.98379E-05 9.98379E-05 9.98379E-05 9.98379E-05 9.98379E-05 9.98379E-05 9.98379E-05 9.98379E-05 9.98379E-05 9.98379E-05 9.98379E-05 9.98379E-05 0.998203 9.98379E-05 9.98379E-05 9.98379E-05 9.98379E-05 9.98379E-05
9.9838E-05 9.9838E-05 9.9838E-05 9.9838E-05 9.9838E-05 9.9838E-05 9.9838E-05 9.9838E-05 9.9838E-05 9.9838E-05 9.9838E-05 9.9838E-05 9.9838E-05 9.9838E-05 9.9838E-05 9.9838E-05 9.9838E-05 0.998203 9.9838E-05
9.9892E-05 9.9892E-05 9.9892E-05 0.0540965 9.9892E-05 9.9892E-05 0.0444074 9.9892E-05 0.0173084 0.230241 9.9892E-05 0.635401 9.9892E-05 0.00268964 0.0146574 9.9892E-05 9.9892E-05 9.9892E-05 9.9892E-05
9.9928E-05 9.9928E-05 0.0823637 9.9928E-05 9.9928E-05 0.0475003 0.0365268 0.036391 0.0197085 0.553839 9.9928E-05 0.121091 9.9928E-05 0.0219099 0.00898834 9.9928E-05 9.9928E-05 0.0415505 0.0293315
0.0429276 9.991E-05 9.991E-05 9.991E-05 9.991E-05 9.991E-05 0.0258595 0.00861535 0.0434271 0.693318 9.991E-05 0.0958828 9.991E-05 0.0236482 9.991E-05 9.991E-05 0.0600525 9.991E-05 0.00527032
9.9919E-05 0.0434974 9.9919E-05 9.9919E-05 9.9919E-05 9.9919E-05 9.9919E-05 0.0254211 0.0120297 0.305004 9.9919E-05 0.0868942 0.459017 0.0108291 9.9919E-05 0.00461419 9.9919E-05 0.0336666 0.0181272
9.9892E-05 9.9892E-05 9.9892E-05 0.137069 9.9892E-05 9.9892E-05 9.9892E-05 0.014143 0.00408946 9.9892E-05 9.9892E-05 9.9892E-05 0.804518 0.0132184 0.00510183 9.9892E-05 0.020662 9.9892E-05 9.9892E-05
9.9838E-05 9.9838E-05 9.9838E-05 9.9838E-05 9.9838E-05 9.9838E-05 0.998203 9.9838E-05 9.9838E-05 9.9838E-05 9.9838E-05 9.9838E-05 9.9838E-05 9.9838E-05 9.9838E-05 9.9838E-05 9.9838E-05 9.9838E-05 9.9838E-05
9.991E-05 0.0140319 9.991E-05 9.991E-05 9.991E-05 0.0171158 9.991E-05 9.991E-05 9.991E-05 0.000133065 9.991E-05 0.71203 0.176426 0.0361757 9.991E-05 0.0308857 9.991E-05 0.00275337 0.0094495
9.98651E-05 9.98651E-05 9.98651E-05 9.98651E-05 9.98651E-05 9.98651E-05 9.98651E-05 9.98651E-05 0.0532545 0.00787274 0.792327 0.145048 9.98651E-05 9.98651E-05 9.98651E-05 9.98651E-05 9.98651E-05 9.98651E-05 9.98651E-05
9.98651E-05 9.98651E-05 9.98651E-05 9.98651E-05 9.98651E-05 9.98651E-05 0.0010457 9.98651E-05 9.98651E-05 9.98651E-05 0.872576 9.98651E-05 9.98651E-05 9.98651E-05 0.0196391 0.105241 9.98651E-05 9.98651E-05 9.98651E-05
9.9883E-05 9.9883E-05 9.9883E-05 9.9883E-05 9.9883E-05 9.9883E-05 9.9883E-05 0.0243707 9.9883E-05 9.9883E-05 0.859859 9.9883E-05 9.9883E-05 0.0298553 0.00574355 0.054306 9.9883E-05 0.024567 9.9883E-05
9.98921E-05 9.98921E-05 9.98921E-05 9.98921E-05 0.00494196 9.98921E-05 0.0372616 0.00399217 0.0118807 0.109008 0.822142 9.98921E-05 9.98921E-05 9.98921E-05 9.98921E-05 9.98921E-05 9.98921E-05 0.00957445 9.98921E-05
9.991E-05 0.029186 9.991E-05 9.991E-05 0.0258554 9.991E-05 9.991E-05 0.00399916 9.991E-05 0.0691467 0.81377 9.991E-05 9.991E-05 0.0242899 0.00245924 9.991E-05 0.00138913 0.0289059 9.991E-05
0.037772 9.98651E-05 0.0988677 9.98651E-05 9.98651E-05 9.98651E-05 9.98651E-05 9.98651E-05 0.0239863 9.98651E-05 0.837876 9.98651E-05 9.98651E-05 9.98651E-05 9.98651E-05 9.98651E-05 9.98651E-05 9.98651E-05 9.98651E-05
9.9865E-05 0.00148586 9.9865E-05 9.9865E-05 0.0412396 9.9865E-05 9.9865E-05 9.9865E-05 9.9865E-05 9.9865E-05 0.946467 9.9865E-05 9.9865E-05 9.9865E-05 9.9865E-05 0.00930974 9.9865E-05 9.9865E-05 9.9865E-05
0.0388922 9.9883E-05 9.9883E-05 9.9883E-05 9.9883E-05 9.9883E-05 9.9883E-05 9.9883E-05 9.9883E-05 9.9883E-05 0.81752 0.0833323 9.9883E-05 0.00687952 9.9883E-05 0.0299026 9.9883E-05 9.9883E-05 0.0221746
0.00353101 0.110941 9.9892E-05 9.9892E-05 9.9892E-05 9.9892E-05 9.9892E-05 9.9892E-05 9.9892E-05 0.0246351 0.81912 9.9892E-05 9.9892E-05 0.00427017 9.9892E-05 9.9892E-05 0.0267784 0.00952595 9.9892E-05
9.991E-05 9.991E-05 9.991E-05 0.106505 9.991E-05 9.991E-05 9.991E-05 0.0285866 0.0070972 9.991E-05 0.656008 0.148859 9.991E-05 0.0110441 0.0132045 0.0233501 9.991E-05 9.991E-05 0.00434732
0.0648559 9.9901E-05 9.9901E-05 0.0514224 9.9901E-05 9.9901E-05 9.9901E-05 0.0149037 0.00565863 9.9901E-05 0.65149 9.9901E-05 0.204548 9.9901E-05 9.9901E-05 9.9901E-05 9.9901E-05 0.00417609 0.00184625
0.0463572 9.9892E-05 9.9892E-05 9.9892E-05 0.880016 9.9892E-05 0.0269133 9.9892E-05 0.00549214 9.9892E-05 9.9892E-05 9.9892E-05 0.012368 0.00983973 9.9892E-05 9.9892E-05 9.9892E-05 0.0178149 9.9892E-05
9.9883E-05 9.9883E-05 0.629572 9.9883E-05 0.227399 9.9883E-05 9.9883E-05 0.0109395 9.9883E-05 9.9883E-05 0.111824 9.9883E-05 9.9883E-05 0.0110258 0.00794136 9.9883E-05 9.9883E-05 9.9883E-05 9.9883E-05
0.0255312 9.9901E-05 0.630598 0.0335961 0.266033 9.9901E-05 9.9901E-05 0.0144956 9.9901E-05 9.9901E-05 9.9901E-05 9.9901E-05 9.9901E-05 9.9901E-05 0.0137827 0.0102082 9.9901E-05 9.9901E-05 0.00465638
9.98741E-05 9.98741E-05 9.98741E-05 0.141046 0.387043 9.98741E-05 9.98741E-05 9.98741E-05 9.98741E-05 9.98741E-05 9.98741E-05 9.98741E-05 9.98741E-05 9.98741E-05 9.98741E-05 0.0387295 0.411807 9.98741E-05 0.0199768
9.9901E-05 9.9901E-05 9.9901E-05 9.9901E-05 0.831155 0.00769384 0.00220139 0.0440728 9.9901E-05 0.00903001 9.9901E-05 0.0268429 9.9901E-05 9.9901E-05 0.0770454 9.9901E-05 9.9901E-05 9.9901E-05 0.00085941
9.991E-05 0.0269333 0.208771 9.991E-05 0.297178 9.991E-05 9.991E-05 0.0203374 0.0121062 0.0547404 0.0651868 9.991E-05 9.991E-05 0.00753076 9.991E-05 9.991E-05 0.306217 9.991E-05 9.991E-05
0.0485144 9.9892E-05 9.9892E-05 0.0575205 0.832641 0.0165729 9.9892E-05 9.9892E-05 9.9892E-05 9.9892E-05 9.9892E-05 9.9892E-05 9.9892E-05 0.0363489 0.00208296 9.9892E-05 9.9892E-05 0.00512027 9.9892E-05
9.98471E-05 9.98471E-05 0.985964 9.98471E-05 9.98471E-05 9.98471E-05 9.98471E-05 0.0123383 9.98471E-05 9.98471E-05 9.98471E-05 9.98471E-05 9.98471E-05 9.98471E-05 9.98471E-05 9.98471E-05 9.98471E-05 9.98471E-05 9.98471E-05
9.99009E-05 0.0816675 0.0640798 9.99009E-05 0.50454 9.99009E-05 0.00360174 9.99009E-05 0.0119448 9.99009E-05 9.99009E-05 0.290866 9.99009E-05 9.99009E-05 9.99009E-05 0.00205993 9.99009E-05 0.0401418 9.99009E-05
9.98741E-05 0.10489 9.98741E-05 9.98741E-05 0.792392 9.98741E-05 0.0115919 9.98741E-05 9.98741E-05 9.98741E-05 0.0840295 9.98741E-05 9.98741E-05 0.00569839 9.98741E-05 9.98741E-05 9.98741E-05 9.98741E-05 9.98741E-05
9.991E-05 0.000873696 9.991E-05 9.991E-05 0.858847 9.991E-05 9.991E-05 0.00837902 0.0302061 9.991E-05 9.991E-05 0.0161335 9.991E-05 9.991E-05 0.0345874 0.0207159 9.991E-05 0.0098377 0.0194209
9.9892E-05 0.142701 0.0361165 9.9892E-05 0.49321 9.9892E-05 9.9892E-05 0.00194286 0.015874 9.9892E-05 9.9892E-05 9.9892E-05 9.9892E-05 9.9892E-05 9.9892E-05 9.9892E-05 0.291239 9.9892E-05 0.0177177
9.9901E-05 9.9901E-05 0.66121 0.0259908 0.0991781 0.0439202 9.9901E-05 0.00840862 9.9901E-05 9.9901E-05 0.0714296 0.0665398 9.9901E-05 9.9901E-05 9.9901E-05 9.9901E-05 9.9901E-05 0.0222237 9.9901E-05
9.98829E-05 9.98829E-05 0.0722621 9.98829E-05 0.349557 0.0699698 9.98829E-05 9.98829E-05 9.98829E-05 9.98829E-05 9.98829E-05 0.377787 9.98829E-05 9.98829E-05 9.98829E-05 9.98829E-05 0.126218 0.00290729 9.98829E-05
0.043088 9.991E-05 0.515704 9.991E-05 9.991E-05 9.991E-05 0.000942586 9.991E-05 0.0345692 9.991E-05 9.991E-05 0.0326376 0.00550726 9.991E-05 9.991E-05 9.991E-05 0.323336 0.0085414 0.0346749
9.9892E-05 9.9892E-05 9.9892E-05 0.0222648 0.0821177 9.9892E-05 0.00550434 9.9892E-05 0.0169507 9.9892E-05 9.9892E-05 0.134967 9.9892E-05 9.9892E-05 9.9892E-05 9.9892E-05 0.735911 9.9892E-05 0.0010859
9.9847E-05 9.9847E-05 9.9847E-05 9.9847E-05 9.9847E-05 9.9847E-05 9.9847E-05 9.9847E-05 0.0138479 9.9847E-05 9.9847E-05 9.9847E-05 9.9847E-05 9.9847E-05 9.9847E-05 9.9847E-05 0.984455 9.9847E-05 9.9847E-05
9.9874E-05 0.0113992 9.9874E-05 9.9874E-05 9.9874E-05 9.9874E-05 9.9874E-05 9.9874E-05 9.9874E-05 9.9874E-05 9.9874E-05 0.0585116 9.9874E-05 0.00767755 9.9874E-05 0.00243461 0.918579 9.9874E-05 9.9874E-05
9.98381E-05 9.98381E-05 9.98381E-05 9.98381E-05 9.98381E-05 9.98381E-05 9.98381E-05 9.98381E-05 9.98381E-05 9.98381E-05 9.98381E-05 9.98381E-05 9.98381E-05 9.98381E-05 9.98381E-05 9.98381E-05 0.998203 9.98381E-05 9.98381E-05
9.98919E-05 9.98919E-05 0.416716 9.98919E-05 9.98919E-05 0.0185476 0.000846988 0.0240534 9.98919E-05 9.98919E-05 9.98919E-05 0.0487574 9.98919E-05 9.98919E-05 0.0103501 9.98919E-05 0.47953 9.98919E-05 9.98919E-05
9.9874E-05 9.9874E-05 9.9874E-05 9.9874E-05 9.9874E-05 9.9874E-05 0.0117696 9.9874E-05 9.9874E-05 9.9874E-05 9.9874E-05 0.161469 9.9874E-05 0.000400837 0.0338351 9.9874E-05 0.791128 9.9874E-05 9.9874E-05
9.9892E-05 9.9892E-05 9.9892E-05 0.056507 9.9892E-05 9.9892E-05 9.9892E-05 0.00379843 9.9892E-05 9.9892E-05 0.00261297 9.9892E-05 9.9892E-05 0.00448773 9.9892E-05 0.058085 0.855594 0.0177163 9.9892E-05
0.0252281 9.9928E-05 0.456869 9.9928E-05 0.262095 9.9928E-05 9.9928E-05 9.9928E-05 9.9928E-05 0.00049452 0.0320156 0.08054 9.9928E-05 0.00728558 0.00109108 0.00829307 0.0960184 0.0292701 9.9928E-05
9.9856E-05 9.9856E-05 0.599228 0.15115 0.248024 9.9856E-05 9.9856E-05 9.9856E-05 9.9856E-05 9.9856E-05 9.9856E-05 9.9856E-05 9.9856E-05 9.9856E-05 9.9856E-05 9.9856E-05 9.9856E-05 9.9856E-05 9.9856E-05
0.0213935 9.9865E-05 0.936964 9.9865E-05 9.9865E-05 9.9865E-05 9.9865E-05 9.9865E-05 9.9865E-05 9.9865E-05 9.9865E-05 0.0352878 9.9865E-05 0.00485659 9.9865E-05 9.9865E-05 9.9865E-05 9.9865E-05 9.9865E-05
9.9883E-05 9.9883E-05 9.9883E-05 9.9883E-05 0.629357 0.0482104 0.00785849 0.00947557 9.9883E-05 0.175924 9.9883E-05 9.9883E-05 9.9883E-05 9.9883E-05 9.9883E-05 9.9883E-05 0.127876 9.9883E-05 9.9883E-05
9.99099E-05 9.99099E-05 0.203474 9.99099E-05 0.571475 0.0541086 0.0196536 0.0288905 0.0167597 9.99099E-05 9.99099E-05 0.062381 9.99099E-05 9.99099E-05 0.00620166 9.99099E-05 9.99099E-05 0.0360568 9.99099E-05
9.9865E-05 9.9865E-05 0.861756 9.9865E-05 9.9865E-05 0.101442 9.9865E-05 9.9865E-05 0.0348903 0.000413585 9.9865E-05 9.9865E-05 9.9865E-05 9.9865E-05 9.9865E-05 9.9865E-05 9.9865E-05 9.9865E-05 9.9865E-05
9.9937E-05 0.0619237 0.355808 9.9937E-05 0.245209 9.9937E-05 9.9937E-05 0.0231926 0.00640629 9.9937E-05 0.0158804 0.0517545 9.9937E-05 0.00250607 9.9937E-05 0.060477 0.169971 0.00240541 0.00376732
0.0403772 0.0971039 9.98921E-05 9.98921E-05 0.783515 9.98921E-05 9.98921E-05 9.98921E-05 0.0270096 9.98921E-05 9.98921E-05 9.98921E-05 9.98921E-05 0.023608 9.98921E-05 0.0249548 9.98921E-05 0.00223309 9.98921E-05
9.9892E-05 9.9892E-05 9.9892E-05 0.105142 0.757109 0.00865387 9.9892E-05 9.9892E-05 0.0409848 9.9892E-05 9.9892E-05 9.9892E-05 9.9892E-05 0.00312342 9.9892E-05 9.9892E-05 0.0683045 0.0154839 9.9892E-05
0.0176054 0.0685951 9.9928E-05 9.9928E-05 0.64436 0.0922257 0.000975375 0.0128897 9.9928E-05 0.054944 9.9928E-05 0.023709 9.9928E-05 0.0171 9.9928E-05 9.9928E-05 0.0306687 9.9928E-05 0.0361281
0.100304 0.070828 0.0585975 0.00770233 0.566399 9.9901E-05 9.9901E-05 9.9901E-05 9.9901E-05 0.0557842 9.9901E-05 9.9901E-05 9.9901E-05 9.9901E-05 9.9901E-05 0.0530248 0.0862608 9.9901E-05 9.9901E-05
0.00587947 9.9874E-05 0.953865 9.9874E-05 9.9874E-05 9.9874E-05 9.9874E-05 0.00266162 9.9874E-05 9.9874E-05 9.9874E-05 9.9874E-05 9.9874E-05 0.0228655 9.9874E-05 9.9874E-05 9.9874E-05 0.0133304 9.9874E-05
9.9874E-05 9.9874E-05 9.9874E-05 9.9874E-05 0.905513 9.9874E-05 0.0267302 0.0356545 9.9874E-05 0.0235851 9.9874E-05 9.9874E-05 9.9874E-05 9.9874E-05 9.9874E-05 9.9874E-05 9.9874E-05 0.00711866 9.9874E-05
9.98831E-05 9.98831E-05 9.98831E-05 9.98831E-05 0.0623841 0.898147 0.0085818 9.98831E-05 0.0117874 9.98831E-05 9.98831E-05 9.98831E-05 9.98831E-05 9.98831E-05 0.0160821 9.98831E-05 9.98831E-05 9.98831E-05 0.00171862
9.9865E-05 9.9865E-05 9.9865E-05 9.9865E-05 9.9865E-05 0.928912 0.0219928 9.9865E-05 9.9865E-05 9.9865E-05 9.9865E-05 0.0331418 9.9865E-05 0.0144549 9.9865E-05 9.9865E-05 9.9865E-05 9.9865E-05 9.9865E-05
9.9865E-05 9.9865E-05 9.9865E-05 9.9865E-05 9.9865E-05 0.748166 9.9865E-05 9.9865E-05 0.00501429 9.9865E-05 9.9865E-05 0.233937 9.9865E-05 9.9865E-05 9.9865E-05 9.9865E-05 9.9865E-05 0.0113846 9.9865E-05
9.991E-05 9.991E-05 0.0757679 0.0269577 9.991E-05 0.724185 9.991E-05 0.00108805 0.00977585 9.991E-05 9.991E-05 0.130798 9.991E-05 0.00415449 9.991E-05 9.991E-05 9.991E-05 0.00944275 0.0168317
9.9892E-05 9.9892E-05 9.9892E-05 0.0623455 9.9892E-05 0.749359 9.9892E-05 9.9892E-05 9.9892E-05 9.9892E-05 9.9892E-05 0.0840939 9.9892E-05 9.9892E-05 9.9892E-05 0.044943 0.0477146 0.00165735 0.00868827
9.9874E-05 9.9874E-05 9.9874E-05 0.04532 9.9874E-05 0.92761 9.9874E-05 0.0108954 9.9874E-05 9.9874E-05 9.9874E-05 9.9874E-05 9.9874E-05 9.9874E-05 0.0126778 9.9874E-05 9.9874E-05 0.00209828 9.9874E-05
9.98381E-05 9.98381E-05 9.98381E-05 9.98381E-05 9.98381E-05 0.998203 9.98381E-05 9.98381E-05 9.98381E-05 9.98381E-05 9.98381E-05 9.98381E-05 9.98381E-05 9.98381E-05 9.98381E-05 9.98381E-05 9.98381E-05 9.98381E-05 9.98381E-05
0.0581186 9.9874E-05 9.9874E-05 9.9874E-05 9.9874E-05 0.788918 9.9874E-05 9.9874E-05 9.9874E-05 0.13573 9.9874E-05 9.9874E-05 9.9874E-05 9.9874E-05 9.9874E-05 0.00660142 9.9874E-05 9.9874E-05 0.00923384
