9.9982E-05 9.9982E-05 0.0764668 0.218643 0.70469
9.9973E-05 0.187494 9.9973E-05 9.9973E-05 0.812206
9.9973E-05 9.9973E-05 9.9973E-05 0.538598 0.461102
0.0453744 0.954326 9.997E-05 9.997E-05 9.997E-05
9.9982E-05 0.00976298 0.397963 0.592074 9.9982E-05
0.868176 9.9982E-05 9.9982E-05 0.0832307 0.0483936
9.9982E-05 0.161707 0.0579081 0.780185 9.9982E-05
9.9982E-05 0.0209923 9.9982E-05 0.0404293 0.938378
0.798279 9.99731E-05 0.201421 9.99731E-05 9.99731E-05
9.99731E-05 9.99731E-05 0.304439 0.695261 9.99731E-05
9.997E-05 9.997E-05 9.997E-05 0.9996 9.997E-05
0.0447423 9.9973E-05 9.9973E-05 9.9973E-05 0.954958
9.9982E-05 9.9982E-05 0.533593 0.449009 0.0171976
9.99731E-05 0.24792 9.99731E-05 0.75178 9.99731E-05
9.9973E-05 9.9973E-05 0.583357 0.416344 9.9973E-05
0.179996 9.99821E-05 0.803971 9.99821E-05 0.0158326
9.99731E-05 0.31305 9.99731E-05 9.99731E-05 0.686651
0.302385 9.9982E-05 0.39264 0.304775 9.9982E-05
0.891645 0.0638487 9.9982E-05 9.9982E-05 0.0443063
0.154594 0.0335556 0.81165 9.9982E-05 9.9982E-05
0.271635 0.0581599 0.670005 9.9982E-05 9.9982E-05
0.646175 9.9982E-05 0.271705 9.9982E-05 0.0819204
0.0755455 9.9982E-05 0.891135 9.9982E-05 0.0331192
9.9982E-05 0.849346 0.138215 0.0122393 9.9982E-05
0.0262091 0.115477 9.9982E-05 0.858114 9.9982E-05
9.997E-05 9.997E-05 0.838154 0.161546 9.997E-05
9.997E-05 0.9996 9.997E-05 9.997E-05 9.997E-05
0.454479 0.145975 0.215256 0.184189 9.9991E-05
9.997E-05 9.997E-05 9.997E-05 9.997E-05 0.9996
0.703432 0.103668 9.99821E-05 9.99821E-05 0.1927
9.99731E-05 9.99731E-05 9.99731E-05 0.963885 0.0358155
9.997E-05 9.997E-05 9.997E-05 0.9996 9.997E-05
9.9973E-05 9.9973E-05 0.110253 0.889447 9.9973E-05
0.796503 0.183799 9.9982E-05 0.0194983 9.9982E-05
9.9973E-05 0.796523 9.9973E-05 9.9973E-05 0.203177
0.369596 9.99731E-05 0.630104 9.99731E-05 9.99731E-05
0.934774 9.99731E-05 0.0649261 9.99731E-05 9.99731E-05
0.897297 0.0113077 9.9991E-05 0.0750483 0.0162473
0.0987253 9.9991E-05 0.0151681 0.74785 0.138157
0.736054 0.263646 9.99731E-05 9.99731E-05 9.99731E-05
0.6194 9.9973E-05 9.9973E-05 9.9973E-05 0.3803
0.169367 9.9973E-05 9.9973E-05 9.9973E-05 0.830333
0.0809824 9.99731E-05 0.918718 9.99731E-05 9.99731E-05
9.9982E-05 0.0150932 9.9982E-05 0.900005 0.0847018
9.99731E-05 9.99731E-05 0.846412 0.153288 9.99731E-05
9.9982E-05 0.18502 0.00652571 9.9982E-05 0.808254
0.453727 9.99731E-05 0.545973 9.99731E-05 9.99731E-05
0.905402 9.99731E-05 0.0942978 9.99731E-05 9.99731E-05
9.99821E-05 0.162768 0.771687 0.0653453 9.99821E-05
0.495295 9.998E-05 0.493413 0.0110919 9.998E-05
