0.0270155 0.972485 9.9955E-05 9.9955E-05 9.9955E-05 9.9955E-05 9.9955E-05
9.9982E-05 0.68206 9.9982E-05 0.0322793 0.0264349 0.12003 0.138996
9.9973E-05 0.813469 0.0475587 9.9973E-05 9.9973E-05 0.0715841 0.067088
9.9973E-05 0.836331 0.0261686 0.0240356 9.9973E-05 0.113165 9.9973E-05
0.0415934 0.794318 0.0502812 0.0226636 0.0496306 0.0414128 9.9991E-05
9.9964E-05 0.880893 9.9964E-05 0.0584552 9.9964E-05 0.0602523 9.9964E-05
9.9964E-05 0.919805 9.9964E-05 9.9964E-05 0.0307436 0.0490516 9.9964E-05
9.9973E-05 0.828978 0.016456 0.0599036 9.9973E-05 0.0943623 9.9973E-05
9.9973E-05 0.820045 9.9973E-05 9.9973E-05 0.015721 0.117144 0.0467899
9.9982E-05 0.864297 0.0635136 9.9982E-05 0.00625523 0.0493726 0.0163616
9.999E-05 0.791564 0.0796209 0.0637598 0.00579468 0.0345404 0.0246204
0.00780868 0.793689 0.134719 0.0248575 9.9982E-05 0.0387259 9.9982E-05
0.0979346 0.793255 9.9991E-05 0.00469596 0.00204741 0.0331768 0.0687899
9.999E-05 0.720054 0.103813 0.00537665 0.0341726 0.127952 0.00853186
0.0116762 0.821152 0.0945017 9.9982E-05 9.9982E-05 0.022874 0.0495965
9.9973E-05 0.840232 0.05922 0.0207197 9.9973E-05 0.0795286 9.9973E-05
9.9955E-05 0.925237 9.9955E-05 0.074263 9.9955E-05 9.9955E-05 9.9955E-05
0.0360775 0.935119 9.9964E-05 0.0284033 9.9964E-05 9.9964E-05 9.9964E-05
0.0495721 0.949928 9.9955E-05 9.9955E-05 9.9955E-05 9.9955E-05 9.9955E-05
0.0083053 0.900336 0.0543741 0.0331802 0.00360412 9.9982E-05 9.9982E-05
9.995E-05 9.995E-05 0.9994 9.995E-05 9.995E-05 9.995E-05 9.995E-05
0.0979434 0.053658 0.69823 9.9991E-05 0.0210795 0.0293582 0.0996304
0.145576 0.0675212 0.715322 9.9982E-05 0.0138038 0.0575765 9.9982E-05
0.170587 9.9982E-05 0.748505 0.0634524 0.014924 0.00233172 9.9982E-05
9.9964E-05 9.9964E-05 0.932299 9.9964E-05 0.00859014 9.9964E-05 0.0587114
0.105099 0.00705787 0.833217 9.9973E-05 9.9973E-05 9.9973E-05 0.0543257
0.142213 9.9982E-05 0.622208 9.9982E-05 0.0110068 0.111114 0.113259
9.995E-05 9.995E-05 0.9994 9.995E-05 9.995E-05 9.995E-05 9.995E-05
9.9982E-05 0.016545 0.7021 9.9982E-05 0.0270522 0.123033 0.13107
0.0456459 9.9991E-05 0.637081 0.080137 0.0386473 0.0783987 0.11999
9.9964E-05 9.9964E-05 0.714147 9.9964E-05 9.9964E-05 0.125975 0.159478
0.10113 0.000360413 0.72538 0.0663409 9.9991E-05 0.097224 0.00946475
0.0360322 0.0279685 0.758849 0.0259058 0.0379363 0.0939283 0.0193804
0.0223793 9.9991E-05 0.635145 0.0460123 0.0442592 0.140978 0.111126
0.0158591 0.0400076 0.526014 0.0223159 0.0438815 0.152515 0.199406
9.9982E-05 0.0834429 0.411347 0.0893186 9.9982E-05 0.177232 0.238459
0.186974 9.9982E-05 0.679365 0.0309257 0.0146472 9.9982E-05 0.0878877
0.735524 9.9982E-05 0.10685 0.0240386 9.9982E-05 0.031737 0.101651
0.685605 9.9982E-05 9.9982E-05 0.0749326 0.105168 0.114034 0.0200596
0.720054 0.0280571 0.0549232 0.118969 0.027976 0.0352915 0.0147291
0.801675 9.9991E-05 0.0485125 0.0291654 0.0281067 0.0453401 0.0471005
0.763617 0.050434 0.0609458 0.0966034 0.0281994 9.9982E-05 9.9982E-05
0.867252 9.9982E-05 9.9982E-05 0.0679825 0.0175907 0.0457311 0.00124384
0.605664 0.0766643 0.00322989 9.9991E-05 0.0516829 0.228932 0.0337275
0.752876 9.9982E-05 0.0570789 0.0464625 0.084291 0.0590918 9.9982E-05
0.636342 0.0510123 0.0798702 9.9991E-05 0.0326884 0.16794 0.0320474
0.762946 9.9982E-05 0.0142614 0.136411 0.0631274 9.9982E-05 0.0230549
0.889298 0.023926 9.9982E-05 0.0338141 0.0149592 9.9982E-05 0.037803
0.898861 9.9973E-05 0.0310164 0.0571547 0.0126683 9.9973E-05 9.9973E-05
0.850429 0.00600275 9.9982E-05 0.0718724 0.0212147 0.0502817 9.9982E-05
0.826743 9.9982E-05 0.0157529 0.0854253 9.9982E-05 0.0449601 0.0269185
0.848851 9.9973E-05 0.0147636 0.0825549 9.9973E-05 0.0535309 9.9973E-05
0.804615 0.00995076 9.9973E-05 0.106971 0.0781631 9.9973E-05 9.9973E-05
0.807326 0.088606 0.0130009 0.0907674 9.9973E-05 9.9973E-05 9.9973E-05
0.832012 9.9991E-05 0.0189457 0.0730796 0.0189218 0.0502968 0.00664427
0.715583 0.0301074 0.0953596 0.0378173 9.9991E-05 0.0786985 0.0423345
0.793579 0.0538106 0.0709893 9.9982E-05 0.0629302 0.0184911 9.9982E-05
0.109084 0.0533957 0.00954603 0.0909764 0.0633677 0.0896512 0.583979
9.9964E-05 0.0664613 9.9964E-05 9.9964E-05 0.061244 9.9964E-05 0.871895
0.0886761 0.0609417 0.00782172 0.0800381 0.16342 0.00855314 0.590549
0.169453 0.071026 0.0104057 0.113888 0.164552 9.9991E-05 0.470576
9.9973E-05 9.9973E-05 9.9973E-05 0.0781025 0.1588 0.00819542 0.754603
0.127003 0.00867957 0.00694777 0.136264 0.133839 9.9991E-05 0.587167
9.9955E-05 9.9955E-05 9.9955E-05 0.983251 0.0162488 9.9955E-05 9.9955E-05
0.0108587 9.9964E-05 9.9964E-05 9.9964E-05 0.117229 9.9964E-05 0.871513
0.0581187 0.134988 9.9991E-05 0.121879 0.0928238 0.101471 0.490619
0.0300738 0.0682208 0.130946 0.209582 0.101511 0.0427316 0.416935
0.0253473 0.0531911 9.9991E-05 0.165278 0.12362 0.0107861 0.621678
9.9982E-05 0.0268256 0.0969218 0.173008 0.146354 9.9982E-05 0.556691
9.9982E-05 0.0762926 0.0691381 0.137404 0.189462 9.9982E-05 0.527503
0.0230609 0.0160552 9.9991E-05 0.181776 0.115473 0.0259994 0.637536
0.0739125 9.9973E-05 9.9973E-05 0.152838 0.0713083 9.9973E-05 0.701641
0.0422017 9.9982E-05 0.0747943 0.0545998 0.187382 9.9982E-05 0.640823
0.0433649 9.9991E-05 0.0807842 0.035945 0.14656 0.0745861 0.618659
0.280359 9.9982E-05 0.102868 0.136566 0.0459332 9.9982E-05 0.434073
0.234221 0.0761643 0.0232338 0.123215 0.0794296 9.9991E-05 0.463635
0.523299 0.0705851 9.9982E-05 0.0253501 0.0683208 9.9982E-05 0.312245
9.9964E-05 9.9964E-05 0.00644775 0.991642 0.00151067 9.9964E-05 9.9964E-05
0.167373 0.0653688 0.0740244 0.171028 0.18083 9.9991E-05 0.341275
0.124738 9.9991E-05 0.0316019 0.174437 0.189345 0.0130341 0.466744
0.119412 0.0668977 0.0677959 0.0844412 0.105252 9.9991E-05 0.556101
0.00472386 0.106768 0.0250255 0.114423 0.115524 0.0180175 0.615518
0.058706 0.0964855 9.9982E-05 0.115946 0.121758 9.9982E-05 0.606905
0.271177 0.00330575 0.057709 0.0929665 0.229413 0.174153 0.171276
0.157317 0.0312788 9.9982E-05 0.156433 0.0624092 0.592362 9.9982E-05
0.264478 0.0232837 0.00389214 0.0328402 0.0411142 0.125826 0.508565
0.109485 0.017986 9.9991E-05 0.12357 0.127743 0.0473575 0.573758
0.100668 0.00300964 9.9991E-05 0.0964439 0.0555885 0.165215 0.578975
0.157016 0.00443138 0.000708451 9.9991E-05 0.156493 0.0754328 0.605819
9.9964E-05 9.9964E-05 0.0744519 9.9964E-05 0.757087 9.9964E-05 0.168062
0.0860402 0.0340377 0.0311018 0.217923 0.150172 9.9991E-05 0.480625
0.090251 9.9982E-05 9.9982E-05 0.194361 0.129994 0.0199776 0.565216
0.00159045 0.0781152 0.0971308 0.0693199 0.125348 0.109544 0.518952
0.124234 0.0802997 0.109857 0.154782 0.117246 0.0474243 0.366156
9.9991E-05 0.0761508 0.0416973 0.112401 0.149071 0.0699948 0.550584
9.9991E-05 0.100384 0.0697975 0.0828938 0.097176 0.0924644 0.557184
0.0920015 0.0284122 9.9991E-05 0.196462 0.129997 0.164862 0.388164
0.170405 0.0949051 9.9982E-05 0.154779 0.10611 9.9982E-05 0.4736
0.0548197 0.0201056 0.0574615 0.0859109 0.103434 9.9991E-05 0.678168
0.0981691 0.0166591 9.9982E-05 0.163842 0.137084 9.9982E-05 0.584045
0.0235226 0.0392837 0.139436 0.0701689 0.137496 9.9991E-05 0.589993
9.9982E-05 0.0429914 9.9982E-05 0.146643 0.222009 0.12024 0.467917
0.0549674 0.0284444 0.0380362 0.0997215 0.136288 0.031332 0.611211
9.995E-05 9.995E-05 9.995E-05 9.995E-05 0.9994 9.995E-05 9.995E-05
9.9991E-05 0.0760401 0.0182867 0.0908749 0.15324 0.0676574 0.593801
9.9991E-05 0.0438916 0.0294167 0.107892 0.153171 0.0146595 0.65087
9.9982E-05 0.0579744 9.9982E-05 0.205648 0.176033 0.0560279 0.504117
0.134569 0.0070514 9.9991E-05 0.144661 0.124733 0.0241101 0.564776
0.0819129 0.086271 0.00699379 0.11538 0.0833913 9.9991E-05 0.625951
0.0703197 0.0724205 0.0839808 0.0772079 0.0947418 9.9991E-05 0.601229
9.995E-05 9.995E-05 9.995E-05 0.9994 9.995E-05 9.995E-05 9.995E-05
9.995E-05 9.995E-05 9.995E-05 9.995E-05 0.9994 9.995E-05 9.995E-05
9.995E-05 9.995E-05 9.995E-05 0.9994 9.995E-05 9.995E-05 9.995E-05
0.0185151 0.0188632 9.9991E-05 0.178491 0.144307 0.0839329 0.555791
9.9991E-05 0.0713924 0.0709153 0.156436 0.210474 0.0640805 0.426602
9.9991E-05 0.113821 0.118644 0.0858683 0.149283 0.021865 0.51042
0.0306226 0.0703185 0.0347891 0.177973 0.172586 9.9991E-05 0.51361
0.00169599 0.0522678 0.0629068 0.211041 0.120712 9.9991E-05 0.551277
0.0397363 0.0544437 0.0166603 9.9991E-05 0.69685 0.031041 0.161169
0.191582 0.107236 9.9991E-05 0.0799172 0.188754 0.0371209 0.39529
9.9982E-05 0.0198434 0.15488 9.9982E-05 0.0466835 0.132435 0.645958
0.0300031 9.9991E-05 0.04459 0.022888 0.102942 0.245819 0.553657
9.9991E-05 0.01597 0.285845 0.0722938 0.122939 0.045996 0.456856
9.9982E-05 0.00365243 0.204249 9.9982E-05 0.106512 0.138972 0.546414
0.011526 0.00933121 0.2129 0.0371524 0.158967 0.181278 0.388845
9.9991E-05 0.0063199 0.204127 0.0106385 0.141656 0.229075 0.408083
0.0777759 0.00973089 0.16846 0.0206686 0.102775 0.224719 0.395871
9.9982E-05 0.0676186 0.214257 9.9982E-05 0.102933 0.0779246 0.537067
0.0794452 9.9991E-05 0.140576 0.0135304 0.130029 0.184048 0.452272
0.0622095 9.9991E-05 0.149042 0.0647702 0.0988775 0.11068 0.514321
0.0744049 0.011128 0.187328 0.00839883 0.0810657 0.117549 0.520125
0.0357799 0.0411936 0.0724911 0.0366061 0.07401 0.737157 0.00276178
0.070602 9.9982E-05 0.0428431 9.9982E-05 0.0817025 0.771081 0.0335716
0.128022 0.0560247 0.0233965 9.9991E-05 0.0499168 0.68218 0.0603603
0.16566 0.0293386 0.00774679 0.0198829 9.9982E-05 0.777172 9.9982E-05
0.159714 0.0477258 0.0592449 0.0241678 0.0224172 0.665219 0.0215116
0.0144875 0.071579 0.0828218 0.0856187 0.0571273 0.688266 9.9991E-05
0.16055 9.9973E-05 0.0865705 9.9973E-05 0.0701459 0.682433 9.9973E-05
0.00304467 0.000826777 0.122652 0.0519047 0.0550733 0.766399 9.9991E-05
0.13946 0.076823 0.00228599 0.0822933 0.0904472 0.57679 0.0319009
0.192722 9.9982E-05 0.021472 9.9982E-05 0.0567742 0.726949 0.0018831
0.148308 0.0158031 0.0377218 0.0335033 0.0062391 0.758325 9.9991E-05
0.0563019 0.0479041 9.9991E-05 0.0388504 0.000147554 0.804132 0.0525637
0.189976 0.0418474 0.0375018 0.0082828 0.0188722 0.6218 0.0817198
0.210326 9.9982E-05 9.9982E-05 0.0542261 0.0611165 0.550093 0.124038
9.9982E-05 0.108694 0.025633 9.9982E-05 0.0778172 0.698221 0.0894348
9.9991E-05 0.0711884 0.0076765 0.0384144 0.0535258 0.792873 0.0362218
0.0718338 0.0348974 9.9991E-05 0.0271021 0.0277206 0.81215 0.0261961
0.0144906 0.0571126 9.9991E-05 0.0139242 0.0526654 0.800712 0.0609951
0.00333872 0.0701052 0.118377 0.0305201 0.0605862 0.716972 9.9991E-05
0.120697 0.019353 0.0587391 0.0766227 0.0127008 0.711788 9.9991E-05
9.9982E-05 0.0700432 0.0616898 0.0878781 0.0662982 0.713891 9.9982E-05
0.0221372 9.9991E-05 0.0765651 0.0564866 0.0799372 0.762261 0.00251276
0.0244665 0.0155807 0.0752455 0.0412961 0.0824386 0.727963 0.0330094
0.0328048 0.0486202 0.0265099 0.0255103 0.0731049 0.76869 0.0247599
9.9973E-05 0.0565771 0.0814455 9.9973E-05 0.138106 0.723571 9.9973E-05
0.0349044 0.00689797 0.103776 9.9991E-05 0.0219797 0.742843 0.0894989
9.9982E-05 0.0668145 0.0660377 0.0976127 0.0502018 0.719133 9.9982E-05
0.0928104 0.0478311 9.9991E-05 0.0089074 0.026622 0.673515 0.150214
9.9991E-05 0.041511 0.0252566 0.0881907 0.0102256 0.752998 0.081718
0.0596081 0.00732693 0.04327 0.0449364 0.0753092 0.769449 9.9991E-05
0.0817509 9.9982E-05 0.0156578 0.0554191 0.0777828 0.769189 9.9982E-05
0.097838 0.0751358 0.00788824 9.9991E-05 0.0653249 0.694706 0.0590072
0.146215 9.9982E-05 0.0361189 9.9982E-05 0.0368451 0.712513 0.0681083
9.9973E-05 9.9973E-05 0.0470644 0.0908773 0.0673276 0.794431 9.9973E-05
9.9982E-05 0.00847342 0.0815494 0.0299874 0.0825205 0.797269 9.9982E-05
0.740473 0.0604797 0.0275504 0.0104663 0.0107167 0.131432 0.0188821
0.576093 0.0579811 0.109321 0.0230876 0.076488 0.15693 9.9991E-05
0.614936 0.156833 0.0593648 0.00130846 0.0497909 0.117666 9.9991E-05
0.678046 0.0863187 9.9991E-05 0.0214985 0.0263488 0.148827 0.0388606
0.666882 0.111855 0.0545067 0.0514447 0.00901834 0.0647293 0.0415636
0.812454 9.9982E-05 0.109537 0.0523871 0.000887442 0.0245347 9.9982E-05
0.862059 0.0218333 0.0696522 9.9982E-05 0.0157252 0.0305299 9.9982E-05
0.632789 0.114029 0.177119 9.9973E-05 9.9973E-05 9.9973E-05 0.0757635
