9.9964E-05 9.9964E-05 0.0238756 0.0104705 9.9964E-05 9.9964E-05 0.965254
0.00982674 0.0706571 9.9991E-05 0.0668629 0.0883695 0.0179391 0.746245
9.9973E-05 0.0814368 9.9973E-05 9.9973E-05 0.0715928 0.0555203 0.79115
0.0462833 0.0406793 9.9982E-05 9.9982E-05 0.0229996 0.0750728 0.814765
0.052051 0.0547001 0.0259984 0.00368992 0.0845853 9.9991E-05 0.778875
9.9973E-05 0.0373424 9.9973E-05 0.0685261 9.9973E-05 0.0104253 0.883406
0.0172404 0.0560256 9.9964E-05 9.9964E-05 9.9964E-05 9.9964E-05 0.926334
0.00937389 0.03566 0.0353206 0.0404992 0.0299554 9.9991E-05 0.849091
9.9982E-05 0.165098 0.00222447 9.9982E-05 0.00779889 0.0191035 0.805575
0.0131514 0.084165 9.9982E-05 0.0148221 9.9982E-05 0.0600375 0.827624
9.9973E-05 0.0870718 9.9973E-05 0.135515 9.9973E-05 0.0337063 0.743407
0.0352424 0.0130027 0.0208224 9.9991E-05 0.0158725 0.107837 0.807123
0.0292627 0.0795126 0.0629063 0.0324552 9.9991E-05 0.0271957 0.768568
0.00906413 0.143933 0.0375945 9.9991E-05 0.00289222 0.0938554 0.71256
9.9973E-05 0.0343398 9.9973E-05 9.9973E-05 0.0678788 0.0485941 0.848887
9.9973E-05 0.101358 9.9973E-05 0.0353531 9.9973E-05 0.00903953 0.85395
0.0154764 9.9964E-05 9.9964E-05 0.0514368 9.9964E-05 9.9964E-05 0.932687
9.9955E-05 9.9955E-05 0.0172558 9.9955E-05 9.9955E-05 9.9955E-05 0.982244
0.00350812 9.9964E-05 0.0215749 9.9964E-05 9.9964E-05 9.9964E-05 0.974517
0.0263389 9.9973E-05 9.9973E-05 0.039578 9.9973E-05 0.0282643 0.905519
9.995E-05 9.995E-05 9.995E-05 9.995E-05 9.995E-05 0.9994 9.995E-05
0.048477 0.0589062 0.0779207 0.0165471 9.9991E-05 0.736852 0.0611968
9.9973E-05 9.9973E-05 0.131588 9.9973E-05 0.0888145 0.698997 0.0803004
0.0479374 9.9964E-05 0.150511 9.9964E-05 9.9964E-05 0.801152 9.9964E-05
9.9955E-05 9.9955E-05 9.9955E-05 9.9955E-05 0.085586 0.913914 9.9955E-05
9.9982E-05 9.9982E-05 0.0109803 0.0210493 0.014819 0.885265 0.0676868
0.00117592 0.00935479 0.127568 9.9982E-05 0.114517 0.747184 9.9982E-05
9.995E-05 9.995E-05 9.995E-05 9.995E-05 9.995E-05 0.9994 9.995E-05
0.0174618 0.0872829 9.9973E-05 9.9973E-05 0.155126 0.739829 9.9973E-05
0.0221217 0.0841371 0.0393723 0.0581238 0.164116 0.629996 0.00213295
9.9964E-05 0.141309 9.9964E-05 9.9964E-05 0.126097 0.732194 9.9964E-05
9.9973E-05 0.0112254 0.143993 0.0718406 9.9973E-05 0.772641 9.9973E-05
9.9982E-05 0.039997 0.0765905 9.9982E-05 0.114129 0.70093 0.0681539
0.0219165 0.116893 9.9982E-05 0.0502254 0.138444 0.672321 9.9982E-05
0.0617968 0.000584723 0.00109129 0.0594822 0.217948 0.608118 0.0509788
0.000366106 0.203314 0.00286533 0.0458529 0.240466 0.416258 0.0908777
0.0275411 0.0414755 0.130286 0.0358016 0.147992 0.615557 0.00134671
0.0333478 0.082147 0.751426 0.0161683 0.0955631 0.0212478 9.9991E-05
0.0548852 0.0351328 0.762067 0.0760407 0.0716745 9.9982E-05 9.9982E-05
0.0378117 0.0179691 0.768235 0.0412907 0.10404 0.0149482 0.0157055
0.0329246 0.0507634 0.802869 0.00196983 0.0641462 0.0472268 9.9991E-05
0.0650353 9.9973E-05 0.803081 0.0924187 9.9973E-05 9.9973E-05 0.0391648
0.0647084 0.0803948 0.765183 0.0439524 0.0455613 9.9982E-05 9.9982E-05
0.0398818 0.156727 0.652623 0.0683877 9.9982E-05 9.9982E-05 0.0821811
0.0718991 0.0279272 0.810259 0.0539749 0.0301197 0.00176427 0.00405589
0.0910507 0.104758 0.757443 9.9973E-05 9.9973E-05 9.9973E-05 0.0464485
0.0443373 0.0318483 0.838846 0.0846683 9.9973E-05 9.9973E-05 9.9973E-05
0.0514202 0.000577158 0.867921 0.0457822 0.0132163 9.9991E-05 0.0209829
0.0288984 9.9982E-05 0.874476 0.0466495 9.9982E-05 0.0298743 0.0199015
9.9991E-05 0.0215604 0.753493 0.0488396 0.0723854 0.0794567 0.0241644
0.00841641 9.9973E-05 0.887154 0.0690443 9.9973E-05 0.0350858 9.9973E-05
9.9982E-05 0.0215382 0.848892 0.0833663 9.9982E-05 0.0343534 0.0116496
0.122704 0.00141327 0.795843 0.0482132 9.9982E-05 9.9982E-05 0.0316269
0.0699585 9.9982E-05 0.791762 0.0399269 9.9982E-05 0.00928443 0.0888683
0.0340262 9.9973E-05 0.842727 0.105166 0.0177811 9.9973E-05 9.9973E-05
0.0686854 0.0989403 0.70604 0.012173 0.0366978 0.0548031 0.0226605
0.127904 0.0126018 0.728218 0.0159689 9.9991E-05 0.0457262 0.0694813
0.068321 0.0296143 0.192467 0.0823709 0.534773 0.0628346 0.0296199
0.0875852 9.9973E-05 9.9973E-05 0.00118236 0.886038 9.9973E-05 0.024895
0.160772 0.121369 9.9991E-05 0.111361 0.51972 0.0266567 0.0600231
0.194296 0.0118551 0.0825778 0.120905 0.558697 9.9991E-05 0.0315691
0.125687 0.0196725 9.9973E-05 0.125674 0.728667 9.9973E-05 9.9973E-05
0.103915 9.9991E-05 0.115501 0.161186 0.577191 0.0391876 0.0029202
9.995E-05 9.995E-05 9.995E-05 0.9994 9.995E-05 9.995E-05 9.995E-05
0.105341 9.9973E-05 0.0106557 0.0332023 0.850501 9.9973E-05 9.9973E-05
0.106997 0.0979796 0.0053457 0.110459 0.531101 9.9991E-05 0.148018
0.0799972 9.9991E-05 0.0611326 0.166225 0.478371 0.151007 0.0631673
0.123348 9.9982E-05 0.033192 0.177586 0.645125 9.9982E-05 0.0205496
0.152293 9.9973E-05 9.9973E-05 0.188698 0.612386 0.0463233 9.9973E-05
0.127753 0.0418229 9.9991E-05 0.226887 0.428007 0.0845747 0.0908545
0.114535 9.9973E-05 9.9973E-05 0.146302 0.712328 9.9973E-05 0.0265342
0.113682 0.0140343 9.9982E-05 0.219014 0.650727 0.00234276 9.9982E-05
0.148569 9.9982E-05 0.0360603 0.184465 0.583528 0.0471782 9.9982E-05
0.162804 0.147138 9.9991E-05 0.0146171 0.607221 0.0660935 0.00202664
0.0325319 9.9982E-05 0.29056 0.168926 0.39166 0.116122 9.9982E-05
0.0800943 0.0233377 0.21872 0.106943 0.480809 9.9991E-05 0.0899963
0.0708172 9.9982E-05 0.493325 0.0669305 0.305948 9.9982E-05 0.0627794
0.0103837 9.99549E-05 9.99549E-05 0.989116 9.99549E-05 9.99549E-05 9.99549E-05
0.103392 9.9991E-05 0.229604 0.137448 0.40922 0.064604 0.0556313
0.128187 0.0323996 0.0687462 0.23104 0.539427 9.9982E-05 9.9982E-05
0.0519342 0.00142344 0.134429 0.184596 0.53673 0.0566556 0.0342324
0.0965528 0.0841147 9.9982E-05 0.13938 0.623336 9.9982E-05 0.0564161
0.122806 9.9982E-05 0.047941 0.234278 0.495045 9.9982E-05 0.0997296
0.170439 0.196738 0.27901 0.155507 0.118326 0.0354917 0.0444878
0.0297655 0.600358 0.180524 0.105769 0.0833831 9.9982E-05 9.9982E-05
0.0638263 0.13587 0.185455 0.011643 0.570795 0.0196618 0.0127484
0.0872761 0.0301913 0.0994428 0.140091 0.606938 9.9991E-05 0.0359602
0.0335431 0.0880941 0.118792 0.126506 0.619074 9.9991E-05 0.0138908
0.141586 0.0512675 0.0605874 0.0445656 0.676137 9.9991E-05 0.0257569
0.829981 9.9973E-05 0.0284882 9.9973E-05 0.0931498 0.0480812 9.9973E-05
0.116167 9.9982E-05 0.121394 0.208636 0.482649 9.9982E-05 0.0709551
0.0761509 0.0249986 0.0727601 0.273462 0.552428 9.9982E-05 9.9982E-05
0.129189 0.112269 0.0298981 0.0899347 0.473585 0.06633 0.0987953
0.0939774 0.144923 0.0012351 0.154711 0.442582 0.0693927 0.0931792
0.0903142 0.169727 9.9982E-05 0.186608 0.492776 9.9982E-05 0.0603753
0.089081 0.114217 9.9991E-05 0.100176 0.56269 0.0570228 0.0767129
0.11007 0.213075 0.0212824 0.131729 0.43584 0.0320612 0.0559417
0.0847215 9.9982E-05 0.163654 0.222094 0.462045 9.9982E-05 0.0672858
0.089727 9.9991E-05 0.008664 0.159825 0.685448 0.0249271 0.0313082
0.129881 9.9982E-05 0.120892 0.144784 0.572522 9.9982E-05 0.0317206
0.109248 0.0296564 0.00916139 0.110089 0.6913 0.0257181 0.0248277
0.168444 0.164929 9.9991E-05 0.119969 0.503599 0.00588305 0.0370757
0.133113 0.0205104 9.9991E-05 0.13359 0.66455 0.0351206 0.0130157
0.9994 9.995E-05 9.995E-05 9.995E-05 9.995E-05 9.995E-05 9.995E-05
0.133693 0.0442098 0.00856268 0.136159 0.55284 0.0560387 0.0684972
0.127922 0.0315659 9.9991E-05 0.255197 0.533129 0.0194812 0.0326055
0.154747 0.0620681 0.0454467 0.18899 0.458405 0.0176219 0.0727218
0.127377 9.9973E-05 0.149565 0.128017 0.594742 9.9973E-05 9.9973E-05
0.0520053 0.0307773 0.0452736 0.168943 0.660311 9.9991E-05 0.0425897
0.0720566 9.9982E-05 9.9982E-05 0.0608596 0.675385 0.127887 0.0636123
9.995E-05 9.995E-05 9.995E-05 0.9994 9.995E-05 9.995E-05 9.995E-05
0.9994 9.995E-05 9.995E-05 9.995E-05 9.995E-05 9.995E-05 9.995E-05
9.995E-05 9.995E-05 9.995E-05 0.9994 9.995E-05 9.995E-05 9.995E-05
0.17081 0.0607488 0.0200793 0.144356 0.533803 9.9991E-05 0.0701024
0.154411 0.075883 9.9991E-05 0.192983 0.439407 0.0581118 0.0791039
0.151397 0.0345346 9.9991E-05 0.212703 0.449488 0.0699747 0.0818036
0.115387 9.9991E-05 0.050521 0.197144 0.525433 0.0389426 0.0724718
0.108158 9.9991E-05 0.0628126 0.194367 0.534813 0.0564985 0.0432504
0.76465 0.0387434 0.0678572 9.9991E-05 0.0953393 0.0138164 0.0194939
0.145787 0.0164373 0.0963954 0.182661 0.468132 0.0181578 0.0724305
0.0566421 0.0552735 9.9982E-05 9.9982E-05 0.743741 0.13746 0.00668369
0.0667648 0.199506 0.0227192 0.0807472 0.554114 0.0760484 9.9991E-05
0.115153 0.0283106 0.059002 0.0668148 0.516764 0.213856 9.9991E-05
0.101838 0.0915468 9.9982E-05 9.9982E-05 0.553191 0.232012 0.0212117
0.123436 0.208487 0.0052801 0.0458156 0.448789 0.157327 0.0108649
0.0809776 0.208267 9.9982E-05 9.9982E-05 0.502698 0.203192 0.00466445
0.111329 0.199335 0.0272257 9.9991E-05 0.452684 0.164862 0.0444633
0.0966559 0.0394229 0.01537 9.9991E-05 0.560022 0.218572 0.0698566
0.0811458 0.124205 0.0988125 0.0136668 0.499038 0.178811 0.00432136
0.0907936 0.155075 0.0840989 9.9982E-05 0.562576 0.107256 9.9982E-05
0.100503 0.0557782 0.0554298 0.00365918 0.572872 0.211658 9.9991E-05
0.022832 0.700883 0.104665 0.0734739 9.9991E-05 0.094623 0.00342295
0.0225893 0.766516 0.0856893 9.9991E-05 0.0841511 0.0408039 0.000150862
0.00921691 0.739717 0.0773291 9.9991E-05 0.13995 0.00684907 0.0268372
9.9982E-05 0.759715 0.0954934 0.0456478 9.9982E-05 0.0358749 0.0630687
9.9982E-05 0.698245 0.151938 0.110389 9.9982E-05 0.0181101 0.0211173
0.0265426 0.721298 9.9991E-05 0.0814256 0.0258662 0.0996682 0.045099
0.0489752 0.71936 0.142842 9.9973E-05 9.9973E-05 0.0885229 9.9973E-05
0.0511627 0.811272 0.00822577 0.0389824 0.026037 0.0642204 9.9991E-05
0.0465633 0.529542 0.133136 0.0942426 0.086809 0.0798465 0.0298598
0.0327498 0.749614 0.195005 9.9982E-05 9.9982E-05 0.0209594 0.00147222
9.9982E-05 0.779691 0.131093 0.0384822 9.9982E-05 0.010202 0.0403321
0.00155748 0.775358 0.151123 9.9982E-05 0.0380898 9.9982E-05 0.0336715
0.034113 0.657628 0.163797 9.9991E-05 0.0789405 0.050145 0.0152762
0.0581919 0.520397 0.22483 0.0410139 0.153196 9.9991E-05 0.00227046
0.0533863 0.70355 9.9982E-05 9.9982E-05 0.0636357 0.0828587 0.0963692
0.0399134 0.781031 0.0399265 0.0286996 0.0165937 9.9991E-05 0.0937357
0.0360567 0.820324 0.089306 0.032279 0.0218346 9.9982E-05 9.9982E-05
0.0045663 0.804294 0.00827619 9.9982E-05 0.124559 9.9982E-05 0.0581048
0.0402354 0.756695 0.0389004 0.0247583 9.9991E-05 0.0765544 0.0627568
0.0359518 0.79267 0.0397805 0.00533388 0.053259 0.0521464 0.0208579
0.0941815 0.680089 0.0105119 0.0525406 9.9991E-05 0.0733654 0.0892114
0.047507 0.769861 0.0405481 0.060366 0.0360579 0.0300927 0.0155675
0.0653712 0.836509 9.9973E-05 0.0904104 9.9973E-05 9.9973E-05 0.00740918
0.0165507 0.802446 9.9991E-05 0.043992 0.0760832 0.0200623 0.0407659
0.0786989 0.705644 9.9982E-05 0.0133049 9.9982E-05 0.149484 0.0526684
9.9982E-05 0.727244 0.0411588 9.9982E-05 0.0657401 0.111022 0.0546352
0.0369487 0.72825 0.0559814 0.0271639 0.0375177 0.084079 0.0300592
0.0308219 0.705379 9.9973E-05 9.9973E-05 0.18513 9.9973E-05 0.0783693
0.00787216 0.727029 0.0528402 0.0347561 0.0899684 0.0414255 0.0461084
0.0848604 0.750067 0.0980218 9.9973E-05 9.9973E-05 0.066751 9.9973E-05
0.04295 0.820981 0.0959497 0.020766 0.0191529 9.9982E-05 9.9982E-05
9.9991E-05 0.688406 0.127371 0.0167284 0.0837387 0.0450731 0.0385828
9.9982E-05 0.741739 0.12293 0.0196985 0.0286854 0.0867472 9.9982E-05
0.0711499 0.850855 9.9982E-05 0.020583 0.00896602 0.0482458 9.9982E-05
0.000525755 0.790027 9.9991E-05 0.0483373 0.0164762 0.0937767 0.0507575
0.0210402 0.176433 0.663153 0.0635201 9.9991E-05 0.0406253 0.0351291
0.106782 0.151604 0.613236 9.9982E-05 9.9982E-05 0.100746 0.0274321
0.0516065 0.101425 0.510651 0.0475685 9.9991E-05 0.107328 0.181321
0.05632 0.207687 0.487798 0.0336899 0.0420614 0.0613147 0.111129
0.0348163 0.0880927 0.609026 0.0108218 0.0204376 0.118872 0.117934
0.0803188 0.125338 0.672686 0.0278747 9.9982E-05 0.0935829 9.9982E-05
0.0450162 0.0669739 0.83503 9.9982E-05 0.0217104 0.0310699 9.9982E-05
9.9982E-05 0.0210224 0.63742 9.9982E-05 0.0326363 0.220172 0.0885493
