9.9964E-05 0.0251361 0.0124319 9.9964E-05 9.9964E-05 0.962032 9.9964E-05
9.9982E-05 0.0452423 0.0167164 0.0525158 9.9982E-05 0.747914 0.137412
0.0193984 9.9982E-05 0.00557233 0.0952266 0.0681197 0.811483 9.9982E-05
0.0177476 9.9982E-05 0.0114425 0.13982 9.9982E-05 0.810197 0.0205927
0.0573939 0.0234419 0.0107568 0.0589924 0.0418847 0.80743 9.9991E-05
9.9973E-05 0.0626923 9.9973E-05 0.0585943 9.9973E-05 0.867378 0.0110354
9.9964E-05 9.9964E-05 9.9964E-05 0.0564561 0.0262862 0.916858 9.9964E-05
0.0518531 9.9973E-05 9.9973E-05 0.0955994 9.9973E-05 0.830749 0.0214988
0.00334086 9.9991E-05 0.0135002 0.121535 0.0312349 0.80582 0.0244691
0.0149476 9.9982E-05 0.00655015 0.122479 0.0327923 0.823031 9.9982E-05
0.0434298 9.9982E-05 0.028421 0.0632263 9.9982E-05 0.800136 0.0645869
0.0268391 9.9991E-05 0.104772 0.052025 0.015384 0.757139 0.0437408
0.00901342 0.134672 0.0287634 0.00780572 0.0189419 0.796611 0.00419253
0.0502775 0.016984 0.14006 0.0985338 9.9982E-05 0.693945 9.9982E-05
9.9982E-05 9.9982E-05 0.0121527 0.0631593 0.0726631 0.840561 0.0112644
9.9973E-05 9.9973E-05 0.0118414 0.066556 9.9973E-05 0.89713 0.0241726
0.0252723 9.9955E-05 9.9955E-05 9.9955E-05 9.9955E-05 0.974228 9.9955E-05
9.9964E-05 0.0463299 9.9964E-05 9.9964E-05 9.9964E-05 0.941563 0.0117075
9.9955E-05 9.9955E-05 9.9955E-05 9.9955E-05 9.9955E-05 0.984253 0.0152471
0.0421597 0.00478997 0.0224089 9.9973E-05 9.9973E-05 0.930341 9.9973E-05
9.995E-05 9.995E-05 0.9994 9.995E-05 9.995E-05 9.995E-05 9.995E-05
0.00810927 0.0815894 0.671598 0.0985285 0.046085 0.0125428 0.0815472
0.0326683 0.0629956 0.676313 0.084907 0.0623804 0.078422 0.00231328
0.033029 0.0954154 0.812543 9.9982E-05 9.9982E-05 0.011953 0.0468599
0.00775053 9.9982E-05 0.860384 0.00521531 0.115409 0.011042 9.9982E-05
9.9964E-05 0.0418811 0.815251 9.9964E-05 0.142468 9.9964E-05 9.9964E-05
9.9973E-05 0.131449 0.714401 0.0255536 0.128296 9.9973E-05 9.9973E-05
9.995E-05 9.995E-05 0.9994 9.995E-05 9.995E-05 9.995E-05 9.995E-05
0.0397478 9.9973E-05 0.656166 0.0725139 0.231272 9.9973E-05 9.9973E-05
0.037547 0.105427 0.593255 0.0683647 0.159024 9.9991E-05 0.0362828
0.0212137 9.9973E-05 0.630181 0.218125 0.130181 9.9973E-05 9.9973E-05
9.999E-05 0.149973 0.72936 0.0400073 0.0512226 0.00482458 0.0245122
0.0153475 0.135735 0.68468 0.0229317 0.100024 0.0411819 9.9991E-05
0.00460942 9.9982E-05 0.654146 0.136285 0.0974378 9.9982E-05 0.107322
0.0839406 0.0808548 0.529853 0.0145475 0.219082 0.0201169 0.0516055
0.0261178 0.0450993 0.418669 0.153685 0.0966888 0.099851 0.159889
0.0837702 0.155731 0.661459 9.9982E-05 0.0196787 9.9982E-05 0.0791612
0.00399745 0.740567 0.0745944 0.0193912 0.126662 9.9991E-05 0.0346877
0.0625277 0.654747 9.9973E-05 0.0827899 0.199635 9.9973E-05 9.9973E-05
0.016181 0.77086 9.9991E-05 0.0589147 0.0705648 0.00233223 0.0810473
9.9991E-05 0.812358 0.0687592 0.0124711 0.0140802 0.0134461 0.0787856
0.0310617 0.795211 0.0335019 9.9982E-05 9.9982E-05 0.0494087 0.0906169
0.00043323 0.824241 0.00562437 0.0328149 0.102549 0.0104704 0.0238673
9.9982E-05 0.585327 0.068508 0.153358 9.9982E-05 0.0439219 0.148686
0.057488 0.792094 0.104341 9.9973E-05 9.9973E-05 9.9973E-05 0.0457771
0.0112683 0.691448 9.9982E-05 0.1242 0.0870048 0.0858791 9.9982E-05
0.0170023 0.848818 9.9973E-05 9.9973E-05 0.044236 9.9973E-05 0.0896438
9.9982E-05 0.900283 9.9982E-05 0.0207917 0.0300823 0.00524435 0.0433983
9.9964E-05 0.870804 0.0535583 9.9964E-05 9.9964E-05 9.9964E-05 0.075238
0.0309608 0.782989 9.9973E-05 0.0656705 9.9973E-05 9.9973E-05 0.12008
9.9973E-05 0.930967 0.00256837 9.9973E-05 0.0648884 0.0012766 9.9973E-05
9.9973E-05 0.816813 0.0451933 0.0481424 9.9973E-05 9.9973E-05 0.0895516
0.0304406 0.899412 9.9964E-05 9.9964E-05 9.9964E-05 9.9964E-05 0.0697471
0.0119468 0.762725 0.0402823 9.9982E-05 9.9982E-05 0.0698849 0.114961
0.0128472 0.773331 0.0132516 0.0122346 0.0563573 0.0134338 0.118545
0.0343794 0.743219 0.0465823 0.05077 0.0192427 0.0256331 0.0801732
0.0653261 0.787675 0.0732803 0.0227236 0.0454825 0.00541227 9.9991E-05
0.054481 0.156483 0.0343365 0.0327056 0.484576 0.0188532 0.218565
0.0351658 9.9973E-05 9.9973E-05 9.9973E-05 0.000550172 0.051612 0.912372
0.220212 0.0131345 0.0371931 0.00388343 0.532235 0.0358007 0.157542
0.176167 0.088803 9.9982E-05 9.9982E-05 0.516714 0.0321341 0.185982
0.133733 9.9964E-05 9.9964E-05 9.9964E-05 0.652989 9.9964E-05 0.212878
0.141331 0.100434 0.0214081 9.9991E-05 0.486408 0.0180665 0.232252
9.995E-05 9.995E-05 9.995E-05 9.995E-05 9.995E-05 9.995E-05 0.9994
0.0631507 9.9964E-05 9.9964E-05 0.0217277 9.9964E-05 9.9964E-05 0.914722
0.107754 0.113351 9.9991E-05 0.0211137 0.446781 0.0783191 0.232581
0.0731369 0.0414418 0.181501 9.9991E-05 0.411203 0.0394522 0.253166
0.115893 9.9982E-05 0.0151948 9.9982E-05 0.501 0.0280482 0.339665
0.150102 9.9973E-05 0.0249552 9.9973E-05 0.543097 9.9973E-05 0.281546
0.172942 9.9991E-05 0.0246202 0.00418264 0.295046 0.0489623 0.454147
0.158511 0.0118259 9.9982E-05 9.9982E-05 0.465888 0.0170625 0.346512
0.0989558 0.0785738 9.9973E-05 9.9973E-05 0.544757 9.9973E-05 0.277413
0.168602 0.00676177 0.084086 9.9991E-05 0.422268 0.0197668 0.298415
0.133378 0.0618376 0.010777 0.0646129 0.596952 9.9991E-05 0.132342
0.00196097 0.349928 0.0143396 9.9982E-05 0.489882 9.9982E-05 0.14369
0.0351826 0.188278 9.9991E-05 0.0203188 0.499362 0.0607303 0.196028
0.0991992 0.486658 9.9982E-05 9.9982E-05 0.136297 0.0891962 0.18845
9.995E-05 9.995E-05 9.995E-05 9.995E-05 9.995E-05 9.995E-05 0.9994
0.190388 0.194415 0.0612521 0.0266077 0.189364 0.0653543 0.272619
0.131694 0.00645695 9.9982E-05 0.0743588 0.461051 9.9982E-05 0.326239
0.0914323 0.116236 0.0183732 9.9991E-05 0.506033 0.0514002 0.216425
0.127298 9.9991E-05 0.0058293 0.0104257 0.579139 0.0157478 0.26146
0.149026 0.00481458 9.9982E-05 9.9982E-05 0.488289 0.0920087 0.265662
0.138749 0.245351 0.0631426 0.231011 0.135327 0.0201664 0.166253
0.0745974 0.0865066 9.9982E-05 0.618449 9.9982E-05 0.00284485 0.217402
9.9991E-05 0.148652 0.0383423 0.153727 0.467918 0.0136473 0.177613
0.0949527 0.0729833 9.9991E-05 0.0197368 0.596751 0.0130708 0.202406
9.9973E-05 0.115644 9.9973E-05 0.0485327 0.713692 9.9973E-05 0.121832
0.158284 0.0829954 0.0421022 0.0338 0.464464 0.00597493 0.21238
0.82761 0.000504379 0.0657404 9.9982E-05 0.104899 0.00104649 9.9982E-05
0.111417 0.103404 9.99739E-05 9.99739E-05 0.478251 9.99739E-05 0.306628
0.128162 9.9973E-05 9.9973E-05 0.0667959 0.482906 9.9973E-05 0.321837
0.180377 9.9991E-05 0.0518944 0.103771 0.502677 0.088165 0.0730156
0.180864 0.0593333 0.118012 0.0745276 0.301678 0.0692646 0.19632
0.0877627 9.9982E-05 9.9982E-05 0.14252 0.54863 0.0237088 0.197178
0.153518 0.0372968 0.0560466 0.0910596 0.399968 0.0760891 0.186022
0.0999503 0.0723863 9.9991E-05 0.108715 0.394325 0.0870917 0.237431
0.079074 0.0829249 9.9982E-05 9.9982E-05 0.441788 0.0644312 0.331582
0.0941916 0.0238813 0.0338288 9.9991E-05 0.611873 0.0199468 0.216178
0.171822 0.10235 9.9991E-05 0.0246799 0.290734 0.0274356 0.382879
0.143108 9.9991E-05 0.0281951 0.0351952 0.619892 0.0278275 0.145683
0.23049 9.9982E-05 9.9982E-05 0.15212 0.19813 0.024511 0.394549
0.127256 0.0243093 0.00960655 9.9991E-05 0.668566 0.00582262 0.16434
0.9994 9.995E-05 9.995E-05 9.995E-05 9.995E-05 9.995E-05 9.995E-05
0.169967 0.013555 9.9991E-05 0.0520471 0.483049 0.0690128 0.212269
0.160662 9.9982E-05 9.9982E-05 0.0253563 0.548296 0.0367008 0.228785
0.208829 9.9982E-05 9.9982E-05 0.0900348 0.381973 0.0486442 0.270319
0.107619 0.160058 9.9973E-05 9.9973E-05 0.468736 9.9973E-05 0.263287
0.0963892 0.0710196 9.9982E-05 9.9982E-05 0.666782 0.0382682 0.127341
0.0624977 9.9982E-05 0.101281 9.9982E-05 0.631424 0.0542902 0.150307
9.995E-05 9.995E-05 9.995E-05 9.995E-05 9.995E-05 9.995E-05 0.9994
0.9994 9.995E-05 9.995E-05 9.995E-05 9.995E-05 9.995E-05 9.995E-05
9.995E-05 9.995E-05 9.995E-05 9.995E-05 9.995E-05 9.995E-05 0.9994
0.144776 9.9982E-05 9.9982E-05 0.0776164 0.3697 0.05055 0.357157
0.110368 9.9991E-05 0.0684421 0.0992729 0.294585 0.0523709 0.374862
0.14501 0.032762 0.0276544 9.9991E-05 0.503648 0.117237 0.173588
0.190355 0.106503 9.9982E-05 9.9982E-05 0.384867 0.0461073 0.271968
0.155376 0.0615487 0.0363698 9.9991E-05 0.410199 0.0388884 0.297518
0.787613 9.9973E-05 0.0126486 9.9973E-05 0.11987 0.079568 9.9973E-05
0.196189 0.145835 9.9982E-05 9.9982E-05 0.373084 0.122335 0.162358
0.0549451 9.9982E-05 0.0574008 0.141168 0.72135 9.9982E-05 0.0249358
0.0785687 0.0054887 0.0191364 0.161942 0.734665 9.9982E-05 9.9982E-05
0.0834278 0.00755265 0.114361 0.0395129 0.754946 9.9982E-05 9.9982E-05
0.0851983 9.9982E-05 0.161497 0.104956 0.635451 0.0126974 9.9982E-05
0.0873418 9.9991E-05 0.110578 0.158723 0.620784 0.0129591 0.00951435
0.0908287 9.9991E-05 0.185111 0.173994 0.54305 0.000774597 0.00614153
0.0699803 0.0382495 0.090048 0.12006 0.63455 0.0470124 9.9991E-05
0.0819383 9.9973E-05 0.155345 9.9973E-05 0.6855 0.076917 9.9973E-05
0.0585315 0.123314 0.135183 0.122169 0.560603 9.9982E-05 9.9982E-05
0.0671878 0.000558014 0.137029 0.0952403 0.68717 9.9991E-05 0.0127149
0.0563004 0.0574404 0.146039 0.0311502 0.70887 9.9982E-05 9.9982E-05
0.0481583 0.0888788 0.087984 0.729323 0.0401961 0.00535957 9.9991E-05
0.0525201 0.0384054 0.0547077 0.754526 9.9991E-05 0.0249758 0.0747653
9.9991E-05 0.0834262 0.0524718 0.704356 0.0876855 0.0256085 0.0463519
9.9973E-05 0.0777798 0.0429505 0.787374 9.9973E-05 0.091596 9.9973E-05
9.9982E-05 0.0471045 9.9982E-05 0.733031 0.0347048 0.0727058 0.112254
0.00281195 9.9991E-05 0.123455 0.722668 0.0362804 0.0207304 0.0939545
0.079392 0.150747 0.0631162 0.706445 9.9973E-05 9.9973E-05 9.9973E-05
0.0465623 0.0261649 0.0995388 0.662361 0.165173 9.9982E-05 9.9982E-05
0.0580273 0.0901703 0.0564708 0.586122 0.0242418 0.0352945 0.149673
0.00886938 0.111584 9.9982E-05 0.741694 0.129875 0.00777763 9.9982E-05
9.9982E-05 0.0878481 0.0469676 0.760827 9.9982E-05 0.00132314 0.102834
9.9982E-05 0.131175 0.0252182 0.787233 0.0186126 0.0375619 9.9982E-05
0.00429823 0.148161 0.0112204 0.61794 0.143534 0.0308188 0.0440279
0.0202793 0.177167 0.015623 0.600096 0.105261 0.0101216 0.0714526
0.072349 9.9991E-05 0.0816871 0.726793 0.0195086 0.0483908 0.0511713
0.070864 9.9973E-05 9.9973E-05 0.790774 9.9973E-05 0.099573 0.0384888
0.0394821 0.0372906 0.0202168 0.796925 0.0465869 0.0112588 0.0482396
0.0687314 0.0789278 0.00229426 0.766512 0.00564191 0.0302393 0.0476538
0.0337112 0.0260669 0.12916 0.727054 9.9982E-05 0.0838086 9.9982E-05
0.0672628 9.9973E-05 0.0237775 0.816327 9.9973E-05 9.9973E-05 0.0923332
0.109772 9.9991E-05 0.0672415 0.650643 0.0182016 0.0842795 0.0697619
0.0641746 0.0427341 0.0245883 0.784705 0.048608 9.9991E-05 0.0350899
0.0584542 0.0740739 0.0382533 0.767188 0.0157365 9.9991E-05 0.0461945
0.0135095 0.0953932 0.00219518 0.71441 0.137473 0.0369195 9.9991E-05
0.10085 9.9982E-05 0.0549549 0.7203 9.9982E-05 0.0738789 0.0498168
9.9964E-05 9.9964E-05 9.9964E-05 0.700966 0.246063 0.0525713 9.9964E-05
0.0128442 0.0476973 0.0717105 0.741289 9.9991E-05 0.0248563 0.101503
0.0491131 0.0488183 9.9982E-05 0.651929 9.9982E-05 0.103672 0.146267
0.00512698 0.034106 9.9991E-05 0.729379 0.0582238 0.0744123 0.0986517
0.0571173 0.0255797 0.0320503 0.799635 9.9982E-05 9.9982E-05 0.0854173
0.0673732 0.172443 9.9973E-05 0.743004 9.9973E-05 9.9973E-05 0.0168804
0.0346063 0.0864596 0.0385577 0.711235 0.0716124 0.0574287 9.9991E-05
9.9973E-05 0.16275 0.0478693 0.666127 0.122954 9.9973E-05 9.9973E-05
0.0807958 9.9982E-05 0.0467815 0.819933 0.0351709 9.9982E-05 0.0171193
0.051409 9.9991E-05 0.0163667 0.834677 0.00524632 0.0293046 0.0628961
0.0474794 0.65176 9.9982E-05 0.219903 9.9982E-05 0.0117042 0.0689528
0.075296 0.514351 0.110959 0.213231 9.9991E-05 0.0454376 0.0406266
0.0639077 0.553243 0.0777126 0.168769 9.9991E-05 0.127232 0.00903598
0.0952634 0.617001 0.0596162 0.104783 0.0413914 0.0818445 9.9991E-05
0.0426889 0.653615 0.0547705 0.062792 0.137321 0.0487128 9.9991E-05
0.0438647 0.736464 0.120349 0.0982785 9.9982E-05 9.9982E-05 0.000844064
0.00236841 0.816625 0.029171 0.0871217 0.0393565 0.0252571 9.9991E-05
9.9982E-05 0.530262 0.143558 0.0867957 0.169659 0.0695249 9.9982E-05
