9.9955E-05 9.9955E-05 0.0740176 9.9955E-05 9.9955E-05 0.925483 9.9955E-05
0.0025447 0.00983106 0.076565 0.0225784 0.0479749 0.721383 0.119123
0.00525408 0.121794 9.9982E-05 0.0288588 0.0417218 0.802171 9.9982E-05
0.0199319 0.0816567 0.0103436 0.0705338 0.080828 0.736606 9.9991E-05
0.0850916 9.9973E-05 9.9973E-05 0.0487286 0.0635702 0.80231 9.9973E-05
0.0228983 0.0346507 9.9973E-05 9.9973E-05 0.025411 0.91674 9.9973E-05
0.0646754 9.9973E-05 9.9973E-05 0.00940358 0.0342055 0.891416 9.9973E-05
0.0359196 9.9991E-05 0.038867 0.00836457 0.0934104 0.821826 0.00151253
0.0587333 9.9982E-05 9.9982E-05 0.00150035 0.111171 0.820631 0.00776438
9.9982E-05 0.0476624 0.021484 0.0470412 0.0575777 0.826035 9.9982E-05
9.9982E-05 0.0566195 9.9982E-05 0.0395098 0.0868872 0.769665 0.0471187
0.0657672 0.0965965 0.0289904 0.0171195 9.9991E-05 0.755658 0.0357684
0.085782 0.0249348 0.00428546 0.00297928 0.0607566 0.809776 0.0114855
9.999E-05 0.124896 0.0253947 0.0204178 0.0805322 0.703334 0.0453261
0.0481724 0.0172457 9.9982E-05 9.9982E-05 0.0517633 0.833325 0.0492939
0.0379564 0.0275855 0.012344 9.9982E-05 0.0350123 0.886902 9.9982E-05
9.9964E-05 9.9964E-05 0.00978039 9.9964E-05 9.9964E-05 0.980029 0.00979112
9.995E-05 9.995E-05 9.995E-05 9.995E-05 9.995E-05 0.9994 9.995E-05
9.9955E-05 9.9955E-05 0.0143318 9.9955E-05 9.9955E-05 0.985168 9.9955E-05
9.9964E-05 0.0375618 9.9964E-05 0.043652 9.9964E-05 0.918386 9.9964E-05
9.995E-05 0.9994 9.995E-05 9.995E-05 9.995E-05 9.995E-05 9.995E-05
9.9982E-05 0.72021 0.116221 0.0190413 0.060287 9.9982E-05 0.0840409
0.0973085 0.677504 0.122801 0.0441504 0.0332111 0.024925 9.9991E-05
0.0155164 0.73746 0.202548 0.0405173 9.9991E-05 0.000423299 0.0034352
0.141607 0.836844 9.9964E-05 0.0211495 9.9964E-05 9.9964E-05 9.9964E-05
0.175609 0.775399 9.9982E-05 0.00215883 9.9982E-05 0.00874026 0.0378934
0.0629709 0.699122 0.156978 9.9982E-05 0.0238823 9.9982E-05 0.0568465
9.995E-05 0.9994 9.995E-05 9.995E-05 9.995E-05 9.995E-05 9.995E-05
0.254219 0.680888 9.9982E-05 0.0285493 0.0294095 9.9982E-05 0.00673382
0.206123 0.507991 0.0843416 0.036587 0.0656784 0.00852004 0.0907598
0.268433 0.728194 9.9964E-05 9.9964E-05 0.00297268 9.9964E-05 9.9964E-05
0.242765 0.630867 0.125969 9.9964E-05 9.9964E-05 9.9964E-05 9.9964E-05
0.205267 0.706347 0.0360035 9.9982E-05 0.0371648 0.0150179 9.9982E-05
0.241271 0.585268 9.9973E-05 9.9973E-05 0.103665 9.9973E-05 0.0694962
0.179575 0.551182 9.9991E-05 0.0619449 0.0624072 0.00491692 0.139873
0.0228409 0.491105 0.0292493 0.0432179 0.125244 0.0741283 0.214215
0.000343929 0.576379 0.124639 0.0362665 0.0788834 9.9991E-05 0.183388
0.17554 0.0463433 0.717025 9.9973E-05 9.9973E-05 9.9973E-05 0.0607914
0.201116 9.9982E-05 0.660971 0.0373189 0.0162922 9.9982E-05 0.0841021
0.164336 0.0142523 0.723551 9.9991E-05 0.0220312 0.0418671 0.0338628
9.9982E-05 0.106435 0.790058 9.9982E-05 0.00767762 0.00156976 0.0940595
9.9982E-05 0.0237002 0.756843 0.0674404 9.9982E-05 0.0260457 0.125771
9.9973E-05 9.9973E-05 0.799374 0.0247585 0.0307436 9.9973E-05 0.144824
9.9982E-05 9.9982E-05 0.669343 0.0522917 0.192965 0.0576346 0.0275663
0.108655 0.0360245 0.736581 0.0298866 9.9991E-05 0.0297409 0.0590122
0.0765307 0.0222627 0.768431 0.0531452 0.0484901 0.0310407 9.9991E-05
0.00401649 9.9982E-05 0.786639 0.038687 0.0247015 9.9982E-05 0.145756
0.0795577 9.9982E-05 0.886913 0.0194215 0.00623795 9.9982E-05 0.0076702
9.9973E-05 0.0980284 0.880965 9.9973E-05 9.9973E-05 0.0129868 0.00771953
9.9991E-05 0.00441233 0.814276 0.0674128 0.0582128 0.00177481 0.0538114
0.110491 0.0177859 0.829934 0.0414894 9.9973E-05 9.9973E-05 9.9973E-05
9.9982E-05 0.0646889 0.779562 9.9982E-05 0.0284333 0.0247382 0.102378
0.0693482 9.9964E-05 0.861446 0.068806 9.9964E-05 9.9964E-05 9.9964E-05
9.9982E-05 0.0600445 0.738966 0.00184669 9.9982E-05 0.0589212 0.140022
0.03977 9.9973E-05 0.839236 0.0151303 9.9973E-05 9.9973E-05 0.105563
0.212158 9.9964E-05 0.73079 9.9964E-05 0.0566516 9.9964E-05 9.9964E-05
0.0266215 0.0370678 0.693874 0.0598901 0.0767642 0.0708769 0.034906
0.188133 0.00648443 0.154798 0.0605361 0.02051 0.0344127 0.535126
9.9973E-05 0.0441726 9.9973E-05 0.0723287 9.9973E-05 0.0441101 0.839089
0.187473 9.9982E-05 9.9982E-05 0.147896 0.106231 0.0218317 0.536368
0.277546 9.9982E-05 0.0585951 0.204406 9.9982E-05 0.0356319 0.423621
0.24661 9.9973E-05 9.9973E-05 0.147499 0.0019819 9.9973E-05 0.603609
0.174576 0.0387323 0.0882714 0.108113 9.9991E-05 0.0210097 0.569198
9.9964E-05 9.9964E-05 9.9964E-05 0.114409 0.0286429 9.9964E-05 0.856548
9.9982E-05 0.0257382 0.0736928 0.128425 0.0281516 9.9982E-05 0.743792
0.177015 9.9991E-05 0.0142216 0.0981557 0.049676 0.10851 0.552322
0.161406 0.0776081 0.0253473 0.0719957 0.0548896 0.0473222 0.561432
0.167269 9.9982E-05 0.00957445 0.0916555 9.9982E-05 0.0774073 0.653894
0.142901 0.0739379 9.9973E-05 0.181281 9.9973E-05 9.9973E-05 0.60158
0.0824051 0.0764069 9.9982E-05 0.163163 9.9982E-05 0.0613229 0.616502
0.204002 9.9982E-05 0.038757 0.135136 9.9982E-05 0.0190649 0.60284
0.288476 9.9973E-05 0.0425306 0.0801621 9.9973E-05 9.9973E-05 0.588532
0.166666 0.048038 9.9982E-05 0.176816 0.0340968 9.9982E-05 0.574182
0.562516 0.00971194 0.0394473 0.101974 9.9982E-05 9.9982E-05 0.286151
0.321552 0.0220986 0.292888 0.0383987 9.9982E-05 9.9982E-05 0.324862
0.142097 0.0123879 0.19909 0.0662344 9.9991E-05 0.0813276 0.498763
9.9973E-05 9.9973E-05 0.429701 0.0751703 9.9973E-05 0.0556651 0.439163
9.9964E-05 9.9964E-05 0.00248228 0.104746 9.9964E-05 9.9964E-05 0.892372
0.0314619 0.118103 0.2128 0.128139 9.9991E-05 0.0617741 0.447621
0.00635207 9.9973E-05 0.156662 0.158046 9.9973E-05 9.9973E-05 0.67864
0.193461 0.0370664 0.13184 0.107021 0.0199057 0.070579 0.440127
0.123445 0.0125537 0.0143372 0.113429 0.0273413 0.0722219 0.636671
0.0464158 9.9982E-05 0.123306 0.117531 9.9982E-05 0.095619 0.616929
9.9991E-05 0.0973976 0.26044 0.104015 0.141827 0.0245205 0.3717
9.9973E-05 9.9973E-05 0.180697 0.0510898 0.5952 9.9973E-05 0.172713
0.167028 9.9991E-05 0.118221 0.0106671 0.160832 0.0482436 0.494908
0.282424 9.9982E-05 0.173509 0.139122 9.9982E-05 0.0146546 0.390091
0.362793 9.9982E-05 0.125173 0.0435343 0.0601457 9.9982E-05 0.408153
0.257379 9.9991E-05 0.0938557 0.149912 0.0277759 0.0326663 0.438311
9.9973E-05 0.0534966 0.0192353 0.909794 9.9973E-05 9.9973E-05 0.0171746
0.113951 0.0129003 0.147126 0.0695423 9.9982E-05 9.9982E-05 0.656281
0.200515 9.9973E-05 0.0739488 0.0656007 9.9973E-05 9.9973E-05 0.659635
0.0847647 0.110447 9.9991E-05 0.179656 0.129427 0.121504 0.374102
0.220811 0.0539179 0.0097746 0.0837598 0.0931998 0.0779764 0.46056
0.183319 0.00988981 9.9991E-05 0.113439 0.137515 0.00183325 0.553904
0.158694 0.0840952 9.9991E-05 0.0978798 0.0595492 0.058016 0.541666
0.326072 9.9991E-05 0.0979912 0.116547 0.0583026 0.0437351 0.357252
0.09306 9.9982E-05 0.146081 0.0623319 9.9982E-05 0.0785092 0.619818
0.36431 9.9973E-05 0.0158023 0.0886892 9.9973E-05 9.9973E-05 0.530898
0.133351 9.9982E-05 0.127696 0.156393 9.9982E-05 0.0147492 0.56761
0.167514 0.0404512 0.0503809 0.100635 0.0488609 0.043866 0.548292
0.0182666 0.0368389 9.9991E-05 0.168263 0.159549 0.0396452 0.577338
0.289908 9.9973E-05 9.9973E-05 0.10975 9.9973E-05 0.0215525 0.57849
9.995E-05 9.995E-05 9.995E-05 0.9994 9.995E-05 9.995E-05 9.995E-05
0.231105 0.000550308 0.0630102 0.157653 0.0119573 0.0337816 0.501943
0.204436 0.00903836 9.9991E-05 0.0960062 0.00735911 0.0269679 0.656092
0.0587954 0.0229568 0.0314044 0.217706 0.087009 0.0172387 0.56489
0.186028 9.9982E-05 0.152985 0.100661 9.9982E-05 0.0233506 0.536775
0.260536 9.9982E-05 0.135993 0.0392004 9.9982E-05 0.0258454 0.538225
0.358551 0.0500325 9.9982E-05 0.0392639 9.9982E-05 0.0651826 0.48677
9.9955E-05 9.9955E-05 9.9955E-05 0.0479092 9.9955E-05 9.9955E-05 0.951591
9.995E-05 9.995E-05 9.995E-05 0.9994 9.995E-05 9.995E-05 9.995E-05
9.9964E-05 9.9964E-05 0.0227066 0.0373633 9.9964E-05 9.9964E-05 0.93953
0.061139 0.00957894 0.00200904 0.196729 0.0816834 0.0451158 0.603745
9.9991E-05 0.0829999 0.0456159 0.1709 0.0855384 0.0170743 0.597771
0.152873 0.0136809 9.9991E-05 0.152401 0.0763199 0.0800907 0.524534
0.0303912 0.0735817 0.0311796 0.127789 9.9991E-05 0.0847197 0.652239
0.218899 0.0382122 0.069353 0.115399 9.9991E-05 0.0292615 0.528775
0.0154036 0.0762346 0.00363514 0.771404 0.0469784 0.0227124 0.063632
0.123045 0.0445992 0.195832 0.148402 9.9991E-05 0.0613766 0.426646
0.657554 0.0795137 9.9991E-05 0.0169677 0.00852843 0.0358022 0.201534
0.964169 9.9973E-05 9.9973E-05 0.00534027 0.030005 0.00018555 9.9973E-05
0.861058 0.0369943 0.00435811 0.0530105 9.9982E-05 9.9982E-05 0.0443795
0.783698 0.0640992 9.9991E-05 0.0186037 0.022608 0.00150456 0.109386
0.776471 0.0475206 9.9982E-05 0.0376691 0.0383403 9.9982E-05 0.0997991
0.911684 0.0286168 9.9973E-05 0.0342624 0.0251373 9.9973E-05 9.9973E-05
0.948911 9.9955E-05 9.9955E-05 9.9955E-05 0.0505891 9.9955E-05 9.9955E-05
0.836837 0.0487678 9.9982E-05 0.0139914 9.9982E-05 0.0754521 0.0247523
0.939852 9.9955E-05 0.0596482 9.9955E-05 9.9955E-05 9.9955E-05 9.9955E-05
0.770461 0.0148013 0.0745191 0.00590158 9.9982E-05 9.9982E-05 0.134117
0.834822 0.0412392 0.0339422 0.0164405 9.9982E-05 9.9982E-05 0.0733561
0.051927 0.0575524 0.0159761 0.0721428 0.740142 0.00235594 0.0599038
0.110325 9.9982E-05 0.0340124 0.0509843 0.800113 0.00436498 9.9982E-05
9.9991E-05 0.0775503 0.0573657 0.0279476 0.722385 0.0353662 0.0792855
0.00582565 0.0217071 0.101198 9.9991E-05 0.761999 0.0616952 0.0474757
0.00295989 0.0457871 0.143962 9.9991E-05 0.719538 0.0511951 0.0364576
0.174855 0.00627657 0.018513 0.00869977 0.716929 0.0576001 0.0171266
0.078527 0.04497 0.111885 0.0387192 0.725699 9.9982E-05 9.9982E-05
0.120759 0.0219509 9.9973E-05 0.063584 0.793406 9.9973E-05 9.9973E-05
9.9991E-05 0.0599132 0.00949584 0.0769699 0.643602 0.0519403 0.157979
0.163676 9.9964E-05 0.260533 9.9964E-05 0.575391 9.9964E-05 9.9964E-05
0.0601505 0.00469834 0.0709613 9.9982E-05 0.823593 0.0403965 9.9982E-05
9.9982E-05 0.0204454 0.156246 9.9982E-05 0.763904 0.037555 0.0216502
0.110503 9.9982E-05 0.205259 9.9982E-05 0.615788 0.0454089 0.0228417
0.0248372 0.0266916 0.205222 0.013921 0.548114 9.9991E-05 0.181114
0.017139 0.0278977 9.9991E-05 0.0584627 0.745172 0.0603679 0.0908611
9.9982E-05 0.00250522 9.9982E-05 0.0387084 0.771687 0.114211 0.0726887
0.0753085 9.9982E-05 0.0765154 0.0377349 0.804776 9.9982E-05 0.00546513
0.0870276 9.9991E-05 0.0208465 0.00429653 0.799977 0.04881 0.0389426
9.9982E-05 0.0756633 0.047108 0.0622335 0.776153 0.0386417 9.9982E-05
9.9991E-05 0.0275329 0.0959511 0.0360111 0.708818 0.0118573 0.11973
9.9991E-05 0.102386 0.0288226 0.0552569 0.677806 0.0650138 0.0706153
0.0617694 0.00741187 0.0456737 0.0102112 0.772425 9.9991E-05 0.102409
0.0802206 0.00591106 0.0260843 0.05076 0.791236 9.9991E-05 0.0456883
0.0118282 0.0346983 9.9991E-05 0.0413073 0.792427 0.0246466 0.0949927
0.0901508 0.101952 9.9982E-05 0.0774052 0.690666 0.039626 9.9982E-05
0.152526 0.0571005 0.0298175 9.9991E-05 0.695408 0.0425189 0.0225295
9.9982E-05 0.0822567 0.0579689 0.0496016 0.756817 0.0531556 9.9982E-05
0.0591759 0.0204236 0.033692 0.0338959 0.698351 0.0578071 0.0966546
0.0949873 0.0236946 0.141214 0.0198986 0.663944 0.04053 0.0157307
9.9973E-05 9.9973E-05 0.140584 0.0738574 0.783924 9.9973E-05 0.00133436
0.0852818 9.9964E-05 0.145935 9.9964E-05 0.768383 9.9964E-05 9.9964E-05
0.0347262 0.0295316 0.206497 0.029398 0.657346 0.0424017 9.9991E-05
0.20196 0.0575998 0.104122 9.9973E-05 0.636019 9.9973E-05 9.9973E-05
9.9973E-05 0.0622866 9.9973E-05 0.0359135 0.829403 9.9973E-05 0.0720972
0.0186695 0.0812743 9.9982E-05 9.9982E-05 0.800324 0.0204593 0.0790734
0.0723843 0.0603444 0.694897 0.0292203 0.110725 0.0323291 9.9991E-05
0.0971358 0.0732289 0.561773 0.0631961 0.162557 0.0420101 9.9991E-05
0.0478667 0.173814 0.59433 0.0310803 0.0551589 0.0888554 0.00889485
9.9991E-05 0.0574884 0.536503 0.0309011 0.162542 0.109622 0.102843
0.111293 0.0906457 0.630324 9.9991E-05 0.0926427 0.0747318 0.000263501
9.9982E-05 0.128781 0.754042 0.00339476 0.0268248 9.9982E-05 0.086758
0.114783 9.9973E-05 0.831431 0.0423816 0.0111042 9.9973E-05 9.9973E-05
0.0880513 0.169622 0.636199 9.9982E-05 0.00400007 0.101928 9.9982E-05
