0.9998 9.999E-05 9.999E-05
0.739474 0.100119 0.160407
0.846067 0.121549 0.0323836
0.81831 0.124597 0.057093
0.858975 0.0314317 0.109594
0.912081 0.0878193 9.9991E-05
0.96802 0.0318799 9.9991E-05
0.881452 0.0790167 0.0395311
0.846885 0.0994683 0.0536467
0.841689 0.158211 9.9991E-05
0.803282 0.0852386 0.11148
0.775506 0.101005 0.123489
0.809227 0.0662364 0.124537
0.775885 0.219451 0.00466378
0.881661 0.0504593 0.0678792
0.923626 0.0762742 9.9991E-05
0.9998 9.999E-05 9.999E-05
0.9998 9.999E-05 9.999E-05
0.9998 9.999E-05 9.999E-05
0.993527 9.9991E-05 0.00637296
0.061707 0.782456 0.155837
0.0288865 0.663469 0.307645
0.0512406 0.699304 0.249455
9.9991E-05 0.710032 0.289868
0.0204972 0.703039 0.276463
0.0621114 0.693876 0.244013
0.0075363 0.677935 0.314529
0.0525644 0.79336 0.154075
9.9991E-05 0.683669 0.316232
9.9991E-05 0.661279 0.338621
9.9991E-05 0.722045 0.277855
9.9991E-05 0.722997 0.276903
0.067326 0.68483 0.247844
0.00121282 0.648077 0.35071
0.0153747 0.545313 0.439313
0.104611 0.527373 0.368015
9.9991E-05 0.577893 0.422007
0.0507081 0.530176 0.419116
9.9991E-05 0.491532 0.508368
0.0531253 0.533191 0.413684
9.9991E-05 0.610472 0.389428
0.0646927 0.486373 0.448935
0.04326 0.526882 0.429858
0.108212 0.577548 0.31424
0.0120012 0.566299 0.421699
0.0694877 0.600711 0.329801
9.9991E-05 0.489321 0.510579
0.0655594 0.584603 0.349838
0.0860808 0.550794 0.363125
0.0390733 0.587853 0.373073
0.0201242 0.558995 0.420881
0.0227722 0.606926 0.370302
0.0623287 0.468558 0.469113
0.143242 0.515369 0.341389
0.0955706 0.496315 0.408115
0.0614135 0.535108 0.403479
0.121727 0.520171 0.358102
0.0540287 0.186976 0.758995
0.0961103 9.9991E-05 0.90379
0.0624362 0.0562972 0.881267
0.0610205 0.0256208 0.913359
9.9991E-05 0.0127285 0.987171
0.0105441 0.0493895 0.940066
0.0229987 9.9991E-05 0.976901
0.030812 0.0241763 0.945012
0.181967 0.0328131 0.78522
0.0799325 0.0937691 0.826298
0.0684939 0.0883818 0.843124
0.0121596 0.0524171 0.935423
0.0668392 0.0120435 0.921117
0.0290636 0.00107732 0.969859
0.0291702 9.9991E-05 0.97073
0.0206292 0.0439186 0.935452
0.0162633 0.225865 0.757871
0.0145286 0.222512 0.762959
0.0738599 0.184763 0.741377
0.125338 0.218366 0.656296
0.00336052 9.9991E-05 0.996539
0.0767348 0.140692 0.782573
9.9991E-05 0.0994027 0.900497
0.0567908 0.158913 0.784296
0.0910994 0.0788517 0.830049
0.130241 0.00263545 0.867123
0.0513348 0.452543 0.496122
0.0389785 0.733578 0.227444
0.0815525 0.258657 0.659791
0.0626733 0.131812 0.805514
0.0490766 0.180694 0.77023
0.0405523 0.0978393 0.861608
9.999E-05 9.999E-05 0.9998
0.0487588 0.061296 0.889945
9.9991E-05 0.0554987 0.944401
0.0680869 0.233514 0.698399
0.118213 0.168425 0.713362
9.9991E-05 0.167423 0.832477
0.130875 0.13661 0.732515
0.0996141 0.194617 0.705769
0.115274 0.0214839 0.863242
0.0531839 0.0193978 0.927418
9.9991E-05 0.0799973 0.919903
0.0229467 0.133535 0.843518
0.112004 0.102402 0.785594
0.0304311 0.0593397 0.910229
0.0351151 9.9991E-05 0.964785
0.0685722 0.106738 0.82469
0.051221 0.0552586 0.89352
0.0402758 0.124876 0.834848
0.0458574 0.0595682 0.894574
0.0516978 0.0527739 0.895528
0.104134 0.107583 0.788282
0.0416386 9.9991E-05 0.958261
0.0177571 9.9991E-05 0.982143
9.999E-05 9.999E-05 0.9998
0.0397719 0.125185 0.835043
0.050438 0.149438 0.800124
0.119624 0.0830139 0.797362
0.0729845 9.9991E-05 0.926916
0.0911819 9.9991E-05 0.908718
0.0796432 0.0293306 0.891026
0.0954247 0.113423 0.791152
0.0458993 0.278481 0.67562
9.9991E-05 0.333141 0.666759
0.00222465 0.271833 0.725942
0.0552406 0.238957 0.705802
0.00461995 0.367685 0.627695
0.0210559 0.395912 0.583032
0.0587655 0.406487 0.534747
0.131634 0.214108 0.654259
0.0249858 0.382297 0.592717
0.0283353 0.302996 0.668669
0.00862629 0.332299 0.659075
0.0337594 0.888685 0.077556
0.0297588 0.890545 0.0796961
0.0589677 0.879697 0.0613354
0.0901499 0.90975 9.9991E-05
0.0583459 0.897288 0.0443665
0.0870356 0.836913 0.0760515
0.0314163 0.928575 0.0400085
0.0120092 0.973752 0.0142389
0.0728101 0.710006 0.217184
0.0090885 0.972029 0.0188828
0.0743004 0.9256 9.9991E-05
0.0433899 0.95651 9.9991E-05
0.061103 0.831957 0.106941
0.0186695 0.716713 0.264617
0.0912664 0.840924 0.0678093
0.154071 0.816308 0.0296215
0.092406 0.907494 9.9991E-05
0.096538 0.842189 0.0612731
0.0684804 0.93142 9.9991E-05
0.0507699 0.857825 0.0914047
0.12905 0.809381 0.0615683
9.9991E-05 0.906905 0.0929948
0.0581139 0.884258 0.0576286
0.0592417 0.858754 0.0820048
0.0742046 0.886012 0.0397837
0.0302063 0.846868 0.122926
0.0647928 0.890751 0.0444558
0.12744 0.795987 0.0765724
0.0632362 0.839258 0.0975055
0.0348187 0.927271 0.0379104
9.999E-05 0.9998 9.999E-05
0.0807262 0.901064 0.0182097
0.000644513 0.940882 0.0584737
0.0392119 0.942871 0.017917
0.0868409 0.887604 0.0255548
0.0521614 0.684387 0.263451
0.0539275 0.641379 0.304694
0.150814 0.592919 0.256267
0.10318 0.560128 0.336692
0.136077 0.575671 0.288253
0.0167043 0.640027 0.343269
0.0635018 0.63531 0.301188
0.102039 0.608991 0.28897
