9.999E-05 9.999E-05 0.9998
0.107635 0.111076 0.781289
0.0989277 0.0500538 0.851019
0.130987 0.00135753 0.867655
0.0814174 0.0571761 0.861407
0.0595537 9.9991E-05 0.940346
0.0597968 9.9991E-05 0.940103
0.067178 0.0504962 0.882326
0.136257 0.0137797 0.849964
0.110759 9.9991E-05 0.889141
0.110734 0.0430756 0.846191
0.101899 0.0733454 0.824756
0.112795 0.0552458 0.831959
0.212162 0.0398828 0.747955
0.11484 0.044903 0.840257
0.056243 9.9991E-05 0.943657
9.999E-05 9.999E-05 0.9998
9.999E-05 9.999E-05 0.9998
9.999E-05 9.999E-05 0.9998
9.9991E-05 0.0375244 0.962376
0.81037 0.122123 0.0675069
0.674906 0.268696 0.0563984
0.669458 0.246497 0.0840447
0.739021 0.241319 0.0196599
0.701878 0.231395 0.0667275
0.67899 0.260328 0.0606813
0.757886 0.242014 9.9991E-05
0.786674 0.187678 0.0256479
0.711477 0.266468 0.0220549
0.65125 0.29532 0.0534296
0.743277 0.256623 9.9991E-05
0.762211 0.211183 0.0266059
0.736833 0.188112 0.0750544
0.617264 0.36549 0.017246
0.500759 0.467447 0.0317934
0.614026 0.296591 0.089383
0.633291 0.366609 9.9991E-05
0.541595 0.404801 0.0536039
0.544192 0.455708 9.9991E-05
0.56243 0.397852 0.0397177
0.590853 0.400341 0.00880583
0.525532 0.389209 0.0852594
0.598525 0.36831 0.0331649
0.612121 0.291899 0.0959796
0.568079 0.378208 0.0537126
0.622734 0.272555 0.104711
0.569802 0.430098 9.9991E-05
0.566021 0.350768 0.0832117
0.606664 0.336576 0.0567604
0.580163 0.352059 0.0677788
0.584068 0.395843 0.0200889
0.644803 0.355097 9.9991E-05
0.535793 0.425088 0.0391195
0.50491 0.375378 0.119711
0.575922 0.396892 0.0271859
0.591724 0.371154 0.0371222
0.592075 0.277998 0.129927
0.265746 0.697165 0.037089
0.00535072 0.884964 0.109685
0.126374 0.83859 0.0350366
0.0418129 0.888156 0.0700311
0.0451154 0.954785 9.9991E-05
0.056458 0.887676 0.0558657
9.9991E-05 0.966173 0.0337267
0.079693 0.911797 0.00851001
0.0751038 0.788609 0.136287
0.171803 0.755472 0.0727251
0.0718159 0.855668 0.0725158
0.0118744 0.973972 0.014154
0.0118311 0.882532 0.105637
0.0142481 0.946287 0.0394652
0.034025 0.922905 0.0430702
0.0397609 0.923603 0.0366363
0.234434 0.750968 0.0145972
0.253975 0.73254 0.0134856
0.166679 0.73478 0.0985407
0.164827 0.73283 0.102343
9.9991E-05 0.98738 0.0125204
0.222239 0.703122 0.074639
0.0836777 0.916222 9.9991E-05
0.167158 0.751493 0.0813493
0.0654724 0.874405 0.0601225
9.9991E-05 0.888024 0.111876
0.413034 0.528364 0.0586025
0.655534 0.296236 0.0482297
0.362816 0.616143 0.0210414
0.159622 0.810906 0.029472
0.264951 0.69647 0.0385786
0.131397 0.809695 0.0589079
9.9991E-05 0.962879 0.0370213
0.13067 0.839008 0.0303218
0.148786 0.851114 9.9991E-05
0.217708 0.673791 0.108501
0.274365 0.650482 0.0751532
0.172757 0.764853 0.0623908
0.15843 0.693182 0.148388
0.230173 0.703995 0.0658321
0.0610098 0.830979 0.108011
0.0826784 0.871275 0.0460465
0.119639 0.843855 0.0365062
0.157265 0.765174 0.0775603
0.137539 0.799631 0.0628297
0.00710081 0.965193 0.0277067
9.9991E-05 0.987201 0.0126988
0.141369 0.768891 0.0897398
0.064585 0.903862 0.031553
0.0546614 0.88244 0.0628987
0.139914 0.837018 0.0230685
0.0390385 0.878145 0.0828162
0.0808065 0.838932 0.0802616
9.9991E-05 0.962472 0.037428
9.9991E-05 0.972766 0.0271336
9.999E-05 0.9998 9.999E-05
0.159282 0.750022 0.0906955
0.119908 0.811537 0.0685541
0.0462677 0.823602 0.13013
9.9991E-05 0.901821 0.0980789
0.0703207 0.884543 0.0451367
0.0561385 0.868036 0.0758258
0.125123 0.746525 0.128352
0.330168 0.661593 0.00823916
0.320869 0.663705 0.0154259
0.303469 0.696431 9.9991E-05
0.313823 0.642349 0.0438289
0.364066 0.611895 0.0240392
0.409141 0.559725 0.0311334
0.443335 0.517368 0.0392964
0.320646 0.548713 0.130641
0.391037 0.575818 0.0331443
0.338583 0.602869 0.0585484
0.353997 0.636199 0.00980357
0.934365 0.0478202 0.0178153
0.936265 0.0276958 0.0360392
0.879771 0.0126294 0.107599
0.917929 9.9991E-05 0.081971
0.892009 0.0213191 0.0866721
0.889811 0.0569598 0.0532288
0.944473 9.9991E-05 0.0554272
0.951372 0.028671 0.0199565
0.737977 0.181262 0.0807609
0.942547 9.9991E-05 0.0573535
0.961736 9.9991E-05 0.0381637
0.944435 9.9991E-05 0.0554647
0.873321 0.0125863 0.114093
0.727283 0.243333 0.0293841
0.802561 0.115517 0.0819224
0.824169 0.00678655 0.169045
0.968763 0.0311374 9.9991E-05
0.88779 0.00836626 0.103844
0.906477 9.9991E-05 0.0934229
0.899651 0.0290356 0.071313
0.752833 0.134495 0.112672
0.881619 0.0739788 0.044402
0.894519 0.0405716 0.0649097
0.890143 0.0468126 0.0630448
0.85441 0.034114 0.111476
0.949986 0.00107942 0.0489345
0.905009 9.9991E-05 0.0948912
0.876845 9.9991E-05 0.123055
0.785819 0.145231 0.0689499
0.93436 0.0528794 0.0127607
0.962588 0.0373115 9.9991E-05
0.899139 9.9991E-05 0.100761
0.955793 0.0434604 0.000746535
0.928862 0.060249 0.0108885
0.943415 0.00296373 0.0536214
0.66525 0.228971 0.105779
0.647553 0.288068 0.0643784
0.571168 0.286829 0.142003
0.615732 0.23077 0.153498
0.525148 0.356422 0.11843
0.706976 0.292924 9.9991E-05
0.67527 0.286771 0.0379582
0.610544 0.276858 0.112598
