0.9998 9.999E-05 9.999E-05
0.776601 0.056197 0.167202
0.883039 0.116861 9.9991E-05
0.837225 0.14721 0.0155656
0.880711 0.0485019 0.0707872
0.938993 0.0609066 9.9991E-05
0.962644 0.037256 9.9991E-05
0.880969 0.0210771 0.0979538
0.861051 0.138849 9.9991E-05
0.851642 0.148258 9.9991E-05
0.828007 0.0621142 0.109879
0.838185 0.11924 0.042575
0.799286 0.05804 0.142674
0.775236 0.196653 0.0281112
0.862138 0.0711217 0.0667402
0.90883 0.0910699 9.9991E-05
0.9998 9.999E-05 9.999E-05
0.9998 9.999E-05 9.999E-05
0.985186 9.9991E-05 0.0147137
0.985611 9.9991E-05 0.014289
0.0781413 0.717784 0.204075
0.0637582 0.613924 0.322317
0.094696 0.612852 0.292452
0.0294251 0.670932 0.299643
0.0422141 0.708172 0.249614
0.0737649 0.624114 0.302121
0.0136883 0.689279 0.297033
0.0530236 0.776956 0.17002
0.0139109 0.604558 0.381532
0.0263915 0.592751 0.380857
9.9991E-05 0.690014 0.309886
0.0162627 0.678564 0.305174
0.0807416 0.651648 0.26761
0.0145534 0.621327 0.36412
0.0585001 0.465203 0.476297
0.126937 0.48412 0.388944
0.0147303 0.589292 0.395978
0.0542653 0.583273 0.362461
0.0278891 0.461135 0.510976
0.0753757 0.5423 0.382324
0.0587836 0.55306 0.388157
0.0654572 0.473438 0.461104
0.0771359 0.559805 0.363059
0.161648 0.549609 0.288743
0.0507919 0.514936 0.434272
0.135239 0.60442 0.26034
0.0265982 0.546309 0.427092
0.0910238 0.566364 0.342612
0.107733 0.557488 0.334779
0.0489251 0.597238 0.353837
0.0726179 0.550761 0.376621
0.0623069 0.628973 0.30872
0.070764 0.4991 0.430136
0.152018 0.461537 0.386444
0.0547047 0.545633 0.399662
0.0748031 0.540697 0.3845
0.119587 0.555586 0.324827
0.0793748 0.175911 0.744714
0.140574 9.9991E-05 0.859326
0.0937459 0.106799 0.799455
0.123539 0.0477387 0.828723
0.0146922 0.0323167 0.952991
0.0831642 0.0545227 0.862313
0.133348 9.9991E-05 0.866552
0.0374849 0.0453329 0.917182
0.184786 0.0792182 0.735996
0.107079 0.176061 0.71686
0.0719333 0.0128289 0.915238
0.0639141 0.0525237 0.883562
0.114401 0.0352155 0.850384
0.0646699 9.9991E-05 0.93523
0.0589726 9.9991E-05 0.940927
0.0836561 0.0560328 0.860311
0.000899804 0.228794 0.770306
0.0581367 0.221697 0.720166
0.092852 0.173433 0.733715
0.138262 0.202828 0.65891
0.036918 9.9991E-05 0.962982
0.0806033 0.181885 0.737512
9.9991E-05 0.0912353 0.908665
0.113426 0.145598 0.740975
0.0986669 0.069265 0.832068
0.141836 0.00701736 0.851147
0.0943142 0.389037 0.516649
0.0364081 0.734722 0.22887
0.120974 0.298721 0.580305
0.0503302 0.142131 0.807539
0.0548061 0.270073 0.675121
0.0672776 0.147367 0.785355
0.0713851 9.9991E-05 0.928515
0.0759702 0.106927 0.817102
0.0252398 0.0973474 0.877413
0.172266 0.207915 0.619819
0.144546 0.179401 0.676053
0.0747475 0.144814 0.780439
0.201572 0.133859 0.664569
0.103626 0.229495 0.666879
0.14107 0.044665 0.814265
0.069741 0.0608999 0.869359
0.067061 0.0785013 0.854438
0.0913608 0.129726 0.778913
0.0719167 0.049731 0.878352
0.0660856 9.9991E-05 0.933814
0.0346998 9.9991E-05 0.9652
0.151167 0.0991302 0.749703
0.116255 0.0320101 0.851735
0.106846 0.0986407 0.794513
0.0799874 0.0716253 0.848387
0.103645 0.0529297 0.843425
0.133749 0.0979981 0.768253
0.0913984 9.9991E-05 0.908502
0.0469909 9.9991E-05 0.952909
0.0830957 0.000596931 0.916307
0.130544 0.070315 0.799141
0.125237 0.162493 0.71227
0.187355 0.0735453 0.7391
0.146749 0.0159286 0.837322
0.096584 0.0655349 0.837881
0.118317 0.0109663 0.870717
0.153742 0.200192 0.646066
0.0618697 0.248188 0.689942
0.00256079 0.301339 0.6961
0.0041547 0.343799 0.652047
0.0853813 0.262894 0.651725
0.0531207 0.311491 0.635388
0.0374303 0.372371 0.590198
0.0906867 0.338565 0.570748
0.110519 0.217858 0.671623
0.0387354 0.36688 0.594385
0.00442529 0.31352 0.682054
0.0182161 0.306846 0.674938
0.0168134 0.883438 0.0997482
0.0149011 0.93656 0.048539
0.0522098 0.876622 0.0711687
0.0964919 0.903408 9.9991E-05
0.0802684 0.871999 0.0477322
0.0376712 0.823261 0.139068
9.9991E-05 0.968147 0.0317527
0.00715022 0.904781 0.0880691
0.108116 0.675736 0.216149
0.0105702 0.947795 0.0416353
0.0193384 0.963519 0.0171422
0.0683429 0.931557 9.9991E-05
0.0645198 0.80291 0.13257
0.058356 0.67427 0.267374
0.0871433 0.811661 0.101196
0.108235 0.844091 0.0476744
0.0247548 0.937112 0.0381331
0.0880319 0.822725 0.0892433
0.0643899 0.93551 9.9991E-05
0.0740744 0.845494 0.0804319
0.104337 0.771885 0.123778
0.0151541 0.90631 0.0785361
0.0161895 0.855833 0.127977
0.0738357 0.855555 0.0706094
0.0761042 0.802642 0.121254
0.0588928 0.808902 0.132206
0.110853 0.840797 0.0483498
0.126613 0.757198 0.116189
0.0585402 0.851339 0.0901205
0.00945315 0.900856 0.0896905
9.9991E-05 0.909432 0.0904683
0.117198 0.803061 0.0797403
0.00944515 0.915856 0.0746988
0.0293817 0.955612 0.0150068
0.0460852 0.859873 0.0940423
0.0804864 0.678281 0.241233
0.103876 0.630575 0.265548
0.134922 0.528923 0.336155
0.150743 0.54347 0.305787
0.144833 0.560442 0.294725
9.9991E-05 0.665084 0.334816
0.0617566 0.645654 0.29259
0.0849989 0.673147 0.241854
