9.9991E-05 0.0123371 0.987563
0.0871469 0.134012 0.778841
0.078676 0.0747561 0.846568
0.131276 9.9991E-05 0.868624
0.0811761 0.0725653 0.846259
0.0857899 9.9991E-05 0.91411
0.0589465 9.9991E-05 0.940953
0.0891719 0.0389598 0.871868
0.147677 0.0358192 0.816503
0.0636206 9.9991E-05 0.936279
0.112316 0.089233 0.798451
0.0824449 0.104199 0.813356
0.0274218 0.149359 0.82322
0.170568 0.0702702 0.759162
0.0986512 0.0334906 0.867858
0.0504118 9.9991E-05 0.949488
9.999E-05 9.999E-05 0.9998
9.999E-05 9.999E-05 0.9998
9.999E-05 9.999E-05 0.9998
9.9991E-05 0.0667673 0.933133
0.700037 0.233279 0.0666847
0.638936 0.360964 9.9991E-05
0.688578 0.240248 0.0711731
0.717153 0.267905 0.0149414
0.625829 0.368951 0.00522023
0.654844 0.298396 0.0467591
0.714981 0.284919 9.9991E-05
0.72342 0.224003 0.0525768
0.664465 0.335435 9.9991E-05
0.616232 0.363286 0.0204817
0.733958 0.265942 9.9991E-05
0.684104 0.313593 0.00230376
0.656104 0.277338 0.0665583
0.629717 0.36271 0.00757311
0.526113 0.428555 0.0453315
0.54283 0.338103 0.119067
0.594393 0.387388 0.0182192
0.599677 0.400223 9.9991E-05
0.514262 0.482592 0.00314596
0.549281 0.396363 0.054356
0.566095 0.38084 0.0530643
0.547817 0.346754 0.105429
0.538434 0.406837 0.0547288
0.595043 0.29844 0.106517
0.544186 0.417413 0.0384015
0.594365 0.313118 0.0925174
0.551471 0.448429 9.9991E-05
0.558829 0.390806 0.0503649
0.553889 0.337985 0.108126
0.553912 0.395889 0.0501987
0.577234 0.355379 0.0673875
0.668695 0.278725 0.0525799
0.506574 0.444486 0.0489403
0.486474 0.350701 0.162826
0.524803 0.400419 0.0747783
0.579506 0.370402 0.0500925
0.603944 0.32136 0.0746967
0.183304 0.72219 0.0945065
9.9991E-05 0.907347 0.0925529
0.108876 0.847934 0.04319
0.0169463 0.905755 0.077299
0.0200398 0.97986 9.9991E-05
0.0774221 0.875021 0.0475567
9.9991E-05 0.953522 0.0463782
0.0511739 0.920287 0.0285388
0.105333 0.744584 0.150083
0.139411 0.75589 0.104699
0.0825556 0.849337 0.0681072
0.0524245 0.92336 0.0242154
0.0139074 0.905172 0.0809205
0.0036627 0.930636 0.0657013
0.0255629 0.950503 0.0239343
0.0707443 0.915392 0.0138639
0.233162 0.754068 0.0127692
0.248346 0.72187 0.0297842
0.173915 0.711154 0.114931
0.225841 0.639524 0.134634
9.999E-05 0.9998 9.999E-05
0.199555 0.717153 0.083292
0.098744 0.901156 9.9991E-05
0.191763 0.72651 0.0817266
0.050352 0.881215 0.0684329
9.9991E-05 0.871447 0.128453
0.439839 0.486447 0.0737136
0.697968 0.273718 0.0283136
0.333556 0.639969 0.0264749
0.130255 0.796624 0.0731211
0.229117 0.714805 0.0560773
0.128702 0.839318 0.0319796
9.9991E-05 0.98496 0.0149403
0.0436908 0.856679 0.0996303
0.117913 0.881987 9.9991E-05
0.216155 0.681534 0.102311
0.201358 0.696609 0.102033
0.181407 0.761842 0.0567512
0.167481 0.701227 0.131292
0.178283 0.748259 0.0734584
0.0235246 0.855134 0.121342
0.0823432 0.875881 0.0417757
0.0611048 0.881289 0.0576058
0.114861 0.80067 0.0844688
0.0886678 0.858254 0.0530779
0.0670666 0.923928 0.00900494
9.9991E-05 0.972164 0.0277356
0.105768 0.828699 0.0655326
0.0633185 0.891422 0.0452594
0.126186 0.80859 0.0652236
0.127368 0.857121 0.0155109
0.0991054 0.862382 0.038513
0.159007 0.770735 0.0702579
9.9991E-05 0.949852 0.0500484
9.999E-05 0.9998 9.999E-05
9.9991E-05 0.963557 0.0363431
0.0957706 0.810437 0.0937923
0.180309 0.760771 0.0589191
0.051414 0.836599 0.111987
9.9991E-05 0.914306 0.0855941
0.0373297 0.878722 0.0839478
0.045509 0.880537 0.0739542
0.108412 0.753474 0.138114
0.333524 0.631775 0.0347002
0.335158 0.664742 9.9991E-05
0.332852 0.664445 0.00270314
0.282665 0.661734 0.0556007
0.353722 0.608246 0.038032
0.404409 0.595491 9.9991E-05
0.34824 0.60588 0.0458806
0.272683 0.632664 0.094653
0.384979 0.598176 0.0168446
0.342051 0.657849 9.9991E-05
0.339121 0.657041 0.00383782
0.905978 0.0435382 0.0504837
0.891322 0.0310256 0.077652
0.923603 0.037315 0.0390824
0.894837 9.9991E-05 0.105063
0.889737 0.0581141 0.0521491
0.882634 0.0466604 0.0707052
0.960961 9.9991E-05 0.0389386
0.959248 0.0406519 9.9991E-05
0.730938 0.173726 0.0953361
0.955572 9.9991E-05 0.0443278
0.929881 9.9991E-05 0.0700192
0.914144 9.9991E-05 0.0857563
0.838796 0.100394 0.0608105
0.772778 0.179236 0.0479865
0.808329 0.0757194 0.115952
0.83356 0.0636233 0.102817
0.957565 9.9991E-05 0.0423354
0.840631 0.0872906 0.072078
0.937776 9.9991E-05 0.0621242
0.896787 0.044749 0.0584637
0.75307 0.13482 0.11211
0.912506 0.0830783 0.0044153
0.934545 0.0119145 0.0535405
0.928465 0.00120736 0.0703278
0.878629 0.0408527 0.080518
0.866885 0.0562513 0.0768634
0.874492 0.00925186 0.116256
0.823686 0.109943 0.066371
0.829861 0.0730483 0.0970909
0.905527 0.0660237 0.0284493
0.994883 0.00501696 9.9991E-05
0.875557 0.041524 0.0829191
0.977311 0.0107434 0.0119455
0.970899 0.0290009 9.9991E-05
0.915541 9.9991E-05 0.0843592
0.629476 0.285809 0.0847153
0.59163 0.285575 0.122795
0.56509 0.254047 0.180863
0.562296 0.317597 0.120107
0.557395 0.300505 0.1421
0.689887 0.310013 9.9991E-05
0.659237 0.288985 0.0517779
0.579407 0.261347 0.159247
