0.809159 9.9991E-05 0.0807656 0.109975
0.9997 9.998E-05 9.998E-05 9.998E-05
0.494666 9.9982E-05 9.9982E-05 0.505134
0.674586 0.210618 9.9991E-05 0.114696
9.9982E-05 9.9982E-05 0.367118 0.632682
0.151175 0.780904 9.9991E-05 0.0678214
9.999E-05 0.0810917 0.0241896 0.894619
0.971818 9.99821E-05 9.99821E-05 0.0279823
9.99821E-05 0.757406 0.242394 9.99821E-05
9.9982E-05 9.9982E-05 0.228202 0.771598
9.99821E-05 9.99821E-05 0.104228 0.895572
0.944503 0.0455147 0.00988231 9.9991E-05
0.0825289 0.0217762 0.444969 0.450726
0.0933741 0.0775545 9.9991E-05 0.828971
9.9982E-05 9.9982E-05 0.562817 0.436983
9.9991E-05 0.181749 0.784619 0.033532
0.859669 0.0916403 9.9991E-05 0.0485908
9.9991E-05 0.293991 0.393922 0.311987
0.0350411 0.964759 9.9982E-05 9.9982E-05
9.9982E-05 0.109606 0.890194 9.9982E-05
0.00541102 0.259327 0.735162 9.9991E-05
0.101729 0.488959 0.409212 9.9991E-05
9.9991E-05 0.125601 0.810283 0.0640163
0.534355 0.133836 0.104385 0.227424
0.176288 0.0191288 9.9991E-05 0.804483
9.9982E-05 9.9982E-05 0.787006 0.212794
0.663915 0.00351329 9.9991E-05 0.332471
9.9991E-05 0.619203 0.146163 0.234534
0.950965 9.99821E-05 0.048835 9.99821E-05
0.267224 0.732576 9.99821E-05 9.99821E-05
9.998E-05 9.998E-05 9.998E-05 0.9997
9.998E-05 9.998E-05 9.998E-05 0.9997
9.9982E-05 9.9982E-05 0.128438 0.871362
9.9982E-05 0.953956 9.9982E-05 0.0458438
0.873137 0.0977872 9.9991E-05 0.0289756
9.9982E-05 0.31067 0.68913 9.9982E-05
9.9982E-05 0.930215 0.0695849 9.9982E-05
0.0263785 0.9503 9.9991E-05 0.0232212
0.12379 0.0856484 0.0787408 0.711821
0.184856 0.814453 9.9991E-05 0.000591566
0.260116 0.739684 9.9982E-05 9.9982E-05
0.799881 0.199919 9.9982E-05 9.9982E-05
9.998E-05 9.998E-05 0.9997 9.998E-05
0.137245 9.9982E-05 9.9982E-05 0.862555
9.99821E-05 9.99821E-05 0.71068 0.28912
0.9997 9.998E-05 9.998E-05 9.998E-05
9.9982E-05 0.424139 0.575661 9.9982E-05
9.99821E-05 0.91275 0.0870498 9.99821E-05
0.150621 9.9991E-05 0.795843 0.0534361
9.9982E-05 0.356762 0.643038 9.9982E-05
