0.92567 9.99353E-05 9.99353E-05 0.00775851 9.99353E-05 0.0408696 9.99353E-05 9.99353E-05 9.99353E-05 0.00100033 0.00683945 0.0170623 9.99353E-05 9.99353E-05
0.685681 9.9919E-05 0.116462 0.0135987 9.9919E-05 0.126353 9.9919E-05 9.9919E-05 0.0570063 9.9919E-05 9.9919E-05 9.9919E-05 9.9919E-05 9.9919E-05
0.757664 9.9946E-05 9.9946E-05 0.0158168 9.9946E-05 0.0708253 0.0288343 0.027126 9.9946E-05 9.9946E-05 0.00365299 0.0294457 9.9946E-05 0.0660356
0.774796 0.00977331 9.9928E-05 9.9928E-05 9.9928E-05 0.0171878 9.9928E-05 9.9928E-05 9.9928E-05 9.9928E-05 0.0211434 0.0147429 9.9928E-05 0.161557
0.76919 0.0148844 9.9937E-05 9.9937E-05 9.9937E-05 9.9937E-05 9.9937E-05 0.10352 0.0595219 9.9937E-05 0.00251449 9.9937E-05 0.011867 0.0378035
0.844093 0.0315217 9.9928E-05 9.9928E-05 0.00915172 0.0794433 9.9928E-05 9.9928E-05 0.0320605 9.9928E-05 9.9928E-05 9.9928E-05 9.9928E-05 0.00293071
0.898074 9.9937E-05 9.9937E-05 0.00749041 0.0189492 9.9937E-05 0.00863546 0.0113874 0.00069883 0.0540655 9.9937E-05 9.9937E-05 9.9937E-05 9.9937E-05
0.796143 0.019366 0.0204375 0.0181894 0.0064275 0.0475098 9.9964E-05 0.0160383 9.9964E-05 0.0448232 9.9964E-05 0.00309656 9.9964E-05 0.0275689
0.738335 0.00478833 0.0425621 9.9946E-05 9.9946E-05 0.0919483 9.9946E-05 0.000541335 0.111297 9.9946E-05 0.0017869 0.00814125 9.9946E-05 9.9946E-05
0.792531 0.0143798 9.9955E-05 0.00859093 0.028529 0.0220839 0.0228567 9.9955E-05 9.9955E-05 0.0581687 0.0124287 9.9955E-05 9.9955E-05 0.0399312
0.693312 0.0264732 9.9946E-05 0.00930083 0.00407833 0.1981 9.9946E-05 9.9946E-05 0.0212466 9.9946E-05 0.0203912 9.9946E-05 9.9946E-05 0.0264978
0.72568 0.0202371 9.9955E-05 0.00596738 0.00888638 0.168648 0.0050565 9.9955E-05 9.9955E-05 9.9955E-05 0.0153706 0.00276107 9.9955E-05 0.0468925
0.759589 9.99281E-05 0.0419856 9.99281E-05 9.99281E-05 0.0864495 0.0630747 0.0400051 9.99281E-05 9.99281E-05 9.99281E-05 0.00809694 9.99281E-05 9.99281E-05
0.663663 9.9946E-05 0.0464912 0.0105832 9.9946E-05 0.0623383 0.062669 9.9946E-05 0.0450758 0.062134 9.9946E-05 9.9946E-05 0.0464463 9.9946E-05
0.772549 9.9928E-05 0.0319309 9.9928E-05 9.9928E-05 9.9928E-05 9.9928E-05 9.9928E-05 0.0208702 9.9928E-05 0.0149871 0.00179748 9.9928E-05 0.157066
0.838247 0.0170321 9.99101E-05 9.99101E-05 9.99101E-05 0.00182706 9.99101E-05 9.99101E-05 0.141895 9.99101E-05 9.99101E-05 9.99101E-05 9.99101E-05 9.99101E-05
0.932103 0.0333989 9.991E-05 9.991E-05 0.025126 9.991E-05 9.991E-05 9.991E-05 9.991E-05 9.991E-05 9.991E-05 9.991E-05 9.991E-05 0.00837289
0.920553 9.9919E-05 9.9919E-05 0.00204874 9.9919E-05 9.9919E-05 9.9919E-05 9.9919E-05 9.9919E-05 9.9919E-05 0.00577305 0.0111896 0.0595364 9.9919E-05
0.918023 9.99011E-05 9.99011E-05 9.99011E-05 9.99011E-05 9.99011E-05 9.99011E-05 9.99011E-05 9.99011E-05 9.99011E-05 9.99011E-05 0.00453126 0.0763465 9.99011E-05
0.890811 0.0201104 9.9928E-05 9.9928E-05 0.00497808 9.9928E-05 9.9928E-05 9.9928E-05 9.9928E-05 9.9928E-05 0.0233441 9.9928E-05 0.0237371 0.0362204
9.9883E-05 9.9883E-05 9.9883E-05 0.998702 9.9883E-05 9.9883E-05 9.9883E-05 9.9883E-05 9.9883E-05 9.9883E-05 9.9883E-05 9.9883E-05 9.9883E-05 9.9883E-05
9.991E-05 9.991E-05 9.991E-05 9.991E-05 9.991E-05 0.138447 0.800791 9.991E-05 9.991E-05 0.0375551 9.991E-05 0.0222075 9.991E-05 9.991E-05
0.000169681 9.991E-05 9.991E-05 9.991E-05 0.0183651 0.06588 0.914586 9.991E-05 9.991E-05 9.991E-05 9.991E-05 9.991E-05 9.991E-05 9.991E-05
9.99099E-05 0.0193235 9.99099E-05 9.99099E-05 9.99099E-05 9.99099E-05 0.931068 9.99099E-05 9.99099E-05 9.99099E-05 0.0379228 9.99099E-05 0.0106864 9.99099E-05
9.9901E-05 9.9901E-05 9.9901E-05 0.000323054 9.9901E-05 9.9901E-05 0.844177 9.9901E-05 9.9901E-05 9.9901E-05 9.9901E-05 9.9901E-05 9.9901E-05 0.154401
9.9892E-05 0.014529 9.9892E-05 9.9892E-05 9.9892E-05 9.9892E-05 0.984272 9.9892E-05 9.9892E-05 9.9892E-05 9.9892E-05 9.9892E-05 9.9892E-05 9.9892E-05
9.991E-05 9.991E-05 9.991E-05 0.0031861 9.991E-05 9.991E-05 0.916355 9.991E-05 9.991E-05 9.991E-05 9.991E-05 0.017928 0.0615313 9.991E-05
9.99009E-05 9.99009E-05 9.99009E-05 0.997609 9.99009E-05 9.99009E-05 9.99009E-05 9.99009E-05 9.99009E-05 0.000753654 9.99009E-05 9.99009E-05 9.99009E-05 0.000538013
9.9901E-05 9.9901E-05 9.9901E-05 0.000800521 0.0104911 9.9901E-05 9.9901E-05 9.9901E-05 9.9901E-05 9.9901E-05 9.9901E-05 9.9901E-05 9.9901E-05 0.98761
9.991E-05 9.991E-05 9.991E-05 9.991E-05 0.0054208 9.991E-05 0.011935 9.991E-05 9.991E-05 9.991E-05 9.991E-05 9.991E-05 0.0415108 0.940134
9.98829E-05 9.98829E-05 9.98829E-05 9.98829E-05 9.98829E-05 9.98829E-05 9.98829E-05 9.98829E-05 9.98829E-05 9.98829E-05 9.98829E-05 9.98829E-05 9.98829E-05 0.998702
9.9937E-05 0.0288237 9.9937E-05 0.0355196 9.9937E-05 9.9937E-05 0.641261 0.112839 0.0133 9.9937E-05 9.9937E-05 9.9937E-05 0.0735818 0.0939756
0.0451042 9.9955E-05 9.9955E-05 0.0316835 0.00701057 9.9955E-05 0.134264 0.00914869 9.9955E-05 0.00906334 9.9955E-05 0.0014598 0.0393662 0.7224
9.99099E-05 9.99099E-05 9.99099E-05 0.00496979 0.00997644 9.99099E-05 9.99099E-05 9.99099E-05 9.99099E-05 9.99099E-05 9.99099E-05 0.0304667 9.99099E-05 0.953588
0.00099725 0.0175678 0.0271003 9.9973E-05 0.0309605 9.9973E-05 0.463886 0.108923 9.9973E-05 0.00943414 0.0199785 0.000693006 0.0373285 0.282831
0.0282713 0.00138721 9.99549E-05 0.000589456 9.99549E-05 0.21734 0.283053 9.99549E-05 9.99549E-05 0.106341 0.0711667 0.0545745 9.99549E-05 0.236777
9.9946E-05 0.0142612 0.0359002 0.00276272 9.9946E-05 9.9946E-05 0.512658 9.9946E-05 9.9946E-05 9.9946E-05 0.0445337 0.0337518 0.120547 0.234985
9.9937E-05 9.9937E-05 9.9937E-05 0.0279034 9.9937E-05 0.137516 0.0331217 0.0837927 9.9937E-05 0.048577 0.0349526 9.9937E-05 0.633437 9.9937E-05
9.994E-05 9.994E-05 0.0364395 9.994E-05 0.00170027 0.0172773 9.994E-05 0.193024 0.00631118 0.0670713 0.0230883 9.994E-05 0.654488 9.994E-05
0.0104844 0.00142231 0.00458715 9.9955E-05 0.00204838 0.100691 9.9955E-05 0.0551848 9.9955E-05 9.9955E-05 9.9955E-05 0.0416623 0.687003 0.0964166
0.0103863 9.9919E-05 0.0497703 9.9919E-05 9.9919E-05 9.9919E-05 0.131114 9.9919E-05 9.9919E-05 9.9919E-05 9.9919E-05 0.0183711 0.789459 9.9919E-05
0.0180076 0.00211327 0.0234662 0.0147208 0.0190526 0.0895939 0.0418968 9.9973E-05 0.0179166 9.9973E-05 0.0145579 0.0461118 0.712263 9.9973E-05
9.9946E-05 9.9946E-05 0.0311613 9.9946E-05 0.0126375 0.0573821 9.9946E-05 9.9946E-05 0.0559529 9.9946E-05 0.0227264 0.00863596 0.753808 0.0570957
0.0460352 0.00855782 0.00898231 0.0115949 0.00225836 0.0919204 0.00427211 0.044407 9.9982E-05 0.191773 0.00539267 0.0221442 0.562462 9.9982E-05
9.9946E-05 9.9946E-05 0.0627638 0.0184436 9.9946E-05 0.0245087 9.9946E-05 9.9946E-05 0.0423547 9.9946E-05 0.052437 0.00295976 0.742053 0.0538801
0.0186396 9.9946E-05 9.9946E-05 9.9946E-05 0.0224609 9.9946E-05 9.9946E-05 0.0756557 0.0284231 0.0348002 0.0229785 9.9946E-05 0.713861 0.0825816
9.9937E-05 0.0187626 0.0412579 9.9937E-05 0.0256945 9.9937E-05 0.0997035 9.9937E-05 0.0179799 9.9937E-05 0.00795538 9.9937E-05 0.787947 9.9937E-05
0.00530638 9.9955E-05 0.0261548 0.00832878 9.9955E-05 0.122258 9.9955E-05 9.9955E-05 9.9955E-05 0.0322765 0.00837618 0.024951 0.735191 0.0366581
9.9928E-05 0.031907 9.9928E-05 0.053767 9.9928E-05 9.9928E-05 9.9928E-05 9.9928E-05 9.9928E-05 9.9928E-05 0.00982078 0.0113007 0.891192 0.00121305
9.9928E-05 9.9928E-05 9.9928E-05 0.0152635 0.0125608 0.39311 9.9928E-05 9.9928E-05 9.9928E-05 0.0494207 9.9928E-05 0.0302437 0.498602 9.9928E-05
0.0103811 0.0217615 9.9946E-05 0.0173157 0.0142455 0.216306 9.9946E-05 0.0629981 9.9946E-05 9.9946E-05 9.9946E-05 0.00205834 0.654334 9.9946E-05
9.9937E-05 0.000890939 9.9937E-05 0.0154826 9.9937E-05 0.0320322 9.9937E-05 9.9937E-05 0.0777152 9.9937E-05 9.9937E-05 0.0430859 0.816164 0.01393
9.99099E-05 9.99099E-05 9.99099E-05 9.99099E-05 0.0512824 9.99099E-05 9.99099E-05 9.99099E-05 9.99099E-05 0.0594088 9.99099E-05 9.99099E-05 0.815347 0.0729631
0.0666994 0.0286638 0.00331592 9.9955E-05 9.9955E-05 0.0579658 0.0514187 9.9955E-05 9.9955E-05 9.9955E-05 0.0313443 0.0106577 0.728574 0.0208611
0.0352557 0.0260717 9.9964E-05 0.0159915 0.0112509 9.9964E-05 9.9964E-05 0.0296352 0.0991869 9.9964E-05 0.00310706 0.0190615 0.737106 0.0229338
9.9955E-05 0.0149756 0.0195562 9.9955E-05 9.9955E-05 0.328018 9.9955E-05 0.00792282 9.9955E-05 0.0548114 0.00670122 0.0238866 0.446551 0.0970774
0.0405813 9.9919E-05 9.9919E-05 0.00849651 0.0362977 9.9919E-05 9.9919E-05 9.9919E-05 9.9919E-05 9.9919E-05 9.9919E-05 9.9919E-05 0.74545 0.168276
9.9964E-05 0.0149265 0.442395 0.00168947 0.00652494 0.278886 0.0133716 0.172354 9.9964E-05 9.9964E-05 0.00730197 0.0108895 0.0512611 9.9964E-05
9.98828E-05 9.98828E-05 9.98828E-05 9.98828E-05 9.98828E-05 9.98828E-05 9.98828E-05 9.98828E-05 9.98828E-05 9.98828E-05 9.98828E-05 0.998702 9.98828E-05 9.98828E-05
9.9937E-05 0.00735758 0.514839 9.9937E-05 0.0561357 0.197942 9.9937E-05 0.155335 9.9937E-05 0.0237903 0.0439004 9.9937E-05 9.9937E-05 9.9937E-05
0.0275337 0.00474892 0.494371 9.9955E-05 0.0169706 0.148549 9.9955E-05 0.183973 9.9955E-05 9.9955E-05 0.0625244 0.0331058 9.9955E-05 0.0277234
9.9946E-05 0.0118559 0.633244 9.9946E-05 0.00913432 0.09155 9.9946E-05 0.138223 0.00978544 9.9946E-05 0.0466333 0.0589744 9.9946E-05 9.9946E-05
9.9946E-05 0.0172864 0.672305 9.9946E-05 0.0223613 9.9946E-05 9.9946E-05 9.9946E-05 9.9946E-05 0.0746802 0.0110146 0.00701991 0.117567 0.0771653
9.9919E-05 0.07118 0.79452 9.9919E-05 0.027848 9.9919E-05 9.9919E-05 9.9919E-05 9.9919E-05 9.9919E-05 9.9919E-05 9.9919E-05 0.0794466 0.0261063
9.98828E-05 9.98828E-05 9.98828E-05 9.98828E-05 9.98828E-05 9.98828E-05 9.98828E-05 9.98828E-05 9.98828E-05 9.98828E-05 9.98828E-05 0.998702 9.98828E-05 9.98828E-05
0.0745227 0.0172441 0.513834 9.9946E-05 0.027908 0.218289 9.9946E-05 0.0889923 9.9946E-05 9.9946E-05 0.0339035 0.0247068 9.9946E-05 9.9946E-05
0.00224643 0.0283094 0.597213 0.0115445 0.0431404 9.9946E-05 9.9946E-05 9.9946E-05 9.9946E-05 0.0881417 9.9946E-05 9.9946E-05 0.0652899 0.163515
9.9946E-05 0.0433306 0.537307 0.000753014 0.0615478 9.9946E-05 9.9946E-05 0.187549 9.9946E-05 0.0864071 9.9946E-05 0.0463063 0.0362001 9.9946E-05
9.9946E-05 0.0154421 0.556989 0.0214162 0.0597308 9.9946E-05 0.128928 0.125213 9.9946E-05 9.9946E-05 0.042141 0.0495408 9.9946E-05 9.9946E-05
0.0372479 0.0332823 0.476305 0.0132928 0.0576109 9.9964E-05 0.0958663 0.0663191 0.0520512 9.9964E-05 0.032515 0.13511 9.9964E-05 9.9964E-05
9.9955E-05 0.0312074 0.705884 9.9955E-05 0.0217205 9.9955E-05 0.0269362 0.00693193 9.9955E-05 9.9955E-05 0.0305245 0.0464124 0.127236 0.00264723
9.994E-05 0.0164366 0.661094 0.0117735 0.0256305 9.994E-05 9.994E-05 0.120515 9.994E-05 9.994E-05 0.0308078 0.00291798 0.130225 9.994E-05
9.9946E-05 9.9946E-05 0.526332 0.0119654 0.00627943 9.9946E-05 0.0770042 0.150323 9.9946E-05 9.9946E-05 0.0595757 0.0926111 0.07531 9.9946E-05
9.9964E-05 0.000223935 0.325649 0.0144597 0.00890794 0.196942 9.9964E-05 0.29688 0.0233112 9.9964E-05 0.0522389 0.0432322 9.9964E-05 0.0377551
9.9955E-05 0.0548116 0.152074 0.0434475 0.00297803 0.0882354 9.9955E-05 0.352546 9.9955E-05 9.9955E-05 0.00727887 0.0489246 0.249204 9.9955E-05
0.0434078 0.0204447 0.453101 9.9964E-05 0.00611448 9.9964E-05 9.9964E-05 0.034635 9.9964E-05 0.0680345 0.0298314 0.0207476 0.281038 0.0422464
0.0804313 0.0226519 0.247383 9.9955E-05 0.00289455 0.00324917 9.9955E-05 0.0786329 9.9955E-05 9.9955E-05 0.0241957 0.0809363 0.459125 9.9955E-05
9.9928E-05 0.0350287 0.848202 0.0028023 0.0231488 9.9928E-05 9.9928E-05 9.9928E-05 9.9928E-05 9.9928E-05 9.9928E-05 0.00341747 0.0866011 9.9928E-05
0.0184168 0.0587056 0.433698 0.023586 0.0707787 9.9964E-05 0.0988471 9.9964E-05 0.0965169 9.9964E-05 0.00111252 0.0538323 0.144106 9.9964E-05
9.995E-05 0.0374143 0.583336 9.995E-05 0.0200229 0.0132233 9.995E-05 0.042541 9.995E-05 9.995E-05 0.0401935 0.0656205 0.192511 0.00463811
0.0308319 0.0756997 0.0882308 0.00644932 0.0231631 9.99639E-05 0.0343195 0.621265 9.99639E-05 9.99639E-05 0.0246404 0.00456493 0.0904359 9.99639E-05
0.0207239 0.0196969 0.551607 0.0166126 0.0668767 0.133788 0.00155278 0.0888102 9.9973E-05 0.025226 9.9973E-05 0.0244264 9.9973E-05 0.0503798
0.0655144 0.00615109 0.672638 9.9955E-05 0.04449 9.9955E-05 9.9955E-05 9.9955E-05 0.00270785 9.9955E-05 0.0413814 0.0177001 0.138252 0.0106658
0.00471805 0.029957 0.224229 0.00359946 0.0760978 9.997E-05 0.105747 9.997E-05 0.124099 0.116635 0.0277135 0.0414072 0.245496 9.997E-05
9.993E-05 0.0216956 0.0418436 9.993E-05 9.993E-05 9.993E-05 9.993E-05 9.993E-05 0.0941338 0.610022 0.0238263 0.0450245 0.162755 9.993E-05
9.9955E-05 0.00616825 0.358401 9.9955E-05 9.9955E-05 0.0195896 9.9955E-05 0.127776 0.0145321 0.124504 9.9955E-05 0.0567381 0.182561 0.109231
0.039385 0.0572725 0.227742 9.9946E-05 9.9946E-05 9.9946E-05 9.9946E-05 0.530533 9.9946E-05 0.0210995 0.0381025 0.0202592 0.0650066 9.9946E-05
0.00191825 0.0932787 0.035674 0.0089275 9.9955E-05 9.9955E-05 9.9955E-05 0.710556 0.0377821 9.9955E-05 0.0245702 0.026287 0.0605063 9.9955E-05
9.9955E-05 9.9955E-05 0.575364 0.00302736 0.038991 9.9955E-05 0.0165661 0.0589983 0.0978117 9.9955E-05 0.0498048 0.060173 0.0987643 9.9955E-05
9.98828E-05 9.98828E-05 9.98828E-05 9.98828E-05 9.98828E-05 9.98828E-05 9.98828E-05 9.98828E-05 9.98828E-05 9.98828E-05 0.998702 9.98828E-05 9.98828E-05 9.98828E-05
9.9937E-05 0.0209499 0.671182 9.9937E-05 0.0282664 9.9937E-05 0.106957 9.9937E-05 0.0032203 9.9937E-05 9.9937E-05 0.0111644 0.157561 9.9937E-05
9.994E-05 0.0181447 0.721498 0.00220238 0.0183231 9.994E-05 9.994E-05 9.994E-05 9.994E-05 0.036722 0.00545902 9.994E-05 0.114816 0.0822359
0.0393817 0.00702732 0.43122 0.0462096 0.0250156 0.231932 9.9964E-05 9.9964E-05 0.110822 9.9964E-05 0.0652268 0.0369748 9.9964E-05 0.00579056
0.0323559 0.0170585 0.434141 9.9928E-05 9.9928E-05 0.364612 0.100711 9.9928E-05 9.9928E-05 9.9928E-05 0.0503222 9.9928E-05 9.9928E-05 9.9928E-05
9.9937E-05 0.0413516 0.560146 9.9937E-05 0.0182651 0.265776 0.0858419 9.9937E-05 0.0257492 9.9937E-05 9.9937E-05 0.0021705 9.9937E-05 9.9937E-05
0.0640757 9.9964E-05 0.439765 0.0120222 0.0167993 0.211998 9.9964E-05 0.0908523 9.9964E-05 0.00665451 0.0354489 0.0686434 9.9964E-05 0.0533411
0.0487378 0.0529115 0.315433 9.9955E-05 9.9955E-05 0.240567 0.0369603 0.148678 9.9955E-05 0.0373084 0.0688993 0.050005 9.9955E-05 9.9955E-05
0.0476034 0.0527092 0.523148 9.9964E-05 0.0133204 9.9964E-05 0.0083331 0.11729 9.9964E-05 9.9964E-05 0.0287506 0.0544961 0.12773 0.0262199
9.9946E-05 0.0407341 0.466676 9.9946E-05 0.0124283 9.9946E-05 0.0223599 0.358399 9.9946E-05 9.9946E-05 0.00100364 0.027411 0.0703878 9.9946E-05
0.0153385 0.0782072 0.524437 9.9955E-05 0.0325205 0.165123 9.9955E-05 0.0291175 9.9955E-05 0.0238493 0.0631095 0.0677975 9.9955E-05 9.9955E-05
0.00576838 9.9946E-05 0.668593 9.9946E-05 0.032067 0.0630201 9.9946E-05 0.0403646 9.9946E-05 0.0592998 0.0413729 9.9946E-05 9.9946E-05 0.0889143
9.9955E-05 0.0297553 0.466736 0.0248225 0.0840784 9.9955E-05 0.00673482 0.130841 9.9955E-05 0.154056 0.0236512 0.0788244 9.9955E-05 9.9955E-05
0.00709297 9.9964E-05 0.818156 0.00644131 0.0106025 9.9964E-05 0.0125155 0.0115212 0.0962699 9.9964E-05 0.0204353 0.00992319 0.00664207 9.9964E-05
9.98829E-05 9.98829E-05 9.98829E-05 9.98829E-05 0.998702 9.98829E-05 9.98829E-05 9.98829E-05 9.98829E-05 9.98829E-05 9.98829E-05 9.98829E-05 9.98829E-05 9.98829E-05
0.0418439 0.0470685 0.332337 0.0117155 0.0287618 9.9973E-05 0.028041 0.202468 9.9973E-05 0.12281 0.0524089 0.0950965 0.0371498 9.9973E-05
0.0121317 0.00926442 0.741842 0.000652669 0.0370891 0.0342462 0.0190322 9.9973E-05 9.9973E-05 9.9973E-05 0.028964 0.00424556 0.0512181 0.0610139
0.0379383 9.9937E-05 0.643183 9.9937E-05 0.0166166 0.0975937 9.9937E-05 0.0453502 9.9937E-05 0.110164 0.0484549 9.9937E-05 9.9937E-05 9.9937E-05
9.9928E-05 0.00493298 0.69533 9.9928E-05 9.9928E-05 0.0571403 9.9928E-05 9.9928E-05 0.103073 9.9928E-05 0.0509996 9.9928E-05 0.0877245 9.9928E-05
0.025198 0.0345237 0.508092 9.9955E-05 9.9955E-05 0.0462762 9.9955E-05 0.280724 9.9955E-05 9.9955E-05 0.0488797 0.00746999 0.0181115 0.0302248
0.0409542 0.0124414 0.544571 0.0128692 9.99553E-05 0.0818186 0.0313014 0.223675 9.99553E-05 9.99553E-05 0.0127034 9.99553E-05 9.99553E-05 0.0391663
9.98828E-05 0.998702 9.98828E-05 9.98828E-05 9.98828E-05 9.98828E-05 9.98828E-05 9.98828E-05 9.98828E-05 9.98828E-05 9.98828E-05 9.98828E-05 9.98828E-05 9.98828E-05
9.98829E-05 9.98829E-05 9.98829E-05 9.98829E-05 0.998702 9.98829E-05 9.98829E-05 9.98829E-05 9.98829E-05 9.98829E-05 9.98829E-05 9.98829E-05 9.98829E-05 9.98829E-05
9.98828E-05 0.998702 9.98828E-05 9.98828E-05 9.98828E-05 9.98828E-05 9.98828E-05 9.98828E-05 9.98828E-05 9.98828E-05 9.98828E-05 9.98828E-05 9.98828E-05 9.98828E-05
0.0222293 0.0167303 0.539085 0.00121431 9.9946E-05 0.218117 9.9946E-05 9.9946E-05 0.0375579 9.9946E-05 0.0884715 0.075995 9.9946E-05 9.9946E-05
0.0227245 0.0710696 0.487778 0.0154343 0.022343 0.115873 9.996E-05 9.996E-05 0.0750882 9.996E-05 0.0825174 0.0332269 9.996E-05 0.0735454
0.0419823 0.0319713 0.441499 9.9964E-05 0.0208877 0.123651 0.0717662 0.155168 9.9964E-05 0.00508597 0.0682908 0.0392976 9.9964E-05 9.9964E-05
0.0406223 0.0633832 0.644588 0.0301667 0.0497232 0.0325998 9.9964E-05 0.0414852 9.9964E-05 9.9964E-05 0.0220438 0.0268969 0.0480909 9.9964E-05
9.9946E-05 0.0075406 0.585574 0.0196194 0.0323065 9.9946E-05 9.9946E-05 0.0119585 9.9946E-05 9.9946E-05 9.9946E-05 0.0373737 0.174667 0.13036
9.98828E-05 9.98828E-05 9.98828E-05 9.98828E-05 9.98828E-05 9.98828E-05 9.98828E-05 9.98828E-05 9.98828E-05 9.98828E-05 0.998702 9.98828E-05 9.98828E-05 9.98828E-05
0.0424642 0.0271488 0.391016 0.00478714 0.0398368 0.171817 0.0216269 0.110306 9.9982E-05 0.0668398 0.0586886 0.0262393 0.0390289 9.9982E-05
9.9937E-05 9.9937E-05 0.0418733 0.017296 0.000377794 0.0564063 0.00764432 0.803042 9.9937E-05 9.9937E-05 9.9937E-05 0.0726603 9.9937E-05 9.9937E-05
9.991E-05 0.0138534 9.991E-05 9.991E-05 0.00616437 0.06897 9.991E-05 0.910013 9.991E-05 9.991E-05 9.991E-05 9.991E-05 9.991E-05 9.991E-05
9.9928E-05 0.0236135 9.9928E-05 0.0158261 0.0342077 9.9928E-05 9.9928E-05 0.842571 9.9928E-05 9.9928E-05 0.00497247 9.9928E-05 9.9928E-05 0.0780097
9.9919E-05 9.9919E-05 0.0192916 9.9919E-05 9.9919E-05 0.0909582 9.9919E-05 0.747489 9.9919E-05 9.9919E-05 0.011147 9.9919E-05 9.9919E-05 0.130214
9.9946E-05 0.000996204 0.15529 0.00219578 0.0378724 9.9946E-05 9.9946E-05 0.45816 0.0390826 9.9946E-05 9.9946E-05 9.9946E-05 0.0435717 0.262231
9.9928E-05 9.9928E-05 9.9928E-05 9.9928E-05 9.9928E-05 9.9928E-05 0.0115779 0.718852 0.0665198 9.9928E-05 0.0146464 0.0336916 9.9928E-05 0.153913
9.991E-05 9.991E-05 9.991E-05 9.991E-05 0.00274172 9.991E-05 9.991E-05 0.91786 0.0389408 9.991E-05 9.991E-05 9.991E-05 9.991E-05 0.0394584
0.0163204 9.9937E-05 9.9937E-05 9.9937E-05 0.00532011 0.0404346 0.0251008 0.869767 9.9937E-05 9.9937E-05 0.00854633 9.9937E-05 9.9937E-05 0.0338113
9.9928E-05 0.0186503 9.9928E-05 9.9928E-05 0.0149788 0.0184417 9.9928E-05 0.628657 9.9928E-05 9.9928E-05 9.9928E-05 9.9928E-05 0.0667749 0.251698
9.9955E-05 0.0104526 0.0476229 0.0246814 0.0246187 9.9955E-05 0.0350795 0.765507 0.0276269 9.9955E-05 9.9955E-05 0.0205446 0.0433669 9.9955E-05
9.995E-05 0.00277965 0.015269 9.995E-05 9.995E-05 9.995E-05 0.0813517 0.704859 9.995E-05 0.0241807 0.023102 0.0222775 0.0256529 0.100028
9.9946E-05 0.0341912 9.9946E-05 9.9946E-05 0.0193967 9.9946E-05 0.111768 0.0128008 0.779554 9.9946E-05 0.0127291 0.00798644 0.0209739 9.9946E-05
0.0188515 9.9946E-05 9.9946E-05 0.00864294 0.0229587 9.9946E-05 9.9946E-05 0.0905132 0.547968 0.256729 9.9946E-05 9.9946E-05 0.0464036 0.00733318
9.9964E-05 9.9964E-05 0.0594156 0.0177685 0.0100313 0.140551 0.0477517 0.0165439 0.601617 0.061261 9.9964E-05 0.0165726 0.0280872 9.9964E-05
0.0323519 0.011026 9.9946E-05 0.00847571 9.9946E-05 9.9946E-05 0.0187149 9.9946E-05 0.784947 0.0117633 0.00371601 9.9946E-05 0.128406 9.9946E-05
0.0350851 9.9928E-05 0.0678543 0.0576947 9.9928E-05 9.9928E-05 9.9928E-05 9.9928E-05 0.582093 0.136919 9.9928E-05 9.9928E-05 0.119554 9.9928E-05
0.00890188 0.0101888 0.0892586 0.0147479 0.0164744 0.0529553 9.9964E-05 0.00298306 0.62173 0.081199 9.9964E-05 9.9964E-05 9.9964E-05 0.101161
0.00309885 0.00476606 9.9928E-05 9.9928E-05 0.0687737 9.9928E-05 9.9928E-05 9.9928E-05 0.729403 9.9928E-05 9.9928E-05 9.9928E-05 0.0697511 0.123408
9.9955E-05 9.9955E-05 9.9955E-05 0.0322282 0.0311215 9.9955E-05 0.010801 0.0564491 0.722158 0.130163 0.00980065 0.00158678 9.9955E-05 0.00519158
0.00250846 0.0719489 0.0043494 0.011083 0.00590952 0.233278 9.9973E-05 0.0392832 0.542948 9.9973E-05 0.0537506 0.00966465 9.9973E-05 0.0249761
9.99191E-05 9.99191E-05 9.99191E-05 9.99191E-05 0.0133801 9.99191E-05 0.0238014 0.0397742 0.703966 9.99191E-05 9.99191E-05 9.99191E-05 0.218179 9.99191E-05
9.9937E-05 9.9937E-05 9.9937E-05 0.0287643 0.0118325 9.9937E-05 0.0060464 0.0168783 0.806304 9.9937E-05 9.9937E-05 0.0267497 0.102726 9.9937E-05
0.0152175 0.00893943 9.9946E-05 0.00439507 9.9946E-05 9.9946E-05 0.00804852 9.9946E-05 0.192759 0.569673 9.9946E-05 0.0197438 0.180624 9.9946E-05
0.0216492 0.0256021 9.9964E-05 0.00217171 9.9964E-05 0.190101 9.9964E-05 0.0583041 0.601435 0.00478136 9.9964E-05 0.0285501 0.0431616 0.0238437
9.9964E-05 0.00861713 0.0243778 0.0104579 9.9964E-05 0.133376 9.9964E-05 0.117266 0.422568 0.113124 0.031729 0.0278606 0.110224 9.9964E-05
9.9928E-05 0.0105466 9.9928E-05 9.9928E-05 9.9928E-05 9.9928E-05 0.00164879 9.9928E-05 9.9928E-05 0.862865 0.0196701 0.0430126 9.9928E-05 0.061457
0.0301809 9.9919E-05 9.9919E-05 9.9919E-05 9.9919E-05 0.0576462 9.9919E-05 9.9919E-05 9.9919E-05 0.885076 0.00632976 0.0198678 9.9919E-05 9.9919E-05
9.9892E-05 9.9892E-05 9.9892E-05 9.9892E-05 9.9892E-05 9.9892E-05 9.9892E-05 9.9892E-05 9.9892E-05 0.964286 9.9892E-05 0.0345157 9.9892E-05 9.9892E-05
9.9928E-05 0.00582631 9.9928E-05 9.9928E-05 0.0242169 9.9928E-05 9.9928E-05 9.9928E-05 0.0825478 0.856009 0.00094769 9.9928E-05 0.0296526 9.9928E-05
9.98831E-05 9.98831E-05 9.98831E-05 9.98831E-05 9.98831E-05 9.98831E-05 9.98831E-05 9.98831E-05 9.98831E-05 0.998702 9.98831E-05 9.98831E-05 9.98831E-05 9.98831E-05
9.9919E-05 9.9919E-05 0.0120652 0.0122289 9.9919E-05 0.160151 9.9919E-05 9.9919E-05 9.9919E-05 0.811394 0.00326146 9.9919E-05 9.9919E-05 9.9919E-05
0.039107 9.9928E-05 9.9928E-05 9.9928E-05 0.0210341 0.0865784 9.9928E-05 0.0592163 9.9928E-05 0.789596 9.9928E-05 9.9928E-05 9.9928E-05 0.00366888
9.9946E-05 0.0339074 9.9946E-05 9.9946E-05 0.0144476 0.00422233 0.0410095 0.0374526 0.0665506 0.797315 9.9946E-05 9.9946E-05 0.00449501 9.9946E-05
0.00472077 0.0427601 9.9955E-05 9.9955E-05 0.0185297 0.0715474 9.9955E-05 0.00881571 0.648486 0.132381 0.0148733 9.9955E-05 9.9955E-05 0.0573862
0.0138855 0.00138076 9.9946E-05 9.9946E-05 0.00085426 0.141235 9.9946E-05 9.9946E-05 0.674913 0.00662138 0.0202503 9.9946E-05 9.9946E-05 0.140261
9.99478E-05 9.99478E-05 9.99478E-05 0.00666507 0.0343223 0.240118 9.99478E-05 9.99478E-05 0.576347 0.0211874 0.0322181 0.0379567 9.99478E-05 0.0505861
0.0100127 9.9928E-05 0.133413 9.9928E-05 9.9928E-05 0.0744472 0.0121057 9.9928E-05 0.691409 9.9928E-05 9.9928E-05 9.9928E-05 9.9928E-05 0.0778125
9.99369E-05 0.0209836 9.99369E-05 0.036275 9.99369E-05 0.211808 9.99369E-05 9.99369E-05 0.669569 9.99369E-05 0.026183 0.0163495 9.99369E-05 0.0181316
0.0220585 9.9928E-05 9.9928E-05 9.9928E-05 0.0230666 0.266081 9.9928E-05 9.9928E-05 0.604321 9.9928E-05 9.9928E-05 0.0637479 9.9928E-05 0.0199255
0.0277041 0.0207103 9.9973E-05 0.0108336 9.9973E-05 0.195783 0.0124389 0.016598 0.31172 0.348416 0.00402684 0.0163913 9.9973E-05 0.0350778
9.99201E-05 9.99201E-05 9.99201E-05 9.99201E-05 0.020933 9.99201E-05 9.99201E-05 9.99201E-05 0.769363 9.99201E-05 0.0363728 0.0103915 0.0856944 0.0764458
9.9946E-05 0.0125893 9.9946E-05 9.9946E-05 0.0387495 9.9946E-05 0.00713655 9.9946E-05 0.80055 0.00263407 0.0012603 0.0438746 0.0926059 9.9946E-05
0.0391814 9.9937E-05 0.0326411 9.9937E-05 9.9937E-05 0.0694164 0.0535986 9.9937E-05 0.668256 0.0401588 9.9937E-05 9.9937E-05 0.0960485 9.9937E-05
9.9946E-05 9.9946E-05 9.9946E-05 0.0034774 9.9946E-05 9.9946E-05 0.0936766 0.00634263 0.561219 0.142674 0.0219921 9.9946E-05 0.125673 0.0443459
9.9937E-05 0.0388447 9.9937E-05 0.0207689 0.0373067 9.9937E-05 0.028636 9.9937E-05 0.630792 0.203347 9.9937E-05 0.0396052 9.9937E-05 9.9937E-05
9.9928E-05 0.0131358 0.0302555 0.0334911 0.00259644 9.9928E-05 9.9928E-05 9.9928E-05 0.864182 9.9928E-05 0.0555401 9.9928E-05 9.9928E-05 9.9928E-05
9.9892E-05 9.9892E-05 9.9892E-05 9.9892E-05 9.9892E-05 0.880658 9.9892E-05 9.9892E-05 9.9892E-05 9.9892E-05 9.9892E-05 9.9892E-05 0.118143 9.9892E-05
9.991E-05 9.991E-05 9.991E-05 9.991E-05 0.00193459 0.957102 0.0139153 9.991E-05 9.991E-05 9.991E-05 0.0260489 9.991E-05 9.991E-05 9.991E-05
0.0275196 0.0160784 9.9928E-05 9.9928E-05 0.00851517 0.937002 9.9928E-05 9.9928E-05 9.9928E-05 9.9928E-05 0.00375961 0.00632557 9.9928E-05 9.9928E-05
0.0468789 0.000131389 9.9937E-05 9.9937E-05 0.0291893 0.779401 9.9937E-05 9.9937E-05 9.9937E-05 0.0247451 9.9937E-05 0.0124506 0.106504 9.9937E-05
9.991E-05 9.991E-05 0.0190225 9.991E-05 0.0018563 0.960149 9.991E-05 9.991E-05 9.991E-05 9.991E-05 9.991E-05 9.991E-05 0.0179732 9.991E-05
9.9937E-05 0.00850039 9.9937E-05 0.00350472 0.02505 0.440668 0.100587 9.9937E-05 9.9937E-05 9.9937E-05 0.00347591 9.9937E-05 0.417515 9.9937E-05
9.9901E-05 9.9901E-05 9.9901E-05 9.9901E-05 9.9901E-05 0.776566 9.9901E-05 9.9901E-05 9.9901E-05 9.9901E-05 0.000749841 9.9901E-05 0.221585 9.9901E-05
0.0585202 9.9919E-05 9.9919E-05 9.9919E-05 9.9919E-05 0.487993 0.184015 0.0424387 9.9919E-05 9.9919E-05 9.9919E-05 9.9919E-05 0.226134 9.9919E-05
