9.9973E-05 9.9973E-05 0.0137729 0.687021 9.9973E-05 0.298906
0.171476 9.9973E-05 0.00668112 0.821543 9.9973E-05 9.9973E-05
9.997E-05 9.997E-05 0.0492074 0.390913 9.997E-05 0.559579
0.918398 0.0812017 9.99641E-05 9.99641E-05 9.99641E-05 9.99641E-05
0.0553093 9.9973E-05 9.9973E-05 9.9973E-05 0.826426 0.117964
9.9973E-05 0.9217 9.9973E-05 0.0156689 9.9973E-05 0.0623313
0.165306 9.9982E-05 0.113331 9.9982E-05 0.113424 0.60774
0.0579061 9.9973E-05 9.9973E-05 0.850533 9.9973E-05 0.0912606
9.99641E-05 0.457931 0.541669 9.99641E-05 9.99641E-05 9.99641E-05
9.99641E-05 9.99641E-05 9.99641E-05 9.99641E-05 0.850694 0.148906
9.99642E-05 9.99642E-05 9.99642E-05 9.99642E-05 0.344224 0.655376
9.9964E-05 0.101709 9.9964E-05 0.897891 9.9964E-05 9.9964E-05
0.0460417 0.0823348 0.00564682 0.0413204 0.62127 0.203387
0.252781 9.99641E-05 9.99641E-05 9.99641E-05 9.99641E-05 0.746819
9.99641E-05 0.00761033 9.99641E-05 9.99641E-05 0.99199 9.99641E-05
9.996E-05 9.996E-05 0.911202 9.996E-05 9.996E-05 0.0883977
0.253998 0.085885 9.9973E-05 0.659817 9.9973E-05 9.9973E-05
9.9982E-05 0.206818 0.362353 9.9982E-05 0.228397 0.202232
9.996E-05 0.9995 9.996E-05 9.996E-05 9.996E-05 9.996E-05
0.0144488 9.99641E-05 0.985151 9.99641E-05 9.99641E-05 9.99641E-05
0.00543267 0.0174518 0.864323 0.0399805 0.0727122 9.9991E-05
9.99731E-05 0.258868 0.562974 0.177858 9.99731E-05 9.99731E-05
9.99641E-05 9.99641E-05 0.741622 9.99641E-05 0.257978 9.99641E-05
0.824076 9.9982E-05 0.168007 9.9982E-05 0.00545689 0.00225944
0.0610151 0.0967671 9.9973E-05 9.9973E-05 9.9973E-05 0.841918
9.9964E-05 9.9964E-05 0.216236 9.9964E-05 0.783364 9.9964E-05
0.9995 9.996E-05 9.996E-05 9.996E-05 9.996E-05 9.996E-05
0.0493519 0.609417 9.99821E-05 9.99821E-05 0.275888 0.065143
9.99642E-05 9.99642E-05 0.0325518 0.967048 9.99642E-05 9.99642E-05
0.0234059 0.719579 9.99731E-05 0.256716 9.99731E-05 9.99731E-05
9.996E-05 9.996E-05 9.996E-05 9.996E-05 9.996E-05 0.9995
9.996E-05 9.996E-05 9.996E-05 9.996E-05 9.996E-05 0.9995
9.9964E-05 9.9964E-05 9.9964E-05 9.9964E-05 0.470795 0.528805
9.99731E-05 0.904994 0.0360555 9.99731E-05 9.99731E-05 0.0586501
0.724827 9.9964E-05 9.9964E-05 0.274773 9.9964E-05 9.9964E-05
9.99641E-05 9.99641E-05 0.994508 9.99641E-05 9.99641E-05 0.00509177
9.9964E-05 0.673297 0.326303 9.9964E-05 9.9964E-05 9.9964E-05
9.9973E-05 0.898935 0.0779069 9.9973E-05 9.9973E-05 0.0228583
9.998E-05 0.124754 9.998E-05 0.028798 0.161573 0.684675
0.14001 0.822521 9.99731E-05 9.99731E-05 0.037169 9.99731E-05
9.9964E-05 0.800805 9.9964E-05 0.198795 9.9964E-05 9.9964E-05
9.9964E-05 0.13122 9.9964E-05 0.86838 9.9964E-05 9.9964E-05
9.99641E-05 9.99641E-05 0.743608 9.99641E-05 0.255992 9.99641E-05
9.996E-05 9.996E-05 9.996E-05 9.996E-05 9.996E-05 0.9995
9.99641E-05 9.99641E-05 0.073221 9.99641E-05 0.926379 9.99641E-05
0.202864 9.99731E-05 0.0591309 0.737706 9.99731E-05 9.99731E-05
9.99641E-05 0.115666 0.883935 9.99641E-05 9.99641E-05 9.99641E-05
9.99641E-05 0.773574 0.226026 9.99641E-05 9.99641E-05 9.99641E-05
0.0440796 9.9982E-05 0.156108 0.0740267 0.725586 9.9982E-05
9.99731E-05 0.188938 0.695735 9.99731E-05 0.115027 9.99731E-05
