9.9964E-05 0.992721 9.9964E-05 9.9964E-05 9.9964E-05 0.00687962
0.111953 0.792244 9.9982E-05 0.0567057 0.0388973 9.9982E-05
0.0257677 0.805868 0.128488 0.0396767 9.9982E-05 9.9982E-05
0.107354 0.822576 0.0697699 9.9973E-05 9.9973E-05 9.9973E-05
0.0473398 0.846412 0.00859212 0.0328688 0.051345 0.0134425
0.0645546 0.901647 0.0114385 9.9982E-05 9.9982E-05 0.02216
0.0760692 0.923531 9.9964E-05 9.9964E-05 9.9964E-05 9.9964E-05
0.0911812 0.874065 0.0309243 0.00362991 9.9982E-05 9.9982E-05
0.14881 0.822064 9.9973E-05 0.0288259 9.9973E-05 9.9973E-05
0.0640325 0.856059 0.0558558 9.9982E-05 0.0238526 9.9982E-05
0.0886098 0.776187 0.0634512 0.0514464 0.0202054 9.9991E-05
0.0200433 0.821204 0.063127 0.0532416 0.0144956 0.0278889
9.999E-05 0.833994 0.0574183 0.0231796 0.0321412 0.0531665
0.139646 0.712298 0.0778622 0.0252492 0.00551682 0.0394275
0.0516845 0.823978 0.0669352 0.0572026 9.9982E-05 9.9982E-05
0.0891957 0.902583 9.9973E-05 9.9973E-05 9.9973E-05 0.00792163
9.9964E-05 0.990182 9.9964E-05 9.9964E-05 0.00941833 9.9964E-05
9.996E-05 0.9995 9.996E-05 9.996E-05 9.996E-05 9.996E-05
9.9964E-05 0.982049 9.9964E-05 9.9964E-05 9.9964E-05 0.017551
9.9973E-05 0.943452 0.0147416 9.9973E-05 0.041507 9.9973E-05
9.996E-05 9.996E-05 0.9995 9.996E-05 9.996E-05 9.996E-05
0.10615 9.9991E-05 0.680594 0.0619327 0.000231916 0.150991
0.0837552 0.0209583 0.714235 0.0371823 0.0164857 0.127384
9.9973E-05 9.9973E-05 0.8145 9.9973E-05 0.0424633 0.142737
0.00368782 9.9982E-05 0.960532 0.0268806 0.00869931 9.9982E-05
9.999E-05 0.0339069 0.905756 0.00542661 0.00755961 0.0472504
0.0548108 9.9991E-05 0.766564 0.0530142 0.00774444 0.117766
9.996E-05 9.996E-05 0.9995 9.996E-05 9.996E-05 9.996E-05
0.127725 9.9991E-05 0.791478 0.0256137 0.0453014 0.0097824
0.102559 9.9991E-05 0.631908 0.115943 0.0323933 0.117097
0.178658 9.9973E-05 0.754621 0.0664215 9.9973E-05 9.9973E-05
0.0778958 9.9982E-05 0.737147 0.045845 9.9982E-05 0.138912
0.0374549 0.0563693 0.775362 0.0520705 9.9991E-05 0.0786436
0.173077 9.9982E-05 0.664351 0.117846 0.0445252 9.9982E-05
0.0508708 0.0399778 0.633773 0.187206 0.0776467 0.010526
0.264167 0.0837292 0.440007 0.180311 0.0316854 9.9991E-05
9.9991E-05 0.0101092 0.649246 0.160798 0.0347769 0.14497
9.9982E-05 9.9982E-05 0.0821469 0.0655596 0.00266459 0.849429
0.0883152 9.9982E-05 9.9982E-05 0.105047 0.103437 0.703001
0.0187617 0.0177176 0.00765844 0.141423 0.0111652 0.803274
0.0333026 0.020169 0.00027836 0.135144 9.9991E-05 0.811006
9.9991E-05 0.0376292 0.00590251 0.0446213 0.0840224 0.827725
0.0406486 0.0237272 0.0018544 0.0197002 0.0668399 0.84723
0.155392 0.0289475 9.9991E-05 0.0615067 0.049705 0.704348
0.0114814 9.9991E-05 0.0784381 0.0379771 0.050363 0.82164
0.0708338 0.015461 0.0523465 9.9991E-05 0.0662015 0.795057
9.9973E-05 9.9973E-05 9.9973E-05 0.0675321 0.0574861 0.874682
0.0140918 0.0193875 0.0207263 0.0438103 0.0299376 0.872046
9.9982E-05 0.00884108 0.0122334 9.9982E-05 0.00462947 0.974096
0.0881659 0.0210126 0.0153457 0.0269425 0.0233422 0.825191
0.0148431 0.0292313 0.0107974 0.0464514 0.0235878 0.875089
0.0230659 9.9973E-05 9.9973E-05 0.0910854 9.9973E-05 0.885549
9.9973E-05 0.00383898 9.9973E-05 9.9973E-05 0.111291 0.88457
9.9982E-05 0.10058 9.9982E-05 0.0572672 0.00966621 0.832286
0.0293343 0.0479628 0.021438 0.0339845 0.0520657 0.815215
0.0444401 0.0196802 0.0478957 0.127234 0.00670912 0.75404
9.9982E-05 0.0621534 0.0600968 9.9982E-05 0.0735784 0.803972
0.0307837 0.0245474 0.0604181 0.585725 0.0953824 0.203143
9.9973E-05 0.0657991 9.9973E-05 0.87798 0.0559214 9.9973E-05
0.0896443 0.0282219 0.0518073 0.564448 0.226933 0.0389451
9.9991E-05 0.0653353 0.0455843 0.595585 0.21136 0.0820355
0.0312502 9.9991E-05 0.000741488 0.817802 0.14456 0.00554665
0.0381516 0.0355303 0.00908359 0.695763 0.130912 0.090559
0.0161238 0.0153974 0.0167789 0.790143 0.125743 0.0358134
9.9982E-05 0.0131239 0.0224589 0.869524 0.0946935 9.9982E-05
0.0946211 0.13793 9.9991E-05 0.591665 0.118896 0.0567885
0.0373113 0.050545 0.12983 0.60705 0.122076 0.0531881
9.9991E-05 0.024765 0.0445029 0.715895 0.150687 0.0640502
9.9973E-05 9.9973E-05 0.142272 0.700174 0.157253 9.9973E-05
0.0397422 0.0562071 0.108421 0.649781 0.145749 9.9991E-05
9.9991E-05 0.0162267 0.00838514 0.770351 0.128264 0.0766727
9.9982E-05 9.9982E-05 0.0356451 0.756851 0.123372 0.0839327
9.9991E-05 0.0239691 0.0990352 0.663635 0.148834 0.0644261
0.128975 0.0269149 0.116722 0.59626 0.131028 9.9991E-05
9.9982E-05 9.9982E-05 0.0770624 0.513964 0.077485 0.331289
9.9991E-05 0.0532076 0.0474062 0.537394 0.0899601 0.271932
9.9982E-05 0.091003 9.9982E-05 0.398522 0.0621458 0.448129
9.9982E-05 0.0039072 9.9982E-05 0.816033 0.119249 0.0606108
0.0261714 0.062725 0.0934063 0.490634 0.165173 0.16189
9.9973E-05 9.9973E-05 9.9973E-05 0.658722 0.165664 0.175315
9.9991E-05 0.0569159 0.071613 0.585672 0.125185 0.160514
0.0363106 0.0245973 0.0809993 0.695876 0.138546 0.0236709
9.9982E-05 0.0924976 9.9982E-05 0.628298 0.190536 0.0884684
0.222705 0.0497171 0.0365597 0.268167 0.14099 0.281862
0.631333 0.018868 9.9991E-05 0.1658 0.0312177 0.152681
0.172233 0.0219449 0.102244 0.497191 0.0587443 0.147643
0.0961706 0.0430326 9.9991E-05 0.614984 0.148866 0.096847
0.145009 9.9991E-05 0.02965 0.660371 0.0729965 0.0918743
0.0911943 0.0431413 0.038663 0.617969 0.162465 0.0465673
9.9973E-05 9.9973E-05 0.0470485 0.0298245 0.922827 9.9973E-05
9.9982E-05 9.9982E-05 0.045005 0.663856 0.126914 0.164026
0.0490587 9.9991E-05 0.0196972 0.706087 0.112757 0.112299
0.167996 0.102073 0.0816772 0.506345 0.141809 9.9991E-05
0.115534 0.0772839 0.140248 0.509054 0.140006 0.0178755
0.15543 0.0152096 0.0300863 0.690668 0.108505 9.9991E-05
0.117638 0.102786 0.0945693 0.576916 0.107991 9.9991E-05
0.169495 0.0558224 0.0215448 0.623993 0.129045 9.9991E-05
9.9982E-05 0.068284 9.9982E-05 0.727156 0.109578 0.094783
9.9991E-05 0.00880895 0.0965105 0.745944 0.106016 0.0426207
0.0191052 0.0330836 9.9991E-05 0.695538 0.16013 0.0920436
0.0950201 0.047069 0.0861675 0.65003 0.121613 9.9991E-05
0.147073 0.0348465 9.9982E-05 0.560539 0.257341 9.9982E-05
0.0561136 0.0151889 0.0494958 0.759216 0.100755 0.019231
9.996E-05 9.996E-05 9.996E-05 9.996E-05 0.9995 9.996E-05
0.0967558 0.0963095 0.0563193 0.578815 0.166572 0.00522851
9.9991E-05 0.0555995 0.0653325 0.675086 0.14637 0.057512
0.0985591 0.0854816 9.9991E-05 0.600605 0.182784 0.0324702
0.0201729 0.032763 9.9991E-05 0.665152 0.117401 0.164411
0.00616741 0.0541217 0.02695 0.728765 0.110044 0.0739514
0.00483906 0.068453 0.111048 0.686362 0.086692 0.0426065
9.9964E-05 9.9964E-05 9.9964E-05 0.918685 0.0809154 9.9964E-05
9.996E-05 9.996E-05 9.996E-05 9.996E-05 0.9995 9.996E-05
9.9973E-05 9.9973E-05 9.9973E-05 0.92555 0.0576795 0.0164703
0.118777 0.0395112 9.9991E-05 0.649294 0.168142 0.0241749
0.107525 0.0371733 0.0857404 0.543225 0.208663 0.0176724
0.103485 0.0838931 0.0567892 0.603391 0.152342 9.9991E-05
9.9991E-05 0.0773594 0.0194372 0.733716 0.122911 0.0464757
9.9991E-05 0.0234802 0.0374621 0.694044 0.111504 0.133409
0.0619072 0.0683264 9.9982E-05 9.9982E-05 0.863643 0.00592329
0.0672332 0.0993831 0.0215526 0.506212 0.18776 0.117859
0.126068 0.00577031 0.195415 0.584107 0.0885399 9.9991E-05
0.16179 9.9991E-05 0.176255 0.508505 0.129861 0.0234883
0.0830998 0.00719211 0.25562 0.451606 0.151276 0.0512063
0.14906 0.0394488 0.226836 0.465174 0.119382 9.9991E-05
0.168402 0.00785229 0.219473 0.464799 0.124684 0.0147899
0.182341 9.9991E-05 0.301637 0.405067 0.0999502 0.0109048
0.196197 0.0540765 0.274127 0.348118 0.106329 0.0211525
0.0815912 0.0673816 0.252152 0.482052 0.116723 9.9991E-05
0.171392 0.00507602 0.215302 0.409239 0.0829714 0.11602
0.119842 0.0480144 0.154693 0.475538 0.125259 0.0766532
0.103103 0.0174643 0.268198 0.484757 0.0893362 0.0371411
0.788612 0.0136579 0.0868474 9.9991E-05 0.0612409 0.0495422
0.804941 0.0248518 0.0911602 9.9991E-05 0.0705875 0.00835964
0.722474 0.0123973 0.102111 0.0739405 9.9991E-05 0.0889768
0.737895 0.058223 0.0481449 9.9982E-05 9.9982E-05 0.155537
0.761023 0.064156 9.9991E-05 0.0401005 0.0272475 0.107373
0.734946 0.0678658 0.0791064 0.091412 0.0240414 0.00262884
0.754463 9.9982E-05 0.0586061 9.9982E-05 0.0712274 0.115503
0.847835 9.9991E-05 0.07238 0.035043 0.0398619 0.00478028
0.574896 0.0602795 0.0648 0.0989848 0.0546043 0.146436
0.691779 0.0185713 0.0491931 9.9991E-05 0.0271603 0.213196
0.793958 0.0187221 0.0525445 0.0234313 9.9991E-05 0.111245
0.739762 0.0606109 9.9973E-05 9.9973E-05 9.9973E-05 0.199327
0.653003 0.0726117 0.0209503 0.102236 0.0155321 0.135667
0.635391 0.0378338 9.9991E-05 0.174014 0.0531674 0.0994942
0.729369 0.084187 0.0629928 0.086283 0.0370684 9.9991E-05
0.772995 0.140167 0.00394315 0.0411194 0.0416758 9.9991E-05
0.883502 9.9982E-05 9.9982E-05 0.0619163 0.0227687 0.031613
0.786539 0.0773282 9.9991E-05 0.0432522 0.00461954 0.0881614
0.857473 0.0644457 0.0459968 9.9991E-05 0.0234578 0.00852632
0.734517 0.0231422 0.101474 9.9991E-05 0.0398909 0.100877
0.721447 0.0775724 0.0994138 0.0259681 0.0722889 0.00330986
0.791657 9.9991E-05 0.0530697 0.0378498 0.0251147 0.0922092
0.823401 0.035761 0.0237606 0.0442799 0.0726978 9.9991E-05
0.793265 0.0418298 0.05665 9.9991E-05 0.0560075 0.0521477
0.744493 0.042801 0.083811 9.9982E-05 0.128695 9.9982E-05
0.74272 0.0341346 0.100515 0.114516 0.00801458 9.9991E-05
0.749435 0.0560442 0.067011 0.0253952 0.0274442 0.0746708
0.772539 0.0984377 0.0162943 0.0872776 0.00531341 0.0201376
0.65694 0.0704475 0.077689 0.0927941 0.00668911 0.09544
0.784601 9.9982E-05 0.0499148 9.9982E-05 0.0621893 0.103095
0.779973 9.9973E-05 9.9973E-05 9.9973E-05 0.0638842 0.155843
0.701713 0.0453241 0.0100219 0.0461995 0.0317788 0.164962
0.711555 9.9982E-05 0.113709 0.0123566 9.9982E-05 0.16218
0.828682 9.9982E-05 0.090751 0.0162751 0.0640915 9.9982E-05
0.836304 0.0240833 0.101003 0.0237269 0.0147829 9.9991E-05
0.167874 0.0446497 0.0666846 0.0174285 0.00582216 0.697541
0.171886 0.0570356 0.120694 9.9991E-05 0.0760043 0.57428
0.149281 0.101472 0.119121 0.0302297 0.0817124 0.518183
0.180067 0.129604 0.0525978 0.0415196 0.0636306 0.532581
0.0939114 0.112309 0.0549507 0.0971285 0.0270782 0.614622
0.0508089 9.9982E-05 0.11301 9.9982E-05 0.0647752 0.771206
0.0707556 9.9982E-05 0.0417277 9.9982E-05 0.0588535 0.828463
0.0379155 0.1119 0.200457 0.0351202 9.9991E-05 0.614508
