9.9973E-05 9.9973E-05 0.0496093 0.950091 9.9973E-05
0.0273812 0.0120919 9.9991E-05 0.82145 0.138977
0.0619061 9.9982E-05 9.9982E-05 0.826262 0.111631
0.0106948 9.9982E-05 9.9982E-05 0.837684 0.151421
0.00823914 9.9991E-05 0.0101165 0.857907 0.123637
9.9982E-05 9.9982E-05 0.00764598 0.894088 0.0980663
9.9982E-05 9.9982E-05 0.0204313 0.905106 0.074263
0.0173899 0.00432116 9.9991E-05 0.848516 0.129673
0.0252561 0.0212363 9.9991E-05 0.827856 0.125551
0.0734029 9.9982E-05 9.9982E-05 0.851794 0.0746035
0.0149585 9.9982E-05 9.9982E-05 0.837874 0.146968
0.0203809 9.9982E-05 9.9982E-05 0.823048 0.156371
0.0266698 0.0471382 9.9991E-05 0.82799 0.0981018
0.0705693 9.9991E-05 0.00246101 0.8018 0.12507
0.0435684 9.9982E-05 9.9982E-05 0.887447 0.0687849
0.00436182 9.9982E-05 9.9982E-05 0.894175 0.101263
9.9973E-05 0.0552377 9.9973E-05 0.944462 9.9973E-05
9.9982E-05 0.00435176 0.0808688 0.91458 9.9982E-05
9.9982E-05 0.022456 0.0440786 0.933265 9.9982E-05
9.9982E-05 0.0529645 0.0487841 0.898051 9.9982E-05
0.9996 9.997E-05 9.997E-05 9.997E-05 9.997E-05
0.898438 9.9982E-05 0.0578222 9.9982E-05 0.0435403
0.799362 9.9991E-05 0.106659 0.0519016 0.0419775
0.843786 0.0300621 0.0989603 9.9991E-05 0.0270919
0.962946 0.0197049 9.9982E-05 0.0171487 9.9982E-05
0.969028 9.9973E-05 0.0306719 9.9973E-05 9.9973E-05
0.857819 9.9982E-05 0.133313 9.9982E-05 0.00866838
0.9996 9.997E-05 9.997E-05 9.997E-05 9.997E-05
0.755682 0.0745659 0.019099 9.9991E-05 0.150553
0.615688 0.130316 0.137793 0.00834255 0.10786
0.69604 0.0855317 9.9982E-05 9.9982E-05 0.218228
0.719251 0.0844941 0.0998594 9.9991E-05 0.096296
0.662586 0.102806 0.0915816 0.0434167 0.0996098
0.614124 0.197886 0.00500622 9.9991E-05 0.182884
0.584132 0.231809 9.9991E-05 0.0175818 0.166377
0.561061 0.148834 0.00851505 0.0432275 0.238363
0.545231 0.199095 0.181714 0.00910021 0.0648604
0.0770546 0.0982193 0.783283 0.0270483 0.0143953
9.9982E-05 0.223261 0.770946 9.9982E-05 0.00559297
0.0350447 0.097185 0.795225 0.0102783 0.062267
0.040078 0.124325 0.731134 0.00374161 0.100721
0.0271688 0.0965963 0.84774 0.0246323 0.003863
0.0495881 0.0892963 0.850629 0.0103863 9.9991E-05
9.9991E-05 0.0937484 0.689281 0.066883 0.149987
0.0364783 0.152585 0.772444 9.9991E-05 0.0383932
0.0302711 0.027497 0.849515 0.0348468 0.0578698
9.9973E-05 0.134123 0.865577 9.9973E-05 9.9973E-05
9.9991E-05 0.120931 0.869854 0.00518184 0.00393359
0.0152395 0.000766821 0.934991 0.048903 9.9991E-05
9.9991E-05 0.105685 0.761258 0.00961049 0.123347
0.00466042 0.108656 0.865337 9.9991E-05 0.0212469
0.0385424 0.0630615 0.898196 9.9982E-05 9.9982E-05
9.9973E-05 0.108262 0.891438 9.9973E-05 9.9973E-05
0.0199579 0.131608 0.801861 0.0464726 9.9991E-05
0.0373835 0.142841 0.745914 0.0361175 0.0377437
0.0257684 0.102365 0.763473 0.0323413 0.0760516
0.0393334 0.0857278 0.766247 0.0649269 0.0437652
0.0777613 0.624322 0.163054 0.0453008 0.0895617
0.0548975 0.881259 9.9982E-05 0.0636436 9.9982E-05
0.0633207 0.793586 0.0358461 0.0276664 0.0795807
0.0131925 0.798264 0.133897 0.0545459 9.9991E-05
0.0146945 0.887453 0.015781 9.9991E-05 0.0819717
0.0254662 0.796763 0.113703 0.0298889 0.0341796
9.9991E-05 0.870608 0.0661671 0.041173 0.0219516
0.0485212 0.901434 0.0421126 0.00783186 9.9991E-05
9.9991E-05 0.740568 0.0634752 0.0919063 0.103951
0.0966745 0.732689 0.107611 0.024881 0.0381449
0.00989014 0.867709 0.0154187 0.0145696 0.092413
0.138299 0.799718 0.0353247 0.0122608 0.0143967
0.0816968 0.829205 9.9991E-05 0.0477017 0.0412966
0.0116386 0.868655 0.119506 9.9982E-05 9.9982E-05
0.00858673 0.815238 0.158339 0.0177362 9.9991E-05
0.0967022 0.835947 0.0458988 0.0213525 9.9991E-05
0.0927593 0.696539 0.0187706 0.0276637 0.164268
0.109438 0.545815 0.344548 9.9982E-05 9.9982E-05
0.0492672 0.619281 0.250921 0.0589036 0.0216276
9.9982E-05 0.453942 0.481348 0.0645101 9.9982E-05
9.9991E-05 0.929375 0.036819 0.0308846 0.00282181
0.0659716 0.675613 0.142246 0.0484907 0.0676786
9.9982E-05 0.803596 0.114043 9.9982E-05 0.0821615
0.0664592 0.736983 0.160267 0.0289489 0.00734174
0.0708134 0.719342 0.116679 0.0386628 0.0545028
9.9991E-05 0.851682 0.102683 0.0427135 0.0028209
9.9991E-05 0.457609 0.335536 0.0381347 0.16862
9.9982E-05 0.215413 0.216126 9.9982E-05 0.568261
0.0667499 0.587817 0.116093 0.0169 0.21244
0.0150415 0.682982 0.171342 0.013204 0.117431
0.0146432 0.669843 0.16221 9.9991E-05 0.153204
0.0269005 0.760624 0.191337 0.0047332 0.0164057
0.00526263 0.892505 0.0564384 0.0255287 0.020265
0.0395058 0.751062 0.137317 0.0240637 0.0480507
0.0135262 0.77519 0.120576 9.9991E-05 0.0906072
0.0953632 0.641506 9.9991E-05 0.0403394 0.222691
0.15822 0.636594 0.0343537 0.0695987 0.101234
0.059807 0.774725 9.9991E-05 0.00692182 0.158447
0.0969198 0.649899 0.0517996 0.0854308 0.11595
9.9991E-05 0.712206 0.0574276 0.0358888 0.194377
0.00845413 0.792482 0.148124 0.0508394 9.9991E-05
0.0931913 0.854177 0.0412015 0.0113304 9.9991E-05
9.9982E-05 0.861391 0.113922 0.0244872 9.9982E-05
0.140602 0.727259 0.0740364 0.016197 0.0419055
9.9982E-05 0.811964 9.9982E-05 0.00583734 0.181999
0.0543189 0.854704 0.0800422 0.000787872 0.0101473
9.9982E-05 0.938771 9.9982E-05 0.0351055 0.0259235
0.0401429 0.736068 9.9991E-05 0.06638 0.157309
0.0317606 0.844851 0.0853583 0.0280214 0.0100091
9.9991E-05 0.72623 0.0918816 0.089805 0.0919836
9.9982E-05 0.742967 0.200963 9.9982E-05 0.05587
0.0414506 0.761009 0.0416141 0.028308 0.127618
0.13626 0.75056 0.0842528 0.00814114 0.0207865
0.00158856 0.881453 0.0925365 0.0243215 9.9991E-05
9.9982E-05 0.98388 9.9982E-05 0.0102705 0.00564967
0.0442025 0.852093 0.0959773 0.00192729 0.00579967
0.0137089 0.748138 0.0728474 0.0387923 0.126514
0.063848 0.750855 9.9991E-05 0.0586402 0.126557
0.0687137 0.722283 0.0816234 0.0653679 0.0620122
0.00408599 0.814047 0.142504 0.0389631 0.000399783
0.00995191 0.767798 0.217344 0.00480647 9.9991E-05
0.00704583 0.773221 0.043186 0.0566015 0.119946
9.9991E-05 0.685935 0.166192 0.0477506 0.100023
0.178674 0.515447 9.9991E-05 0.040244 0.265535
0.193169 0.54538 0.0348574 9.9991E-05 0.226493
0.247629 0.509173 0.0174882 0.0214846 0.204225
0.207673 0.483073 9.9991E-05 0.0320407 0.277114
0.194576 0.526163 9.9991E-05 0.0259199 0.253241
0.245419 0.49184 9.9991E-05 0.0221145 0.240526
0.239661 0.464698 0.0543675 0.0294661 0.211807
0.263974 0.498562 9.9991E-05 0.0691887 0.168176
0.187989 0.416125 0.148275 0.0284222 0.219189
0.196207 0.530779 0.0489343 9.9991E-05 0.22398
0.257805 0.499823 0.0984049 9.9991E-05 0.143866
0.0781439 0.0334991 0.103563 9.9991E-05 0.784694
0.0664051 0.0604569 0.122861 0.00751425 0.742763
0.0566805 0.0416544 0.0557308 0.0422346 0.8037
0.0499807 9.9991E-05 0.186655 0.0427861 0.720479
0.0171147 9.9991E-05 0.218709 0.0486617 0.715415
0.052471 0.0724649 0.0445949 0.0519082 0.778561
0.0839373 9.9991E-05 0.162077 0.00151966 0.752366
0.077893 0.0890554 0.0452396 0.00107303 0.786739
0.0863147 0.0389737 0.0610832 0.0746665 0.738962
0.0692143 0.0472144 0.18448 0.00840597 0.690685
0.0969567 0.0387256 0.147631 0.0213023 0.695384
0.0105057 9.9991E-05 0.188336 0.0475978 0.753461
0.0657805 0.0173275 0.0739312 0.0447338 0.798227
9.9991E-05 0.0911521 0.0674977 0.0359579 0.805292
0.00430642 0.0798259 9.9991E-05 0.0850826 0.830685
0.00332853 0.0118687 0.0230335 0.0881625 0.873607
9.9982E-05 0.0461715 0.129583 9.9982E-05 0.824045
0.0168893 0.055741 0.0571712 0.0988129 0.771386
0.0578287 9.9991E-05 0.0636401 0.0816477 0.796783
0.0514036 0.0187403 0.0250357 0.0360298 0.868791
0.0687367 0.00373529 9.9991E-05 0.0850687 0.842359
0.0849304 0.0249658 0.111347 0.0423359 0.736421
9.9982E-05 0.0278988 9.9982E-05 0.0414802 0.930421
0.0341367 9.9991E-05 0.0974118 0.0473707 0.820981
0.0383985 9.9982E-05 9.9982E-05 0.0824481 0.878953
0.0932982 0.0730207 9.9991E-05 0.0224564 0.811125
0.0753227 0.0131822 9.9991E-05 0.0565313 0.854864
9.9982E-05 9.9982E-05 0.0634499 0.0947051 0.841645
0.0105236 0.028404 0.0887731 0.0637143 0.808585
0.0743846 0.0012279 0.101456 9.9991E-05 0.822832
0.00448462 0.00800433 0.142859 9.9991E-05 0.844552
0.0369668 9.9991E-05 0.16737 0.0479446 0.747618
0.0609409 0.0232084 0.144118 0.000902072 0.770831
0.0594189 0.0243897 0.031736 0.0301381 0.854317
0.0562571 0.0144896 0.082302 0.0437009 0.80325
0.101551 9.9991E-05 0.709447 0.00878827 0.180114
0.152291 9.9991E-05 0.653818 0.00682089 0.18697
0.143337 9.9991E-05 0.62729 0.0653097 0.163963
0.131622 9.9991E-05 0.594816 0.11075 0.162713
0.10446 9.9991E-05 0.698833 0.0813144 0.115292
0.139845 0.0135324 0.720504 0.0219525 0.104167
0.109123 9.9991E-05 0.826199 0.00478084 0.0597977
0.180781 9.9991E-05 0.665597 0.0926897 0.0608324
