9.9982E-05 0.0200581 0.0121022 0.96764 9.9982E-05
0.0412393 0.00317434 9.9991E-05 0.811699 0.143788
9.9982E-05 0.132078 9.9982E-05 0.827799 0.0399232
9.9982E-05 0.0424792 9.9982E-05 0.837539 0.119782
9.9982E-05 0.054612 9.9982E-05 0.833011 0.112177
9.9973E-05 9.9973E-05 9.9973E-05 0.86114 0.13856
9.9973E-05 9.9973E-05 9.9973E-05 0.927485 0.0722152
0.0254902 9.9982E-05 9.9982E-05 0.838555 0.135754
0.0161928 0.0426095 9.9991E-05 0.798832 0.142265
0.0236586 0.0755685 9.9991E-05 0.841226 0.0594466
9.9982E-05 0.0631507 9.9982E-05 0.833737 0.102913
9.9982E-05 0.0422139 9.9982E-05 0.839819 0.117767
0.0465146 0.0445934 9.9991E-05 0.811939 0.0968526
9.9982E-05 0.104952 9.9982E-05 0.777556 0.117293
9.9982E-05 0.0611983 9.9982E-05 0.843599 0.0950029
9.9982E-05 9.9982E-05 0.0149238 0.866086 0.11879
0.0283007 9.9982E-05 0.0118918 0.959608 9.9982E-05
9.9973E-05 9.9973E-05 0.0894758 0.910224 9.9973E-05
0.0350916 9.9982E-05 0.0554244 0.909284 9.9982E-05
0.0768448 0.00378079 0.035088 0.884186 9.9991E-05
9.997E-05 0.9996 9.997E-05 9.997E-05 9.997E-05
9.9973E-05 0.876533 0.123167 9.9973E-05 9.9973E-05
0.0155055 0.798543 0.0733055 0.0582359 0.0544102
9.9982E-05 0.822173 0.171361 0.00626591 9.9982E-05
0.0384566 0.940819 9.9991E-05 0.000366027 0.0202585
0.0390313 0.955881 9.9982E-05 0.00488789 9.9982E-05
0.00841774 0.839707 0.151675 9.9982E-05 9.9982E-05
9.9973E-05 0.975166 9.9973E-05 9.9973E-05 0.0245341
0.0633979 0.725444 0.047148 9.9991E-05 0.16391
0.11022 0.616064 0.178419 0.0162053 0.0790921
0.0335105 0.729588 9.9982E-05 9.9982E-05 0.236701
0.108314 0.681519 0.104152 9.9991E-05 0.105915
0.111458 0.666204 0.0981819 0.0153079 0.108848
0.214445 0.607498 9.9982E-05 9.9982E-05 0.177857
0.206338 0.608108 0.032853 0.0334222 0.119278
0.167636 0.538736 0.0342629 0.0661798 0.193186
0.160814 0.542589 0.208927 0.0040792 0.0835904
0.116818 0.0223767 0.795839 0.015642 0.0493244
0.224154 9.9982E-05 0.711382 9.9982E-05 0.0642632
0.127718 0.0152104 0.768881 0.0076081 0.0805825
0.131514 0.0122458 0.777098 0.0108507 0.0682905
0.141998 0.0331445 0.77399 0.0376457 0.0132215
0.0975166 0.030512 0.868835 0.00303679 9.9991E-05
0.101218 9.9991E-05 0.667778 0.0553988 0.175506
0.149595 0.0285379 0.809327 9.9991E-05 0.0124406
0.0238482 0.0237267 0.799839 0.0614471 0.0911387
0.135637 9.9982E-05 0.862432 9.9982E-05 0.001731
0.112527 9.9982E-05 0.85772 9.9982E-05 0.0295532
0.0308425 0.0288069 0.909853 0.0262444 0.00425336
0.104786 9.9982E-05 0.834515 9.9982E-05 0.0604991
0.0830063 0.0263306 0.888641 9.9991E-05 0.00192248
0.0900932 0.0161526 0.893158 0.000496341 9.9991E-05
0.158114 9.9982E-05 0.83075 9.9982E-05 0.0109352
0.0817945 0.0255098 0.845647 0.0469487 9.9991E-05
0.121748 9.9991E-05 0.751121 0.0264214 0.10061
0.142145 0.0588462 0.719719 0.00695092 0.0723389
0.10273 0.0139027 0.769275 0.0406218 0.0734708
0.650861 0.0963773 0.150376 0.0341069 0.0682791
0.868265 9.9982E-05 9.9982E-05 0.0603845 0.0711506
0.722901 0.0717693 0.0981247 0.0518655 0.0553393
0.727515 0.0428 0.18909 0.0404943 9.9991E-05
0.821438 0.0219158 0.145597 9.9991E-05 0.0109502
0.735221 0.0491079 0.157141 0.0535404 0.0049903
0.878539 0.0189236 0.0251206 0.032941 0.0444757
0.872269 0.0146123 0.10519 9.9991E-05 0.00782873
0.709263 9.9991E-05 0.0554159 0.114519 0.120702
0.737084 0.109304 0.0842727 0.0287023 0.0406379
0.796796 0.0457172 0.054382 0.0332664 0.0698386
0.823068 0.0918737 0.0489293 0.00511282 0.0310166
0.819542 0.0421077 9.9991E-05 0.0427145 0.0955359
0.851811 9.9982E-05 0.136756 0.011233 9.9982E-05
0.781103 0.0216429 0.170187 0.0269663 9.9991E-05
0.796243 0.100696 0.0806305 0.0223302 9.9991E-05
0.685112 0.0817161 0.0568031 0.0247196 0.151649
0.520426 0.130167 0.349207 9.9982E-05 9.9982E-05
0.62949 0.0380129 0.252287 0.048095 0.0321145
0.42891 9.9982E-05 0.50597 0.0649196 9.9982E-05
0.917374 9.9991E-05 0.0426074 0.0189757 0.0209432
0.653594 0.0498023 0.17615 0.0792355 0.0412182
0.7644 0.0150728 0.167618 9.9991E-05 0.0528095
0.707954 0.0227335 0.18201 0.0527321 0.0345706
0.74714 0.0504457 0.0975061 0.0542222 0.0506862
0.825443 9.9982E-05 0.151285 0.0230715 9.9982E-05
0.454304 0.00928038 0.306584 9.9991E-05 0.229731
0.149823 9.9982E-05 0.288235 9.9982E-05 0.561742
0.513815 0.101593 0.170152 0.0183016 0.196139
0.669028 0.00172927 0.151964 0.0419403 0.135339
0.631188 9.9991E-05 0.255041 0.00970718 0.103964
0.754661 0.0356325 0.135115 0.018907 0.0556847
0.843984 0.00532951 0.0823105 0.0170791 0.051297
0.745534 0.0806126 0.101843 0.0399154 0.0320957
0.758178 9.9982E-05 0.144026 9.9982E-05 0.0975959
0.649752 0.0712576 0.0750759 0.0274364 0.176478
0.616354 0.154567 0.038817 0.0802039 0.110058
0.721542 0.0560726 0.0194887 0.0257926 0.177104
0.65014 0.0646081 0.060431 0.0896575 0.135163
0.701748 9.9991E-05 0.115436 0.0358261 0.146889
0.734446 0.0396451 0.155134 0.0309684 0.0398065
0.80864 0.079622 0.0975453 0.0140931 9.9991E-05
0.838177 9.9982E-05 0.139786 0.0218367 9.9982E-05
0.749914 0.119432 0.0817896 0.017487 0.0313775
0.753362 9.9991E-05 0.0701067 0.023019 0.153413
0.827542 0.0353532 0.134564 0.00244113 9.9991E-05
0.902397 9.9982E-05 9.9982E-05 0.034561 0.0628422
0.705695 0.0524957 0.0225264 0.0996936 0.119589
0.793645 0.00513582 0.159219 0.0241408 0.0178598
0.730676 0.0011122 0.0910468 0.0692234 0.107942
0.73683 9.9991E-05 0.222613 0.00612892 0.0343278
0.750283 0.0149202 0.064181 0.0657874 0.104829
0.709538 0.10143 0.148936 0.0269542 0.0131414
0.859371 9.9991E-05 0.105214 0.00848583 0.0268289
0.948576 9.9982E-05 9.9982E-05 0.00830163 0.0429223
0.856186 9.9982E-05 0.110319 9.9982E-05 0.0332951
0.77424 0.00682259 0.082758 0.0443723 0.0918069
0.689482 0.122397 9.9991E-05 0.0510909 0.136931
0.704003 0.0383834 0.117556 0.0574565 0.0826005
0.79427 9.9991E-05 0.10555 0.0375798 0.0625
0.779647 0.020078 0.180501 0.0196733 9.9991E-05
0.7527 9.9991E-05 0.0173009 0.075446 0.154453
0.653567 9.9991E-05 0.148974 0.0800028 0.117356
0.565596 0.173525 0.00176598 0.0340938 0.225019
0.5393 0.175671 0.0636131 9.9991E-05 0.221316
0.486435 0.251325 0.0316636 0.0414076 0.189169
0.473429 0.192211 9.9991E-05 0.0459855 0.288275
0.543102 0.165427 0.00454057 0.0355468 0.251384
0.462368 0.272638 9.9991E-05 0.00462274 0.260271
0.418354 0.234718 0.0784776 0.0417831 0.226667
0.460319 0.231607 9.9991E-05 0.103433 0.204541
0.438462 0.164448 0.175108 0.0208463 0.201136
0.469956 0.215491 0.0223089 0.033657 0.258587
0.501355 0.279557 0.0958087 9.9991E-05 0.123179
0.0862738 0.0260473 0.0631042 0.00226235 0.822312
0.0594087 0.0545658 0.112851 0.0264672 0.746707
0.0270782 0.0555852 0.0743543 0.0703125 0.77267
9.9991E-05 0.0882935 0.179454 0.060743 0.671409
0.030508 0.00281597 0.164959 0.0497502 0.751967
0.0770749 0.098942 0.0178444 0.0458036 0.760335
9.9982E-05 0.0963581 0.137778 9.9982E-05 0.765664
0.071512 0.058787 0.0937871 0.00982574 0.766088
0.0547428 0.103686 0.0908671 0.0762685 0.674435
0.0438897 0.0476927 0.216649 9.9991E-05 0.691669
0.00102725 0.109134 0.147188 0.050256 0.692394
9.9982E-05 9.9982E-05 0.196197 0.0622342 0.741368
0.0219189 0.011566 0.141839 0.0511304 0.773545
0.0703479 9.9991E-05 0.0826037 0.0500036 0.796945
0.0131606 0.0393589 0.00585535 0.11255 0.829075
0.00170876 0.00375341 9.9991E-05 0.100787 0.893651
0.0478055 0.00537017 0.144699 0.0152952 0.78683
0.0622257 9.9991E-05 0.0389377 0.0936169 0.80512
9.9991E-05 0.0157792 0.0936141 0.091441 0.799066
0.014724 0.0527539 0.0432246 0.0432792 0.846018
0.0314099 0.0597626 9.9991E-05 0.0844992 0.824228
0.0722343 0.0323386 0.103166 0.0199389 0.772322
0.034995 9.9982E-05 9.9982E-05 0.0419695 0.922836
0.0380288 0.0505506 0.0629828 0.0520439 0.796394
0.000398341 0.0798842 9.9991E-05 0.0704941 0.849123
0.0822246 0.105405 9.9991E-05 0.0257123 0.786559
0.0117171 0.0926074 0.00725843 0.0569214 0.831496
0.0597227 9.9982E-05 9.9982E-05 0.100959 0.839118
0.038925 0.0561119 0.0784025 0.0607401 0.765821
0.00060761 0.0681133 0.112664 9.9991E-05 0.818515
9.9982E-05 0.0250462 0.153965 9.9982E-05 0.820789
0.0106572 0.0480917 0.0776901 0.0629638 0.800597
0.00194267 0.0477067 0.139899 0.0165506 0.793901
0.0267962 0.0647894 9.9991E-05 0.0158589 0.892455
9.9991E-05 0.059865 0.0295715 0.051328 0.859136
9.9982E-05 0.0857598 0.716632 9.9982E-05 0.197408
9.9991E-05 0.115842 0.699834 0.0335452 0.150679
9.9991E-05 0.143201 0.572541 0.10086 0.183298
9.9991E-05 0.0730975 0.620458 0.10807 0.198274
9.9991E-05 0.124757 0.67903 0.0842634 0.111849
9.9991E-05 0.150788 0.760559 0.00237713 0.0861756
9.9991E-05 0.0959429 0.768391 0.0142728 0.121293
9.9991E-05 0.218075 0.658613 0.0838501 0.0393616
