9.98739E-05 9.98739E-05 9.98739E-05 9.98739E-05 9.98739E-05 9.98739E-05 9.98739E-05 9.98739E-05 9.98739E-05 9.98739E-05 9.98739E-05 9.98739E-05 9.98739E-05 0.998602 9.98739E-05
9.9955E-05 9.9955E-05 0.064039 9.9955E-05 0.0115849 9.9955E-05 0.00333077 9.9955E-05 0.0279881 0.00112613 0.657822 0.0935431 0.0230606 0.0665137 0.0504916
0.0341784 9.99189E-05 9.99189E-05 9.99189E-05 9.99189E-05 9.99189E-05 0.0081322 9.99189E-05 9.99189E-05 0.0289979 0.727563 0.171046 9.99189E-05 0.0291829 9.99189E-05
9.9937E-05 0.0800104 0.000517492 9.9937E-05 9.9937E-05 0.0108041 0.0238791 0.0597584 9.9937E-05 0.0377019 0.776947 9.9937E-05 9.9937E-05 0.00968208 9.9937E-05
9.9946E-05 9.9946E-05 0.0425193 0.0148146 0.0167618 0.0812018 9.9946E-05 0.0162214 9.9946E-05 0.000885859 0.765534 9.9946E-05 9.9946E-05 0.0332181 0.0282433
9.991E-05 0.096613 9.991E-05 0.00876515 9.991E-05 9.991E-05 9.991E-05 0.0202202 0.0214635 9.991E-05 0.851939 9.991E-05 9.991E-05 9.991E-05 9.991E-05
9.98739E-05 9.98739E-05 9.98739E-05 9.98739E-05 9.98739E-05 9.98739E-05 9.98739E-05 9.98739E-05 9.98739E-05 9.98739E-05 9.98739E-05 9.98739E-05 9.98739E-05 0.998602 9.98739E-05
9.9919E-05 9.9919E-05 9.9919E-05 0.0135082 9.9919E-05 9.9919E-05 9.9919E-05 9.9919E-05 9.9919E-05 0.00119436 0.781531 0.175573 9.9919E-05 0.0258039 0.00149009
9.9919E-05 9.9919E-05 9.9919E-05 9.9919E-05 9.9919E-05 0.171776 0.0149235 0.0384487 9.9919E-05 9.9919E-05 0.673783 9.9919E-05 0.0152237 0.0849468 9.9919E-05
0.0156648 9.9928E-05 9.9928E-05 0.0113004 9.9928E-05 0.034619 9.9928E-05 0.14805 9.9928E-05 9.9928E-05 0.757999 9.9928E-05 0.0119317 0.0196349 9.9928E-05
0.0449518 0.0217329 9.9955E-05 9.9955E-05 9.9955E-05 0.0185895 0.037608 0.0326761 0.015427 0.000416789 0.723285 0.102093 0.00272013 9.9955E-05 9.9955E-05
0.029095 9.9937E-05 0.0837055 9.9937E-05 9.9937E-05 9.9937E-05 0.0266662 0.112248 0.0171529 0.00770676 0.683809 9.9937E-05 9.9937E-05 0.0389167 9.9937E-05
0.00959731 0.00623559 9.9937E-05 9.9937E-05 9.9937E-05 0.0632053 9.9937E-05 0.101776 9.9937E-05 9.9937E-05 0.717181 9.9937E-05 0.0406543 0.0302527 0.0303986
0.0921724 0.0797946 9.9955E-05 0.00272255 0.0652184 9.9955E-05 9.9955E-05 0.0326604 9.9955E-05 9.9955E-05 0.701755 0.0116414 0.00217974 0.00547277 0.00588277
0.0180128 9.9928E-05 0.0783406 9.9928E-05 9.9928E-05 0.0697997 9.9928E-05 9.9928E-05 9.9928E-05 9.9928E-05 0.779749 0.00416232 9.9928E-05 0.0208911 0.0282448
9.99011E-05 9.99011E-05 0.0715766 9.99011E-05 9.99011E-05 0.0543235 9.99011E-05 9.99011E-05 9.99011E-05 9.99011E-05 0.858352 9.99011E-05 0.0146494 9.99011E-05 9.99011E-05
9.99101E-05 9.99101E-05 9.99101E-05 0.0095298 0.00617409 9.99101E-05 9.99101E-05 9.99101E-05 0.02865 9.99101E-05 0.917604 9.99101E-05 9.99101E-05 0.0370426 9.99101E-05
9.9892E-05 9.9892E-05 9.9892E-05 9.9892E-05 0.0538574 9.9892E-05 9.9892E-05 9.9892E-05 9.9892E-05 9.9892E-05 0.919315 9.9892E-05 9.9892E-05 0.0256287 9.9892E-05
9.9919E-05 9.9919E-05 9.9919E-05 9.9919E-05 0.0799778 0.000253406 9.9919E-05 9.9919E-05 9.9919E-05 0.000729172 0.872061 9.9919E-05 0.00218021 0.043899 9.9919E-05
9.9901E-05 9.9901E-05 9.9901E-05 0.00224069 0.0689814 9.9901E-05 9.9901E-05 9.9901E-05 0.0122977 9.9901E-05 0.915381 9.9901E-05 9.9901E-05 9.9901E-05 9.9901E-05
0.998602 9.98738E-05 9.98738E-05 9.98738E-05 9.98738E-05 9.98738E-05 9.98738E-05 9.98738E-05 9.98738E-05 9.98738E-05 9.98738E-05 9.98738E-05 9.98738E-05 9.98738E-05 9.98738E-05
0.612405 9.9919E-05 9.9919E-05 9.9919E-05 9.9919E-05 9.9919E-05 9.9919E-05 0.145878 9.9919E-05 0.00819466 9.9919E-05 0.209341 0.0217725 0.00150935 9.9919E-05
0.575784 0.172116 9.9937E-05 0.0240011 9.9937E-05 9.9937E-05 9.9937E-05 0.124713 9.9937E-05 9.9937E-05 0.00726665 9.9937E-05 0.00612185 0.0154164 0.0738811
0.686611 9.991E-05 0.118292 9.991E-05 0.13831 9.991E-05 0.026357 9.991E-05 0.0294309 9.991E-05 9.991E-05 9.991E-05 9.991E-05 9.991E-05 9.991E-05
0.882448 9.9928E-05 9.9928E-05 0.0137886 9.9928E-05 9.9928E-05 9.9928E-05 9.9928E-05 9.9928E-05 9.9928E-05 0.00195193 0.0859391 0.00740891 0.00438794 0.00327637
0.774198 9.9928E-05 9.9928E-05 0.00259638 9.9928E-05 0.125933 9.9928E-05 0.0261263 0.0116515 0.0321892 9.9928E-05 9.9928E-05 9.9928E-05 0.026506 9.9928E-05
0.614634 9.991E-05 9.991E-05 9.991E-05 9.991E-05 0.190403 9.991E-05 0.116896 9.991E-05 9.991E-05 9.991E-05 9.991E-05 9.991E-05 0.00545138 0.0716167
0.998602 9.98738E-05 9.98738E-05 9.98738E-05 9.98738E-05 9.98738E-05 9.98738E-05 9.98738E-05 9.98738E-05 9.98738E-05 9.98738E-05 9.98738E-05 9.98738E-05 9.98738E-05 9.98738E-05
0.622938 0.0290991 0.106107 0.0194235 9.9928E-05 0.115104 0.00382115 9.9928E-05 9.9928E-05 9.9928E-05 9.9928E-05 9.9928E-05 9.9928E-05 9.9928E-05 0.102707
0.491508 0.213894 9.99099E-05 9.99099E-05 9.99099E-05 9.99099E-05 9.99099E-05 0.145461 9.99099E-05 9.99099E-05 9.99099E-05 9.99099E-05 0.0481031 9.99099E-05 0.100035
0.590035 9.9928E-05 0.315196 9.9928E-05 9.9928E-05 9.9928E-05 0.0182937 0.0141774 0.00312259 0.0106871 9.9928E-05 9.9928E-05 9.9928E-05 9.9928E-05 0.0476889
0.643961 0.132061 9.9928E-05 9.9928E-05 0.111167 0.0614551 9.9928E-05 9.9928E-05 0.019993 9.9928E-05 9.9928E-05 9.9928E-05 0.0174619 9.9928E-05 0.0131006
0.625441 0.0632648 0.169133 9.9937E-05 0.0865659 9.9937E-05 9.9937E-05 9.9937E-05 9.9937E-05 0.0101286 0.00256609 9.9937E-05 0.0271662 0.0150349 9.9937E-05
0.571871 9.99189E-05 0.084102 0.0116865 9.99189E-05 9.99189E-05 9.99189E-05 9.99189E-05 9.99189E-05 0.0365048 9.99189E-05 0.237401 0.0575352 9.99189E-05 9.99189E-05
0.480965 9.9964E-05 0.0607047 0.0185694 9.9964E-05 9.9964E-05 0.00903175 9.9964E-05 0.0157914 0.0238837 0.00406397 0.215479 0.0257803 0.00541725 0.139914
0.318319 9.99549E-05 0.218729 9.99549E-05 9.99549E-05 9.99549E-05 0.072682 0.00565488 0.0171321 0.0639197 0.0306845 0.20359 0.00333751 9.99549E-05 0.0654504
0.52978 9.9937E-05 0.0849354 9.9937E-05 0.165795 9.9937E-05 0.0443414 9.9937E-05 0.00409904 0.0476258 9.9937E-05 0.0481188 9.9937E-05 9.9937E-05 0.074605
0.00351747 0.184282 9.9946E-05 9.9946E-05 0.662756 9.9946E-05 0.0273973 0.0712962 0.00669351 0.0119239 9.9946E-05 9.9946E-05 0.000288481 9.9946E-05 0.0312449
9.9928E-05 9.9928E-05 9.9928E-05 9.9928E-05 0.651147 0.0710052 0.0285851 9.9928E-05 9.9928E-05 9.9928E-05 9.9928E-05 0.0985979 0.026279 0.0118949 0.111691
9.9928E-05 0.153269 9.9928E-05 9.9928E-05 0.673661 9.9928E-05 9.9928E-05 0.0297868 9.9928E-05 0.0224812 0.0225235 9.9928E-05 0.0156155 9.9928E-05 0.0818632
9.9937E-05 0.145333 9.9937E-05 9.9937E-05 0.760182 0.0181206 9.9937E-05 9.9937E-05 0.00460788 0.0178107 9.9937E-05 9.9937E-05 0.00178043 0.0378147 0.0136517
9.9937E-05 9.9937E-05 0.228917 0.026162 0.635095 9.9937E-05 0.0088628 0.0375377 9.9937E-05 0.0204667 9.9937E-05 9.9937E-05 0.021145 0.0211147 9.9937E-05
9.9937E-05 9.9937E-05 9.9937E-05 0.0141601 0.74044 0.148512 0.000944276 0.0516472 9.9937E-05 0.0213476 9.9937E-05 9.9937E-05 9.9937E-05 0.00177648 0.0204732
9.9955E-05 9.9955E-05 0.112979 0.00711913 0.440808 9.9955E-05 9.9955E-05 0.186142 0.000212378 0.00292194 0.0126189 0.195018 0.0306045 0.0110753 9.9955E-05
9.9946E-05 9.9946E-05 0.149714 9.9946E-05 0.734732 9.9946E-05 0.0322087 9.9946E-05 0.00269748 0.0106906 9.9946E-05 0.0138399 0.0197579 0.024878 0.0108817
9.99099E-05 9.99099E-05 0.318857 0.00590072 0.625026 9.99099E-05 0.0191216 9.99099E-05 9.99099E-05 9.99099E-05 0.030095 9.99099E-05 9.99099E-05 9.99099E-05 9.99099E-05
9.9919E-05 0.116635 9.9919E-05 0.0206872 0.814628 9.9919E-05 9.9919E-05 9.9919E-05 0.0174887 9.9919E-05 9.9919E-05 9.9919E-05 0.00774492 9.9919E-05 0.0219174
9.9964E-05 0.0209954 0.0201566 0.00189304 0.593889 0.0357356 0.0110215 0.258953 9.9964E-05 0.0120422 9.9964E-05 9.9964E-05 0.0208656 0.0173804 0.00666834
9.9901E-05 9.9901E-05 9.9901E-05 9.9901E-05 0.896676 9.9901E-05 9.9901E-05 9.9901E-05 0.0106693 9.9901E-05 9.9901E-05 0.0741567 9.9901E-05 0.0173988 9.9901E-05
9.9901E-05 9.9901E-05 9.9901E-05 9.9901E-05 0.546605 9.9901E-05 9.9901E-05 0.115234 9.9901E-05 9.9901E-05 9.9901E-05 0.326463 0.0105997 9.9901E-05 9.9901E-05
0.00622917 9.9928E-05 0.0406743 9.9928E-05 0.781747 9.9928E-05 9.9928E-05 9.9928E-05 0.014067 0.00845655 9.9928E-05 0.126511 9.9928E-05 0.0215157 9.9928E-05
9.99011E-05 9.99011E-05 0.187586 9.99011E-05 0.779013 9.99011E-05 9.99011E-05 9.99011E-05 9.99011E-05 0.011158 9.99011E-05 9.99011E-05 9.99011E-05 0.0211443 9.99011E-05
9.9919E-05 9.9919E-05 0.00217282 0.0404646 0.720206 0.0848101 9.9919E-05 0.103593 9.9919E-05 9.9919E-05 9.9919E-05 9.9919E-05 0.0478546 9.9919E-05 9.9919E-05
0.011384 9.9946E-05 9.9946E-05 9.9946E-05 0.731315 9.9946E-05 0.00159887 0.0644384 0.0247479 0.0100466 0.0279879 0.0835089 9.9946E-05 0.044373 9.9946E-05
9.9928E-05 9.9928E-05 9.9928E-05 0.036612 0.695003 0.195363 9.9928E-05 9.9928E-05 0.00143463 0.00830404 0.0408421 9.9928E-05 0.0216423 9.9928E-05 9.9928E-05
0.00376982 9.9946E-05 9.9946E-05 9.9946E-05 0.661726 9.9946E-05 0.00175289 0.0405485 0.0109807 0.0115769 0.0138776 0.221615 9.9946E-05 9.9946E-05 0.0335532
0.0466284 9.9919E-05 9.9919E-05 0.0285283 0.709112 0.153691 9.9919E-05 9.9919E-05 9.9919E-05 9.9919E-05 0.0595312 0.0016097 9.9919E-05 9.9919E-05 9.9919E-05
0.0237403 9.9937E-05 9.9937E-05 9.9937E-05 0.147562 9.9937E-05 0.00164117 9.9937E-05 0.00836785 0.00427766 0.0337589 0.320214 9.9937E-05 9.9937E-05 0.459739
9.98738E-05 9.98738E-05 9.98738E-05 9.98738E-05 9.98738E-05 9.98738E-05 9.98738E-05 9.98738E-05 9.98738E-05 0.998602 9.98738E-05 9.98738E-05 9.98738E-05 9.98738E-05 9.98738E-05
9.9946E-05 9.9946E-05 9.9946E-05 0.0361707 9.9946E-05 9.9946E-05 0.0288193 0.123727 0.000720564 0.00857495 9.9946E-05 0.207516 0.0426206 0.0319052 0.519346
0.00608411 0.0101959 9.9964E-05 0.0212096 0.0447048 9.9964E-05 0.0724462 0.0619957 0.00425427 9.9964E-05 9.9964E-05 0.12669 0.0249602 0.0402397 0.586819
9.9946E-05 0.000307513 9.9946E-05 0.0154906 9.9946E-05 0.0581686 0.0161926 9.9946E-05 0.0190999 0.0433361 9.9946E-05 0.183911 0.0179663 9.9946E-05 0.644927
9.9946E-05 9.9946E-05 0.190309 0.00704277 0.105019 9.9946E-05 0.0253784 9.9946E-05 0.00891033 9.9946E-05 0.0050685 9.9946E-05 0.000188985 0.00459825 0.652885
9.98739E-05 9.98739E-05 9.98739E-05 9.98739E-05 9.98739E-05 9.98739E-05 9.98739E-05 9.98739E-05 9.98739E-05 9.98739E-05 9.98739E-05 9.98739E-05 0.998602 9.98739E-05 9.98739E-05
9.98738E-05 9.98738E-05 9.98738E-05 9.98738E-05 9.98738E-05 9.98738E-05 9.98738E-05 9.98738E-05 9.98738E-05 0.998602 9.98738E-05 9.98738E-05 9.98738E-05 9.98738E-05 9.98738E-05
9.9955E-05 9.9955E-05 9.9955E-05 0.00825635 9.9955E-05 9.9955E-05 0.0328909 0.157981 0.0472611 0.0349554 0.0506266 0.178746 0.0492594 0.0166086 0.422915
0.0504863 0.171351 9.9964E-05 0.0269285 0.0437033 0.00690048 9.9964E-05 9.9964E-05 0.0284977 9.9964E-05 0.0246675 0.0427172 0.0360987 0.0153215 0.552928
9.9937E-05 0.129033 9.9937E-05 0.0425891 9.9937E-05 9.9937E-05 9.9937E-05 0.0217502 0.0316638 0.0461532 9.9937E-05 0.100963 0.0498038 9.9937E-05 0.577344
0.0526039 9.9964E-05 0.107988 0.0445611 0.015556 9.9964E-05 0.0309345 9.9964E-05 0.01525 0.0320205 0.0154543 0.0225477 0.0417141 9.9964E-05 0.620971
0.0325998 9.9973E-05 0.172983 0.0465555 9.9973E-05 9.9973E-05 0.00988781 0.037467 0.0307792 0.121878 0.0142675 0.00739426 0.0562659 0.0181211 0.451501
9.995E-05 0.0922609 9.995E-05 0.0129267 0.0611229 9.995E-05 0.00166842 9.995E-05 0.021091 0.053891 9.995E-05 0.0217211 0.0286386 0.0436827 0.662497
9.9955E-05 9.9955E-05 9.9955E-05 0.0142142 0.0514074 0.16513 0.0145504 0.00267256 0.0274248 0.0285733 9.9955E-05 9.9955E-05 0.0778153 0.0376078 0.580104
0.0325482 0.0841798 0.0025331 0.00398904 0.0357982 9.9964E-05 0.0507436 9.9964E-05 9.9964E-05 0.0967457 9.9964E-05 0.0493671 0.0349157 0.0230043 0.585775
0.00479477 9.9955E-05 0.0360404 0.00458401 9.9955E-05 0.215488 0.0671862 0.110791 0.0157903 0.039961 9.9955E-05 9.9955E-05 9.9955E-05 0.0176127 0.487252
9.9946E-05 9.9946E-05 0.338127 0.00378195 0.198491 9.9946E-05 0.00315078 9.9946E-05 0.0463523 0.0254956 9.9946E-05 9.9946E-05 0.0349614 0.00827916 0.340761
9.994E-05 0.106494 9.994E-05 0.00871197 0.276536 9.994E-05 9.994E-05 9.994E-05 0.0187192 0.029671 0.0764316 0.0288376 0.0114318 9.994E-05 0.442567
9.9937E-05 9.9937E-05 9.9937E-05 0.00891157 0.531351 9.9937E-05 0.00796622 9.9937E-05 0.00745128 0.0553677 0.0882372 9.9937E-05 0.00783767 9.9937E-05 0.292178
9.98739E-05 9.98739E-05 9.98739E-05 9.98739E-05 9.98739E-05 9.98739E-05 9.98739E-05 9.98739E-05 9.98739E-05 9.98739E-05 9.98739E-05 9.98739E-05 0.998602 9.98739E-05 9.98739E-05
0.0350394 9.9955E-05 9.9955E-05 0.0834418 0.167748 0.187517 9.9955E-05 9.9955E-05 0.0436981 0.0635137 0.0356345 9.9955E-05 0.0215536 0.0142529 0.347101
9.9946E-05 0.117434 9.9946E-05 0.0223408 0.139139 9.9946E-05 0.0522031 9.9946E-05 0.0272229 0.0251327 9.9946E-05 0.0369544 0.0871038 9.9946E-05 0.491869
0.0219192 0.225381 9.99369E-05 0.0141905 0.0916483 9.99369E-05 0.0284654 9.99369E-05 0.0462674 9.99369E-05 0.0323821 9.99369E-05 9.99369E-05 9.99369E-05 0.539047
9.9928E-05 9.9928E-05 9.9928E-05 0.0406247 9.9928E-05 9.9928E-05 9.9928E-05 9.9928E-05 0.00729102 0.00553568 9.9928E-05 0.289515 0.00783075 0.0294717 0.618932
9.9946E-05 0.106543 9.9946E-05 0.0204288 0.0869627 9.9946E-05 0.0507144 9.9946E-05 9.9946E-05 0.00240515 0.0749391 9.9946E-05 0.05122 0.0177766 0.58841
0.0219629 0.167271 9.99684E-05 0.0592053 0.268081 0.0551323 0.0118062 9.99684E-05 0.0397158 0.0181734 0.0278214 0.123645 9.99684E-05 9.99684E-05 0.206787
9.991E-05 9.991E-05 9.991E-05 9.991E-05 0.139291 9.991E-05 9.991E-05 9.991E-05 0.0116684 0.0190037 9.991E-05 0.809477 0.0195607 9.991E-05 9.991E-05
0.0156073 9.9937E-05 9.9937E-05 9.9937E-05 0.120931 0.0515166 9.9937E-05 9.9937E-05 0.00884765 0.0621787 9.9937E-05 0.365321 9.9937E-05 0.0241687 0.35073
9.99279E-05 0.257288 9.99279E-05 9.99279E-05 0.0794037 9.99279E-05 0.0352751 9.99279E-05 0.00843325 9.99279E-05 0.0291643 9.99279E-05 0.0383671 9.99279E-05 0.551269
9.9937E-05 0.225826 0.15073 9.9937E-05 0.0639413 9.9937E-05 0.00248073 9.9937E-05 0.0357719 0.000232699 9.9937E-05 9.9937E-05 9.9937E-05 0.00753641 0.512782
9.9946E-05 9.9946E-05 0.0157002 0.0225356 9.9946E-05 0.104044 9.9946E-05 0.0655468 9.9946E-05 0.0406352 0.0127906 0.143618 0.00558405 9.9946E-05 0.588946
9.98738E-05 9.98738E-05 9.98738E-05 9.98738E-05 9.98738E-05 9.98738E-05 0.998602 9.98738E-05 9.98738E-05 9.98738E-05 9.98738E-05 9.98738E-05 9.98738E-05 9.98738E-05 9.98738E-05
9.9937E-05 9.9937E-05 9.9937E-05 0.0309804 0.113059 9.9937E-05 9.9937E-05 9.9937E-05 0.0204079 0.0221726 0.0299524 0.190094 0.0919046 9.9937E-05 0.50073
9.99201E-05 9.99201E-05 9.99201E-05 9.99201E-05 0.0641763 0.0964259 9.99201E-05 9.99201E-05 0.0223281 9.99201E-05 9.99201E-05 0.132543 0.0536606 0.0179608 0.612106
9.9928E-05 9.9928E-05 9.9928E-05 9.9928E-05 9.9928E-05 9.9928E-05 0.0786943 9.9928E-05 0.00828647 0.028755 0.0371691 0.418097 9.9928E-05 0.0248173 0.403381
0.0727743 9.9946E-05 9.9946E-05 9.9946E-05 9.9946E-05 9.9946E-05 0.0920258 0.0701715 0.0454886 9.9946E-05 0.0349674 0.28073 0.00719226 0.0138963 0.382154
9.99279E-05 9.99279E-05 9.99279E-05 9.99279E-05 9.99279E-05 9.99279E-05 0.0114506 0.00244511 0.0131995 9.99279E-05 9.99279E-05 0.42482 0.036011 0.0422872 0.468987
9.9937E-05 9.9937E-05 9.9937E-05 0.00334242 9.9937E-05 9.9937E-05 0.0227388 9.9937E-05 9.9937E-05 0.0563929 0.047159 0.392596 0.0242588 0.0163774 0.436435
9.9964E-05 9.9964E-05 0.0209512 0.0155694 9.9964E-05 9.9964E-05 0.0456125 0.0918073 0.0462797 0.0436342 0.0129511 0.32057 0.0285536 0.00764202 0.366029
9.9955E-05 0.0159799 9.9955E-05 0.00446596 0.137953 9.9955E-05 9.9955E-05 9.9955E-05 0.0199449 0.015861 0.0609585 0.122406 0.0281414 0.00184877 0.59194
0.0201628 0.124249 9.9946E-05 9.9946E-05 0.11338 9.9946E-05 9.9946E-05 9.9946E-05 0.0285497 0.0097162 9.9946E-05 0.0155031 0.0302105 0.00648035 0.651148
9.996E-05 9.996E-05 9.996E-05 0.0216798 0.0182482 0.114632 0.0637898 0.0919142 0.0525003 0.0531332 0.0629052 0.0123747 0.00693441 9.996E-05 0.501489
0.0455935 0.000195964 9.9964E-05 0.0320715 0.0235733 9.9964E-05 0.00358321 0.00899412 0.000623821 0.014654 9.9964E-05 0.248887 9.9964E-05 0.0245015 0.596923
9.9928E-05 9.9928E-05 9.9928E-05 0.0907084 9.9928E-05 9.9928E-05 9.9928E-05 9.9928E-05 0.030011 0.0583543 9.9928E-05 0.311974 0.0757774 0.00415489 0.42822
9.9946E-05 0.0386295 9.9946E-05 9.9946E-05 9.9946E-05 0.173519 0.000403238 0.00154124 0.00806067 0.00848408 0.0117923 9.9946E-05 0.0409393 9.9946E-05 0.716031
9.98739E-05 9.98739E-05 9.98739E-05 0.998602 9.98739E-05 9.98739E-05 9.98739E-05 9.98739E-05 9.98739E-05 9.98739E-05 9.98739E-05 9.98739E-05 9.98739E-05 9.98739E-05 9.98739E-05
9.9964E-05 0.272189 9.9964E-05 0.0374294 0.0587115 9.9964E-05 0.0376228 9.9964E-05 0.0329637 0.0676583 0.0383933 0.00328334 0.0267321 0.0198196 0.404798
0.000624525 9.9955E-05 9.9955E-05 0.0260744 0.041313 9.9955E-05 0.0160187 0.0312326 9.9955E-05 0.00901611 9.9955E-05 0.183377 0.061728 0.0225795 0.607536
9.994E-05 0.133867 0.099596 0.0334185 9.994E-05 9.994E-05 0.0466645 0.0267358 9.994E-05 9.994E-05 0.0492059 9.994E-05 0.0399278 0.022819 0.547166
9.9946E-05 9.9946E-05 9.9946E-05 9.9946E-05 0.11662 0.205319 0.0486094 0.00230907 0.00128898 0.0131522 0.0315277 9.9946E-05 0.0245065 9.9946E-05 0.556068
9.9937E-05 9.9937E-05 9.9937E-05 9.9937E-05 0.0561307 0.155475 0.0280876 9.9937E-05 0.0532699 9.9937E-05 9.9937E-05 0.0573806 0.0120472 0.0244253 0.612484
0.0358515 9.9961E-05 0.0144881 0.012506 9.9961E-05 9.9961E-05 9.9961E-05 0.0644237 0.0185451 0.00972544 0.0410707 0.189157 0.0240042 9.9961E-05 0.589729
9.98739E-05 9.98739E-05 9.98739E-05 9.98739E-05 9.98739E-05 9.98739E-05 9.98739E-05 9.98739E-05 0.998602 9.98739E-05 9.98739E-05 9.98739E-05 9.98739E-05 9.98739E-05 9.98739E-05
9.98739E-05 9.98739E-05 9.98739E-05 0.998602 9.98739E-05 9.98739E-05 9.98739E-05 9.98739E-05 9.98739E-05 9.98739E-05 9.98739E-05 9.98739E-05 9.98739E-05 9.98739E-05 9.98739E-05
9.98739E-05 9.98739E-05 9.98739E-05 9.98739E-05 9.98739E-05 9.98739E-05 9.98739E-05 9.98739E-05 0.998602 9.98739E-05 9.98739E-05 9.98739E-05 9.98739E-05 9.98739E-05 9.98739E-05
9.9955E-05 9.9955E-05 0.0836557 9.9955E-05 0.0616037 9.9955E-05 0.0963703 9.9955E-05 0.00741293 0.0508551 0.0300403 0.151109 0.0311926 0.0140444 0.473216
0.036594 9.9955E-05 9.9955E-05 0.0344461 9.9955E-05 9.9955E-05 0.0915522 0.0712585 0.0627821 0.0304958 9.9955E-05 0.265184 0.0632446 0.0346978 0.309245
0.0235789 0.205286 0.00329266 0.0234433 0.0378525 9.9973E-05 0.049059 9.9973E-05 0.00941129 0.0280994 0.0752241 0.00572981 0.00559464 9.9973E-05 0.533129
0.0251288 0.0452435 9.9973E-05 0.0302307 0.0509548 9.9973E-05 0.0210033 9.9973E-05 0.0696991 0.0216696 0.0231717 0.0969809 0.0123834 0.0174402 0.585794
0.0257004 9.9955E-05 0.031002 0.0322577 0.138341 0.0676802 9.9955E-05 9.9955E-05 0.0109303 0.0192585 0.0453272 9.9955E-05 0.0209036 9.9955E-05 0.608099
9.98738E-05 9.98738E-05 9.98738E-05 9.98738E-05 9.98738E-05 9.98738E-05 0.998602 9.98738E-05 9.98738E-05 9.98738E-05 9.98738E-05 9.98738E-05 9.98738E-05 9.98738E-05 9.98738E-05
9.9937E-05 9.9937E-05 9.9937E-05 0.0489387 9.9937E-05 9.9937E-05 0.0242309 0.121575 0.0363999 9.9937E-05 9.9937E-05 0.277072 0.00697596 0.0454651 0.438643
0.0788783 9.991E-05 0.095302 9.991E-05 9.991E-05 0.276135 9.991E-05 9.991E-05 9.991E-05 0.0562173 9.991E-05 9.991E-05 9.991E-05 9.991E-05 0.492468
9.991E-05 9.991E-05 0.54413 0.0101853 9.991E-05 9.991E-05 0.000682484 9.991E-05 0.00632198 9.991E-05 9.991E-05 9.991E-05 9.991E-05 9.991E-05 0.437681
0.0617346 9.99189E-05 0.448469 0.0382268 9.99189E-05 9.99189E-05 9.99189E-05 9.99189E-05 0.00711063 9.99189E-05 9.99189E-05 9.99189E-05 9.99189E-05 0.0131198 0.43044
0.0565029 9.9928E-05 9.9928E-05 9.9928E-05 9.9928E-05 0.368736 0.00168919 0.0580209 9.9928E-05 9.9928E-05 0.00745088 9.9928E-05 9.9928E-05 0.00484413 0.501957
0.0839069 9.9946E-05 9.9946E-05 0.0309997 9.9946E-05 0.378173 0.0022842 0.0508999 0.0314867 9.9946E-05 9.9946E-05 9.9946E-05 0.00453834 0.0168924 0.400219
0.111843 9.9919E-05 9.9919E-05 9.9919E-05 9.9919E-05 0.436117 0.0272777 9.9919E-05 9.9919E-05 0.0159899 9.9919E-05 9.9919E-05 0.00188136 9.9919E-05 0.405992
0.0957123 9.99189E-05 9.99189E-05 0.0144392 9.99189E-05 0.457474 9.99189E-05 0.00885598 9.99189E-05 9.99189E-05 9.99189E-05 9.99189E-05 9.99189E-05 0.00306871 0.41955
0.0787066 9.9937E-05 0.000572715 0.0196021 9.9937E-05 0.327512 0.0131324 9.9937E-05 9.9937E-05 9.9937E-05 0.0444236 9.9937E-05 9.9937E-05 0.00294303 0.512408
0.079208 9.9937E-05 9.9937E-05 0.0129375 9.9937E-05 0.457051 9.9937E-05 0.0199925 0.0106959 0.00331054 9.9937E-05 9.9937E-05 9.9937E-05 0.0175979 0.398507
0.0633513 9.9928E-05 0.374876 0.0232894 0.0568659 9.9928E-05 0.00159823 9.9928E-05 9.9928E-05 9.9928E-05 9.9928E-05 9.9928E-05 0.0111898 9.9928E-05 0.468031
0.118734 9.99279E-05 0.196567 9.99279E-05 0.0425896 0.139343 9.99279E-05 9.99279E-05 9.99279E-05 0.00914449 9.99279E-05 9.99279E-05 9.99279E-05 0.0237247 0.469098
9.9901E-05 9.9901E-05 0.196779 9.9901E-05 9.9901E-05 0.758219 0.0266569 9.9901E-05 0.0172463 9.9901E-05 9.9901E-05 9.9901E-05 9.9901E-05 9.9901E-05 9.9901E-05
9.9892E-05 9.9892E-05 9.9892E-05 0.00293367 9.9892E-05 0.962308 9.9892E-05 9.9892E-05 9.9892E-05 9.9892E-05 9.9892E-05 9.9892E-05 9.9892E-05 0.0335592 9.9892E-05
0.00576374 0.103972 9.9928E-05 9.9928E-05 9.9928E-05 0.808385 9.9928E-05 0.0388563 9.9928E-05 0.00249177 0.0369095 9.9928E-05 0.00282164 9.9928E-05 9.9928E-05
9.9901E-05 0.850628 0.0690855 9.9901E-05 0.0782477 9.9901E-05 9.9901E-05 9.9901E-05 9.9901E-05 9.9901E-05 0.000940087 9.9901E-05 9.9901E-05 9.9901E-05 9.9901E-05
9.9919E-05 9.9919E-05 0.225805 9.9919E-05 9.9919E-05 0.571139 0.0194096 9.9919E-05 9.9919E-05 9.9919E-05 9.9919E-05 0.114326 0.0380251 0.0303951 9.9919E-05
0.039593 0.0829946 9.9919E-05 0.00237143 9.9919E-05 0.387862 9.9919E-05 9.9919E-05 9.9919E-05 0.00586402 9.9919E-05 0.480416 9.9919E-05 9.9919E-05 9.9919E-05
9.9901E-05 0.134228 0.668862 0.0451011 9.9901E-05 0.150709 9.9901E-05 9.9901E-05 9.9901E-05 9.9901E-05 9.9901E-05 9.9901E-05 9.9901E-05 9.9901E-05 9.9901E-05
9.9928E-05 0.123462 0.160416 0.00399088 9.9928E-05 0.685536 0.00810113 9.9928E-05 0.00469386 9.9928E-05 9.9928E-05 9.9928E-05 9.9928E-05 0.0130011 9.9928E-05
9.99099E-05 9.99099E-05 0.69929 9.99099E-05 9.99099E-05 9.99099E-05 0.0279163 9.99099E-05 0.0615964 9.99099E-05 9.99099E-05 0.167716 9.99099E-05 0.0424826 9.99099E-05
9.9874E-05 9.9874E-05 0.998602 9.9874E-05 9.9874E-05 9.9874E-05 9.9874E-05 9.9874E-05 9.9874E-05 9.9874E-05 9.9874E-05 9.9874E-05 9.9874E-05 9.9874E-05 9.9874E-05
9.99046E-05 9.99046E-05 0.114187 9.99046E-05 9.99046E-05 0.836144 9.99046E-05 9.99046E-05 0.00477421 9.99046E-05 9.99046E-05 9.99046E-05 0.043796 9.99046E-05 9.99046E-05
9.991E-05 9.991E-05 9.991E-05 9.991E-05 0.0495073 0.491122 9.991E-05 9.991E-05 9.991E-05 0.0070392 0.017114 0.434219 9.991E-05 9.991E-05 9.991E-05
9.98919E-05 9.98919E-05 0.969319 9.98919E-05 9.98919E-05 9.98919E-05 9.98919E-05 9.98919E-05 0.0239373 9.98919E-05 0.00554547 9.98919E-05 9.98919E-05 9.98919E-05 9.98919E-05
9.99459E-05 0.00805129 0.0575736 9.99459E-05 9.99459E-05 0.481784 9.99459E-05 0.145666 0.0154653 9.99459E-05 9.99459E-05 0.20096 0.000489948 0.030193 0.0592169
9.991E-05 0.877862 9.991E-05 9.991E-05 9.991E-05 9.991E-05 0.031927 9.991E-05 0.0152409 0.0369757 9.991E-05 9.991E-05 9.991E-05 0.0369952 9.991E-05
9.9919E-05 0.00351439 0.132045 9.9919E-05 9.9919E-05 9.9919E-05 9.9919E-05 9.9919E-05 9.9919E-05 0.00769166 0.00102605 0.8479 9.9919E-05 0.00692355 9.9919E-05
9.991E-05 0.913507 9.991E-05 0.00463372 9.991E-05 9.991E-05 9.991E-05 0.0071594 9.991E-05 0.0387443 9.991E-05 0.034956 9.991E-05 9.991E-05 9.991E-05
9.99001E-05 0.302876 9.99001E-05 9.99001E-05 9.99001E-05 0.0814153 9.99001E-05 9.99001E-05 0.0192163 9.99001E-05 9.99001E-05 0.569354 9.99001E-05 0.0261395 9.99001E-05
9.98921E-05 0.943778 9.98921E-05 9.98921E-05 9.98921E-05 9.98921E-05 0.0517526 9.98921E-05 0.00327107 9.98921E-05 9.98921E-05 9.98921E-05 9.98921E-05 9.98921E-05 9.98921E-05
9.99099E-05 0.120781 0.097261 9.99099E-05 9.99099E-05 9.99099E-05 9.99099E-05 0.0317824 9.99099E-05 9.99099E-05 9.99099E-05 0.747157 0.00201948 9.99099E-05 9.99099E-05
9.98919E-05 9.98919E-05 9.98919E-05 0.00291967 9.98919E-05 9.98919E-05 9.98919E-05 9.98919E-05 9.98919E-05 9.98919E-05 9.98919E-05 0.994005 0.0018771 9.98919E-05 9.98919E-05
9.991E-05 0.366554 0.168947 0.0243238 9.991E-05 9.991E-05 9.991E-05 9.991E-05 0.00281878 9.991E-05 9.991E-05 0.436358 9.991E-05 9.991E-05 9.991E-05
9.993E-05 0.301198 0.492038 0.0258046 9.993E-05 9.993E-05 9.993E-05 9.993E-05 0.00946501 0.00932043 0.0219141 0.13211 0.00745036 9.993E-05 9.993E-05
9.99009E-05 0.254322 0.397094 9.99009E-05 9.99009E-05 9.99009E-05 9.99009E-05 9.99009E-05 9.99009E-05 9.99009E-05 9.99009E-05 0.344443 0.00304239 9.99009E-05 9.99009E-05
0.0147494 0.551555 0.0842614 0.0402327 9.9955E-05 0.0774536 0.036105 9.9955E-05 9.9955E-05 0.0253625 0.036283 0.124378 0.00911964 9.9955E-05 9.9955E-05
9.99009E-05 9.99009E-05 0.793063 9.99009E-05 9.99009E-05 9.99009E-05 9.99009E-05 9.99009E-05 9.99009E-05 9.99009E-05 9.99009E-05 0.184438 9.99009E-05 0.00178823 0.0196121
0.0145708 9.99369E-05 0.0957664 9.99369E-05 9.99369E-05 0.464362 0.0227587 0.0578752 0.0321849 9.99369E-05 0.020462 0.29132 9.99369E-05 9.99369E-05 9.99369E-05
9.9946E-05 0.280814 0.0305107 0.00281631 9.9946E-05 0.198077 9.9946E-05 0.219617 9.9946E-05 0.0720641 0.0388488 0.137441 0.0192119 9.9946E-05 9.9946E-05
0.0158503 0.220749 0.000297701 0.00427126 0.019042 0.164587 9.99639E-05 0.0015488 0.00245812 0.016414 9.99639E-05 0.5363 9.99639E-05 9.99639E-05 0.0180818
9.991E-05 0.685473 9.991E-05 0.0202984 0.0836753 0.190025 9.991E-05 9.991E-05 9.991E-05 0.0195288 9.991E-05 9.991E-05 9.991E-05 9.991E-05 9.991E-05
9.9901E-05 9.9901E-05 9.9901E-05 9.9901E-05 9.9901E-05 0.92533 9.9901E-05 9.9901E-05 0.00826907 0.00509893 9.9901E-05 0.0602033 9.9901E-05 9.9901E-05 9.9901E-05
9.9955E-05 0.635968 0.149099 9.9955E-05 0.0768595 0.0260285 0.0182747 0.00629404 9.9955E-05 9.9955E-05 0.00353511 0.0185233 9.9955E-05 0.0367678 0.02815
0.0384946 0.838318 0.00391006 9.99189E-05 0.0860073 9.99189E-05 9.99189E-05 9.99189E-05 9.99189E-05 9.99189E-05 9.99189E-05 9.99189E-05 9.99189E-05 0.00396683 0.0284042
0.00553564 0.878475 0.0537112 0.0240662 9.99279E-05 9.99279E-05 9.99279E-05 9.99279E-05 0.0171433 0.00356789 9.99279E-05 9.99279E-05 9.99279E-05 0.0167018 9.99279E-05
0.0301827 0.145621 0.081822 9.9937E-05 9.9937E-05 0.62162 0.0174593 9.9937E-05 0.0127065 9.9937E-05 9.9937E-05 0.0635112 9.9937E-05 0.0263787 9.9937E-05
9.9901E-05 9.9901E-05 0.0283442 9.9901E-05 9.9901E-05 9.9901E-05 9.9901E-05 0.95086 0.0136462 0.00605022 9.9901E-05 9.9901E-05 9.9901E-05 9.9901E-05 9.9901E-05
9.9892E-05 9.9892E-05 9.9892E-05 9.9892E-05 9.9892E-05 9.9892E-05 0.0326556 0.921858 9.9892E-05 9.9892E-05 9.9892E-05 0.0442877 9.9892E-05 9.9892E-05 9.9892E-05
9.9919E-05 0.0226372 9.9919E-05 9.9919E-05 9.9919E-05 9.9919E-05 9.9919E-05 0.928788 9.9919E-05 0.0121802 0.0182665 9.9919E-05 0.0014303 0.0157986 9.9919E-05
9.995E-05 9.995E-05 0.0660486 0.019122 0.0116459 9.995E-05 9.995E-05 0.713624 0.019588 0.0219437 0.0318397 0.0940662 9.995E-05 0.0159995 0.00562265
9.9901E-05 9.9901E-05 9.9901E-05 9.9901E-05 9.9901E-05 9.9901E-05 9.9901E-05 0.912144 0.00472768 9.9901E-05 0.0553753 9.9901E-05 9.9901E-05 9.9901E-05 0.0266538
0.0038934 9.99279E-05 9.99279E-05 0.00876269 0.0271335 0.155906 9.99279E-05 0.768817 0.0189074 9.99279E-05 9.99279E-05 9.99279E-05 0.0157807 9.99279E-05 9.99279E-05
9.98953E-05 9.98953E-05 9.98953E-05 9.98953E-05 0.0439083 9.98953E-05 0.0125951 0.942298 9.98953E-05 9.98953E-05 9.98953E-05 9.98953E-05 9.98953E-05 9.98953E-05 9.98953E-05
0.0843345 0.0537633 9.9928E-05 9.9928E-05 0.105185 9.9928E-05 9.9928E-05 0.700883 0.00898819 9.9928E-05 0.0254436 9.9928E-05 9.9928E-05 9.9928E-05 0.0206028
