0.611843 9.99641E-05 0.160191 9.99641E-05 9.99641E-05 0.227566 9.99641E-05
0.937856 9.9955E-05 0.0616439 9.9955E-05 9.9955E-05 9.9955E-05 9.9955E-05
0.331536 9.9964E-05 0.0783042 9.9964E-05 9.9964E-05 0.58976 9.9964E-05
0.562093 9.99731E-05 9.99731E-05 0.0487568 0.149887 9.99731E-05 0.238964
0.0275347 0.932324 9.9964E-05 9.9964E-05 9.9964E-05 0.0397413 9.9964E-05
9.9964E-05 9.9964E-05 0.127207 9.9964E-05 9.9964E-05 0.101411 0.770981
9.9964E-05 9.9964E-05 0.147773 9.9964E-05 0.716349 0.135477 9.9964E-05
0.96018 9.99641E-05 9.99641E-05 9.99641E-05 0.0262873 0.0131328 9.99641E-05
9.99551E-05 9.99551E-05 0.633698 9.99551E-05 9.99551E-05 9.99551E-05 0.365803
9.995E-05 0.780301 9.995E-05 9.995E-05 0.219199 9.995E-05 9.995E-05
9.995E-05 9.995E-05 9.995E-05 9.995E-05 0.9994 9.995E-05 9.995E-05
0.888232 9.99551E-05 9.99551E-05 9.99551E-05 9.99551E-05 9.99551E-05 0.111268
0.00987089 0.0728414 0.281357 0.0324969 0.603234 9.9982E-05 9.9982E-05
0.097718 9.99641E-05 9.99641E-05 9.99641E-05 0.726952 0.17493 9.99641E-05
9.995E-05 0.9994 9.995E-05 9.995E-05 9.995E-05 9.995E-05 9.995E-05
9.99641E-05 0.0243057 0.969349 9.99641E-05 9.99641E-05 0.00594589 9.99641E-05
0.792739 0.0529439 9.9973E-05 9.9973E-05 9.9973E-05 0.00836097 0.145656
9.9973E-05 0.311126 0.502963 9.9973E-05 0.122969 9.9973E-05 0.062642
9.995E-05 9.995E-05 9.995E-05 9.995E-05 9.995E-05 9.995E-05 0.9994
9.99551E-05 9.99551E-05 0.188121 0.811379 9.99551E-05 9.99551E-05 9.99551E-05
0.0532101 9.9973E-05 0.235507 0.702702 9.9973E-05 9.9973E-05 0.0082814
0.134784 0.0479917 0.475685 9.99731E-05 9.99731E-05 9.99731E-05 0.341239
9.9964E-05 0.236364 0.528456 0.23478 9.9964E-05 9.9964E-05 9.9964E-05
0.455953 9.9982E-05 9.9982E-05 0.153448 0.132386 0.105157 0.152856
9.9964E-05 9.9964E-05 9.9964E-05 0.0200622 9.9964E-05 0.903056 0.0764821
9.9964E-05 0.801542 0.0444804 0.153578 9.9964E-05 9.9964E-05 9.9964E-05
0.484663 9.99641E-05 9.99641E-05 9.99641E-05 9.99641E-05 0.303299 0.211637
9.997E-05 9.997E-05 0.0446461 0.0493756 0.414852 9.997E-05 0.490826
0.937332 9.99552E-05 0.0621678 9.99552E-05 9.99552E-05 9.99552E-05 9.99552E-05
0.210862 9.99641E-05 9.99641E-05 9.99641E-05 0.0442242 9.99641E-05 0.744514
9.9955E-05 9.9955E-05 9.9955E-05 9.9955E-05 0.437789 0.561711 9.9955E-05
9.995E-05 9.995E-05 9.995E-05 9.995E-05 9.995E-05 0.9994 9.995E-05
9.9955E-05 0.0980134 9.9955E-05 9.9955E-05 0.901487 9.9955E-05 9.9955E-05
9.9973E-05 0.00393038 0.175497 9.9973E-05 9.9973E-05 0.0509623 0.76931
0.791455 9.9973E-05 9.9973E-05 0.0184297 9.9973E-05 0.0373626 0.152453
9.995E-05 9.995E-05 0.9994 9.995E-05 9.995E-05 9.995E-05 9.995E-05
9.9964E-05 9.9964E-05 0.219211 0.0358843 9.9964E-05 9.9964E-05 0.744505
9.99641E-05 9.99641E-05 0.0747317 9.99641E-05 0.00410301 9.99641E-05 0.920765
0.129041 9.99731E-05 9.99731E-05 0.0139524 0.832938 9.99731E-05 0.0237688
0.00811612 0.0318298 9.99821E-05 0.0159904 0.0795642 9.99821E-05 0.8643
0.176302 9.99551E-05 9.99551E-05 9.99551E-05 9.99551E-05 9.99551E-05 0.823198
0.794793 9.99551E-05 9.99551E-05 9.99551E-05 9.99551E-05 9.99551E-05 0.204708
9.99551E-05 9.99551E-05 0.00273561 0.996765 9.99551E-05 9.99551E-05 9.99551E-05
9.995E-05 9.995E-05 9.995E-05 9.995E-05 9.995E-05 0.9994 9.995E-05
9.9964E-05 0.0834304 9.9964E-05 0.589294 0.326875 9.9964E-05 9.9964E-05
0.933391 9.99551E-05 0.0661092 9.99551E-05 9.99551E-05 9.99551E-05 9.99551E-05
9.9964E-05 9.9964E-05 0.823334 0.114569 9.9964E-05 9.9964E-05 0.0616973
9.99552E-05 9.99552E-05 0.267372 9.99552E-05 9.99552E-05 9.99552E-05 0.732129
9.99551E-05 9.99551E-05 9.99551E-05 0.895638 9.99551E-05 0.103862 9.99551E-05
9.99551E-05 9.99551E-05 9.99551E-05 0.757211 9.99551E-05 9.99551E-05 0.242289
