9.9946E-05 9.9946E-05 0.085635 9.9946E-05 0.0118352 9.9946E-05 9.9946E-05 9.9946E-05 0.901546 0.000383655
0.0159972 0.0809751 0.180874 0.015583 0.00840768 9.9973E-05 0.0835004 9.9973E-05 0.614363 9.9973E-05
9.996E-05 0.0567308 0.0444803 9.996E-05 0.0273202 0.0557222 9.996E-05 0.0261634 0.789183 9.996E-05
9.9964E-05 9.9964E-05 0.14358 0.0496082 0.014118 0.0326339 0.0390262 9.9964E-05 0.720634 9.9964E-05
0.00434372 0.105639 0.0734587 9.9973E-05 0.0107473 9.9973E-05 0.0134581 0.0387419 0.753311 9.9973E-05
9.994E-05 9.994E-05 0.0108556 0.0993884 9.994E-05 9.994E-05 0.0858428 9.994E-05 0.803314 9.994E-05
0.0218424 9.9937E-05 9.9937E-05 9.9937E-05 9.9937E-05 9.9937E-05 9.9937E-05 0.0928474 0.884611 9.9937E-05
9.9937E-05 9.9937E-05 9.9937E-05 0.0532215 9.9937E-05 9.9937E-05 9.9937E-05 0.174732 0.771347 9.9937E-05
9.9964E-05 0.0955842 0.0717048 9.9964E-05 0.0249342 9.9964E-05 0.0572368 0.0266276 0.723512 9.9964E-05
0.0128958 0.0310205 0.101901 9.9964E-05 9.9964E-05 0.0182473 9.9964E-05 0.0759818 0.759553 9.9964E-05
0.0161646 0.0174009 0.0531895 0.0629286 9.9973E-05 0.0297459 0.0910658 9.9973E-05 0.729205 9.9973E-05
9.9946E-05 9.9946E-05 0.234862 9.9946E-05 0.0411975 0.0495639 9.9946E-05 9.9946E-05 0.673777 9.9946E-05
9.9973E-05 9.9973E-05 0.0537563 0.0801252 0.0183171 0.0106056 9.9973E-05 0.0564755 0.714318 0.0661029
0.00995482 9.9964E-05 9.9964E-05 0.0173165 0.0112213 0.0782438 0.187447 9.9964E-05 0.695416 9.9964E-05
9.9964E-05 0.0706769 9.9964E-05 9.9964E-05 0.00752898 0.0441016 0.0291729 9.9964E-05 0.813324 0.0347953
9.9955E-05 9.9955E-05 9.9955E-05 9.9955E-05 0.0238116 0.00507191 0.0219065 0.114939 0.833771 9.9955E-05
0.00239298 9.9946E-05 9.9946E-05 0.0571752 9.9946E-05 9.9946E-05 9.9946E-05 9.9946E-05 0.908998 0.0308338
9.9928E-05 9.9928E-05 9.9928E-05 9.9928E-05 9.9928E-05 9.9928E-05 9.9928E-05 9.9928E-05 0.910074 0.089127
9.9928E-05 9.9928E-05 9.9928E-05 9.9928E-05 9.9928E-05 9.9928E-05 9.9928E-05 9.9928E-05 0.911079 0.0881213
0.0167551 9.9955E-05 9.9955E-05 0.0177187 9.9955E-05 0.0250839 9.9955E-05 9.9955E-05 0.867165 0.0727779
9.99201E-05 9.99201E-05 9.99201E-05 9.99201E-05 9.99201E-05 0.999101 9.99201E-05 9.99201E-05 9.99201E-05 9.99201E-05
9.9937E-05 9.9937E-05 0.403319 0.0283741 9.9937E-05 0.567608 9.9937E-05 9.9937E-05 9.9937E-05 9.9937E-05
9.9955E-05 0.0200191 0.284838 9.9955E-05 9.9955E-05 0.609331 0.0758869 9.9955E-05 0.00942517 9.9955E-05
0.0224578 9.9946E-05 0.165235 9.9946E-05 9.9946E-05 0.761524 9.9946E-05 9.9946E-05 9.9946E-05 0.0501842
0.0266863 0.0672725 0.0190975 9.9955E-05 9.9955E-05 0.831104 0.0553399 9.9955E-05 9.9955E-05 9.9955E-05
9.9955E-05 9.9955E-05 0.118595 0.0139172 0.025157 0.819983 9.9955E-05 9.9955E-05 0.0218477 9.9955E-05
0.0126601 0.0266941 0.084487 9.9973E-05 0.00212192 0.679229 0.117082 9.9973E-05 9.9973E-05 0.0774268
9.99201E-05 9.99201E-05 9.99201E-05 9.99201E-05 9.99201E-05 0.999101 9.99201E-05 9.99201E-05 9.99201E-05 9.99201E-05
0.0149744 0.0979014 9.9946E-05 9.9946E-05 9.9946E-05 0.667338 0.219186 9.9946E-05 9.9946E-05 9.9946E-05
0.0174055 0.135815 0.00040784 0.00125651 9.9973E-05 0.486063 0.340396 9.9973E-05 0.018356 9.9973E-05
9.9955E-05 0.143203 0.0492301 9.9955E-05 9.9955E-05 0.659293 0.105362 0.0424119 9.9955E-05 9.9955E-05
9.9964E-05 0.0364493 9.9964E-05 9.9964E-05 0.010872 0.676785 0.0738932 0.0279355 9.9964E-05 0.173665
9.99619E-05 9.99619E-05 9.99619E-05 0.0463346 9.99619E-05 0.663924 9.99619E-05 0.156538 0.065458 0.0672455
0.0378215 0.0683053 0.0646557 0.0592995 0.031533 0.561885 0.0393919 0.136908 9.998E-05 9.998E-05
0.0417491 0.205759 0.0674669 0.0133742 0.0100573 0.513326 0.116126 9.9982E-05 0.0319412 9.9982E-05
9.9973E-05 0.0770918 0.257841 0.0670562 0.0617101 0.385825 0.098501 9.9973E-05 0.0516748 9.9973E-05
0.0348618 0.0257392 9.9964E-05 9.9964E-05 0.049789 0.615706 9.9964E-05 0.0470957 9.9964E-05 0.226409
0.00898039 0.0472777 0.153964 0.00809774 0.0183596 0.0534309 0.06969 9.9982E-05 9.9982E-05 0.64
0.0146947 0.137991 0.111945 9.9955E-05 9.9955E-05 9.9955E-05 0.154165 9.9955E-05 9.9955E-05 0.580705
0.0039396 0.0511502 9.9973E-05 0.0264798 0.0235833 9.9973E-05 0.20125 9.9973E-05 0.00475391 0.688544
9.9946E-05 0.0828051 9.9946E-05 9.9946E-05 9.9946E-05 9.9946E-05 0.0930963 9.9946E-05 0.00478675 0.818712
0.0219426 9.9973E-05 0.250556 0.0264032 0.0435364 9.9973E-05 0.0219414 9.9973E-05 0.0218833 0.613437
0.00845715 0.0344573 9.9955E-05 9.9955E-05 0.0403575 9.9955E-05 0.106712 9.9955E-05 9.9955E-05 0.809517
9.996E-05 9.996E-05 0.164021 0.0368364 0.0343659 9.996E-05 0.205855 9.996E-05 0.0509478 0.507574
0.0525976 9.9973E-05 0.216864 0.0023186 0.00923936 0.0165373 9.9973E-05 0.0624694 9.9973E-05 0.639674
0.0331279 9.9955E-05 0.142544 9.9955E-05 9.9955E-05 9.9955E-05 9.9955E-05 0.15248 0.0232584 0.648089
0.0356894 9.9946E-05 9.9946E-05 0.0603958 9.9946E-05 9.9946E-05 0.123021 9.9946E-05 9.9946E-05 0.780294
9.9973E-05 0.0169706 0.202267 0.00627498 0.0030875 9.9973E-05 9.9973E-05 0.00105099 0.0287566 0.741292
0.0231533 9.9955E-05 9.9955E-05 0.0236272 9.9955E-05 9.9955E-05 0.0125707 9.9955E-05 0.0123391 0.92781
9.9955E-05 9.9955E-05 0.208265 0.0106121 0.0457312 9.9955E-05 9.9955E-05 0.0926175 9.9955E-05 0.642274
0.00339676 9.9973E-05 0.0365445 0.0528799 0.0183415 0.0441558 0.114879 9.9973E-05 9.9973E-05 0.729503
9.9955E-05 0.00125964 9.9955E-05 9.9955E-05 0.0327459 0.0411256 0.0693821 9.9955E-05 9.9955E-05 0.854987
0.0724895 9.9955E-05 9.9955E-05 0.0265263 9.9955E-05 9.9955E-05 9.9955E-05 0.0603094 0.0327995 0.807375
0.0251973 0.0463223 0.154729 0.00453553 0.0103525 0.0201788 9.9982E-05 9.9982E-05 0.0711192 0.667366
0.0148651 9.9973E-05 0.0284384 0.0859387 9.9973E-05 0.0327081 0.0966964 0.0073831 9.9973E-05 0.73367
0.0180457 0.0325202 0.192222 0.0197929 9.9973E-05 0.0931567 9.9973E-05 0.0844906 9.9973E-05 0.559472
0.0348511 9.9964E-05 9.9964E-05 9.9964E-05 9.9964E-05 0.0819647 0.0415928 0.0333238 0.0229416 0.784926
0.0356508 0.452186 0.220032 0.0612077 0.0400675 9.9982E-05 0.125736 9.9982E-05 0.0059937 0.0589258
9.99201E-05 9.99201E-05 9.99201E-05 9.99201E-05 0.999101 9.99201E-05 9.99201E-05 9.99201E-05 9.99201E-05 9.99201E-05
0.132244 0.534996 0.165019 0.0691832 0.00550852 0.000617312 9.9982E-05 0.0607753 0.0314573 9.9982E-05
0.133478 0.636459 9.9973E-05 0.044027 0.0125118 9.9973E-05 0.0759071 9.9973E-05 0.0408562 0.0564605
0.100512 0.698246 9.9964E-05 0.0464771 0.0597944 9.9964E-05 9.9964E-05 0.0603209 9.9964E-05 0.0342494
0.0866142 0.570862 9.9973E-05 0.089889 0.00556218 9.9973E-05 9.9973E-05 0.0479018 0.0226823 0.176188
9.99201E-05 9.99201E-05 9.99201E-05 0.999101 9.99201E-05 9.99201E-05 9.99201E-05 9.99201E-05 9.99201E-05 9.99201E-05
9.99201E-05 9.99201E-05 9.99201E-05 9.99201E-05 0.999101 9.99201E-05 9.99201E-05 9.99201E-05 9.99201E-05 9.99201E-05
0.0728225 0.448061 0.192478 0.0780059 0.0329829 9.9973E-05 0.104143 9.9973E-05 0.0712075 9.9973E-05
0.0581361 0.380648 9.9982E-05 0.190836 0.01862 0.131545 9.9982E-05 0.0696152 0.05671 0.0936905
0.0839998 0.549751 9.9982E-05 0.112746 0.0492084 0.0461454 0.0551244 9.9982E-05 0.0735356 0.0292894
0.0962177 0.539161 9.9973E-05 0.168126 0.0223518 0.124649 9.9973E-05 0.00602696 9.9973E-05 0.0431669
0.117433 0.515877 9.9973E-05 0.105715 0.10946 0.0475209 9.9973E-05 0.0917533 0.0119413 9.9973E-05
0.0977507 0.527284 9.9982E-05 0.159246 0.0659383 0.000859438 9.9982E-05 0.00656984 0.0146582 0.127493
0.0934368 0.615664 9.9964E-05 0.163866 0.000560703 9.9964E-05 9.9964E-05 0.00286356 9.9964E-05 0.123209
0.0874142 0.556265 9.9982E-05 0.0814876 0.106265 0.0456505 9.9982E-05 0.0547358 0.022399 0.0455833
0.0692843 0.527841 0.229082 0.0350567 0.0628176 9.9964E-05 0.0755189 9.9964E-05 9.9964E-05 9.9964E-05
0.0387819 0.359099 9.9973E-05 0.0993239 0.0529996 0.0598438 9.9973E-05 0.00172811 9.9973E-05 0.387924
0.0449054 0.437987 9.9973E-05 0.0662824 0.0141975 9.9973E-05 0.0483701 9.9973E-05 0.0531691 0.334789
0.0367196 0.23498 0.00348457 0.0540231 0.0824588 9.9973E-05 9.9973E-05 9.9973E-05 0.0777091 0.510325
0.0167923 9.9937E-05 9.9937E-05 0.951403 0.031105 9.9937E-05 9.9937E-05 9.9937E-05 9.9937E-05 9.9937E-05
0.133143 0.23118 9.9982E-05 0.118208 0.0686349 0.0929377 0.105227 9.9982E-05 0.072335 0.178134
0.125189 0.480331 9.9973E-05 0.123946 0.0251162 9.9973E-05 0.0294035 0.0499071 9.9973E-05 0.165808
0.0477614 0.54519 9.998E-05 0.0438412 0.0286534 0.0568178 0.122483 9.998E-05 0.0161045 0.138949
0.0887363 0.532759 0.0881575 0.136831 0.0452572 9.9991E-05 0.00028036 0.0282856 0.0554459 0.0241464
0.0962045 0.456976 9.9973E-05 0.147478 0.0446788 9.9973E-05 0.0176626 9.9973E-05 0.0774132 0.159286
0.126244 0.208236 9.9991E-05 0.00426543 0.0188585 0.0571264 0.232667 0.0126598 0.0254451 0.314398
0.00588828 0.0603919 0.0581747 0.0777033 0.032984 9.9982E-05 0.307055 0.359789 9.9982E-05 0.0978141
0.0120202 0.498914 0.0427826 9.9973E-05 0.0452524 9.9973E-05 9.9973E-05 0.199207 0.00553031 0.195993
0.0559719 0.549216 9.9964E-05 0.103366 0.0295671 9.9964E-05 0.125737 9.9964E-05 9.9964E-05 0.135742
0.05941 0.472378 9.9964E-05 0.0734433 0.033957 9.9964E-05 0.202331 9.9964E-05 9.9964E-05 0.158081
0.130294 0.534149 0.0669128 9.9973E-05 0.0319191 9.9973E-05 9.9973E-05 0.0866686 0.00130926 0.148447
0.528146 0.212496 0.214776 9.99549E-05 0.0168885 0.0271937 9.99549E-05 9.99549E-05 9.99549E-05 9.99549E-05
0.108019 0.425802 0.0401707 0.193655 0.00776142 0.0324347 0.0389276 9.9991E-05 0.0233688 0.12976
0.0662272 0.550299 9.9955E-05 0.140762 9.9955E-05 9.9955E-05 9.9955E-05 0.156454 9.9955E-05 0.085758
0.0713277 0.455043 0.24113 0.0251985 0.0491358 0.0414545 0.0769931 9.9982E-05 0.0395182 9.9982E-05
0.0770359 0.270208 0.497031 0.0957639 9.9964E-05 0.0563694 9.9964E-05 9.9964E-05 0.00319223 9.9964E-05
0.0399748 0.505478 0.335961 0.115392 9.9955E-05 9.9955E-05 0.00269458 9.9955E-05 9.9955E-05 9.9955E-05
0.0517782 0.493254 0.271996 0.0320882 0.0305357 0.0115554 0.0922779 9.9982E-05 0.0163146 9.9982E-05
0.0657169 0.408065 0.233303 0.11859 0.0512089 9.9964E-05 9.9964E-05 0.122717 9.9964E-05 9.9964E-05
0.0864312 0.546159 9.9973E-05 0.0632696 0.0543992 9.9973E-05 0.0745974 9.9973E-05 0.0482489 0.126595
0.0361407 0.679659 9.9982E-05 0.093445 0.00408705 0.00388265 9.9982E-05 0.00964192 0.0170923 0.155852
0.0814989 0.461317 0.140281 0.134295 0.0566482 9.997E-05 9.997E-05 0.0842441 9.997E-05 0.0414167
0.0965423 0.592551 9.9973E-05 0.0266156 9.9973E-05 0.0428802 0.140922 9.9973E-05 0.0139203 0.0862684
0.15413 0.324363 9.9973E-05 0.208071 0.0852357 0.0202672 9.9973E-05 0.206651 0.000981457 9.9973E-05
0.0739866 0.791937 9.9964E-05 0.00558734 0.00896023 9.9964E-05 0.0841296 9.9964E-05 9.9964E-05 0.0349993
0.999101 9.99201E-05 9.99201E-05 9.99201E-05 9.99201E-05 9.99201E-05 9.99201E-05 9.99201E-05 9.99201E-05 9.99201E-05
0.139464 0.450093 9.999E-05 0.109914 0.0247768 0.0243147 0.0793612 0.0722887 0.0485797 0.0511077
0.120379 0.615792 0.00920417 0.0836453 0.00770709 9.9982E-05 0.0652926 9.9982E-05 0.023271 0.0745081
0.112938 0.491859 0.118214 0.102013 0.025659 9.9982E-05 0.127149 9.9982E-05 0.013209 0.00875928
0.081833 0.611119 0.00655115 0.0450662 0.00849936 9.9973E-05 0.141594 9.9973E-05 9.9973E-05 0.105037
0.0215877 0.670468 0.155757 0.0880491 0.0138962 9.997E-05 9.997E-05 0.0125235 9.997E-05 0.0374186
0.0578262 0.649419 9.998E-05 0.0154913 0.01607 0.110243 0.00644962 9.998E-05 0.0809004 0.0634012
9.99201E-05 9.99201E-05 9.99201E-05 0.999101 9.99201E-05 9.99201E-05 9.99201E-05 9.99201E-05 9.99201E-05 9.99201E-05
0.999101 9.99201E-05 9.99201E-05 9.99201E-05 9.99201E-05 9.99201E-05 9.99201E-05 9.99201E-05 9.99201E-05 9.99201E-05
9.99201E-05 9.99201E-05 9.99201E-05 0.999101 9.99201E-05 9.99201E-05 9.99201E-05 9.99201E-05 9.99201E-05 9.99201E-05
0.110686 0.438155 0.255152 0.0728075 0.034442 9.9973E-05 0.0759522 9.9973E-05 0.0125056 9.9973E-05
0.0881891 0.301821 0.201346 0.205049 0.0634997 0.0697605 0.0670376 9.9982E-05 0.00309712 9.9982E-05
0.100824 0.460796 0.127494 0.08518 0.0420929 9.9991E-05 0.0666781 0.0134033 0.0704098 0.0330217
0.135455 0.516888 0.0392989 0.145302 9.9964E-05 9.9964E-05 9.9964E-05 9.9964E-05 0.0627396 0.099917
0.0859233 0.542148 9.9973E-05 0.0661444 0.0561951 9.9973E-05 9.9973E-05 0.0237623 0.0127363 0.21279
0.485424 0.0999738 0.413903 9.99369E-05 9.99369E-05 9.99369E-05 9.99369E-05 9.99369E-05 9.99369E-05 9.99369E-05
0.12007 0.366948 0.274994 0.105606 0.0173664 9.9973E-05 0.0481001 9.9973E-05 0.066616 9.9973E-05
0.0788727 0.550956 9.9973E-05 9.9973E-05 0.0576254 0.100011 0.0308528 0.178846 0.00253641 9.9973E-05
0.0735482 0.463782 0.0764096 0.0601027 9.9973E-05 0.0052038 0.312153 0.00850016 9.9973E-05 9.9973E-05
0.123064 0.440685 0.117379 0.000148443 9.9964E-05 0.206214 0.11211 9.9964E-05 9.9964E-05 9.9964E-05
0.0430054 0.546653 0.150675 9.9955E-05 9.9955E-05 0.00875349 9.9955E-05 0.250414 9.9955E-05 9.9955E-05
0.0834142 0.450917 9.9955E-05 0.052189 9.9955E-05 0.11975 9.9955E-05 0.293231 9.9955E-05 9.9955E-05
0.0701086 0.412842 9.9964E-05 9.9964E-05 0.0194941 0.103562 9.9964E-05 0.313024 9.9964E-05 0.0805694
0.0700756 0.535457 9.9973E-05 9.9973E-05 9.9973E-05 0.105964 0.096513 0.107645 0.0362001 0.0478452
0.080309 0.528709 0.0832135 9.9973E-05 9.9973E-05 0.162376 0.00238671 0.110066 0.0326403 9.9973E-05
0.0547094 0.440789 0.0189035 9.9964E-05 9.9964E-05 0.0885483 9.9964E-05 0.336104 9.9964E-05 0.0605459
0.068298 0.530956 9.9964E-05 9.9964E-05 0.0265201 0.111167 0.195182 9.9964E-05 9.9964E-05 0.0674764
0.0244505 0.494563 9.9964E-05 9.9964E-05 0.0322111 0.132774 9.9964E-05 0.315195 9.9964E-05 0.000407076
0.0146441 0.0021769 9.9973E-05 0.00834803 0.0110612 0.0462443 0.157264 0.759962 9.9973E-05 9.9973E-05
0.0145298 0.0131846 9.9973E-05 9.9973E-05 0.0182138 9.9973E-05 0.103385 0.814987 0.0131808 0.0222188
0.0103735 9.9982E-05 0.00536493 0.0460826 9.9982E-05 0.0513842 0.218443 0.626153 0.0302368 0.0117619
9.9937E-05 9.9937E-05 9.9937E-05 9.9937E-05 9.9937E-05 9.9937E-05 0.88843 9.9937E-05 0.0248276 0.0860424
9.9955E-05 9.9955E-05 9.9955E-05 0.110013 9.9955E-05 0.0188425 9.9955E-05 0.8241 0.0193671 0.0271774
0.00118456 9.9973E-05 0.0507272 0.0573217 0.038981 0.0016584 0.149499 0.700328 9.9973E-05 9.9973E-05
0.0413447 9.9955E-05 9.9955E-05 9.9955E-05 9.9955E-05 0.0203864 0.501459 0.340244 9.9955E-05 0.096066
9.9955E-05 0.0105592 9.9955E-05 0.0323216 9.9955E-05 0.0585309 0.37957 0.518518 9.9955E-05 9.9955E-05
9.99549E-05 0.0400329 0.31058 0.0833418 9.99549E-05 9.99549E-05 0.418135 0.14741 9.99549E-05 9.99549E-05
0.0706088 0.0316495 9.9955E-05 9.9955E-05 9.9955E-05 9.9955E-05 0.0166754 0.749774 9.9955E-05 0.130792
9.997E-05 9.997E-05 9.997E-05 0.0244111 0.00144192 0.0167081 0.42517 0.478672 0.0158043 0.0374924
9.9955E-05 9.9955E-05 0.048668 9.9955E-05 0.0446894 9.9955E-05 9.9955E-05 0.839767 0.00661175 0.0597643
9.9973E-05 0.0134191 0.0913834 9.9973E-05 0.0260604 9.9973E-05 0.47418 0.239109 0.0216809 0.133867
0.0119154 0.0483296 0.316426 9.9964E-05 0.0445996 9.9964E-05 0.185871 0.392459 9.9964E-05 9.9964E-05
0.00435633 9.9973E-05 9.9973E-05 0.0184204 0.029193 0.0446381 0.847794 0.0110046 0.044294 9.9973E-05
0.0166948 9.9964E-05 0.162915 9.9964E-05 0.0146494 9.9964E-05 0.282057 0.451333 0.0719505 9.9964E-05
9.9955E-05 9.9955E-05 9.9955E-05 0.00397155 0.0250624 9.9955E-05 0.326981 0.571725 9.9955E-05 0.0717605
9.9964E-05 0.0839052 9.9964E-05 9.9964E-05 0.0329885 9.9964E-05 0.30074 0.508331 0.0671651 0.00647003
0.0245748 9.9955E-05 9.9955E-05 9.9955E-05 9.9955E-05 0.0380537 9.9955E-05 0.875649 0.0289837 0.0322388
9.9946E-05 9.9946E-05 0.286155 9.9946E-05 0.0144866 9.9946E-05 0.367915 0.330844 9.9946E-05 9.9946E-05
0.0282992 9.9964E-05 0.279826 9.9964E-05 0.00755133 0.0181293 9.9964E-05 0.639694 0.0261007 9.9964E-05
0.0189932 0.0345911 9.9946E-05 0.0452167 9.9946E-05 9.9946E-05 9.9946E-05 0.900599 9.9946E-05 9.9946E-05
0.032108 9.9973E-05 0.0125519 0.00984066 0.0280599 9.9973E-05 0.716761 0.198496 9.9973E-05 0.00188265
0.00404973 9.9946E-05 0.0164996 9.9946E-05 9.9946E-05 9.9946E-05 0.963217 9.9946E-05 0.015634 9.9946E-05
0.0432541 9.9946E-05 0.0715355 9.9946E-05 9.9946E-05 0.035476 0.849135 9.9946E-05 9.9946E-05 9.9946E-05
9.9955E-05 0.0604977 0.190604 9.9955E-05 9.9955E-05 0.00293847 0.478371 0.267089 9.9955E-05 9.9955E-05
9.997E-05 9.997E-05 0.272523 0.0317709 0.00923824 0.0347881 0.10853 0.532511 0.0103387 9.997E-05
0.000994779 9.9973E-05 0.190777 0.00915898 0.0803032 9.9973E-05 0.563082 0.15252 0.00286394 9.9973E-05
9.9955E-05 0.03305 0.244224 9.9955E-05 9.9955E-05 0.0129932 0.160372 0.548861 9.9955E-05 9.9955E-05
9.9946E-05 9.9946E-05 9.9946E-05 0.012884 0.00827245 9.9946E-05 0.898643 9.9946E-05 9.9946E-05 0.0796007
0.0224408 9.9955E-05 9.9955E-05 0.0131292 0.0346537 9.9955E-05 9.9955E-05 0.882356 9.9955E-05 0.0469204
0.00658059 9.9955E-05 9.9955E-05 9.9955E-05 9.9955E-05 0.0179905 0.842398 9.9955E-05 0.0226385 0.109892
9.9955E-05 0.0116755 9.9955E-05 9.9955E-05 9.9955E-05 0.0910422 0.830524 0.0202284 9.9955E-05 0.0460298
0.0422937 9.9964E-05 9.9964E-05 0.0245902 0.0115419 0.0315824 0.769522 0.12007 9.9964E-05 9.9964E-05
0.00715011 0.0252974 9.996E-05 0.0221061 9.996E-05 0.0371491 0.639492 0.268406 9.996E-05 9.996E-05
9.9937E-05 9.9937E-05 0.837434 9.9937E-05 0.00877957 9.9937E-05 9.9937E-05 9.9937E-05 9.9937E-05 0.153087
0.0317541 9.9937E-05 0.911752 9.9937E-05 9.9937E-05 9.9937E-05 9.9937E-05 9.9937E-05 9.9937E-05 0.0557942
9.995E-05 9.995E-05 0.933699 9.995E-05 0.0080548 0.0370644 9.995E-05 9.995E-05 0.0105462 0.0101363
0.0198577 9.9937E-05 0.914368 9.9937E-05 9.9937E-05 9.9937E-05 9.9937E-05 9.9937E-05 9.9937E-05 0.0650751
0.00132705 0.00494559 0.77317 9.9964E-05 9.9964E-05 9.9964E-05 9.9964E-05 0.0314687 0.00595035 0.182739
0.00248008 9.9955E-05 0.528013 9.9955E-05 9.9955E-05 0.00809299 9.9955E-05 0.161553 9.9955E-05 0.299361
9.9928E-05 9.9928E-05 0.671382 9.9928E-05 9.9928E-05 9.9928E-05 9.9928E-05 9.9928E-05 9.9928E-05 0.327819
9.9946E-05 9.9946E-05 0.645237 9.9946E-05 9.9946E-05 0.117614 9.9946E-05 9.9946E-05 0.0212727 0.215278
