0.900719 0.0466247 9.9937E-05 9.9937E-05 9.9937E-05 0.0519568 9.9937E-05 9.9937E-05 9.9937E-05 9.9937E-05
0.693977 9.9973E-05 9.9973E-05 0.0525725 0.0310273 0.0953685 0.0966682 0.0282337 9.9973E-05 0.00185247
0.752821 9.9946E-05 0.0308615 0.00576482 9.9946E-05 9.9946E-05 0.209953 9.9946E-05 9.9946E-05 9.9946E-05
0.751913 0.0850982 0.0627501 0.0105753 9.9973E-05 9.9973E-05 9.9973E-05 0.00161153 0.0628057 0.0249465
0.759237 9.9964E-05 9.9964E-05 0.0130292 0.0173419 9.9964E-05 9.9964E-05 0.12813 0.0762926 0.00556996
0.835778 0.0369582 9.9946E-05 9.9946E-05 9.9946E-05 9.9946E-05 0.104856 9.9946E-05 9.9946E-05 0.0218087
0.903124 0.0409242 9.9937E-05 9.9937E-05 9.9937E-05 9.9937E-05 0.0552521 9.9937E-05 9.9937E-05 9.9937E-05
0.797489 0.0174674 9.9964E-05 0.0551169 0.0212893 9.9964E-05 0.0754391 9.9964E-05 0.0327981 9.9964E-05
0.736413 0.0700359 9.9973E-05 0.0430701 9.9973E-05 0.0210307 0.0755458 0.0466365 0.00696812 9.9973E-05
0.792543 0.122296 0.0506862 9.9982E-05 0.00888497 0.00156346 9.9982E-05 0.00226425 0.0213477 0.000213706
0.788068 0.041192 0.0029625 0.0453769 0.0376955 9.9991E-05 0.00719076 0.0198882 0.018364 0.0391624
0.739016 0.0390384 0.0867146 9.9973E-05 0.052701 0.0135782 0.0649149 9.9973E-05 9.9973E-05 0.00373689
0.771061 9.9955E-05 9.9955E-05 9.9955E-05 9.9955E-05 0.0121015 0.0763212 9.9955E-05 0.110206 0.0298102
0.708851 0.00517072 9.99673E-05 0.00741008 0.086808 9.99673E-05 0.10469 0.0866703 9.99673E-05 9.99673E-05
0.80616 9.9955E-05 0.0165519 0.0241908 9.9955E-05 9.9955E-05 9.9955E-05 0.0839396 0.0686577 9.9955E-05
0.854966 9.9946E-05 9.9946E-05 9.9946E-05 9.9946E-05 9.9946E-05 9.9946E-05 0.128194 0.00226034 0.0139794
0.962559 9.9937E-05 9.9937E-05 9.9937E-05 0.018653 9.9937E-05 9.9937E-05 9.9937E-05 9.9937E-05 0.0180889
0.938797 9.9946E-05 9.9946E-05 0.00464472 9.9946E-05 0.0469658 9.9946E-05 9.9946E-05 9.9946E-05 0.008993
0.924393 9.9946E-05 9.9946E-05 0.0665997 9.9946E-05 0.00302977 9.9946E-05 0.00537827 9.9946E-05 9.9946E-05
0.890117 9.9955E-05 0.0203154 9.9955E-05 0.0580223 9.9955E-05 9.9955E-05 9.9955E-05 0.0123157 0.0187302
9.99201E-05 9.99201E-05 0.999101 9.99201E-05 9.99201E-05 9.99201E-05 9.99201E-05 9.99201E-05 9.99201E-05 9.99201E-05
0.0196079 0.226306 0.654715 0.0246048 0.0586911 0.0156753 9.9964E-05 9.9964E-05 9.9964E-05 9.9964E-05
0.0141524 0.0988485 0.714077 9.9955E-05 9.9955E-05 0.0973208 9.9955E-05 9.9955E-05 0.075101 9.9955E-05
9.9955E-05 9.9955E-05 0.777136 9.9955E-05 0.0305615 0.154459 9.9955E-05 0.0195343 9.9955E-05 0.0178091
9.9937E-05 9.9937E-05 0.820305 9.9937E-05 9.9937E-05 9.9937E-05 0.157924 9.9937E-05 0.021071 9.9937E-05
0.0217411 9.9973E-05 0.827565 0.017623 9.9973E-05 0.0426883 0.0189551 9.9973E-05 0.0464704 0.0246567
9.9964E-05 0.0345504 0.711659 0.0651619 9.9964E-05 0.0846679 9.9964E-05 0.0702923 0.0332689 9.9964E-05
9.99201E-05 9.99201E-05 0.999101 9.99201E-05 9.99201E-05 9.99201E-05 9.99201E-05 9.99201E-05 9.99201E-05 9.99201E-05
9.994E-05 9.994E-05 0.657619 9.994E-05 0.0497426 9.994E-05 0.220255 9.994E-05 0.0717832 9.994E-05
0.00972588 9.9982E-05 0.535876 0.0315736 0.0721146 0.077529 9.9982E-05 0.144353 0.122176 0.00645227
9.994E-05 9.994E-05 0.63293 9.994E-05 9.994E-05 9.994E-05 0.172985 0.0938694 0.0996151 9.994E-05
9.9964E-05 0.011521 0.63219 9.9964E-05 9.9964E-05 0.0468587 9.9964E-05 0.167497 0.101059 0.040474
0.0412676 9.9955E-05 0.611864 9.9955E-05 9.9955E-05 0.0455889 9.9955E-05 0.190257 0.110522 9.9955E-05
9.99459E-05 0.225202 0.55945 0.191537 9.99459E-05 9.99459E-05 9.99459E-05 9.99459E-05 0.023212 9.99459E-05
0.0226328 0.0606634 0.503714 0.0217441 0.140436 9.9973E-05 0.113341 9.9973E-05 0.137168 9.9973E-05
0.0253982 0.0607021 0.453099 0.132908 0.0164332 9.9973E-05 0.302497 9.9973E-05 9.9973E-05 0.00866295
9.9964E-05 9.9964E-05 0.550353 0.0647328 0.107837 0.112423 9.9964E-05 0.157104 9.9964E-05 0.00714971
0.0116871 0.15555 0.0599893 0.0425522 9.9973E-05 0.637772 9.9973E-05 9.9973E-05 0.0470114 0.0451382
9.99639E-05 0.000378524 9.99639E-05 9.99639E-05 0.0718664 0.546253 0.340614 9.99639E-05 0.0386702 0.00181799
9.9973E-05 0.0363086 0.0249962 0.078788 9.9973E-05 0.632857 9.9973E-05 0.100944 0.0981885 0.0276176
9.9946E-05 9.9946E-05 9.9946E-05 0.0665661 9.9946E-05 0.638803 0.282308 9.9946E-05 0.0117233 9.9946E-05
0.0231483 9.9964E-05 9.9964E-05 0.131843 0.0161765 0.782928 9.9964E-05 0.0324302 9.9964E-05 0.0130736
9.9955E-05 9.9955E-05 0.0210312 0.0704722 9.9955E-05 0.742622 9.9955E-05 0.14998 9.9955E-05 0.0153949
0.0488326 0.0761343 9.9973E-05 0.0978418 9.9973E-05 0.531199 0.0547323 0.190586 9.9973E-05 0.00037439
0.0227466 0.0349969 0.0128302 0.0956313 0.0475727 0.664504 9.9982E-05 0.110751 9.9982E-05 0.0107672
0.030555 9.9946E-05 9.9946E-05 9.9946E-05 0.0238571 0.649628 0.295361 9.9946E-05 9.9946E-05 9.9946E-05
9.9955E-05 9.9955E-05 9.9955E-05 0.090954 0.0599752 0.714393 9.9955E-05 0.0947936 9.9955E-05 0.0393843
0.0083266 0.178752 9.9982E-05 0.0205998 0.00639747 0.720167 9.9982E-05 0.0357213 0.00376808 0.0260677
9.9955E-05 9.9955E-05 0.0393496 0.0835492 9.9955E-05 0.816243 9.9955E-05 0.0383275 9.9955E-05 0.0220311
0.00377096 0.155866 9.9964E-05 0.098893 9.9964E-05 0.709137 9.9964E-05 0.00600521 9.9964E-05 0.0259285
9.99369E-05 9.99369E-05 9.99369E-05 9.99369E-05 9.99369E-05 0.666438 0.314166 9.99369E-05 9.99369E-05 0.0186973
9.9955E-05 9.9955E-05 0.00944506 0.0270815 9.9955E-05 0.769785 0.179228 9.9955E-05 9.9955E-05 0.0139603
0.0109999 9.9946E-05 9.9946E-05 9.9946E-05 0.145425 0.706528 9.9946E-05 0.136448 9.9946E-05 9.9946E-05
0.0789677 0.0762445 0.0446156 0.112879 9.9964E-05 0.668836 9.9964E-05 9.9964E-05 9.9964E-05 0.0180573
0.0279602 9.9964E-05 9.9964E-05 0.068051 9.9964E-05 0.619997 9.9964E-05 0.215874 0.0161434 0.0515749
9.9964E-05 9.9964E-05 0.0111478 0.0934407 9.9964E-05 0.547884 0.292332 9.9964E-05 0.00379578 0.0510001
0.0545609 9.9964E-05 0.0173328 0.0239693 0.0404763 0.614607 0.248654 9.9964E-05 9.9964E-05 9.9964E-05
9.99639E-05 9.99639E-05 9.99639E-05 0.160126 0.164335 0.0468336 0.508532 9.99639E-05 0.104366 0.0154074
9.99201E-05 9.99201E-05 9.99201E-05 0.999101 9.99201E-05 9.99201E-05 9.99201E-05 9.99201E-05 9.99201E-05 9.99201E-05
0.0158003 0.207905 9.9964E-05 0.0796924 0.424535 9.9964E-05 9.9964E-05 9.9964E-05 0.239278 0.0323896
0.00714022 9.9973E-05 9.9973E-05 0.125501 0.385062 0.112534 9.9973E-05 0.0429242 0.295881 0.0306578
9.9955E-05 9.9955E-05 9.9955E-05 0.292657 0.177856 9.9955E-05 0.24101 9.9955E-05 0.263661 0.0243165
0.0383186 0.0437509 9.9982E-05 0.161281 0.286657 0.114917 9.9982E-05 0.00980965 0.291558 0.0535077
0.0188246 9.99639E-05 0.0102591 0.238261 0.425627 9.99639E-05 9.99639E-05 0.144083 9.99639E-05 0.162545
9.99201E-05 9.99201E-05 9.99201E-05 0.999101 9.99201E-05 9.99201E-05 9.99201E-05 9.99201E-05 9.99201E-05 9.99201E-05
0.109149 9.9973E-05 9.9973E-05 0.190019 0.230881 0.0557431 0.248118 9.9973E-05 0.116744 0.0490474
0.0725226 9.9982E-05 0.168034 0.194371 0.154378 0.090027 0.084055 9.9982E-05 0.163379 0.0730333
0.0173226 0.0900233 0.0824726 0.243854 0.197464 0.00467936 9.9982E-05 9.9982E-05 0.282105 0.0818793
9.9964E-05 9.9964E-05 0.0833552 0.226862 0.314639 9.9964E-05 0.166807 9.9964E-05 0.156371 0.0515659
0.0587099 0.0391102 0.067828 0.375702 0.287803 9.9982E-05 9.9982E-05 0.0133248 0.0905856 0.0667362
0.0385323 9.9982E-05 0.00538276 0.282821 0.239441 0.0615739 0.0820633 9.9982E-05 0.238859 0.051126
9.996E-05 9.996E-05 9.996E-05 0.21771 0.268672 0.0822677 0.0889749 9.996E-05 0.300593 0.0413823
0.0377281 9.9982E-05 0.0453629 0.321155 0.26684 0.0595368 0.0509254 9.9982E-05 0.164444 0.053808
9.9964E-05 9.9964E-05 0.00678087 0.129148 0.181249 9.9964E-05 0.3868 9.9964E-05 0.270463 0.0251598
9.9982E-05 9.9982E-05 0.0800714 0.116764 0.0999112 0.274121 0.00319948 0.0387847 0.286308 0.10064
0.0970496 9.9982E-05 0.0403645 0.299691 0.0767363 0.231684 0.0809035 9.9982E-05 0.135133 0.0382383
0.0666309 9.9964E-05 9.9964E-05 0.27101 0.0702857 0.486886 0.0449649 9.9964E-05 9.9964E-05 0.0598228
9.99549E-05 9.99549E-05 0.00693818 0.239485 0.475679 9.99549E-05 9.99549E-05 0.165082 9.99549E-05 0.112316
0.0370972 9.9973E-05 0.0605828 0.181869 0.224776 0.190315 0.237827 9.9973E-05 9.9973E-05 0.0672329
9.9964E-05 9.9964E-05 9.9964E-05 0.286367 0.311947 0.152608 9.9964E-05 0.0975083 0.101898 0.0492716
0.0596569 9.9982E-05 0.0672523 0.152555 0.107429 0.131046 9.9982E-05 0.107829 0.307502 0.0665299
0.0374698 9.9973E-05 0.0144346 0.21599 0.250457 9.9973E-05 0.332748 9.9973E-05 0.0889095 0.0596908
0.0795757 9.9973E-05 9.9973E-05 0.225513 0.412354 0.0399389 0.175363 9.9973E-05 0.0174692 0.049486
9.9955E-05 9.9955E-05 9.9955E-05 0.0177805 0.188893 0.154879 0.620459 9.9955E-05 9.9955E-05 0.0174891
9.9973E-05 0.470641 9.9973E-05 0.0613622 0.00462523 0.132594 0.0771341 0.217206 9.9973E-05 0.0361376
9.9973E-05 9.9973E-05 0.0100777 0.229072 0.0848133 0.0607236 0.489112 9.9973E-05 0.120836 0.00506564
0.00542831 9.9973E-05 9.9973E-05 0.253881 0.165693 0.0475737 9.9973E-05 0.184698 0.309429 0.032997
9.9955E-05 9.9955E-05 9.9955E-05 0.162391 9.9955E-05 0.0987025 9.9955E-05 0.154424 0.471054 0.112928
9.9964E-05 0.0574582 9.9964E-05 0.193491 0.228222 0.0920323 0.0923889 9.9964E-05 0.336007 9.9964E-05
9.99459E-05 0.00675096 0.0304642 9.99459E-05 0.955051 0.00713391 9.99459E-05 9.99459E-05 9.99459E-05 9.99459E-05
0.0269534 9.9982E-05 0.0450371 0.272484 0.255313 0.149127 0.132989 9.9982E-05 0.0558285 0.0620685
9.9973E-05 0.116789 9.9973E-05 0.211708 0.361779 0.0225966 0.152451 9.9973E-05 0.10353 0.0308463
0.00605866 9.9964E-05 0.0133632 0.114802 0.259593 9.9964E-05 0.603436 9.9964E-05 9.9964E-05 0.00234756
0.026945 9.9973E-05 0.0244057 0.054581 0.256325 9.9973E-05 0.45053 9.9973E-05 0.135569 0.0513441
9.99549E-05 9.99549E-05 9.99549E-05 0.109809 0.287787 9.99549E-05 0.502914 9.99549E-05 0.0557706 0.0432199
0.077334 9.9973E-05 0.0330637 0.238453 0.117034 9.9973E-05 0.329961 9.9973E-05 0.19286 0.010995
0.0506472 0.179006 9.9991E-05 0.142649 0.206422 0.027113 0.0321572 0.0566867 0.233396 0.0718217
0.0855135 9.9982E-05 9.9982E-05 0.242929 0.157962 0.122929 0.0486847 0.0114265 0.241635 0.088719
0.0266996 0.0607853 9.9973E-05 0.220312 0.0486908 0.0513324 9.9973E-05 9.9973E-05 0.504017 0.0878631
0.0257205 0.134746 9.9973E-05 0.23654 0.242674 0.052762 9.9973E-05 9.9973E-05 0.225973 0.0812843
9.9973E-05 9.9973E-05 0.0371805 0.145837 0.283218 0.000538239 0.326 9.9973E-05 0.187794 0.0191324
0.021653 0.0444736 9.9982E-05 0.277844 0.276476 9.9982E-05 0.0893605 0.0738624 0.158842 0.057289
0.0316095 9.9973E-05 9.9973E-05 0.203567 0.300203 0.0177921 9.9973E-05 0.116699 0.29416 0.0356695
9.99201E-05 9.99201E-05 9.99201E-05 9.99201E-05 0.999101 9.99201E-05 9.99201E-05 9.99201E-05 9.99201E-05 9.99201E-05
0.0461164 9.9982E-05 9.9982E-05 0.156746 0.25151 0.051365 0.176497 0.000968098 0.255485 0.0611129
0.0445742 9.9973E-05 0.00953907 0.206643 0.378858 9.9973E-05 0.206746 9.9973E-05 0.128519 0.0248215
0.0173333 0.121166 0.03191 0.105358 0.417198 0.0562265 9.9991E-05 0.0307107 0.198093 0.0219047
0.0121829 9.9973E-05 9.9973E-05 0.191646 0.236081 0.15678 9.9973E-05 0.105673 0.249305 0.0480314
0.0150923 0.00739402 9.9982E-05 0.149081 0.133474 0.0397735 0.188233 9.9982E-05 0.376016 0.0907364
0.0548884 9.9982E-05 0.0714733 0.175112 0.150596 0.0871433 0.101955 9.9982E-05 0.330895 0.0277362
9.99201E-05 9.99201E-05 9.99201E-05 9.99201E-05 9.99201E-05 9.99201E-05 9.99201E-05 9.99201E-05 9.99201E-05 0.999101
9.99201E-05 9.99201E-05 9.99201E-05 9.99201E-05 0.999101 9.99201E-05 9.99201E-05 9.99201E-05 9.99201E-05 9.99201E-05
9.99201E-05 9.99201E-05 9.99201E-05 9.99201E-05 9.99201E-05 9.99201E-05 9.99201E-05 9.99201E-05 9.99201E-05 0.999101
9.99459E-05 9.99459E-05 9.99459E-05 0.221404 0.32711 9.99459E-05 0.423716 9.99459E-05 9.99459E-05 0.0271705
0.00806964 9.9964E-05 0.0574828 0.143861 0.39859 9.9964E-05 0.321402 9.9964E-05 9.9964E-05 0.0701941
0.0569855 9.9964E-05 9.9964E-05 0.129402 0.193229 9.9964E-05 0.303038 9.9964E-05 0.2491 0.0678459
0.0551523 0.0102723 0.00321105 0.174298 0.354906 0.144495 0.0219356 9.9991E-05 0.161789 0.0738405
0.0480885 9.9973E-05 9.9973E-05 0.289735 0.290503 0.156112 9.9973E-05 0.0432645 0.148516 0.0234803
9.99279E-05 0.140257 9.99279E-05 9.99279E-05 0.858944 9.99279E-05 9.99279E-05 9.99279E-05 9.99279E-05 9.99279E-05
0.0698519 0.147966 0.00486779 0.156532 0.285676 0.00578733 0.194283 9.9991E-05 0.0954902 0.0394452
9.9955E-05 0.0485881 0.00779554 0.152085 9.9955E-05 9.9955E-05 0.0305379 9.9955E-05 0.760494 9.9955E-05
9.9955E-05 0.000267053 9.9955E-05 9.9955E-05 0.0156915 9.9955E-05 9.9955E-05 0.0996996 0.857002 0.0268401
9.9955E-05 9.9955E-05 0.0877212 9.9955E-05 0.0673434 9.9955E-05 9.9955E-05 0.0234426 0.797253 0.0237397
9.9928E-05 9.9928E-05 9.9928E-05 9.9928E-05 9.9928E-05 9.9928E-05 0.232938 9.9928E-05 0.766262 9.9928E-05
9.9955E-05 0.158569 9.9955E-05 9.9955E-05 0.121686 9.9955E-05 9.9955E-05 0.0520339 0.650177 0.017034
9.9946E-05 9.9946E-05 0.019771 0.0117926 9.9946E-05 9.9946E-05 9.9946E-05 0.177652 0.790184 9.9946E-05
9.9946E-05 0.0647558 9.9946E-05 9.9946E-05 9.9946E-05 9.9946E-05 0.10692 0.0100759 0.817648 9.9946E-05
0.0514227 9.9964E-05 0.0195352 0.0599314 0.0142521 9.9964E-05 0.148905 9.9964E-05 0.705553 9.9964E-05
9.9955E-05 0.113697 9.9955E-05 0.0386656 9.9955E-05 0.0473332 9.9955E-05 9.9955E-05 0.788667 0.0111376
9.9964E-05 0.0154703 9.9964E-05 9.9964E-05 0.062421 0.124977 0.00373252 9.9964E-05 0.780669 0.0123307
9.9973E-05 0.0674538 0.0774172 0.0850399 9.9973E-05 0.0433271 0.0229007 9.9973E-05 0.694804 0.00875703
9.9946E-05 9.9946E-05 9.9946E-05 9.9946E-05 9.9946E-05 9.9946E-05 0.319706 0.608155 0.0629212 0.00861816
0.00386448 9.9955E-05 9.9955E-05 9.9955E-05 9.9955E-05 0.0207936 0.18078 0.681336 0.112726 9.9955E-05
9.9928E-05 9.9928E-05 9.9928E-05 9.9928E-05 9.9928E-05 9.9928E-05 0.627402 0.371799 9.9928E-05 9.9928E-05
9.9946E-05 0.0715192 9.9946E-05 9.9946E-05 9.9946E-05 9.9946E-05 0.765774 0.146901 9.9946E-05 0.0152063
9.9928E-05 9.9928E-05 9.9928E-05 9.9928E-05 9.9928E-05 9.9928E-05 0.882301 0.1169 9.9928E-05 9.9928E-05
0.0172637 0.12547 0.0213607 0.0345367 9.9982E-05 9.9982E-05 0.353152 0.392673 0.0440307 0.0113132
9.9946E-05 9.9946E-05 0.0143395 9.9946E-05 9.9946E-05 0.0932094 0.0898674 0.801984 9.9946E-05 9.9946E-05
9.9937E-05 0.0133663 9.9937E-05 9.9937E-05 0.0777052 9.9937E-05 9.9937E-05 0.908229 9.9937E-05 9.9937E-05
0.00950863 9.99549E-05 9.99549E-05 9.99549E-05 0.0803576 9.99549E-05 0.682579 0.191662 9.99549E-05 0.035393
9.9937E-05 9.9937E-05 9.9937E-05 9.9937E-05 9.9937E-05 0.086277 9.9937E-05 0.8295 0.0835234 9.9937E-05
0.0317612 9.9955E-05 0.00864365 0.0142367 9.9955E-05 9.9955E-05 0.357658 0.587201 9.9955E-05 9.9955E-05
9.9937E-05 0.183294 9.9937E-05 9.9937E-05 9.9937E-05 9.9937E-05 0.509688 0.306318 9.9937E-05 9.9937E-05
0.0376028 0.0305598 0.0489967 0.0408506 9.9991E-05 0.117515 0.137453 0.543107 0.0153863 0.028429
9.9964E-05 0.249824 9.9964E-05 9.9964E-05 0.0468203 0.0814816 0.40457 0.130069 0.0868358 9.9964E-05
0.0247832 0.738678 0.0597221 0.0160922 9.99717E-05 9.99717E-05 0.0380019 0.122323 9.99717E-05 9.99717E-05
9.9955E-05 0.646833 9.9955E-05 0.0601977 0.0169023 9.9955E-05 0.0884895 0.187078 9.9955E-05 9.9955E-05
9.9928E-05 0.973829 9.9928E-05 9.9928E-05 9.9928E-05 9.9928E-05 0.0253717 9.9928E-05 9.9928E-05 9.9928E-05
0.00974249 0.767451 9.9973E-05 0.0206283 9.9973E-05 9.9973E-05 0.065803 0.0642783 0.0478264 0.0239702
9.99201E-05 0.999101 9.99201E-05 9.99201E-05 9.99201E-05 9.99201E-05 9.99201E-05 9.99201E-05 9.99201E-05 9.99201E-05
9.99549E-05 0.822317 0.0107729 9.99549E-05 0.0258836 0.000180687 9.99549E-05 0.140346 9.99549E-05 9.99549E-05
9.99279E-05 0.978886 9.99279E-05 9.99279E-05 0.0203151 9.99279E-05 9.99279E-05 9.99279E-05 9.99279E-05 9.99279E-05
9.9946E-05 0.504575 9.9946E-05 9.9946E-05 9.9946E-05 9.9946E-05 9.9946E-05 0.342166 0.115194 0.0374657
9.9964E-05 0.162171 9.9964E-05 9.9964E-05 0.0379981 9.9964E-05 0.1254 0.611075 0.0432907 0.0196654
0.0310585 0.0125729 9.9973E-05 0.0150414 0.0533323 9.9973E-05 0.0254013 0.857016 9.9973E-05 0.00527819
9.9946E-05 9.9946E-05 0.0154795 9.9946E-05 0.0745102 9.9946E-05 0.472601 0.43681 9.9946E-05 9.9946E-05
9.9946E-05 9.9946E-05 9.9946E-05 9.9946E-05 9.9946E-05 9.9946E-05 0.573543 0.37008 0.0537969 0.00197971
0.0429786 0.0284323 0.0644585 0.0133901 9.9973E-05 9.9973E-05 0.208214 0.608312 9.9973E-05 0.0339137
0.0917316 0.114473 9.996E-05 0.0779688 0.0239032 9.996E-05 0.151804 0.539719 9.996E-05 9.996E-05
0.0424761 0.367747 9.9973E-05 0.0333691 9.9973E-05 0.0429317 9.9973E-05 0.416305 0.070565 0.0263055
9.9955E-05 9.9955E-05 0.0550163 0.0516132 9.9955E-05 9.9955E-05 0.216136 0.654312 9.9955E-05 0.0224223
9.9964E-05 0.132176 9.9964E-05 0.0555896 9.9964E-05 0.00958747 0.00182146 0.775524 9.9964E-05 0.0249012
0.0400823 9.9955E-05 0.0142626 9.9955E-05 9.9955E-05 0.0977763 0.431974 0.415405 9.9955E-05 9.9955E-05
9.9964E-05 0.217872 0.0467924 9.9964E-05 9.9964E-05 0.0743859 0.265991 0.333035 0.0615238 9.9964E-05
9.9955E-05 0.0223049 0.088713 9.9955E-05 0.0664234 9.9955E-05 9.9955E-05 0.819512 9.9955E-05 0.0025467
0.0143789 9.9946E-05 9.9946E-05 0.0159114 9.9946E-05 9.9946E-05 0.434092 0.535018 9.9946E-05 9.9946E-05
0.00866465 0.151249 9.9955E-05 0.0612705 9.9955E-05 0.476176 0.30214 9.9955E-05 9.9955E-05 9.9955E-05
0.00896688 0.429544 0.0237932 9.9955E-05 0.0911233 0.446073 9.9955E-05 9.9955E-05 9.9955E-05 9.9955E-05
0.0777735 0.295088 0.0316021 9.996E-05 0.0591675 0.519564 9.996E-05 9.996E-05 9.996E-05 0.016405
0.0786757 0.202484 0.0374799 0.013851 9.9973E-05 0.466751 0.168381 9.9973E-05 9.9973E-05 0.0320769
0.0776215 0.312063 0.0344039 9.9973E-05 0.0258892 0.477207 9.9973E-05 9.9973E-05 0.0486819 0.0238333
9.9973E-05 0.150059 0.069171 0.00325994 0.0256401 0.649339 9.9973E-05 0.0715718 9.9973E-05 0.0306595
0.0115887 0.230513 0.0092656 9.9964E-05 0.00668911 0.692292 9.9964E-05 9.9964E-05 0.0492524 9.9964E-05
0.054995 0.0884662 0.0822481 9.997E-05 9.997E-05 0.529017 0.146051 9.997E-05 0.096056 0.00286685
