9.9946E-05 9.9946E-05 0.0273507 9.9946E-05 0.0482919 9.9946E-05 9.9946E-05 0.913706 9.9946E-05 0.0100516
9.9955E-05 9.9955E-05 9.9955E-05 0.0954021 0.132482 0.0395409 0.0382213 0.693854 9.9955E-05 9.9955E-05
0.0399208 9.9955E-05 0.0538505 9.9955E-05 0.0404281 0.0418767 9.9955E-05 0.823424 9.9955E-05 9.9955E-05
0.0257729 9.9982E-05 0.0332621 0.0744485 0.0249212 0.0492416 0.0278028 0.746011 0.0183399 9.9982E-05
0.000338416 0.0221073 0.0152 9.99766E-05 0.0319308 0.0802705 9.99766E-05 0.770289 0.0795644 9.99766E-05
9.9955E-05 9.9955E-05 9.9955E-05 0.0532304 9.9955E-05 9.9955E-05 0.0400145 0.853623 0.0409439 0.0116889
9.9955E-05 9.9955E-05 9.9955E-05 0.0296754 9.9955E-05 0.0283948 0.00642114 0.92267 9.9955E-05 0.0123386
9.9982E-05 0.0450643 0.0139883 0.023151 0.0027276 0.0820886 9.9982E-05 0.80562 0.00895155 0.0182082
0.0322909 9.9955E-05 9.9955E-05 0.0610558 0.0128016 0.119845 9.9955E-05 0.773507 9.9955E-05 9.9955E-05
0.0293085 0.0325955 9.9973E-05 0.0410875 0.0747048 0.0154134 9.9973E-05 0.800001 9.9973E-05 0.00658942
9.9955E-05 9.9955E-05 0.0224787 0.0437438 0.157113 9.9955E-05 0.0327737 0.743392 9.9955E-05 9.9955E-05
0.103537 9.9973E-05 0.00230715 0.00901341 0.110196 9.9973E-05 9.9973E-05 0.730242 0.0402531 0.00415141
9.9964E-05 0.0463324 9.9964E-05 9.9964E-05 9.9964E-05 0.0700167 0.0454149 0.798993 0.0319792 0.00686408
0.0199651 9.9964E-05 0.0337853 0.182141 0.0345791 9.9964E-05 0.0488195 0.68031 9.9964E-05 9.9964E-05
0.0356289 9.9964E-05 9.9964E-05 0.0556903 0.0472743 0.0239507 0.0239037 0.813152 9.9964E-05 9.9964E-05
9.9973E-05 9.9973E-05 0.00371065 0.0377039 9.9973E-05 0.0521634 0.0282939 0.851593 0.0219607 0.00427496
9.9937E-05 9.9937E-05 9.9937E-05 9.9937E-05 9.9937E-05 9.9937E-05 9.9937E-05 0.89711 0.0586047 0.0435859
9.9937E-05 9.9937E-05 9.9937E-05 9.9937E-05 9.9937E-05 9.9937E-05 0.00707156 0.939174 0.0530549 9.9937E-05
9.9955E-05 9.9955E-05 9.9955E-05 9.9955E-05 9.9955E-05 0.00829527 0.0360558 0.937421 0.00698245 0.010746
0.0274289 9.9946E-05 9.9946E-05 9.9946E-05 9.9946E-05 9.9946E-05 9.9946E-05 0.889939 0.0662899 0.0157429
9.99201E-05 9.99201E-05 0.999101 9.99201E-05 9.99201E-05 9.99201E-05 9.99201E-05 9.99201E-05 9.99201E-05 9.99201E-05
0.791241 0.0126614 0.00116497 0.0159058 0.134177 9.9973E-05 0.0429998 0.00154981 9.9973E-05 9.9973E-05
0.836746 0.0627476 0.0146422 0.00117157 9.9973E-05 9.9973E-05 0.0180033 0.0150472 9.9973E-05 0.0513426
0.82242 0.0375255 0.0141851 9.9955E-05 9.9955E-05 9.9955E-05 9.9955E-05 9.9955E-05 0.089852 0.0355177
0.989599 9.9937E-05 0.00879878 9.9937E-05 9.9937E-05 9.9937E-05 9.9937E-05 9.9937E-05 9.9937E-05 0.000903128
0.965585 9.9937E-05 9.9937E-05 9.9937E-05 9.9937E-05 9.9937E-05 9.9937E-05 0.00261712 0.0310982 9.9937E-05
0.779281 0.0773339 0.0538355 0.00219393 0.0450412 9.9973E-05 9.9973E-05 9.9973E-05 0.0398261 0.00218843
9.99201E-05 9.99201E-05 0.999101 9.99201E-05 9.99201E-05 9.99201E-05 9.99201E-05 9.99201E-05 9.99201E-05 9.99201E-05
0.797416 9.9982E-05 0.0389091 0.00239545 0.00756226 0.0935056 0.0171563 9.9982E-05 0.0201661 0.0226895
0.782814 0.0896213 9.9973E-05 9.9973E-05 0.0260843 0.0130153 0.0714192 9.9973E-05 0.00817664 0.00856978
0.73723 9.9955E-05 0.0231881 0.120983 0.0495212 0.0685778 9.9955E-05 9.9955E-05 9.9955E-05 9.9955E-05
0.758938 0.0638396 0.0420248 0.0310824 9.9964E-05 9.9964E-05 0.0163375 9.9964E-05 0.0873775 9.9964E-05
0.688277 0.0629378 0.0322073 9.9964E-05 9.9964E-05 0.150415 0.0387146 0.027049 9.9964E-05 9.9964E-05
0.664651 9.9973E-05 0.0158419 0.0534395 0.0639819 0.133573 0.0565109 9.9973E-05 9.9973E-05 0.0117025
0.682012 9.9964E-05 9.9964E-05 9.9964E-05 0.208891 9.9964E-05 0.0180935 0.00779979 0.0643433 0.0184607
0.555465 9.9973E-05 0.0123509 0.103115 0.246079 9.9973E-05 0.0163275 0.0409707 0.0253927 9.9973E-05
0.752892 0.0933712 9.9955E-05 9.9955E-05 0.00106319 9.9955E-05 9.9955E-05 9.9955E-05 0.13165 0.0205241
9.9973E-05 0.633858 0.0537731 0.0420127 9.9973E-05 0.0137584 0.014407 0.0324588 0.209432 9.9973E-05
9.9973E-05 0.668112 0.0158233 0.0309106 0.0598932 0.0884875 0.0227294 9.9973E-05 0.113744 9.9973E-05
0.0780103 0.640115 9.9973E-05 9.9973E-05 9.9973E-05 0.127769 0.0445828 0.0355678 0.0619862 0.0116689
0.0803778 0.691392 9.9973E-05 0.0282361 0.0364799 9.9973E-05 0.0019812 0.0122928 0.14894 9.9973E-05
9.9973E-05 0.697317 0.0272788 9.9973E-05 0.0327837 9.9973E-05 0.0734356 0.0359057 0.123109 0.00987065
9.9964E-05 0.809096 0.019835 9.9964E-05 9.9964E-05 0.0740805 0.0514024 9.9964E-05 0.0444586 0.000728029
0.0485759 0.673648 0.00599874 0.0991738 0.0227857 0.0245879 0.0457889 0.0382573 0.0297879 0.011396
0.012807 0.701454 0.0278423 9.9973E-05 0.152997 9.9973E-05 0.021349 9.9973E-05 0.0494593 0.0337918
0.0688005 0.676601 9.9973E-05 0.0664102 9.9973E-05 0.0216254 9.9973E-05 0.0150371 0.111961 0.0392649
0.0315108 0.748255 0.00020958 9.9973E-05 9.9973E-05 0.0129104 0.0563666 9.9973E-05 0.136787 0.01366
9.9982E-05 0.763438 9.9982E-05 0.0653317 0.00776559 0.0864245 0.0634704 0.00319027 0.00853637 0.00164347
9.9955E-05 0.799884 0.0619169 9.9955E-05 9.9955E-05 9.9955E-05 0.0216097 0.0310431 0.0850467 9.9955E-05
9.9982E-05 0.746278 0.0305755 0.00577333 0.0931714 9.9982E-05 0.0165041 0.0131806 0.0676721 0.0266452
9.9982E-05 0.769127 0.0217945 0.0199635 9.9982E-05 0.0339804 0.0130699 0.00713637 0.115151 0.0195771
0.0301911 0.789803 0.0231126 0.00659122 9.9973E-05 0.032028 0.051375 9.9973E-05 0.0665995 9.9973E-05
9.9964E-05 0.800707 0.0132966 9.9964E-05 9.9964E-05 9.9964E-05 0.0828115 0.00931294 0.0317537 0.0617182
0.00983412 0.703578 0.022735 9.9973E-05 0.112537 9.9973E-05 0.014058 0.0726038 0.0643532 9.9973E-05
9.9964E-05 0.769614 0.0258503 9.9964E-05 9.9964E-05 0.0263261 0.0271515 9.9964E-05 0.127209 0.0234499
0.016358 0.683649 0.00618288 9.9973E-05 9.9973E-05 0.117914 0.0256552 0.0317774 0.118163 9.9973E-05
0.0288407 0.746654 0.0308024 9.9973E-05 9.9973E-05 0.0306485 9.9973E-05 0.0553418 0.0399613 0.0674514
0.0624138 0.138957 0.0125656 0.0149217 0.412864 0.0786673 0.0181082 0.0126649 0.248737 9.9991E-05
9.99369E-05 9.99369E-05 9.99369E-05 9.99369E-05 0.169069 0.782045 0.0481861 9.99369E-05 9.99369E-05 9.99369E-05
0.0142607 0.0526806 0.027362 0.0291823 0.553007 0.0169384 0.102221 9.9991E-05 0.160484 0.043765
9.9973E-05 0.0341229 9.9973E-05 9.9973E-05 0.555678 0.15477 0.0245165 0.0365369 0.167034 0.0270426
9.9946E-05 9.9946E-05 9.9946E-05 9.9946E-05 0.395232 0.389766 0.0228016 9.9946E-05 0.191601 9.9946E-05
9.9982E-05 0.0918977 0.0221614 9.9982E-05 0.40377 0.100596 0.0112313 0.0258189 0.314742 0.029583
9.99201E-05 9.99201E-05 9.99201E-05 9.99201E-05 9.99201E-05 9.99201E-05 0.999101 9.99201E-05 9.99201E-05 9.99201E-05
9.9955E-05 9.9955E-05 0.0106447 9.9955E-05 0.124386 0.796523 0.040648 9.9955E-05 9.9955E-05 0.0272988
9.9982E-05 0.0317544 0.00379818 0.00594986 0.697375 9.9982E-05 0.0230848 0.0902185 0.113115 0.0345045
0.110619 0.0229316 0.0319185 9.9991E-05 0.356682 0.091507 0.0552134 0.0619166 0.253624 0.015487
0.0179222 9.9978E-05 9.9978E-05 9.9978E-05 0.390194 0.208731 0.0935982 0.0402742 0.232055 0.0169255
9.9964E-05 9.9964E-05 0.0399628 9.9964E-05 0.330818 0.15517 0.0328051 9.9964E-05 0.402295 0.0385489
0.0642952 9.9991E-05 0.00334716 0.0112871 0.328366 0.188399 0.0524903 0.0156677 0.284379 0.0516686
0.000431166 9.9973E-05 9.9973E-05 9.9973E-05 0.519604 0.119858 0.0523836 0.0175556 0.283057 0.00681081
9.9973E-05 0.0256688 0.00547948 9.9973E-05 0.315151 0.33105 0.0800568 9.9973E-05 0.213968 0.028325
0.0316919 0.0167737 9.9973E-05 9.9973E-05 0.451486 0.254026 0.0680731 9.9973E-05 0.138213 0.0394369
0.0718605 0.0199687 9.9973E-05 0.000552555 0.460692 0.343844 0.0230305 9.9973E-05 0.079752 9.9973E-05
9.9982E-05 0.274609 0.0455536 9.9982E-05 0.0464277 0.269261 0.0488821 0.00388595 0.298395 0.0127854
9.9973E-05 0.200141 9.9973E-05 9.9973E-05 0.281313 0.104182 0.0453203 0.0463744 0.304543 0.0178272
9.9973E-05 0.374244 9.9973E-05 9.9973E-05 0.21292 0.10497 0.0254912 0.0571701 0.205133 0.0197721
9.99201E-05 9.99201E-05 9.99201E-05 9.99201E-05 9.99201E-05 9.99201E-05 0.999101 9.99201E-05 9.99201E-05 9.99201E-05
9.999E-05 0.142526 0.0838656 0.0235018 0.249198 0.205178 0.0384638 0.0426992 0.138666 0.0758024
9.9982E-05 0.0707535 0.00326544 0.0158589 0.450104 0.0925874 0.0915932 9.9982E-05 0.248835 0.0268019
0.0566235 0.0306166 9.9982E-05 0.0364537 0.0771855 0.0110823 9.9982E-05 0.0216407 0.748248 0.0179497
0.0264148 9.9982E-05 0.0227414 9.9982E-05 0.324612 0.224092 0.082197 0.0237772 0.260558 0.0354075
9.9973E-05 0.0827476 9.9973E-05 9.9973E-05 0.56426 0.0284659 0.093515 0.0348598 0.162453 0.0333986
0.0643089 0.283268 0.0209605 0.164302 0.295037 9.9982E-05 0.0237469 9.9982E-05 0.0853874 0.0627885
9.9955E-05 0.19518 9.9955E-05 0.492343 0.208602 9.9955E-05 0.0946085 9.9955E-05 0.00876685 9.9955E-05
0.0713494 0.160585 9.9973E-05 0.0927145 0.313489 0.143119 9.9973E-05 0.0451988 0.173245 9.9973E-05
9.999E-05 0.0151091 0.00266495 0.0801865 0.162832 0.111125 0.00111909 0.0166481 0.607404 0.00281076
9.99459E-05 0.0173224 9.99459E-05 0.0935522 9.99459E-05 0.176906 9.99459E-05 9.99459E-05 0.711619 9.99459E-05
9.9964E-05 0.0786657 9.9964E-05 9.9964E-05 0.531597 0.241305 0.0327021 9.9964E-05 0.0742595 0.041071
9.99279E-05 9.99279E-05 9.99279E-05 9.99279E-05 0.807656 9.99279E-05 9.99279E-05 9.99279E-05 9.99279E-05 0.191545
9.9982E-05 0.0665744 0.0177196 9.9982E-05 0.348103 0.165335 0.140711 0.00653212 0.233231 0.0215939
9.9964E-05 0.0566652 9.9964E-05 9.9964E-05 0.311756 0.276168 0.10405 9.9964E-05 0.210651 0.0403098
0.0512219 9.9982E-05 0.0209057 0.0657475 0.745585 9.9982E-05 0.00892554 0.0456377 0.0502251 0.0115516
0.0670569 0.0559799 0.00676446 0.0415136 0.645272 9.9982E-05 0.030302 9.9982E-05 0.152143 0.000767938
0.0276943 9.9973E-05 0.00912543 0.0367224 0.673849 9.9973E-05 0.0641084 0.00712062 0.181079 9.9973E-05
0.0739098 9.9982E-05 0.0274043 0.0306988 0.554851 0.15803 0.0492301 0.0327624 0.0729145 9.9982E-05
0.0589893 9.9982E-05 9.9982E-05 0.0817757 0.382677 0.210713 0.0679865 0.0199569 0.158089 0.0196126
9.9982E-05 0.0983747 0.00169862 9.9982E-05 0.338037 0.153685 0.0470783 0.0654137 0.285687 0.00982489
9.9955E-05 9.9955E-05 9.9955E-05 9.9955E-05 0.190208 0.382934 0.0349358 9.9955E-05 0.389947 0.00147566
9.9955E-05 0.0452016 9.9955E-05 9.9955E-05 0.546877 0.107646 9.9955E-05 9.9955E-05 0.279167 0.0206092
0.0502627 0.0435835 9.9982E-05 0.0549343 0.590688 9.9982E-05 0.0468658 0.0621105 0.122566 0.0287891
9.9982E-05 9.9982E-05 0.0170637 0.0664651 0.331596 0.202228 0.0982593 0.0397401 0.139906 0.104542
0.00907385 9.9964E-05 9.9964E-05 9.9964E-05 0.639152 0.112041 0.0542778 0.017453 0.167602 9.9964E-05
9.99201E-05 9.99201E-05 9.99201E-05 9.99201E-05 9.99201E-05 9.99201E-05 9.99201E-05 9.99201E-05 9.99201E-05 0.999101
9.9991E-05 0.0157448 0.0206391 0.0441147 0.443273 0.142814 0.0294804 0.0626173 0.20546 0.0357562
0.0529538 0.00231282 0.020261 9.9991E-05 0.666645 0.00777286 0.0766843 0.0174285 0.153644 0.0021981
9.9973E-05 9.9973E-05 0.0131519 0.0699061 0.595075 9.9973E-05 0.0403062 0.0201567 0.236623 0.0244804
9.9955E-05 0.139698 9.9955E-05 9.9955E-05 0.629217 9.9955E-05 0.0435083 9.9955E-05 0.181184 0.00589328
9.9955E-05 9.9955E-05 9.9955E-05 9.9955E-05 0.426123 0.182448 0.0209855 0.0361361 0.333808 9.9955E-05
0.172009 9.9973E-05 9.9973E-05 9.9973E-05 0.348563 0.145406 0.0123439 0.0523549 0.257565 0.0114582
9.99201E-05 9.99201E-05 9.99201E-05 9.99201E-05 9.99201E-05 9.99201E-05 9.99201E-05 9.99201E-05 0.999101 9.99201E-05
9.99201E-05 9.99201E-05 9.99201E-05 9.99201E-05 9.99201E-05 9.99201E-05 9.99201E-05 9.99201E-05 9.99201E-05 0.999101
9.99201E-05 9.99201E-05 9.99201E-05 9.99201E-05 9.99201E-05 9.99201E-05 9.99201E-05 9.99201E-05 0.999101 9.99201E-05
9.9982E-05 0.0214628 0.0175083 0.0044135 0.728707 9.9982E-05 0.0699891 0.0371551 0.100093 0.020471
0.0817512 9.9973E-05 0.0340147 0.0746289 0.526137 9.9973E-05 0.0777953 9.9973E-05 0.191221 0.0141529
0.0837635 9.9973E-05 9.9973E-05 9.9973E-05 0.546015 0.00837941 0.0286742 0.0517242 0.252838 0.028306
9.9973E-05 0.0891284 0.0314089 9.9973E-05 0.432808 9.9973E-05 0.0245319 0.0303087 0.355486 0.036028
9.9982E-05 0.0599208 0.0265426 9.9982E-05 0.210936 0.280143 0.0560995 0.0301897 0.310765 0.0252037
9.99369E-05 9.99369E-05 0.0151432 9.99369E-05 0.840414 9.99369E-05 9.99369E-05 9.99369E-05 9.99369E-05 0.143744
0.0765104 0.0598031 9.9982E-05 0.0677547 0.489242 0.0162171 9.9982E-05 0.0313632 0.217212 0.0416977
9.9964E-05 9.9964E-05 0.0264103 0.0203292 9.9964E-05 0.924231 0.00227376 0.00603561 0.0203207 9.9964E-05
9.9955E-05 9.9955E-05 9.9955E-05 0.102425 9.9955E-05 0.675353 0.0116581 9.9955E-05 0.200904 0.00915968
0.100214 9.9964E-05 0.0150386 0.00382678 9.9964E-05 0.654981 9.9964E-05 9.9964E-05 0.191104 0.0344361
9.9964E-05 9.9964E-05 0.0207709 0.0625222 0.0489912 0.847403 0.00222088 0.0176918 9.9964E-05 9.9964E-05
0.0952827 0.00548022 9.9982E-05 0.0448813 0.0341731 0.670648 9.9982E-05 0.03158 0.0795484 0.0382059
0.0984544 0.00901902 9.9964E-05 0.049028 9.9964E-05 0.795672 0.0239167 0.0235098 9.9964E-05 9.9964E-05
0.0133504 9.9964E-05 9.9964E-05 0.0969682 9.9964E-05 0.844075 0.00952059 0.0309789 9.9964E-05 0.00470727
0.0989445 9.9955E-05 9.9955E-05 9.9955E-05 9.9955E-05 0.719501 9.9955E-05 0.0841133 0.0756082 0.0213334
0.0486855 0.0959496 0.0038943 0.0158508 9.9973E-05 0.805138 9.9973E-05 9.9973E-05 0.0147688 0.0154133
9.9973E-05 0.0539966 0.059351 0.0350228 9.9973E-05 0.734062 0.0461023 9.9973E-05 0.0578681 0.0132971
0.117876 0.0622399 9.9946E-05 9.9946E-05 9.9946E-05 0.738973 9.9946E-05 9.9946E-05 0.0803117 9.9946E-05
0.078666 0.0315614 9.9973E-05 0.68795 9.9973E-05 0.125776 0.014674 9.9973E-05 0.0486701 0.0124026
0.0290854 9.9964E-05 0.00348028 0.712783 9.9964E-05 0.228623 9.9964E-05 0.00544021 9.9964E-05 0.0201886
0.0688386 0.0910253 0.0294712 0.671148 9.9982E-05 9.9982E-05 0.0067148 0.0311716 0.0800575 0.0213734
0.0126692 0.0983184 9.9955E-05 0.718901 9.9955E-05 9.9955E-05 9.9955E-05 0.0361754 0.133436 9.9955E-05
9.9964E-05 0.179023 0.0698061 0.618526 0.0404629 9.9964E-05 0.0787875 0.0129946 9.9964E-05 9.9964E-05
0.0501212 0.0521386 0.0541286 0.610075 0.0179882 0.197746 0.0175029 9.99773E-05 9.99773E-05 9.99773E-05
0.0562166 0.0994475 9.9964E-05 0.665907 9.9964E-05 0.10823 0.000158957 9.9964E-05 9.9964E-05 0.0696397
0.0935842 9.9964E-05 0.026501 0.739239 9.9964E-05 0.0427771 9.9964E-05 9.9964E-05 0.0877796 0.00971871
0.0670133 0.0240948 0.00067911 0.549192 0.108655 9.9991E-05 0.0110802 0.0538089 0.164509 0.0208683
0.0366194 0.206978 9.9982E-05 0.573785 9.9982E-05 0.141268 0.00147552 0.0158606 0.016251 0.00756248
9.9964E-05 0.0670967 0.0268309 0.715171 9.9964E-05 0.140278 0.03936 9.9964E-05 0.0108632 9.9964E-05
9.9982E-05 0.0972646 0.0174027 0.703846 0.00933808 0.052131 9.9982E-05 0.0535665 0.0548858 0.011365
0.0617191 0.107801 0.0131788 0.556133 0.0853857 0.0413648 9.9991E-05 0.0441154 0.0796745 0.0105285
9.9964E-05 0.118863 9.9964E-05 0.532954 0.314885 0.0118038 9.9964E-05 0.00413361 0.0169605 9.9964E-05
0.0872076 9.9982E-05 0.00296919 0.620851 0.0849567 0.122123 0.0163536 0.0447973 9.9982E-05 0.0205424
9.9964E-05 9.9964E-05 0.010888 0.739112 0.138307 0.016906 9.9964E-05 0.0798739 9.9964E-05 0.0145132
9.9964E-05 0.025988 9.9964E-05 0.778903 9.9964E-05 0.116137 0.00648799 0.00839477 0.0636898 9.9964E-05
9.9973E-05 0.0650766 0.0187869 0.721184 0.140026 9.9973E-05 9.9973E-05 0.00256837 0.0219241 0.0301338
0.0661922 0.00354728 0.00972569 0.748158 9.9973E-05 9.9973E-05 9.9973E-05 0.0410641 0.0985802 0.0324323
0.0162376 0.0102168 0.0456393 0.6938 0.151309 9.9982E-05 0.0498496 0.005773 0.026975 9.9982E-05
9.9964E-05 0.016614 0.023823 0.610984 0.309712 9.9964E-05 0.0145078 0.0239597 9.9964E-05 9.9964E-05
0.0299324 9.9955E-05 0.00457682 0.735022 9.9955E-05 9.9955E-05 9.9955E-05 9.9955E-05 0.209729 0.0202394
0.0694726 9.9982E-05 9.9982E-05 0.690891 0.0333115 0.102387 0.000329226 0.0248583 0.028881 0.0496692
0.054744 0.0263868 9.9982E-05 0.715991 0.14779 9.9982E-05 0.0154568 0.026691 0.0114245 0.00131654
0.111732 9.9973E-05 9.9973E-05 0.659402 0.0806608 9.9973E-05 0.0185418 0.0464792 0.0358853 0.0469989
0.136552 9.9964E-05 0.00702036 0.650165 0.182654 9.9964E-05 9.9964E-05 0.015937 9.9964E-05 0.00727204
0.0880106 9.9964E-05 9.9964E-05 0.681037 0.129513 9.9964E-05 0.0123912 0.021619 0.0670292 9.9964E-05
0.0348465 0.0441337 9.9973E-05 0.63346 0.0707091 0.118107 0.0720498 0.0263947 9.9973E-05 9.9973E-05
9.9982E-05 0.0730204 0.0252031 0.625122 0.161772 0.00304707 0.00199726 0.0314733 0.0781647 9.9982E-05
0.0848674 0.0155872 9.9973E-05 0.744302 0.0614752 9.9973E-05 0.00352721 9.9973E-05 0.0461238 0.0438176
9.9946E-05 0.144522 9.9946E-05 0.664666 9.9946E-05 0.18062 9.9946E-05 9.9946E-05 9.9946E-05 0.00959211
0.0653496 0.123378 0.00962034 0.606963 0.0962343 0.0215342 9.9991E-05 0.0373835 0.0328419 0.0065953
0.143224 0.0810462 9.9964E-05 0.608667 9.9964E-05 0.0847728 0.0134784 9.9964E-05 0.0684112 9.9964E-05
0.119667 9.9973E-05 0.00828549 0.741324 9.9973E-05 0.00525445 0.0100304 9.9973E-05 0.0729981 0.0421399
9.9964E-05 9.9964E-05 0.0195976 0.746947 0.0694973 0.154967 0.00455929 0.00403137 9.9964E-05 9.9964E-05
0.0897824 0.656776 0.00598533 0.10107 0.0530302 0.0253421 0.0361524 0.0316621 9.9982E-05 9.9982E-05
0.121511 0.589964 9.9964E-05 0.0428589 0.203296 9.9964E-05 9.9964E-05 0.0260299 9.9964E-05 0.0159398
0.0558502 0.505325 0.0298795 0.0879187 0.209225 9.9982E-05 0.0235532 0.0869725 9.9982E-05 0.00107616
0.0191628 0.5689 0.015003 0.0684371 0.257747 9.9982E-05 9.9982E-05 0.0592439 0.00676454 0.0045414
0.186597 0.605054 9.9973E-05 0.0338942 0.0557963 9.9973E-05 9.9973E-05 0.0931011 0.015796 0.00946147
0.0526789 0.70238 0.048593 0.0733765 0.0655903 9.9982E-05 0.00275578 9.9982E-05 0.0134724 0.0409534
0.064283 0.797141 9.9955E-05 9.9955E-05 0.0610121 0.0733835 9.9955E-05 9.9955E-05 9.9955E-05 0.00368082
0.205487 0.54351 0.0123399 0.00910593 0.113662 9.9973E-05 9.9973E-05 0.0772523 0.0383436 9.9973E-05
