0.0349577 0.0153913 9.9955E-05 0.939066 9.9955E-05 0.00489043 0.00519512 9.9955E-05 9.9955E-05 9.9955E-05
0.0124814 0.0642673 0.0187526 0.689105 9.9982E-05 0.00373089 0.0487599 9.9982E-05 0.0468422 0.11586
9.9973E-05 9.9973E-05 0.0068694 0.845708 0.00887025 0.0225285 9.9973E-05 0.0249186 0.0883105 0.00249499
9.9982E-05 0.0189833 0.0028002 0.798257 0.067372 0.00827401 0.0828124 0.00673416 0.014567 9.9982E-05
0.0359478 0.0106491 0.0493264 0.781234 0.0918199 9.9964E-05 9.9964E-05 9.9964E-05 0.0306228 9.9964E-05
9.9946E-05 0.00199957 9.9946E-05 0.88971 9.9946E-05 0.00908647 9.9946E-05 9.9946E-05 0.0986043 9.9946E-05
9.9937E-05 9.9937E-05 9.9937E-05 0.913484 0.0297618 9.9937E-05 9.9937E-05 9.9937E-05 0.0560547 9.9937E-05
9.9955E-05 0.00771122 0.0567692 0.807432 9.9955E-05 0.0102607 9.9955E-05 9.9955E-05 0.117327 9.9955E-05
9.9964E-05 0.0273007 9.9964E-05 0.763303 0.0430417 9.9964E-05 0.000152376 9.9964E-05 0.148498 0.0173044
9.9964E-05 0.0147519 0.0262035 0.817463 9.9964E-05 0.00445074 0.121607 0.0151244 9.9964E-05 9.9964E-05
9.9964E-05 9.9964E-05 0.0101163 0.771419 9.9964E-05 0.00736712 0.0162262 9.9964E-05 0.126797 0.0676744
9.9973E-05 0.000623143 0.0153189 0.785791 9.9973E-05 0.0193387 0.0210684 0.118058 9.9973E-05 0.0395017
9.9955E-05 0.0214902 0.024971 0.773135 0.144487 9.9955E-05 0.0354167 9.9955E-05 9.9955E-05 9.9955E-05
0.0396486 0.0187026 0.0229386 0.707638 0.0514919 0.0157403 0.0591417 0.0429964 0.0416015 9.9991E-05
9.9955E-05 9.9955E-05 9.9955E-05 0.855916 0.0192922 9.9955E-05 0.108292 0.014619 9.9955E-05 0.0013816
9.9928E-05 9.9928E-05 9.9928E-05 0.87746 9.9928E-05 9.9928E-05 9.9928E-05 9.9928E-05 0.12174 9.9928E-05
9.9937E-05 9.9937E-05 0.0226763 0.96344 9.9937E-05 9.9937E-05 9.9937E-05 9.9937E-05 9.9937E-05 0.013184
0.0273765 9.9937E-05 9.9937E-05 0.950607 9.9937E-05 0.0213167 9.9937E-05 9.9937E-05 9.9937E-05 9.9937E-05
0.0127646 9.9946E-05 9.9946E-05 0.952632 0.0188187 0.0151847 9.9946E-05 9.9946E-05 9.9946E-05 9.9946E-05
9.9946E-05 9.9946E-05 0.0312404 0.870306 9.9946E-05 9.9946E-05 9.9946E-05 0.0926868 9.9946E-05 0.00516709
9.99201E-05 9.99201E-05 9.99201E-05 9.99201E-05 9.99201E-05 0.999101 9.99201E-05 9.99201E-05 9.99201E-05 9.99201E-05
9.9955E-05 0.0637952 0.00162841 9.9955E-05 9.9955E-05 0.0103491 0.164562 0.759166 9.9955E-05 9.9955E-05
0.0808982 9.9946E-05 9.9946E-05 0.0371527 9.9946E-05 9.9946E-05 0.101723 0.779626 9.9946E-05 9.9946E-05
0.0345905 9.9937E-05 0.00771089 9.9937E-05 9.9937E-05 9.9937E-05 9.9937E-05 0.956999 9.9937E-05 9.9937E-05
9.9928E-05 9.9928E-05 9.9928E-05 9.9928E-05 9.9928E-05 0.0277723 9.9928E-05 0.971428 9.9928E-05 9.9928E-05
9.9928E-05 9.9928E-05 9.9928E-05 0.012172 9.9928E-05 9.9928E-05 9.9928E-05 0.987029 9.9928E-05 9.9928E-05
0.104287 9.9955E-05 9.9955E-05 9.9955E-05 0.0711124 0.0349891 9.9955E-05 0.787383 0.001728 9.9955E-05
9.99201E-05 9.99201E-05 9.99201E-05 9.99201E-05 9.99201E-05 0.999101 9.99201E-05 9.99201E-05 9.99201E-05 9.99201E-05
9.9955E-05 9.9955E-05 0.030178 9.9955E-05 0.0199153 0.0468471 9.9955E-05 0.79392 0.10864 9.9955E-05
0.0293919 0.0382718 9.9964E-05 9.9964E-05 0.0452341 9.9964E-05 9.9964E-05 0.763087 0.0411863 0.0824294
9.9946E-05 9.9946E-05 9.9946E-05 9.9946E-05 0.0597437 0.0471493 9.9946E-05 0.74797 0.144537 9.9946E-05
0.0606926 0.037293 9.9964E-05 9.9964E-05 9.9964E-05 0.0399338 9.9964E-05 0.752205 0.0784533 0.0310226
0.0265957 0.00430204 9.9973E-05 0.0492244 0.15146 0.0621683 0.0658721 0.640077 9.9973E-05 9.9973E-05
9.9955E-05 0.140076 9.9955E-05 9.9955E-05 0.101977 0.0738112 0.121904 0.561732 9.9955E-05 9.9955E-05
9.9964E-05 0.0524249 0.0629283 0.00913237 0.173904 9.9964E-05 9.9964E-05 0.690588 9.9964E-05 0.0106226
9.9973E-05 0.171353 9.9973E-05 0.0678442 9.9973E-05 0.0144391 0.127236 0.519904 0.0707316 0.0281922
0.0503174 0.181975 0.0150951 9.9955E-05 9.9955E-05 9.9955E-05 9.9955E-05 0.73901 9.9955E-05 0.0131026
0.633692 9.9955E-05 0.0176246 9.9955E-05 9.9955E-05 0.00970963 0.208122 9.9955E-05 9.9955E-05 0.130352
0.621548 0.00208563 0.0634738 9.9964E-05 0.156021 9.9964E-05 9.9964E-05 9.9964E-05 0.066597 0.0898745
0.671848 0.0570012 9.9982E-05 0.0127911 0.0575698 0.00380678 9.9982E-05 0.041115 0.0707652 0.0849028
0.740131 0.0292138 9.9955E-05 9.9955E-05 9.9955E-05 9.9955E-05 0.0737063 0.111404 9.9955E-05 0.0450448
0.810713 0.145178 0.00546328 9.9955E-05 9.9955E-05 0.0149348 9.9955E-05 9.9955E-05 0.0232119 9.9955E-05
0.743913 0.0696231 0.0427045 9.9973E-05 0.0148741 0.0351646 0.00722616 9.9973E-05 0.0861943 9.9973E-05
0.610433 0.096829 9.9973E-05 0.0410692 9.9973E-05 0.00659092 0.144383 0.00130435 0.0990907 9.9973E-05
0.734758 0.00954062 0.0766993 0.00170169 0.0314502 0.0383628 0.0329952 9.9991E-05 0.0408903 0.0335023
0.684895 9.9964E-05 0.0512458 0.0236331 0.0833787 0.0124758 9.9964E-05 9.9964E-05 0.143972 9.9964E-05
0.744473 9.9964E-05 0.0371387 0.00902696 9.9964E-05 9.9964E-05 9.9964E-05 0.0155551 0.042302 0.151104
0.776069 0.0736404 0.02298 9.9955E-05 9.9955E-05 0.0242166 0.102594 9.9955E-05 9.9955E-05 9.9955E-05
0.845879 9.9964E-05 9.9964E-05 0.000989962 9.9964E-05 0.0529745 9.9964E-05 0.00102888 0.0277245 0.0710036
0.709464 0.0729526 9.9964E-05 0.00237484 9.9964E-05 0.0147715 0.155909 9.9964E-05 9.9964E-05 0.0441282
0.775311 9.9964E-05 9.9964E-05 0.0096836 0.035405 0.0238324 0.0595236 9.9964E-05 9.9964E-05 0.0958445
0.783721 0.0809035 9.9946E-05 9.9946E-05 9.9946E-05 0.0239279 9.9946E-05 9.9946E-05 0.110848 9.9946E-05
0.773119 0.125215 0.0512964 9.9955E-05 0.046027 9.9955E-05 0.00384299 9.9955E-05 9.9955E-05 9.9955E-05
0.779282 0.0255868 9.9964E-05 0.0732681 9.9964E-05 0.0040636 9.9964E-05 0.0256177 9.9964E-05 0.0917819
0.620751 0.044946 0.0344407 9.9964E-05 9.9964E-05 0.0318111 9.9964E-05 9.9964E-05 0.174122 0.0935296
0.646884 0.0277768 0.00460739 9.9973E-05 0.113081 9.9973E-05 0.0633534 0.0990513 9.9973E-05 0.0449454
0.723548 9.9973E-05 0.0603245 0.0625236 0.0239821 0.0276144 9.9973E-05 9.9973E-05 0.0927882 0.00891955
0.208151 9.9964E-05 0.0452869 9.9964E-05 9.9964E-05 0.00723792 0.110959 0.046637 9.9964E-05 0.581328
9.99201E-05 0.999101 9.99201E-05 9.99201E-05 9.99201E-05 9.99201E-05 9.99201E-05 9.99201E-05 9.99201E-05 9.99201E-05
9.9973E-05 0.0998035 0.120298 0.00587328 0.0227733 9.9973E-05 0.105016 0.0701347 9.9973E-05 0.575802
0.100461 0.0430155 0.144998 0.0497125 0.0969147 9.9973E-05 9.9973E-05 0.0051003 9.9973E-05 0.559498
9.9946E-05 0.0757622 0.0834966 9.9946E-05 0.212524 9.9946E-05 9.9946E-05 9.9946E-05 9.9946E-05 0.627618
0.0757764 0.0278187 0.0705327 9.9964E-05 0.0481089 9.9964E-05 0.0946456 9.9964E-05 9.9964E-05 0.682718
9.99201E-05 0.999101 9.99201E-05 9.99201E-05 9.99201E-05 9.99201E-05 9.99201E-05 9.99201E-05 9.99201E-05 9.99201E-05
9.99201E-05 0.999101 9.99201E-05 9.99201E-05 9.99201E-05 9.99201E-05 9.99201E-05 9.99201E-05 9.99201E-05 9.99201E-05
0.024181 0.0493002 0.0766909 0.122176 0.118004 0.0078816 0.12574 9.9982E-05 9.9982E-05 0.475825
0.0279918 0.0882088 0.0537622 0.0309838 9.9982E-05 0.0512914 0.0638674 0.120258 9.9982E-05 0.563436
9.9973E-05 0.155211 0.0650281 0.0176371 0.0410631 0.0206032 0.061289 9.9973E-05 9.9973E-05 0.638869
9.9973E-05 0.121016 0.10938 9.9973E-05 0.0732009 0.0289969 0.0901753 0.0566063 9.9973E-05 0.520324
9.9973E-05 0.220995 0.0895471 0.037593 9.9973E-05 0.018466 9.9973E-05 0.0699624 0.0425027 0.520634
9.9973E-05 0.15284 0.0820501 0.0225165 0.0818738 9.9973E-05 9.9973E-05 0.0237344 0.0227355 0.61395
0.00496072 0.224961 0.0302584 9.9955E-05 0.366052 9.9955E-05 9.9955E-05 9.9955E-05 9.9955E-05 0.373267
9.9964E-05 0.283383 0.099928 0.0247101 0.232958 9.9964E-05 9.9964E-05 0.0751239 9.9964E-05 0.283497
9.9973E-05 0.102853 0.0853428 0.00335113 0.369164 9.9973E-05 0.0560811 0.133261 9.9973E-05 0.249648
0.264699 0.0754885 0.0476526 9.9964E-05 0.194907 0.054657 9.9964E-05 9.9964E-05 9.9964E-05 0.362196
0.20935 0.125459 0.0446465 0.0570417 0.044659 0.00606666 0.0172335 0.0192693 9.9991E-05 0.476175
0.45572 0.0929888 0.0373473 0.0589204 0.0145401 9.9964E-05 9.9964E-05 9.9964E-05 9.9964E-05 0.340084
9.99279E-05 0.996446 9.99279E-05 9.99279E-05 9.99279E-05 9.99279E-05 9.99279E-05 9.99279E-05 9.99279E-05 0.00275505
0.14036 0.159101 0.0980163 0.0582633 0.0341644 0.0284976 0.0340629 0.070697 0.0237097 0.353128
0.0386503 0.247873 0.0631345 9.9964E-05 0.10525 9.9964E-05 0.0736127 9.9964E-05 9.9964E-05 0.47108
0.0981846 0.009258 0.0639253 0.0383214 9.9982E-05 0.00654101 9.9982E-05 0.0501406 0.0855838 0.647845
9.9964E-05 9.9964E-05 0.0771142 0.0539186 0.113746 0.0193262 0.135408 9.9964E-05 9.9964E-05 0.600088
0.0502483 0.156564 0.109637 0.0809994 9.9955E-05 9.9955E-05 9.9955E-05 9.9955E-05 9.9955E-05 0.602052
0.19552 0.0294168 0.106467 9.9973E-05 9.9973E-05 0.00637199 9.9973E-05 0.138656 0.196795 0.326473
0.180521 0.116836 0.0128736 0.00851432 9.9973E-05 9.9973E-05 0.0859775 9.9973E-05 0.520469 0.0745079
0.153388 0.0701694 9.9955E-05 9.9955E-05 0.226753 9.9955E-05 9.9955E-05 9.9955E-05 0.161954 0.387237
0.0436859 9.9964E-05 0.0736554 0.0255101 9.9964E-05 0.0276528 9.9964E-05 9.9964E-05 0.11631 0.712786
0.0531416 9.9973E-05 0.0155378 0.00395244 0.0450057 0.00978888 9.9973E-05 9.9973E-05 0.169242 0.703032
0.119591 0.139109 0.158026 0.0302365 0.0956583 0.00621752 9.9991E-05 0.0233287 0.0323588 0.395375
0.00445474 0.0272968 0.749693 9.9964E-05 0.0716522 9.9964E-05 9.9964E-05 0.0724972 9.9964E-05 0.0740064
0.136796 0.225297 0.0977284 0.0303671 0.140494 9.9964E-05 9.9964E-05 9.9964E-05 9.9964E-05 0.368917
0.146922 0.0834421 0.058067 9.9973E-05 0.0583881 9.9973E-05 0.0211232 0.04206 9.9973E-05 0.589698
9.999E-05 0.0208989 0.0934975 0.0707575 0.0408609 0.0130148 0.122003 0.102623 0.0568373 0.479407
9.9973E-05 0.0563148 0.110535 0.0734874 0.0167843 9.9973E-05 0.110871 0.201455 9.9973E-05 0.430253
9.9973E-05 0.0860481 0.0638862 0.0441187 0.0219067 9.9973E-05 9.9973E-05 0.121842 0.0892435 0.572655
9.9982E-05 0.170476 0.0850337 0.0775809 0.190254 0.0195974 0.197207 0.00438243 9.9982E-05 0.255269
0.0761029 0.107998 0.0558218 0.0255885 0.244294 0.0187428 0.0751012 0.0139587 0.00757509 0.374817
0.114094 0.149264 0.0746777 0.0694625 0.1213 9.9973E-05 9.9973E-05 9.9973E-05 0.0359598 0.434942
0.0420774 0.0595514 0.0289496 0.0405939 0.159968 9.9973E-05 9.9973E-05 0.110422 9.9973E-05 0.558138
0.0890397 0.0701679 0.0861357 0.000577585 9.9991E-05 0.0102252 0.00380144 0.0410374 0.0415869 0.657328
0.00161177 0.0697712 0.0424732 0.0582564 0.0373075 9.9991E-05 0.0299456 0.0986993 0.0187033 0.643132
9.9982E-05 0.194549 0.176621 0.00734255 0.0626438 0.0225479 0.117471 9.9982E-05 0.0494916 0.369133
9.9955E-05 0.014182 0.0661824 9.9955E-05 0.332567 0.00561403 9.9955E-05 9.9955E-05 9.9955E-05 0.580954
9.99201E-05 9.99201E-05 0.999101 9.99201E-05 9.99201E-05 9.99201E-05 9.99201E-05 9.99201E-05 9.99201E-05 9.99201E-05
0.0113639 0.141432 0.1377 0.0507418 0.127765 0.017807 0.0977329 9.9982E-05 9.9982E-05 0.415259
0.0329832 0.154822 0.116141 0.00918534 0.045442 9.9982E-05 9.9982E-05 0.0152497 0.0146544 0.611322
0.0195972 0.151588 0.121972 0.00125315 0.0881295 0.00963629 0.194257 9.9982E-05 9.9982E-05 0.413367
0.13418 0.00051263 0.0973601 0.01537 0.0793567 9.9973E-05 9.9973E-05 9.9973E-05 0.0499186 0.623003
0.0244283 0.0919075 0.0137538 0.0703882 0.234239 9.9964E-05 9.9964E-05 9.9964E-05 9.9964E-05 0.564883
9.9973E-05 9.9973E-05 0.0996487 0.0620025 0.108467 0.0329182 9.9973E-05 0.0855998 0.0119005 0.599164
9.9937E-05 9.9937E-05 0.0320905 9.9937E-05 9.9937E-05 0.020514 9.9937E-05 9.9937E-05 9.9937E-05 0.946696
9.99201E-05 9.99201E-05 0.999101 9.99201E-05 9.99201E-05 9.99201E-05 9.99201E-05 9.99201E-05 9.99201E-05 9.99201E-05
9.99279E-05 9.99279E-05 9.99279E-05 9.99279E-05 9.99279E-05 0.018691 9.99279E-05 9.99279E-05 9.99279E-05 0.98051
0.0677013 0.137342 0.10746 0.0568325 0.0164714 0.00126325 9.9982E-05 9.9982E-05 0.0897383 0.522991
9.9973E-05 0.174238 0.138468 0.0318562 9.9973E-05 0.0114419 9.9973E-05 0.107468 0.107065 0.429163
9.9982E-05 0.0952408 0.0817753 0.0605176 0.137839 0.0123775 0.146203 0.0352041 9.9982E-05 0.430642
0.0373367 0.0949815 0.133427 0.0231136 0.00175221 0.0392194 0.0298333 0.0180968 9.9991E-05 0.622139
0.0508712 0.171303 0.0822871 9.9973E-05 0.0268044 0.0431466 0.0902037 9.9973E-05 9.9973E-05 0.535084
0.0408947 9.9964E-05 0.727881 9.9964E-05 9.9964E-05 0.0053592 0.115284 0.037722 9.9964E-05 0.0724602
0.0172643 9.9973E-05 0.148332 0.10722 9.9973E-05 9.9973E-05 0.081679 0.0584916 0.0331721 0.553541
9.9964E-05 0.0835636 0.0109085 9.9964E-05 0.791585 0.0167037 9.9964E-05 9.9964E-05 0.0288701 0.0679693
9.9964E-05 0.0216519 0.0280161 9.9964E-05 0.760908 9.9964E-05 0.0541681 9.9964E-05 0.0131707 0.121685
0.0053662 9.9964E-05 0.050327 9.9964E-05 0.786137 0.0226005 9.9964E-05 0.024426 9.9964E-05 0.110743
9.9946E-05 0.0168456 9.9946E-05 0.0184118 0.931284 0.0328587 9.9946E-05 9.9946E-05 9.9946E-05 9.9946E-05
9.9982E-05 0.00616457 0.0867223 0.028951 0.631057 0.0319396 9.9982E-05 0.0379299 0.0538794 0.123156
9.9964E-05 0.0385915 0.0660628 9.9964E-05 0.849659 0.0279006 0.00575738 0.0116287 9.9964E-05 9.9964E-05
9.99201E-05 9.99201E-05 9.99201E-05 9.99201E-05 0.999101 9.99201E-05 9.99201E-05 9.99201E-05 9.99201E-05 9.99201E-05
9.9955E-05 9.9955E-05 9.9955E-05 0.0813281 0.858763 0.00750606 9.9955E-05 0.0371828 9.9955E-05 0.0147203
0.0390001 9.9937E-05 9.9937E-05 9.9937E-05 0.895451 9.9937E-05 0.0648491 9.9937E-05 9.9937E-05 9.9937E-05
0.0608159 0.0185894 0.0293687 9.9982E-05 0.685102 0.0147325 9.9982E-05 0.0363056 0.0377424 0.117144
0.00364189 9.9964E-05 0.00359608 0.00218005 0.86709 9.9964E-05 9.9964E-05 0.053334 9.9964E-05 0.069758
9.9964E-05 9.9964E-05 0.0490621 0.00171231 0.0716623 9.9964E-05 9.9964E-05 0.0537503 0.794769 0.0286443
9.9964E-05 0.0525233 0.0576705 9.9964E-05 0.0830072 0.0169135 0.00412868 9.9964E-05 0.785357 9.9964E-05
0.030327 0.0128221 0.0416759 0.00545187 9.9991E-05 0.0243708 0.0100291 0.0976656 0.734359 0.043199
0.0868354 9.9964E-05 9.9964E-05 0.0420945 9.9964E-05 0.000988933 0.131796 0.0640695 0.673816 9.9964E-05
0.129393 0.0913613 9.9964E-05 0.0245625 0.000649759 0.0383843 9.9964E-05 9.9964E-05 0.71525 9.9964E-05
0.0142631 0.0311444 0.000492763 0.024293 0.0575274 0.0582463 0.0455048 9.9991E-05 0.686872 0.0815565
0.155879 0.0399273 0.0236039 9.9955E-05 9.9955E-05 0.00609809 9.9955E-05 9.9955E-05 0.773992 9.9955E-05
9.9964E-05 9.9964E-05 0.03171 9.9964E-05 9.9964E-05 0.0118287 0.112065 0.0162538 0.753274 0.0744691
0.0797264 9.9982E-05 0.0669348 0.0382225 0.0341241 9.9982E-05 0.241664 0.0981341 0.375929 0.0650648
0.10224 9.9946E-05 9.9946E-05 9.9946E-05 0.0857295 0.0375731 9.9946E-05 9.9946E-05 0.773858 9.9946E-05
0.0683627 0.0532156 9.9964E-05 9.9964E-05 0.0644241 0.0314824 0.073644 9.9964E-05 0.708471 9.9964E-05
0.0975091 0.0209666 9.9964E-05 0.00879939 9.9964E-05 9.9964E-05 0.231798 9.9964E-05 0.640156 0.000371666
0.0568642 9.9964E-05 9.9964E-05 9.9964E-05 0.181532 0.0112826 0.406508 0.0330505 0.310363 9.9964E-05
0.132356 0.100339 0.0101445 0.00619022 0.0403665 9.9991E-05 0.227577 0.0281941 0.43156 0.0231738
9.9973E-05 0.00435372 0.00471934 0.000545739 0.0860645 9.9973E-05 0.857403 0.0105665 0.0360473 9.9973E-05
9.9937E-05 0.025608 0.000999714 9.9937E-05 9.9937E-05 9.9937E-05 0.972693 9.9937E-05 9.9937E-05 9.9937E-05
9.9937E-05 9.9937E-05 9.9937E-05 9.9937E-05 0.0512783 9.9937E-05 0.8538 9.9937E-05 0.0942217 9.9937E-05
9.9946E-05 9.9946E-05 9.9946E-05 9.9946E-05 0.0743957 9.9946E-05 0.563404 9.9946E-05 0.293666 0.0679345
9.99201E-05 9.99201E-05 9.99201E-05 9.99201E-05 9.99201E-05 9.99201E-05 0.999101 9.99201E-05 9.99201E-05 9.99201E-05
9.9928E-05 9.9928E-05 9.9928E-05 9.9928E-05 9.9928E-05 0.0188167 0.980384 9.9928E-05 9.9928E-05 9.9928E-05
9.9955E-05 0.103001 9.9955E-05 9.9955E-05 9.9955E-05 9.9955E-05 0.831339 0.0331454 0.0123039 0.0197112
0.0333003 9.9964E-05 9.9964E-05 9.9964E-05 0.0216013 0.0109749 0.762421 9.9964E-05 0.100394 0.0709087
9.9946E-05 0.0863578 9.9946E-05 9.9946E-05 0.0481005 9.9946E-05 0.142176 9.9946E-05 0.722766 9.9946E-05
9.9982E-05 0.0239035 0.00896944 0.0157377 0.083426 0.0333359 0.0945889 9.9982E-05 0.715679 0.0241597
9.9955E-05 9.9955E-05 0.141974 0.0117618 9.9955E-05 9.9955E-05 0.130902 0.120762 0.5941 9.9955E-05
9.9964E-05 9.9964E-05 9.9964E-05 0.031032 0.106731 9.9964E-05 0.0354811 0.0885706 0.677225 0.0605611
0.00659995 0.0650248 0.0031629 0.0175151 9.9991E-05 0.0331336 0.071627 0.0277576 0.74649 0.0285889
0.0354693 0.122493 0.0106089 0.0463695 0.0670097 9.9973E-05 0.0864184 9.9973E-05 0.631331 9.9973E-05
0.0401812 9.9973E-05 9.9973E-05 0.0213703 9.9973E-05 0.0219322 0.222678 0.0573191 0.526291 0.109928
0.110396 0.0510486 0.0044436 9.9955E-05 9.9955E-05 9.9955E-05 9.9955E-05 0.0688858 0.764727 9.9955E-05
0.0784053 0.051362 0.0111371 9.9973E-05 0.0757853 0.00358916 0.00143624 9.9973E-05 0.777985 9.9973E-05
0.0934379 9.9973E-05 0.0212489 0.0772863 9.9973E-05 0.00543264 9.9973E-05 0.0181321 0.740626 0.0435361
0.030839 9.9955E-05 9.9955E-05 9.9955E-05 9.9955E-05 0.01228 9.9955E-05 0.0896673 0.757435 0.109279
9.9973E-05 0.0233216 0.0276034 9.9973E-05 9.9973E-05 0.015147 0.0294699 0.0688503 0.770016 0.0652921
9.9964E-05 0.0362206 0.0171551 9.9964E-05 0.0374954 0.0336868 9.9964E-05 9.9964E-05 0.848981 0.0260612
0.612947 0.000747933 9.9955E-05 9.9955E-05 0.111435 0.014307 0.260063 9.9955E-05 9.9955E-05 9.9955E-05
0.515846 9.9964E-05 0.0572938 0.0353326 0.0922872 9.9964E-05 0.253113 0.045727 9.9964E-05 9.9964E-05
0.513269 0.0326206 0.0135856 0.0787147 9.9973E-05 0.016375 0.30169 9.9973E-05 9.9973E-05 0.0434454
0.471641 0.0052495 0.0732384 0.0781217 0.130871 0.0219647 0.164804 9.9982E-05 0.0539095 9.9982E-05
0.563233 9.9973E-05 0.0189078 0.0879226 9.9973E-05 0.00702815 0.213862 0.0115095 9.9973E-05 0.097237
0.669523 9.9955E-05 0.0583183 9.9955E-05 9.9955E-05 0.0013971 0.0823288 0.187933 9.9955E-05 9.9955E-05
0.766456 9.9964E-05 0.000927751 0.00251383 0.139619 9.9964E-05 0.046203 0.0438815 9.9964E-05 9.9964E-05
0.490945 9.9955E-05 9.9955E-05 0.0900169 0.167299 9.9955E-05 0.0715736 0.179665 9.9955E-05 9.9955E-05
