0.907336 9.99461E-05 9.99461E-05 0.000730222 9.99461E-05 9.99461E-05 9.99461E-05 9.99461E-05 0.0913337
0.721373 9.9955E-05 9.9955E-05 9.9955E-05 0.0168126 0.218821 0.042493 9.9955E-05 9.9955E-05
0.0991938 9.9955E-05 0.043025 9.9955E-05 0.217945 9.9955E-05 9.9955E-05 9.9955E-05 0.639337
9.99371E-05 9.99371E-05 0.00792567 9.99371E-05 9.99371E-05 0.991375 9.99371E-05 9.99371E-05 9.99371E-05
9.99371E-05 9.99371E-05 9.99371E-05 0.914262 9.99371E-05 9.99371E-05 9.99371E-05 9.99371E-05 0.0850388
0.042777 9.99461E-05 9.99461E-05 9.99461E-05 9.99461E-05 9.99461E-05 0.878161 9.99461E-05 0.0784618
9.99371E-05 0.88097 9.99371E-05 9.99371E-05 9.99371E-05 0.118331 9.99371E-05 9.99371E-05 9.99371E-05
0.0318882 0.0816651 9.99462E-05 9.99462E-05 0.885847 9.99462E-05 9.99462E-05 9.99462E-05 9.99462E-05
9.993E-05 9.993E-05 9.993E-05 9.993E-05 9.993E-05 9.993E-05 9.993E-05 0.999201 9.993E-05
9.99371E-05 0.25457 9.99371E-05 0.74473 9.99371E-05 9.99371E-05 9.99371E-05 9.99371E-05 9.99371E-05
9.993E-05 0.999201 9.993E-05 9.993E-05 9.993E-05 9.993E-05 9.993E-05 9.993E-05 9.993E-05
0.183196 9.9946E-05 9.9946E-05 9.9946E-05 0.709211 9.9946E-05 0.106993 9.9946E-05 9.9946E-05
0.00326006 9.9955E-05 9.9955E-05 0.674473 9.9955E-05 9.9955E-05 9.9955E-05 0.22619 0.0955776
9.99461E-05 0.780753 9.99461E-05 9.99461E-05 9.99461E-05 0.175849 9.99461E-05 9.99461E-05 0.0427982
9.993E-05 9.993E-05 9.993E-05 0.999201 9.993E-05 9.993E-05 9.993E-05 9.993E-05 9.993E-05
9.99462E-05 9.99462E-05 0.690603 9.99462E-05 9.99462E-05 9.99462E-05 9.99462E-05 0.190528 0.118269
9.99371E-05 9.99371E-05 9.99371E-05 9.99371E-05 0.784701 0.2146 9.99371E-05 9.99371E-05 9.99371E-05
9.9964E-05 0.391036 0.303033 0.056859 9.9964E-05 9.9964E-05 0.0654472 0.183225 9.9964E-05
9.993E-05 9.993E-05 9.993E-05 9.993E-05 9.993E-05 9.993E-05 0.999201 9.993E-05 9.993E-05
9.99372E-05 9.99372E-05 0.98238 9.99372E-05 9.99372E-05 0.0169209 9.99372E-05 9.99372E-05 9.99372E-05
0.0270611 9.99551E-05 0.8052 9.99551E-05 9.99551E-05 9.99551E-05 0.0662214 0.101018 9.99551E-05
9.99461E-05 9.99461E-05 0.060738 9.99461E-05 0.179832 9.99461E-05 9.99461E-05 0.75883 9.99461E-05
9.99551E-05 9.99551E-05 0.73006 0.144185 9.99551E-05 9.99551E-05 0.0531873 9.99551E-05 0.0720682
0.0838734 0.078031 0.205315 9.9955E-05 9.9955E-05 0.632281 9.9955E-05 9.9955E-05 9.9955E-05
9.99371E-05 9.99371E-05 9.99371E-05 9.99371E-05 9.99371E-05 9.99371E-05 0.0421708 9.99371E-05 0.95713
0.0381522 9.9946E-05 0.279257 0.681991 9.9946E-05 9.9946E-05 9.9946E-05 9.9946E-05 9.9946E-05
9.99371E-05 9.99371E-05 9.99371E-05 9.99371E-05 9.99371E-05 0.956889 9.99371E-05 9.99371E-05 0.0424112
9.99551E-05 9.99551E-05 9.99551E-05 0.0849167 9.99551E-05 0.0992147 9.99551E-05 0.765983 0.0493862
0.999201 9.993E-05 9.993E-05 9.993E-05 9.993E-05 9.993E-05 9.993E-05 9.993E-05 9.993E-05
9.99551E-05 9.99551E-05 9.99551E-05 9.99551E-05 0.177503 0.190044 0.0348646 0.597088 9.99551E-05
9.99461E-05 0.356974 9.99461E-05 9.99461E-05 0.0362147 9.99461E-05 9.99461E-05 9.99461E-05 0.606212
9.993E-05 9.993E-05 9.993E-05 9.993E-05 9.993E-05 9.993E-05 9.993E-05 9.993E-05 0.999201
9.9946E-05 0.591022 9.9946E-05 0.365281 9.9946E-05 0.0430974 9.9946E-05 9.9946E-05 9.9946E-05
9.99731E-05 0.0558117 0.00465418 9.99731E-05 0.0125691 9.99731E-05 0.874644 0.000925257 0.0510954
9.9937E-05 9.9937E-05 9.9937E-05 9.9937E-05 0.218214 0.781086 9.9937E-05 9.9937E-05 9.9937E-05
0.00931043 9.9955E-05 0.899126 9.9955E-05 0.00516883 9.9955E-05 0.0858951 9.9955E-05 9.9955E-05
9.9937E-05 9.9937E-05 9.9937E-05 9.9937E-05 9.9937E-05 9.9937E-05 0.208897 0.790404 9.9937E-05
0.0582976 0.0322328 9.99461E-05 9.99461E-05 9.99461E-05 9.99461E-05 0.90887 9.99461E-05 9.99461E-05
9.99372E-05 0.894849 9.99372E-05 9.99372E-05 0.104451 9.99372E-05 9.99372E-05 9.99372E-05 9.99372E-05
9.99462E-05 9.99462E-05 9.99462E-05 0.0236458 9.99462E-05 0.222051 0.753704 9.99462E-05 9.99462E-05
9.99371E-05 9.99371E-05 9.99371E-05 9.99371E-05 0.258586 9.99371E-05 0.740715 9.99371E-05 9.99371E-05
9.993E-05 9.993E-05 9.993E-05 9.993E-05 0.999201 9.993E-05 9.993E-05 9.993E-05 9.993E-05
9.994E-05 9.994E-05 0.933972 0.0518541 9.994E-05 0.0135742 9.994E-05 9.994E-05 9.994E-05
9.993E-05 9.993E-05 9.993E-05 9.993E-05 9.993E-05 9.993E-05 9.993E-05 9.993E-05 0.999201
9.99372E-05 9.99372E-05 0.1769 0.8224 9.99372E-05 9.99372E-05 9.99372E-05 9.99372E-05 9.99372E-05
9.99461E-05 9.99461E-05 0.000490307 9.99461E-05 0.927007 0.0719034 9.99461E-05 9.99461E-05 9.99461E-05
9.99371E-05 9.99371E-05 0.422094 9.99371E-05 9.99371E-05 9.99371E-05 9.99371E-05 0.577206 9.99371E-05
9.99372E-05 9.99372E-05 0.195664 9.99372E-05 9.99372E-05 9.99372E-05 0.803637 9.99372E-05 9.99372E-05
0.0839281 9.99821E-05 0.256526 0.561276 9.99821E-05 0.0356467 0.0136115 0.0339767 0.0148348
9.99461E-05 0.0471617 0.633897 9.99461E-05 9.99461E-05 9.99461E-05 0.318341 9.99461E-05 9.99461E-05
