0.744341 9.99371E-05 9.99371E-05 9.99371E-05 0.0630881 9.99371E-05 9.99371E-05 9.99371E-05 0.191871 9.99371E-05
0.947816 9.9937E-05 0.0493237 9.9937E-05 9.9937E-05 9.9937E-05 9.9937E-05 9.9937E-05 9.9937E-05 0.00216063
0.211043 9.9955E-05 9.9955E-05 9.9955E-05 9.9955E-05 9.9955E-05 0.0534496 0.03888 0.547455 0.148672
9.9928E-05 9.9928E-05 0.972243 9.9928E-05 9.9928E-05 0.0269579 9.9928E-05 9.9928E-05 9.9928E-05 9.9928E-05
9.99371E-05 0.314671 9.99371E-05 9.99371E-05 0.546495 9.99371E-05 9.99371E-05 9.99371E-05 0.138134 9.99371E-05
0.0390023 9.9946E-05 9.9946E-05 0.0890531 9.9946E-05 0.86314 9.9946E-05 9.9946E-05 0.00820501 9.9946E-05
9.9946E-05 0.516075 0.226693 9.9946E-05 9.9946E-05 9.9946E-05 9.9946E-05 0.0691966 0.187436 9.9946E-05
0.296195 9.99461E-05 0.0243675 0.215876 9.99461E-05 9.99461E-05 9.99461E-05 9.99461E-05 9.99461E-05 0.462962
9.99282E-05 9.99282E-05 9.99282E-05 9.99282E-05 9.99282E-05 0.526892 9.99282E-05 0.472308 9.99282E-05 9.99282E-05
9.9928E-05 0.938861 9.9928E-05 9.9928E-05 0.06034 9.9928E-05 9.9928E-05 9.9928E-05 9.9928E-05 9.9928E-05
9.99283E-05 0.98174 9.99283E-05 0.017461 9.99283E-05 9.99283E-05 9.99283E-05 9.99283E-05 9.99283E-05 9.99283E-05
9.99201E-05 9.99201E-05 9.99201E-05 9.99201E-05 9.99201E-05 9.99201E-05 9.99201E-05 9.99201E-05 9.99201E-05 0.999101
0.0130997 0.388159 0.0876517 9.9982E-05 0.230517 9.9982E-05 0.021208 0.175481 0.0746606 0.0090226
9.99461E-05 0.192281 0.460354 9.99461E-05 0.00017381 9.99461E-05 9.99461E-05 9.99461E-05 0.346592 9.99461E-05
9.99371E-05 0.147054 9.99371E-05 9.99371E-05 0.023792 9.99371E-05 0.828455 9.99371E-05 9.99371E-05 9.99371E-05
9.99282E-05 9.99282E-05 9.99282E-05 9.99282E-05 9.99282E-05 9.99282E-05 9.99282E-05 0.852378 0.146822 9.99282E-05
9.99371E-05 9.99371E-05 0.0914679 9.99371E-05 9.99371E-05 9.99371E-05 0.0276023 9.99371E-05 9.99371E-05 0.88023
9.9946E-05 0.350934 9.9946E-05 0.0475914 9.9946E-05 0.139492 9.9946E-05 0.461383 9.9946E-05 9.9946E-05
0.0464823 9.9928E-05 9.9928E-05 9.9928E-05 9.9928E-05 0.952718 9.9928E-05 9.9928E-05 9.9928E-05 9.9928E-05
9.99372E-05 9.99372E-05 9.99372E-05 9.99372E-05 0.278303 9.99372E-05 0.00413854 0.716859 9.99372E-05 9.99372E-05
9.99462E-05 9.99462E-05 0.0192111 9.99462E-05 9.99462E-05 9.99462E-05 0.0458156 0.868656 9.99462E-05 0.0657179
9.99551E-05 0.0483139 9.99551E-05 9.99551E-05 0.0189514 0.329165 9.99551E-05 0.447596 9.99551E-05 0.155473
9.99371E-05 0.04851 9.99371E-05 9.99371E-05 0.385782 9.99371E-05 9.99371E-05 0.565008 9.99371E-05 9.99371E-05
0.0874572 9.9991E-05 0.513355 0.0613362 0.010119 0.0397277 0.100161 0.0597014 0.0321435 0.0958987
9.994E-05 9.994E-05 9.994E-05 0.0781814 9.994E-05 0.0746828 0.00923413 9.994E-05 0.837302 9.994E-05
9.9955E-05 0.0222039 9.9955E-05 9.9955E-05 0.900919 9.9955E-05 0.00110139 0.00336274 0.0719132 9.9955E-05
9.99201E-05 9.99201E-05 0.999101 9.99201E-05 9.99201E-05 9.99201E-05 9.99201E-05 9.99201E-05 9.99201E-05 9.99201E-05
9.99551E-05 9.99551E-05 0.347426 9.99551E-05 0.182788 0.335448 0.0629206 0.0709177 9.99551E-05 9.99551E-05
0.999101 9.99201E-05 9.99201E-05 9.99201E-05 9.99201E-05 9.99201E-05 9.99201E-05 9.99201E-05 9.99201E-05 9.99201E-05
9.99463E-05 9.99463E-05 0.0245699 9.99463E-05 9.99463E-05 0.470839 9.99463E-05 0.104371 9.99463E-05 0.399621
9.99371E-05 0.164266 9.99371E-05 9.99371E-05 9.99371E-05 9.99371E-05 9.99371E-05 9.99371E-05 0.782406 0.052629
9.99201E-05 9.99201E-05 9.99201E-05 9.99201E-05 9.99201E-05 9.99201E-05 9.99201E-05 9.99201E-05 0.999101 9.99201E-05
9.99371E-05 0.905279 0.00278543 9.99371E-05 9.99371E-05 9.99371E-05 9.99371E-05 9.99371E-05 0.091236 9.99371E-05
9.99551E-05 9.99551E-05 0.011436 9.99551E-05 9.99551E-05 0.705697 9.99551E-05 0.147912 0.0261289 0.108327
9.9928E-05 9.9928E-05 0.520211 9.9928E-05 9.9928E-05 9.9928E-05 9.9928E-05 9.9928E-05 9.9928E-05 0.47899
0.0465512 9.99281E-05 9.99281E-05 9.99281E-05 9.99281E-05 9.99281E-05 9.99281E-05 0.952649 9.99281E-05 9.99281E-05
0.059339 9.9946E-05 0.0250139 9.9946E-05 9.9946E-05 0.643777 9.9946E-05 0.27127 9.9946E-05 9.9946E-05
9.9946E-05 9.9946E-05 9.9946E-05 9.9946E-05 0.0247908 0.89962 9.9946E-05 0.0374199 0.0375694 9.9946E-05
9.99201E-05 9.99201E-05 9.99201E-05 0.999101 9.99201E-05 9.99201E-05 9.99201E-05 9.99201E-05 9.99201E-05 9.99201E-05
9.99461E-05 9.99461E-05 0.0559451 9.99461E-05 9.99461E-05 0.774729 0.0474422 9.99461E-05 9.99461E-05 0.121284
9.9928E-05 9.9928E-05 9.9928E-05 9.9928E-05 9.9928E-05 0.633852 9.9928E-05 9.9928E-05 9.9928E-05 0.365348
9.99281E-05 9.99281E-05 9.99281E-05 9.99281E-05 9.99281E-05 0.0121658 9.99281E-05 9.99281E-05 9.99281E-05 0.987035
9.99281E-05 9.99281E-05 9.99281E-05 9.99281E-05 0.658173 9.99281E-05 9.99281E-05 0.341028 9.99281E-05 9.99281E-05
0.0030339 9.99371E-05 9.99371E-05 0.0290087 9.99371E-05 9.99371E-05 9.99371E-05 9.99371E-05 0.967258 9.99371E-05
9.99201E-05 9.99201E-05 9.99201E-05 9.99201E-05 0.999101 9.99201E-05 9.99201E-05 9.99201E-05 9.99201E-05 9.99201E-05
0.0933819 9.99372E-05 9.99372E-05 9.99372E-05 9.99372E-05 9.99372E-05 9.99372E-05 0.0456891 9.99372E-05 0.860229
9.99371E-05 9.99371E-05 9.99371E-05 0.0490833 9.99371E-05 0.0614241 9.99371E-05 0.888793 9.99371E-05 9.99371E-05
9.994E-05 9.994E-05 9.994E-05 9.994E-05 0.0431977 0.827457 0.00872505 0.12002 9.994E-05 9.994E-05
9.99201E-05 9.99201E-05 9.99201E-05 9.99201E-05 9.99201E-05 9.99201E-05 0.999101 9.99201E-05 9.99201E-05 9.99201E-05
9.99461E-05 0.0710126 9.99461E-05 9.99461E-05 9.99461E-05 0.155286 0.0484228 0.724679 9.99461E-05 9.99461E-05
