0.999498 0.000401556 9.9991E-05
0.850151 0.020084 0.129765
0.874991 9.9991E-05 0.124909
0.889277 9.9991E-05 0.110623
0.903245 9.9991E-05 0.0966547
0.925421 9.9991E-05 0.0744789
0.950459 9.9991E-05 0.0494414
0.874313 0.0212912 0.104396
0.850895 0.0321258 0.116979
0.894705 0.0195957 0.0856991
0.866984 9.9991E-05 0.132916
0.877545 9.9991E-05 0.122355
0.845247 0.0430082 0.111745
0.831694 0.0153116 0.152994
0.892476 9.9991E-05 0.107424
0.939395 0.00369144 0.0569131
0.97681 0.0230899 9.9991E-05
0.978705 0.0211946 9.9991E-05
0.962461 0.0374389 9.9991E-05
0.930872 0.0643628 0.00476534
0.0579349 0.253195 0.68887
0.0456805 0.229195 0.725124
0.0880963 0.237404 0.6745
0.0440091 0.286286 0.669705
0.0813298 0.256491 0.66218
0.050954 0.289553 0.659493
0.00588503 0.286681 0.707434
0.0663822 0.228342 0.705276
0.0363871 0.27555 0.688062
0.0788059 0.337967 0.583227
0.0248582 0.286044 0.689098
0.0369278 0.331878 0.631194
0.0691447 0.327166 0.603689
0.0191093 0.374093 0.606798
0.0306899 0.403888 0.565422
0.0849834 0.332131 0.582885
0.050905 0.365788 0.583307
0.078363 0.399942 0.521695
0.0474326 0.471017 0.48155
0.0898949 0.428594 0.481511
0.0644938 0.410714 0.524792
0.104481 0.420549 0.47497
0.0971386 0.408739 0.494123
0.127183 0.31373 0.559087
0.0615137 0.42565 0.512836
0.120708 0.33132 0.547972
0.0573266 0.465134 0.47754
0.0521046 0.461405 0.48649
0.116704 0.351444 0.531852
0.0347247 0.387358 0.577918
0.0686106 0.403448 0.527941
0.0585856 0.406735 0.53468
0.0611524 0.445751 0.493096
0.120667 0.415051 0.464282
0.0805067 0.41206 0.507433
0.0969745 0.399018 0.504007
0.123419 0.405172 0.471409
0.0665538 0.70904 0.224406
0.0799803 0.91992 9.9991E-05
0.0871584 0.785999 0.126843
0.0999791 0.889534 0.0104873
0.0209064 0.945197 0.0338967
0.0928243 0.87948 0.0276957
0.0703505 0.917586 0.0120638
0.0143497 0.98555 9.9991E-05
0.13873 0.733066 0.128204
0.076977 0.830291 0.0927318
0.0544999 0.869116 0.0763844
0.0441933 0.926393 0.0294136
0.0821915 0.85784 0.0599687
0.0457664 0.954134 9.9991E-05
0.0663047 0.904966 0.0287295
0.0675863 0.890747 0.0416668
0.069298 0.733426 0.197276
0.0175288 0.744736 0.237736
0.0877539 0.760498 0.151748
0.128518 0.709352 0.16213
0.0262589 0.973641 9.9991E-05
0.0991063 0.75195 0.148944
9.9991E-05 0.897032 0.102868
0.0812435 0.857907 0.0608493
0.0998567 0.77374 0.126403
0.0822926 0.917607 9.9991E-05
0.081509 0.557771 0.36072
0.0407264 0.24988 0.709394
0.0692738 0.633337 0.297389
0.0822165 0.761704 0.15608
0.0662767 0.775133 0.15859
0.0501131 0.843607 0.10628
0.0552213 0.923917 0.0208618
0.0808016 0.816327 0.102872
9.9991E-05 0.879235 0.120665
0.0883479 0.663144 0.248509
0.128849 0.702991 0.16816
0.0446519 0.75333 0.202018
0.123875 0.699066 0.17706
0.0712588 0.773075 0.155666
0.0768992 0.86655 0.0565506
0.0497924 0.930093 0.0201144
0.0761495 0.923751 9.9991E-05
0.0767321 0.800918 0.12235
0.0391321 0.825498 0.135369
0.0594171 0.915004 0.0255791
0.0562025 0.943697 9.9991E-05
0.110012 0.759195 0.130793
0.0658638 0.910767 0.0233689
0.0889174 0.782967 0.128115
0.0733811 0.844808 0.081811
0.0863345 0.808205 0.10546
0.0734216 0.852119 0.0744596
0.0737532 0.926147 9.9991E-05
0.0427399 0.95716 9.9991E-05
0.0364377 0.950273 0.0132897
0.0660625 0.807548 0.12639
0.0833079 0.784609 0.132083
0.106992 0.753974 0.139033
0.0986778 0.878383 0.0229389
0.0743343 0.910381 0.0152852
0.0691906 0.829036 0.101773
0.120962 0.752927 0.126111
0.0947018 0.578579 0.326719
0.020882 0.650958 0.32816
0.070181 0.579512 0.350307
0.102276 0.544827 0.352897
0.0986927 0.5532 0.348107
0.04323 0.530081 0.426689
0.0877566 0.535056 0.377188
0.107536 0.573096 0.319368
0.0647772 0.544614 0.390609
0.0619895 0.551415 0.386595
0.0262445 0.631723 0.342033
0.0329867 0.0808139 0.886199
0.0367816 0.0849265 0.878292
0.0665831 0.0605935 0.872823
0.114978 0.00106421 0.883958
0.0799985 0.0729561 0.847045
0.0975687 0.0594459 0.842985
0.0338014 0.0121518 0.954047
0.0181853 0.0908337 0.890981
0.116341 0.0702528 0.813406
0.0618038 0.0986341 0.839562
0.0813886 0.087906 0.830705
0.0881963 0.0221375 0.889666
0.0692056 0.0211311 0.909663
0.0705937 0.0785528 0.850853
0.103904 0.0244098 0.871686
0.11294 9.9991E-05 0.88696
0.055171 0.0398102 0.905019
0.11603 0.0525029 0.831467
0.0975739 9.9991E-05 0.902326
0.0741199 9.9991E-05 0.92578
0.0936715 9.9991E-05 0.906229
0.0529766 0.0698553 0.877168
0.0694538 0.00187126 0.928675
0.0989212 0.00820881 0.89287
0.069385 9.9991E-05 0.930515
0.0487819 0.0514098 0.899808
0.0749502 9.9991E-05 0.92495
0.0994024 0.00729471 0.893303
0.0888268 0.052965 0.858208
0.00621353 0.0323147 0.961472
9.9991E-05 0.0266584 0.973242
0.104433 9.9991E-05 0.895467
0.070653 0.0212849 0.908062
0.0559996 0.0411215 0.902879
0.0787445 0.00874188 0.912514
0.0722745 0.180653 0.747073
0.0932941 0.20363 0.703076
0.16074 0.143384 0.695877
0.191776 0.141025 0.667198
0.170403 0.216044 0.613553
0.0608311 0.264114 0.675055
0.0577031 0.263112 0.679185
0.158327 0.19502 0.646652
