0.015141 0.00926325 0.975596
0.118773 0.0748028 0.806424
0.129393 0.0188313 0.851776
0.117154 9.9991E-05 0.882746
0.144715 9.9991E-05 0.855185
0.0972453 9.9991E-05 0.902655
0.0612417 9.9991E-05 0.938658
0.109082 0.0330589 0.857859
0.158166 0.0377078 0.804126
0.108724 0.00595949 0.885317
0.135119 0.0108 0.854081
0.109444 9.9991E-05 0.890456
0.140728 0.0383614 0.82091
0.161444 0.00781903 0.830737
0.11345 9.9991E-05 0.88645
0.0966179 0.00396469 0.899417
9.9991E-05 0.0257827 0.974117
9.9991E-05 0.0392876 0.960612
9.9991E-05 0.0579378 0.941962
9.9991E-05 0.080805 0.919095
0.691875 0.242146 0.0659791
0.737605 0.217612 0.0447823
0.713916 0.203027 0.0830564
0.682023 0.2504 0.0675761
0.696275 0.232263 0.0714617
0.709013 0.239347 0.0516393
0.751529 0.248371 9.9991E-05
0.731272 0.197186 0.0715418
0.721438 0.260464 0.0180979
0.616557 0.315924 0.0675181
0.751158 0.248742 9.9991E-05
0.649954 0.33257 0.0174766
0.627097 0.307635 0.0652681
0.634839 0.334791 0.0303698
0.574241 0.390174 0.0355852
0.609886 0.286364 0.103749
0.578469 0.398065 0.0234667
0.54561 0.395301 0.0590888
0.495884 0.464393 0.0397233
0.524029 0.406478 0.0694932
0.558492 0.394183 0.0473244
0.516684 0.418486 0.0648301
0.519921 0.409894 0.070185
0.588279 0.307236 0.104484
0.527848 0.440649 0.0315031
0.576973 0.333409 0.0896173
0.477437 0.47993 0.042633
0.546692 0.421324 0.0319845
0.546358 0.356448 0.0971945
0.570297 0.396113 0.0335898
0.517273 0.438661 0.044066
0.537807 0.386692 0.0755009
0.461357 0.496159 0.042484
0.454851 0.448995 0.0961539
0.5269 0.41189 0.0612105
0.547138 0.378932 0.0739298
0.501213 0.402439 0.0963484
0.210029 0.748755 0.041216
9.9991E-05 0.956863 0.0430372
0.101271 0.847578 0.0511504
0.039075 0.921484 0.0394405
0.0566904 0.94321 9.9991E-05
0.0865361 0.8659 0.0475643
0.010069 0.948331 0.0415999
9.999E-05 0.9998 9.999E-05
0.100788 0.789402 0.10981
0.102135 0.850464 0.047401
0.0940853 0.893981 0.0119334
0.061374 0.909597 0.0290294
0.0732482 0.893058 0.0336941
9.9991E-05 0.995964 0.00393551
0.0647654 0.920098 0.0151362
0.0758771 0.880567 0.0435563
0.201368 0.749312 0.0493191
0.245315 0.752494 0.00219112
0.154055 0.772271 0.0736744
0.183192 0.710022 0.106786
9.9991E-05 0.974634 0.0252655
0.160849 0.77871 0.0604405
0.111206 0.888694 9.9991E-05
0.0859529 0.831543 0.0825037
0.124929 0.806914 0.0681572
9.9991E-05 0.955489 0.044411
0.375528 0.572321 0.0521512
0.694475 0.260034 0.0454916
0.332222 0.667678 9.9991E-05
0.154693 0.817131 0.0281759
0.18438 0.81552 9.9991E-05
0.0976687 0.859653 0.0426786
0.0181279 0.95654 0.025332
0.110278 0.848565 0.0411567
0.136158 0.863742 9.9991E-05
0.247127 0.692278 0.0605949
0.20778 0.695638 0.0965819
0.159567 0.793529 0.0469037
0.162134 0.731563 0.106304
0.157122 0.801071 0.0418067
0.0208031 0.892917 0.0862796
0.0342297 0.929253 0.0365176
9.9991E-05 0.968929 0.0309708
0.128371 0.853747 0.0178822
0.145191 0.828331 0.0264779
0.027868 0.947333 0.0247994
9.9991E-05 0.977407 0.0224928
0.125784 0.788109 0.0861066
0.0161164 0.949877 0.0340064
0.106082 0.829499 0.0644188
0.074835 0.869639 0.0555256
0.143688 0.818475 0.0378363
0.132352 0.867548 9.9991E-05
9.9991E-05 0.985194 0.014706
9.999E-05 0.9998 9.999E-05
0.0254459 0.972658 0.00189587
0.144526 0.835858 0.0196158
0.165184 0.794183 0.0406336
0.152215 0.791901 0.0558846
0.028657 0.918391 0.0529518
0.0137491 0.954015 0.0322364
0.109402 0.828797 0.0618004
0.145943 0.784803 0.0692534
0.340067 0.599834 0.0600992
0.372693 0.627207 9.9991E-05
0.340362 0.605701 0.0539366
0.393024 0.558025 0.0489519
0.346344 0.584775 0.0688806
0.436618 0.547891 0.0154902
0.398679 0.53728 0.0640418
0.308252 0.583705 0.108042
0.405333 0.559472 0.0351945
0.396711 0.570321 0.0329674
0.370967 0.616686 0.0123471
0.914862 0.0607716 0.0243665
0.89653 0.072973 0.0304974
0.876115 0.0379828 0.0859023
0.904849 9.9991E-05 0.0950506
0.882244 0.0519604 0.0657954
0.860191 0.0802663 0.0595422
0.947542 0.0152233 0.0372348
0.900787 0.0991132 9.9991E-05
0.832248 0.0478344 0.119917
0.839707 0.121071 0.0392213
0.85144 0.0871186 0.0614413
0.884414 0.0502993 0.0652862
0.914688 0.0360182 0.0492936
0.858727 0.0788946 0.0623786
0.888696 9.9991E-05 0.111204
0.894665 9.9991E-05 0.105235
0.932663 0.0141528 0.0531838
0.83874 0.0436625 0.117598
0.924667 9.9991E-05 0.0752333
0.931971 9.9991E-05 0.0679294
0.90059 9.9991E-05 0.0993104
0.868164 0.0994818 0.0323545
0.930546 9.9991E-05 0.069354
0.925181 0.0168463 0.0579728
0.892173 9.9991E-05 0.107727
0.947289 9.9991E-05 0.0526113
0.957238 0.00577014 0.0369922
0.872556 0.023386 0.104058
0.880534 0.0129773 0.106488
0.977426 0.022474 9.9991E-05
0.970323 0.0295766 9.9991E-05
0.91314 9.9991E-05 0.0867597
0.955934 0.0271051 0.0169609
0.957718 0.00989748 0.0323848
0.920062 0.0156932 0.0642446
0.785782 0.18082 0.0333972
0.699454 0.208154 0.0923916
0.701083 0.163262 0.135655
0.696585 0.145422 0.157993
0.640109 0.208659 0.151232
0.692792 0.262106 0.0451021
0.722609 0.225689 0.0517022
0.677372 0.177937 0.144691
