9.9991E-05 0.180917 0.173059 0.132559 0.513365
9.998E-05 0.169832 9.998E-05 0.0488739 0.781094
9.9973E-05 9.9973E-05 0.5705 9.9973E-05 0.4292
9.997E-05 0.9996 9.997E-05 9.997E-05 9.997E-05
9.9982E-05 0.0806101 0.555275 0.363915 9.9982E-05
0.812064 9.9982E-05 0.0926429 9.9982E-05 0.0950929
0.0156589 0.147161 0.782564 0.0545154 9.9991E-05
9.998E-05 0.0743438 0.0574795 9.998E-05 0.867977
0.821984 9.99731E-05 9.99731E-05 0.177716 9.99731E-05
9.99731E-05 9.99731E-05 0.788747 0.210953 9.99731E-05
9.997E-05 9.997E-05 0.9996 9.997E-05 9.997E-05
0.0540279 9.9973E-05 9.9973E-05 9.9973E-05 0.945672
0.111704 9.9982E-05 0.545705 0.342391 9.9982E-05
9.99731E-05 0.308124 0.691576 9.99731E-05 9.99731E-05
9.997E-05 9.997E-05 0.436234 0.563466 9.997E-05
0.195559 9.99821E-05 0.0703712 0.73387 9.99821E-05
0.01768 0.28145 9.9982E-05 9.9982E-05 0.700671
0.311305 9.9982E-05 0.286489 0.402006 9.9982E-05
0.964689 9.9973E-05 9.9973E-05 9.9973E-05 0.0350116
0.103758 0.0499871 9.9982E-05 0.846055 9.9982E-05
0.171057 0.0478219 9.9991E-05 0.751586 0.0294347
0.538352 9.9982E-05 9.9982E-05 0.33276 0.128688
0.132188 9.9982E-05 0.0215994 0.846013 9.9982E-05
9.9982E-05 0.874518 0.00591298 0.119369 9.9982E-05
9.9973E-05 0.352914 0.646786 9.9973E-05 9.9973E-05
9.9973E-05 9.9973E-05 0.232185 0.767515 9.9973E-05
9.997E-05 0.9996 9.997E-05 9.997E-05 9.997E-05
0.521697 0.135167 0.27475 0.0682859 9.999E-05
9.997E-05 9.997E-05 9.997E-05 9.997E-05 0.9996
0.572598 0.334444 9.998E-05 9.998E-05 0.0927574
9.997E-05 9.997E-05 0.988981 9.997E-05 0.0107187
9.997E-05 9.997E-05 0.9996 9.997E-05 9.997E-05
9.9973E-05 9.9973E-05 0.962841 0.0368594 9.9973E-05
0.919249 0.000411197 0.08014 9.9982E-05 9.9982E-05
9.9973E-05 0.657452 9.9973E-05 9.9973E-05 0.342248
0.333497 9.9973E-05 9.9973E-05 0.666204 9.9973E-05
0.838583 9.998E-05 9.998E-05 0.119093 0.0421238
0.908276 9.9982E-05 0.0449917 9.9982E-05 0.0465323
0.0625807 9.9991E-05 0.733799 0.0163224 0.187198
0.733865 0.265835 9.99731E-05 9.99731E-05 9.99731E-05
0.676252 9.997E-05 9.997E-05 9.997E-05 0.323449
0.080131 9.9973E-05 9.9973E-05 9.9973E-05 0.919569
9.997E-05 9.997E-05 9.997E-05 0.9996 9.997E-05
9.9982E-05 0.171079 0.822019 9.9982E-05 0.00670254
9.997E-05 9.997E-05 0.245224 0.754476 9.997E-05
9.9982E-05 0.0141942 0.0131671 9.9982E-05 0.972439
0.441417 9.9973E-05 9.9973E-05 0.558283 9.9973E-05
0.915316 9.99731E-05 9.99731E-05 0.0843845 9.99731E-05
9.999E-05 0.092013 0.0640311 0.812928 0.0309274
0.359929 0.0425749 9.9982E-05 0.597296 9.9982E-05
