9.9946E-05 9.9946E-05 9.9946E-05 0.0536045 9.9946E-05 0.0087191 9.9946E-05 0.937077 9.9946E-05
9.9982E-05 0.0415273 9.9982E-05 0.0359156 0.0590682 0.028469 0.0652669 0.763407 0.00614607
0.00498752 0.0604148 9.9973E-05 9.9973E-05 9.9973E-05 0.0118505 0.0368884 0.814732 0.0708272
0.0678758 9.9973E-05 0.0379913 9.9973E-05 9.9973E-05 0.0211306 0.0168583 0.794307 0.0615372
0.165618 9.9955E-05 9.9955E-05 0.0118212 9.9955E-05 0.0181855 9.9955E-05 0.803875 9.9955E-05
0.00968285 9.9964E-05 9.9964E-05 0.00422614 0.0487775 9.9964E-05 0.0455829 0.891331 9.9964E-05
0.0800499 9.9955E-05 0.00862402 9.9955E-05 9.9955E-05 9.9955E-05 0.0176776 0.893149 9.9955E-05
0.0803221 9.9973E-05 0.0201903 0.0556713 9.9973E-05 0.0116822 0.00277244 0.829062 9.9973E-05
0.0472815 9.9982E-05 0.00219453 9.9982E-05 0.0109369 0.0163416 0.0962079 0.791205 0.0356328
0.0147664 9.9964E-05 0.0371879 9.9964E-05 9.9964E-05 9.9964E-05 0.0176491 0.863574 0.0664227
9.9964E-05 0.100088 0.0212145 9.9964E-05 9.9964E-05 9.9964E-05 0.0642005 0.770883 0.0432141
9.9973E-05 0.0510138 9.9973E-05 0.0177009 0.0190136 0.0489504 9.9973E-05 0.771495 0.0915267
0.0488325 0.029983 9.9982E-05 0.0425025 0.0274924 0.00796255 9.9982E-05 0.784696 0.0583312
0.000612602 0.0854516 0.00524344 9.9982E-05 0.0237975 9.9982E-05 0.127101 0.688592 0.0690013
0.0163137 0.0659874 9.9973E-05 9.9973E-05 9.9973E-05 0.0386464 0.00508125 0.837584 0.0360871
0.0163314 9.9955E-05 9.9955E-05 9.9955E-05 0.0181989 9.9955E-05 0.102409 0.862561 9.9955E-05
9.9955E-05 0.00378902 0.0189 9.9955E-05 0.00932905 9.9955E-05 9.9955E-05 0.967482 9.9955E-05
9.9955E-05 9.9955E-05 0.000350376 0.0109756 0.0254447 9.9955E-05 9.9955E-05 0.962729 9.9955E-05
9.9946E-05 9.9946E-05 9.9946E-05 0.0507096 9.9946E-05 0.0146803 9.9946E-05 0.93401 9.9946E-05
9.9955E-05 9.9955E-05 0.037006 9.9955E-05 0.00986778 9.9955E-05 9.9955E-05 0.91961 0.0330167
9.993E-05 9.993E-05 9.993E-05 9.993E-05 9.993E-05 9.993E-05 9.993E-05 9.993E-05 0.999201
9.9982E-05 0.190346 0.00183532 0.0271317 0.0121599 0.0207259 0.071617 9.9982E-05 0.675984
0.0687089 0.0763962 0.0388379 0.11791 9.9991E-05 0.0103288 0.051962 0.00447352 0.631282
0.0277846 9.9964E-05 0.0199012 0.155141 0.0300671 9.9964E-05 9.9964E-05 9.9964E-05 0.766706
0.0957582 9.9946E-05 0.00331253 9.9946E-05 9.9946E-05 9.9946E-05 9.9946E-05 9.9946E-05 0.90033
0.127007 9.9964E-05 9.9964E-05 9.9964E-05 0.0167551 0.0213759 9.9964E-05 0.0159973 0.818465
0.0760571 0.0479865 9.9973E-05 0.143115 9.9973E-05 0.0245739 0.0362502 9.9973E-05 0.671717
9.993E-05 9.993E-05 9.993E-05 9.993E-05 9.993E-05 9.993E-05 9.993E-05 9.993E-05 0.999201
0.225373 0.0394032 0.00490874 9.9964E-05 9.9964E-05 9.9964E-05 0.10464 9.9964E-05 0.625275
0.165173 0.136132 0.00804053 0.0721903 0.00685452 9.9991E-05 0.0614115 0.00110863 0.54899
0.124816 0.102137 9.9964E-05 9.9964E-05 9.9964E-05 0.00346668 0.108872 9.9964E-05 0.660309
0.140157 9.9964E-05 9.9964E-05 0.0696368 0.0555504 9.9964E-05 0.0627639 9.9964E-05 0.671492
0.231225 9.9964E-05 9.9964E-05 0.0443761 9.9964E-05 9.9964E-05 0.0516442 0.0492829 0.623072
0.0867871 9.9973E-05 0.0195281 9.9973E-05 0.0691468 0.0703717 0.15584 9.9973E-05 0.598027
0.123664 0.159304 0.0510216 0.0430851 0.0162364 0.0125441 0.0151653 0.0283317 0.550648
0.00470116 0.206966 9.9982E-05 9.9982E-05 0.0391922 0.0586916 0.183155 0.0645058 0.442588
9.9973E-05 0.162446 0.0140913 0.139274 0.00611926 0.0480469 9.9973E-05 9.9973E-05 0.629723
0.0523278 0.152889 9.9973E-05 0.72428 0.019888 0.0137195 9.9973E-05 9.9973E-05 0.0365959
9.9964E-05 0.194355 0.0360669 0.718347 0.0367234 9.9964E-05 0.0141072 9.9964E-05 9.9964E-05
0.14973 0.0117378 0.00246922 0.747504 0.0361222 0.0182893 0.00110287 0.032945 9.9991E-05
9.9982E-05 0.117472 0.00272685 0.766737 0.0235003 0.0153768 0.0410945 9.9982E-05 0.0328924
9.9982E-05 9.9982E-05 0.0374497 0.751696 0.0653441 0.0578167 0.0227269 0.0203727 0.0443937
0.0812112 0.0309774 0.0287005 0.822079 0.0227952 0.0139371 9.9973E-05 9.9973E-05 9.9973E-05
0.0633314 9.9973E-05 0.0291084 0.66852 0.0417774 9.9973E-05 0.130396 0.0665668 9.9973E-05
0.0122066 0.0375675 0.0586026 0.774263 0.0205682 0.0121399 9.9982E-05 9.9982E-05 0.0844524
0.0952691 9.9973E-05 0.0291305 0.775218 9.9973E-05 9.9973E-05 0.0331351 0.0212024 0.0457451
0.0144638 0.0686926 0.0375505 0.803059 0.071703 0.00423143 9.9973E-05 9.9973E-05 9.9973E-05
0.0155229 9.9991E-05 0.0222653 0.821793 0.059794 0.016519 0.0366554 0.0135469 0.0138036
9.9964E-05 9.9964E-05 0.0243833 0.860373 0.0570159 0.0213757 9.9964E-05 9.9964E-05 0.0364523
9.9982E-05 0.0362167 0.0398253 0.768587 0.00914144 0.0346788 0.110992 9.9982E-05 0.000358617
0.052072 9.9991E-05 0.000716671 0.804683 0.055854 0.00712282 0.0370591 0.000938071 0.041454
0.00159568 9.9973E-05 9.9973E-05 0.839107 0.0756441 0.0191386 0.0329568 9.9973E-05 0.0312574
0.0441938 9.9955E-05 0.0759919 0.806173 0.0731419 9.9955E-05 9.9955E-05 9.9955E-05 9.9955E-05
9.9973E-05 0.0992831 0.0258827 0.772136 0.0172207 9.9973E-05 9.9973E-05 0.0667513 0.0184267
9.9973E-05 9.9973E-05 0.0468389 0.797013 0.0550634 0.0135454 0.0617469 0.025493 9.9973E-05
0.00811871 0.142082 9.9991E-05 0.686204 0.0419783 0.0222379 0.04565 0.0119544 0.0416748
0.0374958 9.9982E-05 0.0673327 0.69684 9.9982E-05 0.00192057 0.00905217 0.107671 0.0794878
9.999E-05 0.614749 0.0939259 0.0821655 0.0476096 0.0248047 0.0645593 0.0305794 0.0415067
9.993E-05 9.993E-05 9.993E-05 9.993E-05 9.993E-05 0.999201 9.993E-05 9.993E-05 9.993E-05
9.999E-05 0.617835 0.162567 0.0270196 0.0802378 0.0202205 0.0646837 0.00901242 0.0183243
0.0898638 0.593316 0.165448 0.0664065 0.0475699 0.0277857 9.9991E-05 0.00558485 0.00392431
0.169979 0.603784 0.110333 9.9964E-05 0.0491117 0.0663917 9.9964E-05 9.9964E-05 9.9964E-05
0.0847744 0.638724 0.0989992 0.0727151 0.091723 0.0127646 9.9973E-05 9.9973E-05 9.9973E-05
9.9946E-05 9.9946E-05 0.00602458 9.9946E-05 0.975381 9.9946E-05 9.9946E-05 9.9946E-05 0.0179951
9.993E-05 9.993E-05 9.993E-05 9.993E-05 9.993E-05 0.999201 9.993E-05 9.993E-05 9.993E-05
9.9973E-05 0.591198 0.120205 9.9973E-05 0.0673265 0.0525932 0.0508423 0.117535 9.9973E-05
0.0473823 0.501721 0.0912099 0.0137412 0.139408 0.0498293 0.00823858 0.0215666 0.126903
0.16289 0.415101 0.107227 9.9982E-05 0.176557 0.0835138 9.9982E-05 0.0359466 0.018564
0.0499788 0.555186 0.138655 9.9973E-05 0.117866 0.0470649 9.9973E-05 9.9973E-05 0.0909487
0.00150398 0.464209 0.131433 9.9991E-05 0.123808 0.127184 0.00612819 0.0331409 0.112493
0.0854883 0.625751 0.0849888 9.9973E-05 0.101161 0.0863096 9.9973E-05 0.0160015 9.9973E-05
0.131211 0.551194 0.0922107 0.0429624 0.140521 0.0416014 9.9973E-05 9.9973E-05 9.9973E-05
0.102392 0.593587 0.122154 0.00621909 0.0362874 0.105531 9.9982E-05 9.9982E-05 0.0336298
0.338866 0.424998 0.0798671 9.9982E-05 0.0204614 0.0703666 0.0290618 9.9982E-05 0.0361788
0.194375 0.256914 0.0448753 0.283711 0.120035 0.0383506 9.9982E-05 9.9982E-05 0.0615381
0.0224053 0.529032 0.0716531 0.212032 0.0731418 0.0420983 9.9982E-05 0.0494368 9.9982E-05
9.9973E-05 0.317615 0.1034 0.412433 0.0255582 0.0801015 9.9973E-05 0.0605918 9.9973E-05
9.9937E-05 9.9937E-05 9.9937E-05 9.9937E-05 0.964221 0.0350792 9.9937E-05 9.9937E-05 9.9937E-05
0.113457 0.266921 0.132963 0.13623 0.137356 0.0690129 0.02225 0.0472776 0.0745327
0.045523 0.489159 0.131026 0.0835078 0.191576 0.0589075 9.9973E-05 9.9973E-05 9.9973E-05
0.0914162 0.551438 0.103429 0.117858 0.0655409 0.0164606 9.9991E-05 0.034945 0.0188127
9.9982E-05 0.647456 0.140558 9.9982E-05 0.0939197 0.0324813 0.0127924 0.0222512 0.050341
9.9973E-05 0.614863 0.134585 0.052542 0.0995493 0.0351306 9.9973E-05 0.0630302 9.9973E-05
9.9991E-05 0.288396 0.110379 0.234134 0.0557775 0.04267 0.191688 0.0226481 0.0542079
9.9973E-05 0.126456 0.00270977 0.188351 0.0818295 0.0272194 0.573134 9.9973E-05 9.9973E-05
0.133185 0.429635 0.0540675 0.151366 9.9982E-05 0.0995002 0.113851 9.9982E-05 0.0181952
0.0829965 0.571697 0.0992211 0.0792497 0.108398 0.00112806 0.0391627 0.0180468 9.9991E-05
0.109453 0.566086 0.0476518 0.0992022 0.0748197 0.0132906 0.0892964 9.9982E-05 9.9982E-05
0.0998435 0.569475 0.134276 0.0762822 9.9991E-05 0.0711779 0.0298923 0.0158804 0.00307333
0.00869008 0.271747 0.609127 0.0325291 0.00715102 0.0182536 9.9991E-05 0.0237683 0.028634
0.053781 0.44728 0.0955517 0.116518 0.223811 0.0339508 9.9982E-05 9.9982E-05 0.0289081
0.0200912 0.657923 0.0911413 0.0642827 0.147698 0.0154336 0.00323057 9.9982E-05 9.9982E-05
9.9982E-05 0.593657 0.0758291 9.9982E-05 0.0299767 0.0437922 0.111907 0.0523006 0.0923375
9.9982E-05 0.581722 0.0959712 9.9982E-05 0.0802432 0.00480756 0.0455315 0.0385306 0.152994
9.9973E-05 0.670381 0.0743126 9.9973E-05 0.0926932 9.9973E-05 0.125296 0.0223193 0.0146981
0.0851615 0.499996 0.100544 9.9991E-05 0.0417709 0.0505694 0.0578941 0.0975209 0.0664436
0.30469 0.257868 0.0664498 0.0060868 0.158963 0.0200083 0.122254 0.0635802 9.9991E-05
0.0756083 0.545553 0.086121 0.0791172 0.111303 0.049031 9.9982E-05 0.0530666 9.9982E-05
0.159664 0.563424 0.102365 9.9973E-05 0.0755806 0.0405524 9.9973E-05 9.9973E-05 0.0581129
0.0769686 0.487085 0.122489 0.0750673 0.139291 0.0838468 9.9982E-05 0.015052 9.9982E-05
0.0695267 0.62221 0.115442 9.9991E-05 0.0622426 0.0290644 0.0618479 0.00440995 0.0351568
0.0770534 0.381724 0.163057 0.00939694 0.136755 0.0926773 0.0755982 0.022148 0.0415897
0.143038 0.649624 0.0921167 9.9964E-05 0.0646805 0.0501405 9.9964E-05 9.9964E-05 9.9964E-05
9.993E-05 9.993E-05 0.999201 9.993E-05 9.993E-05 9.993E-05 9.993E-05 9.993E-05 9.993E-05
0.114207 0.440054 0.121553 0.0313711 0.0945309 0.0609443 0.022286 0.0587091 0.0563448
9.9982E-05 0.741508 0.14661 9.9982E-05 0.0983603 0.0056209 0.00253318 0.000325449 0.00484283
9.9973E-05 0.663557 0.136343 9.9973E-05 0.0501516 0.0337883 0.101854 0.0140051 9.9973E-05
0.118194 0.561449 0.116015 0.117677 0.0584792 0.027886 9.9973E-05 9.9973E-05 9.9973E-05
0.186293 0.619541 0.0498179 0.0135012 0.108227 0.0161933 9.9982E-05 0.00622717 9.9982E-05
0.165936 0.576873 0.0859801 9.9982E-05 0.0597319 0.0127097 9.9982E-05 0.0319604 0.0666096
9.993E-05 9.993E-05 9.993E-05 9.993E-05 0.999201 9.993E-05 9.993E-05 9.993E-05 9.993E-05
9.993E-05 9.993E-05 0.999201 9.993E-05 9.993E-05 9.993E-05 9.993E-05 9.993E-05 9.993E-05
9.993E-05 9.993E-05 9.993E-05 9.993E-05 0.999201 9.993E-05 9.993E-05 9.993E-05 9.993E-05
9.9982E-05 0.629321 0.115689 0.0204362 0.0626419 0.0716766 0.0523231 0.0477131 9.9982E-05
9.9982E-05 0.459169 0.112687 9.9982E-05 0.15845 0.0568325 0.0827333 0.0443843 0.0855439
0.0413158 0.59117 0.138927 9.9991E-05 0.0336089 0.0552279 0.0131466 0.042839 0.0836652
9.9982E-05 0.630822 0.128209 0.017374 0.132163 0.0356471 9.9982E-05 0.0451463 0.010439
0.0861117 0.500023 0.140275 0.0778654 0.112311 0.0450732 9.9991E-05 0.00574816 0.0324922
9.9973E-05 0.313293 0.570945 0.0163419 9.9973E-05 0.00381347 0.0625105 0.0327962 9.9973E-05
0.00374383 0.568479 0.161195 0.0845177 0.0394501 0.00873077 0.0364786 0.0707067 0.0266981
0.817006 0.120251 9.9946E-05 9.9946E-05 9.9946E-05 0.0621437 9.9946E-05 9.9946E-05 9.9946E-05
0.945851 0.010467 0.00856683 9.9964E-05 0.0294932 0.00522184 9.9964E-05 9.9964E-05 9.9964E-05
0.895976 9.9955E-05 0.014375 9.9955E-05 0.0533328 9.9955E-05 9.9955E-05 9.9955E-05 0.0358168
0.867634 0.0878113 9.9955E-05 9.9955E-05 9.9955E-05 0.00776987 9.9955E-05 0.0362849 9.9955E-05
0.833268 0.00737363 0.0389153 9.9982E-05 0.0542768 9.9982E-05 0.0451691 0.00486398 0.0159335
0.86301 9.9964E-05 0.00770961 9.9964E-05 9.9964E-05 0.033441 0.0638448 9.9964E-05 0.0315942
0.986622 9.9937E-05 9.9937E-05 9.9937E-05 9.9937E-05 9.9937E-05 0.0126784 9.9937E-05 9.9937E-05
0.906869 0.0126818 0.00976841 9.9964E-05 9.9964E-05 9.9964E-05 9.9964E-05 0.0395303 0.030751
0.892882 9.9955E-05 9.9955E-05 0.083781 9.9955E-05 0.00319649 9.9955E-05 9.9955E-05 0.0196411
0.666983 0.169428 0.00799617 0.0845176 0.0287149 0.0312192 9.9982E-05 9.9982E-05 0.010941
0.76947 0.0845171 9.9973E-05 0.0319711 0.0281717 0.0241429 9.9973E-05 9.9973E-05 0.0614275
0.158773 9.9982E-05 9.9982E-05 0.0335807 0.0408288 0.0140729 0.694649 0.0262156 0.0316804
0.221308 9.9982E-05 0.0255567 0.0294638 9.9982E-05 0.0125316 0.695343 0.0151758 0.000421528
0.0566446 0.051761 9.9991E-05 0.064337 0.026925 0.0193777 0.695845 0.0226811 0.0623284
9.9964E-05 0.0941011 9.9964E-05 0.129161 9.9964E-05 9.9964E-05 0.690329 0.0707298 0.0152791
9.9973E-05 0.0818294 9.9973E-05 0.10525 0.0438393 9.9973E-05 0.695294 0.0569392 0.0165477
0.144088 0.0697844 0.00140292 0.00482139 0.0119294 0.0063942 0.73456 0.0269204 9.9991E-05
0.0735333 9.9982E-05 0.0485954 0.0905974 0.0119302 9.9982E-05 0.696658 0.0134211 0.0650649
0.108984 0.000307835 0.00733242 9.9973E-05 0.0291325 9.9973E-05 0.830413 9.9973E-05 0.0235308
9.99857E-05 0.175223 0.0208178 0.0527409 0.059764 9.99857E-05 0.556635 0.0680634 0.0665557
0.25299 9.9946E-05 9.9946E-05 0.150034 9.9946E-05 9.9946E-05 0.596377 9.9946E-05 9.9946E-05
0.0671465 9.9973E-05 9.9973E-05 0.062919 0.0702935 0.0309132 0.713281 9.9973E-05 0.0551469
0.000934018 9.9973E-05 9.9973E-05 0.142384 9.9973E-05 0.0550556 0.727914 0.0676378 0.00577482
0.121923 0.0677258 9.9982E-05 0.0802416 9.9982E-05 0.00491477 0.607223 0.0531334 0.0646384
0.0297911 0.207661 0.0174702 0.102962 0.0277838 0.0193835 0.594749 9.9982E-05 9.9982E-05
9.9973E-05 0.134963 0.00959326 9.9973E-05 9.9973E-05 0.0668052 0.715695 0.0439252 0.0287184
9.9982E-05 0.0587251 0.0313986 0.0109475 9.9982E-05 0.0201 0.719597 0.104398 0.0546342
0.122858 9.9964E-05 9.9964E-05 0.0454805 0.0160539 0.0419668 0.773241 9.9964E-05 9.9964E-05
9.9964E-05 0.142361 9.9964E-05 9.9964E-05 0.0181376 0.0120842 0.76438 0.062637 9.9964E-05
9.9964E-05 9.9964E-05 9.9964E-05 0.0730193 0.00940091 9.9964E-05 0.784841 0.0696405 0.0626988
9.9991E-05 0.168409 0.00252099 0.0657849 0.0141939 0.0104856 0.719712 0.0100694 0.00872448
0.0809316 0.0768419 0.01908 0.00462483 0.0584698 0.00321868 0.679388 0.0600792 0.0173665
0.132879 0.023228 0.00765313 0.0758793 0.0425998 9.9991E-05 0.692802 0.0139375 0.0109217
0.140481 9.9964E-05 9.9964E-05 9.9964E-05 0.062609 0.0139493 0.758053 0.024508 9.9964E-05
0.145341 0.0729445 0.001451 9.9973E-05 0.0170733 9.9973E-05 0.739627 0.023263 9.9973E-05
9.9982E-05 0.0535456 0.0762735 9.9982E-05 0.0188296 0.0103341 0.700784 0.0382123 0.101821
0.0162056 0.254715 0.00658799 9.9973E-05 9.9973E-05 9.9973E-05 0.65954 0.0136617 0.0489898
9.9982E-05 0.0596489 0.00294899 0.0348153 0.0787116 9.9982E-05 0.716335 0.062171 0.0451695
0.0261049 0.0317255 0.0233356 0.029823 0.00751145 0.0717101 0.734294 0.0753953 9.9991E-05
0.0627314 0.0532689 9.9982E-05 0.0226595 9.9982E-05 0.040308 0.688304 0.0890453 0.0434828
0.0621464 9.9973E-05 0.0515117 0.0700293 9.9973E-05 0.04637 0.72103 9.9973E-05 0.0486125
0.0228832 9.9973E-05 0.00704056 0.104724 0.0382304 0.0574394 0.769382 9.9973E-05 9.9973E-05
0.0676952 0.0446137 0.0271966 0.121731 9.9982E-05 9.9982E-05 0.629192 0.0717904 0.0375811
0.0118052 0.159615 0.00669556 0.039652 9.9973E-05 9.9973E-05 0.687487 9.9973E-05 0.0944451
0.0338579 9.9973E-05 0.0354678 9.9973E-05 0.0587777 0.0180043 0.744704 9.9973E-05 0.108888
0.0645987 0.0583088 9.9973E-05 9.9973E-05 0.0388237 9.9973E-05 0.745039 0.0337333 0.0591963
0.0470283 9.9982E-05 9.9982E-05 0.604042 0.0397475 0.034678 0.185186 0.0188927 0.0702252
0.0685103 0.0356813 0.0422278 0.558941 9.9991E-05 0.0107336 0.174939 0.0591897 0.0496774
9.9982E-05 0.128139 0.02241 0.526243 9.9982E-05 0.0116883 0.112996 0.0892309 0.109093
0.0498151 0.0748805 0.0113329 0.584139 9.9991E-05 0.00401472 0.143077 0.0979274 0.0347132
9.9991E-05 0.133176 0.0237756 0.525842 0.0146184 0.0138432 0.11551 0.0817284 0.0914073
0.054956 9.9973E-05 0.0310637 0.74275 0.031584 9.9973E-05 0.027553 9.9973E-05 0.111794
0.138609 9.9964E-05 0.02642 0.774152 9.9964E-05 9.9964E-05 0.03738 9.9964E-05 0.023039
0.0426986 0.11113 9.9973E-05 0.582764 9.9973E-05 9.9973E-05 0.00409493 0.0806469 0.178366
