9.9982E-05 0.0180143 0.100768 9.9982E-05 0.250036 0.630982
9.9973E-05 0.095918 0.00063966 9.9973E-05 9.9973E-05 0.903142
9.9973E-05 9.9973E-05 0.0389698 9.9973E-05 0.571874 0.388856
0.00861003 0.99099 9.99641E-05 9.99641E-05 9.99641E-05 9.99641E-05
9.9973E-05 0.0783488 9.9973E-05 0.92017 9.9973E-05 0.00118117
0.897352 9.9964E-05 9.9964E-05 9.9964E-05 0.102248 9.9964E-05
0.0788783 0.0871404 9.9982E-05 0.438751 0.395031 9.9982E-05
9.9982E-05 0.082021 0.00128661 9.9982E-05 0.0483877 0.868105
0.620445 9.99641E-05 0.379155 9.99641E-05 9.99641E-05 9.99641E-05
9.996E-05 9.996E-05 9.996E-05 0.9995 9.996E-05 9.996E-05
9.99642E-05 9.99642E-05 9.99642E-05 0.805744 0.193856 9.99642E-05
0.0492381 9.9964E-05 9.9964E-05 9.9964E-05 9.9964E-05 0.950362
9.998E-05 0.0370405 0.308556 0.416193 0.23801 9.998E-05
9.99731E-05 0.330813 9.99731E-05 0.0925069 0.57638 9.99731E-05
0.0863837 9.9973E-05 0.0429785 0.870338 9.9973E-05 9.9973E-05
0.0402436 9.99731E-05 0.894916 9.99731E-05 0.0645407 9.99731E-05
0.1219 0.293069 9.99731E-05 9.99731E-05 9.99731E-05 0.584731
0.267013 9.9991E-05 0.246188 0.381094 0.0572489 0.0483555
0.944505 9.9964E-05 9.9964E-05 9.9964E-05 9.9964E-05 0.0550952
9.99641E-05 0.0441285 0.955472 9.99641E-05 9.99641E-05 9.99641E-05
0.106771 0.108938 0.783991 9.9973E-05 9.9973E-05 9.9973E-05
0.565307 9.9982E-05 0.301177 0.0395945 9.9982E-05 0.0937221
9.9973E-05 9.9973E-05 0.88362 0.0931068 0.0229736 9.9973E-05
9.99641E-05 0.84317 0.15643 9.99641E-05 9.99641E-05 9.99641E-05
0.0439303 9.99641E-05 9.99641E-05 9.99641E-05 0.95567 9.99641E-05
9.9964E-05 9.9964E-05 0.496207 0.503393 9.9964E-05 9.9964E-05
9.996E-05 0.9995 9.996E-05 9.996E-05 9.996E-05 9.996E-05
0.457625 0.212071 0.032618 0.297486 9.99821E-05 9.99821E-05
9.996E-05 9.996E-05 9.996E-05 9.996E-05 9.996E-05 0.9995
0.664397 0.0699143 9.99731E-05 9.99731E-05 9.99731E-05 0.265388
9.996E-05 9.996E-05 9.996E-05 9.996E-05 0.9995 9.996E-05
9.99641E-05 9.99641E-05 9.99641E-05 0.0277632 0.971837 9.99641E-05
9.9964E-05 9.9964E-05 9.9964E-05 0.784582 0.215018 9.9964E-05
0.846983 0.0486657 9.9973E-05 9.9973E-05 0.104052 9.9973E-05
9.99641E-05 0.782949 9.99641E-05 9.99641E-05 9.99641E-05 0.216651
0.0758567 9.9973E-05 0.891793 9.9973E-05 9.9973E-05 0.0320506
0.893672 9.99641E-05 0.105928 9.99641E-05 9.99641E-05 9.99641E-05
0.888369 9.9964E-05 9.9964E-05 9.9964E-05 0.111231 9.9964E-05
0.0520702 9.998E-05 9.998E-05 0.420888 0.405587 0.121254
0.856311 0.143289 9.99641E-05 9.99641E-05 9.99641E-05 9.99641E-05
0.695306 0.0168813 9.997E-05 9.997E-05 9.997E-05 0.287513
0.237836 9.9964E-05 9.9964E-05 9.9964E-05 9.9964E-05 0.761764
9.99641E-05 9.99641E-05 0.997626 0.00197441 9.99641E-05 9.99641E-05
9.9964E-05 9.9964E-05 9.9964E-05 9.9964E-05 0.998921 0.000678649
9.99641E-05 9.99641E-05 0.47296 0.52664 9.99641E-05 9.99641E-05
9.9973E-05 0.140142 0.0623008 9.9973E-05 9.9973E-05 0.797257
0.252481 9.99641E-05 0.74712 9.99641E-05 9.99641E-05 9.99641E-05
0.850218 9.99641E-05 0.149383 9.99641E-05 9.99641E-05 9.99641E-05
9.99731E-05 0.108731 0.493699 0.39727 9.99731E-05 9.99731E-05
0.363509 9.99731E-05 0.563693 0.0724979 9.99731E-05 9.99731E-05
