9.9829E-05 9.9829E-05 9.9829E-05 9.9829E-05 9.9829E-05 9.9829E-05 9.9829E-05 9.9829E-05 9.9829E-05 9.9829E-05 0.998103 9.9829E-05 9.9829E-05 9.9829E-05 9.9829E-05 9.9829E-05 9.9829E-05 9.9829E-05 9.9829E-05 9.9829E-05
9.98471E-05 9.98471E-05 0.00873223 9.98471E-05 9.98471E-05 9.98471E-05 9.98471E-05 9.98471E-05 0.00415615 9.98471E-05 9.98471E-05 9.98471E-05 9.98471E-05 9.98471E-05 9.98471E-05 9.98471E-05 9.98471E-05 0.985414 9.98471E-05 9.98471E-05
9.9865E-05 0.909383 9.9865E-05 9.9865E-05 9.9865E-05 9.9865E-05 9.9865E-05 9.9865E-05 9.9865E-05 9.9865E-05 0.00794584 9.9865E-05 9.9865E-05 0.00503142 0.0104215 0.0657199 9.9865E-05 9.9865E-05 9.9865E-05 9.9865E-05
9.9865E-05 9.9865E-05 9.9865E-05 9.9865E-05 9.9865E-05 9.9865E-05 9.9865E-05 9.9865E-05 9.9865E-05 9.9865E-05 9.9865E-05 9.9865E-05 0.0189394 9.9865E-05 0.00053716 9.9865E-05 9.9865E-05 0.867374 0.10433 0.00732176
9.9883E-05 9.9883E-05 0.0034722 0.0255296 9.9883E-05 9.9883E-05 9.9883E-05 0.027366 9.9883E-05 9.9883E-05 9.9883E-05 9.9883E-05 9.9883E-05 9.9883E-05 9.9883E-05 0.0657493 9.9883E-05 0.0269435 0.833337 0.0163035
9.98291E-05 0.998103 9.98291E-05 9.98291E-05 9.98291E-05 9.98291E-05 9.98291E-05 9.98291E-05 9.98291E-05 9.98291E-05 9.98291E-05 9.98291E-05 9.98291E-05 9.98291E-05 9.98291E-05 9.98291E-05 9.98291E-05 9.98291E-05 9.98291E-05 9.98291E-05
9.9829E-05 9.9829E-05 9.9829E-05 9.9829E-05 9.9829E-05 9.9829E-05 9.9829E-05 9.9829E-05 9.9829E-05 9.9829E-05 0.998103 9.9829E-05 9.9829E-05 9.9829E-05 9.9829E-05 9.9829E-05 9.9829E-05 9.9829E-05 9.9829E-05 9.9829E-05
0.000215455 0.9119 9.98741E-05 9.98741E-05 9.98741E-05 9.98741E-05 9.98741E-05 9.98741E-05 0.0321465 9.98741E-05 0.0355297 9.98741E-05 0.00520893 9.98741E-05 9.98741E-05 9.98741E-05 9.98741E-05 9.98741E-05 0.0136008 9.98741E-05
0.0444216 0.0595512 9.98651E-05 9.98651E-05 9.98651E-05 9.98651E-05 9.98651E-05 9.98651E-05 9.98651E-05 9.98651E-05 0.0363063 9.98651E-05 9.98651E-05 9.98651E-05 9.98651E-05 9.98651E-05 9.98651E-05 0.858043 0.000180069 9.98651E-05
9.9865E-05 0.200668 9.9865E-05 9.9865E-05 9.9865E-05 0.0687676 9.9865E-05 9.9865E-05 9.9865E-05 9.9865E-05 0.00617201 9.9865E-05 9.9865E-05 9.9865E-05 9.9865E-05 9.9865E-05 9.9865E-05 0.717133 0.00576181 9.9865E-05
9.98291E-05 9.98291E-05 9.98291E-05 9.98291E-05 9.98291E-05 9.98291E-05 9.98291E-05 9.98291E-05 9.98291E-05 9.98291E-05 9.98291E-05 9.98291E-05 9.98291E-05 9.98291E-05 9.98291E-05 9.98291E-05 9.98291E-05 0.998103 9.98291E-05 9.98291E-05
9.98561E-05 9.98561E-05 0.00259081 9.98561E-05 9.98561E-05 9.98561E-05 0.008196 9.98561E-05 9.98561E-05 9.98561E-05 9.98561E-05 9.98561E-05 9.98561E-05 9.98561E-05 9.98561E-05 9.98561E-05 9.98561E-05 0.984229 9.98561E-05 0.00338658
9.98472E-05 0.943698 9.98472E-05 9.98472E-05 9.98472E-05 9.98472E-05 9.98472E-05 9.98472E-05 0.033923 0.0206817 9.98472E-05 9.98472E-05 9.98472E-05 9.98472E-05 9.98472E-05 9.98472E-05 9.98472E-05 9.98472E-05 9.98472E-05 9.98472E-05
9.9892E-05 0.840121 9.9892E-05 0.00978617 9.9892E-05 0.0595459 9.9892E-05 0.0521419 9.9892E-05 9.9892E-05 9.9892E-05 9.9892E-05 9.9892E-05 0.0123922 0.0127719 0.00655413 9.9892E-05 0.00548834 9.9892E-05 9.9892E-05
9.9892E-05 0.0797027 9.9892E-05 0.0407859 9.9892E-05 9.9892E-05 9.9892E-05 9.9892E-05 9.9892E-05 9.9892E-05 9.9892E-05 9.9892E-05 0.0166459 0.0295563 9.9892E-05 0.00188294 9.9892E-05 0.474484 0.351474 0.0042701
9.98292E-05 0.998103 9.98292E-05 9.98292E-05 9.98292E-05 9.98292E-05 9.98292E-05 9.98292E-05 9.98292E-05 9.98292E-05 9.98292E-05 9.98292E-05 9.98292E-05 9.98292E-05 9.98292E-05 9.98292E-05 9.98292E-05 9.98292E-05 9.98292E-05 9.98292E-05
9.98471E-05 9.98471E-05 9.98471E-05 9.98471E-05 9.98471E-05 9.98471E-05 0.00767677 9.98471E-05 9.98471E-05 9.98471E-05 0.0175214 9.98471E-05 9.98471E-05 9.98471E-05 9.98471E-05 9.98471E-05 9.98471E-05 9.98471E-05 0.973104 9.98471E-05
9.98291E-05 9.98291E-05 9.98291E-05 9.98291E-05 9.98291E-05 9.98291E-05 9.98291E-05 9.98291E-05 9.98291E-05 9.98291E-05 9.98291E-05 9.98291E-05 9.98291E-05 9.98291E-05 9.98291E-05 9.98291E-05 9.98291E-05 9.98291E-05 0.998103 9.98291E-05
9.98291E-05 9.98291E-05 9.98291E-05 9.98291E-05 9.98291E-05 9.98291E-05 9.98291E-05 9.98291E-05 9.98291E-05 9.98291E-05 9.98291E-05 9.98291E-05 9.98291E-05 9.98291E-05 9.98291E-05 9.98291E-05 9.98291E-05 9.98291E-05 0.998103 9.98291E-05
9.9865E-05 0.0517568 9.9865E-05 9.9865E-05 9.9865E-05 9.9865E-05 0.00617869 9.9865E-05 9.9865E-05 9.9865E-05 9.9865E-05 9.9865E-05 9.9865E-05 0.000893837 9.9865E-05 9.9865E-05 0.0300841 9.9865E-05 0.909589 9.9865E-05
9.9829E-05 9.9829E-05 9.9829E-05 9.9829E-05 9.9829E-05 9.9829E-05 9.9829E-05 9.9829E-05 9.9829E-05 9.9829E-05 9.9829E-05 9.9829E-05 9.9829E-05 9.9829E-05 0.998103 9.9829E-05 9.9829E-05 9.9829E-05 9.9829E-05 9.9829E-05
9.9901E-05 9.9901E-05 9.9901E-05 9.9901E-05 0.000797161 9.9901E-05 9.9901E-05 9.9901E-05 0.00962291 9.9901E-05 0.0102926 0.0687207 0.00659391 0.788366 9.9901E-05 0.0316859 0.077098 9.9901E-05 9.9901E-05 0.00572403
9.9883E-05 9.9883E-05 0.0731316 9.9883E-05 9.9883E-05 9.9883E-05 9.9883E-05 9.9883E-05 0.0185104 0.0314137 0.0329533 0.0194329 9.9883E-05 0.780741 9.9883E-05 9.9883E-05 9.9883E-05 0.042519 9.9883E-05 9.9883E-05
9.98651E-05 9.98651E-05 9.98651E-05 9.98651E-05 9.98651E-05 9.98651E-05 0.0248659 9.98651E-05 9.98651E-05 0.0578498 9.98651E-05 9.98651E-05 9.98651E-05 0.875912 9.98651E-05 9.98651E-05 9.98651E-05 9.98651E-05 0.0134399 0.0264348
9.98561E-05 9.98561E-05 9.98561E-05 9.98561E-05 9.98561E-05 9.98561E-05 9.98561E-05 9.98561E-05 0.00409444 9.98561E-05 0.0139421 9.98561E-05 9.98561E-05 0.96193 0.0184359 9.98561E-05 9.98561E-05 9.98561E-05 9.98561E-05 9.98561E-05
9.98651E-05 0.0281045 0.00301572 9.98651E-05 9.98651E-05 9.98651E-05 0.00121175 9.98651E-05 9.98651E-05 9.98651E-05 9.98651E-05 9.98651E-05 0.0181087 0.948061 9.98651E-05 9.98651E-05 9.98651E-05 9.98651E-05 9.98651E-05 9.98651E-05
9.98651E-05 9.98651E-05 0.0104307 9.98651E-05 9.98651E-05 0.196888 9.98651E-05 0.0110617 9.98651E-05 9.98651E-05 9.98651E-05 9.98651E-05 9.98651E-05 0.777173 0.00294812 9.98651E-05 9.98651E-05 9.98651E-05 9.98651E-05 9.98651E-05
9.9838E-05 9.9838E-05 9.9838E-05 9.9838E-05 9.9838E-05 9.9838E-05 9.9838E-05 0.00870927 9.9838E-05 9.9838E-05 9.9838E-05 9.9838E-05 9.9838E-05 9.9838E-05 0.989494 9.9838E-05 9.9838E-05 9.9838E-05 9.9838E-05 9.9838E-05
0.0725875 9.9892E-05 9.9892E-05 9.9892E-05 9.9892E-05 9.9892E-05 0.00118919 9.9892E-05 0.00748017 9.9892E-05 9.9892E-05 9.9892E-05 9.9892E-05 0.760931 0.00555655 0.129965 9.9892E-05 0.0167311 9.9892E-05 0.00436045
9.98919E-05 0.0288167 0.0245777 9.98919E-05 0.0616722 0.101359 9.98919E-05 0.149436 0.00791571 0.000284874 9.98919E-05 9.98919E-05 9.98919E-05 0.624739 9.98919E-05 9.98919E-05 9.98919E-05 9.98919E-05 9.98919E-05 9.98919E-05
9.9874E-05 9.9874E-05 9.9874E-05 9.9874E-05 0.00810501 9.9874E-05 0.0086795 0.186155 9.9874E-05 9.9874E-05 9.9874E-05 9.9874E-05 0.03902 0.721477 0.0351656 9.9874E-05 9.9874E-05 9.9874E-05 9.9874E-05 9.9874E-05
0.0048833 9.991E-05 0.0411742 9.991E-05 9.991E-05 0.0469787 0.0274515 0.00578274 0.00160814 9.991E-05 0.0102343 9.991E-05 9.991E-05 0.721324 0.0275938 9.991E-05 0.11197 9.991E-05 9.991E-05 9.991E-05
9.9892E-05 0.00425691 9.9892E-05 0.0036962 9.9892E-05 0.296802 9.9892E-05 0.0588466 9.9892E-05 9.9892E-05 0.0214258 9.9892E-05 9.9892E-05 0.54338 0.0659395 9.9892E-05 9.9892E-05 0.00445384 9.9892E-05 9.9892E-05
0.0576033 9.9901E-05 9.9901E-05 9.9901E-05 0.0118298 9.9901E-05 9.9901E-05 0.00273577 0.0659537 9.9901E-05 9.9901E-05 0.0532012 0.0578743 0.695444 0.0251815 9.9901E-05 9.9901E-05 9.9901E-05 0.029078 9.9901E-05
9.99009E-05 9.99009E-05 0.0139911 0.0805625 9.99009E-05 0.0245215 9.99009E-05 9.99009E-05 0.0234446 9.99009E-05 9.99009E-05 9.99009E-05 0.017501 0.603433 9.99009E-05 0.141962 9.99009E-05 0.0866999 9.99009E-05 0.00678547
9.98919E-05 9.98919E-05 9.98919E-05 0.163456 9.98919E-05 9.98919E-05 9.98919E-05 9.98919E-05 9.98919E-05 9.98919E-05 9.98919E-05 0.0186538 0.0480527 0.360053 0.00844298 0.149943 9.98919E-05 0.189974 9.98919E-05 0.0602255
0.0440499 9.991E-05 0.0300397 0.0066022 0.105962 0.057146 0.00538233 9.991E-05 9.991E-05 9.991E-05 9.991E-05 9.991E-05 0.0368863 0.661945 9.991E-05 9.991E-05 9.991E-05 9.991E-05 0.0380497 0.0129375
9.991E-05 9.991E-05 0.104091 9.991E-05 9.991E-05 0.213494 0.0099169 9.991E-05 9.991E-05 0.217306 9.991E-05 0.0707516 0.00113256 9.991E-05 0.0112558 9.991E-05 0.353719 9.991E-05 0.0141652 0.00316878
0.0734139 9.99189E-05 0.0238253 9.99189E-05 0.0401256 0.498831 0.000130639 0.00245955 0.00150569 0.287962 0.0086036 9.99189E-05 9.99189E-05 9.99189E-05 9.99189E-05 0.0464786 9.99189E-05 9.99189E-05 9.99189E-05 0.0157645
9.9874E-05 0.0462196 9.9874E-05 9.9874E-05 0.0592919 0.434514 9.9874E-05 0.0475715 9.9874E-05 0.410581 9.9874E-05 9.9874E-05 0.000423795 9.9874E-05 9.9874E-05 9.9874E-05 9.9874E-05 9.9874E-05 9.9874E-05 9.9874E-05
0.0598143 9.9892E-05 0.0116618 9.9892E-05 9.9892E-05 0.61034 0.00775732 9.9892E-05 9.9892E-05 0.276187 0.0209558 9.9892E-05 0.00470658 0.00737824 9.9892E-05 9.9892E-05 9.9892E-05 9.9892E-05 9.9892E-05 9.9892E-05
0.0781367 9.99189E-05 0.0128804 9.99189E-05 9.99189E-05 0.000128264 9.99189E-05 9.99189E-05 0.0248383 0.421547 0.000147448 9.99189E-05 0.0284762 9.99189E-05 0.0198045 9.99189E-05 0.33208 9.99189E-05 0.0681684 0.0128937
9.98559E-05 9.98559E-05 9.98559E-05 0.0633799 9.98559E-05 0.792636 9.98559E-05 9.98559E-05 9.98559E-05 0.129323 9.98559E-05 9.98559E-05 9.98559E-05 9.98559E-05 9.98559E-05 9.98559E-05 0.0130636 9.98559E-05 9.98559E-05 9.98559E-05
9.99099E-05 0.051569 0.000789772 0.0146489 9.99099E-05 9.99099E-05 9.99099E-05 0.0623985 0.00685658 9.99099E-05 0.0101694 0.0215175 9.99099E-05 9.99099E-05 0.00662443 0.00777822 0.816649 9.99099E-05 9.99099E-05 9.99099E-05
0.0446733 9.9919E-05 0.00019172 9.9919E-05 0.0348273 0.367043 0.0048739 9.9919E-05 9.9919E-05 0.203682 0.00819596 9.9919E-05 9.9919E-05 9.9919E-05 0.000196964 9.9919E-05 0.317556 9.9919E-05 0.000569835 0.017291
0.101742 9.98829E-05 0.0612776 9.98829E-05 9.98829E-05 9.98829E-05 9.98829E-05 9.98829E-05 9.98829E-05 0.441018 9.98829E-05 9.98829E-05 9.98829E-05 0.0208648 9.98829E-05 9.98829E-05 0.294557 9.98829E-05 0.0787616 0.000480829
9.9838E-05 9.9838E-05 9.9838E-05 9.9838E-05 9.9838E-05 9.9838E-05 0.00328942 9.9838E-05 9.9838E-05 9.9838E-05 9.9838E-05 9.9838E-05 9.9838E-05 9.9838E-05 9.9838E-05 9.9838E-05 0.994913 9.9838E-05 9.9838E-05 9.9838E-05
0.0819134 9.9874E-05 9.9874E-05 9.9874E-05 9.9874E-05 0.0969221 9.9874E-05 9.9874E-05 0.0165761 0.779882 0.0149456 9.9874E-05 9.9874E-05 9.9874E-05 0.00836302 9.9874E-05 9.9874E-05 9.9874E-05 9.9874E-05 9.9874E-05
9.98379E-05 9.98379E-05 9.98379E-05 9.98379E-05 9.98379E-05 9.98379E-05 9.98379E-05 9.98379E-05 9.98379E-05 9.98379E-05 9.98379E-05 9.98379E-05 9.98379E-05 9.98379E-05 0.00101773 9.98379E-05 0.997185 9.98379E-05 9.98379E-05 9.98379E-05
9.9901E-05 9.9901E-05 0.0558364 0.0182132 9.9901E-05 9.9901E-05 9.9901E-05 9.9901E-05 9.9901E-05 0.50933 0.0121771 0.10334 0.000265291 9.9901E-05 0.017123 9.9901E-05 0.27902 0.00359661 9.9901E-05 9.9901E-05
9.9901E-05 9.9901E-05 9.9901E-05 9.9901E-05 9.9901E-05 0.139659 0.0200173 0.0599703 0.0023057 0.575661 0.0515024 9.9901E-05 0.00577908 9.9901E-05 0.00029198 9.9901E-05 0.143715 9.9901E-05 9.9901E-05 9.9901E-05
0.0911537 0.0276354 0.00275924 9.9883E-05 9.9883E-05 9.9883E-05 9.9883E-05 9.9883E-05 9.9883E-05 0.863006 0.000275705 9.9883E-05 0.010732 9.9883E-05 0.00313947 9.9883E-05 9.9883E-05 9.9883E-05 9.9883E-05 9.9883E-05
9.98739E-05 9.98739E-05 9.98739E-05 9.98739E-05 9.98739E-05 0.230987 9.98739E-05 9.98739E-05 0.0703249 0.603676 9.98739E-05 0.0206139 9.98739E-05 9.98739E-05 9.98739E-05 9.98739E-05 0.0543718 9.98739E-05 0.0186278 9.98739E-05
9.98829E-05 9.98829E-05 9.98829E-05 9.98829E-05 0.0216065 0.148384 0.0220922 9.98829E-05 9.98829E-05 0.36718 0.000765863 9.98829E-05 9.98829E-05 9.98829E-05 9.98829E-05 9.98829E-05 0.323182 9.98829E-05 0.115491 9.98829E-05
9.98288E-05 9.98288E-05 9.98288E-05 9.98288E-05 9.98288E-05 0.998103 9.98288E-05 9.98288E-05 9.98288E-05 9.98288E-05 9.98288E-05 9.98288E-05 9.98288E-05 9.98288E-05 9.98288E-05 9.98288E-05 9.98288E-05 9.98288E-05 9.98288E-05 9.98288E-05
9.99099E-05 0.00225905 0.0125677 0.149465 9.99099E-05 0.0637981 0.0242569 9.99099E-05 9.99099E-05 0.362839 9.99099E-05 9.99099E-05 0.00175263 9.99099E-05 9.99099E-05 0.0596519 0.280049 9.99099E-05 0.0423614 9.99099E-05
9.98289E-05 9.98289E-05 9.98289E-05 9.98289E-05 9.98289E-05 0.998103 9.98289E-05 9.98289E-05 9.98289E-05 9.98289E-05 9.98289E-05 9.98289E-05 9.98289E-05 9.98289E-05 9.98289E-05 9.98289E-05 9.98289E-05 9.98289E-05 9.98289E-05 9.98289E-05
9.99101E-05 0.0839159 0.0889507 9.99101E-05 0.268045 0.0691875 9.99101E-05 0.0754228 0.0150768 0.0553412 9.99101E-05 9.99101E-05 9.99101E-05 0.0275406 9.99101E-05 0.228138 0.0809826 0.00649927 9.99101E-05 9.99101E-05
9.98289E-05 9.98289E-05 9.98289E-05 9.98289E-05 9.98289E-05 9.98289E-05 9.98289E-05 9.98289E-05 9.98289E-05 9.98289E-05 9.98289E-05 9.98289E-05 0.998103 9.98289E-05 9.98289E-05 9.98289E-05 9.98289E-05 9.98289E-05 9.98289E-05 9.98289E-05
9.991E-05 9.991E-05 0.0184135 0.142553 0.550541 9.991E-05 9.991E-05 9.991E-05 0.105677 0.0914372 0.037788 9.991E-05 0.00679271 0.0185498 9.991E-05 0.0149618 9.991E-05 9.991E-05 9.991E-05 0.0122865
9.991E-05 9.991E-05 0.015366 0.0296488 0.438573 9.991E-05 0.0031029 9.991E-05 0.0430551 0.111437 0.0350634 9.991E-05 9.991E-05 9.991E-05 9.991E-05 0.225897 9.991E-05 0.0187499 9.991E-05 0.0781078
9.9892E-05 0.00415982 0.0585868 9.9892E-05 0.553623 0.13606 9.9892E-05 9.9892E-05 0.0240004 9.9892E-05 9.9892E-05 0.0141425 0.0273561 9.9892E-05 9.9892E-05 0.180874 9.9892E-05 9.9892E-05 9.9892E-05 9.9892E-05
0.102 9.99009E-05 9.99009E-05 9.99009E-05 0.750227 0.0228884 9.99009E-05 9.99009E-05 0.00564647 0.0506387 9.99009E-05 0.0192173 9.99009E-05 9.99009E-05 0.00431683 9.99009E-05 9.99009E-05 9.99009E-05 0.035618 0.00834827
0.113325 9.9901E-05 9.9901E-05 9.9901E-05 0.179962 9.9901E-05 0.0834384 9.9901E-05 0.47416 0.0206899 0.00325468 9.9901E-05 0.0337968 0.0809184 9.9901E-05 0.00935598 9.9901E-05 9.9901E-05 9.9901E-05 9.9901E-05
9.98289E-05 9.98289E-05 9.98289E-05 9.98289E-05 9.98289E-05 9.98289E-05 9.98289E-05 9.98289E-05 9.98289E-05 9.98289E-05 9.98289E-05 9.98289E-05 0.998103 9.98289E-05 9.98289E-05 9.98289E-05 9.98289E-05 9.98289E-05 9.98289E-05 9.98289E-05
9.991E-05 9.991E-05 9.991E-05 0.0758734 0.345094 9.991E-05 0.0349507 0.0221594 9.991E-05 0.0726861 9.991E-05 0.00470421 0.0274275 9.991E-05 9.991E-05 0.255517 9.991E-05 9.991E-05 0.120342 0.0402467
9.9919E-05 0.0257286 0.106732 9.9919E-05 0.539321 0.0534574 0.0342905 9.9919E-05 0.0369356 9.9919E-05 9.9919E-05 0.0708619 0.00469356 0.05826 0.0276575 9.9919E-05 9.9919E-05 9.9919E-05 0.0411629 9.9919E-05
9.991E-05 9.991E-05 0.144769 9.991E-05 0.484648 9.991E-05 0.0294343 9.991E-05 0.0747512 9.991E-05 9.991E-05 0.122678 0.0559023 9.991E-05 0.0124136 9.991E-05 0.0468205 9.991E-05 0.0118351 0.0157493
0.0191045 9.9928E-05 0.0401238 9.9928E-05 0.68137 9.9928E-05 0.0227891 9.9928E-05 0.0654077 0.00559464 9.9928E-05 9.9928E-05 0.028716 0.051917 0.0194724 0.0125792 9.9928E-05 0.0488378 9.9928E-05 0.00328832
0.0568517 9.9928E-05 0.0302966 0.0120756 0.550691 9.9928E-05 0.016521 9.9928E-05 0.0977734 9.9928E-05 0.00332192 9.9928E-05 0.0993872 0.0747868 0.00884055 9.9928E-05 9.9928E-05 9.9928E-05 0.0411165 0.00753797
9.9901E-05 9.9901E-05 0.0453699 0.0205006 0.686158 0.125874 0.0145921 9.9901E-05 0.0127128 9.9901E-05 0.0413608 9.9901E-05 0.036235 9.9901E-05 9.9901E-05 9.9901E-05 9.9901E-05 9.9901E-05 0.0160978 9.9901E-05
9.9883E-05 9.9883E-05 9.9883E-05 9.9883E-05 0.649597 0.289124 0.00854265 9.9883E-05 0.0227843 9.9883E-05 0.0177189 9.9883E-05 0.00565451 9.9883E-05 9.9883E-05 9.9883E-05 9.9883E-05 9.9883E-05 9.9883E-05 0.00528071
0.0159085 9.9946E-05 0.0873969 9.9946E-05 0.480143 9.9946E-05 0.00122604 0.0216543 0.00718274 0.0211426 0.018535 9.9946E-05 0.117637 0.043851 0.00860914 0.103439 9.9946E-05 9.9946E-05 0.0146343 0.0580406
9.9892E-05 0.0154812 9.9892E-05 9.9892E-05 9.9892E-05 0.061774 0.0210766 9.9892E-05 9.9892E-05 0.0222492 0.00403017 9.9892E-05 0.0451699 9.9892E-05 9.9892E-05 0.792673 9.9892E-05 9.9892E-05 9.9892E-05 0.0363473
9.99211E-05 9.99211E-05 0.113833 9.99211E-05 0.301065 0.0667056 0.0407664 0.0129683 0.00372741 0.324094 0.0233235 9.99211E-05 0.0266305 9.99211E-05 0.0301534 0.0518297 9.99211E-05 9.99211E-05 9.99211E-05 0.00410452
9.9928E-05 9.9928E-05 0.0187459 9.9928E-05 0.437565 0.11048 0.0154729 9.9928E-05 0.00287264 0.0865091 9.9928E-05 0.0425009 0.0359896 0.0110426 9.9928E-05 0.0617776 0.0487439 9.9928E-05 0.1275 9.9928E-05
9.9865E-05 9.9865E-05 0.00615178 9.9865E-05 0.35097 9.9865E-05 9.9865E-05 9.9865E-05 9.9865E-05 0.50316 9.9865E-05 9.9865E-05 0.0354149 9.9865E-05 9.9865E-05 9.9865E-05 9.9865E-05 9.9865E-05 0.102806 9.9865E-05
0.14527 9.9883E-05 0.0304837 9.9883E-05 0.243485 9.9883E-05 0.0635989 9.9883E-05 0.469258 9.9883E-05 9.9883E-05 9.9883E-05 0.0428635 0.00374162 9.9883E-05 9.9883E-05 9.9883E-05 9.9883E-05 9.9883E-05 9.9883E-05
0.0546276 9.991E-05 9.991E-05 9.991E-05 0.295917 9.991E-05 0.0174664 0.101307 0.111383 0.112775 9.991E-05 9.991E-05 0.0503989 9.991E-05 0.0429732 0.104085 9.991E-05 9.991E-05 0.108069 9.991E-05
9.991E-05 9.991E-05 0.0517171 9.991E-05 0.523391 9.991E-05 0.0423634 0.0818545 0.0440265 0.142408 0.00710823 9.991E-05 0.0370711 0.0296903 9.991E-05 9.991E-05 9.991E-05 9.991E-05 9.991E-05 0.03937
9.98289E-05 9.98289E-05 0.998103 9.98289E-05 9.98289E-05 9.98289E-05 9.98289E-05 9.98289E-05 9.98289E-05 9.98289E-05 9.98289E-05 9.98289E-05 9.98289E-05 9.98289E-05 9.98289E-05 9.98289E-05 9.98289E-05 9.98289E-05 9.98289E-05 9.98289E-05
0.0416966 0.00281324 0.0577769 9.9928E-05 0.443038 9.9928E-05 9.9928E-05 9.9928E-05 0.0512531 0.019586 0.016775 0.00987733 0.0131065 9.9928E-05 0.00830984 0.28063 9.9928E-05 0.0543383 9.9928E-05 9.9928E-05
9.9883E-05 9.9883E-05 0.0275541 9.9883E-05 0.637358 0.114264 9.9883E-05 9.9883E-05 0.0290195 9.9883E-05 0.00537009 9.9883E-05 9.9883E-05 9.9883E-05 9.9883E-05 9.9883E-05 9.9883E-05 0.153645 9.9883E-05 0.0314908
9.9937E-05 0.0372389 0.017804 9.9937E-05 0.220645 0.00229318 0.053644 0.369603 0.0617498 0.202954 9.9937E-05 9.9937E-05 0.0137988 0.00158069 0.00398307 9.9937E-05 9.9937E-05 9.9937E-05 0.00724969 0.00675649
0.0554402 9.9901E-05 9.9901E-05 0.123842 0.0190986 9.9901E-05 0.0154852 9.9901E-05 0.00571195 0.257457 9.9901E-05 0.466536 0.0163577 9.9901E-05 9.9901E-05 9.9901E-05 9.9901E-05 9.9901E-05 9.9901E-05 0.0389726
0.00137287 9.9901E-05 0.0619639 0.10511 9.9901E-05 0.131693 0.0116559 9.9901E-05 9.9901E-05 0.131733 0.0241045 9.9901E-05 0.0634468 9.9901E-05 9.9901E-05 0.467822 9.9901E-05 9.9901E-05 9.9901E-05 9.9901E-05
9.9829E-05 9.9829E-05 0.998103 9.9829E-05 9.9829E-05 9.9829E-05 9.9829E-05 9.9829E-05 9.9829E-05 9.9829E-05 9.9829E-05 9.9829E-05 9.9829E-05 9.9829E-05 9.9829E-05 9.9829E-05 9.9829E-05 9.9829E-05 9.9829E-05 9.9829E-05
9.9829E-05 9.9829E-05 0.998103 9.9829E-05 9.9829E-05 9.9829E-05 9.9829E-05 9.9829E-05 9.9829E-05 9.9829E-05 9.9829E-05 9.9829E-05 9.9829E-05 9.9829E-05 9.9829E-05 9.9829E-05 9.9829E-05 9.9829E-05 9.9829E-05 9.9829E-05
0.0891252 0.00175514 0.0568094 9.99189E-05 0.524601 9.99189E-05 9.99189E-05 9.99189E-05 0.0248001 9.99189E-05 9.99189E-05 0.0375117 0.0419679 9.99189E-05 9.99189E-05 0.0545056 0.106638 0.0509183 9.99189E-05 0.0104682
9.98289E-05 9.98289E-05 9.98289E-05 9.98289E-05 9.98289E-05 9.98289E-05 9.98289E-05 9.98289E-05 9.98289E-05 9.98289E-05 9.98289E-05 9.98289E-05 9.98289E-05 9.98289E-05 9.98289E-05 9.98289E-05 9.98289E-05 9.98289E-05 9.98289E-05 0.998103
9.991E-05 0.0339815 9.991E-05 9.991E-05 0.361415 0.0306679 0.0147563 9.991E-05 0.0910428 9.991E-05 9.991E-05 9.991E-05 0.000949637 9.991E-05 0.012119 0.278605 0.162445 9.991E-05 9.991E-05 0.0130181
0.126057 9.98561E-05 9.98561E-05 9.98561E-05 0.768717 9.98561E-05 9.98561E-05 9.98561E-05 0.0013258 9.98561E-05 9.98561E-05 9.98561E-05 9.98561E-05 9.98561E-05 9.98561E-05 9.98561E-05 0.102302 9.98561E-05 9.98561E-05 9.98561E-05
0.00403485 9.99101E-05 9.99101E-05 9.99101E-05 0.0295119 9.99101E-05 0.00440077 0.0428397 9.99101E-05 0.0589412 9.99101E-05 9.99101E-05 0.0127777 9.99101E-05 0.0194343 0.66687 9.99101E-05 0.138877 9.99101E-05 0.0213142
9.991E-05 9.991E-05 9.991E-05 0.0651155 0.00505041 0.0503831 0.0590545 9.991E-05 9.991E-05 9.991E-05 9.991E-05 9.991E-05 9.991E-05 0.0301355 0.00453777 0.633173 9.991E-05 0.0213999 0.0568225 0.0733283
9.9901E-05 0.019657 0.00686356 9.9901E-05 0.0554928 9.9901E-05 0.0116243 9.9901E-05 0.00500183 0.0538051 0.0162283 9.9901E-05 9.9901E-05 9.9901E-05 9.9901E-05 0.817611 9.9901E-05 9.9901E-05 9.9901E-05 0.0126176
0.0213268 0.0134843 0.0676923 9.9928E-05 0.262544 9.9928E-05 9.9928E-05 0.0899217 9.9928E-05 0.00060635 0.0425705 9.9928E-05 0.0406777 9.9928E-05 0.00636813 0.337391 9.9928E-05 0.0625731 9.9928E-05 0.0540447
9.991E-05 9.991E-05 0.00755756 0.112558 0.14815 9.991E-05 0.033357 9.991E-05 0.0248103 9.991E-05 9.991E-05 9.991E-05 0.00832285 9.991E-05 9.991E-05 0.362794 0.150444 0.103485 9.991E-05 0.0475217
9.9901E-05 9.9901E-05 0.0501566 9.9901E-05 0.279127 9.9901E-05 0.0336758 9.9901E-05 0.0145686 0.15397 9.9901E-05 9.9901E-05 0.0224248 9.9901E-05 9.9901E-05 0.337485 9.9901E-05 9.9901E-05 0.0933001 0.014194
9.9901E-05 0.0275678 0.180998 9.9901E-05 0.255392 0.122108 0.0261148 9.9901E-05 0.0292334 9.9901E-05 9.9901E-05 9.9901E-05 0.0215745 0.021794 9.9901E-05 0.314119 9.9901E-05 9.9901E-05 9.9901E-05 9.9901E-05
0.00595468 9.991E-05 9.991E-05 9.991E-05 0.491494 0.134538 0.0466422 9.991E-05 0.00800895 9.991E-05 9.991E-05 9.991E-05 0.0606295 9.991E-05 9.991E-05 0.047918 0.043227 0.100523 9.991E-05 0.0600657
9.9901E-05 9.9901E-05 0.0453533 9.9901E-05 0.336289 9.9901E-05 9.9901E-05 9.9901E-05 0.0132368 0.0952666 9.9901E-05 0.0128028 9.9901E-05 9.9901E-05 0.0146799 0.392643 9.9901E-05 0.0664844 9.9901E-05 0.0221455
9.9937E-05 0.00585416 0.038811 9.9937E-05 0.218557 9.9937E-05 0.0285314 9.9937E-05 0.168248 9.9937E-05 0.00750557 0.0629265 0.0686574 9.9937E-05 0.00143173 0.241592 0.137201 9.9937E-05 0.0145517 0.00543249
9.9847E-05 9.9847E-05 9.9847E-05 0.0867439 0.878937 9.9847E-05 9.9847E-05 9.9847E-05 9.9847E-05 9.9847E-05 9.9847E-05 9.9847E-05 9.9847E-05 9.9847E-05 9.9847E-05 9.9847E-05 9.9847E-05 9.9847E-05 0.0326217 9.9847E-05
9.98284E-05 9.98284E-05 9.98284E-05 9.98284E-05 9.98284E-05 9.98284E-05 9.98284E-05 9.98284E-05 0.998103 9.98284E-05 9.98284E-05 9.98284E-05 9.98284E-05 9.98284E-05 9.98284E-05 9.98284E-05 9.98284E-05 9.98284E-05 9.98284E-05 9.98284E-05
9.9946E-05 9.9946E-05 0.0016134 0.0336163 0.358772 9.9946E-05 0.0408356 0.00617542 0.0139342 9.9946E-05 0.0264562 0.0468412 0.0653019 9.9946E-05 0.0227965 0.141455 0.150145 0.0451281 9.9946E-05 0.0463288
9.9901E-05 0.0608665 0.036666 9.9901E-05 0.384737 0.0630075 9.9901E-05 9.9901E-05 0.0711544 9.9901E-05 9.9901E-05 9.9901E-05 0.00353031 9.9901E-05 9.9901E-05 0.287419 0.0760327 9.9901E-05 9.9901E-05 0.015488
9.9892E-05 9.9892E-05 0.0117992 9.9892E-05 0.588387 9.9892E-05 9.9892E-05 9.9892E-05 0.0647395 0.0284249 0.0188216 0.13293 9.9892E-05 9.9892E-05 9.9892E-05 9.9892E-05 9.9892E-05 0.10905 9.9892E-05 0.0446483
9.9874E-05 9.9874E-05 9.9874E-05 0.0596787 0.705322 0.11642 9.9874E-05 9.9874E-05 9.9874E-05 9.9874E-05 9.9874E-05 9.9874E-05 9.9874E-05 9.9874E-05 9.9874E-05 9.9874E-05 0.0726944 9.9874E-05 0.0301301 0.0143561
9.9901E-05 9.9901E-05 0.0149394 9.9901E-05 0.300957 0.123449 0.026193 9.9901E-05 9.9901E-05 9.9901E-05 0.00749655 9.9901E-05 0.00279131 9.9901E-05 9.9901E-05 0.431666 0.0403823 0.0510265 9.9901E-05 9.9901E-05
0.0354883 9.99189E-05 0.101174 9.99189E-05 0.336744 9.99189E-05 0.010938 9.99189E-05 0.0231279 0.0337829 9.99189E-05 9.99189E-05 0.00916218 0.0610198 9.99189E-05 0.309745 9.99189E-05 0.0742764 0.003643 9.99189E-05
9.98289E-05 9.98289E-05 9.98289E-05 9.98289E-05 9.98289E-05 9.98289E-05 0.998103 9.98289E-05 9.98289E-05 9.98289E-05 9.98289E-05 9.98289E-05 9.98289E-05 9.98289E-05 9.98289E-05 9.98289E-05 9.98289E-05 9.98289E-05 9.98289E-05 9.98289E-05
9.98284E-05 9.98284E-05 9.98284E-05 9.98284E-05 9.98284E-05 9.98284E-05 9.98284E-05 9.98284E-05 0.998103 9.98284E-05 9.98284E-05 9.98284E-05 9.98284E-05 9.98284E-05 9.98284E-05 9.98284E-05 9.98284E-05 9.98284E-05 9.98284E-05 9.98284E-05
9.98289E-05 9.98289E-05 9.98289E-05 9.98289E-05 9.98289E-05 9.98289E-05 0.998103 9.98289E-05 9.98289E-05 9.98289E-05 9.98289E-05 9.98289E-05 9.98289E-05 9.98289E-05 9.98289E-05 9.98289E-05 9.98289E-05 9.98289E-05 9.98289E-05 9.98289E-05
9.9928E-05 9.9928E-05 0.0408042 9.9928E-05 0.375663 9.9928E-05 0.000272688 0.109686 9.9928E-05 0.0256199 0.00116946 9.9928E-05 0.0632295 9.9928E-05 0.0110263 0.252938 9.9928E-05 0.0170332 0.0200241 0.0817336
9.993E-05 9.993E-05 9.993E-05 0.145545 0.223157 9.993E-05 0.0515364 0.000359816 0.0691 0.0009016 0.0145337 9.993E-05 0.043336 9.993E-05 0.0400836 0.281689 0.0336253 9.993E-05 0.0375267 0.0579068
9.9937E-05 9.9937E-05 0.0184568 0.0024557 0.347008 9.9937E-05 0.0127681 0.00168084 0.0330082 0.0342975 9.9937E-05 9.9937E-05 0.0417935 0.028895 9.9937E-05 0.318164 9.9937E-05 0.101031 0.0352489 0.024494
9.991E-05 9.991E-05 9.991E-05 9.991E-05 0.739028 9.991E-05 0.0519146 0.0371818 0.0207825 0.0287673 0.0154149 9.991E-05 0.0161056 9.991E-05 0.0296245 9.991E-05 0.004451 9.991E-05 0.0557302 9.991E-05
0.00755812 9.9901E-05 0.00430786 9.9901E-05 0.760515 0.0983544 9.9901E-05 9.9901E-05 0.0335307 9.9901E-05 9.9901E-05 9.9901E-05 0.0180876 9.9901E-05 0.0209752 9.9901E-05 0.00622237 9.9901E-05 0.0493503 9.9901E-05
9.98289E-05 9.98289E-05 9.98289E-05 9.98289E-05 9.98289E-05 9.98289E-05 9.98289E-05 9.98289E-05 9.98289E-05 9.98289E-05 9.98289E-05 9.98289E-05 9.98289E-05 9.98289E-05 9.98289E-05 9.98289E-05 9.98289E-05 9.98289E-05 9.98289E-05 0.998103
9.9928E-05 9.9928E-05 0.0335374 9.9928E-05 0.344521 9.9928E-05 0.0236333 9.9928E-05 0.0334478 0.171521 0.0223375 0.0292593 0.00429995 9.9928E-05 0.0122603 0.208876 9.9928E-05 9.9928E-05 0.0551767 0.0603306
0.0054079 9.9901E-05 0.0119087 0.0673409 9.9901E-05 9.9901E-05 9.9901E-05 9.9901E-05 0.0145555 9.9901E-05 9.9901E-05 9.9901E-05 0.0548661 9.9901E-05 0.0155329 0.800233 0.0117794 9.9901E-05 0.0172769 9.9901E-05
0.0612378 0.000494979 0.136297 9.9928E-05 0.0105834 9.9928E-05 0.0147298 0.102431 0.0500452 0.0403064 9.9928E-05 9.9928E-05 0.0109588 0.0403232 9.9928E-05 0.528935 9.9928E-05 9.9928E-05 9.9928E-05 0.00285765
9.9901E-05 9.9901E-05 0.122468 9.9901E-05 9.9901E-05 9.9901E-05 0.00112348 0.0806549 0.0942454 0.0492052 0.0193268 9.9901E-05 9.9901E-05 0.0696273 0.0287749 0.533475 9.9901E-05 9.9901E-05 9.9901E-05 9.9901E-05
9.9883E-05 0.00178957 9.9883E-05 9.9883E-05 9.9883E-05 0.0656374 9.9883E-05 9.9883E-05 9.9883E-05 9.9883E-05 9.9883E-05 0.0120752 9.9883E-05 9.9883E-05 0.000831024 0.88851 9.9883E-05 0.0143115 9.9883E-05 0.0155468
9.9856E-05 9.9856E-05 9.9856E-05 9.9856E-05 9.9856E-05 0.445078 0.0174408 9.9856E-05 9.9856E-05 9.9856E-05 9.9856E-05 9.9856E-05 9.9856E-05 0.00934912 9.9856E-05 0.526534 9.9856E-05 9.9856E-05 9.9856E-05 9.9856E-05
9.9901E-05 9.9901E-05 0.00137194 9.9901E-05 9.9901E-05 0.1932 9.9901E-05 0.139453 0.0261421 9.9901E-05 9.9901E-05 9.9901E-05 0.0453512 0.149161 9.9901E-05 0.40025 9.9901E-05 9.9901E-05 0.00317268 0.0407998
9.99009E-05 9.99009E-05 9.99009E-05 9.99009E-05 9.99009E-05 0.0553103 9.99009E-05 0.0250514 0.0310365 0.0169636 9.99009E-05 0.0638222 9.99009E-05 0.0920982 0.0100404 0.629334 9.99009E-05 9.99009E-05 0.0752445 9.99009E-05
9.9901E-05 9.9901E-05 0.055279 9.9901E-05 9.9901E-05 9.9901E-05 9.9901E-05 0.0565047 0.0300098 0.00434933 0.00632253 9.9901E-05 9.9901E-05 0.0953467 9.9901E-05 0.668786 0.00413164 9.9901E-05 0.0781718 9.9901E-05
0.0250802 9.9892E-05 9.9892E-05 9.9892E-05 9.9892E-05 0.0314335 9.9892E-05 9.9892E-05 0.00541802 9.9892E-05 9.9892E-05 0.0439356 9.9892E-05 0.038255 0.0287559 0.546565 0.279358 9.9892E-05 9.9892E-05 9.9892E-05
0.130241 0.00200098 0.0166965 9.99279E-05 9.99279E-05 0.0133584 9.99279E-05 9.99279E-05 0.0519507 9.99279E-05 9.99279E-05 9.99279E-05 0.012284 0.0122943 0.0452727 0.598 0.102061 9.99279E-05 0.0119393 0.0031017
0.0519846 9.99279E-05 9.99279E-05 9.99279E-05 0.199816 9.99279E-05 0.00834209 9.99279E-05 9.99279E-05 9.99279E-05 0.0198829 0.0224206 0.0108066 0.157807 0.00210733 0.347322 0.167459 0.00585839 9.99279E-05 0.00539384
0.275351 0.00129981 9.9883E-05 0.0388131 9.9883E-05 0.119302 0.00458305 0.519036 9.9883E-05 9.9883E-05 9.9883E-05 9.9883E-05 9.9883E-05 0.0403168 9.9883E-05 9.9883E-05 9.9883E-05 9.9883E-05 9.9883E-05 9.9883E-05
0.40915 9.9892E-05 9.9892E-05 0.406062 9.9892E-05 9.9892E-05 9.9892E-05 9.9892E-05 0.0258604 9.9892E-05 0.00414965 0.0731319 9.9892E-05 0.0178371 9.9892E-05 0.0213059 9.9892E-05 9.9892E-05 0.0413041 9.9892E-05
9.9856E-05 9.9856E-05 0.0295326 0.92509 9.9856E-05 9.9856E-05 9.9856E-05 9.9856E-05 9.9856E-05 0.0388905 9.9856E-05 9.9856E-05 9.9856E-05 9.9856E-05 9.9856E-05 9.9856E-05 9.9856E-05 9.9856E-05 0.00488918 9.9856E-05
9.98831E-05 0.00296238 0.034236 9.98831E-05 9.98831E-05 0.0235251 0.000212311 0.855551 9.98831E-05 0.0663345 9.98831E-05 9.98831E-05 9.98831E-05 9.98831E-05 0.0158801 9.98831E-05 9.98831E-05 9.98831E-05 9.98831E-05 9.98831E-05
0.915268 9.9874E-05 9.9874E-05 0.0286818 9.9874E-05 9.9874E-05 9.9874E-05 9.9874E-05 9.9874E-05 9.9874E-05 0.0251515 9.9874E-05 9.9874E-05 9.9874E-05 0.0180034 0.0104921 9.9874E-05 9.9874E-05 9.9874E-05 0.00100491
9.9883E-05 9.9883E-05 9.9883E-05 9.9883E-05 9.9883E-05 9.9883E-05 9.9883E-05 0.744113 9.9883E-05 9.9883E-05 0.00686217 0.0675644 0.00678578 9.9883E-05 0.0207345 0.0711534 0.0814886 9.9883E-05 9.9883E-05 9.9883E-05
0.0880662 9.9856E-05 9.9856E-05 9.9856E-05 9.9856E-05 9.9856E-05 9.9856E-05 0.803011 0.0490851 9.9856E-05 9.9856E-05 9.9856E-05 9.9856E-05 9.9856E-05 9.9856E-05 9.9856E-05 0.0582404 9.9856E-05 9.9856E-05 9.9856E-05
0.250519 9.9901E-05 0.0488537 0.11612 9.9901E-05 0.0909218 9.9901E-05 0.21569 0.00895609 9.9901E-05 9.9901E-05 0.261318 9.9901E-05 9.9901E-05 0.00450955 9.9901E-05 9.9901E-05 9.9901E-05 9.9901E-05 0.00201252
0.219476 0.0483271 0.0318714 0.153885 9.99549E-05 9.99549E-05 0.0561322 0.195561 0.00643783 0.0372327 0.0135413 0.0189272 0.00086897 0.0194649 0.00474408 0.122887 0.0701445 9.99549E-05 9.99549E-05 9.99549E-05
0.997595 9.98381E-05 9.98381E-05 9.98381E-05 9.98381E-05 9.98381E-05 9.98381E-05 9.98381E-05 0.000607663 9.98381E-05 9.98381E-05 9.98381E-05 9.98381E-05 9.98381E-05 9.98381E-05 9.98381E-05 9.98381E-05 9.98381E-05 9.98381E-05 9.98381E-05
0.938667 9.9856E-05 9.9856E-05 9.9856E-05 9.9856E-05 9.9856E-05 9.9856E-05 0.0365953 9.9856E-05 9.9856E-05 9.9856E-05 9.9856E-05 0.0156776 9.9856E-05 0.00746253 9.9856E-05 9.9856E-05 9.9856E-05 9.9856E-05 9.9856E-05
0.929392 9.98471E-05 9.98471E-05 9.98471E-05 9.98471E-05 9.98471E-05 9.98471E-05 9.98471E-05 9.98471E-05 9.98471E-05 9.98471E-05 0.0525381 0.0163728 9.98471E-05 9.98471E-05 9.98471E-05 9.98471E-05 9.98471E-05 9.98471E-05 9.98471E-05
0.946322 9.9865E-05 0.000775658 9.9865E-05 0.0180622 9.9865E-05 0.0147053 9.9865E-05 9.9865E-05 9.9865E-05 9.9865E-05 9.9865E-05 9.9865E-05 9.9865E-05 9.9865E-05 9.9865E-05 9.9865E-05 9.9865E-05 9.9865E-05 0.0186371
0.12802 9.9892E-05 9.9892E-05 0.349793 9.9892E-05 0.061518 9.9892E-05 9.9892E-05 9.9892E-05 0.069137 9.9892E-05 0.135262 0.0101323 9.9892E-05 9.9892E-05 0.220165 9.9892E-05 9.9892E-05 9.9892E-05 0.024773
9.9901E-05 9.9901E-05 9.9901E-05 0.139335 0.0686148 9.9901E-05 9.9901E-05 0.0255216 9.9901E-05 9.9901E-05 0.0276671 0.627075 0.0145088 0.058557 9.9901E-05 9.9901E-05 9.9901E-05 9.9901E-05 0.0111447 0.0264774
9.9874E-05 9.9874E-05 9.9874E-05 9.9874E-05 9.9874E-05 9.9874E-05 9.9874E-05 0.154931 9.9874E-05 9.9874E-05 0.00607915 0.705648 9.9874E-05 9.9874E-05 9.9874E-05 0.0548895 9.9874E-05 9.9874E-05 0.0689941 0.0080597
9.98381E-05 9.98381E-05 9.98381E-05 9.98381E-05 9.98381E-05 9.98381E-05 9.98381E-05 9.98381E-05 9.98381E-05 9.98381E-05 9.98381E-05 0.969578 0.0286254 9.98381E-05 9.98381E-05 9.98381E-05 9.98381E-05 9.98381E-05 9.98381E-05 9.98381E-05
9.9874E-05 9.9874E-05 0.0177255 0.0211482 9.9874E-05 0.0420181 9.9874E-05 9.9874E-05 9.9874E-05 9.9874E-05 0.00871655 0.880546 9.9874E-05 9.9874E-05 9.9874E-05 9.9874E-05 0.0284471 9.9874E-05 9.9874E-05 9.9874E-05
9.98291E-05 9.98291E-05 9.98291E-05 9.98291E-05 9.98291E-05 9.98291E-05 9.98291E-05 9.98291E-05 9.98291E-05 9.98291E-05 9.98291E-05 0.998103 9.98291E-05 9.98291E-05 9.98291E-05 9.98291E-05 9.98291E-05 9.98291E-05 9.98291E-05 9.98291E-05
9.9901E-05 9.9901E-05 0.0160242 0.108458 9.9901E-05 0.0460755 9.9901E-05 9.9901E-05 9.9901E-05 0.0608667 0.0220281 0.668577 9.9901E-05 9.9901E-05 0.0211339 9.9901E-05 9.9901E-05 0.0138869 9.9901E-05 0.0418503
9.9865E-05 0.0550821 9.9865E-05 9.9865E-05 9.9865E-05 9.9865E-05 9.9865E-05 9.9865E-05 9.9865E-05 0.0282476 9.9865E-05 0.716803 9.9865E-05 9.9865E-05 0.00283027 0.195539 9.9865E-05 9.9865E-05 9.9865E-05 9.9865E-05
9.9865E-05 9.9865E-05 0.0309262 9.9865E-05 0.0272311 9.9865E-05 9.9865E-05 9.9865E-05 9.9865E-05 9.9865E-05 9.9865E-05 0.89947 0.00195345 9.9865E-05 9.9865E-05 9.9865E-05 0.038921 9.9865E-05 9.9865E-05 9.9865E-05
9.9874E-05 9.9874E-05 9.9874E-05 9.9874E-05 9.9874E-05 9.9874E-05 0.00503663 0.957881 0.00343389 9.9874E-05 9.9874E-05 9.9874E-05 9.9874E-05 9.9874E-05 9.9874E-05 0.0160537 9.9874E-05 0.00545479 0.0107413 9.9874E-05
9.9865E-05 9.9865E-05 0.00536713 9.9865E-05 9.9865E-05 9.9865E-05 9.9865E-05 0.980288 9.9865E-05 0.00310794 0.00765249 9.9865E-05 9.9865E-05 9.9865E-05 9.9865E-05 9.9865E-05 9.9865E-05 9.9865E-05 9.9865E-05 0.00208645
9.9892E-05 0.0517597 0.00586376 0.474787 9.9892E-05 9.9892E-05 9.9892E-05 0.312629 0.0364306 9.9892E-05 9.9892E-05 9.9892E-05 0.00863436 0.0681463 9.9892E-05 9.9892E-05 9.9892E-05 9.9892E-05 9.9892E-05 0.0405504
9.9883E-05 0.0362521 9.9883E-05 0.19526 9.9883E-05 9.9883E-05 9.9883E-05 0.630003 9.9883E-05 9.9883E-05 0.0032976 9.9883E-05 9.9883E-05 9.9883E-05 0.00225732 0.123184 9.9883E-05 9.9883E-05 9.9883E-05 0.0084471
9.9865E-05 9.9865E-05 9.9865E-05 0.928853 9.9865E-05 9.9865E-05 0.00955005 9.9865E-05 9.9865E-05 0.0323932 9.9865E-05 9.9865E-05 9.9865E-05 9.9865E-05 0.0058384 9.9865E-05 9.9865E-05 9.9865E-05 9.9865E-05 0.0218672
9.9856E-05 9.9856E-05 9.9856E-05 0.725201 9.9856E-05 9.9856E-05 9.9856E-05 9.9856E-05 9.9856E-05 9.9856E-05 9.9856E-05 9.9856E-05 0.0339536 9.9856E-05 9.9856E-05 9.9856E-05 0.129823 0.109425 9.9856E-05 9.9856E-05
0.0308146 9.99279E-05 0.0253261 0.0809565 9.99279E-05 9.99279E-05 0.00779111 0.360865 9.99279E-05 0.0478345 0.0216841 0.239261 0.0231618 9.99279E-05 0.00685635 0.0635656 0.0910834 9.99279E-05 9.99279E-05 9.99279E-05
9.98651E-05 9.98651E-05 9.98651E-05 9.98651E-05 9.98651E-05 0.168642 9.98651E-05 0.818268 0.00224101 9.98651E-05 9.98651E-05 9.98651E-05 0.00802699 9.98651E-05 9.98651E-05 9.98651E-05 9.98651E-05 9.98651E-05 9.98651E-05 0.00132422
9.98381E-05 9.98381E-05 9.98381E-05 0.996076 9.98381E-05 9.98381E-05 9.98381E-05 9.98381E-05 0.00212648 9.98381E-05 9.98381E-05 9.98381E-05 9.98381E-05 9.98381E-05 9.98381E-05 9.98381E-05 9.98381E-05 9.98381E-05 9.98381E-05 9.98381E-05
0.0721633 9.9865E-05 9.9865E-05 9.9865E-05 0.00640483 9.9865E-05 9.9865E-05 0.792773 9.9865E-05 9.9865E-05 0.0538838 9.9865E-05 9.9865E-05 9.9865E-05 9.9865E-05 9.9865E-05 0.0732774 9.9865E-05 9.9865E-05 9.9865E-05
9.9874E-05 9.9874E-05 0.0831048 0.626884 9.9874E-05 9.9874E-05 9.9874E-05 0.0896152 9.9874E-05 9.9874E-05 9.9874E-05 0.057606 9.9874E-05 0.0420287 9.9874E-05 9.9874E-05 0.099363 9.9874E-05 9.9874E-05 9.9874E-05
9.9892E-05 9.9892E-05 0.0569209 0.512041 9.9892E-05 9.9892E-05 0.0101926 0.187384 0.0116179 9.9892E-05 9.9892E-05 0.17743 9.9892E-05 0.0370896 0.00612514 9.9892E-05 9.9892E-05 9.9892E-05 9.9892E-05 9.9892E-05
9.9847E-05 9.9847E-05 9.9847E-05 0.978364 9.9847E-05 9.9847E-05 9.9847E-05 9.9847E-05 9.9847E-05 9.9847E-05 0.0105039 9.9847E-05 9.9847E-05 9.9847E-05 0.0094346 9.9847E-05 9.9847E-05 9.9847E-05 9.9847E-05 9.9847E-05
9.98651E-05 9.98651E-05 9.98651E-05 9.98651E-05 9.98651E-05 9.98651E-05 9.98651E-05 0.0863288 9.98651E-05 0.808341 9.98651E-05 9.98651E-05 9.98651E-05 9.98651E-05 0.0093498 0.0149842 9.98651E-05 0.0794986 9.98651E-05 9.98651E-05
9.99009E-05 9.99009E-05 9.99009E-05 0.00794411 9.99009E-05 9.99009E-05 9.99009E-05 0.0436205 9.99009E-05 0.712903 0.00421153 0.0487231 9.99009E-05 0.00133082 9.99009E-05 0.0699208 9.99009E-05 0.0601627 9.99009E-05 0.0500847
9.9883E-05 9.9883E-05 9.9883E-05 9.9883E-05 9.9883E-05 9.9883E-05 9.9883E-05 9.9883E-05 9.9883E-05 0.670202 0.00478614 0.0751284 0.0228984 9.9883E-05 9.9883E-05 0.00763493 9.9883E-05 0.201337 9.9883E-05 0.0167147
9.9883E-05 0.0101696 9.9883E-05 0.0922047 9.9883E-05 9.9883E-05 9.9883E-05 0.068604 0.00719037 0.648917 9.9883E-05 9.9883E-05 9.9883E-05 9.9883E-05 9.9883E-05 9.9883E-05 9.9883E-05 0.158286 9.9883E-05 0.0133303
9.98836E-05 0.045686 0.0044429 9.98836E-05 0.0606857 9.98836E-05 9.98836E-05 9.98836E-05 0.0109795 0.672733 9.98836E-05 0.125844 9.98836E-05 9.98836E-05 9.98836E-05 9.98836E-05 9.98836E-05 0.0783307 9.98836E-05 9.98836E-05
0.092124 9.9901E-05 9.9901E-05 0.0372198 9.9901E-05 9.9901E-05 0.0092056 9.9901E-05 0.0113599 0.75192 9.9901E-05 0.0521809 9.9901E-05 0.0234877 0.0102145 9.9901E-05 9.9901E-05 9.9901E-05 9.9901E-05 0.011189
9.98381E-05 9.98381E-05 9.98381E-05 9.98381E-05 9.98381E-05 9.98381E-05 9.98381E-05 9.98381E-05 9.98381E-05 9.98381E-05 9.98381E-05 9.98381E-05 9.98381E-05 9.98381E-05 9.98381E-05 9.98381E-05 0.948304 0.0498986 9.98381E-05 9.98381E-05
9.9847E-05 9.9847E-05 9.9847E-05 9.9847E-05 9.9847E-05 9.9847E-05 9.9847E-05 9.9847E-05 9.9847E-05 0.642706 9.9847E-05 9.9847E-05 9.9847E-05 0.198317 9.9847E-05 9.9847E-05 9.9847E-05 0.15728 9.9847E-05 9.9847E-05
