9.9838E-05 9.9838E-05 9.9838E-05 9.9838E-05 9.9838E-05 9.9838E-05 9.9838E-05 9.9838E-05 9.9838E-05 9.9838E-05 9.9838E-05 9.9838E-05 9.9838E-05 0.998203 9.9838E-05 9.9838E-05 9.9838E-05 9.9838E-05 9.9838E-05
9.991E-05 9.991E-05 9.991E-05 9.991E-05 9.991E-05 9.991E-05 9.991E-05 0.125058 0.0104415 0.134004 9.991E-05 0.0416869 9.991E-05 0.0249708 0.0173444 0.00197781 9.991E-05 0.0129419 0.630576
0.00295416 9.9892E-05 9.9892E-05 9.9892E-05 9.9892E-05 9.9892E-05 9.9892E-05 9.9892E-05 9.9892E-05 9.9892E-05 0.0502458 0.203021 9.9892E-05 0.0383596 0.0149393 9.9892E-05 0.00307084 9.9892E-05 0.686211
9.9892E-05 9.9892E-05 9.9892E-05 9.9892E-05 9.9892E-05 9.9892E-05 0.0585912 0.0904355 9.9892E-05 9.9892E-05 0.0898848 0.00503163 9.9892E-05 0.0163698 9.9892E-05 0.0017268 9.9892E-05 9.9892E-05 0.736762
9.9883E-05 9.9883E-05 9.9883E-05 0.0194621 9.9883E-05 9.9883E-05 9.9883E-05 9.9883E-05 9.9883E-05 9.9883E-05 0.0753533 0.102479 9.9883E-05 0.0369911 9.9883E-05 0.00424294 9.9883E-05 9.9883E-05 0.760173
9.9901E-05 9.9901E-05 0.00201815 9.9901E-05 0.00386228 9.9901E-05 0.0664789 9.9901E-05 0.00556043 0.0358426 9.9901E-05 0.020345 9.9901E-05 9.9901E-05 9.9901E-05 0.0357372 9.9901E-05 9.9901E-05 0.829057
9.9838E-05 9.9838E-05 9.9838E-05 9.9838E-05 9.9838E-05 9.9838E-05 9.9838E-05 9.9838E-05 9.9838E-05 9.9838E-05 9.9838E-05 9.9838E-05 9.9838E-05 0.998203 9.9838E-05 9.9838E-05 9.9838E-05 9.9838E-05 9.9838E-05
9.991E-05 9.991E-05 9.991E-05 9.991E-05 0.000872813 0.0747583 0.0319624 9.991E-05 0.0299879 9.991E-05 0.00534464 9.991E-05 0.0663373 0.0221554 0.0195312 9.991E-05 9.991E-05 9.991E-05 0.748051
9.9883E-05 9.9883E-05 0.101351 9.9883E-05 9.9883E-05 9.9883E-05 9.9883E-05 9.9883E-05 9.9883E-05 9.9883E-05 0.0547876 9.9883E-05 0.0746995 0.0115018 0.0210224 9.9883E-05 9.9883E-05 9.9883E-05 0.73534
9.9919E-05 9.9919E-05 0.0152014 9.9919E-05 0.0126872 0.065138 0.022296 0.0463075 0.00574809 9.9919E-05 9.9919E-05 9.9919E-05 9.9919E-05 0.0483489 9.9919E-05 0.0170811 0.0367877 9.9919E-05 0.729505
9.98919E-05 0.0319908 9.98919E-05 9.98919E-05 9.98919E-05 9.98919E-05 0.0660046 0.117641 9.98919E-05 9.98919E-05 0.0435939 9.98919E-05 9.98919E-05 9.98919E-05 9.98919E-05 0.00428047 0.0451282 9.98919E-05 0.690163
9.9901E-05 9.9901E-05 9.9901E-05 9.9901E-05 9.9901E-05 0.00305262 0.0534088 0.0670239 9.9901E-05 0.0544599 9.9901E-05 9.9901E-05 9.9901E-05 0.0391004 0.0342347 9.9901E-05 0.0761932 9.9901E-05 0.671428
9.99011E-05 9.99011E-05 9.99011E-05 9.99011E-05 0.0101281 0.0486848 0.0601888 9.99011E-05 0.0409387 9.99011E-05 9.99011E-05 9.99011E-05 0.0982187 0.034585 9.99011E-05 9.99011E-05 0.00205067 9.99011E-05 0.704106
0.0293417 9.9928E-05 9.9928E-05 9.9928E-05 0.011945 9.9928E-05 0.0341156 0.000412653 0.00449925 0.0483789 0.121974 0.0278867 9.9928E-05 0.00263559 9.9928E-05 9.9928E-05 0.0511943 9.9928E-05 0.666817
9.99009E-05 9.99009E-05 0.0239122 9.99009E-05 9.99009E-05 9.99009E-05 9.99009E-05 0.0363883 9.99009E-05 9.99009E-05 0.0365141 0.0180324 9.99009E-05 0.023079 0.0148615 9.99009E-05 0.069618 9.99009E-05 0.776496
9.98652E-05 0.0225914 0.128058 9.98652E-05 9.98652E-05 9.98652E-05 9.98652E-05 9.98652E-05 0.0117416 9.98652E-05 9.98652E-05 9.98652E-05 9.98652E-05 9.98652E-05 9.98652E-05 9.98652E-05 9.98652E-05 9.98652E-05 0.836111
9.9901E-05 9.9901E-05 9.9901E-05 0.00473076 0.0171745 9.9901E-05 9.9901E-05 9.9901E-05 0.00550303 9.9901E-05 9.9901E-05 9.9901E-05 0.000549744 0.0218963 0.00302295 0.0308302 9.9901E-05 9.9901E-05 0.915194
9.98651E-05 9.98651E-05 9.98651E-05 0.0294197 9.98651E-05 9.98651E-05 9.98651E-05 9.98651E-05 9.98651E-05 9.98651E-05 9.98651E-05 9.98651E-05 9.98651E-05 0.0104987 9.98651E-05 9.98651E-05 9.98651E-05 0.0477542 0.910829
9.98831E-05 9.98831E-05 9.98831E-05 0.0305529 9.98831E-05 9.98831E-05 9.98831E-05 9.98831E-05 0.0163788 9.98831E-05 9.98831E-05 9.98831E-05 9.98831E-05 0.0387027 0.000601179 9.98831E-05 9.98831E-05 0.047279 0.865187
9.9874E-05 0.00293908 9.9874E-05 0.0579812 0.00564873 9.9874E-05 9.9874E-05 9.9874E-05 9.9874E-05 9.9874E-05 9.9874E-05 9.9874E-05 9.9874E-05 9.9874E-05 9.9874E-05 0.0122707 9.9874E-05 9.9874E-05 0.919762
0.998203 9.9838E-05 9.9838E-05 9.9838E-05 9.9838E-05 9.9838E-05 9.9838E-05 9.9838E-05 9.9838E-05 9.9838E-05 9.9838E-05 9.9838E-05 9.9838E-05 9.9838E-05 9.9838E-05 9.9838E-05 9.9838E-05 9.9838E-05 9.9838E-05
0.0146314 9.9892E-05 9.9892E-05 9.9892E-05 9.9892E-05 0.008388 0.113985 0.0891362 0.0517679 9.9892E-05 9.9892E-05 9.9892E-05 9.9892E-05 0.02482 9.9892E-05 9.9892E-05 0.696073 9.9892E-05 9.9892E-05
9.9892E-05 9.9892E-05 9.9892E-05 9.9892E-05 0.0293371 9.9892E-05 0.0646332 9.9892E-05 9.9892E-05 0.0631747 9.9892E-05 9.9892E-05 0.0320088 0.0241682 9.9892E-05 9.9892E-05 0.75102 0.034459 9.9892E-05
0.000747515 9.9883E-05 9.9883E-05 0.0853681 0.00444549 9.9883E-05 9.9883E-05 9.9883E-05 9.9883E-05 9.9883E-05 9.9883E-05 9.9883E-05 9.9883E-05 9.9883E-05 9.9883E-05 0.0204448 0.865832 0.0218638 9.9883E-05
9.98561E-05 9.98561E-05 9.98561E-05 9.98561E-05 0.0116496 9.98561E-05 9.98561E-05 9.98561E-05 9.98561E-05 9.98561E-05 9.98561E-05 9.98561E-05 9.98561E-05 9.98561E-05 0.000456341 9.98561E-05 0.986296 9.98561E-05 9.98561E-05
9.9892E-05 9.9892E-05 0.0121458 9.9892E-05 0.00901144 9.9892E-05 9.9892E-05 9.9892E-05 9.9892E-05 9.9892E-05 9.9892E-05 0.0105804 0.0249099 0.0153071 9.9892E-05 0.0065026 0.920344 9.9892E-05 9.9892E-05
0.0236813 0.0110548 9.9901E-05 0.0413393 9.9901E-05 9.9901E-05 9.9901E-05 9.9901E-05 9.9901E-05 0.0783461 9.9901E-05 0.0432301 9.9901E-05 0.0161326 9.9901E-05 9.9901E-05 0.752746 0.0323709 9.9901E-05
0.995801 9.9847E-05 9.9847E-05 9.9847E-05 9.9847E-05 0.00250205 9.9847E-05 9.9847E-05 9.9847E-05 9.9847E-05 9.9847E-05 9.9847E-05 9.9847E-05 9.9847E-05 9.9847E-05 9.9847E-05 9.9847E-05 9.9847E-05 9.9847E-05
0.0105736 9.9901E-05 0.116277 9.9901E-05 0.0057634 9.9901E-05 9.9901E-05 0.00205579 9.9901E-05 9.9901E-05 0.0139694 0.113074 9.9901E-05 9.9901E-05 9.9901E-05 0.0135567 0.723631 9.9901E-05 9.9901E-05
9.9892E-05 9.9892E-05 9.9892E-05 0.0331215 0.000174146 9.9892E-05 9.9892E-05 9.9892E-05 0.0390272 0.100255 9.9892E-05 0.0837952 9.9892E-05 9.9892E-05 9.9892E-05 9.9892E-05 0.723581 0.0188471 9.9892E-05
0.0322209 9.9883E-05 9.9883E-05 9.9883E-05 9.9883E-05 9.9883E-05 9.9883E-05 9.9883E-05 9.9883E-05 9.9883E-05 0.16904 9.9883E-05 0.0677285 9.9883E-05 0.00341805 0.0191714 0.707122 9.9883E-05 9.9883E-05
0.0609788 9.9919E-05 0.0847625 0.0660878 9.9919E-05 9.9919E-05 9.9919E-05 9.9919E-05 0.00729485 9.9919E-05 0.000779832 9.9919E-05 0.0177876 0.0152139 9.9919E-05 0.0252667 0.686483 0.0344456 9.9919E-05
0.0392605 9.991E-05 9.991E-05 0.0311357 0.00357197 0.0296316 9.991E-05 9.991E-05 0.0168216 0.10637 9.991E-05 0.0479612 9.991E-05 0.0391778 9.991E-05 9.991E-05 0.68507 9.991E-05 9.991E-05
0.0344392 9.991E-05 9.991E-05 9.991E-05 0.0135634 0.0265813 9.991E-05 0.0111894 0.0582282 9.991E-05 0.110464 9.991E-05 0.0571119 9.991E-05 0.0467123 9.991E-05 0.640711 9.991E-05 9.991E-05
9.9946E-05 0.0187228 9.9946E-05 0.0158488 0.0245621 0.0115554 9.9946E-05 0.131344 0.0241048 9.9946E-05 9.9946E-05 0.0145866 0.0214308 9.9946E-05 0.0262782 0.00384262 0.688303 0.0175307 0.00129051
0.0078027 9.99099E-05 0.0542257 9.99099E-05 9.99099E-05 9.99099E-05 0.0892787 0.248277 0.017447 9.99099E-05 0.0820223 9.99099E-05 9.99099E-05 0.0109867 0.0318034 9.99099E-05 0.457157 9.99099E-05 9.99099E-05
9.9883E-05 0.109415 0.00422389 0.174936 9.9883E-05 9.9883E-05 9.9883E-05 9.9883E-05 9.9883E-05 9.9883E-05 9.9883E-05 9.9883E-05 9.9883E-05 9.9883E-05 0.0240541 9.9883E-05 0.673911 0.0121613 9.9883E-05
0.00209994 9.9919E-05 9.9919E-05 0.647189 9.9919E-05 0.140852 0.0149719 0.0341629 9.9919E-05 9.9919E-05 9.9919E-05 0.00305659 0.00779357 9.9919E-05 0.00111965 9.9919E-05 0.011264 0.136591 9.9919E-05
9.98919E-05 9.98919E-05 9.98919E-05 0.647795 9.98919E-05 9.98919E-05 9.98919E-05 0.103426 0.0135155 0.0755208 9.98919E-05 9.98919E-05 0.11378 0.0126054 9.98919E-05 9.98919E-05 9.98919E-05 0.0321588 9.98919E-05
9.9901E-05 9.9901E-05 9.9901E-05 0.648515 9.9901E-05 9.9901E-05 0.0234877 9.9901E-05 0.0216836 0.128333 9.9901E-05 9.9901E-05 0.121056 9.9901E-05 0.0125988 0.0167815 9.9901E-05 9.9901E-05 0.0264448
9.9901E-05 0.0275926 9.9901E-05 0.809437 9.9901E-05 0.0111747 9.9901E-05 9.9901E-05 9.9901E-05 9.9901E-05 0.0498534 9.9901E-05 9.9901E-05 0.0419867 0.0187588 9.9901E-05 0.0309894 0.00910791 9.9901E-05
0.0187149 9.9919E-05 9.9919E-05 0.656799 0.012863 9.9919E-05 0.113238 0.0552476 0.027309 0.0412643 9.9919E-05 9.9919E-05 9.9919E-05 0.0187653 0.0329198 9.9919E-05 9.9919E-05 0.0219791 9.9919E-05
0.00961135 0.0293536 9.9919E-05 0.765318 0.0154775 9.9919E-05 9.9919E-05 0.000227573 9.9919E-05 0.105825 9.9919E-05 0.000455791 0.00416953 0.035136 0.0335263 9.9919E-05 9.9919E-05 9.9919E-05 9.9919E-05
0.0186407 9.9937E-05 9.9937E-05 0.472168 9.9937E-05 0.00778373 0.174455 0.0779754 0.0276944 0.028087 0.127983 9.9937E-05 9.9937E-05 0.0183344 0.0162356 9.9937E-05 9.9937E-05 0.0187667 0.0111773
9.9928E-05 0.0309653 9.9928E-05 0.746086 0.00360176 0.0191037 9.9928E-05 0.0208622 0.00827541 0.0522138 9.9928E-05 9.9928E-05 0.0383477 0.0191407 9.9928E-05 9.9928E-05 0.0348647 0.0257397 9.9928E-05
9.9901E-05 9.9901E-05 0.122036 0.592586 0.00254217 9.9901E-05 0.0821176 9.9901E-05 9.9901E-05 9.9901E-05 9.9901E-05 9.9901E-05 0.120499 9.9901E-05 9.9901E-05 9.9901E-05 0.0162936 0.0242785 0.038548
9.98921E-05 0.0393244 9.98921E-05 0.833215 0.00676054 9.98921E-05 9.98921E-05 9.98921E-05 0.0039271 9.98921E-05 0.0631586 0.0238467 9.98921E-05 9.98921E-05 9.98921E-05 0.0285693 9.98921E-05 9.98921E-05 9.98921E-05
9.98921E-05 0.00136946 9.98921E-05 0.68627 9.98921E-05 0.0991458 0.155741 9.98921E-05 0.0111068 9.98921E-05 9.98921E-05 9.98921E-05 9.98921E-05 0.0320854 0.0130823 9.98921E-05 9.98921E-05 9.98921E-05 9.98921E-05
0.0280957 9.98831E-05 9.98831E-05 0.888516 9.98831E-05 9.98831E-05 9.98831E-05 0.00706153 9.98831E-05 9.98831E-05 9.98831E-05 9.98831E-05 9.98831E-05 0.038295 0.0256678 0.0110651 9.98831E-05 9.98831E-05 9.98831E-05
0.0220412 9.991E-05 0.0489616 0.327082 9.991E-05 0.0484066 0.45522 9.991E-05 0.0205614 9.991E-05 9.991E-05 9.991E-05 0.00154807 9.991E-05 0.0179456 9.991E-05 9.991E-05 0.0572346 9.991E-05
0.0021941 9.991E-05 9.991E-05 0.694717 9.991E-05 9.991E-05 0.0629199 9.991E-05 0.00449197 0.0749006 9.991E-05 9.991E-05 0.113018 0.0226108 0.011597 0.0125515 9.991E-05 9.991E-05 9.991E-05
0.00145395 9.991E-05 0.105934 0.775817 9.991E-05 9.991E-05 9.991E-05 9.991E-05 0.0136421 0.0536255 9.991E-05 9.991E-05 9.991E-05 0.0117995 0.0182563 0.015717 0.00275601 9.991E-05 9.991E-05
9.98919E-05 9.98919E-05 0.0678426 0.758478 0.0432708 9.98919E-05 0.0690617 9.98919E-05 0.0462935 9.98919E-05 9.98919E-05 0.00310562 9.98919E-05 0.0107492 9.98919E-05 9.98919E-05 9.98919E-05 9.98919E-05 9.98919E-05
0.00032202 9.9919E-05 0.0198202 0.792684 9.9919E-05 9.9919E-05 9.9919E-05 0.0354488 9.9919E-05 9.9919E-05 0.0112494 9.9919E-05 9.9919E-05 0.0252814 0.00152244 0.0194028 0.0311201 9.9919E-05 0.0622493
0.0177191 0.0818387 9.991E-05 0.687215 0.00647781 9.991E-05 0.00911111 9.991E-05 0.0151715 0.164758 9.991E-05 9.991E-05 9.991E-05 9.991E-05 9.991E-05 0.00920845 9.991E-05 9.991E-05 0.00750136
9.9937E-05 9.9937E-05 0.00727167 0.547597 0.00228574 0.000693252 0.21288 0.00702594 9.9937E-05 9.9937E-05 9.9937E-05 0.124439 9.9937E-05 9.9937E-05 0.030939 0.00976797 0.020748 0.00703868 0.0286135
0.0131811 9.9901E-05 9.9901E-05 0.788723 0.0358897 9.9901E-05 9.9901E-05 9.9901E-05 9.9901E-05 9.9901E-05 0.0755868 0.0083357 9.9901E-05 0.0250068 9.9901E-05 9.9901E-05 0.0118093 9.9901E-05 0.0403687
9.9937E-05 0.314598 9.9937E-05 0.0697413 9.9937E-05 9.9937E-05 0.0106677 0.209259 0.014418 0.163931 9.9937E-05 0.00402814 0.063505 9.9937E-05 0.0114516 9.9937E-05 0.025698 0.0986559 0.0133464
9.98378E-05 9.98378E-05 9.98378E-05 9.98378E-05 9.98378E-05 9.98378E-05 9.98378E-05 9.98378E-05 9.98378E-05 9.98378E-05 9.98378E-05 9.98378E-05 9.98378E-05 9.98378E-05 0.998203 9.98378E-05 9.98378E-05 9.98378E-05 9.98378E-05
0.0053839 0.419845 0.00222916 9.9928E-05 0.0344875 0.0556209 0.101267 0.242919 0.0482175 9.9928E-05 9.9928E-05 9.9928E-05 9.9928E-05 0.0213859 9.9928E-05 9.9928E-05 0.022898 0.0449472 9.9928E-05
9.9919E-05 0.461632 0.0191494 0.082062 0.00484479 9.9919E-05 9.9919E-05 0.239707 0.0231626 9.9919E-05 9.9919E-05 9.9919E-05 0.113802 0.0312954 0.0134216 0.0100238 9.9919E-05 9.9919E-05 9.9919E-05
9.9901E-05 0.454696 9.9901E-05 9.9901E-05 9.9901E-05 9.9901E-05 0.00600909 0.082407 0.0146688 9.9901E-05 9.9901E-05 0.380335 9.9901E-05 9.9901E-05 0.0357822 0.00261055 9.9901E-05 0.0223924 9.9901E-05
0.0109056 0.791307 0.103269 0.0596128 0.00981735 9.9892E-05 9.9892E-05 9.9892E-05 9.9892E-05 9.9892E-05 9.9892E-05 0.0125911 9.9892E-05 9.9892E-05 9.9892E-05 0.011298 9.9892E-05 9.9892E-05 9.9892E-05
9.98379E-05 9.98379E-05 9.98379E-05 9.98379E-05 9.98379E-05 9.98379E-05 9.98379E-05 9.98379E-05 0.998203 9.98379E-05 9.98379E-05 9.98379E-05 9.98379E-05 9.98379E-05 9.98379E-05 9.98379E-05 9.98379E-05 9.98379E-05 9.98379E-05
9.98378E-05 9.98378E-05 9.98378E-05 9.98378E-05 9.98378E-05 9.98378E-05 9.98378E-05 9.98378E-05 9.98378E-05 9.98378E-05 9.98378E-05 9.98378E-05 9.98378E-05 9.98378E-05 0.998203 9.98378E-05 9.98378E-05 9.98378E-05 9.98378E-05
0.00762712 0.251764 9.9937E-05 9.9937E-05 9.9937E-05 9.9937E-05 0.0642522 0.351966 0.032009 0.00923488 0.024556 9.9937E-05 0.157447 0.014846 0.00659635 0.0211318 9.9937E-05 9.9937E-05 0.0578698
0.0206172 0.518047 9.9928E-05 9.9928E-05 0.0273246 0.0378355 9.9928E-05 9.9928E-05 0.0572773 9.9928E-05 0.122215 9.9928E-05 9.9928E-05 0.00849661 9.9928E-05 0.0280677 0.0596919 0.102686 0.0169415
9.9955E-05 0.517855 9.9955E-05 9.9955E-05 0.0369874 0.0632154 0.00908652 0.00648971 0.0208056 9.9955E-05 0.0242067 0.0700438 0.0474293 0.00624867 0.0615049 0.01313 9.9955E-05 0.113651 0.00884641
0.0341846 0.607893 0.00510402 9.9928E-05 0.0369673 9.9928E-05 9.9928E-05 0.0224828 0.044815 9.9928E-05 9.9928E-05 9.9928E-05 0.134677 9.9928E-05 0.0339382 0.00995124 0.0254725 0.0437145 9.9928E-05
0.0131398 0.425062 0.0627515 9.9937E-05 0.031873 9.9937E-05 9.9937E-05 0.126079 0.0321028 9.9937E-05 9.9937E-05 0.0545805 9.9937E-05 9.9937E-05 0.107048 0.0391848 0.0394555 0.0467412 0.0212817
9.9892E-05 0.799444 9.9892E-05 9.9892E-05 9.9892E-05 9.9892E-05 9.9892E-05 9.9892E-05 9.9892E-05 0.0420535 9.9892E-05 9.9892E-05 0.00631795 0.0239785 0.0359423 0.00771534 9.9892E-05 0.0833499 9.9892E-05
0.00196493 0.657867 0.0201906 0.0105154 0.00448834 9.9928E-05 9.9928E-05 9.9928E-05 0.0647157 9.9928E-05 0.00231135 9.9928E-05 0.172449 0.0420956 0.00393868 0.0186639 9.9928E-05 9.9928E-05 9.9928E-05
9.9919E-05 0.32013 9.9919E-05 0.00214465 9.9919E-05 9.9919E-05 9.9919E-05 0.267092 0.0207228 9.9919E-05 9.9919E-05 9.9919E-05 0.12844 0.0186528 0.0945413 0.00415651 0.0546777 0.0885429 9.9919E-05
9.991E-05 0.0588004 9.991E-05 9.991E-05 9.991E-05 9.991E-05 0.0280811 0.234667 0.0015575 0.0535637 9.991E-05 0.560487 9.991E-05 0.00169682 0.0324154 0.0277319 9.991E-05 9.991E-05 9.991E-05
0.0466509 0.254042 9.9937E-05 0.174252 0.0124402 9.9937E-05 0.078603 9.9937E-05 0.0443242 0.0296159 9.9937E-05 9.9937E-05 0.196136 0.0027327 0.0236533 0.0444852 9.9937E-05 0.092365 9.9937E-05
9.9919E-05 0.480084 9.9919E-05 0.225254 9.9919E-05 0.0817174 9.9919E-05 0.0235603 0.00879679 9.9919E-05 9.9919E-05 0.0237158 9.9919E-05 9.9919E-05 0.00563628 0.0289914 9.9919E-05 0.075674 0.0456713
9.9928E-05 0.167577 0.000783375 0.411728 0.00016602 9.9928E-05 0.0303589 0.0870834 9.9928E-05 9.9928E-05 9.9928E-05 0.0907768 9.9928E-05 9.9928E-05 0.0597591 0.0247192 9.9928E-05 0.0393941 0.0868552
9.98379E-05 9.98379E-05 9.98379E-05 9.98379E-05 9.98379E-05 9.98379E-05 9.98379E-05 9.98379E-05 0.998203 9.98379E-05 9.98379E-05 9.98379E-05 9.98379E-05 9.98379E-05 9.98379E-05 9.98379E-05 9.98379E-05 9.98379E-05 9.98379E-05
0.0338665 0.289479 9.9937E-05 0.106975 0.0740531 9.9937E-05 9.9937E-05 0.0221385 0.0213052 9.9937E-05 0.119111 0.172417 0.0136021 9.9937E-05 0.0457679 0.0456538 9.9937E-05 9.9937E-05 0.0549319
9.9928E-05 0.465814 9.9928E-05 0.100615 0.00928685 9.9928E-05 9.9928E-05 0.124567 0.0568071 0.038013 9.9928E-05 0.0232428 0.0347794 9.9928E-05 0.0421774 0.0280805 9.9928E-05 0.0758171 9.9928E-05
9.98379E-05 9.98379E-05 9.98379E-05 9.98379E-05 9.98379E-05 9.98379E-05 9.98379E-05 9.98379E-05 9.98379E-05 9.98379E-05 9.98379E-05 9.98379E-05 9.98379E-05 9.98379E-05 9.98379E-05 9.98379E-05 9.98379E-05 0.998203 9.98379E-05
0.00595745 0.414387 9.9928E-05 0.0062966 0.0266434 9.9928E-05 9.9928E-05 0.0895182 0.0314961 9.9928E-05 0.0882001 0.256714 9.9928E-05 0.00272226 0.0211563 9.9928E-05 9.9928E-05 0.0561097 9.9928E-05
9.991E-05 0.664631 9.991E-05 0.0309769 0.00945418 9.991E-05 9.991E-05 0.123999 0.0311189 9.991E-05 0.0368839 9.991E-05 9.991E-05 9.991E-05 0.00305048 9.991E-05 9.991E-05 0.0417562 0.0571297
9.9946E-05 0.096138 9.9946E-05 0.288995 0.0306788 0.0190281 9.9946E-05 0.158084 9.9946E-05 0.0449024 0.199499 0.0861794 9.9946E-05 9.9946E-05 0.00988605 0.0335977 0.00781164 0.0152176 0.00938224
9.9901E-05 0.0147465 0.406775 0.0853863 9.9901E-05 0.324382 9.9901E-05 0.101886 0.0300876 9.9901E-05 9.9901E-05 9.9901E-05 9.9901E-05 9.9901E-05 0.00759362 0.0280452 9.9901E-05 9.9901E-05 9.9901E-05
9.9937E-05 0.244891 0.177396 0.0382738 0.00938425 9.9937E-05 0.0214406 9.9937E-05 9.9937E-05 0.0324102 9.9937E-05 0.279119 9.9937E-05 0.0169254 0.0766065 0.00736009 0.0272602 0.068234 9.9937E-05
9.9856E-05 9.9856E-05 9.9856E-05 9.9856E-05 0.000462819 9.9856E-05 9.9856E-05 9.9856E-05 0.0125652 9.9856E-05 9.9856E-05 9.9856E-05 9.9856E-05 9.9856E-05 9.9856E-05 9.9856E-05 9.9856E-05 0.985374 9.9856E-05
9.98381E-05 9.98381E-05 9.98381E-05 9.98381E-05 9.98381E-05 9.98381E-05 9.98381E-05 9.98381E-05 9.98381E-05 9.98381E-05 9.98381E-05 9.98381E-05 9.98381E-05 9.98381E-05 9.98381E-05 9.98381E-05 9.98381E-05 0.998203 9.98381E-05
9.98801E-05 0.667898 0.108786 9.98801E-05 0.0134188 9.98801E-05 0.114766 9.98801E-05 9.98801E-05 9.98801E-05 9.98801E-05 9.98801E-05 9.98801E-05 9.98801E-05 0.0334778 9.98801E-05 0.0239558 0.0364982 9.98801E-05
9.98466E-05 9.98466E-05 9.98466E-05 9.98466E-05 0.00313439 9.98466E-05 9.98466E-05 0.995168 9.98466E-05 9.98466E-05 9.98466E-05 9.98466E-05 9.98466E-05 9.98466E-05 9.98466E-05 9.98466E-05 9.98466E-05 9.98466E-05 9.98466E-05
9.991E-05 0.419337 9.991E-05 0.0636251 0.0187642 9.991E-05 9.991E-05 0.0553668 0.107933 0.0776566 9.991E-05 0.221107 9.991E-05 9.991E-05 0.015178 0.020034 9.991E-05 9.991E-05 9.991E-05
9.991E-05 0.684242 0.0776542 0.0266883 0.0033227 9.991E-05 9.991E-05 0.0143112 0.0437177 9.991E-05 9.991E-05 0.104987 9.991E-05 0.0369846 9.991E-05 0.0070923 9.991E-05 9.991E-05 9.991E-05
0.0300424 0.0991984 0.10192 9.9928E-05 9.9928E-05 9.9928E-05 0.0127702 0.502792 9.9928E-05 0.00609805 9.9928E-05 0.183112 9.9928E-05 0.014382 0.0119578 0.00944053 9.9928E-05 9.9928E-05 0.0274859
9.9937E-05 0.155776 9.9937E-05 9.9937E-05 9.9937E-05 9.9937E-05 0.0634629 0.417415 0.0358596 0.0752041 9.9937E-05 0.0247953 0.00817819 0.00720646 9.9937E-05 0.0383169 0.16051 0.00323547 0.00934159
9.991E-05 0.274732 9.991E-05 9.991E-05 9.991E-05 9.991E-05 0.151334 0.234901 0.0410842 9.991E-05 0.0218622 0.25384 9.991E-05 0.0160314 9.991E-05 0.00421459 9.991E-05 0.00100117 9.991E-05
0.0113715 0.0735007 0.075881 9.9946E-05 9.9946E-05 9.9946E-05 0.00928596 0.467085 0.0483921 9.9946E-05 9.9946E-05 0.00503816 0.093425 0.0403316 0.0708068 9.9946E-05 0.0355153 0.0597292 0.00903748
9.99549E-05 0.0989464 0.017202 9.99549E-05 0.00146558 0.00728696 0.126945 0.26863 0.0190646 9.99549E-05 0.069545 0.226339 0.0622907 0.00571707 0.00954391 0.0759436 9.99549E-05 0.0105803 9.99549E-05
9.9928E-05 0.501768 9.9928E-05 9.9928E-05 0.00412866 9.9928E-05 0.040937 9.9928E-05 0.00623643 0.0902341 9.9928E-05 0.188785 9.9928E-05 0.00516155 0.0428117 0.0519133 9.9928E-05 0.0348337 0.0323918
9.991E-05 0.343149 9.991E-05 0.0438194 9.991E-05 9.991E-05 9.991E-05 0.0450336 0.020605 9.991E-05 9.991E-05 0.372279 9.991E-05 9.991E-05 0.0152093 0.013136 0.00865504 0.137115 9.991E-05
9.9937E-05 0.465154 0.0683932 0.0575478 0.00665037 9.9937E-05 9.9937E-05 0.207658 0.00229732 9.9937E-05 9.9937E-05 0.00905137 0.0534686 9.9937E-05 0.0576236 0.0551444 9.9937E-05 0.000831195 0.0154803
0.0110791 0.426872 9.9946E-05 9.9946E-05 0.00511008 9.9946E-05 0.0198735 0.1227 9.9946E-05 0.121147 9.9946E-05 0.220902 9.9946E-05 0.00759305 0.000108233 0.00630388 0.0120357 0.0326349 0.0130404
0.00455368 0.368794 0.153752 9.9919E-05 0.0961441 9.9919E-05 9.9919E-05 0.0944304 0.0499464 9.9919E-05 9.9919E-05 0.0858378 9.9919E-05 9.9919E-05 0.0915952 0.0130753 9.9919E-05 0.0409714 9.9919E-05
9.9856E-05 0.840888 9.9856E-05 9.9856E-05 9.9856E-05 9.9856E-05 9.9856E-05 9.9856E-05 9.9856E-05 9.9856E-05 0.11226 9.9856E-05 0.0452552 9.9856E-05 9.9856E-05 9.9856E-05 9.9856E-05 9.9856E-05 9.9856E-05
9.9838E-05 9.9838E-05 9.9838E-05 9.9838E-05 0.998203 9.9838E-05 9.9838E-05 9.9838E-05 9.9838E-05 9.9838E-05 9.9838E-05 9.9838E-05 9.9838E-05 9.9838E-05 9.9838E-05 9.9838E-05 9.9838E-05 9.9838E-05 9.9838E-05
0.00641228 0.0875136 9.9937E-05 9.9937E-05 0.012322 9.9937E-05 9.9937E-05 0.353711 0.00944143 0.11246 9.9937E-05 0.0842159 0.133266 0.0302167 0.0650373 0.0261564 9.9937E-05 0.0785474 9.9937E-05
0.00573084 0.61415 9.9883E-05 9.9883E-05 9.9883E-05 9.9883E-05 9.9883E-05 0.149581 0.0796502 9.9883E-05 0.11225 9.9883E-05 9.9883E-05 9.9883E-05 9.9883E-05 9.9883E-05 9.9883E-05 0.0373398 9.9883E-05
9.991E-05 0.543393 9.991E-05 9.991E-05 0.00757129 0.107647 9.991E-05 0.20026 0.00659702 9.991E-05 0.0512687 9.991E-05 9.991E-05 0.0221215 9.991E-05 9.991E-05 9.991E-05 0.0464083 0.013734
9.9892E-05 0.77553 9.9892E-05 0.0390537 0.00304634 9.9892E-05 0.0358703 0.0251088 9.9892E-05 0.0300623 0.0901295 9.9892E-05 9.9892E-05 9.9892E-05 9.9892E-05 9.9892E-05 9.9892E-05 9.9892E-05 9.9892E-05
9.991E-05 0.407452 0.0249093 0.0202416 9.991E-05 9.991E-05 9.991E-05 0.157422 0.0133788 9.991E-05 9.991E-05 0.311225 0.0093189 0.0115983 9.991E-05 0.0434551 9.991E-05 9.991E-05 9.991E-05
0.00607568 0.376686 9.99189E-05 9.99189E-05 0.00774408 0.0610053 0.0165099 0.0449317 9.99189E-05 9.99189E-05 9.99189E-05 0.389397 9.99189E-05 9.99189E-05 9.99189E-05 0.00835137 9.99189E-05 0.0654986 0.0229009
9.98379E-05 9.98379E-05 9.98379E-05 9.98379E-05 9.98379E-05 9.98379E-05 9.98379E-05 9.98379E-05 9.98379E-05 9.98379E-05 9.98379E-05 9.98379E-05 9.98379E-05 9.98379E-05 9.98379E-05 0.998203 9.98379E-05 9.98379E-05 9.98379E-05
9.9838E-05 9.9838E-05 9.9838E-05 9.9838E-05 0.998203 9.9838E-05 9.9838E-05 9.9838E-05 9.9838E-05 9.9838E-05 9.9838E-05 9.9838E-05 9.9838E-05 9.9838E-05 9.9838E-05 9.9838E-05 9.9838E-05 9.9838E-05 9.9838E-05
9.9838E-05 9.9838E-05 9.9838E-05 9.9838E-05 9.9838E-05 9.9838E-05 9.9838E-05 9.9838E-05 9.9838E-05 9.9838E-05 9.9838E-05 9.9838E-05 9.9838E-05 9.9838E-05 9.9838E-05 0.998203 9.9838E-05 9.9838E-05 9.9838E-05
0.000460023 0.216837 9.9901E-05 9.9901E-05 9.9901E-05 9.9901E-05 9.9901E-05 0.549325 0.0223079 0.0869327 9.9901E-05 0.0485597 9.9901E-05 9.9901E-05 0.067296 9.9901E-05 9.9901E-05 9.9901E-05 0.00718337
0.0359392 0.236834 0.0496398 9.9937E-05 0.0242254 9.9937E-05 9.9937E-05 0.401161 0.0314519 0.0758533 9.9937E-05 0.0367763 9.9937E-05 0.012818 0.0486859 0.0423441 9.9937E-05 9.9937E-05 0.00357189
0.00784428 0.182313 9.9973E-05 0.00590339 0.012843 0.0400212 9.9973E-05 0.359899 0.0071186 0.0416136 9.9973E-05 0.0509162 0.127296 0.0146101 0.0562994 0.0405037 0.0323205 0.0034241 0.0167731
0.027255 0.648276 9.9919E-05 0.0458578 0.0226787 9.9919E-05 9.9919E-05 0.0838381 9.9919E-05 0.0424162 9.9919E-05 9.9919E-05 0.0284402 9.9919E-05 0.0122797 0.0464839 9.9919E-05 9.9919E-05 0.0415749
0.0161752 0.705345 9.9919E-05 0.0739557 0.0202021 0.0457428 9.9919E-05 9.9919E-05 0.005195 9.9919E-05 9.9919E-05 9.9919E-05 0.118708 0.0018007 0.00321942 0.00875691 9.9919E-05 9.9919E-05 9.9919E-05
9.98375E-05 9.98375E-05 9.98375E-05 9.98375E-05 9.98375E-05 9.98375E-05 9.98375E-05 0.998203 9.98375E-05 9.98375E-05 9.98375E-05 9.98375E-05 9.98375E-05 9.98375E-05 9.98375E-05 9.98375E-05 9.98375E-05 9.98375E-05 9.98375E-05
0.000158904 0.433699 9.9946E-05 0.037522 0.0166286 0.058212 0.0789001 0.26117 9.9946E-05 0.0347074 9.9946E-05 9.9946E-05 9.9946E-05 0.0248016 0.00901693 0.0118306 9.9946E-05 0.00303445 0.029719
9.9847E-05 9.9847E-05 9.9847E-05 9.9847E-05 9.9847E-05 9.9847E-05 9.9847E-05 9.9847E-05 9.9847E-05 9.9847E-05 9.9847E-05 0.972226 9.9847E-05 9.9847E-05 0.0260766 9.9847E-05 9.9847E-05 9.9847E-05 9.9847E-05
9.9865E-05 9.9865E-05 9.9865E-05 9.9865E-05 9.9865E-05 9.9865E-05 9.9865E-05 0.000137589 0.0122747 9.9865E-05 9.9865E-05 9.9865E-05 0.964782 9.9865E-05 9.9865E-05 9.9865E-05 9.9865E-05 0.0213078 9.9865E-05
0.0111 9.9901E-05 9.9901E-05 9.9901E-05 0.0225374 9.9901E-05 9.9901E-05 9.9901E-05 0.00313349 9.9901E-05 9.9901E-05 0.495616 0.398133 0.0330654 9.9901E-05 0.0181598 9.9901E-05 0.0171564 9.9901E-05
9.9838E-05 9.9838E-05 9.9838E-05 9.9838E-05 9.9838E-05 9.9838E-05 9.9838E-05 9.9838E-05 9.9838E-05 9.9838E-05 9.9838E-05 0.998203 9.9838E-05 9.9838E-05 9.9838E-05 9.9838E-05 9.9838E-05 9.9838E-05 9.9838E-05
9.9883E-05 9.9883E-05 9.9883E-05 0.00378759 0.0373044 9.9883E-05 9.9883E-05 9.9883E-05 9.9883E-05 0.037176 0.0190795 0.895077 9.9883E-05 9.9883E-05 9.9883E-05 0.0062773 9.9883E-05 9.9883E-05 9.9883E-05
9.98561E-05 9.98561E-05 9.98561E-05 9.98561E-05 9.98561E-05 9.98561E-05 9.98561E-05 9.98561E-05 9.98561E-05 9.98561E-05 0.0258309 9.98561E-05 0.966467 9.98561E-05 0.00610454 9.98561E-05 9.98561E-05 9.98561E-05 9.98561E-05
9.9856E-05 9.9856E-05 9.9856E-05 9.9856E-05 9.9856E-05 9.9856E-05 9.9856E-05 9.9856E-05 9.9856E-05 0.044483 9.9856E-05 0.401705 0.552214 9.9856E-05 9.9856E-05 9.9856E-05 9.9856E-05 9.9856E-05 9.9856E-05
9.9856E-05 9.9856E-05 9.9856E-05 9.9856E-05 0.000764314 9.9856E-05 9.9856E-05 9.9856E-05 9.9856E-05 9.9856E-05 9.9856E-05 9.9856E-05 0.977286 9.9856E-05 9.9856E-05 9.9856E-05 9.9856E-05 9.9856E-05 0.020352
9.9856E-05 9.9856E-05 0.0486269 0.0312919 9.9856E-05 9.9856E-05 9.9856E-05 9.9856E-05 9.9856E-05 9.9856E-05 9.9856E-05 9.9856E-05 0.918483 9.9856E-05 9.9856E-05 9.9856E-05 9.9856E-05 9.9856E-05 9.9856E-05
0.0167722 9.9865E-05 9.9865E-05 9.9865E-05 0.00756639 9.9865E-05 9.9865E-05 9.9865E-05 9.9865E-05 9.9865E-05 9.9865E-05 0.953795 9.9865E-05 9.9865E-05 9.9865E-05 9.9865E-05 9.9865E-05 0.0203685 9.9865E-05
9.9865E-05 9.9865E-05 9.9865E-05 9.9865E-05 9.9865E-05 9.9865E-05 9.9865E-05 0.0408306 9.9865E-05 9.9865E-05 9.9865E-05 9.9865E-05 0.887604 9.9865E-05 9.9865E-05 0.00900048 0.0610665 9.9865E-05 9.9865E-05
9.9874E-05 9.9874E-05 0.486214 9.9874E-05 9.9874E-05 9.9874E-05 9.9874E-05 9.9874E-05 9.9874E-05 0.101198 0.282892 9.9874E-05 0.10732 9.9874E-05 9.9874E-05 0.020977 9.9874E-05 9.9874E-05 9.9874E-05
0.00311698 9.9865E-05 0.836892 9.9865E-05 0.0223263 9.9865E-05 9.9865E-05 9.9865E-05 9.9865E-05 9.9865E-05 9.9865E-05 9.9865E-05 0.136167 9.9865E-05 9.9865E-05 9.9865E-05 9.9865E-05 9.9865E-05 9.9865E-05
0.00436315 9.9892E-05 0.872207 9.9892E-05 0.00690166 9.9892E-05 0.00891257 9.9892E-05 9.9892E-05 9.9892E-05 9.9892E-05 9.9892E-05 9.9892E-05 9.9892E-05 9.9892E-05 0.0166402 0.0629472 0.02683 9.9892E-05
9.98561E-05 9.98561E-05 9.98561E-05 0.0184405 9.98561E-05 9.98561E-05 9.98561E-05 9.98561E-05 9.98561E-05 0.97072 9.98561E-05 9.98561E-05 9.98561E-05 9.98561E-05 9.98561E-05 9.98561E-05 9.98561E-05 0.00924196 9.98561E-05
0.0235965 9.9874E-05 0.905912 9.9874E-05 9.9874E-05 9.9874E-05 9.9874E-05 0.0117139 0.0431198 9.9874E-05 9.9874E-05 9.9874E-05 9.9874E-05 0.01426 9.9874E-05 9.9874E-05 9.9874E-05 9.9874E-05 9.9874E-05
9.98561E-05 9.98561E-05 9.98561E-05 9.98561E-05 9.98561E-05 9.98561E-05 9.98561E-05 9.98561E-05 9.98561E-05 9.98561E-05 0.97287 0.0184528 9.98561E-05 9.98561E-05 9.98561E-05 9.98561E-05 9.98561E-05 9.98561E-05 0.00708003
9.98561E-05 9.98561E-05 9.98561E-05 9.98561E-05 0.0420263 9.98561E-05 0.0102075 9.98561E-05 9.98561E-05 9.98561E-05 0.946169 9.98561E-05 9.98561E-05 9.98561E-05 9.98561E-05 9.98561E-05 9.98561E-05 9.98561E-05 9.98561E-05
0.00701814 9.9883E-05 0.00407659 9.9883E-05 9.9883E-05 0.0894743 9.9883E-05 9.9883E-05 9.9883E-05 9.9883E-05 0.831157 9.9883E-05 0.0211286 9.9883E-05 9.9883E-05 9.9883E-05 9.9883E-05 0.0458465 9.9883E-05
9.99189E-05 0.0677468 0.236939 9.99189E-05 9.99189E-05 9.99189E-05 0.0991485 0.0176025 9.99189E-05 0.0826218 0.288996 9.99189E-05 9.99189E-05 0.055822 9.99189E-05 0.034013 0.0885852 0.0276264 9.99189E-05
9.98651E-05 9.98651E-05 0.877465 0.0298094 0.0114563 9.98651E-05 9.98651E-05 9.98651E-05 9.98651E-05 9.98651E-05 9.98651E-05 0.0797715 9.98651E-05 9.98651E-05 9.98651E-05 9.98651E-05 9.98651E-05 9.98651E-05 9.98651E-05
9.9883E-05 9.9883E-05 0.699777 9.9883E-05 9.9883E-05 9.9883E-05 9.9883E-05 9.9883E-05 0.0195679 9.9883E-05 0.218709 9.9883E-05 0.0335995 9.9883E-05 0.0215153 0.00553254 9.9883E-05 9.9883E-05 9.9883E-05
9.98471E-05 9.98471E-05 0.981966 9.98471E-05 9.98471E-05 9.98471E-05 9.98471E-05 9.98471E-05 9.98471E-05 9.98471E-05 9.98471E-05 9.98471E-05 9.98471E-05 9.98471E-05 0.0163363 9.98471E-05 9.98471E-05 9.98471E-05 9.98471E-05
0.00411103 9.9928E-05 0.529298 0.0199662 9.9928E-05 0.0805635 9.9928E-05 0.0811189 9.9928E-05 9.9928E-05 0.190433 9.9928E-05 0.059718 9.9928E-05 0.00958127 0.0068067 9.9928E-05 0.0135642 0.0040393
9.9892E-05 9.9892E-05 0.23354 0.0388851 9.9892E-05 0.221631 9.9892E-05 0.100888 9.9892E-05 9.9892E-05 0.196758 0.200476 9.9892E-05 0.00662341 9.9892E-05 9.9892E-05 9.9892E-05 9.9892E-05 9.9892E-05
9.9892E-05 9.9892E-05 9.9892E-05 9.9892E-05 9.9892E-05 0.763771 9.9892E-05 0.0563218 9.9892E-05 0.0224728 0.0385991 9.9892E-05 9.9892E-05 0.00672363 0.0407409 9.9892E-05 0.0701716 9.9892E-05 9.9892E-05
9.9901E-05 9.9901E-05 9.9901E-05 9.9901E-05 0.0102558 0.786999 9.9901E-05 0.0291616 0.011313 9.9901E-05 0.0942793 9.9901E-05 9.9901E-05 0.0277391 0.0326402 9.9901E-05 9.9901E-05 9.9901E-05 0.00651269
9.9856E-05 9.9856E-05 9.9856E-05 9.9856E-05 9.9856E-05 0.949429 9.9856E-05 9.9856E-05 9.9856E-05 9.9856E-05 9.9856E-05 9.9856E-05 0.017071 9.9856E-05 0.031902 9.9856E-05 9.9856E-05 9.9856E-05 9.9856E-05
9.9865E-05 0.0769583 9.9865E-05 9.9865E-05 9.9865E-05 0.802096 9.9865E-05 9.9865E-05 9.9865E-05 0.117658 9.9865E-05 9.9865E-05 9.9865E-05 9.9865E-05 9.9865E-05 9.9865E-05 9.9865E-05 0.0017895 9.9865E-05
9.98381E-05 9.98381E-05 9.98381E-05 9.98381E-05 9.98381E-05 0.998203 9.98381E-05 9.98381E-05 9.98381E-05 9.98381E-05 9.98381E-05 9.98381E-05 9.98381E-05 9.98381E-05 9.98381E-05 9.98381E-05 9.98381E-05 9.98381E-05 9.98381E-05
0.0145117 0.00791705 9.9874E-05 9.9874E-05 9.9874E-05 0.894829 0.0502723 9.9874E-05 0.0310718 9.9874E-05 9.9874E-05 9.9874E-05 9.9874E-05 9.9874E-05 9.9874E-05 9.9874E-05 9.9874E-05 9.9874E-05 9.9874E-05
9.9901E-05 9.9901E-05 0.00662656 9.9901E-05 9.9901E-05 0.689542 0.0498674 0.103588 0.0345145 9.9901E-05 9.9901E-05 0.029005 9.9901E-05 9.9901E-05 9.9901E-05 0.0208986 0.0648591 9.9901E-05 9.9901E-05
9.98651E-05 9.98651E-05 9.98651E-05 9.98651E-05 0.0130151 0.773461 9.98651E-05 9.98651E-05 9.98651E-05 9.98651E-05 0.173956 9.98651E-05 9.98651E-05 9.98651E-05 9.98651E-05 9.98651E-05 9.98651E-05 0.0380695 9.98651E-05
9.9865E-05 9.9865E-05 9.9865E-05 9.9865E-05 0.000703185 9.9865E-05 9.9865E-05 0.0411799 0.00353587 0.953083 9.9865E-05 9.9865E-05 9.9865E-05 9.9865E-05 9.9865E-05 9.9865E-05 9.9865E-05 9.9865E-05 9.9865E-05
9.98741E-05 0.0127867 9.98741E-05 9.98741E-05 9.98741E-05 9.98741E-05 9.98741E-05 9.98741E-05 0.000949504 0.054242 0.927356 9.98741E-05 9.98741E-05 9.98741E-05 9.98741E-05 9.98741E-05 9.98741E-05 9.98741E-05 0.003268
9.9883E-05 9.9883E-05 9.9883E-05 9.9883E-05 0.00818022 9.9883E-05 9.9883E-05 0.0912767 9.9883E-05 0.0130402 0.822278 9.9883E-05 9.9883E-05 9.9883E-05 0.0310723 9.9883E-05 0.0328541 9.9883E-05 9.9883E-05
0.00192013 0.0422906 9.9892E-05 9.9892E-05 9.9892E-05 9.9892E-05 0.049308 9.9892E-05 9.9892E-05 0.863825 0.0100582 0.0237742 9.9892E-05 0.00762529 9.9892E-05 9.9892E-05 9.9892E-05 9.9892E-05 9.9892E-05
0.0268255 9.99099E-05 0.682223 9.99099E-05 9.99099E-05 9.99099E-05 0.0549255 0.0588634 9.99099E-05 0.0346335 0.11052 9.99099E-05 9.99099E-05 0.00073399 9.99099E-05 0.0286224 9.99099E-05 0.00165306 9.99099E-05
9.9919E-05 9.9919E-05 0.0696404 9.9919E-05 9.9919E-05 0.0331193 0.129487 0.0513305 0.01336 0.301507 0.344112 9.9919E-05 9.9919E-05 0.0046696 0.0422911 9.9919E-05 9.9919E-05 9.9919E-05 0.00958401
0.0237409 9.99279E-05 0.126851 9.99279E-05 9.99279E-05 0.340748 0.0482767 0.0950751 9.99279E-05 0.296707 0.0155275 0.00968018 9.99279E-05 9.99279E-05 0.0129081 9.99279E-05 9.99279E-05 0.0215233 0.00816247
9.98471E-05 9.98471E-05 9.98471E-05 9.98471E-05 9.98471E-05 9.98471E-05 9.98471E-05 9.98471E-05 9.98471E-05 0.98991 9.98471E-05 9.98471E-05 9.98471E-05 9.98471E-05 0.00839281 9.98471E-05 9.98471E-05 9.98471E-05 9.98471E-05
9.9874E-05 9.9874E-05 0.57771 9.9874E-05 0.00937847 9.9874E-05 9.9874E-05 9.9874E-05 9.9874E-05 0.364739 9.9874E-05 9.9874E-05 9.9874E-05 9.9874E-05 0.0159614 0.0308133 9.9874E-05 9.9874E-05 9.9874E-05
9.9883E-05 0.0103095 0.0307722 9.9883E-05 0.00603779 9.9883E-05 9.9883E-05 9.9883E-05 9.9883E-05 0.935686 9.9883E-05 9.9883E-05 0.00875589 0.00714047 9.9883E-05 9.9883E-05 9.9883E-05 9.9883E-05 9.9883E-05
9.9883E-05 9.9883E-05 0.219791 0.0169349 9.9883E-05 9.9883E-05 9.9883E-05 9.9883E-05 9.9883E-05 0.609047 9.9883E-05 0.0550054 9.9883E-05 9.9883E-05 9.9883E-05 9.9883E-05 0.0722092 0.0257146 9.9883E-05
9.9883E-05 9.9883E-05 9.9883E-05 9.9883E-05 0.00300024 0.0800482 9.9883E-05 9.9883E-05 9.9883E-05 9.9883E-05 0.829516 9.9883E-05 9.9883E-05 9.9883E-05 0.0288317 0.00615611 9.9883E-05 0.0511489 9.9883E-05
0.00789885 9.9874E-05 9.9874E-05 9.9874E-05 9.9874E-05 9.9874E-05 9.9874E-05 9.9874E-05 9.9874E-05 0.0589793 0.872043 0.0379168 9.9874E-05 0.0217637 9.9874E-05 9.9874E-05 9.9874E-05 9.9874E-05 9.9874E-05
0.0229725 9.98741E-05 9.98741E-05 9.98741E-05 9.98741E-05 9.98741E-05 0.945647 9.98741E-05 0.00295808 9.98741E-05 9.98741E-05 9.98741E-05 9.98741E-05 9.98741E-05 0.0179019 0.00912229 9.98741E-05 9.98741E-05 9.98741E-05
9.9883E-05 9.9883E-05 0.00232445 9.9883E-05 0.00863136 9.9883E-05 0.884689 0.0884196 0.00580253 9.9883E-05 9.9883E-05 9.9883E-05 9.9883E-05 0.00883483 9.9883E-05 9.9883E-05 9.9883E-05 9.9883E-05 9.9883E-05
9.9874E-05 9.9874E-05 9.9874E-05 9.9874E-05 9.9874E-05 9.9874E-05 0.848186 0.0681772 0.00906496 9.9874E-05 9.9874E-05 0.0223971 9.9874E-05 9.9874E-05 9.9874E-05 9.9874E-05 9.9874E-05 9.9874E-05 0.0507763
0.00517297 9.9883E-05 9.9883E-05 9.9883E-05 9.9883E-05 9.9883E-05 0.873404 9.9883E-05 9.9883E-05 0.012888 9.9883E-05 9.9883E-05 9.9883E-05 9.9883E-05 0.0202704 0.0381695 9.9883E-05 9.9883E-05 0.0487971
9.9901E-05 0.017593 9.9901E-05 9.9901E-05 9.9901E-05 0.0693965 0.842742 9.9901E-05 0.000920289 9.9901E-05 9.9901E-05 9.9901E-05 0.00327223 9.9901E-05 9.9901E-05 0.00210728 9.9901E-05 0.0266889 0.036181
0.0200689 0.00418617 0.124008 0.128929 0.0153208 9.9901E-05 0.682694 9.9901E-05 0.0130195 9.9901E-05 9.9901E-05 9.9901E-05 9.9901E-05 9.9901E-05 9.9901E-05 0.0106747 9.9901E-05 9.9901E-05 9.9901E-05
9.98561E-05 9.98561E-05 9.98561E-05 0.0155077 9.98561E-05 9.98561E-05 0.979989 9.98561E-05 9.98561E-05 9.98561E-05 0.00290529 9.98561E-05 9.98561E-05 9.98561E-05 9.98561E-05 9.98561E-05 9.98561E-05 9.98561E-05 9.98561E-05
9.9883E-05 9.9883E-05 9.9883E-05 9.9883E-05 9.9883E-05 9.9883E-05 0.82761 9.9883E-05 9.9883E-05 0.0398333 9.9883E-05 0.00733072 9.9883E-05 9.9883E-05 9.9883E-05 0.00809687 0.101691 9.9883E-05 0.0141396
