0.765384 0.00579111 9.99461E-05 9.99461E-05 9.99461E-05 0.228226 9.99461E-05 9.99461E-05 9.99461E-05
0.860088 9.9937E-05 9.9937E-05 9.9937E-05 9.9937E-05 9.9937E-05 9.9937E-05 0.139212 9.9937E-05
0.350184 9.99461E-05 9.99461E-05 9.99461E-05 9.99461E-05 0.584483 9.99461E-05 9.99461E-05 0.0647326
9.99371E-05 9.99371E-05 9.99371E-05 0.0984712 9.99371E-05 9.99371E-05 9.99371E-05 0.900829 9.99371E-05
9.9946E-05 9.9946E-05 9.9946E-05 9.9946E-05 0.945649 0.0172918 9.9946E-05 0.0364594 9.9946E-05
0.127989 9.9955E-05 0.00729595 0.85576 9.9955E-05 0.00845566 9.9955E-05 9.9955E-05 9.9955E-05
9.9964E-05 9.9964E-05 0.186067 9.9964E-05 0.069072 0.449562 0.191749 0.10315 9.9964E-05
0.306178 9.99461E-05 0.133796 9.99461E-05 9.99461E-05 9.99461E-05 9.99461E-05 9.99461E-05 0.559426
9.99371E-05 9.99371E-05 9.99371E-05 0.379255 9.99371E-05 9.99371E-05 0.620045 9.99371E-05 9.99371E-05
9.99371E-05 9.99371E-05 0.0255179 9.99371E-05 0.973783 9.99371E-05 9.99371E-05 9.99371E-05 9.99371E-05
9.99371E-05 9.99371E-05 0.980872 9.99371E-05 0.0184286 9.99371E-05 9.99371E-05 9.99371E-05 9.99371E-05
0.223264 9.99371E-05 9.99371E-05 9.99371E-05 9.99371E-05 9.99371E-05 9.99371E-05 9.99371E-05 0.776037
9.99551E-05 9.99551E-05 9.99551E-05 9.99551E-05 0.385085 0.180725 0.375584 0.0581064 9.99551E-05
9.99462E-05 9.99462E-05 9.99462E-05 9.99462E-05 0.126794 0.67209 9.99462E-05 0.200517 9.99462E-05
9.99462E-05 9.99462E-05 0.0323623 0.0402863 0.926752 9.99462E-05 9.99462E-05 9.99462E-05 9.99462E-05
9.99371E-05 9.99371E-05 9.99371E-05 9.99371E-05 9.99371E-05 0.0275416 0.971759 9.99371E-05 9.99371E-05
9.99551E-05 9.99551E-05 9.99551E-05 9.99551E-05 0.00135962 9.99551E-05 0.0192876 0.0460989 0.932754
0.0109585 9.9964E-05 0.213653 0.0560827 0.154234 9.9964E-05 0.564672 9.9964E-05 9.9964E-05
0.0523964 9.9937E-05 9.9937E-05 0.946904 9.9937E-05 9.9937E-05 9.9937E-05 9.9937E-05 9.9937E-05
9.993E-05 0.999201 9.993E-05 9.993E-05 9.993E-05 9.993E-05 9.993E-05 9.993E-05 9.993E-05
0.0495019 0.765164 9.99551E-05 0.0593851 9.99551E-05 9.99551E-05 0.125449 9.99551E-05 9.99551E-05
9.99371E-05 9.99371E-05 9.99371E-05 9.99371E-05 9.99371E-05 9.99371E-05 0.68861 9.99371E-05 0.31069
9.9955E-05 0.29657 9.9955E-05 9.9955E-05 0.131435 0.0732011 0.498294 9.9955E-05 9.9955E-05
9.9946E-05 0.160921 0.0895035 9.9946E-05 9.9946E-05 9.9946E-05 9.9946E-05 0.748976 9.9946E-05
9.99461E-05 9.99461E-05 0.0623099 0.111456 9.99461E-05 0.825635 9.99461E-05 9.99461E-05 9.99461E-05
9.99461E-05 0.188555 9.99461E-05 9.99461E-05 0.719864 9.99461E-05 0.0909814 9.99461E-05 9.99461E-05
9.993E-05 9.993E-05 9.993E-05 9.993E-05 9.993E-05 9.993E-05 9.993E-05 0.999201 9.993E-05
9.99731E-05 9.99731E-05 0.0283125 0.409171 0.212752 9.99731E-05 0.169437 0.17153 0.00849818
0.999201 9.993E-05 9.993E-05 9.993E-05 9.993E-05 9.993E-05 9.993E-05 9.993E-05 9.993E-05
9.99462E-05 9.99462E-05 9.99462E-05 0.305766 9.99462E-05 9.99462E-05 0.0823932 9.99462E-05 0.611241
9.99461E-05 9.99461E-05 0.0605356 9.99461E-05 9.99461E-05 0.930784 0.00808075 9.99461E-05 9.99461E-05
9.993E-05 9.993E-05 9.993E-05 9.993E-05 9.993E-05 0.999201 9.993E-05 9.993E-05 9.993E-05
9.9946E-05 9.9946E-05 0.0891491 9.9946E-05 0.604795 0.305456 9.9946E-05 9.9946E-05 9.9946E-05
9.99461E-05 9.99461E-05 9.99461E-05 0.913339 9.99461E-05 0.063591 0.0224707 9.99461E-05 9.99461E-05
9.99371E-05 9.99371E-05 9.99371E-05 9.99371E-05 9.99371E-05 9.99371E-05 9.99371E-05 0.344178 0.655122
9.993E-05 9.993E-05 9.993E-05 9.993E-05 9.993E-05 9.993E-05 0.999201 9.993E-05 9.993E-05
0.00384102 9.99461E-05 9.99461E-05 0.688664 9.99461E-05 9.99461E-05 0.306896 9.99461E-05 9.99461E-05
9.99551E-05 9.99551E-05 0.000842329 0.946268 9.99551E-05 0.0246862 0.027704 9.99551E-05 9.99551E-05
9.99371E-05 9.99371E-05 0.965279 0.0340216 9.99371E-05 9.99371E-05 9.99371E-05 9.99371E-05 9.99371E-05
9.99641E-05 0.046341 9.99641E-05 0.775132 0.0193137 9.99641E-05 9.99641E-05 0.117191 0.0416224
9.9937E-05 9.9937E-05 9.9937E-05 0.605819 9.9937E-05 9.9937E-05 9.9937E-05 9.9937E-05 0.393481
9.993E-05 9.993E-05 9.993E-05 9.993E-05 9.993E-05 9.993E-05 9.993E-05 9.993E-05 0.999201
0.0149187 0.984382 9.99372E-05 9.99372E-05 9.99372E-05 9.99372E-05 9.99372E-05 9.99372E-05 9.99372E-05
0.0142226 9.99371E-05 9.99371E-05 9.99371E-05 9.99371E-05 0.985078 9.99371E-05 9.99371E-05 9.99371E-05
9.99372E-05 0.18512 9.99372E-05 9.99372E-05 0.814181 9.99372E-05 9.99372E-05 9.99372E-05 9.99372E-05
0.420533 9.99551E-05 9.99551E-05 9.99551E-05 9.99551E-05 9.99551E-05 0.00966268 0.0473156 0.521989
0.0216175 0.188266 0.000595141 0.119598 9.996E-05 9.996E-05 0.669524 9.996E-05 9.996E-05
9.99372E-05 9.99372E-05 9.99372E-05 0.76274 9.99372E-05 9.99372E-05 0.236561 9.99372E-05 9.99372E-05
9.99551E-05 0.720432 0.226144 9.99551E-05 0.0483323 9.99551E-05 9.99551E-05 9.99551E-05 0.00459254
9.99371E-05 0.731744 9.99371E-05 0.267556 9.99371E-05 9.99371E-05 9.99371E-05 9.99371E-05 9.99371E-05
