0.9998 9.999E-05 9.999E-05
0.796695 0.0699278 0.133378
0.881806 0.113788 0.00440582
0.861638 0.120414 0.0179481
0.879138 0.0723937 0.0484683
0.956231 0.0436693 9.9991E-05
0.977228 0.022672 9.9991E-05
0.884012 0.0898656 0.026122
0.859101 0.140564 0.000335077
0.887475 0.112425 9.9991E-05
0.798667 0.151322 0.0500108
0.808649 0.124841 0.0665103
0.839057 0.0713485 0.0895941
0.763996 0.202099 0.0339049
0.868382 0.0764109 0.0552068
0.910897 0.0890034 9.9991E-05
0.9998 9.999E-05 9.999E-05
0.9998 9.999E-05 9.999E-05
0.998722 9.9991E-05 0.0011777
0.955256 9.9991E-05 0.044644
0.0561674 0.695652 0.248181
0.0533617 0.631758 0.314881
0.0861014 0.62497 0.288928
9.9991E-05 0.701708 0.298192
0.0311114 0.66874 0.300149
0.0410123 0.660783 0.298204
0.0264283 0.699281 0.27429
0.0563714 0.729218 0.21441
9.9991E-05 0.642225 0.357675
0.00275591 0.580223 0.417021
9.9991E-05 0.67134 0.32856
9.9991E-05 0.686238 0.313662
0.0667255 0.676238 0.257037
0.00122754 0.609382 0.389391
0.0210973 0.544382 0.43452
0.0964727 0.558894 0.344633
9.9991E-05 0.58151 0.41839
0.0327933 0.557757 0.40945
0.0206169 0.495502 0.483881
0.0675183 0.577147 0.355335
0.0666838 0.566098 0.367218
0.0550791 0.534777 0.410144
0.0595822 0.5792 0.361218
0.115234 0.582566 0.3022
0.0454575 0.546216 0.408327
0.117447 0.642176 0.240378
0.0201722 0.541837 0.437991
0.05239 0.572614 0.374996
0.0671843 0.607678 0.325138
0.0640591 0.62601 0.309931
0.0577718 0.573378 0.36885
0.0151226 0.652971 0.331906
0.0513939 0.577399 0.371207
0.14193 0.521511 0.336558
0.0853975 0.543706 0.370897
0.0577141 0.590023 0.352263
0.11774 0.59754 0.28472
0.051843 0.205025 0.743132
0.116649 0.00276589 0.880585
0.0736462 0.120592 0.805762
0.0577367 0.0747894 0.867474
9.9991E-05 0.0720909 0.927809
0.0624908 0.0731635 0.864346
0.0306455 0.0285522 0.940802
0.0284271 0.000127154 0.971446
0.112985 0.110886 0.776129
0.0747533 0.139444 0.785802
0.0361768 0.0721426 0.891681
0.0148553 0.0245828 0.960562
0.0381337 0.0923293 0.869537
0.0760369 0.0167191 0.907244
0.00327335 0.0727521 0.923975
0.0446738 0.0250271 0.930299
0.026986 0.19767 0.775344
0.00764152 0.30043 0.691928
0.0948297 0.172069 0.733101
0.125755 0.204469 0.669776
0.00389148 9.9991E-05 0.996009
0.048482 0.213381 0.738137
9.9991E-05 0.0891192 0.910781
0.0813413 0.122461 0.796198
0.0667089 0.0681694 0.865122
0.118812 9.9991E-05 0.881088
0.0494526 0.451033 0.499515
0.0582761 0.780626 0.161098
0.0456362 0.344743 0.60962
0.060424 0.132568 0.807008
0.0354716 0.266934 0.697594
0.0399112 0.124014 0.836075
0.00915132 9.9991E-05 0.990749
0.0376274 0.0990617 0.863311
9.9991E-05 0.13006 0.86984
0.169529 0.199031 0.63144
0.108914 0.180433 0.710652
0.0542876 0.162354 0.783358
0.120428 0.148614 0.730958
0.0696212 0.213753 0.716625
0.0924108 0.0487781 0.858811
0.0339714 0.031538 0.934491
0.0526174 0.057847 0.889536
0.0226461 0.142618 0.834736
0.0497284 0.112869 0.837403
0.0231495 0.0803476 0.896503
0.00230392 9.9991E-05 0.997596
0.0793773 0.112606 0.808016
0.0564104 0.0210579 0.922532
0.0787162 0.130532 0.790752
0.0386332 0.120598 0.840769
0.0701973 0.0793557 0.850447
0.0838382 0.09078 0.825382
0.0152721 9.9991E-05 0.984628
9.999E-05 9.999E-05 0.9998
9.999E-05 9.999E-05 0.9998
0.0385994 0.0866871 0.874714
0.0583336 0.14245 0.799216
0.0960164 0.0808422 0.823141
0.103254 9.9991E-05 0.896646
0.0185336 0.0862802 0.895186
0.0511652 0.0699472 0.878888
0.1008 0.138375 0.760825
0.0480827 0.270833 0.681084
9.9991E-05 0.329885 0.670015
9.9991E-05 0.320502 0.679398
0.0672914 0.272323 0.660385
0.0191751 0.345009 0.635816
9.9991E-05 0.416173 0.583727
0.0477468 0.416914 0.535339
0.0826293 0.287046 0.630325
0.0300435 0.390782 0.579175
0.0336829 0.319317 0.647
0.0285797 0.351279 0.620142
0.0471488 0.921393 0.0314578
0.0446377 0.918174 0.0371881
0.0469113 0.907791 0.0452976
0.0811102 0.91879 9.9991E-05
0.0541767 0.904082 0.0417411
0.0346965 0.919201 0.0461024
0.0220353 0.977865 9.9991E-05
0.0130047 0.970488 0.0165069
0.0780794 0.748638 0.173282
0.0370657 0.946619 0.0163148
0.0391474 0.960753 9.9991E-05
0.0702037 0.929696 9.9991E-05
0.0684264 0.835366 0.096208
0.0342347 0.748256 0.217509
0.0978863 0.785397 0.116717
0.122126 0.873235 0.00463895
0.0342129 0.958634 0.00715279
0.0799691 0.885257 0.0347739
0.0799439 0.919956 9.9991E-05
0.0576528 0.913477 0.0288697
0.109219 0.805009 0.0857726
0.0070381 0.912401 0.0805605
0.0786455 0.861115 0.0602391
0.0639304 0.878885 0.0571849
0.0765315 0.872546 0.0509228
0.0348301 0.875169 0.0900005
0.0822988 0.902868 0.0148327
0.112185 0.813029 0.074786
0.111067 0.821637 0.0672958
9.9991E-05 0.940903 0.0589968
9.9991E-05 0.981783 0.0181173
0.0689379 0.893689 0.0373729
0.0399591 0.940383 0.0196576
0.034602 0.957797 0.00760099
0.0577969 0.942103 9.9991E-05
0.0734791 0.700343 0.226178
0.105545 0.6629 0.231555
0.168995 0.577999 0.253006
0.165469 0.595772 0.238759
0.14976 0.552791 0.297449
9.9991E-05 0.69541 0.30449
0.0414671 0.660199 0.298333
0.138077 0.644431 0.217492
