0.125395 9.99461E-05 9.99461E-05 9.99461E-05 0.758296 9.99461E-05 9.99461E-05 9.99461E-05 0.0169291 0.0987805
9.9928E-05 0.0651289 9.9928E-05 9.9928E-05 0.934072 9.9928E-05 9.9928E-05 9.9928E-05 9.9928E-05 9.9928E-05
0.536329 9.99281E-05 9.99281E-05 9.99281E-05 0.462872 9.99281E-05 9.99281E-05 9.99281E-05 9.99281E-05 9.99281E-05
9.99281E-05 0.90747 9.99281E-05 9.99281E-05 9.99281E-05 0.0917305 9.99281E-05 9.99281E-05 9.99281E-05 9.99281E-05
0.00499682 0.013533 9.99371E-05 9.99371E-05 9.99371E-05 9.99371E-05 9.99371E-05 9.99371E-05 9.99371E-05 0.980771
0.0362806 9.9946E-05 0.0161068 9.9946E-05 0.11957 0.827443 9.9946E-05 9.9946E-05 9.9946E-05 9.9946E-05
0.114964 0.234404 0.549074 0.100959 9.9946E-05 9.9946E-05 9.9946E-05 9.9946E-05 9.9946E-05 9.9946E-05
9.99282E-05 9.99282E-05 9.99282E-05 9.99282E-05 0.998083 9.99282E-05 9.99282E-05 0.00111769 9.99282E-05 9.99282E-05
9.99281E-05 9.99281E-05 9.99281E-05 0.530472 9.99281E-05 0.468729 9.99281E-05 9.99281E-05 9.99281E-05 9.99281E-05
9.99281E-05 9.99281E-05 0.489177 9.99281E-05 9.99281E-05 9.99281E-05 9.99281E-05 9.99281E-05 9.99281E-05 0.510024
9.99201E-05 9.99201E-05 0.999101 9.99201E-05 9.99201E-05 9.99201E-05 9.99201E-05 9.99201E-05 9.99201E-05 9.99201E-05
9.9946E-05 9.9946E-05 9.9946E-05 9.9946E-05 0.394788 0.0571045 0.00268547 0.544823 9.9946E-05 9.9946E-05
0.164183 0.0431745 9.99731E-05 0.177143 0.0113077 0.00441202 9.99731E-05 9.99731E-05 0.0181562 0.581324
0.420311 0.318906 0.0558691 9.99461E-05 9.99461E-05 9.99461E-05 9.99461E-05 9.99461E-05 9.99461E-05 0.204314
9.99282E-05 9.99282E-05 9.99282E-05 9.99282E-05 9.99282E-05 9.99282E-05 9.99282E-05 9.99282E-05 0.0245263 0.974674
9.99201E-05 9.99201E-05 9.99201E-05 0.999101 9.99201E-05 9.99201E-05 9.99201E-05 9.99201E-05 9.99201E-05 9.99201E-05
9.99281E-05 0.0236726 9.99281E-05 9.99281E-05 9.99281E-05 9.99281E-05 9.99281E-05 0.975528 9.99281E-05 9.99281E-05
9.9955E-05 9.9955E-05 0.226375 0.633973 9.9955E-05 0.0075022 9.9955E-05 0.0389136 9.9955E-05 0.0927365
9.9928E-05 9.9928E-05 9.9928E-05 9.9928E-05 0.0731162 0.926084 9.9928E-05 9.9928E-05 9.9928E-05 9.9928E-05
9.99201E-05 9.99201E-05 9.99201E-05 9.99201E-05 9.99201E-05 9.99201E-05 0.999101 9.99201E-05 9.99201E-05 9.99201E-05
9.99551E-05 0.0519855 9.99551E-05 0.502903 0.0536708 9.99551E-05 0.0773005 9.99551E-05 0.31364 9.99551E-05
9.99461E-05 9.99461E-05 9.99461E-05 0.52433 9.99461E-05 0.0825234 9.99461E-05 0.388717 0.00382917 9.99461E-05
9.99371E-05 9.99371E-05 9.99371E-05 0.895369 9.99371E-05 9.99371E-05 9.99371E-05 9.99371E-05 0.00406633 0.0998652
0.0232545 0.620121 9.99551E-05 9.99551E-05 0.0952607 9.99551E-05 0.118655 9.99551E-05 0.142209 9.99551E-05
0.939467 9.99371E-05 9.99371E-05 9.99371E-05 9.99371E-05 0.0498409 9.99371E-05 9.99371E-05 0.00999215 9.99371E-05
9.9937E-05 9.9937E-05 9.9937E-05 0.0301305 9.9937E-05 9.9937E-05 0.120468 9.9937E-05 9.9937E-05 0.848702
9.99201E-05 0.999101 9.99201E-05 9.99201E-05 9.99201E-05 9.99201E-05 9.99201E-05 9.99201E-05 9.99201E-05 9.99201E-05
9.99551E-05 0.15626 0.0555544 9.99551E-05 9.99551E-05 0.495598 9.99551E-05 0.00248473 9.99551E-05 0.289602
9.99284E-05 9.99284E-05 9.99284E-05 9.99284E-05 0.747001 9.99284E-05 9.99284E-05 0.252199 9.99284E-05 9.99284E-05
9.99372E-05 9.99372E-05 9.99372E-05 9.99372E-05 9.99372E-05 0.567577 0.0276008 0.404123 9.99372E-05 9.99372E-05
0.717343 9.99281E-05 0.281857 9.99281E-05 9.99281E-05 9.99281E-05 9.99281E-05 9.99281E-05 9.99281E-05 9.99281E-05
0.999101 9.99201E-05 9.99201E-05 9.99201E-05 9.99201E-05 9.99201E-05 9.99201E-05 9.99201E-05 9.99201E-05 9.99201E-05
0.0251991 0.0459231 0.732529 9.9946E-05 9.9946E-05 9.9946E-05 9.9946E-05 9.9946E-05 9.9946E-05 0.195749
0.0516517 9.99461E-05 0.000132532 0.118067 9.99461E-05 0.829549 9.99461E-05 9.99461E-05 9.99461E-05 9.99461E-05
9.9928E-05 0.616201 9.9928E-05 9.9928E-05 9.9928E-05 9.9928E-05 9.9928E-05 0.382999 9.9928E-05 9.9928E-05
9.9937E-05 9.9937E-05 9.9937E-05 0.813598 0.0302545 9.9937E-05 0.155448 9.9937E-05 9.9937E-05 9.9937E-05
9.995E-05 9.995E-05 9.995E-05 0.0297664 0.0217693 0.772946 0.0533588 9.995E-05 0.12166 9.995E-05
9.9955E-05 9.9955E-05 0.0483768 0.0598121 9.9955E-05 0.845878 0.0194362 0.0259968 9.9955E-05 9.9955E-05
9.99371E-05 9.99371E-05 0.81751 9.99371E-05 0.133293 0.0484974 9.99371E-05 9.99371E-05 9.99371E-05 9.99371E-05
9.99462E-05 0.101298 9.99462E-05 9.99462E-05 9.99462E-05 0.860032 9.99462E-05 0.00453179 9.99462E-05 0.0335379
9.9928E-05 9.9928E-05 9.9928E-05 9.9928E-05 9.9928E-05 0.612139 9.9928E-05 0.387062 9.9928E-05 9.9928E-05
9.99201E-05 9.99201E-05 9.99201E-05 9.99201E-05 9.99201E-05 9.99201E-05 9.99201E-05 0.999101 9.99201E-05 9.99201E-05
9.99201E-05 9.99201E-05 9.99201E-05 9.99201E-05 9.99201E-05 9.99201E-05 9.99201E-05 9.99201E-05 0.999101 9.99201E-05
0.953273 9.99281E-05 9.99281E-05 9.99281E-05 0.045928 9.99281E-05 9.99281E-05 9.99281E-05 9.99281E-05 9.99281E-05
9.99281E-05 9.99281E-05 9.99281E-05 9.99281E-05 9.99281E-05 9.99281E-05 9.99281E-05 9.99281E-05 0.404874 0.594326
9.99371E-05 9.99371E-05 0.0146431 9.99371E-05 0.247831 9.99371E-05 9.99371E-05 0.736826 9.99371E-05 9.99371E-05
9.9937E-05 9.9937E-05 9.9937E-05 0.326101 9.9937E-05 0.197968 9.9937E-05 9.9937E-05 0.475232 9.9937E-05
9.99372E-05 9.99372E-05 9.99372E-05 0.174422 9.99372E-05 0.771322 9.99372E-05 9.99372E-05 0.0535568 9.99372E-05
0.0451196 9.99371E-05 0.024194 9.99371E-05 9.99371E-05 9.99371E-05 9.99371E-05 9.99371E-05 0.929987 9.99371E-05
9.99461E-05 9.99461E-05 0.00877566 9.99461E-05 9.99461E-05 0.107947 0.861689 0.0209887 9.99461E-05 9.99461E-05
