0.0353588 0.177454 9.9982E-05 0.726601 9.9982E-05 0.0603862
0.00487261 9.99731E-05 9.99731E-05 0.975746 9.99731E-05 0.0190813
9.9973E-05 0.603389 9.9973E-05 0.356944 9.9973E-05 0.0393674
9.997E-05 9.997E-05 0.113396 0.68614 0.200164 9.997E-05
9.9973E-05 0.0192354 0.689737 9.9973E-05 9.9973E-05 0.290727
0.0379746 0.116323 9.9973E-05 9.9973E-05 0.845402 9.9973E-05
0.124455 0.241632 0.633612 9.9973E-05 9.9973E-05 9.9973E-05
9.99641E-05 0.109405 9.99641E-05 0.890195 9.99641E-05 9.99641E-05
0.485029 9.99641E-05 9.99641E-05 9.99641E-05 0.514571 9.99641E-05
9.996E-05 9.996E-05 0.9995 9.996E-05 9.996E-05 9.996E-05
9.996E-05 0.0404405 0.95916 9.996E-05 9.996E-05 9.996E-05
0.0120779 9.9973E-05 9.9973E-05 0.881119 0.106503 9.9973E-05
0.200311 0.0217209 0.650217 9.9991E-05 0.0806458 0.0470052
9.998E-05 0.358174 0.531308 0.0757979 0.0345198 9.998E-05
9.99641E-05 9.99641E-05 0.630898 9.99641E-05 9.99641E-05 0.368702
0.9995 9.996E-05 9.996E-05 9.996E-05 9.996E-05 9.996E-05
9.99641E-05 9.99641E-05 9.99641E-05 0.943877 0.0557234 9.99641E-05
0.508523 0.0143332 0.279976 9.9982E-05 0.196968 9.9982E-05
9.9964E-05 9.9964E-05 9.9964E-05 0.0651 0.9345 9.9964E-05
0.164117 9.99641E-05 9.99641E-05 9.99641E-05 9.99641E-05 0.835483
0.194796 9.99731E-05 9.99731E-05 9.99731E-05 0.123523 0.681381
0.399707 9.9991E-05 0.0132725 0.209839 0.330998 0.0460828
0.886772 9.9973E-05 0.0510383 9.9973E-05 9.9973E-05 0.0618896
0.00261319 0.222766 9.9991E-05 0.50242 0.0165737 0.255528
0.020583 0.940072 9.9982E-05 9.9982E-05 0.0272199 0.011925
0.0185904 0.0423375 0.351553 9.9982E-05 9.9982E-05 0.587319
9.99731E-05 0.29345 9.99731E-05 0.596963 0.109287 9.99731E-05
0.0147836 9.99821E-05 0.298328 9.99821E-05 0.672122 0.0145669
0.161467 9.996E-05 9.996E-05 0.838133 9.996E-05 9.996E-05
9.99641E-05 9.99641E-05 9.99641E-05 0.350796 0.648804 9.99641E-05
9.99641E-05 0.711881 0.287719 9.99641E-05 9.99641E-05 9.99641E-05
9.996E-05 0.9995 9.996E-05 9.996E-05 9.996E-05 9.996E-05
9.9964E-05 9.9964E-05 0.980233 0.0193676 9.9964E-05 9.9964E-05
0.0146769 0.0801976 9.99731E-05 9.99731E-05 0.904826 9.99731E-05
9.997E-05 0.0253884 9.997E-05 0.777888 0.196423 9.997E-05
0.9995 9.996E-05 9.996E-05 9.996E-05 9.996E-05 9.996E-05
0.168026 9.9973E-05 9.9973E-05 9.9973E-05 0.810616 0.0210574
0.0407281 0.0367493 0.0420669 9.9982E-05 0.880256 9.9982E-05
0.0052566 0.388016 0.382435 0.0993266 0.124866 9.9991E-05
9.998E-05 9.998E-05 0.014466 0.111724 0.79639 0.0772198
9.9964E-05 9.9964E-05 9.9964E-05 0.276269 0.723331 9.9964E-05
9.99641E-05 9.99641E-05 9.99641E-05 0.85935 0.14025 9.99641E-05
9.996E-05 9.996E-05 9.996E-05 9.996E-05 9.996E-05 0.9995
9.996E-05 0.9995 9.996E-05 9.996E-05 9.996E-05 9.996E-05
9.9964E-05 9.9964E-05 0.47004 9.9964E-05 9.9964E-05 0.52956
0.0382818 9.99641E-05 9.99641E-05 0.961318 9.99641E-05 9.99641E-05
0.455626 9.9973E-05 9.9973E-05 9.9973E-05 0.237339 0.306736
0.143675 9.99731E-05 9.99731E-05 9.99731E-05 0.825918 0.030107
9.9973E-05 0.110971 0.0723107 9.9973E-05 9.9973E-05 0.816418
0.0834544 9.9982E-05 0.069687 9.9982E-05 0.346287 0.500372
