9.994E-05 9.994E-05 0.9993 9.994E-05 9.994E-05 9.994E-05 9.994E-05 9.994E-05
9.9973E-05 9.9973E-05 0.0335573 9.9973E-05 0.762389 0.0822603 0.0255562 0.0959374
0.0755803 9.9973E-05 0.0689368 0.0570426 0.77318 9.9973E-05 9.9973E-05 0.02496
0.0391169 9.9973E-05 0.0242846 0.0697488 0.815198 9.9973E-05 9.9973E-05 0.0513523
0.0220662 0.0577032 0.0911734 0.0463055 0.742495 9.9991E-05 0.00791224 0.0322442
9.9973E-05 9.9973E-05 0.0429193 0.00476673 0.877564 9.9973E-05 0.0403577 0.0340924
9.994E-05 9.994E-05 0.9993 9.994E-05 9.994E-05 9.994E-05 9.994E-05 9.994E-05
9.9982E-05 9.9982E-05 0.0823476 0.07218 0.81743 0.00265154 0.00748015 0.0177106
9.9982E-05 9.9982E-05 0.092109 0.0714074 0.704662 0.00802697 0.0144581 0.109136
0.0263116 9.9973E-05 0.0307141 9.9973E-05 0.843667 9.9973E-05 0.0474805 0.0515267
0.0188187 9.9973E-05 9.9973E-05 9.9973E-05 0.785409 0.0995021 0.0324415 0.0635289
0.0930655 0.0359301 0.133855 9.9982E-05 0.664572 0.0283388 0.0440386 9.9982E-05
0.0707952 0.0294685 0.0709526 9.9973E-05 0.7552 0.0732834 9.9973E-05 9.9973E-05
0.0641129 9.9973E-05 9.9973E-05 0.0315228 0.735993 0.0288837 9.9973E-05 0.139188
9.9973E-05 9.9973E-05 0.0383341 0.0198856 0.806564 0.0974538 9.9973E-05 0.0374623
9.9955E-05 9.9955E-05 0.023156 9.9955E-05 0.896684 9.9955E-05 9.9955E-05 0.0796602
9.9955E-05 9.9955E-05 0.0568228 9.9955E-05 0.922308 9.9955E-05 0.0203695 9.9955E-05
9.9955E-05 0.0126092 0.0290469 9.9955E-05 0.957844 9.9955E-05 9.9955E-05 9.9955E-05
9.9955E-05 0.0292192 0.0866889 9.9955E-05 0.883592 9.9955E-05 9.9955E-05 9.9955E-05
9.9946E-05 9.9946E-05 9.9946E-05 9.9946E-05 0.945628 9.9946E-05 0.0537726 9.9946E-05
0.9993 9.994E-05 9.994E-05 9.994E-05 9.994E-05 9.994E-05 9.994E-05 9.994E-05
0.736222 0.0107511 0.0462684 9.9973E-05 9.9973E-05 0.137869 9.9973E-05 0.0685892
0.638901 0.0965609 0.0354941 0.140671 0.0116284 0.0429877 9.9991E-05 0.0336567
0.717745 0.103263 9.9973E-05 0.116414 0.0116229 9.9973E-05 0.0506549 9.9973E-05
0.875708 9.9955E-05 0.00628597 0.117506 9.9955E-05 9.9955E-05 9.9955E-05 9.9955E-05
0.751823 9.9964E-05 0.0321757 0.202806 9.9964E-05 9.9964E-05 0.0127956 9.9964E-05
0.649727 0.132099 0.0339918 0.128315 9.9982E-05 0.0515378 9.9982E-05 0.00412942
0.9993 9.994E-05 9.994E-05 9.994E-05 9.994E-05 9.994E-05 9.994E-05 9.994E-05
0.636889 9.9973E-05 9.9973E-05 0.171767 9.9973E-05 0.0624063 0.00254947 0.126088
0.581731 0.0731155 9.9982E-05 0.142535 0.0319385 0.105477 9.9982E-05 0.0650028
0.677343 9.9964E-05 9.9964E-05 0.10414 9.9964E-05 0.103367 9.9964E-05 0.114751
0.655824 0.0689832 0.00607254 0.173108 9.9982E-05 9.9982E-05 0.0254387 0.070373
0.63147 0.0493531 0.0380475 0.191273 0.0139233 9.9982E-05 9.9982E-05 0.0757337
0.611795 9.9964E-05 9.9964E-05 0.00357893 9.9964E-05 0.203754 9.9964E-05 0.180472
0.529947 0.0456178 0.013482 0.123402 0.0258396 0.186424 0.0228092 0.0524774
0.416212 9.9982E-05 0.0189872 9.9982E-05 0.0490833 0.24025 0.0272467 0.248021
0.570956 0.130689 9.9973E-05 9.9973E-05 0.0280126 0.240106 9.9973E-05 0.0299368
0.0251609 0.7997 0.0231675 0.106041 0.0195942 0.0261362 9.9982E-05 9.9982E-05
9.9973E-05 0.72321 0.0704679 0.0717942 9.9973E-05 0.0858988 0.048329 9.9973E-05
9.9964E-05 0.722524 9.9964E-05 0.0596178 0.094489 0.12297 9.9964E-05 9.9964E-05
0.0532761 0.735648 0.0924448 9.9973E-05 9.9973E-05 0.0986664 9.9973E-05 0.0196646
0.0211408 0.806289 0.036564 9.9982E-05 0.0350698 0.062676 0.0380604 9.9982E-05
9.9973E-05 0.829455 0.0210535 0.0287004 0.0314208 0.0890702 9.9973E-05 9.9973E-05
0.0127534 0.646179 0.0371215 0.0208859 0.0544537 0.0306876 0.0480671 0.149852
0.0369419 0.762229 0.043761 9.9982E-05 9.9982E-05 0.0792506 0.0560571 0.0215601
0.0262088 0.694762 9.9973E-05 0.136076 0.0892649 9.9973E-05 9.9973E-05 0.0533889
0.0195776 0.838306 0.0273473 9.9973E-05 9.9973E-05 0.0565511 0.0579177 9.9973E-05
0.00672733 0.845163 0.0513395 0.0268051 0.00145193 0.046196 0.00776632 0.0145508
0.0613776 0.886285 0.0462525 9.9964E-05 9.9964E-05 9.9964E-05 0.00568523 9.9964E-05
9.9982E-05 0.716959 0.0227275 9.9982E-05 0.0462397 0.0762489 0.00940484 0.12822
0.000850342 0.781704 0.0720918 0.101605 9.9973E-05 9.9973E-05 0.0434492 9.9973E-05
0.0157341 0.897582 0.0531155 9.9973E-05 9.9973E-05 0.0271271 9.9973E-05 0.00614127
9.9964E-05 0.850912 9.9964E-05 0.0297496 0.0600753 9.9964E-05 0.0588634 9.9964E-05
0.0317745 0.777667 0.0540927 9.9982E-05 0.0620219 0.0651653 0.00907877 9.9982E-05
9.9973E-05 0.781309 9.9973E-05 9.9973E-05 0.0766513 0.0295376 0.0309893 0.0812133
0.0096251 0.697885 0.0154065 0.0500709 0.0387353 0.102022 9.9991E-05 0.0861557
0.0681621 0.704455 0.0245665 9.9991E-05 0.105913 0.0201318 0.0146372 0.0620349
0.0525214 0.125594 0.0330768 0.135982 0.0113095 0.500656 0.106207 0.034653
9.9955E-05 9.9955E-05 0.0133003 9.9955E-05 0.0127557 0.973444 9.9955E-05 9.9955E-05
0.027893 0.0527622 0.0536716 0.125275 9.9991E-05 0.532312 0.173856 0.0341297
9.9982E-05 0.0552708 0.0153749 0.173665 0.0416718 0.52328 0.190537 9.9982E-05
9.9964E-05 0.007883 9.9964E-05 0.26313 9.9964E-05 0.591179 0.137408 9.9964E-05
9.9973E-05 0.125463 9.9973E-05 0.120885 0.0258451 0.6301 0.0974067 9.9973E-05
0.0171928 0.0111801 0.0447374 9.9973E-05 9.9973E-05 0.720791 0.205799 9.9973E-05
9.994E-05 9.994E-05 9.994E-05 9.994E-05 9.994E-05 0.9993 9.994E-05 9.994E-05
9.9982E-05 9.9982E-05 0.00641846 0.039776 0.13218 0.623183 0.123598 0.0746443
0.117341 0.0499377 0.0368764 0.0715766 0.0279011 0.600752 0.0955154 9.9991E-05
0.000413783 0.0115053 9.9982E-05 0.205678 0.0541727 0.579574 0.148457 9.9982E-05
0.114887 0.00163412 9.9982E-05 0.094032 0.00383303 0.594255 0.19116 9.9982E-05
0.0853163 9.9982E-05 0.0310546 0.0761079 0.0320554 0.59882 0.176446 9.9982E-05
9.9973E-05 0.0323219 0.0568378 0.113794 9.9973E-05 0.716243 0.0805033 9.9973E-05
9.9973E-05 0.0561764 0.0350541 0.198005 9.9973E-05 0.601472 0.108992 9.9973E-05
0.0153484 0.0342246 0.0485392 0.125707 9.9982E-05 0.633107 0.142874 9.9982E-05
0.0212469 0.0249096 0.0154608 0.43093 9.9991E-05 0.311227 0.115914 0.0802115
0.0597227 0.268658 0.0217647 0.294325 9.9982E-05 0.228021 0.127309 9.9982E-05
9.9973E-05 0.271999 9.9973E-05 0.127494 0.0859893 0.455744 0.0584744 9.9973E-05
9.9964E-05 0.433745 9.9964E-05 9.9964E-05 0.114424 0.357307 0.0941238 9.9964E-05
9.9964E-05 0.0287024 0.0449498 9.9964E-05 9.9964E-05 0.743742 0.182206 9.9964E-05
0.0506358 0.162822 0.0213772 0.112176 0.0466073 0.30778 0.264544 0.0340565
9.9964E-05 0.138124 9.9964E-05 0.0426938 9.9964E-05 0.639287 0.179496 9.9964E-05
9.9973E-05 0.0637965 9.9973E-05 0.478123 0.0494827 0.252845 0.155452 9.9973E-05
0.0335077 9.9982E-05 0.0757137 0.111155 9.9982E-05 0.631429 0.137326 0.0106685
9.9964E-05 0.0741876 9.9964E-05 9.9964E-05 0.0808644 0.732823 0.111725 9.9964E-05
0.0419398 0.225694 0.000189012 0.0430312 0.0753193 0.212491 0.199273 0.202063
9.9973E-05 0.219968 9.9973E-05 9.9973E-05 0.0263815 0.135319 0.0504003 0.567631
0.0222004 0.141363 0.0743558 0.19404 9.9991E-05 0.425206 0.00927398 0.133461
9.9973E-05 0.0616166 9.9973E-05 0.376066 0.0659988 0.331062 0.164957 9.9973E-05
9.9982E-05 0.135505 0.0272914 0.510125 9.9982E-05 0.238356 0.0765983 0.011924
9.9982E-05 0.067189 9.9982E-05 0.144482 0.051717 0.634666 0.0521338 0.0496125
0.0521249 0.019936 0.0105165 9.9973E-05 9.9973E-05 0.191257 0.725866 9.9973E-05
0.0536403 0.0788506 9.9982E-05 0.093688 0.0435649 0.555131 0.174925 9.9982E-05
0.00444132 0.142697 0.0525146 9.9982E-05 9.9982E-05 0.664924 0.109222 0.0260017
0.132371 9.9982E-05 0.0495452 9.9982E-05 0.0527105 0.458548 0.152973 0.153652
0.16044 0.0557343 0.0493093 0.079173 0.0430832 0.40054 0.168335 0.0433852
0.0188388 9.9982E-05 0.0721134 0.0625553 9.9982E-05 0.560118 0.153607 0.132568
0.0702659 0.00100675 0.104905 0.0928553 0.0243729 0.54947 0.0923615 0.0647627
0.0328232 9.9991E-05 0.0248181 0.246381 0.0165014 0.324177 0.193175 0.162025
9.9982E-05 0.117301 0.00437126 0.113874 0.082026 0.537414 0.144813 9.9982E-05
0.0443368 0.0270017 0.0238677 0.253702 0.00474602 0.512543 0.133703 9.9991E-05
9.9973E-05 0.108129 9.9973E-05 0.0811122 0.0339862 0.566926 0.209546 9.9973E-05
0.0361123 0.0064513 0.0254482 0.163543 0.0171414 0.601088 0.119363 0.0308523
0.0123758 0.0372018 0.0129498 0.0101949 0.00836543 0.534713 0.251449 0.13275
0.0138432 0.00912512 9.9991E-05 0.139007 0.0444521 0.689667 0.0835544 0.0202505
9.994E-05 9.994E-05 9.994E-05 9.994E-05 9.994E-05 9.994E-05 0.9993 9.994E-05
0.0642045 9.9982E-05 9.9982E-05 0.0920854 0.0801731 0.521321 0.185988 0.056028
0.00589559 0.0655158 0.0104457 9.9991E-05 0.0262961 0.728947 0.138203 0.0245966
0.0272198 9.9991E-05 0.0424337 0.0868366 0.0523088 0.6129 0.132884 0.0453167
9.9973E-05 0.170862 9.9973E-05 0.0463492 0.0459306 0.627877 0.108681 9.9973E-05
9.9982E-05 0.0724244 0.0178672 0.214614 0.00458309 0.603479 0.0868322 9.9982E-05
0.0706981 0.013154 9.9982E-05 0.301322 0.069627 0.442328 0.102671 9.9982E-05
9.994E-05 9.994E-05 9.994E-05 9.994E-05 9.994E-05 9.994E-05 0.9993 9.994E-05
9.994E-05 9.994E-05 9.994E-05 9.994E-05 9.994E-05 9.994E-05 0.9993 9.994E-05
0.0204944 0.0456961 9.9955E-05 9.9955E-05 9.9955E-05 9.9955E-05 0.93331 9.9955E-05
0.0257073 0.0425409 0.0317281 9.9991E-05 0.0323396 0.648302 0.17945 0.0398322
0.11291 9.9973E-05 0.0426336 9.9973E-05 9.9973E-05 0.516647 0.278294 0.049215
0.104627 9.9991E-05 0.0376129 0.0737709 0.0321949 0.487662 0.243477 0.0205547
0.0214683 0.0790626 9.9973E-05 9.9973E-05 0.102006 0.591786 0.205377 9.9973E-05
0.0405494 0.0860948 9.9982E-05 0.0986366 0.023161 0.624435 0.126923 9.9982E-05
0.0606677 0.0322643 0.0437966 9.9982E-05 9.9982E-05 0.146632 0.685643 0.0307966
0.0399487 0.077682 0.0698917 0.0744083 0.0361159 0.453421 0.214786 0.0337461
0.0130425 9.9964E-05 9.9964E-05 0.774023 0.0158148 0.196719 9.9964E-05 9.9964E-05
9.9964E-05 9.9964E-05 9.9964E-05 0.967943 9.9964E-05 0.00917699 0.0203854 0.00209464
0.048493 9.9964E-05 0.0271847 0.817935 9.9964E-05 9.9964E-05 0.105987 9.9964E-05
9.9964E-05 9.9964E-05 0.0213582 0.885905 9.9964E-05 0.0828251 0.00951167 9.9964E-05
0.0680748 0.0223984 9.9982E-05 0.713379 9.9982E-05 0.0649615 0.0731061 0.05788
0.0756933 9.9964E-05 9.9964E-05 0.797263 9.9964E-05 0.033366 9.9964E-05 0.0932782
9.9955E-05 9.9955E-05 0.0118204 0.974058 0.0136219 9.9955E-05 9.9955E-05 9.9955E-05
0.033371 9.9964E-05 0.0514477 0.895813 9.9964E-05 0.0189687 9.9964E-05 9.9964E-05
0.00510639 0.0636065 0.0231315 0.907756 9.9964E-05 9.9964E-05 9.9964E-05 9.9964E-05
0.0152163 0.0909996 0.00557585 0.788988 9.9973E-05 9.9973E-05 0.0989202 9.9973E-05
0.0744811 9.9973E-05 0.0261372 0.769685 9.9973E-05 0.128929 0.000467476 9.9973E-05
0.0399988 0.0415249 0.0208792 0.0720306 0.0214885 9.9991E-05 0.0549911 0.748987
9.9973E-05 0.024233 0.0346906 0.200948 9.9973E-05 9.9973E-05 0.000490298 0.739338
0.0694528 0.0835968 0.017315 0.0104507 0.0294832 0.0358367 0.0253978 0.728467
0.0393387 0.14814 0.00865202 9.9973E-05 0.128405 9.9973E-05 9.9973E-05 0.675165
0.0395168 0.109206 0.0863007 9.9973E-05 9.9973E-05 0.0429063 9.9973E-05 0.72177
0.0311714 0.0184677 0.0164196 0.0886284 0.038466 0.014773 0.0328243 0.75925
0.0366763 0.104994 9.9982E-05 0.0606592 0.0179027 9.9982E-05 0.0412363 0.738331
0.019592 9.9973E-05 0.0193614 0.140148 9.9973E-05 9.9973E-05 0.0100317 0.810567
0.0428522 0.105691 0.0404947 0.0384932 0.06631 0.063921 0.0974187 0.544819
9.9964E-05 0.16614 0.0144646 0.16837 9.9964E-05 9.9964E-05 9.9964E-05 0.650625
9.9973E-05 0.0684945 0.0594897 0.137306 0.00790607 9.9973E-05 9.9973E-05 0.726504
9.9973E-05 0.112732 0.00846655 9.9973E-05 0.0726072 0.0507855 9.9973E-05 0.755109
0.0773437 0.0960498 9.9991E-05 0.0819562 0.0836148 0.00135591 0.0412193 0.61836
9.9973E-05 0.116704 0.0489186 0.0462363 9.9973E-05 0.199736 9.9973E-05 0.588105
0.0968485 9.9982E-05 0.0590505 9.9982E-05 0.0175833 0.0927916 0.0445926 0.688934
9.9973E-05 0.0458213 0.0875676 9.9973E-05 9.9973E-05 0.108712 0.0389434 0.718656
9.9982E-05 0.0446679 0.00558795 0.0495058 9.9982E-05 0.0642119 0.00346232 0.832364
9.9973E-05 9.9973E-05 0.064178 9.9973E-05 0.0240846 0.0742874 0.0575567 0.779593
0.0684362 0.0429851 0.0260314 9.9982E-05 0.0519506 9.9982E-05 0.0367592 0.773637
0.0452531 0.0514397 0.0543121 9.9973E-05 9.9973E-05 0.0981733 9.9973E-05 0.750522
0.0788119 9.9991E-05 0.0130914 0.0311173 0.0768913 0.0323405 0.0951026 0.672545
0.05503 0.0433571 9.9982E-05 0.0851985 0.0135445 9.9982E-05 0.077627 0.725043
0.0324479 0.0121484 9.9991E-05 0.0287155 0.0684992 0.00769767 0.110093 0.740298
0.0157004 0.0398339 9.9991E-05 0.0530855 0.0738571 0.0501536 0.0218535 0.745416
0.0770414 9.9982E-05 0.0386771 9.9982E-05 0.0568508 0.0208171 0.106887 0.699526
0.098919 9.9991E-05 0.0429583 0.0688657 0.0219651 0.0493111 0.00876997 0.709111
0.0517062 0.0623071 0.0294109 9.9982E-05 0.0167058 9.9982E-05 0.0612646 0.778405
9.9982E-05 0.0387105 0.00343212 9.9982E-05 0.0745033 0.125128 0.0295193 0.728506
0.0577823 0.0433927 0.0420876 0.0139351 0.028223 0.0809382 0.0195086 0.714132
0.0665134 0.0796971 9.9982E-05 9.9982E-05 0.0206237 0.00281447 0.0860617 0.74409
9.9973E-05 0.168064 0.0186042 0.0312804 9.9973E-05 9.9973E-05 0.0164244 0.765327
0.0484757 0.149531 0.0938425 0.0348738 9.9982E-05 0.015912 9.9982E-05 0.657165
0.0631908 0.10263 0.0241025 0.0788031 9.9982E-05 0.0624341 9.9982E-05 0.66864
0.0974307 9.9964E-05 0.0374265 9.9964E-05 9.9964E-05 9.9964E-05 0.12286 0.741883
0.0686042 9.9982E-05 0.0470258 0.00933319 0.0140292 0.0588138 9.9982E-05 0.801994
0.11267 0.605228 0.036168 0.0443106 0.0436637 0.0289103 9.9991E-05 0.128949
0.0853045 0.571873 0.00431095 9.9982E-05 0.0974606 9.9982E-05 0.0957337 0.145117
0.106439 0.516723 0.0609762 9.9991E-05 0.100944 0.0376188 0.0519402 0.125259
0.0434829 0.60798 0.0271004 0.0584444 0.0935094 0.0580395 0.016913 0.0945304
0.0582175 0.544527 0.0215759 0.0665917 0.132518 0.0552066 0.00384126 0.117523
0.0554594 0.688545 0.0302603 0.0612299 9.9982E-05 9.9982E-05 0.0448814 0.119424
0.0777787 0.801176 0.027643 0.0882303 9.9973E-05 9.9973E-05 9.9973E-05 0.0048719
0.159903 0.587061 9.9973E-05 0.139954 0.102517 9.9973E-05 9.9973E-05 0.0102657
