0.0112979 9.9946E-05 9.9946E-05 0.895419 9.9946E-05 9.9946E-05 0.00386945 9.9946E-05 0.0888142 9.9946E-05
0.0272566 9.9946E-05 9.9946E-05 0.665984 9.9946E-05 9.9946E-05 0.107641 9.9946E-05 0.198518 9.9946E-05
0.105954 9.9946E-05 9.9946E-05 0.757896 9.9946E-05 9.9946E-05 9.9946E-05 0.0715652 0.0639846 9.9946E-05
0.070803 9.9955E-05 9.9955E-05 0.747929 9.9955E-05 9.9955E-05 9.9955E-05 0.062895 0.0792533 0.0386199
9.9955E-05 9.9955E-05 0.0161934 0.768217 9.9955E-05 0.0243733 0.104955 9.9955E-05 0.0857609 9.9955E-05
9.9946E-05 9.9946E-05 0.0515767 0.870924 9.9946E-05 0.0501157 9.9946E-05 9.9946E-05 0.0267841 9.9946E-05
9.9955E-05 9.9955E-05 9.9955E-05 0.878518 9.9955E-05 0.0280962 0.031217 9.9955E-05 0.0147252 0.0469436
9.9964E-05 0.0594217 0.0218138 0.814021 0.00679349 0.065421 9.9964E-05 9.9964E-05 0.0321287 9.9964E-05
0.000176349 9.99752E-05 0.0068998 0.783715 9.99752E-05 0.126472 0.0225428 0.0161119 9.99752E-05 0.0437814
9.9964E-05 0.0325506 0.0107755 0.781296 9.9964E-05 9.9964E-05 0.0219376 0.0417633 0.111278 9.9964E-05
0.0694409 9.9955E-05 0.00352296 0.71719 9.9955E-05 9.9955E-05 9.9955E-05 0.029728 0.179618 9.9955E-05
0.0124729 0.00369254 0.0236753 0.703396 9.9973E-05 9.9973E-05 9.9973E-05 0.0409664 0.0478488 0.167648
9.9964E-05 9.9964E-05 9.9964E-05 0.728934 0.076863 0.0136894 0.147462 0.0163916 0.0162599 9.9964E-05
9.9955E-05 0.0924704 9.9955E-05 0.655863 9.9955E-05 0.0913823 9.9955E-05 0.028806 0.130978 9.9955E-05
0.0537459 0.0250138 9.9964E-05 0.758225 9.9964E-05 9.9964E-05 9.9964E-05 0.0568298 0.0464595 0.0593264
9.9928E-05 9.9928E-05 9.9928E-05 0.815088 9.9928E-05 9.9928E-05 9.9928E-05 9.9928E-05 9.9928E-05 0.184113
9.9937E-05 0.0429758 0.0259002 0.930424 9.9937E-05 9.9937E-05 9.9937E-05 9.9937E-05 9.9937E-05 9.9937E-05
0.0258091 9.9937E-05 9.9937E-05 0.957267 0.016224 9.9937E-05 9.9937E-05 9.9937E-05 9.9937E-05 9.9937E-05
0.0120783 9.9946E-05 9.9946E-05 0.927777 0.00084005 0.0587048 9.9946E-05 9.9946E-05 9.9946E-05 9.9946E-05
9.9955E-05 0.0360831 0.0463044 0.88865 0.0103579 9.9955E-05 9.9955E-05 0.018105 9.9955E-05 9.9955E-05
9.99201E-05 9.99201E-05 9.99201E-05 9.99201E-05 9.99201E-05 9.99201E-05 9.99201E-05 0.999101 9.99201E-05 9.99201E-05
0.0155821 0.0852861 9.9946E-05 9.9946E-05 9.9946E-05 9.9946E-05 9.9946E-05 0.632892 0.26564 9.9946E-05
9.9991E-05 0.0134846 0.00941056 0.0218783 0.0621157 0.0167432 0.0806891 0.608099 0.0378347 0.149645
0.00700827 9.9964E-05 0.0337593 0.00766592 0.156455 0.060607 9.9964E-05 0.734105 9.9964E-05 9.9964E-05
9.99637E-05 0.00294083 9.99637E-05 9.99637E-05 9.99637E-05 0.058577 0.0509705 0.834191 0.0528208 9.99637E-05
9.9973E-05 9.9973E-05 0.0300103 0.0189923 0.00364937 0.0738667 0.0945351 0.774341 9.9973E-05 0.00430488
9.9946E-05 0.122135 9.9946E-05 9.9946E-05 0.086137 0.153091 9.9946E-05 0.638038 9.9946E-05 9.9946E-05
9.99201E-05 9.99201E-05 9.99201E-05 9.99201E-05 9.99201E-05 9.99201E-05 9.99201E-05 0.999101 9.99201E-05 9.99201E-05
9.9964E-05 0.0775899 0.00586657 9.9964E-05 9.9964E-05 0.152746 0.0596929 0.642799 9.9964E-05 0.0609049
0.0209674 0.135661 9.9973E-05 9.9973E-05 0.078249 0.160735 0.0295895 0.550217 0.0242801 9.9973E-05
0.00996092 0.0393593 9.9955E-05 9.9955E-05 9.9955E-05 9.9955E-05 0.0229354 0.604421 9.9955E-05 0.322824
9.9955E-05 9.9955E-05 0.0303861 9.9955E-05 0.102774 0.216017 0.0227943 0.627528 9.9955E-05 9.9955E-05
9.9946E-05 9.9946E-05 9.9946E-05 0.0140772 9.9946E-05 0.297898 0.0987181 0.588707 9.9946E-05 9.9946E-05
0.0231908 9.9964E-05 0.00901854 9.9964E-05 9.9964E-05 9.9964E-05 0.12256 0.566204 0.169881 0.108745
0.0672977 0.0586219 0.00997318 0.00517613 9.9982E-05 9.9982E-05 0.162831 0.52641 0.0450123 0.124478
0.162828 9.99639E-05 9.99639E-05 0.0138709 9.99639E-05 9.99639E-05 0.0661453 0.369917 0.316897 0.0699414
0.127151 0.0778892 0.00111858 9.9973E-05 0.119191 0.08972 9.9973E-05 0.561051 9.9973E-05 0.0235797
0.0363326 0.0154196 9.9982E-05 9.9982E-05 0.721692 0.0436146 0.0066382 0.0483272 0.0608907 0.0668855
9.99459E-05 0.0601365 9.99459E-05 9.99459E-05 0.573015 9.99459E-05 0.149145 9.99459E-05 9.99459E-05 0.217104
9.9955E-05 0.0564082 9.9955E-05 0.0189344 0.595435 0.261908 0.0668147 9.9955E-05 9.9955E-05 9.9955E-05
9.9937E-05 0.0396331 9.9937E-05 9.9937E-05 0.657689 9.9937E-05 9.9937E-05 9.9937E-05 9.9937E-05 0.301978
0.0402935 9.9973E-05 0.0264616 0.0180561 0.694303 9.9973E-05 0.00768833 0.00742713 9.9973E-05 0.20547
9.9937E-05 0.0261888 9.9937E-05 9.9937E-05 0.712971 0.260141 9.9937E-05 9.9937E-05 9.9937E-05 9.9937E-05
0.0568977 9.9973E-05 0.0277488 0.00807626 0.552075 0.0459044 0.00770027 9.9973E-05 0.301298 9.9973E-05
0.0413995 0.0289383 9.9964E-05 9.9964E-05 0.665777 0.191936 0.0440006 0.0275487 9.9964E-05 9.9964E-05
9.9964E-05 9.9964E-05 9.9964E-05 0.0569722 0.674247 0.205008 0.0257728 0.00872069 9.9964E-05 0.0288796
9.9946E-05 9.9946E-05 0.079611 9.9946E-05 0.726905 0.0912163 9.9946E-05 9.9946E-05 9.9946E-05 0.101668
0.00819617 9.9964E-05 0.0206857 9.9964E-05 0.791579 0.118272 9.9964E-05 9.9964E-05 0.0200063 0.0408616
9.9946E-05 9.9946E-05 9.9946E-05 0.0142385 0.862675 0.0882162 9.9946E-05 0.034271 9.9946E-05 9.9946E-05
0.0300122 9.9937E-05 9.9937E-05 9.9937E-05 0.680103 9.9937E-05 9.9937E-05 9.9937E-05 0.289185 9.9937E-05
9.9955E-05 9.9955E-05 0.00671469 9.9955E-05 0.751572 9.9955E-05 0.076338 9.9955E-05 0.0453083 0.119567
0.0062901 9.9946E-05 9.9946E-05 9.9946E-05 0.739196 0.0303038 9.9946E-05 9.9946E-05 9.9946E-05 0.22361
9.99459E-05 9.99459E-05 0.0528407 9.99459E-05 0.750623 0.148229 0.0477082 9.99459E-05 9.99459E-05 9.99459E-05
0.0136777 0.0029132 0.0323207 0.0672241 0.700752 9.9964E-05 9.9964E-05 9.9964E-05 9.9964E-05 0.182713
9.9964E-05 0.0169327 0.0544467 0.0347534 0.661206 0.229326 9.9964E-05 0.00293533 9.9964E-05 9.9964E-05
0.0117782 0.0350005 0.0179642 0.0165276 0.643269 0.150555 9.9973E-05 9.9973E-05 0.124606 9.9973E-05
9.9973E-05 0.000245802 0.0312479 0.0273625 0.687635 0.0532748 9.9973E-05 0.0392077 9.9973E-05 0.160726
0.126389 0.48442 0.00323991 9.9982E-05 0.090358 9.9982E-05 0.076692 0.00631104 0.0593655 0.153025
0.999101 9.99201E-05 9.99201E-05 9.99201E-05 9.99201E-05 9.99201E-05 9.99201E-05 9.99201E-05 9.99201E-05 9.99201E-05
0.0946272 0.633552 0.0297596 9.9964E-05 9.9964E-05 9.9964E-05 0.052972 0.0296932 0.158996 9.9964E-05
0.140809 0.553712 9.9973E-05 0.0104532 0.104769 0.0186249 0.140262 9.9973E-05 9.9973E-05 0.0310689
0.204225 0.601691 9.9946E-05 9.9946E-05 9.9946E-05 0.144132 0.0493517 9.9946E-05 9.9946E-05 9.9946E-05
0.0947794 0.65978 0.0170891 9.9973E-05 0.082872 0.00644406 0.0439573 9.9973E-05 9.9973E-05 0.0947783
9.99279E-05 9.99279E-05 0.0398313 9.99279E-05 9.99279E-05 9.99279E-05 0.959369 9.99279E-05 9.99279E-05 9.99279E-05
0.999101 9.99201E-05 9.99201E-05 9.99201E-05 9.99201E-05 9.99201E-05 9.99201E-05 9.99201E-05 9.99201E-05 9.99201E-05
0.0619526 0.622508 0.0142163 0.0385492 0.00755896 9.9982E-05 0.0512414 9.9982E-05 0.203607 0.000166874
0.0311685 0.591738 0.0733349 0.0121067 0.0478227 0.0881587 0.0364635 0.11079 0.00831725 9.999E-05
0.15913 0.432056 0.0690165 0.00753492 0.0285186 9.9982E-05 0.213567 0.00698759 0.0829886 9.9982E-05
0.114061 0.456481 0.0404212 9.9964E-05 9.9964E-05 9.9964E-05 0.257248 0.0812429 9.9964E-05 0.0501462
0.184737 0.493834 0.0756398 0.0101579 9.9982E-05 0.0189043 0.12769 0.0647341 9.9982E-05 0.0241032
0.109144 0.618775 0.0212607 0.00706644 9.9964E-05 0.162834 0.08052 9.9964E-05 9.9964E-05 9.9964E-05
0.0725734 0.418395 0.0247624 9.9973E-05 0.0897602 0.0117803 0.318354 9.9973E-05 9.9973E-05 0.0640748
0.350038 0.389152 9.9955E-05 9.9955E-05 9.9955E-05 0.078537 0.142943 0.0388298 9.9955E-05 9.9955E-05
0.183931 0.2753 0.00304114 9.9973E-05 9.9973E-05 9.9973E-05 0.330602 0.0533623 0.123603 0.0298604
0.0776549 0.20701 0.0261466 9.9982E-05 0.257823 0.0855915 0.28389 0.0582918 9.9982E-05 0.00339277
0.0705765 0.414165 0.0116665 0.0218764 0.238831 9.9982E-05 0.144737 9.9982E-05 0.00190435 0.0960425
0.163283 0.282478 0.00933744 0.0443706 0.458792 0.00895884 9.9973E-05 9.9973E-05 9.9973E-05 0.0324798
9.99279E-05 9.99279E-05 0.0377975 9.99279E-05 9.99279E-05 9.99279E-05 0.961403 9.99279E-05 9.99279E-05 9.99279E-05
0.0864457 0.309473 0.133487 0.0484578 0.159143 0.121719 0.104769 0.0363056 9.9982E-05 9.9982E-05
0.200457 0.40684 0.055159 9.9964E-05 0.0915347 0.100249 0.14536 9.9964E-05 9.9964E-05 9.9964E-05
0.102416 0.513758 0.0672895 0.0378883 0.121361 0.0938316 9.9982E-05 0.0482359 9.9982E-05 0.0150198
0.0769669 0.589059 0.0450446 0.00211125 9.9973E-05 9.9973E-05 0.0500382 0.012102 9.9973E-05 0.224378
0.150441 0.650635 0.0131422 0.0480238 0.0519102 0.0854475 9.9964E-05 9.9964E-05 9.9964E-05 9.9964E-05
0.0668842 0.21997 0.0987285 0.00178772 0.181533 9.9973E-05 9.9973E-05 0.019823 9.9973E-05 0.410973
0.103847 0.00501384 0.0101028 9.9964E-05 0.127467 0.282402 9.9964E-05 9.9964E-05 0.470767 9.9964E-05
0.0780412 0.47737 0.00271553 0.0072426 0.0696767 0.161442 9.9991E-05 0.0410898 0.0170002 0.145322
0.0994837 0.565765 0.0340544 0.0136165 0.0548047 0.231876 9.9964E-05 9.9964E-05 9.9964E-05 9.9964E-05
0.133361 0.387975 0.0260944 9.9973E-05 0.0647401 0.202964 0.087102 9.9973E-05 9.9973E-05 0.0974637
0.126107 0.58428 0.00347717 9.9964E-05 0.0318756 0.184215 0.0696445 9.9964E-05 9.9964E-05 9.9964E-05
0.870577 9.99369E-05 0.115524 9.99369E-05 9.99369E-05 9.99369E-05 0.0131993 9.99369E-05 9.99369E-05 9.99369E-05
0.0518565 0.402167 0.0367471 9.9964E-05 0.122447 9.9964E-05 0.307398 9.9964E-05 0.0789849 9.9964E-05
9.9964E-05 0.684078 0.00248881 9.9964E-05 0.0393066 9.9964E-05 0.140211 9.9964E-05 0.0158832 0.117632
0.138781 0.501151 0.00399029 0.0104713 9.9973E-05 9.9973E-05 9.9973E-05 0.0411235 0.062367 0.241816
0.075612 0.431435 0.0235118 0.00807562 9.9973E-05 9.9973E-05 0.0452011 0.0845 0.331364 9.9973E-05
0.00495248 0.708499 9.9946E-05 9.9946E-05 9.9946E-05 9.9946E-05 9.9946E-05 9.9946E-05 0.264936 0.021013
0.167847 0.324427 9.9973E-05 0.0555353 9.9973E-05 9.9973E-05 0.160942 0.00401582 0.0594759 0.227458
0.170443 0.252057 0.041074 0.00821261 0.0171789 9.9973E-05 0.21171 9.9973E-05 0.299026 9.9973E-05
0.0775137 0.599413 0.0313194 0.0406691 0.11522 0.0767432 0.0588214 9.9973E-05 9.9973E-05 9.9973E-05
0.11053 0.540958 0.0397087 0.0147273 0.0689916 0.0389742 0.120524 0.0653863 9.9982E-05 9.9982E-05
0.198256 0.546817 0.0856131 0.0119852 0.0467809 0.110148 9.9964E-05 9.9964E-05 9.9964E-05 9.9964E-05
0.0483133 0.718073 0.0132634 9.9964E-05 9.9964E-05 9.9964E-05 9.9964E-05 0.0808702 0.0959961 0.0430837
0.224049 0.322225 0.113068 0.00968636 9.9982E-05 0.0186953 0.133179 0.00700241 0.171896 9.9982E-05
0.066349 0.639038 9.9946E-05 9.9946E-05 9.9946E-05 0.177117 0.116896 9.9946E-05 9.9946E-05 9.9946E-05
9.99201E-05 9.99201E-05 0.999101 9.99201E-05 9.99201E-05 9.99201E-05 9.99201E-05 9.99201E-05 9.99201E-05 9.99201E-05
0.203844 0.319436 0.0655684 0.010109 9.9964E-05 9.9964E-05 0.123169 9.9964E-05 9.9964E-05 0.277474
0.0676095 0.790728 0.00874463 0.00747192 0.0209385 0.0904344 9.9982E-05 0.0065667 0.00730628 9.9982E-05
0.121346 0.516245 0.0241977 0.0144712 9.997E-05 9.997E-05 0.102254 9.997E-05 0.101198 0.119988
0.13289 0.541038 0.0083789 9.9964E-05 0.125226 0.156412 0.0356557 9.9964E-05 9.9964E-05 9.9964E-05
0.0250464 0.652308 0.00575375 9.9964E-05 0.0575714 9.9964E-05 0.103227 9.9964E-05 0.155694 9.9964E-05
0.0724992 0.698551 0.0106857 0.0191693 0.0530124 0.0651869 9.9982E-05 0.056541 0.024154 9.9982E-05
9.9937E-05 0.0979934 0.857501 9.9937E-05 9.9937E-05 9.9937E-05 9.9937E-05 9.9937E-05 0.0438066 9.9937E-05
9.99201E-05 9.99201E-05 0.999101 9.99201E-05 9.99201E-05 9.99201E-05 9.99201E-05 9.99201E-05 9.99201E-05 9.99201E-05
9.9946E-05 0.0861144 0.850727 9.9946E-05 0.0519401 9.9946E-05 9.9946E-05 0.0106188 9.9946E-05 9.9946E-05
0.235058 0.548252 0.00119145 9.99643E-05 9.99643E-05 9.99643E-05 0.0150559 9.99643E-05 0.135683 0.0643597
0.162477 0.443539 0.109248 9.9964E-05 9.9964E-05 9.9964E-05 9.9964E-05 0.0531472 0.228737 0.00245152
0.141102 0.498799 0.0168466 0.054317 9.9982E-05 9.9982E-05 0.127228 0.00398335 0.00982311 0.147701
0.0991485 0.723264 0.0411972 0.0272087 0.0420826 9.9973E-05 9.9973E-05 0.0350456 9.9973E-05 0.0317531
0.0719759 0.51477 0.0531261 9.9964E-05 0.0932065 9.9964E-05 0.136746 9.9964E-05 9.9964E-05 0.129776
0.869191 9.99369E-05 0.0992879 9.99369E-05 9.99369E-05 9.99369E-05 9.99369E-05 9.99369E-05 0.0308219 9.99369E-05
0.0737448 0.55733 0.0599599 0.0276195 0.0863997 9.9973E-05 9.9973E-05 9.9973E-05 0.129796 0.0648501
0.0851419 0.15201 9.99719E-05 9.99719E-05 9.99719E-05 0.198703 0.529731 0.0294492 0.00456543 9.99719E-05
9.9928E-05 9.9928E-05 9.9928E-05 9.9928E-05 9.9928E-05 0.163744 0.835457 9.9928E-05 9.9928E-05 9.9928E-05
9.9946E-05 9.9946E-05 0.0261124 9.9946E-05 9.9946E-05 9.9946E-05 0.795741 0.0668672 0.11068 9.9946E-05
0.0509394 9.9964E-05 9.9964E-05 0.000132308 9.9964E-05 9.9964E-05 0.797379 0.0219525 0.128828 0.000369545
9.996E-05 0.171889 0.0352802 9.996E-05 9.996E-05 0.236239 0.454679 0.0631744 0.0383378 9.996E-05
0.106803 9.9946E-05 9.9946E-05 9.9946E-05 9.9946E-05 0.349234 0.468482 0.0748805 9.9946E-05 9.9946E-05
9.9946E-05 9.9946E-05 9.9946E-05 0.00856738 9.9946E-05 0.216071 0.73311 0.041652 9.9946E-05 9.9946E-05
9.9955E-05 9.9955E-05 0.00782644 0.0555495 9.9955E-05 0.0956224 0.750933 0.0895692 9.9955E-05 9.9955E-05
9.99715E-05 0.09318 0.00126075 9.99715E-05 0.0809335 0.312692 0.453945 0.0575892 9.99715E-05 9.99715E-05
0.115515 0.0273143 0.0233358 9.9982E-05 0.0331146 0.102469 0.600925 0.0687068 9.9982E-05 0.0284196
0.0785707 9.9964E-05 9.9964E-05 9.9964E-05 0.0573806 0.0590974 0.616214 0.128304 9.9964E-05 0.0600336
9.9955E-05 9.9955E-05 0.0252816 0.00174833 9.9955E-05 0.676131 9.9955E-05 0.00280805 9.9955E-05 0.293531
9.9964E-05 9.9964E-05 9.9964E-05 0.0197186 9.9964E-05 0.886266 0.0186649 0.0185703 0.0267791 0.0296008
9.9964E-05 0.0816133 9.9964E-05 0.0121485 9.9964E-05 0.612827 9.9964E-05 0.0157873 0.148007 0.129216
9.9955E-05 9.9955E-05 9.9955E-05 0.0374056 0.000558854 0.646718 9.9955E-05 9.9955E-05 0.103295 0.211522
9.99201E-05 9.99201E-05 9.99201E-05 9.99201E-05 9.99201E-05 9.99201E-05 9.99201E-05 9.99201E-05 9.99201E-05 0.999101
9.9982E-05 0.048438 0.00384501 0.00431556 9.9982E-05 0.420236 0.0128087 0.0121727 0.474657 0.0233271
9.9946E-05 9.9946E-05 0.0622355 9.9946E-05 9.9946E-05 0.513855 9.9946E-05 9.9946E-05 0.0668505 0.356459
9.9946E-05 0.0156119 9.9946E-05 9.9946E-05 9.9946E-05 0.458482 9.9946E-05 9.9946E-05 0.0261485 0.499158
0.017765 0.0762826 0.0421854 0.0288836 0.0482529 9.99729E-05 9.99729E-05 9.99729E-05 0.126737 0.659593
9.9946E-05 9.9946E-05 9.9946E-05 0.0122643 0.0367162 0.922798 9.9946E-05 9.9946E-05 9.9946E-05 0.0276222
9.99279E-05 9.99279E-05 9.99279E-05 9.99279E-05 9.99279E-05 0.0363603 9.99279E-05 9.99279E-05 9.99279E-05 0.96284
9.9955E-05 9.9955E-05 9.9955E-05 0.0449082 0.0289582 0.360092 9.9955E-05 9.9955E-05 0.0743483 0.491193
9.9946E-05 0.0143071 9.9946E-05 9.9946E-05 0.00487087 9.9946E-05 0.029777 9.9946E-05 9.9946E-05 0.950445
0.0288686 0.116107 9.9964E-05 9.9964E-05 0.082743 0.195862 9.9964E-05 9.9964E-05 0.491318 0.0847015
0.0654482 9.9964E-05 9.9964E-05 0.021466 9.9964E-05 0.226391 9.9964E-05 0.0505356 0.4766 0.159159
0.0258553 9.9955E-05 9.9955E-05 0.0246147 9.9955E-05 0.018593 9.9955E-05 9.9955E-05 0.930136 0.000301455
0.049568 9.9955E-05 9.9955E-05 9.9955E-05 9.9955E-05 0.407898 0.0131913 9.9955E-05 0.219622 0.309221
9.9937E-05 0.0446247 9.9937E-05 9.9937E-05 9.9937E-05 0.410061 9.9937E-05 9.9937E-05 0.544615 9.9937E-05
9.9946E-05 9.9946E-05 9.9946E-05 9.9946E-05 9.9946E-05 0.368214 9.9946E-05 0.0169912 0.544602 0.0695936
9.9955E-05 9.9955E-05 9.9955E-05 9.9955E-05 0.000437043 0.00282104 9.9955E-05 0.024685 0.818217 0.15334
9.9937E-05 9.9937E-05 0.0185416 9.9937E-05 9.9937E-05 9.9937E-05 0.0751754 9.9937E-05 0.905584 9.9937E-05
9.9955E-05 9.9955E-05 0.0446726 9.9955E-05 9.9955E-05 0.367613 9.9955E-05 0.00519897 0.429796 0.152219
9.9946E-05 9.9946E-05 0.0314969 9.9946E-05 9.9946E-05 0.353633 9.9946E-05 9.9946E-05 0.583385 0.0308857
0.0265266 0.00280533 9.9955E-05 0.0158574 9.9955E-05 0.595306 9.9955E-05 9.9955E-05 0.359005 9.9955E-05
0.0263308 9.9946E-05 0.0203785 9.9946E-05 9.9946E-05 9.9946E-05 9.9946E-05 9.9946E-05 0.111678 0.841013
9.9964E-05 0.0619094 9.9964E-05 9.9964E-05 9.9964E-05 0.31877 0.0146614 0.0672224 0.179997 0.35704
0.0229915 9.9982E-05 0.0272181 0.00558754 0.0200311 0.397993 9.9982E-05 0.0577352 0.405179 0.0630651
0.0448439 9.9955E-05 9.9955E-05 9.9955E-05 9.9955E-05 0.0295653 0.0666133 9.9955E-05 0.801152 0.0573257
0.0649298 9.99639E-05 9.99639E-05 0.020206 9.99639E-05 0.209193 9.99639E-05 0.0392801 0.438306 0.227686
0.0320926 9.9955E-05 0.0398327 9.9955E-05 9.9955E-05 0.486517 9.9955E-05 9.9955E-05 0.0691744 0.371884
0.0208862 9.99459E-05 0.0168462 9.99459E-05 9.99459E-05 0.929675 9.99459E-05 9.99459E-05 0.0319926 9.99459E-05
9.9982E-05 0.0357213 0.0187115 0.058003 0.0432398 0.529896 9.9982E-05 0.00333881 0.195589 0.115301
9.9964E-05 0.0231662 9.9964E-05 9.9964E-05 0.0391504 0.530012 9.9964E-05 0.0355375 0.118011 0.253723
9.9946E-05 9.9946E-05 0.0634121 9.9946E-05 9.9946E-05 0.352955 9.9946E-05 9.9946E-05 0.291891 0.291142
9.9964E-05 9.9964E-05 0.00780804 0.00345554 9.9964E-05 0.58804 9.9964E-05 0.0248582 0.144262 0.231177
0.00521399 9.9946E-05 9.9946E-05 9.9946E-05 0.450478 9.9946E-05 0.0403915 9.9946E-05 0.503317 9.9946E-05
0.0387589 9.9955E-05 9.9955E-05 9.9955E-05 0.417162 9.9955E-05 0.00234228 0.0119217 0.529316 9.9955E-05
0.0367255 9.9955E-05 9.9955E-05 0.0309967 0.408481 9.9955E-05 9.9955E-05 0.0648351 0.458462 9.9955E-05
9.9955E-05 0.0416731 0.0226296 0.00547746 0.368701 9.9955E-05 9.9955E-05 9.9955E-05 0.56102 9.9955E-05
0.00476018 0.0655479 0.0056967 0.0445777 0.444911 9.9973E-05 9.9973E-05 0.00940775 0.424799 9.9973E-05
9.9955E-05 9.9955E-05 0.0279147 9.9955E-05 0.615396 0.0693312 9.9955E-05 0.0710617 0.215797 9.9955E-05
9.9928E-05 9.9928E-05 9.9928E-05 9.9928E-05 0.663318 9.9928E-05 9.9928E-05 9.9928E-05 0.335883 9.9928E-05
9.9955E-05 9.9955E-05 9.9955E-05 0.0446607 0.506582 9.9955E-05 0.0276287 0.170364 0.250266 9.9955E-05
