0.00336405 9.9901E-05 9.9901E-05 9.9901E-05 9.9901E-05 9.9901E-05 0.875988 9.9901E-05 0.0215861 9.9901E-05 0.00217286 9.9901E-05 0.0289289 0.00681333 0.0249434 9.9901E-05 9.9901E-05 0.0351045 9.9901E-05
0.0158724 9.9892E-05 0.028422 9.9892E-05 0.118484 9.9892E-05 0.662308 0.00137998 9.9892E-05 9.9892E-05 0.0442921 9.9892E-05 9.9892E-05 9.9892E-05 9.9892E-05 9.9892E-05 9.9892E-05 0.128043 9.9892E-05
9.991E-05 0.0500775 9.991E-05 9.991E-05 9.991E-05 0.0314382 0.732288 0.00208589 9.991E-05 0.00306564 9.991E-05 0.0235971 9.991E-05 9.991E-05 0.0144003 9.991E-05 9.991E-05 0.131628 0.0104207
0.00716674 0.0314835 9.9919E-05 0.0704701 0.0588019 0.0228443 0.712138 0.00885874 9.9919E-05 0.0170982 9.9919E-05 0.0464979 9.9919E-05 9.9919E-05 0.0237412 9.9919E-05 9.9919E-05 9.9919E-05 9.9919E-05
0.0100892 0.0699885 9.9919E-05 9.9919E-05 9.9919E-05 0.0142406 0.735047 0.00596559 9.9919E-05 9.9919E-05 0.0115849 0.0553922 9.9919E-05 9.9919E-05 0.0114661 0.0158474 0.0694791 9.9919E-05 9.9919E-05
9.98831E-05 9.98831E-05 9.98831E-05 9.98831E-05 9.98831E-05 0.103951 0.798787 0.0249333 9.98831E-05 9.98831E-05 0.0258163 0.0432705 9.98831E-05 0.00194358 9.98831E-05 9.98831E-05 9.98831E-05 9.98831E-05 9.98831E-05
9.9894E-05 9.9894E-05 0.00667219 9.9894E-05 0.0721143 9.9894E-05 0.834168 9.9894E-05 0.058468 9.9894E-05 0.00468441 9.9894E-05 9.9894E-05 0.0204378 0.00225682 9.9894E-05 9.9894E-05 9.9894E-05 9.9894E-05
9.9928E-05 0.0471436 9.9928E-05 9.9928E-05 9.9928E-05 9.9928E-05 0.786933 0.00443857 0.0559106 9.9928E-05 9.9928E-05 0.000345841 0.0128925 0.0172445 0.00981722 0.0399671 0.00526518 0.0192421 9.9928E-05
0.0116681 0.018992 9.991E-05 0.0303321 0.0296802 9.991E-05 0.713764 9.991E-05 9.991E-05 9.991E-05 9.991E-05 0.00930171 9.991E-05 9.991E-05 0.0131153 0.0591139 0.113033 9.991E-05 9.991E-05
0.0051027 9.9919E-05 9.9919E-05 9.9919E-05 0.0487007 9.9919E-05 0.738422 0.00373659 0.0457927 9.9919E-05 0.016703 0.024494 9.9919E-05 0.00257789 9.9919E-05 9.9919E-05 9.9919E-05 0.0569124 0.0566592
0.00612804 9.991E-05 9.991E-05 0.0240603 9.991E-05 0.0415897 0.663814 0.00187128 9.991E-05 0.00453692 9.991E-05 0.0973487 9.991E-05 9.991E-05 9.991E-05 9.991E-05 9.991E-05 0.135899 0.0237527
0.00592846 9.991E-05 9.991E-05 9.991E-05 9.991E-05 9.991E-05 0.716091 9.991E-05 9.991E-05 0.0261558 9.991E-05 0.142513 9.991E-05 0.016293 0.0157771 9.991E-05 0.0247653 0.0315452 0.0199313
9.99081E-05 0.0602238 0.00468368 9.99081E-05 9.99081E-05 9.99081E-05 0.677049 9.99081E-05 0.00595728 9.99081E-05 0.0361223 0.145723 9.99081E-05 0.00674055 9.99081E-05 9.99081E-05 9.99081E-05 0.0624013 9.99081E-05
9.99189E-05 9.99189E-05 9.99189E-05 9.99189E-05 0.0091801 0.0586568 0.627589 9.99189E-05 0.0229566 0.0229236 0.0365961 9.99189E-05 0.0141906 0.00749375 9.99189E-05 9.99189E-05 0.0726587 0.126856 9.99189E-05
9.9883E-05 9.9883E-05 9.9883E-05 0.15768 0.0116232 9.9883E-05 0.699713 9.9883E-05 9.9883E-05 9.9883E-05 9.9883E-05 9.9883E-05 9.9883E-05 9.9883E-05 0.00306688 9.9883E-05 0.00173 9.9883E-05 0.124889
9.98651E-05 9.98651E-05 9.98651E-05 9.98651E-05 9.98651E-05 0.000135838 0.784135 9.98651E-05 9.98651E-05 9.98651E-05 9.98651E-05 9.98651E-05 9.98651E-05 9.98651E-05 9.98651E-05 0.0513428 0.162888 9.98651E-05 9.98651E-05
9.98651E-05 9.98651E-05 9.98651E-05 0.0932734 9.98651E-05 9.98651E-05 0.881783 0.0179682 9.98651E-05 9.98651E-05 9.98651E-05 9.98651E-05 9.98651E-05 0.00547787 9.98651E-05 9.98651E-05 9.98651E-05 9.98651E-05 9.98651E-05
9.98741E-05 9.98741E-05 0.0270214 9.98741E-05 9.98741E-05 9.98741E-05 0.889317 9.98741E-05 9.98741E-05 9.98741E-05 9.98741E-05 9.98741E-05 0.0545363 9.98741E-05 0.00607147 0.0216552 9.98741E-05 9.98741E-05 9.98741E-05
9.98741E-05 9.98741E-05 0.048582 9.98741E-05 9.98741E-05 9.98741E-05 0.894726 9.98741E-05 9.98741E-05 9.98741E-05 0.021938 9.98741E-05 0.0319821 9.98741E-05 0.00137421 9.98741E-05 9.98741E-05 9.98741E-05 9.98741E-05
0.0288956 9.9901E-05 0.0106451 9.9901E-05 9.9901E-05 9.9901E-05 0.841897 0.0223184 9.9901E-05 9.9901E-05 9.9901E-05 9.9901E-05 0.0305882 0.0010493 9.9901E-05 0.0364376 9.9901E-05 9.9901E-05 0.0270696
9.9838E-05 9.9838E-05 9.9838E-05 9.9838E-05 9.9838E-05 9.9838E-05 9.9838E-05 9.9838E-05 9.9838E-05 0.998203 9.9838E-05 9.9838E-05 9.9838E-05 9.9838E-05 9.9838E-05 9.9838E-05 9.9838E-05 9.9838E-05 9.9838E-05
9.9892E-05 9.9892E-05 9.9892E-05 9.9892E-05 9.9892E-05 9.9892E-05 9.9892E-05 9.9892E-05 0.0338031 0.00507059 0.00145432 0.125553 9.9892E-05 9.9892E-05 0.0131921 9.9892E-05 9.9892E-05 0.0675446 0.752184
9.991E-05 9.991E-05 0.0274148 0.0562167 0.0264581 9.991E-05 0.0270136 9.991E-05 0.0755804 9.991E-05 0.00132164 0.025971 9.991E-05 0.0295773 9.991E-05 9.991E-05 9.991E-05 9.991E-05 0.729447
0.025582 9.9874E-05 9.9874E-05 9.9874E-05 9.9874E-05 9.9874E-05 9.9874E-05 0.0110564 9.9874E-05 9.9874E-05 9.9874E-05 0.0375725 0.0496882 9.9874E-05 9.9874E-05 9.9874E-05 9.9874E-05 9.9874E-05 0.874703
9.98617E-05 9.98617E-05 9.98617E-05 9.98617E-05 9.98617E-05 9.98617E-05 9.98617E-05 9.98617E-05 9.98617E-05 0.00091051 9.98617E-05 9.98617E-05 9.98617E-05 0.0138626 9.98617E-05 9.98617E-05 9.98617E-05 9.98617E-05 0.983629
9.9892E-05 9.9892E-05 0.0332727 9.9892E-05 9.9892E-05 9.9892E-05 0.00996636 0.0171104 9.9892E-05 9.9892E-05 9.9892E-05 9.9892E-05 9.9892E-05 0.014138 0.00259186 9.9892E-05 0.0373551 9.9892E-05 0.884367
9.9901E-05 0.0106761 0.01494 9.9901E-05 0.0943137 9.9901E-05 9.9901E-05 9.9901E-05 9.9901E-05 9.9901E-05 9.9901E-05 0.0530666 0.0113243 9.9901E-05 0.0117288 0.0204923 9.9901E-05 9.9901E-05 0.782359
9.9838E-05 9.9838E-05 9.9838E-05 9.9838E-05 9.9838E-05 9.9838E-05 9.9838E-05 9.9838E-05 9.9838E-05 0.998203 9.9838E-05 9.9838E-05 9.9838E-05 9.9838E-05 9.9838E-05 9.9838E-05 9.9838E-05 9.9838E-05 9.9838E-05
0.00606693 0.0648434 9.9892E-05 9.9892E-05 9.9892E-05 0.0624479 9.9892E-05 9.9892E-05 9.9892E-05 0.0245643 9.9892E-05 9.9892E-05 9.9892E-05 0.0106574 9.9892E-05 9.9892E-05 0.0757276 9.9892E-05 0.754494
0.00793343 9.98919E-05 0.00277038 9.98919E-05 9.98919E-05 0.17025 9.98919E-05 9.98919E-05 9.98919E-05 9.98919E-05 0.00804184 0.0336284 9.98919E-05 9.98919E-05 9.98919E-05 0.135018 9.98919E-05 9.98919E-05 0.641158
9.9901E-05 0.0191411 9.9901E-05 9.9901E-05 9.9901E-05 0.110259 9.9901E-05 0.000626006 9.9901E-05 0.0183677 9.9901E-05 9.9901E-05 9.9901E-05 9.9901E-05 0.0102298 9.9901E-05 0.0198114 0.0771767 0.743289
9.9892E-05 9.9892E-05 0.0278302 9.9892E-05 0.151952 9.9892E-05 9.9892E-05 0.01457 9.9892E-05 0.0216382 0.00268264 9.9892E-05 0.0690561 9.9892E-05 9.9892E-05 9.9892E-05 9.9892E-05 9.9892E-05 0.711072
9.991E-05 0.00389044 0.0113922 9.991E-05 0.153064 9.991E-05 0.0296658 9.991E-05 0.0160903 0.030696 0.0180231 9.991E-05 0.034469 9.991E-05 9.991E-05 9.991E-05 9.991E-05 9.991E-05 0.70171
9.991E-05 9.991E-05 9.991E-05 9.991E-05 9.991E-05 0.0787063 9.991E-05 9.991E-05 0.0792079 0.0436341 0.0536917 9.991E-05 9.991E-05 0.00303697 0.0562347 0.0283347 9.991E-05 0.0364305 0.619724
0.0275947 9.9919E-05 9.9919E-05 0.12808 9.9919E-05 9.9919E-05 0.0114244 0.00533923 9.9919E-05 9.9919E-05 0.013342 9.9919E-05 9.9919E-05 0.0119419 9.9919E-05 0.0188096 0.110094 0.0130026 0.659473
0.0228255 9.99009E-05 9.99009E-05 9.99009E-05 0.0732641 9.99009E-05 0.0080367 0.00899018 0.04488 9.99009E-05 9.99009E-05 9.99009E-05 9.99009E-05 9.99009E-05 0.0309923 9.99009E-05 9.99009E-05 0.322155 0.487758
0.0109715 9.9901E-05 0.0977049 0.0564277 0.0151018 9.9901E-05 9.9901E-05 9.9901E-05 0.00853816 9.9901E-05 9.9901E-05 9.9901E-05 0.113255 9.9901E-05 0.0381068 9.9901E-05 9.9901E-05 9.9901E-05 0.658795
0.0100302 9.9901E-05 0.122888 0.019913 9.9901E-05 9.9901E-05 9.9901E-05 0.00227834 0.0809253 0.0299081 9.9901E-05 9.9901E-05 0.725957 9.9901E-05 0.0070015 9.9901E-05 9.9901E-05 9.9901E-05 9.9901E-05
0.00223278 0.0748851 0.00780942 9.98919E-05 9.98919E-05 9.98919E-05 9.98919E-05 9.98919E-05 9.98919E-05 9.98919E-05 0.0108123 9.98919E-05 0.607847 9.98919E-05 9.98919E-05 9.98919E-05 0.0986863 0.196528 9.98919E-05
9.991E-05 0.0156288 9.991E-05 9.991E-05 9.991E-05 0.124143 0.00162655 0.000276535 9.991E-05 9.991E-05 0.0176882 9.991E-05 0.614299 9.991E-05 0.0335318 0.129998 9.991E-05 0.0618092 9.991E-05
9.9874E-05 9.9874E-05 0.000377464 0.120939 9.9874E-05 9.9874E-05 9.9874E-05 9.9874E-05 9.9874E-05 9.9874E-05 9.9874E-05 9.9874E-05 0.753434 9.9874E-05 0.0196501 9.9874E-05 0.104202 9.9874E-05 9.9874E-05
0.0104837 9.9919E-05 0.0179274 0.0481139 9.9919E-05 9.9919E-05 9.9919E-05 9.9919E-05 9.9919E-05 0.0234033 0.0321516 0.0729565 0.656002 0.0173535 0.0290671 9.9919E-05 0.0916416 9.9919E-05 9.9919E-05
0.0123002 9.9892E-05 9.9892E-05 9.9892E-05 0.162011 9.9892E-05 9.9892E-05 0.00364977 9.9892E-05 0.00432059 9.9892E-05 9.9892E-05 0.676848 9.9892E-05 0.0264177 0.113254 9.9892E-05 9.9892E-05 9.9892E-05
0.0104517 9.9937E-05 0.004069 9.9937E-05 0.0954309 0.0642245 0.0234986 9.9937E-05 0.0566841 9.9937E-05 0.031012 0.184658 0.421556 0.0119443 0.0260431 9.9937E-05 9.9937E-05 0.0697274 9.9937E-05
0.0605795 9.9901E-05 0.000126731 0.0213879 0.167856 9.9901E-05 9.9901E-05 9.9901E-05 9.9901E-05 0.0122132 0.00113476 9.9901E-05 0.62829 9.9901E-05 9.9901E-05 0.107313 9.9901E-05 9.9901E-05 9.9901E-05
0.0275186 0.0677317 0.0572488 9.991E-05 0.114418 9.991E-05 0.0180752 9.991E-05 9.991E-05 9.991E-05 9.991E-05 0.109185 0.576487 9.991E-05 9.991E-05 0.000168656 9.991E-05 9.991E-05 0.0281681
9.98831E-05 9.98831E-05 9.98831E-05 0.113997 9.98831E-05 0.0547101 9.98831E-05 0.0181463 9.98831E-05 9.98831E-05 0.00233884 9.98831E-05 0.802123 0.00738644 9.98831E-05 9.98831E-05 9.98831E-05 9.98831E-05 9.98831E-05
0.0136565 9.9919E-05 9.9919E-05 9.9919E-05 9.9919E-05 9.9919E-05 9.9919E-05 9.9919E-05 0.0264084 0.00263588 0.00248015 0.162613 0.639175 0.00294133 0.00942402 0.0824584 0.0573081 9.9919E-05 9.9919E-05
0.0206622 9.9892E-05 9.9892E-05 9.9892E-05 9.9892E-05 9.9892E-05 0.0133538 0.0161018 9.9892E-05 0.0439064 0.0068248 9.9892E-05 0.873288 9.9892E-05 0.0246642 9.9892E-05 9.9892E-05 9.9892E-05 9.9892E-05
9.9901E-05 9.9901E-05 0.0836669 0.033592 9.9901E-05 9.9901E-05 9.9901E-05 9.9901E-05 0.056439 0.00603573 0.00508301 0.406838 0.395139 9.9901E-05 0.0121076 9.9901E-05 9.9901E-05 9.9901E-05 9.9901E-05
9.9883E-05 0.0200468 9.9883E-05 9.9883E-05 9.9883E-05 0.00945942 9.9883E-05 0.0032255 9.9883E-05 9.9883E-05 9.9883E-05 9.9883E-05 0.82902 9.9883E-05 0.00139332 9.9883E-05 9.9883E-05 0.135556 9.9883E-05
9.98921E-05 9.98921E-05 9.98921E-05 0.00729966 9.98921E-05 9.98921E-05 9.98921E-05 0.00672353 9.98921E-05 0.00798377 0.00960412 9.98921E-05 0.760716 9.98921E-05 0.0194863 9.98921E-05 0.186988 9.98921E-05 9.98921E-05
9.9892E-05 0.0227527 9.9892E-05 0.0102702 9.9892E-05 9.9892E-05 9.9892E-05 9.9892E-05 0.0215081 9.9892E-05 0.0533203 0.0658711 0.755973 0.0691053 9.9892E-05 9.9892E-05 9.9892E-05 9.9892E-05 9.9892E-05
9.9946E-05 9.9946E-05 0.0244818 9.9946E-05 0.00308578 9.9946E-05 0.0537217 0.0195926 9.9946E-05 0.00045112 0.000833435 0.031627 0.732179 9.9946E-05 0.00807531 0.00543181 0.00581229 0.103817 0.0102909
9.991E-05 9.991E-05 0.0062791 9.991E-05 0.0581773 0.0673909 0.00911922 0.0134811 9.991E-05 0.00801138 9.991E-05 9.991E-05 0.660772 0.0084701 9.991E-05 0.167299 9.991E-05 9.991E-05 9.991E-05
0.00399873 0.0808586 0.00360416 9.9955E-05 9.9955E-05 0.0200292 0.000892574 0.00273507 0.00372977 0.000333574 9.9955E-05 0.16919 0.528895 9.9955E-05 0.019708 0.0172855 0.0406451 0.107595 9.9955E-05
9.9901E-05 0.0247856 9.9901E-05 0.0598115 0.0965555 9.9901E-05 0.00555705 9.9901E-05 9.9901E-05 0.0216756 9.9901E-05 9.9901E-05 0.766786 0.016634 9.9901E-05 9.9901E-05 9.9901E-05 9.9901E-05 0.00709593
9.9865E-05 9.9865E-05 0.088668 9.9865E-05 9.9865E-05 9.9865E-05 9.9865E-05 9.9865E-05 9.9865E-05 0.011053 9.9865E-05 9.9865E-05 0.124644 9.9865E-05 9.9865E-05 9.9865E-05 9.9865E-05 0.774137 9.9865E-05
9.98379E-05 9.98379E-05 9.98379E-05 9.98379E-05 9.98379E-05 9.98379E-05 9.98379E-05 9.98379E-05 9.98379E-05 9.98379E-05 9.98379E-05 9.98379E-05 9.98379E-05 9.98379E-05 0.998203 9.98379E-05 9.98379E-05 9.98379E-05 9.98379E-05
0.0082355 9.9901E-05 0.0759524 9.9901E-05 0.00873982 9.9901E-05 9.9901E-05 9.9901E-05 9.9901E-05 0.0155167 0.015562 9.9901E-05 9.9901E-05 0.0290033 9.9901E-05 0.179015 9.9901E-05 0.666876 9.9901E-05
0.0738315 0.0687798 9.9901E-05 0.548537 9.9901E-05 9.9901E-05 9.9901E-05 9.9901E-05 9.9901E-05 0.00041299 0.018447 9.9901E-05 0.069916 0.00345367 9.9901E-05 9.9901E-05 9.9901E-05 0.215523 9.9901E-05
0.0019161 9.9874E-05 9.9874E-05 0.953009 0.0318077 9.9874E-05 9.9874E-05 9.9874E-05 9.9874E-05 0.008277 9.9874E-05 9.9874E-05 9.9874E-05 9.9874E-05 0.00359237 9.9874E-05 9.9874E-05 9.9874E-05 9.9874E-05
9.9883E-05 9.9883E-05 9.9883E-05 0.635361 9.9883E-05 9.9883E-05 9.9883E-05 0.002544 0.00147331 9.9883E-05 9.9883E-05 9.9883E-05 0.0250827 9.9883E-05 9.9883E-05 0.258952 0.0752883 9.9883E-05 9.9883E-05
9.98379E-05 9.98379E-05 9.98379E-05 9.98379E-05 9.98379E-05 9.98379E-05 9.98379E-05 9.98379E-05 9.98379E-05 9.98379E-05 0.998203 9.98379E-05 9.98379E-05 9.98379E-05 9.98379E-05 9.98379E-05 9.98379E-05 9.98379E-05 9.98379E-05
9.98379E-05 9.98379E-05 9.98379E-05 9.98379E-05 9.98379E-05 9.98379E-05 9.98379E-05 9.98379E-05 9.98379E-05 9.98379E-05 9.98379E-05 9.98379E-05 9.98379E-05 9.98379E-05 0.998203 9.98379E-05 9.98379E-05 9.98379E-05 9.98379E-05
0.00425726 9.9883E-05 9.9883E-05 9.9883E-05 9.9883E-05 9.9883E-05 0.030971 0.00545247 9.9883E-05 9.9883E-05 0.0119023 9.9883E-05 9.9883E-05 9.9883E-05 9.9883E-05 0.161483 9.9883E-05 0.784636 9.9883E-05
9.991E-05 9.991E-05 0.11103 9.991E-05 9.991E-05 9.991E-05 0.0140325 0.0085848 0.0765657 0.0106459 0.0262717 9.991E-05 9.991E-05 0.0213866 9.991E-05 0.682529 9.991E-05 9.991E-05 0.0479549
0.000999527 0.0178834 0.0741771 0.377727 9.9937E-05 0.0172404 0.005536 0.0140402 0.0654498 9.9937E-05 0.0192553 9.9937E-05 9.9937E-05 0.0194538 0.0296807 0.357857 9.9937E-05 9.9937E-05 9.9937E-05
9.9901E-05 9.9901E-05 0.0568131 0.859151 9.9901E-05 9.9901E-05 9.9901E-05 0.000389027 9.9901E-05 0.0360114 0.0123819 9.9901E-05 9.9901E-05 0.00904936 9.9901E-05 9.9901E-05 0.0173129 9.9901E-05 0.0077927
9.9919E-05 9.9919E-05 0.049269 0.693804 0.0758791 9.9919E-05 0.0102142 0.0211975 9.9919E-05 0.017908 0.0216758 9.9919E-05 9.9919E-05 0.027253 0.0584555 9.9919E-05 9.9919E-05 9.9919E-05 0.0234448
0.00736112 9.9901E-05 0.0851352 0.169667 0.0242459 9.9901E-05 0.00459567 0.00488262 9.9901E-05 9.9901E-05 9.9901E-05 9.9901E-05 9.9901E-05 9.9901E-05 0.0425324 0.660481 9.9901E-05 9.9901E-05 9.9901E-05
9.9901E-05 0.0741452 9.9901E-05 0.0166636 9.9901E-05 9.9901E-05 9.9901E-05 0.00888921 9.9901E-05 0.0116817 0.024454 9.9901E-05 9.9901E-05 9.9901E-05 0.00200469 0.833877 0.0271854 9.9901E-05 9.9901E-05
0.0808676 0.0208021 0.0536076 0.455381 9.9928E-05 9.9928E-05 9.9928E-05 9.9928E-05 9.9928E-05 0.0141777 0.0140886 0.00711888 9.9928E-05 9.9928E-05 0.0784156 0.19304 0.0436175 9.9928E-05 0.0380842
0.0436642 0.405471 9.9901E-05 0.077325 9.9901E-05 0.0297994 9.9901E-05 0.0286726 9.9901E-05 9.9901E-05 9.9901E-05 0.0174221 9.9901E-05 9.9901E-05 0.070112 9.9901E-05 9.9901E-05 0.326435 9.9901E-05
0.00377368 0.204854 0.190843 9.9928E-05 9.9928E-05 0.00814501 9.9928E-05 0.0263959 9.9928E-05 0.0392565 0.0356833 0.0556332 0.198381 9.9928E-05 0.00897455 0.227261 9.9928E-05 9.9928E-05 9.9928E-05
9.9937E-05 0.071488 0.0843347 0.200389 9.9937E-05 9.9937E-05 0.0198064 0.0104681 0.0770474 9.9937E-05 0.0120069 9.9937E-05 0.18291 0.00179206 0.00436279 0.322019 9.9937E-05 0.0126766 9.9937E-05
9.9901E-05 9.9901E-05 0.0232172 0.360193 9.9901E-05 9.9901E-05 0.0378376 0.0118873 9.9901E-05 9.9901E-05 9.9901E-05 0.166179 0.270394 9.9901E-05 0.0463326 0.08286 9.9901E-05 9.9901E-05 9.9901E-05
9.98379E-05 9.98379E-05 9.98379E-05 9.98379E-05 9.98379E-05 9.98379E-05 9.98379E-05 9.98379E-05 9.98379E-05 9.98379E-05 0.998203 9.98379E-05 9.98379E-05 9.98379E-05 9.98379E-05 9.98379E-05 9.98379E-05 9.98379E-05 9.98379E-05
9.9901E-05 9.9901E-05 9.9901E-05 0.586263 0.197669 9.9901E-05 0.00711004 0.0292287 9.9901E-05 0.0266177 9.9901E-05 9.9901E-05 0.0924768 0.0370991 0.0224366 9.9901E-05 9.9901E-05 9.9901E-05 9.9901E-05
0.0361098 9.9928E-05 0.0375465 0.407405 9.9928E-05 0.0304098 9.9928E-05 0.042745 9.9928E-05 9.9928E-05 0.0431627 0.0202873 0.0891964 0.00829938 0.0174563 0.266582 9.9928E-05 9.9928E-05 9.9928E-05
9.98379E-05 9.98379E-05 0.998203 9.98379E-05 9.98379E-05 9.98379E-05 9.98379E-05 9.98379E-05 9.98379E-05 9.98379E-05 9.98379E-05 9.98379E-05 9.98379E-05 9.98379E-05 9.98379E-05 9.98379E-05 9.98379E-05 9.98379E-05 9.98379E-05
9.9919E-05 9.9919E-05 0.0735777 0.362693 9.9919E-05 0.00219797 9.9919E-05 9.9919E-05 9.9919E-05 9.9919E-05 0.0116083 9.9919E-05 9.9919E-05 0.0414019 0.0191685 0.0857992 0.0057056 0.343825 0.0531237
0.0465422 9.9919E-05 0.035309 0.0164875 9.9919E-05 9.9919E-05 0.0621339 0.00224963 9.9919E-05 9.9919E-05 0.0220299 9.9919E-05 9.9919E-05 0.00333721 0.0184611 0.737779 9.9919E-05 0.0547713 9.9919E-05
0.0196923 9.9946E-05 9.9946E-05 9.9946E-05 9.9946E-05 0.0601216 0.00815123 0.0154845 0.0176807 0.0114832 9.9946E-05 9.9946E-05 0.232226 0.0726254 0.00165739 0.142639 0.148839 0.261701 0.00709937
0.0410735 9.991E-05 0.0101538 9.991E-05 9.991E-05 0.235018 9.991E-05 0.0107419 0.450655 9.991E-05 0.0550704 9.991E-05 0.113786 9.991E-05 0.00919694 9.991E-05 9.991E-05 0.0733046 9.991E-05
9.9919E-05 0.0976286 0.0717813 0.170194 9.9919E-05 0.0629038 9.9919E-05 9.9919E-05 0.0576547 9.9919E-05 9.9919E-05 9.9919E-05 0.128258 9.9919E-05 0.0749246 9.9919E-05 0.0513298 0.262425 0.0220006
0.0209774 9.9856E-05 0.977076 9.9856E-05 9.9856E-05 9.9856E-05 9.9856E-05 9.9856E-05 9.9856E-05 9.9856E-05 0.000349295 9.9856E-05 9.9856E-05 9.9856E-05 9.9856E-05 9.9856E-05 9.9856E-05 9.9856E-05 9.9856E-05
9.9838E-05 9.9838E-05 0.998203 9.9838E-05 9.9838E-05 9.9838E-05 9.9838E-05 9.9838E-05 9.9838E-05 9.9838E-05 9.9838E-05 9.9838E-05 9.9838E-05 9.9838E-05 9.9838E-05 9.9838E-05 9.9838E-05 9.9838E-05 9.9838E-05
9.9865E-05 9.9865E-05 0.0539835 0.802367 0.138637 9.9865E-05 9.9865E-05 9.9865E-05 9.9865E-05 9.9865E-05 9.9865E-05 9.9865E-05 9.9865E-05 0.00351408 9.9865E-05 9.9865E-05 9.9865E-05 9.9865E-05 9.9865E-05
0.998203 9.98379E-05 9.98379E-05 9.98379E-05 9.98379E-05 9.98379E-05 9.98379E-05 9.98379E-05 9.98379E-05 9.98379E-05 9.98379E-05 9.98379E-05 9.98379E-05 9.98379E-05 9.98379E-05 9.98379E-05 9.98379E-05 9.98379E-05 9.98379E-05
9.9883E-05 9.9883E-05 9.9883E-05 0.586278 9.9883E-05 0.0664227 9.9883E-05 9.9883E-05 9.9883E-05 0.0109652 0.109346 9.9883E-05 0.0906509 9.9883E-05 9.9883E-05 9.9883E-05 9.9883E-05 0.135038 9.9883E-05
9.98651E-05 9.98651E-05 9.98651E-05 9.98651E-05 9.98651E-05 9.98651E-05 9.98651E-05 9.98651E-05 9.98651E-05 9.98651E-05 0.0364196 9.98651E-05 9.98651E-05 9.98651E-05 9.98651E-05 0.887473 0.0425821 0.0320269 9.98651E-05
0.0307301 9.98921E-05 9.98921E-05 9.98921E-05 9.98921E-05 9.98921E-05 0.0136013 9.98921E-05 9.98921E-05 0.011036 9.98921E-05 9.98921E-05 9.98921E-05 9.98921E-05 0.0204342 9.98921E-05 0.0995631 0.822919 0.000517407
0.0259615 9.9901E-05 9.9901E-05 9.9901E-05 9.9901E-05 9.9901E-05 9.9901E-05 0.025947 9.9901E-05 0.000387576 0.00111702 0.0315805 9.9901E-05 0.0191265 9.9901E-05 9.9901E-05 9.9901E-05 0.794935 0.0998461
9.9856E-05 9.9856E-05 9.9856E-05 9.9856E-05 9.9856E-05 9.9856E-05 9.9856E-05 9.9856E-05 9.9856E-05 9.9856E-05 0.0256226 9.9856E-05 9.9856E-05 0.00862236 9.9856E-05 9.9856E-05 9.9856E-05 0.964157 9.9856E-05
9.9901E-05 9.9901E-05 0.103707 0.101122 9.9901E-05 9.9901E-05 0.0432615 9.9901E-05 9.9901E-05 0.0308046 0.0374257 9.9901E-05 9.9901E-05 9.9901E-05 0.0481982 9.9901E-05 9.9901E-05 0.622356 0.012026
0.0540074 0.121326 9.9928E-05 0.331319 0.0883293 9.9928E-05 0.0177902 0.0756368 0.0533504 9.9928E-05 0.0273688 0.0822084 9.9928E-05 9.9928E-05 0.0272144 9.9928E-05 9.9928E-05 0.12065 9.9928E-05
9.9946E-05 0.0399751 0.0819668 0.520226 9.9946E-05 0.0568139 0.0348574 0.0307741 9.9946E-05 9.9946E-05 0.0216513 0.0571052 0.00235254 0.0110893 0.0123873 0.0968034 9.9946E-05 0.0333978 9.9946E-05
9.9901E-05 0.123575 0.123061 0.610146 9.9901E-05 9.9901E-05 9.9901E-05 0.0263129 9.9901E-05 9.9901E-05 9.9901E-05 9.9901E-05 0.0607373 9.9901E-05 0.00434511 9.9901E-05 9.9901E-05 0.0128851 0.0378391
0.0542431 9.991E-05 9.991E-05 0.495556 0.134447 9.991E-05 9.991E-05 0.071528 9.991E-05 9.991E-05 9.991E-05 0.0179767 9.991E-05 0.00255837 0.0376617 0.089077 9.991E-05 0.0959525 9.991E-05
9.991E-05 0.0369804 0.0438887 0.155492 9.991E-05 9.991E-05 9.991E-05 0.0118125 9.991E-05 0.0141968 9.991E-05 9.991E-05 9.991E-05 0.022675 9.991E-05 0.0921799 9.991E-05 0.603021 0.018754
0.00614449 9.9955E-05 0.0303813 0.509954 0.00333875 0.0915089 0.00542442 0.00820944 0.023304 0.037236 0.0706448 9.9955E-05 9.9955E-05 0.066322 0.0509258 0.0662377 9.9955E-05 0.0298685 9.9955E-05
9.9856E-05 9.9856E-05 9.9856E-05 9.9856E-05 9.9856E-05 9.9856E-05 9.9856E-05 9.9856E-05 9.9856E-05 0.00351053 9.9856E-05 0.0013527 9.9856E-05 9.9856E-05 9.9856E-05 0.993539 9.9856E-05 9.9856E-05 9.9856E-05
9.9838E-05 9.9838E-05 9.9838E-05 9.9838E-05 9.9838E-05 9.9838E-05 9.9838E-05 9.9838E-05 9.9838E-05 9.9838E-05 9.9838E-05 9.9838E-05 9.9838E-05 0.998203 9.9838E-05 9.9838E-05 9.9838E-05 9.9838E-05 9.9838E-05
0.0174533 0.0181898 0.033425 0.349418 9.9955E-05 0.124349 0.0196462 0.040239 9.9955E-05 0.0149348 0.00193571 9.9955E-05 0.045154 0.0273877 0.0477335 9.9955E-05 0.0114228 0.248212 9.9955E-05
0.00878528 9.9883E-05 0.0295449 9.9883E-05 9.9883E-05 9.9883E-05 9.9883E-05 9.9883E-05 9.9883E-05 9.9883E-05 0.0612122 9.9883E-05 9.9883E-05 0.0120456 9.9883E-05 0.276072 9.9883E-05 0.611042 9.9883E-05
0.0360587 9.9919E-05 0.0341485 0.701647 9.9919E-05 9.9919E-05 0.0111922 9.9919E-05 0.0303823 0.000371786 0.0273368 0.0308252 9.9919E-05 0.00515608 9.9919E-05 9.9919E-05 0.121982 9.9919E-05 9.9919E-05
0.0122428 9.9856E-05 9.9856E-05 9.9856E-05 9.9856E-05 9.9856E-05 9.9856E-05 9.9856E-05 9.9856E-05 9.9856E-05 9.9856E-05 0.080955 9.9856E-05 9.9856E-05 9.9856E-05 0.905204 9.9856E-05 9.9856E-05 9.9856E-05
9.98919E-05 0.140611 0.0345304 0.0330052 9.98919E-05 9.98919E-05 9.98919E-05 0.0552944 9.98919E-05 9.98919E-05 9.98919E-05 9.98919E-05 0.0417414 9.98919E-05 9.98919E-05 0.119109 9.98919E-05 0.57451 9.98919E-05
9.991E-05 0.0394385 0.0905018 0.481545 9.991E-05 9.991E-05 9.991E-05 0.000922457 9.991E-05 0.0166789 9.991E-05 9.991E-05 9.991E-05 0.000351315 0.0220823 9.991E-05 9.991E-05 0.285363 0.0621175
9.9838E-05 9.9838E-05 9.9838E-05 9.9838E-05 9.9838E-05 9.9838E-05 9.9838E-05 0.998203 9.9838E-05 9.9838E-05 9.9838E-05 9.9838E-05 9.9838E-05 9.9838E-05 9.9838E-05 9.9838E-05 9.9838E-05 9.9838E-05 9.9838E-05
9.9838E-05 9.9838E-05 9.9838E-05 9.9838E-05 9.9838E-05 9.9838E-05 9.9838E-05 9.9838E-05 9.9838E-05 9.9838E-05 9.9838E-05 9.9838E-05 9.9838E-05 0.998203 9.9838E-05 9.9838E-05 9.9838E-05 9.9838E-05 9.9838E-05
9.98469E-05 9.98469E-05 9.98469E-05 9.98469E-05 9.98469E-05 9.98469E-05 9.98469E-05 0.991127 9.98469E-05 9.98469E-05 0.0071753 9.98469E-05 9.98469E-05 9.98469E-05 9.98469E-05 9.98469E-05 9.98469E-05 9.98469E-05 9.98469E-05
0.054236 9.9901E-05 9.9901E-05 0.0701164 9.9901E-05 0.0221998 9.9901E-05 9.9901E-05 9.9901E-05 0.00191266 0.0407364 9.9901E-05 0.00255681 9.9901E-05 0.0388867 9.9901E-05 9.9901E-05 0.768256 9.9901E-05
0.0562197 9.9955E-05 9.9955E-05 0.17947 9.9955E-05 0.0632522 0.0111046 0.0691626 0.000915378 0.0293135 0.0213629 0.00113342 9.9955E-05 0.0236625 0.0311837 0.0686211 9.9955E-05 0.391186 0.0529119
0.0113628 0.0601285 9.9919E-05 0.331283 9.9919E-05 9.9919E-05 0.00693693 0.0147961 9.9919E-05 9.9919E-05 9.9919E-05 9.9919E-05 9.9919E-05 0.0305084 0.0338966 9.9919E-05 0.0610201 0.432801 0.0163671
9.98831E-05 9.98831E-05 9.98831E-05 0.90407 9.98831E-05 9.98831E-05 0.00074909 0.0595261 9.98831E-05 0.0284722 9.98831E-05 9.98831E-05 0.00252056 0.00336314 9.98831E-05 9.98831E-05 9.98831E-05 9.98831E-05 9.98831E-05
9.9874E-05 9.9874E-05 9.9874E-05 9.9874E-05 9.9874E-05 9.9874E-05 9.9874E-05 9.9874E-05 0.011213 0.00240132 9.9874E-05 9.9874E-05 9.9874E-05 0.0184112 9.9874E-05 0.958366 0.00821078 9.9874E-05 9.9874E-05
0.998203 9.98379E-05 9.98379E-05 9.98379E-05 9.98379E-05 9.98379E-05 9.98379E-05 9.98379E-05 9.98379E-05 9.98379E-05 9.98379E-05 9.98379E-05 9.98379E-05 9.98379E-05 9.98379E-05 9.98379E-05 9.98379E-05 9.98379E-05 9.98379E-05
0.0471882 9.9928E-05 0.0131154 0.314247 0.0302417 9.9928E-05 0.0194104 0.00600802 0.0331464 9.9928E-05 9.9928E-05 0.0328068 0.0532965 0.0154412 9.9928E-05 9.9928E-05 9.9928E-05 0.434298 9.9928E-05
9.9892E-05 0.737093 0.00904141 0.0450913 9.9892E-05 9.9892E-05 9.9892E-05 9.9892E-05 9.9892E-05 9.9892E-05 0.00944014 9.9892E-05 9.9892E-05 9.9892E-05 0.0666246 9.9892E-05 0.0452912 0.0862202 9.9892E-05
0.0199729 0.87673 0.0618205 9.9892E-05 9.9892E-05 0.00732886 9.9892E-05 0.00488307 9.9892E-05 9.9892E-05 0.0176623 0.010404 9.9892E-05 9.9892E-05 9.9892E-05 9.9892E-05 9.9892E-05 9.9892E-05 9.9892E-05
9.98964E-05 0.878045 0.069058 9.98964E-05 9.98964E-05 0.00567512 9.98964E-05 0.00712507 9.98964E-05 0.0170319 9.98964E-05 0.00525079 9.98964E-05 0.0166158 9.98964E-05 9.98964E-05 9.98964E-05 9.98964E-05 9.98964E-05
0.0212432 0.946747 9.98741E-05 9.98741E-05 9.98741E-05 9.98741E-05 0.0100009 9.98741E-05 9.98741E-05 9.98741E-05 0.011254 9.98741E-05 9.98741E-05 9.98741E-05 0.00935648 9.98741E-05 9.98741E-05 9.98741E-05 9.98741E-05
0.0140182 0.73352 9.991E-05 9.991E-05 9.991E-05 0.0823515 9.991E-05 0.028358 9.991E-05 9.991E-05 0.00280617 9.991E-05 9.991E-05 0.00728028 9.991E-05 0.110307 9.991E-05 0.00432929 0.0160298
0.0184245 0.671455 9.9901E-05 9.9901E-05 0.154074 9.9901E-05 9.9901E-05 9.9901E-05 9.9901E-05 9.9901E-05 0.00207797 9.9901E-05 9.9901E-05 0.00700939 0.0131004 0.0634885 9.9901E-05 9.9901E-05 0.0692708
9.98471E-05 0.98344 9.98471E-05 9.98471E-05 9.98471E-05 9.98471E-05 9.98471E-05 9.98471E-05 9.98471E-05 9.98471E-05 9.98471E-05 9.98471E-05 9.98471E-05 9.98471E-05 9.98471E-05 9.98471E-05 0.0148628 9.98471E-05 9.98471E-05
9.9883E-05 0.781255 0.0579938 9.9883E-05 9.9883E-05 9.9883E-05 0.0291783 9.9883E-05 9.9883E-05 9.9883E-05 9.9883E-05 9.9883E-05 9.9883E-05 0.0394258 9.9883E-05 9.9883E-05 9.9883E-05 0.0406183 0.0502298
9.9892E-05 0.709715 9.9892E-05 0.0337028 0.183917 9.9892E-05 9.9892E-05 0.00576741 9.9892E-05 0.00326332 9.9892E-05 9.9892E-05 0.0596818 0.00275413 9.9892E-05 9.9892E-05 9.9892E-05 9.9892E-05 9.9892E-05
9.991E-05 0.710446 0.0913537 0.0516122 9.991E-05 9.991E-05 0.00523197 9.991E-05 9.991E-05 0.0420646 9.991E-05 9.991E-05 0.030456 0.0184357 0.013669 9.991E-05 0.0357319 9.991E-05 9.991E-05
0.0133034 0.701253 0.0128342 9.9919E-05 9.9919E-05 9.9919E-05 9.9919E-05 0.00814914 0.00444356 0.00226673 9.9919E-05 9.9919E-05 0.0425059 9.9919E-05 0.020226 0.119895 9.9919E-05 9.9919E-05 0.0742239
0.0139839 9.9892E-05 9.9892E-05 0.00812748 0.0612821 0.0398613 9.9892E-05 0.00559246 9.9892E-05 9.9892E-05 9.9892E-05 9.9892E-05 9.9892E-05 0.00400285 9.9892E-05 9.9892E-05 0.865951 9.9892E-05 9.9892E-05
0.00198906 9.9865E-05 9.9865E-05 9.9865E-05 0.96605 9.9865E-05 9.9865E-05 9.9865E-05 9.9865E-05 0.0177681 0.0126954 9.9865E-05 9.9865E-05 9.9865E-05 9.9865E-05 9.9865E-05 9.9865E-05 9.9865E-05 9.9865E-05
9.98561E-05 9.98561E-05 0.0152876 9.98561E-05 9.98561E-05 9.98561E-05 9.98561E-05 9.98561E-05 9.98561E-05 9.98561E-05 9.98561E-05 9.98561E-05 9.98561E-05 9.98561E-05 9.98561E-05 0.0550459 0.928069 9.98561E-05 9.98561E-05
9.98831E-05 9.98831E-05 0.0457843 9.98831E-05 9.98831E-05 0.870736 0.0109949 0.00930315 9.98831E-05 0.00748551 9.98831E-05 9.98831E-05 0.0543979 9.98831E-05 9.98831E-05 9.98831E-05 9.98831E-05 9.98831E-05 9.98831E-05
9.98471E-05 9.98471E-05 9.98471E-05 9.98471E-05 9.98471E-05 9.98471E-05 9.98471E-05 9.98471E-05 9.98471E-05 9.98471E-05 0.0116689 9.98471E-05 9.98471E-05 9.98471E-05 9.98471E-05 9.98471E-05 0.986634 9.98471E-05 9.98471E-05
9.9874E-05 9.9874E-05 9.9874E-05 0.114406 0.373977 0.238879 9.9874E-05 9.9874E-05 0.24447 0.0268707 9.9874E-05 9.9874E-05 9.9874E-05 9.9874E-05 9.9874E-05 9.9874E-05 9.9874E-05 9.9874E-05 9.9874E-05
9.9901E-05 9.9901E-05 9.9901E-05 9.9901E-05 0.413429 0.263655 9.9901E-05 9.9901E-05 0.0243756 9.9901E-05 9.9901E-05 0.0276727 0.031856 0.0473338 9.9901E-05 9.9901E-05 0.121141 9.9901E-05 0.0694383
9.98831E-05 9.98831E-05 0.0893917 9.98831E-05 0.724224 9.98831E-05 9.98831E-05 9.98831E-05 0.0468207 0.00146845 9.98831E-05 9.98831E-05 9.98831E-05 9.98831E-05 9.98831E-05 9.98831E-05 0.127548 9.98831E-05 0.00924856
9.98919E-05 9.98919E-05 0.0063452 9.98919E-05 9.98919E-05 0.0178628 9.98919E-05 0.0268287 9.98919E-05 9.98919E-05 9.98919E-05 0.0764565 9.98919E-05 0.0199885 9.98919E-05 9.98919E-05 0.690148 0.161172 9.98919E-05
9.98471E-05 9.98471E-05 9.98471E-05 9.98471E-05 0.995908 9.98471E-05 9.98471E-05 9.98471E-05 9.98471E-05 9.98471E-05 9.98471E-05 9.98471E-05 0.00239478 9.98471E-05 9.98471E-05 9.98471E-05 9.98471E-05 9.98471E-05 9.98471E-05
9.9856E-05 9.9856E-05 9.9856E-05 9.9856E-05 9.9856E-05 9.9856E-05 9.9856E-05 9.9856E-05 9.9856E-05 0.00218727 0.00968157 9.9856E-05 9.9856E-05 9.9856E-05 9.9856E-05 9.9856E-05 0.986533 9.9856E-05 9.9856E-05
0.00722262 9.98741E-05 9.98741E-05 9.98741E-05 9.98741E-05 9.98741E-05 0.00511355 9.98741E-05 0.343284 9.98741E-05 9.98741E-05 9.98741E-05 9.98741E-05 9.98741E-05 0.0175129 9.98741E-05 0.625468 9.98741E-05 9.98741E-05
0.00373325 9.9883E-05 9.9883E-05 0.0960735 9.9883E-05 0.0277029 9.9883E-05 0.0122011 9.9883E-05 9.9883E-05 9.9883E-05 0.0070718 9.9883E-05 9.9883E-05 9.9883E-05 9.9883E-05 0.851919 9.9883E-05 9.9883E-05
9.9901E-05 0.0489573 9.9901E-05 9.9901E-05 0.445438 9.9901E-05 9.9901E-05 0.0188406 0.0806624 9.9901E-05 9.9901E-05 0.162877 9.9901E-05 9.9901E-05 0.0100869 9.9901E-05 0.0782483 0.15379 9.9901E-05
9.9901E-05 9.9901E-05 9.9901E-05 9.9901E-05 9.9901E-05 0.109671 0.0107394 0.00989295 0.753895 9.9901E-05 9.9901E-05 9.9901E-05 9.9901E-05 9.9901E-05 0.037343 0.0136319 9.9901E-05 0.00842993 0.0552984
9.9874E-05 9.9874E-05 9.9874E-05 9.9874E-05 9.9874E-05 9.9874E-05 0.0484739 9.9874E-05 0.820437 0.00723759 9.9874E-05 9.9874E-05 9.9874E-05 9.9874E-05 0.015722 9.9874E-05 9.9874E-05 0.106732 9.9874E-05
9.98471E-05 9.98471E-05 9.98471E-05 9.98471E-05 9.98471E-05 9.98471E-05 9.98471E-05 9.98471E-05 0.973961 9.98471E-05 9.98471E-05 9.98471E-05 9.98471E-05 9.98471E-05 0.024342 9.98471E-05 9.98471E-05 9.98471E-05 9.98471E-05
9.9892E-05 0.00889316 9.9892E-05 9.9892E-05 0.136053 0.00392123 9.9892E-05 9.9892E-05 0.755215 9.9892E-05 9.9892E-05 9.9892E-05 0.00487989 9.9892E-05 9.9892E-05 0.0239336 9.9892E-05 0.0659059 9.9892E-05
9.98382E-05 9.98382E-05 9.98382E-05 9.98382E-05 9.98382E-05 9.98382E-05 9.98382E-05 9.98382E-05 0.998203 9.98382E-05 9.98382E-05 9.98382E-05 9.98382E-05 9.98382E-05 9.98382E-05 9.98382E-05 9.98382E-05 9.98382E-05 9.98382E-05
9.9892E-05 9.9892E-05 0.0052205 9.9892E-05 9.9892E-05 9.9892E-05 9.9892E-05 9.9892E-05 0.840595 0.0239509 0.0120862 0.0821997 9.9892E-05 0.00577577 9.9892E-05 0.0289732 9.9892E-05 9.9892E-05 9.9892E-05
0.0144703 9.9892E-05 9.9892E-05 9.9892E-05 9.9892E-05 9.9892E-05 0.00889276 9.9892E-05 0.791767 0.00243717 9.9892E-05 0.00759162 9.9892E-05 0.000435999 9.9892E-05 9.9892E-05 9.9892E-05 0.173206 9.9892E-05
9.9883E-05 9.9883E-05 0.0787853 0.0126419 0.0890134 9.9883E-05 9.9883E-05 0.00882461 0.786905 9.9883E-05 9.9883E-05 0.0225315 9.9883E-05 9.9883E-05 9.9883E-05 9.9883E-05 9.9883E-05 9.9883E-05 9.9883E-05
9.9874E-05 9.9874E-05 9.9874E-05 0.0379805 9.9874E-05 0.91163 9.9874E-05 0.0229655 9.9874E-05 9.9874E-05 0.00785213 9.9874E-05 9.9874E-05 0.0181735 9.9874E-05 9.9874E-05 9.9874E-05 9.9874E-05 9.9874E-05
0.0281423 9.9856E-05 9.9856E-05 9.9856E-05 9.9856E-05 0.963848 9.9856E-05 9.9856E-05 9.9856E-05 9.9856E-05 0.00641233 9.9856E-05 9.9856E-05 9.9856E-05 9.9856E-05 9.9856E-05 9.9856E-05 9.9856E-05 9.9856E-05
9.9883E-05 9.9883E-05 9.9883E-05 9.9883E-05 0.0568532 0.581737 9.9883E-05 9.9883E-05 9.9883E-05 9.9883E-05 9.9883E-05 9.9883E-05 9.9883E-05 9.9883E-05 0.00116552 9.9883E-05 0.116607 0.217027 0.0253122
9.9883E-05 0.0712385 9.9883E-05 9.9883E-05 0.266506 0.455779 9.9883E-05 9.9883E-05 9.9883E-05 9.9883E-05 9.9883E-05 0.0191983 9.9883E-05 9.9883E-05 9.9883E-05 9.9883E-05 0.0131706 0.172809 9.9883E-05
0.0290134 9.98919E-05 9.98919E-05 9.98919E-05 0.459442 0.0969303 9.98919E-05 0.0246814 9.98919E-05 0.0113469 9.98919E-05 0.174723 9.98919E-05 9.98919E-05 9.98919E-05 9.98919E-05 0.202664 9.98919E-05 9.98919E-05
9.9901E-05 9.9901E-05 9.9901E-05 9.9901E-05 0.700908 9.9901E-05 0.0438555 9.9901E-05 0.000827886 9.9901E-05 0.00418561 0.0665821 9.9901E-05 0.00363635 0.027543 9.9901E-05 9.9901E-05 0.151363 9.9901E-05
9.99099E-05 9.99099E-05 0.0781886 9.99099E-05 9.99099E-05 0.550284 0.0450385 9.99099E-05 0.191796 0.014995 9.99099E-05 0.0767764 9.99099E-05 9.99099E-05 9.99099E-05 9.99099E-05 0.0192406 0.0127101 0.00997211
9.98741E-05 9.98741E-05 9.98741E-05 9.98741E-05 9.98741E-05 0.917188 9.98741E-05 9.98741E-05 9.98741E-05 9.98741E-05 0.000528196 9.98741E-05 0.0346387 0.0292158 9.98741E-05 0.0170308 9.98741E-05 9.98741E-05 9.98741E-05
9.9874E-05 9.9874E-05 9.9874E-05 9.9874E-05 0.939073 9.9874E-05 9.9874E-05 0.0155765 9.9874E-05 9.9874E-05 9.9874E-05 9.9874E-05 0.0260091 0.00235041 0.0155922 9.9874E-05 9.9874E-05 9.9874E-05 9.9874E-05
0.00614472 9.9883E-05 9.9883E-05 0.0406473 9.9883E-05 0.896108 0.0249384 9.9883E-05 9.9883E-05 9.9883E-05 9.9883E-05 0.0210352 0.00982763 9.9883E-05 9.9883E-05 9.9883E-05 9.9883E-05 9.9883E-05 9.9883E-05
9.9865E-05 9.9865E-05 0.0330978 9.9865E-05 9.9865E-05 0.900928 9.9865E-05 9.9865E-05 9.9865E-05 9.9865E-05 9.9865E-05 9.9865E-05 0.0362071 9.9865E-05 9.9865E-05 9.9865E-05 9.9865E-05 9.9865E-05 0.0282688
9.99101E-05 9.99101E-05 0.0880459 9.99101E-05 0.270985 0.231972 9.99101E-05 0.025788 0.332435 0.00229339 0.0054802 9.99101E-05 9.99101E-05 0.0101512 0.00501797 9.99101E-05 9.99101E-05 9.99101E-05 0.026933
9.9874E-05 9.9874E-05 9.9874E-05 9.9874E-05 0.929269 0.027038 9.9874E-05 0.0124408 9.9874E-05 0.0222602 9.9874E-05 9.9874E-05 9.9874E-05 9.9874E-05 9.9874E-05 9.9874E-05 9.9874E-05 0.00759343 9.9874E-05
9.98651E-05 9.98651E-05 9.98651E-05 9.98651E-05 9.98651E-05 9.98651E-05 9.98651E-05 0.00118659 9.98651E-05 9.98651E-05 0.009931 0.976311 9.98651E-05 9.98651E-05 0.0110736 9.98651E-05 9.98651E-05 9.98651E-05 9.98651E-05
0.0336694 9.9865E-05 9.9865E-05 9.9865E-05 9.9865E-05 9.9865E-05 9.9865E-05 9.9865E-05 9.9865E-05 9.9865E-05 9.9865E-05 0.858385 9.9865E-05 9.9865E-05 9.9865E-05 9.9865E-05 0.0302943 0.0761529 9.9865E-05
0.0186965 9.991E-05 9.991E-05 9.991E-05 9.991E-05 9.991E-05 0.0241824 9.991E-05 0.00372836 0.0225178 0.0116144 0.809474 9.991E-05 9.991E-05 0.0150129 9.991E-05 9.991E-05 0.0902461 0.00352817
9.991E-05 9.991E-05 0.0185724 9.991E-05 9.991E-05 0.0185931 0.00534984 0.00916278 9.991E-05 9.991E-05 0.000762969 0.872135 9.991E-05 0.00255467 0.0119924 9.991E-05 9.991E-05 0.0598773 9.991E-05
9.9865E-05 9.9865E-05 0.0345156 9.9865E-05 9.9865E-05 9.9865E-05 0.0244321 9.9865E-05 9.9865E-05 9.9865E-05 9.9865E-05 0.854125 9.9865E-05 9.9865E-05 9.9865E-05 9.9865E-05 9.9865E-05 0.0854289 9.9865E-05
0.010316 9.9919E-05 9.9919E-05 9.9919E-05 9.9919E-05 9.9919E-05 9.9919E-05 0.00964915 9.9919E-05 0.000801675 0.0117811 0.802733 0.0576516 0.0110024 9.9919E-05 0.0292149 0.0575342 9.9919E-05 0.00841681
9.98561E-05 9.98561E-05 9.98561E-05 9.98561E-05 9.98561E-05 9.98561E-05 9.98561E-05 9.98561E-05 9.98561E-05 9.98561E-05 9.98561E-05 0.835272 0.0952879 9.98561E-05 9.98561E-05 0.0678427 9.98561E-05 9.98561E-05 9.98561E-05
9.9874E-05 0.0329352 0.000988021 9.9874E-05 9.9874E-05 9.9874E-05 0.0408017 9.9874E-05 9.9874E-05 9.9874E-05 9.9874E-05 0.816339 9.9874E-05 9.9874E-05 9.9874E-05 9.9874E-05 9.9874E-05 9.9874E-05 0.107538
