9.99101E-05 9.99101E-05 0.999001 9.99101E-05 9.99101E-05 9.99101E-05 9.99101E-05 9.99101E-05 9.99101E-05 9.99101E-05 9.99101E-05
9.9964E-05 0.0113947 0.0652113 0.0282157 0.164535 0.0482018 9.9964E-05 0.66663 9.9964E-05 0.0154117 9.9964E-05
0.000820123 0.0116322 0.0733892 9.9964E-05 0.120323 9.9964E-05 9.9964E-05 0.701724 0.0899308 9.9964E-05 0.00177996
9.9955E-05 0.025204 0.026486 9.9955E-05 0.0685765 9.9955E-05 9.9955E-05 0.78944 0.06485 0.0249442 9.9955E-05
0.034261 9.9946E-05 0.0554953 0.0974696 9.9946E-05 9.9946E-05 9.9946E-05 0.786622 9.9946E-05 0.0255522 9.9946E-05
0.0100506 0.0302514 0.0236975 9.9964E-05 9.9964E-05 0.0105586 0.00294722 0.876565 9.9964E-05 0.0455297 9.9964E-05
9.99101E-05 9.99101E-05 0.999001 9.99101E-05 9.99101E-05 9.99101E-05 9.99101E-05 9.99101E-05 9.99101E-05 9.99101E-05 9.99101E-05
0.0144138 0.0190509 0.0748384 0.0308927 9.9982E-05 0.0262519 0.0243014 0.766646 9.9982E-05 0.0388093 0.00459556
0.0163319 9.9955E-05 0.0491766 0.0205347 9.9955E-05 9.9955E-05 9.9955E-05 0.769383 0.0434677 0.100606 9.9955E-05
0.0123652 0.0080574 0.0649954 9.9982E-05 0.0481605 0.00349048 9.9982E-05 0.764905 0.0301954 0.0524409 0.01519
9.9955E-05 0.0112899 9.9955E-05 9.9955E-05 0.165961 9.9955E-05 9.9955E-05 0.761762 0.0137914 0.0465563 0.000139287
9.9946E-05 9.9946E-05 0.0533592 9.9946E-05 0.225961 9.9946E-05 9.9946E-05 0.649711 0.0622387 9.9946E-05 0.00813082
9.9955E-05 0.00780397 0.011572 0.0555957 9.9955E-05 0.0620892 9.9955E-05 0.781372 0.081067 9.9955E-05 9.9955E-05
9.9973E-05 0.00204696 0.0339632 9.9973E-05 0.0890898 0.0259788 0.00617306 0.706799 9.9973E-05 0.124316 0.0113329
9.9946E-05 9.9946E-05 0.0618062 9.9946E-05 0.0180778 9.9946E-05 9.9946E-05 0.767944 0.147243 0.00432963 9.9946E-05
9.9937E-05 9.9937E-05 0.00294145 0.00712358 9.9937E-05 9.9937E-05 9.9937E-05 0.908146 9.9937E-05 0.0810894 9.9937E-05
0.00188874 0.0314929 0.0575855 9.9937E-05 9.9937E-05 9.9937E-05 9.9937E-05 0.908333 9.9937E-05 9.9937E-05 9.9937E-05
9.9928E-05 9.9928E-05 0.0464255 9.9928E-05 9.9928E-05 0.0039999 9.9928E-05 0.948775 9.9928E-05 9.9928E-05 9.9928E-05
9.9937E-05 9.9937E-05 0.0629221 9.9937E-05 9.9937E-05 0.0169919 0.00974487 0.909642 9.9937E-05 9.9937E-05 9.9937E-05
9.9937E-05 0.0171941 9.9937E-05 0.00703982 0.0145665 9.9937E-05 9.9937E-05 0.9605 9.9937E-05 9.9937E-05 9.9937E-05
9.99101E-05 9.99101E-05 9.99101E-05 9.99101E-05 9.99101E-05 9.99101E-05 9.99101E-05 9.99101E-05 9.99101E-05 9.99101E-05 0.999001
9.9946E-05 9.9946E-05 0.0190881 9.9946E-05 0.169306 0.0359997 9.9946E-05 9.9946E-05 0.756426 9.9946E-05 0.0185803
0.0215419 9.9973E-05 0.0221282 0.0368025 9.9973E-05 0.0162594 0.0460609 0.00817246 0.831069 0.0176657 9.9973E-05
9.9928E-05 0.0355453 9.9928E-05 9.9928E-05 9.9928E-05 9.9928E-05 0.088743 9.9928E-05 0.874912 9.9928E-05 9.9928E-05
0.00269704 9.9946E-05 0.0233848 9.9946E-05 9.9946E-05 0.00119856 9.9946E-05 9.9946E-05 0.951098 9.9946E-05 0.0210221
0.0352465 0.0171726 0.0269209 9.9937E-05 9.9937E-05 9.9937E-05 9.9937E-05 9.9937E-05 0.91996 9.9937E-05 9.9937E-05
9.9946E-05 9.9946E-05 0.0368672 0.0644346 9.9946E-05 9.9946E-05 0.0894563 9.9946E-05 0.791031 9.9946E-05 0.0176114
9.99101E-05 9.99101E-05 9.99101E-05 9.99101E-05 9.99101E-05 9.99101E-05 9.99101E-05 9.99101E-05 9.99101E-05 9.99101E-05 0.999001
9.9964E-05 0.0011634 9.9964E-05 0.0101543 0.110832 0.000750767 9.9964E-05 9.9964E-05 0.820259 0.0415034 0.0149376
9.9964E-05 0.00394013 9.9964E-05 0.0172965 0.0817564 0.0442506 0.0835742 0.0119743 0.756808 9.9964E-05 9.9964E-05
9.9955E-05 0.037857 9.9955E-05 0.0209293 0.0724009 9.9955E-05 9.9955E-05 9.9955E-05 0.760601 0.0775839 0.0301281
9.9964E-05 0.0261919 0.00899377 0.0338097 9.9964E-05 0.00928522 0.0951588 9.9964E-05 0.790528 9.9964E-05 0.0356331
0.000213155 9.9982E-05 0.0335983 0.0287322 9.9982E-05 0.0155554 0.038262 0.0262894 0.709173 0.0846782 0.0632982
0.0437313 9.9955E-05 9.9955E-05 9.9955E-05 0.133447 0.0535448 9.9955E-05 9.9955E-05 0.676202 0.0486353 0.0439396
0.0310386 0.0116056 0.026005 0.050413 0.205885 0.00327501 9.9964E-05 9.9964E-05 0.671378 9.9964E-05 9.9964E-05
9.9964E-05 9.9964E-05 0.0167601 9.9964E-05 0.422777 0.0171209 9.9964E-05 0.00193555 0.443963 0.0946869 0.00235641
0.0425219 0.010369 9.9973E-05 0.0739696 0.0404368 9.9973E-05 0.135594 0.0181187 0.678372 9.9973E-05 0.000317246
9.9973E-05 0.0272087 9.9973E-05 0.0999932 0.0592096 0.0264618 0.738422 0.0112336 9.9973E-05 0.00921597 0.0279557
9.9955E-05 0.00932379 0.0317156 0.150389 0.124537 0.035353 0.648182 9.9955E-05 9.9955E-05 9.9955E-05 9.9955E-05
0.0165034 0.00984511 9.9982E-05 0.112208 9.9982E-05 0.0565972 0.698766 0.0692724 0.0121694 0.0143626 0.0100761
9.9964E-05 0.0231234 0.0772602 0.107072 9.9964E-05 0.0167222 0.695137 9.9964E-05 0.038764 0.0415213 9.9964E-05
0.0670735 0.0165094 0.0235439 9.9973E-05 0.0248842 0.0690341 0.733964 0.0233362 9.9973E-05 9.9973E-05 0.0413549
0.0533576 9.9964E-05 0.0387888 0.0722269 0.0547249 0.000540723 0.749956 9.9964E-05 9.9964E-05 9.9964E-05 0.0300052
0.0304072 0.00428219 0.0109769 9.9991E-05 0.111062 0.0453068 0.624118 0.048149 0.0196053 0.0860861 0.019907
0.0126853 0.0173573 9.9964E-05 0.165865 9.9964E-05 0.0325259 0.691019 0.0371313 0.0430163 9.9964E-05 9.9964E-05
9.9946E-05 9.9946E-05 9.9946E-05 0.119284 9.9946E-05 9.9946E-05 0.676961 0.0592964 0.11327 0.0305885 9.9946E-05
0.0381188 0.0345375 0.00171006 0.0467663 9.9964E-05 0.0608168 0.802555 9.9964E-05 0.0150957 9.9964E-05 9.9964E-05
0.0366112 9.9964E-05 0.0253968 0.00923041 0.0276513 0.0428455 0.837764 9.9964E-05 9.9964E-05 9.9964E-05 0.0201004
0.0019355 0.0219769 0.0188541 9.9973E-05 9.9973E-05 0.0145055 0.85011 0.0300211 9.9973E-05 9.9973E-05 0.0621969
9.9955E-05 9.9955E-05 9.9955E-05 9.9955E-05 0.161974 0.0305259 0.725019 0.0182555 9.9955E-05 0.0393201 0.0244063
0.0128161 0.038147 0.0204866 0.0686593 9.9973E-05 0.0304336 0.780151 9.9973E-05 9.9973E-05 0.0160775 0.032929
0.0281969 0.0182299 0.0398864 9.9982E-05 0.00226711 0.0512087 0.798348 9.9982E-05 0.0226857 0.0234436 0.0155336
0.0672566 9.9964E-05 0.01108 0.00872889 9.9964E-05 0.0716883 0.824531 0.00392092 9.9964E-05 9.9964E-05 0.012394
0.00677425 0.0233313 0.0112487 9.9964E-05 0.0934257 9.9964E-05 0.76363 0.0821032 9.9964E-05 9.9964E-05 0.0190867
0.0227949 0.0140016 0.00768293 0.087894 9.9982E-05 0.0352415 0.733465 0.0441227 9.9982E-05 0.0297355 0.0248619
0.0155123 0.0282817 9.9982E-05 0.0704166 0.0864746 0.0110625 0.656044 0.0452996 0.0623377 0.0243715 9.9982E-05
0.0604802 9.9973E-05 0.0449462 0.00846849 9.9973E-05 0.0107005 0.724619 0.0605815 0.0703992 9.9973E-05 0.0195045
9.9991E-05 0.0130003 0.00136316 0.388713 0.372812 0.0474627 0.106932 0.0121371 0.0139604 0.0374617 0.00605773
0.829313 9.9946E-05 9.9946E-05 0.0212787 0.0465473 9.9946E-05 9.9946E-05 0.0749592 9.9946E-05 9.9946E-05 0.0273027
0.0717943 0.00585784 0.013771 0.33439 0.47474 0.0682064 0.0246873 9.9973E-05 9.9973E-05 9.9973E-05 0.00625374
0.0391288 0.0050205 0.0421389 0.413794 0.454954 0.0294195 0.0151441 9.9964E-05 9.9964E-05 9.9964E-05 9.9964E-05
0.0289884 0.0189997 9.9955E-05 0.539803 0.340084 0.0570609 9.9955E-05 9.9955E-05 0.0145641 9.9955E-05 9.9955E-05
9.9964E-05 0.0314508 9.9964E-05 0.542097 0.278406 0.055583 0.0463919 0.0267551 9.9964E-05 9.9964E-05 0.0189163
9.99101E-05 9.99101E-05 9.99101E-05 9.99101E-05 9.99101E-05 0.999001 9.99101E-05 9.99101E-05 9.99101E-05 9.99101E-05 9.99101E-05
0.842023 0.00577018 9.9955E-05 0.0945776 9.9955E-05 0.0160775 9.9955E-05 9.9955E-05 9.9955E-05 0.0184019 0.0226496
0.0282369 0.0339776 0.00187317 0.231018 0.534121 0.0639019 0.0145461 0.0729313 9.9991E-05 0.00841008 0.0108841
0.0214695 0.0395722 0.0293831 0.563001 0.0355024 0.121317 0.0378465 0.0278544 0.0970622 0.000691271 0.0263
0.118233 0.0343691 0.00192674 0.59229 0.124355 0.0824922 9.9982E-05 0.0409757 0.0018496 9.9982E-05 0.00330863
0.102732 0.0469402 9.9964E-05 0.569467 0.125805 0.0959776 9.9964E-05 9.9964E-05 0.0164634 9.9964E-05 0.042215
0.182963 0.0469795 0.0226765 0.442972 0.108262 0.0667359 9.9982E-05 0.042668 0.0693689 9.9982E-05 0.0171736
0.0738956 0.0220326 0.0383584 0.692921 0.0781677 0.0756173 9.9964E-05 0.0186075 9.9964E-05 9.9964E-05 9.9964E-05
0.0273995 0.0372111 0.0315557 0.62649 0.0976457 0.129857 0.0387409 9.9973E-05 9.9973E-05 9.9973E-05 0.0108003
0.116558 0.021356 0.0369264 0.43979 0.262228 0.0653172 9.9973E-05 9.9973E-05 0.0491066 9.9973E-05 0.00841697
0.0616391 0.0249906 9.9982E-05 0.351022 0.422755 0.000374464 0.00758695 9.9982E-05 0.0787622 0.0438176 0.00885243
0.0247215 0.0703184 0.0191471 0.522228 9.9973E-05 0.0828465 0.229371 9.9973E-05 9.9973E-05 0.00817507 0.0428925
0.0128684 0.0479647 9.9964E-05 0.431691 0.209459 0.0459574 0.194442 0.0572184 9.9964E-05 9.9964E-05 9.9964E-05
0.0473383 0.0488707 9.9964E-05 0.172717 0.222144 0.0157975 0.403739 0.0889944 9.9964E-05 9.9964E-05 9.9964E-05
9.99101E-05 9.99101E-05 9.99101E-05 9.99101E-05 9.99101E-05 0.999001 9.99101E-05 9.99101E-05 9.99101E-05 9.99101E-05 9.99101E-05
0.12702 0.0545935 9.9991E-05 0.313295 0.109657 0.0680576 0.125824 0.0890437 0.0354277 0.0257567 0.051225
0.0806079 0.03736 9.9955E-05 0.472498 0.220956 0.11754 0.0705388 9.9955E-05 9.9955E-05 9.9955E-05 9.9955E-05
0.0384684 0.0693049 9.9982E-05 0.702439 9.9982E-05 0.0156121 0.0496023 0.05773 0.0459822 0.00981585 0.0108456
0.041911 0.0281954 0.0258844 0.490053 0.309693 0.0778958 0.0102904 9.9982E-05 0.000602102 9.9982E-05 0.0152747
0.0538044 0.00743483 0.0199624 0.445802 0.298335 0.106323 9.9964E-05 0.0679397 9.9964E-05 9.9964E-05 9.9964E-05
0.0892314 0.0595259 0.0114456 0.0999377 0.271898 9.9991E-05 0.226476 0.0276785 0.021799 0.181509 0.0103983
0.020704 0.019621 9.9955E-05 9.9955E-05 0.229142 0.0353591 0.143858 9.9955E-05 9.9955E-05 0.550815 9.9955E-05
0.0834262 0.0254699 0.0291585 0.326058 0.238923 9.9991E-05 0.115274 0.0138005 0.0277761 0.131149 0.00886585
0.0230284 0.0334642 0.0113517 0.763698 9.99811E-05 0.0601786 0.0327317 0.0566073 9.99811E-05 0.0186405 9.99811E-05
9.9955E-05 0.0569413 0.0141468 0.763237 9.9955E-05 0.0137205 0.0171869 9.9955E-05 9.9955E-05 0.134267 9.9955E-05
0.0764924 9.9991E-05 0.00478013 0.594775 0.155401 0.0425039 0.0545444 0.0151656 0.0121204 0.0314798 0.0126373
0.181652 9.99189E-05 9.99189E-05 9.99189E-05 0.817448 9.99189E-05 9.99189E-05 9.99189E-05 9.99189E-05 9.99189E-05 9.99189E-05
0.0595577 0.0470607 9.9982E-05 0.321749 0.274964 0.175924 0.061862 0.00665821 0.0330295 9.9982E-05 0.0189946
9.9964E-05 0.0299703 0.0297816 0.684957 0.0828627 0.112366 0.0576419 9.9964E-05 9.9964E-05 0.00202062 9.9964E-05
9.9946E-05 9.9946E-05 0.0221188 0.100859 0.814358 9.9946E-05 9.9946E-05 9.9946E-05 9.9946E-05 0.0435852 0.0184792
9.9973E-05 0.0549485 0.0230472 0.110873 0.671574 0.0136905 9.9973E-05 0.000110715 0.11549 9.9973E-05 0.0099662
9.9964E-05 0.0100341 0.0249056 0.135222 0.714195 0.0727844 9.9964E-05 9.9964E-05 0.00483583 0.0376234 9.9964E-05
0.0415201 9.9982E-05 0.0475474 0.217543 0.538702 0.0617213 9.9982E-05 0.0403511 0.0218112 0.00534931 0.0252545
0.0593762 0.0862724 0.000989613 0.232833 0.378295 0.0622987 0.0870939 9.9982E-05 0.0266158 0.0660253 9.9982E-05
0.0955154 0.0546704 0.0075297 0.404024 0.276962 0.0654372 0.0459131 0.0496486 9.9973E-05 9.9973E-05 9.9973E-05
0.0155832 0.0532643 0.0200207 0.567655 0.219571 0.0537804 9.9964E-05 9.9964E-05 0.0697258 9.9964E-05 9.9964E-05
0.102642 0.080703 9.9973E-05 0.380318 0.288583 0.0420306 0.0521244 0.0495448 9.9973E-05 9.9973E-05 0.00375515
9.9964E-05 0.0147138 0.0161315 0.404239 0.47726 0.0113765 9.9964E-05 9.9964E-05 0.0501146 9.9964E-05 0.0257656
0.172005 0.0405821 9.9973E-05 0.422442 0.141755 0.0918455 9.9973E-05 0.0282009 9.9973E-05 0.0992188 0.00365097
0.000617667 0.0141386 9.9964E-05 0.70027 0.209709 0.0490375 9.9964E-05 0.0131742 9.9964E-05 9.9964E-05 0.0126529
0.999001 9.99101E-05 9.99101E-05 9.99101E-05 9.99101E-05 9.99101E-05 9.99101E-05 9.99101E-05 9.99101E-05 9.99101E-05 9.99101E-05
0.104181 0.0724747 0.0288588 0.317963 0.374913 0.018699 9.9991E-05 0.00374934 0.0121548 0.0623286 0.0045767
9.9955E-05 9.9955E-05 9.9955E-05 0.322017 0.519042 0.123825 9.9955E-05 0.00505102 0.0279552 9.9955E-05 0.0016096
0.0422845 9.9964E-05 9.9964E-05 0.358784 0.427659 0.0705931 0.00143174 0.060413 9.9964E-05 0.0384352 9.9964E-05
0.0295502 0.0378084 9.9982E-05 0.567827 0.193958 0.0504521 0.0623509 0.0371691 9.9982E-05 0.0196708 0.00101254
9.9955E-05 0.0579606 0.0229028 0.406719 0.466057 0.0373712 9.9955E-05 0.00848902 9.9955E-05 9.9955E-05 9.9955E-05
0.0015389 0.0237502 0.0021183 0.614047 0.233313 0.0292207 9.9982E-05 0.0464972 0.0352333 9.9982E-05 0.0140815
9.99101E-05 0.999001 9.99101E-05 9.99101E-05 9.99101E-05 9.99101E-05 9.99101E-05 9.99101E-05 9.99101E-05 9.99101E-05 9.99101E-05
0.999001 9.99101E-05 9.99101E-05 9.99101E-05 9.99101E-05 9.99101E-05 9.99101E-05 9.99101E-05 9.99101E-05 9.99101E-05 9.99101E-05
9.99101E-05 0.999001 9.99101E-05 9.99101E-05 9.99101E-05 9.99101E-05 9.99101E-05 9.99101E-05 9.99101E-05 9.99101E-05 9.99101E-05
0.0331201 9.9955E-05 0.0025761 0.174994 0.73842 0.0398615 9.9955E-05 0.0105287 9.9955E-05 9.9955E-05 9.9955E-05
0.0860263 0.0776577 0.01611 0.00687129 0.699534 0.0331386 9.9982E-05 9.9982E-05 0.0474962 0.0114197 0.0215465
0.0966929 0.029729 0.0269113 0.301362 0.464047 0.0224401 9.9991E-05 0.0209095 0.0274199 0.00283344 0.0075554
0.0321669 0.0822387 0.011825 0.414418 0.290027 0.0557823 0.0291681 0.0485578 9.9982E-05 9.9982E-05 0.0356167
0.0422295 0.0175275 9.9964E-05 0.711283 9.9964E-05 0.107595 0.0326638 0.0589026 9.9964E-05 9.9964E-05 0.0293987
0.13172 9.99189E-05 9.99189E-05 9.99189E-05 0.867381 9.99189E-05 9.99189E-05 9.99189E-05 9.99189E-05 9.99189E-05 9.99189E-05
0.0498847 0.046585 0.0390869 0.342131 0.418371 0.0130054 0.0613009 0.0292409 9.9982E-05 0.00019434 9.9982E-05
0.0863847 9.9973E-05 0.035852 0.565961 0.0542586 0.0135147 9.9973E-05 9.9973E-05 0.160037 0.0770571 0.0066358
0.0142655 0.00318204 9.9964E-05 0.718693 0.00302652 0.0483177 9.9964E-05 9.9964E-05 0.101056 0.111059 9.9964E-05
0.067815 0.0413108 0.0450694 0.55422 9.9973E-05 0.030397 9.9973E-05 9.9973E-05 0.21858 0.0217723 0.0205351
9.9955E-05 9.9955E-05 0.0157572 0.538235 0.193152 0.00696349 9.9955E-05 9.9955E-05 0.202077 0.0433149 9.9955E-05
0.0584477 0.0253797 0.0211042 0.480536 0.0638421 0.0268678 9.9982E-05 9.9982E-05 0.18517 0.130385 0.00806755
0.033932 9.9955E-05 0.00477831 0.547072 9.9955E-05 0.0229327 9.9955E-05 9.9955E-05 0.245393 0.145392 9.9955E-05
0.0199953 9.9955E-05 0.0438903 0.576981 9.9955E-05 9.9955E-05 0.0131525 9.9955E-05 0.235895 0.109586 9.9955E-05
0.0179424 9.9955E-05 0.0382278 0.63735 9.9955E-05 9.9955E-05 9.9955E-05 0.0463313 0.22761 0.0320395 9.9955E-05
0.0423097 0.00387734 9.9973E-05 0.541599 9.9973E-05 9.9973E-05 0.111862 0.0328039 0.194756 0.0657192 0.00677351
0.0940643 0.0328794 9.9982E-05 0.567384 9.9982E-05 0.0141286 0.0234535 0.0337369 0.15594 0.0483522 0.0298611
0.0149963 0.0329459 0.0169613 0.586382 9.9973E-05 0.00472602 9.9973E-05 0.0297952 0.298957 0.0149362 9.9973E-05
0.0147728 0.0253842 9.9973E-05 0.0874653 9.9973E-05 0.0484938 0.00107423 0.041869 0.0725398 0.708101 9.9973E-05
0.0427768 9.9973E-05 0.0377725 0.163121 9.9973E-05 0.019759 0.0146572 9.9973E-05 0.00315208 0.696605 0.021856
0.0312031 0.0208521 0.010134 0.0354926 0.0282039 0.0131105 0.0484744 0.029564 0.0500956 0.693851 0.0390194
9.9955E-05 0.0397886 9.9955E-05 0.0252393 9.9955E-05 9.9955E-05 0.144275 0.0672119 9.9955E-05 0.715874 0.00711109
9.995E-05 9.995E-05 0.0476725 9.995E-05 0.136505 0.0541756 0.117904 9.995E-05 9.995E-05 0.599878 0.0433661
0.0064389 0.013354 0.0162935 0.0173456 0.124624 0.0216085 0.0228665 0.0460473 9.9991E-05 0.704741 0.0265808
0.111841 9.996E-05 9.996E-05 9.996E-05 9.996E-05 0.0271306 0.0655599 0.0254731 0.0638853 0.704098 0.00161178
0.0118507 9.9955E-05 0.0266557 0.163101 9.9955E-05 9.9955E-05 9.9955E-05 9.9955E-05 0.0060922 0.77027 0.0215307
0.00413548 0.0690409 0.0472928 9.9973E-05 0.241292 9.9973E-05 0.0976066 9.9973E-05 0.0661249 0.465785 0.0084222
0.0293507 9.9964E-05 9.9964E-05 0.0720704 9.9964E-05 0.0120064 0.166401 0.0185185 0.0650764 0.636177 9.9964E-05
0.00898274 9.9973E-05 0.0140977 9.9973E-05 9.9973E-05 0.063679 0.158182 0.0403857 0.0189044 0.682712 0.0127568
0.0255175 0.0053542 9.9991E-05 0.00431777 0.00329301 0.0266133 0.116469 0.0959746 0.00838775 0.713337 0.000636376
0.00338442 0.0199587 0.0166702 0.0652498 0.124607 0.00843918 0.0596138 0.0234387 0.0324759 0.606974 0.0391888
0.0207194 0.0239321 0.0190646 9.9955E-05 0.33533 9.9955E-05 0.0678678 9.9955E-05 9.9955E-05 0.532586 9.9955E-05
0.0338019 0.0228438 0.0329664 9.9964E-05 0.178676 9.9964E-05 9.9964E-05 0.0236525 0.0793575 0.628302 9.9964E-05
0.00408143 9.9964E-05 0.0667829 9.9964E-05 0.233453 0.0300202 9.9964E-05 0.00673 9.9964E-05 0.638447 0.0200855
0.0664546 0.0300413 0.0385646 9.9973E-05 0.00287952 0.0212226 0.0641133 9.9973E-05 0.000518078 0.775906 9.9973E-05
0.00338335 0.0116471 0.0672686 0.209072 9.9955E-05 9.9955E-05 0.00345544 9.9955E-05 9.9955E-05 0.704674 9.9955E-05
0.00918854 0.0255831 0.0405546 9.9973E-05 9.9973E-05 0.01126 9.9973E-05 0.0435192 0.0248133 0.824373 0.020408
9.9973E-05 0.0115531 0.0539891 9.9973E-05 0.202593 0.0385072 0.0474249 9.9973E-05 0.0206103 0.609429 0.0155937
9.9964E-05 0.0339537 0.0419535 9.9964E-05 0.278801 0.0074742 9.9964E-05 9.9964E-05 0.0494988 0.575503 0.0124154
0.025384 0.0337924 9.9955E-05 0.154958 9.9955E-05 9.9955E-05 9.9955E-05 0.018186 0.0172262 0.749953 9.9955E-05
0.0295621 0.0204852 9.9964E-05 9.9964E-05 0.228952 0.000835619 9.9964E-05 0.0177291 0.00642406 0.695612 9.9964E-05
9.9964E-05 0.0140183 0.0167448 9.9964E-05 0.157462 0.0187299 9.9964E-05 0.0301878 0.035985 0.726472 9.9964E-05
0.0310725 9.9955E-05 0.00199548 9.9955E-05 0.262234 9.9955E-05 9.9955E-05 0.0161622 0.0143491 0.673687 9.9955E-05
9.9955E-05 9.9955E-05 0.00642253 0.0499565 0.199028 9.9955E-05 9.9955E-05 0.00497 0.0585199 0.680603 9.9955E-05
9.9973E-05 0.067617 0.00509575 9.9973E-05 0.105816 9.9973E-05 0.0977915 0.0294918 0.0178988 0.635986 0.0400028
0.0171926 9.9964E-05 9.9964E-05 9.9964E-05 0.200358 0.0219056 0.0504015 0.060224 0.00215315 0.647365 9.9964E-05
9.9973E-05 0.0027191 0.0391873 0.0971871 0.13439 9.9973E-05 0.0404168 0.0156262 9.9973E-05 0.646481 0.0236917
0.0535914 0.0237418 9.9982E-05 0.00711004 0.00891936 0.0130588 0.0616706 0.018816 0.0938641 0.719028 9.9982E-05
0.0558539 0.0383386 9.9955E-05 0.0311885 9.9955E-05 0.000391868 0.131559 9.9955E-05 9.9955E-05 0.742169 9.9955E-05
9.9973E-05 0.00594181 0.0350533 0.0749373 0.135306 9.9973E-05 0.0780325 0.0337989 9.9973E-05 0.630213 0.00641711
9.9964E-05 9.9964E-05 0.000433388 0.0680621 0.0692396 9.9964E-05 0.0507495 9.9964E-05 0.114859 0.687317 0.00894015
0.0686038 0.0343354 0.0299816 0.00464656 0.0415393 9.9964E-05 9.9964E-05 9.9964E-05 0.0898621 0.730631 9.9964E-05
9.9955E-05 0.0122968 0.0466426 0.131774 0.00861314 9.9955E-05 9.9955E-05 9.9955E-05 9.9955E-05 0.769948 0.0302259
9.9964E-05 9.9964E-05 0.0158759 9.9964E-05 0.262691 0.016727 0.595273 9.9964E-05 0.0151974 0.0670805 0.0267559
9.9955E-05 9.9955E-05 0.0230248 9.9955E-05 0.323165 9.9955E-05 0.52468 0.0154033 0.055466 0.0577618 9.9955E-05
9.9955E-05 9.9955E-05 9.9955E-05 9.9955E-05 0.28382 0.00156256 0.492316 0.0815357 0.116237 0.0240295 9.9955E-05
9.9946E-05 9.9946E-05 9.9946E-05 9.9946E-05 0.374968 9.9946E-05 0.447673 0.0116568 9.9946E-05 0.149493 0.0156101
9.9973E-05 0.0138067 0.00608769 9.9973E-05 0.164727 9.9973E-05 0.580621 0.0956636 0.0882191 0.0500946 0.000480698
0.0342815 0.0405513 0.00775329 9.9973E-05 9.9973E-05 0.0122958 0.691758 9.9973E-05 0.148477 0.0533398 0.0112432
9.9955E-05 9.9955E-05 0.0106624 9.9955E-05 0.155638 9.9955E-05 0.754786 9.9955E-05 0.062503 0.011436 0.00447541
9.9946E-05 9.9946E-05 0.00544119 9.9946E-05 0.2002 9.9946E-05 0.516927 0.0336303 0.243202 9.9946E-05 9.9946E-05
