0.0274392 9.99731E-05 9.99731E-05 0.0379832 0.649288 9.99731E-05 0.28499
9.9964E-05 9.9964E-05 0.0212869 0.0432506 0.935063 9.9964E-05 9.9964E-05
9.9964E-05 9.9964E-05 9.9964E-05 0.0357223 0.427003 9.9964E-05 0.536875
9.995E-05 9.995E-05 0.9994 9.995E-05 9.995E-05 9.995E-05 9.995E-05
0.67675 9.9973E-05 0.0520366 9.9973E-05 9.9973E-05 0.200547 0.070367
9.99641E-05 0.918335 9.99641E-05 9.99641E-05 0.0126104 9.99641E-05 0.0686551
9.9973E-05 9.9973E-05 0.120779 0.0699951 9.9973E-05 0.596056 0.212871
9.9973E-05 9.9973E-05 0.11189 9.9973E-05 0.862387 0.00665125 0.0187727
9.99551E-05 0.465327 9.99551E-05 0.534173 9.99551E-05 9.99551E-05 9.99551E-05
0.154529 9.9955E-05 9.9955E-05 9.9955E-05 9.9955E-05 0.844971 9.9955E-05
9.995E-05 9.995E-05 9.995E-05 9.995E-05 9.995E-05 0.9994 9.995E-05
9.99551E-05 0.0685971 9.99551E-05 9.99551E-05 0.930903 9.99551E-05 9.99551E-05
0.586354 0.0618075 0.0270512 0.0335414 9.9991E-05 0.102006 0.18914
9.9973E-05 9.9973E-05 0.260952 0.061362 9.9973E-05 0.233986 0.4434
0.834518 0.0211375 9.99641E-05 9.99641E-05 9.99641E-05 0.143944 9.99641E-05
9.99551E-05 9.99551E-05 9.99551E-05 0.898556 9.99551E-05 9.99551E-05 0.100944
9.9964E-05 0.113672 0.288923 9.9964E-05 0.597006 9.9964E-05 9.9964E-05
9.9964E-05 0.173702 9.9964E-05 0.353138 9.9964E-05 0.47276 9.9964E-05
9.99551E-05 0.96448 9.99551E-05 9.99551E-05 0.0350198 9.99551E-05 9.99551E-05
0.0817608 9.99552E-05 9.99552E-05 0.917739 9.99552E-05 9.99552E-05 9.99552E-05
0.147841 0.110106 9.99731E-05 0.694728 0.0470254 9.99731E-05 9.99731E-05
9.99731E-05 0.507975 9.99731E-05 0.439605 0.0212134 0.0309066 9.99731E-05
0.133071 9.9973E-05 9.9973E-05 0.77321 9.9973E-05 0.0863539 0.00706491
0.0761766 9.9991E-05 0.699805 0.151028 0.0445921 0.0124995 0.0157991
9.99551E-05 0.088734 9.99551E-05 9.99551E-05 9.99551E-05 9.99551E-05 0.910766
0.996195 9.99551E-05 9.99551E-05 0.00330477 9.99551E-05 9.99551E-05 9.99551E-05
9.995E-05 9.995E-05 0.9994 9.995E-05 9.995E-05 9.995E-05 9.995E-05
0.319014 0.537012 0.0710573 9.9982E-05 9.9982E-05 0.004819 0.0678985
0.0269712 9.99553E-05 9.99553E-05 9.99553E-05 0.972529 9.99553E-05 9.99553E-05
9.99641E-05 0.596379 0.15761 9.99641E-05 0.245611 9.99641E-05 9.99641E-05
9.9964E-05 9.9964E-05 9.9964E-05 9.9964E-05 0.0252944 0.257724 0.716582
9.995E-05 9.995E-05 9.995E-05 9.995E-05 9.995E-05 9.995E-05 0.9994
0.0760028 9.9973E-05 0.0520142 9.9973E-05 9.9973E-05 0.825243 0.0464401
9.9982E-05 0.785172 0.0269262 0.10288 0.00216126 9.9982E-05 0.0826607
9.996E-05 0.0683845 0.804431 9.996E-05 0.126785 9.996E-05 9.996E-05
9.9955E-05 9.9955E-05 9.9955E-05 0.933184 0.066316 9.9955E-05 9.9955E-05
9.99551E-05 0.753466 9.99551E-05 0.246034 9.99551E-05 9.99551E-05 9.99551E-05
9.99641E-05 0.868734 9.99641E-05 0.0801386 9.99641E-05 9.99641E-05 0.0507274
9.99641E-05 0.0868992 9.99641E-05 9.99641E-05 0.187537 0.725164 9.99641E-05
0.00971494 0.797126 0.192759 9.99641E-05 9.99641E-05 9.99641E-05 9.99641E-05
9.9955E-05 0.788864 9.9955E-05 9.9955E-05 0.210636 9.9955E-05 9.9955E-05
9.99551E-05 0.242795 9.99551E-05 9.99551E-05 0.756705 9.99551E-05 9.99551E-05
0.358983 9.99551E-05 9.99551E-05 0.640518 9.99551E-05 9.99551E-05 9.99551E-05
9.995E-05 9.995E-05 9.995E-05 9.995E-05 9.995E-05 9.995E-05 0.9994
0.9994 9.995E-05 9.995E-05 9.995E-05 9.995E-05 9.995E-05 9.995E-05
9.99641E-05 9.99641E-05 0.100968 0.0499267 0.848705 9.99641E-05 9.99641E-05
9.99551E-05 0.114697 9.99551E-05 0.884803 9.99551E-05 9.99551E-05 9.99551E-05
9.99552E-05 0.787568 9.99552E-05 0.211932 9.99552E-05 9.99552E-05 9.99552E-05
0.894766 9.99641E-05 0.0662018 9.99641E-05 0.0386323 9.99641E-05 9.99641E-05
9.99641E-05 0.237149 9.99641E-05 0.639382 9.99641E-05 0.12307 9.99641E-05
