9.9946E-05 9.9946E-05 0.903198 9.9946E-05 9.9946E-05 9.9946E-05 0.096202 9.9946E-05
9.9964E-05 0.025634 0.680794 9.9964E-05 0.0348257 9.9964E-05 0.258347 9.9964E-05
0.00398514 9.9964E-05 0.761605 9.9964E-05 9.9964E-05 9.9964E-05 0.172608 0.0614023
9.9964E-05 9.9964E-05 0.792619 9.9964E-05 9.9964E-05 0.0116199 0.146808 0.0485528
0.0180607 0.00106122 0.809762 0.00206888 0.0640418 0.0149202 0.0898247 0.000260372
9.9973E-05 0.047326 0.85843 9.9973E-05 0.0734356 9.9973E-05 0.0151471 0.00536155
0.0158645 9.9955E-05 0.902494 9.9955E-05 0.0811415 9.9955E-05 9.9955E-05 9.9955E-05
0.00295348 0.00946719 0.794821 0.0244459 0.0496605 0.0365847 0.081967 9.9991E-05
0.0190946 0.0149964 0.79458 9.9973E-05 0.095509 9.9973E-05 0.07552 9.9973E-05
9.9973E-05 9.9973E-05 0.766998 9.9973E-05 0.0429206 0.0137303 0.143768 0.0322832
9.9955E-05 9.9955E-05 0.689385 9.9955E-05 9.9955E-05 0.00267634 0.307439 9.9955E-05
9.9955E-05 9.9955E-05 0.674594 9.9955E-05 9.9955E-05 9.9955E-05 0.305221 0.019685
0.0336958 0.0571847 0.781035 9.9982E-05 0.0732031 9.9982E-05 0.0235522 0.0311291
9.9973E-05 9.9973E-05 0.660999 0.0206106 0.0883315 9.9973E-05 0.162524 0.0672354
0.0895175 9.9973E-05 0.809044 9.9973E-05 0.0247086 9.9973E-05 0.0305163 0.0459138
9.9955E-05 0.0180617 0.869112 9.9955E-05 0.112327 9.9955E-05 9.9955E-05 9.9955E-05
9.9946E-05 0.0381876 0.961213 9.9946E-05 9.9946E-05 9.9946E-05 9.9946E-05 9.9946E-05
9.9955E-05 0.00424491 0.965781 0.0294748 9.9955E-05 9.9955E-05 9.9955E-05 9.9955E-05
9.9946E-05 9.9946E-05 0.937356 0.0620442 9.9946E-05 9.9946E-05 9.9946E-05 9.9946E-05
9.9973E-05 9.9973E-05 0.899935 0.0453988 9.9973E-05 0.0133878 0.0333245 0.00765423
9.994E-05 9.994E-05 9.994E-05 9.994E-05 9.994E-05 9.994E-05 9.994E-05 0.9993
9.9955E-05 0.00827466 9.9955E-05 9.9955E-05 9.9955E-05 9.9955E-05 0.419955 0.571271
0.0479502 9.9991E-05 0.0650123 0.0844075 0.0868907 0.0374951 0.0606564 0.617488
9.9982E-05 0.00483872 0.00220715 0.150352 9.9982E-05 0.0343779 0.0459908 0.762033
0.029341 9.9973E-05 0.0330924 9.9973E-05 9.9973E-05 0.0150023 0.0438703 0.878394
0.067928 0.00817028 0.0456311 9.9982E-05 9.9982E-05 0.0145212 0.0264572 0.837092
0.124824 9.9964E-05 9.9964E-05 0.0875709 0.0410237 9.9964E-05 9.9964E-05 0.746182
9.994E-05 9.994E-05 9.994E-05 9.994E-05 9.994E-05 9.994E-05 9.994E-05 0.9993
0.0819167 9.9982E-05 9.9982E-05 0.00796281 0.108155 0.0292282 0.0618318 0.710705
0.103019 0.0179242 0.0405864 0.0599352 0.0728471 0.0115998 0.131984 0.562104
0.150302 9.9964E-05 9.9964E-05 9.9964E-05 0.114047 9.9964E-05 0.0596098 0.675641
0.0328347 0.0437357 9.9982E-05 0.114683 0.0900792 0.00236103 9.9982E-05 0.716106
0.0308254 0.0433234 0.0626081 0.0668576 0.0816577 0.0279581 9.9991E-05 0.68667
0.0422537 0.0503034 9.9982E-05 9.9982E-05 0.0615077 0.00684793 0.228313 0.610575
0.138436 0.000986636 0.0144968 0.0212361 0.0240538 0.0255544 0.242527 0.532709
0.107386 0.00375631 9.9973E-05 9.9973E-05 0.0265948 9.9973E-05 0.538956 0.323007
0.161037 9.9973E-05 9.9973E-05 0.176041 0.0411875 0.0336115 9.9973E-05 0.587823
0.123579 9.9982E-05 9.9982E-05 0.7236 0.0324333 0.0244107 0.0533316 0.0424455
0.115674 0.039526 9.9982E-05 0.660971 0.024513 0.0170441 0.142072 9.9982E-05
0.102942 0.07663 0.0170385 0.634936 0.0962995 0.00791933 0.0641352 9.9991E-05
0.113025 0.0289503 0.0298735 0.738443 0.0739638 9.9982E-05 9.9982E-05 0.0155441
0.0243086 0.0410942 0.0296852 0.712842 9.9982E-05 0.0219258 0.169944 9.9982E-05
0.104381 9.9973E-05 0.0153537 0.787686 0.0701596 0.0221197 9.9973E-05 9.9973E-05
0.00177107 0.0551307 0.0297301 0.562784 0.104841 9.9991E-05 0.221727 0.0239171
0.0796795 0.0625426 0.00705386 0.666301 0.0762684 0.0415201 0.0335049 0.0331299
9.9973E-05 9.9973E-05 0.0593578 0.759698 0.0815997 0.0367152 9.9973E-05 0.0623293
0.0350318 0.0941264 9.9973E-05 0.809485 0.0268238 0.0342327 9.9973E-05 9.9973E-05
0.0562454 0.0121758 0.023166 0.820885 9.99938E-05 0.0289349 0.0554888 0.00300443
9.9973E-05 0.021048 0.0389377 0.888309 9.9973E-05 0.00635127 9.9973E-05 0.0450542
9.9973E-05 0.0180179 9.9973E-05 0.691684 0.0353101 0.0261112 0.228576 9.9973E-05
9.9964E-05 0.00799038 9.9964E-05 0.811596 9.9964E-05 0.0152439 0.16477 9.9964E-05
0.0806596 0.00226634 9.9973E-05 0.820249 0.0517435 9.9973E-05 9.9973E-05 0.0447811
9.9973E-05 0.0523313 0.0169799 0.829169 9.9973E-05 0.0964001 9.9973E-05 0.00482005
9.9964E-05 0.0382607 0.0871749 0.766099 9.9964E-05 9.9964E-05 0.108065 9.9964E-05
0.0839167 0.0395831 0.035194 0.735944 0.0628427 0.0423193 9.9982E-05 9.9982E-05
0.0449034 0.0414525 0.0311676 0.645017 0.029338 0.00741756 0.191734 0.00897018
0.0306243 9.9982E-05 0.0873867 0.733288 0.0187542 0.0620245 9.9982E-05 0.0677228
0.485013 0.048209 0.00464108 0.119924 0.00462127 0.0520115 0.27685 0.00872885
0.859471 9.9964E-05 0.0193172 9.9964E-05 9.9964E-05 0.0237795 0.097032 9.9964E-05
0.457723 0.044891 9.9973E-05 9.9973E-05 9.9973E-05 0.0927851 0.39734 0.00696136
0.544254 0.052268 0.00165428 0.0975191 9.9982E-05 0.121456 0.182649 9.9982E-05
0.727272 0.0718233 9.9982E-05 0.00864468 0.0386582 0.0813698 0.0720321 9.9982E-05
0.654151 0.0695047 0.0424971 0.125959 0.0236585 0.0840297 9.9982E-05 9.9982E-05
9.9955E-05 0.981756 9.9955E-05 9.9955E-05 9.9955E-05 0.00702918 9.9955E-05 0.0107149
0.828828 0.0365215 9.9973E-05 0.00625576 0.0324167 0.095678 9.9973E-05 9.9973E-05
0.342023 0.125685 0.0677319 9.9973E-05 9.9973E-05 0.065247 0.399013 9.9973E-05
0.510313 0.136006 0.0679077 0.0608378 0.0293634 0.0739947 9.9991E-05 0.121477
0.645495 0.121952 0.0259507 0.0414493 0.0496041 0.0927347 9.9991E-05 0.0227144
0.727582 0.0937683 9.9964E-05 9.9964E-05 9.9964E-05 0.0983843 9.9964E-05 0.0798658
0.609684 0.0943088 0.0801626 9.9982E-05 0.0551711 0.0988664 9.9982E-05 0.0616072
0.734263 0.113033 0.0421975 0.0314457 9.9973E-05 0.0787609 9.9973E-05 9.9973E-05
0.70053 0.119668 9.9973E-05 0.0620365 9.9973E-05 0.0896328 9.9973E-05 0.0278332
0.650557 0.0678436 0.00868442 0.010952 9.9991E-05 0.0971351 0.125799 0.0389288
0.441823 0.0414448 9.9973E-05 9.9973E-05 9.9973E-05 0.0694089 0.412593 0.0344305
0.5155 0.107401 0.0165678 0.239525 0.0294892 0.00916966 9.9991E-05 0.0822471
0.535063 0.0566089 0.061431 0.261577 9.9982E-05 0.0464392 0.0386815 9.9982E-05
0.349985 0.0616655 0.0742013 0.383816 9.9982E-05 0.0265016 0.103631 9.9982E-05
0.0404202 0.935903 9.9955E-05 9.9955E-05 9.9955E-05 0.0231767 9.9955E-05 9.9955E-05
0.397256 0.0955197 0.0535176 0.152666 0.0726347 0.142348 0.000937844 0.08512
0.516733 0.185373 9.9982E-05 0.139299 0.0298985 0.106385 0.0221112 9.9982E-05
0.588576 0.0546163 0.056233 0.135689 0.0185824 0.0849448 9.9991E-05 0.0612582
0.557609 0.0562372 0.00969695 0.0315141 9.9982E-05 0.0708339 0.273909 9.9982E-05
0.552507 0.108452 0.124255 0.0949555 9.9973E-05 0.119531 9.9973E-05 9.9973E-05
0.22986 0.0467703 0.00828732 0.228844 0.197249 0.108225 0.141885 0.0388786
9.9973E-05 0.109112 9.9973E-05 0.172196 0.538686 0.0164676 0.163239 9.9973E-05
0.52369 0.00109586 9.9991E-05 0.0976242 0.183901 0.0146715 0.149997 0.0289206
0.596802 0.0990726 0.0665396 0.100278 0.061987 0.0751206 9.9982E-05 9.9982E-05
0.666622 0.053289 0.00223935 0.122522 0.129612 0.0255165 9.9982E-05 9.9982E-05
0.658373 9.9991E-05 0.0341335 0.0827785 0.0716105 0.10563 0.03182 0.0155552
9.9955E-05 0.0236955 9.9955E-05 9.9955E-05 9.9955E-05 0.709533 0.266272 9.9955E-05
0.418551 0.24239 0.031589 0.118006 9.9991E-05 0.0628514 0.0869193 0.0395919
0.6205 0.118873 9.9982E-05 0.109844 0.0088643 0.0513641 0.0903547 9.9982E-05
0.244485 9.9964E-05 0.0105463 9.9964E-05 9.9964E-05 0.0584054 0.686164 9.9964E-05
0.174503 0.0739654 9.9973E-05 9.9973E-05 9.9973E-05 0.0773871 0.65958 0.014264
0.281653 0.0927349 9.9964E-05 9.9964E-05 9.9964E-05 0.0141372 0.611075 9.9964E-05
0.474797 0.0228082 0.0511055 9.9973E-05 9.9973E-05 0.0702875 0.380702 9.9973E-05
0.272173 0.145659 9.9964E-05 9.9964E-05 9.9964E-05 0.0643078 0.517461 9.9964E-05
0.537378 0.118448 0.0539165 0.106588 9.9982E-05 0.0833214 0.100148 9.9982E-05
0.669385 0.10063 0.0175219 0.0806232 9.9982E-05 0.0631656 9.9982E-05 0.0684737
0.55357 0.105358 0.00783948 0.0964779 9.9982E-05 0.114724 0.12183 9.9982E-05
0.497076 0.0341938 0.00987393 9.9982E-05 9.9982E-05 0.0766654 0.336908 0.045083
0.517136 0.131969 9.9973E-05 9.9973E-05 0.151125 0.165931 0.0335396 9.9973E-05
0.750983 0.0897102 0.0281324 9.9991E-05 0.0342273 0.0601101 0.00825248 0.0284844
9.994E-05 9.994E-05 9.994E-05 9.994E-05 9.994E-05 0.9993 9.994E-05 9.994E-05
0.491657 0.0862085 0.0437806 0.0370231 0.0693139 0.10918 0.156448 0.00638895
0.469308 0.130562 9.9973E-05 0.0207034 9.9973E-05 0.0818078 0.297318 9.9973E-05
0.51584 0.0831601 0.0542067 9.9982E-05 0.031902 0.0990155 0.215676 9.9982E-05
0.614634 0.0711191 0.0346969 0.139675 0.0369776 0.102014 0.000784279 9.9991E-05
0.591291 0.118201 9.9973E-05 0.0516136 9.9973E-05 0.00352359 0.235071 9.9973E-05
0.545528 0.0700697 0.0215548 0.00594566 9.9991E-05 0.048548 0.215197 0.0930559
9.994E-05 0.9993 9.994E-05 9.994E-05 9.994E-05 9.994E-05 9.994E-05 9.994E-05
9.994E-05 9.994E-05 9.994E-05 9.994E-05 9.994E-05 0.9993 9.994E-05 9.994E-05
9.994E-05 0.9993 9.994E-05 9.994E-05 9.994E-05 9.994E-05 9.994E-05 9.994E-05
0.324819 0.0826313 9.9964E-05 9.9964E-05 9.9964E-05 0.0665238 0.525626 9.9964E-05
0.212821 0.153002 9.9973E-05 9.9973E-05 9.9973E-05 0.110808 0.439229 0.0838406
0.427868 0.0484766 0.0349796 9.9982E-05 9.9982E-05 0.113219 0.371439 0.00381754
0.551792 0.149272 0.0642499 0.0558914 9.9991E-05 0.121099 0.0407904 0.0168055
0.654032 0.0678063 0.00371157 0.143145 9.9982E-05 0.095131 9.9982E-05 0.0359739
9.99459E-05 9.99459E-05 9.99459E-05 9.99459E-05 9.99459E-05 0.600039 0.399362 9.99459E-05
0.379646 0.070184 0.0341991 0.0949576 9.9982E-05 0.118087 0.302726 9.9982E-05
0.570556 9.9973E-05 9.9973E-05 9.9973E-05 0.12339 0.0548359 0.110979 0.13994
0.590806 0.0507916 9.9982E-05 9.9982E-05 0.18967 0.0626825 0.0244784 0.0813718
0.495441 0.0318185 9.9991E-05 0.000825579 0.0699904 0.0912843 0.130967 0.179573
0.473601 9.9973E-05 9.9973E-05 9.9973E-05 0.0413342 0.0274193 0.374237 0.083109
0.447194 0.0472857 9.9991E-05 0.0349751 0.141783 0.0645089 0.122767 0.141386
0.487695 9.9964E-05 9.9964E-05 9.9964E-05 0.242783 0.060705 9.9964E-05 0.208417
0.509999 9.9982E-05 0.0353417 0.0303401 0.194522 0.0532314 9.9982E-05 0.176366
0.562391 9.9982E-05 0.0603655 9.9982E-05 0.0710781 0.0797491 0.0646798 0.161536
0.439403 9.9982E-05 0.0142356 0.147214 0.141876 0.0726492 9.9982E-05 0.184422
0.480284 0.0234459 0.017075 0.058364 0.127419 0.0871025 0.0454352 0.160874
0.586225 9.9982E-05 0.0182391 0.0550628 0.0980676 0.0590496 9.9982E-05 0.183156
0.0186487 0.0391412 0.00700198 0.0799213 0.762187 0.0529674 9.9991E-05 0.0400325
0.0727869 9.9982E-05 0.00480847 0.0822328 0.727064 0.0596261 9.9982E-05 0.0532822
0.00673762 0.0372517 9.9991E-05 0.0763234 0.699508 0.0258367 0.0976764 0.056566
0.0237891 0.00335588 0.074059 0.131097 0.722857 9.9982E-05 9.9982E-05 0.0446414
9.9973E-05 0.0248141 0.00538121 0.0782488 0.640229 9.9973E-05 0.251027 9.9973E-05
0.00369869 0.0507023 0.0264291 0.00120905 0.748012 0.0345998 0.0822508 0.0530985
9.9982E-05 0.00697376 9.9982E-05 0.152348 0.69358 0.0551996 0.0238162 0.0678831
0.0194049 0.0195181 9.9982E-05 0.03666 0.783934 0.038034 9.9982E-05 0.102249
9.9982E-05 0.0829759 0.00944386 0.0373114 0.421479 0.00818679 0.440404 9.9982E-05
0.0619745 9.9982E-05 0.0065402 0.194859 0.687478 0.0268001 9.9982E-05 0.0221488
9.9973E-05 0.04921 0.0330488 0.116809 0.759264 9.9973E-05 9.9973E-05 0.0413677
9.9982E-05 0.00471849 0.0586979 0.157604 0.732945 9.9982E-05 0.00442656 0.0414088
0.0772741 0.013022 0.0132312 0.114383 0.603934 0.0084003 0.113131 0.0566242
0.00319818 9.9973E-05 9.9973E-05 0.0799204 0.458409 0.0225609 0.435611 9.9973E-05
0.0250378 9.9982E-05 0.0491724 9.9982E-05 0.706772 0.00763295 0.162445 0.0487396
9.9964E-05 9.9964E-05 0.0294019 9.9964E-05 0.585766 0.0409055 0.343526 9.9964E-05
0.10408 0.0229374 9.9982E-05 0.00429148 0.816264 0.0183169 0.0339104 9.9982E-05
0.0915067 0.0241218 0.0280732 0.0244775 0.765822 9.9982E-05 0.065799 9.9982E-05
9.9991E-05 0.00287398 0.0509396 0.0450953 0.786228 0.0510819 0.0343928 0.0292885
9.9946E-05 9.9946E-05 9.9946E-05 9.9946E-05 0.586305 9.9946E-05 0.413095 9.9946E-05
9.9973E-05 0.0390691 9.9973E-05 9.9973E-05 0.535467 0.038369 0.37478 0.0120147
9.9982E-05 0.0618955 9.9982E-05 0.10338 0.695242 0.0242967 0.0832491 0.0317368
9.9973E-05 0.0132393 0.00693499 9.9973E-05 0.657807 0.0256734 0.296045 9.9973E-05
9.9973E-05 0.0120043 0.0335231 9.9973E-05 0.668387 0.0151198 0.270665 9.9973E-05
9.9973E-05 9.9973E-05 0.0041267 9.9973E-05 0.603625 0.0831683 0.246021 0.0627592
0.0647048 9.9982E-05 0.0071545 9.9982E-05 0.667322 0.00201763 0.235675 0.0229256
9.9973E-05 0.0181036 9.9973E-05 0.00450082 0.63509 9.9973E-05 0.326151 0.0158541
0.0360718 0.0152383 9.9973E-05 9.9973E-05 0.537609 0.00059247 0.410188 9.9973E-05
0.0316079 9.9973E-05 0.00899342 0.0166349 0.552519 9.9973E-05 0.389945 9.9973E-05
9.9973E-05 0.0378123 9.9973E-05 0.114498 0.722465 0.0623268 9.9973E-05 0.0625974
9.9964E-05 0.0271742 9.9964E-05 0.145603 0.780342 0.0464818 9.9964E-05 9.9964E-05
0.0247229 0.0132565 0.0625621 0.166914 0.603371 0.0313678 0.0679478 0.0298583
0.0947945 9.9982E-05 9.9982E-05 0.11794 0.646504 0.00558503 0.0529672 0.0820096
0.00429488 0.0386044 9.9982E-05 9.9982E-05 0.768224 0.0528834 0.0483894 0.0874037
0.0245692 0.0330883 0.0194118 9.9991E-05 0.769487 0.0166579 0.080437 0.056249
9.9946E-05 9.9946E-05 9.9946E-05 0.442394 9.9946E-05 9.9946E-05 0.557007 9.9946E-05
9.99549E-05 9.99549E-05 9.99549E-05 0.30796 9.99549E-05 0.0124105 0.67913 9.99549E-05
9.9955E-05 0.00256534 9.9955E-05 0.321536 9.9955E-05 9.9955E-05 0.675399 9.9955E-05
9.9955E-05 9.9955E-05 9.9955E-05 0.366914 0.0293583 9.9955E-05 0.603228 9.9955E-05
9.9955E-05 9.9955E-05 0.0326089 0.35863 9.9955E-05 9.9955E-05 0.608261 9.9955E-05
9.9982E-05 0.0583621 9.9982E-05 0.596363 0.0368242 0.0178432 0.202782 0.0876249
9.9946E-05 9.9946E-05 9.9946E-05 0.553175 9.9946E-05 9.9946E-05 0.446226 9.9946E-05
9.9964E-05 9.9964E-05 0.0258779 0.446468 9.9964E-05 9.9964E-05 0.432437 0.0948174
