0.0101177 9.9964E-05 9.9964E-05 9.9964E-05 9.9964E-05 0.989482
0.0126822 0.00652481 0.0914188 0.0946877 0.0178284 0.776858
9.999E-05 0.0917798 0.000445821 0.0923923 0.00122459 0.814057
9.9982E-05 0.0858498 9.9982E-05 0.0608243 0.0409431 0.812183
0.0482616 9.9991E-05 0.0108477 0.0526243 0.0477803 0.840386
0.01017 9.9982E-05 0.00505029 0.0786912 9.9982E-05 0.905889
9.9973E-05 9.9973E-05 9.9973E-05 0.0482532 0.00449968 0.946947
9.9991E-05 0.00601814 0.0289769 0.0821985 0.0267308 0.855976
9.9982E-05 0.0340059 9.9982E-05 0.141035 0.0356163 0.789142
9.9982E-05 0.0425391 9.9982E-05 0.0645355 0.0267878 0.865938
9.999E-05 0.0446908 0.0705242 0.0634555 0.0424127 0.778817
0.00527769 0.0787183 9.9991E-05 0.0856556 0.0509549 0.779294
0.0484919 0.076307 0.0593118 0.0153141 0.00411445 0.796461
9.9982E-05 0.0709272 0.0187541 0.16726 9.9982E-05 0.742859
9.9982E-05 0.109517 0.0168316 9.9982E-05 0.0196193 0.853832
9.9973E-05 9.9973E-05 9.9973E-05 0.0655724 0.00335825 0.930769
9.9964E-05 9.9964E-05 9.9964E-05 9.9964E-05 0.0173543 0.982246
9.996E-05 9.996E-05 9.996E-05 9.996E-05 9.996E-05 0.9995
0.0213634 9.9964E-05 9.9964E-05 9.9964E-05 9.9964E-05 0.978237
0.0168463 9.9973E-05 9.9973E-05 9.9973E-05 0.0358675 0.946986
9.996E-05 0.9995 9.996E-05 9.996E-05 9.996E-05 9.996E-05
0.0967188 0.730558 0.0718994 0.0593929 0.014848 0.0265829
0.153766 0.690665 9.9991E-05 0.0476741 0.0477813 0.060013
0.175678 0.772664 9.9973E-05 9.9973E-05 0.0513576 9.9973E-05
9.9973E-05 0.952263 9.9973E-05 9.9973E-05 0.0428425 0.00459415
0.0189304 0.897338 0.0292432 9.9991E-05 0.0290029 0.0253852
0.140291 0.772047 0.0727078 0.0147538 9.9982E-05 9.9982E-05
9.996E-05 0.9995 9.996E-05 9.996E-05 9.996E-05 9.996E-05
0.0285422 0.748266 0.0434051 0.120517 0.0591697 9.9991E-05
0.118062 0.669067 0.114944 0.0743731 0.0182446 0.00530886
9.9982E-05 0.722329 0.103593 0.163301 0.010577 9.9982E-05
0.182435 0.723787 0.0407103 0.0528671 9.9982E-05 9.9982E-05
0.062925 0.726446 0.0487694 0.0986005 0.0173054 0.0459534
9.9982E-05 0.665054 0.120146 0.141003 0.0735972 9.9982E-05
0.0248405 0.622688 0.168281 0.0668395 0.0968469 0.0205045
9.9991E-05 0.428341 0.203037 0.2386 0.0512597 0.0786616
0.186524 0.58119 0.140992 0.0415183 0.0496756 9.9991E-05
0.799465 0.0192479 0.105633 0.0739571 0.00159645 9.9991E-05
0.744719 9.9982E-05 0.114619 0.0563198 0.0841422 9.9982E-05
0.777626 9.9982E-05 0.157529 0.0463901 9.9982E-05 0.0182541
0.803479 0.0135001 0.102955 0.0651864 9.9991E-05 0.0147792
0.84919 0.0315187 0.0566571 9.9991E-05 0.0365383 0.0259958
0.893504 9.9991E-05 0.046615 0.00319113 0.0445495 0.0120402
0.700891 0.053452 0.0645371 0.112834 0.0245361 0.0437502
0.810138 0.015029 0.0487006 0.0385636 0.0839038 0.00366501
0.808295 0.0625904 9.9991E-05 0.055184 0.0338198 0.0400107
0.903948 9.9973E-05 0.0598087 9.9973E-05 0.0359438 9.9973E-05
0.904867 9.9982E-05 0.06705 0.0248487 0.00303417 9.9982E-05
0.923517 0.0532408 9.9973E-05 9.9973E-05 9.9973E-05 0.0229428
0.842852 9.9982E-05 0.0800479 0.0698359 0.00706438 9.9982E-05
0.891228 0.0262464 0.0431449 0.0139852 0.0252951 9.9991E-05
0.95206 0.00935493 0.0110317 0.0273531 9.9982E-05 9.9982E-05
0.926543 9.9973E-05 9.9973E-05 9.9973E-05 0.0616825 0.0114742
0.863064 9.9982E-05 0.0391702 9.9982E-05 0.0111142 0.0864512
0.775816 0.0055314 0.0874313 0.0749216 0.0301668 0.0261329
0.746601 0.0103122 0.118369 0.076322 0.0270828 0.0213129
0.782671 0.0710473 9.9982E-05 9.9982E-05 0.0698342 0.0762479
0.146293 0.101035 0.538149 0.0350475 0.116921 0.062554
9.9982E-05 0.0203027 0.817429 9.9982E-05 0.112861 0.0492071
0.0404282 0.0330035 0.496354 0.136417 0.233401 0.0603966
0.1216 0.0202332 0.530242 0.0134645 0.290663 0.0237969
0.0315781 0.0307279 0.712457 0.0327537 0.192383 9.9991E-05
0.0862251 0.040657 0.671481 0.0258345 0.155849 0.0199535
0.0134565 0.0274011 0.819853 9.9991E-05 0.122116 0.0170734
9.9973E-05 0.013071 0.829865 9.9973E-05 0.156764 9.9973E-05
9.9982E-05 9.9982E-05 0.605507 0.114184 0.138532 0.141577
0.031191 0.150367 0.662096 0.0159893 0.10727 0.0330877
0.00423762 0.067067 0.709534 0.00685566 0.162263 0.0500425
9.9982E-05 0.108558 0.662118 9.9982E-05 0.22655 0.00257417
9.9991E-05 0.0968279 0.635097 0.0276373 0.190368 0.0499696
9.9987E-05 0.0149093 0.750182 9.9987E-05 0.153397 0.0813118
0.0795084 0.0439418 0.738362 9.9991E-05 0.132464 0.00562399
0.0852202 0.0692892 0.640945 9.9991E-05 0.179505 0.0249401
0.0208448 0.121542 0.517332 0.131459 0.176611 0.0322115
0.282175 0.0954955 0.538688 0.0224817 0.0610592 9.9991E-05
0.255111 0.0267105 0.529391 9.9991E-05 0.110866 0.0778223
0.473675 9.9982E-05 0.406458 9.9982E-05 0.0353036 0.0843634
0.042868 9.9973E-05 0.8398 9.9973E-05 0.117032 9.9973E-05
0.121802 0.088227 0.457757 0.0787474 0.173834 0.0796325
0.15629 9.9982E-05 0.640902 0.0169871 0.18562 9.9982E-05
0.146937 0.0756429 0.585013 0.00964508 0.132438 0.0503235
9.9991E-05 0.0303476 0.662304 0.0793006 0.164007 0.0639415
0.0614586 9.9982E-05 0.639691 9.9982E-05 0.192335 0.106315
0.254204 0.0211193 0.283222 0.253159 0.150664 0.0376315
0.172231 9.9991E-05 0.156407 0.611399 0.0567615 0.00310181
0.142151 0.0901648 0.475674 0.16715 0.0731265 0.0517335
0.080587 9.9991E-05 0.632577 0.0663932 0.160558 0.059785
0.0975998 9.9991E-05 0.655066 0.151228 0.0784482 0.0175587
0.0760523 0.0634908 0.578908 0.0732945 0.186434 0.0218208
0.01756 0.0429148 0.00113554 9.9991E-05 0.935616 0.00267404
0.117323 0.0663111 0.624375 9.9991E-05 0.152348 0.0395426
0.108219 0.0065262 0.727873 0.0524751 0.104807 9.9991E-05
9.9991E-05 0.105003 0.455015 0.159465 0.168387 0.11203
0.0109929 0.169846 0.474082 0.0774236 0.153641 0.114014
9.9991E-05 0.0318552 0.618711 0.156671 0.117577 0.0750855
0.0135022 0.0855627 0.530412 0.0759034 0.171434 0.123185
0.0515924 0.0134296 0.512123 0.181939 0.175286 0.0656297
0.126578 9.9982E-05 0.685118 9.9982E-05 0.125019 0.063085
0.0329905 0.0930618 0.686103 9.9991E-05 0.143997 0.0437478
0.0792807 9.9991E-05 0.625932 0.0386334 0.202181 0.0538727
0.0382401 0.0856796 0.539236 0.0641006 0.198371 0.0743726
0.0164818 0.0295733 0.535606 0.138535 0.261379 0.0184243
0.041061 0.0513134 0.694856 0.0540562 0.147358 0.0113548
9.996E-05 9.996E-05 9.996E-05 9.996E-05 0.9995 9.996E-05
0.033749 0.0620995 0.534408 0.0878933 0.195277 0.0865725
0.00223608 0.0776067 0.646722 9.9991E-05 0.207574 0.0657605
0.0138846 9.9991E-05 0.523206 0.137249 0.231023 0.0945375
0.165234 9.9991E-05 0.572838 0.0744237 0.158006 0.0293989
0.0568577 0.0199127 0.731785 0.0392312 0.0914548 0.0607583
0.0444321 0.0881966 0.616482 0.0412845 0.113669 0.0959357
9.9964E-05 9.9964E-05 0.964971 9.9964E-05 0.0346295 9.9964E-05
9.996E-05 9.996E-05 9.996E-05 9.996E-05 0.9995 9.996E-05
9.9964E-05 9.9964E-05 0.976381 9.9964E-05 0.0232194 9.9964E-05
9.9982E-05 9.9982E-05 0.611381 0.130505 0.178554 0.0793597
9.9991E-05 0.128816 0.429786 0.125322 0.243481 0.0724948
0.0278828 0.123137 0.548477 0.0376085 0.205396 0.0574988
0.0834649 0.0331069 0.656177 9.9991E-05 0.14406 0.0830914
0.118619 0.0630311 0.628712 9.9991E-05 0.141032 0.0485054
0.0273933 0.0201162 9.9991E-05 0.0424777 0.84411 0.0658024
0.0950146 0.0396087 0.509681 0.0453889 0.171862 0.138445
9.9991E-05 0.1741 0.510784 0.174105 0.0985647 0.0423464
0.00832541 0.154478 0.482248 0.18631 0.168539 9.9991E-05
9.9991E-05 0.264361 0.440953 0.0899499 0.175057 0.0295793
9.9991E-05 0.240768 0.403147 0.140502 0.152502 0.0629813
0.00573096 0.206397 0.389396 0.206409 0.174671 0.017397
9.9991E-05 0.30539 0.341191 0.211943 0.123994 0.0173823
0.0538172 0.264687 0.352693 0.173967 0.101254 0.0535815
0.0170238 0.280829 0.449825 0.0564459 0.129779 0.0660971
0.111184 0.220675 0.340858 0.186462 0.124572 0.0162491
0.125921 0.242494 0.374511 0.0651369 0.125214 0.0667228
0.0582504 0.292694 0.408783 0.0853577 0.143718 0.0111966
0.0515231 0.0759888 9.9991E-05 0.802515 0.0484481 0.0214254
0.0981704 0.0503311 9.9991E-05 0.753013 0.0838924 0.0144932
0.071324 0.105578 0.0347848 0.747918 0.00930653 0.0310882
0.185676 0.0198333 9.9982E-05 0.756447 9.9982E-05 0.0378438
0.139607 0.0388222 9.9991E-05 0.727674 0.0588285 0.0349684
0.0149089 0.0585303 0.0303337 0.785962 0.0505766 0.0596884
0.107553 0.0399189 9.9982E-05 0.77968 0.0726472 9.9982E-05
9.9973E-05 0.0310499 9.9973E-05 0.880408 0.0882419 9.9973E-05
0.0573897 0.043121 0.158348 0.618655 0.055212 0.0672745
0.216603 0.0332781 9.9982E-05 0.718367 0.0315521 9.9982E-05
0.0890112 0.0696993 0.00874563 0.816142 9.9991E-05 0.0163019
0.146202 0.00893844 9.9991E-05 0.79264 0.00123005 0.0508888
0.156002 0.101912 0.0616638 0.636313 0.00791206 0.0361969
0.141773 0.0385436 0.153244 0.582692 0.0526234 0.0311236
9.9991E-05 0.0246726 0.0554675 0.79452 0.0480827 0.0771576
9.9982E-05 9.9982E-05 0.0307101 0.845418 0.0444974 0.0791741
0.0563487 9.9982E-05 0.0177773 0.871309 0.0543655 9.9982E-05
0.0259878 9.9991E-05 0.0578807 0.802483 0.0430102 0.070538
0.0412356 0.0438549 9.9991E-05 0.84575 0.0178436 0.0512154
0.0755131 0.0137811 0.0629392 0.786932 0.0280251 0.0328094
0.0482062 0.0515534 0.0325568 0.69499 0.0940964 0.0785967
0.0613951 9.9991E-05 0.0444151 0.849281 0.0434276 0.0013815
0.000844593 0.0341684 0.0499578 0.806037 0.0571536 0.0518383
0.023397 0.0219057 0.0407694 0.822526 0.0453484 0.0460538
9.9982E-05 0.055203 9.9982E-05 0.773042 0.122263 0.0492921
9.9991E-05 0.111212 0.0701025 0.714931 0.0370284 0.0666259
0.077237 0.0536603 0.0570582 0.761885 9.9991E-05 0.0500596
0.121944 9.9991E-05 0.0514667 0.731266 0.0508569 0.0443664
0.030623 0.016436 0.0565939 0.78433 0.040566 0.0714515
0.083117 0.0688882 9.9982E-05 0.790137 0.0576575 9.9982E-05
0.113693 9.9973E-05 9.9973E-05 0.857586 0.0284209 9.9973E-05
0.172372 0.0671612 0.0237963 0.664738 0.0242486 0.0476837
0.106554 0.113898 9.9982E-05 0.741132 0.0382159 9.9982E-05
9.9982E-05 0.0679628 0.0170514 0.830349 0.0844371 9.9982E-05
9.9991E-05 0.0103108 0.0733697 0.863948 0.0289686 0.023303
0.703476 0.0966193 0.000791393 0.156382 0.012057 0.0306742
0.582794 0.0597113 9.9991E-05 0.166823 0.107053 0.0835188
0.648654 0.0625004 9.9991E-05 0.155378 0.0526076 0.08076
0.549149 0.0735251 0.0187888 0.177682 0.0686246 0.11223
0.606133 0.110535 0.0484585 0.111657 0.0200651 0.103152
0.755632 0.133447 9.9982E-05 0.0664684 0.0442526 9.9982E-05
0.805703 0.0575547 9.9982E-05 0.121135 0.0154072 9.9982E-05
0.609355 0.181692 9.9982E-05 0.102927 9.9982E-05 0.105826
