9.9937E-05 0.118693 0.00256413 0.878044 9.9937E-05 9.9937E-05 9.9937E-05 9.9937E-05 9.9937E-05 9.9937E-05
0.0355712 0.168239 9.9973E-05 0.702521 9.9973E-05 0.0319944 0.0239511 0.0365857 9.9973E-05 0.000838388
0.0586738 0.0467705 0.0120578 0.769139 0.0682802 0.029469 0.01531 9.9973E-05 9.9973E-05 9.9973E-05
0.0795101 0.115941 9.9973E-05 0.76753 0.0266195 9.9973E-05 0.00443569 0.00499926 9.9973E-05 0.000664699
0.128382 9.9964E-05 9.9964E-05 0.801062 9.9964E-05 9.9964E-05 0.00677967 0.00917922 0.0325521 0.0216449
0.0132914 0.0234807 0.000453589 0.863048 9.9964E-05 9.9964E-05 0.0617222 0.037604 9.9964E-05 9.9964E-05
0.0625639 9.9946E-05 0.00751042 0.908434 9.9946E-05 9.9946E-05 0.0208923 9.9946E-05 9.9946E-05 9.9946E-05
0.13606 0.040157 0.00202118 0.795047 9.9991E-05 0.00677111 0.0116317 0.00392478 0.00260387 0.00168316
0.102165 0.0375331 9.9955E-05 0.761909 9.9955E-05 9.9955E-05 0.0976899 0.000202985 9.9955E-05 9.9955E-05
9.9955E-05 0.114458 9.9955E-05 0.791601 0.0574789 9.9955E-05 0.0268736 9.9955E-05 9.9955E-05 0.00908915
0.0133771 0.191821 0.00777255 0.711195 0.0240212 0.0146352 0.0310111 0.00596713 9.9982E-05 9.9982E-05
9.9937E-05 0.222221 9.9937E-05 0.707903 0.0691763 9.9937E-05 9.9937E-05 9.9937E-05 9.9937E-05 9.9937E-05
0.140367 0.0667579 9.9955E-05 0.767959 0.00846977 9.9955E-05 9.9955E-05 0.0159465 9.9955E-05 9.9955E-05
0.0145624 0.0520705 0.0328338 0.702508 0.0140869 0.0482511 0.100019 0.0252585 0.0103101 9.9991E-05
0.0338211 0.00107252 9.9964E-05 0.789118 0.0912224 0.0750347 0.00933107 9.9964E-05 9.9964E-05 9.9964E-05
0.00547709 9.9955E-05 9.9955E-05 0.860654 9.9955E-05 9.9955E-05 0.0769813 0.0172792 0.0391085 9.9955E-05
9.9955E-05 9.9955E-05 9.9955E-05 0.937719 9.9955E-05 0.00161173 9.9955E-05 0.0162178 0.0215454 0.0224063
9.9928E-05 9.9928E-05 9.9928E-05 0.934197 9.9928E-05 9.9928E-05 9.9928E-05 9.9928E-05 0.0650036 9.9928E-05
9.9946E-05 9.9946E-05 0.00100399 0.923939 9.9946E-05 0.0134492 9.9946E-05 9.9946E-05 0.061008 9.9946E-05
9.9955E-05 9.9955E-05 9.9955E-05 0.883254 0.0661006 9.9955E-05 9.9955E-05 0.00670194 0.00977011 0.0336735
9.99201E-05 9.99201E-05 0.999101 9.99201E-05 9.99201E-05 9.99201E-05 9.99201E-05 9.99201E-05 9.99201E-05 9.99201E-05
9.9937E-05 0.295823 0.0074138 9.9937E-05 0.696064 9.9937E-05 9.9937E-05 9.9937E-05 9.9937E-05 9.9937E-05
9.9964E-05 0.147306 0.0290101 0.0162232 0.771742 9.9964E-05 9.9964E-05 9.9964E-05 0.0195414 0.0157776
9.9946E-05 0.00235942 9.9946E-05 9.9946E-05 0.856957 9.9946E-05 9.9946E-05 9.9946E-05 0.110182 0.0299018
9.9928E-05 9.9928E-05 0.0203994 9.9928E-05 0.978801 9.9928E-05 9.9928E-05 9.9928E-05 9.9928E-05 9.9928E-05
9.99201E-05 9.99201E-05 9.99201E-05 9.99201E-05 0.999101 9.99201E-05 9.99201E-05 9.99201E-05 9.99201E-05 9.99201E-05
0.107078 9.9964E-05 0.0388489 9.9964E-05 0.744429 0.0268025 0.0038119 9.9964E-05 0.0786299 9.9964E-05
9.99201E-05 9.99201E-05 0.999101 9.99201E-05 9.99201E-05 9.99201E-05 9.99201E-05 9.99201E-05 9.99201E-05 9.99201E-05
0.119053 9.9955E-05 0.0160664 9.9955E-05 0.813737 9.9955E-05 0.0313495 9.9955E-05 9.9955E-05 0.0192941
9.9982E-05 0.0311379 9.9982E-05 0.00835409 0.797443 0.0394607 0.0386389 0.0280935 0.0470732 0.00959851
0.0676955 0.0723881 0.0299392 9.9964E-05 0.772552 0.0269132 0.0301125 9.9964E-05 9.9964E-05 9.9964E-05
9.9946E-05 9.9946E-05 0.0435342 9.9946E-05 0.794093 9.9946E-05 9.9946E-05 0.0360641 0.125709 9.9946E-05
0.0527434 9.9973E-05 0.0538648 0.0482115 0.722547 9.9973E-05 0.0394988 0.0455453 0.0372897 9.9973E-05
9.9964E-05 0.0711456 0.0358073 9.9964E-05 0.686233 0.093272 0.0597906 0.0533518 9.9964E-05 9.9964E-05
0.0330847 9.9973E-05 9.9973E-05 0.00811047 0.733111 0.0707677 9.9973E-05 0.0141767 0.079337 0.0611128
9.9964E-05 0.326783 0.00083285 0.0194363 0.439528 0.139635 0.0733855 9.9964E-05 9.9964E-05 9.9964E-05
9.9964E-05 9.9964E-05 0.0108201 9.9964E-05 0.748341 0.124226 0.00315983 9.9964E-05 0.0979847 0.0150689
0.0627267 0.149329 0.0235821 9.9982E-05 0.00311403 0.0565172 0.000255803 0.000713874 0.703561 9.9982E-05
0.149131 0.144083 9.9964E-05 9.9964E-05 9.9964E-05 0.0224387 9.9964E-05 0.0137084 0.633786 0.0364533
0.115188 0.0380346 9.9982E-05 0.0285838 0.0260309 0.0276811 0.00260681 0.0356713 0.726004 9.9982E-05
9.9955E-05 9.9955E-05 9.9955E-05 0.00926081 0.0661292 0.0879016 0.00411639 9.9955E-05 0.832092 9.9955E-05
9.9973E-05 0.107194 0.0394912 0.0159888 9.9973E-05 0.0187426 9.9973E-05 0.0456912 0.732236 0.0403564
0.113089 9.9982E-05 0.030189 0.0234068 9.9982E-05 0.00431035 0.0107932 0.0111156 0.784788 0.0221078
0.0657968 0.274553 0.0231503 0.0293328 9.9982E-05 9.9982E-05 0.0755157 0.00885637 0.51725 0.00534476
0.0585794 0.133291 0.0220956 9.9982E-05 0.02502 0.0538888 9.9982E-05 0.00898847 0.65194 0.0459961
0.127075 0.0192704 9.9973E-05 0.0562477 0.0498248 9.9973E-05 0.0481162 9.9973E-05 0.689576 0.00958957
9.9964E-05 9.9964E-05 9.9964E-05 9.9964E-05 0.0215662 0.0348377 0.0213921 0.0275156 0.848738 0.0455504
9.9946E-05 0.219883 9.9946E-05 9.9946E-05 9.9946E-05 9.9946E-05 9.9946E-05 0.0419321 0.715358 0.0222269
0.0149153 9.9955E-05 0.0538418 0.017045 9.9955E-05 9.9955E-05 9.9955E-05 0.0129062 0.900792 9.9955E-05
9.9964E-05 0.326796 0.0185433 9.9964E-05 9.9964E-05 0.0309729 0.0183836 9.9964E-05 0.590208 0.0146966
0.0648614 0.194369 9.9946E-05 9.9946E-05 9.9946E-05 9.9946E-05 9.9946E-05 0.0446085 0.695561 9.9946E-05
9.9964E-05 9.9964E-05 0.00803701 9.9964E-05 0.0390395 0.0299255 0.0363087 0.0202996 0.86599 9.9964E-05
0.0699662 9.9964E-05 0.000167193 0.0201728 9.9964E-05 9.9964E-05 9.9964E-05 0.0293304 0.826437 0.0535263
9.9964E-05 0.0633613 9.9964E-05 0.0777063 0.0665808 0.0647026 9.9964E-05 9.9964E-05 0.723609 0.00364007
0.00421682 9.9982E-05 0.0140619 0.0285022 9.9982E-05 0.0271984 0.0856161 0.0646479 0.75594 0.0196165
0.101686 0.283405 0.000314834 9.9973E-05 0.017304 0.0225837 9.9973E-05 0.0056982 0.568709 9.9973E-05
0.0787177 9.9973E-05 0.0166583 0.0559338 0.0307062 9.9973E-05 0.0253923 9.9973E-05 0.748681 0.0436107
0.0256332 0.249095 0.0127662 9.9982E-05 0.0198216 0.533801 9.9982E-05 0.016049 0.114797 0.0278371
9.9937E-05 0.0778442 0.0044916 9.9937E-05 9.9937E-05 0.916965 9.9937E-05 9.9937E-05 9.9937E-05 9.9937E-05
0.00245775 0.250976 9.9982E-05 0.00817975 0.0357788 0.542625 9.9982E-05 0.0459269 0.011832 0.102024
0.263717 0.0208802 0.00965001 0.0299577 9.9982E-05 0.433203 9.9982E-05 0.0797602 0.0808955 0.0817365
0.18681 9.9955E-05 9.9955E-05 9.9955E-05 9.9955E-05 0.714102 9.9955E-05 0.0405992 0.0479857 0.0100034
0.00858445 9.9982E-05 0.0176968 0.0133967 9.9982E-05 0.649739 0.025984 0.0507482 0.196246 0.037405
9.9937E-05 9.9937E-05 9.9937E-05 9.9937E-05 0.034245 9.9937E-05 9.9937E-05 0.956177 9.9937E-05 0.00887815
9.9946E-05 9.9946E-05 0.00593465 9.9946E-05 9.9946E-05 0.964474 9.9946E-05 9.9946E-05 0.0263771 0.00261474
0.0335132 0.159294 9.9973E-05 0.0987748 9.9973E-05 0.533502 0.0371855 0.0931486 9.9973E-05 0.0442827
0.00899547 9.9982E-05 0.0304656 0.0240179 0.121942 0.579341 9.9982E-05 0.0979163 0.109474 0.0276472
0.0877523 9.9973E-05 9.9973E-05 0.0179539 9.9973E-05 0.617437 0.0262501 0.0913286 0.0559451 0.103033
0.0618188 9.9982E-05 0.0182206 0.0128102 0.0484279 0.632001 9.9982E-05 0.101048 0.0476653 0.077808
9.9973E-05 0.0306622 0.00692926 0.0423934 0.141697 0.630983 9.9973E-05 0.0875124 9.9973E-05 0.0595226
9.9964E-05 9.9964E-05 9.9964E-05 0.00425536 0.02077 0.694553 9.9964E-05 0.116923 0.109071 0.0540275
0.102386 9.9955E-05 9.9955E-05 9.9955E-05 9.9955E-05 0.634346 9.9955E-05 0.0795456 0.148139 0.0350835
0.0235412 9.9991E-05 0.00769647 0.0162782 0.0535322 0.65773 0.0209853 0.0641121 0.0644936 0.0915305
0.308913 0.237889 9.9964E-05 9.9964E-05 0.0119391 0.38491 9.9964E-05 0.0182984 9.9964E-05 0.037651
0.206657 9.9964E-05 0.0518726 0.00288556 9.9964E-05 0.387205 9.9964E-05 0.066466 0.284514 9.9964E-05
9.9964E-05 9.9964E-05 9.9964E-05 0.0492726 0.0166111 0.528737 9.9964E-05 0.0355635 0.344239 0.0251769
9.9955E-05 9.9955E-05 9.9955E-05 0.111174 9.9955E-05 0.371004 9.9955E-05 0.0187732 0.449016 0.049533
9.9946E-05 9.9946E-05 9.9946E-05 9.9946E-05 9.9946E-05 0.0620492 9.9946E-05 0.919551 0.00998512 0.00781469
0.0876597 0.0300016 0.0514906 0.038733 0.00729195 0.385329 0.0318753 0.101994 0.158204 0.107421
9.9964E-05 9.9964E-05 9.9964E-05 9.9964E-05 0.0258554 0.578269 0.00110278 0.122975 0.189284 0.0821144
0.00289086 9.9982E-05 0.00474338 0.0453492 0.0530403 0.540428 9.9982E-05 0.0690992 0.240981 0.0432675
9.999E-05 0.118019 0.00186833 0.0312588 0.064314 0.643084 0.00677896 0.0578536 0.030222 0.0465007
9.9955E-05 9.9955E-05 9.9955E-05 0.0860551 9.9955E-05 0.628839 9.9955E-05 0.0872688 0.123235 0.0741022
0.00077239 9.9982E-05 0.00716446 0.0180959 0.0631415 0.314084 0.168869 9.9982E-05 0.330517 0.0971547
9.9964E-05 0.118199 9.9964E-05 9.9964E-05 9.9964E-05 0.0475474 0.519049 0.0907092 0.194787 0.0293085
0.0615046 0.0431909 9.9973E-05 0.00631542 0.0281479 0.519228 0.201662 9.9973E-05 0.139651 9.9973E-05
9.9964E-05 9.9964E-05 9.9964E-05 0.0185233 9.9964E-05 0.607182 0.0339439 0.104366 0.196736 0.0388484
0.0410727 9.9973E-05 0.0114594 9.9973E-05 9.9973E-05 0.545067 0.103215 0.0720878 0.222865 0.00393317
0.069768 0.040628 0.0130564 0.00325649 9.9982E-05 0.65483 0.0350191 9.9982E-05 0.114544 0.068698
0.0173796 0.168699 0.0119763 9.9973E-05 0.00115211 0.0291023 9.9973E-05 0.00818985 9.9973E-05 0.7632
0.162148 0.00447371 0.00103032 0.0235369 0.0027996 0.418268 9.9991E-05 0.181426 0.164647 0.0415698
0.124473 9.9964E-05 9.9964E-05 9.9964E-05 9.9964E-05 0.640784 0.00250582 0.0876483 0.136789 0.00739986
9.9955E-05 0.556287 0.0237237 0.014028 9.9955E-05 0.371387 9.9955E-05 9.9955E-05 9.9955E-05 0.0340748
9.9955E-05 0.519974 9.9955E-05 9.9955E-05 0.0270964 0.319266 9.9955E-05 0.0845948 9.9955E-05 0.0485681
9.9946E-05 0.464491 9.9946E-05 9.9946E-05 9.9946E-05 0.468075 9.9946E-05 0.0604689 9.9946E-05 0.00636536
9.9964E-05 0.293346 9.9964E-05 0.0412163 0.0391067 0.548714 9.9964E-05 0.0247696 9.9964E-05 0.0524468
0.227423 0.249021 9.9973E-05 0.0194227 9.9973E-05 0.272738 0.040493 0.128677 9.9973E-05 0.0619251
0.0764528 0.0687219 9.9973E-05 0.0539799 9.9973E-05 0.553011 9.9973E-05 0.103436 0.113055 0.0310432
0.105017 9.9973E-05 9.9973E-05 0.0287496 0.095976 0.527671 9.9973E-05 0.102831 0.0943919 0.0450631
0.0842864 0.174333 9.9964E-05 9.9964E-05 9.9964E-05 0.500762 9.9964E-05 0.121367 0.0342659 0.0845863
0.125664 0.240804 0.00677768 9.9964E-05 9.9964E-05 0.523727 9.9964E-05 0.0412801 9.9964E-05 0.0613469
0.0325418 0.00536768 0.0256207 0.000213738 9.9991E-05 0.505992 0.104491 0.123825 0.0491453 0.152703
0.0664115 9.9973E-05 0.00294843 9.9973E-05 9.9973E-05 0.775032 0.0220414 0.0255735 0.0811362 0.0265569
9.99201E-05 9.99201E-05 9.99201E-05 9.99201E-05 9.99201E-05 9.99201E-05 9.99201E-05 9.99201E-05 9.99201E-05 0.999101
0.0384177 9.9991E-05 0.016791 0.0538177 0.0645942 0.519309 0.0769269 0.0788265 0.0785307 0.0726864
9.9973E-05 0.0905499 0.00494036 0.00657391 9.9973E-05 0.685145 9.9973E-05 0.0352989 0.0950592 0.0821328
0.0314212 0.168712 0.0199289 0.0387745 9.9982E-05 0.529435 0.0297823 0.0944427 9.9982E-05 0.0873033
9.9973E-05 0.0148951 9.9973E-05 9.9973E-05 0.00147683 0.643645 0.0145559 0.0440106 0.215561 0.0655553
0.237727 0.0757595 9.9973E-05 0.0230059 9.9973E-05 0.524427 9.9973E-05 0.0983485 0.036921 0.00351142
0.173438 0.170763 9.9973E-05 0.0150043 0.0478945 0.527002 9.9973E-05 0.0589658 9.9973E-05 0.00663322
9.99201E-05 9.99201E-05 9.99201E-05 9.99201E-05 9.99201E-05 9.99201E-05 9.99201E-05 0.999101 9.99201E-05 9.99201E-05
9.99201E-05 9.99201E-05 9.99201E-05 9.99201E-05 9.99201E-05 9.99201E-05 9.99201E-05 9.99201E-05 9.99201E-05 0.999101
9.99201E-05 9.99201E-05 9.99201E-05 9.99201E-05 9.99201E-05 9.99201E-05 9.99201E-05 0.999101 9.99201E-05 9.99201E-05
9.9955E-05 0.290348 0.00658238 9.9955E-05 9.9955E-05 0.55271 9.9955E-05 0.0841737 9.9955E-05 0.0656861
9.9982E-05 0.146209 0.0300307 0.00742441 0.0592915 0.448862 0.0488218 0.137216 9.9982E-05 0.121944
9.9973E-05 0.164687 9.9973E-05 0.0400008 0.032283 0.591236 0.0454463 0.0455597 9.9973E-05 0.0804868
9.9964E-05 9.9964E-05 0.0153098 0.0570186 9.9964E-05 0.666191 9.9964E-05 0.110671 0.0917985 0.0586104
0.0626422 9.9964E-05 0.0258315 9.9964E-05 9.9964E-05 0.607595 9.9964E-05 0.0632779 0.203907 0.0363462
9.9946E-05 0.313755 9.9946E-05 9.9946E-05 9.9946E-05 0.022793 9.9946E-05 0.00215204 9.9946E-05 0.6607
0.0417792 0.208239 9.9982E-05 0.0471529 9.9982E-05 0.505635 0.00580053 0.0457654 0.0603293 0.0850985
0.806974 0.0212165 0.0200483 9.9946E-05 9.9946E-05 0.151161 9.9946E-05 9.9946E-05 9.9946E-05 9.9946E-05
0.897703 0.013537 9.9946E-05 9.9946E-05 9.9946E-05 9.9946E-05 9.9946E-05 0.0777693 9.9946E-05 0.0103907
0.820285 0.00250855 0.0306775 9.9973E-05 0.0326943 0.0291071 9.9973E-05 0.0317838 9.9973E-05 0.0526435
0.817217 0.156876 0.00844558 9.9946E-05 9.9946E-05 0.0168619 9.9946E-05 9.9946E-05 9.9946E-05 9.9946E-05
0.860896 9.9964E-05 9.9964E-05 0.0122449 0.0315267 9.9964E-05 0.000448746 0.0729987 9.9964E-05 0.0214851
0.824646 9.9946E-05 9.9946E-05 9.9946E-05 0.0921589 9.9946E-05 0.0294949 9.9946E-05 9.9946E-05 0.0531002
0.951381 9.9937E-05 9.9937E-05 9.9937E-05 0.0231275 9.9937E-05 9.9937E-05 9.9937E-05 0.0247916 9.9937E-05
0.772194 0.0782345 9.9964E-05 0.047352 0.0288812 0.0457833 9.9964E-05 9.9964E-05 9.9964E-05 0.0271555
0.919978 9.9937E-05 0.0094643 9.9937E-05 9.9937E-05 9.9937E-05 9.9937E-05 9.9937E-05 0.069858 9.9937E-05
0.652296 9.9955E-05 0.0439911 9.9955E-05 9.9955E-05 0.179345 9.9955E-05 9.9955E-05 0.103437 0.0204303
0.695807 9.9964E-05 9.9964E-05 9.9964E-05 0.115496 0.119683 9.9964E-05 0.00792969 0.0471468 0.0135373
0.106146 9.9964E-05 9.9964E-05 9.9964E-05 0.118746 9.9964E-05 0.685233 0.0194506 0.0529199 0.0171051
0.286539 9.9955E-05 0.035395 9.9955E-05 9.9955E-05 9.9955E-05 0.631874 9.9955E-05 0.0248475 0.0208446
0.0297768 9.9991E-05 0.021812 0.0242694 0.0534104 0.0387267 0.662496 0.000133677 0.139229 0.030046
9.9955E-05 9.9955E-05 0.00894505 0.0612936 0.0419873 9.9955E-05 0.710006 9.9955E-05 0.177268 9.9955E-05
0.0767183 9.9964E-05 0.0543001 0.0362143 9.9964E-05 9.9964E-05 0.652545 0.0330587 0.146764 9.9964E-05
0.243352 0.0843744 0.0370859 9.9964E-05 9.9964E-05 9.9964E-05 0.626567 0.00224831 9.9964E-05 0.00597212
0.0572141 9.9964E-05 0.00134271 9.9964E-05 0.0926092 9.9964E-05 0.669413 9.9964E-05 0.122745 0.0562759
0.0951199 9.9982E-05 0.0302927 9.9982E-05 0.0160471 0.0343629 0.78238 0.0124531 0.0222052 0.00693925
9.9973E-05 0.346144 0.00339037 0.0237554 0.0140089 0.0786249 0.469494 0.0642819 9.9973E-05 9.9973E-05
0.220485 9.9946E-05 9.9946E-05 9.9946E-05 0.00155166 9.9946E-05 0.563099 9.9946E-05 0.214264 9.9946E-05
0.135715 9.9964E-05 0.0347795 0.0224744 9.9964E-05 9.9964E-05 0.649677 0.0402334 0.116721 9.9964E-05
0.0457582 9.9955E-05 9.9955E-05 0.0603706 0.019193 9.9955E-05 0.680498 9.9955E-05 0.19368 9.9955E-05
0.134042 0.00931908 0.0173632 0.041375 0.0602291 0.0149157 0.582665 0.0484573 0.0873344 0.0042998
0.114302 0.175057 9.9964E-05 9.9964E-05 9.9964E-05 0.105122 0.504049 9.9964E-05 0.0987642 0.00230573
9.9973E-05 0.0759122 9.9973E-05 0.0237154 0.125399 0.123834 0.639306 0.00616481 9.9973E-05 0.00536865
9.9964E-05 0.198761 0.0185875 0.0512228 9.9964E-05 0.0682218 0.658774 9.9964E-05 9.9964E-05 0.00403345
0.0400734 0.04069 9.9973E-05 0.0149108 0.0401956 9.9973E-05 0.742572 0.0186829 0.102576 9.9973E-05
0.0532321 0.134216 0.0131156 9.9973E-05 9.9973E-05 0.0936772 0.689843 0.00156942 0.0140473 9.9973E-05
9.9973E-05 9.9973E-05 0.0287107 0.0435601 0.0292287 9.9973E-05 0.805282 0.032998 0.0348384 0.0250823
9.9955E-05 0.260431 0.0328459 9.9955E-05 9.9955E-05 0.0350493 0.636009 0.0351642 9.9955E-05 9.9955E-05
0.00732604 0.430822 0.0176259 0.00719292 9.9973E-05 9.9973E-05 0.47162 0.0264898 9.9973E-05 0.0386235
0.181192 9.9955E-05 9.9955E-05 9.9955E-05 0.0486261 9.9955E-05 0.667669 0.0418576 0.0601562 9.9955E-05
0.0431973 0.178025 0.0107053 0.0248865 9.9973E-05 9.9973E-05 0.685288 0.0544549 9.9973E-05 0.00314265
0.162587 0.100163 0.00366796 0.0267107 9.9973E-05 9.9973E-05 0.686766 0.0151552 0.00464974 9.9973E-05
9.9964E-05 0.103215 9.9964E-05 0.0111722 0.0958708 0.0196063 0.668534 9.9964E-05 9.9964E-05 0.101202
9.9955E-05 0.206575 0.0126597 9.9955E-05 0.0432326 0.131161 0.605872 9.9955E-05 9.9955E-05 9.9955E-05
0.0633305 0.137587 0.0399468 0.0122972 9.9982E-05 9.9982E-05 0.645672 0.0272097 0.0716847 0.00207177
0.0172302 0.369484 9.9964E-05 0.0378082 9.9964E-05 0.0381828 0.535087 9.9964E-05 9.9964E-05 0.00180737
0.104306 0.195827 0.0137564 0.00764489 9.9964E-05 0.0664578 0.611609 9.9964E-05 9.9964E-05 9.9964E-05
9.9955E-05 9.9955E-05 9.9955E-05 9.9955E-05 0.0703134 9.9955E-05 0.689703 0.0267262 0.153157 0.0596004
0.130942 9.9964E-05 0.0122208 9.9964E-05 9.9964E-05 9.9964E-05 0.694929 0.0177896 0.133736 0.0099824
0.056066 0.0741677 9.9982E-05 0.051429 0.0200032 0.055965 0.615142 9.9982E-05 0.0933046 0.033723
0.0225438 0.0283355 0.0106735 9.9973E-05 0.115749 0.0600405 0.619717 9.9973E-05 0.14264 9.9973E-05
9.9955E-05 9.9955E-05 9.9955E-05 9.9955E-05 0.120926 0.087911 0.749874 0.0118159 9.9955E-05 0.0289734
0.108204 9.9964E-05 0.0321445 0.00349306 9.9964E-05 0.0642254 0.788999 0.00253346 9.9964E-05 9.9964E-05
9.9937E-05 0.760295 0.00308513 9.9937E-05 9.9937E-05 9.9937E-05 9.9937E-05 9.9937E-05 0.23592 9.9937E-05
9.9946E-05 0.75332 9.9946E-05 9.9946E-05 0.0211147 9.9946E-05 9.9946E-05 9.9946E-05 0.200076 0.0248905
9.99279E-05 0.92244 9.99279E-05 9.99279E-05 9.99279E-05 9.99279E-05 9.99279E-05 9.99279E-05 0.076761 9.99279E-05
9.99549E-05 0.752025 0.0157456 0.0107034 9.99549E-05 9.99549E-05 9.99549E-05 9.99549E-05 0.215023 0.00600338
9.9946E-05 0.715864 9.9946E-05 0.0111198 9.9946E-05 9.9946E-05 9.9946E-05 9.9946E-05 0.270758 0.0016584
0.0555823 0.377566 0.0202302 9.9964E-05 9.9964E-05 9.9964E-05 0.0348345 0.018757 0.492631 9.9964E-05
9.9928E-05 0.727363 9.9928E-05 9.9928E-05 9.9928E-05 9.9928E-05 9.9928E-05 9.9928E-05 0.271838 9.9928E-05
0.0560489 0.575877 0.00322281 9.9955E-05 0.113433 9.9955E-05 9.9955E-05 9.9955E-05 0.250919 9.9955E-05
