9.99461E-05 0.0534216 0.643697 9.99461E-05 9.99461E-05 9.99461E-05 9.99461E-05 9.99461E-05 0.244428 0.0578538
9.99371E-05 9.99371E-05 0.866927 9.99371E-05 9.99371E-05 9.99371E-05 9.99371E-05 0.126927 9.99371E-05 0.00544631
0.0592158 9.99515E-05 0.356187 9.99515E-05 9.99515E-05 0.010863 9.99515E-05 9.99515E-05 0.573135 9.99515E-05
9.99281E-05 9.99281E-05 9.99281E-05 9.99281E-05 9.99281E-05 0.0784235 9.99281E-05 0.920777 9.99281E-05 9.99281E-05
9.9937E-05 9.9937E-05 9.9937E-05 0.853484 9.9937E-05 9.9937E-05 9.9937E-05 0.0690173 0.0767996 9.9937E-05
9.99201E-05 9.99201E-05 9.99201E-05 9.99201E-05 9.99201E-05 0.999101 9.99201E-05 9.99201E-05 9.99201E-05 9.99201E-05
0.048897 9.9955E-05 9.9955E-05 9.9955E-05 9.9955E-05 9.9955E-05 0.679338 0.14986 0.0342267 0.0871787
9.99461E-05 9.99461E-05 0.89441 9.99461E-05 9.99461E-05 9.99461E-05 0.0267708 0.0579797 0.0202398 9.99461E-05
9.99281E-05 9.99281E-05 9.99281E-05 9.99281E-05 9.99281E-05 0.0139172 9.99281E-05 9.99281E-05 9.99281E-05 0.985283
9.99281E-05 9.99281E-05 9.99281E-05 0.746235 9.99281E-05 9.99281E-05 0.252966 9.99281E-05 9.99281E-05 9.99281E-05
9.99282E-05 9.99282E-05 9.99282E-05 0.0489573 9.99282E-05 9.99282E-05 0.950243 9.99282E-05 9.99282E-05 9.99282E-05
9.9937E-05 9.9937E-05 0.895505 9.9937E-05 0.0801552 0.0236405 9.9937E-05 9.9937E-05 9.9937E-05 9.9937E-05
9.996E-05 0.185086 0.0169447 0.309426 9.996E-05 9.996E-05 0.0361217 9.996E-05 0.214274 0.237748
9.99461E-05 9.99461E-05 9.99461E-05 0.0489264 9.99461E-05 9.99461E-05 0.40285 0.238596 0.309028 9.99461E-05
9.99201E-05 9.99201E-05 9.99201E-05 0.999101 9.99201E-05 9.99201E-05 9.99201E-05 9.99201E-05 9.99201E-05 9.99201E-05
0.926335 9.99282E-05 9.99282E-05 9.99282E-05 9.99282E-05 9.99282E-05 9.99282E-05 9.99282E-05 0.0728652 9.99282E-05
9.99371E-05 9.99371E-05 0.613961 9.99371E-05 0.26083 9.99371E-05 9.99371E-05 0.12451 9.99371E-05 9.99371E-05
0.321392 9.9946E-05 9.9946E-05 0.223625 9.9946E-05 0.221242 0.233141 9.9946E-05 9.9946E-05 9.9946E-05
9.99371E-05 9.99371E-05 0.0379401 9.99371E-05 0.0819708 0.87939 9.99371E-05 9.99371E-05 9.99371E-05 9.99371E-05
0.954418 0.0248462 9.99372E-05 9.99372E-05 9.99372E-05 9.99372E-05 9.99372E-05 0.0200359 9.99372E-05 9.99372E-05
0.47695 0.234778 0.00189685 9.99461E-05 9.99461E-05 9.99461E-05 9.99461E-05 9.99461E-05 9.99461E-05 0.285775
9.99371E-05 9.99371E-05 0.0742083 9.99371E-05 0.0472507 9.99371E-05 9.99371E-05 9.99371E-05 9.99371E-05 0.877841
0.772912 0.0395546 9.9973E-05 0.145478 9.9973E-05 0.0155035 0.0044968 0.00795212 0.0138031 9.9973E-05
0.0584867 0.0277639 9.99551E-05 9.99551E-05 9.99551E-05 9.99551E-05 0.0447047 0.73561 9.99551E-05 0.132935
9.99281E-05 9.99281E-05 9.99281E-05 9.99281E-05 9.99281E-05 0.089936 9.99281E-05 9.99281E-05 0.909265 9.99281E-05
0.157231 9.99281E-05 9.99281E-05 0.841969 9.99281E-05 9.99281E-05 9.99281E-05 9.99281E-05 9.99281E-05 9.99281E-05
9.99201E-05 9.99201E-05 9.99201E-05 9.99201E-05 9.99201E-05 9.99201E-05 9.99201E-05 0.999101 9.99201E-05 9.99201E-05
9.996E-05 0.246121 9.996E-05 9.996E-05 0.288 9.996E-05 0.00330091 0.0923358 0.0678968 0.301945
0.0213317 9.99284E-05 0.977869 9.99284E-05 9.99284E-05 9.99284E-05 9.99284E-05 9.99284E-05 9.99284E-05 9.99284E-05
9.99201E-05 9.99201E-05 9.99201E-05 9.99201E-05 0.999101 9.99201E-05 9.99201E-05 9.99201E-05 9.99201E-05 9.99201E-05
9.9928E-05 9.9928E-05 9.9928E-05 9.9928E-05 9.9928E-05 9.9928E-05 0.694271 9.9928E-05 0.30493 9.9928E-05
9.99281E-05 9.99281E-05 9.99281E-05 0.0178577 9.99281E-05 9.99281E-05 9.99281E-05 9.99281E-05 0.981343 9.99281E-05
9.9955E-05 0.199962 9.9955E-05 0.0234247 9.9955E-05 9.9955E-05 0.743804 0.00150701 0.0308021 9.9955E-05
9.99282E-05 9.99282E-05 9.99282E-05 0.0135262 9.99282E-05 0.985674 9.99282E-05 9.99282E-05 9.99282E-05 9.99282E-05
9.9937E-05 9.9937E-05 0.188372 9.9937E-05 0.144431 9.9937E-05 9.9937E-05 0.666497 9.9937E-05 9.9937E-05
0.987051 9.99281E-05 9.99281E-05 9.99281E-05 9.99281E-05 0.0121494 9.99281E-05 9.99281E-05 9.99281E-05 9.99281E-05
9.99371E-05 9.99371E-05 9.99371E-05 9.99371E-05 0.0609748 0.309165 9.99371E-05 9.99371E-05 9.99371E-05 0.629161
0.0273854 9.9946E-05 9.9946E-05 9.9946E-05 0.520268 0.347975 9.9946E-05 9.9946E-05 9.9946E-05 0.103771
9.99371E-05 9.99371E-05 0.047461 9.99371E-05 9.99371E-05 0.112173 0.839667 9.99371E-05 9.99371E-05 9.99371E-05
9.99201E-05 9.99201E-05 9.99201E-05 9.99201E-05 0.999101 9.99201E-05 9.99201E-05 9.99201E-05 9.99201E-05 9.99201E-05
9.9937E-05 9.9937E-05 0.0957071 9.9937E-05 0.367895 0.535698 9.9937E-05 9.9937E-05 9.9937E-05 9.9937E-05
9.99371E-05 9.99371E-05 0.755445 9.99371E-05 0.212853 0.0310029 9.99371E-05 9.99371E-05 9.99371E-05 9.99371E-05
0.674613 0.324587 9.99283E-05 9.99283E-05 9.99283E-05 9.99283E-05 9.99283E-05 9.99283E-05 9.99283E-05 9.99283E-05
9.99201E-05 9.99201E-05 9.99201E-05 9.99201E-05 9.99201E-05 9.99201E-05 9.99201E-05 9.99201E-05 0.999101 9.99201E-05
9.99201E-05 0.999101 9.99201E-05 9.99201E-05 9.99201E-05 9.99201E-05 9.99201E-05 9.99201E-05 9.99201E-05 9.99201E-05
0.0289138 9.99461E-05 0.749615 9.99461E-05 0.0102972 9.99461E-05 9.99461E-05 0.210574 9.99461E-05 9.99461E-05
0.379305 0.0231992 9.99371E-05 9.99371E-05 9.99371E-05 9.99371E-05 9.99371E-05 9.99371E-05 9.99371E-05 0.596796
0.163373 0.0697131 9.99462E-05 9.99462E-05 0.146514 0.6198 9.99462E-05 9.99462E-05 9.99462E-05 9.99462E-05
9.99281E-05 0.981499 0.0177012 9.99281E-05 9.99281E-05 9.99281E-05 9.99281E-05 9.99281E-05 9.99281E-05 9.99281E-05
0.740534 9.99551E-05 9.99551E-05 0.00316736 0.21529 0.0133228 0.0271855 9.99551E-05 9.99551E-05 9.99551E-05
