9.9946E-05 0.0187876 9.9946E-05 0.927104 0.00423969 9.9946E-05 9.9946E-05 9.9946E-05 0.0361892 9.9946E-05 0.0130799
9.9946E-05 9.9946E-05 0.0224772 0.691276 0.0655915 9.9946E-05 9.9946E-05 9.9946E-05 0.149975 0.0700808 9.9946E-05
9.9955E-05 0.0368374 0.027782 0.768924 9.9955E-05 9.9955E-05 0.0399847 9.9955E-05 0.0807971 0.0451749 9.9955E-05
9.9964E-05 0.0574693 0.025459 0.756063 9.9964E-05 9.9964E-05 0.0401069 9.9964E-05 0.0236101 0.0502674 0.046624
9.9946E-05 9.9946E-05 0.0974939 0.769312 9.9946E-05 9.9946E-05 0.000141814 9.9946E-05 0.0783159 0.0541364 9.9946E-05
9.995E-05 0.0452768 9.995E-05 0.840202 0.0194973 0.0208062 9.995E-05 0.011717 9.995E-05 0.0620008 9.995E-05
9.9946E-05 9.9946E-05 0.0656361 0.858594 0.0179897 9.9946E-05 9.9946E-05 0.00870641 9.9946E-05 0.0484742 9.9946E-05
0.0206684 9.9964E-05 0.0589836 0.803328 0.0284726 0.0157417 9.9964E-05 0.0233276 9.9964E-05 9.9964E-05 0.049078
9.994E-05 9.994E-05 0.123663 0.74052 0.023492 9.994E-05 9.994E-05 0.00441943 9.994E-05 0.107306 9.994E-05
9.9955E-05 9.9955E-05 0.0644617 0.750838 0.0146912 9.9955E-05 0.030922 0.00536651 9.9955E-05 9.9955E-05 0.13322
9.9946E-05 9.9946E-05 9.9946E-05 0.691057 0.0110439 9.9946E-05 0.077447 9.9946E-05 0.204953 0.014899 9.9946E-05
9.9937E-05 0.0641718 9.9937E-05 0.710842 9.9937E-05 9.9937E-05 0.0636848 9.9937E-05 0.160602 9.9937E-05 9.9937E-05
9.9964E-05 9.9964E-05 0.133158 0.741361 0.0477184 0.000926161 9.9964E-05 0.0204735 0.00147067 9.9964E-05 0.0544926
9.9946E-05 9.9946E-05 9.9946E-05 0.669718 0.0575582 9.9946E-05 0.0604789 9.9946E-05 0.0911254 9.9946E-05 0.12052
0.102696 9.9955E-05 9.9955E-05 0.749739 9.9955E-05 9.9955E-05 0.0247379 9.9955E-05 0.0334684 0.0645211 0.0243384
9.9937E-05 9.9937E-05 0.020636 0.827426 0.0188309 9.9937E-05 9.9937E-05 9.9937E-05 9.9937E-05 0.132408 9.9937E-05
0.0646987 9.9928E-05 9.9928E-05 0.922668 9.9928E-05 9.9928E-05 9.9928E-05 0.0118339 9.9928E-05 9.9928E-05 9.9928E-05
0.0417361 0.00746849 9.9928E-05 0.949996 9.9928E-05 9.9928E-05 9.9928E-05 9.9928E-05 9.9928E-05 9.9928E-05 9.9928E-05
0.0397526 9.9937E-05 9.9937E-05 0.933058 0.0170843 9.9937E-05 9.9937E-05 0.00940511 9.9937E-05 9.9937E-05 9.9937E-05
0.018283 0.00467599 0.0164588 0.886138 9.9973E-05 0.00898228 0.0410989 0.0233594 0.000703304 9.9973E-05 9.9973E-05
9.99101E-05 9.99101E-05 9.99101E-05 9.99101E-05 9.99101E-05 9.99101E-05 0.999001 9.99101E-05 9.99101E-05 9.99101E-05 9.99101E-05
9.9937E-05 9.9937E-05 9.9937E-05 9.9937E-05 0.0149669 9.9937E-05 0.658039 9.9937E-05 0.240655 9.9937E-05 0.0856392
0.0541143 9.9982E-05 0.0365013 0.0332086 0.0111658 0.095169 0.633252 0.0268065 0.0385844 9.9982E-05 0.0709978
0.0402832 9.9946E-05 0.00299502 9.9946E-05 9.9946E-05 0.165694 0.75962 0.0308089 9.9946E-05 9.9946E-05 9.9946E-05
9.9937E-05 9.9937E-05 0.14171 9.9937E-05 0.013892 9.9937E-05 0.827601 0.016098 9.9937E-05 9.9937E-05 9.9937E-05
9.9937E-05 0.0220422 0.173072 9.9937E-05 9.9937E-05 9.9937E-05 0.782878 0.0213084 9.9937E-05 9.9937E-05 9.9937E-05
0.0738582 9.9946E-05 0.159087 9.9946E-05 9.9946E-05 0.104408 0.634978 9.9946E-05 9.9946E-05 9.9946E-05 0.0270691
9.99101E-05 9.99101E-05 9.99101E-05 9.99101E-05 9.99101E-05 9.99101E-05 0.999001 9.99101E-05 9.99101E-05 9.99101E-05 9.99101E-05
9.9946E-05 9.9946E-05 0.221678 9.9946E-05 9.9946E-05 9.9946E-05 0.654812 0.0203561 0.00576183 0.0967924 9.9946E-05
0.114131 9.9973E-05 0.163325 9.9973E-05 0.0208607 0.0709697 0.528107 0.0127012 9.9973E-05 0.0208277 0.0687784
0.0418132 9.9946E-05 0.09794 9.9946E-05 9.9946E-05 9.9946E-05 0.662004 9.9946E-05 0.0764244 0.121219 9.9946E-05
0.0792678 9.9955E-05 0.0726153 9.9955E-05 0.012083 0.0908107 0.634279 9.9955E-05 9.9955E-05 0.110445 9.9955E-05
9.9955E-05 9.9955E-05 0.253613 0.0219648 0.0296239 0.00322066 0.593569 9.9955E-05 9.9955E-05 9.9955E-05 0.0975084
9.9964E-05 0.00887762 0.0553608 9.9964E-05 0.0401714 9.9964E-05 0.580705 0.0184946 0.112323 9.9964E-05 0.183668
9.9964E-05 0.0264163 0.199976 9.9964E-05 0.0074173 9.9964E-05 0.542607 0.0200052 0.178765 0.0244129 9.9964E-05
9.99549E-05 0.032997 9.99549E-05 0.0258799 0.00511667 9.99549E-05 0.395836 9.99549E-05 0.396491 0.14318 9.99549E-05
0.227685 0.0254337 9.9955E-05 9.9955E-05 9.9955E-05 0.124334 0.57294 0.00496273 9.9955E-05 0.0441449 9.9955E-05
0.0817806 0.0528992 9.9955E-05 9.9955E-05 9.9955E-05 0.681345 0.0590117 9.9955E-05 0.0537002 9.9955E-05 0.0707636
0.100772 9.9955E-05 0.0902159 9.9955E-05 0.0377509 0.605519 9.9955E-05 9.9955E-05 0.12204 0.0432025 9.9955E-05
0.0347209 0.0659361 0.0890297 0.00810378 0.0359637 0.693034 9.9982E-05 0.00667058 9.9982E-05 0.0404068 0.0259346
0.16752 0.0146035 9.9964E-05 0.00641829 0.0154572 0.703272 0.0191537 9.9964E-05 9.9964E-05 0.0731756 9.9964E-05
0.00437316 0.0854799 9.9982E-05 0.014803 0.0489034 0.668589 0.0256618 0.0250774 0.0502613 0.0766511 9.9982E-05
0.0598 0.046846 0.0605612 9.9964E-05 0.00352387 0.775578 9.9964E-05 0.0059691 9.9964E-05 0.047322 9.9964E-05
9.998E-05 0.0473423 0.0243177 0.0221666 0.0485864 0.592829 9.998E-05 0.0121527 0.0699546 0.0249288 0.157522
0.130567 9.9973E-05 0.0384077 9.9973E-05 0.0304405 0.716677 0.00701739 0.010063 0.0151464 9.9973E-05 0.0513814
9.9955E-05 9.9955E-05 0.171182 0.0434521 9.9955E-05 0.662627 0.00215082 0.0335073 9.9955E-05 0.0865804 9.9955E-05
0.101959 0.046889 9.9955E-05 9.9955E-05 0.0334175 0.737624 9.9955E-05 0.040264 9.9955E-05 0.0393473 9.9955E-05
9.9973E-05 0.0168755 0.023862 0.00758561 0.0377959 0.777569 9.9973E-05 0.015667 0.0164128 9.9973E-05 0.103932
9.9946E-05 0.0477763 9.9946E-05 0.0380861 0.0283205 0.866307 0.0189101 9.9946E-05 9.9946E-05 9.9946E-05 9.9946E-05
0.112712 0.0157534 9.9964E-05 0.000514022 0.0225737 0.694036 9.9964E-05 0.00237373 9.9964E-05 9.9964E-05 0.151638
9.9955E-05 0.0100595 0.0767872 9.9955E-05 0.00794248 0.80835 9.9955E-05 0.00608608 0.0902751 9.9955E-05 9.9955E-05
0.00665671 0.0837847 9.9955E-05 9.9955E-05 0.0276866 0.79047 0.0206695 9.9955E-05 9.9955E-05 0.070233 9.9955E-05
0.0267561 9.9946E-05 0.0438435 9.9946E-05 0.0607907 0.786111 9.9946E-05 0.0818995 9.9946E-05 9.9946E-05 9.9946E-05
0.0334657 0.0432227 9.9964E-05 0.0707783 0.00151846 0.733489 0.0109542 9.9964E-05 0.106172 9.9964E-05 9.9964E-05
0.0862529 0.0187912 9.9964E-05 0.0354845 0.045228 0.69492 9.9964E-05 0.0310229 9.9964E-05 0.0879005 9.9964E-05
9.995E-05 0.0537839 0.11657 9.995E-05 9.995E-05 0.66468 9.995E-05 0.00121256 0.0818939 9.995E-05 0.0813594
9.9964E-05 9.9964E-05 0.109536 0.0461174 0.0116517 0.723176 0.0396581 0.048334 9.9964E-05 9.9964E-05 0.0211267
0.403428 0.0242166 9.9964E-05 9.9964E-05 0.024527 0.0835166 0.0327659 9.9964E-05 0.372606 0.0585404 9.9964E-05
9.9928E-05 0.98951 9.9928E-05 0.00599371 9.9928E-05 9.9928E-05 9.9928E-05 9.9928E-05 0.00369656 9.9928E-05 9.9928E-05
0.341193 9.9964E-05 0.000877702 9.9964E-05 0.0478402 9.9964E-05 0.024195 0.0302203 0.544231 9.9964E-05 0.0110434
0.362795 0.00107547 0.0985253 9.996E-05 0.0435481 0.0578695 9.996E-05 0.0354275 0.40036 9.996E-05 9.996E-05
0.562734 0.0549993 0.140482 9.9955E-05 0.00771887 9.9955E-05 9.9955E-05 0.0128451 0.22072 9.9955E-05 9.9955E-05
0.744842 0.0150349 9.9964E-05 9.9964E-05 0.0078608 0.0211824 9.9964E-05 0.0160367 0.140987 9.9964E-05 0.0536565
9.99101E-05 9.99101E-05 9.99101E-05 9.99101E-05 0.999001 9.99101E-05 9.99101E-05 9.99101E-05 9.99101E-05 9.99101E-05 9.99101E-05
9.99189E-05 0.985096 9.99189E-05 9.99189E-05 9.99189E-05 9.99189E-05 9.99189E-05 0.0140045 9.99189E-05 9.99189E-05 9.99189E-05
0.228643 0.0423242 0.0257104 0.0668646 0.0386039 0.015646 9.9973E-05 9.9973E-05 0.51131 9.9973E-05 0.0705984
0.692935 0.0156299 9.9964E-05 0.00853276 0.0645783 9.9964E-05 0.0847238 0.0232707 9.9964E-05 9.9964E-05 0.10993
0.716401 0.0721632 9.9964E-05 0.0316908 0.0681745 9.9964E-05 0.000378098 0.035993 9.9964E-05 9.9964E-05 0.074799
0.701182 0.0337115 0.00816162 9.9964E-05 0.057125 9.9964E-05 0.08046 0.0530798 0.0658797 9.9964E-05 9.9964E-05
0.516423 0.163116 9.9973E-05 0.0164854 0.0342853 9.9973E-05 0.0801081 0.0635099 0.114048 0.011724 9.9973E-05
0.846659 0.0537375 9.9964E-05 0.0252359 0.0494599 9.9964E-05 0.00738669 0.00987247 0.00724846 9.9964E-05 9.9964E-05
0.528257 0.0346222 0.162113 9.9964E-05 0.0839972 0.0398188 9.9964E-05 0.0219421 0.128849 9.9964E-05 9.9964E-05
0.444211 0.095554 0.101363 9.9964E-05 0.0291657 9.9964E-05 0.0319047 0.0157142 0.281688 9.9964E-05 9.9964E-05
9.9928E-05 0.0815338 0.390476 9.9928E-05 9.9928E-05 9.9928E-05 9.9928E-05 9.9928E-05 0.52719 9.9928E-05 9.9928E-05
0.291498 0.0839035 0.270528 9.9964E-05 0.0549169 0.257915 0.0300538 9.9964E-05 0.0107852 9.9964E-05 9.9964E-05
0.54212 0.0268316 0.0582794 0.0352976 0.0354045 0.199618 9.9982E-05 0.0201653 0.0466778 9.9982E-05 0.0354061
0.275872 0.151111 9.9955E-05 0.0767496 9.9955E-05 0.399173 9.9955E-05 0.00819321 0.088402 9.9955E-05 9.9955E-05
9.99101E-05 9.99101E-05 9.99101E-05 9.99101E-05 0.999001 9.99101E-05 9.99101E-05 9.99101E-05 9.99101E-05 9.99101E-05 9.99101E-05
0.31594 0.164591 0.0455939 0.0534929 0.0342592 0.131513 0.0515882 0.076188 0.104812 0.0219224 9.9991E-05
0.420624 0.0870253 0.037972 9.9964E-05 0.0779712 0.100367 9.9964E-05 0.0310267 0.244615 9.9964E-05 9.9964E-05
0.855242 0.0003418 9.9964E-05 0.0177533 9.9964E-05 0.0112297 0.0298496 0.0346269 9.9964E-05 0.050557 9.9964E-05
0.484025 0.0167661 9.9982E-05 0.0330281 0.0267249 9.9982E-05 0.0308692 0.0354822 0.340961 0.000787266 0.031156
0.583227 9.9955E-05 9.9955E-05 0.0519832 0.0596564 0.0227381 9.9955E-05 0.0255805 0.256315 9.9955E-05 9.9955E-05
0.123117 0.0380771 9.9973E-05 0.0152318 9.9973E-05 0.212468 0.0203846 0.0783066 0.307937 0.204177 9.9973E-05
9.9955E-05 0.0238402 9.9955E-05 9.9955E-05 0.0417138 0.0779041 9.9955E-05 9.9955E-05 0.213346 0.351934 0.290762
0.222147 0.106165 0.125715 9.9964E-05 9.9964E-05 0.0987768 0.0467124 9.9964E-05 0.259673 0.140411 9.9964E-05
0.889151 9.99459E-05 9.99459E-05 0.00394295 0.00437063 9.99459E-05 9.99459E-05 0.0104507 9.99459E-05 0.0914846 9.99459E-05
0.755688 0.0674734 9.9928E-05 9.9928E-05 9.9928E-05 9.9928E-05 9.9928E-05 9.9928E-05 9.9928E-05 0.17604 9.9928E-05
0.680386 9.9964E-05 0.0859548 9.9964E-05 0.00918209 9.9964E-05 9.9964E-05 0.0232575 0.1193 0.0225377 0.0589828
9.99189E-05 9.99189E-05 9.99189E-05 9.99189E-05 9.99189E-05 9.99189E-05 9.99189E-05 0.210326 0.788775 9.99189E-05 9.99189E-05
0.317963 0.0472244 0.112656 9.9964E-05 0.151456 0.0960312 9.9964E-05 0.0163571 0.257912 9.9964E-05 9.9964E-05
0.717772 9.9955E-05 9.9955E-05 9.9955E-05 0.0887066 0.0119957 9.9955E-05 0.0149259 0.0462046 9.9955E-05 0.119896
0.0859221 0.019089 9.9955E-05 0.015986 9.9955E-05 9.9955E-05 0.0152152 9.9955E-05 0.703788 0.1595 9.9955E-05
0.0230701 0.0265884 9.9964E-05 0.0290185 0.0316094 0.0181648 0.0909406 9.9964E-05 0.780208 9.9964E-05 9.9964E-05
0.196683 0.0118986 9.9964E-05 9.9964E-05 0.0578158 9.9964E-05 9.9964E-05 0.000292566 0.664046 0.0518541 0.0170107
0.24786 0.0419702 0.0401046 0.0405142 0.0646241 9.9982E-05 0.023452 9.9982E-05 0.457238 0.00532802 0.0787092
0.0557106 0.122468 0.214681 0.0180203 0.0292586 0.0715985 9.999E-05 0.0089199 0.424748 0.00626918 0.0482265
0.444906 0.108242 0.111311 0.0387503 0.0473959 0.0684631 9.9973E-05 0.019286 0.161346 9.9973E-05 9.9973E-05
0.600666 0.0779441 0.178638 0.0198252 0.0337525 9.9973E-05 0.0329039 0.0120463 0.0439239 9.9973E-05 9.9973E-05
0.438168 0.153946 0.0379608 0.0216483 0.0108812 0.0528715 9.9973E-05 0.0300756 0.254148 9.9973E-05 9.9973E-05
0.420042 9.9982E-05 0.0128074 0.0217599 0.0113069 0.0101097 0.0226006 0.0252909 0.434697 9.9982E-05 0.0411851
0.528253 0.0857258 9.9973E-05 0.0197227 0.0866949 9.9973E-05 0.0130015 0.0903737 0.0608284 9.9973E-05 0.1151
0.680904 9.9955E-05 0.0674274 9.9955E-05 0.0192868 9.9955E-05 9.9955E-05 0.00907223 0.181478 0.0413312 9.9955E-05
9.99101E-05 9.99101E-05 9.99101E-05 9.99101E-05 9.99101E-05 9.99101E-05 9.99101E-05 0.999001 9.99101E-05 9.99101E-05 9.99101E-05
0.306818 0.11528 0.116167 0.0204755 0.0263148 0.00832736 0.0274803 9.9991E-05 0.349218 0.0266279 0.0031911
0.444128 9.9946E-05 9.9946E-05 9.9946E-05 0.0822734 0.00793935 9.9946E-05 0.0192654 0.445794 9.9946E-05 9.9946E-05
0.345 9.9955E-05 9.9955E-05 0.0170463 0.0592904 9.9955E-05 9.9955E-05 0.0264329 0.423313 9.9955E-05 0.128418
0.677764 0.00152149 9.9964E-05 9.9964E-05 0.0193391 0.0781169 9.9964E-05 0.00383142 0.158335 0.0606925 9.9964E-05
0.256982 0.0634236 0.200396 9.995E-05 0.0245969 0.019936 9.995E-05 9.995E-05 0.434166 9.995E-05 9.995E-05
0.406553 0.0243396 0.225871 0.017427 0.0166619 9.9973E-05 0.0312139 0.00433464 0.273299 9.9973E-05 9.9973E-05
9.99101E-05 0.999001 9.99101E-05 9.99101E-05 9.99101E-05 9.99101E-05 9.99101E-05 9.99101E-05 9.99101E-05 9.99101E-05 9.99101E-05
9.99101E-05 9.99101E-05 9.99101E-05 9.99101E-05 9.99101E-05 9.99101E-05 9.99101E-05 0.999001 9.99101E-05 9.99101E-05 9.99101E-05
9.99189E-05 0.977019 9.99189E-05 9.99189E-05 0.0220819 9.99189E-05 9.99189E-05 9.99189E-05 9.99189E-05 9.99189E-05 9.99189E-05
0.0654752 0.0330678 9.9955E-05 9.9955E-05 0.044327 9.9955E-05 9.9955E-05 0.000647469 0.845611 0.0103718 9.9955E-05
0.0274097 0.14006 9.9964E-05 9.9964E-05 0.0423309 9.9964E-05 0.0611879 0.0216863 0.686344 0.0205811 9.9964E-05
0.236837 0.0613652 0.10236 0.00767463 0.00388958 9.9982E-05 0.0185496 0.0277499 0.455488 9.9982E-05 0.085886
0.583596 0.104884 9.9964E-05 0.0264674 0.0128063 0.00620303 9.9964E-05 0.00704555 0.258598 9.9964E-05 9.9964E-05
0.745054 0.0150966 9.9964E-05 9.9964E-05 0.0562353 0.0102876 0.0187119 0.0455371 9.9964E-05 9.9964E-05 0.108678
9.99101E-05 9.99101E-05 9.99101E-05 9.99101E-05 9.99101E-05 9.99101E-05 9.99101E-05 0.142324 0.856777 9.99101E-05 9.99101E-05
0.389069 0.0181613 9.9982E-05 0.0434497 0.00514904 0.0448189 9.9982E-05 0.022692 0.396651 0.018199 0.0616099
9.9946E-05 0.0622939 0.793675 9.9946E-05 0.0211057 9.9946E-05 9.9946E-05 9.9946E-05 0.119346 0.0029803 9.9946E-05
0.0537208 0.0118867 0.866147 9.9955E-05 0.0324406 9.9955E-05 9.9955E-05 9.9955E-05 0.000256515 0.0350489 9.9955E-05
0.0701457 0.0532734 0.807615 9.9955E-05 0.0116529 9.9955E-05 0.0248657 0.0319477 9.9955E-05 9.9955E-05 9.9955E-05
9.9928E-05 9.9928E-05 0.829762 9.9928E-05 0.0236115 9.9928E-05 9.9928E-05 9.9928E-05 0.145827 9.9928E-05 9.9928E-05
9.9955E-05 9.9955E-05 0.745916 9.9955E-05 0.0188204 9.9955E-05 0.0197139 0.0115213 0.16424 9.9955E-05 0.0392885
9.9946E-05 9.9946E-05 0.892961 9.9946E-05 0.00672638 9.9946E-05 0.0411761 0.0282493 9.9946E-05 0.0302877 9.9946E-05
9.9919E-05 9.9919E-05 0.984846 0.0142543 9.9919E-05 9.9919E-05 9.9919E-05 9.9919E-05 9.9919E-05 9.9919E-05 9.9919E-05
0.108151 9.9946E-05 0.78869 0.0476256 9.9946E-05 9.9946E-05 0.0265617 0.0283723 9.9946E-05 9.9946E-05 9.9946E-05
9.9937E-05 9.9937E-05 0.892123 9.9937E-05 9.9937E-05 0.0504007 9.9937E-05 0.00114716 9.9937E-05 9.9937E-05 0.0556299
0.076527 0.0538928 0.697627 9.9973E-05 0.0303257 0.0579236 0.0401353 0.0351998 0.0080689 9.9973E-05 9.9973E-05
0.165372 0.0803077 0.661521 9.9946E-05 9.9946E-05 0.0121234 0.0800754 9.9946E-05 9.9946E-05 9.9946E-05 9.9946E-05
9.9964E-05 0.022049 0.104527 9.9964E-05 0.0275597 0.0143855 0.0313659 0.0254453 9.9964E-05 0.774268 9.9964E-05
9.9955E-05 9.9955E-05 0.157443 9.9955E-05 0.0296246 0.0134142 9.9955E-05 0.0389112 9.9955E-05 0.729418 0.0306892
0.0816649 0.0276923 9.9973E-05 0.0249084 0.00365956 9.9973E-05 0.0278724 0.0183969 0.0117736 0.803732 9.9973E-05
0.0562688 9.9955E-05 9.9955E-05 0.0300981 9.9955E-05 0.084998 0.0225486 9.9955E-05 9.9955E-05 0.767648 0.0379383
9.997E-05 9.997E-05 9.997E-05 0.0310418 0.0723278 0.00747863 0.0117832 0.000704994 0.100447 0.710739 0.0651779
9.996E-05 0.0290262 0.14919 0.0124423 9.996E-05 9.996E-05 0.0145206 9.996E-05 0.0339862 0.40324 0.357195
9.9946E-05 9.9946E-05 0.0942937 9.9946E-05 0.00392436 0.0775621 9.9946E-05 0.0662797 9.9946E-05 0.75734 9.9946E-05
0.111787 9.9946E-05 9.9946E-05 9.9946E-05 9.9946E-05 9.9946E-05 0.0200822 0.0193644 9.9946E-05 0.757518 0.0906488
9.998E-05 0.054099 9.998E-05 0.0543363 0.000893495 0.0457664 0.0150864 0.0180825 0.234073 0.522616 0.0548472
0.00526483 9.9946E-05 0.13423 9.9946E-05 9.9946E-05 0.0963713 9.9946E-05 0.0333174 9.9946E-05 0.730217 9.9946E-05
9.9955E-05 0.0487131 9.9955E-05 9.9955E-05 0.0430069 0.062126 0.0222059 9.9955E-05 9.9955E-05 0.794029 0.0294193
9.9946E-05 0.0191981 9.9946E-05 0.0367696 9.9946E-05 0.0979716 9.9946E-05 9.9946E-05 9.9946E-05 0.497469 0.347991
0.133536 0.0487878 9.996E-05 9.996E-05 9.996E-05 0.020503 0.0590449 9.996E-05 0.0238895 0.553193 0.160645
9.9955E-05 0.0393915 0.0459089 9.9955E-05 9.9955E-05 0.0873779 9.9955E-05 9.9955E-05 0.200871 0.494033 0.131918
9.9955E-05 0.0525711 9.9955E-05 0.0126333 9.9955E-05 9.9955E-05 0.0143539 9.9955E-05 0.0873673 0.0498615 0.782713
9.9946E-05 0.0196284 9.9946E-05 0.0552207 0.00572975 9.9946E-05 9.9946E-05 9.9946E-05 0.00197854 9.9946E-05 0.916843
9.9937E-05 0.0568254 0.0336769 9.9937E-05 9.9937E-05 0.0302047 9.9937E-05 9.9937E-05 9.9937E-05 9.9937E-05 0.878593
0.15709 9.9928E-05 9.9928E-05 9.9928E-05 9.9928E-05 9.9928E-05 9.9928E-05 9.9928E-05 9.9928E-05 0.158749 0.683362
9.99101E-05 9.99101E-05 9.99101E-05 9.99101E-05 9.99101E-05 9.99101E-05 9.99101E-05 9.99101E-05 9.99101E-05 9.99101E-05 0.999001
9.9937E-05 9.9937E-05 9.9937E-05 9.9937E-05 0.0245911 0.0016348 9.9937E-05 9.9937E-05 0.0576275 9.9937E-05 0.915447
9.9955E-05 9.9955E-05 9.9955E-05 0.00121328 0.0337486 9.9955E-05 0.00619301 0.00456004 0.194914 9.9955E-05 0.758872
0.0618537 9.9928E-05 9.9928E-05 9.9928E-05 9.9928E-05 9.9928E-05 9.9928E-05 0.0179874 9.9928E-05 9.9928E-05 0.91936
9.9955E-05 0.0338008 0.00303992 9.9955E-05 0.0194215 9.9955E-05 9.9955E-05 9.9955E-05 0.144093 0.496241 0.302903
9.9955E-05 9.9955E-05 0.0220283 0.0165908 0.00210501 9.9955E-05 9.9955E-05 9.9955E-05 0.16926 0.711304 0.0782128
9.9955E-05 9.9955E-05 9.9955E-05 0.00909695 9.9955E-05 9.9955E-05 0.0607643 0.0134075 0.247327 0.592771 0.076134
9.9937E-05 9.9937E-05 0.0567857 9.9937E-05 9.9937E-05 9.9937E-05 9.9937E-05 9.9937E-05 0.236719 0.422479 0.283317
9.9964E-05 0.0442823 9.9964E-05 0.0208661 9.9964E-05 0.061697 0.0395138 0.0127601 0.102194 0.718287 9.9964E-05
9.9973E-05 0.00964664 9.9973E-05 0.0177773 0.0353323 0.00535236 9.9973E-05 0.0208913 0.181468 0.461834 0.267399
0.0127197 9.9955E-05 9.9955E-05 0.0722453 9.9955E-05 0.00793358 9.9955E-05 9.9955E-05 0.183254 0.533389 0.189959
9.9964E-05 0.0121106 9.9964E-05 9.9964E-05 0.0307356 0.0230199 0.0165968 0.0498536 0.0418893 0.825394 9.9964E-05
9.9955E-05 0.0802111 0.0142332 9.9955E-05 9.9955E-05 0.0541499 9.9955E-05 0.0269811 9.9955E-05 0.79223 0.0316951
0.0159586 0.0148364 0.00233543 0.0683091 9.998E-05 0.0543201 9.998E-05 0.0260409 0.115323 0.659346 0.04333
0.115317 9.996E-05 9.996E-05 9.996E-05 9.996E-05 0.0540674 0.0677632 0.00153941 0.0218392 0.683977 0.0550972
9.9964E-05 0.0590079 9.9964E-05 9.9964E-05 0.00577062 9.9964E-05 0.0225999 0.0410822 0.0271563 0.631429 0.212554
0.00943565 9.996E-05 0.0405385 0.011223 0.0336881 9.996E-05 0.0247444 9.996E-05 0.0337979 0.846173 9.996E-05
9.9955E-05 0.0260541 9.9955E-05 9.9955E-05 9.9955E-05 0.551039 0.0600211 9.9955E-05 0.241565 0.104752 0.0160688
9.99369E-05 9.99369E-05 9.99369E-05 9.99369E-05 9.99369E-05 0.415366 0.00472914 9.99369E-05 0.388228 9.99369E-05 0.190978
9.995E-05 9.995E-05 9.995E-05 0.0144207 0.00355385 0.421937 0.0809279 9.995E-05 0.337574 9.995E-05 0.141087
9.9955E-05 9.9955E-05 9.9955E-05 0.046288 9.9955E-05 0.443246 9.9955E-05 0.0214384 0.357683 0.123251 0.0075941
0.014152 0.029857 9.9964E-05 0.0749692 0.00121043 0.518832 9.9964E-05 9.9964E-05 0.240652 9.9964E-05 0.119928
0.0395527 0.0181079 0.0400501 9.998E-05 0.0185363 0.63269 0.0498236 0.0208265 9.998E-05 0.0667827 0.11343
9.9937E-05 9.9937E-05 0.00285055 9.9937E-05 9.9937E-05 0.716995 9.9937E-05 9.9937E-05 0.169492 9.9937E-05 0.109963
9.995E-05 9.995E-05 0.0796428 0.0797239 9.995E-05 0.467468 0.162453 9.995E-05 0.0885087 9.995E-05 0.121704
