0.119347 9.9982E-05 0.108773 9.9982E-05 0.0508804 0.7208
9.9973E-05 9.9973E-05 9.9973E-05 0.080844 0.0490871 0.869769
0.655098 9.99641E-05 9.99641E-05 9.99641E-05 9.99641E-05 0.344502
9.996E-05 9.996E-05 9.996E-05 0.9995 9.996E-05 9.996E-05
9.9964E-05 9.9964E-05 0.889504 0.110096 9.9964E-05 9.9964E-05
0.0578174 0.761157 9.9982E-05 9.9982E-05 0.0252357 0.15559
0.699495 9.9982E-05 0.0696836 0.0437603 0.186861 9.9982E-05
0.109511 9.99731E-05 9.99731E-05 9.99731E-05 0.0257348 0.864454
9.996E-05 0.650401 9.996E-05 9.996E-05 0.349199 9.996E-05
0.0338644 9.99641E-05 0.965736 9.99641E-05 9.99641E-05 9.99641E-05
0.384579 9.99642E-05 0.615021 9.99642E-05 9.99642E-05 9.99642E-05
9.99641E-05 0.0675567 9.99641E-05 9.99641E-05 9.99641E-05 0.932043
0.136767 0.0610557 0.643038 9.9991E-05 0.0933022 0.0657368
0.732674 9.99731E-05 0.0994945 0.167532 9.99731E-05 9.99731E-05
9.99641E-05 0.0414358 0.958164 9.99641E-05 9.99641E-05 9.99641E-05
0.10236 9.99641E-05 9.99641E-05 9.99641E-05 0.89724 9.99641E-05
9.9973E-05 0.0908431 9.9973E-05 0.211672 9.9973E-05 0.697185
0.183146 0.127568 0.231329 9.9982E-05 0.457757 9.9982E-05
9.9964E-05 0.95516 9.9964E-05 9.9964E-05 9.9964E-05 0.04444
9.99731E-05 9.99731E-05 0.00675827 0.0531916 0.93975 9.99731E-05
9.99731E-05 9.99731E-05 9.99731E-05 0.112423 0.882628 0.00464906
9.99821E-05 0.496247 0.022425 9.99821E-05 0.340996 0.140132
0.036828 9.9973E-05 0.166852 9.9973E-05 0.79602 9.9973E-05
9.9973E-05 9.9973E-05 0.00702514 0.875956 0.116719 9.9973E-05
0.756236 9.9973E-05 9.9973E-05 0.229706 0.0137584 9.9973E-05
9.9964E-05 9.9964E-05 0.801048 9.9964E-05 0.198552 9.9964E-05
9.996E-05 9.996E-05 9.996E-05 0.9995 9.996E-05 9.996E-05
0.062624 0.593582 0.302528 0.041066 9.99821E-05 9.99821E-05
9.996E-05 9.996E-05 9.996E-05 9.996E-05 9.996E-05 0.9995
9.99731E-05 0.653366 9.99731E-05 0.21942 9.99731E-05 0.126915
0.9995 9.996E-05 9.996E-05 9.996E-05 9.996E-05 9.996E-05
0.9995 9.996E-05 9.996E-05 9.996E-05 9.996E-05 9.996E-05
0.394834 9.9964E-05 0.604766 9.9964E-05 9.9964E-05 9.9964E-05
0.073582 0.897726 9.9973E-05 9.9973E-05 0.0283923 9.9973E-05
9.9964E-05 9.9964E-05 9.9964E-05 0.777901 9.9964E-05 0.2217
0.000966069 0.0405535 9.9982E-05 9.9982E-05 0.94355 0.0147302
9.9973E-05 0.76935 9.9973E-05 9.9973E-05 0.206947 0.0234032
0.0389929 0.960607 9.9964E-05 9.9964E-05 9.9964E-05 9.9964E-05
0.624157 0.0836083 0.160521 9.9991E-05 0.0186343 0.11298
9.99731E-05 0.8182 0.0348278 0.146672 9.99731E-05 9.99731E-05
9.9964E-05 0.690054 9.9964E-05 9.9964E-05 9.9964E-05 0.309546
9.9964E-05 0.147514 9.9964E-05 9.9964E-05 9.9964E-05 0.852086
9.99641E-05 9.99641E-05 0.0816493 9.99641E-05 0.917951 9.99641E-05
0.984515 9.9973E-05 9.9973E-05 0.0140781 9.9973E-05 0.00110702
9.99641E-05 9.99641E-05 0.80536 9.99641E-05 0.19424 9.99641E-05
9.99641E-05 9.99641E-05 9.99641E-05 0.113802 9.99641E-05 0.885798
9.9964E-05 0.229827 9.9964E-05 9.9964E-05 0.769773 9.9964E-05
9.99641E-05 0.876004 9.99641E-05 9.99641E-05 0.123597 9.99641E-05
9.997E-05 9.997E-05 0.526543 9.997E-05 0.368011 0.105147
9.99821E-05 0.214988 0.0589508 0.00943979 0.716422 9.99821E-05
