0.976325 9.9982E-05 0.0234752 9.9982E-05
0.799111 0.0426413 0.106769 0.0514782
0.851747 9.9991E-05 0.0195432 0.12861
0.883888 9.9991E-05 0.0798168 0.0361949
0.862633 0.0185136 0.0774505 0.0414031
0.906904 9.9982E-05 0.0928965 9.9982E-05
0.955799 9.9991E-05 0.0417649 0.00233601
0.88709 9.9991E-05 0.104952 0.00785765
0.840867 0.0342055 0.0724848 0.0524424
0.868184 0.0142948 0.0854483 0.0320731
0.8496 0.0261213 0.108556 0.0157227
0.861113 9.9991E-05 0.115744 0.023043
0.831435 0.0108398 0.0660333 0.091692
0.844479 9.9991E-05 0.117757 0.0376644
0.884737 9.9991E-05 0.0799087 0.0352547
0.902634 0.0139768 0.0832896 9.9991E-05
0.985025 0.014775 9.9982E-05 9.9982E-05
0.940216 0.0595842 9.9982E-05 9.9982E-05
0.956332 0.0434684 9.9982E-05 9.9982E-05
0.907413 0.0687123 9.9991E-05 0.0237745
9.998E-05 9.998E-05 9.998E-05 0.9997
0.0154886 9.9991E-05 0.106352 0.878059
0.0459382 0.0173736 0.0909686 0.84572
9.9991E-05 0.0384477 0.0734516 0.888001
0.00415198 9.9982E-05 9.9982E-05 0.995648
0.00501551 0.00541379 9.9991E-05 0.989471
9.9991E-05 0.0145085 0.0849758 0.900416
9.998E-05 9.998E-05 9.998E-05 0.9997
9.9991E-05 0.0811781 0.171598 0.747124
0.0290044 0.15104 0.16955 0.650406
9.9991E-05 0.0356875 0.17994 0.784273
0.0061877 0.119291 0.17416 0.700362
0.0676397 0.11917 0.150115 0.663076
9.9991E-05 0.207993 0.172202 0.619705
0.0290673 0.188957 0.110514 0.671462
0.0395925 0.152623 0.19902 0.608764
9.9991E-05 0.23243 0.183022 0.584449
0.0352351 0.382092 0.515697 0.0669752
0.0143639 0.483109 0.502427 9.9991E-05
0.0199386 0.405574 0.549248 0.0252394
0.0406767 0.380045 0.519609 0.0596697
0.0591558 0.428613 0.503104 0.00912714
0.0324031 0.423796 0.539439 0.00436144
0.105719 0.337269 0.556913 9.9991E-05
0.0124583 0.428123 0.504314 0.055105
0.0786929 0.336016 0.562981 0.02231
0.0159197 0.470553 0.513428 9.9991E-05
9.9982E-05 0.452554 0.547246 9.9982E-05
0.0651238 0.3906 0.544176 9.9991E-05
0.0310964 0.367894 0.554678 0.0463312
0.0455313 0.403384 0.514223 0.0368622
0.0106322 0.404332 0.547874 0.0371613
0.027453 0.461434 0.511013 9.9991E-05
0.0735574 0.46718 0.454643 0.00461955
0.052162 0.400565 0.523428 0.0238452
0.0535612 0.361647 0.520208 0.0645841
0.102392 0.363215 0.489767 0.0446259
0.0349304 0.73823 0.148399 0.0784402
0.0423435 0.931869 9.9991E-05 0.0256876
0.0350183 0.797295 0.0981869 0.0694998
0.0610577 0.92565 0.0082803 0.00501206
9.9991E-05 0.928297 0.0348477 0.0367554
0.0575299 0.879803 0.0290062 0.0336605
0.00685446 0.933069 0.0233844 0.036692
9.9982E-05 0.964174 9.9982E-05 0.0356262
0.111308 0.804378 0.084214 9.9991E-05
0.0518961 0.827286 0.0401842 0.0806335
0.037917 0.863398 0.0393643 0.0593207
0.00969179 0.849296 9.9991E-05 0.140912
0.0672014 0.852319 9.9991E-05 0.0803796
9.9982E-05 0.991611 9.9982E-05 0.00818891
0.0100235 0.89419 0.0397589 0.0560276
0.0261759 0.885351 9.9991E-05 0.0883726
0.0220387 0.70075 0.125166 0.152045
9.9991E-05 0.709061 0.199327 0.0915113
0.0525514 0.765512 0.161429 0.0205081
0.0914353 0.697812 0.210653 9.9991E-05
0.00424351 0.995557 9.9982E-05 9.9982E-05
0.0618736 0.818355 0.0884206 0.0313509
9.9991E-05 0.872269 0.123533 0.00409808
0.0680169 0.803721 0.0603274 0.0679345
0.0494166 0.828344 0.0719336 0.0503059
0.0508977 0.948902 9.9982E-05 9.9982E-05
0.0262416 0.585499 0.369757 0.0185022
0.00860588 0.242414 0.74888 9.9991E-05
0.0103628 0.626689 0.272255 0.0906931
0.0315006 0.787758 0.180642 9.9991E-05
0.0027732 0.81208 0.185046 9.9991E-05
0.0287429 0.832868 0.0807744 0.0576145
9.9982E-05 0.95473 9.9982E-05 0.0450699
0.0366726 0.822627 0.0308227 0.109878
0.011193 0.863937 0.12477 9.9991E-05
0.0443444 0.65136 0.205614 0.0986822
0.0589323 0.698226 0.0977643 0.145078
0.0130655 0.73108 0.173238 0.0826159
0.103534 0.686575 0.142102 0.0677883
0.0198995 0.765465 0.214535 9.9991E-05
0.0698972 0.857712 0.0509224 0.0214688
0.026976 0.879732 9.9991E-05 0.0931921
0.0522669 0.947533 9.9982E-05 9.9982E-05
0.0339562 0.807505 0.0281186 0.13042
0.00996021 0.841957 0.121855 0.0262278
0.00568602 0.95478 0.0221352 0.0173983
0.0338258 0.965974 9.9982E-05 9.9982E-05
0.0732223 0.780811 0.0908634 0.0551032
0.00281495 0.925752 0.0400327 0.0314005
0.0802301 0.796344 0.0749512 0.0484743
0.0309624 0.858453 0.110484 9.9991E-05
0.0484673 0.852477 0.0989555 9.9991E-05
0.0137068 0.820943 0.00461388 0.160737
9.9982E-05 0.980938 0.0188625 9.9982E-05
0.0121095 0.987691 9.9982E-05 9.9982E-05
9.9982E-05 0.986703 9.9982E-05 0.0130965
0.0140656 0.86381 0.122025 9.9991E-05
0.015481 0.740618 0.169192 0.0747099
0.0644122 0.746534 0.0761984 0.112855
0.0544199 0.890449 0.036025 0.019106
0.023452 0.94056 9.9991E-05 0.0358876
0.0277096 0.813655 0.101315 0.0573205
0.0814527 0.76399 0.149274 0.00528361
0.0269786 0.533001 0.170484 0.269536
9.9991E-05 0.556388 0.17324 0.270272
0.0185741 0.533212 0.153241 0.294973
0.043129 0.521618 0.205784 0.229468
0.0550973 0.533507 0.213081 0.198315
0.0251505 0.461913 0.194936 0.318
0.0367675 0.488503 0.165473 0.309257
0.0520577 0.524003 0.133713 0.290226
0.0252837 0.496903 0.258258 0.219556
0.0134075 0.475191 0.293948 0.217454
9.9991E-05 0.587125 0.119019 0.293756
0.014662 0.0273706 0.848099 0.109869
0.0320187 0.0603057 0.792829 0.114846
0.0499537 0.0138266 0.824228 0.111992
0.0693334 9.9991E-05 0.809245 0.121321
0.056328 0.0312561 0.839112 0.0733035
0.0536257 0.078972 0.7882 0.0792022
0.0141996 0.0104323 0.815072 0.160296
9.9991E-05 0.0820768 0.805214 0.11261
0.0473014 0.00402006 0.77275 0.175929
0.00116836 0.123135 0.80288 0.0728163
0.0393103 0.0472558 0.782093 0.13134
0.0762062 0.00923936 0.836336 0.078219
0.0258626 9.9991E-05 0.859683 0.114354
0.020131 0.0825388 0.89723 9.9991E-05
0.0842216 9.9991E-05 0.818503 0.0971753
0.0586611 9.9991E-05 0.900584 0.0406546
0.0221455 0.0499542 0.886948 0.0409528
0.0835049 0.0399866 0.813275 0.0632335
0.0646769 9.9991E-05 0.893615 0.0416079
0.0689636 9.9991E-05 0.872506 0.0584307
0.0820775 9.9991E-05 0.805024 0.112798
0.0282558 0.059844 0.848599 0.0633011
0.0233311 0.017897 0.941545 0.0172271
0.0313913 0.0116135 0.914373 0.0426217
0.0602871 9.9991E-05 0.839929 0.0996842
0.0291579 0.00845292 0.809334 0.153055
0.038228 9.9991E-05 0.856199 0.105473
0.0823572 0.0258173 0.878001 0.0138241
0.0679928 0.0141837 0.837653 0.0801709
9.9982E-05 9.9982E-05 0.887125 0.112675
9.9991E-05 0.0219823 0.939643 0.0382744
0.0962446 9.9991E-05 0.83334 0.0703155
0.0235929 0.0193904 0.87176 0.0852571
9.9991E-05 0.0331576 0.83909 0.127653
0.0447254 9.9991E-05 0.866688 0.088487
0.0319525 0.183862 0.621061 0.163125
0.047449 0.158554 0.614741 0.179256
0.0952838 0.155334 0.592229 0.157154
0.12388 0.121502 0.636788 0.117831
0.12518 0.175091 0.54992 0.149809
0.0597036 0.210811 0.563118 0.166367
0.0289117 0.180539 0.621263 0.169286
0.11244 0.140491 0.496327 0.250742
