0.198763 0.0489582 9.99641E-05 0.00935048 9.99641E-05 0.742528 9.99641E-05 9.99641E-05
9.9964E-05 0.0141541 9.9964E-05 0.0562231 9.9964E-05 0.849144 9.9964E-05 0.0800791
0.499171 0.00955468 9.9964E-05 9.9964E-05 9.9964E-05 0.481744 0.00913039 9.9964E-05
9.99461E-05 9.99461E-05 9.99461E-05 0.0927204 9.99461E-05 9.99461E-05 9.99461E-05 0.90668
9.9955E-05 9.9955E-05 9.9955E-05 0.0145865 0.942295 9.9955E-05 9.9955E-05 0.0426189
9.994E-05 9.994E-05 9.994E-05 0.9993 9.994E-05 9.994E-05 9.994E-05 9.994E-05
0.77575 9.99641E-05 9.99641E-05 9.99641E-05 0.0247862 9.99641E-05 0.146745 0.0523191
0.0312747 9.99551E-05 9.99551E-05 0.0372626 9.99551E-05 0.930963 9.99551E-05 9.99551E-05
9.99461E-05 9.99461E-05 9.99461E-05 0.485174 9.99461E-05 9.99461E-05 0.514226 9.99461E-05
9.994E-05 9.994E-05 9.994E-05 9.994E-05 0.9993 9.994E-05 9.994E-05 9.994E-05
0.622038 9.99463E-05 9.99463E-05 9.99463E-05 0.377362 9.99463E-05 9.99463E-05 9.99463E-05
9.9946E-05 9.9946E-05 0.258578 9.9946E-05 9.9946E-05 0.740822 9.9946E-05 9.9946E-05
0.148982 0.0138525 0.105406 0.0364405 0.592991 0.00100835 0.10122 9.9991E-05
0.865869 9.99641E-05 0.0483861 9.99641E-05 0.0622055 9.99641E-05 9.99641E-05 0.0231393
9.99461E-05 0.036872 9.99461E-05 9.99461E-05 0.962528 9.99461E-05 9.99461E-05 9.99461E-05
9.994E-05 9.994E-05 9.994E-05 9.994E-05 9.994E-05 9.994E-05 0.9993 9.994E-05
9.995E-05 9.995E-05 0.167358 9.995E-05 9.995E-05 0.428712 9.995E-05 0.40343
0.0859576 9.9964E-05 9.9964E-05 0.182427 0.236712 9.9964E-05 0.494504 9.9964E-05
9.99551E-05 9.99551E-05 0.247465 0.751113 9.99551E-05 0.000922772 9.99551E-05 9.99551E-05
9.99462E-05 0.761139 9.99462E-05 9.99462E-05 9.99462E-05 9.99462E-05 0.238261 9.99462E-05
9.9964E-05 0.878879 0.00170252 0.118242 9.9964E-05 9.9964E-05 0.000776969 9.9964E-05
9.99641E-05 9.99641E-05 0.428961 9.99641E-05 9.99641E-05 0.00473883 0.532033 0.0338678
0.0344675 0.451909 9.9973E-05 0.0387655 0.115586 9.9973E-05 0.358973 9.9973E-05
0.062599 0.238717 9.9964E-05 0.0820528 9.9964E-05 9.9964E-05 9.9964E-05 0.616231
0.840569 9.99461E-05 9.99461E-05 0.158832 9.99461E-05 9.99461E-05 9.99461E-05 9.99461E-05
9.9955E-05 0.192667 9.9955E-05 9.9955E-05 0.673144 9.9955E-05 0.133689 9.9955E-05
0.0510582 9.99461E-05 9.99461E-05 9.99461E-05 9.99461E-05 9.99461E-05 9.99461E-05 0.948342
0.128997 0.0205454 0.747674 9.99641E-05 0.102383 9.99641E-05 9.99641E-05 9.99641E-05
9.994E-05 9.994E-05 9.994E-05 9.994E-05 9.994E-05 0.9993 9.994E-05 9.994E-05
0.0025805 9.99551E-05 0.879997 9.99551E-05 9.99551E-05 0.116923 9.99551E-05 9.99551E-05
0.986679 9.99461E-05 9.99461E-05 9.99461E-05 9.99461E-05 0.0127213 9.99461E-05 9.99461E-05
0.9993 9.994E-05 9.994E-05 9.994E-05 9.994E-05 9.994E-05 9.994E-05 9.994E-05
0.434437 9.9955E-05 9.9955E-05 9.9955E-05 0.495674 9.9955E-05 9.9955E-05 0.0693887
9.99461E-05 9.99461E-05 9.99461E-05 0.993898 0.00550246 9.99461E-05 9.99461E-05 9.99461E-05
9.9946E-05 9.9946E-05 0.0517501 9.9946E-05 9.9946E-05 9.9946E-05 9.9946E-05 0.94765
9.9964E-05 0.00335627 9.9964E-05 0.0230825 9.9964E-05 0.00635558 0.966806 9.9964E-05
9.9955E-05 9.9955E-05 0.47605 0.304184 9.9955E-05 9.9955E-05 0.219265 9.9955E-05
0.00539323 0.0498654 0.424252 0.52009 9.9964E-05 9.9964E-05 9.9964E-05 9.9964E-05
0.760127 0.114481 9.99641E-05 0.123198 9.99641E-05 0.0017945 9.99641E-05 9.99641E-05
9.99461E-05 0.0484211 0.950979 9.99461E-05 9.99461E-05 9.99461E-05 9.99461E-05 9.99461E-05
9.9955E-05 9.9955E-05 0.620066 0.320351 9.9955E-05 0.0590826 9.9955E-05 9.9955E-05
9.99461E-05 9.99461E-05 0.376037 9.99461E-05 9.99461E-05 0.623363 9.99461E-05 9.99461E-05
9.994E-05 0.9993 9.994E-05 9.994E-05 9.994E-05 9.994E-05 9.994E-05 9.994E-05
0.950271 9.9955E-05 9.9955E-05 9.9955E-05 9.9955E-05 0.0302952 0.018934 9.9955E-05
9.99461E-05 0.418201 9.99461E-05 9.99461E-05 0.581199 9.99461E-05 9.99461E-05 9.99461E-05
9.9955E-05 9.9955E-05 9.9955E-05 9.9955E-05 9.9955E-05 0.699885 0.0466994 0.252916
9.9955E-05 0.303845 9.9955E-05 0.318057 9.9955E-05 9.9955E-05 0.377598 9.9955E-05
9.99641E-05 0.0241448 0.528917 0.25775 9.99641E-05 9.99641E-05 0.188788 9.99641E-05
0.0406876 0.670119 9.99641E-05 9.99641E-05 0.234488 9.99641E-05 9.99641E-05 0.0543055
9.9955E-05 0.596959 0.300603 9.9955E-05 9.9955E-05 9.9955E-05 0.101939 9.9955E-05
