9.998E-05 9.998E-05 0.9997 9.998E-05
0.0777295 0.0203009 0.786279 0.115691
0.114217 9.9991E-05 0.868799 0.0168843
0.0925575 9.9991E-05 0.86783 0.0395123
0.0705018 0.0461985 0.851313 0.0319869
0.0500272 0.0321142 0.917759 9.9991E-05
0.0142565 9.9982E-05 0.985544 9.9982E-05
0.0620753 0.00307306 0.875154 0.0596974
0.130587 9.9982E-05 0.869214 9.9982E-05
0.126807 9.9982E-05 0.872993 9.9982E-05
0.113165 9.9991E-05 0.811042 0.0756928
0.0881256 0.0137327 0.823214 0.0749274
0.0387445 0.00831916 0.845448 0.107488
0.173438 0.0734337 0.737551 0.0155771
0.0990702 9.9991E-05 0.858474 0.0423553
0.0857112 9.9982E-05 0.914089 9.9982E-05
9.9982E-05 9.9982E-05 0.989602 0.0101981
9.998E-05 9.998E-05 0.9997 9.998E-05
9.9982E-05 0.0251659 0.974634 9.9982E-05
0.00382346 0.00256506 0.968663 0.0249486
0.767043 9.9991E-05 0.0388633 0.193994
0.639112 0.04213 0.0467013 0.272057
0.654342 0.0453756 0.0336122 0.26667
0.606613 0.140716 0.0236246 0.229046
0.727963 9.9991E-05 0.0133541 0.258583
0.664277 9.9991E-05 0.0207189 0.314904
0.654462 0.0556432 9.9991E-05 0.289795
0.825491 9.9982E-05 9.9982E-05 0.174309
0.698413 9.9982E-05 9.9982E-05 0.301387
0.595564 0.0156939 0.022033 0.366709
0.743866 9.9982E-05 9.9982E-05 0.255934
0.625558 0.126825 9.9991E-05 0.247517
0.676662 9.9991E-05 0.0828769 0.240361
0.648041 9.9982E-05 9.9982E-05 0.351759
0.535737 9.9991E-05 0.0315563 0.432607
0.585313 9.9991E-05 0.0895145 0.325073
0.558675 0.0467814 9.9991E-05 0.394444
0.116826 0.784689 0.00031191 0.0981734
0.0471292 0.79409 9.9991E-05 0.158681
0.0638018 0.79473 0.0259395 0.115529
0.0640156 0.860411 0.0165787 0.0589943
0.00769463 0.877982 0.0179475 0.0963762
0.0419439 0.870407 0.033925 0.0537236
0.182318 0.703322 0.0667825 0.0475776
0.0367417 0.829647 0.0268225 0.106789
0.117765 0.802618 0.0389709 0.0406461
9.9982E-05 0.925704 9.9982E-05 0.0740959
0.00196512 0.913554 0.00815256 0.0763285
9.9982E-05 0.961312 0.0384876 9.9982E-05
0.0630016 0.874136 9.9991E-05 0.0627623
0.0123061 0.92966 0.0251181 0.0329162
0.0459564 0.923905 9.9991E-05 0.0300386
9.9991E-05 0.899997 0.0162781 0.0836252
9.9991E-05 0.854344 0.107523 0.0380334
0.0513105 0.821007 0.0478132 0.0798697
0.0807288 0.799701 0.0202891 0.0992808
0.0937091 0.787344 0.084756 0.034191
0.0722729 0.185815 0.100893 0.641019
0.0429157 9.9991E-05 0.0888362 0.868148
0.10219 0.0965435 0.0763347 0.724932
9.9991E-05 0.170743 0.0660878 0.76307
0.0845274 0.0390646 9.9991E-05 0.876308
0.0733021 0.139219 0.0332143 0.754265
9.9991E-05 0.117571 0.0355875 0.846742
0.0386912 0.0450557 0.00328474 0.912968
0.107025 0.028841 0.147329 0.716805
0.174351 0.0815589 0.0512374 0.692853
0.0846679 0.0275207 0.0425013 0.84531
0.0867843 0.0238088 0.0166715 0.872735
0.110132 9.9991E-05 0.0771555 0.812612
9.9991E-05 0.0849342 0.0427035 0.872262
0.00599991 0.135481 9.9991E-05 0.858419
0.101658 0.0347765 0.02033 0.843235
0.203539 0.0665642 0.0223178 0.707579
0.117288 0.306045 9.9991E-05 0.576567
0.0747202 0.269473 0.0910394 0.564767
9.9991E-05 0.507072 0.110191 0.382636
9.9991E-05 0.135835 0.0111308 0.852935
0.0992986 0.215813 0.0701605 0.614728
0.0281607 0.179198 9.9991E-05 0.792542
0.0162714 0.234893 0.0752938 0.673542
0.117097 0.0253781 0.0611168 0.796408
9.9991E-05 0.127796 0.120357 0.751747
0.249289 0.318655 0.05277 0.379286
0.475158 0.428902 0.0233593 0.0725805
0.262249 0.174614 0.0359648 0.527171
0.0718829 0.186387 0.0487268 0.693004
0.146212 0.218551 0.00734556 0.627891
0.148329 0.0794507 0.0559544 0.716266
9.9991E-05 0.000829647 0.0611461 0.937924
0.0325864 0.204825 0.029451 0.733138
0.0402752 0.162266 0.0154437 0.782015
0.24677 0.00686033 0.14687 0.599499
0.182711 0.0836948 0.0889845 0.644609
0.18951 0.0071161 0.0648485 0.738525
0.169243 0.00704892 0.119255 0.704452
0.176793 0.0629228 0.0884744 0.671809
9.9991E-05 0.153111 0.0819459 0.764843
0.063663 0.0601574 0.0664214 0.809758
9.9991E-05 0.154807 0.0444455 0.800647
0.161658 0.0103523 0.0592581 0.768732
0.13245 0.0585937 0.0294905 0.779466
0.0834241 0.0721989 0.0328304 0.811547
9.9982E-05 9.9982E-05 0.0416125 0.958188
0.173684 0.0463277 0.0879053 0.692083
0.072916 0.0998356 0.0477495 0.779499
0.0656137 0.120939 0.0876942 0.725754
0.0143575 0.232504 0.0575214 0.695617
0.0572254 0.0914213 0.0618667 0.789487
0.140554 0.0165694 0.0713773 0.7715
9.9982E-05 0.216362 9.9982E-05 0.783438
9.9982E-05 9.9982E-05 0.0369651 0.962835
9.9982E-05 0.263402 9.9982E-05 0.736398
0.0908748 0.0411123 0.0528967 0.815116
0.117618 0.0576841 0.0790729 0.745625
0.166909 9.9991E-05 0.104222 0.728769
9.9991E-05 0.0941925 0.080641 0.825067
0.0203191 0.1728 0.0244495 0.782431
0.019057 0.106515 0.0857872 0.788641
0.0705021 0.129122 0.150215 0.65016
0.344752 9.9991E-05 0.0383487 0.616799
0.318284 0.0274659 9.9991E-05 0.65415
0.321108 0.0164512 0.0300312 0.63241
0.317998 9.9991E-05 0.0671151 0.614787
0.329788 0.0210866 0.0218129 0.627312
0.43882 9.9982E-05 9.9982E-05 0.56098
0.401248 0.0473088 0.0160455 0.535398
0.340947 9.9991E-05 0.0627541 0.596198
0.309582 0.177001 0.0124151 0.501002
0.298279 0.0680624 0.0165894 0.617069
0.310423 0.0306436 0.0236967 0.635237
0.807271 0.190111 0.00251822 9.9991E-05
0.751956 0.235446 0.012498 9.9991E-05
0.691097 0.268174 0.0406291 9.9991E-05
0.673647 0.276491 0.0497619 9.9991E-05
0.66921 0.28296 0.0477303 9.9991E-05
0.762466 0.185814 0.00293731 0.0487823
0.763981 0.235819 9.9982E-05 9.9982E-05
0.86153 0.13827 9.9982E-05 9.9982E-05
0.570757 0.287692 0.0647585 0.0767922
0.669474 0.330326 9.9982E-05 9.9982E-05
0.746311 0.235396 0.0181928 9.9991E-05
0.665741 0.298917 0.0352421 9.9991E-05
0.649261 0.267471 0.0174151 0.0658523
0.572795 0.328564 0.0299713 0.0686694
0.738179 0.0955697 0.0781096 0.088142
0.649478 0.183042 0.149623 0.0178569
0.739039 0.260761 9.9982E-05 9.9982E-05
0.738054 0.19487 0.0669758 9.9991E-05
0.783529 0.193576 0.0227956 9.9991E-05
0.730564 0.221734 0.0319809 0.0157211
0.708737 0.126289 0.0850033 0.0799705
0.750995 0.247021 0.00188413 9.9991E-05
0.819174 0.0832666 0.0623224 0.035237
0.756063 0.201057 0.0427796 9.9991E-05
0.779371 0.0706561 0.0669678 0.0830054
0.791741 0.0627417 0.0305572 0.11496
0.710021 0.256674 0.0332048 9.9991E-05
0.646683 0.224099 0.0579391 0.0712794
0.683544 0.168929 0.0837225 0.0638047
0.778909 0.220316 9.9991E-05 0.000675121
0.716424 0.283376 9.9982E-05 9.9982E-05
0.6977 0.245434 0.0472951 0.00957053
0.74003 0.251672 0.00772465 0.000573627
0.820032 0.12539 0.0236503 0.0309277
0.84106 0.122806 0.0360343 9.9991E-05
0.202117 0.732221 0.0655622 9.9991E-05
0.192279 0.651225 0.085632 0.0708639
0.17069 0.604705 0.138348 0.0862572
0.226077 0.602016 0.121974 0.0499336
0.0950153 0.704021 0.0892981 0.111666
0.152082 0.847718 9.9982E-05 9.9982E-05
0.111492 0.882281 9.9991E-05 0.00612662
0.23465 0.649181 0.0997235 0.0164456
