9.9973E-05 0.00184022 9.9973E-05 0.99786 9.9973E-05
0.0219472 0.069006 0.120688 0.761055 0.0273045
0.108675 9.9991E-05 0.0109866 0.833853 0.0463848
0.0870635 9.9991E-05 0.0511888 0.813547 0.048101
0.11713 0.0237729 9.9991E-05 0.839413 0.0195842
0.0954893 0.0100299 9.9991E-05 0.882949 0.0114322
0.0618842 9.9982E-05 9.9982E-05 0.927897 0.0100191
0.0676287 0.0125395 0.052537 0.867195 9.9991E-05
0.122693 0.00460448 0.00981311 0.811734 0.0511551
0.0782084 9.9982E-05 9.9982E-05 0.876023 0.0455684
0.063739 9.9991E-05 0.0854064 0.834269 0.0164852
0.0502796 0.001816 0.0478205 0.774842 0.125242
0.000620139 0.00499572 0.0965134 0.799948 0.0979228
0.132869 9.9991E-05 0.017969 0.749105 0.0999571
0.0990176 9.9991E-05 0.0287624 0.852786 0.0193343
0.0975292 9.9973E-05 9.9973E-05 0.902171 9.9973E-05
9.997E-05 9.997E-05 9.997E-05 0.9996 9.997E-05
9.9973E-05 0.00939664 9.9973E-05 0.990303 9.9973E-05
9.9973E-05 0.0160761 9.9973E-05 0.983624 9.9973E-05
9.999E-05 0.033055 0.00964576 0.954052 0.0031477
9.997E-05 9.997E-05 9.997E-05 9.997E-05 0.9996
0.11477 0.0801697 0.0734394 0.0327465 0.698874
0.041047 0.144081 0.040526 0.051745 0.722601
9.9973E-05 0.224447 9.9973E-05 9.9973E-05 0.775253
9.9982E-05 9.9982E-05 0.0207478 0.00554456 0.973508
9.9982E-05 0.0919918 9.9982E-05 0.0227651 0.885043
0.0545719 0.157986 0.04048 9.9991E-05 0.746862
9.997E-05 9.997E-05 9.997E-05 9.997E-05 0.9996
0.0887181 9.9982E-05 0.0937605 9.9982E-05 0.817321
0.0580055 0.131444 0.1158 9.9991E-05 0.694651
0.196507 9.9982E-05 0.0152849 9.9982E-05 0.788009
0.0524107 0.101168 0.0220792 9.9991E-05 0.824242
0.0116744 0.174987 0.033179 0.045078 0.735081
0.156681 0.00540397 0.180312 9.9991E-05 0.657503
0.0899161 0.0392709 0.200498 0.0396029 0.630712
0.253064 9.9991E-05 0.197121 0.100584 0.449131
0.027152 0.155555 0.153435 0.00249828 0.661359
0.000313414 0.860363 0.0365915 9.9991E-05 0.102632
0.0779621 0.78112 0.140718 9.9982E-05 9.9982E-05
0.0555981 0.762043 0.0890403 0.0638483 0.02947
0.00595872 0.901972 0.0446792 9.9991E-05 0.0472899
9.9982E-05 0.829816 0.0852676 0.0847164 9.9982E-05
9.9991E-05 0.902134 0.0276838 0.0242218 0.0458601
0.206386 0.641749 0.0301588 0.0637977 0.0579085
0.0424438 0.828832 0.0580394 0.0248866 0.0457983
0.0920924 0.810927 9.9991E-05 0.0493502 0.0475302
0.0285945 0.87864 0.0723253 9.9991E-05 0.0203402
9.9982E-05 0.946613 0.00891664 9.9982E-05 0.0442707
9.9973E-05 0.950355 9.9973E-05 0.0493451 9.9973E-05
0.0576774 0.891777 0.0407124 0.00973369 9.9991E-05
0.0728986 0.875893 0.0437379 0.00736999 9.9991E-05
0.0581027 0.918196 9.9982E-05 9.9982E-05 0.0235016
9.9991E-05 0.898995 0.0467471 0.0431629 0.0109948
9.9991E-05 0.842248 0.0135791 0.119297 0.0247764
0.0585844 0.807171 0.0919352 0.0319421 0.0103677
0.0319061 0.824474 0.0313093 0.0312935 0.081017
0.0745199 0.772464 0.0419985 0.0368942 0.0741229
0.119307 0.154394 0.634355 0.0263834 0.0655603
9.9982E-05 9.9982E-05 0.880728 0.0327752 0.0862964
0.138108 0.0255151 0.751681 0.0452895 0.0394059
0.00691447 0.130994 0.829706 0.0114481 0.0209367
0.00286323 0.0567806 0.867926 9.9991E-05 0.0723306
9.9991E-05 0.217751 0.750338 0.0130685 0.0187429
0.0312743 9.9991E-05 0.922783 0.0268919 0.0189504
0.0545371 0.0414328 0.871384 0.0018865 0.0307595
0.125494 0.0355048 0.675085 0.163816 9.9991E-05
0.0323515 0.15703 0.593775 0.0729422 0.143902
0.0255411 0.0531781 0.794101 0.0615203 0.0656599
0.00740457 0.0834323 0.811582 9.9991E-05 0.0974806
0.0275543 9.9991E-05 0.814995 0.049496 0.107855
0.0374077 0.0117848 0.819169 0.0627851 0.0688533
0.0286175 0.108983 0.841832 9.9991E-05 0.0204668
0.0126351 0.00954953 0.852502 9.9991E-05 0.125214
0.162184 0.0230835 0.689166 9.9991E-05 0.125466
0.0174726 0.296492 0.532929 9.9991E-05 0.153007
0.0598043 0.229676 0.579573 0.102301 0.0286463
9.9982E-05 0.527601 0.392723 0.0794768 9.9982E-05
0.0136037 0.0494937 0.936703 9.9982E-05 9.9982E-05
0.0280192 0.188695 0.594881 0.0757181 0.112687
0.0139644 0.167411 0.800416 9.9991E-05 0.0181084
0.00538581 0.142285 0.649686 0.0366658 0.165977
0.031776 0.0448406 0.825366 0.0457397 0.052278
9.9991E-05 0.121295 0.764469 0.0913236 0.0228121
0.29945 0.217862 0.378395 0.0375533 0.0667393
0.589323 0.217165 0.173295 0.0201167 9.9991E-05
0.139366 0.242247 0.460857 0.0480633 0.109467
0.102613 0.117406 0.74099 0.0142082 0.0247826
0.182612 0.133779 0.628147 0.0247313 0.030731
0.0570392 0.120943 0.728173 0.0225616 0.0712826
9.9991E-05 0.0465528 0.882637 0.00503198 0.0656782
9.9991E-05 0.164857 0.732305 0.0662879 0.0364498
0.0720859 0.127462 0.7868 9.9991E-05 0.0135519
0.191936 0.00932472 0.59009 0.0833123 0.125337
0.0433583 0.0998131 0.581558 0.0775145 0.197756
0.178756 9.9991E-05 0.73434 0.00933814 0.0774659
0.0926562 9.9991E-05 0.681051 0.143643 0.0825498
0.188775 0.060124 0.646139 0.0587167 0.0462459
9.9991E-05 0.112832 0.764575 0.0918515 0.0306417
9.9991E-05 0.0862504 0.766378 0.0395288 0.107743
0.0107644 0.172523 0.795694 0.0194278 0.00159092
0.0887693 0.0240628 0.69036 0.053294 0.143514
0.161183 0.00714297 0.760499 0.0108255 0.0603493
0.0329779 0.0709487 0.786568 0.0331268 0.0763781
0.0231355 9.9982E-05 0.971542 0.00512253 9.9982E-05
0.0652153 0.0592667 0.732691 0.0716957 0.0711316
0.0849666 9.9991E-05 0.824294 0.056671 0.0339683
0.106962 0.129934 0.696357 0.0606683 0.00607811
0.00904129 0.23441 0.698191 0.0439383 0.0144189
9.9991E-05 0.167657 0.775369 0.0464877 0.0103865
0.00727483 0.0336312 0.696202 0.0814174 0.181475
9.9973E-05 0.196387 0.803313 9.9973E-05 9.9973E-05
0.0323947 9.9973E-05 0.967305 9.9973E-05 9.9973E-05
9.9973E-05 0.182233 0.817467 9.9973E-05 9.9973E-05
0.187366 9.9982E-05 0.742343 0.0700913 9.9982E-05
0.0353603 0.0441514 0.691354 0.0522111 0.176923
0.0530144 9.9991E-05 0.769735 0.0555558 0.121595
9.9991E-05 0.0874354 0.80713 0.0840518 0.0212828
9.9991E-05 0.128513 0.756572 0.0605588 0.0542561
0.0713942 0.108836 0.777794 0.0418761 9.9991E-05
0.106463 0.0981766 0.679566 0.112945 0.00284896
0.191846 9.9991E-05 0.540689 0.0193152 0.248049
0.200404 0.0909812 0.549056 0.00644275 0.153116
0.113316 0.00957618 0.550132 0.0170279 0.309949
0.19976 9.9991E-05 0.510935 0.0461718 0.243033
0.224529 0.00535516 0.515069 0.00794888 0.247098
0.209468 9.9991E-05 0.492425 0.0175421 0.280465
0.16813 0.0487308 0.507089 0.0306772 0.245374
0.0909592 9.9991E-05 0.537347 0.101019 0.270574
0.139682 0.160285 0.455886 0.0113598 0.232788
0.146687 0.109126 0.476673 0.0152508 0.252263
0.125772 0.02175 0.501817 0.022146 0.328515
0.797354 0.0880559 0.0617909 0.0160865 0.0367126
0.795743 0.0810228 0.033048 0.0373653 0.0528205
0.779362 0.103053 9.9991E-05 0.0340419 0.0834436
0.75272 0.116523 9.9991E-05 0.0883726 0.0422839
0.746596 0.159766 0.0351881 0.0583496 9.9991E-05
0.781446 9.9991E-05 0.0515783 0.0547792 0.112097
0.779213 0.121495 9.9991E-05 0.0242348 0.0749569
0.799842 9.9982E-05 0.0467629 9.9982E-05 0.153195
0.619207 0.098398 0.0795986 0.0978763 0.10492
0.803803 0.136816 9.9991E-05 0.0155507 0.0437298
0.761981 0.126471 9.9991E-05 0.01153 0.0999184
0.810409 0.164414 9.9982E-05 0.0249768 9.9982E-05
0.689209 0.135011 0.0658596 0.0677671 0.0421527
0.651555 0.14208 0.206165 9.9982E-05 9.9982E-05
0.827829 9.9991E-05 0.0852045 0.0452856 0.0415812
0.796717 9.9991E-05 0.0554835 0.141533 0.00616652
0.867763 0.121484 0.00598346 0.0046694 9.9991E-05
0.820501 0.0660415 0.0836958 0.0296616 9.9991E-05
0.798011 0.0874618 9.9991E-05 0.0594829 0.0549441
0.794699 0.126837 9.9991E-05 0.0496728 0.0286908
0.772903 0.0270904 0.0596506 0.107656 0.0327001
0.792141 0.113714 9.9982E-05 9.9982E-05 0.0939453
0.840979 9.9991E-05 0.0881569 0.0494993 0.0212647
0.847159 9.9991E-05 0.0254607 0.0514505 0.0758295
0.797215 9.9991E-05 0.066663 0.1003 0.035722
0.79399 0.0322819 0.00856493 0.051103 0.11406
0.757333 0.0537022 0.00133963 0.0806118 0.107013
0.792371 0.0606055 0.0770251 0.0634552 0.00654302
0.746558 0.0987277 0.0546863 0.0516984 0.0483296
0.81409 0.120141 9.9982E-05 9.9982E-05 0.0655691
0.883483 0.110385 0.00593238 9.9982E-05 9.9982E-05
0.696976 0.150951 9.9991E-05 0.10387 0.048103
0.756686 0.11426 9.9982E-05 9.9982E-05 0.128854
0.886045 9.9982E-05 0.0482043 9.9982E-05 0.0655505
0.850906 9.9982E-05 9.9982E-05 0.0582095 0.0906844
0.181943 0.683754 0.0117121 0.0406273 0.0819633
0.150052 0.617832 0.0704271 0.08256 0.0791292
0.0656351 0.661257 9.9991E-05 0.176422 0.0965859
0.179861 0.55445 0.0334077 0.102974 0.129307
0.130539 0.618521 0.0487407 0.133742 0.0684572
0.104355 0.77352 9.9982E-05 9.9982E-05 0.121924
0.0362813 0.922982 9.9991E-05 0.00169436 0.0389422
0.0146101 0.624799 9.9991E-05 0.091647 0.268844
