9.997E-05 9.997E-05 9.997E-05 0.9996 9.997E-05
0.114194 9.9982E-05 0.141052 0.744553 9.9982E-05
9.9982E-05 0.135181 0.0221242 0.842494 9.9982E-05
0.0162421 0.0964521 0.0662309 0.820975 9.9991E-05
0.0526335 0.0468734 0.0553645 0.845029 9.9991E-05
9.999E-05 0.0112019 0.0515168 0.933486 0.00369492
9.9973E-05 9.9973E-05 0.0670675 0.932633 9.9973E-05
0.0436638 9.9982E-05 0.0894745 0.866662 9.9982E-05
9.9982E-05 9.9982E-05 0.16366 0.827481 0.0086588
9.9982E-05 0.0694156 0.104437 0.825947 9.9982E-05
0.086713 0.020411 0.0884454 0.804331 9.9991E-05
0.0342894 0.0976009 0.0697553 0.783052 0.0153023
0.0986039 0.0620496 0.0120422 0.768605 0.0586994
9.999E-05 0.0945856 0.140997 0.757167 0.00714949
0.0204159 0.0820724 0.0442139 0.853198 9.9991E-05
9.9982E-05 9.9982E-05 0.109311 0.87407 0.0164191
9.997E-05 9.997E-05 9.997E-05 0.9996 9.997E-05
9.9973E-05 9.9973E-05 9.9973E-05 0.985976 0.0137242
9.9973E-05 9.9973E-05 9.9973E-05 0.973837 0.0258629
0.000903053 0.0471126 9.9991E-05 0.951373 0.000511401
9.997E-05 0.9996 9.997E-05 9.997E-05 9.997E-05
0.0663382 0.737269 0.0391408 9.9991E-05 0.157152
0.00433906 0.731524 0.0194104 0.0550481 0.189679
9.9973E-05 0.825313 9.9973E-05 9.9973E-05 0.174387
0.0214238 0.978276 9.9973E-05 9.9973E-05 9.9973E-05
9.9982E-05 0.925453 9.9982E-05 0.0234112 0.0509359
0.00695442 0.789206 0.0353755 9.9991E-05 0.168364
9.997E-05 0.9996 9.997E-05 9.997E-05 9.997E-05
0.0943081 0.779959 0.125533 9.9982E-05 9.9982E-05
0.131275 0.694167 0.0460526 0.00150663 0.126999
0.00413751 0.832574 0.163088 9.9982E-05 9.9982E-05
0.00446648 0.767925 0.075609 0.00180164 0.150198
0.0230661 0.795013 0.0880635 0.0405917 0.0532655
0.186637 0.675681 0.114266 9.9991E-05 0.0233159
0.275057 0.634987 0.066895 0.0229607 9.9991E-05
0.199244 0.49829 0.218606 0.08376 9.9991E-05
0.138052 0.668968 0.0825254 0.0142443 0.0962105
0.0363621 0.109976 0.0137455 0.00114775 0.838769
0.168283 9.9982E-05 0.10334 9.9982E-05 0.728176
0.0591057 0.0625303 0.0819792 0.0256893 0.770696
0.046287 0.0434108 0.0851262 9.9991E-05 0.825076
0.122716 0.0689013 9.9982E-05 9.9982E-05 0.808182
9.9982E-05 0.0738636 9.9982E-05 0.030161 0.895775
0.0162783 0.018112 0.113667 0.0650364 0.786907
0.064664 0.124884 9.9991E-05 0.0339463 0.776406
9.9991E-05 0.04554 0.113485 0.0845147 0.75636
0.0718841 9.9973E-05 9.9973E-05 9.9973E-05 0.927816
9.9982E-05 9.9982E-05 0.0698793 0.0419398 0.887981
9.9973E-05 0.0282174 9.9973E-05 9.9973E-05 0.971483
0.0389013 9.9991E-05 0.106215 0.00170112 0.853082
9.997E-05 9.997E-05 9.997E-05 9.997E-05 0.9996
9.9991E-05 0.089419 0.0464299 0.0115049 0.852546
0.0695719 0.0557603 9.9991E-05 0.0076209 0.866947
9.9982E-05 0.0480924 9.9982E-05 0.0753109 0.876397
0.0670281 9.9991E-05 0.0724072 0.0357676 0.824697
0.116376 0.0739621 0.0216035 0.0409879 0.747071
9.9991E-05 0.0839969 0.00440767 0.0865127 0.824983
0.57657 0.124826 0.108962 0.0542518 0.13539
0.840132 0.0551703 0.00629727 0.0983004 9.9991E-05
0.722282 0.0609863 0.109983 0.050171 0.0565783
0.751659 0.0159152 9.9991E-05 0.0705298 0.161796
0.859494 0.0115962 0.0342285 9.9991E-05 0.0945812
0.706076 0.0400595 9.9991E-05 0.0240462 0.229719
0.792382 0.0490156 9.9991E-05 0.0806482 0.077854
0.821667 9.9991E-05 0.0648112 0.0156456 0.0977758
0.641097 9.9991E-05 0.0979411 0.110894 0.149968
0.604319 0.156373 0.0615928 0.0923534 0.0853612
0.790721 0.108776 0.0228045 0.0201715 0.0575267
0.787379 0.177329 0.0135131 9.9991E-05 0.0216783
0.76582 0.0976684 0.0678857 0.0685264 9.9991E-05
0.844007 0.0760428 0.00884919 0.0627757 0.00832532
0.787948 0.032008 0.0128051 9.9991E-05 0.167139
0.797671 0.123267 0.0584945 0.00984758 0.0107197
0.657529 0.116593 0.166294 9.9991E-05 0.0594839
0.486859 0.144124 9.9991E-05 0.00308187 0.365835
0.503179 0.0832913 0.00186912 0.0762575 0.335403
0.39 9.9982E-05 9.9982E-05 0.0729434 0.536857
0.904568 0.00418017 9.9982E-05 9.9982E-05 0.0910521
0.592747 0.102094 0.0339065 0.051253 0.219999
0.719612 9.9982E-05 0.016245 9.9982E-05 0.263943
0.608818 0.0815948 0.0423151 0.0819678 0.185304
0.709342 0.0634241 0.110364 0.0689424 0.0479272
0.724064 9.9991E-05 0.00781477 0.120561 0.14746
0.35747 0.0763813 0.18934 0.0319892 0.344819
0.0993246 9.9991E-05 0.589902 0.0106202 0.300053
0.434781 0.174927 0.130097 0.0584032 0.201792
0.69867 0.0153312 0.0950723 0.0561433 0.134783
0.576917 0.0227332 0.139514 0.0148292 0.246007
0.688517 0.0627933 0.0751644 9.9991E-05 0.173425
0.85305 0.0871348 9.9991E-05 0.00700763 0.0527075
0.650319 0.0639741 9.9991E-05 0.0517082 0.233899
0.746405 0.0748607 9.9982E-05 9.9982E-05 0.178534
0.62131 0.0940545 0.160329 0.124206 9.9991E-05
0.590742 0.13987 0.0909961 0.0988357 0.0795566
0.685359 0.057728 0.189427 0.0673869 9.9991E-05
0.590499 0.10695 0.178147 0.124304 9.9991E-05
0.594187 0.0225616 0.19142 0.0434746 0.148357
0.666746 0.0231777 9.9991E-05 0.101385 0.208591
0.750225 0.0612665 9.9991E-05 0.0280055 0.160403
0.745188 0.0229314 0.000580763 0.0629025 0.168397
0.663564 0.207967 0.0351031 0.0562458 0.0371204
0.781404 9.99912E-05 0.162153 0.0315846 0.0247583
0.804563 0.0389256 0.0952165 0.0567519 0.00454345
0.9996 9.997E-05 9.997E-05 9.997E-05 9.997E-05
0.699206 0.0519037 0.0675293 0.09339 0.0879711
0.774804 0.0523344 0.0433306 0.0596324 0.0698987
0.766155 0.042282 0.142624 0.035491 0.0134479
0.693307 9.9991E-05 0.0711465 0.0292954 0.206151
0.712792 0.0872964 0.022743 0.0610039 0.116165
0.634931 0.12427 0.0177132 0.0872915 0.135793
0.815645 9.9982E-05 9.9982E-05 0.00387727 0.180278
0.986732 9.9973E-05 9.9973E-05 9.9973E-05 0.0129678
0.798038 9.9973E-05 9.9973E-05 9.9973E-05 0.201662
0.75984 0.0200568 0.104913 0.0676289 0.0475615
0.665153 0.0581601 0.103998 0.0558556 0.116834
0.684636 0.0741109 0.0470558 0.128935 0.0652627
0.686992 0.0535272 9.9991E-05 0.0881792 0.171202
0.685028 0.0797469 9.9991E-05 0.0415824 0.193542
0.763901 0.0203251 0.0688255 0.0637977 0.0831505
0.614797 0.045782 0.123689 0.118786 0.0969465
0.551079 0.231885 0.187638 0.029298 9.9991E-05
0.560152 0.195868 0.198239 9.9991E-05 0.0456408
0.527507 0.332274 0.0754502 0.00501728 0.059752
0.536457 0.297616 0.161937 0.00389068 9.9991E-05
0.508813 0.285552 0.187011 0.0185241 9.9991E-05
0.48822 0.221434 0.290146 9.9982E-05 9.9982E-05
0.438249 0.238914 0.194826 0.0513686 0.0766421
0.498618 0.281236 0.0764988 0.105654 0.0379936
0.409257 0.234484 0.183182 0.00221675 0.17086
0.479964 0.295272 0.092051 9.9991E-05 0.132612
0.464118 0.286461 0.149263 0.0275192 0.0726381
0.00286778 0.0392645 0.791449 0.0443386 0.12208
0.033287 0.0223537 0.853924 0.0254093 0.0650257
0.0670901 0.0616761 0.741913 0.0204781 0.108842
9.9991E-05 0.0453846 0.818227 0.097151 0.0391376
9.9991E-05 0.0262381 0.788245 0.0314369 0.15398
0.0531163 0.0889103 0.779795 0.0191924 0.0589859
9.9982E-05 0.0285704 0.844171 9.9982E-05 0.127059
0.0208258 0.0347581 0.880859 0.00368741 0.0598694
0.103853 0.0989385 0.607171 0.130044 0.0599927
9.9982E-05 0.0102625 0.732204 9.9982E-05 0.257333
9.9991E-05 0.0470528 0.855589 0.0117 0.0855585
9.9982E-05 9.9982E-05 0.792067 0.0641611 0.143572
0.00123215 0.0723847 0.630987 0.0625605 0.232835
0.162103 9.9991E-05 0.657651 0.00733753 0.172808
0.106208 0.0773872 0.746106 0.0607529 0.00954515
0.024176 9.9991E-05 0.837163 0.110141 0.0284202
0.0287321 9.9991E-05 0.883588 0.0114237 0.0761567
0.0832848 9.9991E-05 0.830699 0.0663354 0.0195805
9.9991E-05 0.0190845 0.823435 0.0652148 0.0921653
0.0172144 0.046286 0.779532 0.0284743 0.128493
0.0755771 0.0747166 0.736567 0.113039 9.9991E-05
0.0623325 0.0335379 0.836212 0.00266668 0.0652506
0.105694 0.0381353 0.836253 0.0198177 9.9991E-05
0.0932852 0.0416582 0.837648 0.0273091 9.9991E-05
0.0916046 0.11662 0.752327 0.0393491 9.9991E-05
0.0475536 0.135544 0.709398 0.033436 0.0740693
0.00261693 0.0906176 0.761154 0.0716685 0.0739428
0.125527 0.00509123 0.761766 0.107516 9.9991E-05
0.13561 9.9991E-05 0.789249 0.0350183 0.0400232
0.0569743 0.0556408 0.795488 9.9991E-05 0.0917964
0.000853979 9.9982E-05 0.887018 9.9982E-05 0.111928
9.9991E-05 0.0342081 0.691313 0.0960944 0.178284
9.9982E-05 0.0858626 0.801148 9.9982E-05 0.11279
0.0682303 0.0732503 0.858319 9.9982E-05 9.9982E-05
0.0682043 0.0517178 0.845683 0.0342947 9.9991E-05
0.0149122 0.114495 0.21483 0.0331803 0.622583
0.0515468 0.105414 0.241473 0.0633489 0.538217
0.0670314 0.137059 0.0868658 0.127677 0.581367
0.074288 0.110142 0.123008 0.0883621 0.6042
9.9991E-05 0.12547 0.141398 0.070963 0.662069
0.0270031 0.0989591 0.12958 9.9991E-05 0.744357
9.9982E-05 0.0318701 0.117864 9.9982E-05 0.850066
9.9991E-05 0.261129 0.0490127 0.0932307 0.596528
