9.9973E-05 9.9973E-05 9.9973E-05 0.966719 0.0329811
0.106778 0.0506455 0.0880625 0.750757 0.00375717
0.0984013 0.0717202 9.9982E-05 0.829679 9.9982E-05
0.129474 0.0293896 0.0432895 0.797747 9.9991E-05
0.111029 9.9991E-05 0.0867133 0.784165 0.0179928
0.090416 9.9973E-05 9.9973E-05 0.909284 9.9973E-05
0.0634991 9.9973E-05 9.9973E-05 0.936201 9.9973E-05
0.0757713 0.0154531 0.0155382 0.8876 0.00563709
0.112886 0.0423269 9.9982E-05 0.844587 9.9982E-05
0.100825 0.0373496 9.9982E-05 0.861626 9.9982E-05
0.0781548 0.0785555 0.0679755 0.775214 9.9991E-05
0.00131701 0.184544 0.0392005 0.774839 9.9991E-05
0.0180804 0.118258 0.0602296 0.803332 9.9991E-05
0.0984027 0.0919396 9.9991E-05 0.727667 0.081891
0.0159788 0.0707521 0.0370641 0.876105 9.9991E-05
0.110881 9.9973E-05 9.9973E-05 0.888819 9.9973E-05
9.9973E-05 9.9973E-05 0.00362119 0.996079 9.9973E-05
9.997E-05 9.997E-05 9.997E-05 0.9996 9.997E-05
9.9973E-05 9.9973E-05 9.9973E-05 0.965544 0.0341564
9.9982E-05 0.0188553 9.9982E-05 0.954497 0.0264479
9.997E-05 0.9996 9.997E-05 9.997E-05 9.997E-05
0.0984997 0.728292 0.104092 0.0222392 0.0468779
0.0373987 0.756102 0.0143319 0.0658073 0.12636
9.9973E-05 0.829416 9.9973E-05 9.9973E-05 0.170284
9.9973E-05 0.976769 0.0229308 9.9973E-05 9.9973E-05
9.9991E-05 0.928134 0.0235435 0.0198475 0.0283753
0.0201724 0.842635 0.0172155 9.9991E-05 0.119877
9.997E-05 0.9996 9.997E-05 9.997E-05 9.997E-05
0.0756332 0.80156 0.122606 9.9982E-05 9.9982E-05
0.013116 0.673702 0.161526 0.0200183 0.131638
0.124035 0.796083 0.0745222 0.00525984 9.99958E-05
0.058842 0.689167 9.9982E-05 9.9982E-05 0.251791
0.0484861 0.748729 9.9991E-05 0.0806407 0.122044
0.166538 0.620865 0.196602 0.0112795 0.00471534
0.0747793 0.615532 0.280045 0.0107415 0.0189021
0.222507 0.478587 0.231112 0.062067 0.0057266
9.9982E-05 0.655899 0.172199 9.9982E-05 0.171702
9.9982E-05 0.0835483 0.102836 9.9982E-05 0.813416
0.0795998 9.9982E-05 0.125955 9.9982E-05 0.794246
0.0778037 9.9982E-05 0.10661 9.9982E-05 0.815387
0.109588 0.0864132 0.0189679 0.0196545 0.765376
0.0225296 9.9991E-05 0.0561766 0.0395916 0.881602
0.031887 0.00349912 0.0580564 0.0333732 0.873184
0.164023 9.9982E-05 9.9982E-05 0.0643801 0.771396
0.0305818 0.0235878 0.0352206 9.9991E-05 0.91051
0.112831 0.0523874 9.9991E-05 0.0658085 0.768873
0.0112641 9.9982E-05 0.0984712 9.9982E-05 0.890065
0.0545781 9.9991E-05 0.00554006 0.0480213 0.89176
9.9982E-05 0.00348218 9.9982E-05 0.0247306 0.971587
0.078486 0.000568192 0.0148748 0.0487112 0.85736
0.0138243 9.9991E-05 0.0197611 0.0213166 0.944998
0.0238189 0.0178899 9.9982E-05 9.9982E-05 0.958091
9.9982E-05 9.9982E-05 0.0565804 0.013175 0.930045
0.00386504 0.0483126 9.9991E-05 0.130593 0.81713
0.0333835 0.0156607 0.00157836 0.0476884 0.901689
0.0683884 0.051784 0.0568981 0.00668417 0.816245
0.0394449 0.0944797 0.00793958 0.0763427 0.781793
0.115331 0.0674744 0.591851 0.0477052 0.177638
0.0246493 9.9982E-05 0.875862 0.0992883 9.9982E-05
0.0615403 0.0398537 0.75568 0.057263 0.0856634
9.9991E-05 0.0442408 0.785341 0.0357465 0.134572
0.0456085 0.0557377 0.837674 9.9991E-05 0.0608798
9.9991E-05 0.0603961 0.683325 0.0488072 0.207372
0.00781701 0.062096 0.792977 0.0137689 0.123341
0.0782424 9.9982E-05 0.86299 9.9982E-05 0.0585678
0.124352 9.9991E-05 0.754908 0.110916 0.00972479
9.9991E-05 0.208478 0.659 0.0463176 0.0861047
0.0253404 0.0860857 0.746537 0.0718827 0.0701545
9.9982E-05 0.212437 0.779456 0.00790654 9.9982E-05
9.9982E-05 0.105806 0.796847 0.0971473 9.9982E-05
9.9991E-05 0.0617167 0.827248 0.0548432 0.0560926
9.9991E-05 0.0789935 0.797452 0.0316175 0.0918371
0.0282939 0.0810748 0.763106 0.0585266 0.0689988
0.111615 0.127813 0.670545 9.9991E-05 0.0899266
0.0204501 0.125346 0.489957 0.00740836 0.356838
0.0745477 0.0528171 0.59427 0.0513231 0.227042
9.9982E-05 9.9982E-05 0.349992 0.067635 0.582173
9.9973E-05 9.9973E-05 0.841797 9.9973E-05 0.157904
0.000623314 0.0415382 0.586123 0.0813882 0.290327
0.0859188 9.9982E-05 0.748333 9.9982E-05 0.165548
0.0421711 0.095989 0.617155 0.0434538 0.201231
0.0244739 0.119745 0.740233 0.0498058 0.0657421
0.0055794 9.9991E-05 0.779156 0.111314 0.103851
0.221604 0.0925017 0.316859 0.0464046 0.32263
0.641809 9.9991E-05 0.0940791 0.0144515 0.249561
0.127496 0.0881381 0.461839 0.0808731 0.241654
0.0844859 0.0160339 0.704331 0.00971033 0.185439
0.128548 9.9991E-05 0.641595 0.0262396 0.203517
0.0198484 0.0831532 0.739037 0.0332061 0.124755
0.00414834 0.0212522 0.924277 0.0189023 0.0314203
9.9991E-05 0.10749 0.676546 0.0149118 0.200952
9.9973E-05 9.9973E-05 0.718114 9.9973E-05 0.281586
0.214305 0.091319 0.601339 0.0929363 9.9991E-05
0.130951 0.132623 0.595885 0.11033 0.0302119
0.164637 0.0537437 0.732337 0.0470907 0.0021925
0.13179 0.118019 0.656923 0.093168 9.9991E-05
0.139256 0.0346624 0.631135 0.0798557 0.115091
0.032293 0.0135989 0.7313 0.105282 0.117527
9.9991E-05 0.0626405 0.712256 0.017448 0.207555
9.9982E-05 0.0216617 0.758627 9.9982E-05 0.219512
0.0521924 0.150962 0.704039 0.0306229 0.0621843
0.095575 0.0607087 0.774066 0.0695508 9.9991E-05
0.109298 0.0869064 0.797854 9.9991E-05 0.00584114
9.9973E-05 9.9973E-05 0.977218 0.0224823 9.9973E-05
0.0970155 0.0687842 0.735496 0.0690913 0.0296125
0.0145717 0.0410934 0.820612 0.0569974 0.0667256
0.147454 0.0276913 0.735139 0.0494601 0.0402559
0.0243912 9.9991E-05 0.711157 0.0288704 0.235482
0.0439135 0.0832842 0.709173 0.064403 0.0992266
9.9991E-05 0.110162 0.63295 0.10178 0.155007
9.9982E-05 9.9982E-05 0.7522 0.0272168 0.220383
9.9973E-05 9.9973E-05 0.980204 0.0194964 9.9973E-05
9.9973E-05 9.9973E-05 0.73792 9.9973E-05 0.26178
0.17917 0.0267585 0.705211 0.0552023 0.0336577
0.12234 0.071905 0.65641 0.0287278 0.120617
0.103428 0.0961982 0.721163 0.0791108 9.9991E-05
9.9991E-05 0.0844817 0.761718 0.0678468 0.0858532
9.9991E-05 0.0279562 0.702756 0.0777008 0.191487
0.0926922 0.038792 0.793409 0.0729016 0.00220487
0.0392963 0.0522492 0.622227 0.132985 0.153242
0.20289 0.19807 0.570896 0.0280445 9.9991E-05
0.255109 0.105546 0.633116 9.9991E-05 0.0061294
0.082026 0.259376 0.624513 9.9991E-05 0.0339855
0.172229 0.263908 0.544661 0.0191023 9.9991E-05
0.191124 0.264891 0.502441 9.9991E-05 0.0414441
0.220929 0.280813 0.466264 0.0318932 9.9991E-05
0.265822 0.248816 0.400885 0.0380269 0.0464502
0.0969833 0.241373 0.549236 0.112308 9.9991E-05
0.191328 0.216299 0.465218 0.00287103 0.124283
0.190747 0.150084 0.541042 9.9991E-05 0.118027
0.159022 0.280387 0.555908 9.9991E-05 0.00458253
0.84259 0.069735 0.0806339 0.00197069 0.00507
0.764748 0.0520316 0.0745426 0.0202818 0.0883959
0.746578 0.0869819 0.0692981 0.0153872 0.0817547
0.771678 0.0604374 9.9991E-05 0.0528051 0.114979
0.79523 0.0109774 0.00619191 0.0373632 0.150238
0.743035 0.100342 0.0770325 0.0599675 0.0196232
0.801183 0.0387922 9.9991E-05 0.0185533 0.141371
0.73578 0.131587 0.00712783 0.000690139 0.124815
0.549717 0.0960634 0.171282 0.00844359 0.174495
0.742557 0.029844 9.9982E-05 9.9982E-05 0.227399
0.765543 0.0666913 9.9991E-05 0.0385436 0.129122
0.791064 9.9982E-05 9.9982E-05 0.0593057 0.14943
0.680257 0.0192085 0.109065 0.0145259 0.176944
0.574903 9.9991E-05 0.185704 0.0364549 0.202838
0.779418 0.0801671 0.108032 0.0322827 9.9991E-05
0.775112 9.9982E-05 0.0762169 0.148472 9.9982E-05
0.845937 0.0228451 0.0358807 0.00280624 0.0925308
0.798851 9.9991E-05 0.0303782 0.111861 0.0588098
0.86209 0.0371761 9.9991E-05 0.0509323 0.0497012
0.784821 0.0515303 0.0536765 9.9991E-05 0.109873
0.731737 0.0404066 0.0963077 0.0946824 0.0368665
0.76188 0.0848476 0.0799556 9.9991E-05 0.0732166
0.866651 9.9982E-05 0.100675 0.032474 9.9982E-05
0.768493 0.0521018 0.11225 0.0527517 0.0144034
0.772851 0.0740138 0.10421 0.048825 9.9991E-05
0.778697 0.0918444 0.113785 0.0155744 9.9991E-05
0.778938 0.0580478 9.9991E-05 0.0645011 0.0984132
0.748663 0.0385359 0.0962453 0.0823682 0.0341871
0.718254 0.0512546 0.132771 0.060484 0.037236
0.867172 0.0976918 0.0184217 9.9991E-05 0.016615
0.845861 9.9973E-05 9.9973E-05 9.9973E-05 0.153839
0.692616 0.0191704 0.0316135 0.0705862 0.186014
0.708428 0.132582 0.0255123 9.9991E-05 0.133378
0.875436 0.011704 0.067258 0.0307239 0.014878
0.822895 0.106217 0.0035302 0.0672571 9.9991E-05
0.255144 0.0629671 0.00443766 0.0565597 0.620891
0.245102 0.118368 0.0272506 0.0274192 0.58186
0.105032 0.0958483 0.0648522 0.182025 0.552243
0.142145 0.0626139 0.0938588 0.112487 0.588896
0.104064 0.104742 0.00817908 0.128128 0.654887
0.134523 0.111216 0.0125273 9.9991E-05 0.741634
0.126346 0.055215 9.9982E-05 9.9982E-05 0.81824
0.0914805 0.18942 9.9991E-05 0.100388 0.618612
