9.9982E-05 0.0131617 0.969872 0.0167665 9.9982E-05
0.0521992 0.0793817 0.769389 0.0862614 0.0127686
0.0295084 9.9982E-05 0.819419 9.9982E-05 0.150872
9.9982E-05 9.9982E-05 0.837073 0.0646351 0.0980917
0.0220576 0.042079 0.826786 0.108977 9.9991E-05
9.9973E-05 9.9973E-05 0.932193 0.0675074 9.9973E-05
9.9973E-05 9.9973E-05 0.905259 0.0944408 9.9973E-05
0.0858687 0.00991621 0.84389 0.0380771 0.0222478
9.9982E-05 0.0097655 0.825335 0.164699 9.9982E-05
0.00382949 0.0357673 0.889495 0.0446921 0.0262165
9.999E-05 0.0426297 0.812192 0.134438 0.0106402
9.999E-05 0.0617278 0.779953 0.0410173 0.117202
0.0318336 0.0822842 0.783368 0.0453949 0.057119
0.029919 0.0594342 0.718252 0.11299 0.0794047
0.0256889 9.9991E-05 0.852382 0.0528129 0.0690162
9.9973E-05 9.9973E-05 0.893434 0.106266 9.9973E-05
9.997E-05 9.997E-05 0.9996 9.997E-05 9.997E-05
0.0128651 9.9973E-05 0.986835 9.9973E-05 9.9973E-05
0.0283853 9.9973E-05 0.971315 9.9973E-05 9.9973E-05
9.9982E-05 0.0361766 0.945164 9.9982E-05 0.0184599
9.997E-05 9.997E-05 9.997E-05 9.997E-05 0.9996
0.0689667 0.104846 0.028564 0.0616908 0.735932
0.163726 0.0501625 0.0252075 0.0471914 0.713713
0.151837 9.9973E-05 9.9973E-05 9.9973E-05 0.847864
9.9982E-05 0.0417181 0.00911523 9.9982E-05 0.948967
0.0178158 0.048731 0.0205094 9.9991E-05 0.912844
0.109696 0.018618 9.9991E-05 0.0939946 0.777591
9.997E-05 9.997E-05 9.997E-05 9.997E-05 0.9996
9.9991E-05 0.0701311 0.0151543 0.088438 0.826177
0.0902721 0.11508 0.00948151 0.118716 0.666451
9.9982E-05 0.0872291 9.9982E-05 0.18526 0.727311
0.119059 9.9991E-05 0.00487681 0.0702045 0.80576
0.0869488 9.9991E-05 0.0645283 0.0714609 0.776962
9.9982E-05 0.184474 9.9982E-05 0.166224 0.649102
0.0600066 0.232263 0.0583937 0.0647608 0.584576
0.0459543 0.158518 0.100097 0.216572 0.478858
0.0933854 0.179688 0.00595078 0.0746733 0.646303
0.77931 0.101644 0.00309496 0.0611037 0.054848
0.735913 0.185385 9.9982E-05 0.0785025 9.9982E-05
0.756988 0.100514 0.0424103 0.0731042 0.0269836
0.854259 0.0351578 9.9991E-05 0.0852792 0.0252044
0.852174 0.0566501 0.0351736 9.9991E-05 0.0559023
0.886081 0.0217586 0.0385171 0.0535436 9.9991E-05
0.745369 9.9991E-05 0.0788057 0.159627 0.0160992
0.836782 0.0742214 9.9991E-05 0.0427578 0.0461392
0.756928 9.9991E-05 0.0867108 0.0825268 0.0737348
0.880097 0.0707502 9.9982E-05 0.0489529 9.9982E-05
0.957362 9.9982E-05 0.0113933 9.9982E-05 0.031045
0.94285 9.9982E-05 0.0201873 9.9982E-05 0.0367631
0.796818 0.0433647 0.0469091 0.112808 9.9991E-05
0.927796 0.0418284 9.9982E-05 0.0301761 9.9982E-05
0.94248 9.9982E-05 9.9982E-05 0.024694 0.0326262
0.874684 0.0638385 0.0315096 9.9991E-05 0.0298681
0.867313 0.0352575 0.0777194 9.9991E-05 0.0196105
0.861626 0.0369688 0.0184659 0.0828397 9.9991E-05
0.803851 0.0711574 9.9991E-05 0.0654963 0.0593951
0.754973 0.00452031 0.0915215 0.0725803 0.0764048
0.247235 0.598194 0.0258584 0.0393961 0.089317
0.0145778 0.835108 0.0928318 9.9991E-05 0.0573819
0.04339 0.773454 0.0107376 0.107119 0.0652995
0.161803 0.797108 0.040889 9.9982E-05 9.9982E-05
0.0285964 0.857476 9.9991E-05 0.0975623 0.0162651
0.189741 0.744465 0.0339694 0.00568114 0.0261434
0.0508323 0.873692 0.0138941 0.0276748 0.0339073
0.0974176 0.851653 0.0186593 0.00191617 0.030354
0.128758 0.640357 0.103662 0.127123 9.9991E-05
0.101808 0.631886 0.0783666 0.0242168 0.163723
0.0492003 0.770701 0.0522644 0.0101638 0.11767
9.9973E-05 0.867502 9.9973E-05 9.9973E-05 0.132198
9.9991E-05 0.788157 0.0705073 0.019234 0.122002
0.0587913 0.839966 0.0440108 0.0258826 0.0313496
0.128041 0.808448 0.0300315 0.0281699 0.00530975
0.0719882 0.823208 0.0323979 0.0288185 0.0435879
0.068556 0.663088 9.9991E-05 0.104148 0.164108
0.350054 0.512279 9.9982E-05 9.9982E-05 0.137467
0.301698 0.570932 0.0738631 0.0216727 0.0318345
0.533065 0.387758 0.0789765 9.9982E-05 9.9982E-05
0.0701075 0.929593 9.9973E-05 9.9973E-05 9.9973E-05
0.246075 0.513716 0.096311 0.0419678 0.101931
0.238839 0.735036 9.9982E-05 0.0259243 9.9982E-05
0.186657 0.62962 0.0540855 0.0311731 0.0984647
0.0957319 0.73341 0.0497259 0.0160795 0.105053
0.0996438 0.785727 0.114429 9.9982E-05 9.9982E-05
0.277709 0.345071 0.054506 0.234543 0.088171
0.26566 0.146121 0.00576981 0.582349 9.9991E-05
0.232137 0.469997 0.0185126 0.193133 0.0862204
0.142603 0.692816 0.067548 0.0562456 0.040787
0.0921813 0.629739 0.021715 0.213556 0.0428088
0.0760494 0.73471 0.0343658 0.0955303 0.0593447
9.9982E-05 0.900628 0.0354375 9.9982E-05 0.0637343
0.11156 0.767079 0.030878 0.0123641 0.0781193
0.142381 0.719893 9.9991E-05 0.0557059 0.0819201
0.0533295 0.588319 0.10322 0.139942 0.11519
0.0894013 0.546611 0.100676 0.104151 0.159161
9.9991E-05 0.731663 0.0546972 0.169697 0.0438425
9.9991E-05 0.648555 0.094299 0.172658 0.0843882
0.0823827 0.626379 0.0761537 0.214985 9.9991E-05
0.177953 0.706949 0.0923707 9.9991E-05 0.0226273
0.0658695 0.78316 0.0262173 9.9991E-05 0.124653
0.132781 0.720802 0.068478 0.0778383 9.9991E-05
0.0349552 0.668566 0.0533808 0.0880695 0.155029
9.9991E-05 0.768211 0.063195 0.14283 0.0256639
9.9991E-05 0.858426 0.0605603 0.0420313 0.038882
9.9973E-05 0.957447 0.0422532 9.9973E-05 9.9973E-05
9.9991E-05 0.72938 0.0777229 0.136472 0.0563249
0.029252 0.773129 0.0302289 0.0802863 0.0871037
0.0574887 0.74204 0.0714464 0.121393 0.00763192
0.198378 0.745579 9.9982E-05 0.0558431 9.9982E-05
0.138167 0.768905 0.0393374 0.000326065 0.0532651
0.000598475 0.738342 0.0754911 0.0258665 0.159702
0.235527 0.764173 9.9973E-05 9.9973E-05 9.9973E-05
9.9982E-05 0.938025 0.0134796 0.0482952 9.9982E-05
0.210308 0.789392 9.9973E-05 9.9973E-05 9.9973E-05
0.0956545 0.742705 0.0350257 0.0881821 0.0384332
0.076339 0.688046 0.069011 0.0259299 0.140674
9.9991E-05 0.73031 0.129946 0.0507747 0.0888686
0.0991598 0.754965 0.0849545 9.9991E-05 0.0608204
0.108113 0.705368 0.0495211 0.029046 0.107952
0.00029387 0.791761 0.0786224 0.107271 0.0220518
0.0773525 0.635578 0.105555 0.162963 0.0185509
9.9991E-05 0.519441 0.02904 0.207585 0.243835
0.0218857 0.632844 0.0108846 0.257762 0.0766238
0.0376436 0.591644 9.9991E-05 0.129364 0.241249
9.9991E-05 0.562693 0.0351232 0.142204 0.259879
9.9982E-05 0.558002 9.9982E-05 0.221387 0.220411
0.015393 0.481203 9.9991E-05 0.306027 0.197277
0.000666314 0.47223 0.0297703 0.279223 0.218111
0.0124139 0.509808 0.0886694 0.0996095 0.2895
0.0501604 0.518944 0.0162164 0.211605 0.203074
0.101025 0.517473 0.00655472 0.0966356 0.278312
0.0634735 0.5128 0.0112028 0.148179 0.264345
0.0790836 0.0493543 9.9991E-05 0.816283 0.0551794
0.0841848 0.0399467 0.00198675 0.852175 0.0217068
0.088978 0.0181139 0.0608806 0.732244 0.0997835
0.123773 9.9991E-05 0.0542463 0.768097 0.0537838
0.0996641 0.0267578 0.0549553 0.759393 0.0592302
9.9991E-05 0.0232244 0.0321542 0.811079 0.133442
0.143809 9.9991E-05 0.0353649 0.756923 0.0638025
9.9982E-05 0.0155762 9.9982E-05 0.85046 0.133763
0.163603 0.113036 0.0873833 0.567913 0.0680638
0.225147 9.9991E-05 0.00712836 0.74149 0.0261342
0.0634267 9.9991E-05 0.00800759 0.807379 0.121087
0.099059 9.9982E-05 0.0219604 0.878781 9.9982E-05
0.215471 0.0130914 0.032338 0.695797 0.0433025
0.170961 0.177053 9.9982E-05 0.651787 9.9982E-05
9.9991E-05 0.162688 0.0279427 0.705027 0.104241
0.0435726 0.0414213 0.137287 0.777619 9.9991E-05
0.0369611 0.0844339 9.9982E-05 0.878405 9.9982E-05
0.0225739 0.0898034 0.0779213 0.809601 9.9991E-05
0.0542147 9.9991E-05 0.0772499 0.810923 0.0575128
0.126833 0.0280177 0.0178844 0.788625 0.0386403
0.0026566 0.101435 0.0764874 0.766702 0.0527191
0.00222076 0.0901808 0.012364 0.827975 0.0672599
9.9991E-05 0.107246 0.0238318 0.822517 0.0463058
0.0250355 0.0719395 0.0386801 0.841436 0.0229091
9.9991E-05 0.0629057 0.104447 0.73451 0.0980376
0.0260898 0.0722021 0.0455457 0.728521 0.127641
0.0737249 9.9991E-05 0.0526002 0.771474 0.102101
0.0953409 0.0265316 0.101007 0.777021 9.9991E-05
0.0968028 0.0538673 0.0542737 0.726844 0.0682116
0.152346 0.0368372 9.9991E-05 0.763718 0.0469992
0.174384 0.0190772 9.9991E-05 0.802262 0.00417697
0.158902 9.9991E-05 0.065848 0.735519 0.0396317
0.12497 0.00687798 9.9991E-05 0.807991 0.0600607
9.9982E-05 0.0846933 9.9982E-05 0.868632 0.0464749
0.00456877 0.0439648 0.0522867 0.834509 0.0646703
0.699959 9.9991E-05 0.0530099 0.184606 0.062325
0.633645 0.0537095 0.0378736 0.106321 0.168451
0.605357 0.0897712 0.128473 0.0827085 0.0936904
0.596773 0.0415054 0.10814 0.187406 0.0661757
0.693177 0.0600717 0.0840635 0.0774263 0.0852612
0.788726 9.9982E-05 9.9982E-05 0.0617679 0.149306
0.80067 9.9991E-05 0.00763556 0.126552 0.0650419
0.629801 9.9991E-05 0.122884 0.0445793 0.202635
