0.668638 9.99461E-05 0.0763788 9.99461E-05 9.99461E-05 9.99461E-05 0.228508 0.0258758 9.99461E-05 9.99461E-05
0.83762 0.158949 9.9937E-05 9.9937E-05 9.9937E-05 0.0027305 9.9937E-05 9.9937E-05 9.9937E-05 9.9937E-05
0.431649 9.9928E-05 0.567551 9.9928E-05 9.9928E-05 9.9928E-05 9.9928E-05 9.9928E-05 9.9928E-05 9.9928E-05
9.99282E-05 0.97327 9.99282E-05 9.99282E-05 9.99282E-05 0.0259301 9.99282E-05 9.99282E-05 9.99282E-05 9.99282E-05
9.99281E-05 9.99281E-05 0.0687555 9.99281E-05 0.930445 9.99281E-05 9.99281E-05 9.99281E-05 9.99281E-05 9.99281E-05
9.99371E-05 9.99371E-05 0.0265824 0.0534342 9.99371E-05 0.919284 9.99371E-05 9.99371E-05 9.99371E-05 9.99371E-05
9.9955E-05 9.9955E-05 0.199456 0.262988 0.00988859 9.9955E-05 0.305914 0.221253 9.9955E-05 9.9955E-05
0.795437 0.0489035 0.0332331 0.107857 9.99551E-05 0.0140704 9.99551E-05 9.99551E-05 9.99551E-05 9.99551E-05
9.99282E-05 9.99282E-05 9.99282E-05 9.99282E-05 9.99282E-05 0.394825 9.99282E-05 0.604376 9.99282E-05 9.99282E-05
9.99371E-05 9.99371E-05 9.99371E-05 0.110106 0.854001 9.99371E-05 0.0351932 9.99371E-05 9.99371E-05 9.99371E-05
9.99201E-05 9.99201E-05 9.99201E-05 0.999101 9.99201E-05 9.99201E-05 9.99201E-05 9.99201E-05 9.99201E-05 9.99201E-05
0.60638 9.9928E-05 9.9928E-05 9.9928E-05 9.9928E-05 9.9928E-05 9.9928E-05 9.9928E-05 9.9928E-05 0.392821
0.0114628 9.996E-05 9.996E-05 0.00692342 0.536531 9.996E-05 0.194858 0.194834 9.996E-05 0.0549911
9.99281E-05 0.0308374 9.99281E-05 9.99281E-05 9.99281E-05 9.99281E-05 0.968363 9.99281E-05 9.99281E-05 9.99281E-05
9.99282E-05 9.99282E-05 9.99282E-05 9.99282E-05 0.974364 0.0248363 9.99282E-05 9.99282E-05 9.99282E-05 9.99282E-05
9.99201E-05 9.99201E-05 9.99201E-05 9.99201E-05 9.99201E-05 9.99201E-05 9.99201E-05 0.999101 9.99201E-05 9.99201E-05
0.169881 0.13173 0.058669 9.9946E-05 9.9946E-05 9.9946E-05 9.9946E-05 9.9946E-05 9.9946E-05 0.639121
9.9946E-05 9.9946E-05 9.9946E-05 0.190987 0.166503 0.0632472 9.9946E-05 0.578663 9.9946E-05 9.9946E-05
0.0375 0.0229235 9.99371E-05 9.99371E-05 9.99371E-05 0.938877 9.99371E-05 9.99371E-05 9.99371E-05 9.99371E-05
9.99201E-05 9.99201E-05 9.99201E-05 9.99201E-05 9.99201E-05 9.99201E-05 9.99201E-05 9.99201E-05 0.999101 9.99201E-05
0.0555994 9.9955E-05 0.0629956 9.9955E-05 9.9955E-05 0.0548531 9.9955E-05 0.153569 0.672483 9.9955E-05
9.99281E-05 9.99281E-05 9.99281E-05 9.99281E-05 9.99281E-05 9.99281E-05 9.99281E-05 0.526456 9.99281E-05 0.472745
9.9946E-05 9.9946E-05 9.9946E-05 9.9946E-05 0.188998 9.9946E-05 0.068247 0.53666 0.205496 9.9946E-05
9.9955E-05 0.65182 0.00105191 0.143123 9.9955E-05 0.0187745 9.9955E-05 9.9955E-05 0.184731 9.9955E-05
9.9937E-05 9.9937E-05 0.940807 9.9937E-05 9.9937E-05 0.0465329 9.9937E-05 9.9937E-05 0.011961 9.9937E-05
9.9937E-05 9.9937E-05 9.9937E-05 9.9937E-05 0.782524 9.9937E-05 9.9937E-05 0.0306002 0.186176 9.9937E-05
9.99201E-05 0.999101 9.99201E-05 9.99201E-05 9.99201E-05 9.99201E-05 9.99201E-05 9.99201E-05 9.99201E-05 9.99201E-05
9.99551E-05 9.99551E-05 9.99551E-05 0.017803 0.172138 9.99551E-05 0.0477743 0.114191 9.99551E-05 0.647594
0.999101 9.99201E-05 9.99201E-05 9.99201E-05 9.99201E-05 9.99201E-05 9.99201E-05 9.99201E-05 9.99201E-05 9.99201E-05
0.0221568 9.99372E-05 9.99372E-05 9.99372E-05 9.99372E-05 9.99372E-05 9.99372E-05 0.0364199 9.99372E-05 0.940724
9.99201E-05 9.99201E-05 9.99201E-05 9.99201E-05 9.99201E-05 9.99201E-05 0.999101 9.99201E-05 9.99201E-05 9.99201E-05
9.99201E-05 9.99201E-05 0.999101 9.99201E-05 9.99201E-05 9.99201E-05 9.99201E-05 9.99201E-05 9.99201E-05 9.99201E-05
9.9937E-05 9.9937E-05 9.9937E-05 0.11335 0.356566 9.9937E-05 0.529384 9.9937E-05 9.9937E-05 9.9937E-05
9.99282E-05 9.99282E-05 9.99282E-05 9.99282E-05 9.99282E-05 0.954749 0.0444514 9.99282E-05 9.99282E-05 9.99282E-05
0.0109316 0.701374 9.99371E-05 9.99371E-05 9.99371E-05 9.99371E-05 9.99371E-05 9.99371E-05 9.99371E-05 0.286994
0.043115 9.99371E-05 9.99371E-05 9.99371E-05 9.99371E-05 9.99371E-05 9.99371E-05 0.903259 0.052926 9.99371E-05
0.00750102 9.99551E-05 9.99551E-05 9.99551E-05 9.99551E-05 0.619184 9.99551E-05 0.0947445 0.105561 0.17251
9.99371E-05 9.99371E-05 9.99371E-05 9.99371E-05 9.99371E-05 0.65146 9.99371E-05 0.0834291 9.99371E-05 0.264412
0.0078123 9.9937E-05 9.9937E-05 0.929231 9.9937E-05 0.0622566 9.9937E-05 9.9937E-05 9.9937E-05 9.9937E-05
9.99372E-05 9.99372E-05 9.99372E-05 9.99372E-05 9.99372E-05 0.0683574 9.99372E-05 9.99372E-05 0.117797 0.813146
9.99346E-05 9.99346E-05 9.99346E-05 9.99346E-05 9.99346E-05 0.308749 9.99346E-05 9.99346E-05 9.99346E-05 0.690451
0.369457 9.9928E-05 9.9928E-05 9.9928E-05 9.9928E-05 9.9928E-05 9.9928E-05 9.9928E-05 9.9928E-05 0.629743
9.99201E-05 9.99201E-05 9.99201E-05 9.99201E-05 9.99201E-05 9.99201E-05 9.99201E-05 9.99201E-05 0.999101 9.99201E-05
9.99281E-05 9.99281E-05 0.466113 9.99281E-05 9.99281E-05 9.99281E-05 0.533088 9.99281E-05 9.99281E-05 9.99281E-05
9.99372E-05 9.99372E-05 9.99372E-05 9.99372E-05 0.830856 9.99372E-05 0.0155604 9.99372E-05 0.152884 9.99372E-05
0.714782 0.121378 9.99461E-05 9.99461E-05 9.99461E-05 9.99461E-05 0.0261543 9.99461E-05 9.99461E-05 0.137086
9.99371E-05 9.99371E-05 9.99371E-05 9.99371E-05 9.99371E-05 0.203485 9.99371E-05 0.463724 0.332092 9.99371E-05
9.99284E-05 9.99284E-05 9.99284E-05 9.99284E-05 9.99284E-05 0.879574 9.99284E-05 0.119627 9.99284E-05 9.99284E-05
9.99461E-05 9.99461E-05 0.134389 0.211291 0.0953965 9.99461E-05 9.99461E-05 9.99461E-05 0.558324 9.99461E-05
9.99371E-05 9.99371E-05 9.99371E-05 9.99371E-05 9.99371E-05 0.169314 9.99371E-05 9.99371E-05 0.791928 0.0380587
