9.98469E-05 9.98469E-05 9.98469E-05 9.98469E-05 9.98469E-05 9.98469E-05 9.98469E-05 9.98469E-05 9.98469E-05 9.98469E-05 9.98469E-05 0.998303 9.98469E-05 9.98469E-05 9.98469E-05 9.98469E-05 9.98469E-05 9.98469E-05
9.9928E-05 9.9928E-05 9.9928E-05 0.0600909 0.0110599 9.9928E-05 0.00775478 9.9928E-05 9.9928E-05 0.0179588 0.00829839 9.9928E-05 0.0202315 0.00223153 9.9928E-05 0.0198114 0.787424 0.0643399
9.9892E-05 9.9892E-05 9.9892E-05 9.9892E-05 0.0147661 9.9892E-05 0.015243 9.9892E-05 9.9892E-05 9.9892E-05 9.9892E-05 0.0317492 9.9892E-05 0.00695379 9.9892E-05 0.0016235 0.928466 9.9892E-05
9.98829E-05 9.98829E-05 9.98829E-05 0.118917 0.0049549 9.98829E-05 0.0040666 9.98829E-05 9.98829E-05 9.98829E-05 9.98829E-05 9.98829E-05 9.98829E-05 9.98829E-05 0.052799 9.98829E-05 9.98829E-05 0.817964
9.9883E-05 9.9883E-05 9.9883E-05 9.9883E-05 9.9883E-05 9.9883E-05 0.0796916 9.9883E-05 9.9883E-05 9.9883E-05 0.0927143 0.0253256 9.9883E-05 9.9883E-05 0.0185223 9.9883E-05 9.9883E-05 0.782448
9.9847E-05 9.9847E-05 9.9847E-05 9.9847E-05 9.9847E-05 9.9847E-05 9.9847E-05 9.9847E-05 9.9847E-05 9.9847E-05 9.9847E-05 9.9847E-05 9.9847E-05 9.9847E-05 9.9847E-05 9.9847E-05 0.998303 9.9847E-05
9.98469E-05 9.98469E-05 9.98469E-05 9.98469E-05 9.98469E-05 9.98469E-05 9.98469E-05 9.98469E-05 9.98469E-05 9.98469E-05 9.98469E-05 0.998303 9.98469E-05 9.98469E-05 9.98469E-05 9.98469E-05 9.98469E-05 9.98469E-05
9.9892E-05 9.9892E-05 0.0929916 9.9892E-05 9.9892E-05 9.9892E-05 0.0305182 9.9892E-05 0.041462 9.9892E-05 9.9892E-05 0.088516 9.9892E-05 9.9892E-05 9.9892E-05 9.9892E-05 0.199165 0.546149
9.9883E-05 9.9883E-05 9.9883E-05 9.9883E-05 0.0217608 9.9883E-05 9.9883E-05 9.9883E-05 0.120841 9.9883E-05 9.9883E-05 0.0479564 9.9883E-05 9.9883E-05 9.9883E-05 9.9883E-05 0.705839 0.102304
0.0121224 9.9874E-05 0.00358762 9.9874E-05 9.9874E-05 9.9874E-05 9.9874E-05 9.9874E-05 9.9874E-05 9.9874E-05 9.9874E-05 0.0172952 9.9874E-05 9.9874E-05 9.9874E-05 9.9874E-05 0.965597 9.9874E-05
9.9883E-05 9.9883E-05 9.9883E-05 9.9883E-05 0.00119462 9.9883E-05 9.9883E-05 9.9883E-05 9.9883E-05 0.0217164 9.9883E-05 9.9883E-05 9.9883E-05 0.0158617 0.0273033 9.9883E-05 0.932625 9.9883E-05
9.9919E-05 0.00454585 9.9919E-05 0.0090256 0.00854941 9.9919E-05 0.036836 0.0574903 9.9919E-05 9.9919E-05 9.9919E-05 0.0637858 9.9919E-05 9.9919E-05 0.0920282 9.9919E-05 0.0457368 0.681103
0.006697 9.98741E-05 9.98741E-05 9.98741E-05 9.98741E-05 9.98741E-05 9.98741E-05 9.98741E-05 9.98741E-05 9.98741E-05 9.98741E-05 0.0418596 9.98741E-05 9.98741E-05 9.98741E-05 0.0455957 0.904449 9.98741E-05
0.00221995 0.0237132 0.0509363 0.0194479 9.9928E-05 0.0842392 9.9928E-05 0.00532502 9.9928E-05 9.9928E-05 9.9928E-05 9.9928E-05 0.0140656 0.014206 9.9928E-05 9.9928E-05 0.458934 0.326113
9.9892E-05 9.9892E-05 0.0341116 0.0444867 0.0100248 9.9892E-05 9.9892E-05 0.0108781 9.9892E-05 9.9892E-05 9.9892E-05 9.9892E-05 9.9892E-05 9.9892E-05 9.9892E-05 9.9892E-05 0.674847 0.224453
9.98831E-05 9.98831E-05 9.98831E-05 9.98831E-05 9.98831E-05 9.98831E-05 9.98831E-05 9.98831E-05 9.98831E-05 0.000466394 0.10976 9.98831E-05 9.98831E-05 0.00358878 9.98831E-05 9.98831E-05 0.0797573 0.805129
0.0119533 9.98651E-05 9.98651E-05 9.98651E-05 9.98651E-05 9.98651E-05 9.98651E-05 9.98651E-05 9.98651E-05 9.98651E-05 9.98651E-05 0.0132733 9.98651E-05 9.98651E-05 9.98651E-05 9.98651E-05 9.98651E-05 0.973275
9.9865E-05 9.9865E-05 0.0280966 9.9865E-05 9.9865E-05 9.9865E-05 9.9865E-05 9.9865E-05 9.9865E-05 9.9865E-05 9.9865E-05 9.9865E-05 0.00515108 9.9865E-05 9.9865E-05 9.9865E-05 9.9865E-05 0.965254
9.9865E-05 9.9865E-05 9.9865E-05 9.9865E-05 9.9865E-05 9.9865E-05 9.9865E-05 9.9865E-05 9.9865E-05 9.9865E-05 9.9865E-05 0.0684971 0.0104688 9.9865E-05 9.9865E-05 9.9865E-05 9.9865E-05 0.919536
9.9874E-05 9.9874E-05 9.9874E-05 9.9874E-05 0.0010358 9.9874E-05 9.9874E-05 0.0220836 9.9874E-05 9.9874E-05 9.9874E-05 9.9874E-05 9.9874E-05 9.9874E-05 9.9874E-05 0.0206794 9.9874E-05 0.954803
9.9847E-05 9.9847E-05 9.9847E-05 9.9847E-05 9.9847E-05 9.9847E-05 9.9847E-05 9.9847E-05 9.9847E-05 9.9847E-05 9.9847E-05 9.9847E-05 9.9847E-05 0.998303 9.9847E-05 9.9847E-05 9.9847E-05 9.9847E-05
9.98741E-05 9.98741E-05 9.98741E-05 9.98741E-05 9.98741E-05 9.98741E-05 9.98741E-05 0.72223 9.98741E-05 9.98741E-05 9.98741E-05 0.0236587 9.98741E-05 0.0196601 0.233053 9.98741E-05 9.98741E-05 9.98741E-05
0.0239564 9.991E-05 9.991E-05 9.991E-05 9.991E-05 9.991E-05 9.991E-05 0.700109 0.00158845 9.991E-05 9.991E-05 9.991E-05 0.0719078 0.00208607 0.145433 0.0145025 9.991E-05 0.0394181
0.00230036 9.9883E-05 9.9883E-05 9.9883E-05 0.00476072 9.9883E-05 9.9883E-05 0.858604 9.9883E-05 9.9883E-05 9.9883E-05 9.9883E-05 9.9883E-05 9.9883E-05 9.9883E-05 0.130268 9.9883E-05 0.0027684
9.98651E-05 9.98651E-05 9.98651E-05 9.98651E-05 9.98651E-05 9.98651E-05 9.98651E-05 0.979527 9.98651E-05 9.98651E-05 9.98651E-05 0.00902067 9.98651E-05 0.00995412 9.98651E-05 9.98651E-05 9.98651E-05 9.98651E-05
9.98651E-05 9.98651E-05 9.98651E-05 9.98651E-05 9.98651E-05 9.98651E-05 9.98651E-05 0.933259 9.98651E-05 9.98651E-05 9.98651E-05 0.0309035 9.98651E-05 9.98651E-05 9.98651E-05 9.98651E-05 0.0343399 9.98651E-05
9.9901E-05 9.9901E-05 0.132756 9.9901E-05 9.9901E-05 9.9901E-05 9.9901E-05 0.700911 9.9901E-05 9.9901E-05 0.0543313 0.0211644 0.0122949 0.0222122 0.0552319 9.9901E-05 9.9901E-05 9.9901E-05
9.9856E-05 9.9856E-05 9.9856E-05 0.00549904 9.9856E-05 9.9856E-05 9.9856E-05 9.9856E-05 9.9856E-05 9.9856E-05 9.9856E-05 9.9856E-05 9.9856E-05 0.992903 9.9856E-05 9.9856E-05 9.9856E-05 9.9856E-05
9.98801E-05 0.0414544 0.0276975 9.98801E-05 0.0306014 9.98801E-05 9.98801E-05 0.765342 9.98801E-05 9.98801E-05 0.124439 9.98801E-05 9.98801E-05 0.00926744 9.98801E-05 9.98801E-05 9.98801E-05 9.98801E-05
9.991E-05 0.0265816 0.0454059 9.991E-05 0.00747343 0.0872237 9.991E-05 0.670372 9.991E-05 9.991E-05 9.991E-05 9.991E-05 0.0381766 9.991E-05 0.109307 9.991E-05 0.0144608 9.991E-05
9.991E-05 9.991E-05 9.991E-05 0.00933159 0.0119939 0.160464 0.0355881 0.721937 9.991E-05 9.991E-05 9.991E-05 9.991E-05 9.991E-05 0.0369866 0.00947768 0.0132222 9.991E-05 9.991E-05
9.9919E-05 9.9919E-05 0.0537362 9.9919E-05 9.9919E-05 0.0511242 9.9919E-05 0.692112 9.9919E-05 0.0232392 0.0443099 0.0249098 0.0476815 0.0332383 9.9919E-05 0.0287497 9.9919E-05 9.9919E-05
9.9883E-05 9.9883E-05 0.216101 9.9883E-05 9.9883E-05 9.9883E-05 9.9883E-05 0.629058 0.0868812 9.9883E-05 9.9883E-05 0.012719 9.9883E-05 0.0539424 9.9883E-05 9.9883E-05 9.9883E-05 9.9883E-05
0.0240139 0.0551126 0.00931286 0.044752 9.99279E-05 9.99279E-05 0.0200017 0.666202 0.121735 0.0171569 9.99279E-05 0.00393328 9.99279E-05 0.036981 9.99279E-05 9.99279E-05 9.99279E-05 9.99279E-05
0.0199944 0.0436248 9.991E-05 0.0842462 0.018775 9.991E-05 0.0984899 0.641266 9.991E-05 9.991E-05 9.991E-05 9.991E-05 9.991E-05 9.991E-05 9.991E-05 0.0391756 9.991E-05 0.0534289
9.99099E-05 0.012159 9.99099E-05 0.327925 0.0558666 9.99099E-05 0.133326 0.420678 9.99099E-05 9.99099E-05 0.0015486 9.99099E-05 9.99099E-05 0.00981417 9.99099E-05 9.99099E-05 9.99099E-05 0.0376826
9.9901E-05 0.0345885 0.0739688 9.9901E-05 0.0222584 9.9901E-05 9.9901E-05 0.695313 9.9901E-05 9.9901E-05 9.9901E-05 9.9901E-05 0.0228444 9.9901E-05 9.9901E-05 0.120492 9.9901E-05 0.0294367
9.9856E-05 9.9856E-05 9.9856E-05 9.9856E-05 9.9856E-05 9.9856E-05 9.9856E-05 9.9856E-05 9.9856E-05 9.9856E-05 9.9856E-05 9.9856E-05 0.0721533 9.9856E-05 9.9856E-05 0.926249 9.9856E-05 9.9856E-05
9.99099E-05 0.0660648 0.364143 9.99099E-05 0.0210845 9.99099E-05 9.99099E-05 9.99099E-05 9.99099E-05 0.00156237 0.119891 0.0280139 0.0276961 9.99099E-05 9.99099E-05 0.370546 9.99099E-05 9.99099E-05
9.9919E-05 9.9919E-05 0.582158 0.0381056 9.9919E-05 0.00515466 0.00678629 9.9919E-05 9.9919E-05 0.00947159 9.9919E-05 9.9919E-05 0.0204541 9.9919E-05 0.0981574 0.15362 0.0851937 9.9919E-05
9.9892E-05 9.9892E-05 0.15827 0.00345606 9.9892E-05 9.9892E-05 9.9892E-05 0.0129612 9.9892E-05 9.9892E-05 0.0247948 0.0370893 9.9892E-05 9.9892E-05 9.9892E-05 0.762229 9.9892E-05 9.9892E-05
0.00360134 9.9937E-05 0.225279 9.9937E-05 0.00950433 0.0327223 0.00372148 9.9937E-05 9.9937E-05 0.0316964 9.9937E-05 9.9937E-05 0.00552567 0.0283832 0.261892 0.341492 9.9937E-05 0.0554826
9.9856E-05 9.9856E-05 0.995065 9.9856E-05 9.9856E-05 9.9856E-05 9.9856E-05 9.9856E-05 9.9856E-05 9.9856E-05 9.9856E-05 9.9856E-05 9.9856E-05 9.9856E-05 9.9856E-05 9.9856E-05 0.00333733 9.9856E-05
0.00477974 9.99189E-05 0.17675 0.0746399 0.0218094 0.0157316 9.99189E-05 9.99189E-05 0.0491414 9.99189E-05 9.99189E-05 9.99189E-05 9.99189E-05 9.99189E-05 0.11382 0.427042 0.115388 9.99189E-05
9.9928E-05 9.9928E-05 0.650931 0.00413213 0.0482597 9.9928E-05 9.9928E-05 0.0190353 0.00899682 9.9928E-05 9.9928E-05 0.00389518 0.0107091 0.0087493 9.9928E-05 0.214826 9.9928E-05 0.0296661
0.0177439 9.991E-05 0.154841 9.991E-05 0.00751839 0.116767 9.991E-05 9.991E-05 9.991E-05 9.991E-05 9.991E-05 9.991E-05 0.0363317 9.991E-05 0.135771 0.480028 9.991E-05 0.0500002
0.0149605 9.98651E-05 9.98651E-05 9.98651E-05 9.98651E-05 9.98651E-05 9.98651E-05 9.98651E-05 9.98651E-05 0.00646385 9.98651E-05 9.98651E-05 9.98651E-05 9.98651E-05 9.98651E-05 0.977078 9.98651E-05 9.98651E-05
9.9874E-05 9.9874E-05 0.876124 9.9874E-05 9.9874E-05 9.9874E-05 9.9874E-05 9.9874E-05 9.9874E-05 9.9874E-05 9.9874E-05 0.00220067 9.9874E-05 9.9874E-05 0.0822105 9.9874E-05 0.0380667 9.9874E-05
9.9883E-05 9.9883E-05 0.265202 9.9883E-05 9.9883E-05 9.9883E-05 9.9883E-05 9.9883E-05 9.9883E-05 0.00777371 9.9883E-05 0.017174 9.9883E-05 0.0437982 9.9883E-05 0.664753 9.9883E-05 9.9883E-05
0.00145567 9.9874E-05 9.9874E-05 9.9874E-05 9.9874E-05 9.9874E-05 9.9874E-05 9.9874E-05 0.0754037 9.9874E-05 9.9874E-05 9.9874E-05 9.9874E-05 9.9874E-05 0.155247 0.766495 9.9874E-05 9.9874E-05
9.9856E-05 9.9856E-05 9.9856E-05 9.9856E-05 9.9856E-05 9.9856E-05 9.9856E-05 9.9856E-05 9.9856E-05 9.9856E-05 9.9856E-05 0.04181 9.9856E-05 9.9856E-05 9.9856E-05 0.956592 9.9856E-05 9.9856E-05
9.98651E-05 9.98651E-05 0.977515 0.0157796 9.98651E-05 9.98651E-05 9.98651E-05 9.98651E-05 9.98651E-05 9.98651E-05 9.98651E-05 0.00520712 9.98651E-05 9.98651E-05 9.98651E-05 9.98651E-05 9.98651E-05 9.98651E-05
0.0380584 9.98919E-05 0.871553 9.98919E-05 9.98919E-05 9.98919E-05 9.98919E-05 9.98919E-05 9.98919E-05 0.00900081 0.0148026 9.98919E-05 0.000118107 9.98919E-05 0.0652687 9.98919E-05 9.98919E-05 9.98919E-05
9.99099E-05 0.00688045 0.489769 9.99099E-05 0.0162567 9.99099E-05 9.99099E-05 9.99099E-05 9.99099E-05 9.99099E-05 9.99099E-05 0.00491909 0.019963 9.99099E-05 0.0512196 0.283615 9.99099E-05 0.126378
0.0208042 9.99189E-05 0.734752 9.99189E-05 0.00226107 0.00887667 9.99189E-05 9.99189E-05 9.99189E-05 9.99189E-05 0.06465 9.99189E-05 0.00912521 0.000251932 9.99189E-05 0.145694 9.99189E-05 0.012685
9.9901E-05 9.9901E-05 9.9901E-05 9.9901E-05 0.0141365 0.0834039 0.0269929 9.9901E-05 0.0623905 0.00533941 9.9901E-05 9.9901E-05 9.9901E-05 9.9901E-05 9.9901E-05 0.769877 9.9901E-05 0.0367605
0.0190815 9.9901E-05 0.810323 0.0483167 9.9901E-05 9.9901E-05 9.9901E-05 0.0171784 9.9901E-05 9.9901E-05 9.9901E-05 9.9901E-05 9.9901E-05 0.0128546 9.9901E-05 0.0106188 9.9901E-05 0.0805285
9.991E-05 0.474947 9.991E-05 9.991E-05 0.0158893 9.991E-05 0.0248039 0.0354443 9.991E-05 9.991E-05 0.104325 9.991E-05 0.0445155 9.991E-05 9.991E-05 0.277459 0.0216166 9.991E-05
9.98468E-05 9.98468E-05 9.98468E-05 9.98468E-05 9.98468E-05 9.98468E-05 0.998303 9.98468E-05 9.98468E-05 9.98468E-05 9.98468E-05 9.98468E-05 9.98468E-05 9.98468E-05 9.98468E-05 9.98468E-05 9.98468E-05 9.98468E-05
0.0278262 0.583335 0.0367171 0.121593 0.00671232 9.9946E-05 9.9946E-05 9.9946E-05 9.9946E-05 0.0109087 0.0509329 0.0160092 0.0259985 0.0024677 0.0886132 9.9946E-05 9.9946E-05 0.0282864
0.0208573 0.558614 0.0195094 9.9955E-05 0.0591493 9.9955E-05 0.0231103 9.9955E-05 0.0270807 0.0041048 0.00504539 0.00962668 0.0528304 9.9955E-05 0.170558 9.9955E-05 0.0415839 0.00743046
0.000267146 0.617483 9.9901E-05 9.9901E-05 0.0212035 9.9901E-05 0.15439 9.9901E-05 0.149189 9.9901E-05 9.9901E-05 9.9901E-05 0.00400036 9.9901E-05 9.9901E-05 0.0523687 9.9901E-05 9.9901E-05
0.00109318 0.699151 0.170467 9.9901E-05 9.9901E-05 9.9901E-05 9.9901E-05 9.9901E-05 0.0888145 9.9901E-05 9.9901E-05 9.9901E-05 0.00734879 0.0116798 9.9901E-05 9.9901E-05 9.9901E-05 0.0203464
0.00117946 0.0108215 9.9892E-05 9.9892E-05 9.9892E-05 9.9892E-05 9.9892E-05 0.0203289 9.9892E-05 0.920378 0.0365172 0.00957644 9.9892E-05 9.9892E-05 9.9892E-05 9.9892E-05 9.9892E-05 9.9892E-05
9.98468E-05 9.98468E-05 9.98468E-05 9.98468E-05 9.98468E-05 9.98468E-05 0.998303 9.98468E-05 9.98468E-05 9.98468E-05 9.98468E-05 9.98468E-05 9.98468E-05 9.98468E-05 9.98468E-05 9.98468E-05 9.98468E-05 9.98468E-05
9.9928E-05 0.489068 9.9928E-05 0.126398 0.0230024 9.9928E-05 0.0602098 9.9928E-05 9.9928E-05 0.0199556 0.0166895 0.00607506 9.9928E-05 0.0020975 0.117268 9.9928E-05 0.138437 9.9928E-05
0.0166229 0.481839 0.113434 9.9928E-05 9.9928E-05 9.9928E-05 9.9928E-05 0.0559788 0.125823 0.0306398 9.9928E-05 0.0145082 0.111807 0.0181273 9.9928E-05 9.9928E-05 9.9928E-05 0.0304209
0.0196359 0.490025 9.9937E-05 9.9937E-05 9.9937E-05 0.0744716 0.141797 0.00535911 9.9937E-05 0.0641565 9.9937E-05 9.9937E-05 0.0690799 0.00375662 0.000218054 0.0563161 9.9937E-05 0.0744844
0.0417491 0.599349 9.9937E-05 9.9937E-05 0.00289117 9.9937E-05 0.0568017 0.04682 9.9937E-05 0.0319753 0.113944 9.9937E-05 0.065345 0.0175364 9.9937E-05 0.015233 9.9937E-05 0.00765556
0.0481987 0.540457 9.9928E-05 0.133431 9.9928E-05 9.9928E-05 0.123809 0.0357874 9.9928E-05 0.0348057 9.9928E-05 0.0256946 0.00772396 0.00427297 9.9928E-05 9.9928E-05 9.9928E-05 0.0450194
9.9901E-05 0.670457 9.9901E-05 9.9901E-05 9.9901E-05 0.0929628 0.0521076 9.9901E-05 9.9901E-05 0.0252177 9.9901E-05 0.0694437 0.0433537 9.9901E-05 9.9901E-05 0.0453586 9.9901E-05 9.9901E-05
9.9919E-05 0.663673 0.138787 9.9919E-05 0.00993967 0.00647216 0.0321932 9.9919E-05 0.0551184 0.0560143 9.9919E-05 0.0319196 9.9919E-05 0.00498371 9.9919E-05 9.9919E-05 9.9919E-05 9.9919E-05
0.00636539 0.51547 0.0611559 9.9955E-05 0.0608581 9.9955E-05 0.146828 0.0397341 0.0237071 0.022124 0.0322713 0.0234328 0.0386 0.00213748 9.9955E-05 0.0268157 9.9955E-05 9.9955E-05
0.00147342 0.369366 9.9901E-05 9.9901E-05 0.0601261 0.14581 0.264004 9.9901E-05 9.9901E-05 9.9901E-05 9.9901E-05 9.9901E-05 9.9901E-05 9.9901E-05 0.124605 9.9901E-05 0.0335164 9.9901E-05
0.0139802 0.0879264 0.389183 9.9919E-05 0.00766605 0.00082737 0.233272 9.9919E-05 9.9919E-05 0.0481168 9.9919E-05 9.9919E-05 0.176306 0.041824 9.9919E-05 9.9919E-05 9.9919E-05 9.9919E-05
9.9901E-05 0.427241 9.9901E-05 0.0842209 9.9901E-05 9.9901E-05 0.000959215 9.9901E-05 9.9901E-05 0.0264319 9.9901E-05 9.9901E-05 0.060311 9.9901E-05 9.9901E-05 0.306467 9.9901E-05 0.0932695
0.00352721 0.327019 0.282121 9.9919E-05 0.00296969 9.9919E-05 0.0218771 9.9919E-05 9.9919E-05 0.00368859 9.9919E-05 9.9919E-05 0.0309333 9.9919E-05 0.194511 9.9919E-05 9.9919E-05 0.132453
0.00594267 0.0512421 0.0703752 9.9892E-05 9.9892E-05 9.9892E-05 0.000747481 9.9892E-05 9.9892E-05 0.851698 0.0187963 9.9892E-05 9.9892E-05 9.9892E-05 9.9892E-05 9.9892E-05 9.9892E-05 9.9892E-05
0.0691512 0.299186 9.9919E-05 0.0382102 9.9919E-05 0.0456976 0.13299 9.9919E-05 9.9919E-05 0.0364076 9.9919E-05 9.9919E-05 9.9919E-05 0.0417567 9.9919E-05 0.249615 9.9919E-05 0.0860867
0.039603 0.509713 9.9919E-05 9.9919E-05 0.0360179 0.144158 0.0170628 9.9919E-05 9.9919E-05 0.0835298 9.9919E-05 9.9919E-05 0.0303264 9.9919E-05 0.0345694 0.10412 9.9919E-05 9.9919E-05
9.98469E-05 9.98469E-05 9.98469E-05 9.98469E-05 9.98469E-05 9.98469E-05 9.98469E-05 9.98469E-05 9.98469E-05 9.98469E-05 9.98469E-05 9.98469E-05 0.998303 9.98469E-05 9.98469E-05 9.98469E-05 9.98469E-05 9.98469E-05
0.0414981 0.630518 9.991E-05 9.991E-05 9.991E-05 9.991E-05 9.991E-05 9.991E-05 0.0746879 9.991E-05 0.00476649 0.0415213 0.0108208 9.991E-05 9.991E-05 0.183527 0.0116609 9.991E-05
0.0146893 0.571666 0.156809 9.991E-05 0.0352425 9.991E-05 9.991E-05 9.991E-05 0.0464326 0.0155742 9.991E-05 9.991E-05 0.0291729 9.991E-05 9.991E-05 9.991E-05 0.129415 9.991E-05
0.0697589 0.26099 9.9937E-05 9.9937E-05 9.9937E-05 0.0161058 9.9937E-05 0.0200168 0.0682251 0.0138908 0.195958 9.9937E-05 9.9937E-05 0.00983394 0.0222847 0.281118 9.9937E-05 0.0411177
9.991E-05 0.00576495 0.0754704 0.0511503 0.0379045 9.991E-05 9.991E-05 9.991E-05 0.12106 0.0525957 0.507093 9.991E-05 9.991E-05 9.991E-05 9.991E-05 0.147962 9.991E-05 9.991E-05
9.991E-05 0.305314 0.184481 9.991E-05 9.991E-05 0.134511 0.143058 0.0421149 9.991E-05 9.991E-05 0.0907021 0.0540486 0.0447709 9.991E-05 9.991E-05 9.991E-05 9.991E-05 9.991E-05
9.9847E-05 9.9847E-05 9.9847E-05 9.9847E-05 9.9847E-05 9.9847E-05 9.9847E-05 9.9847E-05 9.9847E-05 9.9847E-05 9.9847E-05 9.9847E-05 0.998303 9.9847E-05 9.9847E-05 9.9847E-05 9.9847E-05 9.9847E-05
9.9847E-05 9.9847E-05 9.9847E-05 9.9847E-05 9.9847E-05 9.9847E-05 9.9847E-05 9.9847E-05 9.9847E-05 9.9847E-05 9.9847E-05 9.9847E-05 0.998303 9.9847E-05 9.9847E-05 9.9847E-05 9.9847E-05 9.9847E-05
0.0150904 0.558221 9.9928E-05 9.9928E-05 0.0167814 0.168257 0.0588538 9.9928E-05 9.9928E-05 9.9928E-05 9.9928E-05 9.9928E-05 0.0813495 0.00424893 0.00863041 0.0524091 0.0353591 9.9928E-05
9.98469E-05 9.98469E-05 9.98469E-05 9.98469E-05 0.998303 9.98469E-05 9.98469E-05 9.98469E-05 9.98469E-05 9.98469E-05 9.98469E-05 9.98469E-05 9.98469E-05 9.98469E-05 9.98469E-05 9.98469E-05 9.98469E-05 9.98469E-05
0.00924989 0.56294 0.0886904 9.9946E-05 0.000698877 0.024042 9.9946E-05 0.0115345 0.038014 0.101654 9.9946E-05 0.00444972 9.9946E-05 0.00460766 9.9946E-05 0.102542 0.0509774 9.9946E-05
9.99011E-05 0.667634 0.13962 0.048234 9.99011E-05 9.99011E-05 9.99011E-05 9.99011E-05 9.99011E-05 0.0440092 0.077533 0.0119311 0.00993934 9.99011E-05 9.99011E-05 9.99011E-05 9.99011E-05 9.99011E-05
9.99101E-05 0.414987 9.99101E-05 0.0126926 0.109303 9.99101E-05 9.99101E-05 9.99101E-05 9.99101E-05 9.99101E-05 0.261834 9.99101E-05 0.005766 0.0319061 0.025893 9.99101E-05 0.136619 9.99101E-05
9.9919E-05 0.393986 9.9919E-05 0.291825 0.0845619 9.9919E-05 9.9919E-05 0.0837633 9.9919E-05 0.0532821 9.9919E-05 0.0290768 9.9919E-05 9.9919E-05 0.0520335 9.9919E-05 0.00977215 0.000799175
0.00476438 0.662101 9.9901E-05 9.9901E-05 9.9901E-05 9.9901E-05 9.9901E-05 9.9901E-05 9.9901E-05 0.00297956 0.272113 0.0198095 0.00100815 9.9901E-05 9.9901E-05 9.9901E-05 0.036126 9.9901E-05
9.99279E-05 0.41707 9.99279E-05 0.279772 0.068441 9.99279E-05 0.109001 0.0180942 9.99279E-05 0.000515826 9.99279E-05 0.0450965 9.99279E-05 0.0152968 9.99279E-05 0.0159026 9.99279E-05 0.030011
0.0133083 0.32314 9.9928E-05 0.30461 0.0306052 9.9928E-05 0.143336 9.9928E-05 9.9928E-05 0.0764816 9.9928E-05 0.0428345 9.9928E-05 0.00529586 0.0123318 0.0472578 9.9928E-05 9.9928E-05
9.9928E-05 0.475272 0.247926 0.00581437 0.0115443 0.00029195 0.0894989 9.9928E-05 9.9928E-05 0.0471554 9.9928E-05 0.0261633 0.021986 9.9928E-05 9.9928E-05 9.9928E-05 9.9928E-05 0.0735483
0.00980676 0.430347 9.991E-05 9.991E-05 9.991E-05 9.991E-05 0.0493041 0.0934431 9.991E-05 0.0275918 9.991E-05 0.0315245 0.208432 9.991E-05 9.991E-05 0.148552 9.991E-05 9.991E-05
0.00382229 0.504412 9.9919E-05 9.9919E-05 0.0324387 9.9919E-05 0.103936 9.9919E-05 0.0279791 0.0763241 9.9919E-05 9.9919E-05 0.0151455 9.9919E-05 0.163245 9.9919E-05 9.9919E-05 0.0717985
0.0141324 0.616371 9.9919E-05 0.227356 9.9919E-05 9.9919E-05 9.9919E-05 0.00121225 9.9919E-05 9.9919E-05 9.9919E-05 0.0131053 0.00659635 0.0109254 9.9919E-05 0.0796641 0.0297381 9.9919E-05
0.0859688 0.410403 9.9928E-05 0.190663 0.0158493 9.9928E-05 0.0564543 9.9928E-05 9.9928E-05 0.044221 9.9928E-05 9.9928E-05 0.0305169 0.0208504 9.9928E-05 0.099637 0.0446373 9.9928E-05
9.991E-05 0.749102 0.0144794 9.991E-05 9.991E-05 0.0616157 0.0148403 9.991E-05 0.0929514 9.991E-05 9.991E-05 9.991E-05 9.991E-05 0.01043 0.00146242 9.991E-05 9.991E-05 0.0541196
0.998303 9.98469E-05 9.98469E-05 9.98469E-05 9.98469E-05 9.98469E-05 9.98469E-05 9.98469E-05 9.98469E-05 9.98469E-05 9.98469E-05 9.98469E-05 9.98469E-05 9.98469E-05 9.98469E-05 9.98469E-05 9.98469E-05 9.98469E-05
0.026063 0.318272 9.9946E-05 0.0512419 0.0110368 9.9946E-05 0.217488 9.9946E-05 0.021672 0.0414624 9.9946E-05 0.0157742 0.0241417 0.0131043 9.9946E-05 0.196302 0.062843 9.9946E-05
0.00723572 0.64799 0.0244275 9.9919E-05 0.0343904 9.9919E-05 9.9919E-05 9.9919E-05 9.9919E-05 0.0164834 0.0970021 9.9919E-05 0.0658754 9.9919E-05 9.9919E-05 0.0321861 0.0735105 9.9919E-05
0.0100545 0.523299 9.9901E-05 0.29161 0.0519034 9.9901E-05 9.9901E-05 9.9901E-05 9.9901E-05 0.0249446 9.9901E-05 9.9901E-05 0.0571399 9.9901E-05 9.9901E-05 9.9901E-05 9.9901E-05 0.0399499
0.00129385 0.609472 9.9892E-05 9.9892E-05 0.0230287 9.9892E-05 9.9892E-05 9.9892E-05 0.0694765 9.9892E-05 9.9892E-05 9.9892E-05 9.9892E-05 9.9892E-05 9.9892E-05 0.246418 9.9892E-05 0.0491122
9.9919E-05 0.589796 0.0611317 9.9919E-05 0.0165464 9.9919E-05 0.0983853 9.9919E-05 9.9919E-05 0.0208597 0.104355 0.00952952 0.0296014 9.9919E-05 9.9919E-05 9.9919E-05 0.0688961 9.9919E-05
0.0102433 0.531918 0.0066575 0.0808347 9.9946E-05 9.9946E-05 0.0592789 0.0877033 9.9946E-05 0.00375768 9.9946E-05 0.0092111 0.0538144 9.9946E-05 0.0150913 0.0680529 0.0728371 9.9946E-05
9.9847E-05 9.9847E-05 9.9847E-05 9.9847E-05 9.9847E-05 9.9847E-05 9.9847E-05 9.9847E-05 9.9847E-05 0.998303 9.9847E-05 9.9847E-05 9.9847E-05 9.9847E-05 9.9847E-05 9.9847E-05 9.9847E-05 9.9847E-05
0.998303 9.98469E-05 9.98469E-05 9.98469E-05 9.98469E-05 9.98469E-05 9.98469E-05 9.98469E-05 9.98469E-05 9.98469E-05 9.98469E-05 9.98469E-05 9.98469E-05 9.98469E-05 9.98469E-05 9.98469E-05 9.98469E-05 9.98469E-05
9.98468E-05 9.98468E-05 9.98468E-05 9.98468E-05 9.98468E-05 9.98468E-05 9.98468E-05 9.98468E-05 9.98468E-05 0.998303 9.98468E-05 9.98468E-05 9.98468E-05 9.98468E-05 9.98468E-05 9.98468E-05 9.98468E-05 9.98468E-05
0.00558464 0.574616 9.9928E-05 0.23588 0.0606253 9.9928E-05 9.9928E-05 9.9928E-05 9.9928E-05 0.0389967 9.9928E-05 0.0203021 9.9928E-05 0.000820732 0.00295913 0.0181157 9.9928E-05 0.0413005
0.0257895 0.490658 9.991E-05 9.991E-05 0.0549285 9.991E-05 9.991E-05 9.991E-05 9.991E-05 0.0876159 0.144646 9.991E-05 9.991E-05 0.0382613 0.131232 9.991E-05 9.991E-05 0.0258698
0.0320852 0.491934 9.9937E-05 0.221597 0.0133241 9.9937E-05 0.119029 0.0276386 9.9937E-05 0.00498261 9.9937E-05 9.9937E-05 0.0381683 0.00209427 9.9937E-05 0.00579048 9.9937E-05 0.0426574
0.0117288 0.720421 9.9919E-05 9.9919E-05 0.000528667 9.9919E-05 9.9919E-05 9.9919E-05 0.0347498 0.0196355 9.9919E-05 0.0362999 9.9919E-05 0.0375167 9.9919E-05 0.107256 0.0309642 9.9919E-05
0.0165121 0.597203 0.219421 9.991E-05 9.991E-05 9.991E-05 9.991E-05 9.991E-05 0.0665704 0.00403509 9.991E-05 9.991E-05 0.0214836 0.0322965 9.991E-05 9.991E-05 9.991E-05 0.0414793
9.98469E-05 9.98469E-05 9.98469E-05 9.98469E-05 0.998303 9.98469E-05 9.98469E-05 9.98469E-05 9.98469E-05 9.98469E-05 9.98469E-05 9.98469E-05 9.98469E-05 9.98469E-05 9.98469E-05 9.98469E-05 9.98469E-05 9.98469E-05
0.0245965 0.532317 9.9946E-05 0.0937838 0.017456 9.9946E-05 9.9946E-05 9.9946E-05 0.000484143 0.0101959 0.0337137 0.0313244 0.0289435 9.9946E-05 0.0482753 0.131215 9.9946E-05 0.0470953
9.9883E-05 0.067957 9.9883E-05 9.9883E-05 9.9883E-05 9.9883E-05 0.706977 0.0477414 9.9883E-05 9.9883E-05 0.170606 0.00541994 9.9883E-05 9.9883E-05 9.9883E-05 9.9883E-05 9.9883E-05 9.9883E-05
0.012165 9.9901E-05 9.9901E-05 9.9901E-05 9.9901E-05 0.132968 0.618301 0.0151252 9.9901E-05 9.9901E-05 9.9901E-05 9.9901E-05 0.106038 9.9901E-05 0.112026 9.9901E-05 9.9901E-05 0.00227842
0.0232458 9.9919E-05 9.9919E-05 9.9919E-05 0.00399991 0.168463 0.551909 0.0840643 9.9919E-05 0.02063 9.9919E-05 0.0365681 0.0875759 0.0226453 9.9919E-05 9.9919E-05 9.9919E-05 9.9919E-05
9.9928E-05 0.0215361 9.9928E-05 9.9928E-05 0.0538078 0.0471017 0.607094 0.0881598 9.9928E-05 0.00392971 0.0842856 9.9928E-05 0.00279282 0.0222064 9.9928E-05 9.9928E-05 0.0682869 9.9928E-05
0.0331449 0.122111 0.196537 9.9937E-05 0.021117 0.134546 0.320161 0.122749 0.0140755 0.000524711 9.9937E-05 0.0254672 9.9937E-05 9.9937E-05 9.9937E-05 9.9937E-05 0.00886579 9.9937E-05
9.9883E-05 9.9883E-05 9.9883E-05 9.9883E-05 0.00420905 9.9883E-05 0.644828 0.113464 0.210986 9.9883E-05 9.9883E-05 9.9883E-05 9.9883E-05 9.9883E-05 9.9883E-05 0.025214 9.9883E-05 9.9883E-05
0.0184384 9.99009E-05 9.99009E-05 9.99009E-05 9.99009E-05 0.228849 0.596502 0.0770227 0.0226823 9.99009E-05 9.99009E-05 9.99009E-05 0.0102154 9.99009E-05 9.99009E-05 9.99009E-05 9.99009E-05 0.0451913
0.019041 9.991E-05 9.991E-05 9.991E-05 0.0295515 9.991E-05 0.551373 0.200575 0.0985336 9.991E-05 9.991E-05 0.00974367 0.0345889 9.991E-05 9.991E-05 9.991E-05 9.991E-05 0.0555946
0.0132664 9.99099E-05 0.0850399 9.99099E-05 9.99099E-05 9.99099E-05 0.524768 0.0987439 0.2133 9.99099E-05 9.99099E-05 9.99099E-05 0.0146255 9.99099E-05 9.99099E-05 0.0452501 0.0040073 9.99099E-05
0.0452822 0.00501723 9.9946E-05 0.0810253 0.00548884 0.0540467 0.533981 0.0483819 9.9946E-05 0.0149347 9.9946E-05 9.9946E-05 0.0179219 0.0416098 9.9946E-05 0.150276 0.00143482 9.9946E-05
9.99279E-05 0.0977903 0.0896955 9.99279E-05 0.0245211 9.99279E-05 0.494775 0.174103 0.078091 9.99279E-05 9.99279E-05 0.0118363 9.99279E-05 0.00171976 9.99279E-05 0.0153366 9.99279E-05 0.0113324
9.99009E-05 9.99009E-05 0.0868395 9.99009E-05 9.99009E-05 0.0658745 9.99009E-05 0.0229465 0.765737 0.0013161 0.0447764 9.99009E-05 9.99009E-05 9.99009E-05 9.99009E-05 9.99009E-05 0.0114114 9.99009E-05
0.0192144 9.991E-05 9.991E-05 9.991E-05 9.991E-05 0.0146674 0.0454389 9.991E-05 0.194571 9.991E-05 0.67166 0.00824793 0.0338628 0.011338 9.991E-05 9.991E-05 9.991E-05 9.991E-05
0.00123675 9.9892E-05 0.00032565 9.9892E-05 9.9892E-05 9.9892E-05 9.9892E-05 0.0651137 9.9892E-05 0.00845765 0.895723 9.9892E-05 0.0279446 9.9892E-05 9.9892E-05 9.9892E-05 9.9892E-05 9.9892E-05
9.9901E-05 9.9901E-05 0.061925 9.9901E-05 9.9901E-05 0.77943 9.9901E-05 9.9901E-05 0.0760234 0.00231308 9.9901E-05 9.9901E-05 9.9901E-05 9.9901E-05 0.0019014 9.9901E-05 0.0321382 0.0451704
9.9856E-05 9.9856E-05 9.9856E-05 9.9856E-05 9.9856E-05 9.9856E-05 9.9856E-05 9.9856E-05 9.9856E-05 9.9856E-05 0.986593 9.9856E-05 9.9856E-05 0.011809 9.9856E-05 9.9856E-05 9.9856E-05 9.9856E-05
9.9883E-05 0.0430414 9.9883E-05 9.9883E-05 9.9883E-05 0.183173 9.9883E-05 9.9883E-05 0.730852 9.9883E-05 9.9883E-05 9.9883E-05 9.9883E-05 0.0216326 9.9883E-05 9.9883E-05 9.9883E-05 0.0200028
0.0364284 9.98651E-05 9.98651E-05 9.98651E-05 9.98651E-05 0.936097 9.98651E-05 9.98651E-05 9.98651E-05 9.98651E-05 9.98651E-05 9.98651E-05 9.98651E-05 9.98651E-05 9.98651E-05 9.98651E-05 9.98651E-05 0.0259771
0.00382006 9.9883E-05 9.9883E-05 9.9883E-05 9.9883E-05 9.9883E-05 9.9883E-05 9.9883E-05 0.774826 9.9883E-05 0.156381 9.9883E-05 0.0502348 0.0134392 9.9883E-05 9.9883E-05 9.9883E-05 9.9883E-05
0.0109606 0.00254261 9.99549E-05 0.26116 0.0104789 0.431788 9.99549E-05 0.000694195 9.99549E-05 0.0925959 0.0686307 0.0266665 0.0430369 0.00971601 0.031646 0.00958386 9.99549E-05 9.99549E-05
0.0163672 9.9901E-05 0.102653 9.9901E-05 9.9901E-05 0.817299 9.9901E-05 9.9901E-05 9.9901E-05 9.9901E-05 9.9901E-05 0.00888257 0.0142659 9.9901E-05 9.9901E-05 0.0300616 9.9901E-05 0.00937187
9.9865E-05 9.9865E-05 0.0992674 9.9865E-05 9.9865E-05 9.9865E-05 9.9865E-05 9.9865E-05 9.9865E-05 0.0169906 0.882244 9.9865E-05 9.9865E-05 9.9865E-05 9.9865E-05 9.9865E-05 9.9865E-05 9.9865E-05
9.9874E-05 9.9874E-05 9.9874E-05 9.9874E-05 9.9874E-05 9.9874E-05 9.9874E-05 9.9874E-05 0.115386 9.9874E-05 0.760728 9.9874E-05 9.9874E-05 9.9874E-05 9.9874E-05 0.0728687 0.0496193 9.9874E-05
9.9901E-05 9.9901E-05 9.9901E-05 0.77174 0.0158426 9.9901E-05 9.9901E-05 0.0207672 9.9901E-05 9.9901E-05 0.114942 9.9901E-05 0.017109 0.00345884 9.9901E-05 0.0550419 9.9901E-05 9.9901E-05
9.9901E-05 0.05278 9.9901E-05 0.0423504 0.00575281 9.9901E-05 0.0896567 9.9901E-05 9.9901E-05 9.9901E-05 0.713459 9.9901E-05 9.9901E-05 9.9901E-05 0.0743104 9.9901E-05 0.0205923 9.9901E-05
9.9874E-05 9.9874E-05 9.9874E-05 0.414537 9.9874E-05 9.9874E-05 0.0343213 9.9874E-05 0.498895 9.9874E-05 9.9874E-05 9.9874E-05 9.9874E-05 9.9874E-05 9.9874E-05 9.9874E-05 9.9874E-05 0.0508482
9.98561E-05 9.98561E-05 9.98561E-05 0.8621 9.98561E-05 9.98561E-05 9.98561E-05 9.98561E-05 0.136302 9.98561E-05 9.98561E-05 9.98561E-05 9.98561E-05 9.98561E-05 9.98561E-05 9.98561E-05 9.98561E-05 9.98561E-05
9.9865E-05 9.9865E-05 9.9865E-05 9.9865E-05 9.9865E-05 0.00824457 0.0570936 9.9865E-05 0.933164 9.9865E-05 9.9865E-05 9.9865E-05 9.9865E-05 9.9865E-05 9.9865E-05 9.9865E-05 9.9865E-05 9.9865E-05
0.00132013 9.9892E-05 0.0396702 0.78492 9.9892E-05 9.9892E-05 9.9892E-05 9.9892E-05 0.0681856 9.9892E-05 0.0951431 0.0095628 9.9892E-05 9.9892E-05 9.9892E-05 9.9892E-05 9.9892E-05 9.9892E-05
9.98471E-05 9.98471E-05 9.98471E-05 9.98471E-05 9.98471E-05 9.98471E-05 9.98471E-05 9.98471E-05 0.998303 9.98471E-05 9.98471E-05 9.98471E-05 9.98471E-05 9.98471E-05 9.98471E-05 9.98471E-05 9.98471E-05 9.98471E-05
9.9874E-05 9.9874E-05 0.0439785 0.654981 9.9874E-05 9.9874E-05 9.9874E-05 9.9874E-05 0.25398 9.9874E-05 9.9874E-05 9.9874E-05 9.9874E-05 9.9874E-05 0.0456621 9.9874E-05 9.9874E-05 9.9874E-05
0.00960467 9.991E-05 9.991E-05 9.991E-05 0.0233201 9.991E-05 9.991E-05 0.0460263 0.0010158 0.0427327 0.808425 9.991E-05 9.991E-05 9.991E-05 0.0425298 9.991E-05 9.991E-05 0.025346
9.9856E-05 9.9856E-05 9.9856E-05 9.9856E-05 9.9856E-05 9.9856E-05 9.9856E-05 9.9856E-05 0.975335 9.9856E-05 9.9856E-05 9.9856E-05 0.0230677 9.9856E-05 9.9856E-05 9.9856E-05 9.9856E-05 9.9856E-05
9.99047E-05 9.99047E-05 9.99047E-05 0.078494 0.00422709 0.751696 0.0156812 9.99047E-05 9.99047E-05 0.0478691 0.0857119 9.99047E-05 9.99047E-05 9.99047E-05 9.99047E-05 9.99047E-05 0.0152215 9.99047E-05
9.9883E-05 0.00854835 9.9883E-05 9.9883E-05 0.0338971 0.914226 9.9883E-05 9.9883E-05 9.9883E-05 0.00421245 9.9883E-05 9.9883E-05 9.9883E-05 9.9883E-05 9.9883E-05 9.9883E-05 0.0378174 9.9883E-05
0.00995114 9.98561E-05 9.98561E-05 0.988451 9.98561E-05 9.98561E-05 9.98561E-05 9.98561E-05 9.98561E-05 9.98561E-05 9.98561E-05 9.98561E-05 9.98561E-05 9.98561E-05 9.98561E-05 9.98561E-05 9.98561E-05 9.98561E-05
9.9892E-05 0.0855003 9.9892E-05 0.0847698 9.9892E-05 0.768658 9.9892E-05 9.9892E-05 9.9892E-05 9.9892E-05 9.9892E-05 0.00304573 9.9892E-05 0.00416018 9.9892E-05 9.9892E-05 0.0526669 9.9892E-05
9.99101E-05 9.99101E-05 9.99101E-05 0.0620044 0.0178388 0.139313 9.99101E-05 9.99101E-05 0.0959694 0.0319999 0.469748 9.99101E-05 9.99101E-05 0.0287273 0.151862 9.99101E-05 9.99101E-05 0.00163765
9.9847E-05 9.9847E-05 9.9847E-05 0.998303 9.9847E-05 9.9847E-05 9.9847E-05 9.9847E-05 9.9847E-05 9.9847E-05 9.9847E-05 9.9847E-05 9.9847E-05 9.9847E-05 9.9847E-05 9.9847E-05 9.9847E-05 9.9847E-05
9.98919E-05 9.98919E-05 9.98919E-05 9.98919E-05 9.98919E-05 9.98919E-05 9.98919E-05 9.98919E-05 0.0741467 9.98919E-05 0.763856 9.98919E-05 0.020606 0.0264006 9.98919E-05 0.106632 9.98919E-05 0.00715974
0.0220927 9.991E-05 0.0296268 0.157869 0.00203628 0.446796 9.991E-05 0.0301372 9.991E-05 9.991E-05 0.305816 9.991E-05 0.00462638 9.991E-05 9.991E-05 9.991E-05 9.991E-05 9.991E-05
0.00459656 9.9892E-05 0.0831038 9.9892E-05 9.9892E-05 0.530189 0.0380052 9.9892E-05 0.335217 0.00769016 9.9892E-05 9.9892E-05 9.9892E-05 9.9892E-05 9.9892E-05 9.9892E-05 9.9892E-05 9.9892E-05
0.0200153 9.991E-05 9.991E-05 0.110208 9.991E-05 0.627417 9.991E-05 9.991E-05 9.991E-05 9.991E-05 0.0475359 0.0364741 9.991E-05 9.991E-05 0.0181114 0.118312 9.991E-05 0.0209261
9.991E-05 0.000572858 9.991E-05 0.0931267 9.991E-05 0.791802 9.991E-05 0.020636 9.991E-05 9.991E-05 9.991E-05 0.00183919 0.0314932 0.00298846 9.991E-05 0.0565422 9.991E-05 9.991E-05
0.0236317 9.991E-05 9.991E-05 0.59851 9.991E-05 0.0670173 9.991E-05 0.00523566 0.256103 9.991E-05 9.991E-05 0.0102021 0.0369037 0.00139777 9.991E-05 9.991E-05 9.991E-05 9.991E-05
9.9883E-05 9.9883E-05 9.9883E-05 9.9883E-05 0.0378332 0.89188 9.9883E-05 9.9883E-05 9.9883E-05 9.9883E-05 9.9883E-05 0.00573943 9.9883E-05 0.0265717 9.9883E-05 9.9883E-05 0.0366767 9.9883E-05
9.9883E-05 9.9883E-05 9.9883E-05 9.9883E-05 9.9883E-05 0.00050142 9.9883E-05 9.9883E-05 9.9883E-05 0.0254957 9.9883E-05 0.00436544 9.9883E-05 0.00857449 0.959764 9.9883E-05 9.9883E-05 9.9883E-05
0.0138358 9.9883E-05 9.9883E-05 0.122909 0.0383511 9.9883E-05 9.9883E-05 9.9883E-05 9.9883E-05 9.9883E-05 9.9883E-05 9.9883E-05 9.9883E-05 9.9883E-05 0.767646 9.9883E-05 9.9883E-05 0.0559597
9.991E-05 0.0144691 9.991E-05 9.991E-05 0.00377523 0.0563699 9.991E-05 9.991E-05 9.991E-05 9.991E-05 9.991E-05 0.00612741 9.991E-05 0.00334756 0.813937 0.0346236 9.991E-05 0.0663516
9.9883E-05 0.02225 9.9883E-05 0.0331527 9.9883E-05 9.9883E-05 9.9883E-05 9.9883E-05 9.9883E-05 9.9883E-05 9.9883E-05 9.9883E-05 0.00153327 9.9883E-05 0.771466 9.9883E-05 0.170299 9.9883E-05
9.9901E-05 0.00369228 9.9901E-05 0.000932354 9.9901E-05 9.9901E-05 9.9901E-05 9.9901E-05 9.9901E-05 0.00796219 9.9901E-05 9.9901E-05 0.0179824 9.9901E-05 0.683448 0.188952 0.0959316 9.9901E-05
0.0035285 9.9883E-05 0.0405087 9.9883E-05 9.9883E-05 9.9883E-05 9.9883E-05 9.9883E-05 0.050021 9.9883E-05 9.9883E-05 9.9883E-05 9.9883E-05 0.00534561 0.899298 9.9883E-05 9.9883E-05 9.9883E-05
9.98471E-05 9.98471E-05 9.98471E-05 9.98471E-05 9.98471E-05 9.98471E-05 9.98471E-05 9.98471E-05 9.98471E-05 9.98471E-05 9.98471E-05 9.98471E-05 9.98471E-05 9.98471E-05 0.998303 9.98471E-05 9.98471E-05 9.98471E-05
9.9874E-05 9.9874E-05 0.13883 9.9874E-05 9.9874E-05 9.9874E-05 9.9874E-05 0.128888 9.9874E-05 9.9874E-05 9.9874E-05 9.9874E-05 9.9874E-05 9.9874E-05 0.627914 9.9874E-05 0.10297 9.9874E-05
