0.140911 0.696388 0.162601 9.9991E-05
9.9982E-05 0.932072 0.0677281 9.9982E-05
0.495681 0.504119 9.9982E-05 9.9982E-05
0.115145 0.669506 9.9991E-05 0.215249
0.655012 9.9982E-05 0.344788 9.9982E-05
0.0597186 0.064436 9.9991E-05 0.875745
0.853097 9.9991E-05 0.0561784 0.0906241
9.99821E-05 0.992266 0.00753438 9.99821E-05
9.99821E-05 9.99821E-05 0.208333 0.791467
0.822195 9.9982E-05 0.177605 9.9982E-05
0.964425 9.99821E-05 0.0353746 9.99821E-05
9.9982E-05 0.928411 9.9982E-05 0.071389
0.503522 0.0366937 0.458897 0.000887128
0.869683 0.0590589 9.9991E-05 0.0711579
0.496464 9.9982E-05 0.503336 9.9982E-05
0.0524301 9.9991E-05 0.780943 0.166527
0.00915128 0.886159 9.9991E-05 0.10459
0.318355 9.9991E-05 0.456104 0.225441
9.9982E-05 0.0270387 9.9982E-05 0.972761
9.99821E-05 9.99821E-05 0.905747 0.0940527
9.9991E-05 0.0689172 0.836321 0.0946613
9.9991E-05 0.0428343 0.335118 0.621947
0.0336243 9.9991E-05 0.920376 0.0459002
0.178755 0.543873 0.0915385 0.185833
0.784034 0.120824 9.9991E-05 0.0950429
0.301465 9.9982E-05 0.698335 9.9982E-05
0.259256 0.634691 9.9991E-05 0.105953
0.320364 9.9991E-05 0.0659325 0.613604
9.99821E-05 0.99242 0.00737957 9.99821E-05
9.99821E-05 0.317714 9.99821E-05 0.682086
0.9997 9.998E-05 9.998E-05 9.998E-05
0.9997 9.998E-05 9.998E-05 9.998E-05
0.943999 9.9982E-05 0.0558014 9.9982E-05
0.0705793 0.0300829 9.9991E-05 0.899238
0.0024579 0.931675 9.9991E-05 0.0657673
9.9982E-05 9.9982E-05 0.722168 0.277632
9.9991E-05 0.0392924 0.123864 0.836743
0.0551721 9.9982E-05 9.9982E-05 0.944628
0.764334 0.0635008 9.9991E-05 0.172065
0.027885 0.0628838 9.9991E-05 0.909131
9.9982E-05 0.283507 9.9982E-05 0.716293
9.9982E-05 0.884311 9.9982E-05 0.115489
9.99821E-05 0.0178627 0.981937 9.99821E-05
0.838175 0.161625 9.9982E-05 9.9982E-05
0.258659 9.9982E-05 0.741141 9.9982E-05
9.998E-05 0.9997 9.998E-05 9.998E-05
9.9982E-05 9.9982E-05 0.5805 0.4193
9.99821E-05 9.99821E-05 0.0837457 0.916054
0.148769 0.0848433 0.766288 9.9991E-05
0.00189717 9.9991E-05 0.611133 0.38687
