9.98379E-05 9.98379E-05 9.98379E-05 9.98379E-05 9.98379E-05 9.98379E-05 9.98379E-05 9.98379E-05 9.98379E-05 9.98379E-05 0.998203 9.98379E-05 9.98379E-05 9.98379E-05 9.98379E-05 9.98379E-05 9.98379E-05 9.98379E-05 9.98379E-05
0.00771405 9.991E-05 9.991E-05 9.991E-05 9.991E-05 0.0596329 9.991E-05 0.0399123 0.126415 9.991E-05 0.00423093 9.991E-05 0.697032 9.991E-05 0.00520336 0.0316723 0.0271876 9.991E-05 9.991E-05
9.9883E-05 9.9883E-05 9.9883E-05 9.9883E-05 9.9883E-05 0.0293912 0.0193711 0.0294448 0.139147 9.9883E-05 0.0197988 9.9883E-05 0.761549 9.9883E-05 9.9883E-05 9.9883E-05 9.9883E-05 9.9883E-05 9.9883E-05
9.9901E-05 9.9901E-05 9.9901E-05 9.9901E-05 9.9901E-05 9.9901E-05 9.9901E-05 0.00417173 9.9901E-05 0.0221193 0.0138854 0.0696749 0.753822 9.9901E-05 9.9901E-05 0.0563553 0.0426588 0.0362132 9.9901E-05
0.0181383 0.127844 0.0117765 9.9901E-05 9.9901E-05 9.9901E-05 9.9901E-05 9.9901E-05 9.9901E-05 0.00070654 0.0324271 0.0599563 0.726438 9.9901E-05 9.9901E-05 9.9901E-05 9.9901E-05 9.9901E-05 0.0216142
0.0152315 9.9901E-05 0.013653 9.9901E-05 0.0161364 0.0261603 9.9901E-05 9.9901E-05 0.0216916 9.9901E-05 0.0308114 9.9901E-05 0.864791 9.9901E-05 0.0104261 9.9901E-05 9.9901E-05 9.9901E-05 9.9901E-05
9.98379E-05 9.98379E-05 9.98379E-05 9.98379E-05 9.98379E-05 9.98379E-05 9.98379E-05 9.98379E-05 9.98379E-05 9.98379E-05 0.998203 9.98379E-05 9.98379E-05 9.98379E-05 9.98379E-05 9.98379E-05 9.98379E-05 9.98379E-05 9.98379E-05
9.99337E-05 0.0447492 0.00663789 9.99337E-05 0.00964031 9.99337E-05 0.00308721 0.0133492 9.99337E-05 9.99337E-05 0.0968229 0.017856 0.705889 0.0339483 0.00459829 9.99337E-05 0.062622 9.99337E-05 9.99337E-05
9.9892E-05 9.9892E-05 9.9892E-05 9.9892E-05 9.9892E-05 0.145962 9.9892E-05 0.0348926 9.9892E-05 9.9892E-05 0.0371819 9.9892E-05 0.719691 0.0303846 0.0263563 9.9892E-05 9.9892E-05 0.00433254 9.9892E-05
9.9883E-05 0.0739788 0.0127623 9.9883E-05 9.9883E-05 9.9883E-05 9.9883E-05 9.9883E-05 0.0603207 9.9883E-05 0.0209248 9.9883E-05 0.766219 9.9883E-05 9.9883E-05 9.9883E-05 0.0644959 9.9883E-05 9.9883E-05
9.99099E-05 0.0777818 9.99099E-05 9.99099E-05 0.00376862 0.00780989 0.0179628 9.99099E-05 9.99099E-05 0.0118581 9.99099E-05 9.99099E-05 0.711423 9.99099E-05 0.00200249 0.164453 0.00194063 9.99099E-05 9.99099E-05
9.991E-05 0.102659 0.00322283 9.991E-05 9.991E-05 0.00784415 9.991E-05 0.011414 9.991E-05 0.00627883 0.0551772 9.991E-05 0.666035 0.0676959 9.991E-05 9.991E-05 9.991E-05 0.0786745 9.991E-05
9.99191E-05 0.0242272 9.99191E-05 0.0482164 0.0057406 9.99191E-05 9.99191E-05 0.0134436 0.0008346 9.99191E-05 0.0331365 0.0292214 0.752131 9.99191E-05 0.055269 9.99191E-05 0.0368805 9.99191E-05 9.99191E-05
9.9892E-05 9.9892E-05 0.0196427 9.9892E-05 9.9892E-05 0.132536 0.0308002 9.9892E-05 0.0716071 9.9892E-05 9.9892E-05 9.9892E-05 0.700694 0.0368625 0.00665927 9.9892E-05 9.9892E-05 9.9892E-05 9.9892E-05
9.9892E-05 9.9892E-05 9.9892E-05 9.9892E-05 9.9892E-05 9.9892E-05 9.9892E-05 0.0252055 9.9892E-05 9.9892E-05 0.0169115 0.0168957 0.797585 9.9892E-05 9.9892E-05 0.0660249 0.0177394 0.0584393 9.9892E-05
9.99101E-05 0.0193588 9.99101E-05 0.0199639 0.0072128 0.0682935 0.012982 9.99101E-05 9.99101E-05 9.99101E-05 9.99101E-05 0.0101292 0.850806 0.00223905 0.0080153 9.99101E-05 9.99101E-05 9.99101E-05 9.99101E-05
0.0065596 9.98921E-05 0.0140488 9.98921E-05 0.0236585 9.98921E-05 9.98921E-05 9.98921E-05 9.98921E-05 9.98921E-05 0.0572647 9.98921E-05 0.872825 0.0227285 0.00171617 9.98921E-05 9.98921E-05 9.98921E-05 9.98921E-05
0.00380133 9.98741E-05 9.98741E-05 0.0232361 9.98741E-05 9.98741E-05 9.98741E-05 9.98741E-05 9.98741E-05 9.98741E-05 0.0150331 9.98741E-05 0.915867 9.98741E-05 9.98741E-05 9.98741E-05 9.98741E-05 9.98741E-05 0.0406641
0.0523226 9.98831E-05 9.98831E-05 9.98831E-05 9.98831E-05 9.98831E-05 9.98831E-05 0.000280776 9.98831E-05 9.98831E-05 0.0503879 9.98831E-05 0.853662 9.98831E-05 0.004425 9.98831E-05 9.98831E-05 9.98831E-05 0.0376235
9.9883E-05 9.9883E-05 0.0044055 9.9883E-05 0.0218447 9.9883E-05 9.9883E-05 9.9883E-05 9.9883E-05 9.9883E-05 9.9883E-05 9.9883E-05 0.891914 0.0443094 9.9883E-05 9.9883E-05 9.9883E-05 0.0344556 0.00177184
9.9838E-05 9.9838E-05 9.9838E-05 9.9838E-05 9.9838E-05 9.9838E-05 0.998203 9.9838E-05 9.9838E-05 9.9838E-05 9.9838E-05 9.9838E-05 9.9838E-05 9.9838E-05 9.9838E-05 9.9838E-05 9.9838E-05 9.9838E-05 9.9838E-05
9.98741E-05 0.227606 9.98741E-05 9.98741E-05 9.98741E-05 9.98741E-05 9.98741E-05 0.0213315 9.98741E-05 0.010707 9.98741E-05 9.98741E-05 9.98741E-05 9.98741E-05 0.0201173 9.98741E-05 9.98741E-05 0.71884 9.98741E-05
0.122261 0.0996678 0.0194994 9.98831E-05 9.98831E-05 9.98831E-05 0.000904637 9.98831E-05 9.98831E-05 9.98831E-05 0.0162435 9.98831E-05 9.98831E-05 9.98831E-05 9.98831E-05 9.98831E-05 9.98831E-05 0.740125 9.98831E-05
9.9865E-05 9.9865E-05 9.9865E-05 9.9865E-05 0.00534344 9.9865E-05 9.9865E-05 9.9865E-05 9.9865E-05 0.0240098 9.9865E-05 9.9865E-05 9.9865E-05 9.9865E-05 9.9865E-05 9.9865E-05 9.9865E-05 0.867201 0.101948
9.98741E-05 9.98741E-05 0.0134661 0.0298795 9.98741E-05 9.98741E-05 0.00400729 9.98741E-05 0.0131375 9.98741E-05 9.98741E-05 9.98741E-05 9.98741E-05 9.98741E-05 9.98741E-05 9.98741E-05 9.98741E-05 0.938111 9.98741E-05
9.9874E-05 9.9874E-05 0.0117745 9.9874E-05 0.0366381 9.9874E-05 9.9874E-05 0.0167698 9.9874E-05 9.9874E-05 0.021745 9.9874E-05 9.9874E-05 9.9874E-05 9.9874E-05 9.9874E-05 9.9874E-05 0.911674 9.9874E-05
0.0327689 0.141411 9.98921E-05 0.0410525 9.98921E-05 9.98921E-05 0.0195392 0.00113104 9.98921E-05 9.98921E-05 0.00904877 9.98921E-05 9.98921E-05 9.98921E-05 9.98921E-05 9.98921E-05 9.98921E-05 0.75385 9.98921E-05
9.9838E-05 9.9838E-05 9.9838E-05 9.9838E-05 9.9838E-05 9.9838E-05 0.998203 9.9838E-05 9.9838E-05 9.9838E-05 9.9838E-05 9.9838E-05 9.9838E-05 9.9838E-05 9.9838E-05 9.9838E-05 9.9838E-05 9.9838E-05 9.9838E-05
9.9901E-05 9.9901E-05 0.0044174 9.9901E-05 0.0089592 0.0923385 0.0204532 9.9901E-05 0.0802731 0.0094321 9.9901E-05 0.0457906 9.9901E-05 9.9901E-05 9.9901E-05 9.9901E-05 9.9901E-05 0.737237 9.9901E-05
0.0296191 0.0429785 9.9901E-05 0.119124 9.9901E-05 0.0333546 9.9901E-05 9.9901E-05 9.9901E-05 9.9901E-05 9.9901E-05 0.000218367 0.0250217 9.9901E-05 0.0199431 9.9901E-05 9.9901E-05 0.728642 9.9901E-05
9.9892E-05 0.0129795 9.9892E-05 9.9892E-05 0.00801027 0.0229565 0.0118331 0.00438718 9.9892E-05 9.9892E-05 9.9892E-05 9.9892E-05 9.9892E-05 9.9892E-05 9.9892E-05 0.159804 9.9892E-05 0.77883 9.9892E-05
0.0472899 9.991E-05 9.991E-05 9.991E-05 0.0205525 9.991E-05 0.0127628 9.991E-05 9.991E-05 9.991E-05 0.00200162 0.0448685 9.991E-05 9.991E-05 0.00101864 9.991E-05 0.0149974 0.758553 0.0969563
9.991E-05 9.991E-05 0.00142225 9.991E-05 9.991E-05 0.000116833 0.0681034 9.991E-05 9.991E-05 9.991E-05 9.991E-05 0.100885 0.031617 9.991E-05 0.0177291 9.991E-05 0.0646154 0.645887 0.0686249
9.99001E-05 9.99001E-05 0.0173182 9.99001E-05 9.99001E-05 9.99001E-05 0.0211657 0.0256347 0.00319447 9.99001E-05 0.0217984 9.99001E-05 9.99001E-05 0.0939645 0.0490531 9.99001E-05 0.0665608 0.700311 9.99001E-05
9.9928E-05 9.9928E-05 0.0200487 0.0536123 9.9928E-05 0.00176787 0.00608151 9.9928E-05 9.9928E-05 0.00304423 0.0164792 0.0439919 9.9928E-05 9.9928E-05 0.0155122 0.15952 0.00907073 0.670072 9.9928E-05
9.9928E-05 0.0568911 9.9928E-05 0.015951 9.9928E-05 0.115489 0.00346213 0.0501295 9.9928E-05 0.0309222 9.9928E-05 9.9928E-05 0.0500317 0.0541542 0.0154027 0.123561 9.9928E-05 0.483206 9.9928E-05
0.0317248 9.991E-05 9.991E-05 0.00401395 9.991E-05 0.00327192 9.991E-05 0.0481103 0.0268308 0.0280467 9.991E-05 9.991E-05 9.991E-05 0.0396379 9.991E-05 9.991E-05 9.991E-05 0.708417 0.108948
0.114722 0.025423 9.991E-05 0.0236305 0.0127709 9.991E-05 9.991E-05 0.00797679 0.0647248 0.0166391 9.991E-05 9.991E-05 9.991E-05 9.991E-05 9.991E-05 9.991E-05 0.0737615 9.991E-05 0.659352
0.019892 9.99189E-05 0.0101032 9.99189E-05 9.99189E-05 0.0389312 9.99189E-05 9.99189E-05 0.0935216 0.0362416 0.0153072 9.99189E-05 9.99189E-05 0.0201518 0.0168374 0.0842691 9.99189E-05 9.99189E-05 0.663846
9.99011E-05 0.0213144 9.99011E-05 9.99011E-05 0.0143581 0.0152093 9.99011E-05 0.0154404 9.99011E-05 9.99011E-05 9.99011E-05 0.133579 0.0275743 0.107785 9.99011E-05 9.99011E-05 9.99011E-05 9.99011E-05 0.663641
9.991E-05 9.991E-05 0.00271382 0.118679 0.0111627 0.0160476 9.991E-05 9.991E-05 9.991E-05 9.991E-05 0.0577337 9.991E-05 9.991E-05 0.0136186 9.991E-05 9.991E-05 0.0101653 0.0170091 0.751871
0.022346 0.0560119 0.00406931 9.9928E-05 0.000216998 0.0261149 0.0144313 0.0343868 9.9928E-05 9.9928E-05 0.0328832 9.9928E-05 9.9928E-05 9.9928E-05 0.0264522 0.0848454 9.9928E-05 9.9928E-05 0.697442
9.9919E-05 0.0815337 0.00106935 0.122108 9.9919E-05 0.0100162 9.9919E-05 0.0190891 9.9919E-05 0.00769066 0.012378 9.9919E-05 0.00580492 0.0104908 9.9919E-05 9.9919E-05 9.9919E-05 9.9919E-05 0.72892
0.0389944 0.145963 0.0181629 9.9928E-05 9.9928E-05 0.000790862 9.9928E-05 0.000834097 0.094569 9.9928E-05 0.0245989 9.9928E-05 0.0125804 9.9928E-05 0.0190521 9.9928E-05 0.146068 9.9928E-05 0.497587
0.0244845 9.9919E-05 0.0105569 0.0878734 9.9919E-05 9.9919E-05 0.00981718 9.9919E-05 9.9919E-05 0.064369 0.0181032 0.0448794 9.9919E-05 9.9919E-05 9.9919E-05 9.9919E-05 0.0143566 0.0114006 0.71326
0.0399062 0.0120286 0.00547979 0.0311468 9.991E-05 0.0560232 9.991E-05 9.991E-05 9.991E-05 0.0448173 9.991E-05 0.097922 0.046608 9.991E-05 9.991E-05 9.991E-05 9.991E-05 9.991E-05 0.665069
9.98741E-05 9.98741E-05 0.0201131 9.98741E-05 0.010658 9.98741E-05 9.98741E-05 9.98741E-05 9.98741E-05 9.98741E-05 9.98741E-05 9.98741E-05 9.98741E-05 0.131615 9.98741E-05 0.0295757 9.98741E-05 9.98741E-05 0.80664
9.9892E-05 9.9892E-05 0.00432455 9.9892E-05 9.9892E-05 9.9892E-05 0.000728209 0.0141619 0.110629 0.00473727 9.9892E-05 9.9892E-05 9.9892E-05 9.9892E-05 9.9892E-05 9.9892E-05 0.0611337 9.9892E-05 0.803087
9.9901E-05 9.9901E-05 9.9901E-05 9.9901E-05 0.00212873 9.9901E-05 0.0264541 0.0161125 9.9901E-05 0.0090133 0.0118418 9.9901E-05 0.0223934 9.9901E-05 0.0124461 9.9901E-05 9.9901E-05 9.9901E-05 0.898511
0.0786995 0.293207 9.9901E-05 0.0379228 9.9901E-05 9.9901E-05 0.0102227 0.0143711 9.9901E-05 9.9901E-05 9.9901E-05 9.9901E-05 9.9901E-05 9.9901E-05 0.00713017 9.9901E-05 0.0587527 9.9901E-05 0.498595
9.991E-05 0.000636829 9.991E-05 9.991E-05 0.0186297 9.991E-05 9.991E-05 0.0169316 0.00555341 9.991E-05 0.056725 0.0114133 9.991E-05 9.991E-05 9.991E-05 0.10581 9.991E-05 0.00250467 0.780796
0.0356059 9.98921E-05 9.98921E-05 9.98921E-05 0.000209456 9.98921E-05 0.0107956 0.00175149 9.98921E-05 9.98921E-05 0.0336266 9.98921E-05 9.98921E-05 9.98921E-05 9.98921E-05 0.105593 9.98921E-05 9.98921E-05 0.811219
0.0572502 0.0402469 0.0611663 9.9919E-05 9.9919E-05 9.9919E-05 9.9919E-05 9.9919E-05 9.9919E-05 0.00438733 9.9919E-05 0.0233925 0.0135196 9.9919E-05 0.0285163 0.00299833 0.0357491 9.9919E-05 0.731874
9.99009E-05 0.106289 9.99009E-05 9.99009E-05 0.0133278 9.99009E-05 9.99009E-05 0.00962739 9.99009E-05 9.99009E-05 0.0196639 9.99009E-05 0.0653418 0.0304716 9.99009E-05 0.108407 9.99009E-05 9.99009E-05 0.645773
0.014439 9.99189E-05 0.0221546 0.0974376 0.0110016 0.107533 0.0113419 9.99189E-05 9.99189E-05 9.99189E-05 9.99189E-05 9.99189E-05 0.0265541 0.0630285 0.00510673 9.99189E-05 9.99189E-05 9.99189E-05 0.640503
0.00274153 0.206289 9.9928E-05 9.9928E-05 0.0176121 9.9928E-05 9.9928E-05 0.0148351 0.151197 9.9928E-05 9.9928E-05 0.0321995 0.0274937 0.0272353 9.9928E-05 9.9928E-05 0.0223017 0.0128452 0.48445
9.9928E-05 9.9928E-05 0.0335865 0.0884019 9.9928E-05 0.0923971 0.0169383 0.00358358 9.9928E-05 0.00393588 0.00179778 0.00978082 0.0618491 9.9928E-05 9.9928E-05 9.9928E-05 9.9928E-05 0.00902848 0.677901
0.0169503 0.0141044 9.9892E-05 9.9892E-05 9.9892E-05 0.0742066 9.9892E-05 0.00353311 9.9892E-05 0.0277087 9.9892E-05 9.9892E-05 9.9892E-05 0.782107 9.9892E-05 9.9892E-05 9.9892E-05 9.9892E-05 0.0801909
9.98379E-05 9.98379E-05 9.98379E-05 9.98379E-05 9.98379E-05 9.98379E-05 9.98379E-05 0.998203 9.98379E-05 9.98379E-05 9.98379E-05 9.98379E-05 9.98379E-05 9.98379E-05 9.98379E-05 9.98379E-05 9.98379E-05 9.98379E-05 9.98379E-05
9.991E-05 0.0485739 0.0363998 0.0185275 9.991E-05 9.991E-05 9.991E-05 9.991E-05 0.0568124 0.0176645 0.0434347 9.991E-05 9.991E-05 0.749902 0.0260662 9.991E-05 0.00162035 9.991E-05 9.991E-05
0.0262964 9.991E-05 0.00586572 0.0199895 9.991E-05 9.991E-05 9.991E-05 9.991E-05 9.991E-05 0.00918305 0.00615229 0.00601743 9.991E-05 9.991E-05 0.036278 0.883526 9.991E-05 9.991E-05 0.00569277
0.00722956 9.9892E-05 9.9892E-05 0.242491 9.9892E-05 9.9892E-05 9.9892E-05 0.0309607 0.25237 9.9892E-05 9.9892E-05 0.0863165 9.9892E-05 9.9892E-05 0.00948165 0.369952 9.9892E-05 9.9892E-05 9.9892E-05
9.9892E-05 9.9892E-05 9.9892E-05 0.663472 0.00742937 9.9892E-05 0.0038064 9.9892E-05 9.9892E-05 9.9892E-05 9.9892E-05 9.9892E-05 0.0168677 0.0612239 9.9892E-05 0.24088 0.005122 9.9892E-05 9.9892E-05
9.9838E-05 9.9838E-05 9.9838E-05 9.9838E-05 9.9838E-05 9.9838E-05 9.9838E-05 9.9838E-05 9.9838E-05 9.9838E-05 9.9838E-05 9.9838E-05 9.9838E-05 9.9838E-05 0.998203 9.9838E-05 9.9838E-05 9.9838E-05 9.9838E-05
9.98379E-05 9.98379E-05 9.98379E-05 9.98379E-05 9.98379E-05 9.98379E-05 9.98379E-05 0.998203 9.98379E-05 9.98379E-05 9.98379E-05 9.98379E-05 9.98379E-05 9.98379E-05 9.98379E-05 9.98379E-05 9.98379E-05 9.98379E-05 9.98379E-05
9.9937E-05 0.0848916 9.9937E-05 9.9937E-05 0.00793601 0.0239247 9.9937E-05 0.0194389 0.15742 0.00684398 0.00832248 9.9937E-05 0.0596726 0.481257 0.00638321 0.13619 0.00702027 9.9937E-05 9.9937E-05
0.0237087 9.9919E-05 0.00963723 0.449852 0.0234331 9.9919E-05 0.0127264 9.9919E-05 9.9919E-05 9.9919E-05 9.9919E-05 9.9919E-05 0.0252734 0.356737 0.00838706 9.9919E-05 0.0472693 0.0420772 9.9919E-05
0.0882602 0.003966 0.0257352 9.9937E-05 0.0172068 9.9937E-05 9.9937E-05 0.0539456 0.0667195 0.00566615 9.9937E-05 0.0857157 0.0120041 0.615985 0.023378 9.9937E-05 9.9937E-05 0.00071827 9.9937E-05
0.0826808 9.9946E-05 0.0449364 0.267687 0.00623591 9.9946E-05 0.0281159 0.0288509 0.171913 0.0236355 9.9946E-05 0.00714177 9.9946E-05 0.0968171 0.0140828 0.174435 9.9946E-05 0.0528678 9.9946E-05
0.0596354 9.9928E-05 0.0303602 0.324696 0.0117072 9.9928E-05 0.0073056 0.0966312 9.9928E-05 9.9928E-05 0.022796 9.9928E-05 9.9928E-05 0.0532088 0.0285457 0.293613 9.9928E-05 0.0707012 9.9928E-05
0.0215657 9.98919E-05 9.98919E-05 0.122703 0.014941 9.98919E-05 9.98919E-05 0.0157123 9.98919E-05 0.0140067 0.0357706 9.98919E-05 9.98919E-05 0.774102 9.98919E-05 9.98919E-05 9.98919E-05 9.98919E-05 9.98919E-05
9.9856E-05 9.9856E-05 9.9856E-05 0.946404 9.9856E-05 9.9856E-05 9.9856E-05 9.9856E-05 9.9856E-05 9.9856E-05 0.0271752 9.9856E-05 9.9856E-05 9.9856E-05 0.0248229 9.9856E-05 9.9856E-05 9.9856E-05 9.9856E-05
0.0178824 9.9928E-05 0.0117782 0.164634 9.9928E-05 9.9928E-05 0.000738728 0.0828033 0.639067 0.0138763 0.00707452 0.0363106 9.9928E-05 9.9928E-05 0.00280108 9.9928E-05 9.9928E-05 0.022235 9.9928E-05
9.991E-05 0.0448825 0.00455347 9.991E-05 0.0115069 0.00350673 9.991E-05 0.0236425 0.232722 0.0322138 9.991E-05 0.412823 9.991E-05 9.991E-05 9.991E-05 0.23315 9.991E-05 9.991E-05 9.991E-05
0.0791472 9.9928E-05 9.9928E-05 0.12738 0.0385821 9.9928E-05 0.0386699 0.0171758 9.9928E-05 0.0183236 0.0108647 0.304951 9.9928E-05 0.135686 0.0430432 9.9928E-05 9.9928E-05 9.9928E-05 0.185377
0.0725449 9.991E-05 9.991E-05 0.622912 0.00694245 9.991E-05 9.991E-05 0.00878174 0.0184717 9.991E-05 9.991E-05 9.991E-05 0.0589277 9.991E-05 9.991E-05 9.991E-05 0.0497496 0.0140351 0.146636
9.9865E-05 9.9865E-05 9.9865E-05 9.9865E-05 9.9865E-05 9.9865E-05 9.9865E-05 0.0276092 9.9865E-05 9.9865E-05 9.9865E-05 9.9865E-05 0.0515499 9.9865E-05 9.9865E-05 0.587938 9.9865E-05 9.9865E-05 0.331405
9.9838E-05 9.9838E-05 9.9838E-05 9.9838E-05 9.9838E-05 9.9838E-05 9.9838E-05 9.9838E-05 9.9838E-05 9.9838E-05 9.9838E-05 9.9838E-05 9.9838E-05 9.9838E-05 0.998203 9.9838E-05 9.9838E-05 9.9838E-05 9.9838E-05
9.9919E-05 9.9919E-05 0.0629333 9.9919E-05 0.0200426 0.0295441 0.0325853 0.0411783 9.9919E-05 9.9919E-05 9.9919E-05 0.0559996 0.0203748 9.9919E-05 0.0340341 0.557158 9.9919E-05 9.9919E-05 0.145251
0.040994 9.9919E-05 0.0158176 0.298112 0.0251278 9.9919E-05 9.9919E-05 0.0243705 0.224866 0.007979 9.9919E-05 9.9919E-05 9.9919E-05 9.9919E-05 0.0452208 0.227628 9.9919E-05 9.9919E-05 0.0889848
0.998203 9.98379E-05 9.98379E-05 9.98379E-05 9.98379E-05 9.98379E-05 9.98379E-05 9.98379E-05 9.98379E-05 9.98379E-05 9.98379E-05 9.98379E-05 9.98379E-05 9.98379E-05 9.98379E-05 9.98379E-05 9.98379E-05 9.98379E-05 9.98379E-05
0.0326154 9.9937E-05 0.0229952 9.9937E-05 0.0033602 9.9937E-05 0.00663356 0.0270525 0.388729 9.9937E-05 0.0325728 9.9937E-05 9.9937E-05 0.431394 0.0106744 0.0275835 0.0114197 0.00427051 9.9937E-05
0.0155935 9.9928E-05 0.00988845 0.701239 0.000423835 9.9928E-05 9.9928E-05 0.00373111 0.046437 0.0326259 9.9928E-05 9.9928E-05 0.078731 0.0702652 0.0264912 0.0137747 9.9928E-05 9.9928E-05 9.9928E-05
9.98741E-05 9.98741E-05 0.0466844 9.98741E-05 0.00974674 9.98741E-05 9.98741E-05 9.98741E-05 9.98741E-05 9.98741E-05 9.98741E-05 9.98741E-05 9.98741E-05 9.98741E-05 9.98741E-05 0.535226 0.246808 9.98741E-05 0.160137
9.9901E-05 9.9901E-05 9.9901E-05 9.9901E-05 0.000492454 0.000771366 9.9901E-05 0.0199537 0.125066 0.0304069 9.9901E-05 9.9901E-05 9.9901E-05 9.9901E-05 0.0408956 9.9901E-05 0.603033 9.9901E-05 0.178281
0.0420278 9.9928E-05 9.9928E-05 0.0495326 9.9928E-05 0.0380348 9.9928E-05 0.060806 0.403699 9.9928E-05 0.0176471 0.0175133 9.9928E-05 9.9928E-05 9.9928E-05 0.154006 0.155069 0.0125887 0.048276
0.994404 9.9847E-05 9.9847E-05 9.9847E-05 9.9847E-05 9.9847E-05 9.9847E-05 9.9847E-05 9.9847E-05 9.9847E-05 9.9847E-05 9.9847E-05 9.9847E-05 9.9847E-05 0.00389902 9.9847E-05 9.9847E-05 9.9847E-05 9.9847E-05
0.998203 9.9838E-05 9.9838E-05 9.9838E-05 9.9838E-05 9.9838E-05 9.9838E-05 9.9838E-05 9.9838E-05 9.9838E-05 9.9838E-05 9.9838E-05 9.9838E-05 9.9838E-05 9.9838E-05 9.9838E-05 9.9838E-05 9.9838E-05 9.9838E-05
0.043761 0.0384968 0.0289401 0.293332 9.9937E-05 0.061053 0.00844234 0.0374156 0.284627 9.9937E-05 9.9937E-05 0.0547873 0.00644192 0.128252 9.9937E-05 9.9937E-05 9.9937E-05 9.9937E-05 0.0137516
9.9838E-05 9.9838E-05 9.9838E-05 9.9838E-05 9.9838E-05 9.9838E-05 9.9838E-05 9.9838E-05 9.9838E-05 0.998203 9.9838E-05 9.9838E-05 9.9838E-05 9.9838E-05 9.9838E-05 9.9838E-05 9.9838E-05 9.9838E-05 9.9838E-05
9.9883E-05 9.9883E-05 0.00628353 9.9883E-05 0.0119957 9.9883E-05 0.0122208 9.9883E-05 0.906148 9.9883E-05 9.9883E-05 9.9883E-05 9.9883E-05 9.9883E-05 0.0616037 9.9883E-05 9.9883E-05 9.9883E-05 0.000449377
9.9847E-05 9.9847E-05 9.9847E-05 9.9847E-05 9.9847E-05 9.9847E-05 9.9847E-05 9.9847E-05 9.9847E-05 9.9847E-05 9.9847E-05 9.9847E-05 9.9847E-05 0.983648 0.0146546 9.9847E-05 9.9847E-05 9.9847E-05 9.9847E-05
9.99011E-05 9.99011E-05 0.000217111 9.99011E-05 9.99011E-05 0.117191 0.0340808 9.99011E-05 0.100029 0.0684058 0.031508 9.99011E-05 0.000763038 9.99011E-05 9.99011E-05 0.646707 9.99011E-05 9.99011E-05 9.99011E-05
9.9928E-05 0.135515 0.017407 9.9928E-05 0.0212483 9.9928E-05 9.9928E-05 9.9928E-05 0.42029 0.0240509 0.00386106 9.9928E-05 0.00136624 0.151731 0.00509679 0.14081 9.9928E-05 0.0778242 9.9928E-05
9.9847E-05 9.9847E-05 9.9847E-05 9.9847E-05 9.9847E-05 9.9847E-05 9.9847E-05 9.9847E-05 0.984759 9.9847E-05 0.0135433 9.9847E-05 9.9847E-05 9.9847E-05 9.9847E-05 9.9847E-05 9.9847E-05 9.9847E-05 9.9847E-05
0.0631789 0.071713 9.9937E-05 0.177591 9.9937E-05 9.9937E-05 0.0311544 0.0569349 0.0992667 0.0240256 0.0581291 9.9937E-05 9.9937E-05 0.0505453 0.00618963 0.306924 9.9937E-05 0.0536479 9.9937E-05
0.0352372 0.160451 0.0208549 9.9937E-05 0.0428326 9.9937E-05 9.9937E-05 0.0190358 0.0561875 0.0194041 0.0136205 0.108018 9.9937E-05 9.9937E-05 0.0431754 0.430055 0.0504284 9.9937E-05 9.9937E-05
0.0366342 9.9892E-05 9.9892E-05 9.9892E-05 0.0381039 9.9892E-05 9.9892E-05 0.0209888 0.796278 9.9892E-05 9.9892E-05 9.9892E-05 0.0463487 0.0213164 9.9892E-05 9.9892E-05 9.9892E-05 9.9892E-05 0.0391318
0.123754 9.9883E-05 9.9883E-05 0.151887 0.0236215 9.9883E-05 9.9883E-05 0.00510712 0.694081 9.9883E-05 9.9883E-05 9.9883E-05 9.9883E-05 9.9883E-05 9.9883E-05 9.9883E-05 9.9883E-05 0.000250431 9.9883E-05
9.9892E-05 0.0299479 9.9892E-05 9.9892E-05 0.0469869 9.9892E-05 9.9892E-05 0.0596345 9.9892E-05 0.0453588 9.9892E-05 9.9892E-05 0.0126116 0.630125 9.9892E-05 0.174137 9.9892E-05 9.9892E-05 9.9892E-05
9.9874E-05 9.9874E-05 9.9874E-05 9.9874E-05 9.9874E-05 9.9874E-05 0.0164315 9.9874E-05 9.9874E-05 9.9874E-05 0.0320286 9.9874E-05 9.9874E-05 0.0679958 9.9874E-05 0.881003 9.9874E-05 0.0011431 9.9874E-05
0.0483338 9.9955E-05 0.0826632 9.9955E-05 0.0146549 0.0359039 0.00983266 0.0534335 0.122706 0.00243788 0.00570083 9.9955E-05 9.9955E-05 0.37822 0.0269226 0.166555 0.0375085 9.9955E-05 0.0146276
9.98379E-05 9.98379E-05 9.98379E-05 0.998203 9.98379E-05 9.98379E-05 9.98379E-05 9.98379E-05 9.98379E-05 9.98379E-05 9.98379E-05 9.98379E-05 9.98379E-05 9.98379E-05 9.98379E-05 9.98379E-05 9.98379E-05 9.98379E-05 9.98379E-05
9.9838E-05 9.9838E-05 0.998203 9.9838E-05 9.9838E-05 9.9838E-05 9.9838E-05 9.9838E-05 9.9838E-05 9.9838E-05 9.9838E-05 9.9838E-05 9.9838E-05 9.9838E-05 9.9838E-05 9.9838E-05 9.9838E-05 9.9838E-05 9.9838E-05
0.0232647 9.9955E-05 0.0145994 0.0480357 0.0173441 0.035312 0.00370135 0.0374952 9.9955E-05 0.0191566 0.0195687 0.103087 0.0367821 9.9955E-05 0.00981839 0.58106 9.9955E-05 9.9955E-05 0.0502748
9.98379E-05 9.98379E-05 9.98379E-05 9.98379E-05 9.98379E-05 9.98379E-05 9.98379E-05 9.98379E-05 0.998203 9.98379E-05 9.98379E-05 9.98379E-05 9.98379E-05 9.98379E-05 9.98379E-05 9.98379E-05 9.98379E-05 9.98379E-05 9.98379E-05
9.9928E-05 0.0336271 0.0133406 0.206077 9.9928E-05 9.9928E-05 0.00334862 9.9928E-05 0.0187696 0.00620915 9.9928E-05 0.000149761 0.0249664 9.9928E-05 0.0168604 0.618217 0.0576351 9.9928E-05 9.9928E-05
9.98379E-05 9.98379E-05 9.98379E-05 0.998203 9.98379E-05 9.98379E-05 9.98379E-05 9.98379E-05 9.98379E-05 9.98379E-05 9.98379E-05 9.98379E-05 9.98379E-05 9.98379E-05 9.98379E-05 9.98379E-05 9.98379E-05 9.98379E-05 9.98379E-05
0.0186926 9.9901E-05 9.9901E-05 0.100607 0.0256857 9.9901E-05 9.9901E-05 0.00387221 0.158167 9.9901E-05 9.9901E-05 0.101446 9.9901E-05 9.9901E-05 9.9901E-05 0.580839 9.9901E-05 9.9901E-05 0.00959146
0.0480892 0.0236236 0.00777509 0.0588331 0.0122971 9.99369E-05 0.0103421 9.99369E-05 0.349155 9.99369E-05 9.99369E-05 0.121098 0.0401648 9.99369E-05 9.99369E-05 0.319623 9.99369E-05 0.00722967 0.00106931
9.9838E-05 9.9838E-05 9.9838E-05 9.9838E-05 0.998203 9.9838E-05 9.9838E-05 9.9838E-05 9.9838E-05 9.9838E-05 9.9838E-05 9.9838E-05 9.9838E-05 9.9838E-05 9.9838E-05 9.9838E-05 9.9838E-05 9.9838E-05 9.9838E-05
9.9838E-05 9.9838E-05 0.998203 9.9838E-05 9.9838E-05 9.9838E-05 9.9838E-05 9.9838E-05 9.9838E-05 9.9838E-05 9.9838E-05 9.9838E-05 9.9838E-05 9.9838E-05 9.9838E-05 9.9838E-05 9.9838E-05 9.9838E-05 9.9838E-05
9.9838E-05 9.9838E-05 9.9838E-05 9.9838E-05 0.998203 9.9838E-05 9.9838E-05 9.9838E-05 9.9838E-05 9.9838E-05 9.9838E-05 9.9838E-05 9.9838E-05 9.9838E-05 9.9838E-05 9.9838E-05 9.9838E-05 9.9838E-05 9.9838E-05
9.9847E-05 9.9847E-05 9.9847E-05 9.9847E-05 9.9847E-05 9.9847E-05 9.9847E-05 9.9847E-05 9.9847E-05 9.9847E-05 9.9847E-05 9.9847E-05 9.9847E-05 9.9847E-05 0.00383613 0.994466 9.9847E-05 9.9847E-05 9.9847E-05
9.9928E-05 9.9928E-05 0.0144284 9.9928E-05 0.0129157 0.0778493 0.035274 0.0277339 0.129001 0.0192276 0.00902314 9.9928E-05 9.9928E-05 9.9928E-05 0.0356207 0.624149 9.9928E-05 0.0139786 9.9928E-05
9.9919E-05 9.9919E-05 0.0422405 9.9919E-05 0.00595905 9.9919E-05 9.9919E-05 0.0185678 0.445264 0.0200469 9.9919E-05 9.9919E-05 0.0519132 9.9919E-05 0.00144846 0.35438 0.0465485 0.0127327 9.9919E-05
9.9892E-05 9.9892E-05 0.00868201 0.0881124 0.0208862 9.9892E-05 0.00728815 9.9892E-05 9.9892E-05 9.9892E-05 9.9892E-05 9.9892E-05 9.9892E-05 0.135652 9.9892E-05 0.736217 9.9892E-05 9.9892E-05 0.00196403
9.98379E-05 9.98379E-05 9.98379E-05 9.98379E-05 9.98379E-05 9.98379E-05 9.98379E-05 9.98379E-05 9.98379E-05 9.98379E-05 9.98379E-05 9.98379E-05 9.98379E-05 0.998203 9.98379E-05 9.98379E-05 9.98379E-05 9.98379E-05 9.98379E-05
9.9838E-05 9.9838E-05 9.9838E-05 9.9838E-05 9.9838E-05 9.9838E-05 9.9838E-05 9.9838E-05 9.9838E-05 0.998203 9.9838E-05 9.9838E-05 9.9838E-05 9.9838E-05 9.9838E-05 9.9838E-05 9.9838E-05 9.9838E-05 9.9838E-05
0.00294383 0.0846216 0.0192031 9.9919E-05 0.0309066 9.9919E-05 9.9919E-05 9.9919E-05 0.123103 0.0497168 0.0453259 9.9919E-05 9.9919E-05 0.590147 9.9919E-05 0.0398207 9.9919E-05 0.0133118 9.9919E-05
0.0179874 9.9892E-05 9.9892E-05 9.9892E-05 9.9892E-05 0.00933514 0.0180453 0.0412745 0.116365 9.9892E-05 9.9892E-05 0.678154 9.9892E-05 9.9892E-05 9.9892E-05 0.117641 9.9892E-05 9.9892E-05 9.9892E-05
0.0777512 9.98651E-05 9.98651E-05 9.98651E-05 0.00349088 9.98651E-05 9.98651E-05 9.98651E-05 9.98651E-05 9.98651E-05 9.98651E-05 0.88129 9.98651E-05 9.98651E-05 0.0359695 9.98651E-05 9.98651E-05 9.98651E-05 9.98651E-05
0.0515801 0.0221152 0.0112141 9.9919E-05 0.0222608 9.9919E-05 0.0311087 9.9919E-05 9.9919E-05 0.00241103 0.00818412 0.834801 9.9919E-05 0.0079232 0.00750239 9.9919E-05 9.9919E-05 9.9919E-05 9.9919E-05
9.9883E-05 0.0694726 9.9883E-05 9.9883E-05 9.9883E-05 9.9883E-05 9.9883E-05 9.9883E-05 9.9883E-05 0.00734176 0.0137306 0.787472 9.9883E-05 9.9883E-05 0.0110487 0.109636 9.9883E-05 9.9883E-05 9.9883E-05
9.9892E-05 9.9892E-05 0.00244098 9.9892E-05 0.0101341 0.0755108 9.9892E-05 0.00157107 0.17642 9.9892E-05 9.9892E-05 0.718785 9.9892E-05 9.9892E-05 9.9892E-05 9.9892E-05 9.9892E-05 0.0139391 9.9892E-05
9.98651E-05 9.98651E-05 9.98651E-05 9.98651E-05 9.98651E-05 9.98651E-05 0.0107947 0.0209174 9.98651E-05 9.98651E-05 9.98651E-05 0.941882 9.98651E-05 9.98651E-05 9.98651E-05 9.98651E-05 0.0249081 9.98651E-05 9.98651E-05
9.9856E-05 9.9856E-05 9.9856E-05 9.9856E-05 9.9856E-05 9.9856E-05 9.9856E-05 9.9856E-05 9.9856E-05 9.9856E-05 0.0184274 0.964097 9.9856E-05 9.9856E-05 9.9856E-05 9.9856E-05 0.0158777 9.9856E-05 9.9856E-05
0.0178784 9.9901E-05 0.000497539 9.9901E-05 9.9901E-05 9.9901E-05 9.9901E-05 9.9901E-05 9.9901E-05 0.00375024 0.00191585 0.834897 0.0204069 0.114185 9.9901E-05 9.9901E-05 9.9901E-05 0.00537081 9.9901E-05
9.9901E-05 9.9901E-05 0.00355178 9.9901E-05 0.0179793 9.9901E-05 0.00761144 0.00330654 0.0336308 9.9901E-05 9.9901E-05 0.847368 9.9901E-05 9.9901E-05 9.9901E-05 9.9901E-05 0.0325073 9.9901E-05 0.0529459
9.9901E-05 9.9901E-05 0.0242959 9.9901E-05 9.9901E-05 0.0207135 0.0384137 9.9901E-05 9.9901E-05 0.000496309 9.9901E-05 0.573484 9.9901E-05 9.9901E-05 0.0303255 0.266563 9.9901E-05 9.9901E-05 0.0446089
9.99099E-05 9.99099E-05 9.99099E-05 0.098985 9.99099E-05 9.99099E-05 9.99099E-05 0.00625602 9.99099E-05 0.00774176 0.011707 0.64059 9.99099E-05 0.115759 9.99099E-05 9.99099E-05 0.026017 0.0719452 0.0199993
9.9919E-05 9.9919E-05 0.00233285 0.0166853 0.0219292 0.673234 9.9919E-05 9.9919E-05 9.9919E-05 0.01785 9.9919E-05 0.130154 0.00329036 9.9919E-05 0.00526108 9.9919E-05 0.1073 9.9919E-05 0.0210634
0.0196021 0.029545 0.015744 0.00693499 9.9919E-05 0.441996 0.0165189 9.9919E-05 9.9919E-05 9.9919E-05 0.0335807 0.127814 9.9919E-05 9.9919E-05 0.00527475 9.9919E-05 0.30209 9.9919E-05 9.9919E-05
0.0545012 0.0199247 0.00803588 9.9928E-05 0.0138159 0.692555 0.0143859 0.0113251 0.0774314 9.9928E-05 9.9928E-05 9.9928E-05 0.0157888 9.9928E-05 9.9928E-05 9.9928E-05 9.9928E-05 0.0593921 0.0320441
0.0128079 9.99101E-05 9.99101E-05 0.0133304 0.00715477 0.572617 9.99101E-05 9.99101E-05 9.99101E-05 0.0158327 9.99101E-05 9.99101E-05 0.0562293 9.99101E-05 9.99101E-05 9.99101E-05 0.117415 0.0171724 0.186442
9.9892E-05 9.9892E-05 9.9892E-05 9.9892E-05 9.9892E-05 0.677427 0.0429105 9.9892E-05 9.9892E-05 9.9892E-05 0.0326364 9.9892E-05 9.9892E-05 0.0226173 0.0602771 0.0745323 9.9892E-05 9.9892E-05 0.0884004
9.9901E-05 9.9901E-05 9.9901E-05 9.9901E-05 0.00979414 0.579489 0.0222065 9.9901E-05 0.0922368 0.0265848 9.9901E-05 0.0976501 9.9901E-05 9.9901E-05 0.00824568 9.9901E-05 0.162694 9.9901E-05 9.9901E-05
9.9883E-05 9.9883E-05 0.067299 9.9883E-05 9.9883E-05 0.717018 9.9883E-05 9.9883E-05 9.9883E-05 9.9883E-05 9.9883E-05 0.0465807 0.00463642 9.9883E-05 9.9883E-05 9.9883E-05 9.9883E-05 0.040145 0.123022
0.0829136 9.98921E-05 9.98921E-05 0.0918402 0.00288419 0.687376 0.0195643 9.98921E-05 9.98921E-05 9.98921E-05 0.0149235 9.98921E-05 9.98921E-05 9.98921E-05 9.98921E-05 9.98921E-05 0.0992998 9.98921E-05 9.98921E-05
0.0665478 0.0241042 0.000842548 0.0741907 0.0583348 0.577828 9.99459E-05 0.016294 0.0429965 0.0416276 0.0278278 9.99459E-05 9.99459E-05 0.00206977 9.99459E-05 9.99459E-05 9.99459E-05 0.0518456 0.0148914
9.98651E-05 9.98651E-05 0.00777229 9.98651E-05 9.98651E-05 0.650636 9.98651E-05 9.98651E-05 9.98651E-05 9.98651E-05 9.98651E-05 0.143177 9.98651E-05 9.98651E-05 9.98651E-05 9.98651E-05 9.98651E-05 9.98651E-05 0.196916
0.0283208 9.9892E-05 9.9892E-05 9.9892E-05 9.9892E-05 0.788553 0.017986 0.0500086 9.9892E-05 9.9892E-05 0.0180197 9.9892E-05 9.9892E-05 9.9892E-05 0.0258015 9.9892E-05 9.9892E-05 9.9892E-05 0.0701115
9.9883E-05 9.9883E-05 9.9883E-05 9.9883E-05 9.9883E-05 0.271737 0.00736788 0.048134 9.9883E-05 9.9883E-05 9.9883E-05 9.9883E-05 0.0384039 9.9883E-05 9.9883E-05 9.9883E-05 0.496945 9.9883E-05 0.136113
9.9892E-05 9.9892E-05 9.9892E-05 9.9892E-05 9.9892E-05 0.345617 0.0111765 9.9892E-05 9.9892E-05 9.9892E-05 9.9892E-05 9.9892E-05 0.0130828 9.9892E-05 9.9892E-05 0.191122 0.300873 0.0593696 0.0775611
9.9919E-05 0.15164 9.9919E-05 9.9919E-05 0.00100003 0.329054 9.9919E-05 0.029125 0.0883051 0.0390854 0.0107504 0.061497 9.9919E-05 9.9919E-05 9.9919E-05 0.0788341 0.20981 9.9919E-05 9.9919E-05
9.9892E-05 9.9892E-05 9.9892E-05 0.0469485 9.9892E-05 9.9892E-05 9.9892E-05 0.0180438 9.9892E-05 0.0202186 0.0294071 9.9892E-05 9.9892E-05 9.9892E-05 9.9892E-05 0.0711963 0.779312 0.0336749 9.9892E-05
0.0144458 9.9883E-05 9.9883E-05 9.9883E-05 9.9883E-05 9.9883E-05 9.9883E-05 0.0158893 0.0615609 9.9883E-05 0.0265915 9.9883E-05 9.9883E-05 9.9883E-05 0.0205164 9.9883E-05 0.859698 9.9883E-05 9.9883E-05
9.9856E-05 9.9856E-05 9.9856E-05 9.9856E-05 0.0134303 9.9856E-05 9.9856E-05 0.0378338 9.9856E-05 9.9856E-05 9.9856E-05 9.9856E-05 9.9856E-05 9.9856E-05 9.9856E-05 9.9856E-05 0.947138 9.9856E-05 9.9856E-05
0.00095591 9.9892E-05 9.9892E-05 9.9892E-05 0.00691261 9.9892E-05 0.00439482 0.0025582 9.9892E-05 9.9892E-05 0.0152777 9.9892E-05 9.9892E-05 0.112028 9.9892E-05 9.9892E-05 0.856674 9.9892E-05 9.9892E-05
9.98471E-05 9.98471E-05 9.98471E-05 9.98471E-05 9.98471E-05 9.98471E-05 9.98471E-05 9.98471E-05 9.98471E-05 0.00150012 9.98471E-05 9.98471E-05 9.98471E-05 9.98471E-05 9.98471E-05 9.98471E-05 0.996802 9.98471E-05 9.98471E-05
9.99009E-05 0.088246 9.99009E-05 9.99009E-05 9.99009E-05 0.176314 0.0126142 9.99009E-05 0.0807424 9.99009E-05 0.00492701 9.99009E-05 9.99009E-05 0.00753301 0.0369513 9.99009E-05 0.591573 9.99009E-05 9.99009E-05
9.991E-05 0.0824837 0.022488 9.991E-05 9.991E-05 0.0584109 9.991E-05 9.991E-05 0.131254 0.0101564 0.0134522 9.991E-05 9.991E-05 9.991E-05 0.0162967 9.991E-05 0.625761 0.0386987 9.991E-05
0.078417 9.9874E-05 0.00181047 9.9874E-05 0.00345763 9.9874E-05 9.9874E-05 9.9874E-05 9.9874E-05 9.9874E-05 9.9874E-05 0.0183176 9.9874E-05 9.9874E-05 9.9874E-05 9.9874E-05 0.896599 9.9874E-05 9.9874E-05
9.9892E-05 9.9892E-05 0.0106827 9.9892E-05 0.0141323 0.724791 9.9892E-05 9.9892E-05 9.9892E-05 9.9892E-05 9.9892E-05 0.00159044 9.9892E-05 9.9892E-05 0.00301412 0.195131 0.0494592 9.9892E-05 9.9892E-05
0.0150942 9.9901E-05 9.9901E-05 9.9901E-05 9.9901E-05 0.752831 9.9901E-05 0.00847224 0.112515 0.0135079 0.0124647 9.9901E-05 9.9901E-05 9.9901E-05 9.9901E-05 0.0490029 0.0350128 9.9901E-05 9.9901E-05
0.0372318 0.0499609 0.0180599 9.9937E-05 9.9937E-05 0.683559 9.9937E-05 0.0196361 9.9937E-05 0.0277159 0.0103719 9.9937E-05 0.0375011 0.0461421 0.0067302 0.0241705 9.9937E-05 0.0382208 9.9937E-05
9.9883E-05 0.0147015 9.9883E-05 9.9883E-05 9.9883E-05 0.656296 9.9883E-05 9.9883E-05 0.238832 0.00659918 9.9883E-05 9.9883E-05 9.9883E-05 9.9883E-05 9.9883E-05 9.9883E-05 0.0474514 0.0348213 9.9883E-05
0.00236517 0.048301 9.991E-05 9.991E-05 0.0471856 0.741424 0.0417392 0.0154885 0.0557653 0.0442115 0.00252059 9.991E-05 9.991E-05 9.991E-05 9.991E-05 9.991E-05 9.991E-05 9.991E-05 9.991E-05
9.9928E-05 0.16453 0.000379317 9.9928E-05 9.9928E-05 0.626339 9.9928E-05 0.0271965 9.9928E-05 0.00466389 0.00358411 9.9928E-05 0.0444897 0.0167793 0.0116578 0.0920062 0.00757436 9.9928E-05 9.9928E-05
0.0656426 0.158821 9.9901E-05 9.9901E-05 9.9901E-05 0.498357 0.014006 0.0245279 9.9901E-05 9.9901E-05 0.0266874 9.9901E-05 9.9901E-05 0.0811783 9.9901E-05 9.9901E-05 0.129681 9.9901E-05 9.9901E-05
0.00259187 9.99101E-05 0.00592868 0.0590383 0.00773302 0.789702 9.99101E-05 0.0232925 9.99101E-05 9.99101E-05 9.99101E-05 9.99101E-05 9.99101E-05 9.99101E-05 9.99101E-05 0.00275036 9.99101E-05 0.0362129 0.071751
9.991E-05 9.991E-05 0.0247439 0.0141399 0.00913644 0.64596 9.991E-05 0.0351812 0.0170433 9.991E-05 9.991E-05 0.0215904 9.991E-05 9.991E-05 9.991E-05 9.991E-05 0.176599 9.991E-05 0.0546065
9.9919E-05 9.9919E-05 0.00415262 0.063675 0.000462876 0.646215 0.0201118 9.9919E-05 0.0730032 9.9919E-05 0.0240243 9.9919E-05 0.00205903 9.9919E-05 9.9919E-05 0.0500452 9.9919E-05 9.9919E-05 0.115352
0.060057 9.9892E-05 9.9892E-05 9.9892E-05 9.9892E-05 0.541362 9.9892E-05 9.9892E-05 0.0466358 9.9892E-05 0.0181022 9.9892E-05 9.9892E-05 9.9892E-05 9.9892E-05 9.9892E-05 0.166191 0.0939248 0.0725279
0.0760339 9.9919E-05 0.0254573 0.0406428 0.0181167 0.588987 9.9919E-05 0.0173871 9.9919E-05 0.0189026 0.0110567 9.9919E-05 9.9919E-05 9.9919E-05 9.9919E-05 9.9919E-05 0.160511 0.0420059 9.9919E-05
0.00517068 9.991E-05 9.991E-05 9.991E-05 0.0107947 0.807212 0.0215192 9.991E-05 9.991E-05 0.00325897 0.0245366 9.991E-05 9.991E-05 0.0683759 0.00261643 0.0555165 9.991E-05 9.991E-05 9.991E-05
9.9901E-05 0.639137 9.9901E-05 9.9901E-05 0.0199169 0.104127 9.9901E-05 0.0266647 9.9901E-05 9.9901E-05 0.0215354 0.0294766 9.9901E-05 9.9901E-05 0.00155176 9.9901E-05 9.9901E-05 9.9901E-05 0.156491
9.9883E-05 0.867962 0.00601415 9.9883E-05 9.9883E-05 0.0130588 9.9883E-05 9.9883E-05 9.9883E-05 0.0229528 9.9883E-05 9.9883E-05 9.9883E-05 9.9883E-05 0.0056863 0.0830271 9.9883E-05 9.9883E-05 9.9883E-05
9.9883E-05 0.945961 9.9883E-05 9.9883E-05 9.9883E-05 9.9883E-05 9.9883E-05 0.0101937 9.9883E-05 0.0149499 0.00587786 9.9883E-05 9.9883E-05 9.9883E-05 0.0155517 0.00616728 9.9883E-05 9.9883E-05 9.9883E-05
0.0141145 0.88674 0.00600455 9.9883E-05 9.9883E-05 9.9883E-05 9.9883E-05 0.00765425 9.9883E-05 9.9883E-05 9.9883E-05 9.9883E-05 0.0404773 9.9883E-05 9.9883E-05 0.0437106 9.9883E-05 9.9883E-05 9.9883E-05
0.0272406 0.907354 9.98651E-05 9.98651E-05 9.98651E-05 9.98651E-05 0.0046901 9.98651E-05 9.98651E-05 9.98651E-05 9.98651E-05 9.98651E-05 9.98651E-05 0.0592177 9.98651E-05 9.98651E-05 9.98651E-05 9.98651E-05 9.98651E-05
9.9892E-05 0.86784 0.00936194 9.9892E-05 0.0238606 9.9892E-05 0.0111867 9.9892E-05 9.9892E-05 0.00502824 9.9892E-05 9.9892E-05 9.9892E-05 0.0118301 9.9892E-05 9.9892E-05 9.9892E-05 9.9892E-05 0.069694
9.98381E-05 0.998203 9.98381E-05 9.98381E-05 9.98381E-05 9.98381E-05 9.98381E-05 9.98381E-05 9.98381E-05 9.98381E-05 9.98381E-05 9.98381E-05 9.98381E-05 9.98381E-05 9.98381E-05 9.98381E-05 9.98381E-05 9.98381E-05 9.98381E-05
0.00646009 0.537371 9.9883E-05 9.9883E-05 9.9883E-05 9.9883E-05 9.9883E-05 9.9883E-05 0.192931 9.9883E-05 9.9883E-05 9.9883E-05 0.0334531 9.9883E-05 9.9883E-05 9.9883E-05 9.9883E-05 0.0985498 0.129937
