9.9946E-05 9.9946E-05 9.9946E-05 0.940843 0.0585569 9.9946E-05 9.9946E-05 9.9946E-05
0.00462651 9.9973E-05 9.9973E-05 0.692643 0.159848 0.0970478 0.0455341 9.9973E-05
0.0292458 0.0820235 9.9973E-05 0.778723 0.0963641 9.9973E-05 0.0133438 9.9973E-05
9.9973E-05 0.0221603 9.9973E-05 0.81456 0.0998852 9.9973E-05 0.0430394 0.0200554
0.0156556 0.0124463 0.0343393 0.794652 0.0358247 0.032721 0.0467175 0.027644
9.9955E-05 9.9955E-05 9.9955E-05 0.885196 0.0721097 9.9955E-05 0.0421941 9.9955E-05
0.00777884 0.00163295 0.000270247 0.900752 9.9982E-05 9.9982E-05 0.0757341 0.0136322
9.9988E-05 0.00851105 0.0284613 0.84053 0.069978 0.0144418 0.0378774 9.9988E-05
0.00216374 0.040679 9.9982E-05 0.813958 0.0744707 0.0102694 0.0582595 9.9982E-05
0.0137193 0.049537 9.9973E-05 0.777489 0.150991 9.9973E-05 9.9973E-05 0.00796334
0.0165483 9.9973E-05 9.9973E-05 0.692751 0.247861 0.002543 0.0399968 9.9973E-05
0.00994286 9.9964E-05 9.9964E-05 0.725801 0.228678 9.9964E-05 9.9964E-05 0.0351783
0.00964305 0.0754884 9.9982E-05 0.797817 0.0605267 0.0366964 9.9982E-05 0.0196288
0.0155135 0.0315012 0.0142462 0.722689 0.0853457 0.00428448 0.12632 9.9991E-05
9.9973E-05 0.0981486 9.9973E-05 0.805532 0.0542852 9.9973E-05 0.0357905 0.00594366
9.9955E-05 9.9955E-05 0.00498848 0.873416 9.9955E-05 9.9955E-05 0.121096 9.9955E-05
9.9955E-05 9.9955E-05 0.0275587 0.963742 9.9955E-05 9.9955E-05 9.9955E-05 0.00819914
9.9946E-05 9.9946E-05 0.0442699 0.95513 9.9946E-05 9.9946E-05 9.9946E-05 9.9946E-05
9.9946E-05 9.9946E-05 0.0785342 0.920866 9.9946E-05 9.9946E-05 9.9946E-05 9.9946E-05
0.00538577 0.0299099 0.0252475 0.895612 9.9973E-05 9.9973E-05 9.9973E-05 0.0435452
0.9993 9.994E-05 9.994E-05 9.994E-05 9.994E-05 9.994E-05 9.994E-05 9.994E-05
0.0323417 0.631082 9.9955E-05 9.9955E-05 0.336077 9.9955E-05 9.9955E-05 9.9955E-05
0.0257001 0.735579 0.0614654 0.0385874 0.138368 9.9973E-05 9.9973E-05 9.9973E-05
0.0282279 0.850029 0.0789364 9.9964E-05 0.0424073 9.9964E-05 9.9964E-05 9.9964E-05
0.0237803 0.97562 9.9946E-05 9.9946E-05 9.9946E-05 9.9946E-05 9.9946E-05 9.9946E-05
0.00358034 0.99582 9.9946E-05 9.9946E-05 9.9946E-05 9.9946E-05 9.9946E-05 9.9946E-05
0.0325286 0.831286 0.135686 9.9955E-05 9.9955E-05 9.9955E-05 9.9955E-05 9.9955E-05
0.9993 9.994E-05 9.994E-05 9.994E-05 9.994E-05 9.994E-05 9.994E-05 9.994E-05
0.0474778 0.858594 9.9973E-05 0.00700127 9.9973E-05 9.9973E-05 0.0512588 0.035368
9.9973E-05 0.814616 0.0981348 0.0225195 9.9973E-05 0.0566267 9.9973E-05 0.00780318
0.055766 0.805504 9.9964E-05 9.9964E-05 0.0525955 9.9964E-05 0.0857345 9.9964E-05
0.0492457 0.77128 0.178974 9.9955E-05 9.9955E-05 9.9955E-05 9.9955E-05 9.9955E-05
0.0813563 0.736447 0.120884 0.0219259 9.9973E-05 9.9973E-05 0.0390868 9.9973E-05
0.0563455 0.647382 9.9982E-05 9.9982E-05 0.0863226 0.0953103 0.0861432 0.0282965
0.0243075 0.696138 0.0329229 0.000930183 0.0924995 0.101353 0.015292 0.0365573
0.0322414 0.429368 9.9991E-05 0.0223108 0.324556 0.11334 0.072307 0.00577678
0.0188795 0.732745 0.175274 0.00661775 9.9982E-05 0.0538179 9.9982E-05 0.0124663
0.0216499 0.00258116 0.740294 9.9982E-05 0.151067 0.0799503 0.00425748 9.9982E-05
9.9964E-05 9.9964E-05 0.640021 9.9964E-05 0.218282 0.118951 9.9964E-05 0.022346
9.9982E-05 0.0529268 0.742529 0.0171218 0.0537046 0.0960275 0.0374901 9.9982E-05
9.9964E-05 9.9964E-05 0.796731 0.0472088 9.9964E-05 0.0924285 0.0632316 9.9964E-05
0.0294519 9.9982E-05 0.716022 0.0375351 0.163808 0.0203135 9.9982E-05 0.0326693
0.0206627 9.9982E-05 0.848814 0.0200993 0.0543807 0.0304891 9.9982E-05 0.0253546
0.0121294 9.9991E-05 0.669139 0.0694677 0.0898335 0.0444715 0.0867414 0.028117
0.0218333 0.0130414 0.716715 9.9991E-05 0.146992 0.0566044 0.0226632 0.0220509
9.9982E-05 0.0628142 0.695353 0.0495513 0.0686675 9.9982E-05 0.0688814 0.054533
9.9973E-05 0.0131498 0.839922 9.9973E-05 9.9973E-05 0.0803075 0.036843 0.0294774
0.0183198 9.9991E-05 0.783595 0.0219245 0.145713 0.00409898 0.0188797 0.00736886
0.0462145 9.9964E-05 0.910353 0.0393332 9.9964E-05 9.9964E-05 9.9964E-05 0.00369897
0.0218755 9.9982E-05 0.648801 9.9982E-05 0.255571 0.0270143 0.0460722 0.000466048
0.013649 0.00534234 0.756594 9.9973E-05 0.220108 9.9973E-05 9.9973E-05 0.00400669
0.0211203 0.0199978 0.885434 9.9973E-05 9.9973E-05 0.0292552 0.0438924 9.9973E-05
0.00865273 9.9964E-05 0.918432 0.0083174 9.9964E-05 9.9964E-05 9.9964E-05 0.0641984
0.000827298 9.9964E-05 0.731194 0.099655 0.167923 9.9964E-05 9.9964E-05 9.9964E-05
0.0141263 9.9991E-05 0.755406 0.041086 0.0395328 0.0343193 0.0589014 0.0565282
9.9982E-05 0.0328476 0.592684 0.0206835 0.232898 0.0755642 0.0451228 9.9982E-05
0.0237843 0.0450986 0.708354 0.0711124 0.0582383 9.9991E-05 0.0353937 0.0579186
9.999E-05 0.0728438 0.163024 0.0367979 0.21288 0.440404 0.00470993 0.0692409
0.0544613 9.9973E-05 9.9973E-05 0.0323617 0.114833 0.758856 9.9973E-05 0.0391879
0.00546672 0.0175393 9.9982E-05 0.00983937 0.346239 0.467265 9.9982E-05 0.153451
9.9973E-05 9.9973E-05 0.0208719 0.0072199 0.279167 0.52602 9.9973E-05 0.166421
9.9973E-05 0.0820381 9.9973E-05 9.9973E-05 0.118756 0.678319 0.0128376 0.10775
0.0273022 9.9982E-05 0.162867 0.0449682 9.9982E-05 0.664087 0.0159903 0.084585
0.0150154 9.9982E-05 0.105043 0.0136541 9.9982E-05 0.721545 0.0382769 0.106265
0.0459806 9.9973E-05 0.0223547 9.9973E-05 9.9973E-05 0.781424 0.0526836 0.0972571
0.00129146 9.9982E-05 9.9982E-05 0.0740731 0.319755 0.505523 0.000635028 0.0985233
0.0376227 0.158919 0.12003 0.0635327 9.9982E-05 0.549676 9.9982E-05 0.0700201
9.9982E-05 0.091287 0.0762644 0.0196283 0.0490048 0.620422 9.9982E-05 0.143193
0.0222332 0.105869 0.0437554 9.9973E-05 9.9973E-05 0.681306 9.9973E-05 0.146537
0.0171737 0.0715777 9.9991E-05 0.0515835 0.0145617 0.663755 0.0500811 0.131167
9.9973E-05 0.0357048 0.109067 0.0575751 9.9973E-05 0.679915 9.9973E-05 0.117438
0.0119105 0.0358602 0.148088 0.00312987 9.9982E-05 0.693971 9.9982E-05 0.10684
0.0137705 0.149671 0.0558053 0.0201582 0.0229205 0.616131 9.9991E-05 0.121443
0.00363944 0.107119 9.9982E-05 9.9982E-05 0.305685 0.492266 0.00575132 0.0853391
0.0544931 0.060383 0.321917 9.9982E-05 9.9982E-05 0.501817 0.0211328 0.0400579
9.9973E-05 0.0369138 0.28839 0.0911099 9.9973E-05 0.530188 9.9973E-05 0.0530981
9.9973E-05 9.9973E-05 0.443893 0.090182 0.0567133 0.352352 9.9973E-05 0.0565594
0.017087 9.9964E-05 0.128424 9.9964E-05 9.9964E-05 0.74967 9.9964E-05 0.104419
0.0474649 0.0550537 0.20103 0.0562958 0.0510676 0.413552 0.0510432 0.124492
9.9973E-05 0.0288978 0.203511 9.9973E-05 9.9973E-05 0.609096 0.00151563 0.156679
0.0144944 0.0934898 0.174161 0.0658398 9.9991E-05 0.522885 0.0116132 0.117416
9.9982E-05 0.0898946 0.0662853 0.0421968 0.109559 0.580833 9.9982E-05 0.111031
0.00490223 9.9973E-05 0.122222 0.0996251 9.9973E-05 0.611229 9.9973E-05 0.161722
0.0388997 0.0159582 0.2668 0.0290344 0.127426 0.207295 0.172679 0.141908
9.9973E-05 9.9973E-05 0.227258 9.9973E-05 0.0883764 0.107325 0.512737 0.064004
9.9982E-05 0.148442 0.193028 9.9982E-05 0.0996113 0.424927 0.103341 0.0304509
9.9982E-05 0.0277842 0.156952 0.0595627 9.9982E-05 0.548063 0.0713147 0.136123
0.0114271 0.047538 0.139056 9.9982E-05 9.9982E-05 0.589791 0.165493 0.0464945
0.00810809 0.0817976 0.0820281 0.0150997 0.064485 0.539467 0.0403617 0.168653
0.00775697 9.9964E-05 9.9964E-05 9.9964E-05 0.169378 0.0224026 9.9964E-05 0.800063
0.0117476 0.0385719 0.145454 0.0108981 0.0628106 0.608846 9.9991E-05 0.121572
0.0193123 0.0517634 0.168182 9.9991E-05 0.00888934 0.626381 0.0355568 0.089815
0.0103472 9.9973E-05 9.9973E-05 0.0338536 0.528648 0.335564 9.9973E-05 0.0912871
9.9964E-05 0.0509561 9.9964E-05 9.9964E-05 0.529601 0.353277 9.9964E-05 0.065766
9.9955E-05 9.9955E-05 9.9955E-05 9.9955E-05 0.503578 0.467665 9.9955E-05 0.0282571
0.0279971 9.9982E-05 9.9982E-05 0.0506215 0.320632 0.48142 0.020662 0.0984679
9.9982E-05 0.0231703 9.9982E-05 0.00871447 0.311804 0.468643 0.092158 0.0953106
9.9982E-05 0.0277258 0.15606 0.0673058 0.0280621 0.617695 9.9982E-05 0.102951
9.9964E-05 0.154602 0.108294 9.9964E-05 9.9964E-05 0.668803 9.9964E-05 0.0679018
9.9964E-05 9.9964E-05 0.0771285 9.9964E-05 0.204195 0.590175 9.9964E-05 0.128102
0.0266264 0.052325 9.9982E-05 0.0074841 0.232919 0.559129 9.9982E-05 0.121317
0.0384045 9.9991E-05 0.0051631 0.0161113 0.0333653 0.552213 0.157959 0.196683
0.00750088 0.0368767 0.02445 0.0314197 0.0138435 0.701777 0.0702231 0.11391
9.994E-05 9.994E-05 9.994E-05 9.994E-05 9.994E-05 9.994E-05 9.994E-05 0.9993
0.0400016 9.9991E-05 0.0827131 0.0463512 0.000803394 0.570844 0.108597 0.150589
0.0133222 9.9982E-05 0.0152785 0.0205679 0.194062 0.623174 9.9982E-05 0.133395
0.0207237 9.9991E-05 0.0199169 0.0448309 0.0835845 0.544524 0.113145 0.173175
9.9982E-05 9.9982E-05 0.178365 0.0269451 0.0085115 0.596915 0.0643111 0.124753
9.9982E-05 0.0820073 0.0142279 0.024369 0.133874 0.696267 9.9982E-05 0.0490541
9.9973E-05 0.140742 9.9973E-05 0.0427117 0.183633 0.587407 9.9973E-05 0.0452065
0.0122592 9.9964E-05 0.0786503 9.9964E-05 9.9964E-05 0.860532 9.9964E-05 0.0481581
9.994E-05 9.994E-05 9.994E-05 9.994E-05 9.994E-05 9.994E-05 9.994E-05 0.9993
0.0260566 9.9964E-05 0.126025 9.9964E-05 9.9964E-05 0.812645 9.9964E-05 0.0348737
9.9955E-05 9.9955E-05 9.9955E-05 9.9955E-05 0.36185 0.478852 9.9955E-05 0.158797
0.0494285 9.9964E-05 9.9964E-05 9.9964E-05 0.323826 0.477025 9.9964E-05 0.14932
9.9982E-05 0.0294547 9.9982E-05 0.0575114 0.255401 0.474909 0.0112628 0.171261
0.0389708 9.9973E-05 0.0977485 0.0524219 9.9973E-05 0.680835 9.9973E-05 0.129724
0.0418865 0.0538863 0.199125 0.0173267 9.9982E-05 0.559118 9.9982E-05 0.128458
9.99459E-05 9.99459E-05 9.99459E-05 9.99459E-05 0.325824 9.99459E-05 9.99459E-05 0.673576
9.9982E-05 9.9982E-05 0.0602107 0.0614361 0.293436 0.419047 0.0158505 0.149821
0.00946473 0.265499 9.9982E-05 9.9982E-05 0.0538473 0.480584 0.13403 0.0563748
9.9982E-05 0.246633 0.0403482 9.9982E-05 0.0684397 0.410708 0.123835 0.109837
0.0244171 0.33168 9.9982E-05 9.9982E-05 0.0380209 0.378786 0.0921542 0.134742
0.00457027 0.264804 9.9991E-05 0.0123019 0.143839 0.37 0.109656 0.094729
9.9982E-05 0.355966 0.0766918 0.00477493 9.9982E-05 0.3475 0.109506 0.105361
9.9973E-05 0.394462 0.0151539 9.9973E-05 9.9973E-05 0.305585 0.173635 0.110864
9.9982E-05 0.364265 0.0670903 0.0429979 9.9982E-05 0.287677 0.148559 0.0892116
9.9982E-05 0.412993 9.9982E-05 0.0757967 0.0298919 0.306802 0.0263847 0.147931
0.0067925 0.352099 0.140525 0.010529 9.9991E-05 0.297483 0.0947842 0.0976877
0.0199079 0.204349 0.0749298 9.9991E-05 0.0367156 0.368319 0.163253 0.132426
9.9982E-05 0.388883 0.102522 9.9982E-05 0.00867644 0.350869 0.063812 0.0850375
9.9964E-05 0.151062 0.0727844 9.9964E-05 9.9964E-05 9.9964E-05 0.733127 0.0426269
0.0268443 0.0507322 0.0710697 0.0314664 9.9982E-05 9.9982E-05 0.734591 0.085096
0.0198892 0.0777519 0.0938708 0.0286029 0.0182832 0.0478774 0.687828 0.0258966
0.0269663 0.0500729 0.143099 0.0449257 9.9973E-05 9.9973E-05 0.734636 9.9973E-05
0.0633971 9.9991E-05 0.175779 0.0394291 0.0350772 0.00186641 0.664477 0.0198741
0.0407123 0.0171108 0.0362959 0.00842806 0.0572476 0.0538776 0.757431 0.0288971
9.9964E-05 0.132728 0.114008 9.9964E-05 9.9964E-05 9.9964E-05 0.702897 0.0499665
0.0443025 0.0259295 0.0337109 9.9973E-05 9.9973E-05 9.9973E-05 0.832559 0.0631983
0.0151862 9.9991E-05 0.0146688 0.0469679 0.313571 0.121781 0.486419 0.00130571
9.9973E-05 0.0328915 0.269426 0.00234356 9.9973E-05 9.9973E-05 0.678593 0.0164463
0.0495832 0.00476446 0.145297 0.0328902 9.9973E-05 9.9973E-05 0.767165 9.9973E-05
0.0114262 0.016772 0.203085 0.0422106 0.037768 9.9982E-05 0.688538 9.9982E-05
0.0178863 0.0140525 0.125005 0.0467479 0.134242 0.0315044 0.615722 0.0148397
9.9973E-05 9.9973E-05 0.0787542 9.9973E-05 0.227543 0.118768 0.572763 0.00187199
0.00407056 0.0899344 9.9991E-05 0.0891734 0.000333459 0.0554747 0.711771 0.0491428
0.00209473 9.9982E-05 9.9982E-05 0.0615847 0.246173 0.0286915 0.641657 0.0195997
9.9982E-05 0.0373939 0.0689886 9.9982E-05 0.0501801 0.0283935 0.796895 0.017949
0.00339206 0.00603824 9.9991E-05 0.0710967 0.133858 0.0464159 0.721686 0.0174132
0.00862178 0.0185046 0.10576 0.0464368 9.9982E-05 9.9982E-05 0.795076 0.0254004
0.0281331 9.9973E-05 9.9973E-05 9.9973E-05 0.321944 0.0170723 0.629529 0.00302232
0.0248904 9.9964E-05 9.9964E-05 0.00551613 0.467329 9.9964E-05 0.501865 9.9964E-05
0.0178121 0.0124072 0.112193 9.9982E-05 9.9982E-05 0.0557971 0.762256 0.0393347
9.9973E-05 9.9973E-05 9.9973E-05 0.0264333 0.182547 0.014248 0.732041 0.0444308
0.0110214 9.9991E-05 0.0238467 0.0395813 0.0849281 0.048892 0.773032 0.0185986
9.9973E-05 0.07921 9.9973E-05 0.01714 0.264245 9.9973E-05 0.580446 0.0586589
9.9973E-05 0.115233 9.9973E-05 9.9973E-05 0.295745 0.000225527 0.575118 0.0133779
0.0205508 9.9973E-05 0.0277314 0.00260758 0.355337 9.9973E-05 0.593474 9.9973E-05
9.9964E-05 9.9964E-05 9.9964E-05 0.0217239 0.341417 0.000726607 0.635733 9.9964E-05
0.0223285 9.9982E-05 9.9982E-05 0.0487509 0.269079 0.0515428 0.595647 0.0124513
0.00244836 0.0352024 0.139979 9.9973E-05 9.9973E-05 9.9973E-05 0.757182 0.0648888
9.9955E-05 9.9955E-05 0.192116 9.9955E-05 9.9955E-05 9.9955E-05 0.785839 0.0215455
0.00584926 0.0754135 0.167892 0.0476538 0.0474585 9.9991E-05 0.641653 0.0139801
0.0140484 0.11248 0.0930606 9.9982E-05 0.0618689 0.0246097 0.693733 9.9982E-05
0.0243491 0.0361583 0.0196266 9.9982E-05 9.9982E-05 0.040953 0.813621 0.065092
0.039715 9.9982E-05 9.9982E-05 0.0232187 0.0311056 0.00367375 0.864685 0.0374016
9.9946E-05 9.9946E-05 0.275983 9.9946E-05 0.723417 9.9946E-05 9.9946E-05 9.9946E-05
9.99549E-05 9.99549E-05 0.128188 9.99549E-05 0.855245 9.99549E-05 9.99549E-05 0.0160669
9.9946E-05 9.9946E-05 0.0927793 9.9946E-05 0.906621 9.9946E-05 9.9946E-05 9.9946E-05
9.9964E-05 9.9964E-05 0.204154 0.0363104 0.758849 9.9964E-05 0.000286337 9.9964E-05
9.9946E-05 9.9946E-05 0.235297 9.9946E-05 0.764103 9.9946E-05 9.9946E-05 9.9946E-05
9.9964E-05 0.10337 0.580403 9.9964E-05 0.303137 9.9964E-05 9.9964E-05 0.0126901
9.9946E-05 9.9946E-05 0.34625 9.9946E-05 0.65315 9.9946E-05 9.9946E-05 9.9946E-05
9.9964E-05 0.133438 0.386302 0.0254345 0.454425 9.9964E-05 9.9964E-05 9.9964E-05
