9.99641E-05 9.99641E-05 0.209304 0.670518 0.119779 9.99641E-05 9.99641E-05
9.9955E-05 9.9955E-05 9.9955E-05 0.981379 0.0181217 9.9955E-05 9.9955E-05
9.99551E-05 9.99551E-05 0.562039 0.437461 9.99551E-05 9.99551E-05 9.99551E-05
9.99551E-05 9.99551E-05 9.99551E-05 9.99551E-05 9.99551E-05 0.951287 0.0482129
9.9955E-05 0.959732 9.9955E-05 9.9955E-05 9.9955E-05 0.0397682 9.9955E-05
0.0285643 9.9982E-05 0.0404701 0.0731685 0.168762 9.9982E-05 0.688835
0.215916 9.99641E-05 0.617519 9.99641E-05 0.166165 9.99641E-05 9.99641E-05
0.0833621 9.99641E-05 9.99641E-05 0.80814 9.99641E-05 0.108098 9.99641E-05
9.99551E-05 9.99551E-05 9.99551E-05 9.99551E-05 0.518834 9.99551E-05 0.480666
0.20871 0.79079 9.9955E-05 9.9955E-05 9.9955E-05 9.9955E-05 9.9955E-05
0.9994 9.995E-05 9.995E-05 9.995E-05 9.995E-05 9.995E-05 9.995E-05
9.9955E-05 9.9955E-05 9.9955E-05 0.827848 9.9955E-05 9.9955E-05 0.171653
9.9982E-05 0.444074 0.218506 0.0331165 0.227513 9.9982E-05 0.0765902
9.99641E-05 0.0891219 0.726941 9.99641E-05 9.99641E-05 0.183537 9.99641E-05
9.995E-05 0.9994 9.995E-05 9.995E-05 9.995E-05 9.995E-05 9.995E-05
9.99551E-05 9.99551E-05 0.138475 9.99551E-05 0.861025 9.99551E-05 9.99551E-05
9.9982E-05 0.0239099 0.0595327 0.451757 9.9982E-05 0.275431 0.189169
0.324116 0.104293 0.0284833 9.9982E-05 0.345826 9.9982E-05 0.197082
9.995E-05 9.995E-05 9.995E-05 9.995E-05 9.995E-05 9.995E-05 0.9994
9.995E-05 9.995E-05 9.995E-05 9.995E-05 0.980879 0.018621 9.995E-05
9.9973E-05 0.0129454 9.9973E-05 0.0965222 0.855153 9.9973E-05 0.0350795
0.015093 9.99731E-05 9.99731E-05 9.99731E-05 0.50231 0.0601805 0.422116
9.9964E-05 0.129239 0.114425 9.9964E-05 0.755936 9.9964E-05 9.9964E-05
0.129761 9.9964E-05 9.9964E-05 9.9964E-05 0.162682 0.707157 9.9964E-05
9.99641E-05 9.99641E-05 0.929273 9.99641E-05 9.99641E-05 0.0102078 0.0601194
9.99551E-05 0.764659 9.99551E-05 9.99551E-05 0.234841 9.99551E-05 9.99551E-05
9.995E-05 9.995E-05 9.995E-05 9.995E-05 9.995E-05 0.9994 9.995E-05
0.0137926 0.233683 9.9982E-05 9.9982E-05 0.162463 0.178416 0.411446
9.995E-05 9.995E-05 9.995E-05 0.9994 9.995E-05 9.995E-05 9.995E-05
0.00446267 9.99731E-05 9.99731E-05 0.120513 9.99731E-05 0.182948 0.691777
0.0864151 9.99551E-05 0.913085 9.99551E-05 9.99551E-05 9.99551E-05 9.99551E-05
9.995E-05 9.995E-05 0.9994 9.995E-05 9.995E-05 9.995E-05 9.995E-05
0.143895 0.464869 0.390836 9.9964E-05 9.9964E-05 9.9964E-05 9.9964E-05
9.99641E-05 9.99641E-05 0.113251 9.99641E-05 0.0369507 9.99641E-05 0.849398
9.9964E-05 9.9964E-05 9.9964E-05 0.0882127 9.9964E-05 0.891943 0.0194444
9.99641E-05 9.99641E-05 0.0218741 9.99641E-05 0.904745 9.99641E-05 0.0729812
9.99551E-05 9.99551E-05 9.99551E-05 9.99551E-05 0.16265 9.99551E-05 0.836851
9.99731E-05 0.0100897 9.99731E-05 9.99731E-05 0.0216828 0.043617 0.924311
0.929998 9.9955E-05 9.9955E-05 0.0695019 9.9955E-05 9.9955E-05 9.9955E-05
0.0103434 0.0303212 9.99731E-05 9.99731E-05 9.99731E-05 0.154833 0.804203
9.9964E-05 9.9964E-05 9.9964E-05 0.183314 9.9964E-05 0.0242118 0.792074
9.9964E-05 9.9964E-05 9.9964E-05 0.604877 9.9964E-05 0.104886 0.289837
9.99552E-05 0.119858 9.99552E-05 9.99552E-05 0.879643 9.99552E-05 9.99552E-05
9.9955E-05 9.9955E-05 0.97374 0.0257606 9.9955E-05 9.9955E-05 9.9955E-05
9.99551E-05 0.875539 9.99551E-05 9.99551E-05 0.123961 9.99551E-05 9.99551E-05
9.99551E-05 9.99551E-05 9.99551E-05 0.747751 9.99551E-05 0.251749 9.99551E-05
9.9955E-05 9.9955E-05 9.9955E-05 9.9955E-05 0.845552 9.9955E-05 0.153948
9.99552E-05 9.99552E-05 9.99552E-05 9.99552E-05 0.172012 9.99552E-05 0.827488
0.210604 0.257706 9.99731E-05 9.99731E-05 0.496976 0.0344131 9.99731E-05
0.0250068 0.0451002 9.997E-05 9.997E-05 0.699785 9.997E-05 0.229808
