0.273063 0.117008 0.609729 9.9982E-05 9.9982E-05
9.9973E-05 0.0825262 0.917174 9.9973E-05 9.9973E-05
0.587926 0.0581843 0.353689 9.9982E-05 9.9982E-05
0.173049 9.9991E-05 0.481217 0.315988 0.0296459
9.9982E-05 9.9982E-05 0.0221499 0.0596791 0.917971
0.00372657 9.9991E-05 0.0110745 0.943969 0.0411302
0.613092 0.0417647 9.9991E-05 0.0352058 0.309837
0.0897959 9.99731E-05 0.909904 9.99731E-05 9.99731E-05
9.99731E-05 0.410367 9.99731E-05 0.589333 9.99731E-05
9.997E-05 9.997E-05 9.997E-05 9.997E-05 0.9996
0.108966 9.99731E-05 9.99731E-05 9.99731E-05 0.890734
9.9973E-05 9.9973E-05 0.955206 0.044494 9.9973E-05
0.16249 0.264549 0.0402114 0.0291329 0.503617
0.759686 9.9991E-05 0.0435453 0.0650431 0.131626
9.9973E-05 0.193691 9.9973E-05 9.9973E-05 0.806009
0.236044 0.75945 9.9982E-05 0.00430616 9.9982E-05
9.9982E-05 9.9982E-05 0.888779 0.0999826 0.0110388
0.093253 0.275621 9.9991E-05 0.26311 0.367916
9.9973E-05 9.9973E-05 0.00591503 0.993785 9.9973E-05
9.99731E-05 0.9866 0.0131004 9.99731E-05 9.99731E-05
9.99821E-05 0.801534 0.0319278 0.166338 9.99821E-05
9.99821E-05 0.3862 0.0551418 0.558459 9.99821E-05
0.0894379 0.807632 9.9982E-05 9.9982E-05 0.10273
0.19099 0.11721 0.432044 0.147336 0.112421
0.903353 9.99731E-05 9.99731E-05 0.0963472 9.99731E-05
9.9973E-05 0.474606 9.9973E-05 9.9973E-05 0.525094
0.408169 9.99821E-05 0.521985 0.0696455 9.99821E-05
0.0798171 9.99821E-05 9.99821E-05 0.624499 0.295484
9.99732E-05 0.0697432 0.929957 9.99732E-05 9.99732E-05
9.99731E-05 9.99731E-05 0.381876 0.617824 9.99731E-05
0.964548 9.9973E-05 9.9973E-05 9.9973E-05 0.0351517
0.9996 9.997E-05 9.997E-05 9.997E-05 9.997E-05
0.203539 9.9973E-05 9.9973E-05 9.9973E-05 0.796161
0.0703058 0.017401 9.9982E-05 0.912093 9.9982E-05
0.0859853 9.9982E-05 0.718492 0.195323 9.9982E-05
0.0285776 0.854447 0.0122251 0.10465 9.9991E-05
9.9973E-05 0.213678 9.9973E-05 0.786022 9.9973E-05
0.0651209 0.0306961 9.9982E-05 0.903983 9.9982E-05
0.384132 9.9991E-05 0.0845124 0.115223 0.416033
9.9982E-05 9.9982E-05 0.0764662 0.889629 0.0337049
9.9973E-05 9.9973E-05 0.250014 0.749686 9.9973E-05
9.9973E-05 9.9973E-05 0.89704 0.10266 9.9973E-05
9.99731E-05 0.986788 9.99731E-05 9.99731E-05 0.0129121
0.9996 9.997E-05 9.997E-05 9.997E-05 9.997E-05
9.99731E-05 0.351591 9.99731E-05 9.99731E-05 0.648109
9.99731E-05 0.0761645 0.923536 9.99731E-05 9.99731E-05
9.9973E-05 0.818466 9.9973E-05 0.181234 9.9973E-05
9.99731E-05 0.229152 9.99731E-05 0.770548 9.99731E-05
9.99821E-05 0.451643 0.108513 9.99821E-05 0.439643
9.9982E-05 0.594754 9.9982E-05 0.324551 0.080495
