9.998E-05 9.998E-05 9.998E-05 0.9997
0.0958729 0.0284135 0.100772 0.774942
9.9982E-05 9.9982E-05 0.151524 0.848276
0.024753 9.9991E-05 0.157982 0.817165
0.0410819 0.0866348 0.0625192 0.809764
9.9982E-05 9.9982E-05 0.0627331 0.937067
9.9982E-05 9.9982E-05 0.0634174 0.936383
0.0413903 0.00943294 0.0468451 0.902332
9.9982E-05 9.9982E-05 0.160618 0.839182
0.01165 9.9991E-05 0.134664 0.853586
0.0674173 9.9991E-05 0.109754 0.822729
0.0394642 0.0363405 0.105947 0.818248
0.0737314 0.0431392 0.0896115 0.793518
0.00797473 0.0674366 0.194962 0.729627
0.027299 9.9991E-05 0.134627 0.837974
9.9982E-05 9.9982E-05 0.0845471 0.915253
9.998E-05 9.998E-05 9.998E-05 0.9997
9.998E-05 9.998E-05 9.998E-05 0.9997
9.998E-05 9.998E-05 9.998E-05 0.9997
0.0240826 0.0226575 9.9991E-05 0.95316
0.19451 9.9991E-05 0.794191 0.0111982
0.293214 0.0577981 0.640876 0.0081114
0.24319 0.0738371 0.635428 0.0475457
0.24541 0.0800405 0.631488 0.0430608
0.251595 9.9991E-05 0.732877 0.0154282
0.261076 9.9991E-05 0.698865 0.0399593
0.258585 0.0918885 0.649427 9.9991E-05
0.162205 9.9982E-05 0.837595 9.9982E-05
0.242085 9.9982E-05 0.757715 9.9982E-05
0.312481 0.0834207 0.596981 0.00711676
0.255809 9.9982E-05 0.743991 9.9982E-05
0.235118 0.111307 0.653476 9.9991E-05
0.216993 9.9991E-05 0.724565 0.0583424
0.337263 9.9982E-05 0.662537 9.9982E-05
0.409654 9.9991E-05 0.560705 0.0295412
0.349556 9.9991E-05 0.572757 0.0775871
0.37032 0.0598701 0.54411 0.0256997
0.0869927 0.814321 0.0985866 9.9991E-05
0.18179 0.794872 0.0232381 9.9991E-05
0.130883 0.767126 0.0711415 0.0308495
0.0672893 0.846864 0.0631053 0.0227412
0.0933051 0.851978 0.0131732 0.0415438
0.0710233 0.90961 0.0192668 9.9991E-05
0.0583619 0.690282 0.19415 0.0572062
0.110258 0.804992 0.0816969 0.00305361
0.0282945 0.791953 0.135923 0.0438293
0.074069 0.921573 0.00425752 9.9991E-05
0.0382134 0.859826 0.081684 0.0202767
9.9982E-05 0.967169 9.9982E-05 0.0326308
9.9991E-05 0.861675 0.0890887 0.049136
0.028943 0.907613 0.0442432 0.0192004
9.9982E-05 0.905552 0.0942485 9.9982E-05
0.0549588 0.944841 9.99854E-05 9.99854E-05
0.0653942 0.852487 9.9991E-05 0.0820185
0.0703812 0.856052 0.0527191 0.0208478
0.131403 0.753475 0.112635 0.00248804
0.0409062 0.823294 0.112413 0.0233865
0.599442 0.1871 0.147175 0.0662826
0.892395 9.9991E-05 0.0323013 0.0752041
0.739435 0.0641176 0.127258 0.0691888
0.790391 0.170214 0.0150045 0.0243901
0.884044 0.0332194 0.0826366 9.9991E-05
0.755911 0.177262 0.0361626 0.0306644
0.852903 0.0546165 0.0619641 0.030516
0.933812 0.0389086 0.0180018 0.00927722
0.679295 0.0819011 0.0817012 0.157102
0.685964 0.0945498 0.167604 0.0518823
0.818449 0.091573 0.0505187 0.0394589
0.873467 0.0445084 0.0819245 9.9991E-05
0.820407 9.9991E-05 0.126683 0.05281
0.853752 0.0895124 9.9991E-05 0.0566359
0.792739 0.194461 0.00491293 0.0078864
0.844523 0.0360402 0.0997178 0.0197185
0.73785 0.0572723 0.195788 0.00908949
0.545493 0.360335 0.0940714 9.9991E-05
0.600615 0.344726 0.0021262 0.0525328
0.407297 0.497087 9.9991E-05 0.095516
0.897798 0.102002 9.9982E-05 9.9982E-05
0.640777 0.213455 0.0688568 0.0769113
0.768104 0.221679 0.0101166 9.9991E-05
0.658953 0.230205 0.039004 0.071838
0.757966 0.0404613 0.123981 0.0775912
0.762067 0.136086 9.9991E-05 0.101746
0.388375 0.308218 0.243144 0.0602629
0.090814 0.406974 0.464362 0.0378498
0.516135 0.169341 0.274743 0.0397805
0.676765 0.233739 0.024869 0.0646271
0.595476 0.259649 0.117933 0.0269422
0.737756 0.110574 0.129353 0.0223176
0.906268 0.0667244 9.9991E-05 0.0269077
0.744179 0.20092 0.0219229 0.0329782
0.776908 0.151641 0.0713501 9.9991E-05
0.586423 0.00717641 0.252609 0.153792
0.654947 0.0445144 0.221659 0.0788798
0.690563 9.9991E-05 0.230543 0.078794
0.659436 0.0301415 0.175705 0.134718
0.594742 0.166938 0.177249 0.0610708
0.739657 0.18401 9.9991E-05 0.076233
0.790512 0.103684 0.0431134 0.062691
0.796322 0.156627 0.00581221 0.0412388
0.742889 0.0395476 0.168343 0.0492205
0.768953 0.0546226 0.11183 0.0645943
0.80379 0.106687 0.067468 0.0220553
0.958657 9.9982E-05 9.9982E-05 0.0411427
0.712043 0.0775353 0.127898 0.0825245
0.771203 0.0820066 0.0732927 0.073498
0.691771 0.0928923 0.119495 0.0958414
0.704474 0.227373 0.0302049 0.0379482
0.744649 0.130346 0.07656 0.048445
0.750936 0.088715 0.103382 0.0569672
0.779882 0.218022 9.9991E-05 0.00199665
0.948957 0.0143727 9.9991E-05 0.0365704
0.79057 0.20923 9.9982E-05 9.9982E-05
0.79575 0.0289262 0.122116 0.053208
0.739849 0.0081452 0.186132 0.0658738
0.742074 0.0163718 0.157487 0.084068
0.820791 0.0895455 9.9991E-05 0.0895633
0.742527 0.183801 0.0424481 0.0312236
0.846407 0.0316525 0.0528877 0.0690525
0.637861 0.217844 0.0201524 0.124143
0.662194 9.9991E-05 0.313403 0.0243036
0.601982 0.106881 0.291037 9.9991E-05
0.635473 9.9991E-05 0.344 0.020427
0.591315 9.9991E-05 0.350727 0.0578585
0.59494 0.0452053 0.341865 0.01799
0.541509 9.9982E-05 0.458291 9.9982E-05
0.506809 0.0452843 0.399084 0.0488223
0.588173 9.9991E-05 0.331285 0.0804418
0.471222 0.16138 0.337287 0.0301107
0.592899 0.130532 0.272424 0.00414478
0.638815 0.0390041 0.29836 0.0238204
9.9991E-05 0.229275 0.761166 0.00945841
9.9991E-05 0.21679 0.749167 0.0339432
9.9991E-05 0.26123 0.702843 0.0358267
9.9991E-05 0.278013 0.695578 0.026309
9.9991E-05 0.313331 0.640062 0.0465071
9.9991E-05 0.172681 0.766857 0.0603624
9.9991E-05 0.273551 0.724813 0.00153634
9.9982E-05 0.173858 0.825942 9.9982E-05
0.0548917 0.283165 0.568159 0.0937838
9.9982E-05 0.342002 0.657798 9.9982E-05
9.9982E-05 0.237849 0.761951 9.9982E-05
9.9991E-05 0.259864 0.708232 0.0318036
0.0815031 0.227275 0.656583 0.034639
0.121232 0.348669 0.527155 0.00294336
0.0761074 0.110118 0.730652 0.0831228
0.013785 0.185429 0.668704 0.132082
9.9982E-05 0.261563 0.738237 9.9982E-05
9.9991E-05 0.264754 0.670526 0.06462
9.9991E-05 0.190695 0.770709 0.0384966
9.9991E-05 0.232585 0.74146 0.0258545
0.0887753 0.143545 0.687779 0.0799008
9.9982E-05 0.296462 0.703338 9.9982E-05
0.0134562 0.192738 0.761386 0.0324206
9.9991E-05 0.203896 0.736766 0.0592383
0.0562829 0.137163 0.745682 0.0608722
0.0634019 0.153026 0.766608 0.0169641
9.9991E-05 0.335276 0.639081 0.0255426
0.022249 0.266943 0.633357 0.0774518
0.0111973 0.221484 0.689129 0.0781891
9.9982E-05 0.293855 0.705945 9.9982E-05
9.9982E-05 0.316049 0.683751 9.9982E-05
9.9991E-05 0.256517 0.649811 0.0935719
9.9991E-05 0.262488 0.732943 0.0044689
0.0347658 0.153299 0.801544 0.0103911
9.9991E-05 0.188814 0.79211 0.0189759
0.00516452 0.713341 0.235165 0.0463293
0.111637 0.557119 0.287025 0.0442192
0.0920081 0.567961 0.21248 0.127551
0.0935215 0.622459 0.181191 0.102829
0.088989 0.605044 0.161628 0.144339
0.0504737 0.769142 0.180285 9.9991E-05
0.00539107 0.874439 0.12007 9.9991E-05
9.9991E-05 0.585083 0.295651 0.119167
