0.9997 9.998E-05 9.998E-05 9.998E-05
0.810944 0.108136 0.0753564 0.00556344
0.830208 0.0310102 0.0159028 0.122879
0.883054 0.0212223 0.0363105 0.059413
0.879915 0.018797 0.0401577 0.0611305
0.917768 0.00506724 0.0649254 0.0122394
0.975704 9.9982E-05 0.0240964 9.9982E-05
0.873941 0.0209711 0.10208 0.00300775
0.858658 9.9991E-05 0.0441118 0.0971298
0.857533 9.9991E-05 0.0888372 0.0535295
0.830317 0.0493153 0.0394206 0.0809469
0.842678 0.0283795 0.00444161 0.124501
0.84192 0.0465562 0.0573675 0.0541563
0.775241 9.9991E-05 0.133162 0.091497
0.861898 0.00691936 9.9991E-05 0.131083
0.92609 9.9982E-05 0.0737096 9.9982E-05
0.998231 0.00156932 9.9982E-05 9.9982E-05
0.9997 9.998E-05 9.998E-05 9.998E-05
0.998964 9.9982E-05 0.000835866 9.9982E-05
0.977766 0.0144187 9.9991E-05 0.00771514
9.998E-05 9.998E-05 9.998E-05 0.9997
0.00411058 0.144335 0.106672 0.744883
0.0393217 0.0931921 0.12713 0.740357
9.9991E-05 0.0820651 0.0881586 0.829676
0.00894083 9.9982E-05 9.9982E-05 0.990859
0.00141413 0.0652397 9.9991E-05 0.933246
9.9991E-05 0.0645344 0.148226 0.78714
9.998E-05 9.998E-05 9.998E-05 0.9997
9.9991E-05 0.133521 0.0157923 0.850587
9.9991E-05 0.173356 0.150829 0.675715
9.9991E-05 0.0462189 0.117851 0.83583
9.9991E-05 0.117841 0.12723 0.754829
0.0426524 0.0218188 0.15556 0.779969
9.9991E-05 0.168457 0.0913092 0.740134
0.0480617 0.25356 0.0299787 0.6684
0.0722313 0.187467 0.217292 0.523009
9.9991E-05 0.272053 0.119347 0.6085
9.9991E-05 0.346873 0.645157 0.00787035
9.9982E-05 0.429664 0.570136 9.9982E-05
0.0260131 0.395762 0.553238 0.0249869
0.0278599 0.353176 0.611588 0.00737553
0.0614232 0.361515 0.542536 0.034526
0.0191785 0.336347 0.644375 9.9991E-05
0.0581995 0.270406 0.626222 0.0451728
0.00968872 0.390861 0.59935 9.9991E-05
0.0716251 0.256023 0.631572 0.0407803
9.9982E-05 0.361674 0.638126 9.9982E-05
0.0191087 0.32803 0.652761 9.9991E-05
0.068181 0.288254 0.637354 0.00621097
0.0266632 0.297131 0.676105 9.9991E-05
0.0426257 0.309692 0.647582 9.9991E-05
0.0170519 0.263422 0.687426 0.0320999
9.9982E-05 0.368757 0.631043 9.9982E-05
0.12298 0.32644 0.55048 9.9991E-05
0.0471523 0.326584 0.626163 9.9991E-05
0.0293716 0.372624 0.592555 0.00544907
0.0890739 0.271631 0.593417 0.0458786
0.0652757 0.643699 0.166047 0.124978
0.0545396 0.843472 9.9991E-05 0.101889
0.0530156 0.796765 0.0633046 0.0869143
0.0369138 0.803209 0.0573016 0.102575
9.9991E-05 0.88704 0.0333676 0.0794926
0.0189032 0.795538 0.0994488 0.0861101
0.0209924 0.925119 9.9991E-05 0.053789
0.00318159 0.888999 0.0286703 0.0791495
0.13197 0.71102 0.0939547 0.0630558
0.0629829 0.717226 0.0126971 0.207094
0.0141711 0.854714 9.9991E-05 0.131015
9.9982E-05 0.852474 9.9982E-05 0.147326
0.0563986 0.789493 9.9991E-05 0.154008
0.0686158 0.887842 0.0100709 0.0334717
9.9991E-05 0.89434 0.0355295 0.0700301
0.0226948 0.856568 9.9991E-05 0.120637
0.0407373 0.715966 0.0748941 0.168403
0.0107489 0.644892 0.214331 0.130028
0.0641501 0.711689 0.152882 0.0712791
0.0742776 0.642452 0.28317 9.9991E-05
0.00561937 0.946145 0.0345591 0.0136764
0.0703167 0.674987 0.136471 0.118225
9.9991E-05 0.871194 0.0889801 0.0397258
0.0621465 0.732953 0.0864469 0.118454
0.0426732 0.828901 0.0387093 0.0897161
0.0993997 0.874755 0.0257453 9.9991E-05
0.0465927 0.432993 0.368589 0.151825
0.00949094 0.241033 0.749376 9.9991E-05
0.039557 0.535891 0.271034 0.153518
0.0493021 0.785474 0.122046 0.0431781
0.0121396 0.69649 0.208861 0.0825092
0.00489535 0.772839 0.117955 0.104311
9.9982E-05 0.969611 9.9982E-05 0.0301895
0.0255152 0.840772 0.0530902 0.0806221
9.9991E-05 0.846152 0.139009 0.0147385
0.104496 0.626329 0.110825 0.158351
0.106473 0.670391 0.0715455 0.15159
0.0439911 0.704506 0.128667 0.122836
0.108418 0.668541 0.0587863 0.164255
0.0731913 0.683031 0.165075 0.0787027
0.0789362 0.842867 0.0666923 0.0115041
0.0190182 0.86758 0.00157477 0.111827
0.045884 0.881588 0.0724279 9.9991E-05
0.0401293 0.751266 0.0491643 0.15944
0.0140762 0.803181 0.124368 0.0583743
0.0310703 0.827248 0.00195272 0.139729
9.998E-05 0.9997 9.998E-05 9.998E-05
0.0474313 0.71234 0.0938632 0.146365
0.0157334 0.868462 9.9991E-05 0.115704
0.142529 0.715097 0.0667249 0.0756489
0.0569583 0.79628 0.122024 0.0247377
0.040275 0.856375 0.0377205 0.0656293
0.0672535 0.762525 0.00869455 0.161527
9.9982E-05 0.985482 0.0143177 9.9982E-05
9.998E-05 0.9997 9.998E-05 9.998E-05
0.0121321 0.958714 0.000990138 0.0281639
0.0837384 0.784164 0.088871 0.043227
0.0456337 0.727621 0.0666974 0.160048
0.0841998 0.732531 0.0332407 0.150028
0.0847046 0.85348 9.9991E-05 0.0617156
0.0428754 0.832973 0.0412392 0.0829126
0.0591107 0.903623 0.0371667 9.9991E-05
0.074182 0.726483 0.136321 0.0630143
0.0298511 0.589119 0.057622 0.323408
9.9991E-05 0.595836 0.182581 0.221483
9.9991E-05 0.608608 0.0644611 0.326831
0.033883 0.559609 0.0785773 0.327931
0.035026 0.524438 0.17453 0.266007
9.9991E-05 0.497764 0.155768 0.346368
0.0286926 0.475662 0.168321 0.327325
0.0591175 0.567002 0.0497817 0.324099
0.0190605 0.472233 0.228602 0.280104
9.9991E-05 0.638476 0.141603 0.219821
0.00307518 0.578681 0.124925 0.293319
9.9982E-05 9.9982E-05 0.749665 0.250135
0.0426506 9.9991E-05 0.708354 0.248896
0.0300133 0.0131458 0.70616 0.25068
0.0153122 9.9991E-05 0.808987 0.175601
0.0419843 9.9991E-05 0.741524 0.216392
0.0414006 9.9991E-05 0.703931 0.254568
9.9982E-05 9.9982E-05 0.766324 0.233476
9.9982E-05 9.9982E-05 0.774369 0.225431
0.0833494 0.112562 0.586795 0.217294
0.0215482 9.9991E-05 0.786318 0.192034
0.0126623 9.9991E-05 0.785064 0.202173
0.053316 9.9991E-05 0.744725 0.201859
0.0600631 0.0484811 0.643865 0.247591
0.0231591 0.261012 0.662673 0.0531562
0.0987714 0.082997 0.581004 0.237227
0.113126 0.0500932 0.692522 0.144259
9.9982E-05 9.9982E-05 0.830984 0.168817
0.0683014 0.035365 0.750683 0.14565
0.0677911 9.9991E-05 0.738796 0.193313
0.0584664 0.0566508 0.700788 0.184095
0.0525062 0.120523 0.67764 0.149331
9.9991E-05 0.00837903 0.775009 0.216512
0.0673231 0.0100448 0.684827 0.237805
0.0521638 9.9991E-05 0.738559 0.209177
0.0537206 0.000683631 0.612019 0.333577
0.0715062 9.9991E-05 0.635032 0.293361
0.0311926 9.9991E-05 0.722194 0.246514
0.125785 0.0198622 0.672612 0.18174
0.0407985 0.0589763 0.664401 0.235824
9.9991E-05 0.00191672 0.783875 0.214108
9.9982E-05 9.9982E-05 0.896302 0.103498
0.0540176 0.0331148 0.727117 0.18575
9.9991E-05 0.0141347 0.732015 0.25375
0.00778702 9.9991E-05 0.689716 0.302397
0.0330158 9.9991E-05 0.713367 0.253517
0.0546529 0.25882 0.612632 0.0738958
0.0716793 0.284942 0.553725 0.0896538
0.138471 0.261742 0.510776 0.0890113
0.113776 0.283517 0.531371 0.0713361
0.125537 0.271932 0.516256 0.0862752
0.00621147 0.266298 0.618354 0.109136
0.0249946 0.276833 0.672227 0.0259457
0.140745 0.164679 0.491337 0.203239
