0.00428845 9.9973E-05 0.965411 9.9973E-05 0.0300008 9.9973E-05
9.9982E-05 0.0465274 0.747289 0.0864364 9.9982E-05 0.119548
0.0461445 9.9982E-05 0.812829 0.0999703 9.9982E-05 0.0408562
0.00565137 0.0345745 0.842777 9.9982E-05 9.9982E-05 0.116797
9.999E-05 0.0122476 0.821059 0.0654806 0.0329157 0.0681975
0.0035927 0.014455 0.888626 9.9982E-05 9.9982E-05 0.0931261
9.9964E-05 9.9964E-05 0.978032 9.9964E-05 9.9964E-05 0.0215679
0.00243968 0.0653229 0.836895 9.9991E-05 0.00623614 0.0890058
0.0778255 9.9982E-05 0.812639 0.0020522 9.9982E-05 0.107283
0.0811601 0.0283998 0.84798 9.9982E-05 9.9982E-05 0.0422599
0.0409033 0.0719834 0.766978 0.0512368 9.9991E-05 0.0687984
0.0799756 0.0324839 0.785663 0.0247507 0.0435872 0.0335394
0.0502791 9.9982E-05 0.821167 0.0761854 0.0521686 9.9982E-05
0.100243 9.9991E-05 0.703055 0.0680612 0.000298162 0.128243
0.0670006 9.9982E-05 0.830476 0.0851701 9.9982E-05 0.0171537
9.9973E-05 0.00394257 0.915715 9.9973E-05 9.9973E-05 0.0800426
9.9964E-05 0.0349347 0.964665 9.9964E-05 9.9964E-05 9.9964E-05
9.9964E-05 9.9964E-05 0.99064 9.9964E-05 0.00896053 9.9964E-05
9.9973E-05 9.9973E-05 0.986048 0.0028594 0.0107926 9.9973E-05
0.00405801 0.0742467 0.915441 9.9982E-05 0.00605474 9.9982E-05
0.9995 9.996E-05 9.996E-05 9.996E-05 9.996E-05 9.996E-05
0.705094 0.0375046 0.0406455 0.063464 0.0640599 0.0892323
0.709986 0.0107786 0.0495485 0.0954762 0.0726135 0.0615971
0.761354 0.02978 0.00647909 9.9991E-05 0.191821 0.0104659
0.907271 0.00919465 0.012604 0.0707304 9.9982E-05 9.9982E-05
0.924392 0.0499889 0.00681752 9.9982E-05 0.0186017 9.9982E-05
0.735045 9.9982E-05 9.9982E-05 0.124578 0.0918737 0.0483037
0.9995 9.996E-05 9.996E-05 9.996E-05 9.996E-05 9.996E-05
0.740083 9.9973E-05 9.9973E-05 0.16919 9.9973E-05 0.0904266
0.639074 0.0136738 0.0214128 0.150218 0.0751802 0.100441
0.743002 9.9973E-05 9.9973E-05 0.151549 9.9973E-05 0.105149
0.765869 0.0573667 9.9991E-05 0.00417206 0.171439 0.00105336
0.748035 0.0456104 0.0743307 0.00510337 0.0589512 0.0679692
0.683158 0.0613012 9.9982E-05 0.153651 9.9982E-05 0.10169
0.589873 0.116708 0.0288028 0.195114 0.0531404 0.0163621
0.41949 9.9982E-05 0.057811 0.285555 9.9982E-05 0.236944
0.642477 0.0265764 9.9991E-05 0.168775 0.107935 0.0541362
0.0492601 9.9982E-05 9.9982E-05 0.0997031 0.825065 0.0257719
9.9991E-05 0.056567 0.000388014 0.159709 0.762273 0.0209631
0.039815 0.0365515 0.0201254 0.0857112 0.788117 0.0296795
0.0296371 0.0337853 0.0108065 0.0462353 0.835541 0.0439946
0.0222122 0.0831607 0.0327858 9.9991E-05 0.861383 0.000358479
0.0196591 0.0470943 0.0270908 0.0216719 0.851613 0.032871
0.0298998 0.0368926 0.0423939 0.0195916 0.704895 0.166327
0.040148 0.104371 0.0113967 0.00768371 0.814538 0.0218631
0.0322925 9.9991E-05 0.0349394 0.0275807 0.805131 0.0999559
0.00528788 0.119236 9.9982E-05 9.9982E-05 0.843358 0.0319178
9.9982E-05 0.0322656 9.9982E-05 0.0245262 0.927078 0.01593
0.0390491 0.0193692 0.00884182 9.9982E-05 0.93254 9.9982E-05
9.9991E-05 0.00417326 0.000440181 0.098881 0.806779 0.0896265
0.0177067 0.0633903 9.9991E-05 0.00119766 0.915007 0.00259849
0.00603624 9.9982E-05 9.9982E-05 0.0400204 0.897825 0.0559183
9.9964E-05 0.136892 9.9964E-05 9.9964E-05 0.862708 9.9964E-05
0.0588834 9.9982E-05 0.0821439 0.0502663 0.808506 9.9982E-05
9.9991E-05 0.0726089 0.0356294 0.0327427 0.776567 0.0823525
0.0294601 9.9991E-05 0.0282218 0.140884 0.75079 0.0505441
0.0588451 0.0603805 0.0691559 9.9991E-05 0.751285 0.0602335
0.0266599 0.110531 0.0371185 0.608078 0.170128 0.047484
9.9964E-05 9.9964E-05 0.0501991 0.949401 9.9964E-05 9.9964E-05
0.0333262 0.196666 0.0549868 0.611833 0.0441143 0.0590743
9.9982E-05 0.18187 0.0299285 0.662288 0.125713 9.9982E-05
0.0102287 0.139425 9.9982E-05 0.811001 0.0391456 9.9982E-05
0.0294622 0.190121 0.0251715 0.627343 0.0824843 0.0454185
0.0616118 0.933552 0.00453651 9.9973E-05 9.9973E-05 9.9973E-05
9.9964E-05 0.0506024 9.9964E-05 0.948998 9.9964E-05 9.9964E-05
9.9991E-05 0.169017 0.121448 0.619095 0.0197077 0.0706324
0.169289 0.179844 0.050307 0.558827 0.00288484 0.0388481
0.0471848 0.238621 0.0361739 0.640641 0.0372797 9.9991E-05
0.122557 0.283264 9.9973E-05 0.59388 9.9973E-05 9.9973E-05
0.0931585 0.257206 0.057581 0.586836 9.9991E-05 0.00511924
9.9982E-05 0.208747 0.0319759 0.720465 0.038612 9.9982E-05
0.0266855 0.229483 9.9991E-05 0.672593 0.0644228 0.00671571
0.0842624 0.162092 0.0153593 0.721562 0.0166246 9.9991E-05
0.100846 0.118042 9.9991E-05 0.685257 0.0306307 0.0651238
0.159089 0.146427 0.00514032 0.388217 0.301026 9.9991E-05
9.9982E-05 0.0925722 0.0572948 0.583632 0.266301 9.9982E-05
9.9982E-05 0.0486107 0.0857198 0.419227 0.446243 9.9982E-05
0.0163284 0.885885 0.0102938 0.0648276 0.0129591 0.00970646
0.105609 0.280613 0.0206789 0.417181 0.134182 0.0417365
9.9982E-05 0.259499 9.9982E-05 0.593563 0.120379 0.0263586
0.0622788 0.104003 0.033694 0.630634 0.169289 9.9991E-05
0.0156174 0.169256 0.0592511 0.688323 9.9991E-05 0.0674528
9.9982E-05 0.208612 0.130469 0.594165 0.0665537 9.9982E-05
0.0545223 0.138752 0.029828 0.269372 0.266061 0.241465
9.9982E-05 0.170087 9.9982E-05 0.0338885 0.202716 0.593109
0.0465932 9.9982E-05 9.9982E-05 0.590125 0.14144 0.221642
9.9991E-05 0.123231 0.0437202 0.65347 0.0976576 0.0818205
9.9982E-05 0.0422833 9.9982E-05 0.654699 0.151955 0.150863
0.0283474 0.0902968 0.00968316 0.710427 0.0639945 0.0972508
0.0184441 0.657034 0.0142573 0.310065 9.9982E-05 9.9982E-05
0.0816566 0.320567 0.044428 0.465629 0.0876195 9.9991E-05
9.9982E-05 0.179779 9.9982E-05 0.67417 0.121785 0.0240658
0.0789136 0.101664 0.0744357 0.578621 9.9991E-05 0.166266
0.157697 0.151386 0.0973338 0.511927 0.0328366 0.048819
0.0712629 0.184544 0.0369122 0.602301 9.9991E-05 0.10488
0.0423212 0.0921985 0.128304 0.684242 9.9991E-05 0.0528343
0.0626037 0.274246 0.0586832 0.433523 0.0401753 0.130769
0.0126949 0.164458 0.066192 0.644066 0.112489 9.9991E-05
0.0957639 0.201321 0.0179136 0.670579 0.0143227 9.9991E-05
9.9991E-05 0.234604 0.0230456 0.62062 0.117234 0.00439587
0.0463726 0.119895 0.0203514 0.718415 0.0458947 0.0490705
0.0124521 0.301486 0.00577135 0.576209 9.9991E-05 0.103981
0.0160324 0.128457 9.9991E-05 0.772036 0.00784114 0.0755341
9.996E-05 0.9995 9.996E-05 9.996E-05 9.996E-05 9.996E-05
0.0508666 0.237326 0.0773778 0.556943 0.00205792 0.0754286
0.036748 0.20507 0.0455663 0.660674 0.0518414 9.9991E-05
0.00737095 0.201593 0.0721647 0.600554 0.00119616 0.117121
9.9991E-05 0.198058 0.00619898 0.610407 0.131631 0.0536052
0.0363421 0.171314 0.0393712 0.67629 0.0357008 0.0409815
0.132824 0.135621 0.0706389 0.660655 9.9991E-05 0.000161153
9.996E-05 0.9995 9.996E-05 9.996E-05 9.996E-05 9.996E-05
9.996E-05 0.9995 9.996E-05 9.996E-05 9.996E-05 9.996E-05
0.00796417 0.991636 9.9964E-05 9.9964E-05 9.9964E-05 9.9964E-05
9.9982E-05 0.171231 0.0521333 0.718708 9.9982E-05 0.0577274
0.115417 0.313135 0.0601783 0.448362 0.0118903 0.0510181
0.09768 0.127723 0.0799687 0.660201 9.9991E-05 0.0343269
0.00130488 0.26331 0.0771233 0.639798 0.018364 9.9991E-05
0.0531204 0.21171 0.0443041 0.546476 0.144289 9.9991E-05
9.9991E-05 0.537901 0.0402699 0.312367 0.0223058 0.0870559
9.9991E-05 0.206651 0.0638238 0.545957 0.0934439 0.0900246
0.176347 9.9982E-05 0.0148599 0.686369 9.9982E-05 0.122225
0.119489 0.105604 9.9991E-05 0.564839 0.0715067 0.138462
0.29265 0.146451 9.9982E-05 0.487427 9.9982E-05 0.073272
0.19622 0.0158706 0.0249431 0.593252 9.9991E-05 0.169614
0.239647 0.187641 9.9991E-05 0.424771 0.0193159 0.128526
0.258983 0.0400094 9.9982E-05 0.517449 9.9982E-05 0.183358
0.231308 0.0468084 0.0325272 0.447125 0.0455273 0.196704
0.250579 0.0289474 0.0632373 0.567684 0.0191192 0.0704326
0.265605 0.0545002 9.9991E-05 0.398002 0.177157 0.104635
0.188927 0.118184 0.0240405 0.51601 0.0415714 0.111267
0.247736 0.055832 9.9991E-05 0.551568 0.0688707 0.0758932
0.0960583 0.0828148 0.0360126 9.9991E-05 0.00183207 0.783182
0.049382 0.0191996 0.025934 0.03826 0.0554862 0.811738
0.0608068 0.036274 0.0525798 0.00463463 0.0799547 0.76575
0.031524 9.9982E-05 0.0480537 9.9982E-05 0.175646 0.744577
0.0401215 0.0504707 0.0571569 9.9991E-05 0.100037 0.752113
0.0923282 0.0288056 0.0233181 0.0742574 0.0180598 0.763231
0.0777853 0.0791322 9.9982E-05 9.9982E-05 0.0652421 0.77764
0.0968909 0.0608981 9.9973E-05 9.9973E-05 9.9973E-05 0.841911
0.0701291 0.0555761 0.0494332 0.0914764 0.169676 0.563709
0.0501226 9.9982E-05 0.0100351 9.9982E-05 0.248565 0.691078
0.0889935 0.0137654 0.0286178 9.9991E-05 0.112477 0.756046
0.000511257 9.9982E-05 0.0404 9.9982E-05 0.187203 0.771686
0.0918203 0.0161279 0.0512201 0.0452168 0.181654 0.613961
9.9982E-05 0.00920577 9.9982E-05 0.254618 0.0897264 0.64625
0.0404353 0.00201362 0.0654882 0.121451 9.9991E-05 0.770512
9.9982E-05 0.0124472 0.0998034 0.0795946 9.9982E-05 0.807955
9.9973E-05 9.9973E-05 9.9973E-05 0.0795896 0.0521362 0.867974
9.9982E-05 9.9982E-05 0.0337579 0.114336 0.0338542 0.817852
0.0514175 0.0339931 0.0426685 9.9991E-05 0.044402 0.827419
0.0330606 0.0128942 0.0252407 0.115806 0.0573914 0.755607
0.0637599 0.140673 0.0889984 0.00190702 0.0123167 0.692345
0.0553711 0.0388977 9.9991E-05 0.0518459 0.0703347 0.783451
0.0449689 0.0588984 0.0246096 0.0428804 9.9991E-05 0.828543
9.9982E-05 9.9982E-05 0.0460318 0.116244 0.0436453 0.793879
0.0773119 0.052352 0.0715614 0.0894866 9.9991E-05 0.709188
0.124227 9.9982E-05 0.0129926 0.154643 9.9982E-05 0.707937
0.0806565 0.0390796 0.0301876 0.0340747 0.0592576 0.756744
9.9991E-05 0.0182073 0.113689 0.0695687 0.0500647 0.74837
0.0302915 0.0227757 0.062177 0.124628 0.00744825 0.752679
0.0391215 0.1022 9.9982E-05 9.9982E-05 0.0473521 0.811126
9.9973E-05 0.0543629 9.9973E-05 9.9973E-05 0.132874 0.812463
0.0335786 0.0306638 0.0498042 0.0539202 0.129776 0.702257
0.0766821 9.9982E-05 9.9982E-05 0.0798321 0.104042 0.739244
0.0755409 0.0844124 0.00458272 9.9982E-05 9.9982E-05 0.835264
0.0829864 9.9982E-05 0.0184227 0.0587392 9.9982E-05 0.839652
0.0693168 0.0563893 0.0130141 0.00996257 0.653264 0.198054
0.0789445 0.0211824 0.0617465 0.017843 0.625561 0.194723
0.127678 9.9991E-05 0.0904758 0.0853415 0.652157 0.0442481
9.9982E-05 9.9982E-05 0.0867084 0.118815 0.597056 0.197221
0.0182172 0.0369765 0.0945635 0.101518 0.636861 0.111865
0.112455 0.0287569 9.9982E-05 9.9982E-05 0.782312 0.0762755
0.0527343 9.9982E-05 9.9982E-05 0.0493592 0.843034 0.054673
0.205819 9.9991E-05 0.0723041 0.0162298 0.628552 0.0769954
