0.9631 9.9991E-05 0.0367999
0.830309 0.0653068 0.104384
0.872191 9.9991E-05 0.127709
0.900721 9.9991E-05 0.0991792
0.880412 9.9991E-05 0.119488
0.92335 9.9991E-05 0.0765496
0.949467 9.9991E-05 0.0504328
0.852758 0.0204327 0.12681
0.866541 0.0456394 0.0878197
0.892376 9.9991E-05 0.107524
0.871191 9.9991E-05 0.128709
0.88487 0.0183106 0.0968191
0.846278 0.0722628 0.0814597
0.845468 9.9991E-05 0.154432
0.898752 9.9991E-05 0.101148
0.896825 0.00866583 0.0945093
0.955932 0.0439685 9.9991E-05
0.965519 0.0343807 9.9991E-05
0.957416 0.0424837 9.9991E-05
0.924616 0.0752845 9.9991E-05
0.0720448 0.260685 0.66727
0.0692377 0.219252 0.711511
0.10962 0.239564 0.650816
0.06049 0.286996 0.652514
0.0621744 0.261285 0.676541
0.0784357 0.295078 0.626486
0.018664 0.285553 0.695783
0.0546097 0.225767 0.719624
0.060024 0.287756 0.65222
0.0848286 0.332461 0.582711
0.0460002 0.27459 0.67941
0.0567929 0.327372 0.615836
0.0887219 0.307239 0.604039
0.0578788 0.365731 0.57639
0.0725105 0.414482 0.513007
0.132911 0.306615 0.560474
0.0625292 0.378548 0.558923
0.0898311 0.386969 0.5232
0.0607789 0.499994 0.439227
0.0768692 0.401043 0.522088
0.0755872 0.413469 0.510944
0.0974476 0.413613 0.488939
0.0923663 0.396629 0.511005
0.114482 0.338255 0.547263
0.0835834 0.431409 0.485008
0.121413 0.314926 0.563661
0.0549107 0.45369 0.491399
0.0719461 0.45007 0.477984
0.114035 0.369132 0.516833
0.0855782 0.361695 0.552727
0.0715455 0.390015 0.538439
0.0733122 0.389403 0.537285
0.0682371 0.462678 0.469085
0.133274 0.445834 0.420893
0.0856906 0.413206 0.501103
0.087067 0.401583 0.51135
0.134815 0.381376 0.483809
0.104314 0.733363 0.162323
0.11393 0.88597 9.9991E-05
0.105099 0.827067 0.0678342
0.10286 0.856249 0.0408913
0.0467478 0.917083 0.0361693
0.104491 0.834651 0.060858
0.0739842 0.897441 0.0285744
0.0653616 0.934538 9.9991E-05
0.189162 0.747255 0.0635828
0.0956955 0.811861 0.0924436
0.0916282 0.835327 0.0730451
0.10591 0.851264 0.0428262
0.14064 0.849353 0.0100066
0.0935379 0.906362 9.9991E-05
0.0806908 0.871783 0.0475262
0.0992335 0.862252 0.0385145
0.0761286 0.751738 0.172134
0.0591651 0.721231 0.219604
0.12583 0.757107 0.117063
0.140488 0.682038 0.177474
0.0869367 0.912963 9.9991E-05
0.13148 0.754963 0.113557
0.0441056 0.895519 0.0603749
0.11886 0.812977 0.0681635
0.107683 0.765894 0.126423
0.129252 0.870648 9.9991E-05
0.0763375 0.587135 0.336528
0.0428354 0.244237 0.712928
0.0804202 0.627673 0.291907
0.105227 0.767255 0.127518
0.0625732 0.78649 0.150937
0.10082 0.786585 0.112596
0.112487 0.887413 9.9991E-05
0.12633 0.806427 0.0672422
0.051563 0.841355 0.107082
0.130089 0.651136 0.218775
0.145445 0.656519 0.198036
0.0732062 0.744444 0.182349
0.141012 0.677276 0.181712
0.109661 0.728355 0.161983
0.114703 0.845235 0.0400619
0.0911928 0.871754 0.0370533
0.105487 0.894413 9.9991E-05
0.0773223 0.780853 0.141824
0.0965271 0.793133 0.11034
0.0918421 0.907904 0.000254173
0.0993244 0.900576 9.9991E-05
0.144937 0.773502 0.0815604
0.0941887 0.877738 0.0280736
0.146365 0.763771 0.0898636
0.0956039 0.815428 0.0889684
0.111929 0.775832 0.112239
0.116763 0.782748 0.10049
0.0758475 0.924052 9.9991E-05
0.074417 0.925483 9.9991E-05
0.0628308 0.934064 0.00310554
0.0781532 0.809114 0.112733
0.133588 0.708752 0.15766
0.130492 0.765222 0.104287
0.128006 0.845711 0.0262834
0.103259 0.896641 9.9991E-05
0.122002 0.815234 0.0627647
0.158304 0.726931 0.114765
0.107425 0.591673 0.300902
0.0514773 0.62048 0.328043
0.0953472 0.578514 0.326138
0.122217 0.514368 0.363416
0.110682 0.561225 0.328093
0.073581 0.529393 0.397026
0.0757068 0.554609 0.369685
0.135235 0.541694 0.323071
0.10638 0.498289 0.395331
0.0890172 0.555309 0.355674
0.065016 0.616816 0.318167
0.0447088 0.0833354 0.871956
0.0874948 0.132365 0.78014
0.0758634 0.0575333 0.866603
0.112279 0.014205 0.873516
0.0817094 0.0540527 0.864238
0.0772187 0.117799 0.804983
0.0543682 0.0490451 0.896587
0.0305991 0.107571 0.86183
0.120242 0.0726987 0.80706
0.0610791 0.138913 0.800008
0.0727479 0.105056 0.822196
0.106017 0.0345716 0.859411
0.0810452 0.0643316 0.854623
0.0767625 0.0790476 0.84419
0.124365 0.0579733 0.817662
0.102851 9.9991E-05 0.89705
0.0522865 0.0656992 0.882014
0.129206 0.0824785 0.788316
0.0932922 9.9991E-05 0.906608
0.0764164 0.055209 0.868375
0.137068 9.9991E-05 0.862832
0.062642 0.121848 0.81551
0.0837464 0.0243177 0.891936
0.10525 0.0209816 0.873768
0.106226 9.9991E-05 0.893674
0.0620143 0.0448597 0.893126
0.0824265 9.9991E-05 0.917474
0.127633 0.0285883 0.843779
0.0982672 0.0588859 0.842847
0.0110896 0.0688431 0.920067
0.00606924 0.0681348 0.925796
0.095374 0.0458646 0.858761
0.0558411 0.0841518 0.860007
0.0380539 0.0442312 0.917715
0.0988391 0.00502354 0.896137
0.0866054 0.215708 0.697687
0.0910493 0.210544 0.698406
0.154677 0.198468 0.646854
0.19638 0.167059 0.636561
0.173681 0.203207 0.623112
0.0657267 0.288738 0.645535
0.0876348 0.204897 0.707468
0.187335 0.192428 0.620237
