9.999E-05 9.999E-05 0.9998
0.144795 0.0559702 0.799235
0.122027 9.9991E-05 0.877873
0.106836 9.9991E-05 0.893064
0.0717528 0.0554837 0.872764
0.0756211 9.9991E-05 0.924279
0.0368143 9.9991E-05 0.963086
0.0948846 0.0168752 0.88824
0.136172 0.018214 0.845614
0.108743 9.9991E-05 0.891158
0.121585 0.0334748 0.84494
0.123991 9.9991E-05 0.875909
0.130916 0.0353631 0.833721
0.167782 9.9991E-05 0.832118
0.116474 9.9991E-05 0.883426
0.0581038 9.9991E-05 0.941796
9.9991E-05 0.0298588 0.970041
9.9991E-05 0.041074 0.958826
9.9991E-05 0.044305 0.955595
9.9991E-05 0.0788352 0.921065
0.725645 0.235551 0.0388038
0.709855 0.253799 0.0363467
0.696893 0.221508 0.0815988
0.682449 0.292387 0.025164
0.682201 0.27089 0.0469085
0.648291 0.304392 0.0473176
0.720086 0.279814 9.9991E-05
0.746943 0.219418 0.0336393
0.725362 0.269992 0.00464621
0.629932 0.348765 0.021303
0.745077 0.254823 9.9991E-05
0.648988 0.335095 0.0159169
0.642699 0.314682 0.0426192
0.634635 0.365011 0.000353398
0.552132 0.379503 0.0683651
0.605436 0.329478 0.0650858
0.575177 0.39394 0.0308833
0.54977 0.406075 0.0441557
0.503054 0.476591 0.0203549
0.528107 0.400948 0.0709442
0.570989 0.409129 0.019882
0.51564 0.405153 0.0792065
0.526151 0.423404 0.0504449
0.580872 0.332634 0.0864934
0.547818 0.432398 0.0197838
0.599997 0.298286 0.101717
0.5125 0.420895 0.0666044
0.555252 0.433886 0.0108614
0.58104 0.355046 0.0639145
0.578658 0.379226 0.0421159
0.545937 0.399853 0.0542098
0.539324 0.418388 0.0422877
0.532104 0.445028 0.0228676
0.475541 0.423742 0.100717
0.505179 0.41431 0.0805111
0.563308 0.357167 0.0795247
0.511792 0.398795 0.0894134
0.198643 0.753587 0.04777
9.9991E-05 0.943277 0.0566232
0.0798667 0.86194 0.0581933
0.0351308 0.906064 0.0588055
0.0425347 0.957365 9.9991E-05
0.0503188 0.861604 0.0880774
9.9991E-05 0.97636 0.0235396
9.9991E-05 0.988172 0.0117276
0.0912825 0.768029 0.140688
0.101198 0.847741 0.0510608
0.0942088 0.877173 0.028618
0.0684183 0.910556 0.0210256
0.00919885 0.912794 0.0780071
0.000610029 0.978899 0.0204913
0.0728306 0.913421 0.0137489
0.0238195 0.940821 0.0353591
0.184392 0.759571 0.0560365
0.227889 0.767026 0.00508534
0.119046 0.811484 0.0694709
0.169808 0.710259 0.119933
9.999E-05 0.9998 9.999E-05
0.131716 0.81164 0.0566441
0.0850326 0.914867 9.9991E-05
0.094562 0.849512 0.0559263
0.0698314 0.840881 0.0892872
9.9991E-05 0.975317 0.0245833
0.355214 0.595558 0.0492276
0.724141 0.249755 0.0261038
0.320116 0.63475 0.045134
0.164367 0.785152 0.0504808
0.175367 0.812224 0.012409
0.110304 0.863063 0.0266337
0.0326101 0.940185 0.0272044
0.0808684 0.87273 0.0464017
0.114686 0.87065 0.0146639
0.234678 0.71644 0.0488826
0.200159 0.743333 0.0565075
0.188584 0.76891 0.0425064
0.155891 0.727915 0.116195
0.155024 0.791466 0.0535099
0.0379735 0.90042 0.0616065
0.0307375 0.943064 0.0261988
9.9991E-05 0.964096 0.0358042
0.112688 0.864805 0.0225066
0.149863 0.828298 0.0218381
0.0370539 0.945319 0.0176272
9.9991E-05 0.953242 0.0466582
0.0838325 0.848338 0.0678293
0.023191 0.936667 0.0401416
0.134079 0.769359 0.0965619
0.105203 0.859701 0.0350955
0.103946 0.855777 0.0402766
0.119158 0.852669 0.0281731
9.999E-05 0.9998 9.999E-05
9.9991E-05 0.977994 0.0219056
0.0126792 0.975774 0.0115467
0.102001 0.842465 0.0555342
0.149227 0.802549 0.0482235
0.0969075 0.835391 0.0677012
0.0350924 0.898003 0.0669043
9.9991E-05 0.954842 0.0450575
0.0840745 0.850413 0.0655123
0.12021 0.777709 0.102081
0.326738 0.650624 0.0226373
0.351256 0.648644 9.9991E-05
0.333039 0.614895 0.0520665
0.357868 0.575989 0.0661437
0.374515 0.591383 0.0341018
0.395481 0.570219 0.0343003
0.414059 0.546789 0.0391517
0.300082 0.589711 0.110208
0.411737 0.568455 0.0198088
0.382249 0.599576 0.0181753
0.355627 0.644273 9.9991E-05
0.91539 0.0686632 0.0159463
0.891484 0.0801995 0.0283166
0.910687 0.0332012 0.056112
0.929277 9.9991E-05 0.0706231
0.8944 0.0474749 0.0581255
0.885159 0.0695981 0.0452433
0.971326 9.9991E-05 0.0285739
0.920156 0.0797439 9.9991E-05
0.860675 0.0576799 0.0816449
0.897392 0.101055 0.00155288
0.874633 0.0800319 0.0453354
0.911276 0.00712923 0.0815946
0.917881 9.9991E-05 0.0820186
0.85836 0.0782225 0.0634172
0.883423 0.0202808 0.0962964
0.934615 9.9991E-05 0.0652849
0.914547 0.024828 0.0606254
0.860964 0.0459907 0.0930451
0.930212 9.9991E-05 0.0696877
0.936692 0.00925869 0.054049
0.893196 9.9991E-05 0.106704
0.867635 0.0891264 0.0432389
0.952178 9.9991E-05 0.0477224
0.929965 9.9991E-05 0.069935
0.9226 9.9991E-05 0.0772998
0.922008 0.0211816 0.0568105
0.954225 0.00279698 0.0429777
0.882429 9.9991E-05 0.117471
0.899515 0.0164565 0.0840285
0.973451 0.0264487 9.9991E-05
0.986122 0.0137777 9.9991E-05
0.901465 9.9991E-05 0.0984352
0.94355 0.00654427 0.0499055
0.93498 0.0385699 0.02645
0.92384 0.0221912 0.0539683
0.787426 0.128477 0.0840967
0.725623 0.19687 0.0775068
0.694268 0.164537 0.141195
0.695318 0.135034 0.169648
0.664508 0.228453 0.107039
0.706216 0.23606 0.0577239
0.72595 0.215173 0.0588769
0.667282 0.198693 0.134025
