0.010275 9.9955E-05 0.937565 0.0200117 9.9955E-05 0.0221195 9.9955E-05 0.00236853 0.00716059 9.9955E-05 9.9955E-05
0.224815 0.00636747 0.704902 0.0259394 9.9946E-05 9.9946E-05 9.9946E-05 9.9946E-05 9.9946E-05 9.9946E-05 0.0373765
0.0872487 0.0278486 0.777912 9.9964E-05 0.00262371 0.0268935 0.0523103 9.9964E-05 9.9964E-05 9.9964E-05 0.0247636
0.0769763 0.059738 0.785068 0.00581147 9.9973E-05 0.0238843 0.0261923 0.000993821 9.9973E-05 9.9973E-05 0.021036
0.0505899 0.109399 0.781964 9.9955E-05 0.00312217 0.0215949 9.9955E-05 9.9955E-05 9.9955E-05 9.9955E-05 0.032831
9.9946E-05 9.9946E-05 0.854277 0.0394301 9.9946E-05 9.9946E-05 9.9946E-05 0.0326 0.00738213 9.9946E-05 0.0657109
9.993E-05 0.0142979 0.894341 9.993E-05 9.993E-05 9.993E-05 9.993E-05 0.0185496 9.993E-05 9.993E-05 0.0721122
0.019059 0.101496 0.803569 0.0248569 9.9964E-05 0.00174349 9.9964E-05 0.0140695 9.9964E-05 9.9964E-05 0.0348056
9.9955E-05 0.0640921 0.792459 0.000217588 9.9955E-05 0.0388631 0.00128048 9.9955E-05 9.9955E-05 9.9955E-05 0.102588
0.0101016 9.9964E-05 0.837647 9.9964E-05 0.00948558 9.9964E-05 0.0462889 0.0252688 9.9964E-05 0.000620489 0.0701882
0.225657 9.9937E-05 0.722898 9.9937E-05 0.0105892 9.9937E-05 9.9937E-05 9.9937E-05 9.9937E-05 9.9937E-05 0.0401562
0.15742 9.9964E-05 0.730021 9.9964E-05 0.00412108 0.0213705 0.0800935 0.00227902 9.9964E-05 9.9964E-05 0.00429515
0.0496621 0.0970938 0.751356 0.0506157 9.9955E-05 0.00381039 9.9955E-05 9.9955E-05 0.0469622 9.9955E-05 9.9955E-05
0.0579732 0.0703933 0.725231 0.00303818 0.0041653 9.9973E-05 9.9973E-05 0.0106632 9.9973E-05 0.00282753 0.125408
9.9955E-05 0.032154 0.8093 9.9955E-05 9.9955E-05 0.0281608 0.0336784 9.9955E-05 9.9955E-05 0.0671448 0.0290621
9.9964E-05 0.00889173 0.826231 0.0306799 0.00980488 9.9964E-05 9.9964E-05 0.00383292 9.9964E-05 0.0249868 0.0951726
9.993E-05 9.993E-05 0.948374 0.00549885 9.993E-05 9.993E-05 9.993E-05 0.0136241 9.993E-05 0.0318034 9.993E-05
9.9946E-05 9.9946E-05 0.961563 0.00920978 0.00159055 0.000531769 9.9946E-05 9.9946E-05 9.9946E-05 0.026505 9.9946E-05
9.9928E-05 9.9928E-05 0.938362 9.9928E-05 9.9928E-05 9.9928E-05 9.9928E-05 9.9928E-05 0.0234547 0.0373839 9.9928E-05
0.0361549 9.9955E-05 0.878687 0.00355493 9.9955E-05 9.9955E-05 0.0413834 0.0214097 9.9955E-05 0.01831 9.9955E-05
9.99101E-05 9.99101E-05 9.99101E-05 9.99101E-05 0.999001 9.99101E-05 9.99101E-05 9.99101E-05 9.99101E-05 9.99101E-05 9.99101E-05
0.158409 9.9946E-05 9.9946E-05 9.9946E-05 0.022025 0.00425223 0.783715 9.9946E-05 0.0309992 9.9946E-05 9.9946E-05
0.00995628 9.9955E-05 0.0393376 9.9955E-05 0.00488434 9.9955E-05 0.842958 0.0163268 0.0860368 9.9955E-05 9.9955E-05
9.9928E-05 9.9928E-05 9.9928E-05 0.0333604 9.9928E-05 9.9928E-05 0.89492 9.9928E-05 0.0709202 9.9928E-05 9.9928E-05
9.9928E-05 9.9928E-05 9.9928E-05 9.9928E-05 0.0123326 9.9928E-05 0.97545 0.0114183 9.9928E-05 9.9928E-05 9.9928E-05
9.9946E-05 0.00171671 0.011121 9.9946E-05 9.9946E-05 0.0120554 0.945416 0.0290914 9.9946E-05 9.9946E-05 9.9946E-05
9.9946E-05 0.110064 9.9946E-05 9.9946E-05 0.0129398 9.9946E-05 0.798564 9.9946E-05 0.0621172 0.0157157 9.9946E-05
9.99101E-05 9.99101E-05 9.99101E-05 9.99101E-05 0.999001 9.99101E-05 9.99101E-05 9.99101E-05 9.99101E-05 9.99101E-05 9.99101E-05
0.0385844 0.0207807 9.9964E-05 9.9964E-05 0.00509199 9.9964E-05 0.87129 0.0143799 9.9964E-05 0.0449145 0.00455903
0.0388554 0.00405774 9.9973E-05 0.0184632 9.9973E-05 9.9973E-05 0.767426 0.00378293 0.0332792 0.0999598 0.0338756
0.0927472 0.0262739 9.9955E-05 9.9955E-05 0.029648 0.0155678 0.794524 9.9955E-05 9.9955E-05 9.9955E-05 0.0407396
9.9964E-05 0.0116086 9.9964E-05 0.0448658 0.0260124 9.9964E-05 0.796204 9.9964E-05 0.0831554 0.0279991 0.00975443
9.9973E-05 0.106419 0.036667 0.00876489 0.0746256 9.9973E-05 0.682156 0.0113027 0.00101805 9.9973E-05 0.0787462
0.114465 9.9964E-05 9.9964E-05 0.0375639 0.042601 0.0529457 0.693743 0.0153849 9.9964E-05 9.9964E-05 0.0428961
0.155507 0.0125447 0.00611603 0.0219131 0.00224654 0.0156999 0.69143 0.0248343 9.9991E-05 0.0561817 0.0134271
0.274683 9.99549E-05 0.05499 9.99549E-05 0.0063886 0.0546002 0.490002 9.99549E-05 9.99549E-05 9.99549E-05 0.118837
9.9964E-05 9.9964E-05 9.9964E-05 0.0365648 0.00152346 0.0359961 0.722346 0.00335282 0.0846889 0.115128 9.9964E-05
0.0558894 0.0482427 9.9973E-05 0.00606635 0.00782647 9.9973E-05 0.0123425 9.9973E-05 0.743683 0.1228 0.00284961
0.151839 0.0705619 9.9955E-05 0.0302604 9.9955E-05 9.9955E-05 9.9955E-05 0.00276765 0.678561 0.0655103 9.9955E-05
9.9955E-05 0.200535 0.0107571 0.0641142 9.9955E-05 0.0385407 9.9955E-05 9.9955E-05 0.678491 9.9955E-05 0.00706242
9.9973E-05 9.9973E-05 0.00852499 0.00668872 9.9973E-05 0.013746 0.0262256 0.0211875 0.724895 0.182143 0.0162899
0.0463747 9.9973E-05 0.0135386 0.0413681 0.0294885 0.0406112 9.9973E-05 0.0197433 0.754524 0.0540514 9.9973E-05
9.9955E-05 0.0749811 9.9955E-05 0.0271903 9.9955E-05 0.0268196 9.9955E-05 0.0235548 0.818768 0.0281861 9.9955E-05
0.10045 9.9982E-05 0.0372417 0.0417248 0.00613378 0.0312052 9.9982E-05 0.0229296 0.628869 0.00705452 0.124191
9.997E-05 0.0269078 9.997E-05 0.023201 0.0119182 0.00437784 0.042163 0.0326793 0.729174 0.129279 9.997E-05
9.9964E-05 0.101088 0.0272788 9.9964E-05 9.9964E-05 9.9964E-05 0.0560817 0.0137871 0.687725 0.0419216 0.0717181
9.9937E-05 9.9937E-05 9.9937E-05 0.081731 9.9937E-05 9.9937E-05 9.9937E-05 0.0241902 0.768203 0.125177 9.9937E-05
0.0323513 0.0201192 9.9973E-05 0.0416289 9.9973E-05 0.039837 9.9973E-05 0.00630552 0.837798 0.00563748 0.0160231
9.9955E-05 9.9955E-05 0.0295942 0.0904689 0.0344479 0.0142168 9.9955E-05 0.0101571 0.820615 9.9955E-05 9.9955E-05
0.0779031 9.9973E-05 0.00451328 0.0069299 0.0207859 0.0311096 9.9973E-05 9.9973E-05 0.721623 0.100959 0.0358759
0.15632 9.9946E-05 9.9946E-05 0.0284735 0.00939595 0.026658 9.9946E-05 9.9946E-05 0.778553 9.9946E-05 9.9946E-05
9.9955E-05 9.9955E-05 9.9955E-05 0.0552814 0.0281747 0.024996 9.9955E-05 9.9955E-05 0.791149 0.0697138 0.0301849
9.9946E-05 0.0855303 0.0086975 0.0522869 9.9946E-05 9.9946E-05 9.9946E-05 0.0805459 0.77234 9.9946E-05 9.9946E-05
0.0924988 9.9955E-05 0.0786687 0.0171279 9.9955E-05 9.9955E-05 0.0175565 9.9955E-05 0.732063 0.0615851 9.9955E-05
9.996E-05 9.996E-05 0.00444688 0.0269841 0.00443731 9.996E-05 9.996E-05 0.0477528 0.705636 0.153524 0.0568192
0.11772 0.143026 9.9955E-05 0.0236999 9.9955E-05 0.0214489 9.9955E-05 9.9955E-05 0.661994 9.9955E-05 0.0316121
9.9982E-05 0.0283595 0.0478467 9.9982E-05 0.0324177 0.00955754 0.0108779 0.0568816 0.707642 0.0621794 0.044038
0.402695 0.0679453 9.9964E-05 0.0058122 9.9964E-05 0.0193758 9.9964E-05 0.0036729 0.150799 0.3493 9.9964E-05
9.99101E-05 9.99101E-05 9.99101E-05 9.99101E-05 9.99101E-05 0.999001 9.99101E-05 9.99101E-05 9.99101E-05 9.99101E-05 9.99101E-05
0.358733 0.116353 0.00987938 0.0794074 0.0102567 9.9982E-05 0.00124152 0.0541653 9.9982E-05 0.333009 0.036754
0.432604 0.0816132 9.9973E-05 0.0653787 0.00351722 0.00775869 9.9973E-05 0.0169642 0.0560591 0.335805 9.9973E-05
0.273476 0.0467569 9.9955E-05 0.0277482 9.9955E-05 0.0365345 9.9955E-05 0.0046119 9.9955E-05 0.610373 9.9955E-05
0.175276 9.9982E-05 0.0151376 0.008094 0.0121191 0.0163525 9.9982E-05 0.0128389 0.0368494 0.715212 0.0079204
0.0167947 9.9946E-05 9.9946E-05 0.940784 9.9946E-05 0.0181899 0.0194651 0.00416694 9.9946E-05 9.9946E-05 9.9946E-05
9.99101E-05 9.99101E-05 9.99101E-05 9.99101E-05 9.99101E-05 0.999001 9.99101E-05 9.99101E-05 9.99101E-05 9.99101E-05 9.99101E-05
0.370041 0.112309 0.0813286 0.114821 0.00339678 0.0323102 9.9982E-05 0.0155425 9.9982E-05 0.2282 0.0418512
0.000198274 9.9991E-05 0.0466962 0.0923112 0.0431202 0.0318997 0.0670672 0.040826 0.0108833 0.636737 0.030161
9.997E-05 0.0373548 0.019584 0.0715575 0.017642 0.0426796 0.0257573 0.0557036 9.997E-05 0.729421 9.997E-05
0.122285 0.0139342 9.9973E-05 0.0229743 0.0283479 0.013881 0.0652474 0.0540369 9.9973E-05 0.678993 9.9973E-05
0.171749 0.0128845 0.0426661 0.0891795 0.008483 0.119877 0.0706857 0.0412849 9.9982E-05 0.442991 9.9982E-05
9.9955E-05 0.0156244 0.0569693 0.0324836 9.9955E-05 0.0588783 9.9955E-05 0.0232793 9.9955E-05 0.812265 9.9955E-05
9.9955E-05 0.220897 9.9955E-05 0.109699 9.9955E-05 0.0209876 9.9955E-05 0.0156846 0.0324441 0.599787 9.9955E-05
0.297533 9.9964E-05 9.9964E-05 0.0305182 0.0130247 0.0750325 0.0438454 0.0191446 9.9964E-05 0.520501 9.9964E-05
0.397968 0.428317 9.9964E-05 0.0110727 9.9964E-05 0.03256 9.9964E-05 0.010625 0.00662265 0.112435 9.9964E-05
9.996E-05 0.246641 9.996E-05 0.0760773 0.0520804 0.0436437 9.996E-05 0.0124887 0.194113 0.374556 9.996E-05
0.0760359 9.9973E-05 0.0518986 0.0483829 9.9973E-05 0.0221312 0.0111573 9.9973E-05 0.165555 0.597203 0.0273365
0.137421 9.9964E-05 0.0724399 0.0273605 9.9964E-05 0.057939 9.9964E-05 0.00970064 0.407256 0.287484 9.9964E-05
9.9937E-05 9.9937E-05 9.9937E-05 0.887259 9.9937E-05 0.0346759 9.9937E-05 0.0165985 9.9937E-05 0.0607667 9.9937E-05
0.172871 0.126559 0.0484717 0.116325 0.03373 0.0656727 0.0207753 0.0751078 0.139198 0.187481 0.0138086
0.241049 9.9964E-05 9.9964E-05 0.10696 9.9964E-05 0.0249033 0.0130577 0.0321581 0.101038 0.480434 9.9964E-05
9.9955E-05 9.9955E-05 0.0385566 9.9955E-05 0.00755738 9.9955E-05 0.031755 0.0250331 9.9955E-05 0.877892 0.0187061
0.274631 0.00408506 0.0268015 0.0634221 0.0018938 0.0312767 0.0366027 0.0157719 9.9991E-05 0.540967 0.00444834
0.141263 9.9964E-05 0.0579105 0.0320091 9.9964E-05 0.0151594 9.9964E-05 0.0432379 0.0150039 0.695016 9.9964E-05
0.180818 9.9982E-05 0.0258794 0.0518672 9.9982E-05 0.0326255 0.041548 0.050959 0.237906 0.199782 0.178414
0.151494 9.9955E-05 9.9955E-05 0.111941 9.9955E-05 0.0522603 9.9955E-05 0.00794422 0.0986514 9.9955E-05 0.577209
0.242796 0.0718996 9.9973E-05 9.9973E-05 0.00453543 0.0595871 0.043443 9.9973E-05 0.0715142 0.360565 0.145359
9.9955E-05 9.9955E-05 0.00915195 0.0127453 0.0121085 9.9955E-05 9.9955E-05 0.00425595 9.9955E-05 0.927174 0.0340644
9.9937E-05 0.0109061 9.9937E-05 9.9937E-05 0.0088248 9.9937E-05 9.9937E-05 9.9937E-05 9.9937E-05 0.840524 0.139045
0.123175 0.0381041 9.9973E-05 9.9973E-05 0.00409383 0.0263443 9.9973E-05 0.0399907 0.0476091 0.661248 0.0591357
0.85773 9.99189E-05 9.99189E-05 9.99189E-05 9.99189E-05 9.99189E-05 9.99189E-05 0.141371 9.99189E-05 9.99189E-05 9.99189E-05
0.236159 0.0205666 9.9982E-05 0.1707 0.00656119 0.00827519 0.0286493 0.0184042 0.0773174 0.433167 9.9982E-05
0.0743599 9.9973E-05 9.9973E-05 0.0869273 0.0229032 0.0110915 9.9973E-05 0.0121294 0.0580589 0.718077 0.0161532
0.745703 9.9973E-05 0.0361967 0.041746 0.016266 0.0337344 0.0985835 9.9973E-05 9.9973E-05 0.00846654 0.0190037
0.779507 0.0761136 0.00947864 0.0709246 9.9955E-05 9.9955E-05 0.0546633 9.9955E-05 0.00881308 9.9955E-05 9.9955E-05
0.604911 9.9946E-05 9.9946E-05 0.0630678 9.9946E-05 9.9946E-05 0.0708361 9.9946E-05 9.9946E-05 0.229363 0.0312224
0.446904 0.176786 0.0485016 0.0021698 0.018741 0.0565698 0.0129902 9.9982E-05 9.9982E-05 0.217996 0.0191412
0.458751 0.139031 9.9973E-05 0.135536 9.9973E-05 0.0174514 0.0169497 0.00747346 9.9973E-05 0.113269 0.111237
0.247438 0.0227616 0.0447329 0.122071 9.9973E-05 0.0182443 9.9973E-05 0.00931786 0.0621737 0.472961 9.9973E-05
0.0740852 0.0981374 0.012114 0.101018 9.9973E-05 0.0108394 0.0647485 0.0230514 9.9973E-05 0.615706 9.9973E-05
0.290032 9.9973E-05 0.00203107 0.133909 9.9973E-05 0.0714885 9.9973E-05 0.0271479 0.0406114 0.431846 0.00263483
0.335046 9.9982E-05 0.0114378 0.00632121 0.0139711 0.0115377 0.0339358 0.0179293 9.9982E-05 0.550628 0.0189932
0.181456 9.9973E-05 0.0188099 0.108431 0.0243705 0.0496531 9.9973E-05 0.104575 9.9973E-05 0.440179 0.072226
0.174672 0.0731847 9.9955E-05 0.00726854 0.0130546 0.00452402 9.9955E-05 9.9955E-05 9.9955E-05 0.726796 9.9955E-05
9.99101E-05 9.99101E-05 9.99101E-05 9.99101E-05 9.99101E-05 9.99101E-05 9.99101E-05 0.999001 9.99101E-05 9.99101E-05 9.99101E-05
0.358511 0.0683013 0.0338489 0.0485845 0.0200961 0.0633525 9.9991E-05 0.0291509 0.00331631 0.329047 0.0456916
0.426327 9.9964E-05 9.9964E-05 0.0396408 0.0019262 0.00357905 0.00281727 0.0103127 9.9964E-05 0.514997 9.9964E-05
0.302169 0.032051 0.0305987 0.0634765 9.9964E-05 9.9964E-05 9.9964E-05 0.0110531 9.9964E-05 0.467032 0.0932199
0.192746 9.9964E-05 0.000859622 0.0278221 9.9964E-05 0.019527 9.9964E-05 9.9964E-05 0.0917378 0.608916 0.0579917
0.352187 0.215397 9.9955E-05 0.0880331 9.9955E-05 0.0101085 9.9955E-05 9.9955E-05 0.0148985 0.318876 9.9955E-05
0.270517 0.0848827 0.0257895 0.0391458 0.012161 9.9982E-05 0.0501235 0.000452774 0.00438955 0.512338 9.9982E-05
9.99101E-05 9.99101E-05 9.99101E-05 0.999001 9.99101E-05 9.99101E-05 9.99101E-05 9.99101E-05 9.99101E-05 9.99101E-05 9.99101E-05
9.99101E-05 9.99101E-05 9.99101E-05 9.99101E-05 9.99101E-05 9.99101E-05 9.99101E-05 0.999001 9.99101E-05 9.99101E-05 9.99101E-05
9.99101E-05 9.99101E-05 9.99101E-05 0.999001 9.99101E-05 9.99101E-05 9.99101E-05 9.99101E-05 9.99101E-05 9.99101E-05 9.99101E-05
0.832308 9.9955E-05 9.9955E-05 0.0612805 0.00423808 0.0540079 9.9955E-05 0.0173158 9.9955E-05 0.0303499 9.9955E-05
0.484176 9.9982E-05 0.00475444 0.109628 0.0613004 0.0703408 0.0293648 0.0429482 9.9982E-05 0.176646 0.020641
0.477838 9.9973E-05 0.0365445 0.0595763 0.00197462 0.0318198 0.048158 0.023681 9.9973E-05 0.320108 9.9973E-05
0.247448 9.9964E-05 0.0470318 0.0454366 0.0232682 0.0099405 9.9964E-05 0.028079 9.9964E-05 0.598397 9.9964E-05
9.9973E-05 0.00797636 0.0189419 9.9973E-05 0.0357497 0.0292828 0.00288003 0.0475756 0.0524434 0.80485 9.9973E-05
0.910991 9.99189E-05 9.99189E-05 9.99189E-05 9.99189E-05 9.99189E-05 9.99189E-05 0.08811 9.99189E-05 9.99189E-05 9.99189E-05
0.484155 9.9964E-05 0.0143774 0.0139588 9.9964E-05 9.9964E-05 9.9964E-05 0.0382004 0.0403309 0.382384 0.0261937
0.157846 0.76495 9.9937E-05 9.9937E-05 0.00984346 0.0666619 9.9937E-05 9.9937E-05 9.9937E-05 9.9937E-05 9.9937E-05
0.040642 0.926866 9.9937E-05 0.0316654 9.9937E-05 9.9937E-05 9.9937E-05 9.9937E-05 9.9937E-05 0.000127035 9.9937E-05
0.0442591 0.877663 9.9946E-05 0.0301462 0.0341213 9.9946E-05 9.9946E-05 0.0132107 9.9946E-05 9.9946E-05 9.9946E-05
0.172173 0.796582 9.9937E-05 0.0145993 0.0159462 9.9937E-05 9.9937E-05 9.9937E-05 9.9937E-05 9.9937E-05 9.9937E-05
0.0657194 0.710417 9.9964E-05 0.0332626 9.9964E-05 9.9964E-05 0.0411918 0.0382836 9.9964E-05 0.0465284 0.0641975
9.9946E-05 0.924045 9.9946E-05 0.00537381 0.0115648 0.027515 9.9946E-05 9.9946E-05 9.9946E-05 9.9946E-05 0.0309018
9.99101E-05 0.999001 9.99101E-05 9.99101E-05 9.99101E-05 9.99101E-05 9.99101E-05 9.99101E-05 9.99101E-05 9.99101E-05 9.99101E-05
0.0984072 0.846214 0.0478682 9.9937E-05 9.9937E-05 9.9937E-05 9.9937E-05 0.00681079 9.9937E-05 9.9937E-05 9.9937E-05
9.9946E-05 0.86958 9.9946E-05 9.9946E-05 0.0183906 0.0179573 9.9946E-05 0.00466476 0.0888081 9.9946E-05 9.9946E-05
0.0947617 0.651978 0.0343654 0.00556129 0.062284 0.00347598 9.998E-05 0.0160852 0.00414273 0.127145 9.998E-05
9.9955E-05 0.761901 9.9955E-05 9.9955E-05 9.9955E-05 0.013929 0.104426 0.00465238 0.0283813 0.08621 9.9955E-05
9.9955E-05 0.188616 0.000272154 0.0392405 9.9955E-05 9.9955E-05 0.040516 0.000212248 9.9955E-05 9.9955E-05 0.730643
9.9964E-05 0.201485 0.00153878 9.9964E-05 0.0202369 0.018378 9.9964E-05 0.0282884 0.0253252 9.9964E-05 0.704348
9.9982E-05 0.00815271 0.0189838 9.9982E-05 0.0345709 0.0200439 0.0222148 0.0319232 0.0462943 0.12405 0.693566
9.9946E-05 9.9946E-05 0.0502477 9.9946E-05 9.9946E-05 9.9946E-05 0.0558877 9.9946E-05 0.169776 0.0482159 0.675273
0.129614 0.000916911 9.9955E-05 0.0463394 0.0735196 9.9955E-05 9.9955E-05 9.9955E-05 0.0660279 9.9955E-05 0.683083
0.205928 0.0475233 0.0157864 0.0102625 0.0401621 0.00291242 9.9964E-05 9.9964E-05 9.9964E-05 9.9964E-05 0.677026
9.9964E-05 0.0974832 9.9964E-05 9.9964E-05 0.00667851 0.0162798 0.043053 0.0561683 0.10766 9.9964E-05 0.672278
9.9946E-05 9.9946E-05 9.9946E-05 9.9946E-05 0.0228491 0.00128739 9.9946E-05 0.00246865 9.9946E-05 0.214194 0.758601
0.198913 0.00429573 0.0473011 0.0570688 9.9982E-05 0.0182986 0.0804471 0.0146686 0.0680988 9.9982E-05 0.510708
9.9937E-05 0.146297 9.9937E-05 9.9937E-05 9.9937E-05 9.9937E-05 9.9937E-05 0.0303792 0.173434 9.9937E-05 0.64919
9.998E-05 0.0487953 0.025474 0.0316656 0.0300144 0.0334844 0.0134777 0.00410768 0.0934459 9.998E-05 0.719335
0.00781992 9.9955E-05 0.0732123 9.9955E-05 0.0196576 0.0627213 9.9955E-05 9.9955E-05 0.137447 9.9955E-05 0.698642
0.108159 9.9973E-05 0.044856 9.9973E-05 0.0196165 0.00248231 0.0356675 9.9973E-05 0.0953474 0.0894616 0.60411
0.212377 0.137438 9.9964E-05 0.0128914 9.9964E-05 0.0303261 9.9964E-05 0.0020298 0.0939642 9.9964E-05 0.510574
0.0879163 9.9964E-05 0.0738539 0.0192587 9.9964E-05 0.0475985 0.112731 0.0113606 9.9964E-05 9.9964E-05 0.646881
0.264872 9.994E-05 0.0527841 9.994E-05 0.0148629 0.00208468 9.994E-05 9.994E-05 9.994E-05 9.994E-05 0.664797
9.9973E-05 0.0587642 9.9973E-05 0.0188258 9.9973E-05 0.0586492 0.0209647 0.0172661 0.0580282 0.0130601 0.754142
9.9955E-05 9.9955E-05 0.0519966 0.00531411 0.0055946 0.0058234 9.9955E-05 9.9955E-05 9.9955E-05 0.175855 0.754916
9.9973E-05 9.9973E-05 0.0440767 0.0023505 0.021849 9.9973E-05 0.0224191 0.0160609 0.0416841 0.0613721 0.789888
0.173863 9.9973E-05 9.9973E-05 0.000864611 0.0348064 0.00445793 9.9973E-05 0.0105084 0.00948225 0.0272682 0.738449
0.263011 9.9964E-05 0.0269623 0.0219649 0.0163582 9.9964E-05 0.0567457 9.9964E-05 0.0887381 9.9964E-05 0.52582
9.997E-05 0.00674219 9.997E-05 0.0010833 0.0176598 9.997E-05 0.0184567 0.00616398 0.0403841 0.17954 0.72967
0.19112 0.0782881 9.9946E-05 0.034691 9.9946E-05 9.9946E-05 9.9946E-05 0.011775 9.9946E-05 9.9946E-05 0.683526
0.215227 0.00724455 0.010542 9.9973E-05 9.9973E-05 0.0140159 0.000134421 0.00723658 9.9973E-05 0.0306949 0.714605
0.184112 9.99414E-05 0.00647746 9.99414E-05 9.99414E-05 9.99414E-05 0.106596 0.0602008 9.99414E-05 9.99414E-05 0.642014
0.259777 9.9937E-05 9.9937E-05 9.9937E-05 9.9937E-05 9.9937E-05 0.0853022 9.9937E-05 9.9937E-05 0.051124 0.603097
0.199591 9.9946E-05 9.9946E-05 0.061363 0.0372217 9.9946E-05 0.0434102 9.9946E-05 9.9946E-05 9.9946E-05 0.657814
0.20832 0.00318525 0.0352567 0.0399878 9.9982E-05 0.053511 0.011522 0.00344588 0.0303374 9.9982E-05 0.614235
0.183265 9.9973E-05 0.031605 9.9973E-05 0.0443431 0.00885583 9.9973E-05 0.00162418 0.0299139 0.0813841 0.618708
9.9973E-05 0.00308181 9.9973E-05 0.00971522 9.9973E-05 0.0405223 0.0898294 0.0488924 0.0718787 0.00531221 0.730468
9.9955E-05 0.0988408 9.9955E-05 0.0248915 9.9955E-05 0.0415341 9.9955E-05 0.0183729 0.0740543 9.9955E-05 0.741807
0.143522 0.0409953 0.00794022 9.9964E-05 9.9964E-05 9.9964E-05 0.0236994 0.0172641 0.147667 9.9964E-05 0.618511
9.9955E-05 0.00232253 9.9955E-05 9.9955E-05 0.00288234 9.9955E-05 0.107403 9.9955E-05 0.0876198 0.158529 0.640744
0.0224422 9.9973E-05 9.9973E-05 0.0335156 0.00802159 0.0194655 0.097371 0.0312199 9.9973E-05 0.051254 0.73641
0.0751782 0.0343549 0.0216534 0.0407912 0.0639801 9.996E-05 9.996E-05 9.996E-05 9.996E-05 0.0233452 0.740297
0.240215 9.9955E-05 9.9955E-05 9.9955E-05 0.00857957 0.0440679 0.0238665 9.9955E-05 0.631088 9.9955E-05 0.0516832
0.407877 9.9946E-05 9.9946E-05 9.9946E-05 9.9946E-05 9.9946E-05 0.0272874 0.00990252 0.456382 9.9946E-05 0.0979508
0.365734 9.9955E-05 0.0608364 9.9955E-05 0.0109484 0.00276152 0.079917 9.9955E-05 0.479303 9.9955E-05 9.9955E-05
0.375334 9.996E-05 0.0433706 9.996E-05 0.0143622 0.0103241 0.00873953 9.996E-05 0.4918 9.996E-05 0.0556692
0.257581 9.99556E-05 0.0587624 9.99556E-05 0.00243765 9.99556E-05 0.0562678 9.99556E-05 0.577761 9.99556E-05 0.0466905
9.9973E-05 0.090902 9.9973E-05 0.0487945 0.0315691 0.0233562 0.0332519 0.0286354 0.673732 9.9973E-05 0.0694588
0.231763 0.0349189 9.9937E-05 9.9937E-05 9.9937E-05 9.9937E-05 9.9937E-05 9.9937E-05 0.73235 9.9937E-05 0.000268838
0.265312 9.9946E-05 0.0468789 9.9946E-05 0.0152747 9.9946E-05 0.196275 9.9946E-05 0.47566 9.9946E-05 9.9946E-05
