9.9973E-05 9.9973E-05 0.0169295 9.9973E-05 0.982771
0.149491 9.9982E-05 9.9982E-05 0.108876 0.741432
0.0380147 0.112934 9.9982E-05 9.9982E-05 0.848852
0.102286 0.0183125 9.9991E-05 0.0402264 0.839075
0.0632194 0.0202541 0.0337312 0.0254928 0.857302
0.0776763 9.9982E-05 0.000447487 9.9982E-05 0.921676
0.0344778 9.9973E-05 9.9973E-05 9.9973E-05 0.965222
0.08857 9.9991E-05 0.0200304 0.0278278 0.863472
0.09725 0.0639375 9.9982E-05 9.9982E-05 0.838613
0.0555136 0.0934649 9.9982E-05 9.9982E-05 0.850822
0.07392 0.0630038 9.9991E-05 0.0890072 0.773969
0.068058 0.0815435 0.00789264 0.0275237 0.814982
0.0169175 0.0791334 0.0463051 0.0478643 0.80978
0.188807 0.0416859 0.0156436 9.9991E-05 0.753764
0.0362715 0.0958465 9.9991E-05 0.0422007 0.825581
0.0921775 9.9973E-05 9.9973E-05 9.9973E-05 0.907523
9.997E-05 9.997E-05 9.997E-05 9.997E-05 0.9996
9.9973E-05 9.9973E-05 0.00141572 9.9973E-05 0.998284
9.9973E-05 9.9973E-05 0.00576893 9.9973E-05 0.993931
9.999E-05 0.0194091 0.0161841 0.0281879 0.936119
9.997E-05 0.9996 9.997E-05 9.997E-05 9.997E-05
0.0799592 0.751347 0.062137 0.0918121 0.0147452
0.0706535 0.743611 0.0595613 0.0650266 0.0611471
9.9982E-05 0.804672 0.171987 9.9982E-05 0.0231419
0.0103479 0.957751 9.9991E-05 0.0231275 0.00867333
9.9982E-05 0.920802 9.9982E-05 0.0218436 0.0571541
0.0749855 0.732958 0.148769 0.0431877 9.9991E-05
9.997E-05 0.9996 9.997E-05 9.997E-05 9.997E-05
0.0880489 0.801394 9.9982E-05 0.110357 9.9982E-05
0.101049 0.644997 0.122404 0.126643 0.00490745
0.136071 0.795168 0.0131404 0.0555206 9.9991E-05
0.0452888 0.769228 0.163598 0.0217845 9.9991E-05
0.0790219 0.721876 0.0896178 0.0487546 0.0607297
0.154014 0.690088 9.9982E-05 0.155699 9.9982E-05
0.0591222 0.634102 0.0496366 0.202109 0.0550296
0.258721 0.46383 9.9991E-05 0.201939 0.0754091
0.0346982 0.680938 0.138905 0.144505 0.000954359
0.0253589 0.080333 0.826896 0.0661387 0.00127367
0.0355258 9.9991E-05 0.812536 0.150003 0.00183488
0.0347978 0.0600862 0.77637 0.0933514 0.0353945
0.0140365 0.0727768 0.850506 0.0398616 0.0228192
9.9991E-05 0.0418124 0.86173 0.0657323 0.0306257
0.0240007 0.0124488 0.874937 0.0661111 0.0225026
0.17297 0.0152119 0.71294 0.0451534 0.0537254
0.0592106 0.0145981 0.80813 0.11301 0.00505205
0.0878105 0.0556426 0.812136 9.9991E-05 0.0443107
0.0391241 0.0125507 0.863749 0.084476 9.9991E-05
0.0375352 9.9991E-05 0.91941 0.0251197 0.017835
9.9982E-05 0.0134185 0.964067 9.9982E-05 0.0223145
0.104207 0.00286625 0.839525 0.0533025 9.9991E-05
0.00713643 0.0349318 0.941441 9.9991E-05 0.016391
0.0183809 0.0524015 0.929018 9.9982E-05 9.9982E-05
9.9982E-05 9.9982E-05 0.911754 0.0509257 0.03712
9.9982E-05 0.0505343 0.852726 9.9982E-05 0.0965394
0.0541814 9.9991E-05 0.858147 0.0412302 0.0463417
0.0847492 0.0373913 0.770833 0.0743113 0.0327148
0.0938961 0.0556099 0.773642 0.0106094 0.0662424
0.0613966 0.0927895 0.16532 0.631003 0.0494915
9.9982E-05 0.0453658 9.9982E-05 0.861352 0.093082
0.0962054 0.0400518 0.0915487 0.736935 0.0352587
0.0491831 0.0122553 0.121563 0.775344 0.0416539
0.046194 0.067855 0.0395144 0.846337 9.9991E-05
0.0292218 0.0503172 0.137135 0.768995 0.0143311
0.0297223 0.0204359 0.0567445 0.888876 0.00422156
0.00263384 0.0528358 0.0307702 0.904382 0.00937847
0.140641 0.00964092 0.0165445 0.69201 0.141164
0.0284785 0.187714 0.0763881 0.686591 0.0208284
0.0251579 0.0785468 0.0599463 0.813149 0.0231995
9.9991E-05 0.125843 0.0162926 0.84638 0.0113844
0.0372423 0.145636 9.9991E-05 0.765918 0.0511042
9.9991E-05 0.0302875 0.0607868 0.849143 0.0596831
9.9982E-05 0.0690336 0.145125 0.785642 9.9982E-05
0.0100863 0.141103 0.0622404 0.764474 0.0220965
0.0797066 0.16618 0.0507987 0.703215 9.9991E-05
0.0099215 0.118063 0.341754 0.530162 9.9991E-05
9.9991E-05 0.0290654 0.313798 0.569899 0.0871383
9.9982E-05 9.9982E-05 0.498824 0.400047 0.10093
9.9982E-05 0.00123113 0.103046 0.895523 9.9982E-05
0.0444115 0.078824 0.188007 0.629023 0.059734
0.038977 0.0229461 0.13272 0.805257 9.9991E-05
9.9991E-05 0.105496 0.211139 0.640527 0.0427375
0.117554 0.078658 9.9991E-05 0.745067 0.0586205
9.9982E-05 9.9982E-05 0.123724 0.764796 0.11128
0.254422 0.0597766 0.276923 0.346945 0.0619343
0.611268 9.9982E-05 0.234359 0.154173 9.9982E-05
0.224965 0.0749913 0.16261 0.502585 0.0348484
0.0916941 9.9991E-05 0.130471 0.732228 0.0455063
0.119199 0.0335379 0.214784 0.623758 0.00872033
0.0855081 0.0384101 0.12161 0.744365 0.0101067
9.9982E-05 0.0947875 9.9982E-05 0.896061 0.00895192
9.9991E-05 0.0870287 0.18596 0.691075 0.035836
0.0759023 0.0089014 0.144728 0.770368 9.9991E-05
0.209295 0.13363 9.9991E-05 0.581353 0.0756222
0.110957 0.162914 0.0117233 0.594097 0.120309
0.162068 0.100851 9.9991E-05 0.707007 0.0299733
0.142115 0.0797435 0.00400148 0.656701 0.117439
0.184618 0.0288139 0.041397 0.687561 0.0576093
9.9991E-05 0.0308118 0.12078 0.749265 0.0990425
9.9991E-05 0.156062 0.0748534 0.749177 0.0198073
9.9982E-05 9.9982E-05 0.124277 0.832598 0.0429259
0.087161 0.105542 0.0474126 0.720491 0.0393933
0.171014 0.0229129 9.9991E-05 0.795048 0.010925
0.0776354 0.0374968 0.0624051 0.79308 0.0293822
9.997E-05 9.997E-05 9.997E-05 0.9996 9.997E-05
0.136113 0.0610107 0.0407475 0.708371 0.053757
0.0459683 0.0522098 0.0439821 0.805103 0.0527367
0.134858 0.00887139 0.0420553 0.748062 0.0661532
0.0463564 9.9991E-05 0.201475 0.719841 0.0322274
9.9991E-05 0.0619892 0.125824 0.759664 0.0524231
9.9991E-05 0.137257 0.093974 0.72099 0.0476787
9.9973E-05 9.9973E-05 0.150374 0.849326 9.9973E-05
9.9973E-05 9.9973E-05 9.9973E-05 0.997751 0.0019486
9.9973E-05 9.9973E-05 0.226767 0.772933 9.9973E-05
0.0940997 0.0428659 0.0120462 0.78293 0.0680583
0.148264 0.0382833 9.9991E-05 0.757087 0.0562662
0.0919078 0.0944014 0.010414 0.736889 0.0663882
9.9991E-05 0.0297893 0.0622286 0.828021 0.0798612
9.9991E-05 0.0884599 0.194369 0.705378 0.0116925
0.0773784 0.0069043 9.9991E-05 0.848306 0.0673108
0.0814465 0.0153511 0.154364 0.659722 0.0891161
0.140026 0.257515 9.9991E-05 0.566532 0.0358278
0.161175 0.167904 0.0564528 0.614368 9.9991E-05
0.101546 0.295243 0.0505234 0.538725 0.0139638
0.155716 0.249012 9.9991E-05 0.530509 0.0646634
0.141152 0.252485 0.0591942 0.540205 0.00696409
0.190026 0.334465 9.9982E-05 0.475308 9.9982E-05
0.17747 0.268978 0.0912731 0.415909 0.0463709
0.0816031 0.305677 0.0205025 0.529713 0.0625041
0.134934 0.27787 0.165626 0.400203 0.0213663
0.100609 0.216861 0.147355 0.517601 0.0175735
0.0622073 0.290635 0.114968 0.517618 0.0145715
0.779214 0.0915258 0.0773441 0.00270607 0.04921
0.779837 0.065959 0.0701017 0.0424233 0.0416791
0.732736 0.0778071 0.119064 0.0403374 0.0300556
0.766721 0.0376255 0.167724 9.9991E-05 0.0278299
0.762831 0.0506372 0.113051 0.0158421 0.0576393
0.766418 0.0850094 0.0400212 0.0794223 0.0291292
0.77137 0.0798057 0.148624 9.9982E-05 9.9982E-05
0.872174 0.0852514 9.9982E-05 0.0423742 9.9982E-05
0.578314 0.0670877 0.155803 0.0883024 0.110492
0.700433 0.0357666 0.255507 9.9991E-05 0.00819368
0.812687 0.0564222 0.0816466 9.9991E-05 0.0491438
0.813651 9.9982E-05 0.132697 9.9982E-05 0.0534525
0.626503 0.0963476 0.139252 0.0706313 0.0672667
0.685732 9.9991E-05 0.135028 0.139686 0.0394537
0.796191 0.0114942 9.9991E-05 0.0885283 0.103686
0.814043 9.9982E-05 9.9982E-05 0.082414 0.103343
0.809729 0.0039893 0.152169 0.0340134 9.9991E-05
0.835963 9.9991E-05 0.0551317 0.0923583 0.0164467
0.8262 0.0639404 0.0498194 9.9991E-05 0.0599397
0.832698 0.014785 0.0678236 0.0664824 0.0182112
0.693067 0.057089 0.0137188 0.151214 0.0849108
0.81152 0.0279899 0.112872 0.0475178 9.9991E-05
0.876467 0.020995 0.0067112 0.0422877 0.0535387
0.790418 0.00420625 0.0884743 0.0480873 0.0688142
0.742644 0.0831683 9.9991E-05 0.116187 0.0579013
0.79442 0.0778429 9.9991E-05 0.0972117 0.0304252
0.784554 0.061048 0.127442 9.9991E-05 0.0268558
0.76553 9.9991E-05 0.0607613 0.0976571 0.0759512
0.79879 9.9991E-05 0.0327643 0.105259 0.0630861
0.858634 0.0261738 0.0808565 0.0342356 9.9991E-05
0.817983 9.9982E-05 0.168645 0.0131717 9.9982E-05
0.736937 0.0383659 0.106053 0.0448536 0.0737903
0.771989 0.0730597 0.148782 9.9991E-05 0.00606916
0.847968 0.0652845 9.9991E-05 0.0834258 0.00322132
0.868864 0.0578649 9.9991E-05 0.0142425 0.0589283
0.175875 0.0852238 0.689111 9.9991E-05 0.0496906
0.188922 0.086649 0.635475 0.0377251 0.0512289
0.114299 0.0744227 0.625041 0.0523304 0.133907
0.190331 0.050033 0.60013 0.0644822 0.0950238
0.116604 0.0398494 0.694092 0.0561591 0.0932955
0.09586 0.0953138 0.808626 9.9982E-05 9.9982E-05
0.0466411 0.0518751 0.901284 9.9982E-05 9.9982E-05
0.0583756 0.201409 0.667897 9.9991E-05 0.0722179
