9.9829E-05 9.9829E-05 9.9829E-05 9.9829E-05 9.9829E-05 9.9829E-05 9.9829E-05 9.9829E-05 9.9829E-05 9.9829E-05 9.9829E-05 9.9829E-05 9.9829E-05 9.9829E-05 9.9829E-05 0.998103 9.9829E-05 9.9829E-05 9.9829E-05 9.9829E-05
0.0173125 9.991E-05 9.991E-05 9.991E-05 9.991E-05 9.991E-05 0.632203 9.991E-05 0.0195532 9.991E-05 0.0155343 0.0292992 0.144664 9.991E-05 0.1065 0.0136211 9.991E-05 9.991E-05 0.0120432 0.0082716
9.9892E-05 9.9892E-05 9.9892E-05 0.126856 9.9892E-05 9.9892E-05 0.722279 9.9892E-05 9.9892E-05 9.9892E-05 0.0295923 0.0192274 9.9892E-05 0.0301654 9.9892E-05 0.044683 9.9892E-05 9.9892E-05 0.0168539 0.00914409
0.0152765 9.991E-05 9.991E-05 9.991E-05 9.991E-05 9.991E-05 0.733027 9.991E-05 9.991E-05 0.009807 0.0120028 0.00918362 0.0297483 9.991E-05 0.135174 0.0083318 9.991E-05 0.0447888 9.991E-05 0.00166051
9.9892E-05 0.0105446 9.9892E-05 9.9892E-05 0.0827895 9.9892E-05 0.759251 9.9892E-05 0.00923979 9.9892E-05 9.9892E-05 0.0141191 9.9892E-05 0.000612533 9.9892E-05 0.0100918 0.112153 9.9892E-05 9.9892E-05 9.9892E-05
0.016819 9.991E-05 9.991E-05 0.00299845 9.991E-05 9.991E-05 0.838546 9.991E-05 0.0138007 0.0115207 9.991E-05 9.991E-05 0.0159589 9.991E-05 0.00217952 0.00256899 0.0553051 9.991E-05 9.991E-05 0.039304
9.9829E-05 9.9829E-05 9.9829E-05 9.9829E-05 9.9829E-05 9.9829E-05 9.9829E-05 9.9829E-05 9.9829E-05 9.9829E-05 9.9829E-05 9.9829E-05 9.9829E-05 9.9829E-05 9.9829E-05 0.998103 9.9829E-05 9.9829E-05 9.9829E-05 9.9829E-05
0.0019246 9.9919E-05 9.9919E-05 9.9919E-05 0.0358568 0.02404 0.741931 0.015746 9.9919E-05 0.0218578 0.00689799 9.9919E-05 9.9919E-05 9.9919E-05 0.0626622 0.057019 9.9919E-05 9.9919E-05 0.00737257 0.0237926
0.00914239 9.9892E-05 9.9892E-05 0.144602 9.9892E-05 9.9892E-05 0.71154 9.9892E-05 9.9892E-05 9.9892E-05 0.0195341 0.0323182 9.9892E-05 0.0236688 9.9892E-05 0.0298706 0.0281257 9.9892E-05 9.9892E-05 9.9892E-05
0.00595945 9.991E-05 9.991E-05 9.991E-05 9.991E-05 9.991E-05 0.786334 0.0179225 0.00285579 0.127786 9.991E-05 9.991E-05 9.991E-05 0.00802599 9.991E-05 0.0156425 9.991E-05 0.0129064 0.00496194 0.0166067
9.9874E-05 9.9874E-05 9.9874E-05 9.9874E-05 9.9874E-05 9.9874E-05 0.715048 9.9874E-05 9.9874E-05 0.000412466 9.9874E-05 9.9874E-05 0.0570606 9.9874E-05 0.216523 9.9874E-05 9.9874E-05 9.9874E-05 0.00556977 0.00398772
9.9847E-05 9.9847E-05 9.9847E-05 9.9847E-05 9.9847E-05 9.9847E-05 0.649375 9.9847E-05 9.9847E-05 9.9847E-05 9.9847E-05 9.9847E-05 9.9847E-05 9.9847E-05 0.323021 0.0259065 9.9847E-05 9.9847E-05 9.9847E-05 9.9847E-05
0.0434222 9.98741E-05 9.98741E-05 9.98741E-05 0.0558453 9.98741E-05 0.707421 9.98741E-05 9.98741E-05 9.98741E-05 9.98741E-05 9.98741E-05 0.0718729 0.0985742 9.98741E-05 0.0214659 9.98741E-05 9.98741E-05 9.98741E-05 9.98741E-05
0.0130566 9.99009E-05 9.99009E-05 9.99009E-05 9.99009E-05 9.99009E-05 0.588543 9.99009E-05 9.99009E-05 0.0159299 9.99009E-05 9.99009E-05 0.108814 0.0215677 0.146534 0.0331642 0.0542379 9.99009E-05 0.0170539 9.99009E-05
9.9874E-05 9.9874E-05 9.9874E-05 9.9874E-05 9.9874E-05 0.00790118 0.785488 9.9874E-05 9.9874E-05 9.9874E-05 9.9874E-05 9.9874E-05 0.0700094 0.0742366 0.00629173 9.9874E-05 9.9874E-05 0.0546748 9.9874E-05 9.9874E-05
9.9901E-05 9.9901E-05 0.00879918 0.0129049 0.0699578 0.0784161 0.789867 9.9901E-05 9.9901E-05 9.9901E-05 9.9901E-05 0.00884018 9.9901E-05 9.9901E-05 9.9901E-05 9.9901E-05 0.0247839 9.9901E-05 0.00212861 0.00320336
9.98921E-05 0.00680783 0.00268621 9.98921E-05 9.98921E-05 9.98921E-05 0.929029 0.00455506 0.0192773 9.98921E-05 9.98921E-05 9.98921E-05 9.98921E-05 0.00564928 9.98921E-05 0.0148838 9.98921E-05 9.98921E-05 9.98921E-05 0.0159124
9.98741E-05 0.0166979 0.0593151 9.98741E-05 9.98741E-05 9.98741E-05 0.892235 9.98741E-05 0.018672 9.98741E-05 9.98741E-05 9.98741E-05 9.98741E-05 9.98741E-05 9.98741E-05 0.0107597 9.98741E-05 9.98741E-05 0.000921618 9.98741E-05
0.0059675 9.98741E-05 9.98741E-05 0.00474914 9.98741E-05 0.0343995 0.856669 9.98741E-05 0.0508905 9.98741E-05 9.98741E-05 9.98741E-05 9.98741E-05 9.98741E-05 9.98741E-05 0.0459264 9.98741E-05 9.98741E-05 9.98741E-05 9.98741E-05
9.9865E-05 9.9865E-05 0.0532526 9.9865E-05 9.9865E-05 9.9865E-05 0.887883 9.9865E-05 9.9865E-05 9.9865E-05 9.9865E-05 9.9865E-05 9.9865E-05 9.9865E-05 0.0183388 9.9865E-05 9.9865E-05 0.0251422 9.9865E-05 0.0138853
9.98291E-05 9.98291E-05 9.98291E-05 9.98291E-05 9.98291E-05 9.98291E-05 9.98291E-05 9.98291E-05 9.98291E-05 9.98291E-05 9.98291E-05 9.98291E-05 9.98291E-05 9.98291E-05 9.98291E-05 9.98291E-05 9.98291E-05 9.98291E-05 0.998103 9.98291E-05
0.00292648 9.98561E-05 9.98561E-05 9.98561E-05 9.98561E-05 9.98561E-05 9.98561E-05 9.98561E-05 9.98561E-05 0.0175998 9.98561E-05 9.98561E-05 9.98561E-05 9.98561E-05 0.273413 9.98561E-05 9.98561E-05 0.704463 9.98561E-05 9.98561E-05
9.9901E-05 0.0161491 9.9901E-05 9.9901E-05 9.9901E-05 9.9901E-05 0.0419005 0.0318405 0.0264366 0.00255078 9.9901E-05 9.9901E-05 0.07672 0.0742935 9.9901E-05 9.9901E-05 9.9901E-05 0.724374 0.00463593 9.9901E-05
9.9865E-05 0.0643199 9.9865E-05 9.9865E-05 9.9865E-05 9.9865E-05 9.9865E-05 9.9865E-05 0.0224409 9.9865E-05 9.9865E-05 0.0252283 9.9865E-05 9.9865E-05 9.9865E-05 9.9865E-05 9.9865E-05 0.872073 9.9865E-05 0.0144398
9.98471E-05 9.98471E-05 9.98471E-05 0.0740563 9.98471E-05 9.98471E-05 9.98471E-05 9.98471E-05 9.98471E-05 9.98471E-05 9.98471E-05 9.98471E-05 9.98471E-05 9.98471E-05 9.98471E-05 9.98471E-05 9.98471E-05 0.917422 0.0068245 9.98471E-05
9.98651E-05 9.98651E-05 9.98651E-05 9.98651E-05 9.98651E-05 9.98651E-05 9.98651E-05 0.0037857 9.98651E-05 9.98651E-05 0.0144009 9.98651E-05 9.98651E-05 9.98651E-05 9.98651E-05 0.0239462 9.98651E-05 0.938198 9.98651E-05 0.0181713
9.9901E-05 9.9901E-05 0.0130586 0.0956101 0.0512633 9.9901E-05 9.9901E-05 9.9901E-05 0.0366993 9.9901E-05 0.0022075 9.9901E-05 0.0287937 9.9901E-05 9.9901E-05 0.00187336 9.9901E-05 0.764653 0.00474232 9.9901E-05
9.9847E-05 9.9847E-05 9.9847E-05 9.9847E-05 9.9847E-05 9.9847E-05 9.9847E-05 9.9847E-05 9.9847E-05 0.00599807 9.9847E-05 0.000524764 9.9847E-05 9.9847E-05 9.9847E-05 9.9847E-05 9.9847E-05 9.9847E-05 0.99178 9.9847E-05
9.9874E-05 9.9874E-05 9.9874E-05 9.9874E-05 9.9874E-05 0.102122 9.9874E-05 0.00839772 9.9874E-05 9.9874E-05 9.9874E-05 0.00641243 9.9874E-05 0.131183 9.9874E-05 9.9874E-05 9.9874E-05 0.734662 0.0158248 9.9874E-05
0.0286823 0.000308548 0.0181373 9.9883E-05 0.00964328 9.9883E-05 9.9883E-05 9.9883E-05 9.9883E-05 9.9883E-05 9.9883E-05 0.0480471 9.9883E-05 9.9883E-05 9.9883E-05 9.9883E-05 0.145486 0.748397 9.9883E-05 9.9883E-05
9.9901E-05 9.9901E-05 9.9901E-05 9.9901E-05 9.9901E-05 9.9901E-05 9.9901E-05 9.9901E-05 9.9901E-05 9.9901E-05 0.0254476 0.000833825 0.0936881 9.9901E-05 0.0655879 0.00892893 0.0249955 0.74683 0.0252253 0.00736389
0.00294336 0.0743071 9.98831E-05 9.98831E-05 9.98831E-05 0.0921829 9.98831E-05 9.98831E-05 0.0667306 9.98831E-05 9.98831E-05 9.98831E-05 9.98831E-05 9.98831E-05 9.98831E-05 9.98831E-05 9.98831E-05 0.704831 0.0262448 0.0314618
0.0156122 9.9892E-05 9.9892E-05 9.9892E-05 0.10368 9.9892E-05 0.0163004 0.00722476 9.9892E-05 9.9892E-05 9.9892E-05 9.9892E-05 0.175606 9.9892E-05 9.9892E-05 0.010171 9.9892E-05 0.604098 0.0661093 9.9892E-05
0.0684931 9.9883E-05 9.9883E-05 9.9883E-05 9.9883E-05 9.9883E-05 9.9883E-05 0.00873275 9.9883E-05 9.9883E-05 0.0533719 9.9883E-05 0.170841 0.0380507 9.9883E-05 9.9883E-05 9.9883E-05 0.60777 0.0514424 9.9883E-05
9.99279E-05 9.99279E-05 0.00250874 0.0566288 0.0766914 9.99279E-05 0.028859 0.0300629 9.99279E-05 9.99279E-05 0.00650446 9.99279E-05 9.99279E-05 0.0877564 0.0514693 0.0100265 9.99279E-05 0.644042 0.00108947 0.00356145
9.98739E-05 9.98739E-05 9.98739E-05 9.98739E-05 9.98739E-05 9.98739E-05 9.98739E-05 9.98739E-05 9.98739E-05 0.0609587 0.0160384 9.98739E-05 9.98739E-05 9.98739E-05 0.518671 9.98739E-05 0.00449654 0.38962 0.00881745 9.98739E-05
9.9892E-05 0.0653835 0.049354 9.9892E-05 9.9892E-05 9.9892E-05 0.0109159 9.9892E-05 0.0621147 9.9892E-05 0.0325264 0.0240349 9.9892E-05 9.9892E-05 9.9892E-05 9.9892E-05 0.0322574 0.722215 9.9892E-05 9.9892E-05
9.9883E-05 0.623856 9.9883E-05 9.9883E-05 9.9883E-05 0.0793245 9.9883E-05 9.9883E-05 0.120087 0.0645084 9.9883E-05 0.0294782 9.9883E-05 9.9883E-05 0.0712178 9.9883E-05 9.9883E-05 9.9883E-05 0.0102297 9.9883E-05
0.0165689 0.590141 0.0209186 9.99279E-05 0.0380097 0.036279 9.99279E-05 9.99279E-05 0.0299102 0.00132063 9.99279E-05 0.0278302 9.99279E-05 0.113877 0.0570526 0.0254007 0.0418921 9.99279E-05 9.99279E-05 9.99279E-05
0.0126782 0.583709 0.132872 0.0934275 0.0223673 9.9883E-05 0.00974532 9.9883E-05 9.9883E-05 9.9883E-05 9.9883E-05 9.9883E-05 9.9883E-05 9.9883E-05 9.9883E-05 9.9883E-05 0.143902 9.9883E-05 9.9883E-05 9.9883E-05
0.000547204 0.674485 0.128671 9.991E-05 9.991E-05 0.0919768 9.991E-05 9.991E-05 0.00442488 0.0273366 0.0203053 9.991E-05 9.991E-05 9.991E-05 9.991E-05 0.0317888 9.991E-05 0.0190383 9.991E-05 0.000426728
0.0261826 0.709098 9.9919E-05 9.9919E-05 9.9919E-05 0.0167969 9.9919E-05 0.0136554 0.0816897 9.9919E-05 0.0323452 0.00972768 9.9919E-05 9.9919E-05 0.0219704 0.0359389 0.0340286 9.9919E-05 0.0176671 9.9919E-05
0.00154233 0.676872 0.0635203 0.0894427 0.0496464 9.9937E-05 0.0135605 0.00144609 9.9937E-05 0.0418452 0.00263385 0.0369245 9.9937E-05 9.9937E-05 9.9937E-05 0.000461001 9.9937E-05 9.9937E-05 0.0105913 0.0108146
0.0315951 0.538078 9.99369E-05 0.108182 0.0220182 9.99369E-05 0.0149034 0.0121755 0.0517418 0.0679406 0.00372919 0.00647152 0.100463 9.99369E-05 9.99369E-05 0.0312276 9.99369E-05 9.99369E-05 0.0107743 9.99369E-05
0.00670433 0.622406 0.163177 9.9901E-05 9.9901E-05 9.9901E-05 9.9901E-05 9.9901E-05 0.00273856 9.9901E-05 9.9901E-05 0.0374412 0.106178 9.9901E-05 9.9901E-05 0.0307483 0.0241734 9.9901E-05 0.00533379 9.9901E-05
9.9901E-05 0.528504 9.9901E-05 0.0983786 0.0627458 0.0516016 0.0524848 9.9901E-05 0.0422209 9.9901E-05 9.9901E-05 0.0487781 0.0714839 9.9901E-05 9.9901E-05 9.9901E-05 9.9901E-05 0.0427035 9.9901E-05 9.9901E-05
9.98561E-05 0.652631 9.98561E-05 9.98561E-05 9.98561E-05 0.121512 9.98561E-05 9.98561E-05 9.98561E-05 9.98561E-05 9.98561E-05 9.98561E-05 9.98561E-05 0.222705 9.98561E-05 9.98561E-05 9.98561E-05 9.98561E-05 9.98561E-05 0.00155416
0.00607625 0.700373 9.9919E-05 0.00270746 9.9919E-05 0.0317125 9.9919E-05 9.9919E-05 9.9919E-05 0.104697 0.0171753 0.0202657 0.0205486 0.0794072 9.9919E-05 0.00456173 9.9919E-05 9.9919E-05 0.0115757 9.9919E-05
0.0124237 0.864806 9.9928E-05 9.9928E-05 9.9928E-05 0.000156298 9.9928E-05 0.00277158 0.00324521 9.9928E-05 0.00734001 0.00066168 9.9928E-05 0.00634669 9.9928E-05 0.0324114 0.0275992 9.9928E-05 0.0243876 0.0170509
0.00103045 0.456484 9.98829E-05 0.422123 9.98829E-05 9.98829E-05 9.98829E-05 0.00527611 0.0104278 9.98829E-05 9.98829E-05 9.98829E-05 9.98829E-05 0.0953303 9.98829E-05 9.98829E-05 9.98829E-05 9.98829E-05 0.00803003 9.98829E-05
9.9892E-05 0.734135 9.9892E-05 0.0139742 0.027794 9.9892E-05 9.9892E-05 9.9892E-05 9.9892E-05 9.9892E-05 0.0105671 9.9892E-05 0.0777284 9.9892E-05 0.0710068 0.0331996 9.9892E-05 9.9892E-05 9.9892E-05 0.0303968
0.0108357 0.678481 9.991E-05 0.0664383 9.991E-05 0.129658 9.991E-05 9.991E-05 0.00169831 9.991E-05 9.991E-05 9.991E-05 9.991E-05 0.0800573 9.991E-05 0.000665628 9.991E-05 0.0140273 0.00622169 0.0109179
0.0521153 0.691521 9.9865E-05 0.180192 0.0121049 9.9865E-05 9.9865E-05 0.0625691 9.9865E-05 9.9865E-05 9.9865E-05 9.9865E-05 9.9865E-05 9.9865E-05 9.9865E-05 9.9865E-05 9.9865E-05 9.9865E-05 9.9865E-05 9.9865E-05
9.99009E-05 0.710077 0.0240706 9.99009E-05 9.99009E-05 9.99009E-05 0.0633913 9.99009E-05 0.0296933 9.99009E-05 0.0103409 9.99009E-05 9.99009E-05 9.99009E-05 0.105431 0.0342464 9.99009E-05 0.0153711 9.99009E-05 0.00628002
0.01778 0.662217 0.0835298 9.99099E-05 9.99099E-05 9.99099E-05 0.00902401 0.0166874 0.0311756 9.99099E-05 0.000349175 0.000509367 9.99099E-05 9.99099E-05 9.99099E-05 9.99099E-05 0.167533 9.99099E-05 9.99099E-05 0.0101953
9.9901E-05 0.605536 9.9901E-05 9.9901E-05 0.0633525 9.9901E-05 0.00731368 9.9901E-05 9.9901E-05 9.9901E-05 0.0162038 9.9901E-05 0.0238141 9.9901E-05 0.193658 9.9901E-05 0.0410573 0.0336751 9.9901E-05 0.0142908
9.9892E-05 0.700284 9.9892E-05 9.9892E-05 0.0336581 9.9892E-05 0.0520806 0.0269548 9.9892E-05 9.9892E-05 0.000771858 9.9892E-05 0.122825 9.9892E-05 9.9892E-05 9.9892E-05 9.9892E-05 0.0581676 0.00405986 9.9892E-05
0.0156541 0.112528 0.169181 9.99013E-05 9.99013E-05 9.99013E-05 9.99013E-05 9.99013E-05 0.127249 9.99013E-05 0.0130426 9.99013E-05 9.99013E-05 9.99013E-05 0.552079 9.99013E-05 0.00487654 0.000545963 9.99013E-05 0.00374523
9.98289E-05 9.98289E-05 9.98289E-05 9.98289E-05 9.98289E-05 9.98289E-05 9.98289E-05 9.98289E-05 9.98289E-05 9.98289E-05 0.998103 9.98289E-05 9.98289E-05 9.98289E-05 9.98289E-05 9.98289E-05 9.98289E-05 9.98289E-05 9.98289E-05 9.98289E-05
0.029834 9.9865E-05 0.167151 9.9865E-05 9.9865E-05 9.9865E-05 9.9865E-05 0.0360918 0.0611861 9.9865E-05 9.9865E-05 9.9865E-05 9.9865E-05 9.9865E-05 0.704239 9.9865E-05 9.9865E-05 9.9865E-05 9.9865E-05 9.9865E-05
0.0293358 0.0224867 0.0352814 9.9919E-05 0.0652672 9.9919E-05 9.9919E-05 0.0155255 0.0190624 9.9919E-05 9.9919E-05 0.0472623 9.9919E-05 0.469087 0.274862 0.0135727 9.9919E-05 9.9919E-05 9.9919E-05 0.00735768
9.98561E-05 9.98561E-05 9.98561E-05 9.98561E-05 9.98561E-05 9.98561E-05 9.98561E-05 9.98561E-05 9.98561E-05 9.98561E-05 0.0231449 0.0266785 0.0358835 0.912695 9.98561E-05 9.98561E-05 9.98561E-05 9.98561E-05 9.98561E-05 9.98561E-05
9.9883E-05 9.9883E-05 0.784145 9.9883E-05 9.9883E-05 0.0482912 0.0135934 0.000333714 9.9883E-05 0.0499931 9.9883E-05 9.9883E-05 9.9883E-05 0.0824041 9.9883E-05 9.9883E-05 9.9883E-05 9.9883E-05 9.9883E-05 0.0199414
0.998103 9.9829E-05 9.9829E-05 9.9829E-05 9.9829E-05 9.9829E-05 9.9829E-05 9.9829E-05 9.9829E-05 9.9829E-05 9.9829E-05 9.9829E-05 9.9829E-05 9.9829E-05 9.9829E-05 9.9829E-05 9.9829E-05 9.9829E-05 9.9829E-05 9.9829E-05
9.98379E-05 9.98379E-05 9.98379E-05 9.98379E-05 9.98379E-05 9.98379E-05 9.98379E-05 9.98379E-05 9.98379E-05 9.98379E-05 0.996313 0.00188956 9.98379E-05 9.98379E-05 9.98379E-05 9.98379E-05 9.98379E-05 9.98379E-05 9.98379E-05 9.98379E-05
0.0271162 9.99279E-05 0.237869 0.000124022 0.0440177 9.99279E-05 0.00351376 9.99279E-05 9.99279E-05 9.99279E-05 0.0196599 0.00531074 0.0839373 0.118397 0.444256 0.000956802 9.99279E-05 9.99279E-05 9.99279E-05 0.0140423
0.0234325 9.9901E-05 0.632192 9.9901E-05 9.9901E-05 9.9901E-05 9.9901E-05 0.00540618 0.0961401 0.0599241 9.9901E-05 9.9901E-05 9.9901E-05 9.9901E-05 9.9901E-05 9.9901E-05 0.0562695 0.0866315 0.0216788 0.0172264
0.0325041 9.9937E-05 0.318561 9.9937E-05 0.120667 9.9937E-05 0.0465078 0.0314559 0.078351 0.0209226 0.0512894 0.021508 9.9937E-05 0.212368 9.9937E-05 9.9937E-05 9.9937E-05 0.0197406 0.000781108 0.0446438
9.98919E-05 9.98919E-05 0.443192 9.98919E-05 9.98919E-05 9.98919E-05 9.98919E-05 0.0323627 0.0661065 0.0180927 0.0134824 9.98919E-05 9.98919E-05 0.368595 9.98919E-05 9.98919E-05 9.98919E-05 0.0290202 0.0279506 9.98919E-05
0.0288642 9.9946E-05 0.397102 9.9946E-05 0.0101005 9.9946E-05 9.9946E-05 0.0378406 0.0322575 9.9946E-05 0.108836 0.021381 0.145361 0.0960248 0.0301914 0.0288147 9.9946E-05 0.0163948 0.0131292 0.0331041
0.0083283 9.9892E-05 0.838595 0.0376006 9.9892E-05 9.9892E-05 9.9892E-05 9.9892E-05 0.0339009 9.9892E-05 0.0426852 0.00481504 9.9892E-05 9.9892E-05 9.9892E-05 0.0252847 9.9892E-05 9.9892E-05 9.9892E-05 0.00759194
0.0260655 9.9892E-05 0.855067 0.0204326 9.9892E-05 0.0515803 9.9892E-05 0.00905726 9.9892E-05 9.9892E-05 0.0193677 9.9892E-05 9.9892E-05 9.9892E-05 9.9892E-05 0.0124845 9.9892E-05 9.9892E-05 9.9892E-05 0.00474654
0.00943777 9.9919E-05 0.01546 0.0130516 9.9919E-05 9.9919E-05 9.9919E-05 9.9919E-05 0.0150671 0.0372756 0.0722347 0.030379 9.9919E-05 0.752777 9.9919E-05 0.00948471 9.9919E-05 0.0242519 0.0196816 9.9919E-05
9.99001E-05 9.99001E-05 0.091145 0.0443446 0.320654 9.99001E-05 9.99001E-05 0.0133555 9.99001E-05 9.99001E-05 0.0396756 0.0424369 9.99001E-05 0.0504255 0.369324 9.99001E-05 9.99001E-05 0.00956133 9.99001E-05 0.0180784
0.0375428 0.19421 0.215426 9.9919E-05 0.251032 9.9919E-05 9.9919E-05 9.9919E-05 0.0898903 9.9919E-05 0.0187409 0.0171064 0.0947427 9.9919E-05 9.9919E-05 0.0228538 9.9919E-05 9.9919E-05 0.031403 0.0261536
9.9901E-05 0.179104 0.209467 9.9901E-05 0.00893667 9.9901E-05 0.0525643 9.9901E-05 0.0744234 0.064563 0.0150831 9.9901E-05 9.9901E-05 0.368662 9.9901E-05 9.9901E-05 9.9901E-05 9.9901E-05 9.9901E-05 0.0260975
9.9874E-05 0.352236 9.9874E-05 9.9874E-05 9.9874E-05 9.9874E-05 0.0897767 9.9874E-05 0.0105768 9.9874E-05 0.038748 9.9874E-05 9.9874E-05 0.494892 9.9874E-05 9.9874E-05 9.9874E-05 9.9874E-05 9.9874E-05 0.0123724
0.998103 9.9829E-05 9.9829E-05 9.9829E-05 9.9829E-05 9.9829E-05 9.9829E-05 9.9829E-05 9.9829E-05 9.9829E-05 9.9829E-05 9.9829E-05 9.9829E-05 9.9829E-05 9.9829E-05 9.9829E-05 9.9829E-05 9.9829E-05 9.9829E-05 9.9829E-05
0.00430397 0.0746365 0.264866 9.9928E-05 0.0481093 9.9928E-05 0.021289 0.0557704 9.9928E-05 9.9928E-05 0.0754067 9.9928E-05 9.9928E-05 0.13657 0.0879705 9.9928E-05 0.143984 9.9928E-05 0.0424066 0.0438876
0.0612563 0.0671133 0.0113392 9.9937E-05 9.9937E-05 0.0137357 9.9937E-05 0.0118123 0.0478717 0.00405046 0.0314349 0.0293032 9.9937E-05 0.697913 9.9937E-05 9.9937E-05 0.00160412 0.00145592 9.9937E-05 0.0204103
9.98289E-05 9.98289E-05 9.98289E-05 9.98289E-05 9.98289E-05 9.98289E-05 9.98289E-05 9.98289E-05 0.998103 9.98289E-05 9.98289E-05 9.98289E-05 9.98289E-05 9.98289E-05 9.98289E-05 9.98289E-05 9.98289E-05 9.98289E-05 9.98289E-05 9.98289E-05
0.00195487 9.9892E-05 0.33436 9.9892E-05 9.9892E-05 9.9892E-05 9.9892E-05 0.0257435 0.0382793 0.0520715 9.9892E-05 9.9892E-05 9.9892E-05 0.238348 0.29066 9.9892E-05 9.9892E-05 9.9892E-05 0.0173837 9.9892E-05
0.0334523 0.00559824 0.691611 0.0512481 9.9919E-05 0.000886175 0.0763936 0.0231147 0.0165312 9.9919E-05 9.9919E-05 0.0387174 9.9919E-05 9.9919E-05 0.0363269 9.9919E-05 9.9919E-05 9.9919E-05 9.9919E-05 0.0252209
9.9919E-05 0.180851 0.131262 9.9919E-05 9.9919E-05 9.9919E-05 0.0116488 0.0333088 0.018363 9.9919E-05 0.0114699 0.0443662 9.9919E-05 0.0736559 0.102773 9.9919E-05 0.326037 9.9919E-05 9.9919E-05 0.0653647
9.98289E-05 9.98289E-05 9.98289E-05 0.998103 9.98289E-05 9.98289E-05 9.98289E-05 9.98289E-05 9.98289E-05 9.98289E-05 9.98289E-05 9.98289E-05 9.98289E-05 9.98289E-05 9.98289E-05 9.98289E-05 9.98289E-05 9.98289E-05 9.98289E-05 9.98289E-05
9.9928E-05 0.0240446 9.9928E-05 0.169478 0.0828501 9.9928E-05 9.9928E-05 9.9928E-05 0.0759399 0.0378773 0.032937 9.9928E-05 9.9928E-05 0.313995 0.206426 0.0140626 0.00193443 0.0373443 9.9928E-05 0.00231102
0.0107174 9.9847E-05 9.9847E-05 9.9847E-05 9.9847E-05 9.9847E-05 9.9847E-05 9.9847E-05 0.985381 9.9847E-05 9.9847E-05 0.00220375 9.9847E-05 9.9847E-05 9.9847E-05 9.9847E-05 9.9847E-05 9.9847E-05 9.9847E-05 9.9847E-05
9.98291E-05 9.98291E-05 9.98291E-05 9.98291E-05 9.98291E-05 9.98291E-05 9.98291E-05 9.98291E-05 0.998103 9.98291E-05 9.98291E-05 9.98291E-05 9.98291E-05 9.98291E-05 9.98291E-05 9.98291E-05 9.98291E-05 9.98291E-05 9.98291E-05 9.98291E-05
9.9919E-05 9.9919E-05 0.421367 9.9919E-05 0.0444279 0.0339691 9.9919E-05 0.0294334 0.060526 9.9919E-05 0.0249085 0.00428085 0.112735 0.234133 0.0325262 9.9919E-05 9.9919E-05 9.9919E-05 0.000793821 9.9919E-05
9.9829E-05 9.9829E-05 9.9829E-05 9.9829E-05 9.9829E-05 9.9829E-05 9.9829E-05 9.9829E-05 9.9829E-05 9.9829E-05 9.9829E-05 0.998103 9.9829E-05 9.9829E-05 9.9829E-05 9.9829E-05 9.9829E-05 9.9829E-05 9.9829E-05 9.9829E-05
0.0643231 0.0207538 9.9874E-05 9.9874E-05 9.9874E-05 9.9874E-05 0.0105925 9.9874E-05 9.9874E-05 9.9874E-05 9.9874E-05 9.9874E-05 9.9874E-05 0.872859 9.9874E-05 9.9874E-05 0.0173884 9.9874E-05 0.0126846 9.9874E-05
0.00138868 9.98561E-05 0.894901 9.98561E-05 9.98561E-05 0.0909763 9.98561E-05 9.98561E-05 9.98561E-05 9.98561E-05 9.98561E-05 9.98561E-05 9.98561E-05 9.98561E-05 9.98561E-05 0.0111361 9.98561E-05 9.98561E-05 9.98561E-05 9.98561E-05
9.98381E-05 9.98381E-05 9.98381E-05 9.98381E-05 9.98381E-05 9.98381E-05 9.98381E-05 9.98381E-05 9.98381E-05 9.98381E-05 9.98381E-05 9.98381E-05 9.98381E-05 9.98381E-05 0.994677 9.98381E-05 9.98381E-05 9.98381E-05 0.00352595 9.98381E-05
0.0224672 9.9883E-05 0.0401821 9.9883E-05 9.9883E-05 9.9883E-05 9.9883E-05 9.9883E-05 9.9883E-05 9.9883E-05 9.9883E-05 0.00807612 9.9883E-05 0.000738253 0.88726 9.9883E-05 9.9883E-05 0.0228006 9.9883E-05 0.0171774
0.00544658 9.9865E-05 9.9865E-05 9.9865E-05 9.9865E-05 9.9865E-05 9.9865E-05 9.9865E-05 9.9865E-05 9.9865E-05 9.9865E-05 9.9865E-05 9.9865E-05 0.46623 0.497717 0.025837 9.9865E-05 9.9865E-05 9.9865E-05 0.00327081
0.0306876 9.991E-05 0.230588 9.991E-05 9.991E-05 0.0314295 9.991E-05 0.0111618 0.0745958 0.0413975 0.0462915 0.00641557 9.991E-05 9.991E-05 0.494005 0.0324283 9.991E-05 9.991E-05 9.991E-05 9.991E-05
0.0147771 9.9919E-05 0.0337279 0.0099073 0.171498 9.9919E-05 9.9919E-05 0.0137729 9.9919E-05 9.9919E-05 0.0300561 0.0211686 0.0769241 9.9919E-05 0.543525 0.00453964 9.9919E-05 9.9919E-05 9.9919E-05 0.0792044
0.0100238 0.0247998 9.9901E-05 0.0490795 9.9901E-05 9.9901E-05 0.0459031 9.9901E-05 0.0629432 9.9901E-05 0.0115642 9.9901E-05 9.9901E-05 0.746643 9.9901E-05 0.023356 9.9901E-05 9.9901E-05 9.9901E-05 0.0245884
9.9874E-05 9.9874E-05 9.9874E-05 9.9874E-05 0.12756 9.9874E-05 9.9874E-05 9.9874E-05 0.169555 0.0073896 9.9874E-05 9.9874E-05 9.9874E-05 0.666271 9.9874E-05 9.9874E-05 9.9874E-05 0.0186171 9.9874E-05 0.00920979
9.9883E-05 0.0202822 0.439826 9.9883E-05 9.9883E-05 9.9883E-05 9.9883E-05 0.0202127 9.9883E-05 9.9883E-05 0.0493705 0.0114111 9.9883E-05 9.9883E-05 0.392534 9.9883E-05 9.9883E-05 9.9883E-05 9.9883E-05 0.0650646
9.9874E-05 9.9874E-05 0.134615 9.9874E-05 9.9874E-05 9.9874E-05 9.9874E-05 9.9874E-05 9.9874E-05 9.9874E-05 9.9874E-05 9.9874E-05 0.113663 0.546439 0.161843 0.0195964 9.9874E-05 9.9874E-05 0.0224454 9.9874E-05
0.0357726 9.9919E-05 0.196503 9.9919E-05 9.9919E-05 0.152281 0.00255901 0.0748644 0.0212398 9.9919E-05 0.0376877 0.0313457 9.9919E-05 0.425244 9.9919E-05 9.9919E-05 9.9919E-05 9.9919E-05 0.00580259 0.0158004
9.9838E-05 9.9838E-05 0.917534 9.9838E-05 9.9838E-05 9.9838E-05 9.9838E-05 9.9838E-05 9.9838E-05 9.9838E-05 9.9838E-05 9.9838E-05 9.9838E-05 9.9838E-05 9.9838E-05 9.9838E-05 0.0806685 9.9838E-05 9.9838E-05 9.9838E-05
9.9829E-05 9.9829E-05 9.9829E-05 9.9829E-05 9.9829E-05 9.9829E-05 9.9829E-05 0.998103 9.9829E-05 9.9829E-05 9.9829E-05 9.9829E-05 9.9829E-05 9.9829E-05 9.9829E-05 9.9829E-05 9.9829E-05 9.9829E-05 9.9829E-05 9.9829E-05
0.00613127 0.0322032 0.162596 9.9955E-05 0.156165 9.9955E-05 9.9955E-05 0.02951 0.0351073 0.0328547 0.0264007 0.0337178 9.9955E-05 0.0580593 0.311323 0.0166768 0.0462225 9.9955E-05 0.0174534 0.0350794
0.0454493 9.9883E-05 9.9883E-05 9.9883E-05 9.9883E-05 9.9883E-05 9.9883E-05 0.0148925 0.0295743 9.9883E-05 9.9883E-05 9.9883E-05 0.00240391 0.798115 0.0993908 0.00887544 9.9883E-05 9.9883E-05 9.9883E-05 9.9883E-05
0.0219666 9.9919E-05 0.505922 9.9919E-05 9.9919E-05 9.9919E-05 0.00557945 0.00440212 0.0182443 0.0941422 9.9919E-05 0.0454614 0.11001 0.151306 0.0178302 0.0242368 9.9919E-05 9.9919E-05 9.9919E-05 9.9919E-05
9.9865E-05 0.0180991 0.84551 0.0395704 9.9865E-05 9.9865E-05 9.9865E-05 9.9865E-05 9.9865E-05 9.9865E-05 9.9865E-05 0.0120321 9.9865E-05 9.9865E-05 9.9865E-05 9.9865E-05 0.0832904 9.9865E-05 9.9865E-05 9.9865E-05
0.0115643 9.9901E-05 0.018037 9.9901E-05 0.223679 9.9901E-05 9.9901E-05 9.9901E-05 0.0328922 9.9901E-05 9.9901E-05 0.00540731 9.9901E-05 0.491413 0.184901 0.0104967 9.9901E-05 9.9901E-05 9.9901E-05 0.0205102
9.991E-05 9.991E-05 0.076359 9.991E-05 0.0634981 9.991E-05 0.0200284 0.00541809 0.0661799 9.991E-05 9.991E-05 9.991E-05 9.991E-05 0.545358 0.164711 9.991E-05 9.991E-05 0.0376056 0.0130581 0.0067844
9.9829E-05 9.9829E-05 9.9829E-05 9.9829E-05 9.9829E-05 9.9829E-05 9.9829E-05 9.9829E-05 9.9829E-05 9.9829E-05 9.9829E-05 9.9829E-05 9.9829E-05 9.9829E-05 9.9829E-05 9.9829E-05 9.9829E-05 9.9829E-05 9.9829E-05 0.998103
9.9829E-05 9.9829E-05 9.9829E-05 9.9829E-05 9.9829E-05 9.9829E-05 9.9829E-05 0.998103 9.9829E-05 9.9829E-05 9.9829E-05 9.9829E-05 9.9829E-05 9.9829E-05 9.9829E-05 9.9829E-05 9.9829E-05 9.9829E-05 9.9829E-05 9.9829E-05
9.9829E-05 9.9829E-05 9.9829E-05 9.9829E-05 9.9829E-05 9.9829E-05 9.9829E-05 9.9829E-05 9.9829E-05 9.9829E-05 9.9829E-05 9.9829E-05 9.9829E-05 9.9829E-05 9.9829E-05 9.9829E-05 9.9829E-05 9.9829E-05 9.9829E-05 0.998103
0.0235225 9.9883E-05 9.9883E-05 9.9883E-05 9.9883E-05 9.9883E-05 9.9883E-05 0.0112881 9.9883E-05 9.9883E-05 0.0463747 0.0269283 9.9883E-05 0.34263 0.546645 9.9883E-05 9.9883E-05 9.9883E-05 9.9883E-05 0.00131279
0.0229483 9.9919E-05 9.9919E-05 9.9919E-05 9.9919E-05 9.9919E-05 9.9919E-05 0.0101934 9.9919E-05 9.9919E-05 0.00155169 0.0644779 9.9919E-05 0.493775 0.245368 0.0108563 0.0913738 0.000749733 0.0265542 0.0312519
9.9901E-05 9.9901E-05 9.9901E-05 9.9901E-05 9.9901E-05 0.0199793 0.0466057 0.016901 9.9901E-05 0.0779961 9.9901E-05 0.00376402 9.9901E-05 0.737077 0.0612627 9.9901E-05 9.9901E-05 0.0218983 9.9901E-05 0.0134173
9.9919E-05 9.9919E-05 0.557609 9.9919E-05 9.9919E-05 9.9919E-05 0.0231791 0.018393 9.9919E-05 9.9919E-05 0.00742282 0.00703162 9.9919E-05 0.239514 0.00971331 0.0129349 0.0535788 9.9919E-05 0.0160708 0.0536536
9.9892E-05 0.0208959 0.90507 9.9892E-05 9.9892E-05 9.9892E-05 9.9892E-05 0.0155772 0.00550491 0.021538 0.0054898 9.9892E-05 9.9892E-05 9.9892E-05 9.9892E-05 9.9892E-05 9.9892E-05 0.0221995 0.00252633 9.9892E-05
9.9829E-05 9.9829E-05 9.9829E-05 9.9829E-05 9.9829E-05 9.9829E-05 9.9829E-05 9.9829E-05 9.9829E-05 9.9829E-05 9.9829E-05 0.998103 9.9829E-05 9.9829E-05 9.9829E-05 9.9829E-05 9.9829E-05 9.9829E-05 9.9829E-05 9.9829E-05
9.9901E-05 9.9901E-05 0.15356 0.0739531 9.9901E-05 9.9901E-05 0.00909742 0.0396621 0.0459868 9.9901E-05 9.9901E-05 9.9901E-05 9.9901E-05 0.173955 0.484635 0.00388313 9.9901E-05 9.9901E-05 9.9901E-05 0.0141692
9.9883E-05 9.9883E-05 9.9883E-05 0.00710354 0.721193 9.9883E-05 9.9883E-05 9.9883E-05 9.9883E-05 9.9883E-05 0.047919 9.9883E-05 9.9883E-05 0.103467 0.0834442 9.9883E-05 0.0136619 9.9883E-05 0.0219122 9.9883E-05
0.0286751 9.98651E-05 9.98651E-05 9.98651E-05 0.820275 0.0462276 9.98651E-05 0.0100228 0.093302 9.98651E-05 9.98651E-05 9.98651E-05 9.98651E-05 9.98651E-05 9.98651E-05 9.98651E-05 9.98651E-05 9.98651E-05 9.98651E-05 9.98651E-05
0.00420057 9.9892E-05 9.9892E-05 9.9892E-05 0.819453 9.9892E-05 9.9892E-05 0.0430237 0.0566288 9.9892E-05 9.9892E-05 0.00209881 9.9892E-05 9.9892E-05 9.9892E-05 0.0346313 9.9892E-05 9.9892E-05 0.0232813 0.0154835
9.98561E-05 9.98561E-05 9.98561E-05 9.98561E-05 0.87768 9.98561E-05 9.98561E-05 9.98561E-05 9.98561E-05 9.98561E-05 9.98561E-05 0.0245605 9.98561E-05 0.0100297 0.0861318 9.98561E-05 9.98561E-05 9.98561E-05 9.98561E-05 9.98561E-05
0.00313224 9.9946E-05 0.0274026 9.9946E-05 0.694065 9.9946E-05 0.00521733 0.0204985 9.9946E-05 0.0664036 9.9946E-05 0.0186144 0.00425334 0.0145641 0.0725704 9.9946E-05 0.00565243 0.0327946 0.0057594 0.0284727
9.98741E-05 9.98741E-05 9.98741E-05 9.98741E-05 0.846782 9.98741E-05 9.98741E-05 9.98741E-05 9.98741E-05 9.98741E-05 0.00783146 0.00415641 9.98741E-05 9.98741E-05 9.98741E-05 9.98741E-05 0.105301 0.0321558 0.0023747 9.98741E-05
9.9856E-05 9.9856E-05 9.9856E-05 9.9856E-05 0.943413 9.9856E-05 9.9856E-05 9.9856E-05 9.9856E-05 9.9856E-05 9.9856E-05 9.9856E-05 0.013963 9.9856E-05 9.9856E-05 0.0119149 0.0291116 9.9856E-05 9.9856E-05 9.9856E-05
9.9874E-05 9.9874E-05 9.9874E-05 9.9874E-05 0.86892 9.9874E-05 9.9874E-05 0.00650689 0.0200536 9.9874E-05 9.9874E-05 9.9874E-05 9.9874E-05 9.9874E-05 0.0852846 0.0126643 0.00517254 9.9874E-05 9.9874E-05 9.9874E-05
9.9901E-05 0.0423864 9.9901E-05 9.9901E-05 0.73389 0.127141 9.9901E-05 0.0107414 9.9901E-05 9.9901E-05 0.0256321 9.9901E-05 0.0345688 0.0122564 9.9901E-05 9.9901E-05 9.9901E-05 9.9901E-05 0.00821941 0.00406503
0.0113609 0.0539852 9.9901E-05 9.9901E-05 0.643793 0.011955 9.9901E-05 0.015069 0.0659362 9.9901E-05 9.9901E-05 9.9901E-05 9.9901E-05 0.0408403 0.133149 9.9901E-05 9.9901E-05 9.9901E-05 0.0228124 9.9901E-05
9.9901E-05 9.9901E-05 0.113869 9.9901E-05 0.731715 9.9901E-05 9.9901E-05 9.9901E-05 0.0175516 0.015855 0.0246649 0.0170719 9.9901E-05 9.9901E-05 9.9901E-05 0.0141179 9.9901E-05 0.0535748 9.9901E-05 0.0104805
0.012417 9.9892E-05 9.9892E-05 9.9892E-05 0.0423921 0.114483 9.9892E-05 0.00250074 9.9892E-05 9.9892E-05 9.9892E-05 0.0042365 9.9892E-05 9.9892E-05 9.9892E-05 9.9892E-05 0.803273 0.00150009 9.9892E-05 0.0179991
0.0065356 9.9892E-05 9.9892E-05 0.066739 0.0786687 0.661895 9.9892E-05 0.0180598 9.9892E-05 0.0471766 9.9892E-05 9.9892E-05 9.9892E-05 9.9892E-05 9.9892E-05 9.9892E-05 0.106736 9.9892E-05 0.0129907 9.9892E-05
9.98379E-05 9.98379E-05 9.98379E-05 0.875118 9.98379E-05 9.98379E-05 9.98379E-05 9.98379E-05 9.98379E-05 9.98379E-05 9.98379E-05 9.98379E-05 9.98379E-05 9.98379E-05 9.98379E-05 9.98379E-05 0.123085 9.98379E-05 9.98379E-05 9.98379E-05
9.98741E-05 0.0993655 9.98741E-05 9.98741E-05 9.98741E-05 9.98741E-05 0.0278349 9.98741E-05 0.00293081 0.0377604 9.98741E-05 9.98741E-05 9.98741E-05 9.98741E-05 9.98741E-05 9.98741E-05 0.826725 9.98741E-05 9.98741E-05 0.00398544
0.0369327 9.9856E-05 9.9856E-05 9.9856E-05 9.9856E-05 0.937797 9.9856E-05 9.9856E-05 9.9856E-05 9.9856E-05 9.9856E-05 9.9856E-05 9.9856E-05 9.9856E-05 9.9856E-05 0.0106077 9.9856E-05 9.9856E-05 0.013065 9.9856E-05
9.9856E-05 9.9856E-05 9.9856E-05 9.9856E-05 0.0242614 9.9856E-05 9.9856E-05 9.9856E-05 9.9856E-05 9.9856E-05 9.9856E-05 9.9856E-05 9.9856E-05 0.084315 9.9856E-05 9.9856E-05 0.870791 9.9856E-05 0.0190352 9.9856E-05
9.9874E-05 0.042144 9.9874E-05 9.9874E-05 9.9874E-05 0.175638 9.9874E-05 0.0315742 9.9874E-05 9.9874E-05 9.9874E-05 9.9874E-05 0.116481 9.9874E-05 9.9874E-05 9.9874E-05 0.581791 0.0509734 9.9874E-05 9.9874E-05
0.00639216 9.98741E-05 9.98741E-05 9.98741E-05 9.98741E-05 0.235542 9.98741E-05 9.98741E-05 0.0627331 0.104053 9.98741E-05 9.98741E-05 9.98741E-05 9.98741E-05 9.98741E-05 9.98741E-05 0.56366 9.98741E-05 0.0262222 9.98741E-05
9.98829E-05 9.98829E-05 9.98829E-05 9.98829E-05 9.98829E-05 0.476713 9.98829E-05 0.0122911 0.0627573 9.98829E-05 9.98829E-05 9.98829E-05 0.137861 9.98829E-05 0.240621 0.0327962 9.98829E-05 9.98829E-05 9.98829E-05 0.035661
9.98381E-05 9.98381E-05 9.98381E-05 9.98381E-05 9.98381E-05 0.987944 9.98381E-05 0.0102588 9.98381E-05 9.98381E-05 9.98381E-05 9.98381E-05 9.98381E-05 9.98381E-05 9.98381E-05 9.98381E-05 9.98381E-05 9.98381E-05 9.98381E-05 9.98381E-05
0.00589773 9.9856E-05 9.9856E-05 9.9856E-05 9.9856E-05 0.972094 9.9856E-05 9.9856E-05 9.9856E-05 9.9856E-05 0.00640534 9.9856E-05 9.9856E-05 9.9856E-05 9.9856E-05 0.0140057 9.9856E-05 9.9856E-05 9.9856E-05 9.9856E-05
9.9856E-05 9.9856E-05 9.9856E-05 0.435229 9.9856E-05 0.482326 9.9856E-05 9.9856E-05 9.9856E-05 0.0474945 9.9856E-05 9.9856E-05 0.0333531 9.9856E-05 9.9856E-05 9.9856E-05 9.9856E-05 9.9856E-05 9.9856E-05 9.9856E-05
9.9874E-05 9.9874E-05 0.0233393 9.9874E-05 9.9874E-05 0.913723 0.0169076 9.9874E-05 9.9874E-05 9.9874E-05 9.9874E-05 9.9874E-05 0.0123998 9.9874E-05 9.9874E-05 9.9874E-05 9.9874E-05 0.00105023 9.9874E-05 0.0311818
9.9874E-05 9.9874E-05 9.9874E-05 9.9874E-05 9.9874E-05 0.75169 9.9874E-05 9.9874E-05 9.9874E-05 0.0217261 0.0263698 0.0463177 9.9874E-05 9.9874E-05 0.135183 9.9874E-05 9.9874E-05 9.9874E-05 9.9874E-05 0.0173149
9.9883E-05 9.9883E-05 9.9883E-05 9.9883E-05 9.9883E-05 9.9883E-05 0.0122112 9.9883E-05 9.9883E-05 0.777387 0.0191297 0.00591113 9.9883E-05 9.9883E-05 0.0597347 9.9883E-05 0.117288 9.9883E-05 9.9883E-05 0.00703948
0.00884479 9.9874E-05 9.9874E-05 9.9874E-05 9.9874E-05 9.9874E-05 9.9874E-05 9.9874E-05 9.9874E-05 0.801316 9.9874E-05 9.9874E-05 9.9874E-05 0.0369456 0.0558803 0.0154094 0.0802053 9.9874E-05 9.9874E-05 9.9874E-05
9.98381E-05 9.98381E-05 9.98381E-05 9.98381E-05 9.98381E-05 9.98381E-05 9.98381E-05 9.98381E-05 9.98381E-05 0.966873 0.0313303 9.98381E-05 9.98381E-05 9.98381E-05 9.98381E-05 9.98381E-05 9.98381E-05 9.98381E-05 9.98381E-05 9.98381E-05
9.9892E-05 9.9892E-05 0.0183304 9.9892E-05 9.9892E-05 0.0680884 9.9892E-05 0.000271828 0.00505711 0.820567 9.9892E-05 9.9892E-05 9.9892E-05 9.9892E-05 0.0433766 0.0178065 9.9892E-05 9.9892E-05 9.9892E-05 0.0253038
9.98291E-05 9.98291E-05 9.98291E-05 9.98291E-05 9.98291E-05 9.98291E-05 9.98291E-05 9.98291E-05 9.98291E-05 0.998103 9.98291E-05 9.98291E-05 9.98291E-05 9.98291E-05 9.98291E-05 9.98291E-05 9.98291E-05 9.98291E-05 9.98291E-05 9.98291E-05
0.0158919 9.9865E-05 9.9865E-05 9.9865E-05 9.9865E-05 9.9865E-05 9.9865E-05 9.9865E-05 9.9865E-05 0.954131 9.9865E-05 0.0215751 9.9865E-05 0.00258594 9.9865E-05 9.9865E-05 9.9865E-05 9.9865E-05 0.00431844 9.9865E-05
9.9874E-05 9.9874E-05 9.9874E-05 0.0629726 9.9874E-05 9.9874E-05 9.9874E-05 0.0049559 9.9874E-05 0.731807 9.9874E-05 9.9874E-05 9.9874E-05 9.9874E-05 0.192881 0.00281424 9.9874E-05 9.9874E-05 0.00317082 9.9874E-05
9.9838E-05 9.9838E-05 9.9838E-05 9.9838E-05 9.9838E-05 9.9838E-05 9.9838E-05 9.9838E-05 9.9838E-05 9.9838E-05 9.9838E-05 9.9838E-05 0.988251 9.9838E-05 9.9838E-05 9.9838E-05 9.9838E-05 9.9838E-05 9.9838E-05 0.00995202
9.9883E-05 9.9883E-05 9.9883E-05 9.9883E-05 0.0141069 9.9883E-05 9.9883E-05 0.0194776 9.9883E-05 0.0858586 9.9883E-05 9.9883E-05 0.0289344 9.9883E-05 0.170025 9.9883E-05 0.672905 9.9883E-05 9.9883E-05 0.00739403
9.9847E-05 9.9847E-05 9.9847E-05 9.9847E-05 9.9847E-05 9.9847E-05 9.9847E-05 9.9847E-05 9.9847E-05 9.9847E-05 9.9847E-05 0.00645305 9.9847E-05 9.9847E-05 0.042892 9.9847E-05 0.948958 9.9847E-05 9.9847E-05 9.9847E-05
9.9865E-05 9.9865E-05 9.9865E-05 9.9865E-05 9.9865E-05 9.9865E-05 9.9865E-05 0.0236448 9.9865E-05 9.9865E-05 0.0012786 9.9865E-05 9.9865E-05 9.9865E-05 0.239466 0.00119163 0.732921 9.9865E-05 9.9865E-05 9.9865E-05
9.9856E-05 9.9856E-05 9.9856E-05 9.9856E-05 9.9856E-05 9.9856E-05 9.9856E-05 9.9856E-05 9.9856E-05 9.9856E-05 9.9856E-05 9.9856E-05 0.984525 9.9856E-05 0.000369976 0.00275071 9.9856E-05 0.0107565 9.9856E-05 9.9856E-05
0.00359156 9.99189E-05 9.99189E-05 0.146609 9.99189E-05 0.107076 0.0104713 9.99189E-05 9.99189E-05 9.99189E-05 9.99189E-05 0.00860794 0.236731 9.99189E-05 0.0216155 9.99189E-05 0.40204 0.00399478 0.0291857 0.0291785
0.00583357 9.98649E-05 9.98649E-05 9.98649E-05 9.98649E-05 9.98649E-05 0.0374267 9.98649E-05 9.98649E-05 9.98649E-05 0.0171764 9.98649E-05 0.927888 9.98649E-05 0.0101772 9.98649E-05 9.98649E-05 9.98649E-05 9.98649E-05 9.98649E-05
9.99099E-05 9.99099E-05 9.99099E-05 0.0220867 9.99099E-05 0.158414 9.99099E-05 0.000631116 0.05924 0.0985197 0.0139888 9.99099E-05 9.99099E-05 9.99099E-05 0.17743 0.00049906 0.45022 9.99099E-05 0.0179719 9.99099E-05
0.00304227 0.0425185 9.9883E-05 9.9883E-05 9.9883E-05 9.9883E-05 9.9883E-05 0.0130899 9.9883E-05 9.9883E-05 0.0120729 0.022212 9.9883E-05 9.9883E-05 9.9883E-05 9.9883E-05 0.889991 0.0157753 9.9883E-05 9.9883E-05
9.991E-05 0.0638324 9.991E-05 0.0579264 0.000367166 0.0695219 9.991E-05 9.991E-05 9.991E-05 0.0140839 0.00864597 0.00280192 0.467274 9.991E-05 9.991E-05 9.991E-05 0.313125 9.991E-05 9.991E-05 0.00142208
9.9874E-05 0.0149506 0.0316689 0.242043 9.9874E-05 9.9874E-05 9.9874E-05 9.9874E-05 9.9874E-05 9.9874E-05 9.9874E-05 9.9874E-05 9.9874E-05 0.0417667 9.9874E-05 0.030363 0.63781 9.9874E-05 9.9874E-05 9.9874E-05
9.991E-05 0.0327196 9.991E-05 0.012072 9.991E-05 0.210511 9.991E-05 9.991E-05 0.0969289 0.109496 0.00289895 0.00131221 9.991E-05 9.991E-05 9.991E-05 0.00390064 0.445177 0.0839846 9.991E-05 9.991E-05
9.9838E-05 9.9838E-05 9.9838E-05 9.9838E-05 9.9838E-05 9.9838E-05 9.9838E-05 9.9838E-05 0.0333026 9.9838E-05 9.9838E-05 9.9838E-05 0.9649 9.9838E-05 9.9838E-05 9.9838E-05 9.9838E-05 9.9838E-05 9.9838E-05 9.9838E-05
0.0130162 9.9883E-05 9.9883E-05 9.9883E-05 9.9883E-05 0.105064 9.9883E-05 9.9883E-05 9.9883E-05 9.9883E-05 9.9883E-05 0.01934 0.313886 9.9883E-05 9.9883E-05 0.0267903 0.509266 9.9883E-05 0.0113387 9.9883E-05
9.98289E-05 9.98289E-05 9.98289E-05 0.998103 9.98289E-05 9.98289E-05 9.98289E-05 9.98289E-05 9.98289E-05 9.98289E-05 9.98289E-05 9.98289E-05 9.98289E-05 9.98289E-05 9.98289E-05 9.98289E-05 9.98289E-05 9.98289E-05 9.98289E-05 9.98289E-05
9.9892E-05 0.314821 9.9892E-05 0.219818 9.9892E-05 9.9892E-05 0.00117709 0.00255513 9.9892E-05 9.9892E-05 9.9892E-05 0.0177197 9.9892E-05 9.9892E-05 0.352511 0.00285954 0.0873399 9.9892E-05 9.9892E-05 9.9892E-05
9.98919E-05 0.379618 9.98919E-05 9.98919E-05 9.98919E-05 9.98919E-05 0.0049629 9.98919E-05 9.98919E-05 0.0438389 9.98919E-05 9.98919E-05 0.0582504 9.98919E-05 0.505712 0.00245124 9.98919E-05 9.98919E-05 0.00230275 0.00166468
9.99009E-05 0.23738 9.99009E-05 0.36436 9.99009E-05 0.0439069 0.0184064 0.00882032 9.99009E-05 9.99009E-05 0.00430429 0.00260429 9.99009E-05 9.99009E-05 0.316289 0.00282927 9.99009E-05 9.99009E-05 9.99009E-05 9.99009E-05
9.9883E-05 0.316843 9.9883E-05 0.172226 9.9883E-05 9.9883E-05 0.0458291 9.9883E-05 0.00967956 0.0253712 9.9883E-05 9.9883E-05 9.9883E-05 9.9883E-05 0.4266 9.9883E-05 9.9883E-05 9.9883E-05 0.00215285 9.9883E-05
0.00550204 0.515486 9.9919E-05 0.211365 9.9919E-05 0.0159381 9.9919E-05 0.0157978 9.9919E-05 9.9919E-05 9.9919E-05 0.0193842 0.100473 9.9919E-05 9.9919E-05 0.0138073 9.9919E-05 0.0757254 0.00908291 0.01654
9.98561E-05 0.556561 9.98561E-05 9.98561E-05 9.98561E-05 9.98561E-05 9.98561E-05 9.98561E-05 9.98561E-05 9.98561E-05 9.98561E-05 9.98561E-05 0.103945 9.98561E-05 0.328475 9.98561E-05 9.98561E-05 9.98561E-05 0.00942161 9.98561E-05
9.9892E-05 0.420083 9.9892E-05 0.0789372 0.00684651 9.9892E-05 0.0730171 9.9892E-05 9.9892E-05 9.9892E-05 9.9892E-05 9.9892E-05 0.184825 9.9892E-05 0.0858762 9.9892E-05 9.9892E-05 0.143994 9.9892E-05 0.00522231
