9.9847E-05 9.9847E-05 9.9847E-05 9.9847E-05 9.9847E-05 9.9847E-05 0.998303 9.9847E-05 9.9847E-05 9.9847E-05 9.9847E-05 9.9847E-05 9.9847E-05 9.9847E-05 9.9847E-05 9.9847E-05 9.9847E-05 9.9847E-05
9.9919E-05 0.112179 0.0340264 9.9919E-05 9.9919E-05 0.0171423 0.0301643 0.672915 9.9919E-05 0.0905725 9.9919E-05 9.9919E-05 9.9919E-05 0.0261397 0.0120649 9.9919E-05 9.9919E-05 0.00389656
0.0454569 0.0134332 9.991E-05 9.991E-05 9.991E-05 9.991E-05 0.039245 0.744758 9.991E-05 0.0907181 9.991E-05 9.991E-05 0.0200848 0.035987 0.00931732 9.991E-05 9.991E-05 9.991E-05
0.00822777 9.9919E-05 9.9919E-05 9.9919E-05 9.9919E-05 9.9919E-05 0.00244121 0.787291 9.9919E-05 0.0579333 0.00392042 9.9919E-05 0.035206 0.0248583 0.0276289 9.9919E-05 0.0515934 9.9919E-05
0.131758 9.9919E-05 0.000768647 0.00424884 0.0149816 0.0288963 0.0178265 0.771287 9.9919E-05 9.9919E-05 9.9919E-05 9.9919E-05 9.9919E-05 9.9919E-05 0.0183852 9.9919E-05 0.0109484 9.9919E-05
9.9883E-05 9.9883E-05 0.00413012 9.9883E-05 0.0383775 9.9883E-05 9.9883E-05 0.860615 9.9883E-05 0.094686 0.000892448 9.9883E-05 9.9883E-05 9.9883E-05 9.9883E-05 9.9883E-05 9.9883E-05 9.9883E-05
9.9847E-05 9.9847E-05 9.9847E-05 9.9847E-05 9.9847E-05 9.9847E-05 0.998303 9.9847E-05 9.9847E-05 9.9847E-05 9.9847E-05 9.9847E-05 9.9847E-05 9.9847E-05 9.9847E-05 9.9847E-05 9.9847E-05 9.9847E-05
0.0221192 9.99101E-05 9.99101E-05 0.00545366 9.99101E-05 9.99101E-05 0.0492331 0.747056 9.99101E-05 9.99101E-05 9.99101E-05 9.99101E-05 9.99101E-05 0.00739735 0.0778099 9.99101E-05 0.0810809 0.00885069
0.00345075 9.9919E-05 0.00540084 9.9919E-05 9.9919E-05 9.9919E-05 0.0706636 0.701167 0.0180938 9.9919E-05 9.9919E-05 0.016525 9.9919E-05 0.000489667 0.0384826 9.9919E-05 0.144827 9.9919E-05
9.99099E-05 0.0350931 9.99099E-05 0.00955802 9.99099E-05 9.99099E-05 0.0295964 0.740293 9.99099E-05 9.99099E-05 9.99099E-05 0.0077191 0.0418146 9.99099E-05 0.106774 9.99099E-05 0.0281525 9.99099E-05
9.991E-05 0.123883 0.013856 9.991E-05 9.991E-05 9.991E-05 9.991E-05 0.715441 9.991E-05 0.0186482 0.00779026 9.991E-05 9.991E-05 9.991E-05 0.0993843 9.991E-05 0.00744218 0.0125563
9.9901E-05 0.091692 9.9901E-05 9.9901E-05 9.9901E-05 9.9901E-05 0.062862 0.634398 9.9901E-05 9.9901E-05 0.0140663 9.9901E-05 0.0683517 0.0339783 0.0935534 9.9901E-05 9.9901E-05 9.9901E-05
0.10572 9.99011E-05 0.0304674 9.99011E-05 9.99011E-05 0.069572 0.0465696 0.717885 9.99011E-05 9.99011E-05 9.99011E-05 0.023016 9.99011E-05 0.00567101 9.99011E-05 9.99011E-05 9.99011E-05 9.99011E-05
9.991E-05 0.0227058 0.0133924 0.00113806 9.991E-05 0.0249415 9.991E-05 0.693071 9.991E-05 0.130196 9.991E-05 9.991E-05 9.991E-05 9.991E-05 9.991E-05 0.0805946 9.991E-05 0.032962
0.0219332 0.0302197 9.991E-05 9.991E-05 9.991E-05 9.991E-05 0.0219127 0.753065 9.991E-05 9.991E-05 9.991E-05 9.991E-05 0.0436888 0.00652876 9.991E-05 0.0514435 0.0702092 9.991E-05
9.98921E-05 9.98921E-05 0.027784 9.98921E-05 9.98921E-05 9.98921E-05 9.98921E-05 0.831811 9.98921E-05 0.0451334 9.98921E-05 9.98921E-05 9.98921E-05 9.98921E-05 9.98921E-05 0.00741519 0.0733619 0.013296
9.98741E-05 9.98741E-05 9.98741E-05 9.98741E-05 0.0903253 9.98741E-05 0.0352549 0.860555 9.98741E-05 9.98741E-05 0.0124669 9.98741E-05 9.98741E-05 9.98741E-05 9.98741E-05 9.98741E-05 9.98741E-05 9.98741E-05
9.98651E-05 9.98651E-05 9.98651E-05 9.98651E-05 0.0662167 9.98651E-05 0.0120282 0.920257 9.98651E-05 9.98651E-05 9.98651E-05 9.98651E-05 9.98651E-05 9.98651E-05 9.98651E-05 9.98651E-05 9.98651E-05 9.98651E-05
9.98831E-05 9.98831E-05 0.00631407 9.98831E-05 0.0744403 9.98831E-05 0.0435592 0.848802 9.98831E-05 9.98831E-05 9.98831E-05 9.98831E-05 9.98831E-05 9.98831E-05 9.98831E-05 0.0255858 9.98831E-05 9.98831E-05
0.0080518 9.9901E-05 9.9901E-05 0.00625382 0.0788241 9.9901E-05 9.9901E-05 0.888252 9.9901E-05 9.9901E-05 9.9901E-05 9.9901E-05 0.0146466 9.9901E-05 9.9901E-05 0.00273798 9.9901E-05 0.000134465
9.9847E-05 9.9847E-05 9.9847E-05 9.9847E-05 9.9847E-05 9.9847E-05 9.9847E-05 9.9847E-05 9.9847E-05 9.9847E-05 9.9847E-05 9.9847E-05 9.9847E-05 9.9847E-05 9.9847E-05 9.9847E-05 9.9847E-05 0.998303
9.9874E-05 0.078257 0.0132296 9.9874E-05 9.9874E-05 9.9874E-05 9.9874E-05 9.9874E-05 9.9874E-05 9.9874E-05 9.9874E-05 9.9874E-05 0.775227 9.9874E-05 0.131888 9.9874E-05 9.9874E-05 9.9874E-05
9.9919E-05 9.9919E-05 0.00974597 9.9919E-05 9.9919E-05 0.0147608 0.0196732 0.0120065 9.9919E-05 9.9919E-05 9.9919E-05 0.0527512 0.734727 9.9919E-05 0.0724003 0.0731026 9.9919E-05 0.00993334
9.98741E-05 9.98741E-05 9.98741E-05 0.0216356 0.0996304 9.98741E-05 9.98741E-05 9.98741E-05 9.98741E-05 9.98741E-05 0.0114016 9.98741E-05 0.865934 9.98741E-05 9.98741E-05 9.98741E-05 9.98741E-05 9.98741E-05
9.98651E-05 9.98651E-05 0.000107708 9.98651E-05 9.98651E-05 9.98651E-05 9.98651E-05 9.98651E-05 9.98651E-05 9.98651E-05 9.98651E-05 9.98651E-05 0.996328 9.98651E-05 9.98651E-05 9.98651E-05 9.98651E-05 0.00206621
9.9883E-05 9.9883E-05 9.9883E-05 9.9883E-05 9.9883E-05 9.9883E-05 0.0330816 9.9883E-05 9.9883E-05 9.9883E-05 0.00951631 9.9883E-05 0.931605 0.0112159 9.9883E-05 0.0132823 9.9883E-05 9.9883E-05
0.132236 9.9919E-05 9.9919E-05 9.9919E-05 9.9919E-05 0.073536 0.00118448 9.9919E-05 9.9919E-05 0.0118743 9.9919E-05 9.9919E-05 0.753855 0.00119635 0.0210174 0.00148428 0.00271737 9.9919E-05
9.9856E-05 9.9856E-05 9.9856E-05 9.9856E-05 9.9856E-05 9.9856E-05 9.9856E-05 9.9856E-05 9.9856E-05 0.00617039 9.9856E-05 9.9856E-05 9.9856E-05 9.9856E-05 9.9856E-05 9.9856E-05 9.9856E-05 0.992232
0.0416049 0.0608284 9.9892E-05 0.0371192 9.9892E-05 9.9892E-05 9.9892E-05 9.9892E-05 9.9892E-05 9.9892E-05 9.9892E-05 9.9892E-05 0.787044 9.9892E-05 9.9892E-05 9.9892E-05 0.0560228 0.0161824
9.99009E-05 9.99009E-05 0.0314307 9.99009E-05 9.99009E-05 9.99009E-05 9.99009E-05 0.00245633 0.0677519 0.247315 9.99009E-05 9.99009E-05 0.630219 9.99009E-05 0.00215619 0.0175721 9.99009E-05 9.99009E-05
0.0544978 9.9892E-05 9.9892E-05 9.9892E-05 9.9892E-05 9.9892E-05 9.9892E-05 9.9892E-05 0.00401155 0.162236 9.9892E-05 9.9892E-05 0.743433 0.0133745 9.9892E-05 9.9892E-05 9.9892E-05 0.021248
0.0427185 9.9919E-05 9.9919E-05 9.9919E-05 0.0581711 0.0425735 0.00465681 9.9919E-05 9.9919E-05 9.9919E-05 0.0245083 9.9919E-05 0.732954 9.9919E-05 9.9919E-05 0.0308452 0.0440677 0.0186054
0.0434853 9.9919E-05 0.0200028 9.9919E-05 9.9919E-05 0.122383 0.0181377 0.0156271 9.9919E-05 9.9919E-05 9.9919E-05 0.00184548 0.65337 9.9919E-05 9.9919E-05 9.9919E-05 0.0600936 0.0641554
9.99189E-05 0.0996419 0.0400732 0.0223558 9.99189E-05 9.99189E-05 9.99189E-05 9.99189E-05 9.99189E-05 0.00118886 9.99189E-05 0.0607955 0.697526 0.0402253 9.99189E-05 9.99189E-05 0.0057756 0.0315185
0.0661943 0.121895 0.013112 0.0142737 0.0790695 9.99279E-05 0.0143349 9.99279E-05 0.0142226 9.99279E-05 0.0107779 9.99279E-05 0.649339 0.0159824 9.99279E-05 9.99279E-05 9.99279E-05 9.99279E-05
9.99009E-05 0.271784 9.99009E-05 9.99009E-05 9.99009E-05 9.99009E-05 9.99009E-05 0.022706 9.99009E-05 0.0836936 9.99009E-05 0.001082 0.47517 0.0478487 9.99009E-05 9.99009E-05 0.0966172 9.99009E-05
9.9919E-05 9.9919E-05 9.9919E-05 0.0284211 0.121935 9.9919E-05 9.9919E-05 0.00434684 0.0524374 9.9919E-05 9.9919E-05 9.9919E-05 0.696636 0.0268118 9.9919E-05 0.0526762 0.0105247 0.00531089
0.0184922 0.0085317 0.00443532 9.9946E-05 0.0657153 0.683928 9.9946E-05 9.9946E-05 0.0324052 9.9946E-05 0.013998 0.096981 9.9946E-05 0.00101704 0.0368653 0.00737616 9.9946E-05 0.0296548
9.98829E-05 0.155609 0.0176131 0.0169707 9.98829E-05 0.807924 0.00058441 9.98829E-05 9.98829E-05 9.98829E-05 9.98829E-05 9.98829E-05 9.98829E-05 9.98829E-05 9.98829E-05 9.98829E-05 9.98829E-05 9.98829E-05
0.00887879 0.0306233 0.00534713 9.9928E-05 9.9928E-05 0.767965 9.9928E-05 0.0241814 9.9928E-05 0.0627559 0.00759738 9.9928E-05 9.9928E-05 0.00934937 0.0197095 0.0627926 9.9928E-05 9.9928E-05
9.9901E-05 9.9901E-05 9.9901E-05 9.9901E-05 0.183106 0.653826 0.0397255 9.9901E-05 9.9901E-05 9.9901E-05 0.0127105 0.0720626 0.00886007 0.028611 9.9901E-05 9.9901E-05 9.9901E-05 9.9901E-05
9.98649E-05 9.98649E-05 9.98649E-05 9.98649E-05 0.965848 9.98649E-05 9.98649E-05 9.98649E-05 9.98649E-05 9.98649E-05 9.98649E-05 9.98649E-05 9.98649E-05 0.0189075 9.98649E-05 9.98649E-05 9.98649E-05 0.013747
9.9892E-05 9.9892E-05 9.9892E-05 9.9892E-05 9.9892E-05 0.900598 9.9892E-05 0.00217043 0.0521422 9.9892E-05 9.9892E-05 9.9892E-05 9.9892E-05 0.00974697 9.9892E-05 9.9892E-05 0.0259478 0.00819537
9.9937E-05 9.9937E-05 0.0221966 0.00440126 0.0620553 0.424748 0.0205485 0.0301971 9.9937E-05 0.08846 9.9937E-05 0.0365934 9.9937E-05 9.9937E-05 0.197068 0.100419 9.9937E-05 0.0126134
9.9892E-05 9.9892E-05 9.9892E-05 0.0249538 9.9892E-05 0.917204 0.000147939 9.9892E-05 9.9892E-05 9.9892E-05 9.9892E-05 9.9892E-05 9.9892E-05 0.00930226 9.9892E-05 0.0330909 0.0141027 9.9892E-05
0.00150044 9.99189E-05 9.99189E-05 0.000485604 0.278623 0.312812 9.99189E-05 0.0203137 9.99189E-05 9.99189E-05 9.99189E-05 9.99189E-05 0.0106267 9.99189E-05 0.0615427 0.183529 0.129668 9.99189E-05
9.98561E-05 9.98561E-05 9.98561E-05 9.98561E-05 0.997101 9.98561E-05 9.98561E-05 9.98561E-05 9.98561E-05 9.98561E-05 0.00130141 9.98561E-05 9.98561E-05 9.98561E-05 9.98561E-05 9.98561E-05 9.98561E-05 9.98561E-05
0.00271549 9.9919E-05 0.0204211 9.9919E-05 0.13803 0.569419 0.010626 9.9919E-05 9.9919E-05 9.9919E-05 9.9919E-05 0.0345891 9.9919E-05 0.0112578 0.208516 9.9919E-05 9.9919E-05 0.00352522
9.9883E-05 9.9883E-05 9.9883E-05 9.9883E-05 0.170306 0.733764 0.0344118 9.9883E-05 9.9883E-05 9.9883E-05 0.020557 9.9883E-05 9.9883E-05 9.9883E-05 9.9883E-05 9.9883E-05 9.9883E-05 0.0396634
9.9901E-05 9.9901E-05 0.0274839 9.9901E-05 0.199519 0.269955 9.9901E-05 9.9901E-05 9.9901E-05 9.9901E-05 9.9901E-05 0.0750781 9.9901E-05 9.9901E-05 0.361525 0.052418 9.9901E-05 0.0129219
9.9874E-05 9.9874E-05 9.9874E-05 9.9874E-05 9.9874E-05 0.904366 0.0283848 9.9874E-05 9.9874E-05 0.0536565 0.0121945 9.9874E-05 9.9874E-05 9.9874E-05 9.9874E-05 9.9874E-05 9.9874E-05 9.9874E-05
9.9856E-05 9.9856E-05 9.9856E-05 9.9856E-05 0.987286 9.9856E-05 0.0111167 9.9856E-05 9.9856E-05 9.9856E-05 9.9856E-05 9.9856E-05 9.9856E-05 9.9856E-05 9.9856E-05 9.9856E-05 9.9856E-05 9.9856E-05
9.98861E-05 9.98861E-05 0.0404216 0.0164682 0.781302 0.0988352 9.98861E-05 9.98861E-05 9.98861E-05 9.98861E-05 9.98861E-05 0.061674 9.98861E-05 9.98861E-05 9.98861E-05 9.98861E-05 9.98861E-05 9.98861E-05
9.99009E-05 0.0389638 9.99009E-05 9.99009E-05 0.724122 0.116313 0.0183663 0.0288481 9.99009E-05 9.99009E-05 0.0178191 9.99009E-05 9.99009E-05 9.99009E-05 0.0544683 9.99009E-05 9.99009E-05 9.99009E-05
9.9919E-05 9.9919E-05 0.0219975 0.0187404 9.9919E-05 0.777985 9.9919E-05 0.0449272 0.0380211 0.0604593 0.00501706 9.9919E-05 9.9919E-05 9.9919E-05 0.0112036 9.9919E-05 9.9919E-05 0.0207496
0.0734701 0.0288291 9.9901E-05 9.9901E-05 9.9901E-05 0.798803 9.9901E-05 9.9901E-05 9.9901E-05 9.9901E-05 0.00823702 9.9901E-05 9.9901E-05 0.0171072 0.0482298 0.0242245 9.9901E-05 9.9901E-05
9.9901E-05 9.9901E-05 9.9901E-05 0.0296409 0.0281168 0.828907 9.9901E-05 0.0216077 0.0262559 9.9901E-05 9.9901E-05 9.9901E-05 0.0169092 9.9901E-05 9.9901E-05 9.9901E-05 0.0474639 9.9901E-05
0.00272637 0.422568 9.9928E-05 9.9928E-05 9.9928E-05 0.178027 9.9928E-05 0.0102381 0.149667 0.0612862 0.000654262 0.0179855 9.9928E-05 9.9928E-05 9.9928E-05 0.142083 9.9928E-05 0.0139652
9.98469E-05 9.98469E-05 9.98469E-05 9.98469E-05 9.98469E-05 9.98469E-05 9.98469E-05 9.98469E-05 9.98469E-05 9.98469E-05 9.98469E-05 9.98469E-05 9.98469E-05 0.998303 9.98469E-05 9.98469E-05 9.98469E-05 9.98469E-05
0.044195 0.43919 0.0220912 0.0538941 9.9955E-05 9.9955E-05 0.0254442 9.9955E-05 0.244556 0.0121585 9.9955E-05 9.9955E-05 0.0152244 0.0117802 0.0564039 0.0678338 0.00216014 0.00456889
0.0533436 0.416328 0.0265292 0.0501345 0.0468036 0.0191913 9.9928E-05 0.0140396 0.353139 9.9928E-05 9.9928E-05 9.9928E-05 9.9928E-05 9.9928E-05 0.000251145 0.0194407 9.9928E-05 9.9928E-05
0.126186 0.0805432 0.00129304 0.00678228 9.991E-05 0.00101169 9.991E-05 9.991E-05 0.762907 9.991E-05 9.991E-05 9.991E-05 9.991E-05 0.0195571 0.00072074 9.991E-05 9.991E-05 9.991E-05
9.9883E-05 9.9883E-05 9.9883E-05 9.9883E-05 0.124252 9.9883E-05 9.9883E-05 9.9883E-05 0.854508 9.9883E-05 0.00628333 0.00232754 9.9883E-05 9.9883E-05 9.9883E-05 9.9883E-05 9.9883E-05 0.0113301
9.98469E-05 9.98469E-05 0.998303 9.98469E-05 9.98469E-05 9.98469E-05 9.98469E-05 9.98469E-05 9.98469E-05 9.98469E-05 9.98469E-05 9.98469E-05 9.98469E-05 9.98469E-05 9.98469E-05 9.98469E-05 9.98469E-05 9.98469E-05
9.98469E-05 9.98469E-05 9.98469E-05 9.98469E-05 9.98469E-05 9.98469E-05 9.98469E-05 9.98469E-05 9.98469E-05 9.98469E-05 9.98469E-05 9.98469E-05 9.98469E-05 0.998303 9.98469E-05 9.98469E-05 9.98469E-05 9.98469E-05
0.0322932 0.633484 0.0301821 9.9928E-05 0.00106828 9.9928E-05 9.9928E-05 0.0738476 0.0548346 9.9928E-05 0.0257814 0.0300749 9.9928E-05 0.0308941 9.9928E-05 0.0867403 9.9928E-05 9.9928E-05
9.9919E-05 9.9919E-05 0.0215932 9.9919E-05 9.9919E-05 9.9919E-05 0.00383089 0.00867029 0.539321 9.9919E-05 0.0306931 0.0466998 0.0685685 9.9919E-05 9.9919E-05 0.243863 9.9919E-05 0.0358613
9.9928E-05 9.9928E-05 0.028871 0.0297894 9.9928E-05 9.9928E-05 0.00806387 9.9928E-05 0.502946 0.0335587 0.0191974 0.0537612 9.9928E-05 0.0286882 9.9928E-05 0.278105 9.9928E-05 0.0162197
9.9928E-05 9.9928E-05 0.0265323 0.0603933 9.9928E-05 9.9928E-05 9.9928E-05 0.0132571 0.578095 9.9928E-05 0.0301901 0.0173371 0.0443083 0.0166464 9.9928E-05 0.200593 9.9928E-05 0.0118478
9.9946E-05 0.114534 0.0292616 0.0631859 9.9946E-05 9.9946E-05 0.0127599 0.0163992 0.478953 9.9946E-05 0.0101947 9.9946E-05 0.046055 0.0919209 9.9946E-05 0.0585198 0.0727803 0.00483605
9.991E-05 0.129817 0.0106931 9.991E-05 9.991E-05 0.0771673 0.0373486 9.991E-05 0.468436 9.991E-05 0.0115747 9.991E-05 9.991E-05 0.0339389 9.991E-05 0.230025 9.991E-05 9.991E-05
0.0160852 9.991E-05 0.0399802 0.00290546 9.991E-05 0.0603724 0.03326 9.991E-05 0.833199 9.991E-05 0.00916637 9.991E-05 9.991E-05 9.991E-05 9.991E-05 9.991E-05 0.00403205 9.991E-05
9.9937E-05 0.109658 0.00362937 0.031969 0.0207232 9.9937E-05 0.0222678 9.9937E-05 0.486761 9.9937E-05 0.00157271 9.9937E-05 0.0613008 0.0796422 9.9937E-05 0.177808 9.9937E-05 0.00396806
0.255008 0.325039 9.9919E-05 0.0283214 9.9919E-05 9.9919E-05 9.9919E-05 9.9919E-05 0.254163 0.0150234 0.0135899 9.9919E-05 0.02863 0.0195925 0.0597328 9.9919E-05 9.9919E-05 9.9919E-05
0.112232 0.0449168 0.024991 9.9946E-05 9.9946E-05 0.29688 0.0206932 9.9946E-05 0.121176 9.9946E-05 0.0329131 9.9946E-05 0.00244745 0.0300166 9.9946E-05 0.273541 0.0202225 0.0193707
9.9919E-05 9.9919E-05 0.0100593 9.9919E-05 0.0798732 0.104765 9.9919E-05 0.0745958 0.535352 9.9919E-05 0.0161204 0.125206 9.9919E-05 0.00106454 9.9919E-05 0.052065 9.9919E-05 9.9919E-05
9.9892E-05 0.118527 9.9892E-05 9.9892E-05 0.628875 9.9892E-05 9.9892E-05 0.0445021 0.00587198 9.9892E-05 9.9892E-05 9.9892E-05 9.9892E-05 0.0344073 9.9892E-05 0.166618 9.9892E-05 9.9892E-05
9.98469E-05 9.98469E-05 0.998303 9.98469E-05 9.98469E-05 9.98469E-05 9.98469E-05 9.98469E-05 9.98469E-05 9.98469E-05 9.98469E-05 9.98469E-05 9.98469E-05 9.98469E-05 9.98469E-05 9.98469E-05 9.98469E-05 9.98469E-05
0.0116452 9.9928E-05 0.0130736 0.0354403 0.201249 9.9928E-05 9.9928E-05 0.0405763 0.503865 9.9928E-05 0.0217392 9.9928E-05 9.9928E-05 0.0552256 9.9928E-05 9.9928E-05 0.0952 0.0211858
9.9928E-05 0.0812306 0.0764729 0.058844 9.9928E-05 0.105587 9.9928E-05 9.9928E-05 0.422151 0.0631359 0.0265398 9.9928E-05 0.0145332 0.0326787 9.9928E-05 0.118027 9.9928E-05 9.9928E-05
9.98468E-05 9.98468E-05 9.98468E-05 9.98468E-05 9.98468E-05 9.98468E-05 9.98468E-05 9.98468E-05 9.98468E-05 9.98468E-05 9.98468E-05 9.98468E-05 9.98468E-05 9.98468E-05 9.98468E-05 0.998303 9.98468E-05 9.98468E-05
9.9919E-05 0.340072 0.00807359 0.000906196 0.0478361 9.9919E-05 0.0313016 9.9919E-05 0.313222 9.9919E-05 9.9919E-05 9.9919E-05 9.9919E-05 0.0253679 9.9919E-05 0.221435 9.9919E-05 0.010886
9.991E-05 0.0434416 0.0271705 0.0475728 9.991E-05 0.0747589 9.991E-05 0.0827699 0.609004 9.991E-05 9.991E-05 9.991E-05 9.991E-05 0.0118267 9.991E-05 0.102456 9.991E-05 9.991E-05
9.9919E-05 0.250573 9.9919E-05 0.0804355 9.9919E-05 0.253657 9.9919E-05 0.0182858 0.0666102 9.9919E-05 0.0471808 9.9919E-05 0.0287164 0.004342 9.9919E-05 9.9919E-05 0.2493 9.9919E-05
9.9892E-05 0.0884282 0.0327309 9.9892E-05 0.0402646 0.141982 9.9892E-05 9.9892E-05 9.9892E-05 9.9892E-05 9.9892E-05 0.655061 9.9892E-05 0.0403345 9.9892E-05 9.9892E-05 9.9892E-05 9.9892E-05
0.0947173 0.377213 9.9919E-05 9.9919E-05 0.244869 9.9919E-05 0.0264275 9.9919E-05 0.0549641 0.112229 0.00425702 9.9919E-05 9.9919E-05 0.04764 9.9919E-05 0.0367842 9.9919E-05 9.9919E-05
9.98469E-05 9.98469E-05 9.98469E-05 9.98469E-05 9.98469E-05 9.98469E-05 9.98469E-05 9.98469E-05 9.98469E-05 9.98469E-05 9.98469E-05 9.98469E-05 9.98469E-05 9.98469E-05 9.98469E-05 0.998303 9.98469E-05 9.98469E-05
9.98559E-05 9.98559E-05 9.98559E-05 9.98559E-05 9.98559E-05 9.98559E-05 9.98559E-05 9.98559E-05 9.98559E-05 0.0234659 9.98559E-05 9.98559E-05 9.98559E-05 9.98559E-05 9.98559E-05 0.974936 9.98559E-05 9.98559E-05
0.0652177 9.9937E-05 9.9937E-05 0.0206085 0.0290732 9.9937E-05 0.0042328 0.0035015 0.692423 9.9937E-05 9.9937E-05 9.9937E-05 9.9937E-05 0.0104344 0.0843908 0.0445438 0.0376019 0.00727317
0.0074921 0.15866 0.00459061 0.782626 9.991E-05 9.991E-05 9.991E-05 9.991E-05 0.00732708 9.991E-05 9.991E-05 9.991E-05 9.991E-05 0.00400192 0.0331495 9.991E-05 9.991E-05 0.0011538
9.9928E-05 0.315087 0.109792 0.0241493 9.9928E-05 0.144748 9.9928E-05 0.00464989 0.2597 9.9928E-05 0.0209501 9.9928E-05 9.9928E-05 0.0039044 9.9928E-05 0.107584 9.9928E-05 0.00863625
9.99011E-05 0.116031 0.0545571 9.99011E-05 9.99011E-05 9.99011E-05 0.00937397 9.99011E-05 0.0114164 9.99011E-05 9.99011E-05 9.99011E-05 9.99011E-05 9.99011E-05 0.00294924 0.760184 0.0443896 9.99011E-05
9.98921E-05 0.845526 9.98921E-05 0.00952123 0.0295608 9.98921E-05 9.98921E-05 9.98921E-05 9.98921E-05 0.0625158 9.98921E-05 9.98921E-05 9.98921E-05 0.0047149 9.98921E-05 9.98921E-05 9.98921E-05 0.0469626
0.0369163 0.742555 0.01062 0.0341541 9.9919E-05 0.0460978 9.9919E-05 0.0252838 9.9919E-05 9.9919E-05 0.0279142 9.9919E-05 0.0656719 9.9919E-05 9.9919E-05 9.9919E-05 9.9919E-05 0.00988827
9.9874E-05 0.965254 0.0220864 9.9874E-05 9.9874E-05 9.9874E-05 0.00405885 9.9874E-05 9.9874E-05 9.9874E-05 0.00720294 9.9874E-05 9.9874E-05 9.9874E-05 9.9874E-05 9.9874E-05 9.9874E-05 9.9874E-05
0.016799 0.584125 0.00968326 0.0354261 0.0137121 9.9955E-05 0.0418509 0.0243742 0.128114 9.9955E-05 9.9955E-05 0.0227303 0.0261662 0.0331622 0.0432343 9.9955E-05 9.9955E-05 0.0201229
0.202439 0.467123 0.00280691 0.0380092 0.00424837 9.9937E-05 9.9937E-05 0.00322024 9.9937E-05 9.9937E-05 0.0374619 0.133099 9.9937E-05 0.0435065 0.0493205 0.0180662 9.9937E-05 9.9937E-05
0.0502652 0.272837 0.019631 9.9919E-05 9.9919E-05 0.0960082 9.9919E-05 0.0344981 0.230803 9.9919E-05 0.0232596 9.9919E-05 9.9919E-05 0.00641403 9.9919E-05 0.265384 9.9919E-05 9.9919E-05
0.0470436 0.0799001 0.0310609 9.992E-05 9.992E-05 0.0726537 0.00937927 9.992E-05 0.457862 9.992E-05 0.0334546 9.992E-05 0.0768069 9.992E-05 9.992E-05 0.19094 9.992E-05 9.992E-05
9.9928E-05 0.184396 0.00978721 0.0439267 9.9928E-05 9.9928E-05 9.9928E-05 0.0256647 0.395855 9.9928E-05 0.0725829 0.00143849 9.9928E-05 0.0469274 0.0892715 0.129351 9.9928E-05 9.9928E-05
0.0117739 0.653169 9.991E-05 0.0156981 9.991E-05 0.00636138 9.991E-05 9.991E-05 0.0253721 9.991E-05 9.991E-05 9.991E-05 0.0239366 9.991E-05 0.0239259 0.238764 9.991E-05 9.991E-05
0.0246832 0.122266 0.0441837 0.136437 0.107823 9.9955E-05 0.000925451 9.9955E-05 0.270997 0.0543043 0.0226137 0.0447411 9.9955E-05 0.0758741 9.9955E-05 0.0913596 9.9955E-05 0.00329181
9.98649E-05 9.98649E-05 9.98649E-05 9.98649E-05 9.98649E-05 9.98649E-05 9.98649E-05 9.98649E-05 0.945175 9.98649E-05 9.98649E-05 9.98649E-05 9.98649E-05 9.98649E-05 9.98649E-05 9.98649E-05 0.0497598 0.00356727
9.98466E-05 9.98466E-05 9.98466E-05 0.998303 9.98466E-05 9.98466E-05 9.98466E-05 9.98466E-05 9.98466E-05 9.98466E-05 9.98466E-05 9.98466E-05 9.98466E-05 9.98466E-05 9.98466E-05 9.98466E-05 9.98466E-05 9.98466E-05
0.0863852 0.170281 0.00306665 0.0539808 9.9955E-05 0.0665328 0.0232337 0.000583021 0.336533 0.175476 0.0312905 9.9955E-05 9.9955E-05 0.0433914 9.9955E-05 0.00205569 9.9955E-05 0.00668943
9.9901E-05 0.560098 0.0489828 0.034041 9.9901E-05 0.0475436 9.9901E-05 9.9901E-05 0.170881 9.9901E-05 9.9901E-05 9.9901E-05 9.9901E-05 9.9901E-05 9.9901E-05 0.124239 9.9901E-05 0.0131153
9.9937E-05 0.229858 0.0359417 0.0302648 9.9937E-05 9.9937E-05 0.0240827 0.0224329 0.385529 9.9937E-05 0.00476544 0.101342 9.9937E-05 9.9937E-05 0.0133855 0.150503 9.9937E-05 0.00119565
9.9874E-05 9.9874E-05 9.9874E-05 9.9874E-05 0.0206865 9.9874E-05 9.9874E-05 9.9874E-05 0.934631 9.9874E-05 9.9874E-05 9.9874E-05 9.9874E-05 9.9874E-05 0.0176249 9.9874E-05 0.0256597 9.9874E-05
0.161045 0.579242 0.018173 9.9901E-05 9.9901E-05 0.0626939 9.9901E-05 9.9901E-05 0.133323 9.9901E-05 0.0363209 9.9901E-05 9.9901E-05 0.00810286 9.9901E-05 9.9901E-05 9.9901E-05 9.9901E-05
0.0544665 0.378636 9.9928E-05 0.00939392 9.9928E-05 0.0162551 9.9928E-05 0.00595385 0.342391 9.9928E-05 0.00497258 0.00543653 0.0670591 9.9928E-05 9.9928E-05 0.114636 9.9928E-05 9.9928E-05
9.9847E-05 9.9847E-05 9.9847E-05 9.9847E-05 9.9847E-05 9.9847E-05 9.9847E-05 9.9847E-05 9.9847E-05 9.9847E-05 0.998303 9.9847E-05 9.9847E-05 9.9847E-05 9.9847E-05 9.9847E-05 9.9847E-05 9.9847E-05
9.98467E-05 9.98467E-05 9.98467E-05 0.998303 9.98467E-05 9.98467E-05 9.98467E-05 9.98467E-05 9.98467E-05 9.98467E-05 9.98467E-05 9.98467E-05 9.98467E-05 9.98467E-05 9.98467E-05 9.98467E-05 9.98467E-05 9.98467E-05
9.9847E-05 9.9847E-05 9.9847E-05 9.9847E-05 9.9847E-05 9.9847E-05 9.9847E-05 9.9847E-05 9.9847E-05 9.9847E-05 0.998303 9.9847E-05 9.9847E-05 9.9847E-05 9.9847E-05 9.9847E-05 9.9847E-05 9.9847E-05
9.9892E-05 0.893416 0.0210197 0.0390046 0.00981312 9.9892E-05 9.9892E-05 9.9892E-05 9.9892E-05 9.9892E-05 9.9892E-05 9.9892E-05 9.9892E-05 0.0312471 9.9892E-05 9.9892E-05 9.9892E-05 0.00430049
9.9946E-05 0.293258 0.0263078 0.0810428 0.0593698 9.9946E-05 0.0229162 9.9946E-05 0.297861 0.0420269 0.0416074 9.9946E-05 0.0403248 0.0382777 9.9946E-05 9.9946E-05 0.0185055 0.037902
9.991E-05 0.574574 9.991E-05 0.0527726 0.0987814 9.991E-05 9.991E-05 0.0275534 0.208969 9.991E-05 0.0196071 9.991E-05 0.0123128 0.00443059 9.991E-05 9.991E-05 9.991E-05 9.991E-05
9.991E-05 0.148142 9.991E-05 0.022996 0.121643 9.991E-05 9.991E-05 0.0337511 0.589899 9.991E-05 0.04939 9.991E-05 9.991E-05 0.0137627 9.991E-05 9.991E-05 9.991E-05 0.0194164
9.9919E-05 0.000179851 0.0191193 9.9919E-05 0.0848737 9.9919E-05 9.9919E-05 0.003227 0.0827417 9.9919E-05 0.00441921 9.9919E-05 9.9919E-05 0.0235782 9.9919E-05 0.767567 9.9919E-05 0.0133947
9.9892E-05 0.211982 9.9892E-05 0.714885 9.9892E-05 9.9892E-05 9.9892E-05 9.9892E-05 9.9892E-05 0.00285938 9.9892E-05 9.9892E-05 9.9892E-05 0.00730971 0.0542325 9.9892E-05 9.9892E-05 0.00753333
9.9937E-05 0.50682 0.0014837 0.0785807 0.0443046 0.00881542 0.0426218 9.9937E-05 0.153448 9.9937E-05 0.0240776 9.9937E-05 9.9937E-05 0.000411959 0.117193 0.0215444 9.9937E-05 9.9937E-05
0.730307 0.228498 9.9874E-05 9.9874E-05 9.9874E-05 9.9874E-05 9.9874E-05 9.9874E-05 9.9874E-05 9.9874E-05 9.9874E-05 9.9874E-05 9.9874E-05 0.0391884 9.9874E-05 9.9874E-05 0.000608371 9.9874E-05
0.831284 9.98831E-05 9.98831E-05 9.98831E-05 9.98831E-05 9.98831E-05 9.98831E-05 9.98831E-05 9.98831E-05 0.0803001 0.0135302 9.98831E-05 9.98831E-05 9.98831E-05 0.0109826 0.0626047 9.98831E-05 9.98831E-05
0.83579 9.9919E-05 0.0117185 0.0197224 0.0137093 9.9919E-05 0.0150996 9.9919E-05 9.9919E-05 9.9919E-05 0.00860468 9.9919E-05 9.9919E-05 0.00233025 9.9919E-05 0.0739567 9.9919E-05 0.0181693
0.867146 0.131113 9.98651E-05 9.98651E-05 9.98651E-05 9.98651E-05 9.98651E-05 9.98651E-05 9.98651E-05 9.98651E-05 9.98651E-05 9.98651E-05 9.98651E-05 9.98651E-05 9.98651E-05 9.98651E-05 9.98651E-05 0.000243349
0.600673 0.129905 9.9919E-05 0.0208596 9.9919E-05 0.107337 9.9919E-05 0.0195529 9.9919E-05 0.00751425 0.0347663 9.9919E-05 0.0739232 9.9919E-05 9.9919E-05 9.9919E-05 0.0045698 9.9919E-05
0.862952 9.991E-05 0.00292999 9.991E-05 9.991E-05 9.991E-05 9.991E-05 9.991E-05 0.000292251 0.0681317 9.991E-05 9.991E-05 0.0307734 0.0226324 9.991E-05 9.991E-05 0.00943136 0.00185803
0.961957 9.9874E-05 9.9874E-05 9.9874E-05 0.00884868 9.9874E-05 0.00688157 9.9874E-05 9.9874E-05 9.9874E-05 9.9874E-05 0.0209148 9.9874E-05 9.9874E-05 9.9874E-05 9.9874E-05 9.9874E-05 9.9874E-05
0.88826 0.011634 9.9901E-05 0.0164737 9.9901E-05 9.9901E-05 0.0193956 0.0193107 9.9901E-05 9.9901E-05 9.9901E-05 9.9901E-05 9.9901E-05 9.9901E-05 9.9901E-05 0.0416966 9.9901E-05 0.00213045
0.812985 9.9883E-05 9.9883E-05 9.9883E-05 9.9883E-05 0.103095 9.9883E-05 9.9883E-05 9.9883E-05 9.9883E-05 0.0151537 0.0559155 9.9883E-05 9.9883E-05 9.9883E-05 9.9883E-05 9.9883E-05 0.0115519
0.687185 0.00713585 0.031446 9.991E-05 0.0512013 9.991E-05 9.991E-05 9.991E-05 9.991E-05 0.0725935 9.991E-05 9.991E-05 9.991E-05 9.991E-05 0.00186134 0.110829 9.991E-05 0.0367489
0.705006 9.991E-05 9.991E-05 9.991E-05 0.0936346 9.991E-05 0.0107804 9.991E-05 0.0683706 9.991E-05 0.0200756 0.0112142 0.0836153 0.00630384 9.991E-05 9.991E-05 9.991E-05 9.991E-05
0.0253708 9.9901E-05 9.9901E-05 0.0148901 0.0544643 9.9901E-05 9.9901E-05 9.9901E-05 9.9901E-05 9.9901E-05 0.0362928 9.9901E-05 0.0179876 0.015518 9.9901E-05 9.9901E-05 0.834378 9.9901E-05
0.127345 9.9919E-05 0.000298885 0.0281134 9.9919E-05 9.9919E-05 0.000767465 0.00703279 9.9919E-05 9.9919E-05 9.9919E-05 9.9919E-05 9.9919E-05 0.00570073 0.00112172 9.9919E-05 0.818359 0.0103617
9.99077E-05 9.99077E-05 9.99077E-05 9.99077E-05 9.99077E-05 9.99077E-05 9.99077E-05 9.99077E-05 0.0465331 0.102929 0.0378863 9.99077E-05 0.0499839 9.99077E-05 0.124017 9.99077E-05 0.632048 0.00550411
9.98831E-05 9.98831E-05 9.98831E-05 9.98831E-05 9.98831E-05 0.138346 9.98831E-05 0.0139656 9.98831E-05 0.695555 9.98831E-05 0.0840283 9.98831E-05 9.98831E-05 9.98831E-05 9.98831E-05 0.0668066 9.98831E-05
9.9892E-05 0.0191615 0.0398319 9.9892E-05 0.125318 9.9892E-05 0.0258453 9.9892E-05 9.9892E-05 9.9892E-05 9.9892E-05 9.9892E-05 9.9892E-05 9.9892E-05 9.9892E-05 9.9892E-05 0.76422 0.0244239
0.00545258 0.139322 9.991E-05 9.991E-05 9.991E-05 9.991E-05 9.991E-05 0.0023352 9.991E-05 0.044986 0.00529299 0.341675 9.991E-05 9.991E-05 9.991E-05 9.991E-05 0.435253 0.0246838
0.00250238 9.991E-05 9.991E-05 0.0452961 9.991E-05 9.991E-05 9.991E-05 9.991E-05 9.991E-05 0.0964986 0.00543971 9.991E-05 0.0524718 9.991E-05 0.0466374 0.0302412 0.719914 9.991E-05
0.00803295 9.9892E-05 9.9892E-05 9.9892E-05 9.9892E-05 9.9892E-05 0.000906942 9.9892E-05 9.9892E-05 9.9892E-05 9.9892E-05 0.139905 9.9892E-05 9.9892E-05 9.9892E-05 0.14279 0.69215 0.0150163
9.99459E-05 0.187612 9.99459E-05 0.0337224 9.99459E-05 0.0287243 0.0461466 9.99459E-05 9.99459E-05 0.0697294 0.0453504 9.99459E-05 0.0126127 0.00254048 0.0961108 0.00838611 0.449839 0.0186261
0.034032 9.98651E-05 9.98651E-05 9.98651E-05 0.166171 9.98651E-05 9.98651E-05 9.98651E-05 9.98651E-05 9.98651E-05 9.98651E-05 9.98651E-05 9.98651E-05 9.98651E-05 9.98651E-05 9.98651E-05 0.798299 9.98651E-05
9.9901E-05 9.9901E-05 0.0417575 9.9901E-05 0.0319995 9.9901E-05 0.00496148 9.9901E-05 9.9901E-05 9.9901E-05 9.9901E-05 9.9901E-05 9.9901E-05 0.0339575 9.9901E-05 0.00755171 0.862129 0.0165444
9.9901E-05 0.00214458 9.9901E-05 9.9901E-05 9.9901E-05 0.104835 9.9901E-05 0.0342177 9.9901E-05 9.9901E-05 9.9901E-05 0.292637 9.9901E-05 0.0266845 9.9901E-05 9.9901E-05 0.533571 0.00481052
9.9928E-05 0.0234575 9.9928E-05 9.9928E-05 0.0718337 9.9928E-05 9.9928E-05 9.9928E-05 9.9928E-05 9.9928E-05 0.034052 0.212979 0.0313509 0.00605399 0.0795732 0.0370282 0.492323 0.0105493
9.99099E-05 0.300713 9.99099E-05 9.99099E-05 9.99099E-05 0.0236145 0.01982 9.99099E-05 9.99099E-05 9.99099E-05 0.00842147 0.0947296 9.99099E-05 9.99099E-05 0.0652505 0.0127676 0.473685 9.99099E-05
9.9901E-05 9.9901E-05 9.9901E-05 9.9901E-05 9.9901E-05 9.9901E-05 0.0265851 9.9901E-05 0.0872143 0.415331 0.0163956 0.376983 0.0409871 0.0354046 9.9901E-05 9.9901E-05 9.9901E-05 9.9901E-05
9.9901E-05 0.0756159 9.9901E-05 9.9901E-05 9.9901E-05 9.9901E-05 0.0347325 0.01138 9.9901E-05 0.166189 9.9901E-05 0.676928 9.9901E-05 0.0195154 9.9901E-05 9.9901E-05 0.0145399 9.9901E-05
0.0276878 9.9874E-05 9.9874E-05 9.9874E-05 0.00817116 9.9874E-05 9.9874E-05 9.9874E-05 9.9874E-05 9.9874E-05 9.9874E-05 0.943047 9.9874E-05 0.0196961 9.9874E-05 9.9874E-05 9.9874E-05 9.9874E-05
9.9901E-05 0.0884992 9.9901E-05 9.9901E-05 9.9901E-05 0.00648449 0.0212312 9.9901E-05 9.9901E-05 0.130126 0.015917 0.68919 9.9901E-05 9.9901E-05 9.9901E-05 9.9901E-05 0.0474526 9.9901E-05
9.9847E-05 9.9847E-05 9.9847E-05 9.9847E-05 9.9847E-05 9.9847E-05 9.9847E-05 9.9847E-05 9.9847E-05 9.9847E-05 9.9847E-05 0.998303 9.9847E-05 9.9847E-05 9.9847E-05 9.9847E-05 9.9847E-05 9.9847E-05
9.9919E-05 0.0128222 0.0326527 9.9919E-05 0.00509078 9.9919E-05 0.000647789 9.9919E-05 9.9919E-05 0.568163 9.9919E-05 0.280588 9.9919E-05 9.9919E-05 0.0733739 0.00856913 9.9919E-05 0.0171932
9.9874E-05 0.156481 0.0355418 9.9874E-05 9.9874E-05 9.9874E-05 9.9874E-05 9.9874E-05 9.9874E-05 9.9874E-05 9.9874E-05 0.750657 9.9874E-05 9.9874E-05 0.055922 9.9874E-05 9.9874E-05 9.9874E-05
9.9856E-05 9.9856E-05 9.9856E-05 9.9856E-05 9.9856E-05 9.9856E-05 9.9856E-05 9.9856E-05 0.021472 9.9856E-05 9.9856E-05 0.97693 9.9856E-05 9.9856E-05 9.9856E-05 9.9856E-05 9.9856E-05 9.9856E-05
9.98651E-05 9.98651E-05 0.0101708 9.98651E-05 9.98651E-05 9.98651E-05 9.98651E-05 9.98651E-05 9.98651E-05 0.961721 0.0266098 9.98651E-05 9.98651E-05 9.98651E-05 9.98651E-05 9.98651E-05 9.98651E-05 9.98651E-05
9.9847E-05 9.9847E-05 9.9847E-05 9.9847E-05 9.9847E-05 9.9847E-05 9.9847E-05 9.9847E-05 9.9847E-05 0.998303 9.9847E-05 9.9847E-05 9.9847E-05 9.9847E-05 9.9847E-05 9.9847E-05 9.9847E-05 9.9847E-05
9.9928E-05 0.0489518 0.0175671 0.0397639 9.9928E-05 9.9928E-05 9.9928E-05 0.0117243 9.9928E-05 0.446548 9.9928E-05 0.0100699 0.0772535 0.00746999 0.025855 9.9928E-05 0.313997 9.9928E-05
9.9883E-05 0.223427 9.9883E-05 9.9883E-05 9.9883E-05 9.9883E-05 0.010749 9.9883E-05 9.9883E-05 0.386506 9.9883E-05 9.9883E-05 9.9883E-05 9.9883E-05 0.00337308 9.9883E-05 0.374646 9.9883E-05
9.99201E-05 9.99201E-05 9.99201E-05 0.0073377 0.0303837 9.99201E-05 0.0217111 0.00632216 9.99201E-05 0.195669 0.0397075 9.99201E-05 9.99201E-05 0.0148478 0.0684728 9.99201E-05 0.594572 0.0201771
9.9901E-05 0.0471872 0.025911 9.9901E-05 9.9901E-05 9.9901E-05 9.9901E-05 0.0628289 9.9901E-05 0.130625 9.9901E-05 9.9901E-05 9.9901E-05 0.0439591 0.143426 9.9901E-05 0.544964 9.9901E-05
9.99369E-05 0.0450058 9.99369E-05 9.99369E-05 0.0382152 9.99369E-05 0.00773015 9.99369E-05 9.99369E-05 0.447773 0.0117652 0.158053 9.99369E-05 0.0216391 0.0705171 0.0130232 0.167803 0.0177759
9.98561E-05 9.98561E-05 9.98561E-05 9.98561E-05 9.98561E-05 9.98561E-05 9.98561E-05 9.98561E-05 9.98561E-05 0.991313 0.00708978 9.98561E-05 9.98561E-05 9.98561E-05 9.98561E-05 9.98561E-05 9.98561E-05 9.98561E-05
9.9892E-05 9.9892E-05 9.9892E-05 9.9892E-05 0.0125874 0.03405 9.9892E-05 9.9892E-05 0.0374983 9.9892E-05 0.0268155 9.9892E-05 9.9892E-05 0.0221706 9.9892E-05 9.9892E-05 0.86568 9.9892E-05
9.9874E-05 9.9874E-05 9.9874E-05 9.9874E-05 0.0894362 9.9874E-05 0.0282034 9.9874E-05 0.00925908 0.871703 9.9874E-05 9.9874E-05 9.9874E-05 9.9874E-05 9.9874E-05 9.9874E-05 9.9874E-05 9.9874E-05
9.9901E-05 9.9901E-05 9.9901E-05 9.9901E-05 0.0507053 0.0186982 0.0083533 9.9901E-05 9.9901E-05 0.912111 9.9901E-05 9.9901E-05 0.00649207 9.9901E-05 9.9901E-05 0.00140671 9.9901E-05 0.00113489
9.9919E-05 9.9919E-05 9.9919E-05 0.0105409 9.9919E-05 9.9919E-05 0.00604302 9.9919E-05 9.9919E-05 0.15777 0.00827323 0.414179 0.0653055 0.0250259 9.9919E-05 0.0531165 0.258847 9.9919E-05
9.9901E-05 9.9901E-05 0.01686 9.9901E-05 9.9901E-05 9.9901E-05 0.0136486 9.9901E-05 9.9901E-05 0.1278 0.0118068 9.9901E-05 9.9901E-05 9.9901E-05 9.9901E-05 0.0652896 0.748161 0.0153352
9.98651E-05 9.98651E-05 0.0049341 9.98651E-05 9.98651E-05 9.98651E-05 9.98651E-05 9.98651E-05 9.98651E-05 9.98651E-05 0.000809085 9.98651E-05 9.98651E-05 9.98651E-05 0.992759 9.98651E-05 9.98651E-05 9.98651E-05
9.9883E-05 0.0339809 9.9883E-05 0.0411103 9.9883E-05 9.9883E-05 9.9883E-05 9.9883E-05 9.9883E-05 9.9883E-05 9.9883E-05 9.9883E-05 0.0201291 9.9883E-05 0.879727 9.9883E-05 0.0237539 9.9883E-05
9.9892E-05 0.0521474 9.9892E-05 0.0101796 9.9892E-05 9.9892E-05 9.9892E-05 0.0172273 9.9892E-05 0.0243726 9.9892E-05 9.9892E-05 9.9892E-05 0.000686672 0.894188 9.9892E-05 9.9892E-05 9.9892E-05
9.9919E-05 9.9919E-05 0.0011744 0.0230928 9.9919E-05 9.9919E-05 0.00288542 0.0406477 0.0197423 0.146231 0.0152439 9.9919E-05 9.9919E-05 0.00235595 0.747728 9.9919E-05 9.9919E-05 9.9919E-05
9.9892E-05 9.9892E-05 9.9892E-05 9.9892E-05 9.9892E-05 9.9892E-05 9.9892E-05 0.00976421 9.9892E-05 9.9892E-05 0.00401069 9.9892E-05 9.9892E-05 0.0103542 0.917894 0.0554117 9.9892E-05 0.00136672
9.991E-05 9.991E-05 0.0352371 0.0286534 0.162527 9.991E-05 9.991E-05 9.991E-05 9.991E-05 9.991E-05 0.000959294 0.0449347 9.991E-05 9.991E-05 0.672307 9.991E-05 0.0416513 0.0127311
9.98561E-05 9.98561E-05 9.98561E-05 0.00960689 9.98561E-05 9.98561E-05 9.98561E-05 9.98561E-05 9.98561E-05 9.98561E-05 9.98561E-05 9.98561E-05 9.98561E-05 9.98561E-05 0.988795 9.98561E-05 9.98561E-05 9.98561E-05
0.0224443 0.0256287 9.9919E-05 9.9919E-05 0.0532122 0.103089 0.00234551 0.0363933 9.9919E-05 9.9919E-05 9.9919E-05 0.00642871 0.165867 9.9919E-05 0.583692 9.9919E-05 9.9919E-05 9.9919E-05
