9.9973E-05 0.0725789 9.9973E-05 9.9973E-05 0.927121
0.00651126 9.9991E-05 0.11481 0.0553261 0.823253
0.0667113 9.9991E-05 0.0967726 0.0132571 0.823159
0.0204865 9.9982E-05 0.120078 9.9982E-05 0.859235
0.0244058 9.9982E-05 0.12661 9.9982E-05 0.848784
9.9982E-05 0.0077403 0.101408 9.9982E-05 0.890651
9.9973E-05 9.9973E-05 0.0821636 9.9973E-05 0.917537
9.9982E-05 0.00340849 0.16745 9.9982E-05 0.828942
0.0410836 9.9991E-05 0.116968 0.0273016 0.814547
0.00888614 9.9991E-05 0.104963 0.0384252 0.847626
0.0300921 9.9982E-05 0.1337 9.9982E-05 0.836008
0.0164574 9.9991E-05 0.110589 0.00683307 0.86602
0.0117987 0.0263162 0.0954079 0.0540044 0.812473
0.0391709 0.0102245 0.135786 0.00385331 0.810965
0.0365899 9.9982E-05 0.0858975 9.9982E-05 0.877313
0.00330516 9.9982E-05 0.0981355 9.9982E-05 0.898359
9.9973E-05 9.9973E-05 9.9973E-05 0.0457921 0.953908
9.9973E-05 0.0772885 9.9973E-05 9.9973E-05 0.922412
9.9982E-05 0.0229635 9.9982E-05 0.046047 0.93079
9.9982E-05 0.0616341 9.9982E-05 0.0474819 0.890684
0.9996 9.997E-05 9.997E-05 9.997E-05 9.997E-05
0.875686 0.100103 0.0112969 9.9991E-05 0.0128145
0.843412 0.0583029 0.0361516 0.0173017 0.0448318
0.869542 0.116789 9.9982E-05 0.0134686 9.9982E-05
0.974972 9.9982E-05 9.9982E-05 0.0167674 0.00806097
0.970489 9.9982E-05 9.9982E-05 0.00895611 0.020355
0.831474 0.161029 0.00729703 9.9982E-05 9.9982E-05
0.989467 9.9973E-05 0.0102329 9.9973E-05 9.9973E-05
0.705136 0.0325964 0.166844 0.0953232 9.9991E-05
0.579104 0.163175 0.116094 0.121598 0.0200286
0.700551 9.9982E-05 0.212687 0.0865621 9.9982E-05
0.661876 0.119808 0.109656 0.0997819 0.00887817
0.662938 0.0723214 0.0884885 0.140533 0.0357192
0.612811 9.9991E-05 0.171864 0.209986 0.00523922
0.624029 9.9991E-05 0.119077 0.224439 0.032355
0.510952 9.9991E-05 0.243153 0.18521 0.060585
0.575422 0.179248 0.0784928 0.166738 9.9991E-05
0.0467407 0.826057 0.00697187 0.119492 0.000738632
9.9982E-05 0.692424 0.0480697 0.259306 9.9982E-05
0.0222022 0.756659 0.0555205 0.163142 0.00247721
0.0384484 0.731404 0.0505586 0.179489 9.9991E-05
0.0367628 0.803116 9.9991E-05 0.130239 0.029782
9.9991E-05 0.856218 0.017196 0.112645 0.013841
9.9991E-05 0.719101 0.146658 0.077993 0.0561479
0.0720228 0.782679 0.0136362 0.131562 9.9991E-05
0.0323015 0.823887 0.0419197 0.0397838 0.0621076
9.9973E-05 0.859625 9.9973E-05 0.140075 9.9973E-05
9.9973E-05 0.874414 9.9973E-05 0.125286 9.9973E-05
9.9982E-05 0.940791 9.9982E-05 0.0383858 0.0206238
0.0356852 0.781069 0.0747481 0.0997848 0.00871265
0.0209588 0.887622 0.00493064 0.0830553 0.00343312
0.0144925 0.89699 9.9982E-05 0.0883176 9.9982E-05
9.9973E-05 0.835358 9.9973E-05 0.164342 9.9973E-05
0.0285418 0.827618 9.9991E-05 0.109418 0.0343226
9.9991E-05 0.762221 0.0587819 0.141591 0.0373059
0.0229267 0.750337 0.0680516 0.110094 0.0485902
0.0225042 0.782623 0.0198755 0.109499 0.0654986
0.0693846 0.178239 0.0581426 0.664594 0.0296391
9.9973E-05 9.9973E-05 9.9973E-05 0.925561 0.0741394
0.0591886 0.044042 0.057254 0.784875 0.0546403
0.0227143 0.122429 0.0164006 0.798839 0.0396168
0.0177629 0.0664921 0.0389769 0.876668 9.9991E-05
0.0377366 0.0963552 0.0400968 0.775769 0.0500427
9.9991E-05 0.00232842 0.0425249 0.905507 0.0495401
0.023121 0.0527784 9.9982E-05 0.923901 9.9982E-05
0.00371214 0.0744673 0.0658366 0.738121 0.117863
0.113406 0.0316957 0.0551563 0.747754 0.0519884
0.0649741 0.0251349 0.0927391 0.789901 0.0272509
0.137526 9.9991E-05 0.0154938 0.816194 0.030686
0.0737524 9.9991E-05 0.0460221 0.823305 0.0568203
9.9973E-05 0.0999556 9.9973E-05 0.899744 9.9973E-05
0.0504992 0.138074 9.9991E-05 0.786803 0.0245236
0.0655529 0.0200912 0.0341115 0.851557 0.028687
0.103746 9.9991E-05 0.171469 0.697594 0.0270917
0.112253 0.321266 9.9982E-05 0.566281 9.9982E-05
0.0543129 0.220602 0.0199512 0.643911 0.0612229
9.9982E-05 0.437139 9.9982E-05 0.496291 0.0663703
9.9982E-05 0.0403547 9.9982E-05 0.92978 0.0296657
0.0432326 0.138669 0.0723481 0.693717 0.0520338
0.00385064 0.0762915 0.0638326 0.855925 9.9991E-05
0.0513049 0.143955 9.9991E-05 0.737844 0.066796
0.108296 0.0194683 0.106875 0.704636 0.0607257
9.9982E-05 0.0548522 9.9982E-05 0.871804 0.0731436
0.00633807 0.293586 0.215193 0.456302 0.02858
9.9982E-05 0.241928 0.581937 0.175934 9.9982E-05
0.0518686 0.0694178 0.264764 0.604866 0.00908362
0.00888786 0.104904 0.134312 0.701717 0.0501795
0.0164965 0.172976 0.116724 0.693704 9.9991E-05
0.0440021 0.142193 0.0414899 0.742132 0.0301835
0.00945569 9.9991E-05 0.0528331 0.888895 0.048716
0.0321784 0.161926 0.0152917 0.726003 0.0646013
9.9982E-05 0.0887871 0.0774344 0.833579 9.9982E-05
0.0703113 9.9991E-05 0.22918 0.639695 0.0607141
0.118146 0.0161103 0.147654 0.660412 0.0576775
0.0125556 0.0189259 0.206996 0.738762 0.0227611
0.0972733 0.0357583 0.126478 0.649654 0.0908365
9.9991E-05 0.0834142 0.146739 0.725572 0.0441741
0.023178 0.143782 9.9991E-05 0.802788 0.0301519
0.100199 9.9982E-05 9.9982E-05 0.871506 0.0280946
9.9982E-05 0.0818007 9.9982E-05 0.867653 0.0503465
0.114703 9.9991E-05 0.0772572 0.774443 0.033497
9.9982E-05 9.9982E-05 0.197298 0.781714 0.0207882
0.0718485 0.0596883 0.0188342 0.829582 0.0200471
9.9982E-05 9.9982E-05 0.0336767 0.906233 0.0598904
0.0553292 0.00328973 0.14028 0.727493 0.0736084
0.0318545 0.080686 0.00796099 0.855616 0.0238822
0.000859389 0.084493 0.0898723 0.737996 0.0867797
9.9991E-05 0.137952 0.0779135 0.761063 0.022971
0.027524 0.0309483 0.113284 0.76274 0.0655038
0.14348 0.0856483 0.00179416 0.731303 0.0377747
9.9991E-05 0.0770281 0.00714157 0.894791 0.0209388
9.9982E-05 9.9982E-05 0.0246568 0.969891 0.00525222
0.0250665 0.118517 0.00466732 0.851649 9.9991E-05
0.0185453 0.0462303 0.128904 0.76713 0.0391904
0.0923185 9.9991E-05 0.161617 0.689916 0.0560484
0.0901764 0.0815586 0.0499638 0.723354 0.0549471
0.0126278 0.111243 0.00874011 0.795621 0.0717677
0.0136435 0.171398 9.9991E-05 0.786192 0.0286667
9.9991E-05 0.00629422 0.162863 0.78046 0.0502822
9.9991E-05 0.113909 0.0857839 0.712077 0.0881299
0.178522 9.9991E-05 0.231626 0.542563 0.0471887
0.206048 0.014146 0.21691 0.562797 9.9991E-05
0.219299 9.9991E-05 0.210671 0.526974 0.0429557
0.18346 9.9991E-05 0.265623 0.496655 0.0541612
0.143318 9.9991E-05 0.281679 0.509262 0.06564
0.235056 9.9991E-05 0.255764 0.490781 0.0182988
0.250225 0.0415737 0.219387 0.454995 0.0338186
0.241707 9.9991E-05 0.202754 0.475349 0.0800898
0.186732 0.141865 0.204764 0.433578 0.033061
0.2068 9.9991E-05 0.275442 0.49797 0.0196878
0.236797 0.059179 0.16594 0.537984 9.9991E-05
0.0352526 0.063996 0.808071 0.084419 0.0082619
0.0761597 0.0696899 0.724855 0.107271 0.0220237
0.0178138 0.0404572 0.832096 0.0468693 0.0627635
0.0429908 0.208714 0.682649 9.9991E-05 0.0655458
0.0756307 0.165433 0.701006 9.9991E-05 0.05783
0.0213141 0.0916453 0.76526 0.0667151 0.055065
0.0939004 0.133349 0.74918 9.9991E-05 0.02347
0.0649485 0.0722937 0.781655 0.0810027 9.9991E-05
0.0919235 0.0343677 0.725106 0.0482169 0.100386
0.0627287 0.171124 0.68202 0.0664521 0.0176749
0.0846461 0.144506 0.692163 0.0405881 0.0380968
9.9982E-05 0.174492 0.756484 9.9982E-05 0.0688237
0.0451083 0.0669655 0.795759 0.0458947 0.0462721
9.9991E-05 0.0211996 0.857787 0.10945 0.0114633
0.01392 9.9991E-05 0.839317 0.0502374 0.0964257
0.0445159 9.9982E-05 0.874467 9.9982E-05 0.0808168
0.0039189 0.0915833 0.806207 0.05529 0.0430004
9.9991E-05 0.0950674 0.768633 0.0444981 0.0917013
0.0169324 0.113421 0.798587 9.9991E-05 0.0709599
0.00472985 0.0176749 0.878803 0.0457325 0.0530598
0.0524483 9.9991E-05 0.870668 0.0155358 0.0612475
0.0798017 0.0834897 0.727482 0.0730742 0.0361528
9.9982E-05 9.9982E-05 0.952244 0.0266574 0.020899
0.0329111 0.090174 0.818559 9.9991E-05 0.0582562
0.0736303 9.9982E-05 0.866576 9.9982E-05 0.0595939
0.104307 9.9991E-05 0.834731 0.0175887 0.043273
0.0879688 0.0154042 0.850225 9.9991E-05 0.0463023
9.9991E-05 0.000473278 0.863903 0.0362646 0.0992589
0.0549679 0.000203748 0.82445 0.0624041 0.0579738
0.0741668 0.126823 0.79881 9.9982E-05 9.9982E-05
9.9982E-05 0.135422 0.846707 0.0176707 9.9982E-05
0.0633523 0.108891 0.75494 0.00545534 0.0673615
0.0835922 0.153004 0.752449 0.0108548 9.9991E-05
0.0566516 0.0347567 0.860591 0.0461001 0.00190085
0.0671037 0.0304481 0.83665 0.00691691 0.0588809
0.093751 0.722957 0.172455 9.9991E-05 0.0107372
0.153013 0.651213 0.167203 9.9991E-05 0.0284704
0.106919 0.624771 0.188591 9.9991E-05 0.0796186
0.0952654 0.599273 0.202608 9.9991E-05 0.102753
0.114245 0.736007 0.0725735 9.9991E-05 0.0770753
0.141427 0.822588 0.0357849 9.9982E-05 9.9982E-05
0.107995 0.804754 0.0861542 9.9991E-05 0.000996303
0.218542 0.636641 0.0703412 9.9991E-05 0.074376
