0.0252257 9.9982E-05 0.954281 9.9982E-05 0.020293
9.999E-05 0.0486844 0.790529 0.150046 0.0106405
9.9982E-05 9.9982E-05 0.818845 0.0853636 0.0955913
9.9982E-05 9.9982E-05 0.855302 0.139995 0.00450316
9.999E-05 0.00356517 0.876315 0.0940832 0.0259364
9.9973E-05 9.9973E-05 0.884168 0.115532 9.9973E-05
9.9973E-05 9.9973E-05 0.926881 0.0728188 9.9973E-05
0.00398027 0.0111245 0.86274 0.103315 0.0188403
0.0014696 0.00232844 0.813596 0.114398 0.0682077
0.0181748 9.9991E-05 0.870655 0.0733763 0.0376939
9.999E-05 0.0601918 0.790295 0.142805 0.00660841
9.9982E-05 0.0103369 0.849451 0.140012 9.9982E-05
9.9991E-05 0.0460314 0.791069 0.101959 0.0608404
0.0594188 9.9991E-05 0.792147 0.1088 0.0395341
9.999E-05 0.0166577 0.856917 0.0969032 0.0294223
9.9982E-05 0.00304354 0.894682 0.102075 9.9982E-05
9.9973E-05 0.0493544 0.950346 9.9973E-05 9.9973E-05
0.0835638 9.9973E-05 0.916136 9.9973E-05 9.9973E-05
0.0368146 0.031951 0.931034 9.9982E-05 9.9982E-05
0.0443819 0.0396019 0.91045 9.9991E-05 0.00546658
9.997E-05 9.997E-05 9.997E-05 9.997E-05 0.9996
0.128421 9.9982E-05 9.9982E-05 0.0431022 0.828277
0.0678175 9.9991E-05 0.0417785 0.0764807 0.813823
0.130716 0.0129283 9.9982E-05 9.9982E-05 0.856156
9.9991E-05 0.0055186 0.00726453 0.00629699 0.98082
9.9973E-05 0.00736485 9.9973E-05 9.9973E-05 0.992335
0.172196 9.9973E-05 9.9973E-05 9.9973E-05 0.827504
9.9973E-05 9.9973E-05 9.9973E-05 0.00252737 0.997173
0.0349439 0.0521613 9.99939E-05 0.222552 0.690243
0.162823 0.123054 0.012694 0.11722 0.584209
9.9982E-05 0.0541117 9.9982E-05 0.231679 0.714009
0.119452 0.0987999 9.9991E-05 0.111587 0.670061
0.0827792 0.0950183 0.0142717 0.144415 0.663516
0.0193836 0.173514 9.9991E-05 0.176022 0.63098
9.9991E-05 0.224089 0.0336872 0.126917 0.615207
9.9991E-05 0.200028 0.0482639 0.25702 0.494588
0.176661 0.163755 0.0138717 0.0666883 0.579024
0.854751 0.0872891 9.9991E-05 0.0210142 0.0368456
0.761456 0.214599 9.9991E-05 0.0158589 0.0079858
0.788706 0.120837 0.0225313 0.0678256 9.9991E-05
0.738262 0.118553 0.00218846 0.088003 0.0529936
0.794918 0.140324 0.0333855 0.029054 0.00231826
0.852968 0.122677 0.00471997 9.9991E-05 0.0195352
0.709789 0.116541 0.0513598 0.12221 9.9991E-05
0.819878 0.141519 9.9982E-05 9.9982E-05 0.0384026
0.79789 0.0349013 0.0488215 0.0701588 0.0482282
0.888663 0.111037 9.9973E-05 9.9973E-05 9.9973E-05
0.848818 0.138873 9.9982E-05 0.0121093 9.9982E-05
0.961127 0.0329369 0.00573565 9.9982E-05 9.9982E-05
0.837799 0.0924469 9.9991E-05 0.0597805 0.00987394
0.880273 0.0992932 0.00407562 0.000211556 0.0161467
0.862766 0.104438 0.0207459 0.00793879 0.00411084
0.828754 0.141926 9.9991E-05 0.0289065 0.000313138
0.867083 0.0743798 0.0518341 9.9991E-05 0.00660314
0.760771 0.15221 0.0274247 0.0571986 0.00239597
0.735574 0.125333 0.031976 0.0885026 0.0186141
0.76737 0.128138 0.0719377 9.9991E-05 0.0324548
0.20166 0.662641 0.0223009 0.086706 0.0266926
9.9991E-05 0.895465 0.0771175 0.000565336 0.026752
0.0387191 0.787305 0.0555085 0.0672825 0.0511854
0.136336 0.791381 0.0541935 9.9991E-05 0.0179898
0.0496574 0.878833 9.9991E-05 0.0651185 0.00629152
0.115133 0.778836 0.0562941 0.0496371 9.9991E-05
9.9991E-05 0.905385 0.026714 0.0436813 0.0241202
0.0530905 0.894708 9.9982E-05 9.9982E-05 0.052002
0.0950501 0.749462 0.0851475 0.0698778 0.000462261
0.136213 0.719582 0.0405964 0.0237261 0.079883
0.0474507 0.81874 0.0172273 0.0739164 0.0426661
0.0393955 0.8373 0.0147075 0.000994347 0.107602
9.9991E-05 0.827888 0.0584471 0.0773867 0.0361786
0.114505 0.850313 0.0217475 9.9991E-05 0.0133343
0.165629 0.79905 9.9991E-05 0.0140794 0.0211411
0.0336985 0.837588 0.0231888 9.9991E-05 0.105425
0.0202648 0.697523 9.9991E-05 0.162605 0.119508
0.345118 0.551474 9.9982E-05 9.9982E-05 0.103208
0.249968 0.64238 0.0219728 9.9991E-05 0.0855789
0.442822 0.482389 0.0745892 9.9982E-05 9.9982E-05
9.9982E-05 0.970947 0.00104498 0.0278078 9.9982E-05
0.155801 0.705052 0.0379625 0.061172 0.0400134
0.123944 0.798927 9.9991E-05 0.0613246 0.0157046
0.17896 0.703327 0.0413751 9.9991E-05 0.0762381
0.0746865 0.756514 0.0619463 0.0494287 0.0574241
0.0851249 0.875475 0.0392004 9.9982E-05 9.9982E-05
0.360497 0.459215 0.0186532 0.161535 9.9991E-05
0.289303 0.160289 9.9982E-05 0.550208 9.9982E-05
0.0868675 0.604192 0.0159962 0.227276 0.0656681
0.175355 0.644321 0.0465193 0.0986189 0.0351853
0.168223 0.693427 9.9991E-05 0.135374 0.00287628
0.137405 0.755198 0.0268744 0.0379741 0.0425484
0.0542327 0.924204 9.9991E-05 0.017705 0.00375872
0.122538 0.748103 0.0403131 0.0742324 0.0148133
0.141396 0.775241 9.9991E-05 0.0686658 0.0145967
9.9991E-05 0.673035 0.0354283 0.240121 0.0513151
0.0399843 0.641979 0.0710965 0.133686 0.113254
9.9991E-05 0.715682 0.0465647 0.201952 0.0357021
0.038678 0.644093 0.0814247 0.178432 0.0573722
0.0928066 0.705922 0.0145801 0.186591 9.9991E-05
0.146834 0.808073 0.0323495 0.0126438 9.9991E-05
0.0757169 0.819903 0.025348 9.9991E-05 0.0789321
0.0851698 0.89341 0.02122 9.9982E-05 9.9982E-05
0.0627405 0.766758 0.000400175 0.0786383 0.0914626
0.0427858 0.806246 0.00920499 0.140056 0.00170743
0.118801 0.836696 9.9982E-05 9.9982E-05 0.0443023
9.9982E-05 0.926488 0.035637 0.0376751 9.9982E-05
9.9991E-05 0.746448 0.0685046 0.142877 0.0420704
0.0964845 0.822758 0.0421157 0.00819041 0.0304511
0.102575 0.701115 0.0796165 0.102557 0.0141367
0.217574 0.761544 0.00344956 0.0173318 9.9991E-05
0.0184415 0.785881 0.0221492 0.154436 0.0190928
0.0910215 0.739755 0.0086382 0.0184012 0.142184
0.119516 0.874446 0.0016603 0.00427709 9.9991E-05
9.9982E-05 0.96254 0.022698 0.0145622 9.9982E-05
0.100875 0.885512 9.9982E-05 0.0134128 9.9982E-05
0.0212397 0.775626 0.0263728 0.176662 9.9991E-05
9.9991E-05 0.733202 0.0473891 0.161876 0.0574332
0.0721456 0.728151 0.0680324 0.0637764 0.0678947
0.14097 0.8039 0.0549295 9.9982E-05 9.9982E-05
0.156698 0.77928 0.036063 9.9991E-05 0.0278582
9.9982E-05 0.810731 0.0583286 0.130741 9.9982E-05
0.113506 0.717736 0.0649475 0.103711 9.9991E-05
9.9991E-05 0.565329 0.0091681 0.246186 0.179217
0.013335 0.558864 9.9991E-05 0.241461 0.18624
9.9991E-05 0.533663 0.0275998 0.209858 0.228779
9.9991E-05 0.510043 0.0457021 0.229593 0.214561
0.011292 0.51617 0.0491354 0.276665 0.146737
9.9991E-05 0.481265 0.0152821 0.26895 0.234403
0.0372011 0.454652 0.031482 0.243148 0.233517
9.9991E-05 0.484851 0.0925445 0.177334 0.245171
0.15689 0.439326 0.0129051 0.203601 0.187279
9.9982E-05 0.496604 9.9982E-05 0.323346 0.17985
0.0554936 0.502833 9.9991E-05 0.181372 0.260201
0.0512073 0.0462487 0.0142598 0.858014 0.03027
0.108638 0.0743261 0.0102749 0.770863 0.0358977
0.0792407 0.0466981 0.0177904 0.836628 0.0196432
0.211307 9.9991E-05 0.0513806 0.69201 0.0452026
0.155609 0.0226121 0.0401737 0.779373 0.00223263
0.0882547 0.0590458 0.0562108 0.777696 0.0187925
0.0980486 9.9991E-05 0.0130847 0.829062 0.0597046
0.0288057 0.106386 9.9991E-05 0.794541 0.0701672
0.0945826 0.0551099 0.0672788 0.739845 0.0431836
0.21322 0.0420993 9.9991E-05 0.690547 0.0540331
0.124021 0.0507974 0.0375011 0.692994 0.0946868
0.179604 9.9982E-05 0.0782028 0.741993 9.9982E-05
0.0770551 0.0219459 0.048667 0.818547 0.0337851
0.0378655 0.117699 0.0353041 0.809032 9.9991E-05
9.9991E-05 0.059727 0.0806368 0.836165 0.0233708
9.9991E-05 0.0275377 0.0876754 0.872344 0.0123433
0.132287 0.0306102 9.9982E-05 0.836903 9.9982E-05
0.0414278 0.0517209 0.052089 0.820484 0.0342783
0.102011 9.9991E-05 0.0569306 0.791281 0.0496775
0.0569909 9.9991E-05 0.0333342 0.854611 0.0549641
9.9982E-05 9.9982E-05 0.0939484 0.862751 0.0431007
0.0743307 0.0695613 0.0247012 0.78908 0.0423265
9.9982E-05 0.0192881 0.0194876 0.961024 9.9982E-05
0.0630836 0.00281462 0.0561872 0.854672 0.023243
9.9982E-05 9.9982E-05 0.0566398 0.872027 0.0711331
9.9991E-05 0.0418655 0.0319867 0.805764 0.120283
0.0516555 0.0181981 0.0177779 0.8692 0.0431686
9.9982E-05 0.0438179 0.0985814 0.857401 9.9982E-05
0.0190562 0.0814107 0.0587321 0.825948 0.0148527
0.160579 0.0024952 9.9991E-05 0.833847 0.0029791
0.169706 9.9973E-05 9.9973E-05 0.829994 9.9973E-05
0.134146 9.9991E-05 0.0550863 0.758984 0.0516839
0.124188 9.9991E-05 0.0253603 0.784623 0.065729
0.00336625 0.0301818 0.0244163 0.895388 0.0466472
0.0353325 9.9991E-05 0.0622651 0.840401 0.061901
0.714513 9.9991E-05 0.000880732 0.186749 0.097757
0.670262 9.9991E-05 0.0317177 0.19416 0.10376
0.654062 9.9991E-05 0.0748742 0.11733 0.153634
0.654761 9.9991E-05 0.0894062 0.173391 0.0823417
0.672025 9.9991E-05 0.0621492 0.164916 0.10081
0.769613 9.9982E-05 9.9982E-05 0.0982575 0.13193
0.805955 9.9982E-05 9.9982E-05 0.0743224 0.119522
0.624975 9.9991E-05 0.081731 0.0747824 0.218412
