0	0.302379	0.319443	0.315061	0.206029	0.309595	0.309357	0.313795	0.316746	0.312895	0.308117	0.3004	0.30214	0.303577	0.310616	0.337646	0.343573	0.337272	0.338969	0.336921	0.334117	0.339184	0.335971	0.333529	0.33485	0.33731	0.339588	0.357776	0.336262	0.33419	0.341274	0.350362	0.342314	0.334392	0.332555	0.335882	0.331465	0.330647	0.32818	0.334249	0.328868	0.33085	0.338172	0.338076	0.32552	0.338248	0.329054	0.335759	0.330947	0.324713	0.331221	0.336957	0.33268	0.332499	0.343052	0.328351	0.334158	0.339116	0.339093	0.33161	0.329445	0.341181	0.33528	0.336985	0.332751	0.327101	0.333129	0.329667	0.330554	0.344243	0.331896	0.337496	0.330732	0.330088	0.326732	0.335621	0.330706	0.334417	0.333369	0.332958	0.345013	0.334083	0.330137	0.331634	0.341216	0.338967	0.339208	0.339074	0.342102	0.330159	0.341496	0.334177	0.333405	0.333641	0.339306	0.334787	0.32564	0.323986	0.328614	0.336856	0.334799	0.336012	0.336903	0.340706	0.330317	0.332875	0.338071	0.335899	0.337641	0.332853	0.334036	0.33656	0.339266	0.339517	0.341869	0.342325	0.336315	0.338708	0.332734	0.336762	0.336617	0.331921	0.338875	0.34008	0.336913	0.339738	0.337322	0.336719	0.344454	0.342084	0.351148	0.339458	0.336209	0.345414	0.348232	0.360376	0.361409	0.343994	0.356129	0.34597	0.35194	0.362019	0.343625	0.343884	0.341366	0.339241	0.337215	0.343146	0.339519	0.354581	0.348183	0.349445	0.34033	0.344901	0.346466
0.302379	0	0.311955	0.299599	0.30135	0.304421	0.304688	0.299471	0.307919	0.306518	0.296851	0.300278	0.296776	0.311783	0.304234	0.328232	0.341657	0.332763	0.328513	0.329506	0.323899	0.330237	0.331664	0.327549	0.32414	0.326415	0.329011	0.351306	0.33323	0.333924	0.337335	0.338306	0.329395	0.327909	0.334085	0.329535	0.325803	0.328607	0.330083	0.324832	0.330013	0.319832	0.336284	0.329604	0.331974	0.328915	0.332069	0.326808	0.323694	0.324956	0.32493	0.329889	0.331681	0.326453	0.325957	0.328158	0.335905	0.320646	0.320248	0.336147	0.321913	0.336894	0.330211	0.32749	0.331985	0.325707	0.326424	0.327132	0.322222	0.330647	0.329652	0.327028	0.323746	0.331726	0.321338	0.330849	0.320175	0.328706	0.326958	0.323485	0.336989	0.328607	0.325393	0.32217	0.328615	0.332731	0.331108	0.340688	0.340586	0.331852	0.332702	0.332662	0.325676	0.321863	0.337187	0.32273	0.333227	0.327427	0.328825	0.319906	0.334762	0.327079	0.329904	0.326848	0.33309	0.328041	0.33796	0.334784	0.332052	0.326908	0.327083	0.334554	0.330797	0.341287	0.338164	0.335889	0.328543	0.333807	0.329466	0.335648	0.331959	0.321959	0.339172	0.34124	0.33653	0.334588	0.330864	0.333751	0.334152	0.337318	0.345935	0.327273	0.329781	0.336479	0.339985	0.354147	0.351347	0.334255	0.356168	0.337117	0.347958	0.357222	0.341605	0.338968	0.343786	0.335685	0.335192	0.340421	0.329176	0.349338	0.348372	0.350837	0.332263	0.329359	0.347965
0.319443	0.311955	0	0.309901	0.307759	0.309881	0.311729	0.306106	0.313883	0.310181	0.307566	0.292182	0.297084	0.307095	0.304462	0.340859	0.343754	0.328083	0.337091	0.335981	0.335608	0.326885	0.339331	0.336748	0.337684	0.334413	0.341797	0.357779	0.336038	0.337409	0.337163	0.343843	0.33704	0.336325	0.333531	0.334536	0.332405	0.333351	0.326143	0.332745	0.330917	0.329839	0.337056	0.341104	0.333438	0.336273	0.338124	0.334625	0.330486	0.328357	0.330649	0.334388	0.330996	0.336901	0.329631	0.332036	0.335189	0.334293	0.329267	0.336105	0.327069	0.334193	0.331062	0.33576	0.332454	0.332935	0.329532	0.334373	0.330112	0.344037	0.336842	0.334119	0.332628	0.341915	0.325707	0.328596	0.328051	0.336237	0.333805	0.335109	0.344643	0.342769	0.325832	0.33577	0.335676	0.335311	0.338414	0.342117	0.337609	0.341757	0.341424	0.331475	0.335614	0.330268	0.342476	0.330509	0.331869	0.33193	0.332021	0.334197	0.32829	0.334978	0.329227	0.331117	0.331625	0.330787	0.348585	0.337613	0.335409	0.335083	0.337597	0.340269	0.333066	0.338131	0.33106	0.345218	0.330756	0.331309	0.328151	0.338238	0.341398	0.339529	0.334671	0.334646	0.335668	0.337934	0.335949	0.337521	0.336097	0.334122	0.349766	0.347351	0.335818	0.343434	0.345337	0.356571	0.355382	0.340929	0.348136	0.344808	0.342847	0.359199	0.350277	0.335832	0.342331	0.341028	0.34348	0.343304	0.340587	0.354795	0.349375	0.348443	0.337279	0.334471	0.347931
0.315061	0.299599	0.309901	0	0.310149	0.298601	0.301868	0.288283	0.312164	0.308911	0.3037	0.298027	0.303786	0.305894	0.304433	0.330445	0.347647	0.336539	0.331729	0.331492	0.330435	0.329365	0.339767	0.333594	0.33034	0.334834	0.340733	0.355709	0.333562	0.335033	0.340716	0.354744	0.340229	0.333416	0.337316	0.324561	0.327453	0.333121	0.328245	0.325997	0.320626	0.331203	0.326275	0.325568	0.333019	0.33279	0.331442	0.327912	0.323278	0.329321	0.327033	0.336066	0.331418	0.336712	0.339168	0.326593	0.330946	0.333266	0.324768	0.329085	0.329058	0.332381	0.329627	0.330413	0.330751	0.328179	0.326911	0.332546	0.324632	0.338204	0.330391	0.324086	0.32832	0.327066	0.324152	0.327801	0.326933	0.340069	0.325732	0.329092	0.336876	0.334354	0.32307	0.327456	0.329508	0.338604	0.335044	0.335392	0.341273	0.33801	0.335026	0.331092	0.334578	0.324711	0.329184	0.327733	0.324901	0.327445	0.332262	0.328289	0.33242	0.332863	0.33443	0.331861	0.329805	0.324676	0.345816	0.33968	0.328919	0.326567	0.335506	0.337321	0.335642	0.331674	0.338459	0.336617	0.331713	0.331918	0.33657	0.341339	0.334904	0.332468	0.33241	0.334054	0.334909	0.331095	0.341327	0.32924	0.334394	0.339706	0.349078	0.337496	0.332099	0.331064	0.349291	0.35698	0.346959	0.334501	0.350128	0.344802	0.344835	0.358725	0.350324	0.338204	0.340566	0.341015	0.335099	0.336217	0.336817	0.352983	0.349075	0.339525	0.330064	0.335471	0.346378
0.206029	0.30135	0.307759	0.310149	0	0.30492	0.301397	0.306486	0.308883	0.309184	0.306397	0.289183	0.303532	0.300359	0.309145	0.332082	0.336518	0.337151	0.333061	0.33246	0.32621	0.330563	0.333571	0.33523	0.32821	0.335425	0.330316	0.352489	0.329472	0.328637	0.336732	0.3444	0.338615	0.327549	0.329561	0.338718	0.319913	0.32687	0.323184	0.33129	0.31926	0.327312	0.334934	0.327795	0.328755	0.331319	0.332121	0.331828	0.322686	0.329184	0.318206	0.338042	0.327952	0.334028	0.33571	0.33224	0.327843	0.336348	0.3308	0.328744	0.325658	0.338608	0.336271	0.331607	0.336154	0.326588	0.324822	0.328387	0.328527	0.343599	0.32883	0.339634	0.329457	0.329819	0.325656	0.328518	0.320353	0.333124	0.326728	0.326499	0.340442	0.328163	0.329499	0.329349	0.320694	0.338708	0.333202	0.334671	0.348759	0.334446	0.332151	0.327969	0.333779	0.334077	0.335594	0.329177	0.334159	0.324301	0.33725	0.334525	0.330414	0.331534	0.335048	0.336711	0.323457	0.325863	0.341756	0.333272	0.333629	0.330354	0.32946	0.335754	0.340388	0.33998	0.332284	0.342299	0.331756	0.335358	0.330801	0.330948	0.333279	0.334129	0.333262	0.335821	0.337317	0.335034	0.330846	0.332704	0.346088	0.335532	0.341884	0.329547	0.331833	0.337127	0.341046	0.354616	0.357586	0.339553	0.351681	0.339866	0.351514	0.353094	0.33791	0.343134	0.335825	0.332547	0.339899	0.343389	0.338147	0.35185	0.354172	0.346568	0.338746	0.334806	0.341201
0.309595	0.304421	0.309881	0.298601	0.30492	0	0.303916	0.304984	0.308905	0.314684	0.299394	0.294924	0.296595	0.302938	0.299556	0.337796	0.34822	0.333761	0.329907	0.331003	0.334074	0.333417	0.334048	0.336697	0.337559	0.328779	0.33842	0.367351	0.330814	0.334631	0.338794	0.349836	0.329374	0.331426	0.335684	0.327652	0.326963	0.328244	0.318759	0.329334	0.326872	0.323354	0.332292	0.331522	0.327407	0.322354	0.332437	0.324157	0.318714	0.32415	0.324324	0.326975	0.329418	0.325743	0.335152	0.330758	0.332855	0.336557	0.326824	0.333852	0.331078	0.331943	0.332622	0.324265	0.331433	0.323635	0.324064	0.334557	0.320628	0.339769	0.331695	0.328529	0.324927	0.325779	0.32294	0.327657	0.32448	0.327718	0.325649	0.329032	0.331355	0.331442	0.324242	0.327792	0.324626	0.344074	0.329314	0.329342	0.333411	0.331354	0.329281	0.32525	0.335472	0.330063	0.335223	0.32902	0.319531	0.32595	0.329854	0.324055	0.32866	0.328937	0.327201	0.327476	0.324603	0.323811	0.336441	0.343364	0.328755	0.329296	0.332961	0.332294	0.335101	0.320381	0.339933	0.340411	0.328713	0.332796	0.332424	0.331406	0.330532	0.323277	0.327082	0.330543	0.336343	0.333152	0.332556	0.330996	0.331744	0.337569	0.345522	0.332188	0.329616	0.328273	0.339155	0.360193	0.350391	0.337421	0.35327	0.343696	0.343689	0.362462	0.340481	0.345622	0.334502	0.343796	0.334928	0.340613	0.339644	0.349983	0.340222	0.34478	0.330307	0.333456	0.343983
0.309357	0.304688	0.311729	0.301868	0.301397	0.303916	0	0.307931	0.309275	0.304946	0.309132	0.306521	0.29845	0.308187	0.304919	0.333405	0.347957	0.330415	0.325947	0.331136	0.327614	0.324144	0.336546	0.333246	0.331134	0.330591	0.331482	0.353922	0.32753	0.333263	0.333009	0.344169	0.33573	0.326027	0.336649	0.329448	0.322204	0.331802	0.320909	0.328387	0.330095	0.325763	0.332285	0.329329	0.329271	0.331316	0.334981	0.336118	0.326873	0.32565	0.325344	0.331359	0.33045	0.335883	0.33183	0.331851	0.330786	0.329256	0.331982	0.327283	0.328028	0.337786	0.327074	0.318354	0.331875	0.326414	0.319978	0.332721	0.326582	0.33815	0.330514	0.33247	0.326701	0.333479	0.322657	0.332866	0.324976	0.334844	0.326692	0.326373	0.334665	0.330699	0.330941	0.331461	0.327292	0.342759	0.32798	0.335735	0.340834	0.337866	0.326434	0.33269	0.332145	0.328817	0.332866	0.335541	0.323905	0.330836	0.336169	0.326277	0.335587	0.333758	0.326386	0.334638	0.331751	0.328945	0.337838	0.330873	0.330664	0.330454	0.329231	0.336758	0.334141	0.333941	0.332355	0.337869	0.329272	0.330084	0.330825	0.335475	0.324476	0.332747	0.328221	0.32915	0.333797	0.338361	0.332496	0.328092	0.338351	0.333227	0.358296	0.329632	0.329666	0.327553	0.337203	0.35488	0.351366	0.341508	0.36183	0.344548	0.346069	0.349653	0.350493	0.33932	0.334039	0.341294	0.340897	0.336172	0.338531	0.342968	0.349469	0.34259	0.330046	0.346581	0.337744
0.313795	0.299471	0.306106	0.288283	0.306486	0.304984	0.307931	0	0.312142	0.30718	0.304068	0.295476	0.298085	0.308282	0.297288	0.335913	0.346824	0.328648	0.335353	0.331979	0.330458	0.333648	0.338588	0.332166	0.329094	0.336346	0.33421	0.357319	0.329939	0.335358	0.333191	0.351026	0.334573	0.336362	0.331567	0.331678	0.326333	0.33335	0.328119	0.334879	0.321936	0.324556	0.33862	0.332511	0.331855	0.32872	0.335353	0.334139	0.323517	0.318735	0.328285	0.330876	0.32662	0.336226	0.335161	0.331429	0.329771	0.339276	0.329345	0.332706	0.332402	0.340942	0.333774	0.331455	0.324449	0.332886	0.324573	0.332076	0.325215	0.335788	0.330021	0.327329	0.330074	0.331334	0.328361	0.3319	0.326993	0.335992	0.329633	0.333459	0.340924	0.326251	0.32415	0.332325	0.327467	0.339719	0.330587	0.340369	0.338918	0.33451	0.337218	0.33402	0.331439	0.337274	0.336119	0.330867	0.337419	0.324276	0.328252	0.329131	0.337242	0.331911	0.326033	0.332301	0.326313	0.327363	0.343081	0.343156	0.329183	0.327501	0.328451	0.338049	0.334164	0.337057	0.331881	0.346095	0.329476	0.331814	0.3351	0.336939	0.332422	0.330224	0.335113	0.3366	0.333439	0.340051	0.338397	0.333125	0.332689	0.335861	0.352633	0.331399	0.331934	0.330425	0.344524	0.35616	0.354712	0.341089	0.353749	0.346781	0.33884	0.353579	0.34508	0.344945	0.338743	0.347134	0.343044	0.340623	0.336827	0.362021	0.354949	0.3358	0.336511	0.334754	0.340325
0.316746	0.307919	0.313883	0.312164	0.308883	0.308905	0.309275	0.312142	0	0.315995	0.31004	0.302235	0.310203	0.309687	0.303057	0.333994	0.350308	0.344127	0.33444	0.331032	0.332281	0.336958	0.337772	0.341144	0.328598	0.339715	0.345847	0.360265	0.335912	0.336501	0.337356	0.354667	0.339584	0.325778	0.333931	0.335938	0.33563	0.339204	0.325809	0.325456	0.336403	0.331516	0.333403	0.328734	0.329408	0.32982	0.340632	0.337268	0.327757	0.331865	0.327706	0.341421	0.332144	0.337421	0.338046	0.333823	0.337993	0.331123	0.328924	0.332146	0.338579	0.328445	0.336365	0.329828	0.333955	0.325465	0.331045	0.333929	0.326324	0.335478	0.336516	0.331886	0.328429	0.326066	0.326583	0.333189	0.33109	0.340693	0.330566	0.334796	0.337158	0.336278	0.328302	0.33001	0.333884	0.339612	0.333463	0.342334	0.340426	0.335444	0.33704	0.33809	0.321633	0.334813	0.334914	0.327342	0.333135	0.327502	0.334328	0.332595	0.332843	0.327728	0.335109	0.33502	0.333527	0.331663	0.345055	0.340353	0.334164	0.337108	0.339542	0.336701	0.333801	0.342232	0.338301	0.337564	0.338932	0.337529	0.326422	0.335535	0.336853	0.33919	0.332033	0.337996	0.348404	0.340774	0.336623	0.338488	0.338662	0.33688	0.35178	0.337055	0.336269	0.337236	0.338479	0.35496	0.356291	0.340391	0.355115	0.334982	0.353225	0.356592	0.352132	0.349066	0.336526	0.344196	0.342352	0.341789	0.341676	0.364738	0.350898	0.342803	0.338119	0.339953	0.349024
0.312895	0.306518	0.310181	0.308911	0.309184	0.314684	0.304946	0.30718	0.315995	0	0.305022	0.295737	0.302342	0.312454	0.303921	0.336182	0.353495	0.340685	0.339553	0.339531	0.338325	0.338033	0.338504	0.340669	0.334596	0.343005	0.340982	0.359791	0.33757	0.337313	0.344156	0.349233	0.340289	0.33092	0.340316	0.335385	0.337846	0.336667	0.332381	0.338596	0.335181	0.33988	0.337085	0.337019	0.333118	0.337906	0.346789	0.338442	0.330808	0.336512	0.338092	0.339686	0.328692	0.338812	0.342998	0.34339	0.334589	0.341291	0.330781	0.338027	0.335808	0.342738	0.342137	0.33658	0.338993	0.339129	0.334018	0.34131	0.335787	0.348667	0.345616	0.33759	0.333514	0.345932	0.334715	0.334613	0.33069	0.344134	0.331973	0.33607	0.349693	0.335706	0.335072	0.341781	0.331279	0.344106	0.339828	0.346536	0.339185	0.336511	0.344919	0.337569	0.339462	0.329125	0.346368	0.336453	0.337377	0.339772	0.338719	0.337464	0.342014	0.337655	0.340553	0.343579	0.336989	0.344631	0.346111	0.341297	0.348889	0.339435	0.340933	0.349302	0.340259	0.342974	0.336591	0.344236	0.340702	0.342541	0.334527	0.347128	0.338058	0.338808	0.336249	0.340553	0.351382	0.343663	0.342272	0.341989	0.337978	0.345458	0.360084	0.344752	0.343003	0.345114	0.350917	0.36561	0.361872	0.345219	0.360841	0.349541	0.348993	0.366421	0.347295	0.345681	0.349881	0.350552	0.339974	0.346055	0.348858	0.354893	0.355337	0.359686	0.335697	0.342978	0.358817
0.308117	0.296851	0.307566	0.3037	0.306397	0.299394	0.309132	0.304068	0.31004	0.305022	0	0.298674	0.295159	0.303005	0.296311	0.33221	0.339876	0.323115	0.337423	0.337625	0.334287	0.3343	0.333712	0.332217	0.329899	0.332779	0.334133	0.357211	0.332368	0.339041	0.335587	0.358945	0.334839	0.332034	0.331312	0.323404	0.331573	0.325067	0.324866	0.327978	0.324953	0.3237	0.327761	0.335095	0.323639	0.323206	0.340875	0.331303	0.325475	0.324362	0.323166	0.331433	0.328961	0.334604	0.335867	0.329802	0.330157	0.331533	0.319501	0.336144	0.326747	0.335487	0.326317	0.324636	0.327805	0.321611	0.328761	0.329974	0.329754	0.33663	0.328012	0.327468	0.323742	0.34064	0.324543	0.325105	0.321865	0.332371	0.324836	0.326171	0.33248	0.329664	0.320352	0.326753	0.331811	0.340192	0.333722	0.331851	0.342854	0.330629	0.334165	0.332224	0.322494	0.325185	0.341173	0.332618	0.323939	0.328019	0.333281	0.33411	0.333502	0.333738	0.327066	0.331871	0.324125	0.328015	0.33769	0.336638	0.335183	0.327863	0.328892	0.336973	0.329613	0.329462	0.339768	0.335041	0.322815	0.329483	0.328828	0.333871	0.328789	0.331212	0.326194	0.338257	0.328978	0.332418	0.329564	0.334397	0.330328	0.325939	0.345841	0.330497	0.332493	0.335453	0.344358	0.355507	0.353535	0.33873	0.355371	0.334964	0.347039	0.352081	0.338072	0.338751	0.333434	0.33532	0.334997	0.335175	0.33483	0.351292	0.353498	0.343951	0.33472	0.336939	0.350125
0.3004	0.300278	0.292182	0.298027	0.289183	0.294924	0.306521	0.295476	0.302235	0.295737	0.298674	0	0.291031	0.296722	0.297889	0.326962	0.342528	0.326697	0.321654	0.326013	0.329543	0.32849	0.333992	0.331331	0.322371	0.328034	0.326811	0.348718	0.327825	0.329803	0.330036	0.344386	0.33042	0.325172	0.328577	0.329649	0.327603	0.32881	0.324303	0.330876	0.324989	0.319979	0.327205	0.333159	0.326261	0.32835	0.334647	0.327828	0.31233	0.318546	0.322347	0.330063	0.327507	0.329718	0.335542	0.326961	0.328922	0.321384	0.32866	0.333554	0.33449	0.338618	0.327625	0.321176	0.326257	0.318714	0.318797	0.327303	0.323088	0.330444	0.327004	0.323993	0.317673	0.332775	0.323957	0.325839	0.321337	0.33139	0.329591	0.323025	0.337299	0.329934	0.325999	0.326892	0.324538	0.333777	0.327949	0.331606	0.33369	0.326959	0.330396	0.323775	0.323524	0.326608	0.333603	0.324365	0.323241	0.323078	0.328807	0.330675	0.330109	0.327047	0.329829	0.323347	0.329654	0.321442	0.337637	0.336184	0.329029	0.326281	0.326018	0.331817	0.334349	0.331596	0.331484	0.34127	0.324382	0.327221	0.324177	0.32998	0.326234	0.324309	0.332807	0.332491	0.332158	0.32713	0.326602	0.328411	0.328771	0.335633	0.346914	0.329799	0.323836	0.330173	0.336095	0.357271	0.345691	0.338255	0.350274	0.337929	0.338214	0.358989	0.341423	0.332963	0.330308	0.340179	0.333199	0.339682	0.336914	0.352441	0.344524	0.346599	0.333253	0.331977	0.342244
0.30214	0.296776	0.297084	0.303786	0.303532	0.296595	0.29845	0.298085	0.310203	0.302342	0.295159	0.291031	0	0.293633	0.29526	0.327817	0.344439	0.329955	0.329276	0.329793	0.324807	0.325924	0.328719	0.331568	0.333391	0.335801	0.334826	0.361515	0.326087	0.334122	0.333363	0.347726	0.326066	0.324828	0.321028	0.32401	0.320553	0.319783	0.32162	0.325398	0.318462	0.320561	0.330139	0.323833	0.32471	0.324954	0.325747	0.330716	0.316155	0.324593	0.320849	0.32978	0.325298	0.330844	0.337205	0.326606	0.330597	0.328367	0.320046	0.328568	0.329175	0.336165	0.320737	0.324359	0.328302	0.324271	0.327607	0.32449	0.322671	0.339804	0.322567	0.320157	0.31614	0.330141	0.319176	0.324796	0.321787	0.335875	0.332303	0.323366	0.333806	0.331224	0.327666	0.324067	0.32892	0.332796	0.331599	0.331775	0.338874	0.331209	0.337609	0.32388	0.32486	0.324457	0.334309	0.332618	0.313527	0.328175	0.330302	0.325641	0.327495	0.331814	0.323809	0.33385	0.326243	0.3224	0.33527	0.335642	0.331468	0.325773	0.32693	0.32649	0.331918	0.336668	0.330617	0.344309	0.332284	0.33597	0.329201	0.326761	0.330849	0.317121	0.329628	0.33071	0.331388	0.326783	0.330309	0.32961	0.329898	0.333054	0.346973	0.327084	0.334572	0.334166	0.338536	0.357939	0.347429	0.339517	0.350217	0.338563	0.342515	0.362715	0.344787	0.336699	0.33367	0.330517	0.333795	0.337413	0.33671	0.356327	0.33913	0.350079	0.324502	0.341753	0.334915
0.303577	0.311783	0.307095	0.305894	0.300359	0.302938	0.308187	0.308282	0.309687	0.312454	0.303005	0.296722	0.293633	0	0.29891	0.333555	0.351626	0.333888	0.337146	0.334901	0.334499	0.333333	0.33223	0.337467	0.335127	0.332954	0.335533	0.357372	0.332453	0.333144	0.338795	0.347357	0.337903	0.32628	0.334191	0.338398	0.333247	0.325394	0.330718	0.3351	0.325648	0.328755	0.332159	0.333088	0.327653	0.334236	0.335178	0.331789	0.328694	0.321438	0.326777	0.329264	0.330742	0.336398	0.337768	0.327088	0.339464	0.335729	0.329577	0.335624	0.331491	0.343541	0.342019	0.332549	0.334762	0.328513	0.325888	0.328532	0.324191	0.34156	0.333333	0.325046	0.326748	0.335286	0.329458	0.326375	0.327526	0.338269	0.324656	0.332531	0.339877	0.335659	0.327452	0.328061	0.337084	0.341492	0.330912	0.344345	0.33619	0.331941	0.335071	0.326264	0.331469	0.333061	0.338521	0.336373	0.329049	0.330417	0.335808	0.335447	0.336771	0.336749	0.330601	0.339006	0.333961	0.334371	0.344024	0.338964	0.338101	0.332386	0.333085	0.33966	0.335906	0.339161	0.333525	0.339111	0.32687	0.329526	0.33354	0.334972	0.337774	0.329774	0.328935	0.336733	0.335601	0.335411	0.335257	0.332953	0.336206	0.336459	0.359187	0.331923	0.329564	0.338068	0.340601	0.367257	0.353163	0.340282	0.349804	0.341398	0.345427	0.363331	0.346393	0.336014	0.334474	0.340182	0.335566	0.342891	0.338894	0.35532	0.353573	0.34646	0.337783	0.340403	0.339554
0.310616	0.304234	0.304462	0.304433	0.309145	0.299556	0.304919	0.297288	0.303057	0.303921	0.296311	0.297889	0.29526	0.29891	0	0.329181	0.341768	0.332611	0.325657	0.32735	0.327996	0.33654	0.336944	0.331795	0.321404	0.332953	0.331386	0.348401	0.32862	0.331693	0.333483	0.348071	0.332459	0.330195	0.33057	0.331238	0.32938	0.326532	0.329293	0.330991	0.319148	0.325592	0.333887	0.327604	0.324186	0.329753	0.335553	0.32981	0.327527	0.322914	0.322344	0.327237	0.33169	0.328624	0.333772	0.328821	0.33182	0.334529	0.323028	0.332492	0.328977	0.332628	0.333453	0.323239	0.331025	0.32512	0.327273	0.327402	0.323666	0.334793	0.33647	0.328336	0.328883	0.332261	0.31868	0.328843	0.327544	0.336957	0.326166	0.327953	0.333223	0.332062	0.319332	0.328828	0.324687	0.335647	0.335857	0.331724	0.342744	0.337757	0.32872	0.328658	0.327456	0.327723	0.335474	0.332445	0.329267	0.327965	0.332305	0.327803	0.326453	0.334456	0.330255	0.326117	0.325123	0.326237	0.342974	0.337206	0.334268	0.333492	0.328614	0.333232	0.333632	0.32586	0.336826	0.336786	0.327344	0.331517	0.32771	0.332094	0.329093	0.330983	0.329704	0.336023	0.337382	0.330375	0.336039	0.332893	0.330741	0.337477	0.357284	0.332617	0.330718	0.339848	0.341129	0.363433	0.356858	0.343419	0.35715	0.342681	0.343669	0.359585	0.347341	0.335318	0.3316	0.340999	0.340208	0.341686	0.339331	0.358275	0.34339	0.346761	0.332625	0.332701	0.341964
0.337646	0.328232	0.340859	0.330445	0.332082	0.337796	0.333405	0.335913	0.333994	0.336182	0.33221	0.326962	0.327817	0.333555	0.329181	0	0.319996	0.316805	0.312745	0.305892	0.313205	0.308031	0.175911	0.308132	0.316232	0.308911	0.314549	0.331085	0.310625	0.3119	0.314744	0.333106	0.310048	0.315879	0.328716	0.322752	0.326676	0.31855	0.320981	0.320014	0.313448	0.32458	0.321624	0.325577	0.319559	0.323443	0.325942	0.319303	0.311664	0.323978	0.314969	0.329752	0.319297	0.326583	0.324813	0.323305	0.320529	0.326413	0.316371	0.321972	0.316009	0.335759	0.322166	0.326707	0.319125	0.322969	0.322566	0.327325	0.321775	0.339783	0.31772	0.322471	0.319178	0.327741	0.315343	0.325166	0.324808	0.329134	0.327917	0.321359	0.329177	0.326108	0.320952	0.323858	0.325141	0.327427	0.326262	0.326045	0.335932	0.332363	0.33426	0.328243	0.321821	0.321053	0.32522	0.325158	0.324492	0.326417	0.325335	0.327525	0.325556	0.330334	0.318775	0.321057	0.32244	0.319769	0.334681	0.325262	0.328962	0.323668	0.316975	0.33646	0.326965	0.330429	0.32193	0.334116	0.324791	0.323672	0.328659	0.326446	0.324205	0.327227	0.322949	0.322101	0.329507	0.325256	0.325262	0.321116	0.328919	0.323756	0.344494	0.322817	0.324405	0.330704	0.329714	0.352158	0.347863	0.332361	0.344094	0.340737	0.340215	0.35453	0.335946	0.333618	0.329331	0.332493	0.333727	0.335112	0.329617	0.344674	0.344646	0.3467	0.319862	0.329999	0.33879
0.343573	0.341657	0.343754	0.347647	0.336518	0.34822	0.347957	0.346824	0.350308	0.353495	0.339876	0.342528	0.344439	0.351626	0.341768	0.319996	0	0.318191	0.320376	0.317271	0.316637	0.317888	0.321781	0.321207	0.322194	0.323036	0.320442	0.338901	0.32642	0.318915	0.324105	0.33067	0.315817	0.332046	0.337925	0.331709	0.331628	0.333177	0.330933	0.334969	0.332219	0.327155	0.33091	0.341895	0.328714	0.334959	0.337888	0.332535	0.329382	0.33594	0.328307	0.338113	0.337149	0.335278	0.338584	0.333915	0.342041	0.330587	0.33138	0.335278	0.336892	0.344602	0.336576	0.328844	0.335986	0.335384	0.335414	0.346844	0.340437	0.346393	0.341414	0.336812	0.339538	0.333382	0.331325	0.332994	0.336315	0.336982	0.335033	0.332955	0.342898	0.337443	0.334013	0.335712	0.331914	0.343737	0.338141	0.335332	0.341437	0.337418	0.342385	0.336844	0.32986	0.342051	0.342537	0.338155	0.336996	0.34365	0.338928	0.333929	0.337532	0.335758	0.337141	0.334925	0.34199	0.335127	0.344756	0.332119	0.337174	0.336692	0.336524	0.340941	0.341195	0.333526	0.335413	0.344948	0.331362	0.330557	0.338674	0.339794	0.346169	0.331896	0.327765	0.341567	0.34258	0.335824	0.334651	0.34001	0.341206	0.331835	0.346654	0.331013	0.336857	0.34103	0.345507	0.35169	0.355409	0.343963	0.354008	0.347386	0.346094	0.35972	0.344492	0.339077	0.334635	0.347308	0.342241	0.338472	0.34431	0.353276	0.343432	0.345113	0.328409	0.334762	0.348142
0.337272	0.332763	0.328083	0.336539	0.337151	0.333761	0.330415	0.328648	0.344127	0.340685	0.323115	0.326697	0.329955	0.333888	0.332611	0.316805	0.318191	0	0.309063	0.307966	0.307696	0.307602	0.316406	0.311031	0.308887	0.311108	0.317332	0.333973	0.311027	0.316053	0.31602	0.328842	0.305598	0.316947	0.327744	0.321116	0.319955	0.32209	0.31672	0.312949	0.317844	0.318761	0.327688	0.330008	0.322294	0.321577	0.323137	0.324895	0.313029	0.319283	0.322103	0.314705	0.325574	0.320785	0.329224	0.323887	0.326325	0.321831	0.321813	0.324661	0.325029	0.328423	0.327215	0.324127	0.316303	0.322197	0.322059	0.325387	0.318211	0.331332	0.325836	0.323754	0.317907	0.327052	0.310362	0.319926	0.320364	0.33004	0.32677	0.320299	0.327578	0.329327	0.323139	0.321531	0.323804	0.335977	0.321462	0.320425	0.332041	0.329354	0.333031	0.322939	0.322108	0.31848	0.32843	0.3167	0.326839	0.319239	0.323217	0.327043	0.326673	0.325343	0.319323	0.328144	0.320423	0.321938	0.331652	0.330264	0.324058	0.323935	0.323399	0.33368	0.325809	0.321114	0.323489	0.334175	0.319416	0.320195	0.32347	0.327583	0.320808	0.319433	0.322422	0.328445	0.327973	0.323906	0.328856	0.320927	0.327986	0.32578	0.341728	0.317445	0.320465	0.328991	0.334308	0.355115	0.335411	0.334901	0.340295	0.333106	0.326906	0.343026	0.333657	0.329072	0.321344	0.32795	0.320697	0.325294	0.327761	0.341593	0.343744	0.34191	0.322348	0.323767	0.330028
0.338969	0.328513	0.337091	0.331729	0.333061	0.329907	0.325947	0.335353	0.33444	0.339553	0.337423	0.321654	0.329276	0.337146	0.325657	0.312745	0.320376	0.309063	0	0.300803	0.310268	0.307446	0.31188	0.30593	0.30987	0.306697	0.309087	0.329611	0.305397	0.314151	0.310409	0.321122	0.30038	0.322549	0.32444	0.318997	0.323744	0.315787	0.327668	0.324662	0.310033	0.316463	0.319302	0.322692	0.315874	0.319523	0.317447	0.31841	0.315029	0.31745	0.309414	0.319582	0.315203	0.3175	0.330767	0.319403	0.320619	0.325205	0.320031	0.321765	0.317038	0.331016	0.325227	0.319851	0.321576	0.319425	0.326285	0.325946	0.319713	0.332617	0.322938	0.325163	0.320581	0.323224	0.314093	0.317615	0.313684	0.325333	0.322579	0.316815	0.33085	0.326379	0.313478	0.317214	0.322771	0.322895	0.325445	0.323069	0.332903	0.33439	0.328899	0.319593	0.31393	0.326518	0.328438	0.323895	0.320279	0.320535	0.324381	0.326894	0.325833	0.324605	0.319568	0.318867	0.324683	0.316249	0.337541	0.329287	0.320915	0.322842	0.31939	0.329506	0.328139	0.315732	0.316422	0.327133	0.326522	0.32078	0.32439	0.32314	0.326326	0.3179	0.317729	0.322632	0.328066	0.318835	0.328283	0.324092	0.327541	0.324895	0.337811	0.315806	0.316302	0.323818	0.335443	0.34987	0.349294	0.329641	0.341959	0.33242	0.334359	0.351287	0.335343	0.32186	0.324902	0.328912	0.321104	0.331843	0.33127	0.344438	0.334371	0.339178	0.319131	0.330666	0.336308
0.336921	0.329506	0.335981	0.331492	0.33246	0.331003	0.331136	0.331979	0.331032	0.339531	0.337625	0.326013	0.329793	0.334901	0.32735	0.305892	0.317271	0.307966	0.300803	0	0.30106	0.309276	0.30965	0.296526	0.302813	0.304298	0.311436	0.334474	0.307232	0.308035	0.297549	0.321924	0.307733	0.31905	0.323392	0.324756	0.321413	0.317853	0.32253	0.317099	0.321293	0.322584	0.325419	0.329731	0.321419	0.325741	0.324558	0.319797	0.312265	0.325683	0.31448	0.322339	0.319625	0.32662	0.332066	0.326826	0.321368	0.323396	0.322986	0.318316	0.320589	0.334695	0.31486	0.316661	0.314773	0.317694	0.319489	0.323065	0.316606	0.323861	0.31955	0.32443	0.323426	0.327574	0.318445	0.315064	0.319523	0.329705	0.318287	0.319465	0.320783	0.318155	0.319398	0.321611	0.31927	0.3305	0.318344	0.325665	0.32318	0.325245	0.327289	0.321132	0.32038	0.326043	0.324833	0.322652	0.319613	0.321136	0.324482	0.326993	0.320798	0.32315	0.322289	0.326766	0.321155	0.32263	0.330341	0.326813	0.32237	0.326981	0.324456	0.336784	0.325014	0.323947	0.321277	0.335295	0.320771	0.323381	0.318788	0.319299	0.322186	0.320291	0.317732	0.324735	0.32139	0.317067	0.324423	0.326448	0.31984	0.322032	0.334705	0.324133	0.315302	0.32327	0.332467	0.353854	0.347635	0.330706	0.346388	0.330084	0.338347	0.348032	0.338383	0.323331	0.323606	0.324238	0.324904	0.331396	0.331902	0.348312	0.336079	0.3427	0.324531	0.335703	0.331981
0.334117	0.323899	0.335608	0.330435	0.32621	0.334074	0.327614	0.330458	0.332281	0.338325	0.334287	0.329543	0.324807	0.334499	0.327996	0.313205	0.316637	0.307696	0.310268	0.30106	0	0.311663	0.31073	0.307716	0.307503	0.306638	0.304001	0.333562	0.306698	0.313233	0.305533	0.32589	0.306846	0.319801	0.322769	0.323795	0.312835	0.320875	0.322243	0.320125	0.317633	0.319351	0.320051	0.321397	0.323435	0.321809	0.32385	0.314337	0.310922	0.31931	0.319272	0.32434	0.320503	0.323222	0.329135	0.326016	0.323549	0.325343	0.321634	0.322132	0.320247	0.334954	0.321067	0.317055	0.317328	0.321754	0.317296	0.320246	0.322102	0.326099	0.31814	0.318044	0.319921	0.324378	0.312873	0.319528	0.316451	0.324528	0.325363	0.31664	0.327429	0.31777	0.31746	0.317468	0.323655	0.330317	0.323653	0.319823	0.330552	0.329759	0.324856	0.321083	0.32181	0.325947	0.329786	0.322805	0.322416	0.319615	0.325202	0.332553	0.326484	0.320793	0.314578	0.324681	0.324053	0.31874	0.333692	0.329345	0.328067	0.33197	0.326126	0.331527	0.327495	0.323091	0.319714	0.325958	0.322361	0.320448	0.312736	0.319917	0.327425	0.322303	0.315661	0.325859	0.320676	0.324965	0.329253	0.326073	0.323553	0.317872	0.341825	0.318016	0.318343	0.321943	0.331855	0.352948	0.345082	0.330974	0.34089	0.328155	0.33517	0.343481	0.337815	0.329484	0.31894	0.330381	0.328098	0.330466	0.334593	0.338046	0.33763	0.342237	0.324561	0.327132	0.337525
0.339184	0.330237	0.326885	0.329365	0.330563	0.333417	0.324144	0.333648	0.336958	0.338033	0.3343	0.32849	0.325924	0.333333	0.33654	0.308031	0.317888	0.307602	0.307446	0.309276	0.311663	0	0.320299	0.30888	0.305346	0.309231	0.312786	0.33748	0.312637	0.310469	0.317086	0.32833	0.308664	0.319325	0.325594	0.314048	0.312736	0.321215	0.312921	0.315319	0.313297	0.319219	0.320578	0.328125	0.320383	0.319935	0.320311	0.318732	0.308149	0.316862	0.314932	0.327873	0.320853	0.323158	0.325503	0.324492	0.321665	0.314682	0.320527	0.319948	0.313645	0.330144	0.318153	0.324259	0.323406	0.319451	0.317461	0.322847	0.322186	0.332715	0.319967	0.31469	0.31471	0.322221	0.319401	0.32282	0.313062	0.327641	0.318906	0.320764	0.330848	0.320628	0.309623	0.316777	0.311784	0.332454	0.323636	0.319964	0.331741	0.334121	0.331974	0.318857	0.320092	0.319695	0.328363	0.323002	0.316912	0.321516	0.329243	0.322708	0.326548	0.323784	0.317733	0.327117	0.32783	0.322877	0.334542	0.322687	0.326594	0.322066	0.313923	0.329119	0.321784	0.324694	0.3205	0.327807	0.325402	0.323361	0.319147	0.326196	0.314183	0.322311	0.319647	0.322551	0.329249	0.320717	0.317728	0.32366	0.321339	0.324873	0.340139	0.319894	0.320967	0.318157	0.334305	0.350956	0.335625	0.336302	0.344993	0.33008	0.330483	0.34286	0.33736	0.319449	0.324003	0.329393	0.322457	0.322868	0.328846	0.336585	0.332416	0.342133	0.315623	0.330012	0.339934
0.335971	0.331664	0.339331	0.339767	0.333571	0.334048	0.336546	0.338588	0.337772	0.338504	0.333712	0.333992	0.328719	0.33223	0.336944	0.175911	0.321781	0.316406	0.31188	0.30965	0.31073	0.320299	0	0.306161	0.322551	0.308345	0.314475	0.330984	0.308102	0.304075	0.3152	0.327844	0.313119	0.32118	0.33656	0.329785	0.322343	0.323056	0.319309	0.318648	0.319914	0.327679	0.325902	0.328245	0.319635	0.325018	0.324502	0.323904	0.313489	0.32871	0.31936	0.327514	0.324835	0.321525	0.326843	0.3281	0.32462	0.327382	0.328987	0.328101	0.325373	0.334266	0.324413	0.322605	0.32087	0.320025	0.32461	0.329683	0.319563	0.333044	0.320992	0.327498	0.327843	0.322127	0.317348	0.327043	0.320862	0.330723	0.332472	0.31836	0.335416	0.33065	0.321642	0.325138	0.326325	0.32813	0.324306	0.32589	0.335297	0.323805	0.336333	0.323244	0.32363	0.333597	0.332179	0.324188	0.32799	0.322428	0.325657	0.334009	0.336099	0.332319	0.323174	0.329595	0.325369	0.320743	0.331227	0.326735	0.326809	0.324669	0.321929	0.335834	0.332921	0.329701	0.324868	0.332638	0.328919	0.326414	0.330155	0.3278	0.329965	0.32576	0.323329	0.327124	0.326035	0.323618	0.323613	0.325146	0.32346	0.326923	0.34201	0.324444	0.319846	0.328435	0.334444	0.352248	0.349914	0.334205	0.34339	0.334881	0.336223	0.35182	0.335628	0.328187	0.330719	0.332957	0.332982	0.334541	0.330602	0.342994	0.345403	0.348861	0.323785	0.33264	0.33548
0.333529	0.327549	0.336748	0.333594	0.33523	0.336697	0.333246	0.332166	0.341144	0.340669	0.332217	0.331331	0.331568	0.337467	0.331795	0.308132	0.321207	0.311031	0.30593	0.296526	0.307716	0.30888	0.306161	0	0.305453	0.30671	0.308077	0.334776	0.308063	0.302532	0.309657	0.328832	0.30501	0.319592	0.32104	0.31437	0.317743	0.318123	0.315098	0.323608	0.319772	0.319449	0.324543	0.321848	0.313556	0.317103	0.319547	0.3161	0.311945	0.321811	0.316992	0.330507	0.31806	0.317071	0.331343	0.321287	0.327306	0.322203	0.314904	0.323465	0.322072	0.338675	0.317128	0.3189	0.316042	0.322427	0.31835	0.323292	0.315948	0.328915	0.31819	0.315048	0.319802	0.320031	0.314738	0.315743	0.321784	0.316004	0.320754	0.322918	0.33208	0.32383	0.321962	0.31804	0.315195	0.322819	0.321585	0.322764	0.331581	0.322434	0.332855	0.322256	0.31607	0.326008	0.324155	0.323033	0.322929	0.313623	0.32842	0.316857	0.322734	0.323563	0.315312	0.329823	0.314397	0.325294	0.330404	0.32504	0.32715	0.325168	0.318309	0.32784	0.33055	0.323314	0.322683	0.327738	0.313608	0.322483	0.315713	0.327775	0.320575	0.31489	0.317379	0.320725	0.318628	0.31917	0.326374	0.323684	0.321438	0.325439	0.340144	0.315499	0.320478	0.324834	0.327296	0.348315	0.343189	0.327502	0.34145	0.330061	0.3344	0.348978	0.335826	0.326495	0.323049	0.331309	0.326667	0.324651	0.330051	0.352453	0.337602	0.343529	0.322585	0.330111	0.337381
0.33485	0.32414	0.337684	0.33034	0.32821	0.337559	0.331134	0.329094	0.328598	0.334596	0.329899	0.322371	0.333391	0.335127	0.321404	0.316232	0.322194	0.308887	0.30987	0.302813	0.307503	0.305346	0.322551	0.305453	0	0.307327	0.309207	0.326992	0.306379	0.311374	0.311776	0.323762	0.303394	0.318572	0.320664	0.3172	0.320791	0.316973	0.31569	0.319962	0.317554	0.310783	0.322754	0.327361	0.314066	0.32145	0.320761	0.316205	0.308797	0.319979	0.310096	0.321726	0.312781	0.322203	0.322971	0.319744	0.316363	0.31611	0.314781	0.320197	0.323619	0.325287	0.316591	0.318616	0.323757	0.314535	0.314248	0.316817	0.316914	0.330078	0.319603	0.32201	0.319462	0.323841	0.31885	0.323487	0.313282	0.32249	0.318895	0.323178	0.324165	0.321692	0.311459	0.321044	0.320309	0.325078	0.325073	0.320866	0.335642	0.32758	0.324394	0.322797	0.318272	0.316677	0.32588	0.322462	0.317341	0.323912	0.323728	0.319822	0.317931	0.329212	0.315445	0.324008	0.326861	0.322256	0.333584	0.326558	0.324856	0.32896	0.319736	0.331011	0.324749	0.320686	0.319799	0.330463	0.31892	0.322593	0.317405	0.327008	0.32442	0.321985	0.32015	0.325701	0.329951	0.318429	0.328626	0.324273	0.319744	0.321959	0.340745	0.322158	0.321401	0.328404	0.33193	0.349023	0.347502	0.331745	0.343801	0.329102	0.332281	0.35072	0.335023	0.318562	0.323738	0.329021	0.329286	0.330748	0.330351	0.340642	0.333251	0.341172	0.313775	0.319457	0.336482
0.33731	0.326415	0.334413	0.334834	0.335425	0.328779	0.330591	0.336346	0.339715	0.343005	0.332779	0.328034	0.335801	0.332954	0.332953	0.308911	0.323036	0.311108	0.306697	0.304298	0.306638	0.309231	0.308345	0.30671	0.307327	0	0.313397	0.324841	0.306931	0.288126	0.309859	0.320035	0.303247	0.318077	0.325701	0.316691	0.320184	0.321655	0.319131	0.322767	0.314487	0.319869	0.323943	0.327065	0.320071	0.321476	0.327157	0.319537	0.310045	0.316053	0.31555	0.321622	0.322772	0.327129	0.328814	0.321212	0.316971	0.323511	0.322031	0.32596	0.318794	0.332335	0.328992	0.323432	0.318707	0.319491	0.319504	0.323434	0.316104	0.329075	0.325322	0.32164	0.324702	0.327127	0.31778	0.312809	0.319885	0.329881	0.316597	0.31492	0.325533	0.327066	0.318272	0.322099	0.323861	0.329463	0.32461	0.325967	0.333164	0.324003	0.327742	0.323032	0.323073	0.324811	0.329239	0.326731	0.321039	0.325561	0.32279	0.326699	0.327775	0.322821	0.316988	0.323141	0.323972	0.321192	0.327607	0.324527	0.32753	0.324912	0.320735	0.330049	0.330853	0.324148	0.319732	0.328395	0.320313	0.31815	0.318933	0.325474	0.319525	0.313181	0.322736	0.3206	0.330133	0.31796	0.324712	0.326823	0.323852	0.325535	0.342415	0.319641	0.317955	0.328125	0.333132	0.356256	0.340586	0.332404	0.334469	0.327001	0.33351	0.346078	0.33259	0.328125	0.324209	0.326445	0.327325	0.332576	0.331315	0.340291	0.337985	0.342781	0.325492	0.322108	0.336043
0.339588	0.329011	0.341797	0.340733	0.330316	0.33842	0.331482	0.33421	0.345847	0.340982	0.334133	0.326811	0.334826	0.335533	0.331386	0.314549	0.320442	0.317332	0.309087	0.311436	0.304001	0.312786	0.314475	0.308077	0.309207	0.313397	0	0.329415	0.311342	0.311852	0.31496	0.325923	0.306037	0.317779	0.3181	0.323104	0.318672	0.319328	0.316615	0.318938	0.318795	0.31841	0.31858	0.322755	0.317437	0.321973	0.322435	0.321592	0.310591	0.316762	0.312598	0.320903	0.322081	0.319682	0.329435	0.323618	0.323821	0.326108	0.322254	0.324886	0.322355	0.332701	0.325457	0.318742	0.316777	0.322198	0.325591	0.327517	0.312702	0.326833	0.315055	0.321563	0.323794	0.319551	0.316653	0.320875	0.311511	0.329629	0.329252	0.323535	0.327763	0.323627	0.311799	0.31951	0.317364	0.327876	0.328304	0.323758	0.334361	0.330072	0.328657	0.322436	0.32014	0.3215	0.328293	0.324411	0.319351	0.323938	0.32167	0.325867	0.319378	0.328009	0.323041	0.319407	0.32913	0.320507	0.33925	0.335548	0.327136	0.32731	0.325186	0.333969	0.329375	0.324294	0.325478	0.329587	0.320208	0.321491	0.320777	0.322868	0.322826	0.317782	0.318812	0.321357	0.32605	0.318268	0.328378	0.324363	0.326144	0.31981	0.349267	0.318656	0.316955	0.324449	0.338298	0.353369	0.346344	0.333288	0.345535	0.336029	0.342327	0.351554	0.334416	0.324945	0.320054	0.334369	0.328381	0.332356	0.333318	0.342059	0.336667	0.337646	0.326439	0.330382	0.336401
0.357776	0.351306	0.357779	0.355709	0.352489	0.367351	0.353922	0.357319	0.360265	0.359791	0.357211	0.348718	0.361515	0.357372	0.348401	0.331085	0.338901	0.333973	0.329611	0.334474	0.333562	0.33748	0.330984	0.334776	0.326992	0.324841	0.329415	0	0.333574	0.332468	0.342566	0.338966	0.332626	0.339983	0.347959	0.349481	0.352865	0.344372	0.337646	0.336628	0.34497	0.347599	0.345381	0.344636	0.350199	0.351554	0.35001	0.349485	0.341574	0.344093	0.34682	0.347786	0.345871	0.34873	0.350018	0.337662	0.3427	0.34364	0.339627	0.346634	0.350319	0.351184	0.348618	0.347785	0.348629	0.353509	0.34138	0.352554	0.349338	0.351228	0.348993	0.347997	0.347587	0.347875	0.33946	0.339955	0.340916	0.354273	0.353118	0.346187	0.352014	0.350538	0.338156	0.344846	0.343177	0.351871	0.339901	0.354776	0.350966	0.343323	0.345154	0.344728	0.342129	0.344173	0.347237	0.346593	0.344108	0.348486	0.349793	0.352628	0.355974	0.352659	0.3478	0.340862	0.342571	0.344303	0.353854	0.352231	0.34697	0.349661	0.346501	0.348185	0.351966	0.35062	0.347338	0.35489	0.34708	0.351121	0.343701	0.351346	0.342114	0.354072	0.350203	0.344093	0.352213	0.346761	0.347408	0.3526	0.348999	0.349795	0.35695	0.342756	0.341831	0.349693	0.355733	0.364774	0.359925	0.351169	0.359455	0.346029	0.356923	0.358158	0.359132	0.349584	0.344504	0.34826	0.352651	0.342551	0.354265	0.363884	0.357689	0.359511	0.351472	0.350498	0.364588
0.336262	0.33323	0.336038	0.333562	0.329472	0.330814	0.32753	0.329939	0.335912	0.33757	0.332368	0.327825	0.326087	0.332453	0.32862	0.310625	0.32642	0.311027	0.305397	0.307232	0.306698	0.312637	0.308102	0.308063	0.306379	0.306931	0.311342	0.333574	0	0.311376	0.312661	0.327985	0.314602	0.319884	0.326628	0.314648	0.319957	0.323854	0.315047	0.319106	0.316157	0.313257	0.324044	0.319764	0.314046	0.320141	0.321196	0.320426	0.310136	0.318547	0.312787	0.322747	0.318846	0.324319	0.332564	0.323356	0.321035	0.324713	0.316373	0.322001	0.322432	0.336401	0.327007	0.326498	0.317095	0.318343	0.318341	0.324381	0.319519	0.338283	0.321018	0.325671	0.32368	0.322342	0.317054	0.321041	0.327437	0.327115	0.325906	0.324521	0.326681	0.320291	0.314938	0.32034	0.321743	0.335014	0.320128	0.326707	0.325595	0.325938	0.32492	0.320452	0.318358	0.316515	0.330412	0.322339	0.318867	0.321974	0.330826	0.327623	0.326809	0.32883	0.322357	0.330448	0.321612	0.32539	0.336327	0.332785	0.325808	0.329614	0.324114	0.334752	0.332357	0.321895	0.318378	0.324016	0.314609	0.319698	0.323188	0.319659	0.320613	0.319663	0.317609	0.326478	0.326593	0.319659	0.328459	0.324832	0.323491	0.324189	0.340947	0.318837	0.323417	0.329655	0.334964	0.355482	0.336487	0.334783	0.340174	0.336117	0.340831	0.3502	0.33829	0.323861	0.32213	0.332558	0.328299	0.324746	0.330987	0.348279	0.339602	0.340677	0.322984	0.32592	0.335118
