0	0.319782	0.302598	0.317915	0.319238	0.314992	0.205767	0.309352	0.309088	0.313436	0.328157	0.321982	0.31674	0.32125	0.312686	0.307654	0.300449	0.301742	0.303568	0.310804	0.337831	0.343487	0.337425	0.338771	0.336855	0.333901	0.363788	0.338686	0.336257	0.333595	0.335095	0.337377	0.339967	0.358368	0.336687	0.334355	0.341396	0.350583	0.342351	0.334657	0.332741	0.335688	0.331318	0.330776	0.327935	0.334544	0.328736	0.330751	0.337716	0.337766	0.325553	0.337822	0.32938	0.335988	0.330811	0.324596	0.331286	0.337138	0.332908	0.332481	0.342735	0.328292	0.33407	0.338864	0.338861	0.331395	0.329445	0.341107	0.335332	0.336741	0.332235	0.326526	0.33284	0.329665	0.330273	0.34428	0.331605	0.3375	0.330782	0.329781	0.326863	0.335251	0.330804	0.33433	0.333315	0.33318	0.34505	0.333976	0.330154	0.330994	0.341043	0.338523	0.338864	0.338585	0.353346	0.341702	0.345883	0.330084	0.341253	0.333884	0.333065	0.33347	0.338927	0.334596	0.325473	0.323515	0.328698	0.336608	0.333894	0.334524	0.335868	0.336303	0.340528	0.329954	0.333299	0.337824	0.335108	0.3373	0.332141	0.333895	0.336409	0.33883	0.339234	0.341722	0.342116	0.336366	0.33813	0.332717	0.336169	0.336319	0.331621	0.339157	0.339804	0.337248	0.339611	0.337306	0.336802	0.34398	0.341605	0.351172	0.339657	0.336407	0.344949	0.348431	0.354053	0.360075	0.345396	0.361834	0.344119	0.356486	0.346203	0.351946	0.362065	0.343614	0.343653	0.341319	0.339121	0.33747	0.343063	0.339726	0.354306	0.348636	0.361546	0.363618	0.349587	0.34046	0.344701	0.346008
0.319782	0	0.312316	0.318281	0.323279	0.306733	0.312535	0.31999	0.32288	0.311629	0.317474	0.330572	0.320978	0.326529	0.315395	0.315665	0.313255	0.317843	0.321208	0.308812	0.342258	0.359218	0.337512	0.341688	0.344546	0.349444	0.3625	0.349188	0.346516	0.35064	0.341077	0.350116	0.351901	0.353868	0.349758	0.349534	0.346323	0.358863	0.354824	0.344163	0.35003	0.348178	0.338383	0.338117	0.33779	0.341886	0.334373	0.340333	0.347359	0.342099	0.341736	0.347495	0.340751	0.351677	0.341119	0.34237	0.343435	0.346518	0.344339	0.348652	0.337951	0.348006	0.342793	0.339857	0.340344	0.342661	0.339037	0.338664	0.344807	0.339849	0.347176	0.33654	0.339896	0.343102	0.336156	0.340058	0.346364	0.348449	0.340148	0.340743	0.333491	0.344873	0.3346	0.338865	0.341726	0.342686	0.34891	0.345022	0.33504	0.340017	0.343428	0.351801	0.341422	0.351154	0.355814	0.354443	0.353402	0.342102	0.346434	0.339693	0.345877	0.338487	0.341135	0.345625	0.340988	0.348775	0.348293	0.342868	0.339885	0.342874	0.34035	0.340228	0.344124	0.346831	0.338191	0.34093	0.347222	0.34878	0.339376	0.346092	0.345669	0.346993	0.345159	0.341532	0.350068	0.340655	0.350734	0.347353	0.347349	0.350531	0.345819	0.344386	0.349896	0.351521	0.352104	0.345967	0.347295	0.351239	0.356205	0.361146	0.344713	0.336996	0.355963	0.358797	0.355901	0.356583	0.353963	0.351666	0.349836	0.35639	0.35377	0.355548	0.356032	0.351335	0.353138	0.351097	0.342639	0.351707	0.352438	0.355533	0.362266	0.362855	0.358793	0.365859	0.362671	0.351077	0.345257	0.355688
0.302598	0.312316	0	0.30914	0.311606	0.299405	0.300962	0.303874	0.304648	0.299183	0.31494	0.318782	0.307537	0.315152	0.306163	0.296465	0.299712	0.296108	0.311412	0.303759	0.328514	0.341972	0.332692	0.328127	0.329066	0.323178	0.365076	0.329959	0.331842	0.327189	0.324504	0.326729	0.329442	0.351405	0.333351	0.333611	0.337068	0.338457	0.329637	0.328295	0.33421	0.329296	0.325839	0.328934	0.329913	0.324558	0.329619	0.319404	0.33599	0.329314	0.33194	0.329124	0.331793	0.326895	0.323485	0.324853	0.32545	0.329494	0.331629	0.326528	0.325396	0.328447	0.335755	0.320389	0.319985	0.335535	0.321354	0.336853	0.330244	0.327318	0.331425	0.32545	0.325851	0.326855	0.322114	0.330592	0.329276	0.326851	0.323275	0.331476	0.321251	0.330762	0.320213	0.327969	0.326943	0.32298	0.336485	0.328007	0.325167	0.321908	0.328545	0.332373	0.331163	0.340081	0.345966	0.339998	0.342752	0.331871	0.332212	0.332118	0.325377	0.321686	0.337087	0.322119	0.332764	0.326986	0.328372	0.319915	0.328463	0.334529	0.326568	0.330086	0.326868	0.333004	0.328168	0.338078	0.334585	0.331402	0.326444	0.326842	0.334734	0.330178	0.340967	0.337846	0.335869	0.328473	0.333439	0.329484	0.335379	0.331659	0.321944	0.338877	0.340411	0.336529	0.334536	0.330935	0.333647	0.334048	0.337037	0.345788	0.327153	0.329764	0.33586	0.33956	0.351089	0.353765	0.336797	0.351364	0.333966	0.355464	0.337171	0.347461	0.357354	0.341486	0.33844	0.343557	0.335703	0.335653	0.340041	0.32941	0.349095	0.348785	0.356693	0.355605	0.350874	0.332588	0.329524	0.347865
0.317915	0.318281	0.30914	0	0.310088	0.31343	0.312904	0.314443	0.310361	0.313635	0.321104	0.321128	0.320372	0.315687	0.32341	0.315739	0.312989	0.309093	0.310341	0.304562	0.343169	0.356547	0.335991	0.338758	0.342117	0.342896	0.357143	0.347704	0.341639	0.339921	0.34236	0.343686	0.349708	0.345973	0.343214	0.344589	0.338377	0.356956	0.339064	0.339328	0.346598	0.350045	0.342635	0.339749	0.336682	0.338263	0.337991	0.345037	0.342894	0.345835	0.340318	0.340282	0.347905	0.348957	0.338093	0.334177	0.339489	0.337343	0.337683	0.352592	0.343419	0.339416	0.348885	0.343237	0.335206	0.343229	0.338265	0.343924	0.342081	0.346591	0.337325	0.343479	0.340877	0.345139	0.339041	0.353037	0.338412	0.340883	0.345087	0.3465	0.340251	0.337297	0.335815	0.347386	0.338333	0.336785	0.342543	0.35313	0.342857	0.346866	0.341124	0.344472	0.342497	0.350873	0.357837	0.347849	0.36174	0.346387	0.337009	0.336413	0.344645	0.332902	0.342962	0.347028	0.340439	0.337234	0.340547	0.349823	0.342488	0.34247	0.339485	0.344809	0.342029	0.339689	0.343133	0.350485	0.344235	0.347411	0.345308	0.341758	0.346875	0.34808	0.353524	0.348859	0.347038	0.340374	0.349628	0.350355	0.349258	0.344328	0.33652	0.345945	0.346175	0.351818	0.346603	0.352339	0.344436	0.347091	0.347501	0.356864	0.34475	0.34123	0.348097	0.348903	0.368886	0.365671	0.348365	0.361791	0.349053	0.357152	0.360139	0.351333	0.359931	0.353508	0.35461	0.344249	0.351497	0.348651	0.347905	0.35348	0.357378	0.351422	0.363216	0.371012	0.358777	0.347243	0.338935	0.352926
0.319238	0.323279	0.311606	0.310088	0	0.3098	0.307625	0.309676	0.312053	0.306454	0.313308	0.324473	0.313869	0.312731	0.310297	0.307882	0.29223	0.297154	0.306956	0.304373	0.341253	0.344512	0.328329	0.337394	0.336124	0.335363	0.362656	0.327075	0.339423	0.337061	0.337652	0.334727	0.342253	0.357762	0.336264	0.337568	0.337434	0.344424	0.337285	0.336641	0.333801	0.334744	0.332559	0.333833	0.326584	0.332831	0.331174	0.330235	0.337266	0.341487	0.333403	0.336693	0.338353	0.334799	0.330539	0.328906	0.331167	0.334561	0.331064	0.336885	0.329567	0.332035	0.335171	0.334133	0.329194	0.335492	0.3267	0.33448	0.330935	0.335952	0.332981	0.333247	0.329584	0.334304	0.330369	0.344023	0.336826	0.33412	0.332769	0.342136	0.325811	0.328398	0.32831	0.335924	0.334145	0.335184	0.344911	0.34253	0.326184	0.335807	0.33564	0.335256	0.338874	0.341891	0.358054	0.337732	0.352076	0.341766	0.341417	0.331639	0.335633	0.329978	0.342343	0.329878	0.331637	0.33232	0.332111	0.334517	0.334705	0.32864	0.334769	0.329625	0.331327	0.332217	0.330857	0.348976	0.338016	0.335353	0.335516	0.337469	0.340294	0.333191	0.337904	0.330688	0.345205	0.330896	0.331484	0.327918	0.338261	0.341562	0.339357	0.334603	0.334492	0.335917	0.338042	0.336198	0.338101	0.336065	0.334368	0.349963	0.347188	0.336011	0.343354	0.345494	0.358024	0.356761	0.348396	0.355101	0.341245	0.348115	0.345115	0.343008	0.359688	0.350337	0.336062	0.342809	0.341509	0.343633	0.343418	0.341153	0.354936	0.349941	0.358805	0.354538	0.348686	0.337782	0.3346	0.348118
0.314992	0.306733	0.299405	0.31343	0.3098	0	0.310171	0.298535	0.302261	0.288349	0.311421	0.323992	0.311938	0.306624	0.30886	0.30379	0.298067	0.303718	0.305961	0.304795	0.330946	0.348248	0.336811	0.331595	0.331559	0.330385	0.35425	0.329616	0.340069	0.33366	0.330848	0.335262	0.341077	0.355919	0.333872	0.335049	0.340598	0.355396	0.340589	0.333648	0.337758	0.324658	0.327763	0.333317	0.328555	0.326096	0.320924	0.331072	0.326309	0.325815	0.333218	0.332955	0.3321	0.328059	0.323434	0.329468	0.327608	0.336033	0.331303	0.336837	0.339263	0.326997	0.331087	0.333283	0.3244	0.32829	0.329181	0.33242	0.329859	0.330528	0.330502	0.328688	0.326896	0.332595	0.32481	0.338151	0.329982	0.324133	0.32832	0.327253	0.324368	0.327618	0.327214	0.33984	0.32641	0.329159	0.337071	0.334157	0.322954	0.327492	0.329818	0.338907	0.335354	0.335409	0.343306	0.341019	0.343746	0.338103	0.33528	0.331351	0.334684	0.324543	0.329279	0.327715	0.325073	0.327497	0.332332	0.328681	0.328699	0.332639	0.332773	0.334516	0.332007	0.32997	0.325375	0.346347	0.339982	0.328409	0.326662	0.335418	0.337452	0.335625	0.331256	0.338091	0.336738	0.331863	0.331934	0.33657	0.34122	0.335122	0.332784	0.332311	0.333792	0.335159	0.331373	0.341592	0.329522	0.33446	0.340022	0.349213	0.337512	0.332346	0.330644	0.349307	0.369054	0.357251	0.337443	0.34692	0.334793	0.349668	0.345529	0.344601	0.359069	0.350609	0.337853	0.340548	0.341671	0.335469	0.336081	0.337364	0.353246	0.349338	0.3613	0.355576	0.339563	0.330409	0.335627	0.346378
0.205767	0.312535	0.300962	0.312904	0.307625	0.310171	0	0.304778	0.301372	0.306438	0.313888	0.323753	0.308441	0.313432	0.30936	0.306602	0.289599	0.303173	0.300834	0.308986	0.332227	0.336962	0.337225	0.333115	0.332861	0.326264	0.354239	0.330075	0.333333	0.335885	0.328441	0.33555	0.330937	0.352762	0.329613	0.329194	0.336642	0.344929	0.338491	0.327675	0.329046	0.339019	0.320284	0.327011	0.322814	0.331468	0.319032	0.327632	0.334757	0.327938	0.328648	0.331051	0.332388	0.33181	0.32289	0.329591	0.318633	0.338488	0.328307	0.333816	0.335627	0.331664	0.327712	0.336128	0.330926	0.329105	0.325754	0.338525	0.335981	0.331642	0.336135	0.326642	0.324509	0.328492	0.328383	0.343657	0.328924	0.339942	0.329638	0.329635	0.325637	0.328171	0.320387	0.332953	0.326652	0.326591	0.340555	0.328047	0.329465	0.329203	0.320769	0.338766	0.333164	0.334928	0.354963	0.348024	0.343847	0.334902	0.332129	0.328027	0.333876	0.334151	0.335636	0.328851	0.334085	0.324484	0.337418	0.334506	0.330928	0.330395	0.331652	0.335085	0.336848	0.32351	0.326048	0.34159	0.333066	0.333846	0.330317	0.329401	0.335836	0.340533	0.339834	0.332012	0.342052	0.332137	0.335304	0.330891	0.330855	0.333206	0.334075	0.333351	0.336141	0.337861	0.335193	0.330701	0.332884	0.345855	0.335316	0.341884	0.3296	0.332101	0.337365	0.341673	0.345421	0.354642	0.343081	0.35763	0.339982	0.352004	0.340134	0.351985	0.353291	0.338092	0.343205	0.336273	0.332547	0.340046	0.343573	0.338222	0.351801	0.354293	0.353522	0.364628	0.346504	0.338984	0.334504	0.341243
0.309352	0.31999	0.303874	0.314443	0.309676	0.298535	0.304778	0	0.303855	0.304929	0.320164	0.331637	0.308337	0.325147	0.314759	0.299584	0.294776	0.296141	0.303115	0.299388	0.337763	0.34829	0.333487	0.329535	0.330902	0.333956	0.35591	0.333686	0.333912	0.336945	0.337774	0.328929	0.338388	0.367351	0.330731	0.334581	0.338659	0.350055	0.328894	0.331326	0.335736	0.327471	0.32683	0.328062	0.31879	0.328804	0.326741	0.323088	0.33254	0.331489	0.327206	0.322055	0.33262	0.323992	0.318649	0.323917	0.324424	0.326908	0.329121	0.325434	0.334539	0.330368	0.332466	0.336353	0.326436	0.333417	0.330467	0.331766	0.33218	0.324347	0.331198	0.323699	0.323839	0.334409	0.320321	0.339733	0.331385	0.328443	0.324775	0.325848	0.322835	0.327368	0.32433	0.327029	0.325939	0.328859	0.33096	0.330703	0.324311	0.327556	0.324473	0.343459	0.329332	0.328881	0.344648	0.332986	0.344838	0.33152	0.329258	0.324732	0.335203	0.329719	0.335184	0.328771	0.319294	0.325797	0.329384	0.323879	0.332243	0.32844	0.328609	0.327201	0.327018	0.324401	0.323554	0.336153	0.343328	0.328479	0.328973	0.332961	0.331851	0.334846	0.320128	0.339463	0.340057	0.328038	0.332678	0.332744	0.331267	0.330564	0.323158	0.326948	0.330097	0.336563	0.332806	0.332742	0.330795	0.331676	0.337151	0.345268	0.332221	0.329399	0.328068	0.339225	0.354777	0.360443	0.339116	0.350204	0.337613	0.352595	0.34375	0.3436	0.362853	0.340635	0.345537	0.334402	0.343848	0.335234	0.340407	0.340093	0.349811	0.340433	0.364009	0.363381	0.344882	0.330581	0.333439	0.344025
0.309088	0.32288	0.304648	0.310361	0.312053	0.302261	0.301372	0.303855	0	0.307519	0.310234	0.322772	0.308802	0.312885	0.305321	0.308991	0.306309	0.298138	0.307916	0.305011	0.333262	0.347725	0.329963	0.32561	0.331083	0.327258	0.357929	0.324025	0.336652	0.333298	0.33117	0.330468	0.331762	0.354003	0.327548	0.332947	0.332847	0.344842	0.33559	0.326029	0.336666	0.329206	0.322189	0.33161	0.320634	0.328266	0.329939	0.326062	0.332005	0.329122	0.328867	0.331299	0.335156	0.335926	0.326262	0.325964	0.32517	0.331429	0.330415	0.335864	0.331465	0.331851	0.330563	0.329205	0.331591	0.327197	0.327715	0.337495	0.327051	0.318425	0.331467	0.325943	0.320018	0.332528	0.326316	0.338355	0.330626	0.332134	0.326668	0.333642	0.322569	0.333261	0.325399	0.334825	0.326448	0.326444	0.334379	0.330757	0.330457	0.330868	0.3268	0.34228	0.327815	0.335734	0.350312	0.340419	0.342393	0.338023	0.326638	0.332305	0.331877	0.32849	0.332724	0.335317	0.323876	0.330909	0.335911	0.326337	0.330685	0.335194	0.333526	0.326553	0.334268	0.33198	0.328421	0.338386	0.330592	0.330296	0.330438	0.329326	0.335785	0.334159	0.333727	0.332195	0.338053	0.329042	0.329711	0.331003	0.334985	0.324225	0.332676	0.328186	0.329046	0.333761	0.337944	0.332674	0.327986	0.338033	0.332732	0.357768	0.329667	0.329386	0.327607	0.336663	0.352004	0.355031	0.335338	0.351443	0.341765	0.361497	0.344828	0.345643	0.350261	0.350535	0.339212	0.333704	0.34155	0.340772	0.336171	0.338385	0.342649	0.349648	0.35319	0.363675	0.342693	0.330317	0.34647	0.337406
0.313436	0.311629	0.299183	0.313635	0.306454	0.288349	0.306438	0.304929	0.307519	0	0.313668	0.324324	0.311981	0.312826	0.307233	0.303849	0.295135	0.29795	0.30794	0.297142	0.335722	0.346811	0.328538	0.334862	0.331855	0.330086	0.36147	0.333403	0.338626	0.332166	0.328869	0.336348	0.334124	0.357363	0.329696	0.334788	0.333227	0.351307	0.334402	0.33612	0.331477	0.33101	0.325848	0.333162	0.327893	0.334244	0.321999	0.323964	0.338466	0.332219	0.33135	0.328734	0.335234	0.333848	0.323066	0.318482	0.328282	0.330013	0.326168	0.335781	0.334864	0.331196	0.329678	0.339155	0.329131	0.33199	0.33169	0.340829	0.33358	0.331385	0.324129	0.33273	0.324314	0.33173	0.32493	0.335714	0.329947	0.327044	0.32981	0.331208	0.328128	0.331775	0.327146	0.335278	0.329894	0.333027	0.340387	0.325852	0.323723	0.331794	0.327286	0.339256	0.330713	0.339893	0.344748	0.338859	0.345178	0.334395	0.337181	0.333912	0.331307	0.336739	0.335923	0.330532	0.336904	0.324235	0.328086	0.329334	0.329501	0.336876	0.331511	0.325993	0.33209	0.326359	0.326896	0.343724	0.342947	0.328704	0.327163	0.328042	0.337355	0.334023	0.336462	0.331092	0.345846	0.328982	0.331603	0.335329	0.336675	0.332175	0.330414	0.334924	0.335931	0.333263	0.339319	0.338276	0.333021	0.332758	0.335845	0.352444	0.33138	0.3315	0.329628	0.343798	0.360254	0.356036	0.343831	0.354651	0.340934	0.353196	0.346993	0.338502	0.353884	0.345378	0.344479	0.338433	0.347319	0.343016	0.340682	0.336957	0.361682	0.355158	0.36222	0.354357	0.335449	0.336477	0.334628	0.339881
0.328157	0.317474	0.31494	0.321104	0.313308	0.311421	0.313888	0.320164	0.310234	0.313668	0	0.323664	0.3228	0.317876	0.309897	0.322156	0.315933	0.30903	0.316102	0.322454	0.344369	0.355573	0.343665	0.344673	0.342655	0.348234	0.369952	0.344131	0.346637	0.348297	0.340865	0.349696	0.345794	0.35428	0.341845	0.35027	0.343106	0.360188	0.345086	0.338507	0.338157	0.344012	0.346927	0.338585	0.342141	0.348186	0.335954	0.340258	0.350902	0.345183	0.340815	0.340541	0.341526	0.345843	0.339349	0.338632	0.340683	0.345317	0.347164	0.345276	0.344555	0.336456	0.337555	0.341908	0.339302	0.342169	0.342371	0.34691	0.351817	0.343714	0.345376	0.341892	0.337454	0.347965	0.338545	0.349198	0.343329	0.344482	0.343674	0.344688	0.347013	0.339208	0.343732	0.346666	0.346197	0.341712	0.350056	0.344823	0.338356	0.34766	0.342067	0.349608	0.340364	0.345741	0.364305	0.34921	0.355381	0.347407	0.351487	0.341751	0.347859	0.331282	0.344266	0.333028	0.341913	0.341469	0.345347	0.342112	0.346603	0.344746	0.339157	0.345664	0.347392	0.347521	0.344249	0.350383	0.354158	0.342059	0.342343	0.347137	0.34486	0.35	0.346544	0.352398	0.35014	0.350122	0.345605	0.344295	0.350255	0.344739	0.335114	0.35443	0.347893	0.346262	0.346982	0.347694	0.343433	0.343616	0.347364	0.357483	0.349977	0.344205	0.344751	0.346271	0.369183	0.36494	0.356338	0.361964	0.346935	0.360709	0.357577	0.352893	0.365157	0.361453	0.355099	0.349821	0.357531	0.35424	0.34734	0.347945	0.357657	0.353668	0.363781	0.367237	0.349393	0.345139	0.35292	0.351292
0.321982	0.330572	0.318782	0.321128	0.324473	0.323992	0.323753	0.331637	0.322772	0.324324	0.323664	0	0.331656	0.323946	0.328579	0.316107	0.31353	0.318483	0.320948	0.325538	0.354952	0.358531	0.349726	0.349894	0.348309	0.352365	0.365852	0.359537	0.356415	0.347157	0.350408	0.35908	0.348879	0.379503	0.343682	0.354738	0.348146	0.366944	0.348703	0.35064	0.352945	0.352245	0.346823	0.351805	0.350394	0.348556	0.346238	0.344959	0.360622	0.351221	0.345518	0.346012	0.35415	0.348916	0.351375	0.346632	0.346841	0.356798	0.353144	0.347862	0.347841	0.352979	0.351393	0.350827	0.348993	0.352202	0.349633	0.35724	0.353602	0.348765	0.344463	0.344836	0.352895	0.351125	0.351738	0.356957	0.348936	0.353078	0.347854	0.36044	0.347199	0.347746	0.343685	0.350375	0.347369	0.344304	0.35453	0.346202	0.352802	0.351847	0.350085	0.355194	0.34727	0.349495	0.35909	0.35266	0.362534	0.348541	0.354435	0.34926	0.352671	0.344786	0.352651	0.3534	0.341411	0.35146	0.357517	0.353864	0.342814	0.352337	0.351762	0.352562	0.346144	0.350371	0.346558	0.358049	0.353973	0.350185	0.349648	0.350793	0.357258	0.355385	0.35396	0.354387	0.361053	0.356522	0.354374	0.35819	0.365401	0.357034	0.347803	0.356854	0.364316	0.357806	0.353545	0.354969	0.356861	0.350995	0.355183	0.370345	0.358471	0.353526	0.357806	0.360307	0.369817	0.36533	0.355104	0.365246	0.361014	0.36395	0.37098	0.359334	0.374574	0.360706	0.359205	0.358139	0.359284	0.359068	0.361421	0.351526	0.362853	0.361783	0.374241	0.378748	0.361331	0.354116	0.355408	0.353877
0.31674	0.320978	0.307537	0.320372	0.313869	0.311938	0.308441	0.308337	0.308802	0.311981	0.3228	0.331656	0	0.318524	0.315853	0.309868	0.301556	0.31	0.309524	0.302943	0.334137	0.350308	0.344022	0.333851	0.330763	0.332031	0.355915	0.336851	0.338078	0.341007	0.328756	0.339998	0.346412	0.360587	0.336	0.336678	0.337322	0.354906	0.339622	0.325759	0.33424	0.336026	0.335474	0.339502	0.325598	0.325225	0.336438	0.330939	0.333088	0.328455	0.329443	0.329608	0.340687	0.337217	0.328103	0.331305	0.32802	0.34125	0.332179	0.337631	0.337705	0.333686	0.337804	0.330871	0.32885	0.331756	0.338412	0.328339	0.336512	0.330072	0.333831	0.325271	0.330644	0.333614	0.32623	0.335196	0.336058	0.331937	0.328234	0.325592	0.326527	0.332722	0.331178	0.339984	0.330623	0.334925	0.336911	0.336068	0.328428	0.329543	0.333755	0.3391	0.333444	0.341865	0.359974	0.339953	0.352399	0.335249	0.336838	0.337443	0.321024	0.334575	0.334874	0.326757	0.332811	0.327178	0.334162	0.332084	0.328067	0.332274	0.327437	0.334541	0.33471	0.333034	0.331808	0.344976	0.340094	0.333701	0.336687	0.339544	0.336601	0.333513	0.341323	0.337893	0.337155	0.338827	0.336873	0.326187	0.334899	0.336855	0.338818	0.331699	0.337229	0.348762	0.340743	0.336712	0.338243	0.337991	0.336509	0.35168	0.337003	0.336111	0.336718	0.338536	0.358211	0.354919	0.342329	0.356342	0.340066	0.354643	0.334831	0.352999	0.356618	0.352401	0.348569	0.335998	0.344089	0.342626	0.341535	0.342264	0.364738	0.351422	0.356838	0.349951	0.343628	0.338586	0.340475	0.349012
0.32125	0.326529	0.315152	0.315687	0.312731	0.306624	0.313432	0.325147	0.312885	0.312826	0.317876	0.323946	0.318524	0	0.317507	0.310869	0.316184	0.310831	0.312067	0.307098	0.334224	0.34725	0.343598	0.33783	0.33998	0.342575	0.363195	0.338077	0.335732	0.34928	0.334698	0.342543	0.345788	0.356287	0.333115	0.342297	0.342986	0.35826	0.345156	0.334606	0.334372	0.331126	0.335745	0.341798	0.331199	0.333788	0.334678	0.336778	0.34023	0.342854	0.338086	0.341848	0.342094	0.337185	0.328231	0.336285	0.338985	0.3375	0.342954	0.341298	0.341263	0.338798	0.345009	0.336853	0.335764	0.332871	0.336051	0.337954	0.339777	0.340199	0.345212	0.33966	0.338502	0.335267	0.335923	0.346336	0.345617	0.334678	0.332832	0.339587	0.338755	0.340144	0.335248	0.334365	0.339024	0.339482	0.351512	0.339185	0.331595	0.340812	0.338415	0.348742	0.334877	0.344421	0.351193	0.341074	0.350137	0.351541	0.34088	0.339315	0.342376	0.337361	0.347614	0.339597	0.343086	0.337938	0.342087	0.338136	0.327466	0.347317	0.345523	0.343474	0.343183	0.342242	0.341154	0.336146	0.339624	0.347099	0.343582	0.340498	0.34545	0.341011	0.339368	0.345041	0.350146	0.332683	0.338095	0.338358	0.347419	0.337645	0.35054	0.335936	0.342502	0.345819	0.347428	0.347656	0.337241	0.33909	0.349269	0.349471	0.34672	0.340233	0.351276	0.354106	0.371134	0.366139	0.351527	0.358738	0.344727	0.350422	0.345279	0.351294	0.35982	0.347139	0.351703	0.343505	0.350311	0.34832	0.350603	0.338862	0.35409	0.350112	0.362249	0.366726	0.352501	0.33015	0.344876	0.355425
0.312686	0.315395	0.306163	0.32341	0.310297	0.30886	0.30936	0.314759	0.305321	0.307233	0.309897	0.328579	0.315853	0.317507	0	0.305203	0.295823	0.301918	0.311997	0.303782	0.336508	0.353779	0.340703	0.339407	0.339749	0.338271	0.366106	0.338302	0.338979	0.340899	0.334987	0.343075	0.341249	0.360092	0.33766	0.337025	0.344562	0.349723	0.340413	0.331064	0.340866	0.335349	0.338059	0.336455	0.332928	0.338383	0.335393	0.340111	0.337476	0.337	0.333261	0.338119	0.347288	0.338565	0.330716	0.336991	0.338608	0.3399	0.328212	0.339046	0.342505	0.343131	0.335179	0.341031	0.330528	0.337917	0.335335	0.342864	0.341944	0.336704	0.33872	0.338986	0.333537	0.341383	0.336021	0.348892	0.345427	0.33752	0.333659	0.346376	0.33497	0.33454	0.330817	0.343583	0.332304	0.336014	0.349321	0.335433	0.334705	0.341631	0.331299	0.343775	0.339921	0.346608	0.35559	0.339243	0.352617	0.33669	0.344865	0.337305	0.339385	0.328753	0.346387	0.336264	0.337136	0.339478	0.33855	0.337367	0.340726	0.342269	0.337438	0.341148	0.343698	0.336864	0.34435	0.346748	0.341359	0.348694	0.339199	0.340779	0.348844	0.34002	0.34279	0.336463	0.344119	0.340828	0.342561	0.335123	0.346835	0.337914	0.339042	0.336357	0.339823	0.351158	0.343487	0.342905	0.342296	0.338105	0.345383	0.36012	0.344983	0.343164	0.34506	0.350991	0.359813	0.365942	0.351065	0.361889	0.345762	0.360374	0.350348	0.349011	0.366844	0.347538	0.34584	0.350022	0.350924	0.340597	0.345812	0.349415	0.355022	0.355615	0.360631	0.364151	0.359465	0.33625	0.343223	0.358574
0.307654	0.315665	0.296465	0.315739	0.307882	0.30379	0.306602	0.299584	0.308991	0.303849	0.322156	0.316107	0.309868	0.310869	0.305203	0	0.298344	0.295244	0.303284	0.296339	0.332396	0.339915	0.322953	0.337324	0.337458	0.334168	0.361974	0.334131	0.333661	0.332333	0.329881	0.332644	0.334367	0.357408	0.332251	0.338758	0.335245	0.359088	0.33484	0.332152	0.331484	0.323661	0.331671	0.324995	0.324712	0.327641	0.325115	0.323494	0.327825	0.335229	0.323485	0.323168	0.341266	0.331219	0.325802	0.324289	0.32363	0.331415	0.328891	0.334406	0.336004	0.329799	0.330157	0.331499	0.319442	0.33623	0.326782	0.335587	0.326445	0.325083	0.327667	0.321472	0.328776	0.330305	0.329398	0.336776	0.32768	0.327546	0.323367	0.341093	0.324673	0.324964	0.322046	0.332299	0.324599	0.326497	0.332297	0.32979	0.320245	0.326562	0.331531	0.340306	0.333475	0.332126	0.351808	0.342854	0.349253	0.331112	0.334206	0.332153	0.322401	0.324851	0.341139	0.332635	0.323921	0.327897	0.33328	0.334346	0.33074	0.33339	0.333849	0.327028	0.331871	0.32417	0.327995	0.337769	0.336602	0.334869	0.327936	0.328997	0.336335	0.3298	0.329272	0.33938	0.334935	0.322757	0.329395	0.328859	0.333733	0.328887	0.331313	0.325719	0.338026	0.32908	0.332268	0.329819	0.334364	0.32982	0.325884	0.345731	0.330093	0.332342	0.335233	0.344348	0.350515	0.355735	0.33308	0.35332	0.338857	0.354902	0.335273	0.347491	0.352458	0.33821	0.338634	0.3333	0.335867	0.335084	0.335141	0.335128	0.351348	0.353741	0.35336	0.358718	0.343837	0.33511	0.336782	0.350251
0.300449	0.313255	0.299712	0.312989	0.29223	0.298067	0.289599	0.294776	0.306309	0.295135	0.315933	0.31353	0.301556	0.316184	0.295823	0.298344	0	0.29063	0.296878	0.297828	0.327036	0.34213	0.326637	0.321298	0.325775	0.329513	0.358553	0.328328	0.333887	0.330983	0.322533	0.327683	0.327042	0.349067	0.327708	0.329188	0.32999	0.34466	0.330186	0.325144	0.328411	0.329056	0.327544	0.328606	0.323985	0.330425	0.324917	0.319527	0.327365	0.333087	0.325937	0.327736	0.33507	0.327378	0.311929	0.318717	0.322303	0.330149	0.327084	0.329306	0.335711	0.326778	0.328955	0.321176	0.328674	0.333525	0.334243	0.338448	0.327278	0.321291	0.32568	0.318699	0.318735	0.32733	0.323214	0.330366	0.327157	0.323677	0.317333	0.332745	0.323923	0.325779	0.321366	0.33083	0.329623	0.322673	0.336619	0.329887	0.325806	0.326773	0.323976	0.333682	0.327811	0.331591	0.350887	0.33313	0.345023	0.327462	0.330567	0.323735	0.323239	0.326228	0.333536	0.32428	0.323048	0.323004	0.328653	0.330675	0.327311	0.329899	0.326951	0.329555	0.323215	0.329727	0.321125	0.337738	0.335849	0.329253	0.326238	0.325906	0.331126	0.334677	0.331551	0.331395	0.341067	0.324233	0.326954	0.324456	0.329617	0.326394	0.324559	0.33269	0.332229	0.332098	0.326868	0.326573	0.328057	0.328725	0.335662	0.34669	0.330091	0.323602	0.32968	0.335986	0.359322	0.357743	0.333204	0.345626	0.338105	0.349922	0.338213	0.338183	0.359109	0.341559	0.332712	0.330616	0.340317	0.333094	0.339682	0.337188	0.352308	0.344443	0.361648	0.356097	0.34653	0.33314	0.331669	0.342327
0.301742	0.317843	0.296108	0.309093	0.297154	0.303718	0.303173	0.296141	0.298138	0.29795	0.30903	0.318483	0.31	0.310831	0.301918	0.295244	0.29063	0	0.293224	0.29498	0.32771	0.344348	0.329367	0.328563	0.329835	0.324477	0.361529	0.325833	0.328538	0.331625	0.333391	0.335905	0.3349	0.361169	0.326242	0.33405	0.333199	0.347926	0.325757	0.324546	0.32128	0.324178	0.320156	0.319457	0.321527	0.325133	0.318356	0.320293	0.329789	0.323512	0.324428	0.324703	0.325656	0.330324	0.316122	0.323993	0.321033	0.329676	0.325235	0.330874	0.337089	0.326227	0.33041	0.328202	0.319833	0.32811	0.329189	0.335841	0.320232	0.324572	0.328197	0.324107	0.32715	0.324455	0.3224	0.339571	0.321943	0.320363	0.316047	0.33029	0.318886	0.324465	0.321429	0.335334	0.332573	0.323618	0.333806	0.330858	0.327367	0.323632	0.328874	0.332416	0.331614	0.33134	0.350966	0.338552	0.340877	0.331094	0.33739	0.323484	0.324525	0.323939	0.334074	0.332073	0.313375	0.328084	0.330071	0.325278	0.326154	0.326927	0.331541	0.323562	0.333414	0.325829	0.322155	0.335052	0.335342	0.330887	0.325427	0.327036	0.3261	0.331545	0.33624	0.330365	0.344126	0.331972	0.335589	0.329007	0.326183	0.330714	0.31667	0.329217	0.32994	0.331655	0.326532	0.330205	0.329461	0.329469	0.332451	0.34639	0.32695	0.334223	0.333795	0.338539	0.356645	0.358028	0.33824	0.34699	0.339172	0.349943	0.338219	0.342376	0.362817	0.34501	0.336509	0.333201	0.330501	0.333572	0.336704	0.336893	0.355958	0.338836	0.360436	0.355718	0.350524	0.324704	0.342066	0.334224
0.303568	0.321208	0.311412	0.310341	0.306956	0.305961	0.300834	0.303115	0.307916	0.30794	0.316102	0.320948	0.309524	0.312067	0.311997	0.303284	0.296878	0.293224	0	0.298883	0.333747	0.352085	0.333783	0.336911	0.335197	0.334691	0.370535	0.333584	0.332438	0.337599	0.335373	0.333085	0.335635	0.357521	0.332944	0.333319	0.338887	0.34821	0.338151	0.326338	0.334477	0.338717	0.333492	0.325405	0.33053	0.335347	0.325618	0.328565	0.332231	0.333449	0.32793	0.334236	0.33547	0.331947	0.328874	0.321519	0.327167	0.329277	0.330755	0.336557	0.337434	0.327328	0.3394	0.33564	0.329059	0.335419	0.331629	0.343615	0.342206	0.332491	0.334202	0.328381	0.325735	0.328775	0.324184	0.341592	0.333015	0.325244	0.326732	0.335331	0.32956	0.326299	0.327465	0.33807	0.324751	0.332848	0.340177	0.335328	0.327006	0.327748	0.33719	0.341764	0.330819	0.344437	0.355651	0.335903	0.351323	0.331762	0.334884	0.325991	0.331548	0.333515	0.338573	0.336515	0.329109	0.329955	0.335702	0.335244	0.338748	0.336673	0.336702	0.330525	0.338992	0.333669	0.334341	0.343942	0.339083	0.337365	0.331882	0.333209	0.339863	0.336189	0.33934	0.333702	0.339096	0.327163	0.329569	0.333731	0.334838	0.337541	0.329979	0.329297	0.336994	0.335809	0.335629	0.335539	0.332953	0.336076	0.336313	0.359143	0.331951	0.329592	0.33807	0.341006	0.362871	0.367262	0.345531	0.353402	0.340499	0.350129	0.34184	0.345127	0.363359	0.346797	0.33625	0.334825	0.339969	0.335999	0.34312	0.339592	0.355368	0.3535	0.366237	0.358641	0.346396	0.338011	0.340468	0.339441
0.310804	0.308812	0.303759	0.304562	0.304373	0.304795	0.308986	0.299388	0.305011	0.297142	0.322454	0.325538	0.302943	0.307098	0.303782	0.296339	0.297828	0.29498	0.298883	0	0.329506	0.342133	0.332505	0.325194	0.327244	0.327741	0.361146	0.336659	0.336974	0.331794	0.32178	0.333128	0.331967	0.348442	0.328981	0.331868	0.333663	0.348592	0.332313	0.330607	0.331083	0.331338	0.329668	0.326717	0.329493	0.330844	0.319334	0.325356	0.334003	0.327531	0.324287	0.329796	0.335846	0.329969	0.327617	0.322821	0.323041	0.327031	0.331834	0.328543	0.333586	0.328868	0.331899	0.334305	0.322771	0.332064	0.32893	0.332645	0.333543	0.323527	0.33064	0.324943	0.326983	0.327559	0.323835	0.335107	0.335922	0.328493	0.328467	0.332623	0.318778	0.328858	0.327615	0.336709	0.326356	0.327767	0.332954	0.331728	0.319198	0.328604	0.324748	0.335489	0.335996	0.331408	0.349995	0.342199	0.344924	0.337971	0.328835	0.328384	0.32744	0.327585	0.335576	0.332211	0.329148	0.327815	0.332289	0.328118	0.327903	0.326259	0.334167	0.330453	0.326195	0.325266	0.326432	0.343348	0.337677	0.333672	0.33327	0.328456	0.33303	0.333647	0.325724	0.336516	0.336817	0.327505	0.331383	0.327767	0.331866	0.328852	0.330968	0.329498	0.335588	0.337769	0.330548	0.336366	0.333157	0.330784	0.337552	0.357135	0.332339	0.330834	0.339538	0.340837	0.363408	0.363377	0.338794	0.356801	0.343639	0.356862	0.34322	0.34356	0.359869	0.347647	0.3352	0.331643	0.341523	0.340556	0.341643	0.340033	0.358618	0.34366	0.359482	0.357921	0.346854	0.332995	0.332902	0.341951
0.337831	0.342258	0.328514	0.343169	0.341253	0.330946	0.332227	0.337763	0.333262	0.335722	0.344369	0.354952	0.334137	0.334224	0.336508	0.332396	0.327036	0.32771	0.333747	0.329506	0	0.319582	0.316587	0.312455	0.305761	0.313017	0.335468	0.307463	0.175807	0.307713	0.3162	0.308621	0.314759	0.331049	0.310525	0.311789	0.31499	0.333024	0.309831	0.315785	0.328347	0.322746	0.3266	0.318234	0.32077	0.31989	0.313046	0.324326	0.32128	0.325443	0.3196	0.323247	0.325688	0.318871	0.311188	0.323649	0.315214	0.329839	0.319113	0.326436	0.325372	0.323349	0.320498	0.326261	0.316542	0.322283	0.316415	0.336023	0.321972	0.327206	0.319048	0.322774	0.322622	0.327469	0.321527	0.340181	0.31798	0.322341	0.31928	0.32751	0.315469	0.325073	0.32531	0.32888	0.328045	0.321445	0.329192	0.326299	0.321163	0.323797	0.325065	0.327633	0.32629	0.326027	0.339604	0.336138	0.344742	0.332708	0.334156	0.328321	0.321563	0.320957	0.3252	0.32504	0.324446	0.326885	0.325627	0.32754	0.328187	0.325262	0.330511	0.318603	0.321085	0.322806	0.31949	0.334579	0.325104	0.329464	0.324056	0.316983	0.336341	0.326963	0.330819	0.322225	0.334366	0.324712	0.323696	0.328521	0.326518	0.324439	0.327599	0.322988	0.321949	0.329974	0.3255	0.324853	0.321094	0.328812	0.323543	0.343954	0.322649	0.324105	0.330551	0.329822	0.349122	0.35207	0.328872	0.348441	0.332329	0.344455	0.340259	0.340332	0.355008	0.336233	0.333934	0.329449	0.332586	0.333424	0.335328	0.329061	0.344164	0.344352	0.351968	0.354196	0.346725	0.319672	0.329717	0.33876
0.343487	0.359218	0.341972	0.356547	0.344512	0.348248	0.336962	0.34829	0.347725	0.346811	0.355573	0.358531	0.350308	0.34725	0.353779	0.339915	0.34213	0.344348	0.352085	0.342133	0.319582	0	0.317981	0.319741	0.317124	0.316221	0.336655	0.317686	0.321767	0.320644	0.322321	0.32242	0.320267	0.338753	0.326152	0.318393	0.323812	0.33086	0.315752	0.331426	0.337941	0.331631	0.331284	0.332957	0.330449	0.334482	0.332078	0.326526	0.330689	0.341754	0.328588	0.334817	0.337668	0.332269	0.328733	0.335516	0.32807	0.337658	0.336506	0.335227	0.33844	0.334109	0.342004	0.330684	0.331252	0.335055	0.336941	0.344456	0.336821	0.329442	0.33581	0.33529	0.335054	0.347008	0.339823	0.346714	0.341214	0.336893	0.339329	0.333676	0.331148	0.332913	0.336712	0.336965	0.335496	0.333235	0.342761	0.337426	0.333721	0.335662	0.331865	0.34403	0.337592	0.335332	0.350552	0.341214	0.345227	0.337367	0.3423	0.336792	0.329722	0.342149	0.342482	0.338209	0.336962	0.343665	0.338731	0.334048	0.334858	0.337053	0.335706	0.336845	0.334593	0.342103	0.334898	0.344882	0.331919	0.336896	0.336707	0.336609	0.340541	0.341114	0.333622	0.335205	0.34533	0.330913	0.330652	0.338451	0.339649	0.346302	0.332119	0.327969	0.341143	0.34261	0.335449	0.334426	0.339868	0.341018	0.331819	0.34615	0.330808	0.336699	0.340162	0.34529	0.346798	0.35207	0.342573	0.355915	0.343802	0.353613	0.347094	0.345765	0.35985	0.344586	0.338852	0.334397	0.347308	0.342228	0.338374	0.343984	0.352938	0.342954	0.361889	0.364827	0.344925	0.328234	0.334613	0.347859
0.337425	0.337512	0.332692	0.335991	0.328329	0.336811	0.337225	0.333487	0.329963	0.328538	0.343665	0.349726	0.344022	0.343598	0.340703	0.322953	0.326637	0.329367	0.333783	0.332505	0.316587	0.317981	0	0.308705	0.307581	0.307382	0.341303	0.307449	0.316343	0.310471	0.308914	0.310832	0.317384	0.333618	0.310898	0.315778	0.315872	0.328856	0.305528	0.316595	0.328131	0.320947	0.319712	0.321921	0.316432	0.312747	0.317587	0.318427	0.327671	0.329425	0.321853	0.321213	0.322848	0.324877	0.312378	0.318781	0.322325	0.314397	0.325227	0.320844	0.329291	0.324284	0.326022	0.322246	0.321686	0.324431	0.325029	0.328278	0.327392	0.324334	0.316178	0.322194	0.321946	0.325142	0.318017	0.331735	0.325883	0.323684	0.317707	0.327424	0.31043	0.320124	0.321024	0.330167	0.327179	0.320197	0.327381	0.329211	0.323093	0.321485	0.323538	0.336011	0.3213	0.320328	0.343247	0.332059	0.339205	0.329068	0.332657	0.3228	0.321894	0.318429	0.328325	0.316668	0.326809	0.319176	0.323073	0.327318	0.322605	0.326524	0.325489	0.319148	0.328158	0.320659	0.321578	0.331773	0.3299	0.323968	0.324004	0.3233	0.333316	0.325776	0.321157	0.323623	0.334445	0.319122	0.320005	0.323116	0.327393	0.321059	0.319595	0.322297	0.328354	0.327865	0.323543	0.328457	0.321056	0.328165	0.325838	0.341891	0.317334	0.319904	0.328482	0.333909	0.34545	0.354932	0.324862	0.335906	0.334713	0.340302	0.332537	0.326558	0.343303	0.333759	0.328813	0.321296	0.328202	0.320812	0.325292	0.327633	0.341392	0.343817	0.346827	0.34997	0.341734	0.322522	0.323825	0.329908
0.338771	0.341688	0.328127	0.338758	0.337394	0.331595	0.333115	0.329535	0.32561	0.334862	0.344673	0.349894	0.333851	0.33783	0.339407	0.337324	0.321298	0.328563	0.336911	0.325194	0.312455	0.319741	0.308705	0	0.300286	0.309781	0.333276	0.307161	0.311454	0.305377	0.309677	0.306556	0.308826	0.329363	0.305135	0.313612	0.309987	0.320937	0.299956	0.322158	0.324224	0.319094	0.323374	0.315176	0.327563	0.324245	0.309867	0.316132	0.319149	0.32238	0.315081	0.319209	0.316893	0.318082	0.314295	0.316823	0.309275	0.319192	0.314679	0.317364	0.330526	0.319214	0.320178	0.325478	0.32004	0.321717	0.316803	0.330509	0.324643	0.319787	0.32174	0.319332	0.325991	0.325616	0.319078	0.332728	0.322938	0.324917	0.320023	0.323284	0.314145	0.317491	0.314109	0.325473	0.322772	0.316869	0.330288	0.326329	0.313296	0.316987	0.322154	0.322537	0.325333	0.323021	0.341348	0.332817	0.334485	0.334456	0.328367	0.319178	0.313592	0.326163	0.328077	0.323728	0.320159	0.320018	0.323988	0.327021	0.325823	0.325852	0.324846	0.31932	0.318549	0.324532	0.315342	0.337337	0.328621	0.321117	0.322814	0.319274	0.329043	0.327926	0.315411	0.316372	0.326929	0.326008	0.320594	0.324131	0.322582	0.326487	0.317924	0.31738	0.322629	0.327688	0.318386	0.328117	0.32364	0.327538	0.324906	0.336969	0.315829	0.315658	0.323676	0.335239	0.345468	0.349966	0.327575	0.348931	0.329438	0.341599	0.331939	0.334636	0.35162	0.334942	0.321693	0.324676	0.32888	0.320944	0.331612	0.330729	0.34419	0.334087	0.35532	0.350248	0.339162	0.319056	0.330431	0.335992
0.336855	0.344546	0.329066	0.342117	0.336124	0.331559	0.332861	0.330902	0.331083	0.331855	0.342655	0.348309	0.330763	0.33998	0.339749	0.337458	0.325775	0.329835	0.335197	0.327244	0.305761	0.317124	0.307581	0.300286	0	0.300695	0.323701	0.309259	0.309223	0.296208	0.302531	0.303978	0.31175	0.334615	0.307103	0.307494	0.297438	0.321757	0.307134	0.319001	0.323083	0.32421	0.321174	0.317745	0.32194	0.316636	0.321378	0.321989	0.325534	0.329245	0.32094	0.325516	0.324407	0.319277	0.311852	0.325369	0.314652	0.321773	0.319236	0.326327	0.332391	0.326822	0.321544	0.323532	0.323177	0.318374	0.320495	0.334835	0.314704	0.317145	0.314695	0.317689	0.319607	0.323472	0.316548	0.323844	0.319596	0.324541	0.323229	0.32791	0.318544	0.314985	0.319621	0.32964	0.318529	0.31958	0.320429	0.318296	0.319352	0.32152	0.319456	0.330483	0.318339	0.325526	0.342848	0.323095	0.339031	0.325884	0.327528	0.320996	0.320187	0.326011	0.324882	0.32266	0.319629	0.321529	0.324167	0.327072	0.324859	0.320554	0.32336	0.322425	0.326796	0.321387	0.322275	0.330511	0.326725	0.322511	0.327062	0.324532	0.336529	0.325346	0.32399	0.320914	0.335232	0.320435	0.323376	0.319157	0.319567	0.32248	0.320632	0.317607	0.324599	0.321464	0.316926	0.324	0.326281	0.320013	0.322147	0.334389	0.324026	0.315075	0.323038	0.332356	0.356502	0.354281	0.32474	0.347725	0.330457	0.346542	0.329667	0.338544	0.347867	0.338521	0.323344	0.323737	0.324329	0.324929	0.331765	0.331916	0.347817	0.335678	0.361017	0.351747	0.342898	0.324656	0.335626	0.331964
0.333901	0.349444	0.323178	0.342896	0.335363	0.330385	0.326264	0.333956	0.327258	0.330086	0.348234	0.352365	0.332031	0.342575	0.338271	0.334168	0.329513	0.324477	0.334691	0.327741	0.313017	0.316221	0.307382	0.309781	0.300695	0	0.327681	0.311408	0.310378	0.307604	0.307337	0.306702	0.304162	0.33365	0.306772	0.312855	0.305455	0.325854	0.306275	0.319574	0.323133	0.323762	0.312533	0.320488	0.322121	0.319721	0.317629	0.319006	0.320237	0.321174	0.323075	0.321346	0.324187	0.3143	0.310785	0.318933	0.319385	0.324158	0.320099	0.322736	0.329337	0.325846	0.323424	0.325054	0.321628	0.32186	0.320231	0.334537	0.320721	0.317167	0.31692	0.321337	0.317471	0.320074	0.321854	0.325971	0.318077	0.317865	0.319618	0.324558	0.313178	0.319251	0.316369	0.32454	0.325185	0.316845	0.327204	0.317507	0.317307	0.317088	0.323377	0.330042	0.323494	0.319666	0.341447	0.330535	0.334964	0.329856	0.324811	0.320699	0.321456	0.325347	0.329665	0.322748	0.322325	0.319673	0.324935	0.332585	0.319521	0.326123	0.320967	0.314388	0.324185	0.324226	0.318369	0.333641	0.329088	0.327998	0.331778	0.325949	0.330794	0.327902	0.323282	0.319245	0.325456	0.321966	0.320291	0.31277	0.319756	0.327391	0.321999	0.315118	0.325444	0.320734	0.32446	0.329041	0.326337	0.323084	0.317656	0.341547	0.317847	0.317657	0.321694	0.331776	0.348787	0.352975	0.328292	0.344854	0.330941	0.340828	0.328106	0.335642	0.343507	0.337851	0.329213	0.318831	0.330644	0.327837	0.330311	0.334825	0.338212	0.337633	0.360189	0.351823	0.342083	0.324456	0.326894	0.336942
