0.0121785 0.948346 9.9964E-05 0.031493 9.9964E-05 9.9964E-05 9.9964E-05 0.00758266
0.126341 0.729243 9.9982E-05 0.00933887 0.0337232 0.0173342 9.9982E-05 0.0838197
0.0959018 0.775283 9.9973E-05 0.0172528 0.057539 9.9973E-05 0.0537237 9.9973E-05
0.103582 0.736157 0.0405511 9.9973E-05 0.0412046 9.9973E-05 0.0782055 9.9973E-05
0.126637 0.803889 0.00899292 9.9973E-05 0.0207702 0.0394108 9.9973E-05 9.9973E-05
9.99689E-05 0.888603 0.0414844 0.00163743 0.0678755 9.99689E-05 9.99689E-05 9.99689E-05
9.9955E-05 0.897522 9.9955E-05 9.9955E-05 0.054137 0.0478416 9.9955E-05 9.9955E-05
0.0140458 0.82857 0.0917825 0.00623273 0.0429732 0.0161954 9.9982E-05 9.9982E-05
0.023945 0.747886 9.9982E-05 9.9982E-05 0.131974 0.0505184 0.0152441 0.0302329
0.069443 0.83742 0.000469584 9.9973E-05 0.0658906 9.9973E-05 0.0264766 9.9973E-05
0.109852 0.757184 0.0109798 9.9982E-05 0.100656 9.9982E-05 0.00286319 0.0182654
0.082898 0.760599 9.9964E-05 0.00938622 9.9964E-05 9.9964E-05 0.146717 9.9964E-05
9.9982E-05 0.781219 9.9982E-05 0.00728701 0.00260741 0.163612 0.0254678 0.0196067
9.9973E-05 0.688149 9.9973E-05 0.0432967 0.0729505 9.9973E-05 0.132439 0.0628644
0.0580099 0.808547 9.9973E-05 9.9973E-05 0.0667015 0.0431614 9.9973E-05 0.0232804
9.9973E-05 0.862755 0.0124534 9.9973E-05 0.0858864 0.0355768 0.00302837 9.9973E-05
9.9955E-05 0.940908 0.0484278 0.0101643 9.9955E-05 9.9955E-05 9.9955E-05 9.9955E-05
9.994E-05 0.9993 9.994E-05 9.994E-05 9.994E-05 9.994E-05 9.994E-05 9.994E-05
9.9955E-05 0.983437 9.9955E-05 0.0143616 9.9955E-05 0.00170209 9.9955E-05 9.9955E-05
9.9964E-05 0.881052 0.0569501 0.00117753 9.9964E-05 9.9964E-05 0.0604202 9.9964E-05
9.994E-05 9.994E-05 9.994E-05 9.994E-05 9.994E-05 9.994E-05 0.9993 9.994E-05
0.0811327 0.01032 9.9973E-05 0.125025 9.9973E-05 9.9973E-05 0.702348 0.0808741
9.9982E-05 0.0120302 9.9982E-05 0.136971 0.0099207 0.165779 0.620362 0.0547375
9.9964E-05 9.9964E-05 0.0195094 0.105071 9.9964E-05 0.0580265 0.816993 9.9964E-05
9.9964E-05 9.9964E-05 9.9964E-05 9.9964E-05 0.0093668 0.157294 0.819433 0.0135071
9.9973E-05 0.0204343 0.035161 0.0294238 9.9973E-05 0.184252 0.730429 9.9973E-05
9.9973E-05 9.9973E-05 9.9973E-05 0.0464173 0.0280568 0.114159 0.704801 0.106266
9.994E-05 9.994E-05 9.994E-05 9.994E-05 9.994E-05 9.994E-05 0.9993 9.994E-05
9.9973E-05 9.9973E-05 0.00398466 9.9973E-05 0.0689 0.226704 0.678675 0.0214364
0.0634702 9.9982E-05 9.9982E-05 0.128382 0.0427855 0.137735 0.544422 0.0830056
0.0385144 9.9964E-05 9.9964E-05 9.9964E-05 0.142007 0.159388 0.659691 9.9964E-05
9.9973E-05 9.9973E-05 0.012516 0.163225 9.9973E-05 0.154527 0.665499 0.00393333
9.9973E-05 0.0506394 9.9973E-05 0.0798351 0.0406722 0.207461 0.621093 9.9973E-05
0.102489 9.9973E-05 9.9973E-05 9.9973E-05 0.0965624 0.160551 0.593865 0.0462329
0.0771047 0.01645 0.0326129 9.9991E-05 0.0298922 0.159409 0.582957 0.101474
0.342402 0.0462464 9.9982E-05 0.00863452 0.163961 9.9982E-05 0.420605 0.0179505
0.109837 9.9991E-05 0.0346844 0.127018 0.0150603 0.0457666 0.59798 0.069553
9.9964E-05 9.9964E-05 0.0330964 0.715498 9.9964E-05 0.195164 9.9964E-05 0.0558414
9.9973E-05 9.9973E-05 0.0378363 0.628222 0.0620228 0.125886 9.9973E-05 0.145733
0.0168561 0.0297253 0.071621 0.756645 0.0156976 0.0810412 0.00780681 0.0206066
9.9973E-05 9.9973E-05 9.9973E-05 0.783005 0.00436609 0.0766522 0.0189399 0.116737
0.109306 0.0231656 0.0512977 0.815831 9.9964E-05 9.9964E-05 9.9964E-05 9.9964E-05
9.999E-05 0.0399184 0.02656 0.724737 0.0451916 0.0294542 0.0378967 0.0961425
0.0917888 0.0902171 9.9964E-05 0.68064 0.136954 9.9964E-05 9.9964E-05 9.9964E-05
0.163869 9.9973E-05 9.9973E-05 0.772024 0.00201921 9.9973E-05 0.03932 0.022468
0.0157135 0.0393493 0.0228807 0.75874 0.0488661 0.11425 9.9982E-05 9.9982E-05
9.9964E-05 9.9964E-05 0.0666438 0.771452 9.9964E-05 9.9964E-05 0.0311642 0.130341
9.9982E-05 0.0311727 9.9982E-05 0.84786 0.00904917 0.0160222 0.0165799 0.0791162
0.041656 9.9973E-05 9.9973E-05 0.915047 9.9973E-05 0.00359133 0.0202633 0.0191427
0.115234 0.0403975 9.9982E-05 0.800486 0.0277035 9.9982E-05 0.00616655 0.00981239
0.010573 0.0100344 0.0362498 0.810988 9.9982E-05 0.125584 9.9982E-05 0.00637148
9.9955E-05 9.9955E-05 0.030613 0.889162 9.9955E-05 9.9955E-05 0.0797255 9.9955E-05
9.9964E-05 9.9964E-05 0.0494945 0.833032 9.9964E-05 0.0269692 9.9964E-05 0.0901041
0.0579656 0.083288 0.0177131 0.740833 9.9982E-05 9.9982E-05 0.0505642 0.0494362
9.9982E-05 0.0432253 0.0604043 0.743388 0.0652304 0.00525023 9.9982E-05 0.0823013
0.0512851 0.00418635 0.0361927 0.73479 9.9973E-05 0.173246 9.9973E-05 9.9973E-05
9.999E-05 0.0877427 0.06029 0.70746 0.0606231 0.00575865 0.0624123 0.0156129
0.177109 9.9973E-05 9.9973E-05 0.182866 9.9973E-05 0.108876 0.0837101 0.447139
0.9993 9.994E-05 9.994E-05 9.994E-05 9.994E-05 9.994E-05 9.994E-05 9.994E-05
0.284699 0.00663257 0.0166696 0.00821904 0.0447244 9.9991E-05 0.0407277 0.598228
0.237131 0.0429289 0.0258119 0.0731692 9.9982E-05 0.0900755 9.9982E-05 0.530683
0.163541 9.9964E-05 0.0430566 9.9964E-05 9.9964E-05 0.161298 9.9964E-05 0.631704
0.156261 9.9973E-05 0.0337989 0.133794 9.9973E-05 0.0535352 9.9973E-05 0.622311
9.9964E-05 0.0100458 0.141463 9.9964E-05 9.9964E-05 9.9964E-05 0.0220468 0.826045
0.9993 9.994E-05 9.994E-05 9.994E-05 9.994E-05 9.994E-05 9.994E-05 9.994E-05
0.164534 0.0964879 0.0519596 9.9982E-05 0.0582752 0.0130788 9.9982E-05 0.615465
0.0111713 0.0612942 0.0960027 0.0207667 9.9982E-05 9.9982E-05 0.14408 0.666485
0.169074 0.0362047 0.0551318 9.9973E-05 9.9973E-05 0.185359 9.9973E-05 0.55393
0.093646 9.9973E-05 0.135534 9.9973E-05 9.9973E-05 0.0937626 0.0995487 0.577209
0.307588 0.017113 0.0705874 9.9991E-05 0.0236954 0.053703 0.0478248 0.479388
0.165608 0.0157374 0.0643056 9.9973E-05 9.9973E-05 0.0190929 9.9973E-05 0.734956
0.066131 9.9973E-05 0.0792775 0.0489559 9.9973E-05 0.189455 9.9973E-05 0.615881
0.392087 0.0250955 0.0220432 9.9982E-05 9.9982E-05 0.221462 0.0132001 0.325912
0.333145 0.0069833 9.9982E-05 0.0495081 9.9982E-05 0.392756 0.0392597 0.178148
0.0369945 9.9982E-05 0.0920394 0.230668 9.9982E-05 0.322666 0.0133472 0.304085
0.101885 0.0749757 0.0928064 0.204339 9.9991E-05 0.0560142 0.0522328 0.417647
0.135278 0.0504324 0.087804 0.450794 9.9982E-05 0.00806906 9.9982E-05 0.267422
9.9946E-05 9.9946E-05 0.0930422 9.9946E-05 9.9946E-05 9.9946E-05 9.9946E-05 0.906358
0.145791 0.0637064 0.129722 0.179824 9.9991E-05 0.0685287 0.147106 0.265221
0.0624129 9.9973E-05 0.0988874 0.111208 9.9973E-05 0.150954 9.9973E-05 0.576237
0.0909845 0.0312053 0.0676051 0.136408 9.9991E-05 0.177165 0.0414651 0.455067
0.0433769 0.0308526 0.0613767 9.9991E-05 0.00571059 0.171605 0.0581082 0.62887
0.0713717 0.0788411 0.0851439 0.0227212 9.9973E-05 9.9973E-05 9.9973E-05 0.741622
0.117611 0.0127406 0.105563 0.270891 0.166525 9.9991E-05 0.0919271 0.234642
0.203978 9.9973E-05 0.0627436 0.145055 0.585029 9.9973E-05 9.9973E-05 0.00289371
0.163086 0.0266121 0.0248626 0.165309 0.152784 0.197691 9.9991E-05 0.269556
0.0791599 0.0229904 0.0552134 0.0685929 0.0073888 0.197123 0.00706263 0.562469
0.180931 9.9982E-05 0.0551161 0.142511 0.0702081 0.288508 9.9982E-05 0.262526
0.160937 0.0176021 0.0261906 0.022469 0.0425102 0.147338 0.0250076 0.557946
0.917656 9.99459E-05 0.0817447 9.99459E-05 9.99459E-05 9.99459E-05 9.99459E-05 9.99459E-05
0.0488936 0.00387159 0.0856663 0.0484916 9.9991E-05 0.128594 0.0286592 0.655723
0.0538936 9.9973E-05 0.0497596 0.0779844 9.9973E-05 9.9973E-05 0.0249464 0.793116
0.380167 0.0624052 9.9973E-05 9.9973E-05 0.11945 9.9973E-05 0.0886673 0.349011
0.376507 0.0486315 0.0736304 0.121817 9.9982E-05 9.9982E-05 0.148462 0.230752
0.114509 0.029564 9.9973E-05 9.9973E-05 0.133433 9.9973E-05 0.0094037 0.71279
0.323752 0.0761516 9.9982E-05 9.9982E-05 0.0466989 0.0833952 0.0875206 0.382282
0.349183 0.019105 0.049898 0.0122726 0.0725659 0.305666 9.9991E-05 0.19121
0.104371 0.0633015 0.0658119 0.115248 9.9982E-05 0.0922161 9.9982E-05 0.558851
0.0524586 9.9982E-05 0.0709636 0.0451923 9.9982E-05 0.286428 0.00768714 0.537071
0.329592 0.00167754 0.110262 0.057952 0.00466017 0.00335148 0.001374 0.491131
0.0299126 9.9982E-05 0.021513 0.0605751 0.0412127 9.9982E-05 0.0514592 0.795127
0.210982 9.9973E-05 0.0956052 9.9973E-05 0.0811136 0.173432 9.9973E-05 0.438568
0.0673397 9.9955E-05 9.9955E-05 9.9955E-05 9.9955E-05 0.132766 9.9955E-05 0.799394
9.994E-05 9.994E-05 0.9993 9.994E-05 9.994E-05 9.994E-05 9.994E-05 9.994E-05
0.262063 0.0611524 0.0843307 0.0740555 9.9991E-05 0.259043 0.0114409 0.247815
0.0661024 0.0109337 0.055047 9.9982E-05 0.00573613 9.9982E-05 0.0447129 0.817268
0.158156 0.0123569 0.0505642 0.0461826 0.0369908 9.9991E-05 0.028245 0.667404
0.146132 0.0120948 9.9982E-05 0.109899 0.0164596 0.0430611 9.9982E-05 0.672154
0.122002 0.0235092 9.9973E-05 0.0525621 9.9973E-05 0.246448 9.9973E-05 0.555179
0.0573741 0.0195038 0.0630012 0.00378102 9.9991E-05 0.256838 0.0554843 0.543918
9.994E-05 9.994E-05 0.9993 9.994E-05 9.994E-05 9.994E-05 9.994E-05 9.994E-05
9.994E-05 9.994E-05 0.9993 9.994E-05 9.994E-05 9.994E-05 9.994E-05 9.994E-05
9.9964E-05 9.9964E-05 0.927038 0.0152822 9.9964E-05 9.9964E-05 0.0161411 0.0411389
0.497897 0.00990901 9.9982E-05 0.0225672 0.0349265 0.0147143 9.9982E-05 0.419786
0.373609 0.0120054 0.116308 0.000267981 0.0772544 9.9991E-05 0.0867473 0.333708
0.233111 0.0704293 0.0325577 9.9991E-05 0.000470578 0.198978 0.0560294 0.408324
0.0665028 0.03196 0.118416 0.0359463 9.9991E-05 0.00607323 0.0441009 0.696901
0.11225 0.00562938 0.0979868 0.052369 9.9982E-05 9.9982E-05 0.0673197 0.664245
0.982941 9.99459E-05 0.016459 9.99459E-05 9.99459E-05 9.99459E-05 9.99459E-05 9.99459E-05
0.293297 0.0590297 0.135149 0.0326135 0.0381887 0.0319801 0.0472466 0.362496
0.147246 9.9973E-05 9.9973E-05 9.9973E-05 0.0495807 0.577613 0.0303732 0.194887
9.9955E-05 9.9955E-05 9.9955E-05 9.9955E-05 0.00576185 0.905407 9.9955E-05 0.0883314
0.00351188 9.9955E-05 0.0839595 9.9955E-05 9.9955E-05 0.912029 9.9955E-05 9.9955E-05
0.101828 0.0271409 9.9973E-05 9.9973E-05 9.9973E-05 0.815406 0.025363 0.0299622
0.0411204 9.9982E-05 0.0380814 9.9982E-05 0.045344 0.735923 0.0833915 0.0559395
0.00501016 9.9955E-05 9.9955E-05 9.9955E-05 9.9955E-05 0.974672 0.0198182 9.9955E-05
9.9946E-05 0.0203885 9.9946E-05 9.9946E-05 9.9946E-05 0.979012 9.9946E-05 9.9946E-05
0.0376846 0.0737764 0.00256404 9.9973E-05 9.9973E-05 0.875346 0.0103291 9.9973E-05
9.9955E-05 9.9955E-05 0.0430628 0.0774021 9.9955E-05 0.879035 9.9955E-05 9.9955E-05
0.00700152 9.9973E-05 0.00760656 9.9973E-05 9.9973E-05 0.807045 0.0260904 0.151956
0.06236 0.00385493 0.00993798 0.0121827 9.9991E-05 0.842703 0.000770815 0.0680904
9.9973E-05 9.9973E-05 0.0381616 0.0573729 0.680889 0.181568 0.0417083 9.9973E-05
0.0635751 9.9982E-05 0.0375811 0.0180813 0.759425 0.0863976 0.0347398 9.9982E-05
9.9991E-05 0.0210918 0.0122574 0.0546594 0.717954 0.000526097 0.0705449 0.122866
9.9982E-05 0.0706094 0.00489085 0.118128 0.728643 0.04548 0.0320489 9.9982E-05
9.9973E-05 0.0282669 9.9973E-05 0.0970624 0.716387 9.9973E-05 0.0318852 0.126099
0.0384951 0.0154262 0.0236493 0.00856868 0.720659 0.115616 0.0495567 0.0280292
9.9964E-05 9.9964E-05 0.0301972 0.181182 0.678246 0.109975 9.9964E-05 9.9964E-05
9.9973E-05 0.00303236 0.0488702 9.9973E-05 0.737263 0.178061 0.0324734 9.9973E-05
0.135969 0.0403063 0.0406676 0.0790317 0.60117 9.9991E-05 0.0798492 0.0229061
9.9991E-05 0.0350944 0.00409315 0.159892 0.670866 0.072065 0.0362533 0.021636
9.9982E-05 0.0137763 0.00467056 0.0161563 0.743794 0.210107 0.0112953 9.9982E-05
9.9973E-05 0.0285752 9.9973E-05 0.197162 0.72052 9.9973E-05 0.00888179 0.0445601
0.0161833 0.0224691 0.026922 0.165802 0.592352 0.12466 0.0515111 9.9991E-05
0.215062 9.9982E-05 0.00439215 0.182535 0.555759 0.0233258 9.9982E-05 0.0187257
0.111982 0.0692271 0.0125001 9.9982E-05 0.724471 9.9982E-05 0.051904 0.0297163
0.139439 0.0644969 0.0149239 9.9982E-05 0.724144 9.9982E-05 0.00934335 0.0474535
0.0649473 9.9973E-05 0.0255219 0.0426936 0.739149 0.127388 9.9973E-05 9.9973E-05
0.0266294 0.027759 0.0213768 9.9991E-05 0.759572 0.03783 0.0194628 0.10727
9.9982E-05 0.0572929 0.0484106 0.0328677 0.792519 9.9982E-05 0.0671852 0.00152419
0.0298633 9.9964E-05 9.9964E-05 9.9964E-05 0.756699 9.9964E-05 0.0387168 0.174321
0.101821 0.0277499 0.0188293 9.9982E-05 0.638654 9.9982E-05 0.111057 0.101688
9.9973E-05 9.9973E-05 0.0855844 0.0288362 0.704538 0.125828 0.0549135 9.9973E-05
0.116281 0.0298835 0.0298142 9.9973E-05 0.702485 0.121236 9.9973E-05 9.9973E-05
0.123053 0.00752459 9.9964E-05 9.9964E-05 0.741024 0.127998 9.9964E-05 9.9964E-05
0.197681 0.00341259 0.0465067 9.9973E-05 0.662038 9.9973E-05 0.0900616 9.9973E-05
0.0515333 0.00959606 9.9973E-05 9.9973E-05 0.652661 0.25957 0.0263394 9.9973E-05
0.154659 0.0158132 9.9973E-05 9.9973E-05 0.73166 0.043721 0.0538473 9.9973E-05
0.174442 0.0480545 9.9982E-05 0.111881 0.564197 0.0501241 0.0511012 9.9982E-05
0.120555 9.9973E-05 9.9973E-05 0.109184 0.625485 0.116827 0.0276499 9.9973E-05
0.137918 9.9964E-05 9.9964E-05 0.0852965 0.713183 9.9964E-05 0.0632023 9.9964E-05
9.9964E-05 9.9964E-05 0.0165912 0.190924 0.699284 0.0928007 9.9964E-05 9.9964E-05
9.9982E-05 0.0910773 0.0247498 0.104458 0.699311 9.9982E-05 0.0189698 0.0612342
9.9973E-05 9.9973E-05 9.9973E-05 0.0642527 0.689713 0.0180025 0.0685478 0.159184
0.026899 9.9973E-05 0.0908714 9.9973E-05 0.726302 0.0986216 0.057006 9.9973E-05
9.9982E-05 0.0200473 0.0174056 9.9982E-05 0.755632 0.0652147 0.0115343 0.129966
0.105659 0.0224102 9.9982E-05 0.634818 0.139463 0.0456788 0.0517709 9.9982E-05
0.17938 0.0344148 9.9982E-05 0.624931 0.0704365 0.0431539 0.047484 9.9982E-05
0.261047 0.0892209 9.9982E-05 0.450583 0.0662501 0.0026497 0.13005 9.9982E-05
0.214883 0.0444274 0.0101184 0.506045 0.130522 0.0176277 0.0762755 9.9991E-05
0.0770344 0.0835436 0.0147371 0.585592 0.0653379 0.116823 0.0507869 0.00614488
9.9973E-05 9.9973E-05 0.0726492 0.711195 0.0467217 0.0356501 0.133484 9.9973E-05
0.0961852 9.9973E-05 9.9973E-05 0.820782 0.00535946 0.0489515 0.0284222 9.9973E-05
0.0274231 0.0965326 9.9973E-05 0.547685 9.9973E-05 0.179041 0.149019 9.9973E-05
