9.9955E-05 9.9955E-05 0.0302349 9.9955E-05 0.922558 9.9955E-05 0.0467074 9.9955E-05
9.9964E-05 9.9964E-05 0.206293 0.0744825 0.678629 9.9964E-05 0.0401958 9.9964E-05
9.9964E-05 9.9964E-05 0.0828688 9.9964E-05 0.77433 0.0285301 9.9964E-05 0.113871
0.00113251 0.0148782 0.032022 0.0835955 0.751704 0.0871523 9.9991E-05 0.0294154
0.037483 9.9964E-05 9.9964E-05 0.0372422 0.786696 0.138179 9.9964E-05 9.9964E-05
0.000281155 0.0564161 9.9964E-05 0.0838479 0.859055 9.9964E-05 9.9964E-05 9.9964E-05
0.0133323 0.00524363 9.9982E-05 0.0386894 0.912239 0.0140745 9.9982E-05 0.0162208
0.00566199 0.0383475 0.0266158 0.0162557 0.809929 0.0889319 0.0140445 0.000213956
9.9964E-05 0.00554157 9.9964E-05 0.109144 0.784606 0.100308 9.9964E-05 9.9964E-05
0.011612 0.00953286 0.00844196 0.0841011 0.804878 0.0311591 9.9991E-05 0.0501753
0.013043 0.0587208 0.137797 0.0206799 0.766675 9.9982E-05 9.9982E-05 0.00288376
9.9964E-05 9.9964E-05 0.0747914 9.9964E-05 0.741946 9.9964E-05 0.0764436 0.106419
9.9955E-05 0.078218 9.9955E-05 9.9955E-05 0.800848 0.120434 9.9955E-05 9.9955E-05
0.0367811 9.9982E-05 0.0574063 0.0908636 0.696188 0.019396 9.9982E-05 0.0991653
9.9973E-05 0.0345608 9.9973E-05 0.0394879 0.80839 0.0880125 9.9973E-05 0.0292493
0.0233433 0.0526102 9.9964E-05 0.103838 0.819809 9.9964E-05 9.9964E-05 9.9964E-05
0.0410837 9.9946E-05 9.9946E-05 9.9946E-05 0.958317 9.9946E-05 9.9946E-05 9.9946E-05
9.9955E-05 0.0547679 9.9955E-05 9.9955E-05 0.931273 9.9955E-05 0.0134593 9.9955E-05
9.9946E-05 9.9946E-05 9.9946E-05 9.9946E-05 0.96896 0.0304401 9.9946E-05 9.9946E-05
0.0698695 9.9955E-05 9.9955E-05 9.9955E-05 0.903728 9.9955E-05 9.9955E-05 0.0259026
9.994E-05 9.994E-05 9.994E-05 9.994E-05 9.994E-05 9.994E-05 9.994E-05 0.9993
9.9964E-05 9.9964E-05 0.181309 9.9964E-05 0.0176923 9.9964E-05 0.0887094 0.71189
0.00656364 9.9982E-05 9.9982E-05 0.0538383 0.0543834 0.151349 0.0750662 0.658599
0.0280676 0.0196702 9.9964E-05 9.9964E-05 9.9964E-05 9.9964E-05 0.18771 0.764152
0.00112054 9.9964E-05 0.0379484 9.9964E-05 9.9964E-05 0.0423179 9.9964E-05 0.918213
9.9955E-05 9.9955E-05 0.0067672 9.9955E-05 9.9955E-05 0.188806 9.9955E-05 0.803927
9.9955E-05 9.9955E-05 9.9955E-05 9.9955E-05 9.9955E-05 0.106481 0.190697 0.702322
9.994E-05 9.994E-05 9.994E-05 9.994E-05 9.994E-05 9.994E-05 9.994E-05 0.9993
0.0329624 9.9964E-05 9.9964E-05 0.0364856 9.9964E-05 0.296736 9.9964E-05 0.633416
0.0149828 9.9982E-05 0.0690308 0.0787074 9.9982E-05 0.2066 0.0948875 0.535591
9.9955E-05 9.9955E-05 9.9955E-05 0.13691 9.9955E-05 0.217118 9.9955E-05 0.645472
9.9982E-05 0.0509096 9.9982E-05 0.0598527 0.0026531 0.179102 0.0123017 0.694981
9.9973E-05 9.9973E-05 9.9973E-05 0.0571047 0.0359264 0.213612 0.015215 0.677842
0.0267367 0.0445122 0.122566 0.151514 9.9982E-05 0.0759849 9.9982E-05 0.578486
0.0607131 9.9991E-05 0.151449 0.02641 0.00215006 0.16561 0.0420068 0.551561
9.9973E-05 9.9973E-05 0.406495 0.182013 0.0105122 9.9973E-05 0.00592059 0.394759
0.0533854 0.0138838 0.116861 9.9982E-05 9.9982E-05 0.0276517 0.173024 0.614994
9.9973E-05 0.0802806 9.9973E-05 0.0317143 9.9973E-05 0.106211 0.71557 0.0659248
0.0423308 0.0806808 0.0690073 9.9973E-05 9.9973E-05 0.0926267 0.715055 9.9973E-05
9.9982E-05 0.112642 0.00447679 0.0280111 0.0147497 0.113635 0.726286 9.9982E-05
0.00811589 0.0370677 0.0390713 9.9982E-05 9.9982E-05 0.0676339 0.808534 0.0393774
0.0591938 0.0239527 0.119488 0.00435435 0.0430602 9.9982E-05 0.749751 9.9982E-05
0.0404344 0.101481 9.9973E-05 9.9973E-05 0.00480811 0.0754906 0.777486 9.9973E-05
0.023949 0.0448753 0.109958 0.179229 0.0708231 0.00361848 0.556948 0.0105984
0.0660256 0.0676011 9.9991E-05 0.0133059 0.015996 0.0903937 0.727334 0.019244
0.0535444 9.9973E-05 9.9973E-05 0.0975237 0.0759167 0.0765254 0.69619 9.9973E-05
0.0293027 0.118861 0.0389499 9.9964E-05 9.9964E-05 9.9964E-05 0.812486 9.9964E-05
0.0227342 0.0502828 0.0260395 0.057767 9.9982E-05 0.0252741 0.817702 9.9982E-05
9.9964E-05 0.0698728 9.9964E-05 9.9964E-05 0.00054521 9.9964E-05 0.85084 0.0783425
0.00943611 0.0817929 0.0752387 0.0513716 0.00130536 9.9991E-05 0.779773 0.000982595
9.9973E-05 0.0837663 9.9973E-05 0.0278138 9.9973E-05 0.000137892 0.86596 0.0220222
0.0387958 0.0466611 9.9973E-05 0.0220867 9.9973E-05 9.9973E-05 0.807529 0.0846279
0.122246 0.0787588 9.9955E-05 9.9955E-05 9.9955E-05 9.9955E-05 0.798496 9.9955E-05
0.000651879 0.0453768 0.14012 9.9982E-05 0.0688673 9.9982E-05 0.704893 0.0398914
0.0203841 0.077774 9.9991E-05 0.0314608 0.0175029 0.105466 0.737372 0.00993988
9.9982E-05 0.0672683 0.0831447 0.0262423 0.0356593 0.0816112 0.705874 9.9982E-05
0.0501065 9.9982E-05 9.9982E-05 0.000155205 0.0712643 0.119571 0.724576 0.0341274
0.0385043 0.0890332 0.424965 0.0831235 0.0244149 0.173969 0.16589 9.9991E-05
9.994E-05 9.994E-05 0.9993 9.994E-05 9.994E-05 9.994E-05 9.994E-05 9.994E-05
0.12228 0.129316 0.52437 0.058359 9.9991E-05 0.0944849 0.0370556 0.0340344
0.13242 0.124712 0.242896 9.9973E-05 9.9973E-05 0.373142 0.12653 9.9973E-05
0.0754384 0.107593 0.433136 9.9964E-05 9.9964E-05 0.383432 9.9964E-05 9.9964E-05
0.0548213 0.151362 0.367877 9.9982E-05 0.0338779 0.274376 0.117486 9.9982E-05
9.994E-05 0.9993 9.994E-05 9.994E-05 9.994E-05 9.994E-05 9.994E-05 9.994E-05
0.0122318 9.99459E-05 0.987169 9.99459E-05 9.99459E-05 9.99459E-05 9.99459E-05 9.99459E-05
0.0694419 0.153607 0.474122 0.0622472 0.100111 0.104231 0.0361388 9.9991E-05
0.0529515 0.290615 0.2467 9.9991E-05 0.0839895 0.147919 0.019224 0.158502
0.0724202 0.235707 0.299102 9.9991E-05 0.0319495 0.331032 0.0106782 0.0190107
0.104053 0.224277 0.322574 9.9973E-05 9.9973E-05 0.298507 9.9973E-05 0.0502901
0.0737331 0.190849 0.538572 9.9982E-05 0.0454589 0.0727449 9.9982E-05 0.078442
0.0452181 0.214061 0.418331 9.9973E-05 0.000102452 0.321988 9.9973E-05 9.9973E-05
0.0715112 0.201397 0.35475 9.9973E-05 9.9973E-05 0.336335 0.0357073 9.9973E-05
0.103532 0.109592 0.53691 9.9991E-05 0.0204895 0.217213 0.00476275 0.00739954
0.0552302 0.0239103 0.423784 0.0932702 9.9991E-05 0.335381 0.0151299 0.0531941
9.9973E-05 0.197875 0.132153 9.9973E-05 9.9973E-05 0.434637 0.229276 0.00575921
0.0197072 0.101926 0.354997 9.9982E-05 0.0498352 0.290017 0.183318 9.9982E-05
0.0564244 0.0461287 0.332021 9.9982E-05 0.059509 0.0111464 0.494571 9.9982E-05
0.0111816 0.955099 9.99549E-05 9.99549E-05 9.99549E-05 9.99549E-05 9.99549E-05 0.03322
0.154454 0.190032 0.274092 0.00486713 0.0445893 0.0187394 0.197169 0.116057
0.0895464 0.261316 0.358286 0.0106076 9.9982E-05 0.204982 0.075062 9.9982E-05
0.0449678 0.167178 0.201542 9.9991E-05 0.0498779 0.372732 0.139645 0.0239572
0.0610659 0.118445 0.583088 0.0369124 0.0278765 0.153723 9.9991E-05 0.0187879
0.0985176 0.21956 0.521547 9.9982E-05 0.0635605 0.0509246 0.045691 9.9982E-05
0.0959051 0.1465 0.212205 0.251988 9.9982E-05 9.9982E-05 0.225185 0.0680171
0.0636459 0.0774658 0.0978256 0.596145 9.9973E-05 9.9973E-05 0.164618 9.9973E-05
0.00615328 0.0279339 0.389907 0.142457 9.9991E-05 0.226754 0.146329 0.0603651
0.0597424 0.165723 0.2484 0.0102905 0.0241256 0.418743 0.0728754 9.9991E-05
0.0205621 0.17329 0.200529 0.0528773 9.9982E-05 0.455963 0.096578 9.9982E-05
0.0821978 0.0888173 0.367961 0.0123625 9.9991E-05 0.346902 0.0812327 0.0204269
0.700142 9.9973E-05 0.213961 9.9973E-05 9.9973E-05 0.0218506 0.00852472 0.055222
0.0508433 0.27612 0.359075 9.9982E-05 9.9982E-05 0.194464 0.0925932 0.026705
9.99653E-05 0.252537 0.381147 9.99653E-05 9.99653E-05 0.303753 0.0621632 9.99653E-05
0.0845681 0.00179569 0.617091 0.180967 0.0271002 9.9982E-05 9.9982E-05 0.0882777
0.0907468 0.106751 0.500121 0.0874816 0.0302548 0.0325269 0.0183639 0.133754
0.0545141 0.137831 0.636269 0.0946119 0.00700915 0.0611307 9.9991E-05 0.00853451
0.0568659 0.0313925 0.548354 0.0343798 0.0656258 0.155645 0.0155985 0.0921386
0.0767915 0.111 0.40845 0.120485 0.0065615 0.189952 0.0866605 9.9991E-05
0.0416689 0.224085 0.250242 9.9982E-05 0.0602538 0.316194 0.107356 9.9982E-05
0.0100823 0.149106 0.311656 9.9982E-05 0.0109968 0.456305 0.0616547 9.9982E-05
0.0595326 0.144127 0.484426 9.9982E-05 0.01248 0.187458 0.111776 9.9982E-05
0.0695843 0.0611944 0.423428 0.00925499 0.0239131 0.301008 0.0440213 0.0675957
0.142782 0.182903 0.412159 0.128221 0.0208533 0.0907482 9.9991E-05 0.0222333
0.0714934 0.130514 0.475142 0.00676606 9.9982E-05 0.297024 0.0188597 9.9982E-05
0.9993 9.994E-05 9.994E-05 9.994E-05 9.994E-05 9.994E-05 9.994E-05 9.994E-05
0.0947289 0.202516 0.308675 0.0199386 0.0524021 0.248087 0.073552 9.9991E-05
0.0528698 0.162374 0.600503 9.9982E-05 0.0181116 0.11028 9.9982E-05 0.0556612
0.0838804 0.144295 0.448841 0.0536653 0.0577616 0.140017 0.0714404 9.9991E-05
0.0764383 0.124 0.397854 9.9973E-05 9.9973E-05 0.263672 0.137736 9.9973E-05
9.9982E-05 0.116563 0.468327 9.9982E-05 0.000618763 0.311936 0.0581659 0.0441894
0.018707 0.0764797 0.419153 9.9991E-05 0.0333457 0.34142 0.0419238 0.0688715
9.994E-05 0.9993 9.994E-05 9.994E-05 9.994E-05 9.994E-05 9.994E-05 9.994E-05
0.9993 9.994E-05 9.994E-05 9.994E-05 9.994E-05 9.994E-05 9.994E-05 9.994E-05
9.994E-05 0.9993 9.994E-05 9.994E-05 9.994E-05 9.994E-05 9.994E-05 9.994E-05
0.0767697 0.0530733 0.767416 0.0611973 9.9973E-05 9.9973E-05 9.9973E-05 0.0412435
0.0871172 0.11084 0.621839 0.160777 0.00167874 9.9982E-05 9.9982E-05 0.0175482
0.0579291 0.131746 0.486361 0.0156573 0.104732 0.199283 9.9991E-05 0.00419213
0.0630693 0.30725 0.258096 9.9982E-05 0.0864684 0.181354 0.103562 9.9982E-05
0.056492 0.168371 0.280895 9.9982E-05 0.0498941 0.352376 0.0917724 9.9982E-05
0.638446 9.9982E-05 0.28751 0.011622 0.000125531 9.9982E-05 0.0156634 0.0464331
0.1384 0.0711138 0.413311 0.0782387 0.113987 0.0912807 0.0888623 0.00480603
9.9955E-05 9.9955E-05 0.28153 0.0266573 9.9955E-05 0.691313 9.9955E-05 9.9955E-05
0.027425 0.0747482 9.9973E-05 0.000833793 0.015957 0.880736 9.9973E-05 9.9973E-05
0.0323517 0.0527645 9.9964E-05 9.9964E-05 9.9964E-05 0.852259 9.9964E-05 0.062225
0.00525834 9.9982E-05 0.0856443 0.0440687 0.0171062 0.821211 9.9982E-05 0.0265115
0.0571504 0.0583173 0.0166764 0.11563 9.9982E-05 0.746899 9.9982E-05 0.00512698
0.0560673 0.00709438 9.9973E-05 0.130242 9.9973E-05 0.779311 9.9973E-05 0.026986
9.9964E-05 9.9964E-05 9.9964E-05 0.073738 0.0346019 0.885908 9.9964E-05 0.00535272
0.0534431 9.9973E-05 9.9973E-05 0.0106455 0.0933812 0.808219 9.9973E-05 0.0340113
0.0243856 0.0085046 9.9973E-05 0.0321983 9.9973E-05 0.899411 0.035201 9.9973E-05
0.0571181 0.00237156 0.0455679 9.9991E-05 0.0264495 0.776663 0.00312283 0.0886075
9.9973E-05 0.0511324 0.0418621 9.9973E-05 9.9973E-05 0.792696 0.0337849 0.0802245
0.0419434 9.9973E-05 9.9973E-05 0.727699 9.9973E-05 0.197532 0.0137087 0.0188165
0.0592845 9.9982E-05 9.9982E-05 0.69869 0.0320208 0.0816979 0.0860721 0.0420352
0.0247106 0.0348118 0.0161905 0.703297 0.0348663 9.9991E-05 0.0850455 0.100979
9.9982E-05 0.0348172 9.9982E-05 0.747317 0.0289685 0.0668422 0.100903 0.0209521
0.010073 0.0332471 0.0679771 0.632191 0.0407935 0.0858152 0.125653 0.00425102
0.0322674 9.9991E-05 0.0968301 0.702064 0.0180993 0.0960636 0.000631707 0.053944
0.068984 9.9964E-05 9.9964E-05 0.705403 9.9964E-05 9.9964E-05 0.150485 0.0747279
0.0548793 0.0242181 9.9991E-05 0.770238 0.00269168 0.0868928 0.00517012 0.0558102
0.07995 0.066184 0.0728352 0.521017 0.0668361 9.9991E-05 0.112406 0.0806721
0.0267933 9.9964E-05 9.9964E-05 0.617646 9.9964E-05 0.197019 0.158142 9.9964E-05
9.9982E-05 0.051179 9.9982E-05 0.77622 0.0588992 0.0815012 0.00394374 0.0280574
9.9964E-05 9.9964E-05 0.0421885 0.722447 0.0222735 9.9964E-05 0.212691 9.9964E-05
0.0172354 0.0104036 0.151714 0.606408 0.0233935 0.0275894 0.139785 0.0234719
0.00708605 0.0178384 0.26404 0.5458 9.9973E-05 9.9973E-05 0.164936 9.9973E-05
0.0260533 0.00749279 0.138094 0.71998 0.062234 9.9982E-05 9.9982E-05 0.0459464
0.0548385 0.00216872 0.120582 0.787104 0.0350071 9.9973E-05 9.9973E-05 9.9973E-05
0.0332179 9.9973E-05 0.0127121 0.83039 9.9973E-05 0.0994267 0.0239534 9.9973E-05
0.0383036 9.9982E-05 0.0230475 0.725136 0.0694551 0.115682 0.028176 9.9982E-05
0.0348894 0.0315461 9.9991E-05 0.689721 0.0530162 0.00396066 0.0899016 0.0968652
0.0214239 0.0803907 0.0201454 0.780214 9.9982E-05 9.9982E-05 0.0590021 0.0386236
0.030065 0.0312769 0.0636777 0.731403 0.0502116 9.9991E-05 0.0189865 0.0742796
0.018488 0.0213323 9.9973E-05 0.683658 9.9973E-05 0.258223 0.017998 9.9973E-05
0.041037 0.059775 0.0910418 0.787229 9.9973E-05 0.0206174 9.9973E-05 9.9973E-05
0.0141903 0.0284186 0.117103 0.734004 0.0616498 0.0444346 9.9982E-05 9.9982E-05
0.105153 9.9973E-05 0.10582 0.669148 0.0384907 9.9973E-05 9.9973E-05 0.0810876
9.9973E-05 0.0149999 9.9973E-05 0.658383 0.0298888 0.282214 9.9973E-05 0.014214
0.0357344 0.0318432 0.105116 0.706327 0.028392 9.9991E-05 0.0308683 0.0616195
0.00970079 0.0050973 0.272674 0.680232 0.0200266 0.00368716 0.00848202 9.9991E-05
9.9973E-05 9.9973E-05 0.148961 0.639771 0.0410758 9.9973E-05 0.112714 0.057179
0.0711702 0.0198527 9.9973E-05 0.733751 9.9973E-05 9.9973E-05 0.100643 0.0742832
9.9964E-05 0.0381859 9.9964E-05 0.82728 9.9964E-05 0.0623881 0.0717466 9.9964E-05
0.0681413 9.9991E-05 0.0167411 0.633986 0.0570353 0.0104186 0.185904 0.0276741
0.00160327 9.9982E-05 0.015322 0.619164 9.9982E-05 0.132111 0.13695 0.0946503
0.0968552 0.00742121 9.9973E-05 0.750218 9.9973E-05 0.0778459 9.9973E-05 0.0673593
0.0299635 9.9982E-05 0.098479 0.737807 0.0250179 0.0330255 9.9982E-05 0.0755072
9.9973E-05 0.00401666 0.172035 0.1779 0.0303396 9.9973E-05 0.615409 9.9973E-05
0.0856894 9.9982E-05 0.0984725 0.211303 0.0397955 9.9982E-05 0.475499 0.0890402
9.9973E-05 9.9973E-05 0.236893 0.111017 0.0722721 9.9973E-05 0.525836 0.0536817
0.0281468 0.000991857 0.170532 0.24369 0.0578697 9.9982E-05 0.49857 9.9982E-05
0.0269057 0.0727046 0.071626 0.0818146 0.0927983 0.00374037 0.575939 0.074472
0.0418291 0.00703669 9.9982E-05 0.0530046 9.9982E-05 0.03778 0.722001 0.138149
0.0389404 9.9973E-05 0.0425197 0.08939 9.9973E-05 9.9973E-05 0.815854 0.0129964
9.9982E-05 9.9982E-05 0.0576725 0.00311735 0.0720684 0.15791 0.61105 0.0979821
