9.994E-05 9.994E-05 0.9993 9.994E-05 9.994E-05 9.994E-05 9.994E-05 9.994E-05
0.0760025 0.63175 0.214929 9.9973E-05 0.0206115 9.9973E-05 0.0564069 9.9973E-05
9.9973E-05 0.674073 0.258033 0.0633781 0.000474165 9.9973E-05 0.00374245 9.9973E-05
0.0348937 0.714727 0.146431 0.0548669 9.9973E-05 9.9973E-05 0.0487822 9.9973E-05
9.9973E-05 0.615336 0.3121 0.00570911 0.0388031 9.9973E-05 9.9973E-05 0.0277524
9.9964E-05 0.890928 9.9964E-05 0.00487879 9.9964E-05 0.0979199 9.9964E-05 0.00587395
9.99458E-05 0.00311406 0.996286 9.99458E-05 9.99458E-05 9.99458E-05 9.99458E-05 9.99458E-05
9.9964E-05 0.661189 0.294295 9.9964E-05 9.9964E-05 0.0267632 9.9964E-05 0.0173523
0.119251 0.789112 0.0790482 9.9964E-05 9.9964E-05 0.0121893 9.9964E-05 9.9964E-05
0.0772141 0.805489 0.0386535 0.0417682 9.9982E-05 9.9982E-05 0.0246973 0.0119776
0.0603414 0.781752 0.0380836 0.00627183 9.9973E-05 0.113251 9.9973E-05 9.9973E-05
9.9973E-05 0.519407 0.415682 0.0389676 9.9973E-05 9.9973E-05 0.0254423 0.000201353
9.9982E-05 0.745289 0.0770149 0.000604468 0.0750201 0.0643931 9.9982E-05 0.0374788
0.169162 0.666139 0.116978 0.00594415 0.0252731 0.0163038 9.9982E-05 9.9982E-05
0.0174358 0.779696 0.11704 0.0161295 0.0693991 9.9973E-05 9.9973E-05 9.9973E-05
0.0853835 0.898195 9.9955E-05 9.9955E-05 0.0159219 9.9955E-05 9.9955E-05 9.9955E-05
9.9964E-05 0.915783 0.0701524 9.9964E-05 9.9964E-05 0.0131405 0.000524141 9.9964E-05
9.9946E-05 0.973341 0.0260591 9.9946E-05 9.9946E-05 9.9946E-05 9.9946E-05 9.9946E-05
9.9946E-05 0.878342 0.121058 9.9946E-05 9.9946E-05 9.9946E-05 9.9946E-05 9.9946E-05
9.9946E-05 0.916133 9.9946E-05 9.9946E-05 9.9946E-05 9.9946E-05 0.0832674 9.9946E-05
9.994E-05 9.994E-05 9.994E-05 0.9993 9.994E-05 9.994E-05 9.994E-05 9.994E-05
9.9964E-05 9.9964E-05 0.210438 0.70024 9.9964E-05 0.0698771 0.0190453 9.9964E-05
0.0228445 0.00774547 0.0829144 0.702779 0.0419906 9.9991E-05 0.0220259 0.1196
0.00276075 0.0336141 9.9982E-05 0.752492 0.022895 9.9982E-05 0.0675969 0.120441
9.9955E-05 0.0136647 9.9955E-05 0.892266 0.09357 9.9955E-05 9.9955E-05 9.9955E-05
9.9964E-05 9.9964E-05 0.064783 0.835138 0.0843642 9.9964E-05 9.9964E-05 0.0153148
0.0157149 0.0243216 0.00441569 0.722509 0.12079 9.9991E-05 0.00585121 0.106297
9.994E-05 9.994E-05 9.994E-05 0.9993 9.994E-05 9.994E-05 9.994E-05 9.994E-05
0.0769388 0.0389781 9.9973E-05 0.673477 0.194526 9.9973E-05 9.9973E-05 0.0157802
0.0647788 0.0738703 9.9991E-05 0.590256 0.148991 0.0478908 0.0291211 0.0449929
0.126447 9.9964E-05 0.0399638 0.685926 0.147263 9.9964E-05 9.9964E-05 9.9964E-05
0.0357995 9.9982E-05 0.0511753 0.69864 0.100553 0.0169115 9.9982E-05 0.096721
0.0508536 0.0851214 9.99755E-05 0.661881 0.114594 9.99755E-05 9.99755E-05 0.0872503
0.143491 0.00894902 0.0408365 0.601258 0.11601 0.0892557 9.9982E-05 9.9982E-05
0.0099362 0.0557176 9.9982E-05 0.542648 0.237943 0.0457226 0.107832 9.9982E-05
0.0821782 9.9982E-05 0.358361 0.423497 0.0596419 0.0681806 0.00794224 9.9982E-05
9.9982E-05 0.0412453 9.9982E-05 0.650541 0.0828052 0.0341959 0.0651591 0.125854
9.999E-05 0.0317752 0.0365384 0.0576706 0.115255 0.0468303 0.00315402 0.708676
0.0210589 9.9973E-05 0.0816727 9.9973E-05 0.134739 0.0539301 9.9973E-05 0.7083
9.9982E-05 0.0947983 9.9982E-05 0.0113521 0.105923 0.0757289 0.0191575 0.69284
0.0539796 9.9973E-05 0.133819 0.00215017 9.9973E-05 0.0904589 9.9973E-05 0.719292
9.9982E-05 0.0255981 0.12202 0.023054 9.9982E-05 0.0882965 0.0716585 0.669173
9.9964E-05 9.9964E-05 0.159392 9.9964E-05 0.0150168 0.0677014 9.9964E-05 0.75749
0.125749 0.0447536 0.122057 0.0381695 9.9991E-05 0.0376866 0.0462134 0.585271
9.9973E-05 0.0608693 9.9973E-05 0.0424809 9.9973E-05 0.0570472 0.0835347 0.755768
0.0913774 0.101798 9.9982E-05 0.0214611 0.0697384 9.9982E-05 0.00619178 0.709233
0.0514594 0.0360468 9.9982E-05 0.0203838 0.00950074 0.172356 9.9982E-05 0.710053
0.028184 0.0283246 0.100147 9.9982E-05 0.00254319 0.0304406 9.9982E-05 0.810161
9.9973E-05 0.0847831 0.0387526 0.00464917 9.9973E-05 0.0351393 9.9973E-05 0.836376
0.0301047 0.0848019 0.0390628 9.9982E-05 9.9982E-05 0.0352772 0.0632033 0.74735
9.9964E-05 9.9964E-05 0.164154 9.9964E-05 0.00717857 0.0198141 9.9964E-05 0.808453
9.9964E-05 9.9964E-05 0.0709897 0.0604332 9.9964E-05 0.0582417 9.9964E-05 0.809936
9.9973E-05 0.0785972 9.9973E-05 9.9973E-05 0.0123615 0.035292 0.0274892 0.84596
9.9973E-05 0.0487691 0.146317 0.0319215 9.9973E-05 0.0313409 9.9973E-05 0.741351
0.0191657 0.0610434 9.9973E-05 9.9973E-05 0.0324838 0.0840067 9.9973E-05 0.803
9.9982E-05 9.9982E-05 0.167044 0.0794762 0.0616724 0.0570557 0.00236115 0.632191
9.9973E-05 0.105841 0.0812783 0.0217167 9.9973E-05 0.0484826 9.9973E-05 0.742382
9.9982E-05 9.9982E-05 0.301614 0.0492013 0.307376 0.154348 0.0949321 0.0923295
9.9964E-05 9.9964E-05 0.387933 9.9964E-05 0.0690534 0.098178 0.444436 9.9964E-05
9.9982E-05 9.9982E-05 0.287886 0.00919074 0.307679 0.185781 0.184648 0.0246145
9.9973E-05 9.9973E-05 0.161566 9.9973E-05 0.362342 0.132926 0.268884 0.0739828
9.9973E-05 9.9973E-05 0.0427813 9.9973E-05 0.507823 0.149304 0.268662 0.0311299
9.9973E-05 0.108014 9.9973E-05 9.9973E-05 0.347593 0.212123 0.212586 0.119384
9.99459E-05 9.99459E-05 0.00968323 9.99459E-05 9.99459E-05 0.989717 9.99459E-05 9.99459E-05
9.9973E-05 9.9973E-05 0.285152 0.0336627 0.0378754 0.161367 0.481644 9.9973E-05
0.0359095 9.9982E-05 0.277484 9.9982E-05 0.261206 0.201812 0.191573 0.0318165
9.9982E-05 0.112093 9.9982E-05 0.149705 0.293131 0.257505 0.0994082 0.0879586
9.9973E-05 0.149335 9.9973E-05 0.0337273 0.325572 0.252204 0.238862 9.9973E-05
9.9973E-05 0.0420794 9.9973E-05 0.0628105 0.295604 0.237505 0.361702 9.9973E-05
0.00402771 0.0283152 0.0747907 0.0534119 0.272672 0.198832 0.367851 9.9991E-05
9.9973E-05 0.0130876 0.113809 9.9973E-05 0.332395 0.223255 0.317153 9.9973E-05
9.9973E-05 9.9973E-05 0.0261827 9.9973E-05 0.483382 0.301879 0.140123 0.0481337
9.9991E-05 0.0626439 0.0198296 0.0752924 0.322151 0.131958 0.354275 0.0337494
9.9982E-05 9.9982E-05 0.205561 0.0716272 0.456669 0.0693736 0.145733 0.0508354
9.9982E-05 0.00480414 0.0336932 9.9982E-05 0.395618 0.197432 0.0497464 0.318506
9.9982E-05 0.106499 0.0578201 9.9982E-05 0.292243 0.182807 0.136337 0.224095
9.9973E-05 0.168124 9.9973E-05 9.9973E-05 0.0508773 0.133275 0.204455 0.442968
9.994E-05 9.994E-05 9.994E-05 9.994E-05 9.994E-05 0.9993 9.994E-05 9.994E-05
0.0425759 0.077671 0.0490869 0.0924526 0.0863303 0.214821 0.300724 0.136339
0.0368103 9.9982E-05 0.00150022 9.9982E-05 0.227263 0.283695 0.316269 0.134263
9.9982E-05 0.0892999 0.045209 9.9982E-05 0.458119 0.146067 0.150602 0.110503
9.9982E-05 9.9982E-05 0.184895 0.00886728 0.321205 0.194395 0.256107 0.0343304
9.9973E-05 0.121735 9.9973E-05 9.9973E-05 0.270916 0.211099 0.285257 0.110694
0.204477 9.9991E-05 0.1448 0.0513268 0.0464669 0.0788486 0.20006 0.273921
0.529226 9.9982E-05 0.152206 9.9982E-05 0.00818238 0.117005 0.0403155 0.152866
0.0664006 0.00169191 0.240389 0.0107962 0.43937 0.0661355 0.0318534 0.143364
0.00886019 0.0938241 9.9982E-05 9.9982E-05 0.508554 0.122619 0.172512 0.0934304
0.000885476 0.00133204 0.128008 9.9991E-05 0.625671 0.109324 0.0230066 0.111673
9.9982E-05 0.0786225 0.000208251 9.9982E-05 0.50001 0.0339825 0.292215 0.0947624
9.99549E-05 0.000130758 9.99549E-05 0.0194511 9.99549E-05 9.99549E-05 0.979918 9.99549E-05
0.0165346 0.0539628 9.9991E-05 0.0124414 0.257345 0.301871 0.244644 0.1131
9.9973E-05 9.9973E-05 0.0882016 9.9973E-05 0.35247 0.246034 0.202475 0.110519
0.0707717 9.9982E-05 0.332511 0.0605408 0.216639 0.0931835 0.226154 9.9982E-05
9.9982E-05 9.9982E-05 0.269373 0.103266 0.257745 0.155531 0.17055 0.0433352
9.9964E-05 9.9964E-05 0.39333 9.9964E-05 0.272357 0.175471 0.158442 9.9964E-05
9.9973E-05 9.9973E-05 0.318837 0.0498238 0.214735 0.180899 0.235406 9.9973E-05
0.0622266 9.9973E-05 0.209217 9.9973E-05 0.362929 0.214678 0.150649 9.9973E-05
9.9982E-05 0.0293757 0.134199 9.9982E-05 0.359708 0.228075 0.174116 0.0743271
9.9991E-05 0.0878594 0.00989571 0.0150467 0.574682 0.166555 0.128501 0.0173606
9.9982E-05 0.0759417 0.0371377 9.9982E-05 0.24307 0.248677 0.286377 0.108597
9.9991E-05 0.0432152 0.14074 0.0199178 0.39713 0.109708 0.240659 0.0485303
0.0609628 9.9991E-05 0.119924 0.0195561 0.178256 0.286775 0.332574 0.00185146
9.9982E-05 0.0875698 9.9982E-05 0.00266809 0.376511 0.212814 0.245025 0.075212
9.994E-05 9.994E-05 9.994E-05 9.994E-05 9.994E-05 9.994E-05 0.9993 9.994E-05
0.00418664 0.0602642 0.147927 0.0691402 0.295794 0.218431 0.192291 0.011967
9.9973E-05 9.9973E-05 0.172633 9.9973E-05 0.355226 0.201883 0.239461 0.0304961
0.0931474 0.0249529 0.121571 9.9982E-05 0.28494 0.139637 0.335552 9.9982E-05
9.9973E-05 0.0636368 9.9973E-05 9.9973E-05 0.323309 0.150436 0.268156 0.194163
9.9982E-05 0.0251546 0.161984 9.9982E-05 0.520075 0.196289 0.072579 0.0237177
9.9982E-05 0.0962251 0.080523 0.0510623 0.49514 0.120364 0.156486 9.9982E-05
9.994E-05 9.994E-05 9.994E-05 9.994E-05 9.994E-05 0.9993 9.994E-05 9.994E-05
9.994E-05 9.994E-05 9.994E-05 9.994E-05 9.994E-05 9.994E-05 0.9993 9.994E-05
9.994E-05 9.994E-05 9.994E-05 9.994E-05 9.994E-05 0.9993 9.994E-05 9.994E-05
9.9982E-05 9.9982E-05 0.310131 0.0229182 0.2109 0.150348 0.255675 0.0498279
0.016182 9.9982E-05 0.252102 0.0893545 0.131704 0.305641 0.204818 9.9982E-05
9.9991E-05 0.164337 0.0622386 0.0180089 0.346192 0.142004 0.257929 0.00918973
9.9973E-05 0.138747 9.9973E-05 9.9973E-05 0.261385 0.268947 0.294439 0.0361819
9.9982E-05 0.10424 9.9982E-05 0.0259448 0.280406 0.32321 0.230207 0.0357926
9.9955E-05 9.9955E-05 0.0730054 0.0291567 9.9955E-05 9.9955E-05 0.897338 9.9955E-05
0.0389457 0.0118002 0.215099 0.0653953 0.213029 0.140629 0.280768 0.0343339
0.00541252 9.9973E-05 0.188939 0.0281499 0.770596 0.00660243 9.9973E-05 9.9973E-05
0.0895826 9.9973E-05 0.0858559 9.9973E-05 0.810545 0.0122869 0.00142999 9.9973E-05
9.9964E-05 9.9964E-05 0.0933431 0.108906 0.743607 9.9964E-05 0.0537442 9.9964E-05
0.00610584 9.9973E-05 0.178856 0.0271947 0.762186 9.9973E-05 0.0253577 9.9973E-05
0.0675883 9.9982E-05 0.0888251 0.0946007 0.69193 0.0443036 0.0125528 9.9982E-05
0.0726995 0.0736551 9.9982E-05 0.123807 0.688138 9.9982E-05 0.00853752 0.0329629
0.12942 0.13006 9.9973E-05 0.0149186 0.714427 9.9973E-05 0.0108749 9.9973E-05
9.9955E-05 0.128234 9.9955E-05 0.0414847 0.829781 9.9955E-05 9.9955E-05 9.9955E-05
0.0924973 0.0560543 9.9973E-05 0.00228569 0.804517 9.9973E-05 9.9973E-05 0.0443455
0.0513873 0.0251155 0.0250889 0.0604171 0.707114 0.0428959 9.9991E-05 0.0878813
0.0183113 0.0626981 9.9982E-05 0.113222 0.70648 9.9982E-05 0.00612873 0.0929603
0.722545 0.0699115 9.9991E-05 0.000770018 0.0968147 0.00764069 0.0724245 0.0297936
0.730491 0.0268557 0.123223 0.0125699 0.10656 9.9973E-05 9.9973E-05 9.9973E-05
0.651695 0.0580081 0.0826318 0.0741413 0.00704127 0.0254263 9.9991E-05 0.100956
0.716296 0.136865 0.0563041 9.9973E-05 0.00864852 9.9973E-05 9.9973E-05 0.0815862
0.562444 9.9973E-05 0.209472 0.052699 9.9973E-05 0.00729538 9.9973E-05 0.16779
0.671388 0.0418179 0.1448 0.0589716 0.0741688 0.00708373 9.9991E-05 0.00166989
0.736332 0.0952915 9.9973E-05 0.000704567 9.9973E-05 9.9973E-05 0.0742991 0.0930727
0.787806 0.0676105 9.9973E-05 0.0537063 0.0794232 9.9973E-05 0.0111542 9.9973E-05
0.445462 9.9982E-05 0.314171 0.0406525 9.9982E-05 0.0860215 0.030836 0.0826569
0.687156 0.100657 9.9964E-05 9.9964E-05 0.0909639 9.9964E-05 9.9964E-05 0.120824
0.755248 0.0974594 0.0307359 9.9973E-05 9.9973E-05 0.0201922 9.9973E-05 0.096065
0.706808 0.132854 9.9964E-05 9.9964E-05 0.051522 9.9964E-05 9.9964E-05 0.108416
0.630317 0.118686 0.00146647 0.0573812 0.112673 9.9982E-05 9.9982E-05 0.0792765
0.400243 9.9973E-05 0.33685 9.9973E-05 0.0829681 0.0395344 9.9973E-05 0.140104
0.642459 0.0262101 0.223717 0.0423399 9.9982E-05 0.0494919 0.015582 9.9982E-05
0.620145 9.9955E-05 0.31788 9.9955E-05 9.9955E-05 9.9955E-05 0.0614755 9.9955E-05
0.762514 9.9955E-05 0.155909 9.9955E-05 9.9955E-05 0.0810772 9.9955E-05 9.9955E-05
0.678859 9.9964E-05 0.237486 9.9964E-05 9.9964E-05 0.0232903 0.059965 9.9964E-05
0.757537 0.13535 9.9973E-05 0.0530813 9.9973E-05 0.0032736 0.050459 9.9973E-05
0.545286 9.9973E-05 0.268298 0.113681 9.9973E-05 0.0370074 0.0354277 9.9973E-05
0.491561 9.9973E-05 0.354706 0.0674404 9.9973E-05 0.0638958 0.0220965 9.9973E-05
0.721321 0.100433 9.9991E-05 0.0162284 0.0398386 0.0732014 0.0386084 0.0102693
0.626309 9.9964E-05 0.235655 0.0783748 9.9964E-05 0.0592608 9.9964E-05 9.9964E-05
0.684969 0.0262975 0.183157 9.9982E-05 0.0594256 0.0251863 0.0207648 9.9982E-05
0.556056 0.000419206 0.227752 0.132524 9.9982E-05 9.9982E-05 0.0810951 0.00195362
0.564658 9.9964E-05 0.244321 0.0973197 0.093301 9.9964E-05 9.9964E-05 9.9964E-05
0.614878 0.0420628 0.178561 0.117017 9.9982E-05 0.0335283 9.9982E-05 0.0137533
0.563825 0.023676 0.211385 0.0224692 0.0855513 0.0154709 0.0695002 0.00812284
0.592628 9.9982E-05 0.249885 0.0282567 0.0734109 0.000673917 9.9982E-05 0.0549453
0.721971 9.9982E-05 0.132246 0.0685341 9.9982E-05 0.0293221 0.0415747 0.00615207
0.78041 9.9973E-05 0.0076145 9.9973E-05 9.9973E-05 0.0399214 0.0397414 0.132013
0.517342 9.9973E-05 0.264325 0.0204429 0.131921 9.9973E-05 9.9973E-05 0.0656691
0.607477 9.9964E-05 0.196577 9.9964E-05 0.16502 9.9964E-05 9.9964E-05 0.0305265
0.740234 9.9973E-05 0.106021 0.0619902 9.9973E-05 0.0324803 0.0589747 9.9973E-05
0.752835 0.0308662 0.121734 0.00289759 0.0746552 0.0119833 0.004929 9.9991E-05
0.0373766 9.9973E-05 0.259243 0.0606209 9.9973E-05 0.00401666 9.9973E-05 0.638443
0.0366909 9.9973E-05 0.254363 0.0784315 9.9973E-05 9.9973E-05 0.0495922 0.580622
9.9964E-05 9.9964E-05 0.467079 0.0860742 9.9964E-05 9.9964E-05 0.0315635 0.414884
0.100212 9.9982E-05 0.215381 0.060005 9.9982E-05 0.00853293 0.104091 0.511577
9.9991E-05 0.0195661 0.202424 0.130635 0.00872017 0.00110912 0.00420083 0.633246
0.0641467 9.9973E-05 0.0740223 0.109498 9.9973E-05 9.9973E-05 0.0454839 0.706549
9.9955E-05 9.9955E-05 0.217266 0.0266608 9.9955E-05 9.9955E-05 9.9955E-05 0.755574
0.0314402 0.099914 0.109538 0.171513 0.0617556 9.9982E-05 9.9982E-05 0.525639
