0.925897 0.0126276 9.9955E-05 9.9955E-05 9.9955E-05 9.9955E-05 9.9955E-05 0.0609752
0.706518 0.00380383 0.105689 0.0296069 9.9991E-05 0.0611771 0.00997841 0.0831272
0.779558 9.9973E-05 0.0446665 0.0316829 0.0908016 9.9973E-05 0.0529908 9.9973E-05
0.7363 9.9982E-05 0.0182446 0.00854076 0.0189467 0.190037 9.9982E-05 0.0277311
0.791283 9.9946E-05 9.9946E-05 9.9946E-05 9.9946E-05 0.208117 9.9946E-05 9.9946E-05
0.844007 9.9964E-05 0.0719524 9.9964E-05 9.9964E-05 9.9964E-05 0.07356 0.0100808
0.863501 9.9964E-05 0.0654064 9.9964E-05 9.9964E-05 0.0453097 9.9964E-05 0.025383
0.813203 9.9964E-05 9.9964E-05 0.0452959 9.9964E-05 0.0955569 9.9964E-05 0.0455439
0.760236 9.9982E-05 0.090344 0.00359026 9.9982E-05 0.0707617 0.0112546 0.0636133
0.784827 9.9973E-05 0.0832783 0.0266378 0.0332367 9.9973E-05 0.0717205 9.9973E-05
0.74003 9.9982E-05 0.0763473 0.00306278 0.0709206 9.9982E-05 0.088165 0.0212745
0.754765 0.029168 0.0250347 0.00604605 0.139428 9.9991E-05 0.0374585 0.00799911
0.736766 9.9964E-05 9.9964E-05 9.9964E-05 0.0478862 0.171491 9.9964E-05 0.0434568
0.716319 9.9964E-05 0.100192 9.9964E-05 0.109952 9.9964E-05 9.9964E-05 0.073137
0.783659 9.9982E-05 0.0519181 0.0165781 0.0745062 0.0649925 0.00814634 9.9982E-05
0.880388 9.9973E-05 0.0601205 9.9973E-05 9.9973E-05 0.0372895 0.0194084 0.00249373
0.934473 9.9955E-05 9.9955E-05 0.0218534 9.9955E-05 9.9955E-05 0.0431741 9.9955E-05
0.94011 0.0156452 9.9964E-05 0.0108785 9.9964E-05 9.9964E-05 0.0329662 9.9964E-05
0.962296 9.99547E-05 9.99547E-05 9.99547E-05 9.99547E-05 9.99547E-05 9.99547E-05 0.0371039
0.891195 9.9964E-05 9.9964E-05 0.0568884 0.00993422 9.9964E-05 0.0415829 9.9964E-05
9.994E-05 9.994E-05 9.994E-05 9.994E-05 0.9993 9.994E-05 9.994E-05 9.994E-05
9.9973E-05 0.0935617 0.0182138 0.0662758 0.772986 9.9973E-05 9.9973E-05 0.0486626
0.0370313 0.14385 0.0426659 0.0228185 0.707752 0.0456821 9.9982E-05 9.9982E-05
9.9955E-05 0.148256 9.9955E-05 0.0583694 0.792874 9.9955E-05 9.9955E-05 9.9955E-05
0.011326 9.9964E-05 9.9964E-05 0.0314974 0.906069 0.0507073 9.9964E-05 9.9964E-05
0.0441269 0.00766391 9.9982E-05 9.9982E-05 0.896384 0.0151921 0.00942388 0.0270091
0.00444061 0.0819629 0.0407479 9.9982E-05 0.729842 0.0846829 0.0581233 9.9982E-05
9.994E-05 9.994E-05 9.994E-05 9.994E-05 0.9993 9.994E-05 9.994E-05 9.994E-05
9.9973E-05 9.9973E-05 0.0663504 0.00495204 0.703749 0.218367 0.00628146 9.9973E-05
9.999E-05 0.0493657 0.112931 0.0199251 0.622667 0.0254009 0.120429 0.0491811
9.9964E-05 9.9964E-05 0.130831 9.9964E-05 0.68307 0.169837 0.0158619 9.9964E-05
9.9982E-05 0.106642 0.0786869 0.00441375 0.733748 9.9982E-05 0.0682092 0.0081004
0.0468919 0.0782841 0.0417687 9.9973E-05 0.670146 0.162609 9.9973E-05 9.9973E-05
9.999E-05 0.0316295 0.103092 0.00832172 0.568305 0.163461 0.0171472 0.107943
0.0417557 9.9982E-05 9.9982E-05 0.0847603 0.54413 0.22474 0.0659951 0.0384192
0.0643756 9.9991E-05 0.147795 0.0472816 0.486151 0.0540744 0.107307 0.0929144
9.9982E-05 0.0487453 0.060028 0.0482247 0.705275 9.9982E-05 0.0757791 0.061748
9.9982E-05 0.714222 9.9982E-05 0.0193044 0.0758402 0.0383819 0.0687966 0.0832552
9.9973E-05 0.599919 0.0846208 0.0831257 9.9973E-05 0.125211 0.106823 9.9973E-05
0.0554612 0.73831 0.0553146 9.9973E-05 9.9973E-05 9.9973E-05 0.124997 0.0256179
9.9982E-05 0.720042 0.0183373 0.00425899 0.0493297 9.9982E-05 0.191173 0.0166595
0.0652212 0.748572 9.9982E-05 0.0245595 0.00305211 9.9982E-05 0.106116 0.0522797
0.0254588 0.814111 9.9973E-05 0.0263885 9.9973E-05 9.9973E-05 0.0424637 0.0912779
0.0227412 0.713817 0.0995654 9.9973E-05 0.0178104 9.9973E-05 9.9973E-05 0.145766
9.999E-05 0.793845 0.033717 0.064992 0.0401417 0.0057244 0.0227766 0.038703
0.04583 0.678247 0.0546108 0.0432838 9.9973E-05 0.177729 9.9973E-05 9.9973E-05
9.9973E-05 0.806236 9.9973E-05 0.0393913 0.00807722 9.9973E-05 0.107421 0.0385751
0.0342283 0.788161 9.9964E-05 9.9964E-05 9.9964E-05 0.108525 9.9964E-05 0.0686852
0.0251508 0.87973 9.9973E-05 0.00323487 9.9973E-05 9.9973E-05 0.0217469 0.0698376
9.9964E-05 0.826087 0.0387667 9.9964E-05 9.9964E-05 9.9964E-05 0.0194461 0.115301
9.9973E-05 0.817544 9.9973E-05 0.0375394 0.0280212 0.0560947 0.060501 9.9973E-05
9.9946E-05 0.846255 9.9946E-05 9.9946E-05 9.9946E-05 9.9946E-05 9.9946E-05 0.153145
9.9964E-05 0.790239 9.9964E-05 0.0770409 9.9964E-05 0.0490351 9.9964E-05 0.0832851
0.0810736 0.773541 9.9973E-05 9.9973E-05 0.0324856 9.9973E-05 0.0523956 0.0602038
9.9973E-05 0.809984 9.9973E-05 0.0166491 0.0199685 9.9973E-05 0.114249 0.0388498
9.999E-05 0.703076 0.0171339 0.0582914 0.0728968 0.0374753 0.0493168 0.06171
0.0376669 0.78399 9.9982E-05 0.0522319 0.039893 9.9982E-05 0.0857942 0.000224218
0.0614408 0.0673241 0.0824392 0.0664966 0.114735 0.00388485 0.570626 0.033053
9.994E-05 9.994E-05 9.994E-05 9.994E-05 9.994E-05 9.994E-05 9.994E-05 0.9993
0.0523125 9.9982E-05 0.0538626 0.131876 9.9982E-05 0.126248 0.557631 0.077869
0.0530498 0.046826 9.9982E-05 0.161796 9.9982E-05 0.191304 0.434237 0.112587
9.9973E-05 9.9973E-05 9.9973E-05 0.0875399 0.00266623 0.220569 0.54452 0.144405
0.00984282 0.100561 0.0181528 0.110422 9.9991E-05 0.0823589 0.619135 0.0594279
9.994E-05 9.994E-05 9.994E-05 9.994E-05 9.994E-05 9.994E-05 9.994E-05 0.9993
9.994E-05 9.994E-05 9.994E-05 9.994E-05 9.994E-05 9.994E-05 9.994E-05 0.9993
0.0985426 0.0394422 0.0300981 0.110546 9.9991E-05 0.233061 0.391859 0.0963515
0.0543149 0.0269673 0.0356265 0.0665417 0.120803 0.0439924 0.599076 0.0526781
0.0413508 0.0153731 9.9991E-05 0.0834619 0.0372112 0.059302 0.571222 0.191979
9.9973E-05 9.9973E-05 9.9973E-05 0.114244 0.0843381 0.164144 0.500808 0.136166
0.00907554 9.9982E-05 0.0245656 0.114639 0.0834414 9.9982E-05 0.520544 0.247534
9.9973E-05 0.00139644 9.9973E-05 0.0869328 9.9973E-05 0.13683 0.591949 0.182592
9.9964E-05 9.9964E-05 9.9964E-05 0.0644798 9.9964E-05 0.252304 0.540586 0.14223
0.0303865 9.9982E-05 9.9982E-05 0.0973752 0.0228548 0.224229 0.427597 0.197357
9.9982E-05 9.9982E-05 0.0205461 0.0738443 0.0653781 0.367373 0.370022 0.102636
9.9973E-05 0.291287 9.9973E-05 9.9973E-05 0.0164538 0.178887 0.411011 0.102061
0.0338179 0.22449 9.9982E-05 0.0209817 9.9982E-05 0.16605 0.422515 0.131945
0.0567759 0.477058 9.9982E-05 0.0425349 9.9982E-05 0.0131685 0.34137 0.0688922
9.994E-05 9.994E-05 9.994E-05 9.994E-05 9.994E-05 9.994E-05 9.994E-05 0.9993
0.0758198 0.15718 0.0233759 0.0945976 0.0859756 0.0834004 0.338846 0.140805
9.9982E-05 0.103674 0.00612191 0.157035 9.9982E-05 0.14445 0.391367 0.197152
0.0385397 0.0842641 0.0542921 0.0300415 0.0272373 0.0990344 0.624602 0.0419886
0.0643414 0.0316889 9.9991E-05 0.0694826 0.0564836 0.0827078 0.550256 0.144939
0.0737613 0.085762 9.9982E-05 0.0733636 9.9982E-05 0.00715911 0.562927 0.196827
0.0210282 0.264852 0.21617 0.148312 0.0397888 9.9991E-05 0.242536 0.0672135
9.9973E-05 0.144628 0.579931 0.0329067 9.9973E-05 9.9973E-05 0.0572151 0.185019
0.0620625 0.17325 0.119707 0.00927457 0.0473436 0.0880349 0.404925 0.0954025
9.9982E-05 0.101925 0.0330632 0.0387955 9.9982E-05 0.109351 0.565742 0.150924
9.9973E-05 0.0498469 0.130317 9.9973E-05 9.9973E-05 0.182222 0.546835 0.0904799
0.0358913 0.0708453 9.9982E-05 0.121965 9.9982E-05 0.301414 0.281746 0.187938
9.9973E-05 0.0387976 9.9973E-05 0.869383 0.0540764 9.9973E-05 0.00110528 0.0363377
9.9973E-05 0.115928 9.9973E-05 0.0835151 9.9973E-05 0.212834 0.321963 0.26546
9.9982E-05 0.0512094 0.0334916 0.107579 9.9982E-05 0.104737 0.606366 0.0964171
0.0573338 9.9991E-05 0.0950419 0.170327 0.0585916 0.146897 0.342775 0.128934
0.0544862 0.0583745 0.0481338 0.136901 0.143581 0.0980913 0.37218 0.0882524
0.00423272 9.9991E-05 0.150655 0.0969063 0.0212221 0.0178545 0.60829 0.100739
0.0789234 0.0219294 0.129303 0.0938189 0.045056 0.0645644 0.433258 0.133146
0.0365737 0.0241615 0.119311 0.113019 9.9991E-05 0.274591 0.291397 0.140847
0.0369312 0.113201 9.9982E-05 0.0690988 9.9982E-05 0.225302 0.449955 0.105312
0.0501573 9.9973E-05 9.9973E-05 9.9973E-05 0.013262 0.27862 0.584032 0.0736294
0.0138756 0.0329712 0.013942 0.127866 9.9991E-05 0.074456 0.663457 0.0733323
0.0625551 0.0145541 9.9991E-05 0.0370057 0.0581728 0.123344 0.644025 0.0602435
0.0284039 9.9982E-05 0.123271 0.146071 9.9982E-05 0.145987 0.315748 0.240318
0.00263336 9.9991E-05 0.0238484 0.0960812 0.00623108 0.212342 0.597566 0.0611981
9.994E-05 9.994E-05 9.994E-05 0.9993 9.994E-05 9.994E-05 9.994E-05 9.994E-05
0.0653273 9.9991E-05 0.0543103 0.136827 0.0381016 0.220712 0.384058 0.100564
0.027535 0.0226962 0.0389562 0.103593 0.0671298 9.9991E-05 0.593009 0.146981
0.0781333 9.9982E-05 0.0574254 0.132747 9.9982E-05 0.235646 0.38004 0.115809
9.9982E-05 0.0902692 0.052422 0.103008 9.9982E-05 0.143282 0.555845 0.0549728
0.030118 0.0281097 9.9982E-05 0.025649 9.9982E-05 0.282389 0.563751 0.0697837
0.0303946 9.9982E-05 9.9982E-05 0.0498059 0.0923834 0.332941 0.486894 0.00738168
9.994E-05 9.994E-05 9.994E-05 9.994E-05 9.994E-05 9.994E-05 0.9993 9.994E-05
9.994E-05 9.994E-05 9.994E-05 0.9993 9.994E-05 9.994E-05 9.994E-05 9.994E-05
9.994E-05 9.994E-05 9.994E-05 9.994E-05 9.994E-05 9.994E-05 0.9993 9.994E-05
0.0903373 9.9991E-05 0.0907346 0.162044 0.0166998 0.0168971 0.403874 0.219313
0.0328428 9.9982E-05 0.0365637 0.0752749 0.148254 9.9982E-05 0.534411 0.172454
0.0877571 9.9991E-05 0.0138472 0.145068 0.0761804 0.0973852 0.488275 0.0913871
0.0707645 0.0315763 0.00808341 0.15803 9.9982E-05 9.9982E-05 0.663342 0.0680038
0.0126177 0.117433 9.9991E-05 0.0944881 0.0222861 0.047424 0.576627 0.129024
9.9964E-05 0.115434 0.0127776 0.83975 0.0316392 9.9964E-05 9.9964E-05 9.9964E-05
0.0785274 0.0455691 0.0574623 0.133037 0.0224779 0.161295 0.446339 0.0552917
0.021328 9.9973E-05 9.9973E-05 0.0110516 0.00916442 0.823802 9.9973E-05 0.134354
9.9964E-05 9.9964E-05 0.0439403 9.9964E-05 9.9964E-05 0.87719 0.028192 0.0502779
9.9964E-05 9.9964E-05 9.9964E-05 0.0236795 0.116664 0.734589 0.124667 9.9964E-05
0.00410017 9.9964E-05 9.9964E-05 0.0105398 9.9964E-05 0.926349 9.9964E-05 0.0586111
9.9991E-05 0.0127276 0.0434564 0.0308942 0.0364679 0.738308 0.117905 0.0201404
0.000170763 9.9982E-05 0.0375111 0.00954468 0.0324831 0.906918 9.9982E-05 0.0131726
0.0401537 9.9946E-05 9.9946E-05 9.9946E-05 9.9946E-05 0.959247 9.9946E-05 9.9946E-05
0.0463969 9.9964E-05 9.9964E-05 9.9964E-05 0.0662824 0.796146 0.0907745 9.9964E-05
9.9946E-05 0.0949318 9.9946E-05 9.9946E-05 9.9946E-05 0.904469 9.9946E-05 9.9946E-05
9.9991E-05 0.0113757 0.00509116 0.029952 0.0163865 0.683141 0.226369 0.027584
9.9964E-05 9.9964E-05 9.9964E-05 9.9964E-05 0.061339 0.81147 0.117498 0.00929277
9.9964E-05 9.9964E-05 0.768172 0.0122412 9.9964E-05 0.178542 9.9964E-05 0.0406446
0.0153039 0.0774427 0.697071 0.00934128 9.9973E-05 0.200541 9.9973E-05 9.9973E-05
0.0156722 0.0346545 0.73488 9.9973E-05 0.0922617 9.9973E-05 0.122232 9.9973E-05
0.0936303 9.9964E-05 0.766753 9.9964E-05 0.00463699 9.9964E-05 0.134579 9.9964E-05
0.0540315 0.104004 0.671179 9.9982E-05 0.0179125 0.0947213 9.9982E-05 0.0579522
9.9964E-05 9.9964E-05 0.711834 9.9964E-05 0.0873039 0.111133 9.9964E-05 0.0893297
9.9982E-05 0.0716547 0.755622 0.0132016 0.0306338 0.0923744 9.9982E-05 0.0363135
9.9982E-05 9.9982E-05 0.738889 0.00458398 0.0509837 0.131735 0.0497826 0.0238264
0.0547304 0.0167468 0.626357 0.0408767 0.0227265 9.9991E-05 0.206084 0.0323791
9.9964E-05 0.126573 0.650481 0.0410087 9.9964E-05 0.181537 9.9964E-05 9.9964E-05
0.0545576 0.0881525 0.681914 9.9982E-05 0.102573 0.0252728 9.9982E-05 0.04733
0.0452775 0.169879 0.700999 9.9982E-05 0.025379 0.0248858 9.9982E-05 0.0333794
0.0374686 0.127822 0.611905 9.9991E-05 0.0516049 0.104959 0.0470327 0.0191071
0.00293148 0.0334498 0.604026 0.0599428 9.9982E-05 0.0759205 0.22353 9.9982E-05
0.0355628 9.9982E-05 0.663341 0.062166 0.125124 9.9982E-05 0.0237802 0.0898264
0.114321 9.9973E-05 0.713376 0.00819998 9.9973E-05 9.9973E-05 0.0406284 0.123175
9.9973E-05 0.0585067 0.78078 0.00375373 9.9973E-05 0.130751 9.9973E-05 0.0259088
0.0609083 0.0220129 0.735142 0.0461011 9.9982E-05 0.0350469 0.100589 9.9982E-05
0.0480675 0.0835861 0.734197 0.0287372 0.0854193 0.0197934 9.9982E-05 9.9982E-05
0.0155916 0.034212 0.748194 0.0108467 0.0223873 9.9991E-05 0.101015 0.0676534
0.0312807 0.0268358 0.643795 0.0712034 0.085656 0.0659948 0.00312129 0.0721133
9.9964E-05 9.9964E-05 0.718932 9.9964E-05 0.0152248 0.181273 0.0841697 9.9964E-05
0.0412505 9.9973E-05 0.782202 0.0643021 0.00559078 9.9973E-05 0.106354 9.9973E-05
0.045085 9.9982E-05 0.751387 0.00226948 9.9982E-05 0.110893 0.0552343 0.034931
0.0152688 9.9982E-05 0.698589 0.0638009 0.082061 0.047874 0.0922068 9.9982E-05
0.0401897 9.9982E-05 0.689969 0.0166262 0.101927 0.0596806 0.0914073 9.9982E-05
0.0427496 0.0585985 0.725983 9.9982E-05 0.0935435 9.9982E-05 0.0486477 0.0302777
0.0483353 0.0956578 0.587326 9.9973E-05 9.9973E-05 0.136626 9.9973E-05 0.131755
0.0264667 0.00471579 0.715755 0.00837502 9.9982E-05 0.0776669 0.166821 9.9982E-05
9.9982E-05 0.100793 0.707588 0.0350546 0.0840618 9.9982E-05 0.0481749 0.0241286
9.9964E-05 0.0960712 0.744151 9.9964E-05 9.9964E-05 0.0894478 9.9964E-05 0.0699302
0.0498118 0.161907 0.619944 0.0123399 0.107194 9.9982E-05 0.0486029 9.9982E-05
0.00913917 0.0682107 0.687367 9.9991E-05 0.115891 0.0420083 0.0718908 0.0053934
9.9991E-05 0.0082651 0.770925 0.0122859 0.0421919 0.0528814 0.067695 0.0456558
9.9964E-05 9.9964E-05 0.769603 9.9964E-05 0.0471052 9.9964E-05 0.150768 0.032124
9.9982E-05 0.674389 0.159002 9.9982E-05 0.0249381 0.0177609 0.0858816 0.0378292
0.020702 0.588336 0.15188 0.122223 0.0750743 0.0415847 9.9982E-05 9.9982E-05
0.103094 0.523028 0.0902422 0.0275421 0.0591978 0.108383 9.9991E-05 0.088413
0.0756316 0.574811 0.155184 0.0699046 9.9982E-05 0.104162 9.9982E-05 0.0201065
0.06436 0.592572 0.106781 0.0086541 0.0153919 0.0685871 0.143553 9.9991E-05
9.9973E-05 0.678971 0.0727178 0.057854 0.128123 9.9973E-05 0.0620346 9.9973E-05
0.0288547 0.845486 9.9973E-05 0.0108606 0.0292795 0.0852189 9.9973E-05 9.9973E-05
0.0544793 0.685357 9.9964E-05 9.9964E-05 0.0580891 0.201674 9.9964E-05 9.9964E-05
