9.9973E-05 0.941153 0.021924 0.036623 9.9973E-05 9.9973E-05
0.0199611 0.773388 0.0139011 9.9991E-05 0.052615 0.140035
0.0818245 0.820505 0.0150924 0.0181912 9.9991E-05 0.0642865
0.026227 0.86838 0.00795124 9.9982E-05 9.9982E-05 0.0972414
0.0346067 0.806141 0.0221511 9.9982E-05 9.9982E-05 0.136902
9.9964E-05 0.880201 9.9964E-05 9.9964E-05 9.9964E-05 0.119399
0.00221158 0.927327 0.00559398 0.00507627 9.9991E-05 0.0596912
0.0100794 0.828179 9.9991E-05 0.0178141 0.0400017 0.103826
0.0199674 0.802329 9.9982E-05 9.9982E-05 0.0585027 0.119001
0.0446942 0.825092 0.0410026 9.9991E-05 0.0073006 0.081811
0.000430706 0.807593 0.0359153 0.0439754 0.0038915 0.108194
9.9973E-05 0.849519 0.0308035 9.9973E-05 9.9973E-05 0.119377
0.0314244 0.800196 0.0383239 0.0453999 0.0399859 0.0446703
0.0304038 0.79643 0.0327489 9.9982E-05 9.9982E-05 0.140217
0.0745173 0.839203 9.9973E-05 9.9973E-05 9.9973E-05 0.0859796
0.0115154 0.889926 9.9991E-05 0.002131 0.0233927 0.0729345
9.9964E-05 0.94549 9.9964E-05 9.9964E-05 0.0541101 9.9964E-05
9.9964E-05 0.91432 9.9964E-05 0.0852797 9.9964E-05 9.9964E-05
9.9973E-05 0.922974 9.9973E-05 0.0398991 0.0368271 9.9973E-05
0.00312564 0.896643 0.0183199 0.0249057 0.0569062 9.9991E-05
0.9995 9.996E-05 9.996E-05 9.996E-05 9.996E-05 9.996E-05
0.849378 9.9973E-05 9.9973E-05 0.119055 9.9973E-05 0.0312669
0.81821 0.0602018 9.9982E-05 0.108609 9.9982E-05 0.0127799
0.861982 0.0107004 0.0623903 0.0647275 9.9982E-05 9.9982E-05
0.955244 0.00265625 0.0222907 9.9991E-05 0.0126887 0.00702067
0.998529 9.9964E-05 9.9964E-05 9.9964E-05 0.00107086 9.9964E-05
0.841298 9.9973E-05 9.9973E-05 0.134772 0.02363 9.9973E-05
0.987775 9.9964E-05 0.0118248 9.9964E-05 9.9964E-05 9.9964E-05
0.682972 0.000266467 0.0643355 0.0397587 0.0267742 0.185893
0.591007 0.0403513 0.010595 0.0868096 0.141101 0.130136
0.683146 9.9973E-05 9.9973E-05 9.9973E-05 0.0932046 0.223349
0.678204 0.0111833 0.0127487 0.0737465 0.118429 0.105689
0.663535 0.0137473 9.9991E-05 0.110118 0.0969392 0.115561
0.588249 9.9982E-05 0.0190697 9.9982E-05 0.191595 0.200886
0.607874 0.0171741 0.0777078 9.9991E-05 0.154002 0.143143
0.509275 0.0463919 0.0167745 0.034681 0.178135 0.214743
0.554969 9.9991E-05 0.0268867 0.172188 0.168414 0.0774416
0.0209859 0.0212084 0.0267078 0.779446 0.107862 0.0437906
9.9982E-05 9.9982E-05 0.0592798 0.724636 0.191157 0.0247279
0.0240996 0.0144171 9.9991E-05 0.764421 0.175443 0.0215196
0.0285426 9.9982E-05 9.9982E-05 0.693997 0.186852 0.0904076
0.0067909 0.0182467 0.0563602 0.784406 0.117518 0.0166777
9.9982E-05 0.0242723 0.0221875 0.844715 0.108625 9.9982E-05
9.9991E-05 0.0517084 0.0441741 0.678339 0.0738477 0.151831
0.0284423 9.9982E-05 0.00669534 0.794702 0.16996 9.9982E-05
0.0147621 0.0277565 0.03788 0.787393 0.0789101 0.0532981
9.9973E-05 9.9973E-05 0.0293223 0.840389 0.129989 9.9973E-05
9.9973E-05 9.9973E-05 0.0113732 0.856313 0.132014 9.9973E-05
9.9982E-05 0.0470259 0.0244612 0.886272 0.0420413 9.9982E-05
0.0302836 9.9991E-05 0.028463 0.792267 0.104204 0.0446826
0.0172918 0.0119925 0.0391922 0.835848 0.089359 0.00631644
0.0225572 0.0145588 9.9991E-05 0.860305 0.0945935 0.00788534
9.9973E-05 9.9973E-05 0.0692037 0.829432 0.101064 9.9973E-05
0.0327449 0.0407203 0.0351223 0.80344 0.0878727 9.9991E-05
0.00386577 0.0310528 0.0413693 0.737873 0.130049 0.0557894
0.0441161 0.0259386 9.9991E-05 0.696458 0.152229 0.0811578
0.0531698 0.0445808 0.0173865 0.774636 0.110127 9.9991E-05
0.0376734 0.0526406 0.0243582 0.147605 0.652846 0.0848763
9.9982E-05 0.0516886 0.0375058 9.9982E-05 0.903464 0.0071417
0.0471034 0.0368115 0.13691 0.00652894 0.692288 0.0803587
0.00246049 0.0317347 0.113 0.185631 0.667073 9.9991E-05
0.0130229 9.9991E-05 0.0798447 0.0846646 0.792344 0.0300238
0.0188672 0.033793 0.0860218 0.0922885 0.743176 0.0258533
0.0370973 0.0269324 0.0632816 9.9991E-05 0.867701 0.00488723
9.9973E-05 9.9973E-05 0.0225536 0.0509014 0.926245 9.9973E-05
9.9991E-05 0.112127 0.0879605 0.0842506 0.632295 0.0832673
0.0505657 0.0538804 0.0674146 0.0801328 0.706655 0.0413512
0.0460514 0.00536975 0.0794461 9.9991E-05 0.792989 0.0760438
0.115304 9.9982E-05 0.0855458 9.9982E-05 0.767689 0.0312619
0.0350181 0.0454175 0.103732 9.9991E-05 0.759658 0.0560739
9.9982E-05 0.016536 0.0316807 0.0454714 0.906112 9.9982E-05
0.000576367 0.028392 0.0517657 0.144662 0.774504 9.9991E-05
0.0641163 0.0133831 0.12037 0.0588696 0.720856 0.0224053
0.0784208 0.0261429 0.0975747 0.053243 0.631182 0.113437
0.108133 0.00207847 0.0213708 0.26551 0.587109 0.0157981
0.0193564 0.0397398 9.99962E-05 0.22729 0.679745 0.033769
9.9982E-05 0.0794962 0.0319062 0.439526 0.448872 9.9982E-05
9.9982E-05 0.0158222 0.0453282 9.9982E-05 0.921946 0.0167039
0.0279372 0.0534547 0.103848 0.13171 0.586569 0.0964809
9.9982E-05 9.9982E-05 0.116362 0.0947179 0.718483 0.0702374
0.0605193 0.0664379 0.0660455 0.105619 0.701279 9.9991E-05
0.072607 0.0610194 0.0675055 0.0426605 0.698237 0.0579702
9.9982E-05 0.0356288 0.116405 0.0653753 0.782391 9.9982E-05
9.9991E-05 0.0533826 0.0619385 0.277559 0.391941 0.215079
9.9982E-05 9.9982E-05 0.0454297 0.181328 0.186861 0.586181
0.0536489 9.9991E-05 0.0186124 0.06309 0.615822 0.248726
0.00202269 0.0408342 0.0618086 0.110189 0.683905 0.101241
9.9991E-05 0.00763772 0.00708271 0.145459 0.718546 0.121174
0.00779109 0.0342619 0.0678635 0.103755 0.715665 0.0706629
9.9973E-05 9.9973E-05 0.916553 0.0217906 0.0613562 9.9973E-05
0.0197543 0.0287442 0.0553885 0.114782 0.751587 0.0297442
9.9973E-05 9.9973E-05 9.9973E-05 0.0796594 0.829229 0.0908117
0.105869 0.0377112 0.151251 9.9991E-05 0.517369 0.1877
0.0904619 0.0769555 0.128327 9.9991E-05 0.571385 0.132771
0.0295692 0.0226387 0.110413 9.9991E-05 0.644242 0.193036
0.0807749 0.094691 0.104262 0.0061104 0.598789 0.115372
9.9991E-05 0.0292046 0.110617 0.0360652 0.657767 0.166246
9.9982E-05 0.0635126 0.065165 0.109422 0.7617 9.9982E-05
0.050487 0.0187295 0.0690498 0.0654817 0.796152 9.9991E-05
9.9982E-05 0.012704 0.0977734 0.075769 0.813554 9.9982E-05
0.114157 0.0272909 0.0901061 9.9991E-05 0.705749 0.0625968
0.0351591 0.0107074 0.142735 0.00742197 0.648633 0.155344
0.022914 0.00279085 0.0275279 0.0629734 0.882906 0.000887984
9.996E-05 9.996E-05 0.9995 9.996E-05 9.996E-05 9.996E-05
0.0370466 0.0497349 0.148671 9.9991E-05 0.629015 0.135432
9.9982E-05 9.9982E-05 0.111193 0.10075 0.758063 0.029794
9.9991E-05 0.0746615 0.135197 0.0730125 0.63207 0.0849593
9.9991E-05 0.0131259 0.0576731 0.149241 0.770514 0.00934588
9.9991E-05 0.0213735 0.0625152 0.0425808 0.744943 0.128487
0.117195 9.9982E-05 0.0662457 0.0881479 0.728212 9.9982E-05
9.9982E-05 9.9982E-05 0.0282937 0.0266182 0.909064 0.0358244
9.996E-05 9.996E-05 0.9995 9.996E-05 9.996E-05 9.996E-05
0.0139762 0.026943 0.0139041 0.00906443 0.917295 0.0188176
9.9982E-05 0.0344053 0.0814782 9.9982E-05 0.728852 0.155065
0.049129 0.04129 0.157273 9.9991E-05 0.611223 0.140985
0.0721658 0.055608 0.126722 0.084984 0.604516 0.0560046
0.00184661 0.0347612 0.128579 0.11511 0.719603 9.9991E-05
0.0198041 0.0200966 0.00933562 0.0859827 0.864681 9.9991E-05
0.018142 9.9964E-05 0.981458 9.9964E-05 9.9964E-05 9.9964E-05
0.0175686 0.0621217 0.127769 0.0577979 0.620241 0.114502
0.162559 0.0451458 0.0433851 0.0006779 0.522712 0.22552
0.206339 9.9982E-05 0.0801736 9.9982E-05 0.500976 0.212312
0.228113 0.0301522 0.0562517 9.9991E-05 0.498388 0.186995
0.188403 0.0325946 0.0422296 9.9991E-05 0.474131 0.262541
0.130358 0.047421 0.0592778 9.9991E-05 0.498852 0.263991
0.239441 0.00492082 0.0622643 0.0142935 0.457388 0.221692
0.230227 0.0502839 0.042956 0.0260569 0.452622 0.197854
0.226246 0.0924301 0.0665815 0.00941779 0.452003 0.153322
0.153592 0.0168923 0.041265 0.156618 0.426074 0.205559
0.154285 9.9982E-05 0.12295 9.9982E-05 0.431024 0.291541
0.254537 0.0122865 0.0712756 0.0556879 0.488133 0.118079
0.0338275 9.9991E-05 0.000526336 0.0470448 0.111362 0.807139
0.0584889 9.9991E-05 0.0381684 0.0662512 0.0587971 0.778194
0.0378118 0.0438458 9.9991E-05 0.0213331 0.0938263 0.803083
0.0295931 0.0648252 9.9982E-05 0.213832 9.9982E-05 0.69155
0.0149758 0.0400337 0.0328605 0.127042 0.0437475 0.741341
0.0338118 0.0398641 0.0105469 0.0404515 0.103556 0.77177
0.0464428 9.9991E-05 0.0292464 0.136626 0.00258053 0.785004
0.0564793 9.9991E-05 0.0543594 0.0810668 0.0551077 0.752887
0.0724588 0.0829711 0.0202216 0.0563964 0.0823798 0.685572
0.00273876 0.003516 9.9991E-05 0.19187 0.0971783 0.704597
0.0991408 0.0218376 9.9991E-05 0.123831 0.0770892 0.678001
0.0189875 0.0388454 9.9991E-05 0.116684 0.0658012 0.759582
0.0253022 0.0352778 0.0310099 0.111703 0.0369078 0.759799
9.9991E-05 0.0239258 0.0818929 0.0404341 0.0556403 0.798007
0.00117724 0.0905168 0.0386134 9.9991E-05 0.0620648 0.807528
9.9973E-05 0.0795368 0.0666057 9.9973E-05 9.9973E-05 0.853558
0.0062623 0.0300838 9.9991E-05 0.11741 0.0720898 0.774054
9.99983E-05 0.0902919 0.0370437 0.0358402 0.0490595 0.787665
0.00510546 0.0725945 9.9982E-05 0.119768 9.9982E-05 0.802332
0.0575982 0.0389995 0.0590341 0.0477714 9.9991E-05 0.796497
0.0133953 0.0659682 0.0351275 9.9991E-05 0.0131243 0.872285
0.0152629 9.9991E-05 0.0358286 0.0758653 0.121673 0.75127
9.9973E-05 0.0471756 0.0778985 9.9973E-05 9.9973E-05 0.874626
0.0300687 0.0195509 0.0252285 0.0983629 0.0121732 0.814616
0.0358447 0.0464816 0.0997013 9.9982E-05 9.9982E-05 0.817772
0.0765902 0.0344738 0.0265984 9.9991E-05 0.0386665 0.823571
0.0721457 0.0175955 0.0518386 0.0293794 9.9991E-05 0.828941
9.9982E-05 0.0765454 0.0561466 9.9982E-05 0.017561 0.849547
0.048153 0.0571423 0.0194222 0.0410964 0.0422232 0.791963
0.0154702 9.9982E-05 0.0539573 0.0727929 9.9982E-05 0.85758
0.00368002 9.9982E-05 9.9982E-05 0.0912529 0.0640438 0.840823
0.0487926 0.0588993 0.0125302 0.106683 9.9991E-05 0.772995
0.0634669 0.0126312 0.0195469 0.0711073 0.0298496 0.803398
0.0637862 0.0256224 0.0480496 0.00974486 0.00418654 0.84861
0.0568902 0.0354364 0.043789 0.0291724 0.00336589 0.831346
0.0647019 0.00031492 0.0406915 0.655501 9.9991E-05 0.238691
0.117718 0.0493613 0.0434659 0.669233 9.9991E-05 0.120121
0.126618 0.0987661 0.0143261 0.615939 9.9991E-05 0.144251
0.0546219 0.0963321 0.079408 0.607415 9.9991E-05 0.162123
0.115961 0.0775568 0.00932819 0.682756 0.0133576 0.10104
0.159759 9.9982E-05 0.0569226 0.754102 9.9982E-05 0.0290155
0.10455 9.9982E-05 0.0151941 0.76941 9.9982E-05 0.110646
0.208074 0.0655364 0.0162023 0.661451 9.9991E-05 0.0486364
