9.9973E-05 9.9973E-05 0.00523141 0.936519 0.0579492 9.9973E-05
0.00665047 0.118249 0.0103764 0.780152 9.9991E-05 0.0844722
0.0902094 0.067666 0.00586751 0.836057 9.9982E-05 9.9982E-05
0.0328737 0.111277 0.00693657 0.848713 9.9982E-05 9.9982E-05
0.0114742 0.119408 0.0116251 0.854662 9.9991E-05 0.00273069
9.9964E-05 0.109707 9.9964E-05 0.889893 9.9964E-05 9.9964E-05
0.0061231 0.0645353 9.9982E-05 0.92434 0.00480132 9.9982E-05
9.9973E-05 0.1219 9.9973E-05 0.825118 9.9973E-05 0.0526827
0.0333447 0.117433 9.9982E-05 0.798483 9.9982E-05 0.0505393
0.0257568 0.100116 0.0348946 0.839032 9.9982E-05 9.9982E-05
0.0107351 0.14105 0.0137382 0.811419 9.9991E-05 0.0229578
0.00878651 0.0919487 0.0413498 0.845312 0.012503 9.9991E-05
0.0263376 0.0931218 0.0491829 0.770486 0.0392052 0.0216668
0.0444286 0.130386 0.0559797 0.769006 9.9982E-05 9.9982E-05
0.0278048 0.107403 0.0280658 0.836526 9.9982E-05 9.9982E-05
9.9982E-05 0.102827 9.9982E-05 0.884383 0.00259118 0.00999831
9.9964E-05 9.9964E-05 9.9964E-05 0.961376 9.9964E-05 0.0382243
9.9973E-05 9.9973E-05 9.9973E-05 0.924249 0.0581177 0.0173337
9.9982E-05 9.9982E-05 0.0113656 0.910566 0.0327242 0.0451438
9.9982E-05 9.9982E-05 0.014486 0.868932 0.0596455 0.056737
0.9995 9.996E-05 9.996E-05 9.996E-05 9.996E-05 9.996E-05
0.885731 0.0460256 9.9982E-05 0.00250315 0.0655402 9.9982E-05
0.831412 0.0183736 9.9982E-05 0.0260984 0.123916 9.9982E-05
0.866857 0.00971938 0.0158903 9.9991E-05 0.0942982 0.0131354
0.953362 0.0158569 9.9982E-05 0.0152091 9.9982E-05 0.0153724
0.971439 9.9973E-05 9.9973E-05 0.0178759 0.0103852 9.9973E-05
0.839284 0.0131616 9.9982E-05 9.9982E-05 0.143597 0.00375759
0.981668 9.9964E-05 0.0179322 9.9964E-05 9.9964E-05 9.9964E-05
0.705364 0.188174 0.0303894 9.9982E-05 9.9982E-05 0.075873
0.600635 0.0739965 0.0257369 0.0301877 0.147155 0.122289
0.690634 0.240572 9.9973E-05 9.9973E-05 9.9973E-05 0.0684933
0.666071 0.0892738 0.0147694 9.9991E-05 0.137005 0.0927816
0.67739 0.110668 0.0106052 0.029168 0.0610577 0.111111
0.546872 0.200466 0.000546498 9.9991E-05 0.00742493 0.24459
0.590238 0.157 0.0540034 9.9982E-05 9.9982E-05 0.198559
0.536065 0.242874 0.0221161 0.0688809 0.00724698 0.122817
0.529836 0.112647 0.0150294 0.0138068 0.177399 0.151282
0.0737718 9.9982E-05 9.9982E-05 0.00416487 0.79037 0.131494
9.9973E-05 9.9973E-05 0.0496659 9.9973E-05 0.772449 0.177585
0.00659106 0.0962049 9.9991E-05 0.00674181 0.657242 0.23312
0.0346451 0.0383297 9.9982E-05 9.9982E-05 0.71372 0.213105
0.0157382 0.00801011 0.052671 0.0219899 0.789319 0.112272
0.0309294 9.9991E-05 0.0409161 0.0240719 0.826853 0.0771293
9.9991E-05 0.132493 0.0152656 0.0517611 0.715785 0.0845948
0.0693284 0.00183333 0.03294 9.9991E-05 0.771065 0.124733
0.0298436 0.0581631 0.0229538 0.0581543 0.807206 0.0236795
9.9964E-05 9.9964E-05 9.9964E-05 9.9964E-05 0.846315 0.153285
9.9973E-05 9.9973E-05 0.014416 9.9973E-05 0.834504 0.15078
0.00246285 9.9991E-05 0.042393 0.0132917 0.934003 0.00774937
0.0302046 0.0921872 0.00815562 0.00100883 0.769398 0.0990461
9.9982E-05 0.0108186 0.0295176 9.9982E-05 0.855336 0.104128
0.00249995 9.9973E-05 9.9973E-05 9.9973E-05 0.856391 0.14081
9.9973E-05 9.9973E-05 0.0544395 9.9973E-05 0.813485 0.131775
0.0148151 9.9982E-05 9.9982E-05 0.061469 0.814972 0.108544
9.9991E-05 0.049362 0.00943913 0.0330016 0.770255 0.137842
0.0267539 0.0959144 0.0307787 0.021527 0.687645 0.137381
0.0404582 0.026563 0.026679 0.0561067 0.766553 0.0836398
0.0533129 0.0836777 0.0517561 0.0155671 0.129002 0.666684
9.9982E-05 0.00600347 0.0550099 0.0378962 9.9982E-05 0.90089
0.0562717 0.0553974 0.13793 0.064784 0.0536803 0.631936
0.0270611 0.00322781 0.123911 0.0265099 0.109023 0.710267
9.9982E-05 0.0343588 0.0842042 9.9982E-05 0.0262179 0.855019
0.027826 0.00890297 0.0759287 0.0646419 0.0683984 0.754302
0.00460159 0.0255416 0.0857423 0.0359186 9.9991E-05 0.848096
0.0300009 9.9982E-05 0.0656352 9.9982E-05 0.00633855 0.897825
9.9991E-05 0.108768 0.0846959 0.0834502 0.0305876 0.692399
0.0896189 0.0238888 0.0869392 0.0384884 0.0624417 0.698623
0.0623061 0.0597089 0.0623508 0.0154904 9.9991E-05 0.800044
0.0874156 0.0394893 0.057352 0.00145848 9.9991E-05 0.814185
0.0529288 0.0798621 0.0870645 0.0429297 9.9991E-05 0.737115
9.9982E-05 9.9982E-05 0.07109 0.00896752 0.034775 0.884968
0.0128227 9.9991E-05 0.0622773 0.0166944 0.114867 0.793239
0.0865999 9.9991E-05 0.145635 0.028763 0.0154838 0.723418
0.106245 0.152895 0.0747957 0.0302125 9.9991E-05 0.635752
0.0873242 9.9982E-05 0.0336963 9.9982E-05 0.344619 0.534161
0.00953199 0.0748951 0.003109 0.0665657 0.170576 0.675322
9.9982E-05 9.9982E-05 0.0595463 0.0547254 0.41942 0.466109
9.9982E-05 0.00545927 0.0735972 0.00609716 9.9982E-05 0.914646
0.0679085 0.0257823 0.114163 0.0441209 0.165107 0.582918
0.0149836 0.0590875 0.122277 9.9991E-05 0.0870287 0.716523
0.0520402 9.9991E-05 0.0653246 0.051745 0.128978 0.701813
0.0360799 0.0855861 0.117123 0.0335547 0.0411036 0.686553
9.9982E-05 9.9982E-05 0.120609 0.0269118 0.0764647 0.775814
0.0106732 0.168846 0.0666689 0.0460294 0.325881 0.381902
9.9982E-05 0.559174 0.0223842 9.9982E-05 0.196792 0.221451
0.00800888 0.295429 0.0151939 0.0228216 0.0768912 0.581655
9.9991E-05 0.0732073 0.0812365 0.0513314 0.148751 0.645374
9.9991E-05 0.0873426 0.0189165 0.0252608 0.168738 0.699642
0.0191142 0.0261936 0.0849764 9.9991E-05 0.107609 0.762007
0.0426122 9.9973E-05 0.90267 9.9973E-05 9.9973E-05 0.0544177
0.0549498 0.0177516 0.0849524 0.0420028 0.105045 0.695298
9.9982E-05 0.103006 0.0533142 9.9982E-05 0.084809 0.75867
0.0795295 0.221759 0.150484 0.0274471 9.9991E-05 0.520681
0.142106 0.105386 0.107451 0.044946 0.00822496 0.591886
0.0257261 0.201991 0.0945033 0.0171583 9.9991E-05 0.660521
0.0546917 0.132589 0.11555 0.0752312 0.045889 0.576049
9.9991E-05 0.160177 0.0809879 0.0335267 0.0705761 0.654632
9.9982E-05 9.9982E-05 0.0468836 0.0594149 0.108538 0.784964
0.0825373 9.9991E-05 0.0538433 0.0241207 0.0338233 0.805575
9.9982E-05 9.9982E-05 0.101016 0.0246239 0.110654 0.763507
0.0795581 0.0644323 0.0499553 0.0253913 0.00275925 0.777904
9.9982E-05 0.165403 0.150235 0.00323225 9.9982E-05 0.680929
0.0543991 0.0060106 0.0472326 0.00381801 0.0788802 0.809659
9.996E-05 9.996E-05 0.9995 9.996E-05 9.996E-05 9.996E-05
0.064606 0.0939263 0.154342 0.083456 9.9991E-05 0.60357
9.9982E-05 9.9982E-05 0.108043 0.0376496 0.0467409 0.807366
9.9991E-05 0.0927616 0.122437 0.0734937 0.0582353 0.652973
9.9991E-05 0.0340731 0.0545022 0.00795188 0.16794 0.735433
9.9991E-05 0.139338 0.0362107 0.0504249 0.0329572 0.740969
0.106427 9.9991E-05 0.0454535 0.00811672 0.102418 0.737485
9.9991E-05 0.0172617 0.0652035 0.0147071 0.049166 0.853562
9.996E-05 9.996E-05 0.9995 9.996E-05 9.996E-05 9.996E-05
9.9991E-05 0.010297 0.0347408 0.000932327 0.0665305 0.887399
0.00224148 0.126244 0.145777 0.0387477 0.00912194 0.677867
0.083532 0.107431 0.19295 0.0569712 9.9991E-05 0.559016
0.0660093 0.0463561 0.123024 0.057186 0.0789773 0.628447
9.9991E-05 0.0200992 0.112048 0.0358292 0.106437 0.725486
0.0215603 9.9991E-05 0.0349619 0.0214228 0.0833281 0.838627
0.00737994 9.9964E-05 0.99222 9.9964E-05 9.9964E-05 9.9964E-05
9.9991E-05 0.0918436 0.139809 0.0843748 0.0964753 0.587398
0.159798 0.226269 0.0321382 0.0295028 9.9991E-05 0.552192
0.194908 0.202151 0.0897421 9.9982E-05 9.9982E-05 0.512999
0.24352 0.188381 0.062823 0.0185079 9.9991E-05 0.486668
0.203542 0.23033 0.0426035 0.0582635 9.9991E-05 0.465161
0.101271 0.286036 0.0291779 0.0608031 9.9991E-05 0.522612
0.278034 0.23467 0.0434489 0.0182161 9.9991E-05 0.425531
0.244389 0.221672 0.033195 0.0442039 0.00888398 0.447656
0.224401 0.170206 0.0892196 0.0655943 9.9991E-05 0.450478
0.18604 0.21724 0.0289328 0.0353056 0.0942909 0.438191
0.218385 0.210841 0.115302 0.0176113 0.0289018 0.408959
0.241388 0.163914 0.0531564 0.000803011 0.0422135 0.498525
0.0365647 0.815153 9.9982E-05 9.9982E-05 0.0788178 0.0692646
0.0369167 0.811667 0.0218526 0.0104 0.0126088 0.106555
0.029393 0.797637 9.9982E-05 0.0769283 9.9982E-05 0.0958412
0.0464902 0.682995 9.9982E-05 0.0737392 0.196576 9.9982E-05
9.9991E-05 0.72499 0.0277053 0.0377443 0.203763 0.00569754
0.0315372 0.735259 9.9991E-05 0.0571672 0.0820218 0.093915
0.0518427 0.783529 0.0202216 9.9982E-05 0.144207 9.9982E-05
0.0879615 0.708114 0.0459178 9.9991E-05 0.115289 0.0426173
0.0563665 0.734961 9.9991E-05 0.0648255 0.0535624 0.0901846
0.0141898 0.700197 0.0127871 0.0165696 0.190696 0.0655603
0.0615543 0.687082 0.00154329 0.0418316 0.133303 0.0746853
9.9982E-05 0.767804 9.9982E-05 0.0673694 0.0991408 0.0654863
0.0146925 0.832421 0.00154883 0.0308613 0.0505159 0.0699604
9.9991E-05 0.800528 0.0740761 0.0217373 0.0231979 0.0803605
0.0249984 0.844587 0.0455902 0.0729174 9.9991E-05 0.0118066
0.00370024 0.861828 0.0267087 0.104869 9.9991E-05 0.00279373
9.9982E-05 0.796239 9.9982E-05 0.0247473 0.10884 0.069974
0.00106245 0.756439 0.0368815 0.0922555 0.0497025 0.0636595
0.0074583 0.83266 0.0160094 0.076709 0.0670636 9.9991E-05
0.000654119 0.849789 0.05181 0.0391077 0.0531082 0.00553137
0.0179691 0.855948 0.0512784 0.0688776 9.9991E-05 0.00582645
0.0313339 0.811872 0.0277552 0.0201137 0.0115354 0.0973892
9.9982E-05 0.872964 0.0581927 0.0336844 0.0349593 9.9982E-05
9.9991E-05 0.798395 0.000614123 0.0391868 0.0967954 0.0649085
0.0256774 0.844435 0.0894574 0.0402304 9.9982E-05 9.9982E-05
0.0769935 0.820993 0.0112037 0.0360983 9.9991E-05 0.054611
0.0597877 0.862076 0.0392219 0.034682 0.004132 9.9991E-05
9.9982E-05 0.861665 0.0470871 0.0762138 9.9982E-05 0.0148337
0.000661253 0.813696 0.0160848 0.061413 0.0203277 0.0878178
0.0146291 0.80369 0.0365749 9.9991E-05 0.139535 0.00547178
9.9973E-05 0.828191 0.0235727 9.9973E-05 0.147936 9.9973E-05
0.0426836 0.767205 9.9982E-05 0.0701499 0.119761 9.9982E-05
0.0468561 0.775346 9.9982E-05 9.9982E-05 0.101889 0.0757089
0.0679187 0.803473 0.0576167 0.0368807 0.0339554 0.000155743
0.0246156 0.841247 0.0338923 0.0406327 0.0527239 0.00688843
0.105119 0.162638 0.0189467 9.9982E-05 0.713096 9.9982E-05
0.108804 0.16889 0.0418711 0.0101393 0.670195 9.9991E-05
0.131422 0.152125 9.9982E-05 0.0795897 0.636663 9.9982E-05
0.100597 0.172523 0.0372985 0.109804 0.579677 9.9991E-05
0.116925 0.0799928 0.00781946 0.109069 0.686094 9.9991E-05
0.15871 0.079127 0.0397076 9.9982E-05 0.722255 9.9982E-05
0.0824514 0.0893162 0.0229229 9.9982E-05 0.80511 9.9982E-05
0.179066 0.0571895 9.9982E-05 0.0811448 0.6824 9.9982E-05
