0.0111676 9.9928E-05 9.9928E-05 9.9928E-05 0.0598915 0.912786 9.9928E-05 9.9928E-05 9.9928E-05 9.9928E-05 0.0153551 9.9928E-05
9.9955E-05 0.0760073 9.9955E-05 0.0192678 0.0953909 0.691106 9.9955E-05 9.9955E-05 0.00370623 0.0801024 9.9955E-05 0.0339195
9.9937E-05 9.9937E-05 9.9937E-05 0.0587611 0.0299563 0.788347 0.0938763 9.9937E-05 9.9937E-05 0.0283595 9.9937E-05 9.9937E-05
9.996E-05 0.0113624 9.996E-05 0.0147603 0.157759 0.743571 0.0108065 9.996E-05 0.00815343 0.0415416 0.0116459 9.996E-05
9.9964E-05 9.9964E-05 0.0228404 0.00600699 0.0447994 0.768527 9.9964E-05 0.0795972 0.00646573 0.0680542 0.00330887 9.9964E-05
0.100876 9.9955E-05 0.00653205 0.00243345 9.9955E-05 0.837404 9.9955E-05 9.9955E-05 0.023595 0.00833951 9.9955E-05 0.0203209
9.9928E-05 9.9928E-05 9.9928E-05 9.9928E-05 9.9928E-05 0.880058 9.9928E-05 0.0103355 9.9928E-05 0.0844832 0.0243237 9.9928E-05
0.01164 9.9955E-05 9.9955E-05 0.00839958 9.9955E-05 0.806631 9.9955E-05 0.132414 0.0158328 0.0207771 0.00380501 9.9955E-05
9.9937E-05 9.9937E-05 9.9937E-05 0.0287865 0.014562 0.756295 9.9937E-05 0.0421167 9.9937E-05 0.15754 9.9937E-05 9.9937E-05
0.140613 0.0101537 9.9946E-05 9.9946E-05 9.9946E-05 0.786904 0.0378231 9.9946E-05 0.00635934 9.9946E-05 0.0175471 9.9946E-05
0.0385876 0.126523 9.9937E-05 9.9937E-05 0.117001 0.704351 9.9937E-05 9.9937E-05 0.012837 9.9937E-05 9.9937E-05 9.9937E-05
0.0524663 0.0718552 9.9955E-05 0.0054777 0.102115 0.697259 0.0630959 9.9955E-05 0.00723059 9.9955E-05 9.9955E-05 9.9955E-05
0.0830196 0.0612216 9.9955E-05 0.00565102 0.0252395 0.715149 0.00353002 0.105689 9.9955E-05 9.9955E-05 9.9955E-05 9.9955E-05
0.0435157 0.0520573 9.9955E-05 0.00847193 0.0778604 0.661309 0.0380067 9.9955E-05 9.9955E-05 0.118279 9.9955E-05 9.9955E-05
9.996E-05 0.023286 0.0340035 0.0200063 0.0692885 0.750026 0.042299 0.0135036 9.996E-05 0.0471878 9.996E-05 9.996E-05
9.99201E-05 9.99201E-05 0.018153 9.99201E-05 9.99201E-05 0.827476 9.99201E-05 9.99201E-05 0.0056002 0.147971 9.99201E-05 9.99201E-05
9.9928E-05 9.9928E-05 0.00701625 9.9928E-05 9.9928E-05 0.929945 9.9928E-05 9.9928E-05 0.0282212 9.9928E-05 9.9928E-05 0.0340181
9.9919E-05 9.9919E-05 0.0448684 9.9919E-05 9.9919E-05 0.912234 9.9919E-05 9.9919E-05 9.9919E-05 9.9919E-05 9.9919E-05 0.0419979
9.9919E-05 9.9919E-05 0.0538543 9.9919E-05 9.9919E-05 0.896616 9.9919E-05 9.9919E-05 9.9919E-05 9.9919E-05 9.9919E-05 0.0486301
9.9955E-05 0.0286955 0.0223773 9.9955E-05 9.9955E-05 0.891073 0.018386 9.9955E-05 0.0103671 9.9955E-05 0.0156098 0.0129917
9.99009E-05 9.99009E-05 9.99009E-05 9.99009E-05 9.99009E-05 9.99009E-05 0.998901 9.99009E-05 9.99009E-05 9.99009E-05 9.99009E-05 9.99009E-05
0.0147633 0.0883293 9.9928E-05 9.9928E-05 0.278931 9.9928E-05 0.617177 9.9928E-05 9.9928E-05 9.9928E-05 9.9928E-05 9.9928E-05
0.0517955 9.9946E-05 0.113432 9.9946E-05 0.228434 9.9946E-05 0.535121 0.0655703 9.9946E-05 9.9946E-05 0.00504796 9.9946E-05
0.00155189 9.9964E-05 0.0750877 9.9964E-05 0.0637615 9.9964E-05 0.703402 0.0364328 0.0157486 9.9964E-05 0.0123604 0.0912554
9.9946E-05 0.100776 9.9946E-05 9.9946E-05 0.00391703 0.00370446 0.858198 0.0201309 9.9946E-05 9.9946E-05 0.0126735 9.9946E-05
9.9955E-05 9.9955E-05 0.0474545 0.0314321 9.9955E-05 0.030009 0.761313 0.0970742 0.0296159 9.9955E-05 0.00260095 9.9955E-05
9.9937E-05 9.9937E-05 0.0952792 9.9937E-05 0.0830934 9.9937E-05 0.642829 0.118199 9.9937E-05 9.9937E-05 9.9937E-05 0.0599005
9.99008E-05 9.99008E-05 9.99008E-05 9.99008E-05 9.99008E-05 9.99008E-05 0.998901 9.99008E-05 9.99008E-05 9.99008E-05 9.99008E-05 9.99008E-05
9.9946E-05 0.0451469 0.0307395 9.9946E-05 9.9946E-05 9.9946E-05 0.690645 0.100974 9.9946E-05 0.106558 0.0253367 9.9946E-05
0.0197296 0.0946276 0.0617831 9.9955E-05 0.165074 9.9955E-05 0.561081 0.0410881 9.9955E-05 9.9955E-05 9.9955E-05 0.0561168
0.0569529 0.00235577 0.0342712 0.0257012 0.0603705 9.9964E-05 0.680607 0.0880272 9.9964E-05 0.0513145 9.9964E-05 9.9964E-05
9.994E-05 9.994E-05 0.0631847 9.994E-05 9.994E-05 9.994E-05 0.627471 0.0987244 0.021549 0.0428667 9.994E-05 0.145604
0.0857835 9.9964E-05 0.00558027 9.9964E-05 9.9964E-05 0.0362547 0.616412 0.144648 9.9964E-05 0.0118634 0.0133399 0.0857191
0.121386 0.142361 9.9964E-05 0.0401409 0.00892575 9.9964E-05 0.644692 0.0263119 9.9964E-05 0.0129266 0.0028561 9.9964E-05
0.0350482 0.0836105 0.0219183 0.0249978 9.9973E-05 9.9973E-05 0.553894 0.170848 0.00303316 9.9973E-05 0.0239034 0.0824469
9.99639E-05 0.099734 0.0903468 0.0748904 0.277816 0.0120244 0.339131 9.99639E-05 0.00253689 0.103121 9.99639E-05 9.99639E-05
9.9955E-05 0.0632809 0.101974 0.0252029 9.9955E-05 9.9955E-05 0.555615 9.9955E-05 9.9955E-05 0.0393266 0.00607282 0.208028
0.105139 9.9964E-05 0.174818 0.0148735 0.0795261 9.9964E-05 0.0257645 0.00845275 0.00190839 9.9964E-05 9.9964E-05 0.589118
0.0248326 0.131313 0.0611186 9.9964E-05 0.00720892 9.9964E-05 9.9964E-05 0.0451504 0.00483581 0.0121275 9.9964E-05 0.713014
9.9973E-05 0.0881688 0.0105639 0.0311724 0.156946 0.00276646 9.9973E-05 0.01266 0.0125194 0.0803841 9.9973E-05 0.604519
0.0733452 0.0765981 0.0665928 9.9946E-05 9.9946E-05 9.9946E-05 0.0161165 9.9946E-05 9.9946E-05 0.000977648 9.9946E-05 0.76577
9.997E-05 9.997E-05 0.0798763 0.0407059 0.0818178 0.00634106 0.0180106 9.997E-05 0.011465 0.0221578 0.0290218 0.710304
0.0155421 0.0561364 9.9973E-05 0.0418053 0.0158953 0.00454933 9.9973E-05 9.9973E-05 0.00353101 0.0252499 0.00891531 0.828075
9.995E-05 9.995E-05 0.0790496 9.995E-05 0.215297 0.0349737 9.995E-05 0.0210828 9.995E-05 0.121695 0.0118674 0.515536
0.0686495 0.0568268 0.0607788 0.0157902 9.9964E-05 0.00204186 0.0327826 9.9964E-05 9.9964E-05 9.9964E-05 0.021799 0.740931
9.996E-05 9.996E-05 0.0716158 9.996E-05 0.10782 0.0243454 0.022237 0.0498986 9.996E-05 0.0939817 0.030487 0.599214
9.9946E-05 0.0493451 0.0341105 9.9946E-05 9.9946E-05 9.9946E-05 9.9946E-05 9.9946E-05 0.0431411 0.0351219 0.0130266 0.824655
0.15409 9.9937E-05 9.9937E-05 0.0289052 0.0316303 9.9937E-05 9.9937E-05 9.9937E-05 9.9937E-05 9.9937E-05 0.00411551 0.780559
9.9946E-05 9.9946E-05 9.9946E-05 0.0131659 9.9946E-05 0.019916 0.0265643 9.9946E-05 0.030375 9.9946E-05 0.00491184 0.904467
0.0858825 0.0092274 0.0769395 0.0087453 0.277276 9.9955E-05 9.9955E-05 9.9955E-05 9.9955E-05 9.9955E-05 0.0119326 0.529497
0.077172 9.9937E-05 9.9937E-05 0.0163853 9.9937E-05 9.9937E-05 9.9937E-05 0.083039 0.0333285 9.9937E-05 9.9937E-05 0.789376
9.9946E-05 0.0151215 9.9946E-05 0.033347 9.9946E-05 9.9946E-05 0.0384283 9.9946E-05 0.0191558 0.0616558 9.9946E-05 0.831692
0.0154242 9.9946E-05 9.9946E-05 9.9946E-05 0.000913753 0.0198017 9.9946E-05 0.0596296 9.9946E-05 9.9946E-05 0.0570541 0.846577
9.996E-05 0.0412369 0.0439497 0.016243 0.0631256 0.0892612 0.0142826 9.996E-05 0.0225138 9.996E-05 9.996E-05 0.708987
9.996E-05 9.996E-05 0.0586133 9.996E-05 9.996E-05 0.0206851 0.00683331 0.017908 0.0298895 0.0546 0.0350121 0.776059
0.0353109 0.028167 9.9964E-05 0.00718962 0.268342 0.00880322 9.9964E-05 0.0911089 0.0290372 9.9964E-05 9.9964E-05 0.531641
9.9946E-05 9.9946E-05 9.9946E-05 9.9946E-05 9.9946E-05 0.0455768 0.0567794 0.0346657 9.9946E-05 0.028976 0.0429474 0.790455
9.998E-05 0.385905 0.17188 0.0428109 0.029864 9.998E-05 0.00888688 0.0734366 0.0114371 0.106188 0.0200582 0.149334
9.99008E-05 9.99008E-05 9.99008E-05 0.998901 9.99008E-05 9.99008E-05 9.99008E-05 9.99008E-05 9.99008E-05 9.99008E-05 9.99008E-05 9.99008E-05
0.0228272 0.518753 0.107778 9.9973E-05 0.175725 9.9973E-05 0.00129812 0.0840874 0.0058964 0.00516512 0.0781696 9.9973E-05
0.0224884 0.480531 0.135236 0.034812 0.0523962 0.0161635 9.9982E-05 0.144422 0.000476238 9.9982E-05 0.074693 0.0385814
9.9955E-05 0.530224 0.128226 0.0486553 0.0444842 9.9955E-05 9.9955E-05 0.191454 0.00520556 9.9955E-05 0.051251 9.9955E-05
0.0321318 0.593873 0.109383 0.00144588 9.9973E-05 0.00515246 9.9973E-05 0.0622985 0.042175 9.9973E-05 0.0274879 0.125752
9.99279E-05 0.890004 9.99279E-05 9.99279E-05 9.99279E-05 9.99279E-05 9.99279E-05 9.99279E-05 0.0685658 9.99279E-05 0.0152067 0.0254237
9.99008E-05 9.99008E-05 9.99008E-05 0.998901 9.99008E-05 9.99008E-05 9.99008E-05 9.99008E-05 9.99008E-05 9.99008E-05 9.99008E-05 9.99008E-05
9.9964E-05 0.503989 9.9964E-05 0.0349499 0.168586 0.0777027 9.9964E-05 0.152155 0.0179956 0.018038 0.0261844 9.9964E-05
0.102314 0.401911 0.279894 0.0170727 9.9982E-05 0.0144598 0.0829367 0.00957185 0.01149 9.9982E-05 0.0325648 0.0475846
0.0503409 0.304229 0.224211 0.0750052 0.0343364 0.0163583 9.9982E-05 0.166262 0.0399113 9.9982E-05 0.0568681 0.0322777
9.9964E-05 0.472563 0.260368 0.0274205 9.9964E-05 9.9964E-05 0.0740944 0.0476632 0.0212401 9.9964E-05 0.0650175 0.0312339
9.997E-05 0.459987 0.142608 0.116091 9.997E-05 0.0433959 0.0583635 0.0233116 0.0240001 0.0417071 0.0902361 9.997E-05
0.000961368 0.577991 0.206987 0.051669 9.9973E-05 0.00741792 9.9973E-05 0.0648923 0.0238525 9.9973E-05 0.0210399 0.0448892
9.996E-05 0.581451 0.111617 0.0395963 9.996E-05 9.996E-05 9.996E-05 0.100725 0.0151528 0.0329862 0.0314767 0.0865946
0.0176889 0.485062 0.189674 0.0795663 9.99651E-05 9.99651E-05 0.0495868 0.0731998 9.99651E-05 9.99651E-05 0.0631471 0.0416755
9.9964E-05 0.329928 0.00543821 0.0478487 0.180944 9.9964E-05 9.9964E-05 0.3861 0.0122664 0.00671935 0.0303559 9.9964E-05
9.9964E-05 0.169068 0.179921 0.054755 9.9964E-05 9.9964E-05 0.0481305 0.182588 0.0680053 9.9964E-05 0.000113402 0.297019
0.0782735 0.314774 0.25687 0.0416248 9.9973E-05 0.0464618 9.9973E-05 0.0154626 0.01376 9.9973E-05 0.00118266 0.231291
9.996E-05 0.2172 0.11532 0.0807154 0.0396091 0.0838585 9.996E-05 9.996E-05 0.0386965 9.996E-05 0.015809 0.408392
9.99369E-05 0.870226 9.99369E-05 0.00839355 9.99369E-05 9.99369E-05 9.99369E-05 9.99369E-05 0.0334023 9.99369E-05 0.0276256 0.0596528
9.9982E-05 0.305033 0.0251314 0.0915674 9.9982E-05 0.0487456 0.0687557 0.103002 0.0537421 0.0800685 0.0728925 0.150861
9.9964E-05 0.477243 0.166791 0.0574263 0.0794644 9.9964E-05 9.9964E-05 0.0398939 0.0305032 9.9964E-05 0.0552149 0.0930643
9.99008E-05 9.99008E-05 0.998901 9.99008E-05 9.99008E-05 9.99008E-05 9.99008E-05 9.99008E-05 9.99008E-05 9.99008E-05 9.99008E-05 9.99008E-05
0.0838843 0.595036 0.130207 0.0167331 9.9973E-05 0.0116008 0.0295267 0.0466659 9.9973E-05 9.9973E-05 0.0601082 0.0259377
0.00272231 0.589527 0.138814 0.0334559 9.9955E-05 0.0664844 9.9955E-05 9.9955E-05 9.9955E-05 9.9955E-05 0.0649236 0.103573
0.0575343 0.226008 0.0293969 0.0232286 0.0637866 0.0272963 0.0132646 9.9991E-05 0.0408803 0.201257 0.084459 0.232789
0.469173 0.093866 9.9946E-05 0.0564579 9.9946E-05 9.9946E-05 9.9946E-05 9.9946E-05 0.0155576 0.159155 9.9946E-05 0.205191
0.0794985 0.262386 0.134373 0.0686504 0.105087 0.0167008 9.9982E-05 0.186129 0.00313759 0.0528009 9.9982E-05 0.0910379
9.99008E-05 9.99008E-05 0.998901 9.99008E-05 9.99008E-05 9.99008E-05 9.99008E-05 9.99008E-05 9.99008E-05 9.99008E-05 9.99008E-05 9.99008E-05
9.99009E-05 9.99009E-05 0.998901 9.99009E-05 9.99009E-05 9.99009E-05 9.99009E-05 9.99009E-05 9.99009E-05 9.99009E-05 9.99009E-05 9.99009E-05
0.0599126 0.401133 0.179562 0.0385269 0.0440128 9.9964E-05 9.9964E-05 0.166592 9.9964E-05 9.9964E-05 0.04855 0.0613104
9.9928E-05 0.198145 9.9928E-05 0.0240971 0.220054 9.9928E-05 9.9928E-05 9.9928E-05 9.9928E-05 9.9928E-05 0.556904 9.9928E-05
9.9964E-05 0.685382 0.0194051 0.00584506 9.9964E-05 9.9964E-05 0.00880591 0.0185833 0.044418 9.9964E-05 0.0248534 0.192307
9.9964E-05 0.640128 0.128063 9.9964E-05 0.00928357 9.9964E-05 9.9964E-05 0.0268182 0.00199023 0.0368842 0.0156895 0.140744
9.9964E-05 0.448949 0.00637562 0.0417442 0.197963 0.0808001 0.0941626 9.9964E-05 9.9964E-05 0.0801985 0.049408 9.9964E-05
9.9964E-05 0.433282 0.0098262 9.9964E-05 0.333779 0.0357249 0.0443626 0.0826256 0.0254393 9.9964E-05 0.0345604 9.9964E-05
9.9937E-05 0.607326 0.0490798 9.9937E-05 0.248634 9.9937E-05 9.9937E-05 9.9937E-05 9.9937E-05 0.0685909 0.025669 9.9937E-05
0.082203 0.470031 0.100529 0.0569723 0.160259 0.0268248 0.0112733 0.0618532 9.9973E-05 9.9973E-05 0.0297542 9.9973E-05
0.108848 0.35118 0.00156756 0.0465679 0.151588 0.0118105 9.9973E-05 0.243265 0.0407565 9.9973E-05 0.0441166 9.9973E-05
9.9964E-05 0.534403 0.18335 0.0488495 9.9964E-05 0.0540976 9.9964E-05 0.0139434 0.0332419 9.9964E-05 0.00574496 0.12597
9.9964E-05 0.42663 0.27466 0.012219 9.9964E-05 9.9964E-05 0.0324575 0.146782 0.0292753 9.9964E-05 0.0158274 0.0617492
0.0180907 0.497778 0.0573903 0.0769209 0.0971863 9.9973E-05 9.9973E-05 0.0910623 0.0491765 9.9973E-05 0.0593777 0.052717
9.9955E-05 0.563879 0.126489 0.00329301 0.183338 9.9955E-05 0.0207426 0.0524304 9.9955E-05 9.9955E-05 0.049328 9.9955E-05
9.998E-05 0.455367 0.0993421 0.0723681 9.998E-05 0.0150505 0.00792214 0.0362715 0.0206718 0.112807 0.14295 0.0370506
9.9964E-05 0.712558 0.0419076 0.023582 9.9964E-05 9.9964E-05 9.9964E-05 0.114558 0.00130138 0.0585456 0.0144273 0.0327208
9.99006E-05 9.99006E-05 9.99006E-05 9.99006E-05 9.99006E-05 9.99006E-05 9.99006E-05 9.99006E-05 9.99006E-05 9.99006E-05 0.998901 9.99006E-05
0.10872 0.346949 0.0239335 0.0696371 9.9973E-05 0.055613 9.9973E-05 0.1969 0.0578614 9.9973E-05 0.0732297 0.0668556
9.9937E-05 0.712673 0.101395 9.9937E-05 0.114377 9.9937E-05 9.9937E-05 9.9937E-05 9.9937E-05 0.0109512 0.0599033 9.9937E-05
0.0801587 0.538723 0.141452 9.9946E-05 0.162607 0.0134028 9.9946E-05 9.9946E-05 9.9946E-05 9.9946E-05 0.0630573 9.9946E-05
9.9982E-05 0.557453 0.0887762 0.0435763 0.0164239 0.00713696 9.9982E-05 0.038639 0.00666232 0.0194984 0.0236838 0.197951
9.9964E-05 0.563893 0.0727543 9.9964E-05 0.0866592 0.0107084 9.9964E-05 0.207039 0.0234885 9.9964E-05 0.0164109 0.0186471
9.9973E-05 0.495937 0.178382 9.9973E-05 0.0454127 0.0176989 0.0745239 0.133655 0.0129517 9.9973E-05 0.00691915 0.03422
9.99009E-05 9.99009E-05 9.99009E-05 9.99009E-05 9.99009E-05 9.99009E-05 9.99009E-05 9.99009E-05 0.998901 9.99009E-05 9.99009E-05 9.99009E-05
9.99006E-05 9.99006E-05 9.99006E-05 9.99006E-05 9.99006E-05 9.99006E-05 9.99006E-05 9.99006E-05 9.99006E-05 9.99006E-05 0.998901 9.99006E-05
9.99009E-05 9.99009E-05 9.99009E-05 9.99009E-05 9.99009E-05 9.99009E-05 9.99009E-05 9.99009E-05 0.998901 9.99009E-05 9.99009E-05 9.99009E-05
9.9964E-05 0.674789 0.000189814 0.0462722 0.183486 0.000263473 9.9964E-05 9.9964E-05 0.00786546 0.0330398 0.0536947 9.9964E-05
9.9955E-05 0.483914 9.9955E-05 0.0532141 0.213341 9.9955E-05 0.0390843 9.9955E-05 0.0486729 0.0805569 0.0807165 9.9955E-05
0.078383 0.521025 0.0586017 0.0436259 0.0335192 0.0435883 0.0361603 0.0700565 0.0503945 0.00225114 0.0622942 9.9991E-05
0.0142256 0.571139 0.12009 0.0102258 9.9973E-05 0.0327121 0.00156442 9.9973E-05 0.0689744 9.9973E-05 0.0859532 0.0948154
9.9973E-05 0.453364 0.158391 0.0202797 9.9973E-05 0.0400132 0.0718431 0.00270705 0.0128335 9.9973E-05 0.0646115 0.175657
9.99279E-05 0.144507 9.99279E-05 0.0200165 0.356432 9.99279E-05 9.99279E-05 9.99279E-05 9.99279E-05 9.99279E-05 0.478245 9.99279E-05
0.0706223 0.407064 0.116526 0.0130708 0.144271 0.0695598 0.0038532 0.0761011 0.0271036 9.9982E-05 0.0716278 9.9982E-05
9.9937E-05 0.125676 9.9937E-05 0.0607504 9.9937E-05 9.9937E-05 0.024005 0.753573 9.9937E-05 0.0352964 9.9937E-05 9.9937E-05
9.9919E-05 9.9919E-05 0.112135 9.9919E-05 9.9919E-05 9.9919E-05 9.9919E-05 0.879267 0.00769871 9.9919E-05 9.9919E-05 9.9919E-05
9.9937E-05 9.9937E-05 0.0551187 9.9937E-05 9.9937E-05 9.9937E-05 0.0328338 0.843366 0.032025 9.9937E-05 0.0359574 9.9937E-05
9.9937E-05 0.00749862 9.9937E-05 0.0349176 0.0199659 9.9937E-05 9.9937E-05 0.928911 0.00800735 9.9937E-05 9.9937E-05 9.9937E-05
9.9973E-05 0.0940385 9.9973E-05 0.00142344 9.9973E-05 0.00793911 0.0304286 0.704282 0.030075 0.0569264 0.0239608 0.0506259
0.0438425 9.9955E-05 9.9955E-05 0.0358115 9.9955E-05 9.9955E-05 0.0618904 0.821697 9.9955E-05 0.0222709 0.0137058 0.000282167
0.0555632 9.991E-05 9.991E-05 9.991E-05 9.991E-05 9.991E-05 9.991E-05 0.943438 9.991E-05 9.991E-05 9.991E-05 9.991E-05
9.9928E-05 9.9928E-05 0.0445622 9.9928E-05 9.9928E-05 0.0380855 9.9928E-05 0.898556 9.9928E-05 9.9928E-05 0.017997 9.9928E-05
0.0284507 9.9955E-05 9.9955E-05 0.0256831 9.9955E-05 9.9955E-05 0.017368 0.841121 0.0102927 9.9955E-05 0.00441766 0.0721674
9.995E-05 0.0349294 0.0525007 0.000963452 0.0705754 0.00388238 9.995E-05 0.81933 9.995E-05 0.0173184 9.995E-05 9.995E-05
9.9946E-05 9.9946E-05 0.0813959 0.0329376 9.9946E-05 9.9946E-05 0.101953 0.727658 0.0152552 9.9946E-05 9.9946E-05 0.0402002
9.9946E-05 9.9946E-05 9.9946E-05 9.9946E-05 9.9946E-05 9.9946E-05 0.00565085 0.0689926 0.0335584 0.822568 0.0149135 0.0537166
0.0180583 9.9946E-05 0.0501476 9.9946E-05 0.0492192 9.9946E-05 9.9946E-05 0.132157 9.9946E-05 0.710621 0.039197 9.9946E-05
9.996E-05 0.0614027 0.0604812 9.996E-05 0.0404277 0.0254802 0.0349676 9.996E-05 0.0112858 0.74667 9.996E-05 0.0188848
0.270039 9.9964E-05 0.0399636 0.0047126 9.9964E-05 0.0208431 0.00752756 9.9964E-05 0.00656614 0.488896 9.9964E-05 0.161052
9.993E-05 0.124995 9.993E-05 9.993E-05 9.993E-05 0.0144117 0.00546083 9.993E-05 9.993E-05 0.746619 9.993E-05 0.107814
0.204264 0.0596991 9.9964E-05 0.007004 0.0766765 9.9964E-05 9.9964E-05 0.117018 0.00503558 0.521346 0.00855681 9.9964E-05
9.9946E-05 9.9946E-05 9.9946E-05 9.9946E-05 9.9946E-05 9.9946E-05 0.00641797 0.00300749 0.0120558 0.840673 0.0385904 0.0986553
0.263604 9.9955E-05 0.099562 9.9955E-05 9.9955E-05 9.9955E-05 0.0197197 0.0193907 0.000214194 0.595513 0.00149639 9.9955E-05
0.00992894 0.0531877 0.0738039 9.9973E-05 0.236334 0.0308758 0.0142933 9.9973E-05 0.0416837 0.512588 0.0270048 9.9973E-05
9.993E-05 9.993E-05 0.0117821 9.993E-05 9.993E-05 9.993E-05 9.993E-05 0.0933652 9.993E-05 0.705436 0.00951347 0.179204
9.9946E-05 9.9946E-05 9.9946E-05 0.0279284 9.9946E-05 0.0275724 0.00439159 9.9946E-05 0.00696689 0.788912 9.9946E-05 0.143629
0.204809 9.9946E-05 9.9946E-05 0.0377718 9.9946E-05 0.0321685 0.0055844 9.9946E-05 9.9946E-05 0.591778 9.9946E-05 0.127288
0.0656771 0.0996106 0.0242859 9.998E-05 0.137999 0.0162059 0.00634359 0.0279674 0.0273404 0.549956 9.998E-05 0.0444137
0.0634169 0.104649 9.9964E-05 0.0449017 0.234345 9.9964E-05 9.9964E-05 0.0478123 0.00812283 0.486826 0.00952626 9.9964E-05
0.879985 0.0520323 9.9937E-05 0.0340025 9.9937E-05 0.0250306 9.9937E-05 9.9937E-05 0.00824992 9.9937E-05 9.9937E-05 9.9937E-05
0.715568 0.0187726 9.9946E-05 0.0463242 0.0711891 0.0442424 9.9946E-05 9.9946E-05 9.9946E-05 0.103304 9.9946E-05 9.9946E-05
0.963994 9.991E-05 9.991E-05 0.035007 9.991E-05 9.991E-05 9.991E-05 9.991E-05 9.991E-05 9.991E-05 9.991E-05 9.991E-05
0.834197 9.995E-05 0.0802174 9.995E-05 9.995E-05 0.00676147 9.995E-05 0.0132505 0.000199688 0.0374546 9.995E-05 0.0274201
0.998901 9.9901E-05 9.9901E-05 9.9901E-05 9.9901E-05 9.9901E-05 9.9901E-05 9.9901E-05 9.9901E-05 9.9901E-05 9.9901E-05 9.9901E-05
0.941475 0.0359993 9.9928E-05 9.9928E-05 0.0214634 9.9928E-05 9.9928E-05 9.9928E-05 9.9928E-05 9.9928E-05 0.000263002 9.9928E-05
0.743824 0.0512433 9.996E-05 9.996E-05 0.136871 0.0209232 0.0211469 0.00557604 0.00455531 9.996E-05 0.0154599 9.996E-05
0.796119 9.9955E-05 0.0238334 9.9955E-05 9.9955E-05 9.9955E-05 0.0161155 0.0573221 0.0170995 0.062884 9.9955E-05 0.0261266
0.17241 9.9946E-05 9.9946E-05 9.9946E-05 0.028378 9.9946E-05 9.9946E-05 0.129693 0.0330573 0.608171 0.0276914 9.9946E-05
0.126286 0.0437859 0.0191557 0.00657807 9.996E-05 0.0186578 9.996E-05 0.0799747 0.0084797 0.696683 9.996E-05 9.996E-05
0.108109 9.997E-05 0.0339831 0.0310485 0.153702 0.000297413 0.0143336 9.997E-05 0.00539643 0.584232 0.068597 9.997E-05
0.23235 0.093242 9.995E-05 9.995E-05 0.114341 0.0178411 0.0568767 0.0404397 9.995E-05 0.44441 9.995E-05 9.995E-05
0.0111854 9.9946E-05 0.00245063 9.9946E-05 0.227024 9.9946E-05 0.0175574 9.9946E-05 0.0337988 0.707384 9.9946E-05 9.9946E-05
0.0183426 0.0320504 9.9946E-05 0.0492369 0.199313 0.0775946 9.9946E-05 9.9946E-05 9.9946E-05 0.622863 9.9946E-05 9.9946E-05
0.197471 0.0091634 0.069212 0.00160265 0.168092 0.0517334 0.0234785 9.997E-05 0.00727853 0.471669 9.997E-05 9.997E-05
9.9946E-05 9.9946E-05 9.9946E-05 0.0116205 9.9946E-05 9.9946E-05 0.0393453 9.9946E-05 0.00288052 0.787146 0.0359099 0.122498
0.0988569 9.9946E-05 9.9946E-05 0.039297 9.9946E-05 9.9946E-05 9.9946E-05 9.9946E-05 0.0190788 0.706593 0.0114295 0.124145
0.0629259 0.0846931 9.9955E-05 9.9955E-05 9.9955E-05 0.0163788 9.9955E-05 0.0160247 9.9955E-05 0.635442 0.00211833 0.181918
0.193024 0.00409399 0.0672495 0.00544962 0.0274739 9.997E-05 0.060738 0.00328312 9.997E-05 0.541233 9.997E-05 0.0971551
0.25031 9.9946E-05 0.103768 0.0136114 9.9946E-05 9.9946E-05 0.025654 9.9946E-05 9.9946E-05 0.575346 0.0307111 9.9946E-05
9.9928E-05 0.0806864 0.0243306 9.9928E-05 9.9928E-05 9.9928E-05 9.9928E-05 9.9928E-05 0.0105173 0.883666 9.9928E-05 9.9928E-05
9.9928E-05 9.9928E-05 9.9928E-05 9.9928E-05 0.913381 9.9928E-05 9.9928E-05 9.9928E-05 0.0181912 0.0112991 9.9928E-05 0.0563289
9.9919E-05 9.9919E-05 9.9919E-05 9.9919E-05 0.859571 9.9919E-05 9.9919E-05 9.9919E-05 9.9919E-05 9.9919E-05 0.0240432 0.115487
9.9928E-05 9.9928E-05 9.9928E-05 0.0323062 0.936141 0.0180838 9.9928E-05 9.9928E-05 0.0126692 9.9928E-05 9.9928E-05 9.9928E-05
9.9946E-05 9.9946E-05 0.025091 9.9946E-05 0.865156 0.00833801 9.9946E-05 9.9946E-05 0.0349509 0.0419446 0.0239199 9.9946E-05
9.9946E-05 9.9946E-05 0.0652756 0.00858353 0.805893 0.0396099 9.9946E-05 9.9946E-05 9.9946E-05 9.9946E-05 0.0143967 0.0656415
9.9937E-05 9.9937E-05 9.9937E-05 9.9937E-05 0.602876 9.9937E-05 0.0770262 9.9937E-05 0.00590819 9.9937E-05 0.0168492 0.296641
9.991E-05 9.991E-05 9.991E-05 9.991E-05 0.839867 9.991E-05 9.991E-05 9.991E-05 9.991E-05 9.991E-05 9.991E-05 0.159134
0.00282797 9.9946E-05 9.9946E-05 9.9946E-05 0.586245 0.0528934 0.0919478 0.0827875 9.9946E-05 9.9946E-05 9.9946E-05 0.182699
