0.992321 0.00737877 9.9973E-05 9.9973E-05 9.9973E-05
0.747694 0.00953867 0.0261085 0.144773 0.0718854
0.837193 9.9982E-05 0.0651733 9.9982E-05 0.0974342
0.856192 9.9991E-05 0.0478979 0.0243461 0.071464
0.854304 0.0439577 0.0192406 0.061598 0.0208999
0.896675 9.9982E-05 0.0118869 9.9982E-05 0.0912379
0.920599 9.9973E-05 9.9973E-05 9.9973E-05 0.0791014
0.854532 0.000653175 0.0110173 0.0300377 0.10376
0.834698 9.9991E-05 0.031895 0.0191634 0.114143
0.871115 9.9982E-05 0.0665663 9.9982E-05 0.0621185
0.762585 0.00572539 0.0968428 0.056178 0.0786685
0.779841 0.017976 0.102138 0.0307639 0.0692808
0.825324 0.0445359 0.0716387 0.0539886 0.00451244
0.756399 0.0528172 0.0378759 9.9991E-05 0.152808
0.876461 0.00100113 0.0940133 0.0284242 9.9991E-05
0.905789 9.9973E-05 9.9973E-05 9.9973E-05 0.0939106
0.992347 9.9973E-05 9.9973E-05 0.00735358 9.9973E-05
0.9996 9.997E-05 9.997E-05 9.997E-05 9.997E-05
0.967503 0.0321967 9.9973E-05 9.9973E-05 9.9973E-05
0.956581 0.0365252 0.00669422 9.9982E-05 9.9982E-05
9.997E-05 9.997E-05 0.9996 9.997E-05 9.997E-05
0.0311082 0.0473295 0.705311 0.119473 0.0967783
0.0361645 0.126243 0.703881 0.0703786 0.0633333
0.000449088 0.197881 0.80147 9.9982E-05 9.9982E-05
0.0168017 9.9982E-05 0.960879 0.0221194 9.9982E-05
0.0541328 0.00373881 0.885665 0.0530715 0.00339216
9.9991E-05 0.123889 0.777571 0.0412358 0.0572043
9.997E-05 9.997E-05 0.9996 9.997E-05 9.997E-05
9.9982E-05 9.9982E-05 0.76365 0.0864735 0.149677
0.00701444 0.140523 0.683589 0.110784 0.0580892
9.9982E-05 9.9982E-05 0.76307 0.0764069 0.160323
9.9982E-05 0.164275 0.74823 9.9982E-05 0.0872949
0.0570343 0.0495682 0.73638 0.0180577 0.13896
9.9982E-05 9.9982E-05 0.686521 0.181829 0.13145
0.020781 0.0646106 0.648488 0.234721 0.0313986
0.0459693 0.0364768 0.469327 0.22184 0.226387
9.9991E-05 0.199843 0.622037 0.127795 0.0502254
0.0172925 0.86923 0.0548512 0.0358245 0.0228016
9.9982E-05 0.794742 9.9982E-05 0.157944 0.0471143
0.0153555 0.860959 0.0191323 0.082976 0.0215773
0.0124185 0.898505 0.0231889 9.9991E-05 0.0657875
0.0238418 0.886272 0.032567 0.0572195 9.9991E-05
0.0197765 0.914579 0.0578509 0.00769352 9.9991E-05
0.0612008 0.742105 0.042868 0.0401833 0.113643
0.0274698 0.804795 0.04167 0.0729859 0.0530789
0.0534036 0.818862 0.0559278 9.9991E-05 0.0717061
9.9982E-05 0.947425 9.9982E-05 0.050996 0.00137868
0.0136659 0.954928 0.0144792 9.9991E-05 0.0168267
0.000106001 0.973956 0.0257384 9.9982E-05 9.9982E-05
9.9991E-05 0.862683 0.00396159 0.0205403 0.112715
0.0160278 0.911604 0.0156759 9.9991E-05 0.0565925
0.00347509 0.933712 0.036122 9.9991E-05 0.0265909
0.0179054 0.96708 9.9982E-05 0.0148145 9.9982E-05
0.0936582 0.897049 0.00802665 0.00116571 9.9991E-05
0.0397464 0.870649 9.9991E-05 0.0416526 0.0478519
0.0239338 0.803041 0.0587496 0.0516028 0.0626731
0.0706324 0.83269 0.0860634 9.9991E-05 0.0105145
0.00740172 0.230101 0.1338 0.596524 0.0321726
0.0608865 9.9991E-05 0.0351677 0.865688 0.0381582
0.0163625 0.0985251 0.0252326 0.766846 0.0930337
0.0325844 0.1163 0.0478336 0.803182 9.9991E-05
9.9991E-05 0.0321583 0.0481643 0.880982 0.0385958
0.0350213 0.140047 0.0794566 0.745375 9.9991E-05
0.0321646 0.0662717 0.0643037 0.825892 0.011368
0.00392987 9.9991E-05 0.0242569 0.920588 0.0511251
0.111438 0.0318151 9.9991E-05 0.743433 0.113214
0.0451961 0.0328058 0.180638 0.663056 0.078304
0.0312722 0.0397651 0.077532 0.843266 0.00816469
9.9973E-05 9.9973E-05 0.146993 0.852707 9.9973E-05
0.0610052 9.9991E-05 0.126845 0.791313 0.0207365
0.0691197 0.0205918 0.039891 0.853151 0.017247
9.9982E-05 0.12204 0.0706343 0.807126 9.9982E-05
0.022721 0.0700843 0.125532 0.781562 9.9991E-05
0.00159896 0.0707151 0.160712 0.661205 0.10577
9.9982E-05 0.374446 0.112174 0.51318 9.9982E-05
0.0713014 0.294098 0.0441062 0.590394 9.9991E-05
0.0871621 0.486312 9.9982E-05 0.426326 9.9982E-05
9.9973E-05 0.12844 9.9973E-05 0.87126 9.9973E-05
0.0818724 0.158345 0.109155 0.59436 0.0562679
9.9991E-05 0.182691 0.0097148 0.788804 0.0186907
0.0561875 0.169513 0.107557 0.666643 9.9991E-05
0.0510043 0.0637616 0.0721101 0.774412 0.0387123
0.101419 0.120553 9.9982E-05 0.777828 9.9982E-05
0.00608615 0.286549 0.054179 0.381779 0.271407
0.0171015 0.160623 9.9991E-05 0.167506 0.65467
0.0595186 0.163894 0.0708433 0.48044 0.225304
0.0625587 0.11213 9.9991E-05 0.727657 0.0975541
9.9991E-05 0.146112 0.0238398 0.655689 0.174259
0.0115306 0.116003 0.0789418 0.720686 0.072839
0.0259065 0.040258 0.0548266 0.878909 9.9991E-05
0.0396721 0.143913 0.0837229 0.732592 9.9991E-05
9.9991E-05 0.151321 0.00278535 0.775358 0.0704354
0.0926729 9.9991E-05 0.177762 0.585412 0.144054
0.0964158 0.0194128 0.207104 0.603365 0.0737026
0.0389993 9.9991E-05 0.088016 0.706247 0.166638
0.100444 9.9991E-05 0.107142 0.672523 0.119792
0.0751924 0.0769731 0.0817481 0.62056 0.145527
0.0698982 0.165593 0.044657 0.719752 9.9991E-05
0.0439762 0.082478 0.123076 0.750369 9.9991E-05
0.0308957 0.143584 9.9991E-05 0.819322 0.00609796
0.0465583 0.067832 0.158711 0.677168 0.0497304
0.0339986 0.0403855 0.0708635 0.737337 0.117416
0.00529029 0.025684 0.075458 0.813068 0.0805002
0.00366313 9.9973E-05 9.9973E-05 0.996037 9.9973E-05
0.0643886 0.0481767 0.104261 0.695621 0.0875528
0.03492 0.0656015 0.0904219 0.803816 0.00524092
0.0555622 0.0193001 0.0371224 0.755755 0.132261
9.9982E-05 0.177155 9.9982E-05 0.750698 0.0719464
0.0517486 0.0802811 0.0147705 0.792178 0.0610218
0.0777065 0.0560026 0.118017 0.721077 0.0271963
9.9973E-05 0.152719 9.9973E-05 0.846981 9.9973E-05
0.0121011 9.9973E-05 9.9973E-05 0.987599 9.9973E-05
9.9973E-05 0.206107 9.9973E-05 0.793593 9.9973E-05
0.0636711 9.9982E-05 9.9982E-05 0.838236 0.0978934
0.0880191 0.0625319 0.0705249 0.639243 0.139681
0.094046 9.9991E-05 0.102417 0.735082 0.0683549
0.072128 0.111118 0.0357042 0.78095 9.9991E-05
0.0387319 0.146552 0.0689502 0.745666 9.9991E-05
0.0783367 0.0350383 9.9991E-05 0.815594 0.0709312
0.0785227 0.103882 0.0177941 0.664926 0.134875
0.0228006 9.9991E-05 0.215282 0.623799 0.138018
9.9991E-05 0.0335262 0.163236 0.607814 0.195324
0.0121889 9.9991E-05 0.314467 0.587414 0.0858295
0.0432982 0.00684015 0.245856 0.557335 0.146671
0.0277701 0.0236302 0.254886 0.506609 0.187105
9.9982E-05 9.9982E-05 0.29847 0.468814 0.232516
0.0301002 0.0582911 0.2849 0.442813 0.183895
0.0746685 0.0287209 0.285254 0.563745 0.0476107
0.0121962 0.179403 0.264258 0.419159 0.124984
0.0127171 0.109547 0.205928 0.563328 0.10848
0.0104087 0.0543106 0.312807 0.535449 0.0870249
0.0299047 0.086063 0.0653714 0.0228128 0.795848
0.0291974 0.0287449 0.0644504 0.0668709 0.810736
0.0364383 0.0994479 0.115227 0.00968075 0.739206
0.0546767 0.169257 0.0446096 9.9991E-05 0.731356
0.0545844 0.191378 0.032287 9.9991E-05 0.72165
0.0504057 0.00274881 0.0289208 0.09803 0.819895
0.00404325 0.108095 0.0734276 9.9991E-05 0.814334
9.9982E-05 9.9982E-05 0.0472254 0.0540467 0.898528
0.105471 0.0841386 0.0654699 0.142387 0.602533
9.9982E-05 0.23657 0.0342775 9.9982E-05 0.728952
0.0190572 0.0798714 0.0140478 9.9991E-05 0.886924
0.0496373 0.139273 0.00809334 9.9991E-05 0.802896
0.0372716 0.0951673 0.0628124 0.092135 0.712614
0.00438067 0.101775 9.9991E-05 0.240544 0.6532
0.0738951 9.9991E-05 0.0707351 0.034433 0.820837
0.0839588 0.0338901 9.9991E-05 0.0900542 0.791997
9.9982E-05 0.0991474 9.9982E-05 0.0236914 0.876961
0.0373233 0.0256368 9.9991E-05 0.0961655 0.840774
0.0720091 9.9982E-05 0.0508182 9.9982E-05 0.876973
0.051797 0.085479 0.035396 0.0399852 0.787343
0.0822594 0.00805477 0.0768143 0.132305 0.700566
9.9991E-05 0.0987724 0.0478857 0.0588051 0.794437
0.0546827 9.9991E-05 0.00265134 0.0773546 0.865211
0.0782806 0.0188339 0.0176421 0.0478975 0.837346
0.0572661 9.9991E-05 0.0653447 0.104959 0.77233
0.0565795 0.0211182 0.112035 0.0761097 0.734158
0.0482121 0.103455 0.0368084 0.0237424 0.787782
0.0690282 0.0197105 0.0409083 0.109354 0.760999
0.0659168 0.0228293 0.0229301 0.109766 0.778557
9.9991E-05 0.0868366 0.0684638 0.0299822 0.814617
9.9973E-05 0.127098 9.9973E-05 9.9973E-05 0.872602
0.0830493 0.0870463 0.0489225 9.9991E-05 0.780882
9.9982E-05 0.101866 0.12518 9.9982E-05 0.772753
9.9982E-05 9.9982E-05 0.0511656 0.0559539 0.892681
0.0494124 9.9991E-05 0.0566163 0.0521753 0.841696
0.0509372 0.749355 0.0684858 9.9991E-05 0.131122
0.0690796 0.651615 0.0693621 0.0339003 0.176043
0.0816771 0.680665 0.117454 0.0373832 0.0828207
0.137871 0.560697 0.112273 0.0058111 0.183347
0.10969 0.637348 0.0919051 0.0348286 0.126228
9.9991E-05 0.711232 0.138546 0.0262399 0.123883
0.00893245 0.864386 0.0820008 9.9991E-05 0.0445812
0.0916097 0.623437 0.230787 9.9991E-05 0.0540669
