9.9937E-05 9.9937E-05 0.00462101 9.9937E-05 0.905929 9.9937E-05 9.9937E-05 0.0548581 9.9937E-05 9.9937E-05 0.0331336 0.000758448
0.00709374 0.0412669 0.0169278 0.00445935 0.653733 9.9973E-05 0.0991648 0.00973615 9.9973E-05 0.00376776 0.16355 9.9973E-05
0.0145516 0.00554329 9.9955E-05 9.9955E-05 0.789063 9.9955E-05 0.0905057 9.9955E-05 9.9955E-05 0.00206648 0.0734889 0.0242815
0.0514272 0.0158521 9.9973E-05 0.0282001 0.768552 0.0132883 0.0228883 9.9973E-05 9.9973E-05 0.0801768 0.0150915 0.00422368
9.9973E-05 0.019793 9.9973E-05 9.9973E-05 0.769504 0.00452109 0.0733359 0.0329047 0.0574508 0.00487637 0.0349612 0.00235249
9.9946E-05 9.9946E-05 0.0291952 0.0319541 0.866523 9.9946E-05 0.0666917 0.00245097 9.9946E-05 9.9946E-05 9.9946E-05 0.00258542
9.9937E-05 9.9937E-05 0.0395885 0.063995 0.88346 0.000974393 9.9937E-05 9.9937E-05 9.9937E-05 9.9937E-05 9.9937E-05 0.0112827
9.9955E-05 0.00779836 0.0255027 0.0467884 0.814136 0.00649759 9.9955E-05 0.0287589 9.9955E-05 0.070018 9.9955E-05 9.9955E-05
9.9955E-05 0.0193203 0.0194409 0.100123 0.739494 0.0003851 0.0665098 9.9955E-05 9.9955E-05 0.0542264 9.9955E-05 9.9955E-05
0.0125866 9.9937E-05 9.9937E-05 0.103155 0.803473 0.0144458 9.9937E-05 9.9937E-05 9.9937E-05 0.0656398 9.9937E-05 9.9937E-05
0.0507605 9.9946E-05 0.0256746 0.0423412 0.714666 9.9946E-05 0.00582643 9.9946E-05 9.9946E-05 9.9946E-05 0.160132 9.9946E-05
0.132426 0.00460409 9.9946E-05 9.9946E-05 0.717013 0.0109149 9.9946E-05 9.9946E-05 9.9946E-05 9.9946E-05 0.130978 0.00346382
0.0021638 0.0118005 0.0511145 0.0392416 0.751891 9.9964E-05 9.9964E-05 0.0621198 9.9964E-05 0.0544788 0.0267898 9.9964E-05
0.0443309 0.00158506 0.0389166 9.9955E-05 0.664297 9.9955E-05 0.164431 9.9955E-05 9.9955E-05 9.9955E-05 0.0826351 0.00330493
0.0642366 0.0374519 0.00325684 0.0145815 0.773461 9.9964E-05 9.9964E-05 9.9964E-05 0.0316421 0.0424276 0.0325421 9.9964E-05
9.9946E-05 9.9946E-05 0.0182283 9.9946E-05 0.836709 9.9946E-05 0.111468 9.9946E-05 0.00432789 0.0241752 9.9946E-05 0.00449219
9.991E-05 9.991E-05 9.991E-05 9.991E-05 0.917237 9.991E-05 9.991E-05 9.991E-05 0.0817641 9.991E-05 9.991E-05 9.991E-05
9.9928E-05 9.9928E-05 9.9928E-05 9.9928E-05 0.931829 9.9928E-05 9.9928E-05 0.0242517 0.0399005 9.9928E-05 9.9928E-05 0.00321894
9.9946E-05 0.0144104 0.0427623 9.9946E-05 0.904665 9.9946E-05 9.9946E-05 0.0199681 0.0117348 9.9946E-05 9.9946E-05 0.00585995
0.0247729 9.9946E-05 9.9946E-05 9.9946E-05 0.888516 0.0303254 9.9946E-05 0.0209253 0.0157933 9.9946E-05 0.0190678 9.9946E-05
9.99009E-05 9.99009E-05 9.99009E-05 9.99009E-05 9.99009E-05 9.99009E-05 9.99009E-05 9.99009E-05 9.99009E-05 9.99009E-05 9.99009E-05 0.998901
0.78915 9.9928E-05 0.0250151 9.9928E-05 9.9928E-05 9.9928E-05 9.9928E-05 9.9928E-05 9.9928E-05 9.9928E-05 0.172553 0.0124816
0.800745 0.00789303 9.99607E-05 0.0673704 9.99607E-05 0.0224006 9.99607E-05 0.0207973 0.0725642 9.99607E-05 9.99607E-05 0.00772996
0.944286 9.9919E-05 9.9919E-05 9.9919E-05 9.9919E-05 0.00917486 9.9919E-05 0.0456398 9.9919E-05 9.9919E-05 9.9919E-05 9.9919E-05
0.976464 9.9919E-05 0.0058653 9.9919E-05 9.9919E-05 9.9919E-05 9.9919E-05 9.9919E-05 9.9919E-05 9.9919E-05 9.9919E-05 0.0167718
0.945577 0.0108418 9.9928E-05 9.9928E-05 0.0123682 9.9928E-05 9.9928E-05 9.9928E-05 9.9928E-05 0.030414 9.9928E-05 9.9928E-05
0.79149 0.043547 9.9955E-05 9.9955E-05 9.9955E-05 9.9955E-05 0.016895 0.0619036 0.0600384 0.00716168 9.9955E-05 0.0184649
9.99001E-05 9.99001E-05 9.99001E-05 9.99001E-05 9.99001E-05 9.99001E-05 9.99001E-05 9.99001E-05 9.99001E-05 9.99001E-05 9.99001E-05 0.998901
0.768414 9.99418E-05 9.99418E-05 9.99418E-05 9.99418E-05 9.99418E-05 0.0649295 9.99418E-05 9.99418E-05 0.140103 9.99418E-05 0.0257533
0.724336 9.9937E-05 0.0131924 9.9937E-05 9.9937E-05 0.000643873 0.0667416 9.9937E-05 0.194387 9.9937E-05 9.9937E-05 9.9937E-05
0.684568 0.020974 9.9937E-05 9.9937E-05 9.9937E-05 9.9937E-05 0.107482 9.9937E-05 9.9937E-05 0.142857 9.9937E-05 0.0434203
0.754621 9.9946E-05 0.0210019 9.9946E-05 9.9946E-05 9.9946E-05 0.0325617 0.0795557 9.9946E-05 0.0766132 9.9946E-05 0.0350465
0.620072 0.00305205 0.0335682 0.0170381 0.0249124 9.9982E-05 0.0835943 0.00122837 0.00233483 0.14465 9.9982E-05 0.0693498
0.661646 0.0465728 0.0741018 0.0646665 9.9964E-05 0.0180104 9.9964E-05 9.9964E-05 9.9964E-05 0.0739563 0.00890882 0.0517378
0.685829 0.0150494 0.0323133 9.9982E-05 0.00941647 0.0356929 9.9982E-05 0.00465837 0.00715693 0.0948835 0.107593 0.00720692
0.469455 0.0409961 9.99549E-05 0.176491 0.0292309 9.99549E-05 0.00289757 9.99549E-05 9.99549E-05 9.99549E-05 0.275322 0.00510739
0.711724 0.022965 9.9937E-05 9.9937E-05 9.9937E-05 0.00345278 9.9937E-05 0.0662419 0.194917 9.9937E-05 9.9937E-05 9.9937E-05
9.9955E-05 9.9955E-05 0.00914517 0.111132 9.9955E-05 9.9955E-05 9.9955E-05 0.675242 0.0399198 0.0507165 0.0926691 0.0206758
9.9946E-05 9.9946E-05 0.0333698 9.9946E-05 9.9946E-05 0.0164647 0.0414539 0.680544 9.9946E-05 0.103637 0.12393 9.9946E-05
9.9955E-05 0.0467663 0.0404539 9.9955E-05 0.0309476 9.9955E-05 0.0986697 0.645063 0.0447495 0.0928505 9.9955E-05 9.9955E-05
0.0844598 0.00553045 0.0142871 0.0690485 9.9955E-05 9.9955E-05 9.9955E-05 0.698779 0.118898 9.9955E-05 0.00849688 9.9955E-05
9.9973E-05 0.0275479 0.043004 9.9973E-05 0.00133014 0.0149027 0.133802 0.694342 0.0083552 9.9973E-05 0.0557592 0.0206564
9.9946E-05 0.0298757 9.9946E-05 9.9946E-05 9.9946E-05 9.9946E-05 0.065383 0.780307 0.059485 0.051524 9.9946E-05 0.0128252
9.9973E-05 0.0234659 0.0354902 0.174719 0.0413803 0.00704071 0.0460402 0.614675 9.9973E-05 9.9973E-05 0.045879 0.0110096
0.0431677 0.000260916 0.0365941 9.9964E-05 9.9964E-05 0.0221051 0.0708376 0.705085 0.105117 9.9964E-05 9.9964E-05 0.0164328
0.00974929 9.9955E-05 9.9955E-05 9.9955E-05 0.0129818 0.0156793 0.179399 0.617429 0.10179 0.062472 9.9955E-05 9.9955E-05
0.0158179 0.00473694 0.0169215 9.9973E-05 9.9973E-05 0.0200029 0.0769077 0.753482 0.0885439 0.0121262 0.0111605 9.9973E-05
9.9955E-05 0.0233227 0.0180382 0.178995 9.9955E-05 0.00427703 9.9955E-05 0.728037 9.9955E-05 0.0334376 9.9955E-05 0.0133929
9.9946E-05 9.9946E-05 0.0298038 9.9946E-05 0.0150289 0.0198446 0.0321955 0.835398 9.9946E-05 9.9946E-05 9.9946E-05 0.0671291
9.9955E-05 0.019326 0.012414 0.205371 9.9955E-05 0.0110522 9.9955E-05 0.688873 0.0370849 9.9955E-05 9.9955E-05 0.0253794
0.021695 9.9946E-05 9.9946E-05 0.000899189 9.9946E-05 9.9946E-05 0.0445212 0.756293 9.9946E-05 0.0942319 0.0817603 9.9946E-05
9.9946E-05 0.0254721 0.0285647 9.9946E-05 9.9946E-05 9.9946E-05 0.178147 0.743551 0.0175393 9.9946E-05 9.9946E-05 0.00612578
9.99369E-05 9.99369E-05 0.0709447 0.0788908 9.99369E-05 0.0649172 9.99369E-05 0.728631 9.99369E-05 0.0559167 9.99369E-05 9.99369E-05
0.0408487 9.9937E-05 9.9937E-05 9.9937E-05 0.0753217 9.9937E-05 9.9937E-05 0.72713 0.0831077 9.9937E-05 0.0728924 9.9937E-05
9.9973E-05 0.00821336 0.0172884 0.00182115 0.00192093 0.0357807 0.120017 0.699683 0.101228 9.9973E-05 9.9973E-05 0.0137477
0.031205 0.0214032 0.0207599 0.00986514 9.9982E-05 9.9982E-05 0.130603 0.604884 0.0419735 0.0536566 0.0851177 0.000331524
9.9946E-05 9.9946E-05 9.9946E-05 9.9946E-05 0.0695691 0.0545034 0.0771912 0.677034 9.9946E-05 0.0821391 9.9946E-05 0.038964
0.0804648 0.0197229 0.0136466 9.9982E-05 9.9982E-05 0.0260917 0.0631911 0.100275 0.263223 0.0303301 0.397243 0.00561221
9.99008E-05 0.998901 9.99008E-05 9.99008E-05 9.99008E-05 9.99008E-05 9.99008E-05 9.99008E-05 9.99008E-05 9.99008E-05 9.99008E-05 9.99008E-05
9.9973E-05 0.00664446 0.0542673 0.0811848 9.9973E-05 0.0899641 9.9973E-05 0.0316737 0.323048 0.0677383 0.332055 0.013125
9.9964E-05 0.0277939 0.0407321 9.9964E-05 0.012768 0.0862347 9.9964E-05 0.0301239 0.246492 0.173953 0.381503 9.9964E-05
9.9946E-05 0.0432898 0.0167579 9.9946E-05 9.9946E-05 0.0366915 9.9946E-05 9.9946E-05 0.391101 0.176486 0.335075 9.9946E-05
9.9955E-05 9.9955E-05 0.0148599 0.0635038 9.9955E-05 0.0517547 9.9955E-05 0.0583316 0.662422 0.000281155 0.148347 9.9955E-05
9.99008E-05 9.99008E-05 0.998901 9.99008E-05 9.99008E-05 9.99008E-05 9.99008E-05 9.99008E-05 9.99008E-05 9.99008E-05 9.99008E-05 9.99008E-05
9.99008E-05 0.998901 9.99008E-05 9.99008E-05 9.99008E-05 9.99008E-05 9.99008E-05 9.99008E-05 9.99008E-05 9.99008E-05 9.99008E-05 9.99008E-05
9.9964E-05 0.0275525 0.0558281 0.0390903 0.0665467 0.0308799 9.9964E-05 9.9964E-05 0.138041 0.12553 0.516132 9.9964E-05
0.0462501 0.0129166 0.050556 0.0826295 9.9964E-05 0.0285307 9.9964E-05 9.9964E-05 0.703499 9.9964E-05 0.0313289 0.0438889
9.9973E-05 0.0460954 0.0727692 0.0199285 0.00837696 0.0531622 9.9973E-05 9.9973E-05 0.590109 0.124793 0.0808918 0.00357375
0.0549991 0.0338934 0.0664522 9.9964E-05 9.9964E-05 0.0884359 9.9964E-05 9.9964E-05 0.683467 0.00377988 0.0400125 0.0285603
0.0477982 0.102305 0.0697448 0.0313818 0.0285715 0.0902539 9.9973E-05 9.9973E-05 0.50133 9.9973E-05 0.12495 0.00336485
9.9955E-05 0.0642836 0.0343506 9.9955E-05 0.000915294 0.0324707 9.9955E-05 9.9955E-05 0.720793 0.0387796 0.107908 9.9955E-05
9.9964E-05 0.020434 0.0845065 9.9964E-05 9.9964E-05 0.0202955 0.0667425 9.9964E-05 0.708382 0.0267416 0.069939 0.00255896
0.0769068 0.104697 0.0294676 9.9955E-05 9.9955E-05 0.0682317 0.00320532 9.9955E-05 0.448433 9.9955E-05 0.268559 9.9955E-05
9.9946E-05 0.040884 9.9946E-05 9.9946E-05 9.9946E-05 0.0246417 0.0972772 9.9946E-05 0.0121652 0.321622 0.50281 9.9946E-05
9.9964E-05 0.0366185 0.0492649 9.9964E-05 9.9964E-05 0.0245409 0.0192814 0.23331 0.415358 0.168329 9.9964E-05 0.0528977
9.9973E-05 0.0144698 0.043022 0.0317658 0.0466362 0.00768875 9.9973E-05 0.18635 0.564148 0.0365943 0.069025 9.9973E-05
9.9955E-05 0.0894398 0.00256367 9.9955E-05 0.0471428 0.0463909 9.9955E-05 0.405907 0.252408 9.9955E-05 0.155648 9.9955E-05
9.99008E-05 9.99008E-05 0.998901 9.99008E-05 9.99008E-05 9.99008E-05 9.99008E-05 9.99008E-05 9.99008E-05 9.99008E-05 9.99008E-05 9.99008E-05
0.00286097 0.0686255 0.0267059 9.9991E-05 0.035768 0.0922938 0.0861066 0.108326 0.0876378 0.0802402 0.369768 0.0415677
0.0135966 0.0618434 0.0847354 9.9964E-05 9.9964E-05 0.0784154 0.00559741 0.0973071 0.384952 9.9964E-05 0.273152 9.9964E-05
0.0172266 9.99459E-05 9.99459E-05 9.99459E-05 0.0126574 0.0369309 0.0394605 0.0129456 0.880179 9.99459E-05 9.99459E-05 9.99459E-05
0.00899555 0.0291593 0.03789 0.0665107 0.00325169 0.0676742 9.9982E-05 9.9982E-05 0.435758 0.0370979 0.300176 0.013286
9.9955E-05 0.0105766 0.0833984 9.9955E-05 0.0435164 0.0570994 9.9955E-05 0.0352575 0.63286 9.9955E-05 0.136792 9.9955E-05
0.0368291 0.0167007 0.00264739 0.0889781 0.0103354 0.0888717 0.173404 0.198247 0.143011 9.9991E-05 0.215701 0.0251752
9.9937E-05 0.0207552 0.0526664 0.638995 9.9937E-05 9.9937E-05 9.9937E-05 0.151573 9.9937E-05 9.9937E-05 0.135311 9.9937E-05
0.0732924 0.0613462 9.9973E-05 0.116713 9.9973E-05 0.00519893 0.0249055 0.0607257 0.161007 0.169893 0.326618 9.9973E-05
9.9937E-05 9.9937E-05 0.00761874 0.030143 0.0206976 0.0321423 9.9937E-05 9.9937E-05 0.908699 9.9937E-05 9.9937E-05 9.9937E-05
9.9928E-05 0.00300259 9.9928E-05 9.9928E-05 9.9928E-05 9.9928E-05 0.179536 9.9928E-05 0.816535 9.9928E-05 9.9928E-05 0.000126666
9.9973E-05 0.0234734 0.0154858 0.00348766 9.9973E-05 0.0784877 0.08662 9.9973E-05 0.62589 0.0571137 0.103545 0.00559644
9.9955E-05 0.0200445 0.0147098 9.9955E-05 9.9955E-05 0.448476 9.9955E-05 0.026349 9.9955E-05 0.0222794 0.45619 0.0114518
9.9973E-05 0.0384963 0.15128 9.9973E-05 0.00581556 0.0621346 9.9973E-05 0.115189 0.11648 0.129956 0.36114 0.0192086
9.9955E-05 9.9955E-05 0.0804177 0.0252959 9.9955E-05 0.0185331 9.9955E-05 0.0536458 0.596745 0.0560276 0.168836 9.9955E-05
0.0547302 0.00901052 9.9964E-05 9.9964E-05 0.031965 0.0637148 0.121282 9.9964E-05 9.9964E-05 0.0203802 0.675088 0.0234299
0.176609 9.9946E-05 0.0426033 0.00408527 0.0102585 0.0250179 9.9946E-05 9.9946E-05 9.9946E-05 9.9946E-05 0.740826 9.9946E-05
0.0863857 0.00260692 0.0578525 0.0554139 0.0100031 0.0246646 9.9973E-05 9.9973E-05 0.00730257 0.0721702 0.683301 9.9973E-05
0.0536416 0.0641697 0.0511824 0.00875235 0.0745925 0.02122 0.0671522 9.9991E-05 0.126783 0.0420454 0.477251 0.0131096
9.9955E-05 0.0245233 0.0490274 0.157174 9.9955E-05 0.0582412 9.9955E-05 9.9955E-05 9.9955E-05 0.213578 0.49465 0.00230625
9.9973E-05 0.0368977 0.0510598 9.9973E-05 0.0515188 0.0305313 0.0153433 0.105735 0.344966 0.0693155 0.294333 9.9973E-05
0.0549212 0.0129987 0.0345034 9.9964E-05 0.00387888 0.0422829 9.9964E-05 9.9964E-05 0.51578 0.0879288 0.247306 9.9964E-05
9.9964E-05 0.0555717 0.0247312 9.9964E-05 9.9964E-05 0.0634451 9.9964E-05 0.0762889 0.31857 0.0530765 0.40323 0.00468682
0.0113609 9.9973E-05 0.00549813 9.9973E-05 0.00460862 0.0349186 0.0301876 9.9973E-05 0.258465 0.128347 0.519646 0.00666804
9.9964E-05 0.0800493 0.0751913 0.116734 9.9964E-05 0.127542 9.9964E-05 0.009857 0.334059 9.9964E-05 0.234927 0.0212396
9.9955E-05 0.00651355 0.0237557 9.9955E-05 9.9955E-05 0.0500606 0.0510352 9.9955E-05 0.82597 0.0335787 9.9955E-05 0.00858596
9.99006E-05 9.99006E-05 9.99006E-05 9.99006E-05 9.99006E-05 0.998901 9.99006E-05 9.99006E-05 9.99006E-05 9.99006E-05 9.99006E-05 9.99006E-05
0.0371859 0.0595098 0.0216396 9.9991E-05 0.0169602 0.0903391 0.0381363 0.0222486 0.102699 0.111714 0.488513 0.0109548
0.03917 9.9964E-05 0.0942315 9.9964E-05 0.00498517 0.0638832 0.0495545 0.00526013 0.409148 9.9964E-05 0.333367 9.9964E-05
9.9955E-05 9.9955E-05 0.0699756 0.0961333 0.020213 0.0586739 9.9955E-05 9.9955E-05 0.396974 9.9955E-05 0.344017 0.013514
9.9946E-05 0.0233736 0.0191996 0.0273379 9.9946E-05 0.048448 9.9946E-05 0.0891968 0.791844 9.9946E-05 9.9946E-05 9.9946E-05
9.9937E-05 0.0141579 0.00334605 9.9937E-05 9.9937E-05 9.9937E-05 9.9937E-05 9.9937E-05 0.185829 0.20848 0.587488 9.9937E-05
0.0704518 0.0158605 0.00476742 9.9982E-05 0.0361575 0.0244098 9.9982E-05 0.00224174 0.264742 0.2191 0.356874 0.00519504
9.99189E-05 9.99189E-05 0.0398369 9.99189E-05 9.99189E-05 0.0147067 9.99189E-05 9.99189E-05 9.99189E-05 9.99189E-05 0.944557 9.99189E-05
9.99006E-05 9.99006E-05 9.99006E-05 9.99006E-05 9.99006E-05 0.998901 9.99006E-05 9.99006E-05 9.99006E-05 9.99006E-05 9.99006E-05 9.99006E-05
9.99279E-05 9.99279E-05 0.0978092 9.99279E-05 9.99279E-05 0.00831476 9.99279E-05 9.99279E-05 9.99279E-05 9.99279E-05 0.885865 0.00721198
9.9955E-05 0.0465844 0.0567333 9.9955E-05 0.00783907 0.0629925 0.0483958 9.9955E-05 9.9955E-05 9.9955E-05 0.771092 0.00586335
0.0639798 0.031539 0.0639198 9.9973E-05 0.00810243 0.0823908 0.0199525 9.9973E-05 0.077309 9.9973E-05 0.603237 0.04927
0.1437 0.0364131 9.9964E-05 9.9964E-05 0.0314393 0.073082 0.0189622 9.9964E-05 0.147602 0.0268478 0.521554 9.9964E-05
9.9973E-05 0.0155274 0.037224 9.9973E-05 0.0457612 0.0576657 9.9973E-05 0.0115494 0.318518 0.0210641 0.460953 0.0314364
0.011947 0.0277055 0.0683168 0.0261237 9.9973E-05 0.0556906 9.9973E-05 0.0333986 0.68721 0.0553926 9.9973E-05 0.033915
9.9946E-05 0.0145286 9.9946E-05 0.0128785 9.9946E-05 0.394259 9.9946E-05 0.0113291 9.9946E-05 9.9946E-05 0.544288 0.0221177
0.0343787 9.9973E-05 0.00573432 0.089248 0.0290813 0.110238 9.9973E-05 0.0165279 0.171278 0.0501762 0.493038 9.9973E-05
9.9928E-05 0.0736554 9.9928E-05 9.9928E-05 9.9928E-05 9.9928E-05 9.9928E-05 9.9928E-05 9.9928E-05 0.790047 0.125351 0.0101469
9.9928E-05 9.9928E-05 0.0277584 9.9928E-05 9.9928E-05 0.000441853 9.9928E-05 9.9928E-05 9.9928E-05 0.947528 0.0234724 9.9928E-05
9.9928E-05 9.9928E-05 0.0268257 9.9928E-05 9.9928E-05 0.0299336 9.9928E-05 9.9928E-05 9.9928E-05 0.911675 9.9928E-05 0.0307659
9.9946E-05 0.0173915 9.9946E-05 9.9946E-05 0.00204123 9.9946E-05 0.0340091 9.9946E-05 9.9946E-05 0.772366 0.161067 0.0125263
9.9955E-05 9.9955E-05 0.018651 9.9955E-05 9.9955E-05 0.0455331 0.0394306 0.00444987 9.9955E-05 0.798702 0.0762831 0.0164503
0.029152 0.0333689 0.0125232 0.0186671 9.9946E-05 9.9946E-05 0.0384474 9.9946E-05 9.9946E-05 0.867242 9.9946E-05 9.9946E-05
9.9919E-05 9.9919E-05 9.9919E-05 9.9919E-05 0.00903378 9.9919E-05 0.0266995 9.9919E-05 9.9919E-05 0.963367 9.9919E-05 9.9919E-05
0.0397101 9.9928E-05 9.9928E-05 9.9928E-05 0.0401325 9.9928E-05 9.9928E-05 9.9928E-05 9.9928E-05 0.854215 0.065143 9.9928E-05
0.011171 0.00280613 9.9946E-05 0.00840874 9.9946E-05 9.9946E-05 9.9946E-05 0.0858324 9.9946E-05 0.886317 9.9946E-05 0.00486503
9.9973E-05 0.0221177 0.00290018 9.9973E-05 0.00996987 0.0315052 9.9973E-05 0.0652079 0.0920159 0.676026 0.0399312 0.0600261
0.0940449 0.0194956 9.9964E-05 9.9964E-05 0.00335036 9.9964E-05 9.9964E-05 0.0256732 0.091525 0.711721 0.0507706 0.00301983
0.039605 9.9973E-05 0.00368762 0.195761 0.00851777 0.0238191 0.642754 0.00179041 0.0506001 0.0331652 9.9973E-05 9.9973E-05
9.9955E-05 0.0086686 0.0135554 0.412455 9.9955E-05 0.016239 0.378731 9.9955E-05 9.9955E-05 0.15612 9.9955E-05 0.0137314
0.0126622 0.0158601 9.9973E-05 0.176974 0.00467493 0.013857 0.623256 0.0372171 0.0990556 9.9973E-05 9.9973E-05 0.0161423
9.9937E-05 9.9937E-05 9.9937E-05 0.0709159 0.0454273 9.9937E-05 0.762708 0.0718937 0.0483559 9.9937E-05 9.9937E-05 9.9937E-05
9.9955E-05 9.9955E-05 0.0660433 0.210119 0.0197625 9.9955E-05 0.547639 0.0625149 9.9955E-05 9.9955E-05 0.0563078 0.0371144
9.9964E-05 9.9964E-05 0.0152704 0.262087 0.00864763 0.010345 0.53699 9.9964E-05 9.9964E-05 0.0637869 0.083714 0.0187599
0.0260955 0.000706099 0.0194871 0.177101 9.9964E-05 0.0572029 0.665395 0.0384967 9.9964E-05 0.0151159 9.9964E-05 9.9964E-05
9.9946E-05 9.9946E-05 9.9946E-05 0.599219 9.9946E-05 0.00448007 0.247657 9.9946E-05 0.0593285 0.0778142 9.9946E-05 0.0109016
9.99369E-05 9.99369E-05 9.99369E-05 9.99369E-05 9.99369E-05 0.0343021 0.654802 0.0148961 9.99369E-05 9.99369E-05 0.284649 0.0106511
9.9937E-05 9.9937E-05 9.9937E-05 9.9937E-05 9.9937E-05 0.0242168 0.752339 0.0916194 0.00410368 0.127022 9.9937E-05 9.9937E-05
9.9955E-05 0.0166965 0.0573621 0.241025 9.9955E-05 9.9955E-05 0.566268 0.0356135 9.9955E-05 0.0653464 9.9955E-05 0.0171888
9.9946E-05 0.0392167 9.9946E-05 0.733469 0.0392891 9.9946E-05 0.0922131 0.0804915 9.9946E-05 9.9946E-05 9.9946E-05 0.0147207
0.0302211 0.00834216 9.9991E-05 0.286033 0.0333975 0.00636752 0.444184 0.0150778 0.0183696 0.0497673 0.0995793 0.0085616
9.9937E-05 0.0174052 9.9937E-05 0.19028 9.9937E-05 9.9937E-05 0.429896 0.0418353 9.9937E-05 9.9937E-05 0.319884 9.9937E-05
0.0378226 0.0539951 9.9946E-05 0.77731 0.0322813 9.9946E-05 0.00346718 9.9946E-05 9.9946E-05 9.9946E-05 0.0945246 9.9946E-05
0.00518392 0.0164431 0.0095003 0.809523 0.0271241 9.9955E-05 9.9955E-05 9.9955E-05 9.9955E-05 9.9955E-05 0.121889 0.00983615
9.9928E-05 0.0164251 0.00991478 0.933398 9.9928E-05 9.9928E-05 9.9928E-05 9.9928E-05 9.9928E-05 0.0394627 9.9928E-05 9.9928E-05
9.9946E-05 9.9946E-05 9.9946E-05 0.836319 0.0239988 0.000247975 0.000180343 9.9946E-05 0.12935 9.9946E-05 9.9946E-05 0.00930465
9.99101E-05 9.99101E-05 9.99101E-05 0.986167 9.99101E-05 9.99101E-05 9.99101E-05 9.99101E-05 9.99101E-05 9.99101E-05 9.99101E-05 0.0128334
9.9946E-05 9.9946E-05 0.00978924 0.848715 9.9946E-05 9.9946E-05 0.00343506 0.00455431 9.9946E-05 9.9946E-05 0.122397 0.0105096
0.010709 9.9946E-05 0.0247933 0.755832 9.9946E-05 0.000490588 9.9946E-05 9.9946E-05 9.9946E-05 9.9946E-05 0.198081 0.00949373
0.0254016 9.9946E-05 9.9946E-05 0.847354 9.9946E-05 9.9946E-05 9.9946E-05 0.0191125 0.0813247 0.0189026 9.9946E-05 0.00730533
9.9946E-05 0.0101386 9.9946E-05 0.262207 9.9946E-05 0.0075313 0.539651 9.9946E-05 9.9946E-05 0.0208224 0.15905 9.9946E-05
9.9964E-05 9.9964E-05 0.0107192 0.0951298 0.013078 9.9964E-05 0.766131 9.9964E-05 0.0254097 0.0123346 0.0742972 0.00250085
0.116358 0.0106134 0.0203599 0.0977558 0.0269752 0.035202 0.650223 9.9964E-05 9.9964E-05 9.9964E-05 0.0421129 9.9964E-05
0.0882412 9.9946E-05 9.9946E-05 0.0260877 0.0111131 9.9946E-05 0.718101 9.9946E-05 9.9946E-05 0.0243315 0.131526 9.9946E-05
9.9964E-05 0.0223657 0.0166728 0.266753 0.0121906 9.9964E-05 0.492651 0.0418709 9.9964E-05 9.9964E-05 0.112772 0.0343249
9.99467E-05 0.0570699 0.00129786 0.222411 0.017453 9.99467E-05 0.548391 9.99467E-05 9.99467E-05 9.99467E-05 0.152777 9.99467E-05
0.0205404 0.0221878 9.9973E-05 0.414567 0.0324979 9.9973E-05 0.341395 0.0127971 9.9973E-05 0.010128 0.118046 0.027541
0.00537663 0.042715 0.00689822 9.9946E-05 9.9946E-05 0.036737 0.864709 0.0429648 9.9946E-05 9.9946E-05 9.9946E-05 9.9946E-05
9.9946E-05 0.038379 9.9946E-05 0.295339 9.9946E-05 0.0148636 0.498055 0.0820456 9.9946E-05 0.070718 9.9946E-05 9.9946E-05
0.0278038 9.9964E-05 9.9964E-05 9.9964E-05 0.0583881 0.0226394 0.76109 0.0782392 0.0411259 0.00712206 9.9964E-05 0.00319192
0.0639703 9.9937E-05 9.9937E-05 0.0690276 9.9937E-05 9.9937E-05 0.723168 0.0226481 0.120486 9.9937E-05 9.9937E-05 9.9937E-05
0.032977 0.0194555 0.00207163 0.35757 9.9982E-05 0.0342956 0.493487 9.9982E-05 0.00700687 0.00912317 0.0323259 0.0114874
9.9937E-05 9.9937E-05 0.00892725 9.9937E-05 9.9937E-05 9.9937E-05 0.872881 9.9937E-05 0.0780839 9.9937E-05 0.0258183 0.0135896
0.0827919 0.012653 0.00510444 0.000974014 0.0075254 9.9964E-05 0.208249 0.515983 9.9964E-05 9.9964E-05 0.166319 9.9964E-05
0.0850106 9.9946E-05 9.9946E-05 0.233907 0.00501476 0.0419759 9.9946E-05 0.454041 9.9946E-05 9.9946E-05 0.179451 9.9946E-05
0.059787 9.9946E-05 9.9946E-05 0.194844 0.0377021 9.9946E-05 9.9946E-05 0.394927 9.9946E-05 9.9946E-05 0.296818 0.0153219
0.0714425 0.0123779 9.9955E-05 0.00996455 0.0616578 9.9955E-05 0.127355 0.502386 9.9955E-05 9.9955E-05 0.214317 9.9955E-05
0.0796678 0.00477043 9.9964E-05 0.200263 0.0551935 9.9964E-05 9.9964E-05 0.428103 0.0134313 0.0531166 0.165055 9.9964E-05
0.0771656 0.0105087 0.00748596 0.305075 9.9973E-05 0.0211468 9.9973E-05 0.538115 9.9973E-05 0.0211262 0.000225037 0.0188521
0.0726714 9.9955E-05 9.9955E-05 0.0389735 9.9955E-05 0.00900188 0.0271102 0.723321 9.9955E-05 0.0622879 0.0661345 9.9955E-05
0.239949 9.9946E-05 9.9946E-05 0.0557251 0.0514443 9.9946E-05 9.9946E-05 0.537303 9.9946E-05 0.0317208 0.0832582 9.9946E-05
