0.9997 9.998E-05 9.998E-05 9.998E-05
0.782022 0.0466556 0.0949717 0.0763512
0.84308 0.142998 9.9991E-05 0.013822
0.844129 0.128159 0.0276113 9.9991E-05
0.883916 0.0286416 0.0457328 0.04171
0.928605 0.00362031 9.9991E-05 0.0676746
0.930697 9.9982E-05 9.9982E-05 0.0691032
0.833643 0.0291217 0.0540205 0.0832148
0.816617 0.0795596 9.9991E-05 0.103723
0.87786 0.0767369 9.9991E-05 0.0453034
0.817697 0.0341796 0.072046 0.0760773
0.791763 0.13954 0.0202552 0.0484425
0.787089 0.0933746 0.0739097 0.0456269
0.756848 0.114946 9.9991E-05 0.128106
0.908983 0.0770412 9.9991E-05 0.0138763
0.910381 9.9982E-05 9.9982E-05 0.0894191
0.9997 9.998E-05 9.998E-05 9.998E-05
0.9997 9.998E-05 9.998E-05 9.998E-05
0.9997 9.998E-05 9.998E-05 9.998E-05
0.971391 0.0154271 0.0130819 9.9991E-05
9.998E-05 0.9997 9.998E-05 9.998E-05
0.0375717 0.680886 0.114356 0.167186
0.0809589 0.663084 0.0763107 0.179646
9.9991E-05 0.862223 0.03342 0.104257
0.00186375 0.997936 9.9982E-05 9.9982E-05
0.0633736 0.920774 0.0157524 9.9991E-05
9.9991E-05 0.764849 0.0691349 0.165917
9.998E-05 0.9997 9.998E-05 9.998E-05
0.0337204 0.842989 0.0847004 0.0385904
0.0346101 0.696348 0.151985 0.117057
9.9991E-05 0.781069 0.0823084 0.136523
9.9991E-05 0.752043 0.0331848 0.214672
0.0760721 0.755933 0.0161631 0.151831
0.00188226 0.734615 0.167648 0.095855
0.0385197 0.604721 0.27196 0.0847995
0.103199 0.513068 0.206685 0.177049
0.0304288 0.69852 0.13737 0.133681
0.034528 0.0248196 0.438987 0.501665
0.0142081 9.9991E-05 0.508495 0.477197
0.0324759 9.9991E-05 0.408446 0.558979
0.000156254 0.0239307 0.4123 0.563614
0.0891519 0.00527418 0.405247 0.500327
0.0368319 9.9991E-05 0.384169 0.5789
0.087452 9.9991E-05 0.336495 0.575953
0.0347917 0.000931482 0.408465 0.555812
0.0807777 0.0221429 0.328711 0.568368
9.9982E-05 9.9982E-05 0.472875 0.526925
0.0587905 9.9991E-05 0.379891 0.561219
0.0612077 0.00102091 0.384358 0.553413
0.0381723 9.9991E-05 0.392956 0.568772
0.0364775 9.9991E-05 0.431898 0.531525
0.0410185 0.0229368 0.368636 0.567409
0.0308068 9.9991E-05 0.465416 0.503677
0.13332 9.9991E-05 0.395141 0.471439
0.0380665 9.9991E-05 0.422979 0.538854
0.0677944 0.03506 0.391985 0.505161
0.102291 0.0393189 0.33014 0.52825
0.0718563 0.161341 0.690452 0.07635
0.129233 0.103411 0.767256 9.9991E-05
0.102152 0.103272 0.794477 9.9991E-05
0.0865116 0.00441975 0.847241 0.0618275
9.9982E-05 0.141269 0.858531 9.9982E-05
0.0681799 0.103941 0.7889 0.0389793
0.0270562 0.0270413 0.930984 0.0149182
0.052878 0.117416 0.829606 9.9991E-05
0.159631 9.9991E-05 0.726292 0.113977
0.107164 0.210706 0.651892 0.0302372
0.0945823 0.158326 0.746992 9.9991E-05
0.0152483 0.167525 0.817127 9.9991E-05
0.11376 0.155306 0.730834 9.9991E-05
0.0711378 0.0872698 0.841492 9.9991E-05
0.00997423 0.120388 0.835657 0.0339814
0.0373754 0.139678 0.822847 9.9991E-05
0.0220602 0.218983 0.684439 0.0745177
0.00469493 0.13223 0.686399 0.176677
0.124938 0.028224 0.693918 0.15292
0.1516 9.9991E-05 0.650046 0.198254
0.0164183 0.0142719 0.96921 9.9991E-05
0.11152 0.148024 0.62957 0.110885
9.9991E-05 0.0343578 0.848383 0.11716
0.100283 0.116793 0.681683 0.101242
0.0830079 0.112636 0.786274 0.0180826
0.101347 0.06453 0.813781 0.0203411
0.0895477 0.0512784 0.534975 0.324199
0.0391713 9.9991E-05 0.326116 0.634613
0.0620992 0.0970962 0.559843 0.280961
0.0861743 0.0258401 0.769866 0.11812
0.0402607 0.0761094 0.702009 0.181621
0.0710258 0.110779 0.73682 0.0813752
0.0575475 0.082319 0.860034 9.9991E-05
0.0439478 0.110988 0.818264 0.0267997
9.9991E-05 0.0804734 0.847026 0.0724003
0.13271 0.205931 0.567265 0.094094
0.117829 0.200788 0.592887 0.088496
0.0790162 0.155988 0.696151 0.068845
0.178425 0.153842 0.610375 0.0573581
0.0763065 0.123441 0.606114 0.194139
0.116054 0.086074 0.797772 9.9991E-05
0.0625849 0.128499 0.808817 9.9991E-05
0.0934986 0.0458227 0.796309 0.0643692
0.067972 0.13432 0.770859 0.0268489
0.113687 0.119979 0.722924 0.0434099
0.0684701 0.120271 0.811159 9.9991E-05
0.0793152 9.9982E-05 0.920485 9.9982E-05
0.102782 0.123484 0.739932 0.0338019
0.0617633 0.126115 0.780884 0.031238
0.0880295 0.105352 0.781891 0.0247276
0.0279435 0.0333476 0.826063 0.112646
0.0877949 0.114469 0.797394 0.000342095
0.0806144 0.180432 0.738854 9.9991E-05
0.0505538 9.9982E-05 0.949246 9.9982E-05
0.0679827 9.9982E-05 0.931817 9.9982E-05
0.0238258 9.9982E-05 0.975974 9.9982E-05
0.0984787 0.0657962 0.791129 0.0445962
0.100311 0.185121 0.674567 0.0400013
0.120182 0.170306 0.709411 9.9991E-05
0.138625 0.0916969 0.769578 9.9991E-05
0.0478509 0.146342 0.805036 0.000770689
0.114933 0.101141 0.757309 0.0266165
0.112722 0.0810868 0.708441 0.0977501
0.0417773 0.351292 0.537331 0.0695991
0.019543 0.190425 0.632351 0.157681
0.0136965 0.374399 0.545043 0.0668612
0.0189125 0.325014 0.596548 0.0595255
0.0411825 0.315161 0.520969 0.122688
0.0165054 0.344046 0.480215 0.159234
0.0620705 0.312617 0.425687 0.199625
0.111247 0.371713 0.475815 0.0412254
0.013374 0.277873 0.496549 0.212204
0.0756875 0.309076 0.510393 0.104844
0.0255225 0.381587 0.512151 0.0807395
9.9991E-05 0.16348 0.0554569 0.780963
0.020856 0.0799453 0.091118 0.808081
0.0471428 0.195608 0.037714 0.719535
0.073865 0.111931 0.0169947 0.797209
0.0773055 0.0982914 0.0491997 0.775203
0.0455702 0.183791 0.071711 0.698928
0.0548039 0.169209 9.9991E-05 0.775887
9.9991E-05 0.189447 0.0660174 0.744435
0.0830648 0.094936 0.23341 0.588589
0.00705316 0.0670183 0.126131 0.799797
0.0449029 0.164879 9.9991E-05 0.790118
0.041351 0.0903308 0.03139 0.836928
0.0816408 0.134215 0.0821292 0.702015
0.0106163 0.0739063 0.262076 0.653401
0.0831777 0.209768 0.0788902 0.628164
0.147943 0.0505823 0.0378381 0.763637
9.9991E-05 0.0601825 0.0905146 0.849203
0.078644 0.0378187 0.0829087 0.800629
0.046433 0.109718 9.9991E-05 0.843749
0.00883043 0.110146 0.116139 0.764885
0.0636431 0.144542 0.13288 0.658935
9.9991E-05 0.129144 0.0911939 0.779562
0.0663865 0.11641 0.0835308 0.733672
0.0527288 0.107369 0.0976513 0.742251
0.0714155 0.204745 0.0852847 0.638555
0.0381831 0.183914 0.068369 0.709534
0.0592983 0.161238 0.0421946 0.737269
0.105381 0.0498084 0.119016 0.725794
0.0484661 0.0958572 0.147822 0.707854
9.9991E-05 0.138052 0.0676824 0.794166
9.9991E-05 0.0329204 0.109256 0.857723
0.0574179 0.17642 0.0168929 0.749269
9.9991E-05 0.182767 0.0488308 0.768302
0.0117757 0.0664959 0.102088 0.81964
0.0468088 0.14005 0.0345795 0.778562
0.0644413 0.00128901 0.316851 0.617418
0.0937332 0.0989569 0.288774 0.518536
0.124073 0.0474071 0.34515 0.48337
0.108471 0.0487023 0.342866 0.499961
0.103432 0.000550827 0.355366 0.540651
9.9991E-05 0.0868834 0.346671 0.566346
0.0415688 0.0398947 0.302772 0.615765
0.0916545 0.16262 0.263602 0.482124
