0.9997 9.998E-05 9.998E-05 9.998E-05
0.732235 0.112133 0.0042948 0.151337
0.824876 9.9982E-05 0.174924 9.9982E-05
0.82728 0.020446 0.0877519 0.064522
0.826547 0.0587748 0.0229505 0.0917281
0.956838 0.0429619 9.9982E-05 9.9982E-05
0.978203 0.0215971 9.9982E-05 9.9982E-05
0.881676 0.0497169 0.0193416 0.0492653
0.837635 0.125756 0.0365095 9.9991E-05
0.893239 0.067549 0.0391118 9.9991E-05
0.812206 0.0371389 0.063937 0.0867181
0.809523 0.0526909 0.110116 0.0276696
0.820519 0.0022738 0.0986513 0.0785554
0.739854 0.142413 0.117633 9.9991E-05
0.877221 0.0363547 0.0717193 0.0147054
0.904445 0.0644466 0.0310084 9.9991E-05
0.993356 9.9982E-05 9.9982E-05 0.00644433
0.9997 9.998E-05 9.998E-05 9.998E-05
0.9997 9.998E-05 9.998E-05 9.998E-05
0.971941 9.9982E-05 0.027859 9.9982E-05
9.998E-05 9.998E-05 0.9997 9.998E-05
0.0716667 0.163737 0.694645 0.0699519
0.0812749 0.161212 0.708045 0.0494678
9.9991E-05 0.0807919 0.816678 0.102431
9.9982E-05 9.9982E-05 0.958718 0.0410819
0.0254736 9.9991E-05 0.895803 0.0786235
9.9991E-05 0.158484 0.743389 0.0980275
9.998E-05 9.998E-05 0.9997 9.998E-05
9.9991E-05 0.027884 0.85774 0.114276
0.015865 0.126698 0.712276 0.145162
9.9991E-05 0.132083 0.81999 0.0478272
9.9991E-05 0.142334 0.733978 0.123588
0.03476 0.109111 0.790652 0.0654772
9.9991E-05 0.0908024 0.70002 0.209078
0.029873 0.0778522 0.623496 0.268778
0.0665966 0.146509 0.583127 0.203768
0.0215126 0.123816 0.685549 0.169122
9.9991E-05 0.632964 0.00446346 0.362472
9.9982E-05 0.557137 9.9982E-05 0.442663
0.0721614 0.565444 9.9991E-05 0.362294
0.0228094 0.60274 9.9991E-05 0.37435
0.0461013 0.545755 9.9991E-05 0.408044
0.0323826 0.642916 9.9991E-05 0.324601
0.111047 0.648569 9.9991E-05 0.240284
0.0220322 0.553841 0.0714569 0.352669
0.0780363 0.637651 0.037694 0.246619
9.9982E-05 0.578832 9.9982E-05 0.420968
0.0359966 0.658519 9.9991E-05 0.305384
0.0429192 0.650951 9.9991E-05 0.30603
0.0293338 0.679838 9.9991E-05 0.290728
9.9982E-05 0.649852 9.9982E-05 0.349948
0.00963292 0.695397 0.00103512 0.293935
0.0210986 0.580001 9.9991E-05 0.398801
0.0828152 0.527025 9.9991E-05 0.390059
0.0513024 0.603412 9.9991E-05 0.345186
0.0386334 0.549984 0.0359942 0.375389
0.0922597 0.560162 0.0411918 0.306386
0.0455864 0.13562 0.0944286 0.724365
0.0997012 9.9991E-05 0.08321 0.816989
0.0570614 0.0577975 0.150782 0.734359
0.0607746 0.0125978 0.0508406 0.875787
9.9991E-05 0.00652495 0.084685 0.90869
0.0766327 0.0552601 0.0652301 0.802877
0.0704917 9.9991E-05 0.0227686 0.90664
9.9991E-05 0.0433764 0.0645322 0.891991
0.140669 0.0968911 0.0192465 0.743194
0.0960132 0.044697 0.187284 0.672006
0.0326208 9.9991E-05 0.100895 0.866384
9.9982E-05 9.9982E-05 0.169071 0.830729
0.067362 9.9991E-05 0.130807 0.801731
0.0114761 9.9991E-05 0.11206 0.876363
0.0176756 9.9991E-05 0.0731893 0.909035
0.0267031 9.9991E-05 0.144661 0.828536
0.00119726 0.0506759 0.197836 0.750291
0.0143667 0.233109 0.0913439 0.66118
0.0822681 0.150032 0.0714235 0.696276
0.074098 0.297183 9.9991E-05 0.628619
0.00168872 9.9982E-05 9.9982E-05 0.998111
0.0675106 0.0801231 0.188271 0.664096
9.9991E-05 0.0918557 0.00910289 0.898941
0.0808209 0.0867866 0.0996679 0.732725
0.0757583 0.062257 0.0773793 0.784605
0.0837321 0.0904581 0.00519526 0.820615
0.000875911 0.352969 0.171328 0.474827
0.0252506 0.769385 9.9991E-05 0.205264
0.0634001 0.236774 0.181546 0.518279
0.0438242 0.0943476 0.0684272 0.793401
0.0211089 0.241065 0.0657832 0.672043
0.0132918 0.118759 0.096895 0.771054
0.0270242 9.9991E-05 0.0608375 0.912038
0.0383005 0.0879254 0.0357506 0.838023
9.9991E-05 0.0298392 0.113447 0.856614
0.0876298 0.0960494 0.178986 0.637334
0.126281 0.0659476 0.169705 0.638066
0.0421131 0.058819 0.168656 0.730412
0.172744 0.0478076 0.129915 0.649533
0.0256752 0.197241 0.131444 0.645639
0.0952476 0.0538242 0.0636507 0.787277
0.0295269 9.9991E-05 0.136788 0.833585
0.0281231 0.129116 0.000211525 0.84255
0.0342929 0.0572013 0.187759 0.720747
0.0374136 0.0358969 0.125936 0.800753
0.0356734 9.9991E-05 0.0927539 0.871473
0.0293928 9.9982E-05 9.9982E-05 0.970407
0.114129 0.0724548 0.0900202 0.723396
0.0920187 9.9991E-05 0.0975732 0.810308
0.0550759 0.098665 0.0960824 0.750177
0.0377753 0.153409 9.9991E-05 0.808716
0.0517706 0.0113599 0.103 0.83387
0.0880045 0.0322589 0.157189 0.722548
0.0285204 0.00687556 9.9991E-05 0.964504
0.0272797 9.9982E-05 9.9982E-05 0.97252
0.00265317 0.0206493 9.9991E-05 0.976597
0.0743765 0.0442272 0.063932 0.817464
0.0823136 0.0936918 0.14482 0.679175
0.126029 0.01387 0.0903617 0.769739
0.0790793 0.0240386 0.104386 0.792496
0.0387465 0.0666651 0.115124 0.779465
0.0739458 0.0266592 0.0661435 0.833252
0.103549 0.149889 0.0647826 0.681779
0.033481 0.0863756 0.252148 0.627996
9.9991E-05 0.195137 0.211637 0.593125
9.9991E-05 0.0754563 0.298589 0.625855
0.0354318 0.0521097 0.385371 0.527088
0.0176949 0.118824 0.289554 0.573927
0.0259065 0.16465 0.339774 0.46967
0.0627342 0.166576 0.282387 0.488303
0.0784568 0.0026137 0.356339 0.56259
0.0102374 0.214234 0.259876 0.515652
9.9991E-05 0.106321 0.32351 0.570069
0.0121066 0.134109 0.316856 0.536929
0.0261924 0.720883 0.233469 0.0194557
0.0525926 0.815815 0.131493 9.9991E-05
0.0358799 0.719196 0.219407 0.0255179
0.0994021 0.744077 0.156421 9.9991E-05
0.0488404 0.785819 0.16524 9.9991E-05
0.0568147 0.739605 0.20348 9.9991E-05
9.9982E-05 0.763957 0.235843 9.9982E-05
0.00100787 0.756469 0.242423 9.9991E-05
0.103789 0.596638 0.187411 0.112162
0.00134289 0.828937 0.169621 9.9991E-05
0.0153498 0.787229 0.197321 9.9991E-05
0.0556581 0.813227 0.131015 9.9991E-05
0.0482279 0.704201 0.174863 0.0727078
0.000472752 0.690741 0.116975 0.191811
0.0807822 0.656215 0.19808 0.0649233
0.124169 0.738805 0.136926 9.9991E-05
9.9982E-05 0.841568 0.158232 9.9982E-05
0.107288 0.734065 0.0947654 0.0638821
0.0614543 0.782198 0.156247 9.9991E-05
0.0842517 0.782224 0.133424 9.9991E-05
0.0723418 0.681142 0.176668 0.0698485
9.9991E-05 0.793785 0.126943 0.0791722
9.9991E-05 0.709018 0.212949 0.0779334
0.0502371 0.763667 0.185996 9.9991E-05
0.0608636 0.651089 0.248625 0.0394225
0.0371895 0.672823 0.247556 0.042432
0.0559765 0.709932 0.233991 9.9991E-05
0.106867 0.67289 0.113385 0.106857
0.0408902 0.690871 0.201879 0.0663591
9.9991E-05 0.782941 0.213631 0.00332779
9.9982E-05 0.86563 0.13417 9.9982E-05
0.0788405 0.785017 0.130384 0.00575853
0.0188532 0.741577 0.239469 9.9991E-05
9.9982E-05 0.767597 0.232203 9.9982E-05
0.0364451 0.754524 0.208931 9.9991E-05
0.0566842 0.64926 0.0779187 0.216137
0.0782728 0.613319 0.091428 0.21698
0.131451 0.506665 0.136604 0.22528
0.0995962 0.587804 0.0615648 0.251035
0.121334 0.632218 0.0484057 0.198042
9.9991E-05 0.649279 0.0730977 0.277523
0.00747135 0.688988 0.0531888 0.250352
0.0890927 0.53676 0.242895 0.131253
