9.9982E-05 0.0257155 9.9982E-05 0.974085
0.128312 0.00103076 0.0907457 0.779911
0.0063701 9.9991E-05 0.181212 0.812318
0.0477786 9.9991E-05 0.120795 0.831327
0.00264481 0.079223 0.0541494 0.863983
9.9982E-05 9.9982E-05 0.0890631 0.910737
9.9982E-05 9.9982E-05 0.0587643 0.941036
0.0466568 0.0154615 0.0431 0.894782
0.077563 0.00627319 0.145768 0.770396
0.0338121 9.9991E-05 0.103029 0.863059
0.0956363 9.9991E-05 0.0928719 0.811392
0.0620976 0.0475573 0.113687 0.776658
0.111079 0.0366309 0.0432022 0.809088
0.0378533 9.9991E-05 0.176244 0.785802
0.0249262 0.0120978 0.100763 0.862213
9.9982E-05 9.9982E-05 0.0865632 0.913237
0.00545001 9.9982E-05 9.9982E-05 0.99435
9.9982E-05 0.0247994 9.9982E-05 0.975001
9.9982E-05 0.0146475 9.9982E-05 0.985153
0.034231 9.9982E-05 9.9982E-05 0.965569
0.160779 9.9991E-05 0.806055 0.0330667
0.232272 0.0474926 0.720135 9.9991E-05
0.227789 0.0759185 0.62854 0.0677527
0.192156 0.116535 0.691209 9.9991E-05
0.26436 9.9982E-05 0.73544 9.9982E-05
0.217686 9.9991E-05 0.747153 0.0350607
0.258813 0.0664085 0.674678 9.9991E-05
0.175357 9.9982E-05 0.824443 9.9982E-05
0.292738 9.9982E-05 0.707062 9.9982E-05
0.309654 0.0454245 0.635833 0.00908795
0.251782 9.9982E-05 0.748018 9.9982E-05
0.197607 0.0621383 0.740155 9.9991E-05
0.20951 0.122446 0.621196 0.0468486
0.327695 9.9982E-05 0.672105 9.9982E-05
0.344819 9.9991E-05 0.622536 0.0325455
0.315902 0.0281085 0.560601 0.0953892
0.321731 0.0721161 0.606053 9.9991E-05
0.112566 0.793872 0.0934618 9.9991E-05
0.168724 0.798177 0.0329993 9.9991E-05
0.124052 0.745035 0.102596 0.028317
0.0850341 0.805568 0.0926271 0.0167707
0.0963548 0.822357 0.0397056 0.041583
0.0617222 0.888423 0.0437591 0.00609589
0.0415076 0.70247 0.188548 0.0674746
0.0846694 0.858097 0.0440532 0.01318
0.0261234 0.781003 0.128031 0.0648427
0.130349 0.869451 9.9982E-05 9.9982E-05
0.0342247 0.929336 0.0264433 0.00999615
9.9982E-05 0.968858 9.9982E-05 0.0309421
0.0718821 0.851845 0.0589927 0.0172807
0.020981 0.905472 0.0552257 0.0183209
9.9991E-05 0.919383 0.0583294 0.0221879
0.102566 0.88696 0.00131947 0.00915412
0.0715741 0.84093 9.9991E-05 0.087396
0.0799621 0.835444 0.0635847 0.0210089
0.082761 0.772191 0.104219 0.0408288
0.0359205 0.795172 0.100986 0.0679208
0.570856 0.268791 0.116082 0.0442717
0.870504 9.9991E-05 0.0348296 0.0945667
0.743271 0.171993 0.0693674 0.0153692
0.780735 0.182543 9.9991E-05 0.0366219
0.889916 0.0538159 0.056168 9.9991E-05
0.758854 0.202947 9.9991E-05 0.0380998
0.841014 0.131561 9.9991E-05 0.0273246
0.87331 0.0697135 0.0520912 0.00488505
0.738308 0.108097 0.0762842 0.077311
0.677004 0.160446 0.119617 0.0429333
0.768047 0.0824822 0.0621208 0.0873498
0.852254 0.0757961 0.0521115 0.0198383
0.82746 9.9991E-05 0.101973 0.0704669
0.84414 0.117684 9.9991E-05 0.0380761
0.844435 0.106784 0.0409292 0.00785187
0.862884 0.0314588 0.0926305 0.0130262
0.709292 0.0423031 0.248305 9.9991E-05
0.555281 0.3412 0.103419 9.9991E-05
0.562885 0.317533 0.0351601 0.084422
0.367191 0.544444 9.9991E-05 0.0882643
0.849556 0.150244 9.9982E-05 9.9982E-05
0.599968 0.228318 0.0732862 0.0984282
0.76402 0.212567 0.0233136 9.9991E-05
0.688907 0.165679 0.102625 0.0427887
0.807525 0.0472186 0.0761696 0.0690871
0.742609 0.157835 9.9991E-05 0.0994564
0.374438 0.284722 0.30292 0.0379198
0.106045 0.431989 0.423596 0.0383711
0.506749 0.274338 0.177188 0.0417256
0.741375 0.147343 0.0644371 0.046845
0.609697 0.212918 0.128873 0.0485125
0.705181 0.151161 0.0883059 0.0553523
0.904021 0.0396282 0.0262269 0.0301235
0.699237 0.234604 9.9991E-05 0.0660589
0.745006 0.190799 0.0640954 9.9991E-05
0.600032 0.0465281 0.235767 0.117672
0.621591 0.118707 0.148913 0.11079
0.703762 0.100325 0.129688 0.0662249
0.670469 9.9991E-05 0.215816 0.113615
0.582483 0.187769 0.154024 0.0757248
0.680379 0.202432 9.9991E-05 0.117089
0.830552 0.110582 0.0554752 0.00339005
0.758402 0.178187 0.0173418 0.0460691
0.778623 0.076463 0.100119 0.0447949
0.756286 0.0323546 0.135974 0.0753854
0.847954 9.9991E-05 0.126712 0.0252339
0.957086 9.9982E-05 9.9982E-05 0.0427141
0.721313 0.0243232 0.155299 0.0990649
0.780897 0.140441 0.0204923 0.0581699
0.727842 0.133957 0.0934324 0.0447685
0.752327 0.228382 0.0178202 0.00147011
0.757761 0.148358 0.0313284 0.0625526
0.706257 0.0273251 0.162007 0.104411
0.739089 0.237937 9.9991E-05 0.0228742
0.967521 0.000274095 0.00990236 0.0223029
0.725701 0.258128 9.9991E-05 0.0160717
0.78327 0.0768151 0.0442515 0.0956634
0.686426 0.129328 0.156068 0.0281786
0.756511 9.9991E-05 0.11692 0.126469
0.808675 0.10431 9.9991E-05 0.0869149
0.771926 0.16489 9.9991E-05 0.0630837
0.787317 0.120547 0.0300206 0.0621159
0.709322 0.112555 0.0760302 0.102093
0.622471 9.9991E-05 0.349925 0.0275047
0.560594 0.0760874 0.348656 0.014662
0.596251 0.0517598 0.35165 0.000339114
0.56927 9.9991E-05 0.410648 0.0199827
0.565821 0.0666781 0.360542 0.00695898
0.556195 9.9991E-05 0.423176 0.0205295
0.550823 0.0435899 0.361626 0.0439608
0.604036 0.0339152 0.26293 0.0991191
0.518707 0.129846 0.332785 0.0186622
0.585851 0.0816086 0.328596 0.00394434
0.619891 0.0531581 0.325404 0.00154705
9.9991E-05 0.221017 0.725594 0.0532892
9.9991E-05 0.192659 0.763049 0.0441915
9.9991E-05 0.291238 0.690844 0.0178182
9.9991E-05 0.241185 0.65302 0.105695
9.9991E-05 0.306489 0.639812 0.0535992
0.0191224 0.142758 0.758968 0.0791512
9.9991E-05 0.328037 0.65763 0.014233
0.00652035 0.192571 0.800809 9.9991E-05
0.0817121 0.259039 0.543903 0.115347
9.9982E-05 0.270885 0.728915 9.9982E-05
9.9991E-05 0.303265 0.664952 0.0316838
9.9991E-05 0.278316 0.653033 0.0685513
0.0320503 0.329969 0.58089 0.0570906
0.0591446 0.38378 0.52927 0.0278056
0.0595007 0.123425 0.727852 0.0892224
9.9991E-05 0.186919 0.70493 0.108051
9.9982E-05 0.270536 0.729264 9.9982E-05
0.0272474 0.189165 0.701266 0.0823216
9.9991E-05 0.216445 0.734367 0.0490872
9.9991E-05 0.339151 0.616214 0.0445356
0.048596 0.226684 0.636023 0.0886967
0.0303342 0.230101 0.732883 0.00668152
9.9991E-05 0.148906 0.844006 0.00698823
9.9991E-05 0.229235 0.720761 0.0499044
0.103404 0.172653 0.689876 0.0340663
0.0290814 0.195353 0.721905 0.0536613
0.0122245 0.177842 0.747323 0.0626108
0.0682774 0.165454 0.679022 0.087247
9.9991E-05 0.239734 0.693205 0.0669611
9.9982E-05 0.241325 0.758475 9.9982E-05
9.9982E-05 0.303354 0.696446 9.9982E-05
9.9991E-05 0.341303 0.600793 0.0578036
9.9982E-05 0.28859 0.71121 9.9982E-05
0.041439 0.14166 0.816801 9.9991E-05
0.0148784 0.204599 0.759927 0.0205959
0.0472216 0.7907 0.108437 0.053642
0.104309 0.614544 0.221998 0.0591489
0.0619049 0.635568 0.154681 0.147846
0.0896375 0.581988 0.21874 0.109634
0.0721691 0.595896 0.223301 0.108635
0.0484323 0.756911 0.194556 9.9991E-05
0.015812 0.81237 0.120475 0.0513427
0.0757104 0.615868 0.202657 0.105765
