9.9982E-05 0.954109 0.0456912 9.9982E-05
0.0392973 0.770316 0.0336336 0.156753
0.107642 0.83482 0.0174891 0.0400484
0.0882662 0.835999 0.0756345 9.9991E-05
0.0377335 0.821049 0.0504548 0.0907632
0.0915524 0.883405 0.0249421 9.9991E-05
9.9982E-05 0.917576 0.0822236 9.9982E-05
0.0378493 0.881317 0.0762067 0.00462714
0.0629604 0.830342 0.0858357 0.0208621
0.0450355 0.856364 0.0985001 9.9991E-05
0.0443207 0.838761 0.0750332 0.0418852
0.138766 0.770821 0.0538236 0.0365898
0.116862 0.814476 0.00378629 0.0648757
0.099907 0.723883 0.166855 0.00935539
0.0750516 0.895035 9.9991E-05 0.0298137
0.0162042 0.912342 0.0713539 9.9991E-05
9.998E-05 0.9997 9.998E-05 9.998E-05
9.998E-05 0.9997 9.998E-05 9.998E-05
9.998E-05 0.9997 9.998E-05 9.998E-05
0.0158319 0.964881 9.9991E-05 0.0191874
0.9997 9.998E-05 9.998E-05 9.998E-05
0.749883 0.0663802 0.0922772 0.0914594
0.726081 0.0117712 0.185027 0.0771207
0.796149 9.9991E-05 0.137097 0.0666539
0.986056 9.9982E-05 9.9982E-05 0.0137444
0.924 0.0340536 9.9991E-05 0.0418461
0.794284 9.9991E-05 0.133419 0.0721964
0.9997 9.998E-05 9.998E-05 9.998E-05
0.832936 9.9991E-05 0.0812828 0.085681
0.755236 0.0121654 0.0704756 0.162123
0.887538 9.9991E-05 0.0650017 0.04736
0.745749 9.9991E-05 0.162626 0.0915244
0.757365 0.0645945 0.14433 0.0337102
0.700263 0.0112542 0.128793 0.159689
0.623933 0.0483299 0.0678177 0.25992
0.487173 0.0993826 0.215909 0.197536
0.715508 9.9991E-05 0.0884125 0.19598
0.0352051 0.00156546 0.556614 0.406615
9.9982E-05 9.9982E-05 0.542641 0.457159
9.9982E-05 9.9982E-05 0.58715 0.41265
9.9991E-05 0.0203321 0.611322 0.368246
9.9991E-05 0.0626136 0.535218 0.402068
9.9991E-05 0.0142504 0.623552 0.362098
0.00349775 0.0619941 0.639401 0.295107
9.9982E-05 9.9982E-05 0.594337 0.405463
0.0405347 0.0591804 0.665327 0.234958
9.9982E-05 9.9982E-05 0.531233 0.468567
9.9991E-05 0.0254949 0.605856 0.368549
9.9991E-05 0.0102716 0.651042 0.338587
9.9991E-05 0.0564555 0.604823 0.338621
9.9982E-05 9.9982E-05 0.635651 0.364149
0.0508216 0.00640266 0.615696 0.327079
9.9991E-05 0.0348411 0.571271 0.393788
9.9991E-05 0.114438 0.57864 0.306822
9.9991E-05 0.0273628 0.584121 0.388417
0.00777823 0.00979747 0.599035 0.383389
0.00352684 0.0732584 0.585057 0.338158
0.114521 0.0654101 0.172424 0.647645
0.100362 0.124462 9.9991E-05 0.775076
0.0952596 0.0410802 0.0695925 0.794068
0.0504188 0.0569593 0.00295135 0.889671
0.0543523 9.9982E-05 9.9982E-05 0.945448
0.0391383 0.044566 0.0740392 0.842257
0.0551715 0.0251952 9.9991E-05 0.919533
0.10924 0.00710451 0.0432109 0.840444
9.9991E-05 0.133457 0.109199 0.757244
0.225787 0.0596872 9.9991E-05 0.714426
0.140258 0.0438854 0.0391027 0.776754
0.183377 9.9982E-05 9.9982E-05 0.816423
0.136038 0.0564123 9.9991E-05 0.80745
0.105029 0.0520588 9.9991E-05 0.842812
0.0466881 0.0326914 0.00383609 0.916784
0.119908 0.0193442 0.0242552 0.836493
0.235813 9.9991E-05 0.0916618 0.672425
0.100987 0.0156573 0.188389 0.694967
0.0655032 0.0701954 0.164199 0.700102
9.9991E-05 0.0806558 0.234147 0.685097
0.00855236 0.0145526 9.9991E-05 0.976795
0.111033 0.065868 0.144471 0.678628
0.00766151 9.9991E-05 0.112272 0.879967
0.12309 0.0501642 0.0836377 0.743109
0.101983 0.0942099 0.0304733 0.773333
9.9991E-05 0.102113 0.050719 0.847068
0.182123 9.9991E-05 0.359301 0.458476
9.9991E-05 0.0104452 0.7524 0.237055
0.104651 0.0657895 0.262957 0.566603
0.0831944 0.041173 0.0771744 0.798458
0.0639888 0.0167103 0.195845 0.723456
0.103736 0.0547335 0.0438032 0.797727
0.0616416 0.034881 9.9991E-05 0.903377
0.0765337 0.0297033 0.0699966 0.823766
0.0389493 9.9991E-05 0.0928254 0.868125
0.172087 0.128683 0.0898547 0.609375
0.187678 0.121659 0.0264461 0.664217
0.0959964 0.0509526 0.0689021 0.784149
0.16991 0.120438 0.0559765 0.653675
0.105275 0.111222 0.13853 0.644972
0.0356499 0.0837024 0.0641824 0.816465
0.0981797 0.0437036 9.9991E-05 0.858017
0.0111551 0.0157918 0.114329 0.858724
0.143366 0.0551027 0.0185069 0.783024
0.115875 0.0776269 0.0521154 0.754383
0.10514 0.0317139 9.9991E-05 0.863047
9.9982E-05 0.0465751 9.9982E-05 0.953225
0.0994683 0.109559 0.0172038 0.773769
0.0916355 0.0471017 9.9991E-05 0.861163
0.121676 0.039492 0.0488361 0.789996
0.0210191 0.0230874 0.0828038 0.87309
0.0991212 0.064282 0.0389441 0.797653
0.169517 0.133867 9.9991E-05 0.696516
9.9982E-05 0.0286338 9.9982E-05 0.971166
9.9982E-05 0.0221672 9.9982E-05 0.977633
9.998E-05 9.998E-05 9.998E-05 0.9997
0.0402313 0.0796968 0.10187 0.778202
0.128776 0.079637 0.0499545 0.741633
0.134496 0.110051 0.0282133 0.72724
0.0875697 0.0770823 9.9991E-05 0.835248
0.0330593 0.0868669 0.0423713 0.837702
0.0721244 0.0815806 0.0393389 0.806956
0.100307 0.124829 0.109228 0.665636
0.324123 0.0516459 0.0562329 0.567998
0.180671 9.9991E-05 0.1975 0.621729
0.383273 9.9991E-05 0.0111076 0.60552
0.370456 0.0494436 0.0350886 0.545011
0.295682 9.9991E-05 0.143679 0.560539
0.369669 0.00830177 0.15739 0.46464
0.369696 0.0436185 0.149843 0.436843
0.320167 0.0846068 9.9991E-05 0.595126
0.265993 0.0195147 0.211156 0.503336
0.262537 9.9991E-05 0.133702 0.603661
0.348162 0.00633523 0.0814414 0.564061
0.265127 0.0181548 0.716618 9.9991E-05
0.187165 0.00529945 0.805662 0.00187367
0.224738 0.0484359 0.684875 0.0419508
0.210516 0.0149733 0.77441 9.9991E-05
0.172424 0.0148074 0.778641 0.0341281
0.242559 0.0537208 0.701604 0.00211572
0.198043 9.9982E-05 0.801757 9.9982E-05
0.277492 9.9982E-05 0.722308 9.9982E-05
0.185014 0.0538824 0.586791 0.174313
0.175619 9.9991E-05 0.817388 0.00689294
0.24166 0.012279 0.745961 9.9991E-05
0.103794 0.0222841 0.873822 9.9991E-05
0.192415 0.0235152 0.725148 0.0589211
0.0671739 0.0088535 0.693887 0.230086
0.240904 0.0655083 0.673048 0.0205402
0.176492 0.133082 0.672369 0.0180572
0.141238 0.0064631 0.850801 0.00149726
0.156514 0.0758082 0.750887 0.0167903
0.202571 0.00983183 0.787497 9.9991E-05
0.182911 0.00291689 0.776112 0.0380602
0.233309 0.0938869 0.655596 0.017208
0.225534 9.9991E-05 0.726429 0.0479366
0.176248 0.0196252 0.758058 0.0460688
0.209005 0.0444496 0.70749 0.0390561
0.272626 0.0698904 0.657383 9.9991E-05
0.256793 0.0369631 0.687939 0.018304
0.215017 0.0427534 0.741735 0.000494642
0.188369 0.0748972 0.685238 0.0514961
0.166766 0.0259936 0.718197 0.089043
0.223033 9.9982E-05 0.776767 9.9982E-05
0.111738 9.9982E-05 0.888062 9.9982E-05
0.171727 0.0467565 0.77294 0.00857582
0.303543 9.9982E-05 0.696257 9.9982E-05
0.278881 9.9982E-05 0.720919 9.9982E-05
0.254392 0.0358422 0.709666 9.9991E-05
0.043549 0.0457669 0.687581 0.223103
0.186436 0.0206251 0.511113 0.281826
0.0967579 0.142716 0.471629 0.288898
0.0789417 0.12878 0.515383 0.276896
0.0639748 0.103907 0.532158 0.29996
0.0778293 9.9991E-05 0.6343 0.28777
0.0736083 0.0297748 0.671364 0.225253
0.203098 0.12945 0.452904 0.214548
