9.98469E-05 9.98469E-05 9.98469E-05 9.98469E-05 9.98469E-05 9.98469E-05 9.98469E-05 9.98469E-05 9.98469E-05 9.98469E-05 0.998303 9.98469E-05 9.98469E-05 9.98469E-05 9.98469E-05 9.98469E-05 9.98469E-05 9.98469E-05
0.0525938 0.0774564 9.9919E-05 9.9919E-05 9.9919E-05 9.9919E-05 9.9919E-05 0.0372868 9.9919E-05 9.9919E-05 0.0114958 0.00827048 9.9919E-05 0.0202699 0.420275 0.0292786 9.9919E-05 0.342174
9.9892E-05 9.9892E-05 9.9892E-05 9.9892E-05 0.00768584 9.9892E-05 9.9892E-05 9.9892E-05 9.9892E-05 9.9892E-05 0.00983363 9.9892E-05 0.0065466 0.0285529 0.0404613 9.9892E-05 9.9892E-05 0.905721
9.9883E-05 9.9883E-05 9.9883E-05 9.9883E-05 0.0191597 9.9883E-05 9.9883E-05 0.0997825 0.0259042 9.9883E-05 9.9883E-05 9.9883E-05 9.9883E-05 0.0164858 0.837369 9.9883E-05 9.9883E-05 9.9883E-05
9.991E-05 9.991E-05 9.991E-05 0.00851918 9.991E-05 9.991E-05 9.991E-05 0.0302376 0.0606146 9.991E-05 0.00334506 0.00800579 0.0105256 0.00572987 0.872023 9.991E-05 9.991E-05 9.991E-05
9.9865E-05 9.9865E-05 9.9865E-05 9.9865E-05 9.9865E-05 9.9865E-05 9.9865E-05 9.9865E-05 9.9865E-05 9.9865E-05 0.00494107 9.9865E-05 9.9865E-05 9.9865E-05 9.9865E-05 9.9865E-05 0.00282408 0.990737
9.98469E-05 9.98469E-05 9.98469E-05 9.98469E-05 9.98469E-05 9.98469E-05 9.98469E-05 9.98469E-05 9.98469E-05 9.98469E-05 0.998303 9.98469E-05 9.98469E-05 9.98469E-05 9.98469E-05 9.98469E-05 9.98469E-05 9.98469E-05
0.00997217 0.00449076 0.0193705 9.98831E-05 9.98831E-05 9.98831E-05 9.98831E-05 9.98831E-05 9.98831E-05 9.98831E-05 0.00969737 9.98831E-05 9.98831E-05 9.98831E-05 9.98831E-05 9.98831E-05 9.98831E-05 0.955171
9.98741E-05 9.98741E-05 9.98741E-05 9.98741E-05 9.98741E-05 9.98741E-05 9.98741E-05 9.98741E-05 9.98741E-05 9.98741E-05 0.021879 9.98741E-05 0.0251534 0.00417249 9.98741E-05 9.98741E-05 9.98741E-05 0.947397
9.9865E-05 9.9865E-05 0.0210823 9.9865E-05 9.9865E-05 9.9865E-05 9.9865E-05 9.9865E-05 9.9865E-05 9.9865E-05 9.9865E-05 9.9865E-05 9.9865E-05 9.9865E-05 0.0674462 9.9865E-05 9.9865E-05 0.909973
9.9883E-05 9.9883E-05 9.9883E-05 9.9883E-05 0.000625784 0.0617033 9.9883E-05 0.0102702 9.9883E-05 9.9883E-05 9.9883E-05 9.9883E-05 0.00807949 9.9883E-05 9.9883E-05 9.9883E-05 9.9883E-05 0.918023
9.9928E-05 9.9928E-05 0.012065 9.9928E-05 0.00655472 0.0621904 9.9928E-05 0.0203717 9.9928E-05 0.0559494 0.0439844 0.0342167 9.9928E-05 0.0122752 0.744883 9.9928E-05 0.00671007 9.9928E-05
0.0323194 9.99011E-05 9.99011E-05 9.99011E-05 9.99011E-05 9.99011E-05 0.0388697 9.99011E-05 0.0431451 0.0242835 0.0333725 9.99011E-05 9.99011E-05 9.99011E-05 0.413583 9.99011E-05 9.99011E-05 0.413328
0.00612048 0.0901332 9.9946E-05 9.9946E-05 0.0243673 9.9946E-05 0.0474767 0.0491186 9.9946E-05 9.9946E-05 0.0165345 0.0265598 0.0026994 0.0092382 0.472989 0.0316844 9.9946E-05 0.222478
9.9901E-05 0.0530124 9.9901E-05 9.9901E-05 9.9901E-05 9.9901E-05 9.9901E-05 0.000207145 9.9901E-05 0.0439543 0.0464053 9.9901E-05 9.9901E-05 0.00421639 0.422216 9.9901E-05 9.9901E-05 0.42889
9.9883E-05 9.9883E-05 9.9883E-05 9.9883E-05 0.00763226 9.9883E-05 9.9883E-05 0.0251838 9.9883E-05 9.9883E-05 9.9883E-05 0.0355159 9.9883E-05 9.9883E-05 0.601615 9.9883E-05 9.9883E-05 0.328754
9.98651E-05 9.98651E-05 9.98651E-05 9.98651E-05 9.98651E-05 9.98651E-05 9.98651E-05 9.98651E-05 9.98651E-05 9.98651E-05 0.00307798 9.98651E-05 9.98651E-05 9.98651E-05 0.982296 9.98651E-05 0.0131278 9.98651E-05
9.98831E-05 9.98831E-05 9.98831E-05 0.00191534 0.00421746 9.98831E-05 9.98831E-05 9.98831E-05 9.98831E-05 9.98831E-05 0.00589309 9.98831E-05 9.98831E-05 9.98831E-05 0.985371 9.98831E-05 0.00130437 9.98831E-05
0.00797949 9.98741E-05 9.98741E-05 0.0258254 9.98741E-05 9.98741E-05 9.98741E-05 9.98741E-05 9.98741E-05 9.98741E-05 0.0382111 9.98741E-05 9.98741E-05 9.98741E-05 0.926586 9.98741E-05 9.98741E-05 9.98741E-05
9.9874E-05 9.9874E-05 0.00902827 9.9874E-05 9.9874E-05 9.9874E-05 9.9874E-05 9.9874E-05 9.9874E-05 0.00725643 9.9874E-05 9.9874E-05 0.00912679 9.9874E-05 0.97319 9.9874E-05 9.9874E-05 9.9874E-05
9.9847E-05 9.9847E-05 9.9847E-05 9.9847E-05 0.998303 9.9847E-05 9.9847E-05 9.9847E-05 9.9847E-05 9.9847E-05 9.9847E-05 9.9847E-05 9.9847E-05 9.9847E-05 9.9847E-05 9.9847E-05 9.9847E-05 9.9847E-05
0.0427684 9.9892E-05 9.9892E-05 9.9892E-05 0.0113968 9.9892E-05 9.9892E-05 0.222375 9.9892E-05 0.703401 9.9892E-05 9.9892E-05 0.0144646 9.9892E-05 0.00439541 9.9892E-05 9.9892E-05 9.9892E-05
9.9919E-05 9.9919E-05 0.0325581 0.0227214 9.9919E-05 9.9919E-05 0.035741 0.00497985 9.9919E-05 0.797764 0.0205773 9.9919E-05 9.9919E-05 0.00567112 0.0364416 0.0426464 9.9919E-05 9.9919E-05
9.9892E-05 9.9892E-05 0.0082195 9.9892E-05 9.9892E-05 9.9892E-05 9.9892E-05 9.9892E-05 9.9892E-05 0.909827 9.9892E-05 9.9892E-05 0.019493 9.9892E-05 0.027297 0.00622153 0.027743 9.9892E-05
9.98561E-05 9.98561E-05 0.0104764 9.98561E-05 9.98561E-05 9.98561E-05 9.98561E-05 9.98561E-05 9.98561E-05 0.987926 9.98561E-05 9.98561E-05 9.98561E-05 9.98561E-05 9.98561E-05 9.98561E-05 9.98561E-05 9.98561E-05
9.9883E-05 9.9883E-05 9.9883E-05 9.9883E-05 9.9883E-05 9.9883E-05 9.9883E-05 9.9883E-05 9.9883E-05 0.948332 0.0323175 9.9883E-05 9.9883E-05 0.0060507 9.9883E-05 9.9883E-05 0.00866118 0.00334029
9.9901E-05 9.9901E-05 9.9901E-05 0.0356895 0.010225 9.9901E-05 9.9901E-05 0.0507739 9.9901E-05 0.809597 0.0215468 9.9901E-05 9.9901E-05 0.00974225 9.9901E-05 0.0613261 9.9901E-05 9.9901E-05
9.9865E-05 9.9865E-05 9.9865E-05 9.9865E-05 0.994344 9.9865E-05 9.9865E-05 0.00348796 9.9865E-05 9.9865E-05 0.000670083 9.9865E-05 9.9865E-05 9.9865E-05 9.9865E-05 9.9865E-05 9.9865E-05 9.9865E-05
9.9892E-05 0.018976 0.0211607 9.9892E-05 0.0222122 9.9892E-05 9.9892E-05 9.9892E-05 0.104333 0.777336 9.9892E-05 0.054783 9.9892E-05 9.9892E-05 9.9892E-05 9.9892E-05 9.9892E-05 9.9892E-05
0.0116117 9.9901E-05 0.00211351 0.0522167 9.9901E-05 0.0159731 9.9901E-05 0.161673 9.9901E-05 0.693692 9.9901E-05 9.9901E-05 9.9901E-05 9.9901E-05 9.9901E-05 9.9901E-05 9.9901E-05 0.0616212
9.991E-05 9.991E-05 9.991E-05 0.00332512 0.0319787 9.991E-05 9.991E-05 0.14157 0.0481762 0.745572 9.991E-05 9.991E-05 9.991E-05 0.0126705 9.991E-05 9.991E-05 0.00361986 0.0120878
9.9928E-05 9.9928E-05 9.9928E-05 0.0422733 0.0198138 9.9928E-05 0.0133275 9.9928E-05 0.0244442 0.781788 0.00791392 0.00883681 0.00398118 9.9928E-05 9.9928E-05 0.072049 0.0247728 9.9928E-05
0.0203783 9.9955E-05 0.00190191 9.9955E-05 0.0608352 9.9955E-05 0.0297149 9.9955E-05 0.0666904 0.655169 0.0365629 0.0701454 0.00176074 0.000692426 0.0382483 0.0146448 0.00275623 9.9955E-05
0.0524037 0.0412624 9.991E-05 9.991E-05 0.032836 9.991E-05 0.0124591 0.168806 9.991E-05 0.660848 9.991E-05 9.991E-05 0.00271392 0.0276716 9.991E-05 9.991E-05 9.991E-05 9.991E-05
0.0208239 9.9937E-05 0.0165524 9.9937E-05 0.0189378 0.0914385 9.9937E-05 0.080359 0.0585462 0.639413 9.9937E-05 0.000608847 0.00905416 0.0117847 0.0517814 9.9937E-05 9.9937E-05 9.9937E-05
9.99099E-05 0.0224209 9.99099E-05 9.99099E-05 0.0118487 9.99099E-05 9.99099E-05 0.331619 9.99099E-05 0.432482 9.99099E-05 9.99099E-05 0.0564102 0.0651514 0.0661389 9.99099E-05 0.0129294 9.99099E-05
9.993E-05 9.993E-05 0.00397368 0.00983347 0.0163382 0.102513 9.993E-05 9.993E-05 9.993E-05 0.718115 9.993E-05 0.0559634 0.0178866 0.0219531 0.0311653 0.0170448 0.00451366 9.993E-05
9.9928E-05 9.9928E-05 9.9928E-05 0.122766 0.00232426 0.0495258 0.119204 9.9928E-05 0.0396529 0.00879956 9.9928E-05 9.9928E-05 0.0156274 0.00276193 0.0508797 0.587659 9.9928E-05 9.9928E-05
0.0119918 9.99189E-05 0.0068442 0.0297426 9.99189E-05 9.99189E-05 9.99189E-05 0.0893528 0.177986 9.99189E-05 0.0477649 9.99189E-05 0.00157206 9.99189E-05 9.99189E-05 0.618216 0.0156302 9.99189E-05
0.0225827 0.0955474 0.00456799 9.9928E-05 9.9928E-05 9.9928E-05 0.0289642 9.9928E-05 0.0470912 9.9928E-05 9.9928E-05 0.0237492 9.9928E-05 0.0295951 9.9928E-05 0.580065 0.0204054 0.146632
9.9883E-05 9.9883E-05 9.9883E-05 9.9883E-05 9.9883E-05 0.170015 0.124927 9.9883E-05 9.9883E-05 0.0202263 0.055701 9.9883E-05 9.9883E-05 9.9883E-05 9.9883E-05 0.627832 9.9883E-05 9.9883E-05
0.0287007 9.9928E-05 0.0125674 0.048938 0.0226165 9.9928E-05 9.9928E-05 0.0695996 9.9928E-05 9.9928E-05 9.9928E-05 9.9928E-05 0.00870158 0.0401074 0.112819 0.645733 0.00941782 9.9928E-05
0.00363915 0.0159205 0.0133524 9.9919E-05 0.0061127 9.9919E-05 9.9919E-05 9.9919E-05 0.0251933 9.9919E-05 9.9919E-05 0.0724047 9.9919E-05 0.0237592 9.9919E-05 0.740091 9.9919E-05 0.0986279
0.0151101 0.0701541 9.99369E-05 0.0111215 0.0118037 9.99369E-05 0.0969381 0.0876067 9.99369E-05 9.99369E-05 0.0374239 9.99369E-05 0.0187366 0.0344666 9.99369E-05 0.55215 9.99369E-05 0.0637893
0.0169258 0.0672743 0.00650158 0.0480308 0.018245 9.9946E-05 9.9946E-05 9.9946E-05 9.9946E-05 0.00554952 0.0157638 0.0989105 0.0526512 9.9946E-05 0.0346706 0.620709 0.0141683 9.9946E-05
9.991E-05 9.991E-05 0.0187457 0.0644898 9.991E-05 9.991E-05 9.991E-05 9.991E-05 0.0617202 0.0309347 9.991E-05 0.122201 0.0151645 9.991E-05 0.0890869 0.596658 9.991E-05 9.991E-05
0.0144284 0.0183557 0.0335137 9.99101E-05 9.99101E-05 0.042094 0.0654204 9.99101E-05 9.99101E-05 9.99101E-05 9.99101E-05 9.99101E-05 9.99101E-05 9.99101E-05 0.0374561 0.761992 0.025741 9.99101E-05
0.0113104 9.9955E-05 0.000866393 0.0044242 0.00233714 9.9955E-05 0.151019 9.9955E-05 0.0112353 9.9955E-05 0.041673 9.9955E-05 0.0140543 0.0182705 0.0162562 0.726692 0.00087842 0.000483552
0.00656501 9.9919E-05 0.00307168 0.00288062 0.0420096 9.9919E-05 9.9919E-05 9.9919E-05 9.9919E-05 9.9919E-05 0.0181377 9.9919E-05 9.9919E-05 0.0219277 0.0654879 0.807723 0.0312977 9.9919E-05
9.9901E-05 9.9901E-05 9.9901E-05 0.0132864 0.00486156 0.143342 9.9901E-05 0.221571 9.9901E-05 9.9901E-05 0.00282672 9.9901E-05 9.9901E-05 9.9901E-05 0.00379146 0.609223 9.9901E-05 9.9901E-05
9.9901E-05 9.9901E-05 9.9901E-05 9.9901E-05 9.9901E-05 9.9901E-05 9.9901E-05 0.0556357 0.0208132 9.9901E-05 0.0512739 9.9901E-05 9.9901E-05 0.0116248 9.9901E-05 0.755269 0.0283686 0.075916
0.0115722 9.991E-05 9.991E-05 9.991E-05 0.00427153 9.991E-05 9.991E-05 9.991E-05 9.991E-05 0.0130573 0.0462929 0.143776 9.991E-05 0.037011 9.991E-05 0.731947 0.011073 9.991E-05
0.0552474 9.98919E-05 0.060008 0.00967039 9.98919E-05 9.98919E-05 0.117529 9.98919E-05 9.98919E-05 9.98919E-05 9.98919E-05 9.98919E-05 9.98919E-05 9.98919E-05 0.0385595 0.717787 9.98919E-05 9.98919E-05
9.9901E-05 0.0959438 9.9901E-05 9.9901E-05 9.9901E-05 9.9901E-05 9.9901E-05 9.9901E-05 9.9901E-05 0.0249004 0.00427727 9.9901E-05 0.00937962 9.9901E-05 0.181634 0.662019 0.0207476 9.9901E-05
9.9937E-05 9.9937E-05 0.0224313 0.00577919 0.00865161 0.150609 9.9937E-05 0.117598 9.9937E-05 9.9937E-05 0.00337785 0.0213272 0.00449077 9.9937E-05 0.0132472 0.605049 9.9937E-05 0.0467398
9.991E-05 0.138408 9.991E-05 9.991E-05 9.991E-05 9.991E-05 0.0788128 9.991E-05 0.0534794 9.991E-05 9.991E-05 0.0272931 0.0361679 9.991E-05 0.060322 0.592959 0.0115583 9.991E-05
0.00151786 9.9928E-05 0.0406077 9.9928E-05 0.0151983 0.0379106 9.9928E-05 0.0784635 0.00508898 0.0121001 9.9928E-05 0.0043577 9.9928E-05 9.9928E-05 0.12907 0.674886 9.9928E-05 9.9928E-05
0.000468073 0.370221 9.9946E-05 0.0405018 9.9946E-05 0.194753 9.9946E-05 0.201238 0.0517781 0.0227481 9.9946E-05 9.9946E-05 0.00290442 0.0141074 9.9946E-05 0.0614599 0.00490648 0.0343137
9.98469E-05 9.98469E-05 9.98469E-05 9.98469E-05 9.98469E-05 9.98469E-05 9.98469E-05 9.98469E-05 9.98469E-05 9.98469E-05 9.98469E-05 9.98469E-05 9.98469E-05 0.998303 9.98469E-05 9.98469E-05 9.98469E-05 9.98469E-05
0.0438841 0.311454 0.0251369 0.0758109 0.00068702 0.21149 9.9937E-05 0.248478 0.0191796 9.9937E-05 0.0327815 9.9937E-05 0.0280576 0.00233974 9.9937E-05 9.9937E-05 9.9937E-05 9.9937E-05
0.012214 0.230386 0.0155165 0.0612709 9.9928E-05 0.345535 9.9928E-05 0.0854016 0.133776 9.9928E-05 0.0418456 9.9928E-05 0.0406354 9.9928E-05 9.9928E-05 0.0326204 9.9928E-05 9.9928E-05
9.9901E-05 0.00100484 9.9901E-05 0.0248826 9.9901E-05 0.800365 9.9901E-05 9.9901E-05 0.0667023 9.9901E-05 9.9901E-05 0.0407368 0.0364246 0.0287845 9.9901E-05 9.9901E-05 9.9901E-05 9.9901E-05
0.00141582 9.991E-05 9.991E-05 9.991E-05 0.0120253 0.827733 0.0259988 9.991E-05 9.991E-05 9.991E-05 9.991E-05 9.991E-05 0.013357 9.991E-05 0.0545771 0.0546289 0.00926527 9.991E-05
0.998303 9.98469E-05 9.98469E-05 9.98469E-05 9.98469E-05 9.98469E-05 9.98469E-05 9.98469E-05 9.98469E-05 9.98469E-05 9.98469E-05 9.98469E-05 9.98469E-05 9.98469E-05 9.98469E-05 9.98469E-05 9.98469E-05 9.98469E-05
9.98468E-05 9.98468E-05 9.98468E-05 9.98468E-05 9.98468E-05 9.98468E-05 9.98468E-05 9.98468E-05 9.98468E-05 9.98468E-05 9.98468E-05 9.98468E-05 9.98468E-05 0.998303 9.98468E-05 9.98468E-05 9.98468E-05 9.98468E-05
0.0360061 0.552165 0.0129136 9.9955E-05 0.00192659 0.0331024 0.0201 0.135902 0.0588909 9.9955E-05 0.00449867 9.9955E-05 0.0321237 0.0185612 0.0736421 9.9955E-05 0.0196676 9.9955E-05
0.0137415 0.360922 0.035369 0.127575 0.0277331 0.189394 0.0904647 9.9937E-05 9.9937E-05 0.0878248 9.9937E-05 9.9937E-05 9.9937E-05 0.0108368 0.0378921 9.9937E-05 0.0175479 9.9937E-05
0.0465977 0.115892 0.0342775 0.0988538 9.9937E-05 0.417782 9.9937E-05 0.0661097 0.121726 0.00496897 9.9937E-05 9.9937E-05 9.9937E-05 0.02954 0.0411392 9.9937E-05 0.0224138 9.9937E-05
0.0187728 0.0515601 0.0251546 0.0893752 0.0282893 0.674919 9.9928E-05 9.9928E-05 9.9928E-05 0.0472943 9.9928E-05 9.9928E-05 0.0250623 0.0284715 9.9928E-05 9.9928E-05 0.0103013 9.9928E-05
0.0145785 0.00770431 0.0227498 0.0175906 9.9955E-05 0.667211 0.0234942 9.9955E-05 9.9955E-05 0.0333013 0.00637354 0.0339598 0.00304898 0.0980916 0.0503532 9.9955E-05 0.0210437 9.9955E-05
0.0328161 0.389257 0.00532636 0.0552885 9.991E-05 0.460155 9.991E-05 9.991E-05 9.991E-05 9.991E-05 0.03742 9.991E-05 9.991E-05 0.0149878 9.991E-05 9.991E-05 0.00375086 9.991E-05
0.0232494 9.9901E-05 0.00694443 9.9901E-05 0.00475155 0.881247 9.9901E-05 9.9901E-05 0.029171 9.9901E-05 0.0507105 9.9901E-05 9.9901E-05 9.9901E-05 9.9901E-05 9.9901E-05 0.00282726 9.9901E-05
0.000874771 0.440238 0.00921872 0.01528 0.00364727 0.23379 9.9937E-05 9.9937E-05 0.0609279 0.0540062 0.0337155 9.9937E-05 0.0568678 0.0907344 9.9937E-05 9.9937E-05 9.9937E-05 9.9937E-05
9.991E-05 0.187385 9.991E-05 9.991E-05 9.991E-05 0.158704 9.991E-05 0.0242109 0.444968 9.991E-05 9.991E-05 9.991E-05 0.077163 0.044089 9.991E-05 9.991E-05 0.0134723 0.0490095
0.0293732 0.10475 9.9928E-05 0.149094 0.0288633 0.148132 9.9928E-05 9.9928E-05 0.238373 9.9928E-05 0.0159001 9.9928E-05 9.9928E-05 0.0193621 9.9928E-05 0.22435 0.0410032 9.9928E-05
9.9928E-05 0.100522 0.00361898 0.108716 9.9928E-05 0.480566 0.0491609 9.9928E-05 9.9928E-05 9.9928E-05 9.9928E-05 9.9928E-05 9.9928E-05 0.00972807 0.0287264 0.160819 0.0140188 0.0433247
9.991E-05 0.435121 0.00773658 0.0113523 9.991E-05 9.991E-05 9.991E-05 9.991E-05 9.991E-05 9.991E-05 9.991E-05 9.991E-05 0.00141332 0.0510675 0.133698 0.345393 0.0132193 9.991E-05
0.998303 9.98469E-05 9.98469E-05 9.98469E-05 9.98469E-05 9.98469E-05 9.98469E-05 9.98469E-05 9.98469E-05 9.98469E-05 9.98469E-05 9.98469E-05 9.98469E-05 9.98469E-05 9.98469E-05 9.98469E-05 9.98469E-05 9.98469E-05
0.0108096 9.9955E-05 0.0530691 9.9955E-05 0.0261221 0.492974 9.9955E-05 0.00617382 0.0521326 0.00440574 9.9955E-05 0.0886649 0.002076 0.0338017 0.0955284 0.0969459 0.0367964 9.9955E-05
0.064758 0.109678 0.0173746 0.0939012 9.9928E-05 0.461404 0.074597 9.9928E-05 9.9928E-05 9.9928E-05 9.9928E-05 9.9928E-05 0.0398254 0.0568092 9.9928E-05 0.0691178 0.0117349 9.9928E-05
9.98469E-05 9.98469E-05 9.98469E-05 0.998303 9.98469E-05 9.98469E-05 9.98469E-05 9.98469E-05 9.98469E-05 9.98469E-05 9.98469E-05 9.98469E-05 9.98469E-05 9.98469E-05 9.98469E-05 9.98469E-05 9.98469E-05 9.98469E-05
0.0233088 0.484369 0.021186 0.0414045 0.00723171 0.282854 0.053673 9.9946E-05 9.9946E-05 0.0412068 0.00474914 9.9946E-05 9.9946E-05 0.0234339 0.0143608 0.00162306 9.9946E-05 9.9946E-05
0.0287763 0.402583 0.0355105 0.0603495 9.9937E-05 0.310217 0.00842168 9.9937E-05 9.9937E-05 9.9937E-05 9.9937E-05 9.9937E-05 0.0259074 0.00382733 0.0928232 0.0177862 9.9937E-05 0.0130993
9.9955E-05 0.264292 0.0574553 9.9955E-05 0.00522319 0.0390502 9.9955E-05 0.115902 9.9955E-05 0.0430016 0.0103706 0.150626 0.0106451 0.0215594 0.0382645 0.200532 0.0425771 9.9955E-05
0.0317901 0.156005 9.9901E-05 9.9901E-05 9.9901E-05 9.9901E-05 0.615463 0.0862311 9.9901E-05 9.9901E-05 9.9901E-05 9.9901E-05 0.00595406 9.9901E-05 9.9901E-05 0.0996156 0.00384155 9.9901E-05
9.9928E-05 0.350092 9.9928E-05 0.0566726 9.9928E-05 0.153563 0.105177 9.9928E-05 0.0279489 0.0518608 9.9928E-05 0.0622519 9.9928E-05 0.0604054 9.9928E-05 0.0648896 9.9928E-05 0.0663395
0.00780481 9.9856E-05 9.9856E-05 0.990597 9.9856E-05 9.9856E-05 9.9856E-05 9.9856E-05 9.9856E-05 9.9856E-05 9.9856E-05 9.9856E-05 9.9856E-05 9.9856E-05 9.9856E-05 9.9856E-05 9.9856E-05 9.9856E-05
9.9847E-05 9.9847E-05 9.9847E-05 0.998303 9.9847E-05 9.9847E-05 9.9847E-05 9.9847E-05 9.9847E-05 9.9847E-05 9.9847E-05 9.9847E-05 9.9847E-05 9.9847E-05 9.9847E-05 9.9847E-05 9.9847E-05 9.9847E-05
9.9937E-05 0.205816 0.0318959 0.0982429 9.9937E-05 0.452842 9.9937E-05 9.9937E-05 0.0600318 9.9937E-05 0.000176966 0.0851495 0.00119275 0.0228055 9.9937E-05 0.0155555 9.9937E-05 0.0255914
9.98469E-05 9.98469E-05 9.98469E-05 9.98469E-05 9.98469E-05 9.98469E-05 9.98469E-05 9.98469E-05 9.98469E-05 9.98469E-05 9.98469E-05 9.98469E-05 0.998303 9.98469E-05 9.98469E-05 9.98469E-05 9.98469E-05 9.98469E-05
0.0924433 0.746104 0.00845971 9.9919E-05 0.0206385 9.9919E-05 9.9919E-05 9.9919E-05 0.0324774 9.9919E-05 9.9919E-05 9.9919E-05 9.9919E-05 0.0018102 0.012865 0.0784284 0.00587449 9.9919E-05
9.98651E-05 0.991594 9.98651E-05 9.98651E-05 9.98651E-05 9.98651E-05 0.00580615 9.98651E-05 9.98651E-05 9.98651E-05 9.98651E-05 9.98651E-05 9.98651E-05 9.98651E-05 9.98651E-05 9.98651E-05 0.00110191 9.98651E-05
9.9928E-05 0.309347 0.00123424 0.0045953 0.0268691 0.203843 9.9928E-05 0.3546 9.9928E-05 9.9928E-05 0.00245913 9.9928E-05 0.0517459 0.00398877 0.0405194 9.9928E-05 9.9928E-05 9.9928E-05
0.0178648 0.301805 0.00983199 0.00135984 9.9946E-05 0.102638 9.9946E-05 0.319047 0.0661652 0.0427862 0.00202435 9.9946E-05 0.0656079 9.9946E-05 0.0512637 9.9946E-05 0.019006 9.9946E-05
0.000395662 0.829 9.9874E-05 9.9874E-05 9.9874E-05 9.9874E-05 9.9874E-05 0.13839 9.9874E-05 9.9874E-05 0.0308154 9.9874E-05 9.9874E-05 9.9874E-05 9.9874E-05 9.9874E-05 9.9874E-05 9.9874E-05
0.0592622 9.991E-05 0.000504965 0.0224242 9.991E-05 0.541916 9.991E-05 0.230986 9.991E-05 9.991E-05 0.0638367 9.991E-05 0.033078 0.0469925 9.991E-05 9.991E-05 9.991E-05 9.991E-05
0.0208661 0.38701 9.9928E-05 9.9928E-05 9.9928E-05 9.9928E-05 0.0304922 0.0783502 0.225929 9.9928E-05 9.9928E-05 9.9928E-05 0.0444782 0.0376432 9.9928E-05 0.0334974 0.0566557 0.0842784
0.0178133 0.688862 9.9928E-05 0.0484419 9.9928E-05 9.9928E-05 9.9928E-05 9.9928E-05 0.047599 9.9928E-05 0.00429118 9.9928E-05 0.00775437 0.0404432 0.0632668 0.0445686 0.0361606 9.9928E-05
0.00183224 9.9928E-05 0.00645065 0.178978 0.00820224 0.592243 9.9928E-05 9.9928E-05 0.141237 0.00354662 9.9928E-05 9.9928E-05 9.9928E-05 0.0157816 9.9928E-05 9.9928E-05 0.0281843 0.0227453
9.9937E-05 0.0349471 0.0176188 0.00286009 9.9937E-05 0.621013 0.0350817 9.9937E-05 0.0250504 9.9937E-05 9.9937E-05 9.9937E-05 0.0307289 0.0667904 9.9937E-05 0.0517935 0.0513579 0.062059
0.000496768 0.497431 0.0226886 0.0246234 0.005713 0.244953 0.00932637 0.0697169 0.0173371 9.9955E-05 0.0399688 9.9955E-05 0.0187938 9.9955E-05 9.9955E-05 9.9955E-05 0.00431636 0.0441354
0.0294842 0.103775 0.0734887 0.0806539 0.00654866 0.442436 9.9946E-05 0.101445 9.9946E-05 9.9946E-05 9.9946E-05 0.0387492 0.000324539 0.0640213 9.9946E-05 9.9946E-05 0.016983 0.0414912
9.9856E-05 9.9856E-05 9.9856E-05 9.9856E-05 9.9856E-05 0.972171 9.9856E-05 9.9856E-05 9.9856E-05 9.9856E-05 9.9856E-05 0.0262316 9.9856E-05 9.9856E-05 9.9856E-05 9.9856E-05 9.9856E-05 9.9856E-05
9.98469E-05 9.98469E-05 0.998303 9.98469E-05 9.98469E-05 9.98469E-05 9.98469E-05 9.98469E-05 9.98469E-05 9.98469E-05 9.98469E-05 9.98469E-05 9.98469E-05 9.98469E-05 9.98469E-05 9.98469E-05 9.98469E-05 9.98469E-05
0.0261074 0.115706 0.0369054 0.0183705 0.016273 0.350731 0.114942 0.00314292 0.100879 9.9964E-05 0.0360007 9.9964E-05 0.0445145 0.063745 0.0399386 9.9964E-05 0.0323433 9.9964E-05
0.0239221 0.868339 0.0118522 0.0187858 9.9901E-05 9.9901E-05 9.9901E-05 9.9901E-05 9.9901E-05 9.9901E-05 9.9901E-05 0.0220999 0.0132601 9.9901E-05 9.9901E-05 9.9901E-05 9.9901E-05 0.040642
0.0336966 0.126058 0.00292946 9.991E-05 9.991E-05 0.548566 0.127302 9.991E-05 9.991E-05 9.991E-05 0.0136242 9.991E-05 0.0524696 9.991E-05 0.0943556 9.991E-05 9.991E-05 9.991E-05
9.9883E-05 9.9883E-05 9.9883E-05 9.9883E-05 9.9883E-05 0.882632 9.9883E-05 9.9883E-05 9.9883E-05 9.9883E-05 9.9883E-05 0.0570189 0.00720957 9.9883E-05 9.9883E-05 0.0409065 9.9883E-05 0.0109351
0.00698445 0.377217 9.9937E-05 0.0340978 9.9937E-05 0.243303 9.9937E-05 9.9937E-05 0.201803 9.9937E-05 0.0010162 9.9937E-05 0.00108543 0.0194013 9.9937E-05 0.0191019 0.0349757 0.0603154
9.9901E-05 0.354039 9.9901E-05 0.0506886 9.9901E-05 0.226115 9.9901E-05 9.9901E-05 0.19396 0.0646379 9.9901E-05 9.9901E-05 9.9901E-05 9.9901E-05 9.9901E-05 0.00571536 9.9901E-05 0.103745
9.98469E-05 9.98469E-05 9.98469E-05 9.98469E-05 9.98469E-05 9.98469E-05 9.98469E-05 9.98469E-05 9.98469E-05 9.98469E-05 9.98469E-05 9.98469E-05 9.98469E-05 9.98469E-05 9.98469E-05 9.98469E-05 0.998303 9.98469E-05
9.98469E-05 9.98469E-05 0.998303 9.98469E-05 9.98469E-05 9.98469E-05 9.98469E-05 9.98469E-05 9.98469E-05 9.98469E-05 9.98469E-05 9.98469E-05 9.98469E-05 9.98469E-05 9.98469E-05 9.98469E-05 9.98469E-05 9.98469E-05
9.98469E-05 9.98469E-05 9.98469E-05 9.98469E-05 9.98469E-05 9.98469E-05 9.98469E-05 9.98469E-05 9.98469E-05 9.98469E-05 9.98469E-05 9.98469E-05 9.98469E-05 9.98469E-05 9.98469E-05 9.98469E-05 0.998303 9.98469E-05
0.0306395 0.796079 9.9901E-05 9.9901E-05 0.00615137 9.9901E-05 9.9901E-05 0.0700298 9.9901E-05 9.9901E-05 9.9901E-05 9.9901E-05 0.0774052 0.0110015 9.9901E-05 9.9901E-05 9.9901E-05 0.00759479
0.0186515 0.224185 0.0200302 9.9937E-05 0.0280951 0.294769 9.9937E-05 0.217413 9.9937E-05 0.00555489 9.9937E-05 9.9937E-05 0.0737603 0.00966675 0.0699546 9.9937E-05 0.0372197 9.9937E-05
9.9928E-05 0.558018 0.0324013 9.9928E-05 0.00484392 0.140405 0.0691528 9.9928E-05 9.9928E-05 0.0429941 9.9928E-05 9.9928E-05 0.0223241 0.0461006 0.0458975 9.9928E-05 0.0370632 9.9928E-05
0.0297155 0.0443592 0.0362649 9.9928E-05 0.0254731 0.75156 9.9928E-05 0.000918163 9.9928E-05 9.9928E-05 0.00956342 9.9928E-05 9.9928E-05 9.9928E-05 0.0378635 0.000916327 0.0625666 9.9928E-05
9.9883E-05 0.919099 0.0241367 9.9883E-05 0.0202778 9.9883E-05 9.9883E-05 9.9883E-05 9.9883E-05 9.9883E-05 9.9883E-05 9.9883E-05 9.9883E-05 0.0239891 0.0111994 9.9883E-05 9.9883E-05 9.9883E-05
9.98469E-05 9.98469E-05 9.98469E-05 9.98469E-05 9.98469E-05 9.98469E-05 9.98469E-05 9.98469E-05 9.98469E-05 9.98469E-05 9.98469E-05 9.98469E-05 0.998303 9.98469E-05 9.98469E-05 9.98469E-05 9.98469E-05 9.98469E-05
9.9928E-05 0.242112 0.0413655 9.9928E-05 9.9928E-05 0.370409 9.9928E-05 0.184828 9.9928E-05 0.000809985 0.0328176 9.9928E-05 0.0333711 9.9928E-05 0.0213334 0.0522473 0.0199069 9.9928E-05
0.00134698 0.0751542 9.9919E-05 0.00663962 0.00866085 9.9919E-05 0.0163767 9.9919E-05 0.812146 9.9919E-05 9.9919E-05 9.9919E-05 0.00362187 0.0692109 9.9919E-05 9.9919E-05 9.9919E-05 0.00594386
0.0113767 9.9883E-05 9.9883E-05 0.0895463 9.9883E-05 9.9883E-05 9.9883E-05 0.0652071 0.823223 9.9883E-05 9.9883E-05 9.9883E-05 0.00934832 9.9883E-05 9.9883E-05 9.9883E-05 9.9883E-05 9.9883E-05
9.9901E-05 9.9901E-05 0.024819 0.102823 0.0103365 9.9901E-05 9.9901E-05 0.0192269 0.7995 9.9901E-05 0.0265708 9.9901E-05 9.9901E-05 9.9901E-05 9.9901E-05 9.9901E-05 0.0156246 9.9901E-05
9.9892E-05 0.083053 9.9892E-05 9.9892E-05 0.0091341 9.9892E-05 9.9892E-05 0.103201 0.752391 9.9892E-05 9.9892E-05 9.9892E-05 0.0327945 0.0182275 9.9892E-05 9.9892E-05 9.9892E-05 9.9892E-05
9.9901E-05 0.169352 0.00433818 9.9901E-05 0.000778568 9.9901E-05 9.9901E-05 9.9901E-05 0.736004 9.9901E-05 0.010216 0.0546313 9.9901E-05 9.9901E-05 9.9901E-05 9.9901E-05 0.0235816 9.9901E-05
0.00138455 9.98831E-05 9.98831E-05 9.98831E-05 9.98831E-05 9.98831E-05 9.98831E-05 9.98831E-05 0.851928 0.0216315 9.98831E-05 0.0974321 9.98831E-05 0.0263252 9.98831E-05 9.98831E-05 9.98831E-05 9.98831E-05
9.9865E-05 9.9865E-05 9.9865E-05 9.9865E-05 9.9865E-05 9.9865E-05 9.9865E-05 9.9865E-05 0.944304 9.9865E-05 9.9865E-05 0.0128392 9.9865E-05 9.9865E-05 0.0413586 9.9865E-05 9.9865E-05 9.9865E-05
9.9901E-05 0.00777918 0.018463 0.0449904 9.9901E-05 9.9901E-05 9.9901E-05 9.9901E-05 0.871631 0.0117588 0.0352011 9.9901E-05 9.9901E-05 9.9901E-05 9.9901E-05 9.9901E-05 9.9901E-05 0.00907731
9.9919E-05 9.9919E-05 0.0197165 9.9919E-05 0.00443905 9.9919E-05 0.0282671 9.9919E-05 0.809406 9.9919E-05 0.00347784 9.9919E-05 9.9919E-05 0.00343901 9.9919E-05 0.086583 0.0050261 0.0387464
0.00998052 0.000519499 9.9928E-05 0.0655881 0.00703703 9.9928E-05 9.9928E-05 9.9928E-05 0.75685 9.9928E-05 9.9928E-05 0.0187824 0.0284512 9.9928E-05 0.0281638 0.0369068 0.0469214 9.9928E-05
9.9937E-05 0.0277157 9.9937E-05 9.9937E-05 0.00320277 0.0691972 0.0128773 9.9937E-05 0.751413 0.0570885 0.0149262 9.9937E-05 9.9937E-05 0.0318217 0.0165231 0.010191 0.00434405 9.9937E-05
0.00763936 9.9901E-05 0.0159294 9.9901E-05 9.9901E-05 9.9901E-05 9.9901E-05 9.9901E-05 0.00738441 0.0329796 9.9901E-05 0.879226 0.0340969 9.9901E-05 9.9901E-05 9.9901E-05 0.0216458 9.9901E-05
0.0032668 9.9919E-05 0.0311808 9.9919E-05 0.0194948 9.9919E-05 0.127496 0.123312 0.127039 9.9919E-05 0.0147901 0.542485 9.9919E-05 9.9919E-05 9.9919E-05 0.0100361 9.9919E-05 9.9919E-05
9.9955E-05 9.9955E-05 0.018112 0.0715267 0.0211555 0.0237356 0.11048 0.0251629 9.9955E-05 9.9955E-05 0.00813513 0.659979 9.9955E-05 0.0122332 0.00174165 0.0339168 0.0122082 0.00111252
9.9901E-05 9.9901E-05 9.9901E-05 0.0711047 0.00339133 9.9901E-05 0.102505 9.9901E-05 9.9901E-05 9.9901E-05 9.9901E-05 0.713427 9.9901E-05 9.9901E-05 0.0516443 0.0464455 0.0103838 9.9901E-05
0.0495033 0.0438977 9.9919E-05 9.9919E-05 0.031865 0.0194438 0.160135 0.0840228 9.9919E-05 9.9919E-05 0.0510935 0.511108 9.9919E-05 9.9919E-05 9.9919E-05 0.0480311 9.9919E-05 9.9919E-05
9.99059E-05 0.187255 9.99059E-05 9.99059E-05 0.0261255 9.99059E-05 0.08019 0.0167671 9.99059E-05 9.99059E-05 9.99059E-05 0.634168 0.000141334 9.99059E-05 9.99059E-05 9.99059E-05 9.99059E-05 0.0542541
0.00587934 9.991E-05 0.063608 9.991E-05 9.991E-05 9.991E-05 0.0174841 0.0157723 9.991E-05 0.0268114 9.991E-05 0.792875 9.991E-05 9.991E-05 0.0336798 0.0428911 9.991E-05 9.991E-05
0.0016935 0.0337384 0.0157131 0.0653882 0.0201561 9.991E-05 0.227758 9.991E-05 9.991E-05 9.991E-05 0.00912331 0.625431 9.991E-05 9.991E-05 9.991E-05 9.991E-05 9.991E-05 9.991E-05
9.99279E-05 0.0674351 9.99279E-05 0.0438263 0.00451821 9.99279E-05 9.99279E-05 0.384292 9.99279E-05 0.00421114 0.0149454 0.333768 9.99279E-05 0.00854916 9.99279E-05 0.0618875 0.0757679 9.99279E-05
9.9901E-05 9.9901E-05 0.0021658 0.000794183 9.9901E-05 9.9901E-05 9.9901E-05 9.9901E-05 0.0498434 9.9901E-05 0.00088078 0.823256 9.9901E-05 9.9901E-05 0.0233744 0.0985868 9.9901E-05 9.9901E-05
0.0410847 9.9937E-05 9.9937E-05 0.00962449 0.0195959 9.9937E-05 0.103406 9.9937E-05 0.0283384 9.9937E-05 0.0139927 0.683886 9.9937E-05 0.0294972 9.9937E-05 0.0238285 0.01239 0.0336565
9.9901E-05 9.9901E-05 9.9901E-05 9.9901E-05 9.9901E-05 9.9901E-05 0.488228 9.9901E-05 9.9901E-05 9.9901E-05 9.9901E-05 0.297428 0.00390403 0.035594 0.0113999 0.111298 9.9901E-05 0.0510488
9.9955E-05 0.0239815 0.00100374 0.00104421 0.011297 0.0774863 0.315331 0.0374584 9.9955E-05 0.0380273 9.9955E-05 0.347421 9.9955E-05 0.00609775 0.0715519 0.0523359 0.0164639 9.9955E-05
9.9919E-05 0.181837 9.9919E-05 9.9919E-05 9.9919E-05 9.9919E-05 0.19058 0.240098 9.9919E-05 9.9919E-05 9.9919E-05 0.281007 0.0277214 0.0476075 9.9919E-05 0.00868881 0.0165362 0.00502463
9.99189E-05 9.99189E-05 9.99189E-05 9.99189E-05 0.0102978 0.0187314 0.763529 0.0352714 9.99189E-05 0.0655576 0.0309894 9.99189E-05 0.0160888 0.0402987 0.0183365 9.99189E-05 9.99189E-05 9.99189E-05
9.9865E-05 9.9865E-05 9.9865E-05 9.9865E-05 9.9865E-05 9.9865E-05 0.236911 0.713011 9.9865E-05 9.9865E-05 0.0485799 9.9865E-05 9.9865E-05 9.9865E-05 9.9865E-05 9.9865E-05 9.9865E-05 9.9865E-05
0.00252318 9.9865E-05 9.9865E-05 9.9865E-05 9.9865E-05 9.9865E-05 0.993588 9.9865E-05 9.9865E-05 9.9865E-05 9.9865E-05 9.9865E-05 9.9865E-05 9.9865E-05 9.9865E-05 9.9865E-05 0.00239081 9.9865E-05
9.9901E-05 9.9901E-05 9.9901E-05 9.9901E-05 9.9901E-05 0.0434277 0.659164 0.185137 9.9901E-05 9.9901E-05 0.0382594 0.0236611 0.0114383 9.9901E-05 9.9901E-05 9.9901E-05 9.9901E-05 0.0378139
9.9847E-05 9.9847E-05 9.9847E-05 9.9847E-05 9.9847E-05 9.9847E-05 0.998303 9.9847E-05 9.9847E-05 9.9847E-05 9.9847E-05 9.9847E-05 9.9847E-05 9.9847E-05 9.9847E-05 9.9847E-05 9.9847E-05 9.9847E-05
0.0222079 9.9883E-05 9.9883E-05 9.9883E-05 0.00316418 9.9883E-05 0.538188 0.417061 9.9883E-05 9.9883E-05 9.9883E-05 9.9883E-05 9.9883E-05 9.9883E-05 9.9883E-05 9.9883E-05 9.9883E-05 0.0180802
0.0318194 9.9874E-05 9.9874E-05 9.9874E-05 9.9874E-05 9.9874E-05 0.159414 0.792006 9.9874E-05 9.9874E-05 0.0153615 9.9874E-05 9.9874E-05 9.9874E-05 9.9874E-05 9.9874E-05 9.9874E-05 9.9874E-05
9.9874E-05 9.9874E-05 0.00811741 0.02118 9.9874E-05 9.9874E-05 0.955719 9.9874E-05 9.9874E-05 9.9874E-05 9.9874E-05 9.9874E-05 9.9874E-05 9.9874E-05 9.9874E-05 9.9874E-05 0.0135852 9.9874E-05
9.98651E-05 9.98651E-05 9.98651E-05 9.98651E-05 9.98651E-05 9.98651E-05 9.98651E-05 0.82129 9.98651E-05 9.98651E-05 9.98651E-05 0.165186 9.98651E-05 9.98651E-05 9.98651E-05 9.98651E-05 0.0120258 9.98651E-05
0.0113297 0.0370735 9.991E-05 0.0110875 9.991E-05 9.991E-05 9.991E-05 0.262258 9.991E-05 9.991E-05 9.991E-05 0.586743 0.0273193 9.991E-05 9.991E-05 9.991E-05 0.00661767 0.056572
0.013312 9.9919E-05 0.0244908 0.0225228 9.9919E-05 9.9919E-05 9.9919E-05 0.523494 9.9919E-05 0.0242454 9.9919E-05 0.344254 0.00493072 0.0212591 9.9919E-05 9.9919E-05 9.9919E-05 0.0205919
9.9892E-05 0.178557 9.9892E-05 9.9892E-05 9.9892E-05 9.9892E-05 9.9892E-05 0.120293 9.9892E-05 0.0241687 0.004455 0.648045 9.9892E-05 9.9892E-05 9.9892E-05 9.9892E-05 9.9892E-05 0.0232832
0.00401605 9.99099E-05 9.99099E-05 0.0234612 0.00637624 9.99099E-05 9.99099E-05 0.451844 9.99099E-05 9.99099E-05 9.99099E-05 0.41929 9.99099E-05 9.99099E-05 9.99099E-05 0.0336633 0.0270762 0.0332738
0.0141596 9.9901E-05 0.0188371 9.9901E-05 9.9901E-05 9.9901E-05 9.9901E-05 0.605348 9.9901E-05 9.9901E-05 9.9901E-05 0.252157 9.9901E-05 0.044622 0.059154 9.9901E-05 9.9901E-05 0.00462322
9.9874E-05 9.9874E-05 9.9874E-05 0.0322247 9.9874E-05 9.9874E-05 0.0168092 0.936558 9.9874E-05 9.9874E-05 9.9874E-05 9.9874E-05 9.9874E-05 9.9874E-05 0.0130097 9.9874E-05 9.9874E-05 9.9874E-05
0.000959403 9.9883E-05 0.0138802 9.9883E-05 9.9883E-05 9.9883E-05 9.9883E-05 0.807803 9.9883E-05 9.9883E-05 9.9883E-05 0.171922 9.9883E-05 9.9883E-05 9.9883E-05 0.00413641 9.9883E-05 9.9883E-05
9.9874E-05 9.9874E-05 0.0227088 9.9874E-05 9.9874E-05 9.9874E-05 9.9874E-05 9.9874E-05 9.9874E-05 9.9874E-05 9.9874E-05 0.915788 9.9874E-05 0.04113 9.9874E-05 9.9874E-05 0.018975 9.9874E-05
9.9919E-05 9.9919E-05 0.00523206 9.9919E-05 9.9919E-05 0.0757667 9.9919E-05 0.089609 9.9919E-05 0.0205503 0.0490618 0.637872 9.9919E-05 9.9919E-05 0.0362302 0.0835171 0.00126193 9.9919E-05
9.9901E-05 9.9901E-05 9.9901E-05 0.0391304 9.9901E-05 9.9901E-05 0.108418 0.43387 9.9901E-05 0.0639674 0.0150702 0.298386 9.9901E-05 9.9901E-05 9.9901E-05 0.0400589 9.9901E-05 9.9901E-05
9.991E-05 9.991E-05 0.0381557 0.0365007 9.991E-05 9.991E-05 0.297634 9.991E-05 9.991E-05 0.00692389 0.00553423 0.567644 9.991E-05 0.0396397 9.991E-05 9.991E-05 0.006969 9.991E-05
0.00464734 0.055631 9.991E-05 9.991E-05 0.0208507 9.991E-05 9.991E-05 9.991E-05 9.991E-05 9.991E-05 0.0167421 0.87796 0.0195807 9.991E-05 9.991E-05 9.991E-05 0.00198114 0.00160798
9.9901E-05 9.9901E-05 9.9901E-05 9.9901E-05 0.00103995 9.9901E-05 9.9901E-05 0.391954 9.9901E-05 9.9901E-05 9.9901E-05 9.9901E-05 0.0110947 0.019481 9.9901E-05 0.512885 0.0137523 0.0486933
9.9901E-05 0.0204816 9.9901E-05 9.9901E-05 9.9901E-05 9.9901E-05 9.9901E-05 0.35026 0.0247599 0.00455861 9.9901E-05 9.9901E-05 0.0624667 9.9901E-05 9.9901E-05 0.439518 9.9901E-05 0.0968558
9.9928E-05 9.9928E-05 9.9928E-05 9.9928E-05 0.0322278 9.9928E-05 9.9928E-05 0.312437 0.0301029 0.00489862 0.00714917 9.9928E-05 0.0305511 0.0267735 0.107821 0.4444 0.00284077 9.9928E-05
9.99009E-05 9.99009E-05 9.99009E-05 0.0277476 0.0110516 0.0303492 9.99009E-05 0.353875 9.99009E-05 9.99009E-05 9.99009E-05 9.99009E-05 0.0423871 9.99009E-05 9.99009E-05 0.390164 9.99009E-05 0.143326
9.9901E-05 9.9901E-05 0.00437697 0.00233608 9.9901E-05 9.9901E-05 9.9901E-05 0.290641 9.9901E-05 0.0417323 9.9901E-05 9.9901E-05 9.9901E-05 9.9901E-05 9.9901E-05 0.463278 0.0116832 0.184853
0.00531959 0.0102812 0.0134894 9.9946E-05 0.0079314 9.9946E-05 0.189178 9.9946E-05 0.063151 0.0450399 0.00500785 9.9946E-05 0.0106558 9.9946E-05 9.9946E-05 0.573599 0.0218616 0.0538862
9.98921E-05 9.98921E-05 9.98921E-05 0.00962294 9.98921E-05 9.98921E-05 9.98921E-05 0.201284 9.98921E-05 0.00347115 9.98921E-05 9.98921E-05 0.0191896 9.98921E-05 9.98921E-05 0.695433 9.98921E-05 0.0698011
9.9883E-05 9.9883E-05 9.9883E-05 9.9883E-05 9.9883E-05 9.9883E-05 0.118381 9.9883E-05 0.0818933 0.10413 9.9883E-05 9.9883E-05 9.9883E-05 9.9883E-05 9.9883E-05 0.498932 9.9883E-05 0.195366
