9.9928E-05 0.00325877 9.9928E-05 9.9928E-05 0.0230746 9.9928E-05 9.9928E-05 9.9928E-05 0.0485218 0.881177 9.9928E-05 9.9928E-05 0.00974876 0.00311197 0.0249488 0.00535919
9.9937E-05 9.9937E-05 9.9937E-05 9.9937E-05 9.9937E-05 0.173336 0.000176451 0.0188545 0.00625891 0.675351 9.9937E-05 0.0672134 9.9937E-05 0.003131 0.0378445 0.0171344
9.9937E-05 0.00136534 0.022407 0.0619541 9.9937E-05 0.0721996 9.9937E-05 0.00805902 0.00123121 0.746603 9.9937E-05 0.0429934 9.9937E-05 9.9937E-05 0.0424876 9.9937E-05
9.99369E-05 9.99369E-05 0.032888 0.0537748 9.99369E-05 0.0313608 9.99369E-05 0.0621765 9.99369E-05 0.716881 0.036562 0.0482599 0.00902081 9.99369E-05 0.00837717 9.99369E-05
0.0286615 9.9937E-05 0.034312 9.9937E-05 0.00412619 0.0227298 0.0151564 0.0357819 9.9937E-05 0.792167 9.9937E-05 0.0577742 9.9937E-05 0.00859176 9.9937E-05 9.9937E-05
9.9928E-05 9.9928E-05 9.9928E-05 9.9928E-05 0.00798309 9.9928E-05 0.0149057 9.9928E-05 0.0343434 0.816893 0.0744013 9.9928E-05 0.00795945 0.0282374 9.9928E-05 0.0144767
9.9901E-05 9.9901E-05 0.0295072 9.9901E-05 9.9901E-05 9.9901E-05 9.9901E-05 9.9901E-05 0.0747703 0.871466 0.0181516 0.00500639 9.9901E-05 9.9901E-05 9.9901E-05 9.9901E-05
9.9955E-05 0.00526618 0.0296999 9.9955E-05 9.9955E-05 9.9955E-05 9.9955E-05 0.0403517 0.0345019 0.759434 0.00163413 0.0374937 0.0174423 0.0357287 0.0127278 0.0252199
0.0357399 9.9928E-05 9.9928E-05 9.9928E-05 9.9928E-05 9.9928E-05 9.9928E-05 0.0451293 9.9928E-05 0.735964 0.0379307 0.0915143 9.9928E-05 0.0112279 0.0284657 0.0132293
9.991E-05 9.991E-05 9.991E-05 9.991E-05 9.991E-05 9.991E-05 9.991E-05 0.128904 0.0876622 0.758014 9.991E-05 9.991E-05 0.0185229 0.00577993 9.991E-05 0.00011797
9.9919E-05 0.00958709 9.9919E-05 9.9919E-05 9.9919E-05 0.102543 9.9919E-05 0.0948243 9.9919E-05 0.687902 9.9919E-05 0.0723266 9.9919E-05 0.0147602 9.9919E-05 0.0171573
0.0148115 0.000271419 9.9937E-05 0.0856529 9.9937E-05 0.0350164 9.9937E-05 0.107377 9.9937E-05 0.691688 9.9937E-05 0.0211689 9.9937E-05 0.00551075 0.0378028 9.9937E-05
0.0232355 9.99011E-05 0.0715828 9.99011E-05 9.99011E-05 9.99011E-05 9.99011E-05 0.138468 9.99011E-05 0.726501 9.99011E-05 9.99011E-05 9.99011E-05 9.99011E-05 9.99011E-05 0.0391132
9.9937E-05 0.02179 9.9937E-05 0.0184398 9.9937E-05 0.116137 9.9937E-05 0.0392795 9.9937E-05 0.630403 0.0753192 0.0759799 0.0089414 9.9937E-05 9.9937E-05 0.0130107
0.00236097 9.9937E-05 0.0733065 0.0518618 9.9937E-05 0.00521117 0.012664 9.9937E-05 9.9937E-05 0.791694 0.0343294 0.0185756 9.9937E-05 9.9937E-05 0.00929661 9.9937E-05
9.99011E-05 0.0121375 9.99011E-05 9.99011E-05 9.99011E-05 9.99011E-05 9.99011E-05 9.99011E-05 0.164258 0.800388 9.99011E-05 9.99011E-05 9.99011E-05 0.0125678 9.99011E-05 0.00954903
0.0382602 9.99011E-05 9.99011E-05 9.99011E-05 9.99011E-05 9.99011E-05 0.00772049 9.99011E-05 9.99011E-05 0.903625 9.99011E-05 9.99011E-05 0.0130754 0.0362201 9.99011E-05 9.99011E-05
9.98921E-05 9.98921E-05 9.98921E-05 9.98921E-05 0.0838685 9.98921E-05 0.0129391 9.98921E-05 9.98921E-05 0.899865 9.98921E-05 9.98921E-05 9.98921E-05 0.00212881 9.98921E-05 9.98921E-05
9.98921E-05 9.98921E-05 9.98921E-05 9.98921E-05 0.0362772 9.98921E-05 0.0673446 9.98921E-05 9.98921E-05 0.879551 9.98921E-05 9.98921E-05 9.98921E-05 9.98921E-05 9.98921E-05 0.0156287
0.00742247 9.9928E-05 9.9928E-05 0.0190056 0.0387474 0.0206154 0.0152495 9.9928E-05 9.9928E-05 0.859946 9.9928E-05 9.9928E-05 0.0181016 0.0201127 9.9928E-05 9.9928E-05
9.98649E-05 0.998502 9.98649E-05 9.98649E-05 9.98649E-05 9.98649E-05 9.98649E-05 9.98649E-05 9.98649E-05 9.98649E-05 9.98649E-05 9.98649E-05 9.98649E-05 9.98649E-05 9.98649E-05 9.98649E-05
9.991E-05 9.991E-05 9.991E-05 0.704032 9.991E-05 0.0846852 9.991E-05 0.0785278 0.121045 9.991E-05 9.991E-05 9.991E-05 9.991E-05 9.991E-05 0.00723349 0.00347718
9.9919E-05 0.00246733 9.9919E-05 0.752865 9.9919E-05 9.9919E-05 0.0742236 0.0880939 0.049525 0.029682 9.9919E-05 9.9919E-05 0.00224378 9.9919E-05 9.9919E-05 9.9919E-05
9.9883E-05 9.9883E-05 9.9883E-05 0.880494 0.0930469 9.9883E-05 9.9883E-05 9.9883E-05 9.9883E-05 9.9883E-05 9.9883E-05 9.9883E-05 9.9883E-05 0.0251604 9.9883E-05 9.9883E-05
9.98831E-05 0.02386 9.98831E-05 0.96329 9.98831E-05 9.98831E-05 9.98831E-05 9.98831E-05 9.98831E-05 9.98831E-05 9.98831E-05 9.98831E-05 0.0115519 9.98831E-05 9.98831E-05 9.98831E-05
9.9901E-05 9.9901E-05 9.9901E-05 0.947437 9.9901E-05 9.9901E-05 9.9901E-05 9.9901E-05 9.9901E-05 0.0130101 9.9901E-05 9.9901E-05 0.00965309 0.020582 0.0082191 9.9901E-05
0.0721509 0.0233363 9.9919E-05 0.749633 9.9919E-05 9.9919E-05 0.0286572 0.113674 9.9919E-05 9.9919E-05 9.9919E-05 0.00267924 9.9919E-05 9.9919E-05 0.00896971 9.9919E-05
9.98649E-05 0.998502 9.98649E-05 9.98649E-05 9.98649E-05 9.98649E-05 9.98649E-05 9.98649E-05 9.98649E-05 9.98649E-05 9.98649E-05 9.98649E-05 9.98649E-05 9.98649E-05 9.98649E-05 9.98649E-05
9.9928E-05 0.00366032 0.0527791 0.800802 9.9928E-05 0.0217402 0.0353133 9.9928E-05 9.9928E-05 9.9928E-05 9.9928E-05 0.0659128 0.0108814 0.00811121 9.9928E-05 9.9928E-05
0.0495574 9.9919E-05 9.9919E-05 0.704102 9.9919E-05 9.9919E-05 0.0545874 0.11948 0.0314498 9.9919E-05 9.9919E-05 0.00550272 9.9919E-05 9.9919E-05 9.9919E-05 0.0344209
9.9928E-05 0.0222857 0.0580256 0.758389 9.9928E-05 0.0370739 9.9928E-05 0.00620093 9.9928E-05 9.9928E-05 9.9928E-05 0.0788235 9.9928E-05 0.0149009 0.023501 9.9928E-05
9.9919E-05 0.0200861 0.0241058 0.720203 0.0612389 9.9919E-05 0.0496987 9.9919E-05 9.9919E-05 9.9919E-05 0.101026 9.9919E-05 9.9919E-05 0.0227427 9.9919E-05 9.9919E-05
9.9919E-05 0.064568 0.0541181 0.676308 0.0533976 9.9919E-05 9.9919E-05 9.9919E-05 9.9919E-05 0.0144961 0.110849 9.9919E-05 9.9919E-05 9.9919E-05 9.9919E-05 0.0253642
9.99279E-05 0.0303456 9.99279E-05 0.641847 9.99279E-05 0.0840085 9.99279E-05 9.99279E-05 0.0581731 9.99279E-05 0.0854211 9.99279E-05 0.0155875 9.99279E-05 0.037748 0.0460695
0.0166328 9.9928E-05 9.9928E-05 0.673725 9.9928E-05 0.101843 9.9928E-05 9.9928E-05 0.138858 9.9928E-05 9.9928E-05 9.9928E-05 0.0295643 0.00956884 0.0207069 0.008301
9.99189E-05 0.00419977 9.99189E-05 0.483299 9.99189E-05 0.278242 9.99189E-05 9.99189E-05 0.0998437 0.0207328 9.99189E-05 0.0720478 9.99189E-05 9.99189E-05 0.0407357 9.99189E-05
0.086369 9.9919E-05 9.9919E-05 0.709375 0.119308 9.9919E-05 0.0384496 9.9919E-05 9.9919E-05 9.9919E-05 9.9919E-05 9.9919E-05 0.00228199 0.0161085 0.0272089 9.9919E-05
9.9919E-05 9.9919E-05 0.0167945 9.9919E-05 0.527812 0.00347117 0.161267 0.180488 9.9919E-05 9.9919E-05 0.0953973 9.9919E-05 9.9919E-05 0.0138716 9.9919E-05 9.9919E-05
9.99099E-05 9.99099E-05 9.99099E-05 9.99099E-05 0.691381 0.230632 0.0105083 9.99099E-05 0.0236423 9.99099E-05 9.99099E-05 0.0388195 0.00401738 9.99099E-05 9.99099E-05 9.99099E-05
9.991E-05 9.991E-05 0.152301 9.991E-05 0.69996 9.991E-05 9.991E-05 9.991E-05 0.113725 9.991E-05 9.991E-05 9.991E-05 9.991E-05 0.0104234 0.0206703 0.00192095
0.0835446 9.991E-05 9.991E-05 0.0221117 0.783791 9.991E-05 9.991E-05 9.991E-05 0.0869842 9.991E-05 9.991E-05 9.991E-05 9.991E-05 0.0184652 0.00410378 9.991E-05
9.9937E-05 0.0161861 9.9937E-05 9.9937E-05 0.665387 9.9937E-05 0.0507352 0.14772 9.9937E-05 0.0202299 9.9937E-05 0.0389389 0.00829584 9.9937E-05 0.0267157 0.0250917
0.0906086 0.0126458 9.9919E-05 9.9919E-05 0.813689 9.9919E-05 9.9919E-05 9.9919E-05 0.0539658 9.9919E-05 9.9919E-05 0.0128066 0.00893876 9.9919E-05 0.0064465 9.9919E-05
9.99279E-05 9.99279E-05 9.99279E-05 9.99279E-05 0.410803 9.99279E-05 0.0212931 0.261279 0.217893 0.0238972 9.99279E-05 9.99279E-05 0.0142666 9.99279E-05 0.00548181 0.0442861
9.9946E-05 0.0102147 9.9946E-05 0.0255235 0.776726 0.0639644 0.03275 9.9946E-05 0.0192339 9.9946E-05 9.9946E-05 0.0434235 0.018056 9.9946E-05 0.000840547 0.00866801
9.9946E-05 9.9946E-05 0.0257499 0.0144308 0.490358 9.9946E-05 0.0406884 0.27505 9.9946E-05 0.0274764 0.0081106 0.0824015 0.0226701 9.9946E-05 9.9946E-05 0.0124653
0.0991045 9.9919E-05 9.9919E-05 9.9919E-05 0.778464 9.9919E-05 9.9919E-05 9.9919E-05 9.9919E-05 9.9919E-05 0.0820345 0.00158267 0.0132754 0.0114854 9.9919E-05 0.0131546
9.991E-05 9.991E-05 9.991E-05 9.991E-05 0.77486 0.0583633 9.991E-05 0.0215844 9.991E-05 9.991E-05 0.138352 9.991E-05 0.000514386 9.991E-05 0.00532586 9.991E-05
9.9919E-05 0.0460488 9.9919E-05 9.9919E-05 0.878885 9.9919E-05 0.0145533 9.9919E-05 9.9919E-05 0.0150992 9.9919E-05 9.9919E-05 0.0116172 0.0116872 9.9919E-05 0.0212099
0.0251634 9.9919E-05 9.9919E-05 9.9919E-05 0.491606 9.9919E-05 0.0147038 0.172364 0.278025 9.9919E-05 9.9919E-05 9.9919E-05 9.9919E-05 9.9919E-05 0.00935659 0.00788169
9.9919E-05 0.001242 0.02423 9.9919E-05 0.808671 0.105546 9.9919E-05 9.9919E-05 9.9919E-05 9.9919E-05 0.0449958 9.9919E-05 9.9919E-05 0.00937544 0.00504015 9.9919E-05
0.00628852 0.0142164 9.9937E-05 0.00511789 0.831615 9.9937E-05 0.0163134 9.9937E-05 9.9937E-05 9.9937E-05 9.9937E-05 0.0774559 9.9937E-05 0.00300416 0.0291239 0.0161656
9.99009E-05 9.99009E-05 9.99009E-05 9.99009E-05 0.720825 9.99009E-05 0.0183999 9.99009E-05 9.99009E-05 9.99009E-05 0.147041 9.99009E-05 0.0632334 9.99009E-05 9.99009E-05 0.049402
9.9928E-05 9.9928E-05 9.9928E-05 0.00439471 0.750241 0.0832519 0.0289566 0.0431299 9.9928E-05 0.0677793 9.9928E-05 9.9928E-05 9.9928E-05 0.0189284 0.00251838 9.9928E-05
0.091294 0.00880668 9.9937E-05 9.9937E-05 0.703512 9.9937E-05 0.0154185 9.9937E-05 0.022045 0.0204438 9.9937E-05 0.108077 0.0181078 0.0115955 9.9937E-05 9.9937E-05
9.9955E-05 9.9955E-05 0.105477 9.9955E-05 0.468998 0.0454864 0.0164227 0.222672 0.0888921 0.0119277 0.00252037 9.9955E-05 9.9955E-05 0.022606 0.0046523 0.00984592
9.9946E-05 0.0108611 0.0349137 0.0394024 0.731837 9.9946E-05 9.9946E-05 9.9946E-05 0.00586787 0.0589669 0.0432122 0.0377515 0.0353374 9.9946E-05 0.00124989 9.9946E-05
0.0278222 9.9955E-05 0.0960967 0.0557169 0.110029 0.457066 0.135542 0.0308307 0.0371794 9.9955E-05 9.9955E-05 9.9955E-05 9.9955E-05 0.00634638 0.0259983 0.0168718
9.98648E-05 9.98648E-05 9.98648E-05 9.98648E-05 9.98648E-05 9.98648E-05 9.98648E-05 9.98648E-05 9.98648E-05 9.98648E-05 9.98648E-05 9.98648E-05 9.98648E-05 9.98648E-05 0.998502 9.98648E-05
0.309116 0.0181225 0.0309134 9.9946E-05 9.9946E-05 0.30072 0.0723089 9.9946E-05 0.195545 9.9946E-05 9.9946E-05 9.9946E-05 0.0323782 0.0147906 0.00114757 0.0243578
0.346047 9.9937E-05 0.137873 9.9937E-05 0.0811072 0.34562 0.0232073 9.9937E-05 9.9937E-05 0.000244234 9.9937E-05 9.9937E-05 0.0268509 0.00378034 9.9937E-05 0.034571
0.612039 9.991E-05 0.0863344 9.991E-05 9.991E-05 0.229169 9.991E-05 9.991E-05 9.991E-05 9.991E-05 0.0196283 9.991E-05 9.991E-05 0.0258456 0.0259852 9.991E-05
0.856342 0.0127387 9.9928E-05 9.9928E-05 0.0205036 9.9928E-05 9.9928E-05 9.9928E-05 0.0285833 0.0220149 0.0293649 9.9928E-05 0.000510233 0.0291432 9.9928E-05 9.9928E-05
9.98649E-05 9.98649E-05 9.98649E-05 9.98649E-05 9.98649E-05 9.98649E-05 9.98649E-05 9.98649E-05 9.98649E-05 9.98649E-05 9.98649E-05 9.98649E-05 9.98649E-05 9.98649E-05 9.98649E-05 0.998502
9.98648E-05 9.98648E-05 9.98648E-05 9.98648E-05 9.98648E-05 9.98648E-05 9.98648E-05 9.98648E-05 9.98648E-05 9.98648E-05 9.98648E-05 9.98648E-05 9.98648E-05 9.98648E-05 0.998502 9.98648E-05
0.166616 9.99475E-05 0.0425054 9.99475E-05 9.99475E-05 0.508034 9.99475E-05 0.103243 9.99475E-05 0.0522147 0.0503767 9.99475E-05 0.000759974 0.0225677 0.0203335 0.0327495
0.645144 0.0236368 9.9955E-05 0.0715195 9.9955E-05 9.9955E-05 0.106022 0.0193323 0.0460305 0.018669 9.9955E-05 9.9955E-05 0.0232645 0.0190709 0.0135725 0.013238
0.599523 0.0117712 0.0588907 0.00819886 9.9946E-05 9.9946E-05 0.111523 9.9946E-05 0.0827102 9.9946E-05 9.9946E-05 9.9946E-05 0.0454224 0.0216453 0.0276831 0.0320331
0.635313 0.0214123 0.0775714 0.0498632 9.9955E-05 0.0243384 0.0755335 9.9955E-05 0.00817816 9.9955E-05 9.9955E-05 9.9955E-05 0.0426933 0.0210051 0.0282725 0.0153199
0.4482 0.0210855 9.9964E-05 0.0465664 9.9964E-05 0.120436 0.0452092 9.9964E-05 9.9964E-05 0.0189481 0.0140502 0.0587855 0.0303483 0.0299576 0.129829 0.0361845
0.805333 9.9937E-05 9.9937E-05 0.00781616 9.9937E-05 9.9937E-05 0.0633037 9.9937E-05 9.9937E-05 0.031919 9.9937E-05 0.0130146 0.00848151 0.02521 0.0369455 0.00727707
0.867693 0.00818039 0.0249334 0.01302 0.0302557 9.9928E-05 9.9928E-05 9.9928E-05 9.9928E-05 9.9928E-05 9.9928E-05 9.9928E-05 0.0020217 0.0236945 9.9928E-05 0.0294015
0.432506 0.0109073 0.0432421 0.0507711 0.024979 0.249264 0.0705019 9.9946E-05 9.9946E-05 9.9946E-05 9.9946E-05 9.9946E-05 0.0117565 9.9946E-05 0.0832174 0.0222556
0.113672 0.00917521 0.34962 9.9928E-05 9.9928E-05 0.415516 9.9928E-05 0.0199812 9.9928E-05 9.9928E-05 9.9928E-05 0.0525219 9.9928E-05 0.00650126 0.0322137 9.9928E-05
0.243442 0.0524901 0.202776 9.9955E-05 0.246759 0.0302642 0.102664 0.00141502 9.9955E-05 9.9955E-05 0.0187992 9.9955E-05 9.9955E-05 0.0361336 0.0210352 0.0437212
0.539343 9.9928E-05 9.9928E-05 9.9928E-05 0.216877 0.00177504 0.0767522 9.9928E-05 9.9928E-05 0.0490474 0.0744166 9.9928E-05 9.9928E-05 0.0281097 0.0128796 9.9928E-05
0.172193 9.9919E-05 9.9919E-05 9.9919E-05 0.470514 0.224024 0.0196625 9.9919E-05 9.9919E-05 0.0547589 9.9919E-05 9.9919E-05 9.9919E-05 0.0215207 0.036427 9.9919E-05
9.98649E-05 9.98649E-05 9.98649E-05 9.98649E-05 9.98649E-05 9.98649E-05 9.98649E-05 9.98649E-05 9.98649E-05 9.98649E-05 9.98649E-05 9.98649E-05 9.98649E-05 9.98649E-05 9.98649E-05 0.998502
0.315995 0.0303841 9.9955E-05 0.0373073 0.117768 0.16209 9.9955E-05 9.9955E-05 9.9955E-05 0.0624047 9.9955E-05 0.086393 0.0578826 0.0551943 0.0573723 0.0167099
0.44272 9.9937E-05 9.9937E-05 9.9937E-05 0.130918 0.239932 0.0310168 9.9937E-05 9.9937E-05 9.9937E-05 0.0208164 9.9937E-05 0.0142723 0.0372184 0.0356809 0.0467256
9.98649E-05 9.98649E-05 9.98649E-05 9.98649E-05 9.98649E-05 9.98649E-05 0.998502 9.98649E-05 9.98649E-05 9.98649E-05 9.98649E-05 9.98649E-05 9.98649E-05 9.98649E-05 9.98649E-05 9.98649E-05
0.352488 0.00149172 9.9955E-05 0.054576 9.9955E-05 0.341451 0.0747088 9.9955E-05 0.0356567 0.0358622 9.9955E-05 9.9955E-05 0.020656 0.0118375 0.0367233 0.0340487
0.656548 9.9928E-05 9.9928E-05 9.9928E-05 9.9928E-05 0.0910053 0.0492879 0.0611352 9.9928E-05 0.0711581 9.9928E-05 9.9928E-05 0.0187248 0.000489122 9.9928E-05 0.0508526
0.0896736 9.9937E-05 9.9937E-05 0.0482649 0.214714 0.296313 9.9937E-05 9.9937E-05 9.9937E-05 9.9937E-05 0.0772991 0.175172 0.0413413 0.0487635 0.00775858 9.9937E-05
9.9901E-05 9.9901E-05 9.9901E-05 9.9901E-05 0.0460465 9.9901E-05 9.9901E-05 9.9901E-05 0.900788 9.9901E-05 9.9901E-05 9.9901E-05 9.9901E-05 0.0156068 0.000979167 0.0354808
0.18267 9.9946E-05 0.116857 0.0305464 0.113222 0.195346 0.053384 9.9946E-05 0.139233 0.0176696 9.9946E-05 0.0651764 9.9946E-05 9.9946E-05 0.085296 9.9946E-05
9.98739E-05 9.98739E-05 9.98739E-05 9.98739E-05 9.98739E-05 9.98739E-05 0.99383 9.98739E-05 9.98739E-05 9.98739E-05 9.98739E-05 9.98739E-05 9.98739E-05 9.98739E-05 9.98739E-05 0.004772
9.9865E-05 9.9865E-05 9.9865E-05 9.9865E-05 9.9865E-05 9.9865E-05 0.998502 9.9865E-05 9.9865E-05 9.9865E-05 9.9865E-05 9.9865E-05 9.9865E-05 9.9865E-05 9.9865E-05 9.9865E-05
0.705981 9.9919E-05 0.012096 9.9919E-05 9.9919E-05 9.9919E-05 0.0412654 0.0874948 0.105695 9.9919E-05 9.9919E-05 9.9919E-05 0.0252657 9.9919E-05 0.0213022 9.9919E-05
9.98739E-05 9.98739E-05 9.98739E-05 9.98739E-05 9.98739E-05 0.882422 9.98739E-05 9.98739E-05 9.98739E-05 9.98739E-05 9.98739E-05 9.98739E-05 0.11618 9.98739E-05 9.98739E-05 9.98739E-05
0.270863 0.00886037 0.113794 9.9937E-05 0.134093 0.329135 9.9937E-05 9.9937E-05 9.9937E-05 9.9937E-05 9.9937E-05 9.9937E-05 0.0172233 0.0171982 0.00807907 0.100054
0.79767 0.0106825 9.99191E-05 9.99191E-05 0.0635391 0.0283584 9.99191E-05 9.99191E-05 0.0530046 9.99191E-05 9.99191E-05 9.99191E-05 0.00367029 9.99191E-05 9.99191E-05 0.0421756
0.1299 0.0612527 9.9937E-05 9.9937E-05 9.9937E-05 0.608047 0.0166179 0.0431194 9.9937E-05 0.0221338 9.9937E-05 0.0899923 0.0136276 9.9937E-05 0.0146106 9.9937E-05
9.9928E-05 9.9928E-05 9.9928E-05 0.0798713 9.9928E-05 0.745134 0.00934516 0.0446696 0.0747166 0.0194021 9.9928E-05 9.9928E-05 0.000385711 9.9928E-05 9.9928E-05 0.0256765
0.124557 9.9919E-05 9.9919E-05 0.00703949 9.9919E-05 0.679508 9.9919E-05 9.9919E-05 0.0842363 9.9919E-05 9.9919E-05 0.073612 9.9919E-05 0.00948161 9.9919E-05 0.0206667
0.0640145 0.000295545 0.139781 0.0390938 9.9946E-05 0.423536 0.0629001 9.9946E-05 0.0892118 0.065248 9.9946E-05 9.9946E-05 9.9946E-05 9.9946E-05 0.0732784 0.042041
0.180252 9.9937E-05 0.0919337 9.9937E-05 9.9937E-05 0.432032 9.9937E-05 9.9937E-05 0.00693567 0.00838545 0.17478 9.9937E-05 9.9937E-05 0.0606988 0.0198822 0.0244012
0.278257 9.9946E-05 0.0787146 9.9946E-05 0.0865941 0.352231 0.0803949 9.9946E-05 9.9946E-05 0.0199766 9.9946E-05 0.00102067 9.9946E-05 0.0412566 0.0385385 0.0224168
0.488504 9.9946E-05 0.215455 0.0386141 0.0266874 9.9946E-05 0.147852 9.9946E-05 9.9946E-05 0.0105045 9.9946E-05 9.9946E-05 0.00689988 0.0388855 0.0141247 0.0118726
0.488405 9.9937E-05 9.9937E-05 9.9937E-05 9.9937E-05 0.169046 0.0129458 0.126236 0.034087 0.00595583 9.9937E-05 9.9937E-05 0.0245285 0.0793677 0.0587278 9.9937E-05
0.460333 0.0212946 0.0643487 0.0235449 9.9928E-05 0.34324 9.9928E-05 0.0284392 0.0572516 9.9928E-05 9.9928E-05 9.9928E-05 0.000748416 9.9928E-05 9.9928E-05 9.9928E-05
0.42047 0.015916 9.9964E-05 9.9964E-05 0.0309349 0.137347 0.0063955 9.9964E-05 0.0990691 0.0267622 9.9964E-05 0.0479252 0.0819483 0.0275083 0.0741593 0.0311642
0.919137 0.0171347 9.991E-05 0.00636929 9.991E-05 0.0426339 9.991E-05 0.0124776 9.991E-05 9.991E-05 9.991E-05 9.991E-05 9.991E-05 9.991E-05 9.991E-05 0.00124885
9.98649E-05 9.98649E-05 9.98649E-05 9.98649E-05 9.98649E-05 9.98649E-05 9.98649E-05 9.98649E-05 9.98649E-05 9.98649E-05 9.98649E-05 9.98649E-05 0.998502 9.98649E-05 9.98649E-05 9.98649E-05
0.109611 0.00445239 0.133758 0.00621679 0.118575 0.386688 0.0627189 9.9982E-05 0.00795797 0.0491254 0.0282296 9.9982E-05 0.014869 0.0209602 0.0472087 0.00942867
0.344654 0.00581376 9.9928E-05 0.00256385 0.0195418 0.516247 0.0588367 0.00518729 9.9928E-05 9.9928E-05 9.9928E-05 9.9928E-05 9.9928E-05 9.9928E-05 9.9928E-05 0.0463562
0.557436 0.000616791 9.9937E-05 9.9937E-05 9.9937E-05 0.183487 0.0340573 0.0607476 9.9937E-05 0.0353031 0.0892617 9.9937E-05 0.0135059 9.9937E-05 9.9937E-05 0.0248847
0.828092 9.9892E-05 9.9892E-05 9.9892E-05 9.9892E-05 9.9892E-05 9.9892E-05 0.148942 0.000189217 9.9892E-05 9.9892E-05 0.0215775 9.9892E-05 9.9892E-05 9.9892E-05 9.9892E-05
0.324633 9.9946E-05 0.239667 9.9946E-05 0.0443455 0.259659 0.0308033 9.9946E-05 9.9946E-05 0.0091845 0.00245775 9.9946E-05 9.9946E-05 0.0429489 0.0332999 0.0124016
0.395998 0.0219302 0.0949663 0.0380742 9.9955E-05 0.204776 0.0853195 0.0645676 0.0126017 0.053145 9.9955E-05 9.9955E-05 9.9955E-05 0.0251164 9.9955E-05 0.0030047
9.98649E-05 9.98649E-05 9.98649E-05 9.98649E-05 9.98649E-05 9.98649E-05 9.98649E-05 9.98649E-05 9.98649E-05 9.98649E-05 9.98649E-05 9.98649E-05 9.98649E-05 0.998502 9.98649E-05 9.98649E-05
9.98649E-05 9.98649E-05 9.98649E-05 9.98649E-05 9.98649E-05 9.98649E-05 9.98649E-05 9.98649E-05 9.98649E-05 9.98649E-05 9.98649E-05 9.98649E-05 0.998502 9.98649E-05 9.98649E-05 9.98649E-05
9.98649E-05 9.98649E-05 9.98649E-05 9.98649E-05 9.98649E-05 9.98649E-05 9.98649E-05 9.98649E-05 9.98649E-05 9.98649E-05 9.98649E-05 9.98649E-05 9.98649E-05 0.998502 9.98649E-05 9.98649E-05
9.9919E-05 0.022647 9.9919E-05 9.9919E-05 9.9919E-05 0.853348 9.9919E-05 9.9919E-05 9.9919E-05 9.9919E-05 9.9919E-05 0.0261126 0.00381489 0.00426295 0.055047 0.0338687
0.211852 0.0320719 9.9955E-05 0.014354 9.9955E-05 0.485109 9.9955E-05 9.9955E-05 0.0789235 0.00759506 9.9955E-05 0.0284167 0.0272217 0.044285 0.0415454 0.0281259
9.9946E-05 0.00355029 0.110484 0.0186648 0.0338913 0.690068 9.9946E-05 9.9946E-05 9.9946E-05 9.9946E-05 0.0360235 9.9946E-05 0.0222862 0.0423498 0.0417729 0.000309728
0.694 0.0242904 9.9946E-05 9.9946E-05 0.0212007 0.126689 0.00967386 9.9946E-05 9.9946E-05 0.0510471 0.000126494 9.9946E-05 0.0119876 0.0478669 0.0125182 9.9946E-05
0.799191 0.0314025 9.9928E-05 0.0363492 0.0804103 9.9928E-05 0.0126512 9.9928E-05 9.9928E-05 9.9928E-05 0.000978933 9.9928E-05 0.0337257 9.9928E-05 0.00449204 9.9928E-05
9.98739E-05 9.98739E-05 9.98739E-05 9.98739E-05 9.98739E-05 0.933638 9.98739E-05 9.98739E-05 9.98739E-05 9.98739E-05 9.98739E-05 9.98739E-05 0.0649641 9.98739E-05 9.98739E-05 9.98739E-05
0.247979 9.9955E-05 9.9955E-05 0.0277672 0.0338177 0.345032 0.0358212 0.0389388 0.14028 0.0247866 9.9955E-05 9.9955E-05 0.0389589 0.0476448 0.0184732 9.9955E-05
9.9919E-05 0.014691 0.725059 9.9919E-05 9.9919E-05 0.153971 0.0283872 9.9919E-05 9.9919E-05 9.9919E-05 9.9919E-05 0.0172927 9.9919E-05 9.9919E-05 0.0589613 0.00073832
9.9901E-05 9.9901E-05 0.870381 9.9901E-05 9.9901E-05 9.9901E-05 0.0732612 9.9901E-05 0.0260077 9.9901E-05 9.9901E-05 9.9901E-05 0.00488712 9.9901E-05 9.9901E-05 0.0243645
9.9919E-05 0.0107387 0.887906 9.9919E-05 9.9919E-05 9.9919E-05 0.0438221 0.0197304 9.9919E-05 9.9919E-05 9.9919E-05 9.9919E-05 0.0179094 0.0121845 9.9919E-05 0.00680945
9.98831E-05 9.98831E-05 0.807868 9.98831E-05 9.98831E-05 0.187412 9.98831E-05 9.98831E-05 9.98831E-05 9.98831E-05 9.98831E-05 9.98831E-05 9.98831E-05 9.98831E-05 0.00342159 9.98831E-05
0.103515 0.00592979 0.674426 0.0213481 9.9919E-05 9.9919E-05 9.9919E-05 9.9919E-05 0.136809 9.9919E-05 9.9919E-05 9.9919E-05 0.0383141 0.0187588 9.9919E-05 9.9919E-05
9.991E-05 9.991E-05 0.870083 0.0183921 9.991E-05 9.991E-05 9.991E-05 9.991E-05 0.0099116 9.991E-05 9.991E-05 0.0870022 9.991E-05 9.991E-05 0.0118757 0.00173647
9.9883E-05 9.9883E-05 0.972948 9.9883E-05 9.9883E-05 9.9883E-05 9.9883E-05 9.9883E-05 9.9883E-05 9.9883E-05 0.0151977 9.9883E-05 0.0105557 9.9883E-05 9.9883E-05 9.9883E-05
9.9919E-05 9.9919E-05 0.810878 0.0244583 9.9919E-05 0.0980475 0.0168631 9.9919E-05 9.9919E-05 0.0336104 0.0101129 9.9919E-05 0.00513013 9.9919E-05 9.9919E-05 9.9919E-05
9.9901E-05 0.0156329 0.837819 9.9901E-05 9.9901E-05 9.9901E-05 9.9901E-05 0.125071 9.9901E-05 9.9901E-05 9.9901E-05 9.9901E-05 0.0119536 0.00842437 9.9901E-05 9.9901E-05
9.9937E-05 0.0680025 0.743164 9.9937E-05 0.0367163 0.0632728 9.9937E-05 9.9937E-05 9.9937E-05 9.9937E-05 0.0128174 9.9937E-05 0.0135978 0.00431467 0.0132058 0.0442094
0.103491 9.9919E-05 0.743041 0.0916987 0.0307959 0.00146971 9.9919E-05 9.9919E-05 9.9919E-05 9.9919E-05 9.9919E-05 9.9919E-05 0.00527284 0.0233321 9.9919E-05 9.9919E-05
9.9928E-05 9.9928E-05 0.0865957 0.00113942 9.9928E-05 9.9928E-05 9.9928E-05 9.9928E-05 9.9928E-05 0.0131619 0.0926197 0.764874 9.9928E-05 0.0313865 0.000856493 0.00856692
9.9919E-05 9.9919E-05 0.160094 9.9919E-05 9.9919E-05 9.9919E-05 0.0155909 0.0424545 0.110033 9.9919E-05 0.0342566 0.609034 0.0276377 9.9919E-05 9.9919E-05 9.9919E-05
9.99456E-05 0.0214462 9.99456E-05 0.00515095 0.0299979 9.99456E-05 0.102402 0.0011175 0.26101 9.99456E-05 9.99456E-05 0.562114 9.99456E-05 0.00372993 0.0123319 9.99456E-05
9.99201E-05 0.00402871 9.99201E-05 9.99201E-05 0.0794618 9.99201E-05 0.032752 0.114934 9.99201E-05 0.0185761 0.0605112 0.673636 9.99201E-05 0.0153009 9.99201E-05 9.99201E-05
9.9919E-05 0.0500779 9.9919E-05 9.9919E-05 0.033538 0.0744947 9.9919E-05 9.9919E-05 0.0815737 0.0125757 9.9919E-05 0.680075 9.9919E-05 9.9919E-05 9.9919E-05 0.0667655
0.00625344 0.0193117 0.0897103 9.9973E-05 9.9973E-05 0.0393535 9.9973E-05 0.0214791 0.0693586 0.0207682 0.078257 0.609712 0.00819746 0.00769944 0.0198904 0.00970915
9.9928E-05 9.9928E-05 9.9928E-05 0.0430205 0.0159028 9.9928E-05 9.9928E-05 0.100146 9.9928E-05 9.9928E-05 0.078484 0.693565 0.0608958 9.9928E-05 0.00614256 0.00104383
0.0667156 0.0202014 9.99011E-05 9.99011E-05 9.99011E-05 9.99011E-05 0.0596696 9.99011E-05 0.0342225 9.99011E-05 9.99011E-05 0.818092 9.99011E-05 9.99011E-05 9.99011E-05 9.99011E-05
9.994E-05 9.994E-05 9.994E-05 0.0110808 0.0151787 0.0681711 0.0650908 0.129286 0.0860631 9.994E-05 9.994E-05 0.509552 0.0118106 0.078289 0.024878 9.994E-05
9.9919E-05 9.9919E-05 0.0620623 9.9919E-05 0.133854 9.9919E-05 9.9919E-05 9.9919E-05 9.9919E-05 0.00131729 0.00972109 0.770484 0.0183697 9.9919E-05 9.9919E-05 0.00329242
9.9937E-05 0.013656 9.9937E-05 9.9937E-05 0.0667771 9.9937E-05 0.0428569 9.9937E-05 9.9937E-05 9.9937E-05 0.00516279 0.797438 0.00210564 0.00469935 0.0425152 0.0240899
9.9901E-05 0.001162 9.9901E-05 9.9901E-05 0.0646309 9.9901E-05 9.9901E-05 9.9901E-05 9.9901E-05 0.0306711 0.888249 9.9901E-05 9.9901E-05 9.9901E-05 0.0141883 9.9901E-05
0.0441299 0.015214 9.9973E-05 0.0274776 0.0171657 0.0356703 0.019437 0.0619065 0.0381589 0.0266767 0.317946 0.386347 9.9973E-05 0.00819404 0.00137667 9.9973E-05
0.0814387 9.9919E-05 0.0198018 9.9919E-05 0.052462 0.107746 9.9919E-05 9.9919E-05 0.477379 9.9919E-05 9.9919E-05 0.24519 9.9919E-05 9.9919E-05 0.0150835 9.9919E-05
9.9892E-05 9.9892E-05 9.9892E-05 0.0237261 9.9892E-05 9.9892E-05 9.9892E-05 9.9892E-05 0.933657 9.9892E-05 9.9892E-05 9.9892E-05 9.9892E-05 0.0115922 0.0298262 9.9892E-05
9.9919E-05 0.00433848 9.9919E-05 9.9919E-05 9.9919E-05 0.0799674 9.9919E-05 9.9919E-05 0.0905216 0.0572232 0.66127 0.0774706 9.9919E-05 9.9919E-05 0.0283094 9.9919E-05
9.9874E-05 9.9874E-05 9.9874E-05 9.9874E-05 9.9874E-05 9.9874E-05 9.9874E-05 9.9874E-05 9.9874E-05 9.9874E-05 0.982382 9.9874E-05 9.9874E-05 9.9874E-05 0.0162202 9.9874E-05
0.00515404 0.00494568 9.9892E-05 9.9892E-05 9.9892E-05 9.9892E-05 0.0250591 9.9892E-05 0.963643 9.9892E-05 9.9892E-05 9.9892E-05 9.9892E-05 9.9892E-05 9.9892E-05 9.9892E-05
9.9865E-05 9.9865E-05 9.9865E-05 9.9865E-05 9.9865E-05 9.9865E-05 9.9865E-05 9.9865E-05 9.9865E-05 9.9865E-05 0.998502 9.9865E-05 9.9865E-05 9.9865E-05 9.9865E-05 9.9865E-05
9.9892E-05 0.00949068 9.9892E-05 9.9892E-05 9.9892E-05 9.9892E-05 9.9892E-05 0.0279072 0.948792 9.9892E-05 9.9892E-05 9.9892E-05 9.9892E-05 9.9892E-05 9.9892E-05 0.0126115
9.9901E-05 9.9901E-05 9.9901E-05 0.0595914 9.9901E-05 0.0391709 9.9901E-05 9.9901E-05 0.889532 9.9901E-05 9.9901E-05 9.9901E-05 0.00901031 9.9901E-05 9.9901E-05 0.00159637
9.9874E-05 9.9874E-05 9.9874E-05 9.9874E-05 9.9874E-05 9.9874E-05 0.0065793 9.9874E-05 9.9874E-05 9.9874E-05 0.992022 9.9874E-05 9.9874E-05 9.9874E-05 9.9874E-05 9.9874E-05
9.9919E-05 9.9919E-05 0.048877 9.9919E-05 9.9919E-05 0.00602971 0.00166591 9.9919E-05 0.580697 9.9919E-05 9.9919E-05 0.345444 0.0159981 0.000389175 9.9919E-05 9.9919E-05
9.991E-05 9.991E-05 9.991E-05 9.991E-05 9.991E-05 0.134512 0.0239479 9.991E-05 9.991E-05 0.00929919 0.0726037 0.748133 9.991E-05 9.991E-05 0.0105054 9.991E-05
9.9919E-05 9.9919E-05 9.9919E-05 0.0544127 9.9919E-05 0.101073 9.9919E-05 9.9919E-05 0.121013 0.0145101 9.9919E-05 0.635739 0.0403586 9.9919E-05 0.0319949 9.9919E-05
9.9892E-05 9.9892E-05 9.9892E-05 0.0371337 9.9892E-05 0.236393 9.9892E-05 0.0442296 9.9892E-05 9.9892E-05 9.9892E-05 0.681045 9.9892E-05 9.9892E-05 9.9892E-05 9.9892E-05
9.99279E-05 0.0284942 9.99279E-05 9.99279E-05 9.99279E-05 0.0341416 0.0240683 0.0632878 0.00638843 0.00565173 9.99279E-05 0.778872 9.99279E-05 0.0582966 9.99279E-05 9.99279E-05
0.0400928 9.9928E-05 9.9928E-05 9.9928E-05 9.9928E-05 0.000755802 9.9928E-05 0.186635 0.289114 0.0236387 9.9928E-05 0.404373 9.9928E-05 9.9928E-05 0.0531147 0.00147654
9.991E-05 0.0230644 9.991E-05 9.991E-05 9.991E-05 9.991E-05 0.0697295 9.991E-05 0.855476 9.991E-05 9.991E-05 0.0359677 0.000403891 9.991E-05 0.0143595 9.991E-05
9.9928E-05 9.9928E-05 9.9928E-05 0.0440426 0.0808341 9.9928E-05 9.9928E-05 9.9928E-05 0.197942 9.9928E-05 9.9928E-05 0.617677 0.0355829 0.0129193 0.00910019 0.00110258
0.0198349 9.9928E-05 9.9928E-05 9.9928E-05 0.0233465 9.9928E-05 9.9928E-05 9.9928E-05 9.9928E-05 9.9928E-05 0.257587 0.638835 0.0299708 0.00659758 0.0189256 0.00410252
9.9946E-05 9.9946E-05 9.9946E-05 0.0478167 0.0973614 0.0457875 9.9946E-05 0.0823053 0.125801 0.0331531 0.0237184 0.514929 0.024623 0.00390502 9.9946E-05 9.9946E-05
9.9919E-05 9.9919E-05 0.0274459 0.0792531 0.0540818 9.9919E-05 0.0529244 9.9919E-05 0.327928 9.9919E-05 0.0878156 0.369652 9.9919E-05 9.9919E-05 9.9919E-05 9.9919E-05
9.9919E-05 9.9919E-05 9.9919E-05 0.048519 9.9919E-05 9.9919E-05 0.035542 9.9919E-05 9.9919E-05 9.9919E-05 0.432704 0.417823 0.0321569 0.00363102 0.0287248 9.9919E-05
0.0330625 0.0265072 9.9901E-05 9.9901E-05 9.9901E-05 0.0437392 9.9901E-05 9.9901E-05 9.9901E-05 9.9901E-05 9.9901E-05 0.895489 9.9901E-05 9.9901E-05 9.9901E-05 0.000102954
9.99011E-05 9.99011E-05 9.99011E-05 9.99011E-05 9.99011E-05 9.99011E-05 9.99011E-05 0.880976 9.99011E-05 9.99011E-05 9.99011E-05 0.0415167 9.99011E-05 0.0105064 0.0438253 0.0220766
9.9901E-05 9.9901E-05 9.9901E-05 0.00213231 9.9901E-05 0.147284 9.9901E-05 0.841367 9.9901E-05 9.9901E-05 9.9901E-05 0.00412256 0.00399512 9.9901E-05 9.9901E-05 9.9901E-05
9.9919E-05 9.9919E-05 9.9919E-05 9.9919E-05 9.9919E-05 0.115344 0.00132616 0.799609 9.9919E-05 0.0019929 0.066754 9.9919E-05 9.9919E-05 0.00977307 9.9919E-05 0.00430192
9.9901E-05 9.9901E-05 9.9901E-05 9.9901E-05 9.9901E-05 9.9901E-05 9.9901E-05 0.792772 0.131032 0.0243138 9.9901E-05 9.9901E-05 9.9901E-05 0.00994089 0.0408428 9.9901E-05
0.00267142 9.9901E-05 9.9901E-05 9.9901E-05 9.9901E-05 9.9901E-05 0.0324067 0.928137 9.9901E-05 0.0294185 9.9901E-05 9.9901E-05 0.00626791 9.9901E-05 9.9901E-05 9.9901E-05
9.9901E-05 9.9901E-05 9.9901E-05 9.9901E-05 9.9901E-05 9.9901E-05 9.9901E-05 0.826921 9.9901E-05 9.9901E-05 0.118463 9.9901E-05 0.0265432 0.0115232 9.9901E-05 0.0154514
9.98651E-05 9.98651E-05 9.98651E-05 9.98651E-05 9.98651E-05 9.98651E-05 9.98651E-05 0.998502 9.98651E-05 9.98651E-05 9.98651E-05 9.98651E-05 9.98651E-05 9.98651E-05 9.98651E-05 9.98651E-05
9.9892E-05 9.9892E-05 0.0305416 0.0769037 9.9892E-05 9.9892E-05 9.9892E-05 0.862106 9.9892E-05 0.0292501 9.9892E-05 9.9892E-05 9.9892E-05 9.9892E-05 9.9892E-05 9.9892E-05
