9.9964E-05 9.9964E-05 0.977116 9.9964E-05 0.00755146 0.0104878 9.9964E-05 0.00444489
0.0456705 0.0700156 0.733289 0.0965671 0.036198 9.9991E-05 0.0094925 0.00866771
0.0711499 9.9973E-05 0.782624 0.0685967 0.0159705 9.9973E-05 9.9973E-05 0.0613594
0.0631904 9.9982E-05 0.786019 0.0690011 0.0260516 9.9982E-05 0.0286552 0.026883
0.032759 0.0902868 0.808242 0.0554307 9.9973E-05 9.9973E-05 0.0129818 9.9973E-05
0.0565417 9.9955E-05 0.871097 9.9955E-05 9.9955E-05 9.9955E-05 0.0718612 9.9955E-05
0.0510358 9.9955E-05 0.868389 0.0800752 9.9955E-05 9.9955E-05 9.9955E-05 9.9955E-05
0.00430383 0.00898736 0.781749 0.0270266 9.9991E-05 0.0704093 0.0561644 0.0512592
0.166979 9.9973E-05 0.780382 0.024884 0.0260055 9.9973E-05 0.00144963 9.9973E-05
0.0142187 0.0358152 0.836998 9.9982E-05 9.9982E-05 0.061497 0.0223438 0.0289275
0.0570423 0.102556 0.793424 9.9973E-05 9.9973E-05 9.9973E-05 0.0070038 0.0396735
0.0127475 9.9973E-05 0.743978 9.9973E-05 0.0568638 9.9973E-05 0.0298643 0.156247
0.0180373 9.9982E-05 0.730137 0.158834 0.0649123 9.9982E-05 0.0085382 0.0193417
0.146637 0.0868438 0.679264 0.0225213 9.9982E-05 0.00269007 9.9982E-05 0.0618435
0.0512455 0.0963117 0.816636 9.9964E-05 9.9964E-05 9.9964E-05 9.9964E-05 0.0354066
0.0669107 9.9973E-05 0.844505 0.0604781 0.0197959 0.00801065 9.9973E-05 9.9973E-05
9.9946E-05 9.9946E-05 0.922361 9.9946E-05 9.9946E-05 9.9946E-05 0.077039 9.9946E-05
9.9946E-05 9.9946E-05 0.960834 9.9946E-05 9.9946E-05 0.0385663 9.9946E-05 9.9946E-05
9.9955E-05 9.9955E-05 0.952149 0.00688479 9.9955E-05 0.0404663 9.9955E-05 9.9955E-05
9.9964E-05 0.0560998 0.877236 9.9964E-05 9.9964E-05 9.9964E-05 0.0623711 0.00389341
9.994E-05 9.994E-05 9.994E-05 9.994E-05 9.994E-05 9.994E-05 9.994E-05 0.9993
0.0697943 0.155963 9.9973E-05 9.9973E-05 0.0389561 0.0514137 9.9973E-05 0.683573
0.0296316 9.9982E-05 0.062586 0.184564 9.9982E-05 0.12109 0.00033265 0.601596
9.9973E-05 0.0160372 9.9973E-05 0.0629037 9.9973E-05 0.0956417 0.0441492 0.780968
9.9955E-05 0.00706072 9.9955E-05 0.146006 9.9955E-05 9.9955E-05 9.9955E-05 0.846433
9.9964E-05 9.9964E-05 0.0206376 0.155565 9.9964E-05 9.9964E-05 0.00922541 0.814172
0.0611594 0.0918759 9.9964E-05 9.9964E-05 9.9964E-05 0.0769562 9.9964E-05 0.769609
9.994E-05 9.994E-05 9.994E-05 9.994E-05 9.994E-05 9.994E-05 9.994E-05 0.9993
0.0732472 0.0580948 9.9964E-05 0.138669 9.9964E-05 9.9964E-05 9.9964E-05 0.729589
0.0586843 0.0888454 0.00749105 0.126155 0.0351153 0.0340946 9.9991E-05 0.649514
0.124492 0.106598 9.9964E-05 0.0617069 9.9964E-05 9.9964E-05 9.9964E-05 0.706803
0.051711 9.9964E-05 9.9964E-05 0.154602 9.9964E-05 0.0992772 9.9964E-05 0.69401
0.00221105 9.9982E-05 0.0327882 0.152056 0.0353056 0.0565882 9.9982E-05 0.720851
0.137401 0.00377393 9.9982E-05 0.0419566 0.19935 9.9982E-05 0.0143704 0.602948
0.0160679 0.211433 0.0353523 0.223442 0.00762708 0.0306021 9.9991E-05 0.475376
0.177753 0.193116 0.0559225 0.0290664 0.104818 9.9982E-05 9.9982E-05 0.439125
0.0211369 0.170677 9.9982E-05 9.9982E-05 0.0346141 0.109286 0.000452647 0.663633
0.0218305 0.0932745 9.9991E-05 0.0329607 0.0651621 0.745088 0.0101304 0.0314535
0.0442557 0.109832 9.9973E-05 0.153847 9.9973E-05 0.66763 0.0241349 9.9973E-05
0.0643581 0.056765 0.0120328 9.9991E-05 0.0870058 0.716975 0.0463986 0.0163642
0.0534896 0.0724065 9.9973E-05 9.9973E-05 0.077875 0.765818 9.9973E-05 0.0301111
9.9982E-05 9.9982E-05 0.0216698 0.039981 0.083371 0.75163 0.0556167 0.0475317
0.042322 0.0265981 0.00269597 0.0207855 0.0744281 0.828731 0.00433886 9.9991E-05
0.135717 9.9982E-05 0.0354273 0.0817122 0.0579245 0.659508 0.0295111 9.9982E-05
0.0610437 0.126679 9.9973E-05 9.9973E-05 9.9973E-05 0.763438 0.008216 0.0403232
0.00206017 9.9973E-05 0.0662192 0.145416 9.9973E-05 0.743362 9.9973E-05 0.0426423
0.0733467 0.059928 9.9973E-05 9.9973E-05 0.0458188 0.787844 0.0327629 9.9973E-05
0.034562 9.9982E-05 9.9982E-05 0.0236549 0.0646799 0.876071 0.000727485 0.000104929
9.9964E-05 9.9964E-05 9.9964E-05 9.9964E-05 0.0580285 0.908752 0.0177763 0.0150435
0.0920328 0.0268462 0.0343713 9.9973E-05 0.0950321 0.751418 9.9973E-05 9.9973E-05
0.0138878 0.000227877 9.9982E-05 0.173081 0.0170015 0.770784 0.0248169 9.9982E-05
0.029214 0.00572479 9.9982E-05 9.9982E-05 0.0667049 0.808641 0.00933314 0.0801817
9.9964E-05 9.9964E-05 9.9964E-05 0.0563391 0.0343863 0.824829 0.0840458 9.9964E-05
9.9982E-05 0.157593 0.0355429 9.9982E-05 0.0279333 0.759644 0.00333171 0.0157548
0.0427844 9.9973E-05 9.9973E-05 0.0850328 0.0891679 0.782583 9.9973E-05 0.00013147
0.0538642 0.0726371 9.9982E-05 0.10262 9.9982E-05 0.722441 0.00870128 0.0395365
0.0818299 9.9982E-05 0.0499114 0.00285512 9.9982E-05 0.730779 0.0639656 0.0704586
0.0264062 0.485468 0.011783 0.185191 0.0906852 0.150026 0.0106753 0.0397656
9.994E-05 9.994E-05 9.994E-05 9.994E-05 0.9993 9.994E-05 9.994E-05 9.994E-05
0.0592508 0.796557 9.9991E-05 0.00263484 0.0276768 0.000336282 0.0595055 0.0539384
9.9982E-05 0.563825 0.0179498 0.191684 0.106096 0.0628955 0.0573498 9.9982E-05
9.9964E-05 0.58987 9.9964E-05 0.310357 0.0747891 9.9964E-05 0.0245849 9.9964E-05
9.9982E-05 0.68289 9.9982E-05 0.109717 0.0609305 0.0962754 0.0480614 0.0019258
9.994E-05 9.994E-05 9.994E-05 9.994E-05 0.9993 9.994E-05 9.994E-05 9.994E-05
9.994E-05 9.994E-05 9.994E-05 9.994E-05 0.9993 9.994E-05 9.994E-05 9.994E-05
0.0460065 0.616262 0.092382 0.097615 0.0742634 0.0200327 0.0533386 9.9991E-05
0.0443773 0.344771 0.0370484 0.198593 0.0899483 9.9991E-05 0.159408 0.125754
9.9982E-05 0.336334 0.0126002 0.324994 0.177898 9.9982E-05 0.14376 0.00421376
9.9973E-05 0.542754 9.9973E-05 0.194176 0.13997 9.9973E-05 0.0958809 0.0269186
9.9982E-05 0.350438 0.0706634 0.162834 0.233603 9.9982E-05 0.129423 0.0528384
9.9982E-05 0.65132 0.0320985 0.0744511 0.170775 0.011898 0.0592578 9.9982E-05
9.9973E-05 0.570011 9.9973E-05 0.165553 0.151024 0.043819 0.0692935 9.9973E-05
9.9973E-05 0.577407 9.9973E-05 0.172314 0.205927 9.9973E-05 0.0387602 0.00529288
0.0475436 0.41026 9.9991E-05 0.362118 0.0553926 0.0179878 0.0436246 0.0629732
9.9982E-05 0.339895 9.9982E-05 0.286737 0.0177123 0.307709 0.0393191 0.00842759
9.9982E-05 0.463324 0.0491152 0.109933 0.0652388 0.259736 0.0524533 9.9982E-05
9.9982E-05 0.364475 0.0785847 0.00206496 0.0797476 0.408479 0.0664491 9.9982E-05
9.994E-05 9.994E-05 9.994E-05 9.994E-05 0.9993 9.994E-05 9.994E-05 9.994E-05
0.00409496 0.281942 0.0533818 0.0437066 0.14555 0.179298 0.189634 0.102394
9.9973E-05 0.640029 9.9973E-05 0.0158079 0.115623 0.147264 0.080976 9.9973E-05
9.9991E-05 0.305959 0.0229103 0.4141 0.0475189 0.107823 0.0877063 0.0138828
0.00736895 0.65996 0.0312633 0.147347 0.057242 9.9991E-05 0.0787062 0.0180128
9.9973E-05 0.699906 0.0498497 9.9973E-05 0.134472 0.0597877 0.0556851 9.9973E-05
0.161402 0.285108 0.0400372 9.9991E-05 0.0161782 0.284651 0.160501 0.0520226
0.519612 0.242416 0.00966559 9.9973E-05 0.074526 0.153481 9.9973E-05 9.9973E-05
0.146438 0.2823 0.0220064 0.249938 0.0825151 0.195036 9.9991E-05 0.0216668
9.9982E-05 0.208935 0.00496695 0.483202 0.135688 0.109036 0.0579729 9.9982E-05
0.00365886 0.253677 9.9982E-05 0.530684 0.0643898 0.1293 0.0180898 9.9982E-05
0.0394353 0.523335 0.00342464 0.276472 0.0941682 0.0614892 0.00157534 9.9991E-05
9.9964E-05 0.713592 9.9964E-05 9.9964E-05 0.014917 9.9964E-05 0.214365 0.0567262
9.9982E-05 0.367811 0.00488898 0.238241 0.267504 0.0969616 0.0243939 9.9982E-05
0.0264635 0.575239 9.9991E-05 0.115275 0.113659 0.0856814 0.0699938 0.0135878
0.106148 0.651432 0.0767568 9.9982E-05 0.017717 9.9982E-05 0.0742294 0.0735163
0.0958683 0.640964 0.0256407 9.9982E-05 9.9982E-05 0.0613165 0.0757029 0.100307
0.0801022 0.705105 0.0243373 9.9982E-05 0.0759535 9.9982E-05 0.0338866 0.0804159
0.109936 0.564777 0.0670405 0.0416473 0.1505 9.9982E-05 9.9982E-05 0.0658991
0.196607 0.333248 0.0351438 0.122379 0.134338 0.0493033 0.128881 9.9991E-05
9.9982E-05 0.431053 0.0803276 0.178177 0.0801539 0.123023 0.107065 9.9982E-05
9.9964E-05 0.455542 9.9964E-05 0.425246 0.0383386 9.9964E-05 0.0804732 9.9964E-05
0.0416008 0.596034 0.0322171 0.0431607 0.0883063 0.0789256 0.119656 9.9991E-05
0.0478017 0.679386 0.0429665 0.100267 0.0412697 9.9991E-05 0.012047 0.076162
0.118571 0.218827 0.0501486 0.241005 0.207006 9.9982E-05 0.164242 9.9982E-05
0.0265199 0.874118 9.9973E-05 0.0409164 0.00548497 9.9973E-05 0.0526609 9.9973E-05
9.994E-05 9.994E-05 9.994E-05 9.994E-05 9.994E-05 9.994E-05 0.9993 9.994E-05
0.00675191 0.370723 0.0538937 0.253529 0.108234 0.0643706 0.140546 0.00195301
0.0135071 0.819916 0.00502873 0.0153234 0.100306 9.9982E-05 9.9982E-05 0.0457182
0.0644862 0.612233 0.0480728 9.9982E-05 0.116822 9.9982E-05 0.113286 0.0449003
0.0310502 0.724736 9.9973E-05 9.9973E-05 0.0668821 0.138081 0.0389511 9.9973E-05
9.9973E-05 0.730317 9.9973E-05 0.170034 0.0394533 0.0377882 0.0221083 9.9973E-05
9.9991E-05 0.539904 0.0273896 0.176372 0.049633 0.0086275 0.112448 0.0855259
9.9946E-05 9.9946E-05 9.9946E-05 9.9946E-05 9.9946E-05 0.0126632 0.986737 9.9946E-05
9.994E-05 9.994E-05 9.994E-05 9.994E-05 9.994E-05 9.994E-05 0.9993 9.994E-05
9.9955E-05 9.9955E-05 9.9955E-05 9.9955E-05 0.00836453 0.0121447 0.978991 9.9955E-05
0.0641037 0.793751 0.00155201 9.9973E-05 0.11131 9.9973E-05 0.0289836 9.9973E-05
0.0414515 0.583845 0.0347578 9.9982E-05 0.121008 9.9982E-05 0.107291 0.111448
9.9982E-05 0.544456 0.100693 0.133405 0.0363203 9.9982E-05 0.125925 0.0590007
9.9982E-05 0.594316 0.0628212 9.9982E-05 0.0114807 0.101646 0.200599 0.0289375
9.9982E-05 0.548934 9.9982E-05 0.0877932 0.136042 0.143212 0.0785732 0.00524597
9.9964E-05 0.791659 9.9964E-05 9.9964E-05 9.9964E-05 0.0348477 0.163899 0.00919504
0.0397231 0.641969 0.0568743 9.9991E-05 0.0196825 0.115002 0.103861 0.0227889
9.9946E-05 9.9946E-05 9.9946E-05 0.925805 0.0735953 9.9946E-05 9.9946E-05 9.9946E-05
9.9964E-05 9.9964E-05 9.9964E-05 0.921001 0.0104146 0.0202902 0.0478944 9.9964E-05
9.9955E-05 9.9955E-05 9.9955E-05 0.829253 9.9955E-05 9.9955E-05 0.0723112 0.0979356
9.9973E-05 0.061445 0.00213172 0.884901 0.0319544 9.9973E-05 9.9973E-05 0.019268
0.0548612 0.119684 0.00332985 0.635327 9.9982E-05 9.9982E-05 0.0812953 0.105303
0.119155 9.9973E-05 9.9973E-05 0.785728 0.0481144 9.9973E-05 0.0286852 0.0180171
0.0341921 9.9955E-05 0.0148211 0.950487 9.9955E-05 9.9955E-05 9.9955E-05 9.9955E-05
9.9955E-05 9.9955E-05 0.0471553 0.923118 9.9955E-05 9.9955E-05 9.9955E-05 0.0292265
0.0111679 9.9973E-05 9.9973E-05 0.825272 0.0173908 0.136439 0.0094302 9.9973E-05
9.9982E-05 9.9982E-05 0.0125367 0.73531 0.0575871 0.109892 0.0522266 0.0322478
9.9973E-05 0.0136668 9.9973E-05 0.809809 0.0166278 0.0710925 9.9973E-05 0.0885041
0.698121 9.9982E-05 0.0319253 0.105294 9.9982E-05 0.0437703 0.0737901 0.0468989
0.731322 9.9964E-05 9.9964E-05 0.164112 0.0207358 0.0834304 9.9964E-05 9.9964E-05
0.69916 9.9991E-05 0.0151414 0.0630833 0.0758818 0.0474273 0.00864089 0.0905654
0.724276 9.9991E-05 0.0253567 0.0270798 0.00111365 0.118153 0.0435794 0.0603424
0.71418 0.0655585 0.0614667 9.9982E-05 0.0110945 0.125833 9.9982E-05 0.0216678
0.68704 9.9982E-05 0.0293308 0.177183 0.0377876 9.9982E-05 0.0171238 0.0513352
0.668641 9.9973E-05 0.0271634 9.9973E-05 9.9973E-05 0.116223 0.102452 0.0852215
0.715991 0.0107584 9.9973E-05 0.165765 9.9973E-05 9.9973E-05 0.0203063 0.0868793
0.588915 0.0905089 0.0630172 0.0259694 9.9991E-05 0.0409808 0.149702 0.0408068
0.598969 9.9973E-05 0.0224057 0.119376 9.9973E-05 0.256686 9.9973E-05 0.00226363
0.711382 9.9982E-05 0.00451642 0.137702 0.0474369 0.0599136 9.9982E-05 0.0388495
0.758217 0.00468671 0.0394998 0.0546771 0.00523928 0.13748 9.9982E-05 9.9982E-05
0.611933 0.0536097 0.0674307 0.0153268 9.9991E-05 0.128879 0.0639188 0.0588012
0.469356 0.160673 0.0206955 0.235872 9.9973E-05 0.113104 9.9973E-05 9.9973E-05
0.715673 0.211566 0.0480671 9.9973E-05 0.00353362 9.9973E-05 9.9973E-05 0.0208597
0.790415 0.0796446 0.0813789 9.9964E-05 0.0481613 9.9964E-05 9.9964E-05 9.9964E-05
0.84041 0.0430372 9.9973E-05 9.9973E-05 0.014847 0.0202189 0.0811874 9.9973E-05
0.762284 0.0998883 0.059651 0.0719929 9.9973E-05 0.0058842 9.9973E-05 9.9973E-05
0.744139 0.000181538 0.0487859 9.9982E-05 9.9982E-05 0.0816679 0.0367348 0.0882908
0.726006 0.103157 0.0380749 9.9991E-05 0.0206672 0.0540217 0.00184141 0.0561321
0.751691 0.111445 0.0395537 9.9982E-05 0.055843 9.9982E-05 0.0157948 0.0254726
0.738511 9.9955E-05 9.9955E-05 0.204151 9.9955E-05 9.9955E-05 0.0568375 9.9955E-05
0.753461 9.9982E-05 0.0404305 0.0667008 0.0327154 0.00441506 0.102077 9.9982E-05
0.737912 0.100426 0.0309076 0.103598 9.9973E-05 0.0268571 9.9973E-05 9.9973E-05
0.713626 0.0844483 0.0447898 9.9982E-05 0.00848338 9.9982E-05 0.0692421 0.0792102
0.701945 0.0905169 0.07015 0.0872961 9.9991E-05 0.00441747 0.00242651 0.0431476
0.720316 0.0289558 0.0369287 9.9982E-05 0.105941 0.0620174 9.9982E-05 0.0456413
0.63068 9.9973E-05 0.0878041 9.9973E-05 0.146697 0.124023 0.0104949 9.9973E-05
0.629322 9.9991E-05 0.0486131 0.0928221 0.00146668 0.137241 0.0529586 0.0374771
0.725812 9.9973E-05 9.9973E-05 9.9973E-05 0.0919768 0.090966 0.0400421 0.0509033
0.726029 9.9973E-05 9.9973E-05 0.062615 0.00286108 0.122385 0.08581 9.9973E-05
0.601583 0.118885 0.0719292 9.9973E-05 9.9973E-05 0.13784 9.9973E-05 0.0694637
0.692691 0.000599982 9.9982E-05 0.0755956 0.0430764 0.093189 9.9982E-05 0.0946475
0.791521 9.9964E-05 9.9964E-05 0.01022 9.9964E-05 9.9964E-05 0.126969 0.0708901
0.745849 0.0811318 0.0429552 9.9982E-05 0.00318282 9.9982E-05 0.0435504 0.0831308
0.176684 9.9973E-05 0.0568662 9.9973E-05 0.0543641 0.672333 9.9973E-05 0.0394527
0.142789 0.0943692 0.0471398 9.9982E-05 0.03243 0.536133 9.9982E-05 0.146939
0.0707372 0.191115 0.0747405 9.9973E-05 9.9973E-05 0.550444 9.9973E-05 0.112663
0.140499 0.0542994 0.0943512 0.0201194 0.0217902 0.614525 9.9991E-05 0.0543164
0.0825786 0.0631061 0.0867276 0.0900527 9.9991E-05 0.637326 0.0101989 0.0299102
0.0910592 0.0397672 9.9982E-05 9.9982E-05 0.0511075 0.744056 0.00563822 0.0681722
0.035496 0.0197554 0.0119384 0.0950894 9.9982E-05 0.807446 9.9982E-05 0.0300751
9.9964E-05 9.9964E-05 0.0964091 0.139862 9.9964E-05 0.61686 9.9964E-05 0.146469
