9.9955E-05 0.00930948 9.9955E-05 9.9955E-05 9.9955E-05 0.0743297 0.915861 9.9955E-05
9.9982E-05 0.0194774 0.0408862 9.9982E-05 0.0165531 0.20125 0.694291 0.0273421
9.9964E-05 9.9964E-05 0.0311358 9.9964E-05 0.0456027 0.152314 0.770548 9.9964E-05
9.9973E-05 9.9973E-05 0.0655971 9.9973E-05 0.0519668 0.113984 0.746002 0.0221499
0.0514099 9.9982E-05 0.0221575 0.024154 0.0206985 0.0986135 0.782767 9.9982E-05
9.9964E-05 9.9964E-05 0.0904911 0.0340732 0.00588529 9.9964E-05 0.86915 9.9964E-05
0.0712732 9.9955E-05 0.0594923 9.9955E-05 9.9955E-05 9.9955E-05 0.868735 9.9955E-05
0.0586588 0.0115071 0.00972429 0.0487502 0.0224088 0.0087436 0.840107 9.9991E-05
0.0214298 9.9973E-05 0.0825945 9.9973E-05 9.9973E-05 0.0441738 0.815345 0.0361568
9.9973E-05 9.9973E-05 0.0900043 9.9973E-05 0.0289545 0.0080173 0.824728 0.0479955
9.9982E-05 9.9982E-05 0.0168376 0.0505569 0.0620242 0.0961969 0.769493 0.00469168
9.9973E-05 9.9973E-05 0.0291309 0.0247306 0.099813 0.157866 0.68816 9.9973E-05
0.10423 0.00185282 0.0404528 0.0390402 0.0438194 0.0164083 0.730536 0.0236599
9.9982E-05 0.0492809 0.072801 9.9982E-05 0.0639697 0.110199 0.671172 0.0323774
9.9955E-05 9.9955E-05 9.9955E-05 9.9955E-05 0.0324524 0.177407 0.789641 9.9955E-05
0.0117493 9.9964E-05 0.101891 9.9964E-05 9.9964E-05 9.9964E-05 0.867676 0.0182844
9.9955E-05 9.9955E-05 9.9955E-05 0.0550308 9.9955E-05 9.9955E-05 0.914352 0.0301174
9.9946E-05 9.9946E-05 9.9946E-05 0.0622919 9.9946E-05 9.9946E-05 0.937108 9.9946E-05
9.9955E-05 0.0163913 9.9955E-05 0.0608075 9.9955E-05 9.9955E-05 0.922301 9.9955E-05
9.9964E-05 9.9964E-05 9.9964E-05 0.0455647 0.0276465 9.9964E-05 0.905432 0.0209567
9.994E-05 9.994E-05 9.994E-05 9.994E-05 0.9993 9.994E-05 9.994E-05 9.994E-05
9.9964E-05 9.9964E-05 0.0853993 9.9964E-05 0.669599 0.235478 0.00912457 9.9964E-05
0.0454105 0.100237 0.0827136 9.9982E-05 0.627305 0.100725 0.0434094 9.9982E-05
9.9964E-05 0.149075 9.9964E-05 0.0285843 0.802535 9.9964E-05 9.9964E-05 0.0194061
0.170193 9.9946E-05 9.9946E-05 9.9946E-05 0.829208 9.9946E-05 9.9946E-05 9.9946E-05
0.204305 0.00869096 9.9964E-05 9.9964E-05 0.774287 9.9964E-05 0.0123166 9.9964E-05
0.0498594 0.0944559 9.9982E-05 0.0478364 0.75381 0.0430535 9.9982E-05 0.0107845
9.994E-05 9.994E-05 9.994E-05 9.994E-05 0.9993 9.994E-05 9.994E-05 9.994E-05
0.26857 9.9982E-05 0.0554521 0.0136761 0.654474 0.00256453 9.9982E-05 0.00506272
0.114198 0.0477306 0.1024 0.094069 0.605108 0.0142474 0.00095887 0.0212872
0.103178 9.9964E-05 0.0944845 9.9964E-05 0.659046 0.142892 9.9964E-05 9.9964E-05
0.172457 0.0769019 0.0964022 0.0598685 0.594071 9.9973E-05 9.9973E-05 9.9973E-05
0.263594 0.0446596 0.0124449 9.9973E-05 0.615925 9.9973E-05 0.0630766 9.9973E-05
0.0647942 9.9982E-05 0.11946 0.0160934 0.568085 0.222885 9.9982E-05 0.00848226
0.101937 9.9991E-05 0.102733 0.0662503 0.51445 0.154412 0.0312626 0.0288556
9.9973E-05 9.9973E-05 0.171429 0.01315 0.37978 0.398446 0.0368951 9.9973E-05
0.0101113 0.111692 0.0410127 0.133633 0.600308 0.0738953 9.9991E-05 0.0292481
0.00665816 0.696821 0.0460418 0.164691 0.0666706 0.0189177 9.9982E-05 9.9982E-05
0.0782773 0.712581 0.009419 0.129465 9.9973E-05 9.9973E-05 9.9973E-05 0.0699578
0.0535102 0.731764 0.0268424 0.111428 0.0345391 0.0345011 9.9991E-05 0.00731546
9.9973E-05 0.726532 0.0575032 0.132247 0.042401 0.0410167 9.9973E-05 9.9973E-05
0.0171573 0.739581 9.9991E-05 0.0940899 0.0159955 0.0897103 0.00778666 0.0355792
0.0782284 0.796566 9.9973E-05 0.082442 9.9973E-05 9.9973E-05 0.0187544 0.0237089
9.9982E-05 0.607065 0.180681 0.0479637 0.00704674 0.101351 0.0556926 9.9982E-05
9.999E-05 0.800999 0.0069833 0.0674659 0.0270681 0.0227269 0.00724817 0.0674089
0.0694341 0.673724 0.0717666 0.0127997 0.0851274 9.9991E-05 0.0533938 0.0336546
9.9973E-05 0.738125 0.0262074 0.223295 9.9973E-05 0.00298589 9.9973E-05 0.00908604
0.00860768 0.914175 9.9964E-05 0.0386192 9.9964E-05 0.0381988 9.9964E-05 9.9964E-05
9.9964E-05 0.879527 9.9964E-05 0.107955 0.00456126 9.9964E-05 0.00755756 9.9964E-05
9.9973E-05 0.770203 0.0652743 0.0733815 9.9973E-05 0.0729747 0.0178664 9.9973E-05
0.066599 0.836366 9.9973E-05 0.0839589 0.00526446 9.9973E-05 9.9973E-05 0.00751204
9.9955E-05 0.85411 9.9955E-05 0.0802934 0.0650968 9.9955E-05 9.9955E-05 9.9955E-05
9.9955E-05 0.788316 9.9955E-05 0.133438 9.9955E-05 9.9955E-05 9.9955E-05 0.0777466
9.9973E-05 0.765451 9.9973E-05 0.0583574 0.00201109 0.0928325 0.0810481 9.9973E-05
9.9982E-05 0.705072 0.0710741 0.186233 0.00307096 9.9982E-05 0.0318551 0.00249531
0.0679447 0.7496 0.0411028 0.0698066 0.0471539 9.9991E-05 0.0113276 0.0129647
0.0884481 0.736933 0.0290943 0.0357235 9.9982E-05 9.9982E-05 0.0547734 0.0548273
0.116014 0.099587 0.0789311 0.228584 0.0230239 0.41355 0.0198993 0.020411
9.994E-05 9.994E-05 9.994E-05 9.994E-05 9.994E-05 0.9993 9.994E-05 9.994E-05
0.158506 0.0238065 0.0125514 0.214442 9.9991E-05 0.433256 0.0434615 0.113876
0.184506 0.110206 9.9982E-05 0.223146 9.9982E-05 0.325901 0.0131254 0.142915
0.261281 0.00241075 9.9973E-05 0.218969 9.9973E-05 0.450879 9.9973E-05 0.0661592
0.205274 0.0916844 9.9982E-05 0.398945 0.0220456 0.190915 9.9982E-05 0.0909365
9.99459E-05 9.99459E-05 9.99459E-05 0.994863 0.00453776 9.99459E-05 9.99459E-05 9.99459E-05
9.99459E-05 9.99459E-05 9.99459E-05 9.99459E-05 9.99459E-05 0.995582 9.99459E-05 0.0038186
0.204714 0.0571927 0.0160082 0.209153 9.9991E-05 0.401783 0.0552971 0.0557525
0.0412139 0.0135205 9.9991E-05 0.502896 0.209363 0.160876 0.00293528 0.069095
0.283505 0.016136 9.9982E-05 0.364805 9.9982E-05 0.24742 0.0373807 0.0505532
0.160978 9.9973E-05 9.9973E-05 0.306553 0.126352 0.333673 9.9973E-05 0.0721439
0.0997757 9.9982E-05 9.9982E-05 0.26475 0.0677059 0.431039 0.038061 0.0984679
0.201787 9.9973E-05 9.9973E-05 0.390523 9.9973E-05 0.323258 0.0173178 0.0668134
0.270744 0.0538275 9.9982E-05 0.394132 9.9982E-05 0.183668 0.022647 0.0747825
0.208789 9.9973E-05 9.9973E-05 0.272244 0.0358702 0.392651 9.9973E-05 0.090147
0.41144 9.9982E-05 0.0174483 0.132871 0.0291382 0.373668 9.9982E-05 0.0352344
0.37825 0.21334 9.9982E-05 0.284472 0.0715576 0.0469041 9.9982E-05 0.00527626
0.0563056 0.210522 0.0321522 0.365081 0.00206744 0.28245 0.0446569 0.00676411
0.0354546 0.485421 9.9982E-05 0.17818 9.9982E-05 0.212312 0.0539118 0.0345211
9.994E-05 9.994E-05 9.994E-05 0.9993 9.994E-05 9.994E-05 9.994E-05 9.994E-05
0.0551947 0.207268 9.9991E-05 0.272942 0.0422656 0.299455 0.038979 0.0837953
0.163787 0.0998463 9.9973E-05 0.441416 9.9973E-05 0.175422 9.9973E-05 0.119229
0.154693 0.0927889 0.0276282 0.495224 0.0701591 0.0939785 0.0210343 0.0444931
0.257688 9.9982E-05 9.9982E-05 0.290472 0.0377417 0.2902 0.0612821 0.0624169
0.0649584 0.0525506 9.9982E-05 0.441093 9.9982E-05 0.290958 0.0583597 0.0918799
9.9991E-05 0.278814 0.190814 0.185321 0.0666235 0.171552 0.00039357 0.106382
9.9973E-05 0.232183 0.511502 0.0352857 9.9973E-05 0.21901 9.9973E-05 0.00171923
0.157144 0.201819 0.0681097 0.120249 9.9982E-05 0.413368 0.0391109 9.9982E-05
0.17806 0.0492725 0.0496043 0.514084 9.9991E-05 0.131519 0.0409686 0.0363912
0.219676 0.0863653 0.10596 0.48112 9.9991E-05 0.0914143 0.00067762 0.0146871
0.231198 0.0947759 9.9982E-05 0.0802643 0.0139816 0.490912 9.9982E-05 0.0886686
0.0092226 0.0334151 9.9973E-05 9.9973E-05 0.0287512 0.178034 9.9973E-05 0.750277
0.140528 0.121674 9.9982E-05 0.428108 0.0509401 0.194156 9.9982E-05 0.064393
0.216035 0.108696 9.9973E-05 0.382102 9.9973E-05 0.254369 9.9973E-05 0.0384972
9.9991E-05 0.00931464 0.0866746 0.0137024 0.0259344 0.78858 0.0330407 0.0426536
0.118103 0.0522833 0.0192269 0.228119 0.0837603 0.357235 0.0767663 0.0645057
0.061607 9.9973E-05 0.0617327 0.192334 9.9973E-05 0.680668 0.00335809 9.9973E-05
0.00587941 9.9991E-05 0.0376148 0.114118 0.0882623 0.605411 0.0884672 0.0601468
0.261068 0.0574613 0.0834545 0.18089 9.9991E-05 0.308894 0.0540738 0.0540592
0.132576 0.0969732 9.9982E-05 0.381646 9.9982E-05 0.265941 0.0740111 0.0486529
0.413836 0.063239 9.9973E-05 0.288972 9.9973E-05 0.222328 0.0113251 9.9973E-05
0.136676 0.0863626 9.9973E-05 0.30766 9.9973E-05 0.392042 9.9973E-05 0.0769589
0.0733666 0.00444851 0.018748 0.179673 0.0822155 0.603299 9.9991E-05 0.0381494
0.012791 9.9991E-05 0.083467 0.367275 0.0506874 0.31384 0.0269595 0.14488
0.279481 0.0366214 9.9982E-05 0.287329 0.00642231 0.304783 9.9982E-05 0.0851641
9.994E-05 9.994E-05 9.994E-05 9.994E-05 9.994E-05 9.994E-05 9.994E-05 0.9993
0.19697 0.00594268 0.0243085 0.269672 0.0271046 0.375155 0.0431928 0.0576545
0.0969095 9.9982E-05 9.9982E-05 0.431936 0.0316475 0.366846 0.0210063 0.0514539
0.0555883 9.9991E-05 0.0730659 0.292222 0.00534412 0.438869 0.0249805 0.10983
0.220017 0.109524 0.00615931 0.371088 9.9982E-05 0.223969 9.9982E-05 0.0690439
0.302189 0.0628529 9.9973E-05 0.292081 9.9973E-05 0.319044 0.0235327 9.9973E-05
0.300678 0.0203271 9.9991E-05 0.245166 0.0818216 0.265792 0.0710462 0.0150682
9.994E-05 9.994E-05 9.994E-05 0.9993 9.994E-05 9.994E-05 9.994E-05 9.994E-05
9.994E-05 9.994E-05 9.994E-05 9.994E-05 9.994E-05 9.994E-05 9.994E-05 0.9993
9.994E-05 9.994E-05 9.994E-05 0.9993 9.994E-05 9.994E-05 9.994E-05 9.994E-05
9.9973E-05 9.9973E-05 0.0248317 0.136641 9.9973E-05 0.723825 0.0358679 0.0785354
9.99834E-05 9.99834E-05 0.0811654 0.369996 0.115268 0.341857 0.025436 0.0660772
0.13529 9.9991E-05 0.0338888 0.215753 0.0190701 0.452597 0.0512266 0.0920743
0.0984189 0.0526334 9.9991E-05 0.382067 0.0406207 0.319046 0.0260803 0.0810337
0.278072 0.0767504 9.9982E-05 0.379678 9.9982E-05 0.120072 0.0565048 0.0887227
9.9964E-05 0.0378219 9.9964E-05 9.9964E-05 0.0176087 0.285355 9.9964E-05 0.658814
9.9991E-05 0.044723 0.0491254 0.192716 0.0643197 0.488021 0.0568727 0.104122
0.750875 9.9955E-05 0.0243547 9.9955E-05 9.9955E-05 0.22427 9.9955E-05 9.9955E-05
0.910799 0.00175919 0.00973479 0.0497818 9.9973E-05 0.0276249 9.9973E-05 9.9973E-05
0.821001 9.9964E-05 9.9964E-05 0.0583563 0.0672361 9.9964E-05 9.9964E-05 0.0530065
0.735764 9.9955E-05 9.9955E-05 9.9955E-05 0.0778245 0.185912 9.9955E-05 9.9955E-05
0.744027 9.9982E-05 0.0547052 0.0637016 0.0891479 0.0302395 9.9982E-05 0.0179787
0.791637 9.9964E-05 0.0851871 9.9964E-05 0.0573694 9.9964E-05 9.9964E-05 0.0654068
0.939096 0.010148 0.0216024 9.9973E-05 9.9973E-05 9.9973E-05 0.0163374 0.0125165
0.872756 9.9964E-05 9.9964E-05 9.9964E-05 9.9964E-05 0.0511641 0.0701901 0.00548965
0.824418 0.113234 0.0290334 9.99788E-05 9.99788E-05 9.99788E-05 0.0155163 0.017498
0.741019 0.0537876 9.9991E-05 0.0389255 0.0163387 0.0855387 0.0385159 0.0257744
0.887558 0.000751426 9.9973E-05 0.0386781 0.0648645 9.9973E-05 9.9973E-05 0.00784761
0.170219 0.0140438 0.707235 0.0372148 0.0514071 9.9982E-05 9.9982E-05 0.0196801
0.195186 0.100075 0.678626 9.9964E-05 9.9964E-05 9.9964E-05 9.9964E-05 0.0257133
0.0433628 0.0471971 0.707351 0.0552124 0.0458079 0.0736655 0.0273031 9.9991E-05
0.0182907 0.164873 0.713277 9.9973E-05 0.0635617 9.9973E-05 0.0396981 9.9973E-05
9.99759E-05 0.0545266 0.755685 0.0870555 9.99759E-05 0.0628396 0.0395934 9.99759E-05
0.188676 0.0474672 0.655843 9.9991E-05 0.0163971 0.0200829 0.0563119 0.0151224
9.9964E-05 0.153929 0.74354 9.9964E-05 0.011287 9.9964E-05 9.9964E-05 0.0908443
0.0513202 9.9973E-05 0.730713 0.0887535 0.0902252 9.9973E-05 9.9973E-05 0.0386878
0.0374585 0.0922878 0.507193 0.0757093 0.0280154 0.234264 0.0206662 0.00440598
0.224252 0.198154 0.577094 9.9955E-05 9.9955E-05 9.9955E-05 9.9955E-05 9.9955E-05
0.117858 0.0600177 0.734275 0.0427743 0.0318384 9.9982E-05 0.0130359 9.9982E-05
9.9964E-05 0.140567 0.711437 9.9964E-05 9.9964E-05 0.143461 0.00413382 9.9964E-05
0.0103621 0.0420079 0.63437 0.0126649 0.0678041 0.18935 0.0433414 9.9991E-05
0.110798 0.148373 0.488402 9.9973E-05 9.9973E-05 0.220367 9.9973E-05 0.0317602
0.00888481 9.9991E-05 0.660617 0.00485152 0.0600832 0.199977 0.0448433 0.0206434
9.9964E-05 9.9964E-05 0.682763 9.9964E-05 9.9964E-05 0.235901 0.0573191 0.0236172
0.137832 0.0278674 0.766464 9.9964E-05 9.9964E-05 0.0674373 9.9964E-05 9.9964E-05
0.0517145 9.9964E-05 0.721807 9.9964E-05 9.9964E-05 0.169694 0.056385 9.9964E-05
9.9982E-05 0.0429239 0.792842 0.0296074 0.0487335 9.9982E-05 0.0389263 0.0467665
9.9991E-05 0.00739972 0.74078 0.0267903 0.0193291 0.175469 0.0205891 0.00954277
9.9982E-05 0.0254398 0.655192 9.9982E-05 0.0308282 0.170072 0.0786317 0.0396357
0.131421 9.9973E-05 0.679721 0.122598 0.047087 9.9973E-05 9.9973E-05 0.0188735
0.0132577 0.0395449 0.710596 0.0172798 0.00483921 0.179044 9.9991E-05 0.0353379
0.0445018 9.9991E-05 0.713714 0.0960947 0.0175209 0.0941635 0.0197047 0.0142008
9.9973E-05 9.9973E-05 0.674489 9.9973E-05 0.101401 0.0903232 0.0219783 0.111508
0.0593998 0.0112938 0.680017 9.9982E-05 0.0511148 0.189603 0.00837237 9.9982E-05
9.9982E-05 0.0720891 0.663905 0.0133187 0.0542926 0.189491 9.9982E-05 0.00670373
9.9964E-05 0.0788628 0.572657 9.9964E-05 9.9964E-05 0.289424 0.0586565 9.9964E-05
0.0912463 9.9964E-05 0.705191 9.9964E-05 9.9964E-05 0.189752 0.0134108 9.9964E-05
0.0269658 0.0420716 0.719426 9.9982E-05 0.0972722 0.0583913 9.9982E-05 0.0556734
0.0688772 0.0669532 0.803995 9.9973E-05 0.00204466 9.9973E-05 9.9973E-05 0.0578299
0.0892418 0.122696 0.619683 0.0135176 0.0158382 0.0478663 0.0640641 0.0270923
0.0641327 0.0557586 0.668004 0.0239175 0.083998 0.095969 9.9991E-05 0.00812061
0.0415075 9.9991E-05 0.796983 0.029293 0.00212198 0.0723758 0.0104787 0.0471405
9.9973E-05 9.9973E-05 0.761014 0.101641 0.0452648 0.0374201 0.05436 9.9973E-05
9.9973E-05 0.663886 0.11937 9.9973E-05 0.0414809 0.169589 0.00537432 9.9973E-05
9.9973E-05 0.518657 0.16051 9.9973E-05 0.0898338 0.186255 9.9973E-05 0.0444447
0.007609 0.555094 0.0244309 9.9991E-05 0.112272 0.190701 0.0916672 0.018125
9.9982E-05 0.524236 0.140201 9.9982E-05 0.0240533 0.225179 0.0511995 0.0349315
9.9982E-05 0.618984 0.05985 9.9982E-05 0.0475027 0.183321 0.0761969 0.0139463
9.9973E-05 0.665804 0.116348 0.0829631 0.100557 9.9973E-05 9.9973E-05 0.0340285
0.000874293 0.83056 0.0226312 9.9982E-05 0.0407554 0.0989474 9.9982E-05 0.00603195
0.0967424 0.564184 0.0624249 9.9982E-05 0.120491 0.0664993 0.0894578 9.9982E-05
