9.9946E-05 9.9946E-05 9.9946E-05 9.9946E-05 9.9946E-05 9.9946E-05 0.0661015 0.933299
9.999E-05 0.0329 0.0319479 0.0108523 0.107795 0.00165932 0.0914842 0.723261
0.0846128 9.9955E-05 9.9955E-05 9.9955E-05 9.9955E-05 9.9955E-05 0.102989 0.811899
0.0223313 0.0437724 0.0493567 0.0555765 9.9982E-05 0.0296156 9.9982E-05 0.799148
9.9982E-05 0.0969974 0.0252502 0.0394482 0.0221574 0.0370927 9.9982E-05 0.778854
0.0438016 9.9964E-05 0.0236479 0.0435466 9.9964E-05 9.9964E-05 9.9964E-05 0.888604
9.9955E-05 0.0662849 9.9955E-05 0.0471249 9.9955E-05 9.9955E-05 9.9955E-05 0.886091
9.9982E-05 9.9982E-05 0.0247962 0.0231084 0.0452738 0.0616028 0.0211787 0.82384
9.9973E-05 0.0815927 9.9973E-05 0.111157 9.9973E-05 0.00327744 0.0491224 0.75455
0.0812872 9.9982E-05 0.0051451 0.0338473 9.9982E-05 0.0268316 0.0384426 0.814246
0.0241104 9.9973E-05 0.00214737 0.0403199 9.9973E-05 9.9973E-05 0.184781 0.748341
0.0825734 9.9973E-05 9.9973E-05 0.0236091 0.0269201 9.9973E-05 0.118346 0.748252
9.9955E-05 0.198502 0.014041 9.9955E-05 9.9955E-05 9.9955E-05 9.9955E-05 0.786957
0.119299 0.000907348 0.00748338 0.0850615 0.00814391 0.0154788 0.00244706 0.761179
0.0560484 9.9973E-05 9.9973E-05 0.0627939 9.9973E-05 0.00515102 0.0823398 0.793367
9.9955E-05 9.9955E-05 0.0262378 0.0860536 9.9955E-05 9.9955E-05 9.9955E-05 0.887209
9.9946E-05 9.9946E-05 0.0365694 9.9946E-05 9.9946E-05 9.9946E-05 9.9946E-05 0.962831
9.9946E-05 9.9946E-05 9.9946E-05 9.9946E-05 0.0587647 9.9946E-05 9.9946E-05 0.940636
9.9946E-05 9.9946E-05 9.9946E-05 9.9946E-05 0.0412463 9.9946E-05 9.9946E-05 0.958154
0.0368853 9.9964E-05 0.0273133 9.9964E-05 9.9964E-05 0.042721 9.9964E-05 0.892681
0.9993 9.994E-05 9.994E-05 9.994E-05 9.994E-05 9.994E-05 9.994E-05 9.994E-05
0.652619 9.9964E-05 9.9964E-05 0.0161024 0.0719294 9.9964E-05 0.258949 9.9964E-05
0.674361 0.0227956 9.9991E-05 0.0249793 0.176477 0.0274709 0.0375972 0.0362194
0.742274 0.0392086 0.00766472 0.0220051 0.0971199 0.0915277 9.9982E-05 9.9982E-05
0.885034 9.9964E-05 9.9964E-05 9.9964E-05 9.9964E-05 0.0629889 0.0429894 0.00858781
0.80801 0.08727 0.0203325 0.0152839 9.9991E-05 0.00334891 0.037237 0.0284175
0.693261 0.201948 9.9955E-05 9.9955E-05 0.104291 9.9955E-05 9.9955E-05 9.9955E-05
0.9993 9.994E-05 9.994E-05 9.994E-05 9.994E-05 9.994E-05 9.994E-05 9.994E-05
0.753108 0.152793 9.9964E-05 0.0439749 9.9964E-05 0.0497238 9.9964E-05 9.9964E-05
0.662249 0.0586612 0.0759308 0.0231053 0.0693698 0.0183133 0.0808879 0.0114828
0.662728 9.9964E-05 9.9964E-05 0.162275 9.9964E-05 0.00175767 0.17284 9.9964E-05
0.658354 0.20341 0.0250646 0.00742647 0.105445 9.9973E-05 9.9973E-05 9.9973E-05
0.696291 0.095149 0.038058 9.9991E-05 0.107582 0.0147691 0.0180748 0.0299761
0.570324 9.9982E-05 0.0683943 0.124698 0.00150284 0.0235151 0.211366 9.9982E-05
0.587459 0.1159 0.00815288 0.0700705 9.9991E-05 0.0618526 0.123382 0.0330822
0.370672 9.99729E-05 0.0307301 0.219753 9.99729E-05 9.99729E-05 0.348758 0.0297867
0.561417 0.111266 0.0234827 0.0715919 0.104767 0.0102356 0.11714 9.9991E-05
0.0849352 0.187848 0.0110011 9.9973E-05 0.703677 0.0122393 9.9973E-05 9.9973E-05
9.9973E-05 0.168328 0.0664094 0.0397385 0.670329 0.0548954 9.9973E-05 9.9973E-05
0.0627488 9.9991E-05 0.0901107 0.02093 0.718962 0.0259102 0.0732435 0.00799478
0.0418202 0.0182222 0.038901 9.9973E-05 0.794262 9.9973E-05 0.106495 9.9973E-05
0.00943612 9.9973E-05 9.9973E-05 9.9973E-05 0.74346 0.043071 0.150935 0.0527976
9.9964E-05 0.13151 0.0398105 9.9964E-05 0.800079 9.9964E-05 9.9964E-05 0.0282003
0.0141206 0.00228883 0.0807679 0.147484 0.62756 0.0352498 9.9991E-05 0.0924283
9.9982E-05 0.015557 0.0312481 0.0136274 0.803339 0.0400102 0.0960186 9.9982E-05
9.9973E-05 0.145714 9.9973E-05 0.0490544 0.717382 0.0500632 9.9973E-05 0.037487
0.0140254 0.0144351 0.169607 0.022817 0.74193 0.0369852 9.9982E-05 9.9982E-05
0.0210655 0.0314555 0.0140464 9.9991E-05 0.852385 0.0285394 0.0180967 0.0343115
0.0345056 9.9973E-05 0.0747414 9.9973E-05 0.862651 0.0212878 9.9973E-05 0.00651472
9.9955E-05 9.9955E-05 9.9955E-05 0.0156404 0.818384 9.9955E-05 0.165476 9.9955E-05
9.9973E-05 9.9973E-05 0.0871232 0.036827 0.795492 0.031935 0.048323 9.9973E-05
0.0781478 9.9973E-05 0.0696717 0.071415 0.773149 9.9973E-05 0.00731712 9.9973E-05
9.9964E-05 9.9964E-05 0.0516522 9.9964E-05 0.844952 0.0945473 9.9964E-05 0.00844839
0.0208102 9.9982E-05 0.00343607 9.9982E-05 0.745687 0.00682576 0.126026 0.0970156
0.00827542 0.0768223 0.130689 9.9973E-05 0.744124 9.9973E-05 9.9973E-05 0.0397898
0.0558002 0.0604794 0.0339162 0.0267619 0.688635 9.9991E-05 0.12156 0.0127468
0.0159313 0.0181375 9.9982E-05 0.0863923 0.776117 0.0881424 9.9982E-05 0.0150799
0.0212416 0.358074 0.0627905 0.0637702 0.0882144 0.0104105 0.379232 0.0162666
9.994E-05 9.994E-05 9.994E-05 9.994E-05 9.994E-05 9.994E-05 0.9993 9.994E-05
9.99804E-05 0.369778 0.0558807 9.99804E-05 0.0565505 0.129832 0.387659 9.99804E-05
9.9982E-05 0.47926 0.0751761 9.9982E-05 0.0261048 0.116674 0.288271 0.0143143
9.9964E-05 0.403478 0.0366487 9.9964E-05 9.9964E-05 0.0578728 0.5016 9.9964E-05
9.9982E-05 0.325639 0.143095 9.9982E-05 0.121966 0.0347502 0.364485 0.00986441
0.000669963 9.9964E-05 0.984932 9.9964E-05 9.9964E-05 0.00538372 9.9964E-05 0.00861407
9.99459E-05 9.99459E-05 9.99459E-05 9.99459E-05 9.99459E-05 0.00430727 0.995093 9.99459E-05
9.9991E-05 0.215806 0.107765 0.0336894 0.0334498 0.0682621 0.479077 0.0618506
0.101241 0.286386 0.264915 0.000482494 0.0670595 0.0754309 0.129824 0.0746606
0.0096283 0.362852 0.158355 9.9991E-05 0.0302493 0.0769261 0.341245 0.0206439
0.0240723 0.336321 0.131505 9.9973E-05 9.9973E-05 0.04337 0.464433 9.9973E-05
0.0592519 0.115492 0.101787 9.9982E-05 9.9982E-05 0.0877452 0.584031 0.0514927
9.9973E-05 0.255368 0.0882558 9.9973E-05 9.9973E-05 0.0295716 0.620139 0.00636603
9.9973E-05 0.390042 0.112051 9.9973E-05 0.0331551 0.0554891 0.408963 9.9973E-05
9.9964E-05 0.354935 0.050431 9.9964E-05 9.9964E-05 0.0851873 0.509047 9.9964E-05
0.0194752 0.382325 0.0295941 0.0838285 0.0472999 0.0731581 0.36422 9.9991E-05
0.0570649 0.522134 0.16977 9.9982E-05 0.207191 0.0127683 0.0308726 9.9982E-05
9.9991E-05 0.234889 0.0944106 0.014719 0.239983 0.0392102 0.340087 0.0366012
9.9982E-05 0.0326205 0.07404 9.9982E-05 0.443789 0.0298558 0.364618 0.0548772
9.9946E-05 9.9946E-05 0.966133 9.9946E-05 9.9946E-05 0.0332668 9.9946E-05 9.9946E-05
0.0539161 0.0593166 0.0936057 0.0357992 0.163759 0.113832 0.420636 0.0591354
9.9973E-05 0.305935 0.219848 9.9973E-05 0.0936031 0.0487989 0.331515 9.9973E-05
0.0502358 0.772472 0.0570969 9.9991E-05 0.0196702 0.0260037 0.0317174 0.0427045
0.0109103 0.332639 0.0890459 0.00676441 0.00511827 0.0330716 0.49719 0.0252607
9.9982E-05 0.150225 0.131067 9.9982E-05 0.0857658 0.0969467 0.440398 0.0953965
0.0959056 9.9991E-05 0.0461746 0.213368 0.23734 0.138966 0.228883 0.0392643
9.9973E-05 9.9973E-05 0.126926 0.514324 0.224484 0.00560217 0.128364 9.9973E-05
0.0381974 0.36391 9.9973E-05 0.0432881 0.21574 9.9973E-05 0.338564 9.9973E-05
9.9973E-05 0.759287 0.0847037 9.9973E-05 9.9973E-05 0.0263437 0.0576072 0.0717585
9.9973E-05 0.822625 0.0945714 0.0238222 0.0499972 9.9973E-05 9.9973E-05 0.00868457
9.9973E-05 0.396429 0.00844724 9.9973E-05 0.113121 0.0716267 0.410076 9.9973E-05
0.0580881 9.9964E-05 9.9964E-05 9.9964E-05 9.9964E-05 0.729992 0.209719 0.00180135
9.9982E-05 0.296974 0.221091 9.9982E-05 0.0721255 0.0631386 0.281723 0.0647484
9.9982E-05 0.318739 0.156804 0.00553268 0.0796373 0.0231409 0.415946 9.9982E-05
0.0747874 0.0554985 0.00345448 0.120371 9.9991E-05 0.0722751 0.619329 0.0541844
0.148248 0.172852 0.0905459 9.9991E-05 0.103099 0.0566986 0.378026 0.0504304
0.00497008 0.217161 0.106189 0.094544 9.9991E-05 0.0246013 0.524762 0.0276717
0.0680174 0.131034 0.00944716 0.0611204 9.9991E-05 0.0356549 0.60541 0.0892164
0.00974617 0.215271 0.133315 0.0852014 0.0624778 0.0807132 0.381705 0.0315701
9.9982E-05 0.391686 0.156762 9.9982E-05 0.0928852 0.0563739 0.226771 0.0753218
9.9973E-05 0.636362 0.0645818 9.9973E-05 0.0189419 0.0119953 0.267819 9.9973E-05
9.9973E-05 0.228635 0.157156 9.9973E-05 0.0533995 0.00676845 0.553741 9.9973E-05
0.054154 0.347167 0.0576181 0.00113219 0.0319335 0.0719462 0.433385 0.00266379
9.9982E-05 0.267408 0.148212 0.0609634 9.9982E-05 0.117158 0.388435 0.0176233
9.9973E-05 0.428476 0.0499397 0.00315042 9.9973E-05 0.0541211 0.464013 9.9973E-05
9.994E-05 9.994E-05 9.994E-05 9.994E-05 9.994E-05 0.9993 9.994E-05 9.994E-05
0.0532162 0.263266 0.0964198 0.0417662 0.0180004 0.138972 0.365531 0.0228283
0.0106989 0.315624 0.171138 9.9991E-05 0.0368541 0.104086 0.319994 0.0415043
9.9991E-05 0.339363 0.105651 0.0362746 0.0506688 0.0789975 0.367523 0.0214225
9.9973E-05 0.351742 0.099686 9.9973E-05 0.136877 0.0602973 0.351098 9.9973E-05
9.9973E-05 0.428528 0.0756963 9.9973E-05 0.0816528 9.9973E-05 0.365108 0.0487148
0.108808 0.414185 0.0641271 9.9982E-05 9.9982E-05 0.049571 0.310047 0.0530624
9.994E-05 9.994E-05 0.9993 9.994E-05 9.994E-05 9.994E-05 9.994E-05 9.994E-05
9.994E-05 9.994E-05 9.994E-05 9.994E-05 9.994E-05 0.9993 9.994E-05 9.994E-05
9.994E-05 9.994E-05 0.9993 9.994E-05 9.994E-05 9.994E-05 9.994E-05 9.994E-05
9.9991E-05 0.0125431 0.100366 0.0120187 0.0558065 0.0570261 0.753541 0.00859842
0.139872 0.10804 0.196217 9.9982E-05 0.0852223 0.0751238 0.395325 9.9982E-05
0.0595848 0.294948 0.0942588 9.9982E-05 9.9982E-05 0.1201 0.370041 0.060867
9.9973E-05 0.243013 0.0909462 9.9973E-05 0.0801479 0.100227 0.485366 9.9973E-05
0.00823501 0.363477 0.0744243 9.9991E-05 0.0653338 0.072602 0.37166 0.0441677
0.0267697 9.9982E-05 9.9982E-05 0.0101316 0.00953328 0.641139 0.292679 0.0195473
9.9991E-05 0.228917 0.0303294 0.0505538 0.0535016 0.0835766 0.485626 0.0673959
0.0640601 0.646353 9.9964E-05 0.0825495 9.9964E-05 9.9964E-05 0.206637 9.9964E-05
9.9955E-05 0.866589 0.0409125 0.0919991 9.9955E-05 9.9955E-05 9.9955E-05 9.9955E-05
0.121537 0.775851 0.0308127 9.9973E-05 0.011172 0.0603275 9.9973E-05 9.9973E-05
0.0832407 0.730733 0.00418156 0.0609746 9.9991E-05 0.0252049 0.0487359 0.0468293
0.142543 0.582262 0.0606458 0.0784218 0.0128721 0.0589011 0.063674 0.000680449
0.117504 0.658211 9.9973E-05 0.122367 9.9973E-05 0.0796851 0.021934 9.9973E-05
0.0535939 0.878711 9.9973E-05 0.0506166 9.9973E-05 0.007357 9.9973E-05 0.00942147
0.127299 0.796358 9.9973E-05 9.9973E-05 9.9973E-05 0.0168017 0.00589348 0.0533485
0.0771486 0.758104 9.9973E-05 0.103709 0.0212106 0.0395271 9.9973E-05 9.9973E-05
0.0619894 0.742832 0.0324955 0.0826432 9.9982E-05 0.0664031 0.013437 9.9982E-05
0.0724516 0.64676 0.00769653 0.0593098 0.0196307 0.0142512 0.1798 9.9991E-05
0.0260327 0.179945 9.9982E-05 0.717843 0.0611432 0.0122366 9.9982E-05 0.0025989
9.9964E-05 0.179846 9.9964E-05 0.738613 0.0196793 0.0614626 9.9964E-05 9.9964E-05
0.0685567 0.0635756 0.0626868 0.696601 0.0829555 9.9982E-05 9.9982E-05 0.0254239
0.00717293 0.0698343 9.9982E-05 0.723108 0.0789502 9.9982E-05 0.0304886 0.0902461
0.00216438 0.0207199 0.091331 0.706995 0.132135 9.9991E-05 0.00506881 0.0414864
0.0528705 0.00175788 0.0314595 0.737741 9.9991E-05 0.0200902 0.13046 0.0255206
0.0329325 9.9973E-05 9.9973E-05 0.702215 0.19583 0.0618527 9.9973E-05 0.00686957
0.0932835 0.185396 9.9964E-05 0.706902 9.9964E-05 0.0140184 9.9964E-05 9.9964E-05
0.0962678 0.0808531 0.120741 0.563378 0.00585034 0.0371334 0.021957 0.0738194
9.9955E-05 0.12091 9.9955E-05 0.721837 0.156753 9.9955E-05 9.9955E-05 9.9955E-05
0.0763566 9.9973E-05 0.0729939 0.718246 0.120763 9.9973E-05 9.9973E-05 0.0113405
9.9973E-05 0.0137661 9.9973E-05 0.720521 0.141414 9.9973E-05 0.0980996 0.0258993
0.00556045 0.155833 9.9982E-05 0.611216 0.143259 9.9982E-05 0.0765924 0.00733844
9.9982E-05 0.0848213 0.0141578 0.498319 0.206065 0.024695 0.171743 9.9982E-05
0.0296142 9.9973E-05 0.0463513 0.732251 9.9973E-05 9.9973E-05 0.139994 0.0514896
9.9964E-05 9.9964E-05 9.9964E-05 0.695125 9.9964E-05 0.00696227 0.244397 0.0531159
9.9955E-05 9.9955E-05 9.9955E-05 0.803014 0.0233879 9.9955E-05 0.173099 9.9955E-05
0.0404609 0.100172 9.9973E-05 0.657286 9.9973E-05 9.9973E-05 0.108888 0.0928929
0.108445 9.9973E-05 0.0553998 0.715891 0.0781893 9.9973E-05 9.9973E-05 0.0417747
0.0394569 9.9982E-05 0.0230238 0.702547 0.0597061 9.9982E-05 0.160002 0.0150637
0.0885239 9.9991E-05 0.0956353 0.632434 0.0241013 0.0200025 0.0863193 0.0528835
0.0695318 0.0636134 0.0738457 0.722605 0.0266002 0.0436038 9.9982E-05 9.9982E-05
0.0263183 0.0609738 0.0760412 0.760995 9.9982E-05 0.0360697 0.0394017 9.9982E-05
0.0472843 0.129268 0.03779 0.744142 9.9991E-05 0.00912182 0.00548476 0.0268093
0.0543856 9.9973E-05 9.9973E-05 0.707176 9.9973E-05 0.0992341 0.120829 0.0180752
0.0332216 0.163849 9.9991E-05 0.687374 0.0298598 0.00845833 0.0727636 0.00437308
0.0656164 9.9991E-05 0.0138063 0.727697 0.0137687 0.010532 0.153612 0.0148668
0.0185857 9.9982E-05 0.0391211 0.659685 0.102872 0.0125762 0.16696 9.9982E-05
0.00717202 0.109254 0.0186418 0.685976 0.0937978 0.0116889 0.0708876 0.00258101
0.0574959 9.9982E-05 0.0351392 0.718489 0.103407 0.0333686 0.0519005 9.9982E-05
9.9973E-05 0.0248354 0.0503496 0.751937 0.132506 9.9973E-05 0.0400723 9.9973E-05
9.9982E-05 0.0487744 0.0475389 0.71933 0.0753141 9.9982E-05 0.071349 0.0374942
0.0584723 0.190997 9.9964E-05 0.633971 0.116159 9.9964E-05 9.9964E-05 9.9964E-05
0.0494331 0.0729277 0.0375879 0.751466 9.9973E-05 0.0882852 9.9973E-05 9.9973E-05
0.0774641 0.0176469 0.0796538 0.775147 9.9982E-05 0.0352264 9.9982E-05 0.0146613
0.0448317 0.00728697 0.0435368 0.188117 0.589864 9.9991E-05 0.109768 0.0164954
0.0798979 9.9982E-05 9.9982E-05 0.082043 0.6007 0.0347534 0.170999 0.0314063
0.0314947 9.9982E-05 0.037534 0.0508818 0.556211 9.9982E-05 0.213061 0.110617
0.0696205 0.0263776 9.9991E-05 0.128033 0.50849 0.0333956 0.157239 0.0767446
0.148992 9.9982E-05 9.9982E-05 0.0537431 0.521653 0.0010351 0.196611 0.0777667
0.132051 0.0607763 0.0354598 0.0883621 0.683051 9.9973E-05 9.9973E-05 9.9973E-05
0.0533097 9.9982E-05 9.9982E-05 0.00370432 0.780487 0.01377 0.14835 0.000179635
0.144182 0.139965 9.9982E-05 0.0524175 0.517302 9.9982E-05 0.0713874 0.0745464
