9.9955E-05 9.9955E-05 9.9955E-05 0.00781093 9.9955E-05 0.0480684 9.9955E-05 0.943621
0.00626025 0.113771 0.0570583 9.9973E-05 9.9973E-05 0.140225 9.9973E-05 0.682385
9.9964E-05 0.0290519 9.9964E-05 9.9964E-05 9.9964E-05 0.117183 0.0978598 0.755505
0.00341652 0.00716166 0.0237069 9.9982E-05 9.9982E-05 0.107276 0.0469723 0.811267
0.00975035 0.0310125 0.0115399 9.9991E-05 0.0327735 0.044055 0.0331704 0.837598
0.0147344 9.9964E-05 9.9964E-05 9.9964E-05 0.0338512 0.116935 9.9964E-05 0.83408
9.9946E-05 9.9946E-05 0.102266 9.9946E-05 9.9946E-05 9.9946E-05 9.9946E-05 0.897134
0.0621006 0.0172152 0.0163 9.9982E-05 0.0269393 0.0487211 9.9982E-05 0.828524
9.9964E-05 0.0299981 0.0873576 9.9964E-05 9.9964E-05 0.136616 9.9964E-05 0.745628
0.0154635 9.9964E-05 9.9964E-05 9.9964E-05 9.9964E-05 0.123695 0.0577779 0.802664
9.9964E-05 0.0934768 9.9964E-05 9.9964E-05 0.0547355 0.114568 9.9964E-05 0.73682
9.9955E-05 9.9955E-05 9.9955E-05 9.9955E-05 9.9955E-05 0.195535 0.125862 0.678103
0.0156008 0.0241672 0.052457 0.0310502 0.0769353 9.9991E-05 0.016871 0.782819
9.9982E-05 0.0346036 0.0875267 9.9982E-05 0.0113788 0.14265 0.0356106 0.68803
9.9973E-05 0.0511222 0.00617229 9.9973E-05 9.9973E-05 0.0350696 0.0633641 0.843972
9.9955E-05 9.9955E-05 0.120781 9.9955E-05 0.0321258 9.9955E-05 9.9955E-05 0.846594
0.00580987 9.9955E-05 9.9955E-05 9.9955E-05 0.0421163 9.9955E-05 9.9955E-05 0.951574
9.9955E-05 0.00281458 9.9955E-05 0.0424198 9.9955E-05 9.9955E-05 9.9955E-05 0.954266
0.0102873 9.9964E-05 9.9964E-05 0.0302494 0.02393 9.9964E-05 9.9964E-05 0.935133
0.0493902 9.9973E-05 9.9973E-05 0.010103 0.0111057 9.9973E-05 0.0304093 0.898692
9.994E-05 9.994E-05 9.994E-05 9.994E-05 9.994E-05 9.994E-05 0.9993 9.994E-05
9.9946E-05 9.9946E-05 9.9946E-05 9.9946E-05 9.9946E-05 0.42713 0.572271 9.9946E-05
0.00954531 9.9982E-05 9.9982E-05 0.0716835 0.012827 0.256734 0.639193 0.00981678
0.0287607 9.9982E-05 0.0726905 0.0805875 0.0134441 0.0435445 0.760773 9.9982E-05
0.00929016 0.0257313 0.030161 0.00694137 9.9982E-05 0.0848971 0.842779 9.9982E-05
9.9982E-05 0.076083 0.0435069 0.00127747 0.0128048 9.9982E-05 0.864266 0.00186188
9.9964E-05 0.0310981 9.9964E-05 0.0990371 9.9964E-05 0.178551 0.690914 9.9964E-05
9.994E-05 9.994E-05 9.994E-05 9.994E-05 9.994E-05 9.994E-05 0.9993 9.994E-05
0.0357416 0.0549989 0.207451 9.9964E-05 9.9964E-05 9.9964E-05 0.701408 9.9964E-05
0.00967794 0.0583784 9.9982E-05 0.0772168 0.0602634 0.206089 0.588175 9.9982E-05
0.013448 0.0454431 0.0941282 0.00647169 9.9982E-05 0.129123 0.711186 9.9982E-05
9.9973E-05 0.0793154 0.152769 0.0913709 0.011346 9.9973E-05 0.664899 9.9973E-05
9.9973E-05 0.0334249 0.123862 0.0807444 9.9973E-05 9.9973E-05 0.711459 0.0502093
0.0167402 0.0770289 9.9973E-05 9.9973E-05 0.0431986 0.283912 0.578821 9.9973E-05
0.0541347 0.161542 0.0736841 0.0119635 0.0442006 0.0576156 0.563731 0.033129
9.99572E-05 0.205701 9.99572E-05 9.99572E-05 9.99572E-05 0.441342 0.352456 9.99572E-05
0.0532376 0.129734 0.0756836 0.159921 9.9982E-05 9.9982E-05 0.57533 0.00589422
0.00545545 0.119416 0.0464543 0.77313 9.9973E-05 9.9973E-05 0.0552439 9.9973E-05
0.00532741 0.117132 0.0756415 0.681761 0.0862116 0.0337261 9.9982E-05 9.9982E-05
0.00148566 0.0286692 9.9991E-05 0.748228 0.0446378 0.139791 0.00459755 0.0324907
9.999E-05 0.135347 0.125453 0.697808 0.00884209 0.00913778 0.011274 0.0120392
0.0343913 0.038891 0.0373419 0.782488 0.0831189 9.9991E-05 0.00171228 0.0219569
9.9982E-05 0.0659254 0.000317701 0.751412 0.0374218 0.115003 0.0297201 9.9982E-05
0.00136578 9.9991E-05 0.0234221 0.660155 0.0416869 0.204544 0.00220415 0.0665228
0.0315982 0.0639779 0.0648625 0.705441 9.9991E-05 0.0309202 0.0776664 0.025434
0.0546796 9.9964E-05 0.213094 0.654168 9.9964E-05 9.9964E-05 9.9964E-05 0.077658
0.0341223 0.0363115 0.0544858 0.818458 0.0563228 9.9973E-05 9.9973E-05 9.9973E-05
0.0148119 9.9982E-05 0.0125943 0.800284 0.026816 0.105053 9.9982E-05 0.0402412
9.9964E-05 9.9964E-05 0.0312521 0.888692 0.0708648 9.9964E-05 9.9964E-05 0.00879111
0.0156778 0.0247218 9.9973E-05 0.773745 0.00496601 0.180589 9.9973E-05 9.9973E-05
9.9982E-05 0.0037929 0.0586322 0.831804 0.0710528 0.0217144 9.9982E-05 0.0128039
9.9964E-05 9.9964E-05 0.107656 0.803804 0.0391352 9.9964E-05 0.0490051 9.9964E-05
0.0936836 9.9973E-05 0.0629529 0.771535 0.0366757 9.9973E-05 0.0348529 9.9973E-05
9.9982E-05 0.0289817 9.9982E-05 0.791305 0.0277969 0.0953139 0.0194945 0.0369077
9.9982E-05 0.0248961 0.111985 0.711202 0.10838 0.0232594 9.9982E-05 0.0200772
0.0038689 0.0104258 9.9991E-05 0.691068 0.0580346 0.180566 0.0491896 0.00674777
0.0467153 9.9973E-05 0.116384 0.725908 9.9973E-05 9.9973E-05 0.0166982 0.0939946
0.0498529 0.654736 0.0699276 0.0775474 0.0108288 0.11588 9.9991E-05 0.0211279
0.063921 0.80212 9.9964E-05 9.9964E-05 9.9964E-05 0.0857424 9.9964E-05 0.0478163
0.142747 0.477577 9.9973E-05 9.9973E-05 0.0900494 0.266612 0.0227152 9.9973E-05
0.16481 0.50737 9.9982E-05 0.0450724 0.0664242 0.18201 9.9982E-05 0.0341137
0.106555 0.676445 0.0390544 9.9973E-05 0.112212 0.0654334 9.9973E-05 9.9973E-05
0.118275 0.572725 0.0281752 0.124959 0.1221 9.9982E-05 9.9982E-05 0.0335657
0.0315356 9.9955E-05 9.9955E-05 9.9955E-05 0.967852 0.000113065 9.9955E-05 9.9955E-05
0.104384 0.769265 0.0288622 0.0536657 0.0435237 9.9973E-05 9.9973E-05 9.9973E-05
0.114274 0.416725 9.9973E-05 9.9973E-05 0.114452 0.310396 9.9973E-05 0.0438531
0.0739959 0.327484 9.9991E-05 0.0252388 0.206068 0.124255 0.183267 0.059591
0.115074 0.546859 0.0422817 0.021715 0.211918 0.0172835 0.0269309 0.0179381
0.124179 0.579658 9.9982E-05 0.00830958 0.119017 9.9982E-05 0.159685 0.00895184
0.162915 0.536282 0.0982749 9.9982E-05 0.120701 9.9982E-05 0.0188573 0.0627689
0.0978977 0.674462 0.0288726 0.020858 0.129057 9.9991E-05 0.0345138 0.0142383
0.100294 0.695126 0.069374 0.0326849 0.102222 9.9973E-05 9.9973E-05 9.9973E-05
0.153234 0.628202 0.113896 0.0160851 0.0337595 9.9991E-05 0.032838 0.0218851
0.103658 0.606224 0.096913 0.0188692 9.9991E-05 0.126368 0.0439619 0.00390496
0.0435008 0.445151 0.0598416 0.322497 0.108674 9.9982E-05 0.0201367 9.9982E-05
0.0788182 0.365438 0.03629 0.291402 0.125834 9.9991E-05 0.0388234 0.0632936
0.0657055 0.299282 9.9982E-05 0.505778 0.0703155 0.00972926 9.9982E-05 0.0489889
0.0466343 9.9946E-05 9.9946E-05 9.9946E-05 0.952766 9.9946E-05 9.9946E-05 9.9946E-05
0.110307 0.358535 0.00104466 0.215911 0.118116 9.9991E-05 0.135848 0.0601383
0.108993 0.483731 0.107199 0.116744 0.183033 9.9973E-05 9.9973E-05 9.9973E-05
0.111625 0.455812 0.0846855 0.0791107 0.0925007 9.9991E-05 0.077907 0.0982596
0.106781 0.594504 0.0564971 0.00583004 0.105795 0.0860791 9.9991E-05 0.0444131
0.109611 0.494695 0.0329833 0.100049 0.174137 9.9982E-05 9.9982E-05 0.0883253
0.137908 0.138935 0.261648 0.216234 0.0846304 0.0490949 0.0831534 0.0283963
9.9982E-05 0.0430795 0.286439 0.210941 0.0526556 0.404193 9.9982E-05 0.00249163
0.0528879 0.451702 0.166414 0.22775 9.9991E-05 0.0239395 0.0431423 0.0340643
0.0994137 0.52721 0.137268 0.0620046 0.158104 9.9982E-05 9.9982E-05 0.0158001
0.0443361 0.514717 0.225395 0.119779 0.0908206 9.9982E-05 9.9982E-05 0.00475238
0.12443 0.552258 0.140667 0.126025 0.0201994 9.9991E-05 0.0128885 0.0234319
0.533116 0.226205 9.99639E-05 9.99639E-05 9.99639E-05 0.228498 0.0117805 9.99639E-05
0.108455 0.418898 0.0200706 0.183817 0.195738 0.00389332 0.0211601 0.0479677
0.0898289 0.489347 9.9982E-05 0.105863 0.154682 0.139792 0.020286 9.9982E-05
0.0722124 0.453965 9.9973E-05 9.9973E-05 9.9973E-05 0.384144 0.0520401 0.0373385
0.057333 0.319294 9.9982E-05 9.9982E-05 0.0765784 0.463963 0.0810223 0.00160884
0.0707534 0.511359 9.9964E-05 9.9964E-05 0.0715148 0.345973 9.9964E-05 9.9964E-05
0.0796567 0.462836 9.9973E-05 9.9973E-05 0.0321999 0.346587 9.9973E-05 0.07842
0.0740318 0.471552 0.0213076 0.046349 0.0704029 0.315452 9.9991E-05 0.00080552
0.0757929 0.500297 0.00845541 0.157476 0.149096 0.000274356 0.0163419 0.0922666
0.099733 0.646711 0.091041 0.0530944 0.0909815 9.9991E-05 0.0111314 0.00720742
0.102464 0.519985 0.0233643 0.0948064 0.166669 0.0606264 9.9991E-05 0.0319859
0.0754661 0.56889 9.9973E-05 9.9973E-05 0.0645682 0.224333 0.0664422 9.9973E-05
0.179095 0.467701 0.0926969 9.9991E-05 0.131863 0.0776161 0.00562579 0.0453025
0.0770542 0.693503 0.089891 9.9982E-05 0.0985252 9.9982E-05 0.00739693 0.0334292
0.9993 9.994E-05 9.994E-05 9.994E-05 9.994E-05 9.994E-05 9.994E-05 9.994E-05
0.156735 0.46398 0.0904855 0.0625399 0.0889862 0.0307685 0.0130001 0.0935053
0.136455 0.541731 0.0321242 0.0583315 0.11633 0.0969398 9.9991E-05 0.0179881
0.112575 0.556865 0.00561159 9.9991E-05 0.0725895 0.206613 0.0107713 0.0348744
0.0950506 0.593334 0.0579878 0.154948 0.0649703 0.013978 9.9991E-05 0.0196312
0.0820954 0.647812 9.9982E-05 0.0793255 0.0667029 0.120381 9.9982E-05 0.00348272
0.0769675 0.577638 9.9991E-05 0.0373475 0.066678 0.124981 0.0737464 0.042541
9.994E-05 9.994E-05 9.994E-05 9.994E-05 0.9993 9.994E-05 9.994E-05 9.994E-05
0.9993 9.994E-05 9.994E-05 9.994E-05 9.994E-05 9.994E-05 9.994E-05 9.994E-05
9.994E-05 9.994E-05 9.994E-05 9.994E-05 0.9993 9.994E-05 9.994E-05 9.994E-05
0.107652 0.45874 9.9964E-05 9.9964E-05 0.103186 0.330022 9.9964E-05 9.9964E-05
0.155809 0.294967 9.9982E-05 9.9982E-05 0.158252 0.295235 0.0820975 0.0134391
0.126205 0.490944 9.9973E-05 9.9973E-05 0.0455612 0.266179 9.9973E-05 0.0708103
0.110791 0.527075 9.9991E-05 0.0730864 0.147091 0.0403888 0.0276188 0.0738494
0.105577 0.474767 0.0126433 0.162539 0.166087 9.9991E-05 0.0726786 0.00560827
0.405139 0.131128 9.99549E-05 9.99549E-05 9.99549E-05 0.463233 9.99549E-05 9.99549E-05
0.112982 0.416646 9.9982E-05 0.0172317 0.0488372 0.335955 9.9982E-05 0.0681479
0.0820801 0.505713 0.158645 9.9991E-05 0.0136874 0.100956 0.130688 0.00812989
0.107423 0.495968 0.28574 9.9973E-05 0.0375636 9.9973E-05 0.0730051 9.9973E-05
0.100276 0.485435 0.147761 0.0170103 0.0157227 9.9982E-05 0.233595 9.9982E-05
0.0595122 0.53784 0.112764 9.9982E-05 9.9982E-05 0.157234 0.118384 0.0140665
0.0894715 0.42875 0.27404 0.00421286 0.0419467 0.00624453 0.13644 0.0188942
0.0994353 0.399459 0.375461 9.9964E-05 9.9964E-05 9.9964E-05 0.125245 9.9964E-05
0.0752183 0.404047 0.282129 0.0510685 9.9982E-05 9.9982E-05 0.145205 0.042132
0.0789666 0.508493 0.179107 9.9973E-05 9.9973E-05 9.9973E-05 0.171594 0.06154
0.0909803 0.428071 0.331122 0.0157744 9.9973E-05 9.9973E-05 0.133752 9.9973E-05
0.0786549 0.438329 0.257509 0.0770739 0.00795665 9.9982E-05 0.140277 9.9982E-05
0.0464619 0.536944 0.268389 0.00554937 9.9973E-05 9.9973E-05 0.142355 9.9973E-05
0.0263455 9.9973E-05 0.847571 0.0299225 0.0599034 9.9973E-05 9.9973E-05 0.0359579
0.0479012 9.9964E-05 0.714228 9.9964E-05 9.9964E-05 0.226259 9.9964E-05 0.0112121
0.00692384 9.9991E-05 0.660896 0.0214852 0.0304741 0.193169 0.0758477 0.0111038
9.9973E-05 9.9973E-05 0.725642 0.0744286 9.9973E-05 0.135425 0.0151939 0.0490108
9.9973E-05 9.9973E-05 0.545364 0.00538808 0.0222858 0.381027 9.9973E-05 0.0456347
0.0304564 0.0279149 0.65707 0.0117581 0.00434795 0.23479 0.000162112 0.0335009
0.0635795 9.9973E-05 0.638793 0.0695007 9.9973E-05 0.170898 0.0569288 9.9973E-05
0.0279028 0.00126171 0.862654 9.9982E-05 0.0603459 9.9982E-05 0.0229233 0.0247128
0.0235632 0.0389066 0.425437 0.0693006 0.0558558 0.305115 0.0405059 0.0413159
0.0292028 9.9973E-05 0.824092 0.108193 0.0089848 9.9973E-05 9.9973E-05 0.0292269
9.9964E-05 9.9964E-05 0.90776 0.0472655 0.0321874 9.9964E-05 9.9964E-05 0.0123876
9.9964E-05 9.9964E-05 0.591614 0.0785117 9.9964E-05 0.284744 9.9964E-05 0.0447299
0.00296973 0.0617117 0.476869 0.151011 9.9991E-05 0.278774 0.0115113 0.0170531
0.0027108 0.102609 0.20688 0.0886364 9.9973E-05 0.598864 9.9973E-05 9.9973E-05
0.00286621 0.0558297 0.425277 9.9982E-05 9.9982E-05 0.472362 0.0140965 0.0293685
9.9946E-05 9.9946E-05 0.161362 9.9946E-05 9.9946E-05 0.838038 9.9946E-05 9.9946E-05
9.9955E-05 9.9955E-05 0.534096 0.0202789 9.9955E-05 0.445125 9.9955E-05 9.9955E-05
9.9955E-05 9.9955E-05 0.420028 9.9955E-05 9.9955E-05 0.545314 9.9955E-05 0.0341578
0.00102463 9.9955E-05 0.404345 9.9955E-05 9.9955E-05 0.594131 9.9955E-05 9.9955E-05
9.9955E-05 9.9955E-05 0.295356 9.9955E-05 0.0109044 0.69324 9.9955E-05 9.9955E-05
0.0370481 9.9964E-05 0.114631 9.9964E-05 0.00741177 0.840509 9.9964E-05 9.9964E-05
0.0592443 9.9973E-05 0.631951 9.9973E-05 0.0192477 0.275436 9.9973E-05 0.0138204
0.00407161 9.9973E-05 0.439129 9.9973E-05 0.0496065 0.50424 0.00265321 9.9973E-05
0.00527084 0.0363533 0.624078 9.9982E-05 0.00141477 0.321766 9.9982E-05 0.0109173
0.0672329 9.9973E-05 0.60694 9.9973E-05 9.9973E-05 0.286343 0.0107387 0.0284455
9.9964E-05 0.111326 0.515524 9.9964E-05 9.9964E-05 0.347202 0.0255482 9.9964E-05
9.9973E-05 9.9973E-05 0.518899 9.9973E-05 0.042808 0.336388 0.0862493 0.0153557
0.00467326 0.0396869 0.408332 0.00761661 0.00441974 0.467041 9.9991E-05 0.0681305
0.0104812 0.0506566 0.51668 0.00109941 0.0352039 0.377897 9.9991E-05 0.00788216
0.0334871 9.9982E-05 0.60526 0.0675801 0.0098639 0.270072 0.0135371 9.9982E-05
0.0257274 9.9973E-05 0.750118 0.0778963 0.00340022 0.142558 9.9973E-05 9.9973E-05
0.00743977 9.9973E-05 0.54338 0.123072 9.9973E-05 0.261069 9.9973E-05 0.0647392
9.9973E-05 0.00963253 0.579897 0.0810762 9.9973E-05 0.283382 0.0457116 9.9973E-05
0.0398671 9.9973E-05 0.75399 9.9973E-05 0.00471985 0.166338 0.034785 9.9973E-05
0.00484059 9.9982E-05 0.579974 9.9982E-05 0.0262851 0.355851 0.00566512 0.0271837
9.9946E-05 9.9946E-05 9.9946E-05 0.480498 9.9946E-05 0.518902 9.9946E-05 9.9946E-05
0.0393703 9.9973E-05 9.9973E-05 0.35248 9.9973E-05 0.56737 0.0172385 0.0232415
9.99602E-05 9.99602E-05 9.99602E-05 0.390696 9.99602E-05 0.569922 9.99602E-05 0.0388818
0.019651 9.9964E-05 9.9964E-05 0.417332 9.9964E-05 0.561471 0.00114564 9.9964E-05
9.9973E-05 0.0633831 9.9973E-05 0.393569 9.9973E-05 0.463665 0.0293183 0.0497647
0.0424212 9.9982E-05 0.0555692 0.566452 0.0217437 0.245453 0.0681616 9.9982E-05
0.0106674 9.9955E-05 9.9955E-05 0.631727 9.9955E-05 0.357106 9.9955E-05 9.9955E-05
9.9973E-05 9.9973E-05 0.0345872 0.399316 9.9973E-05 0.344309 0.15198 0.0695083
