0.0469435 0.272721 0.680335
0.00998869 0.0449358 0.945075
9.999E-05 0.500615 0.499285
0.0386445 0.0898896 0.871466
0.163231 0.836669 9.9991E-05
0.462145 9.9991E-05 0.537755
0.079359 0.89641 0.0242314
9.999E-05 0.0874613 0.912439
0.91508 9.9991E-05 0.0848195
0.0400927 0.959807 9.9991E-05
9.999E-05 0.9998 9.999E-05
9.999E-05 9.999E-05 0.9998
0.326263 0.673637 9.9991E-05
9.9991E-05 0.787286 0.212615
0.31637 0.68353 9.9991E-05
0.879134 0.120766 9.9991E-05
9.9991E-05 0.0164799 0.98342
0.624584 0.375316 9.9991E-05
0.44075 9.9991E-05 0.55915
0.934218 0.0656825 9.9991E-05
0.894181 0.105719 9.9991E-05
0.68618 9.9991E-05 0.31372
0.816208 0.183692 9.9991E-05
0.177021 0.277389 0.545591
9.9991E-05 0.742135 0.257765
0.456371 0.543529 9.9991E-05
9.9991E-05 0.196934 0.802966
0.493733 0.206434 0.299833
9.999E-05 9.999E-05 0.9998
0.296079 9.9991E-05 0.703821
9.9991E-05 0.948747 0.0511527
9.999E-05 0.9998 9.999E-05
9.999E-05 0.9998 9.999E-05
0.562991 9.9991E-05 0.436909
9.9991E-05 0.019519 0.980381
0.962479 0.0374207 9.9991E-05
0.635834 9.9991E-05 0.364066
0.498712 9.9991E-05 0.501188
0.139984 0.70698 0.153036
0.476807 9.9991E-05 0.523093
0.209283 9.9991E-05 0.790617
9.999E-05 9.999E-05 0.9998
0.9347 0.0652 9.9991E-05
9.9991E-05 0.891899 0.108001
0.444437 0.555463 9.9991E-05
9.9991E-05 0.0210335 0.978867
0.9998 9.999E-05 9.999E-05
0.827658 9.9991E-05 0.172242
0.572353 0.427547 9.9991E-05
0.898807 0.0375349 0.0636584
