0.773497 0.20138 9.99731E-05 0.0128838 0.0119395 9.99731E-05 9.99731E-05
0.9994 9.995E-05 9.995E-05 9.995E-05 9.995E-05 9.995E-05 9.995E-05
0.393931 0.60557 9.99551E-05 9.99551E-05 9.99551E-05 9.99551E-05 9.99551E-05
9.99552E-05 9.99552E-05 0.906827 9.99552E-05 9.99552E-05 9.99552E-05 0.0926729
9.9964E-05 0.0336158 9.9964E-05 9.9964E-05 0.594741 0.371244 9.9964E-05
0.249902 0.0302642 9.9973E-05 9.9973E-05 9.9973E-05 0.00788269 0.711652
9.998E-05 0.151655 0.0204342 0.00991261 9.998E-05 0.780179 0.0376185
0.697746 9.99641E-05 0.272428 9.99641E-05 9.99641E-05 0.0294256 9.99641E-05
9.99551E-05 9.99551E-05 9.99551E-05 0.578507 9.99551E-05 9.99551E-05 0.420993
9.9955E-05 9.9955E-05 9.9955E-05 9.9955E-05 0.217741 0.781759 9.9955E-05
9.995E-05 9.995E-05 9.995E-05 9.995E-05 9.995E-05 0.9994 9.995E-05
0.42949 9.9964E-05 0.563472 9.9964E-05 0.00663843 9.9964E-05 9.9964E-05
9.997E-05 0.278636 0.0667915 0.117609 0.536664 9.997E-05 9.997E-05
9.99731E-05 0.724138 0.124661 9.99731E-05 0.0462742 0.104627 9.99731E-05
9.99551E-05 9.99551E-05 9.99551E-05 9.99551E-05 0.933933 0.0655674 9.99551E-05
9.995E-05 0.0735064 9.995E-05 0.925994 9.995E-05 9.995E-05 9.995E-05
0.0822216 9.9955E-05 0.917279 9.9955E-05 9.9955E-05 9.9955E-05 9.9955E-05
9.9964E-05 9.9964E-05 9.9964E-05 0.439766 9.9964E-05 0.404192 0.155642
0.00718976 9.99551E-05 9.99551E-05 9.99551E-05 9.99551E-05 9.99551E-05 0.99231
9.99551E-05 9.99551E-05 9.99551E-05 0.824351 0.17515 9.99551E-05 9.99551E-05
9.997E-05 9.997E-05 0.0471289 0.871009 0.0703042 9.997E-05 0.0112576
9.99641E-05 9.99641E-05 0.225589 0.612831 9.99641E-05 9.99641E-05 0.16118
9.9973E-05 0.0243501 9.9973E-05 0.706804 0.231171 0.0373745 9.9973E-05
9.997E-05 0.0407279 0.67428 0.246249 9.997E-05 0.0384429 9.997E-05
9.99551E-05 0.981291 9.99551E-05 9.99551E-05 9.99551E-05 9.99551E-05 0.0182092
9.99641E-05 0.00148605 9.99641E-05 0.0225337 0.97558 9.99641E-05 9.99641E-05
9.99551E-05 0.230809 0.768691 9.99551E-05 9.99551E-05 9.99551E-05 9.99551E-05
9.998E-05 9.998E-05 0.168891 0.0312796 0.26826 0.0337812 0.497588
0.9994 9.995E-05 9.995E-05 9.995E-05 9.995E-05 9.995E-05 9.995E-05
9.99552E-05 9.99552E-05 0.435552 9.99552E-05 9.99552E-05 9.99552E-05 0.563949
9.99551E-05 0.620285 9.99551E-05 9.99551E-05 9.99551E-05 0.379215 9.99551E-05
9.995E-05 0.9994 9.995E-05 9.995E-05 9.995E-05 9.995E-05 9.995E-05
9.9964E-05 0.0184462 9.9964E-05 9.9964E-05 0.065137 0.916017 9.9964E-05
9.99551E-05 0.0355693 9.99551E-05 9.99551E-05 9.99551E-05 9.99551E-05 0.963931
9.995E-05 9.995E-05 0.9994 9.995E-05 9.995E-05 9.995E-05 9.995E-05
0.0514847 9.99551E-05 9.99551E-05 0.948016 9.99551E-05 9.99551E-05 9.99551E-05
0.0422442 9.9964E-05 9.9964E-05 0.165899 9.9964E-05 9.9964E-05 0.791457
0.0496028 0.00771912 0.00206009 0.121716 9.9982E-05 9.9982E-05 0.818702
0.112068 9.99641E-05 9.99641E-05 9.99641E-05 9.99641E-05 0.789205 0.0983271
9.99641E-05 9.99641E-05 0.244267 9.99641E-05 0.0151617 9.99641E-05 0.740172
9.99551E-05 9.99551E-05 0.244606 9.99551E-05 9.99551E-05 9.99551E-05 0.754895
0.455522 9.99641E-05 0.382967 9.99641E-05 9.99641E-05 9.99641E-05 0.161111
9.99552E-05 9.99552E-05 9.99552E-05 0.560321 0.439179 9.99552E-05 9.99552E-05
9.995E-05 0.9994 9.995E-05 9.995E-05 9.995E-05 9.995E-05 9.995E-05
9.995E-05 9.995E-05 9.995E-05 9.995E-05 0.9994 9.995E-05 9.995E-05
0.445153 9.99551E-05 0.554348 9.99551E-05 9.99551E-05 9.99551E-05 9.99551E-05
9.99551E-05 9.99551E-05 9.99551E-05 0.911383 9.99551E-05 9.99551E-05 0.0881171
9.99641E-05 9.99641E-05 9.99641E-05 0.122654 0.0364783 9.99641E-05 0.840468
0.0793692 9.997E-05 0.0467866 0.111854 0.761691 9.997E-05 9.997E-05
9.997E-05 9.997E-05 0.00998144 0.722919 9.997E-05 0.0947343 0.172065
