0.000403767 9.9964E-05 0.947368 9.9964E-05 9.9964E-05 0.0518287 9.9964E-05
0.00753291 0.0706264 0.724428 9.9982E-05 0.036794 0.160419 9.9982E-05
0.00267219 9.9973E-05 0.785208 9.9973E-05 9.9973E-05 0.164123 0.0476976
9.9973E-05 0.0286271 0.75944 9.9973E-05 9.9973E-05 0.202058 0.00957472
0.0256018 0.061953 0.809023 0.0506249 0.0439523 0.00874533 9.9991E-05
9.9973E-05 0.0528076 0.89736 9.9973E-05 0.0188762 0.0306561 9.9973E-05
9.9955E-05 0.087481 0.912019 9.9955E-05 9.9955E-05 9.9955E-05 9.9955E-05
0.0163429 0.0449397 0.829783 9.9991E-05 0.00119298 0.105168 0.00247404
9.9991E-05 0.105985 0.827748 0.000964611 0.0108996 0.0334172 0.0208855
0.020718 0.033816 0.871787 9.9982E-05 9.9982E-05 0.0243829 0.0490962
9.9973E-05 0.00289955 0.712444 9.9973E-05 9.9973E-05 0.262991 0.0213648
9.9973E-05 0.0146178 0.684739 9.9973E-05 9.9973E-05 0.268488 0.0318554
9.9982E-05 0.0536952 0.782517 0.0448654 0.0857481 9.9982E-05 0.0329741
9.9982E-05 0.0509976 0.645222 0.0016593 9.9982E-05 0.218978 0.0829432
9.9973E-05 9.9973E-05 0.80195 9.9973E-05 0.0419161 0.127051 0.028783
9.9964E-05 0.125548 0.873823 9.9964E-05 0.000229789 9.9964E-05 9.9964E-05
9.99674E-05 9.99674E-05 0.979702 0.0141059 0.00579256 9.99674E-05 9.99674E-05
9.9955E-05 9.9955E-05 0.96341 0.03609 9.9955E-05 9.9955E-05 9.9955E-05
9.9955E-05 9.9955E-05 0.94771 0.0517899 9.9955E-05 9.9955E-05 9.9955E-05
0.0130473 9.9964E-05 0.928165 9.9964E-05 9.9964E-05 9.9964E-05 0.0583883
9.995E-05 9.995E-05 9.995E-05 9.995E-05 9.995E-05 9.995E-05 0.9994
9.9955E-05 9.9955E-05 9.9955E-05 9.9955E-05 9.9955E-05 0.48974 0.50976
0.030747 0.0940864 0.0521944 0.0723138 0.0289279 0.122986 0.598745
0.0210959 9.9982E-05 0.0087121 0.154345 9.9982E-05 0.0392221 0.776425
0.0214792 0.00213562 0.0343917 9.9982E-05 9.9982E-05 0.0619028 0.879891
0.0266653 9.9982E-05 0.0407167 0.0448301 0.0259073 9.9982E-05 0.861681
9.9982E-05 0.0147342 9.9982E-05 0.141908 0.0542571 0.0696004 0.7193
9.995E-05 9.995E-05 9.995E-05 9.995E-05 9.995E-05 9.995E-05 0.9994
0.0347387 0.110865 0.00575041 0.023693 0.0821365 9.9991E-05 0.742717
0.0211101 0.0581905 9.9991E-05 0.105002 0.0685072 0.147661 0.599429
9.9973E-05 0.0891473 9.9973E-05 9.9973E-05 0.0593233 0.151391 0.699839
0.000923624 0.050575 9.9982E-05 0.156921 0.033576 9.9982E-05 0.757804
0.0371028 0.131302 0.0472689 0.0562074 0.0103152 9.9991E-05 0.717704
0.0103 0.0543602 9.9982E-05 9.9982E-05 0.113126 0.201597 0.620417
0.0689828 0.0197153 0.0458135 0.0156184 0.141356 0.0990722 0.609441
9.9955E-05 9.9955E-05 9.9955E-05 9.9955E-05 9.9955E-05 0.696126 0.303374
0.031156 0.025215 0.00423823 0.180366 0.0961749 0.066477 0.596373
0.00358244 0.0542319 9.9991E-05 0.714269 0.0649613 0.155537 0.00731908
0.0414674 0.0399285 9.9982E-05 0.660089 0.17328 0.0850345 9.9982E-05
0.00442512 0.0587903 0.0390096 0.708793 0.143119 9.9991E-05 0.0457632
9.9982E-05 0.0563326 0.0284464 0.740608 0.131184 9.9982E-05 0.0432286
0.0199467 9.9991E-05 0.0139644 0.752726 0.0521121 0.138305 0.0228455
0.041181 0.040245 0.00927469 0.857158 0.0435 9.9991E-05 0.00854097
0.0324033 0.103118 0.0411896 0.616033 0.00233701 0.181483 0.0234355
0.0371934 0.0368107 0.0150661 0.753844 0.0991504 9.9991E-05 0.0578352
0.0462544 0.0897925 0.0693273 0.68443 9.9982E-05 9.9982E-05 0.109996
0.0439408 0.0189596 9.9982E-05 0.822475 0.103612 9.9982E-05 0.0108126
9.9982E-05 0.0451312 0.0256587 0.814678 0.0555187 0.0588134 9.9982E-05
0.00825857 9.9973E-05 0.0346467 0.920984 9.9973E-05 9.9973E-05 0.0358107
0.0187876 0.065354 9.9982E-05 0.683713 0.0299529 0.201992 9.9982E-05
0.0123451 0.0073075 0.00872827 0.829543 9.9982E-05 0.141877 9.9982E-05
9.9973E-05 0.047315 9.9973E-05 0.837232 0.0629834 9.9973E-05 0.0521693
0.0640985 9.9973E-05 0.0444447 0.881838 0.00931906 9.9973E-05 9.9973E-05
9.9973E-05 9.9973E-05 0.0955116 0.760213 0.0951024 0.0488733 9.9973E-05
0.0360186 0.0342518 0.0377847 0.807931 0.0428962 0.0113467 0.0297712
9.9973E-05 9.9973E-05 9.9973E-05 0.682495 0.0436031 0.26148 0.0121216
0.0408244 0.00770076 0.0715576 0.810077 9.9982E-05 9.9982E-05 0.06964
0.044923 9.9973E-05 9.9973E-05 0.100686 0.417031 0.43706 9.9973E-05
0.0169184 9.9973E-05 0.00174325 9.9973E-05 0.656743 0.324295 9.9973E-05
0.142023 9.9973E-05 9.9973E-05 0.0358609 0.452352 0.369465 9.9973E-05
0.1612 9.9982E-05 0.0229113 0.0444228 0.536088 0.235178 9.9982E-05
0.111607 0.0284696 9.9982E-05 9.9982E-05 0.708457 0.114628 0.0366389
0.0986453 0.00384618 0.0585514 0.14355 0.649389 0.00580225 0.0402151
0.115831 0.0962458 0.0275589 9.9973E-05 0.760064 9.9973E-05 9.9973E-05
0.0834318 9.9964E-05 9.9964E-05 9.9964E-05 0.6955 0.220668 9.9964E-05
0.0834911 9.9973E-05 0.0451866 9.9973E-05 0.477708 0.393315 9.9973E-05
0.0811682 0.0474508 0.0481324 0.0879389 0.614376 9.9991E-05 0.120834
0.123875 0.0322881 0.0478753 0.0270352 0.667292 0.0458627 0.0557716
0.136874 9.9982E-05 0.0234812 0.0282732 0.694291 9.9982E-05 0.11688
0.152167 0.0984735 0.0704366 9.9982E-05 0.609853 9.9982E-05 0.0688698
0.11649 0.0211353 0.0632718 0.0393881 0.749088 9.9991E-05 0.0105269
0.134217 0.0282949 9.9982E-05 0.139396 0.683525 9.9982E-05 0.0143666
0.162202 0.0463984 0.0188279 0.0206832 0.657932 9.9991E-05 0.0938567
0.103049 9.9964E-05 9.9964E-05 9.9964E-05 0.43357 0.462981 9.9964E-05
0.0756845 0.0158897 9.9991E-05 0.344747 0.464614 0.0100502 0.0889148
0.0630584 9.9991E-05 0.0653901 0.271826 0.552943 0.00759859 0.0390847
0.0499316 9.9973E-05 0.103008 0.445071 0.401689 9.9973E-05 9.9973E-05
0.126443 0.0701328 9.9973E-05 0.0196738 0.783451 9.9973E-05 9.9973E-05
0.12468 0.0671202 0.0924026 0.133291 0.450884 0.00336563 0.128257
0.116462 9.9982E-05 9.9982E-05 0.125227 0.656068 0.098978 0.0030654
0.102388 0.0170805 0.031793 0.178323 0.606774 9.9991E-05 0.0635421
0.127271 0.0473527 0.0169088 9.9991E-05 0.608812 0.179172 0.0203837
0.150653 0.00186417 0.121444 0.12981 0.596029 9.9982E-05 9.9982E-05
0.108425 0.208427 0.0326741 0.246676 0.248324 0.155374 9.9991E-05
0.0212445 0.587316 9.9982E-05 0.129899 0.114793 0.146548 9.9982E-05
0.0347985 0.188321 0.0363958 0.0815387 0.465517 0.109186 0.0842428
0.102406 0.0793596 0.0589724 0.0986821 0.66038 9.9982E-05 9.9982E-05
0.0352824 0.197278 0.0269382 0.123405 0.596879 9.9991E-05 0.0201164
0.126565 0.0629782 0.00538067 0.0739175 0.548806 0.154238 0.0281143
0.77805 9.9964E-05 9.9964E-05 9.9964E-05 0.0263439 0.195206 9.9964E-05
0.11465 9.9991E-05 0.0489284 0.144571 0.627439 0.0163782 0.0479337
0.0961585 0.0841887 9.9973E-05 0.118024 0.701329 9.9973E-05 9.9973E-05
0.0426891 9.9964E-05 9.9964E-05 9.9964E-05 0.201533 0.755378 9.9964E-05
0.0674978 9.9964E-05 9.9964E-05 9.9964E-05 0.252646 0.679456 9.9964E-05
0.0675578 9.9964E-05 9.9964E-05 9.9964E-05 0.428736 0.503307 9.9964E-05
0.0515484 9.9982E-05 0.0414245 9.9982E-05 0.391714 0.484091 0.0310229
0.0840233 0.0711909 0.0354597 0.0362022 0.489561 0.279635 0.00392835
0.0858526 9.9982E-05 0.0560246 0.12113 0.680423 0.0563693 9.9982E-05
0.105452 9.9991E-05 0.018876 0.0605195 0.695988 0.0125097 0.106555
0.101643 9.9973E-05 9.9973E-05 0.0452022 0.584587 0.268269 9.9973E-05
0.0560561 9.9991E-05 0.00767087 0.0228318 0.527762 0.352112 0.0334674
0.200972 0.121768 0.0557907 0.0246038 0.530675 0.0508535 0.0153377
0.0859226 0.069792 0.0453747 9.9991E-05 0.717543 0.0712603 0.010007
0.9994 9.995E-05 9.995E-05 9.995E-05 9.995E-05 9.995E-05 9.995E-05
0.125487 0.0499452 0.0575082 9.9991E-05 0.502371 0.241075 0.0235123
0.133316 9.9982E-05 0.0190271 0.038329 0.560735 0.248393 9.9982E-05
0.157528 0.082778 0.0545427 0.0118779 0.494207 0.198966 9.9991E-05
0.121286 0.0840123 0.0562291 0.105909 0.632363 9.9982E-05 9.9982E-05
0.065276 9.9991E-05 0.041784 0.0322342 0.62353 0.221739 0.0153368
0.0725014 9.9991E-05 0.0285527 0.0310605 0.578944 0.207841 0.0809996
0.0633295 9.9964E-05 9.9964E-05 0.0983164 0.837954 9.9964E-05 9.9964E-05
0.9994 9.995E-05 9.995E-05 9.995E-05 9.995E-05 9.995E-05 9.995E-05
0.0292069 9.9964E-05 9.9964E-05 0.121176 0.849218 9.9964E-05 9.9964E-05
0.0806765 9.9964E-05 9.9964E-05 9.9964E-05 0.453522 0.465401 9.9964E-05
0.150375 9.9964E-05 9.9964E-05 9.9964E-05 0.313992 0.535233 9.9964E-05
0.115975 9.9982E-05 0.0346802 9.9982E-05 0.459431 0.385223 0.00449132
0.129189 9.9982E-05 0.0370074 0.0567352 0.684877 0.0919919 9.9982E-05
0.115395 0.0119385 0.0425149 0.137367 0.644776 9.9991E-05 0.0479089
0.650247 9.99549E-05 9.99549E-05 9.99549E-05 9.99549E-05 0.349253 9.99549E-05
0.107548 9.9991E-05 0.0606434 0.0470097 0.455531 0.32869 0.000477303
0.0503527 0.120845 0.0220205 9.9991E-05 0.540142 0.107059 0.159481
0.0984562 0.210151 9.9991E-05 0.00715508 0.549311 0.0134852 0.121342
0.123218 0.135119 0.0153768 9.9991E-05 0.482473 0.00418415 0.23953
0.0536139 0.051743 9.9982E-05 9.9982E-05 0.452165 0.258073 0.184206
0.117299 0.170936 0.0677147 0.0313656 0.411875 9.9991E-05 0.200709
0.11184 0.246841 0.011577 9.9982E-05 0.379834 9.9982E-05 0.249707
0.0689281 0.233045 0.0510616 0.0141857 0.424519 9.9991E-05 0.20816
0.11471 0.100684 0.106886 9.9982E-05 0.437208 9.9982E-05 0.240312
0.0800387 0.140532 0.00842492 0.171455 0.392023 9.9991E-05 0.207427
0.121074 0.210758 0.0115787 0.0428335 0.439115 9.9991E-05 0.174541
0.0741536 0.118723 0.0177742 0.0391094 0.485011 9.9991E-05 0.265129
0.0598522 0.779751 0.0264081 0.0379156 0.00440626 9.9991E-05 0.0915672
0.0660102 0.746748 0.0408905 0.0391708 9.9991E-05 0.0244548 0.0826254
0.0129607 0.720291 0.0550604 0.0458933 0.0823973 9.9991E-05 0.0832978
9.9973E-05 0.732579 0.0641588 0.16393 9.9973E-05 9.9973E-05 0.0390324
9.9982E-05 0.641515 0.0389102 0.114445 9.9982E-05 0.197785 0.00714452
0.0209882 0.746802 0.0557008 9.9982E-05 0.0981206 9.9982E-05 0.0781881
0.0454926 0.767966 9.9973E-05 0.0935962 9.9973E-05 9.9973E-05 0.0926457
0.00323886 0.838728 9.9982E-05 0.004447 0.079394 9.9982E-05 0.0739918
0.0173351 0.479959 0.0286462 0.069883 0.0377153 0.332285 0.0341769
0.019419 0.715048 0.00518772 0.197263 9.9982E-05 9.9982E-05 0.0628826
9.9982E-05 0.787058 0.0578842 0.109553 0.0195727 9.9982E-05 0.0257322
9.9973E-05 0.782038 0.0779854 0.0988045 9.9973E-05 9.9973E-05 0.0408717
9.9991E-05 0.647723 0.0364005 0.0681467 0.0925149 0.0780231 0.0770922
9.9973E-05 0.472149 9.9973E-05 0.0681935 0.0580203 0.401337 9.9973E-05
0.00292567 0.642572 0.0669492 9.9982E-05 0.0647846 0.222568 9.9982E-05
0.00854671 0.592784 0.0466168 9.9973E-05 9.9973E-05 0.351753 9.9973E-05
0.0258619 0.798836 9.9991E-05 0.048274 0.0635394 0.0279703 0.0354181
0.00149359 0.738369 0.0660931 0.00616928 0.0520062 0.135769 9.9991E-05
0.0260063 0.842825 0.0555971 0.0253064 9.9982E-05 9.9982E-05 0.050065
9.9973E-05 0.590914 0.020441 0.0114518 9.9973E-05 0.376894 9.9973E-05
0.007725 0.480004 0.000949695 9.9973E-05 9.9973E-05 0.511021 9.9973E-05
0.0326831 0.771901 9.9991E-05 0.0731291 0.0502332 0.00565994 0.0662936
0.0261854 0.718112 9.9964E-05 9.9964E-05 9.9964E-05 0.255303 9.9964E-05
9.9982E-05 0.731798 0.0494683 9.9982E-05 0.0468197 0.157425 0.0142899
0.0524097 0.561298 9.9973E-05 9.9973E-05 9.9973E-05 0.356752 0.0292404
0.00951854 0.655104 9.9982E-05 9.9982E-05 0.0467356 0.202354 0.0860884
9.9982E-05 0.670317 0.0406406 0.0460424 9.9982E-05 0.194782 0.0480177
9.9973E-05 0.502627 0.0131288 0.0503255 9.9973E-05 0.433619 9.9973E-05
9.9964E-05 0.57934 0.0357323 9.9964E-05 9.9964E-05 0.384528 9.9964E-05
0.0401267 0.736975 9.9973E-05 0.156606 9.9973E-05 9.9973E-05 0.0659922
0.0286715 0.839131 9.9973E-05 0.0954822 0.0364155 9.9973E-05 9.9973E-05
9.9982E-05 0.62502 0.0419301 0.099602 9.9982E-05 0.191856 0.0413918
9.9982E-05 0.665066 9.9982E-05 0.086046 0.00236282 0.215024 0.0313016
0.0280214 0.834033 9.9982E-05 9.9982E-05 0.0496998 0.0344256 0.0536203
0.0106199 0.800418 0.00681211 9.9982E-05 0.0638038 0.118146 9.9982E-05
9.9955E-05 9.9955E-05 9.9955E-05 0.391326 9.9955E-05 0.608174 9.9955E-05
0.0142134 9.9964E-05 9.9964E-05 0.315113 9.9964E-05 0.670274 9.9964E-05
0.00168199 9.9973E-05 0.0570523 0.373147 9.9973E-05 0.567819 9.9973E-05
9.9964E-05 9.9964E-05 0.00749877 0.339379 9.9964E-05 0.652723 9.9964E-05
9.9964E-05 9.9964E-05 0.0289463 0.396879 9.9964E-05 0.573775 9.9964E-05
0.00861233 0.117772 9.9991E-05 0.645492 0.0260591 0.066447 0.135518
9.9955E-05 9.9955E-05 9.9955E-05 0.531187 9.9955E-05 0.468313 9.9955E-05
9.9973E-05 9.9973E-05 0.0536009 0.488635 9.9973E-05 0.33753 0.119934
