0.9997 9.998E-05 9.998E-05 9.998E-05
0.784278 0.0428328 0.11109 0.0617995
0.855435 0.130306 0.0141593 9.9991E-05
0.834835 0.156316 0.00874903 9.9991E-05
0.833013 0.0488936 0.0522097 0.0658836
0.930253 0.0532801 9.9991E-05 0.0163665
0.953338 0.046462 9.9982E-05 9.9982E-05
0.852386 0.0464449 0.0721756 0.0289938
0.833068 0.166732 9.9982E-05 9.9982E-05
0.876209 0.101437 0.0222538 9.9991E-05
0.800648 0.119198 0.0800535 9.9991E-05
0.817785 0.133261 0.0369358 0.0120187
0.845312 0.0489818 0.105606 9.9991E-05
0.72602 0.211741 0.0393494 0.0228889
0.857326 0.0713466 0.0712274 9.9991E-05
0.92491 0.0748901 9.9982E-05 9.9982E-05
0.9997 9.998E-05 9.998E-05 9.998E-05
0.9997 9.998E-05 9.998E-05 9.998E-05
0.991576 9.9982E-05 9.9982E-05 0.00822397
0.986379 9.9982E-05 9.9982E-05 0.0134212
0.0034455 0.848315 0.148139 9.9991E-05
0.0114237 0.680548 0.269174 0.0388543
0.0590791 0.657319 0.237628 0.0459735
0.0233962 0.634364 0.233537 0.108704
9.9982E-05 0.746359 0.253441 9.9982E-05
0.0472006 0.697655 0.255045 9.9991E-05
9.9991E-05 0.67024 0.262791 0.0668686
9.9982E-05 0.836054 0.163746 9.9982E-05
9.9982E-05 0.69123 0.30857 9.9982E-05
0.0441805 0.621578 0.3293 0.00494114
9.9982E-05 0.717982 0.281818 9.9982E-05
9.9991E-05 0.668774 0.280523 0.0506023
0.059181 0.687325 0.237339 0.016155
9.9982E-05 0.671328 0.328472 9.9982E-05
0.0534235 0.552101 0.394376 9.9991E-05
0.107019 0.560253 0.332628 9.9991E-05
0.00221732 0.591328 0.350561 0.0558936
9.9991E-05 0.106336 0.104678 0.788885
9.9991E-05 0.0353822 0.152989 0.811528
0.0335623 0.0839326 0.0952673 0.787238
0.0225929 0.0429572 0.0995154 0.834935
0.0460265 0.0329879 0.114232 0.806754
0.0310599 0.0269617 0.0428296 0.899149
0.0708641 0.160556 0.0714406 0.697139
0.0147043 0.0329806 0.129962 0.822353
0.0715993 0.114083 9.9991E-05 0.814217
9.9991E-05 0.012021 0.0804309 0.907448
0.00192121 0.0232677 0.0617582 0.913053
0.0488903 9.9982E-05 9.9982E-05 0.95091
9.9991E-05 0.0773573 0.0553477 0.867195
0.0332121 9.9991E-05 0.0112944 0.955393
0.00141746 0.0858079 9.9991E-05 0.912675
0.0302062 9.9991E-05 0.0745819 0.895112
0.10433 9.9991E-05 0.0206513 0.874918
0.0604472 0.0351064 0.0818238 0.822623
0.0319405 0.107295 0.122897 0.737868
0.0898553 0.0669824 0.0374918 0.805671
0.0572778 0.114774 0.62033 0.207619
0.0501564 0.0704902 0.879253 9.9991E-05
0.0648847 0.15453 0.740683 0.0399025
0.0601993 0.0180638 0.767471 0.154266
9.9991E-05 0.0978702 0.862352 0.0396781
0.0298969 0.0579141 0.76433 0.147859
0.0355025 0.0374775 0.873323 0.0536967
9.9991E-05 0.0529753 0.901333 0.0455913
0.180648 0.0329525 0.65141 0.134989
0.0707135 0.158345 0.711337 0.0596038
0.0553206 0.060499 0.817038 0.0671422
0.000142978 0.114107 0.88565 9.9991E-05
0.0559512 0.117345 0.826604 9.9991E-05
0.0583507 9.9991E-05 0.834669 0.106881
0.0269865 0.0441625 0.848549 0.0803016
0.018684 0.0744599 0.863496 0.0433601
0.0307088 0.203124 0.692533 0.0736336
0.0218859 0.112716 0.56527 0.300127
0.10109 9.9991E-05 0.586133 0.312677
0.0913192 9.9991E-05 0.439798 0.468783
0.0236478 0.00208312 0.873766 0.100503
0.0576015 0.124458 0.617821 0.20012
9.9991E-05 0.00094014 0.783293 0.215667
0.0652917 0.12961 0.69552 0.109579
0.055188 0.12355 0.815585 0.00567689
0.106957 9.9991E-05 0.76873 0.124213
0.0552243 0.25638 0.3528 0.335595
9.9991E-05 0.456258 0.0961352 0.447507
0.0280749 0.235444 0.556635 0.179845
0.0864783 0.0468598 0.705359 0.161303
0.0144651 0.134744 0.65577 0.195021
0.0288537 0.125221 0.726943 0.118982
0.0172296 0.0309972 0.935484 0.0162888
0.0630641 0.0259673 0.746079 0.164889
9.9991E-05 0.0456174 0.7839 0.170383
0.107456 0.269964 0.62248 9.9991E-05
0.110161 0.232655 0.615601 0.0415829
0.0554441 0.197893 0.732572 0.0140904
0.102227 0.18601 0.711663 9.9991E-05
0.0325184 0.189256 0.651215 0.127011
0.0804737 9.9991E-05 0.745523 0.173903
0.0404957 0.0481678 0.819256 0.0920802
0.0231882 0.0187851 0.767426 0.190601
0.0813037 0.148427 0.769665 0.000603954
0.0505991 0.109826 0.767361 0.072214
0.0372362 0.0969856 0.843385 0.0223935
0.0462578 9.9982E-05 0.953542 9.9982E-05
0.091595 0.166434 0.697541 0.0444303
0.0589903 0.0588891 0.775723 0.106398
0.0898664 0.103073 0.718462 0.0885985
0.049251 0.0283576 0.712613 0.209778
0.0689999 0.0562746 0.732509 0.142217
0.076484 0.155179 0.71321 0.0551265
9.9982E-05 9.9982E-05 0.785884 0.213916
0.0336063 9.9982E-05 0.966194 9.9982E-05
9.9982E-05 9.9982E-05 0.77728 0.22252
0.0528318 0.108252 0.802864 0.0360523
0.0393211 0.182104 0.726772 0.0518037
0.0538679 0.18853 0.752448 0.0051535
0.0705838 9.9991E-05 0.826257 0.10306
0.0233967 0.039145 0.787118 0.15034
0.0776133 0.0714582 0.849258 0.00167078
0.128277 0.0744756 0.62884 0.168407
0.0231862 0.334993 0.641721 9.9991E-05
9.9991E-05 0.290601 0.638528 0.0707708
0.0285423 0.316247 0.655111 9.9991E-05
0.0795193 0.302459 0.617921 9.9991E-05
0.0177367 0.309938 0.558832 0.113493
0.00390083 0.449749 0.512857 0.0334931
0.0643112 0.368868 0.498057 0.0687643
0.08598 0.264468 0.649452 9.9991E-05
0.0339672 0.302751 0.496859 0.166423
0.0315072 0.299028 0.583095 0.0863699
0.0211191 0.301022 0.637098 0.0407612
9.9982E-05 0.742797 9.9982E-05 0.257003
0.0277485 0.698777 9.9991E-05 0.273374
0.000151172 0.702348 0.00118999 0.296311
0.015964 0.652887 9.9991E-05 0.331049
0.0436596 0.695974 9.9991E-05 0.260266
0.0224715 0.735025 0.0170469 0.225457
9.9982E-05 0.70977 9.9982E-05 0.29003
9.9991E-05 0.792597 0.0144188 0.192884
0.0632738 0.524248 0.125218 0.287261
0.00737328 0.630707 9.9991E-05 0.36182
0.026148 0.697189 9.9991E-05 0.276563
0.0494287 0.630981 9.9991E-05 0.319491
0.0412582 0.655503 0.0289877 0.274251
0.0409515 0.54261 0.130003 0.286435
0.100696 0.7322 0.0374907 0.129612
0.0937615 0.653855 9.9991E-05 0.252283
9.9982E-05 0.730957 9.9982E-05 0.268843
0.0528731 0.692078 0.0122425 0.242806
0.0316701 0.733528 9.9991E-05 0.234702
0.0220955 0.753799 9.9991E-05 0.224005
0.107668 0.688502 0.0270013 0.176829
9.9982E-05 0.730152 9.9982E-05 0.269648
0.0524891 0.762973 0.00364674 0.180891
0.055767 0.76258 9.9991E-05 0.181553
0.0712419 0.762014 0.0501488 0.116595
0.0449331 0.752501 0.0891785 0.113388
0.0278276 0.70185 9.9991E-05 0.270222
0.0345046 0.669402 0.0505552 0.245538
0.0729044 0.678321 0.00865591 0.240119
9.9982E-05 0.699784 9.9982E-05 0.300016
9.9982E-05 0.653499 9.9982E-05 0.346301
0.0753122 0.599881 9.9991E-05 0.324707
9.9982E-05 0.751063 9.9982E-05 0.248737
0.0186612 0.787455 0.0354229 0.158461
0.0311187 0.828617 0.00119556 0.139068
0.0270097 0.237314 9.9991E-05 0.735577
0.0647267 0.247507 0.0102164 0.67755
0.130395 0.206051 0.0746976 0.588856
0.112512 0.220144 0.059148 0.608196
0.100937 0.173836 0.0813891 0.643838
9.9991E-05 0.201912 0.0286438 0.769345
0.0242117 0.096422 9.9991E-05 0.879266
0.11525 0.228569 0.0345663 0.621615
