9.9946E-05 0.0978263 9.9946E-05 0.889944 9.9946E-05 9.9946E-05 0.0116296 9.9946E-05 9.9946E-05
0.016617 0.129413 0.00137296 0.709637 0.0175938 9.9991E-05 0.040043 0.0512432 0.0339793
9.9955E-05 9.9955E-05 9.9955E-05 0.82167 0.0544701 0.0588144 0.0645458 9.9955E-05 9.9955E-05
9.9973E-05 0.116063 0.0146875 0.77263 0.0124536 0.0266951 0.0571714 9.9973E-05 9.9973E-05
0.0472963 9.9982E-05 0.00861142 0.804945 0.101231 9.9982E-05 0.0124739 0.0213916 0.00385146
0.000375147 0.0110444 9.9964E-05 0.885119 0.0739875 9.9964E-05 9.9964E-05 9.9964E-05 0.0290737
9.9946E-05 0.125535 9.9946E-05 0.872556 0.0013093 9.9946E-05 9.9946E-05 9.9946E-05 9.9946E-05
9.9973E-05 0.0732076 0.0271488 0.828216 0.0136015 9.9973E-05 0.0214729 9.9973E-05 0.0360532
9.9955E-05 9.9955E-05 9.9955E-05 0.767294 0.18071 9.9955E-05 0.0294664 9.9955E-05 0.0220301
9.9964E-05 0.0972068 0.013149 0.81659 0.0195055 0.0531487 9.9964E-05 9.9964E-05 9.9964E-05
0.00821473 0.119897 0.0386038 0.756334 9.9991E-05 0.0335961 0.0241316 0.00872506 0.0103981
9.999E-05 0.108139 0.00273002 0.737052 0.00549044 0.0583884 0.054572 0.0287635 0.00476412
0.0476556 9.9973E-05 9.9973E-05 0.789499 0.00191116 0.0446801 9.9973E-05 0.0402155 0.0757389
0.0272862 0.0636052 0.00858211 0.71648 0.10692 0.0595591 9.9991E-05 0.0153955 0.00207198
9.9964E-05 9.9964E-05 9.9964E-05 0.804763 0.0417884 0.0456229 0.0182594 0.0891663 9.9964E-05
9.9946E-05 9.9946E-05 9.9946E-05 0.849777 0.114936 9.9946E-05 9.9946E-05 9.9946E-05 0.0346879
9.9946E-05 9.9946E-05 0.0188033 0.938436 9.9946E-05 9.9946E-05 9.9946E-05 9.9946E-05 0.042161
0.0247718 9.9946E-05 9.9946E-05 0.97033 9.9946E-05 9.9946E-05 0.00429812 9.9946E-05 9.9946E-05
0.0701124 9.9955E-05 9.9955E-05 0.920533 0.000856834 9.9955E-05 0.00799778 9.9955E-05 9.9955E-05
0.0174322 9.9964E-05 0.0260449 0.906905 9.9964E-05 0.026711 9.9964E-05 0.0225073 9.9964E-05
9.993E-05 9.993E-05 9.993E-05 9.993E-05 9.993E-05 0.999201 9.993E-05 9.993E-05 9.993E-05
0.0396501 0.254944 9.9964E-05 9.9964E-05 9.9964E-05 0.642472 0.0446643 9.9964E-05 0.0178691
0.10398 0.104246 9.9964E-05 0.0450194 9.9964E-05 0.693212 9.9964E-05 0.0531426 9.9964E-05
0.152762 0.035625 0.0299763 9.9964E-05 9.9964E-05 0.747573 9.9964E-05 9.9964E-05 0.033664
9.9955E-05 0.0468527 9.9955E-05 0.0282741 9.9955E-05 0.874751 9.9955E-05 0.049622 9.9955E-05
0.0152729 9.9982E-05 0.0113648 0.0280039 9.9982E-05 0.859185 0.0145743 0.0321511 0.0392483
0.0997068 9.99562E-05 9.99562E-05 9.99562E-05 0.0965506 0.71858 9.99562E-05 0.0846625 9.99562E-05
9.993E-05 9.993E-05 9.993E-05 9.993E-05 9.993E-05 0.999201 9.993E-05 9.993E-05 9.993E-05
9.9955E-05 9.9955E-05 0.00632751 9.9955E-05 0.178158 0.677486 9.9955E-05 0.137529 9.9955E-05
0.0775854 0.0748142 0.00465959 0.00551495 0.0540151 0.609669 9.9991E-05 0.137391 0.0362507
9.9964E-05 0.111559 9.9964E-05 9.9964E-05 0.043937 0.687713 0.0292384 0.127153 9.9964E-05
0.131844 0.010192 9.9973E-05 9.9973E-05 0.0729369 0.6957 9.9973E-05 0.0481722 0.0408556
0.0633533 9.9973E-05 0.00991597 0.0440687 0.141341 0.696437 9.9973E-05 0.0445843 9.9973E-05
9.9973E-05 0.217673 0.0351138 9.9973E-05 9.9973E-05 0.606292 0.0440104 0.0474348 0.0491762
9.9982E-05 0.127225 0.0492018 0.015969 9.9982E-05 0.599678 0.0433806 0.149569 0.0147769
9.9973E-05 0.365176 9.9973E-05 0.0326644 9.9973E-05 0.386821 0.0750319 0.125498 0.0145084
0.148838 0.0757949 0.0103722 9.9991E-05 0.000731734 0.61107 0.0369825 0.0633479 0.0527632
0.68906 0.106227 0.00495393 9.9991E-05 0.0250265 0.035635 0.011556 0.0804775 0.0469638
0.619471 0.110847 0.0487184 9.9973E-05 0.0318284 9.9973E-05 9.9973E-05 0.161895 0.0269396
0.702707 9.9982E-05 9.9982E-05 0.0482577 0.0932975 0.0116016 0.0304561 0.0584068 0.0550731
0.746168 0.131937 9.9991E-05 0.000143255 0.0026567 0.00460823 0.0131264 0.0299615 0.0712997
0.767849 9.9982E-05 0.0417586 0.0355619 0.0449579 0.0280469 0.0387035 9.9982E-05 0.0429226
0.82133 9.9982E-05 0.0308531 0.00231531 0.0860958 9.9982E-05 0.0222344 0.0268916 0.0100794
0.59972 0.214399 0.0280214 0.0601893 0.0336227 9.9982E-05 0.0174827 9.9982E-05 0.0463649
0.751699 9.9991E-05 0.061396 0.00759398 0.0794882 0.0367068 0.00767467 0.0216778 0.0336637
0.709309 9.9964E-05 0.0708758 0.0488657 0.169434 9.9964E-05 9.9964E-05 9.9964E-05 0.00111533
0.779758 9.9973E-05 0.037228 9.9973E-05 0.0898779 9.9973E-05 0.00998444 0.0191596 0.0636921
0.819057 0.12451 0.0156122 9.9964E-05 9.9964E-05 9.9964E-05 0.0118302 9.9964E-05 0.0285906
0.842769 9.9964E-05 9.9964E-05 0.0288433 9.9964E-05 0.0358054 0.0258653 9.9964E-05 0.0663174
0.683207 0.231074 0.000801077 9.9964E-05 9.9964E-05 9.9964E-05 0.0317613 9.9964E-05 0.0527566
0.753274 0.123309 0.0139471 9.9982E-05 9.9982E-05 0.00216344 0.00203773 0.0612011 0.043868
0.784977 9.9955E-05 9.9955E-05 9.9955E-05 0.107945 9.9955E-05 0.0626336 9.9955E-05 0.0439452
0.796466 9.9964E-05 0.0726753 0.0322609 0.0319998 9.9964E-05 9.9964E-05 9.9964E-05 0.0661983
0.81211 9.9973E-05 9.9973E-05 0.0923143 9.9973E-05 0.0219235 0.0193752 0.0112982 0.0426793
0.701465 9.9973E-05 0.0444417 0.0303138 0.14626 9.9973E-05 9.9973E-05 0.0262295 0.05099
0.652539 0.0159131 9.9991E-05 0.0307432 0.130847 0.00222862 0.0192062 0.0834487 0.0649742
0.702539 9.9973E-05 0.0629227 0.0717893 0.104373 0.0453474 0.0127285 9.9973E-05 9.9973E-05
0.131835 0.208747 0.0518963 9.9973E-05 9.9973E-05 9.9973E-05 0.0352829 0.553498 0.0184402
9.993E-05 9.993E-05 9.993E-05 9.993E-05 9.993E-05 9.993E-05 0.999201 9.993E-05 9.993E-05
0.0758879 0.139105 0.159701 0.00491206 9.9982E-05 9.9982E-05 0.0344673 0.527174 0.0585538
0.12589 0.000141373 0.135457 0.0442621 9.9982E-05 9.9982E-05 0.0464046 0.562399 0.0852449
9.9964E-05 9.9964E-05 0.0941687 9.9964E-05 0.0619437 9.9964E-05 0.0795587 0.676731 0.0871981
0.110693 0.0104879 0.0508837 0.0292848 0.000747019 0.0101336 0.0287344 0.66921 0.0898262
9.99549E-05 9.99549E-05 0.0168516 9.99549E-05 9.99549E-05 0.0166106 0.0143621 9.99549E-05 0.951676
9.993E-05 9.993E-05 9.993E-05 9.993E-05 9.993E-05 9.993E-05 0.999201 9.993E-05 9.993E-05
9.9982E-05 0.113999 0.0777549 0.130531 0.0304761 9.9982E-05 0.059028 0.479778 0.108233
0.0147524 0.106205 0.0567506 0.0202074 9.9991E-05 0.0981566 0.0488498 0.49639 0.158588
0.0111065 0.0687915 0.12768 0.0102761 9.9991E-05 0.0397986 0.106816 0.491957 0.143475
9.9982E-05 9.9982E-05 0.150322 0.0113272 0.005503 0.100079 0.0424171 0.588861 0.10129
9.9982E-05 9.9982E-05 0.115172 0.0430046 0.0581149 0.0617141 0.170633 0.437832 0.113329
0.0303409 9.9982E-05 0.0831281 0.0423525 0.0208594 9.9982E-05 0.078664 0.61536 0.129095
0.0599772 9.9982E-05 0.0834342 9.9982E-05 0.0413983 0.0181493 0.0496172 0.598976 0.148248
0.0378318 0.0159435 0.120155 9.9982E-05 9.9982E-05 0.108613 0.147227 0.508799 0.0612304
0.00937686 9.9982E-05 0.109478 9.9982E-05 0.176955 0.077242 0.0722534 0.540787 0.0137085
0.289576 9.9982E-05 0.0356861 9.9982E-05 0.0472383 0.0936963 0.0816784 0.337422 0.114503
0.181673 0.0922912 0.0405144 0.0534097 9.9982E-05 9.9982E-05 0.038885 0.492009 0.101018
0.429334 9.9973E-05 0.0269033 0.107031 9.9973E-05 9.9973E-05 0.0868831 0.279556 0.069993
9.99459E-05 9.99459E-05 0.0189387 9.99459E-05 9.99459E-05 9.99459E-05 0.0429503 9.99459E-05 0.937511
0.148014 9.9991E-05 0.115917 0.0804678 0.101687 0.077099 0.0921813 0.219767 0.164767
0.157243 9.9973E-05 0.10666 9.9973E-05 0.0440363 9.9973E-05 0.0562804 0.469876 0.165604
0.0996778 9.9991E-05 0.0777346 0.0463509 0.0656164 0.042579 0.0111377 0.557781 0.0990222
9.9982E-05 0.128786 0.0973831 0.0408628 9.9982E-05 0.00115016 0.0586754 0.605605 0.0673368
0.0901272 9.9973E-05 0.127696 0.0742676 9.9973E-05 9.9973E-05 0.048422 0.534179 0.125008
0.250471 0.134234 0.137213 0.0329613 0.137547 0.0317877 0.0660159 0.154984 0.0547865
0.143687 0.647228 9.9973E-05 9.9973E-05 0.0742139 9.9973E-05 0.0542406 0.0170308 0.0633001
0.117534 0.052699 0.0411311 9.9982E-05 0.186778 0.0573074 0.101536 0.442814 9.9982E-05
0.0688872 9.9982E-05 0.0734912 0.0237276 0.103239 9.9982E-05 0.0343216 0.587809 0.108325
0.0313806 9.9973E-05 0.0239521 9.9973E-05 0.232675 9.9973E-05 0.0518803 0.586977 0.0728357
0.0706476 0.0778837 0.111871 0.0025767 0.0647489 9.9991E-05 0.0870799 0.583967 0.00112489
9.9973E-05 0.0497603 0.761064 9.9973E-05 9.9973E-05 0.00951894 0.00237064 0.166479 0.0105076
0.0834401 0.00806313 0.105424 0.0258676 0.0163439 0.0471704 0.0445847 0.445191 0.223915
0.0807743 0.0877907 0.0667081 9.9973E-05 9.9973E-05 9.9973E-05 0.0325388 0.620941 0.110947
9.9982E-05 0.257075 0.102113 0.0479113 9.9982E-05 0.0742473 0.0707832 0.430379 0.0172903
9.9973E-05 0.208061 0.118514 0.0395623 9.9973E-05 0.0929164 9.9973E-05 0.475871 0.0647752
9.9973E-05 0.224711 0.0455142 0.0120201 9.9973E-05 9.9973E-05 0.0319477 0.575511 0.109996
9.9982E-05 0.181811 0.0438073 0.0674822 9.9982E-05 0.0343107 0.118162 0.525955 0.0282721
9.9973E-05 0.283422 0.0788748 0.019247 9.9973E-05 9.9973E-05 0.0650984 0.335161 0.217897
0.132523 9.9973E-05 0.0666963 0.0617328 9.9973E-05 9.9973E-05 0.0766226 0.536219 0.125907
0.0326651 0.0194184 0.0719576 9.9982E-05 9.9982E-05 0.0358668 0.0397312 0.65068 0.149481
0.0965391 0.0704408 0.0881696 0.011096 9.9982E-05 9.9982E-05 0.111336 0.46707 0.155148
9.9973E-05 0.13186 0.0897331 0.0489282 9.9973E-05 0.0115728 0.0321967 0.685409 9.9973E-05
9.9991E-05 0.0103492 0.180894 0.0328102 0.166766 0.00895912 0.1126 0.337532 0.149989
9.9964E-05 9.9964E-05 0.0825366 9.9964E-05 0.0902671 9.9964E-05 0.0407398 0.717694 0.0683624
9.993E-05 9.993E-05 0.999201 9.993E-05 9.993E-05 9.993E-05 9.993E-05 9.993E-05 9.993E-05
0.0470014 0.0989925 0.118927 0.0699474 0.0243708 0.0331515 0.101369 0.398491 0.107749
0.024725 0.0730292 0.0927962 0.021034 9.9982E-05 9.9982E-05 0.0192417 0.680198 0.088776
9.9973E-05 0.189682 0.120054 0.0339832 9.9973E-05 9.9973E-05 0.0229184 0.552798 0.080265
0.116134 9.9973E-05 0.085784 9.9973E-05 0.0680573 9.9973E-05 0.0343488 0.60754 0.0878358
0.057357 9.9991E-05 0.0478629 0.0274039 0.0577867 0.010453 0.0539089 0.622968 0.12216
0.00675774 0.0965395 0.0672173 0.0284732 9.9991E-05 0.0627836 0.0325246 0.647939 0.0576651
9.993E-05 9.993E-05 9.993E-05 9.993E-05 9.993E-05 9.993E-05 9.993E-05 9.993E-05 0.999201
9.993E-05 9.993E-05 0.999201 9.993E-05 9.993E-05 9.993E-05 9.993E-05 9.993E-05 9.993E-05
9.993E-05 9.993E-05 9.993E-05 9.993E-05 9.993E-05 9.993E-05 9.993E-05 9.993E-05 0.999201
9.9973E-05 0.196221 0.112748 0.0109763 9.9973E-05 9.9973E-05 0.100687 0.496283 0.0827842
0.018222 0.102585 0.111935 0.0305849 0.0459411 0.103287 0.0775756 0.369679 0.14019
9.9982E-05 0.187579 0.11295 0.0262173 9.9982E-05 0.0401191 0.0832601 0.527963 0.0217126
0.0862247 9.9982E-05 0.0821156 0.0746007 9.9982E-05 0.0148712 0.0519852 0.600673 0.0893299
0.0897257 0.00817921 0.101004 0.0268239 9.9991E-05 0.0576717 0.0562976 0.612238 0.0479592
9.9955E-05 0.169889 0.697809 9.9955E-05 9.9955E-05 9.9955E-05 0.0195293 0.112272 9.9955E-05
0.0036233 0.263658 0.141324 0.0392207 9.9982E-05 9.9982E-05 0.0241313 0.466761 0.0610819
9.9973E-05 9.9973E-05 0.0350725 0.0128754 0.222114 0.100605 0.0867138 0.54232 9.9973E-05
9.9973E-05 9.9973E-05 0.0887205 9.9973E-05 0.256834 0.0375561 0.0264136 0.56054 0.0296359
9.9964E-05 9.9964E-05 0.0895805 9.9964E-05 0.213262 0.173109 9.9964E-05 0.465464 0.0581845
9.9973E-05 9.9973E-05 0.0485856 0.0140765 0.242319 0.116189 0.0147779 0.563752 9.9973E-05
9.9973E-05 9.9973E-05 0.0997326 9.9973E-05 0.295425 0.124903 0.0207811 0.437648 0.0212105
9.9964E-05 9.9964E-05 0.0769198 9.9964E-05 0.306514 0.152995 0.0401771 0.422994 9.9964E-05
0.0124445 9.9982E-05 0.0613543 0.00782275 0.286633 0.125157 0.013132 0.493256 9.9982E-05
9.9973E-05 9.9973E-05 0.102069 0.0462501 0.158051 0.184808 0.00508746 0.503434 9.9973E-05
0.0938961 9.9982E-05 0.0794354 0.00634501 0.2001 0.166949 0.0267274 0.426348 9.9982E-05
0.0403612 9.9991E-05 0.113975 0.0111126 0.198677 0.136936 0.052384 0.425871 0.0205837
0.0309563 0.00312391 0.0677713 0.0110963 0.138047 0.213439 0.0461023 0.48789 0.00157399
9.9955E-05 9.9955E-05 0.0122888 0.00653996 0.920922 9.9955E-05 9.9955E-05 9.9955E-05 0.0597498
0.00951587 0.100036 0.0386931 0.0165511 0.764981 0.0259108 0.00902732 0.0351843 9.9991E-05
0.0551271 9.9973E-05 9.9973E-05 0.0354763 0.832958 0.00907533 0.0136634 0.0533995 9.9973E-05
0.116829 0.248008 9.9955E-05 0.0348947 0.599768 9.9955E-05 9.9955E-05 9.9955E-05 9.9955E-05
0.0709419 0.164472 0.0020488 0.0181975 0.682673 0.00790039 9.9982E-05 9.9982E-05 0.0535664
9.9982E-05 0.278635 0.0114466 0.0217331 0.586921 0.0253954 0.0159353 0.0597332 9.9982E-05
0.0775449 0.0696163 0.0426796 0.0171022 0.775024 0.00837461 0.00945855 9.9982E-05 9.9982E-05
9.9973E-05 0.228532 0.00124889 9.9973E-05 0.713647 0.00128316 9.9973E-05 0.054398 0.000590545
0.00890721 0.267991 0.0186562 0.0211407 0.446904 0.0216672 0.0273644 0.149526 0.0378435
0.159766 9.9955E-05 0.00974513 0.00240722 0.827581 9.9955E-05 9.9955E-05 9.9955E-05 9.9955E-05
0.0529836 9.9964E-05 9.9964E-05 0.035178 0.833544 9.9964E-05 0.0291852 9.9964E-05 0.0487095
0.0869611 0.276884 9.9964E-05 0.0743544 0.539999 9.9964E-05 0.0214018 9.9964E-05 9.9964E-05
0.106835 0.399851 9.9982E-05 0.0311788 0.3756 0.0305877 0.00811513 0.0476327 9.9982E-05
0.068662 0.420012 0.0220885 0.00501312 0.330136 9.9982E-05 0.0187501 0.135138 9.9982E-05
9.9955E-05 0.886574 9.9955E-05 9.9955E-05 0.0186621 0.0371253 0.0571389 9.9955E-05 9.9955E-05
9.9937E-05 0.941316 9.9937E-05 9.9937E-05 9.9937E-05 9.9937E-05 0.0579845 9.9937E-05 9.9937E-05
9.9955E-05 0.712172 9.9955E-05 9.9955E-05 0.239387 9.9955E-05 0.0401726 9.9955E-05 0.00776893
0.00991388 0.710009 9.9973E-05 0.00630775 0.231526 9.9973E-05 0.0271434 0.0147993 9.9973E-05
9.9937E-05 0.986749 9.9937E-05 9.9937E-05 9.9937E-05 0.0125516 9.9937E-05 9.9937E-05 9.9937E-05
0.00792919 0.898617 9.9973E-05 9.9973E-05 0.0174139 0.0398489 0.0210745 9.9973E-05 0.0148167
9.9964E-05 0.806754 0.0276848 9.9964E-05 0.0231725 0.0816033 9.9964E-05 9.9964E-05 0.0603858
0.0613341 0.663905 0.0109363 9.9964E-05 0.257471 9.9964E-05 9.9964E-05 9.9964E-05 0.00595377
9.9973E-05 0.257939 0.0388866 0.00725588 0.640508 0.012727 9.9973E-05 9.9973E-05 0.0423835
9.9973E-05 0.174228 0.0145349 0.0504492 0.703421 9.9973E-05 0.0127375 0.0443299 9.9973E-05
9.9973E-05 0.301292 0.0678612 0.0143049 0.542213 0.0485181 0.0255116 9.9973E-05 9.9973E-05
9.9964E-05 0.122085 9.9964E-05 0.0241901 0.653871 0.0189161 9.9964E-05 0.180538 9.9964E-05
0.0339863 0.0923434 0.00686937 0.00138804 0.738418 0.0565451 9.9982E-05 9.9982E-05 0.0702501
0.0315704 0.311586 0.000198281 0.0590991 0.50175 0.0109436 0.0846523 9.9982E-05 9.9982E-05
0.00479664 0.385524 0.00126761 0.0260056 0.474167 0.00971001 0.0504257 0.0480029 9.9991E-05
0.0718346 0.0138927 0.0490692 9.9964E-05 0.841098 9.9964E-05 0.0237059 9.9964E-05 9.9964E-05
0.0569048 0.034939 0.00223977 9.9973E-05 0.845596 9.9973E-05 0.0422154 9.9973E-05 0.0178052
0.126958 0.151024 0.000754102 0.0557971 0.603353 0.0255023 9.9991E-05 0.0158995 0.020611
0.0765309 0.239084 9.9973E-05 9.9973E-05 0.587559 0.0514927 0.00674232 0.0382914 9.9973E-05
9.9964E-05 0.27512 0.0567985 9.9964E-05 0.598294 9.9964E-05 0.0430045 9.9964E-05 0.0263827
9.9964E-05 0.0421156 9.9964E-05 0.0389609 0.854739 9.9964E-05 9.9964E-05 0.0259878 0.0377971
0.617345 0.251657 9.9973E-05 0.0167163 9.9973E-05 0.0382344 0.0664796 9.9973E-05 0.00926793
0.494821 0.355061 0.0485376 0.0303486 9.9982E-05 0.0350317 0.0128685 0.0231319 9.9982E-05
0.488575 0.309034 0.0325071 0.0295667 9.9973E-05 9.9973E-05 0.0220978 0.117919 9.9973E-05
0.533921 0.238962 0.0365377 0.0765263 0.00173576 0.0285245 0.0578214 0.0258711 9.9991E-05
0.511698 0.295835 0.00417518 0.0468222 9.9982E-05 0.0276333 0.0176435 0.0959931 9.9982E-05
0.644799 0.0255534 0.0454683 9.9973E-05 0.132412 0.0858563 9.9973E-05 9.9973E-05 0.0656106
0.773656 0.167191 0.00303455 9.9973E-05 9.9973E-05 0.0275382 0.00658837 0.0216922 9.9973E-05
0.502317 0.189388 9.9964E-05 0.0704734 9.9964E-05 0.133817 9.9964E-05 0.103605 9.9964E-05
