9.991E-05 0.0198966 0.00949418 9.991E-05 9.991E-05 0.0203562 0.0438621 0.0215473 9.991E-05 9.991E-05 0.00191605 9.991E-05 9.991E-05 0.000398884 0.00128583 9.991E-05 9.991E-05 0.874923 0.00532074 9.991E-05
9.9901E-05 9.9901E-05 0.022855 9.9901E-05 9.9901E-05 0.000306492 0.22338 0.056899 0.00432699 9.9901E-05 9.9901E-05 0.0409077 9.9901E-05 0.000341373 9.9901E-05 9.9901E-05 9.9901E-05 0.649566 0.000318817 9.9901E-05
0.0727607 0.00305595 0.030418 9.9901E-05 9.9901E-05 9.9901E-05 0.111031 9.9901E-05 9.9901E-05 9.9901E-05 9.9901E-05 9.9901E-05 0.0478972 0.00735531 9.9901E-05 0.0242996 0.00196023 0.700123 9.9901E-05 9.9901E-05
0.0339692 0.000977938 0.0318395 9.99099E-05 9.99099E-05 9.99099E-05 0.0287196 9.99099E-05 9.99099E-05 9.99099E-05 0.0167576 0.0921406 0.0256451 0.0101603 9.99099E-05 0.0371684 9.99099E-05 0.721623 9.99099E-05 9.99099E-05
9.9899E-05 9.9899E-05 0.0262127 9.9899E-05 9.9899E-05 9.9899E-05 9.9899E-05 0.0163431 0.0127842 9.9899E-05 9.9899E-05 9.9899E-05 0.11145 0.00188045 9.9899E-05 0.0905532 0.00109056 0.738487 9.9899E-05 9.9899E-05
9.9883E-05 0.011677 9.9883E-05 9.9883E-05 9.9883E-05 9.9883E-05 9.9883E-05 9.9883E-05 0.00516913 9.9883E-05 0.0047287 9.9883E-05 9.9883E-05 9.9883E-05 9.9883E-05 0.141006 0.0122322 0.804449 0.0194397 9.9883E-05
9.9865E-05 9.9865E-05 9.9865E-05 9.9865E-05 9.9865E-05 9.9865E-05 9.9865E-05 9.9865E-05 9.9865E-05 9.9865E-05 0.00328968 0.0284672 9.9865E-05 9.9865E-05 9.9865E-05 9.9865E-05 9.9865E-05 0.849202 0.0155054 0.102037
9.99039E-05 0.0925596 0.0162596 9.99039E-05 9.99039E-05 9.99039E-05 9.99039E-05 9.99039E-05 9.99039E-05 0.0324135 0.00437582 0.0488593 0.0267634 9.99039E-05 9.99039E-05 9.99039E-05 0.0110218 0.758369 0.0082787 9.99039E-05
9.9919E-05 0.0266018 0.0104014 9.9919E-05 0.0327129 9.9919E-05 9.9919E-05 0.0220754 9.9919E-05 9.9919E-05 9.9919E-05 0.0569388 0.0272066 0.0107572 9.9919E-05 0.0268642 9.9919E-05 0.691891 0.00777569 0.0858753
0.0139349 0.0278952 9.991E-05 0.0557296 0.0195001 9.991E-05 0.00960492 0.0338383 9.991E-05 9.991E-05 0.0147086 9.991E-05 9.991E-05 9.991E-05 0.0332554 9.991E-05 0.0145142 0.77602 9.991E-05 9.991E-05
9.991E-05 0.0406317 9.991E-05 0.0817588 9.991E-05 9.991E-05 0.0426086 9.991E-05 9.991E-05 0.0486776 0.00261926 9.991E-05 9.991E-05 0.0197477 9.991E-05 0.057388 0.00514838 0.684072 0.0163489 9.991E-05
0.032662 0.0142211 0.0160051 0.0364598 9.991E-05 9.991E-05 0.100596 0.0490762 9.991E-05 9.991E-05 0.0103757 9.991E-05 9.991E-05 9.991E-05 0.0209614 9.991E-05 0.0263228 0.692321 9.991E-05 9.991E-05
0.00674978 9.98921E-05 9.98921E-05 0.031057 9.98921E-05 9.98921E-05 9.98921E-05 0.0934113 9.98921E-05 0.112066 9.98921E-05 9.98921E-05 0.0200321 9.98921E-05 0.0141975 9.98921E-05 9.98921E-05 0.705954 0.0153341 9.98921E-05
0.0279012 9.9883E-05 9.9883E-05 9.9883E-05 9.9883E-05 0.0434727 0.132978 9.9883E-05 9.9883E-05 0.00427131 9.9883E-05 9.9883E-05 9.9883E-05 9.9883E-05 9.9883E-05 0.178201 9.9883E-05 0.605077 0.00680003 9.9883E-05
0.0293774 9.991E-05 0.0165387 0.007512 0.00134097 9.991E-05 9.991E-05 9.991E-05 9.991E-05 0.0585569 9.991E-05 0.0282163 0.0171108 0.000175304 0.0973429 9.991E-05 9.991E-05 0.74283 9.991E-05 9.991E-05
9.98472E-05 9.98472E-05 9.98472E-05 9.98472E-05 0.0734495 9.98472E-05 9.98472E-05 9.98472E-05 9.98472E-05 9.98472E-05 9.98472E-05 9.98472E-05 9.98472E-05 9.98472E-05 9.98472E-05 9.98472E-05 9.98472E-05 0.776481 9.98472E-05 0.148373
9.98651E-05 9.98651E-05 9.98651E-05 9.98651E-05 9.98651E-05 0.0276807 9.98651E-05 9.98651E-05 9.98651E-05 0.0887536 0.00331118 9.98651E-05 9.98651E-05 9.98651E-05 9.98651E-05 9.98651E-05 0.00634574 0.872411 9.98651E-05 9.98651E-05
9.98561E-05 9.98561E-05 9.98561E-05 9.98561E-05 0.0262797 0.0717046 9.98561E-05 9.98561E-05 0.0235363 9.98561E-05 9.98561E-05 9.98561E-05 9.98561E-05 9.98561E-05 9.98561E-05 9.98561E-05 9.98561E-05 0.876882 9.98561E-05 9.98561E-05
9.98651E-05 9.98651E-05 9.98651E-05 0.016018 9.98651E-05 9.98651E-05 9.98651E-05 9.98651E-05 0.0456277 9.98651E-05 9.98651E-05 0.0485933 9.98651E-05 9.98651E-05 9.98651E-05 9.98651E-05 9.98651E-05 0.861125 0.0271382 9.98651E-05
0.00619071 9.9892E-05 9.9892E-05 9.9892E-05 0.0600723 0.0582282 0.00258167 9.9892E-05 9.9892E-05 9.9892E-05 0.0165388 9.9892E-05 9.9892E-05 0.00809016 9.9892E-05 9.9892E-05 0.0191782 0.827921 9.9892E-05 9.9892E-05
0.998103 9.98288E-05 9.98288E-05 9.98288E-05 9.98288E-05 9.98288E-05 9.98288E-05 9.98288E-05 9.98288E-05 9.98288E-05 9.98288E-05 9.98288E-05 9.98288E-05 9.98288E-05 9.98288E-05 9.98288E-05 9.98288E-05 9.98288E-05 9.98288E-05 9.98288E-05
0.577314 0.125832 9.9865E-05 0.0477564 9.9865E-05 9.9865E-05 0.22694 9.9865E-05 9.9865E-05 9.9865E-05 9.9865E-05 9.9865E-05 9.9865E-05 9.9865E-05 9.9865E-05 9.9865E-05 9.9865E-05 9.9865E-05 0.0206598 9.9865E-05
0.547685 0.12153 9.9892E-05 9.9892E-05 9.9892E-05 9.9892E-05 9.9892E-05 0.0471262 0.05541 0.0631 0.029153 9.9892E-05 9.9892E-05 9.9892E-05 9.9892E-05 0.129775 9.9892E-05 0.0050217 9.9892E-05 9.9892E-05
0.683416 0.121299 9.9901E-05 0.020923 9.9901E-05 0.0477297 9.9901E-05 9.9901E-05 0.0418875 9.9901E-05 0.00403532 0.0204838 9.9901E-05 0.0366129 9.9901E-05 9.9901E-05 0.0225144 9.9901E-05 9.9901E-05 9.9901E-05
0.840781 9.98921E-05 9.98921E-05 9.98921E-05 0.0204833 9.98921E-05 0.00012447 9.98921E-05 9.98921E-05 9.98921E-05 0.019552 9.98921E-05 0.0458787 9.98921E-05 9.98921E-05 9.98921E-05 9.98921E-05 0.00418362 0.00558473 0.062214
0.682465 0.00328076 0.00502919 9.9901E-05 9.9901E-05 9.9901E-05 9.9901E-05 9.9901E-05 0.018309 9.9901E-05 0.000811842 9.9901E-05 0.135715 9.9901E-05 9.9901E-05 9.9901E-05 0.00576367 0.00947167 9.9901E-05 0.138055
0.579987 0.108698 9.9901E-05 9.9901E-05 0.0474341 0.0421595 9.9901E-05 0.000185144 0.0438146 9.9901E-05 9.9901E-05 0.0546691 0.0804193 9.9901E-05 9.9901E-05 0.0415345 9.9901E-05 9.9901E-05 9.9901E-05 9.9901E-05
0.998103 9.98287E-05 9.98287E-05 9.98287E-05 9.98287E-05 9.98287E-05 9.98287E-05 9.98287E-05 9.98287E-05 9.98287E-05 9.98287E-05 9.98287E-05 9.98287E-05 9.98287E-05 9.98287E-05 9.98287E-05 9.98287E-05 9.98287E-05 9.98287E-05 9.98287E-05
0.546722 9.9901E-05 9.9901E-05 0.0511182 0.0780566 9.9901E-05 9.9901E-05 9.9901E-05 9.9901E-05 9.9901E-05 0.0096524 0.0482662 0.125685 0.000902642 9.9901E-05 0.0946111 9.9901E-05 9.9901E-05 9.9901E-05 0.0438872
0.425604 9.9874E-05 9.9874E-05 9.9874E-05 0.167483 9.9874E-05 9.9874E-05 0.0307175 9.9874E-05 9.9874E-05 9.9874E-05 9.9874E-05 0.0795024 9.9874E-05 9.9874E-05 0.287506 9.9874E-05 9.9874E-05 0.00778913 9.9874E-05
0.567546 9.9892E-05 9.9892E-05 0.0879547 0.0344512 9.9892E-05 9.9892E-05 9.9892E-05 9.9892E-05 0.0404469 9.9892E-05 9.9892E-05 0.0774595 0.0147086 9.9892E-05 0.165062 0.0111722 9.9892E-05 9.9892E-05 9.9892E-05
0.603815 9.9901E-05 9.9901E-05 0.00295051 9.9901E-05 0.113882 0.0383917 9.9901E-05 0.0446897 9.9901E-05 9.9901E-05 0.0854154 0.0670768 9.9901E-05 9.9901E-05 9.9901E-05 0.0406874 9.9901E-05 0.00199222 9.9901E-05
0.542804 9.9883E-05 9.9883E-05 9.9883E-05 9.9883E-05 0.0602073 9.9883E-05 9.9883E-05 9.9883E-05 9.9883E-05 9.9883E-05 0.0243555 0.192219 9.9883E-05 0.13554 9.9883E-05 9.9883E-05 0.0124367 0.0311403 9.9883E-05
0.519502 9.98919E-05 0.0346251 9.98919E-05 0.0591724 9.98919E-05 0.00453175 9.98919E-05 9.98919E-05 9.98919E-05 0.0156447 9.98919E-05 0.00396619 9.98919E-05 9.98919E-05 0.301882 9.98919E-05 9.98919E-05 0.0594768 9.98919E-05
0.464243 9.9928E-05 0.0180095 0.0187057 9.9928E-05 0.0690379 0.166493 9.9928E-05 9.9928E-05 9.9928E-05 0.0128169 9.9928E-05 0.163869 0.0206867 0.018387 9.9928E-05 9.9928E-05 0.00856572 0.0242054 0.0141802
0.336415 9.99099E-05 0.0450909 9.99099E-05 9.99099E-05 9.99099E-05 0.340057 0.0478929 9.99099E-05 9.99099E-05 9.99099E-05 0.0312748 9.99099E-05 0.0206057 9.99099E-05 0.141673 0.00737136 0.0277176 0.000902506 9.99099E-05
0.516247 9.99009E-05 0.0383045 9.99009E-05 0.0114672 0.166767 9.99009E-05 9.99009E-05 0.0185663 0.146791 9.99009E-05 9.99009E-05 9.99009E-05 0.0109304 0.0378657 9.99009E-05 9.99009E-05 9.99009E-05 9.99009E-05 0.051961
9.9901E-05 9.9901E-05 0.000433485 0.0334533 9.9901E-05 0.596986 9.9901E-05 0.100164 0.093657 0.0533683 9.9901E-05 0.0384015 9.9901E-05 0.00892888 0.0735091 9.9901E-05 9.9901E-05 9.9901E-05 9.9901E-05 9.9901E-05
9.9874E-05 9.9874E-05 9.9874E-05 9.9874E-05 9.9874E-05 0.69037 0.141546 9.9874E-05 9.9874E-05 0.0369761 9.9874E-05 9.9874E-05 0.0254853 0.051423 9.9874E-05 9.9874E-05 9.9874E-05 9.9874E-05 9.9874E-05 0.0528005
9.9919E-05 9.9919E-05 0.0226404 0.000491321 0.114407 0.644535 0.0168037 0.0119684 0.00896705 9.9919E-05 9.9919E-05 9.9919E-05 0.0182155 9.9919E-05 9.9919E-05 0.146089 0.000904443 9.9919E-05 0.0140789 9.9919E-05
0.0210687 9.9874E-05 9.9874E-05 0.0505419 9.9874E-05 0.735183 0.00265575 9.9874E-05 9.9874E-05 0.0827407 9.9874E-05 9.9874E-05 9.9874E-05 9.9874E-05 9.9874E-05 9.9874E-05 9.9874E-05 9.9874E-05 9.9874E-05 0.106412
0.0163571 0.100186 0.0395737 9.9901E-05 9.9901E-05 0.61328 9.9901E-05 9.9901E-05 0.0228481 0.0421263 9.9901E-05 9.9901E-05 9.9901E-05 0.00082754 9.9901E-05 9.9901E-05 9.9901E-05 9.9901E-05 0.0134758 0.150227
9.98651E-05 0.0385988 0.0114464 9.98651E-05 0.134511 0.774306 9.98651E-05 9.98651E-05 9.98651E-05 9.98651E-05 9.98651E-05 0.0396396 9.98651E-05 9.98651E-05 9.98651E-05 9.98651E-05 9.98651E-05 9.98651E-05 9.98651E-05 9.98651E-05
9.99009E-05 0.114547 0.0194052 9.99009E-05 9.99009E-05 0.540265 0.00656626 9.99009E-05 9.99009E-05 9.99009E-05 9.99009E-05 9.99009E-05 9.99009E-05 0.0246936 0.00249508 0.24533 9.99009E-05 0.0261701 0.0194285 9.99009E-05
0.0183486 9.9919E-05 0.0106521 9.9919E-05 0.0232885 0.755556 9.9919E-05 9.9919E-05 0.0349479 9.9919E-05 9.9919E-05 0.0506613 9.9919E-05 0.066854 0.00463858 9.9919E-05 0.017537 0.00376329 0.0128532 9.9919E-05
9.9892E-05 9.9892E-05 9.9892E-05 9.9892E-05 9.9892E-05 0.498181 9.9892E-05 0.149988 0.0657317 9.9892E-05 0.00406287 0.19096 0.041098 0.0446554 9.9892E-05 9.9892E-05 9.9892E-05 0.00412483 9.9892E-05 9.9892E-05
9.98831E-05 9.98831E-05 9.98831E-05 9.98831E-05 0.0169554 0.789726 9.98831E-05 9.98831E-05 9.98831E-05 0.079504 9.98831E-05 9.98831E-05 9.98831E-05 0.00798516 9.98831E-05 0.0789348 0.023227 9.98831E-05 0.00236956 9.98831E-05
9.9892E-05 0.0775374 0.0106619 9.9892E-05 0.050742 0.658175 9.9892E-05 0.0614565 9.9892E-05 9.9892E-05 0.0079601 9.9892E-05 9.9892E-05 9.9892E-05 0.123328 9.9892E-05 9.9892E-05 9.9892E-05 0.00894004 9.9892E-05
0.0449789 9.9901E-05 0.00365499 9.9901E-05 9.9901E-05 0.845008 9.9901E-05 9.9901E-05 0.000869717 9.9901E-05 0.00348185 0.0499799 9.9901E-05 0.0218395 9.9901E-05 9.9901E-05 0.0250155 9.9901E-05 0.00407294 9.9901E-05
9.991E-05 0.032296 0.00783487 9.991E-05 9.991E-05 0.458509 9.991E-05 0.282429 0.0136127 0.019217 9.991E-05 0.0131464 9.991E-05 0.00960997 0.0882413 0.0741043 9.991E-05 9.991E-05 9.991E-05 9.991E-05
9.9883E-05 9.9883E-05 9.9883E-05 9.9883E-05 9.9883E-05 0.764388 0.0672699 0.0489979 9.9883E-05 9.9883E-05 9.9883E-05 9.9883E-05 0.0269003 9.9883E-05 0.047488 0.0286201 0.0150376 9.9883E-05 9.9883E-05 9.9883E-05
9.98831E-05 9.98831E-05 0.0134707 0.00563772 9.98831E-05 0.793874 9.98831E-05 9.98831E-05 0.0211947 9.98831E-05 9.98831E-05 9.98831E-05 9.98831E-05 9.98831E-05 9.98831E-05 9.98831E-05 0.00818378 9.98831E-05 0.00695915 0.149381
9.9883E-05 9.9883E-05 9.9883E-05 9.9883E-05 9.9883E-05 0.751429 9.9883E-05 0.0496226 9.9883E-05 0.0457232 0.0461142 9.9883E-05 0.0197223 9.9883E-05 0.0384318 9.9883E-05 9.9883E-05 9.9883E-05 0.0476582 9.9883E-05
9.9883E-05 0.0600471 9.9883E-05 9.9883E-05 0.0281654 0.683536 0.123811 9.9883E-05 0.0227449 9.9883E-05 9.9883E-05 9.9883E-05 9.9883E-05 9.9883E-05 9.9883E-05 9.9883E-05 0.0238818 0.0565153 9.9883E-05 9.9883E-05
9.9874E-05 0.0146355 9.9874E-05 9.9874E-05 0.119005 0.69996 9.9874E-05 9.9874E-05 0.00969883 9.9874E-05 0.00892745 9.9874E-05 9.9874E-05 9.9874E-05 9.9874E-05 0.146375 9.9874E-05 9.9874E-05 9.9874E-05 9.9874E-05
0.00729997 9.9928E-05 0.0194861 0.0226788 9.9928E-05 0.611637 0.0470652 0.0811859 0.0205776 9.9928E-05 9.9928E-05 0.0482118 0.0528204 0.0350284 9.9928E-05 0.0387697 0.01444 9.9928E-05 9.9928E-05 9.9928E-05
0.0352366 9.9892E-05 9.9892E-05 0.056324 9.9892E-05 0.718277 0.0300555 9.9892E-05 9.9892E-05 9.9892E-05 0.0322492 9.9892E-05 0.0275757 9.9892E-05 9.9892E-05 9.9892E-05 9.9892E-05 0.0521076 9.9892E-05 0.0469756
0.00762424 9.9892E-05 9.9892E-05 0.00356398 9.9892E-05 0.164635 0.496777 9.9892E-05 0.0847134 0.205169 9.9892E-05 9.9892E-05 9.9892E-05 9.9892E-05 9.9892E-05 0.0333024 0.00301691 9.9892E-05 9.9892E-05 9.9892E-05
9.98289E-05 9.98289E-05 0.998103 9.98289E-05 9.98289E-05 9.98289E-05 9.98289E-05 9.98289E-05 9.98289E-05 9.98289E-05 9.98289E-05 9.98289E-05 9.98289E-05 9.98289E-05 9.98289E-05 9.98289E-05 9.98289E-05 9.98289E-05 9.98289E-05 9.98289E-05
9.9901E-05 9.9901E-05 9.9901E-05 0.053562 9.9901E-05 0.0540371 0.376792 9.9901E-05 0.02207 0.382147 0.0422393 0.00750844 9.9901E-05 0.0138941 9.9901E-05 9.9901E-05 9.9901E-05 9.9901E-05 0.0466507 9.9901E-05
9.991E-05 0.124583 0.00922453 9.991E-05 9.991E-05 9.991E-05 0.0242497 9.991E-05 9.991E-05 0.570047 0.00466243 9.991E-05 0.117784 0.053665 9.991E-05 0.0424911 9.991E-05 0.0218947 0.0303993 9.991E-05
9.9874E-05 9.9874E-05 0.0162328 0.0627734 9.9874E-05 9.9874E-05 9.9874E-05 9.9874E-05 9.9874E-05 0.777961 9.9874E-05 9.9874E-05 0.0982354 0.031654 0.0117454 9.9874E-05 9.9874E-05 9.9874E-05 9.9874E-05 9.9874E-05
9.9883E-05 9.9883E-05 9.9883E-05 9.9883E-05 0.384931 0.0508853 9.9883E-05 9.9883E-05 9.9883E-05 0.493631 9.9883E-05 0.0287818 9.9883E-05 9.9883E-05 0.035456 9.9883E-05 0.00384095 9.9883E-05 9.9883E-05 0.00117478
9.98289E-05 9.98289E-05 9.98289E-05 9.98289E-05 9.98289E-05 9.98289E-05 9.98289E-05 9.98289E-05 9.98289E-05 9.98289E-05 9.98289E-05 9.98289E-05 9.98289E-05 9.98289E-05 9.98289E-05 9.98289E-05 9.98289E-05 9.98289E-05 0.998103 9.98289E-05
9.98289E-05 9.98289E-05 0.998103 9.98289E-05 9.98289E-05 9.98289E-05 9.98289E-05 9.98289E-05 9.98289E-05 9.98289E-05 9.98289E-05 9.98289E-05 9.98289E-05 9.98289E-05 9.98289E-05 9.98289E-05 9.98289E-05 9.98289E-05 9.98289E-05 9.98289E-05
9.9907E-05 0.0589373 0.0181718 9.9907E-05 0.0787109 9.9907E-05 0.640672 9.9907E-05 9.9907E-05 9.9907E-05 0.00619791 9.9907E-05 0.096168 9.9907E-05 9.9907E-05 9.9907E-05 0.0163375 0.0361987 0.0475067 9.9907E-05
0.0496777 9.9883E-05 9.9883E-05 9.9883E-05 0.753427 9.9883E-05 9.9883E-05 9.9883E-05 0.0867637 9.9883E-05 0.000504921 9.9883E-05 9.9883E-05 9.9883E-05 0.0833203 9.9883E-05 0.00788093 9.9883E-05 0.0171266 9.9883E-05
9.9919E-05 0.0488792 0.040678 9.9919E-05 0.133613 9.9919E-05 9.9919E-05 9.9919E-05 0.0681202 0.553692 0.0171861 9.9919E-05 0.0381776 9.9919E-05 9.9919E-05 0.0437392 0.00589421 0.0133036 0.0358168 9.9919E-05
0.0588085 9.9874E-05 0.00550041 9.9874E-05 9.9874E-05 9.9874E-05 9.9874E-05 9.9874E-05 9.9874E-05 0.87411 0.00842131 9.9874E-05 9.9874E-05 9.9874E-05 9.9874E-05 9.9874E-05 9.9874E-05 9.9874E-05 0.00499523 0.0467668
0.0459688 9.9901E-05 0.0809058 9.9901E-05 9.9901E-05 9.9901E-05 9.9901E-05 9.9901E-05 9.9901E-05 0.644545 0.0372463 9.9901E-05 9.9901E-05 0.0222123 9.9901E-05 9.9901E-05 0.0136314 0.00575974 0.0325613 0.11607
9.9883E-05 9.9883E-05 0.0191945 9.9883E-05 0.192632 9.9883E-05 9.9883E-05 9.9883E-05 0.0471126 0.605935 9.9883E-05 0.123649 9.9883E-05 9.9883E-05 9.9883E-05 9.9883E-05 0.00517315 9.9883E-05 0.00500525 9.9883E-05
9.9874E-05 9.9874E-05 0.00384705 9.9874E-05 0.853954 9.9874E-05 9.9874E-05 9.9874E-05 9.9874E-05 0.0230278 9.9874E-05 9.9874E-05 0.0695078 9.9874E-05 9.9874E-05 9.9874E-05 0.010024 9.9874E-05 0.0382412 9.9874E-05
0.0387298 9.991E-05 0.0653184 0.0307065 0.150065 9.991E-05 9.991E-05 0.0862918 0.0384829 0.494583 9.991E-05 9.991E-05 0.0121658 0.0672884 9.991E-05 9.991E-05 9.991E-05 9.991E-05 0.0153698 9.991E-05
9.9883E-05 9.9883E-05 0.0373953 9.9883E-05 0.00637895 9.9883E-05 0.636498 9.9883E-05 9.9883E-05 9.9883E-05 0.00150693 9.9883E-05 0.297416 0.000588328 9.9883E-05 9.9883E-05 0.0189179 9.9883E-05 9.9883E-05 9.9883E-05
0.0449458 9.9919E-05 0.0342794 9.9919E-05 0.255306 0.216435 9.9919E-05 0.0312537 0.136695 9.9919E-05 0.0010959 9.9919E-05 0.186095 0.0233695 9.9919E-05 9.9919E-05 0.0479803 9.9919E-05 0.0216459 9.9919E-05
9.99001E-05 9.99001E-05 0.00584701 9.99001E-05 0.349219 0.144747 9.99001E-05 0.0895449 0.0907916 0.186755 9.99001E-05 9.99001E-05 9.99001E-05 9.99001E-05 0.0712008 9.99001E-05 0.0134565 0.0432057 0.00423377 9.99001E-05
9.9928E-05 0.0917918 0.0609758 9.9928E-05 0.25751 0.245214 0.127883 0.102833 0.0321906 0.0013851 0.0199806 9.9928E-05 9.9928E-05 0.00203756 9.9928E-05 9.9928E-05 0.00463194 0.0527681 9.9928E-05 9.9928E-05
9.9829E-05 9.9829E-05 9.9829E-05 9.9829E-05 9.9829E-05 9.9829E-05 9.9829E-05 9.9829E-05 9.9829E-05 9.9829E-05 9.9829E-05 9.9829E-05 9.9829E-05 9.9829E-05 9.9829E-05 9.9829E-05 9.9829E-05 9.9829E-05 0.998103 9.9829E-05
0.0297606 9.9919E-05 0.0373334 9.9919E-05 9.9919E-05 0.0666029 9.9919E-05 0.130433 9.9919E-05 0.475737 0.0532159 0.0083443 9.9919E-05 9.9919E-05 9.9919E-05 9.9919E-05 0.04331 0.0276573 0.0243734 0.102334
9.9919E-05 9.9919E-05 0.0184912 0.114152 0.0330335 0.0371849 9.9919E-05 0.0519598 0.0150408 0.6275 0.0119144 9.9919E-05 9.9919E-05 0.0311215 9.9919E-05 9.9919E-05 0.00501739 9.9919E-05 0.0536843 9.9919E-05
9.98292E-05 9.98292E-05 9.98292E-05 9.98292E-05 9.98292E-05 9.98292E-05 9.98292E-05 9.98292E-05 0.998103 9.98292E-05 9.98292E-05 9.98292E-05 9.98292E-05 9.98292E-05 9.98292E-05 9.98292E-05 9.98292E-05 9.98292E-05 9.98292E-05 9.98292E-05
0.00812915 9.9937E-05 0.0013336 9.9937E-05 0.116095 0.00850894 0.410151 9.9937E-05 0.031207 0.28188 0.0445032 9.9937E-05 0.0413587 9.9937E-05 0.0163765 0.0287529 9.9937E-05 0.00378648 0.00721745 9.9937E-05
9.991E-05 9.991E-05 0.00306353 9.991E-05 0.675772 9.991E-05 0.0497865 0.0149447 0.0472889 0.0536979 0.0107715 9.991E-05 9.991E-05 0.0289845 9.991E-05 9.991E-05 9.991E-05 0.0748527 0.0398384 9.991E-05
0.0309921 9.9928E-05 0.0181062 9.9928E-05 0.0988311 0.212594 0.287215 0.0385081 9.9928E-05 9.9928E-05 0.0819065 9.9928E-05 9.9928E-05 0.00244093 0.0746029 9.9928E-05 0.0181237 0.0241813 9.9928E-05 0.111699
9.991E-05 9.991E-05 0.0222435 0.110245 9.991E-05 0.0867877 0.198964 9.991E-05 9.991E-05 9.991E-05 9.991E-05 0.23071 9.991E-05 0.00418434 0.137687 0.154659 0.029842 9.991E-05 0.0236796 9.991E-05
9.9919E-05 9.9919E-05 0.0395439 0.0232129 9.9919E-05 0.117654 0.273347 0.000248069 0.0522662 0.232285 9.9919E-05 0.0764641 0.0874848 9.9919E-05 9.9919E-05 9.9919E-05 0.000661364 9.9919E-05 9.9919E-05 0.0959342
9.98381E-05 9.98381E-05 9.98381E-05 9.98381E-05 9.98381E-05 9.98381E-05 9.98381E-05 9.98381E-05 0.983391 9.98381E-05 9.98381E-05 9.98381E-05 9.98381E-05 9.98381E-05 9.98381E-05 9.98381E-05 9.98381E-05 9.98381E-05 0.0148123 9.98381E-05
9.98291E-05 9.98291E-05 9.98291E-05 9.98291E-05 9.98291E-05 9.98291E-05 9.98291E-05 9.98291E-05 0.998103 9.98291E-05 9.98291E-05 9.98291E-05 9.98291E-05 9.98291E-05 9.98291E-05 9.98291E-05 9.98291E-05 9.98291E-05 9.98291E-05 9.98291E-05
9.99099E-05 0.0190996 0.0135624 0.00560878 0.014821 9.99099E-05 9.99099E-05 0.0394753 0.0317331 0.746537 0.00700295 0.0935342 9.99099E-05 9.99099E-05 9.99099E-05 9.99099E-05 9.99099E-05 9.99099E-05 9.99099E-05 0.0276268
9.9829E-05 9.9829E-05 9.9829E-05 9.9829E-05 9.9829E-05 9.9829E-05 9.9829E-05 9.9829E-05 9.9829E-05 9.9829E-05 9.9829E-05 9.9829E-05 9.9829E-05 0.998103 9.9829E-05 9.9829E-05 9.9829E-05 9.9829E-05 9.9829E-05 9.9829E-05
9.9901E-05 0.0125051 9.9901E-05 9.9901E-05 9.9901E-05 0.0759046 0.0393077 9.9901E-05 9.9901E-05 0.61016 9.9901E-05 9.9901E-05 9.9901E-05 0.00219103 9.9901E-05 0.12045 0.0136948 0.000312538 0.124375 9.9901E-05
9.98651E-05 9.98651E-05 9.98651E-05 9.98651E-05 0.826806 9.98651E-05 0.113309 0.00758523 9.98651E-05 9.98651E-05 9.98651E-05 0.02555 9.98651E-05 9.98651E-05 9.98651E-05 9.98651E-05 9.98651E-05 9.98651E-05 0.0252517 9.98651E-05
0.00499158 9.98561E-05 9.98561E-05 9.98561E-05 9.98561E-05 9.98561E-05 0.975509 9.98561E-05 9.98561E-05 9.98561E-05 0.0110526 9.98561E-05 9.98561E-05 0.00684898 9.98561E-05 9.98561E-05 9.98561E-05 9.98561E-05 9.98561E-05 9.98561E-05
0.059965 0.0199702 9.9874E-05 9.9874E-05 9.9874E-05 9.9874E-05 0.900526 9.9874E-05 9.9874E-05 9.9874E-05 0.00747243 9.9874E-05 0.00411193 9.9874E-05 9.9874E-05 9.9874E-05 0.0065557 9.9874E-05 9.9874E-05 9.9874E-05
9.9856E-05 0.0225058 9.9856E-05 9.9856E-05 9.9856E-05 9.9856E-05 0.941596 9.9856E-05 9.9856E-05 9.9856E-05 9.9856E-05 0.0159509 9.9856E-05 9.9856E-05 9.9856E-05 9.9856E-05 0.0183499 9.9856E-05 9.9856E-05 9.9856E-05
0.0114141 9.99189E-05 0.0392934 9.99189E-05 0.0694812 9.99189E-05 0.349117 0.222166 0.0383393 0.112743 9.99189E-05 9.99189E-05 0.0577611 0.0144859 9.99189E-05 9.99189E-05 9.99189E-05 0.044511 0.0397889 9.99189E-05
9.9946E-05 0.0187287 0.00848665 9.9946E-05 0.0181365 9.9946E-05 0.33635 0.0579985 0.00881745 0.117401 0.00711546 0.0793207 0.180456 0.0562695 0.0344143 9.9946E-05 0.0572119 9.9946E-05 0.0186937 9.9946E-05
9.9919E-05 0.00319757 0.0211618 9.9919E-05 0.0807368 9.9919E-05 9.9919E-05 0.121933 0.00630619 0.540407 9.9919E-05 9.9919E-05 0.0271101 0.00906481 9.9919E-05 0.126192 0.0167843 0.0462072 9.9919E-05 9.9919E-05
0.0345933 9.9892E-05 0.00540676 0.0360655 9.9892E-05 0.0767743 9.9892E-05 9.9892E-05 0.0914063 0.740465 9.9892E-05 9.9892E-05 0.00145296 9.9892E-05 9.9892E-05 9.9892E-05 0.0126376 9.9892E-05 9.9892E-05 9.9892E-05
9.9919E-05 0.126486 0.0681238 9.9919E-05 0.000336895 9.9919E-05 0.0798106 0.00460221 9.9919E-05 0.595161 0.0106026 0.0402318 9.9919E-05 0.0081663 9.9919E-05 9.9919E-05 0.0608114 9.9919E-05 0.00476906 9.9919E-05
9.9937E-05 9.9937E-05 9.9937E-05 0.0297634 0.0958707 9.9937E-05 0.379791 0.0461933 9.9937E-05 0.322071 0.0104631 0.0129839 0.0512785 0.00838203 9.9937E-05 0.0194052 0.00164613 0.00919397 0.0122578 9.9937E-05
9.991E-05 0.0286263 0.0389054 9.991E-05 9.991E-05 9.991E-05 9.991E-05 9.991E-05 0.00312793 0.653904 0.0510354 0.101324 9.991E-05 9.991E-05 0.0074677 0.0776855 0.00328724 9.991E-05 0.0336375 9.991E-05
9.98289E-05 9.98289E-05 9.98289E-05 9.98289E-05 0.998103 9.98289E-05 9.98289E-05 9.98289E-05 9.98289E-05 9.98289E-05 9.98289E-05 9.98289E-05 9.98289E-05 9.98289E-05 9.98289E-05 9.98289E-05 9.98289E-05 9.98289E-05 9.98289E-05 9.98289E-05
9.9829E-05 9.9829E-05 9.9829E-05 9.9829E-05 9.9829E-05 9.9829E-05 9.9829E-05 9.9829E-05 9.9829E-05 9.9829E-05 0.998103 9.9829E-05 9.9829E-05 9.9829E-05 9.9829E-05 9.9829E-05 9.9829E-05 9.9829E-05 9.9829E-05 9.9829E-05
9.991E-05 9.991E-05 0.0519558 9.991E-05 9.991E-05 0.110607 0.401195 9.991E-05 9.991E-05 0.222922 0.0334477 9.991E-05 0.0595332 9.991E-05 0.0243228 9.991E-05 0.0341844 0.0305421 0.0302905 9.991E-05
9.9892E-05 0.00964087 9.9892E-05 9.9892E-05 0.144522 9.9892E-05 0.551495 9.9892E-05 0.0390012 0.177969 0.0116711 9.9892E-05 9.9892E-05 0.0116735 9.9892E-05 9.9892E-05 9.9892E-05 9.9892E-05 0.0528285 9.9892E-05
9.9901E-05 9.9901E-05 9.9901E-05 0.0284547 9.9901E-05 9.9901E-05 9.9901E-05 0.062807 0.024537 0.698711 9.9901E-05 9.9901E-05 9.9901E-05 0.0186612 0.0971357 9.9901E-05 9.9901E-05 0.0276256 0.0110268 0.0299421
9.9847E-05 0.00154244 9.9847E-05 9.9847E-05 0.962939 9.9847E-05 9.9847E-05 9.9847E-05 9.9847E-05 9.9847E-05 9.9847E-05 9.9847E-05 9.9847E-05 0.0338212 9.9847E-05 9.9847E-05 9.9847E-05 9.9847E-05 9.9847E-05 9.9847E-05
9.9892E-05 9.9892E-05 0.00655766 9.9892E-05 0.0176194 0.0396222 0.380867 9.9892E-05 0.00804154 0.338167 9.9892E-05 9.9892E-05 0.179821 9.9892E-05 9.9892E-05 9.9892E-05 0.0281057 9.9892E-05 9.9892E-05 9.9892E-05
0.0374863 9.99279E-05 9.99279E-05 0.0227805 0.00778642 0.044799 0.192148 9.99279E-05 0.0248877 0.490661 0.00862674 0.0204188 0.111085 9.99279E-05 9.99279E-05 9.99279E-05 0.020796 0.0177257 9.99279E-05 9.99279E-05
9.9829E-05 9.9829E-05 9.9829E-05 9.9829E-05 9.9829E-05 9.9829E-05 9.9829E-05 9.9829E-05 9.9829E-05 9.9829E-05 9.9829E-05 9.9829E-05 9.9829E-05 9.9829E-05 9.9829E-05 9.9829E-05 0.998103 9.9829E-05 9.9829E-05 9.9829E-05
9.9829E-05 9.9829E-05 9.9829E-05 9.9829E-05 9.9829E-05 9.9829E-05 9.9829E-05 9.9829E-05 9.9829E-05 9.9829E-05 0.998103 9.9829E-05 9.9829E-05 9.9829E-05 9.9829E-05 9.9829E-05 9.9829E-05 9.9829E-05 9.9829E-05 9.9829E-05
9.9838E-05 9.9838E-05 9.9838E-05 9.9838E-05 9.9838E-05 9.9838E-05 9.9838E-05 9.9838E-05 9.9838E-05 9.9838E-05 9.9838E-05 9.9838E-05 9.9838E-05 9.9838E-05 9.9838E-05 9.9838E-05 0.997419 9.9838E-05 0.000783799 9.9838E-05
9.9874E-05 9.9874E-05 0.0497006 9.9874E-05 9.9874E-05 9.9874E-05 0.887072 9.9874E-05 0.0199411 9.9874E-05 0.0254356 9.9874E-05 9.9874E-05 0.00972942 9.9874E-05 9.9874E-05 9.9874E-05 9.9874E-05 0.00672287 9.9874E-05
0.00901826 0.0253978 0.0391819 9.9919E-05 0.119775 9.9919E-05 0.250581 9.9919E-05 9.9919E-05 0.246018 0.0338155 9.9919E-05 9.9919E-05 0.0352876 9.9919E-05 0.176478 0.0416199 9.9919E-05 0.0219271 9.9919E-05
0.00953647 0.0462632 0.0455802 9.991E-05 0.20078 9.991E-05 0.62072 9.991E-05 0.0232057 9.991E-05 0.0219625 9.991E-05 0.0154399 0.00918372 9.991E-05 9.991E-05 0.00632861 9.991E-05 9.991E-05 9.991E-05
9.98651E-05 9.98651E-05 9.98651E-05 9.98651E-05 9.98651E-05 0.0401808 9.98651E-05 9.98651E-05 9.98651E-05 0.866596 9.98651E-05 9.98651E-05 9.98651E-05 9.98651E-05 0.0344242 9.98651E-05 0.0376487 0.0196523 9.98651E-05 9.98651E-05
0.0394263 9.9865E-05 0.00587637 9.9865E-05 0.923519 9.9865E-05 9.9865E-05 9.9865E-05 9.9865E-05 9.9865E-05 0.0261161 9.9865E-05 9.9865E-05 9.9865E-05 9.9865E-05 9.9865E-05 9.9865E-05 9.9865E-05 0.00356374 9.9865E-05
9.9829E-05 9.9829E-05 9.9829E-05 9.9829E-05 9.9829E-05 9.9829E-05 9.9829E-05 9.9829E-05 9.9829E-05 9.9829E-05 9.9829E-05 9.9829E-05 9.9829E-05 0.998103 9.9829E-05 9.9829E-05 9.9829E-05 9.9829E-05 9.9829E-05 9.9829E-05
9.9892E-05 9.9892E-05 9.9892E-05 0.0299164 9.9892E-05 9.9892E-05 0.208196 0.0981592 9.9892E-05 0.54917 0.0284879 0.0391016 9.9892E-05 0.000547343 9.9892E-05 9.9892E-05 9.9892E-05 0.045223 9.9892E-05 9.9892E-05
9.98651E-05 9.98651E-05 0.0551467 9.98651E-05 9.98651E-05 9.98651E-05 0.063964 9.98651E-05 9.98651E-05 0.0337366 9.98651E-05 9.98651E-05 0.791961 9.98651E-05 9.98651E-05 0.0536936 9.98651E-05 9.98651E-05 9.98651E-05 9.98651E-05
9.9874E-05 9.9874E-05 9.9874E-05 9.9874E-05 9.9874E-05 9.9874E-05 9.9874E-05 0.0706621 0.050789 9.9874E-05 0.000901807 0.00541135 0.852621 9.9874E-05 9.9874E-05 9.9874E-05 9.9874E-05 9.9874E-05 0.0182164 9.9874E-05
0.016862 9.9892E-05 9.9892E-05 9.9892E-05 9.9892E-05 9.9892E-05 9.9892E-05 0.0460444 0.0748017 9.9892E-05 0.010643 9.9892E-05 0.826789 0.0092343 9.9892E-05 9.9892E-05 0.0113849 9.9892E-05 0.00304234 9.9892E-05
9.9892E-05 9.9892E-05 0.0101108 9.9892E-05 0.0332836 9.9892E-05 0.121729 0.0391483 9.9892E-05 9.9892E-05 9.9892E-05 9.9892E-05 0.750181 0.035021 9.9892E-05 9.9892E-05 9.9892E-05 0.00797067 0.00135651 9.9892E-05
9.98651E-05 9.98651E-05 9.98651E-05 9.98651E-05 0.0963322 9.98651E-05 9.98651E-05 9.98651E-05 9.98651E-05 9.98651E-05 0.025295 9.98651E-05 0.707975 9.98651E-05 9.98651E-05 0.14942 0.0194796 9.98651E-05 9.98651E-05 9.98651E-05
9.9883E-05 9.9883E-05 0.0307336 0.0403147 0.05301 9.9883E-05 9.9883E-05 9.9883E-05 9.9883E-05 9.9883E-05 9.9883E-05 9.9883E-05 0.769525 0.0173932 0.0773883 9.9883E-05 9.9883E-05 9.9883E-05 0.0103366 9.9883E-05
9.9847E-05 0.0097533 9.9847E-05 0.0385524 9.9847E-05 9.9847E-05 9.9847E-05 9.9847E-05 9.9847E-05 9.9847E-05 9.9847E-05 9.9847E-05 0.949997 9.9847E-05 9.9847E-05 9.9847E-05 9.9847E-05 9.9847E-05 9.9847E-05 9.9847E-05
9.98651E-05 9.98651E-05 9.98651E-05 9.98651E-05 9.98651E-05 9.98651E-05 0.0308348 9.98651E-05 0.010033 9.98651E-05 9.98651E-05 9.98651E-05 0.889604 0.0201267 9.98651E-05 9.98651E-05 9.98651E-05 0.0479033 9.98651E-05 9.98651E-05
9.9874E-05 0.0351295 9.9874E-05 9.9874E-05 9.9874E-05 0.0178936 9.9874E-05 9.9874E-05 9.9874E-05 9.9874E-05 0.00186696 0.10163 0.835907 9.9874E-05 9.9874E-05 9.9874E-05 0.00617453 9.9874E-05 9.9874E-05 9.9874E-05
0.0344724 0.0685102 0.0175461 9.991E-05 9.991E-05 0.052786 0.0447861 9.991E-05 9.991E-05 0.00881093 0.0347241 9.991E-05 0.720244 9.991E-05 9.991E-05 0.0170087 0.000112757 9.991E-05 9.991E-05 9.991E-05
0.0718725 9.991E-05 0.00400049 9.991E-05 0.103545 0.0189203 9.991E-05 0.0322679 9.991E-05 0.0697473 9.991E-05 0.0107837 0.653677 0.0160095 9.991E-05 9.991E-05 0.0181772 9.991E-05 9.991E-05 9.991E-05
9.9883E-05 9.9883E-05 9.9883E-05 9.9883E-05 0.0242678 9.9883E-05 9.9883E-05 9.9883E-05 9.9883E-05 9.9883E-05 0.00439281 0.0381525 9.9883E-05 0.00927975 0.020352 9.9883E-05 0.025387 9.9883E-05 9.9883E-05 0.87687
9.98289E-05 9.98289E-05 9.98289E-05 9.98289E-05 9.98289E-05 9.98289E-05 9.98289E-05 9.98289E-05 9.98289E-05 9.98289E-05 9.98289E-05 0.998103 9.98289E-05 9.98289E-05 9.98289E-05 9.98289E-05 9.98289E-05 9.98289E-05 9.98289E-05 9.98289E-05
9.9874E-05 9.9874E-05 9.9874E-05 9.9874E-05 9.9874E-05 9.9874E-05 9.9874E-05 9.9874E-05 0.00302801 0.0489599 9.9874E-05 0.02429 9.9874E-05 9.9874E-05 9.9874E-05 9.9874E-05 0.00528349 0.00154297 9.9874E-05 0.915497
9.98291E-05 9.98291E-05 9.98291E-05 0.998103 9.98291E-05 9.98291E-05 9.98291E-05 9.98291E-05 9.98291E-05 9.98291E-05 9.98291E-05 9.98291E-05 9.98291E-05 9.98291E-05 9.98291E-05 9.98291E-05 9.98291E-05 9.98291E-05 9.98291E-05 9.98291E-05
9.98381E-05 9.98381E-05 9.98381E-05 9.98381E-05 9.98381E-05 9.98381E-05 9.98381E-05 9.98381E-05 9.98381E-05 9.98381E-05 9.98381E-05 9.98381E-05 9.98381E-05 9.98381E-05 9.98381E-05 9.98381E-05 9.98381E-05 9.98381E-05 0.0310996 0.967103
9.98741E-05 0.00735373 9.98741E-05 9.98741E-05 0.0146983 9.98741E-05 9.98741E-05 9.98741E-05 9.98741E-05 9.98741E-05 9.98741E-05 0.0114687 0.0973006 9.98741E-05 0.148438 0.719343 9.98741E-05 9.98741E-05 9.98741E-05 9.98741E-05
0.00698198 0.0594232 9.9892E-05 0.0817779 9.9892E-05 9.9892E-05 9.9892E-05 0.0222173 9.9892E-05 9.9892E-05 0.01914 0.120579 9.9892E-05 9.9892E-05 9.9892E-05 0.352011 9.9892E-05 9.9892E-05 9.9892E-05 0.336672
9.98471E-05 9.98471E-05 9.98471E-05 9.98471E-05 9.98471E-05 9.98471E-05 9.98471E-05 9.98471E-05 0.0505306 9.98471E-05 9.98471E-05 9.98471E-05 9.98471E-05 9.98471E-05 0.252488 9.98471E-05 9.98471E-05 9.98471E-05 9.98471E-05 0.695284
0.0237272 9.99189E-05 0.00164758 9.99189E-05 9.99189E-05 9.99189E-05 0.0795459 0.0835846 0.0593624 9.99189E-05 0.00383509 9.99189E-05 9.99189E-05 0.0140592 9.99189E-05 0.0887606 0.0428447 0.00891801 9.99189E-05 0.592815
9.98289E-05 9.98289E-05 9.98289E-05 9.98289E-05 9.98289E-05 9.98289E-05 9.98289E-05 9.98289E-05 9.98289E-05 9.98289E-05 9.98289E-05 0.998103 9.98289E-05 9.98289E-05 9.98289E-05 9.98289E-05 9.98289E-05 9.98289E-05 9.98289E-05 9.98289E-05
9.9847E-05 9.9847E-05 0.00889247 9.9847E-05 9.9847E-05 9.9847E-05 9.9847E-05 9.9847E-05 9.9847E-05 9.9847E-05 9.9847E-05 9.9847E-05 9.9847E-05 9.9847E-05 9.9847E-05 9.9847E-05 9.9847E-05 9.9847E-05 0.00602243 0.983388
9.98379E-05 9.98379E-05 9.98379E-05 9.98379E-05 9.98379E-05 9.98379E-05 9.98379E-05 9.98379E-05 9.98379E-05 9.98379E-05 9.98379E-05 0.97808 9.98379E-05 9.98379E-05 0.0201226 9.98379E-05 9.98379E-05 9.98379E-05 9.98379E-05 9.98379E-05
0.00418026 9.9937E-05 0.00622192 0.0455819 9.9937E-05 9.9937E-05 0.0132703 0.0980859 0.00695542 9.9937E-05 9.9937E-05 0.0729574 0.00224982 0.022656 0.071455 9.9937E-05 0.020355 0.00926575 9.9937E-05 0.626066
9.991E-05 0.0272145 0.0235929 9.991E-05 0.0738299 9.991E-05 0.175468 0.083277 9.991E-05 9.991E-05 9.991E-05 0.14272 9.991E-05 0.00285565 0.176656 9.991E-05 9.991E-05 9.991E-05 0.00577527 0.287612
9.9874E-05 9.9874E-05 0.0322392 0.0604876 9.9874E-05 9.9874E-05 0.127004 9.9874E-05 9.9874E-05 9.9874E-05 9.9874E-05 0.0515978 9.9874E-05 9.9874E-05 0.701505 0.0257682 9.9874E-05 9.9874E-05 9.9874E-05 9.9874E-05
9.9865E-05 9.9865E-05 0.00757937 9.9865E-05 9.9865E-05 9.9865E-05 0.0668485 9.9865E-05 9.9865E-05 9.9865E-05 9.9865E-05 9.9865E-05 9.9865E-05 0.00513293 0.90825 9.9865E-05 9.9865E-05 0.0106913 9.9865E-05 9.9865E-05
9.9829E-05 9.9829E-05 9.9829E-05 0.998103 9.9829E-05 9.9829E-05 9.9829E-05 9.9829E-05 9.9829E-05 9.9829E-05 9.9829E-05 9.9829E-05 9.9829E-05 9.9829E-05 9.9829E-05 9.9829E-05 9.9829E-05 9.9829E-05 9.9829E-05 9.9829E-05
9.9874E-05 9.9874E-05 0.0247682 0.849116 9.9874E-05 9.9874E-05 9.9874E-05 9.9874E-05 9.9874E-05 0.00193639 0.00360158 9.9874E-05 9.9874E-05 9.9874E-05 0.104093 9.9874E-05 9.9874E-05 0.0150857 9.9874E-05 9.9874E-05
9.98291E-05 9.98291E-05 9.98291E-05 9.98291E-05 9.98291E-05 9.98291E-05 9.98291E-05 9.98291E-05 9.98291E-05 9.98291E-05 9.98291E-05 9.98291E-05 9.98291E-05 9.98291E-05 0.998103 9.98291E-05 9.98291E-05 9.98291E-05 9.98291E-05 9.98291E-05
9.9847E-05 9.9847E-05 9.9847E-05 9.9847E-05 9.9847E-05 9.9847E-05 9.9847E-05 0.000297277 9.9847E-05 9.9847E-05 9.9847E-05 9.9847E-05 9.9847E-05 9.9847E-05 0.995631 9.9847E-05 9.9847E-05 9.9847E-05 0.00237443 9.9847E-05
9.9874E-05 9.9874E-05 9.9874E-05 0.17573 9.9874E-05 9.9874E-05 0.261451 0.0880215 9.9874E-05 9.9874E-05 9.9874E-05 9.9874E-05 9.9874E-05 9.9874E-05 0.243719 0.206111 9.9874E-05 9.9874E-05 0.0235698 9.9874E-05
9.9874E-05 0.00865524 9.9874E-05 9.9874E-05 9.9874E-05 9.9874E-05 9.9874E-05 9.9874E-05 0.0185677 9.9874E-05 0.000234744 9.9874E-05 0.0277915 9.9874E-05 0.917195 9.9874E-05 0.0261575 9.9874E-05 9.9874E-05 9.9874E-05
9.9856E-05 9.9856E-05 9.9856E-05 9.9856E-05 9.9856E-05 9.9856E-05 9.9856E-05 9.9856E-05 9.9856E-05 9.9856E-05 9.9856E-05 9.9856E-05 9.9856E-05 0.00599756 9.9856E-05 0.967304 0.0237539 9.9856E-05 0.00134656 9.9856E-05
9.9847E-05 9.9847E-05 9.9847E-05 9.9847E-05 9.9847E-05 9.9847E-05 9.9847E-05 9.9847E-05 9.9847E-05 0.00328689 9.9847E-05 9.9847E-05 9.9847E-05 0.0177288 9.9847E-05 0.977287 9.9847E-05 9.9847E-05 9.9847E-05 9.9847E-05
0.0407119 9.9892E-05 0.0104814 0.0224831 9.9892E-05 9.9892E-05 0.193312 9.9892E-05 9.9892E-05 9.9892E-05 0.00536179 9.9892E-05 9.9892E-05 9.9892E-05 0.0543104 0.433743 9.9892E-05 9.9892E-05 9.9892E-05 0.238398
0.0315898 0.0452943 9.9874E-05 0.221788 9.9874E-05 9.9874E-05 0.217921 9.9874E-05 9.9874E-05 9.9874E-05 9.9874E-05 9.9874E-05 9.9874E-05 9.9874E-05 9.9874E-05 0.129524 9.9874E-05 9.9874E-05 9.9874E-05 0.352486
9.98919E-05 0.0172738 0.00276248 9.98919E-05 9.98919E-05 9.98919E-05 9.98919E-05 0.104366 9.98919E-05 0.0163078 9.98919E-05 9.98919E-05 9.98919E-05 0.00806852 9.98919E-05 0.279716 0.0453973 9.98919E-05 9.98919E-05 0.524909
9.9919E-05 0.132268 0.0339429 0.131705 9.9919E-05 9.9919E-05 0.0561105 9.9919E-05 9.9919E-05 9.9919E-05 0.00554942 0.131902 9.9919E-05 9.9919E-05 9.9919E-05 0.30715 0.00926729 0.0145669 0.0134556 0.163183
0.0151337 0.0745239 9.99189E-05 0.0497777 9.99189E-05 9.99189E-05 0.152465 9.99189E-05 0.00436813 9.99189E-05 9.99189E-05 0.139044 9.99189E-05 9.99189E-05 0.100532 0.42581 0.00697517 0.00107301 9.99189E-05 0.0293984
9.98471E-05 9.98471E-05 9.98471E-05 9.98471E-05 9.98471E-05 9.98471E-05 9.98471E-05 9.98471E-05 9.98471E-05 9.98471E-05 0.00360399 9.98471E-05 9.98471E-05 9.98471E-05 9.98471E-05 0.972987 9.98471E-05 9.98471E-05 9.98471E-05 0.0217118
9.9892E-05 0.0908123 0.00909626 0.0918348 9.9892E-05 9.9892E-05 9.9892E-05 9.9892E-05 9.9892E-05 9.9892E-05 9.9892E-05 0.222228 9.9892E-05 9.9892E-05 0.0295756 0.0612901 0.0271115 9.9892E-05 9.9892E-05 0.466853
9.9856E-05 9.9856E-05 9.9856E-05 9.9856E-05 9.9856E-05 0.0611702 9.9856E-05 9.9856E-05 9.9856E-05 9.9856E-05 0.00878832 9.9856E-05 9.9856E-05 9.9856E-05 9.9856E-05 0.922152 0.00629174 9.9856E-05 9.9856E-05 9.9856E-05
0.0279159 9.9901E-05 9.9901E-05 0.0908233 9.9901E-05 0.0870091 0.0329614 9.9901E-05 0.0246093 9.9901E-05 9.9901E-05 0.0848965 9.9901E-05 9.9901E-05 0.115541 0.524927 9.9901E-05 9.9901E-05 9.9901E-05 0.0102172
0.00864911 9.9865E-05 9.9865E-05 0.960536 9.9865E-05 9.9865E-05 9.9865E-05 9.9865E-05 0.00412311 9.9865E-05 0.0116104 9.9865E-05 9.9865E-05 0.013583 9.9865E-05 9.9865E-05 9.9865E-05 9.9865E-05 9.9865E-05 9.9865E-05
9.9865E-05 9.9865E-05 9.9865E-05 9.9865E-05 0.00617954 9.9865E-05 0.00845874 9.9865E-05 9.9865E-05 9.9865E-05 9.9865E-05 9.9865E-05 9.9865E-05 0.024514 9.9865E-05 0.162802 9.9865E-05 9.9865E-05 9.9865E-05 0.796548
9.98291E-05 9.98291E-05 9.98291E-05 9.98291E-05 9.98291E-05 9.98291E-05 9.98291E-05 0.998103 9.98291E-05 9.98291E-05 9.98291E-05 9.98291E-05 9.98291E-05 9.98291E-05 9.98291E-05 9.98291E-05 9.98291E-05 9.98291E-05 9.98291E-05 9.98291E-05
9.9856E-05 0.888456 9.9856E-05 9.9856E-05 9.9856E-05 9.9856E-05 0.0930248 9.9856E-05 9.9856E-05 9.9856E-05 9.9856E-05 9.9856E-05 9.9856E-05 0.0107704 9.9856E-05 9.9856E-05 9.9856E-05 9.9856E-05 9.9856E-05 0.0061514
9.98381E-05 9.98381E-05 9.98381E-05 9.98381E-05 9.98381E-05 9.98381E-05 9.98381E-05 0.996496 9.98381E-05 9.98381E-05 9.98381E-05 9.98381E-05 9.98381E-05 0.00170736 9.98381E-05 9.98381E-05 9.98381E-05 9.98381E-05 9.98381E-05 9.98381E-05
9.98829E-05 9.98829E-05 9.98829E-05 9.98829E-05 9.98829E-05 0.047772 9.98829E-05 0.880316 0.00663251 9.98829E-05 9.98829E-05 0.0113915 0.0122186 9.98829E-05 9.98829E-05 0.038848 9.98829E-05 0.00152293 9.98829E-05 9.98829E-05
9.9838E-05 9.9838E-05 9.9838E-05 9.9838E-05 9.9838E-05 9.9838E-05 9.9838E-05 0.993707 9.9838E-05 9.9838E-05 0.00449574 9.9838E-05 9.9838E-05 9.9838E-05 9.9838E-05 9.9838E-05 9.9838E-05 9.9838E-05 9.9838E-05 9.9838E-05
9.9856E-05 0.985301 9.9856E-05 9.9856E-05 9.9856E-05 9.9856E-05 9.9856E-05 9.9856E-05 9.9856E-05 9.9856E-05 0.00362819 0.00490673 9.9856E-05 9.9856E-05 9.9856E-05 9.9856E-05 0.00456668 9.9856E-05 9.9856E-05 9.9856E-05
9.9829E-05 0.998103 9.9829E-05 9.9829E-05 9.9829E-05 9.9829E-05 9.9829E-05 9.9829E-05 9.9829E-05 9.9829E-05 9.9829E-05 9.9829E-05 9.9829E-05 9.9829E-05 9.9829E-05 9.9829E-05 9.9829E-05 9.9829E-05 9.9829E-05 9.9829E-05
0.0251267 0.929423 9.98471E-05 9.98471E-05 9.98471E-05 9.98471E-05 9.98471E-05 9.98471E-05 9.98471E-05 9.98471E-05 9.98471E-05 9.98471E-05 9.98471E-05 9.98471E-05 9.98471E-05 9.98471E-05 9.98471E-05 0.0437533 9.98471E-05 9.98471E-05
