0.775578 9.9991E-05 0.224322
0.965994 0.0269258 0.00708069
0.522467 9.9991E-05 0.477433
0.789349 0.0371051 0.173546
9.9991E-05 0.0990425 0.900858
0.419365 0.580535 9.9991E-05
0.0859423 0.0619528 0.852105
0.942076 9.9991E-05 0.0578241
0.0241443 0.975756 9.9991E-05
9.999E-05 9.999E-05 0.9998
9.999E-05 9.999E-05 0.9998
0.957354 0.0425463 9.9991E-05
9.9991E-05 0.257366 0.742534
0.198594 9.9991E-05 0.801306
9.9991E-05 0.263764 0.736136
9.9991E-05 0.788983 0.210917
0.9998 9.999E-05 9.999E-05
9.9991E-05 0.602339 0.397561
0.444254 0.555646 9.9991E-05
9.9991E-05 0.872695 0.127205
9.9991E-05 0.859159 0.140741
0.21084 0.769168 0.0199921
9.9991E-05 0.684222 0.315678
0.564655 0.15695 0.278395
0.240403 9.9991E-05 0.759497
9.9991E-05 0.372444 0.627456
0.759997 9.9991E-05 0.239903
0.262324 0.531389 0.206287
0.9998 9.999E-05 9.999E-05
0.560084 0.439816 9.9991E-05
0.106558 9.9991E-05 0.893342
0.05052 9.9991E-05 0.94938
9.999E-05 9.999E-05 0.9998
0.376298 0.623602 9.9991E-05
0.967414 9.9991E-05 0.032486
9.9991E-05 0.94364 0.0562596
0.281218 0.718682 9.9991E-05
0.356873 0.629364 0.0137622
0.158277 0.101819 0.739904
0.450244 0.549656 9.9991E-05
0.662306 0.337594 9.9991E-05
0.9998 9.999E-05 9.999E-05
9.99911E-05 0.861413 0.138487
0.17062 9.9991E-05 0.82928
9.9991E-05 0.313236 0.686664
0.9998 9.999E-05 9.999E-05
9.999E-05 0.9998 9.999E-05
0.121518 0.878382 9.9991E-05
9.9991E-05 0.425714 0.574186
9.9991E-05 0.907761 0.092139
