0.0211304 9.9892E-05 0.0556246 0.0136354 9.9892E-05 0.00965567 9.9892E-05 9.9892E-05 9.9892E-05 9.9892E-05 9.9892E-05 9.9892E-05 9.9892E-05 0.898755 9.9892E-05 9.9892E-05 9.9892E-05
9.9901E-05 9.9901E-05 0.083646 9.9901E-05 9.9901E-05 9.9901E-05 9.9901E-05 9.9901E-05 9.9901E-05 0.00584989 9.9901E-05 0.118676 9.9901E-05 0.628867 0.142904 9.9901E-05 0.0189575
9.991E-05 9.991E-05 9.991E-05 9.991E-05 9.991E-05 0.0158397 9.991E-05 9.991E-05 0.0860132 9.991E-05 9.991E-05 0.119212 0.0120215 0.739901 9.991E-05 0.0212637 0.00474999
9.9919E-05 0.0130119 9.9919E-05 9.9919E-05 9.9919E-05 9.9919E-05 9.9919E-05 9.9919E-05 0.0634915 9.9919E-05 0.0734195 9.9919E-05 0.0177975 0.723927 0.0700142 0.0140451 0.0233939
9.9937E-05 0.0168987 9.9937E-05 0.0396246 0.0126992 9.9937E-05 9.9937E-05 0.00317246 9.9937E-05 0.00018427 0.0489884 9.9937E-05 9.9937E-05 0.76348 0.0941523 0.0142611 0.00583993
9.9901E-05 9.9901E-05 9.9901E-05 9.9901E-05 9.9901E-05 9.9901E-05 9.9901E-05 0.0388967 0.0581506 0.00816755 9.9901E-05 0.00590748 9.9901E-05 0.775867 0.111912 9.9901E-05 9.9901E-05
9.9892E-05 9.9892E-05 9.9892E-05 9.9892E-05 0.00046553 9.9892E-05 9.9892E-05 9.9892E-05 9.9892E-05 0.00061126 9.9892E-05 0.0348229 0.113152 0.849749 9.9892E-05 9.9892E-05 9.9892E-05
9.9928E-05 9.9928E-05 9.9928E-05 9.9928E-05 0.00693122 0.00766626 9.9928E-05 0.0204662 0.0311707 0.00741355 0.0236423 9.9928E-05 0.141186 0.742904 9.9928E-05 0.0178212 9.9928E-05
9.9928E-05 9.9928E-05 9.9928E-05 9.9928E-05 9.9928E-05 0.000983216 9.9928E-05 0.00284057 0.0312054 9.9928E-05 0.049141 0.0293912 0.14126 0.724338 9.9928E-05 0.00325863 0.0167823
0.0748339 9.991E-05 9.991E-05 9.991E-05 0.000368074 9.991E-05 0.0478052 9.991E-05 0.05031 9.991E-05 9.991E-05 0.0663098 9.991E-05 0.746264 9.991E-05 9.991E-05 0.0131102
9.99009E-05 9.99009E-05 0.107068 9.99009E-05 9.99009E-05 9.99009E-05 0.0291839 0.0256147 0.0850374 9.99009E-05 9.99009E-05 9.99009E-05 9.99009E-05 0.663505 0.0884923 9.99009E-05 9.99009E-05
9.9919E-05 9.9919E-05 0.0969171 9.9919E-05 9.9919E-05 0.00495007 0.0759937 0.000124674 0.116809 9.9919E-05 9.9919E-05 9.9919E-05 9.9919E-05 0.67748 0.0217364 0.00508975 9.9919E-05
9.98831E-05 9.98831E-05 9.98831E-05 9.98831E-05 9.98831E-05 9.98831E-05 9.98831E-05 9.98831E-05 0.136453 0.0451173 0.109579 9.98831E-05 9.98831E-05 0.707552 9.98831E-05 9.98831E-05 9.98831E-05
0.005419 9.9937E-05 0.0341117 9.9937E-05 9.9937E-05 0.019973 0.010986 9.9937E-05 0.00161284 0.00941721 9.9937E-05 0.0344923 0.229824 0.65273 9.9937E-05 9.9937E-05 0.000733524
9.9919E-05 0.0189919 9.9919E-05 9.9919E-05 9.9919E-05 9.9919E-05 0.11635 9.9919E-05 9.9919E-05 9.9919E-05 0.00190555 0.0258772 9.9919E-05 0.763229 0.0125857 0.0208097 0.0393519
9.98921E-05 0.0375939 9.98921E-05 9.98921E-05 9.98921E-05 9.98921E-05 9.98921E-05 0.0196701 9.98921E-05 9.98921E-05 9.98921E-05 9.98921E-05 0.00539559 0.799189 0.136953 9.98921E-05 9.98921E-05
9.9901E-05 0.00445531 9.9901E-05 0.0313248 0.0218382 9.9901E-05 9.9901E-05 0.0312607 9.9901E-05 9.9901E-05 9.9901E-05 9.9901E-05 9.9901E-05 0.903044 9.9901E-05 0.00697771 9.9901E-05
9.98741E-05 0.0438007 9.98741E-05 0.0564205 9.98741E-05 9.98741E-05 9.98741E-05 9.98741E-05 9.98741E-05 9.98741E-05 9.98741E-05 9.98741E-05 9.98741E-05 0.898381 9.98741E-05 9.98741E-05 9.98741E-05
9.98831E-05 9.98831E-05 9.98831E-05 0.0825406 9.98831E-05 9.98831E-05 9.98831E-05 9.98831E-05 9.98831E-05 0.0198697 9.98831E-05 9.98831E-05 0.0167387 0.879553 9.98831E-05 9.98831E-05 9.98831E-05
9.9901E-05 0.0226788 9.9901E-05 0.0647653 9.9901E-05 9.9901E-05 0.0335504 0.011648 9.9901E-05 9.9901E-05 9.9901E-05 9.9901E-05 9.9901E-05 0.848083 9.9901E-05 9.9901E-05 0.0181755
9.9856E-05 9.9856E-05 9.9856E-05 9.9856E-05 9.9856E-05 0.998402 9.9856E-05 9.9856E-05 9.9856E-05 9.9856E-05 9.9856E-05 9.9856E-05 9.9856E-05 9.9856E-05 9.9856E-05 9.9856E-05 9.9856E-05
0.0384108 9.9892E-05 0.185024 9.9892E-05 9.9892E-05 9.9892E-05 0.703835 9.9892E-05 0.064458 0.00707412 9.9892E-05 9.9892E-05 9.9892E-05 9.9892E-05 9.9892E-05 9.9892E-05 9.9892E-05
0.0396415 0.00484539 9.9946E-05 0.0188057 0.0294891 9.9946E-05 0.794219 9.9946E-05 0.00800602 0.0151463 9.9946E-05 0.0394993 9.9946E-05 0.023312 0.0224508 0.00398585 9.9946E-05
9.9892E-05 9.9892E-05 9.9892E-05 0.0902814 0.00378624 9.9892E-05 0.851788 0.0259049 9.9892E-05 9.9892E-05 9.9892E-05 9.9892E-05 9.9892E-05 9.9892E-05 9.9892E-05 9.9892E-05 0.0270412
9.98741E-05 9.98741E-05 9.98741E-05 9.98741E-05 9.98741E-05 0.0122619 0.951267 9.98741E-05 9.98741E-05 9.98741E-05 9.98741E-05 0.0350727 9.98741E-05 9.98741E-05 9.98741E-05 9.98741E-05 9.98741E-05
9.9892E-05 9.9892E-05 9.9892E-05 9.9892E-05 9.9892E-05 9.9892E-05 0.915852 0.0310515 9.9892E-05 9.9892E-05 0.040139 9.9892E-05 9.9892E-05 0.00581278 9.9892E-05 0.00594589 9.9892E-05
9.99011E-05 0.0459635 9.99011E-05 0.0582343 9.99011E-05 9.99011E-05 0.836036 9.99011E-05 0.0290845 9.99011E-05 9.99011E-05 9.99011E-05 0.00925576 9.99011E-05 9.99011E-05 0.0203269 9.99011E-05
9.9865E-05 9.9865E-05 9.9865E-05 9.9865E-05 9.9865E-05 0.99724 9.9865E-05 9.9865E-05 9.9865E-05 9.9865E-05 9.9865E-05 9.9865E-05 9.9865E-05 9.9865E-05 0.00126178 9.9865E-05 9.9865E-05
9.9892E-05 9.9892E-05 9.9892E-05 9.9892E-05 9.9892E-05 0.015909 0.740548 9.9892E-05 9.9892E-05 9.9892E-05 9.9892E-05 0.116913 9.9892E-05 9.9892E-05 0.11326 9.9892E-05 0.0121717
9.9901E-05 0.0187353 9.9901E-05 0.0383942 9.9901E-05 9.9901E-05 0.695665 9.9901E-05 9.9901E-05 0.0135836 9.9901E-05 0.156886 9.9901E-05 9.9901E-05 0.0756372 9.9901E-05 9.9901E-05
9.991E-05 9.991E-05 9.991E-05 9.991E-05 9.991E-05 0.0141876 0.789243 0.0322844 9.991E-05 9.991E-05 0.0319253 9.991E-05 9.991E-05 9.991E-05 0.101406 0.0164929 0.0134617
9.991E-05 0.00242868 0.0325995 0.0816814 9.991E-05 0.0416851 0.718644 0.0318666 9.991E-05 9.991E-05 9.991E-05 9.991E-05 0.0900959 9.991E-05 9.991E-05 9.991E-05 9.991E-05
9.9919E-05 9.9919E-05 9.9919E-05 0.0132758 9.9919E-05 0.0621697 0.639264 9.9919E-05 9.9919E-05 0.00754365 0.0462927 0.0574345 0.147278 0.0258425 9.9919E-05 9.9919E-05 9.9919E-05
0.104313 9.9919E-05 0.0675035 9.9919E-05 0.017169 0.0097436 0.695452 9.9919E-05 9.9919E-05 0.0512074 0.0060009 9.9919E-05 9.9919E-05 9.9919E-05 9.9919E-05 0.0477112 9.9919E-05
9.99369E-05 0.016615 0.22235 0.0334355 0.00821058 9.99369E-05 0.660656 0.00832076 9.99369E-05 0.00309272 0.0222623 9.99369E-05 9.99369E-05 9.99369E-05 9.99369E-05 0.00203645 0.0223211
9.99189E-05 9.99189E-05 0.329887 9.99189E-05 9.99189E-05 0.012277 0.424479 9.99189E-05 9.99189E-05 0.0119869 9.99189E-05 9.99189E-05 9.99189E-05 0.0133911 0.129805 0.0413247 0.0359508
0.0221512 0.143493 9.9919E-05 0.125194 9.9919E-05 9.9919E-05 0.658847 0.00752994 9.9919E-05 9.9919E-05 9.9919E-05 9.9919E-05 0.00354557 9.9919E-05 9.9919E-05 0.0260836 0.0122566
0.0610113 0.00801631 9.9955E-05 0.610221 9.9955E-05 0.0091024 9.9955E-05 0.0130147 0.0952903 0.00939852 0.0473673 0.0616643 9.9955E-05 9.9955E-05 0.0460398 0.0131606 0.0252138
0.00234788 9.99099E-05 0.0799822 0.694263 9.99099E-05 9.99099E-05 9.99099E-05 9.99099E-05 9.99099E-05 0.016285 0.127421 0.0532853 9.99099E-05 9.99099E-05 9.99099E-05 9.99099E-05 0.0254158
9.9919E-05 9.9919E-05 9.9919E-05 0.714178 9.9919E-05 9.9919E-05 9.9919E-05 0.0136374 9.9919E-05 0.0435841 0.0878597 0.0478278 0.0612247 9.9919E-05 0.0104644 0.0203243 9.9919E-05
0.0569128 0.0755412 0.0706114 0.736773 9.9901E-05 9.9901E-05 0.0458713 9.9901E-05 9.9901E-05 9.9901E-05 9.9901E-05 9.9901E-05 9.9901E-05 9.9901E-05 9.9901E-05 0.0131917 9.9901E-05
9.9928E-05 9.9928E-05 0.147721 0.684504 0.0177658 0.0192979 9.9928E-05 9.9928E-05 0.0586297 0.0168053 9.9928E-05 9.9928E-05 9.9928E-05 9.9928E-05 0.0200146 0.0341542 0.000308552
9.991E-05 9.991E-05 9.991E-05 0.807879 0.00261626 0.0114778 9.991E-05 9.991E-05 9.991E-05 9.991E-05 9.991E-05 0.105076 0.0188289 9.991E-05 9.991E-05 0.020298 0.0328248
0.0376075 9.9946E-05 9.9946E-05 0.447756 0.00666566 0.0206849 9.9946E-05 9.9946E-05 0.278505 0.0284193 9.9946E-05 0.0940667 0.00452871 0.00241337 0.0565861 0.0221661 9.9946E-05
9.9937E-05 0.100018 9.9937E-05 0.726427 0.00164531 9.9937E-05 0.0825847 0.00267649 9.9937E-05 0.0161743 9.9937E-05 0.0147345 9.9937E-05 0.0122539 0.00202706 9.9937E-05 0.0407587
9.9919E-05 0.00481017 9.9919E-05 0.611543 9.9919E-05 9.9919E-05 0.0467318 9.9919E-05 0.0644599 9.9919E-05 0.0972862 9.9919E-05 0.11476 0.0267781 9.9919E-05 9.9919E-05 0.0327319
9.98831E-05 9.98831E-05 0.147978 0.780583 9.98831E-05 9.98831E-05 9.98831E-05 0.0190423 9.98831E-05 9.98831E-05 9.98831E-05 9.98831E-05 0.051098 9.98831E-05 9.98831E-05 9.98831E-05 9.98831E-05
0.0913619 9.9919E-05 9.9919E-05 0.718874 9.9919E-05 0.0107151 9.9919E-05 9.9919E-05 0.0658823 0.00671342 9.9919E-05 0.0722442 9.9919E-05 9.9919E-05 9.9919E-05 0.0186862 0.0146231
9.991E-05 9.991E-05 0.0347015 0.866677 9.991E-05 0.0449484 9.991E-05 0.0169817 9.991E-05 9.991E-05 9.991E-05 9.991E-05 0.0176907 9.991E-05 9.991E-05 0.0165468 0.00145502
0.0801888 0.106406 9.991E-05 0.336828 9.991E-05 0.00855211 9.991E-05 9.991E-05 0.43992 0.0187255 9.991E-05 9.991E-05 9.991E-05 9.991E-05 9.991E-05 0.00838072 9.991E-05
9.99201E-05 9.99201E-05 0.0525547 0.689648 0.0024685 0.000852143 9.99201E-05 0.0188859 0.0988224 0.00179391 0.0926745 9.99201E-05 9.99201E-05 9.99201E-05 0.0415002 9.99201E-05 9.99201E-05
9.9892E-05 9.9892E-05 0.0156493 0.76991 9.9892E-05 9.9892E-05 9.9892E-05 0.00600802 9.9892E-05 9.9892E-05 9.9892E-05 9.9892E-05 0.172809 9.9892E-05 9.9892E-05 0.0344251 9.9892E-05
0.021367 9.9919E-05 9.9919E-05 0.8191 0.0551322 0.00278537 9.9919E-05 9.9919E-05 0.00994997 0.0586599 9.9919E-05 0.0250899 9.9919E-05 0.00701584 9.9919E-05 9.9919E-05 9.9919E-05
9.9901E-05 9.9901E-05 0.166032 0.746273 9.9901E-05 0.00781467 9.9901E-05 0.0285439 9.9901E-05 9.9901E-05 9.9901E-05 9.9901E-05 9.9901E-05 0.0438781 9.9901E-05 0.00635954 9.9901E-05
9.99369E-05 0.0826691 9.99369E-05 0.660617 9.99369E-05 0.0134589 9.99369E-05 0.00261481 0.013492 0.019705 9.99369E-05 0.100165 9.99369E-05 0.00142038 0.104379 9.99369E-05 0.000779054
9.9919E-05 9.9919E-05 9.9919E-05 0.436121 9.9919E-05 9.9919E-05 9.9919E-05 0.0135497 0.252802 9.9919E-05 0.0626437 0.102293 0.107107 9.9919E-05 9.9919E-05 0.0194096 0.00517425
9.9919E-05 9.9919E-05 9.9919E-05 0.734676 0.0272798 0.0170549 0.0325789 9.9919E-05 9.9919E-05 9.9919E-05 9.9919E-05 0.110604 9.9919E-05 0.0285186 0.047719 9.9919E-05 0.000669823
9.9919E-05 0.0906145 0.738803 0.0911601 9.9919E-05 9.9919E-05 0.00587776 9.9919E-05 9.9919E-05 0.002946 0.061779 9.9919E-05 9.9919E-05 9.9919E-05 0.00512686 0.00279318 9.9919E-05
9.98559E-05 9.98559E-05 9.98559E-05 9.98559E-05 9.98559E-05 9.98559E-05 9.98559E-05 9.98559E-05 9.98559E-05 9.98559E-05 9.98559E-05 9.98559E-05 9.98559E-05 9.98559E-05 9.98559E-05 0.998402 9.98559E-05
0.0153509 0.170172 0.697545 0.0153584 0.0449296 0.00484768 9.9928E-05 9.9928E-05 9.9928E-05 0.032919 9.9928E-05 0.0172304 9.9928E-05 9.9928E-05 9.9928E-05 9.9928E-05 0.000847618
9.9919E-05 0.100223 0.554976 0.0645902 0.00344819 9.9919E-05 9.9919E-05 9.9919E-05 9.9919E-05 0.0259223 0.0748667 0.130433 9.9919E-05 9.9919E-05 9.9919E-05 9.9919E-05 0.0446416
9.9928E-05 0.259703 0.000707889 9.9928E-05 0.00143583 9.9928E-05 9.9928E-05 0.00819654 0.0110914 9.9928E-05 0.0746979 0.583556 9.9928E-05 9.9928E-05 9.9928E-05 0.0368914 0.0229213
0.0240121 0.734737 0.0244273 9.9928E-05 9.9928E-05 0.0112564 9.9928E-05 0.00793467 0.0259575 9.9928E-05 9.9928E-05 0.0994409 0.0492772 9.9928E-05 9.9928E-05 9.9928E-05 0.0221572
9.98559E-05 9.98559E-05 9.98559E-05 9.98559E-05 9.98559E-05 9.98559E-05 9.98559E-05 9.98559E-05 9.98559E-05 0.998402 9.98559E-05 9.98559E-05 9.98559E-05 9.98559E-05 9.98559E-05 9.98559E-05 9.98559E-05
9.98559E-05 9.98559E-05 9.98559E-05 9.98559E-05 9.98559E-05 9.98559E-05 9.98559E-05 9.98559E-05 9.98559E-05 9.98559E-05 9.98559E-05 9.98559E-05 9.98559E-05 9.98559E-05 9.98559E-05 0.998402 9.98559E-05
0.0918183 9.9928E-05 9.9928E-05 9.9928E-05 0.00288728 9.9928E-05 9.9928E-05 0.0407927 0.0514067 0.0091832 0.0478962 0.658453 9.9928E-05 0.0632793 9.9928E-05 0.0334841 9.9928E-05
0.0252996 0.646695 9.9937E-05 9.9937E-05 0.00863527 0.0244363 0.0480497 0.00124982 9.9937E-05 0.0476892 9.9937E-05 0.0756751 9.9937E-05 9.9937E-05 0.120473 0.00109812 9.9937E-05
9.9928E-05 0.635411 9.9928E-05 9.9928E-05 0.0245625 9.9928E-05 9.9928E-05 0.0126569 9.9928E-05 0.0248685 0.0214588 0.11052 9.9928E-05 9.9928E-05 0.0975064 0.0523679 0.0198493
9.9937E-05 0.529045 9.9937E-05 9.9937E-05 0.0361786 0.0121818 0.0623287 0.01251 9.9937E-05 0.0451272 0.0389236 0.217601 9.9937E-05 9.9937E-05 9.9937E-05 0.00979064 0.0356136
9.9964E-05 0.328752 0.277541 9.9964E-05 0.0372717 0.00187253 0.0663091 0.0334345 9.9964E-05 0.0398193 0.0146083 0.0752454 0.0247935 0.00712829 9.9964E-05 0.0841845 0.00863963
9.9928E-05 0.673376 9.9928E-05 9.9928E-05 0.00162798 9.9928E-05 9.9928E-05 0.000762891 9.9928E-05 0.0253782 9.9928E-05 0.20965 0.0473219 0.000457103 9.9928E-05 0.0307423 0.00988412
9.9928E-05 0.710516 9.9928E-05 0.0149932 9.9928E-05 0.00716897 9.9928E-05 0.015262 9.9928E-05 0.0860294 0.111289 9.9928E-05 0.0509422 9.9928E-05 9.9928E-05 0.000169308 0.00282993
9.9937E-05 0.325974 0.213552 9.9937E-05 9.9937E-05 0.00564111 0.066279 0.0092976 9.9937E-05 0.0269601 0.0443389 0.169603 9.9937E-05 9.9937E-05 9.9937E-05 0.088096 0.0495585
9.991E-05 9.991E-05 0.641762 9.991E-05 9.991E-05 9.991E-05 9.991E-05 0.00756746 0.0261858 9.991E-05 0.25983 9.991E-05 9.991E-05 9.991E-05 0.00396881 0.030202 0.0294847
9.9919E-05 0.456888 9.9919E-05 0.171319 9.9919E-05 0.03156 9.9919E-05 0.0452769 0.0779904 0.0277587 0.177267 9.9919E-05 9.9919E-05 9.9919E-05 9.9919E-05 0.0110417 9.9919E-05
0.110068 0.509168 9.9928E-05 0.17882 9.9928E-05 9.9928E-05 9.9928E-05 0.00183648 9.9928E-05 0.0216582 9.9928E-05 0.111629 9.9928E-05 0.0525849 9.9928E-05 0.00544044 0.00799464
9.991E-05 0.155253 0.37982 0.324286 9.991E-05 9.991E-05 9.991E-05 0.0231285 0.0638026 9.991E-05 9.991E-05 9.991E-05 9.991E-05 0.0196162 9.991E-05 0.0330947 9.991E-05
9.98559E-05 9.98559E-05 9.98559E-05 9.98559E-05 9.98559E-05 9.98559E-05 9.98559E-05 9.98559E-05 9.98559E-05 0.998402 9.98559E-05 9.98559E-05 9.98559E-05 9.98559E-05 9.98559E-05 9.98559E-05 9.98559E-05
9.9955E-05 0.223155 0.374427 0.0921763 0.0533616 0.0417549 0.00686777 0.0334631 9.9955E-05 0.0074972 0.0387176 9.9955E-05 0.0614056 0.0221384 9.9955E-05 0.0445347 9.9955E-05
9.9946E-05 0.373045 0.00440865 0.0971716 0.0303922 9.9946E-05 9.9946E-05 0.0203972 9.9946E-05 0.0616783 0.0198753 0.289095 9.9946E-05 9.9946E-05 0.0301983 0.0546501 0.0184882
9.99099E-05 0.828888 9.99099E-05 9.99099E-05 9.99099E-05 9.99099E-05 0.0194544 0.0145656 0.020768 9.99099E-05 9.99099E-05 9.99099E-05 9.99099E-05 0.0222839 0.0830169 9.99099E-05 0.0100244
9.98831E-05 0.200751 0.744338 9.98831E-05 0.0272885 9.98831E-05 9.98831E-05 9.98831E-05 9.98831E-05 0.0263243 9.98831E-05 9.98831E-05 9.98831E-05 9.98831E-05 9.98831E-05 9.98831E-05 9.98831E-05
9.9919E-05 0.489503 9.9919E-05 0.0141546 0.0182721 9.9919E-05 9.9919E-05 9.9919E-05 9.9919E-05 0.0382822 9.9919E-05 0.345928 9.9919E-05 0.0633553 9.9919E-05 0.0107761 0.0188296
0.0159768 9.9919E-05 0.442721 0.252533 0.0461221 9.9919E-05 0.045974 0.0256411 9.9919E-05 9.9919E-05 9.9919E-05 9.9919E-05 9.9919E-05 9.9919E-05 0.166972 0.00316064 9.9919E-05
0.361043 9.9928E-05 9.9928E-05 0.156082 0.00661842 9.9928E-05 9.9928E-05 9.9928E-05 9.9928E-05 0.0105571 9.9928E-05 0.167228 0.0573379 9.9928E-05 0.21333 0.00996254 0.0170414
9.9892E-05 9.9892E-05 9.9892E-05 0.103703 9.9892E-05 9.9892E-05 9.9892E-05 9.9892E-05 9.9892E-05 9.9892E-05 9.9892E-05 0.704746 0.0399729 9.9892E-05 0.116357 0.034022 9.9892E-05
9.98919E-05 0.859379 9.98919E-05 9.98919E-05 9.98919E-05 9.98919E-05 9.98919E-05 9.98919E-05 9.98919E-05 0.00595635 9.98919E-05 9.98919E-05 9.98919E-05 0.00563479 0.10803 9.98919E-05 0.0198013
9.9883E-05 0.795433 9.9883E-05 9.9883E-05 9.9883E-05 9.9883E-05 9.9883E-05 0.0013922 9.9883E-05 9.9883E-05 9.9883E-05 9.9883E-05 9.9883E-05 9.9883E-05 0.195478 9.9883E-05 0.00639828
9.9919E-05 0.590628 9.9919E-05 9.9919E-05 0.0291183 9.9919E-05 0.0155792 9.9919E-05 0.0217318 9.9919E-05 9.9919E-05 0.190829 0.126082 9.9919E-05 0.000162074 0.0249704 9.9919E-05
9.9865E-05 9.9865E-05 9.9865E-05 9.9865E-05 0.00423025 9.9865E-05 9.9865E-05 9.9865E-05 9.9865E-05 9.9865E-05 9.9865E-05 9.9865E-05 9.9865E-05 9.9865E-05 9.9865E-05 9.9865E-05 0.994272
9.9892E-05 9.9892E-05 9.9892E-05 0.0493797 0.000130559 9.9892E-05 9.9892E-05 0.0106572 9.9892E-05 0.0545256 9.9892E-05 0.884108 9.9892E-05 9.9892E-05 9.9892E-05 9.9892E-05 9.9892E-05
9.99101E-05 0.715775 0.0991934 0.00141023 9.99101E-05 9.99101E-05 9.99101E-05 0.0110806 9.99101E-05 0.0687471 9.99101E-05 9.99101E-05 0.102297 9.99101E-05 9.99101E-05 0.000497457 9.99101E-05
9.99191E-05 9.99191E-05 0.330285 9.99191E-05 9.99191E-05 0.0288255 9.99191E-05 9.99191E-05 0.00470037 9.99191E-05 9.99191E-05 0.456654 9.99191E-05 0.0386754 0.0906547 0.0104945 0.0388113
9.9919E-05 9.9919E-05 0.56501 9.9919E-05 9.9919E-05 9.9919E-05 0.103119 0.0334187 0.0815897 0.00993508 9.9919E-05 0.162714 9.9919E-05 9.9919E-05 0.0116435 9.9919E-05 0.0316715
0.00418147 9.9874E-05 9.9874E-05 9.9874E-05 9.9874E-05 9.9874E-05 9.9874E-05 9.9874E-05 0.0437215 9.9874E-05 9.9874E-05 0.950699 9.9874E-05 9.9874E-05 9.9874E-05 9.9874E-05 9.9874E-05
0.0460854 0.108981 0.487462 9.9946E-05 9.9946E-05 0.0228349 0.00985779 9.9946E-05 9.9946E-05 0.0298892 0.0972004 0.132882 9.9946E-05 0.0280194 9.9946E-05 0.0208304 0.015358
0.0160009 9.9937E-05 0.571273 9.9937E-05 0.0160091 9.9937E-05 9.9937E-05 0.0810298 0.0114331 0.0274922 0.15756 9.9937E-05 9.9937E-05 9.9937E-05 0.0826324 0.0155034 0.0203662
9.991E-05 0.145276 9.991E-05 0.0431432 0.00437272 9.991E-05 9.991E-05 0.0380167 9.991E-05 9.991E-05 9.991E-05 0.726691 9.991E-05 0.0141438 9.991E-05 0.027358 9.991E-05
0.0196883 0.311676 9.9946E-05 0.0166414 0.00265305 9.9946E-05 0.0482258 0.0299012 9.9946E-05 0.00632837 0.121911 0.421607 9.9946E-05 9.9946E-05 9.9946E-05 0.0111614 0.00960622
9.9928E-05 0.33211 0.435422 9.9928E-05 0.022132 9.9928E-05 9.9928E-05 0.0549132 0.0531901 0.00759 9.9928E-05 9.9928E-05 0.02117 9.9928E-05 9.9928E-05 0.0598226 0.0128511
9.9937E-05 0.161001 0.0618892 9.9937E-05 0.00225231 0.0261682 0.000285166 9.9937E-05 0.0264338 9.9937E-05 0.0226669 0.641778 9.9937E-05 0.0231685 0.0336571 9.9937E-05 9.9937E-05
9.9919E-05 0.297063 0.290744 9.9919E-05 0.0841184 0.00912078 9.9919E-05 0.0246022 9.9919E-05 0.0643257 9.9919E-05 9.9919E-05 0.149324 9.9919E-05 9.9919E-05 0.0798024 9.9919E-05
9.9901E-05 0.654302 0.212839 9.9901E-05 9.9901E-05 0.0150972 9.9901E-05 9.9901E-05 9.9901E-05 9.9901E-05 0.0350884 0.0410591 0.0405156 9.9901E-05 9.9901E-05 9.9901E-05 9.9901E-05
9.98559E-05 9.98559E-05 9.98559E-05 9.98559E-05 0.998402 9.98559E-05 9.98559E-05 9.98559E-05 9.98559E-05 9.98559E-05 9.98559E-05 9.98559E-05 9.98559E-05 9.98559E-05 9.98559E-05 9.98559E-05 9.98559E-05
9.9946E-05 0.0385468 0.656133 0.0560559 0.0109017 9.9946E-05 9.9946E-05 0.0180169 9.9946E-05 0.00227759 0.108343 9.9946E-05 9.9946E-05 0.00998325 0.0274745 0.0414309 0.030237
9.9865E-05 9.9865E-05 9.9865E-05 9.9865E-05 9.9865E-05 9.9865E-05 9.9865E-05 9.9865E-05 9.9865E-05 0.00544109 9.9865E-05 0.993061 9.9865E-05 9.9865E-05 9.9865E-05 9.9865E-05 9.9865E-05
0.104497 0.428502 0.221453 9.9919E-05 0.0149218 9.9919E-05 9.9919E-05 9.9919E-05 9.9919E-05 0.0127558 9.9919E-05 0.157309 9.9919E-05 0.0356965 9.9919E-05 9.9919E-05 0.0239649
9.9901E-05 0.669122 0.147323 9.9901E-05 9.9901E-05 9.9901E-05 9.9901E-05 9.9901E-05 0.102585 0.00344572 9.9901E-05 9.9901E-05 9.9901E-05 9.9901E-05 0.0528471 9.9901E-05 0.0235793
9.9901E-05 0.0287992 0.127636 9.9901E-05 9.9901E-05 9.9901E-05 9.9901E-05 0.0503128 9.9901E-05 9.9901E-05 0.107397 0.677134 9.9901E-05 9.9901E-05 9.9901E-05 9.9901E-05 0.00762248
0.000348466 0.271874 0.2505 9.99459E-05 0.00203084 0.0219082 0.00504041 0.00609861 9.99459E-05 9.99459E-05 0.0955361 0.32045 9.99459E-05 0.0228852 9.99459E-05 0.00272873 9.99459E-05
9.98559E-05 9.98559E-05 9.98559E-05 9.98559E-05 9.98559E-05 9.98559E-05 9.98559E-05 0.998402 9.98559E-05 9.98559E-05 9.98559E-05 9.98559E-05 9.98559E-05 9.98559E-05 9.98559E-05 9.98559E-05 9.98559E-05
9.98559E-05 9.98559E-05 9.98559E-05 9.98559E-05 0.998402 9.98559E-05 9.98559E-05 9.98559E-05 9.98559E-05 9.98559E-05 9.98559E-05 9.98559E-05 9.98559E-05 9.98559E-05 9.98559E-05 9.98559E-05 9.98559E-05
9.98559E-05 9.98559E-05 9.98559E-05 9.98559E-05 9.98559E-05 9.98559E-05 9.98559E-05 0.998402 9.98559E-05 9.98559E-05 9.98559E-05 9.98559E-05 9.98559E-05 9.98559E-05 9.98559E-05 9.98559E-05 9.98559E-05
9.9901E-05 9.9901E-05 0.790977 9.9901E-05 0.0109531 9.9901E-05 9.9901E-05 9.9901E-05 9.9901E-05 0.00873147 9.9901E-05 0.149552 9.9901E-05 9.9901E-05 9.9901E-05 0.00854338 0.030145
9.9919E-05 9.9919E-05 0.82975 9.9919E-05 0.0159712 0.00464123 9.9919E-05 0.0285623 9.9919E-05 0.00572155 9.9919E-05 9.9919E-05 0.0809299 9.9919E-05 9.9919E-05 0.0130678 0.020457
0.0660534 0.0192846 0.788029 9.9928E-05 0.0213595 9.9928E-05 9.9928E-05 0.0386644 9.9928E-05 9.9928E-05 0.0406748 0.00774335 9.9928E-05 9.9928E-05 9.9928E-05 0.00255389 0.0148371
9.991E-05 0.329129 0.528704 0.0561796 0.0230805 0.0163032 9.991E-05 0.0359918 9.991E-05 0.00961328 9.991E-05 9.991E-05 9.991E-05 9.991E-05 9.991E-05 9.991E-05 9.991E-05
0.0357033 0.808467 9.991E-05 0.0523201 0.0219071 0.0176889 9.991E-05 9.991E-05 9.991E-05 0.0416957 9.991E-05 9.991E-05 9.991E-05 9.991E-05 9.991E-05 0.0212183 9.991E-05
9.9856E-05 9.9856E-05 9.9856E-05 9.9856E-05 9.9856E-05 9.9856E-05 9.9856E-05 9.9856E-05 9.9856E-05 9.9856E-05 9.9856E-05 9.9856E-05 9.9856E-05 9.9856E-05 9.9856E-05 9.9856E-05 0.998402
9.9919E-05 0.227235 0.592831 9.9919E-05 0.0213219 9.9919E-05 9.9919E-05 0.0162057 0.102969 9.9919E-05 9.9919E-05 9.9919E-05 9.9919E-05 0.0204462 9.9919E-05 0.00407776 0.0140142
9.9892E-05 9.9892E-05 0.0469624 9.9892E-05 9.9892E-05 9.9892E-05 9.9892E-05 9.9892E-05 9.9892E-05 9.9892E-05 0.700551 0.157585 0.0504511 9.9892E-05 9.9892E-05 0.0432522 9.9892E-05
9.9883E-05 0.11149 9.9883E-05 9.9883E-05 9.9883E-05 9.9883E-05 9.9883E-05 0.00328867 9.9883E-05 0.0309852 0.852937 9.9883E-05 9.9883E-05 9.9883E-05 9.9883E-05 9.9883E-05 9.9883E-05
9.991E-05 9.991E-05 0.0678909 9.991E-05 0.0177326 0.0081232 9.991E-05 0.0149871 9.991E-05 0.0139417 0.855653 9.991E-05 9.991E-05 9.991E-05 0.0206723 9.991E-05 9.991E-05
9.9919E-05 9.9919E-05 0.112289 9.9919E-05 9.9919E-05 9.9919E-05 9.9919E-05 9.9919E-05 0.00826029 0.000185538 0.862355 9.9919E-05 0.00288232 0.00289322 9.9919E-05 0.000845834 0.00939012
9.9919E-05 9.9919E-05 9.9919E-05 0.012131 0.0245471 0.00389122 0.0153883 0.00671681 9.9919E-05 9.9919E-05 0.51681 0.367701 0.0519156 9.9919E-05 9.9919E-05 9.9919E-05 9.9919E-05
9.9892E-05 9.9892E-05 9.9892E-05 9.9892E-05 9.9892E-05 9.9892E-05 9.9892E-05 9.9892E-05 9.9892E-05 0.0147887 0.843004 9.9892E-05 9.9892E-05 9.9892E-05 0.11875 0.020889 0.00136913
9.98561E-05 9.98561E-05 9.98561E-05 9.98561E-05 9.98561E-05 9.98561E-05 9.98561E-05 9.98561E-05 9.98561E-05 9.98561E-05 0.998402 9.98561E-05 9.98561E-05 9.98561E-05 9.98561E-05 9.98561E-05 9.98561E-05
9.9892E-05 0.123116 9.9892E-05 9.9892E-05 0.0154371 9.9892E-05 9.9892E-05 9.9892E-05 9.9892E-05 9.9892E-05 0.814629 9.9892E-05 9.9892E-05 0.0358611 9.9892E-05 9.9892E-05 0.00975792
0.0277699 9.991E-05 9.991E-05 0.0643711 9.991E-05 0.00414471 9.991E-05 0.00749823 9.991E-05 9.991E-05 0.72566 0.0970465 0.0725107 9.991E-05 9.991E-05 9.991E-05 9.991E-05
9.9919E-05 9.9919E-05 0.0161974 0.0679538 0.0328839 0.0303739 9.9919E-05 9.9919E-05 9.9919E-05 9.9919E-05 0.718188 0.109413 9.9919E-05 9.9919E-05 9.9919E-05 0.0189328 0.00515783
9.9901E-05 0.123144 9.9901E-05 9.9901E-05 9.9901E-05 9.9901E-05 0.0983069 0.0189377 9.9901E-05 9.9901E-05 0.74246 9.9901E-05 9.9901E-05 9.9901E-05 9.9901E-05 0.00255154 0.0135013
9.9892E-05 9.9892E-05 9.9892E-05 9.9892E-05 9.9892E-05 9.9892E-05 0.0337431 0.0248926 9.9892E-05 0.00215922 9.9892E-05 9.9892E-05 0.937698 9.9892E-05 9.9892E-05 9.9892E-05 0.00030799
0.0413361 0.00067531 9.9919E-05 9.9919E-05 0.014672 0.0204403 9.9919E-05 9.9919E-05 9.9919E-05 0.0212207 0.0524956 9.9919E-05 0.845515 9.9919E-05 9.9919E-05 9.9919E-05 0.00274582
0.00448314 0.0473109 9.9928E-05 9.9928E-05 9.9928E-05 0.0286757 9.9928E-05 0.00837384 0.0678522 9.9928E-05 9.9928E-05 9.9928E-05 0.603794 0.00653965 0.219527 0.0126443 9.9928E-05
9.98831E-05 9.98831E-05 9.98831E-05 0.159814 9.98831E-05 9.98831E-05 9.98831E-05 0.00978976 9.98831E-05 9.98831E-05 9.98831E-05 9.98831E-05 9.98831E-05 0.0053184 0.82378 9.98831E-05 9.98831E-05
9.9901E-05 9.9901E-05 0.0909703 0.0391667 9.9901E-05 0.0211034 9.9901E-05 9.9901E-05 9.9901E-05 0.0375162 9.9901E-05 9.9901E-05 0.801415 9.9901E-05 9.9901E-05 9.9901E-05 0.00872972
0.15238 9.9919E-05 9.9919E-05 9.9919E-05 9.9919E-05 0.00961678 9.9919E-05 0.00285884 9.9919E-05 9.9919E-05 0.0334535 0.121288 0.484899 9.9919E-05 0.184663 0.00994179 9.9919E-05
9.991E-05 9.991E-05 9.991E-05 0.0158199 0.0536178 9.991E-05 0.05319 9.991E-05 0.0340299 0.00949841 9.991E-05 9.991E-05 0.166146 9.991E-05 0.666699 9.991E-05 9.991E-05
0.0278968 0.142204 9.9883E-05 9.9883E-05 9.9883E-05 0.0113187 9.9883E-05 9.9883E-05 9.9883E-05 9.9883E-05 9.9883E-05 9.9883E-05 9.9883E-05 9.9883E-05 0.817282 9.9883E-05 9.9883E-05
0.084292 9.99369E-05 0.243025 9.99369E-05 0.00929066 0.0015564 9.99369E-05 0.0480209 0.137655 9.99369E-05 9.99369E-05 9.99369E-05 0.194336 0.021237 0.257319 9.99369E-05 0.00256821
9.98741E-05 9.98741E-05 9.98741E-05 0.0925315 0.0173178 9.98741E-05 9.98741E-05 9.98741E-05 9.98741E-05 9.98741E-05 9.98741E-05 9.98741E-05 0.888752 9.98741E-05 9.98741E-05 9.98741E-05 9.98741E-05
9.991E-05 9.991E-05 9.991E-05 0.101535 9.991E-05 0.00414107 9.991E-05 9.991E-05 9.991E-05 0.0517014 9.991E-05 9.991E-05 0.0277426 0.00302994 0.787056 0.0237943 9.991E-05
0.139287 9.9892E-05 9.9892E-05 0.0164608 9.9892E-05 9.9892E-05 9.9892E-05 9.9892E-05 9.9892E-05 9.9892E-05 9.9892E-05 9.9892E-05 0.791211 0.024577 9.9892E-05 0.0272659 9.9892E-05
0.216219 0.0850638 0.0196877 0.0233301 9.9955E-05 0.0149357 9.9955E-05 0.00740134 0.0699782 0.00805277 0.0208265 9.9955E-05 0.327776 9.9955E-05 0.2 0.00622937 9.9955E-05
0.144826 9.9928E-05 0.257327 0.0043571 9.9928E-05 9.9928E-05 9.9928E-05 9.9928E-05 0.0674633 9.9928E-05 0.0277813 9.9928E-05 0.0992585 9.9928E-05 0.377824 0.00886475 0.0114993
0.778078 9.9919E-05 0.0582489 9.9919E-05 9.9919E-05 0.0051978 0.0573061 0.0011279 9.9919E-05 9.9919E-05 9.9919E-05 9.9919E-05 0.0205847 0.0371211 9.9919E-05 0.0414361 9.9919E-05
0.882781 9.991E-05 0.00608497 9.991E-05 9.991E-05 0.0311109 9.991E-05 9.991E-05 9.991E-05 0.018849 9.991E-05 9.991E-05 9.991E-05 0.051015 0.00100918 0.00815069 9.991E-05
0.958508 9.9883E-05 9.9883E-05 9.9883E-05 9.9883E-05 9.9883E-05 9.9883E-05 9.9883E-05 9.9883E-05 9.9883E-05 0.0162569 9.9883E-05 9.9883E-05 9.9883E-05 9.9883E-05 0.0142108 0.00972535
0.880626 0.0786999 9.9883E-05 9.9883E-05 9.9883E-05 9.9883E-05 9.9883E-05 0.0192305 9.9883E-05 9.9883E-05 9.9883E-05 9.9883E-05 9.9883E-05 9.9883E-05 0.0201451 9.9883E-05 9.9883E-05
0.998402 9.98561E-05 9.98561E-05 9.98561E-05 9.98561E-05 9.98561E-05 9.98561E-05 9.98561E-05 9.98561E-05 9.98561E-05 9.98561E-05 9.98561E-05 9.98561E-05 9.98561E-05 9.98561E-05 9.98561E-05 9.98561E-05
0.81346 9.98919E-05 0.0207739 9.98919E-05 9.98919E-05 0.0202937 9.98919E-05 9.98919E-05 0.116392 0.0278815 9.98919E-05 9.98919E-05 9.98919E-05 9.98919E-05 9.98919E-05 9.98919E-05 9.98919E-05
0.792621 9.9892E-05 0.0886798 9.9892E-05 9.9892E-05 9.9892E-05 0.0414528 9.9892E-05 9.9892E-05 0.0133131 9.9892E-05 0.062735 9.9892E-05 9.9892E-05 9.9892E-05 9.9892E-05 9.9892E-05
0.721861 0.0545966 9.99011E-05 9.99011E-05 0.0269091 9.99011E-05 0.0138746 0.0051932 9.99011E-05 9.99011E-05 9.99011E-05 9.99011E-05 0.176467 9.99011E-05 9.99011E-05 9.99011E-05 9.99011E-05
9.9874E-05 9.9874E-05 0.183835 9.9874E-05 0.00385678 9.9874E-05 9.9874E-05 9.9874E-05 9.9874E-05 9.9874E-05 9.9874E-05 9.9874E-05 9.9874E-05 9.9874E-05 0.81091 9.9874E-05 9.9874E-05
0.0297769 9.991E-05 9.991E-05 9.991E-05 9.991E-05 9.991E-05 9.991E-05 0.000997533 9.991E-05 0.000939488 0.000377158 0.110843 9.991E-05 9.991E-05 0.853149 9.991E-05 0.00291829
9.9919E-05 9.9919E-05 0.0516348 9.9919E-05 0.0456482 9.9919E-05 0.00396892 9.9919E-05 0.0449727 0.0145195 9.9919E-05 9.9919E-05 9.9919E-05 9.9919E-05 0.790099 0.0194624 0.0287955
0.0203121 9.991E-05 0.177353 9.991E-05 9.991E-05 9.991E-05 0.0734107 9.991E-05 0.0459449 9.991E-05 9.991E-05 0.0209384 0.223756 9.991E-05 0.437285 9.991E-05 9.991E-05
9.99099E-05 9.99099E-05 9.99099E-05 9.99099E-05 9.99099E-05 0.0170682 9.99099E-05 0.0408058 0.10962 0.00686982 9.99099E-05 9.99099E-05 0.182136 9.99099E-05 0.599042 9.99099E-05 0.0434586
9.9919E-05 9.9919E-05 9.9919E-05 9.9919E-05 9.9919E-05 0.00633681 9.9919E-05 9.9919E-05 0.191267 0.0139803 9.9919E-05 0.0973696 0.0471842 0.041057 0.580294 0.0216121 9.9919E-05
0.0736683 9.9919E-05 0.208443 9.9919E-05 9.9919E-05 0.0253035 9.9919E-05 9.9919E-05 0.0434574 9.9919E-05 9.9919E-05 9.9919E-05 0.0768211 0.00738924 0.558688 0.00533032 9.9919E-05
9.9919E-05 9.9919E-05 9.9919E-05 0.10274 0.0242409 9.9919E-05 0.0206613 9.9919E-05 9.9919E-05 0.00996641 0.0194312 9.9919E-05 9.9919E-05 9.9919E-05 0.810788 0.0109345 0.000339054
9.9883E-05 9.9883E-05 9.9883E-05 9.9883E-05 0.00574822 9.9883E-05 9.9883E-05 0.0246562 9.9883E-05 9.9883E-05 9.9883E-05 9.9883E-05 0.964427 9.9883E-05 9.9883E-05 0.00387009 9.9883E-05
9.9919E-05 9.9919E-05 0.0745429 9.9919E-05 9.9919E-05 0.000550255 0.0132566 0.00812649 0.0481293 9.9919E-05 0.0245503 9.9919E-05 0.822976 0.00696901 9.9919E-05 9.9919E-05 9.9919E-05
0.016134 0.0258359 9.9901E-05 0.0160777 9.9901E-05 9.9901E-05 0.110211 9.9901E-05 9.9901E-05 9.9901E-05 9.9901E-05 9.9901E-05 0.674726 9.9901E-05 0.155916 9.9901E-05 9.9901E-05
9.9883E-05 9.9883E-05 9.9883E-05 9.9883E-05 0.0289988 9.9883E-05 9.9883E-05 9.9883E-05 9.9883E-05 9.9883E-05 9.9883E-05 0.056079 9.9883E-05 9.9883E-05 0.891989 0.0216351 9.9883E-05
9.9901E-05 9.9901E-05 0.0744565 9.9901E-05 9.9901E-05 0.0252686 9.9901E-05 0.00524346 9.9901E-05 9.9901E-05 9.9901E-05 9.9901E-05 0.554082 9.9901E-05 0.335341 9.9901E-05 0.00450965
9.99011E-05 9.99011E-05 9.99011E-05 9.99011E-05 9.99011E-05 0.00909079 9.99011E-05 0.0214594 0.944534 0.00460862 9.99011E-05 9.99011E-05 0.0160139 9.99011E-05 9.99011E-05 0.00319438 9.99011E-05
9.9883E-05 9.9883E-05 0.0381862 9.9883E-05 0.0165956 9.9883E-05 9.9883E-05 9.9883E-05 0.935366 9.9883E-05 9.9883E-05 9.9883E-05 9.9883E-05 9.9883E-05 9.9883E-05 9.9883E-05 0.00855339
9.9901E-05 9.9901E-05 9.9901E-05 9.9901E-05 0.0227242 9.9901E-05 9.9901E-05 9.9901E-05 0.868823 0.030292 9.9901E-05 0.0199246 9.9901E-05 0.0259087 9.9901E-05 0.031229 9.9901E-05
9.9901E-05 9.9901E-05 0.0861539 9.9901E-05 9.9901E-05 9.9901E-05 9.9901E-05 0.00697794 0.80916 9.9901E-05 0.00332768 9.9901E-05 9.9901E-05 0.039612 0.0536697 9.9901E-05 9.9901E-05
9.9892E-05 9.9892E-05 0.0341997 9.9892E-05 0.000597723 9.9892E-05 9.9892E-05 0.00360385 0.923749 9.9892E-05 9.9892E-05 9.9892E-05 9.9892E-05 0.0366508 9.9892E-05 9.9892E-05 9.9892E-05
9.9919E-05 0.0323967 9.9919E-05 0.147177 0.0131143 0.0179594 9.9919E-05 9.9919E-05 0.780582 0.0017588 9.9919E-05 9.9919E-05 0.000160921 9.9919E-05 9.9919E-05 0.00595215 9.9919E-05
9.98741E-05 9.98741E-05 9.98741E-05 0.0586447 9.98741E-05 9.98741E-05 9.98741E-05 9.98741E-05 0.923047 9.98741E-05 9.98741E-05 9.98741E-05 9.98741E-05 9.98741E-05 9.98741E-05 9.98741E-05 0.0169101
0.00643643 9.9919E-05 9.9919E-05 0.0697461 9.9919E-05 9.9919E-05 0.146027 0.012159 0.698951 9.9919E-05 0.0327401 0.0223975 9.9919E-05 0.0106434 9.9919E-05 9.9919E-05 9.9919E-05
