9.9973E-05 9.9973E-05 0.905023 0.00818572 9.9973E-05 0.0864909
0.075457 9.9982E-05 0.777353 9.9982E-05 0.0186208 0.128369
0.0159569 9.9982E-05 0.801148 0.0582453 9.9982E-05 0.12445
0.0367518 9.9982E-05 0.816002 0.00121809 9.9982E-05 0.145829
0.0665464 0.00521865 0.833458 0.0299542 9.9991E-05 0.0647224
0.10405 0.0231096 0.857631 9.9982E-05 9.9982E-05 0.0150093
0.0653032 9.9973E-05 0.92442 0.00997678 9.9973E-05 9.9973E-05
0.0960976 0.0443421 0.832912 0.0206412 0.00590663 9.9991E-05
0.066076 9.9991E-05 0.762459 0.051149 0.0456221 0.0745938
0.0518365 0.008299 0.850321 0.0352508 0.0128664 0.0414262
0.0235521 9.9982E-05 0.746848 9.9982E-05 0.00657739 0.222823
0.0295899 9.9973E-05 0.778896 9.9973E-05 9.9973E-05 0.191215
0.0494675 0.00260872 0.748137 0.0542305 0.059825 0.0857314
0.0930548 9.9982E-05 0.756759 0.0392987 9.9982E-05 0.110687
0.0576882 9.9982E-05 0.837179 0.0582225 9.9982E-05 0.04671
0.051391 0.0760822 0.859209 0.0131181 9.9982E-05 9.9982E-05
9.9973E-05 0.0459518 0.934194 9.9973E-05 0.0195543 9.9973E-05
9.9964E-05 0.132096 0.867504 9.9964E-05 9.9964E-05 9.9964E-05
9.9973E-05 0.0804768 0.894725 9.9973E-05 0.0244986 9.9973E-05
9.9982E-05 0.0900174 0.868886 0.00669904 0.0341977 9.9982E-05
9.996E-05 9.996E-05 9.996E-05 0.9995 9.996E-05 9.996E-05
9.9964E-05 9.9964E-05 9.9964E-05 0.677119 9.9964E-05 0.322481
9.9982E-05 0.00667195 0.0418625 0.743357 9.9982E-05 0.207909
0.00067808 0.0924715 9.9991E-05 0.806818 0.00333498 0.0965974
9.9973E-05 9.9973E-05 0.0070274 0.87695 9.9973E-05 0.115723
9.9973E-05 9.9973E-05 9.9973E-05 0.93497 0.0116629 0.053067
0.0105608 0.0802397 9.9982E-05 0.833347 9.9982E-05 0.0756522
0.0119574 9.9964E-05 9.9964E-05 0.987643 9.9964E-05 9.9964E-05
0.149511 0.10865 9.9982E-05 0.706741 0.0348983 9.9982E-05
0.0861053 0.194202 0.0330925 0.600344 0.0861558 9.9991E-05
0.199252 0.0388559 9.9982E-05 0.729555 0.032137 9.9982E-05
0.0753591 0.177058 0.0037014 0.684226 0.059556 9.9991E-05
0.10533 0.17218 0.0434174 0.629959 0.0490141 9.9991E-05
0.202352 0.0661639 9.9982E-05 0.575581 0.155704 9.9982E-05
0.094258 0.0870217 0.0214088 0.604139 0.193072 9.9991E-05
0.118349 9.9991E-05 0.0249411 0.470598 0.128331 0.257681
0.0458342 0.294219 9.9982E-05 0.568824 0.0909223 9.9982E-05
9.9991E-05 0.819582 0.00858015 0.0141011 0.0467654 0.110871
9.9982E-05 0.688752 0.000105773 9.9982E-05 0.125523 0.18542
0.0692638 0.792087 0.0332869 9.9991E-05 0.0617987 0.0434634
0.0959236 0.795235 0.0185652 0.0369935 0.0531829 9.9991E-05
0.0182693 0.729219 0.014591 0.0274333 0.0499263 0.160561
0.00988897 0.942546 0.0414955 0.00586988 9.9982E-05 9.9982E-05
0.161609 0.609079 0.054982 9.9991E-05 0.0244528 0.149778
9.9991E-05 0.835023 0.0204609 0.0730293 0.0434253 0.0279617
0.0209417 0.729144 0.0512606 0.0528356 9.9991E-05 0.145718
9.9982E-05 0.883633 0.0203291 9.9982E-05 0.0757263 0.0201117
0.0220704 0.888441 9.9982E-05 9.9982E-05 0.0295394 0.0597494
9.9973E-05 0.901861 0.0250882 9.9973E-05 9.9973E-05 0.0727508
0.0167942 0.69479 9.9982E-05 9.9982E-05 0.0579021 0.230314
9.9982E-05 0.851471 9.9982E-05 0.0193385 0.0262996 0.102691
0.0437403 0.914935 9.9973E-05 0.0410243 9.9973E-05 9.9973E-05
0.0244625 0.901451 9.9982E-05 9.9982E-05 0.0526335 0.0212529
9.9991E-05 0.842271 0.0667812 0.0333836 0.0228267 0.0346378
0.0703323 0.83656 0.0267982 9.9982E-05 0.0661096 9.9982E-05
0.0859603 0.691531 0.0295973 0.00982255 0.0579158 0.125173
0.0654386 0.890181 0.0431734 9.9982E-05 0.00100715 9.9982E-05
0.0773469 0.226555 9.9991E-05 0.0308522 0.578883 0.0862637
9.9973E-05 9.9973E-05 0.0542934 9.9973E-05 0.817443 0.127964
0.0436935 0.0659675 0.0413937 0.0437524 0.681602 0.123591
0.011313 0.146627 0.0173957 0.0263463 0.734922 0.0633959
0.0201148 0.150069 9.9991E-05 0.0175338 0.76075 0.0514319
0.0117408 0.238406 0.0519523 0.0116743 0.686126 9.9991E-05
0.0634228 0.0938697 0.0278517 0.0299437 0.784812 9.9991E-05
9.9973E-05 0.104826 9.9973E-05 0.0915402 0.803334 9.9973E-05
0.0328769 0.028195 0.103876 9.9991E-05 0.630064 0.204888
0.030716 0.204358 0.0149902 0.0897907 0.660045 9.9991E-05
0.0654013 0.150589 0.00304929 0.0478988 0.732962 9.9991E-05
0.0106648 0.14103 0.0174868 0.107403 0.723316 9.9991E-05
0.0685829 0.0497736 0.039052 0.0868459 0.755646 9.9991E-05
9.9973E-05 0.231441 0.0163722 9.9973E-05 0.751887 9.9973E-05
9.9982E-05 0.289981 0.0193435 0.0144044 0.676071 9.9982E-05
9.9982E-05 0.196077 0.0240978 0.0642824 0.715343 9.9982E-05
0.0737243 0.0136878 0.008206 0.0875426 0.610556 0.206283
9.9982E-05 0.399422 9.9982E-05 0.139003 0.445553 0.0158223
0.0228724 0.364355 0.041721 0.0349332 0.536018 9.9991E-05
9.9982E-05 0.514597 0.0665695 9.9982E-05 0.390587 0.0280459
0.0226612 0.127522 0.024799 9.9982E-05 0.824817 9.9982E-05
0.038371 0.269027 0.0276801 0.0315636 0.633259 9.9991E-05
0.0494911 0.24076 9.9982E-05 0.0125044 0.697045 9.9982E-05
9.9982E-05 0.268935 0.0401672 0.0650942 0.625603 9.9982E-05
0.0382382 0.150149 0.0596354 0.0806455 0.612572 0.0587605
9.9973E-05 0.193335 0.0260409 9.9973E-05 0.780325 9.9973E-05
0.209393 0.333088 0.0319797 0.0221265 0.386317 0.0170958
0.556147 0.332385 9.9973E-05 9.9973E-05 0.111168 9.9973E-05
0.137266 0.239554 0.0384235 0.0781739 0.469509 0.037074
0.126308 0.23834 0.0218814 0.000587628 0.612782 9.9991E-05
0.0355584 0.368355 9.9982E-05 0.0166727 0.579214 9.9982E-05
0.0257608 0.228704 0.0241142 0.0464088 0.674912 9.9991E-05
9.9964E-05 9.9964E-05 9.9964E-05 9.9964E-05 0.725003 0.274598
0.0284852 0.141671 0.0481989 0.0569181 0.650791 0.0739363
0.0758196 0.181681 9.9982E-05 0.0230545 0.719245 9.9982E-05
0.129935 9.9982E-05 9.9982E-05 0.0247025 0.564042 0.28112
0.0183748 9.9991E-05 0.0454592 0.105066 0.572317 0.258683
0.0763048 9.9973E-05 9.9973E-05 9.9973E-05 0.660662 0.262733
0.109412 0.0283979 0.0692226 0.0470617 0.578817 0.167089
0.125213 0.112498 0.0232052 9.9991E-05 0.620528 0.118455
9.9991E-05 0.227673 0.0423018 0.0443351 0.658914 0.0266756
9.9982E-05 0.183802 0.0413943 0.0704035 0.7042 9.9982E-05
9.9973E-05 0.233686 0.0268011 9.9973E-05 0.739213 9.9973E-05
0.0318608 0.0473343 9.9991E-05 0.101121 0.664968 0.154616
0.116433 0.149929 0.00187163 0.0323714 0.699296 9.9991E-05
9.9982E-05 0.218668 0.00832072 0.0272099 0.745602 9.9982E-05
0.0609918 9.9982E-05 0.0095068 9.9982E-05 0.872041 0.0572605
0.084657 0.131349 0.0495135 0.0609274 0.673453 9.9991E-05
9.9982E-05 0.185553 9.9982E-05 0.0032404 0.725958 0.0850481
0.0194353 0.098025 0.0901387 9.9991E-05 0.65038 0.141921
0.0398253 0.276202 9.9973E-05 9.9973E-05 0.683672 9.9973E-05
0.0897704 0.0996412 0.0424156 0.0287894 0.692019 0.0473647
0.0187069 0.172792 9.9991E-05 0.156887 0.629156 0.0223584
9.9973E-05 0.180115 9.9973E-05 9.9973E-05 0.804901 0.0146836
0.0641257 0.0127554 9.9982E-05 9.9982E-05 0.90041 0.0225087
9.9973E-05 0.215116 9.9973E-05 0.0160598 0.768525 9.9973E-05
0.0861098 0.0104082 0.0301955 9.9991E-05 0.673913 0.199274
0.075291 9.9991E-05 0.0368459 0.0438981 0.661482 0.182383
0.0603626 0.0856402 0.0386671 0.0271329 0.632685 0.155512
0.0264226 0.185278 0.0463028 9.9991E-05 0.739303 0.00259453
9.9982E-05 0.273141 0.0146763 0.034764 0.677219 9.9982E-05
9.9964E-05 9.9964E-05 9.9964E-05 9.9964E-05 0.602899 0.396701
0.0497574 0.119673 0.0624406 9.9991E-05 0.630952 0.137077
0.191875 9.9991E-05 0.0197893 0.151708 0.50944 0.127088
0.173889 0.0787733 0.00383125 0.223941 0.504629 0.0149369
0.172285 0.0659042 0.0245491 0.243876 0.446818 0.0465683
0.172784 9.9991E-05 0.0371097 0.185202 0.45671 0.148095
0.191709 0.106641 0.023953 0.2044 0.473197 9.9991E-05
0.209965 0.0675236 0.0182797 0.29375 0.410382 9.9991E-05
0.165777 0.0886791 0.0418823 0.261928 0.424373 0.0173609
0.123215 0.0301957 0.0927776 0.244555 0.428886 0.0803697
0.1464 0.232325 0.0262242 0.236721 0.349768 0.00856072
0.149941 9.9982E-05 9.9982E-05 0.15222 0.403995 0.293644
0.109383 0.172758 9.9982E-05 0.281105 0.436553 9.9982E-05
0.770086 0.15088 9.9982E-05 0.0498514 0.028983 9.9982E-05
0.719604 0.142307 0.00772271 0.0821747 0.048092 9.9991E-05
0.734044 0.0863239 0.021492 0.0743351 0.055858 0.0279474
0.615142 0.278385 0.0348583 0.071414 9.9982E-05 9.9982E-05
0.723253 0.221216 0.0158642 0.006582 0.0116585 0.0214267
0.727464 0.193018 0.0168446 0.0507234 0.00413708 0.00781362
0.724182 0.190819 0.0172326 0.0569862 9.9991E-05 0.01068
0.69672 0.204309 9.9982E-05 0.0733024 0.0254688 9.9982E-05
0.636422 0.0339834 0.0392137 0.0332758 0.0448976 0.212207
0.622086 0.307943 9.9982E-05 0.0327523 0.0370186 9.9982E-05
0.639325 0.224387 0.0274145 0.108674 9.9982E-05 9.9982E-05
0.734628 0.230518 0.034554 9.9973E-05 9.9973E-05 9.9973E-05
0.693454 0.136174 0.0272176 0.0507605 9.99999E-05 0.0922946
0.633237 9.9973E-05 9.9973E-05 9.9973E-05 0.0721765 0.294287
0.81682 9.9982E-05 0.0824413 9.9982E-05 0.0579624 0.0425765
0.75742 9.9973E-05 0.0496906 9.9973E-05 9.9973E-05 0.192589
0.731787 0.187221 0.0125947 0.0617595 0.00653862 9.9991E-05
0.749966 0.128238 0.069439 0.0036991 0.0450894 0.00356865
0.780674 0.154412 0.0369618 0.0277517 9.9982E-05 9.9982E-05
0.726198 0.0646978 0.0224209 0.0526839 0.0137195 0.12028
0.708918 9.9973E-05 0.0126546 9.9973E-05 9.9973E-05 0.278128
0.73078 0.149301 0.0316127 0.0267574 0.0614484 9.9991E-05
0.828334 0.00760163 9.9982E-05 9.9982E-05 0.0537445 0.11012
0.74681 0.0793948 0.016223 0.0265486 0.0277815 0.103242
0.731395 9.9973E-05 9.9973E-05 0.029358 9.9973E-05 0.238947
0.753936 0.00094818 0.00564207 0.0417257 0.0501191 0.147629
0.742545 9.9991E-05 0.0116351 0.0446169 0.0256452 0.175457
0.690897 9.9982E-05 0.0403571 9.9982E-05 0.0143936 0.254152
0.654734 9.9991E-05 0.0229757 0.0247197 0.0483784 0.249092
0.777911 0.182332 9.9982E-05 0.0104753 9.9982E-05 0.0290817
0.771284 0.228316 9.9964E-05 9.9964E-05 9.9964E-05 9.9964E-05
0.710036 0.192494 0.0281873 0.0290041 9.9991E-05 0.0401786
0.716018 0.196873 9.9982E-05 0.065798 9.9982E-05 0.0211104
0.783057 0.128534 9.9982E-05 0.0691947 0.0190146 9.9982E-05
0.806883 0.0646705 0.0283794 0.0952895 9.9991E-05 0.00467768
0.0220774 0.155279 9.9973E-05 9.9973E-05 9.9973E-05 0.822344
0.0105204 0.244703 9.9982E-05 0.0293321 9.9982E-05 0.715245
9.9973E-05 0.0326116 9.9973E-05 0.00324789 9.9973E-05 0.963841
9.9973E-05 0.0346147 0.00412725 9.9973E-05 9.9973E-05 0.960958
9.9973E-05 0.145009 0.0312191 9.9973E-05 9.9973E-05 0.823472
9.9973E-05 0.375674 9.9973E-05 0.105604 9.9973E-05 0.518422
9.9964E-05 0.38497 9.9964E-05 9.9964E-05 9.9964E-05 0.61463
9.9982E-05 0.314793 0.0400612 0.127644 9.9982E-05 0.517302
