9.9928E-05 9.9928E-05 9.9928E-05 0.0099158 9.9928E-05 0.0275924 9.9928E-05 9.9928E-05 9.9928E-05 0.00137533 0.0253481 9.9928E-05 0.0247115 0.910257
9.9928E-05 9.9928E-05 9.9928E-05 0.0281251 9.9928E-05 9.9928E-05 9.9928E-05 0.01577 9.9928E-05 0.136861 0.135257 9.9928E-05 0.0127201 0.670468
9.9937E-05 9.9937E-05 0.0464598 9.9937E-05 0.0321958 9.9937E-05 9.9937E-05 9.9937E-05 9.9937E-05 0.0665683 0.0840106 0.00677646 0.0441485 0.719141
0.0470393 0.0682592 0.0109317 9.9946E-05 0.032015 9.9946E-05 9.9946E-05 9.9946E-05 9.9946E-05 9.9946E-05 0.0471127 0.0101839 0.0156315 0.768227
0.0640552 9.9928E-05 9.9928E-05 9.9928E-05 0.0841718 9.9928E-05 0.029558 9.9928E-05 0.0264598 9.9928E-05 9.9928E-05 0.00899683 9.9928E-05 0.785959
9.9928E-05 9.9928E-05 9.9928E-05 0.00319945 0.0456216 9.9928E-05 9.9928E-05 0.00853946 9.9928E-05 0.0827037 9.9928E-05 0.0377741 9.9928E-05 0.821362
0.0533454 9.9919E-05 0.00758867 0.0242116 9.9919E-05 9.9919E-05 9.9919E-05 0.0342958 9.9919E-05 9.9919E-05 9.9919E-05 9.9919E-05 9.9919E-05 0.879659
9.9955E-05 0.0701721 9.9955E-05 0.0091671 0.0169105 9.9955E-05 9.9955E-05 0.0266208 0.000896674 9.9955E-05 0.0775324 0.00696153 0.0265512 0.764688
0.0363178 9.9955E-05 0.0377193 0.00454161 0.0755507 9.9955E-05 9.9955E-05 9.9955E-05 0.0042163 0.0728518 9.9955E-05 0.00729949 0.0283635 0.73264
9.9955E-05 0.026201 0.0406126 0.00811544 9.9955E-05 9.9955E-05 9.9955E-05 0.041459 0.00250422 0.0600779 0.0485727 0.00410627 9.9955E-05 0.767851
9.9928E-05 0.103317 0.0140463 9.9928E-05 0.0196764 9.9928E-05 9.9928E-05 9.9928E-05 9.9928E-05 9.9928E-05 0.164341 0.00627635 9.9928E-05 0.691543
9.9955E-05 0.0549488 0.030452 9.9955E-05 0.0200819 9.9955E-05 9.9955E-05 9.9955E-05 0.00898542 0.0706163 0.0810198 0.00948162 0.00700571 0.716909
0.00693583 9.99191E-05 9.99191E-05 0.0639928 9.99191E-05 9.99191E-05 9.99191E-05 9.99191E-05 0.00891134 0.190201 9.99191E-05 9.99191E-05 9.99191E-05 0.72906
9.9937E-05 0.0152303 0.0188515 0.0279931 0.138018 9.9937E-05 9.9937E-05 9.9937E-05 9.9937E-05 0.0711783 0.0630784 9.9937E-05 9.9937E-05 0.664951
9.9928E-05 9.9928E-05 0.0481628 0.00135908 0.0373915 9.9928E-05 9.9928E-05 9.9928E-05 9.9928E-05 9.9928E-05 0.143932 9.9928E-05 0.00167683 0.766678
0.00219009 0.00610945 9.9937E-05 9.9937E-05 0.105597 9.9937E-05 0.0376354 9.9937E-05 0.0101218 9.9937E-05 9.9937E-05 0.0101035 9.9937E-05 0.827543
9.9919E-05 9.9919E-05 9.9919E-05 9.9919E-05 9.9919E-05 0.0206384 0.035045 9.9919E-05 0.0124181 9.9919E-05 9.9919E-05 0.0232631 9.9919E-05 0.907736
9.98921E-05 9.98921E-05 9.98921E-05 9.98921E-05 9.98921E-05 9.98921E-05 0.0706589 9.98921E-05 9.98921E-05 9.98921E-05 9.98921E-05 9.98921E-05 9.98921E-05 0.928142
9.99011E-05 9.99011E-05 9.99011E-05 0.0201 9.99011E-05 0.075455 9.99011E-05 9.99011E-05 9.99011E-05 9.99011E-05 9.99011E-05 9.99011E-05 9.99011E-05 0.903346
9.99201E-05 9.99201E-05 0.00618366 9.99201E-05 9.99201E-05 0.0296594 0.0455699 9.99201E-05 0.0119686 9.99201E-05 9.99201E-05 0.0198791 9.99201E-05 0.88594
9.98828E-05 9.98828E-05 0.998702 9.98828E-05 9.98828E-05 9.98828E-05 9.98828E-05 9.98828E-05 9.98828E-05 9.98828E-05 9.98828E-05 9.98828E-05 9.98828E-05 9.98828E-05
9.9928E-05 0.177424 0.625537 0.0504317 9.9928E-05 9.9928E-05 9.9928E-05 0.0524974 9.9928E-05 9.9928E-05 0.088947 9.9928E-05 9.9928E-05 0.00436325
0.049548 9.9946E-05 0.581584 0.013529 9.9946E-05 9.9946E-05 0.0830704 0.0479056 0.0422343 0.157611 9.9946E-05 9.9946E-05 9.9946E-05 0.0239182
9.9946E-05 0.00277109 0.71292 9.9946E-05 9.9946E-05 0.166161 0.0111246 0.0191719 0.0004546 0.0568422 9.9946E-05 0.029955 9.9946E-05 9.9946E-05
0.0797775 9.9955E-05 0.815814 0.00408095 9.9955E-05 9.9955E-05 9.9955E-05 0.00191481 0.0110842 0.0191281 0.0559029 0.00154579 9.9955E-05 0.0102523
0.114127 9.9937E-05 0.709823 9.9937E-05 9.9937E-05 9.9937E-05 9.9937E-05 9.9937E-05 0.0155994 0.138195 9.9937E-05 0.00797744 0.0052889 0.00828948
0.0917063 9.9928E-05 0.610484 9.9928E-05 9.9928E-05 0.0595172 0.114656 9.9928E-05 9.9928E-05 0.115967 9.9928E-05 9.9928E-05 0.00687009 9.9928E-05
9.98828E-05 9.98828E-05 0.998702 9.98828E-05 9.98828E-05 9.98828E-05 9.98828E-05 9.98828E-05 9.98828E-05 9.98828E-05 9.98828E-05 9.98828E-05 9.98828E-05 9.98828E-05
0.105442 9.9928E-05 0.614873 9.9928E-05 0.159439 9.9928E-05 9.9928E-05 9.9928E-05 0.013883 0.0543893 0.0511741 9.9928E-05 9.9928E-05 9.9928E-05
0.133523 9.9946E-05 0.503168 0.034373 0.0347548 0.0103042 0.0975567 0.00935542 9.9946E-05 0.176365 9.9946E-05 9.9946E-05 9.9946E-05 9.9946E-05
0.145626 0.0536273 0.602287 9.9937E-05 0.142886 9.9937E-05 9.9937E-05 9.9937E-05 9.9937E-05 9.9937E-05 0.0308984 0.0183506 0.0056261 9.9937E-05
0.057727 9.9928E-05 0.626639 9.9928E-05 0.0918668 0.111525 0.0868045 9.9928E-05 9.9928E-05 9.9928E-05 9.9928E-05 0.0246382 9.9928E-05 9.9928E-05
0.174216 0.0157914 0.600583 0.0122584 0.0331332 0.0257632 9.9946E-05 0.0921885 9.9946E-05 9.9946E-05 9.9946E-05 9.9946E-05 9.9946E-05 0.0454662
0.0441761 0.0730201 0.600693 0.0641661 9.99459E-05 9.99459E-05 9.99459E-05 0.124069 0.0243667 9.99459E-05 0.0301676 9.99459E-05 0.0387413 9.99459E-05
0.141352 9.9973E-05 0.493262 0.0129517 0.0252092 0.0229121 9.9973E-05 0.0625245 0.017624 9.9973E-05 0.180441 0.0212504 0.00384986 0.0183233
9.99459E-05 0.00229684 0.362273 0.0262355 0.0902309 9.99459E-05 9.99459E-05 0.0724088 9.99459E-05 0.133693 0.282576 9.99459E-05 0.0296863 9.99459E-05
9.99445E-05 9.99445E-05 0.532333 9.99445E-05 0.0167883 0.181839 0.202216 0.0179771 9.99445E-05 9.99445E-05 0.022373 9.99445E-05 0.0257742 9.99445E-05
9.9928E-05 0.176489 9.9928E-05 9.9928E-05 9.9928E-05 0.622136 9.9928E-05 0.109095 9.9928E-05 9.9928E-05 0.0677322 0.0124893 0.0112595 9.9928E-05
0.0936644 9.99369E-05 9.99369E-05 0.0161596 9.99369E-05 0.714497 9.99369E-05 0.0204517 0.00695433 0.0102996 0.137274 9.99369E-05 9.99369E-05 9.99369E-05
0.0678652 0.0858748 9.9946E-05 0.0357403 0.0478268 0.679032 0.0509466 9.9946E-05 9.9946E-05 9.9946E-05 9.9946E-05 0.00156791 0.0305469 9.9946E-05
9.9919E-05 9.9919E-05 9.9919E-05 9.9919E-05 9.9919E-05 0.826573 0.0567308 0.0811087 9.9919E-05 9.9919E-05 9.9919E-05 0.00657098 0.0281171 9.9919E-05
9.9964E-05 0.0928998 0.00186587 0.0282324 0.0275815 0.721789 9.9964E-05 9.9964E-05 0.0143763 9.9964E-05 0.0425271 0.00503926 0.050408 0.0148809
9.9937E-05 0.139772 9.9937E-05 9.9937E-05 9.9937E-05 0.737757 0.0599851 0.0185513 0.00896991 9.9937E-05 9.9937E-05 9.9937E-05 0.0114687 0.0227961
0.0738791 0.173467 0.021703 0.0480468 9.9964E-05 0.460459 9.9964E-05 0.110243 0.00623524 0.0594466 9.9964E-05 9.9964E-05 0.0102475 0.0358724
9.9973E-05 0.0149665 0.0207374 0.0143306 0.00476353 0.73452 0.115661 0.033058 0.017095 0.0184584 0.0189148 9.9973E-05 9.9973E-05 0.00719468
0.13214 9.9937E-05 0.00486266 9.9937E-05 0.108541 0.589494 9.9937E-05 9.9937E-05 0.00628377 0.139401 9.9937E-05 9.9937E-05 9.9937E-05 0.0185777
9.9928E-05 9.9928E-05 9.9928E-05 0.0168524 9.9928E-05 0.872616 0.0385685 9.9928E-05 0.0189187 9.9928E-05 0.0261105 0.0261347 9.9928E-05 9.9928E-05
9.9946E-05 0.10884 9.9946E-05 0.0119351 9.9946E-05 0.659097 9.9946E-05 0.0537258 0.00784028 0.105397 0.0116857 9.9946E-05 0.0408799 9.9946E-05
9.9919E-05 9.9919E-05 0.0355599 9.9919E-05 9.9919E-05 0.917226 9.9919E-05 9.9919E-05 9.9919E-05 9.9919E-05 9.9919E-05 0.00145154 0.040178 0.00468498
9.994E-05 0.251018 9.994E-05 0.0152816 9.994E-05 0.422594 0.0648829 0.0712327 9.994E-05 0.144518 9.994E-05 0.0129922 0.0168809 9.994E-05
0.0339905 0.0385851 9.9955E-05 9.9955E-05 9.9955E-05 0.752624 9.9955E-05 0.0880307 0.00475503 0.0110257 0.0285947 0.0297713 0.0121231 9.9955E-05
9.9928E-05 9.9928E-05 9.9928E-05 0.0158508 0.0830191 0.828286 9.9928E-05 9.9928E-05 9.9928E-05 0.019755 9.9928E-05 0.0163434 0.0359464 9.9928E-05
0.0338085 0.139961 9.99279E-05 0.0473321 9.99279E-05 0.708953 9.99279E-05 9.99279E-05 0.056701 0.0124442 9.99279E-05 9.99279E-05 9.99279E-05 9.99279E-05
9.9928E-05 0.0771138 9.9928E-05 9.9928E-05 9.9928E-05 0.752538 9.9928E-05 9.9928E-05 9.9928E-05 9.9928E-05 0.074173 0.0237344 0.0182134 0.0534281
9.995E-05 0.0710765 9.995E-05 0.0171848 0.0615627 0.717408 0.0974137 0.00748113 0.0105193 9.995E-05 9.995E-05 0.0106717 9.995E-05 0.00618217
0.0315127 0.108171 9.9946E-05 9.9946E-05 9.9946E-05 0.560817 9.9946E-05 0.0551696 9.9946E-05 0.131205 0.0743651 0.0118502 0.02631 9.9946E-05
0.0437136 9.9946E-05 0.0180351 9.9946E-05 0.0111496 0.824773 9.9946E-05 9.9946E-05 0.0324955 9.9946E-05 0.0187698 9.9946E-05 0.00137966 0.0490837
0.0194331 9.9964E-05 0.0512337 0.0166104 0.0286674 0.185457 0.311623 9.9964E-05 9.9964E-05 9.9964E-05 0.358047 0.00935944 0.0119874 0.00718193
9.98828E-05 9.98828E-05 9.98828E-05 9.98828E-05 9.98828E-05 9.98828E-05 9.98828E-05 9.98828E-05 9.98828E-05 9.98828E-05 9.98828E-05 9.98828E-05 0.998702 9.98828E-05
9.9946E-05 0.125055 0.032085 0.0450024 9.9946E-05 9.9946E-05 0.362951 0.0233092 0.0433078 9.9946E-05 0.36569 9.9946E-05 9.9946E-05 0.00199948
0.088154 0.0370239 9.9955E-05 0.0490682 9.9955E-05 0.0562351 0.19814 9.9955E-05 0.0257958 9.9955E-05 0.494681 0.0293238 0.021079 9.9955E-05
0.159753 0.0180993 9.9955E-05 0.0303355 9.9955E-05 9.9955E-05 0.326022 9.9955E-05 0.00496227 0.0147027 0.372643 0.0124068 0.0605755 9.9955E-05
0.008779 9.9955E-05 9.9955E-05 9.9955E-05 9.9955E-05 0.0411859 0.671703 0.0499896 0.000271714 0.00353453 0.203948 9.9955E-05 0.00406128 0.0160263
9.98828E-05 9.98828E-05 9.98828E-05 0.998702 9.98828E-05 9.98828E-05 9.98828E-05 9.98828E-05 9.98828E-05 9.98828E-05 9.98828E-05 9.98828E-05 9.98828E-05 9.98828E-05
9.98828E-05 9.98828E-05 9.98828E-05 9.98828E-05 9.98828E-05 9.98828E-05 9.98828E-05 9.98828E-05 9.98828E-05 9.98828E-05 9.98828E-05 9.98828E-05 0.998702 9.98828E-05
0.0740904 0.111788 9.9964E-05 0.0340434 9.9964E-05 9.9964E-05 0.0536377 0.0236334 0.00574348 9.9964E-05 0.540996 0.0472377 0.033146 0.0752844
9.9955E-05 0.00478693 0.0696 0.0772005 9.9955E-05 9.9955E-05 0.691362 0.0819405 0.0166943 0.0294385 9.9955E-05 0.0223456 9.9955E-05 0.00613171
9.9946E-05 0.0228864 9.9946E-05 0.028823 9.9946E-05 9.9946E-05 0.733649 0.0704782 0.0315275 9.9946E-05 0.0600374 0.0128319 0.0391671 9.9946E-05
0.0448235 9.9946E-05 0.0631258 0.0382419 9.9946E-05 9.9946E-05 0.531996 9.9946E-05 0.0363534 9.9946E-05 0.262416 0.00769563 0.0147475 9.9946E-05
0.000896686 9.9964E-05 0.0855101 0.0302348 0.0230281 9.9964E-05 0.355749 9.9964E-05 0.0567436 9.9964E-05 0.274654 0.0334287 0.120958 0.0183971
9.9937E-05 9.9937E-05 9.9937E-05 0.0113712 9.9937E-05 9.9937E-05 0.780296 9.9937E-05 0.00701016 9.9937E-05 0.124114 0.00110728 0.0623801 0.0130218
0.150859 9.9955E-05 9.9955E-05 0.0745707 9.9955E-05 0.00954496 0.593914 9.9955E-05 0.00779118 0.0377355 0.0870706 0.0201321 0.0178826 9.9955E-05
0.106014 9.9946E-05 0.0253117 0.0196521 9.9946E-05 9.9946E-05 0.300769 9.9946E-05 9.9946E-05 0.0199813 0.413093 0.0138662 0.100714 9.9946E-05
0.291042 9.9937E-05 0.0205741 9.9937E-05 0.0401532 9.9937E-05 9.9937E-05 9.9937E-05 9.9937E-05 0.0589232 0.512755 0.0185369 0.0573161 9.9937E-05
0.134095 0.0348145 0.03155 0.0234508 0.0124356 0.148939 0.521579 9.9964E-05 9.9964E-05 0.0412273 9.9964E-05 0.0343909 0.0171186 9.9964E-05
9.9946E-05 9.9946E-05 9.9946E-05 0.0035771 9.9946E-05 0.238979 0.498868 0.0454165 9.9946E-05 9.9946E-05 0.128758 0.0097412 0.022625 0.0514358
9.9946E-05 9.9946E-05 9.9946E-05 9.9946E-05 9.9946E-05 0.347195 0.217129 9.9946E-05 0.00324454 0.14952 0.133897 0.0342742 0.0771009 0.0370392
9.98828E-05 9.98828E-05 9.98828E-05 0.998702 9.98828E-05 9.98828E-05 9.98828E-05 9.98828E-05 9.98828E-05 9.98828E-05 9.98828E-05 9.98828E-05 9.98828E-05 9.98828E-05
0.0886944 0.00133376 0.0398385 0.0140762 0.0696129 0.118942 0.227127 9.9982E-05 0.0803506 9.9982E-05 0.17149 0.0590777 0.06573 0.0635266
9.9946E-05 9.9946E-05 9.9946E-05 0.0625418 0.00701021 0.125057 0.383152 9.9946E-05 0.0408276 9.9946E-05 0.319184 0.0291122 0.0325157 9.9946E-05
9.99189E-05 9.99189E-05 0.014618 9.99189E-05 9.99189E-05 9.99189E-05 0.91919 9.99189E-05 0.00708439 0.0483819 9.99189E-05 0.00982653 9.99189E-05 9.99189E-05
0.0134963 9.9973E-05 0.0323041 0.0506049 9.9973E-05 9.9973E-05 0.408178 0.0375775 0.0358244 0.0590655 0.315624 0.00690981 0.0361555 0.00395982
9.9946E-05 9.9946E-05 9.9946E-05 0.0400901 9.9946E-05 0.0605454 0.447219 9.9946E-05 0.0234988 9.9946E-05 0.358848 0.00141804 0.0167788 0.051003
9.9964E-05 9.9964E-05 0.00634123 9.9964E-05 0.117127 0.28648 0.0325194 0.119804 0.0486764 9.9964E-05 0.322695 0.0293337 0.0315524 0.00507133
9.9937E-05 9.9937E-05 9.9937E-05 0.0309378 0.163212 0.182451 9.9937E-05 0.453529 9.9937E-05 9.9937E-05 0.120395 0.0169383 0.0318372 9.9937E-05
0.160865 9.9973E-05 0.0101582 9.9973E-05 0.00520528 0.156856 0.0801438 0.131645 9.9973E-05 0.0301554 0.339038 0.00806644 0.060547 0.0170201
9.99369E-05 0.00193106 9.99369E-05 0.00689769 0.0259421 9.99369E-05 0.941607 0.00806967 9.99369E-05 0.0133867 9.99369E-05 0.00146652 9.99369E-05 9.99369E-05
9.9901E-05 9.9901E-05 9.9901E-05 9.9901E-05 0.142805 9.9901E-05 0.851667 9.9901E-05 9.9901E-05 9.9901E-05 9.9901E-05 9.9901E-05 0.00442976 9.9901E-05
0.0222939 9.995E-05 0.0240216 9.995E-05 0.0270049 9.995E-05 0.580234 0.0271208 0.0162068 0.08349 0.178703 9.995E-05 0.0404252 9.995E-05
9.98919E-05 9.98919E-05 9.98919E-05 9.98919E-05 9.98919E-05 9.98919E-05 9.98919E-05 9.98919E-05 0.179685 9.98919E-05 0.819116 9.98919E-05 9.98919E-05 9.98919E-05
0.0667563 0.0278396 9.9964E-05 0.125486 0.0215189 0.0812964 0.111204 9.9964E-05 0.0028528 9.9964E-05 0.506745 0.0325981 0.023302 9.9964E-05
9.9937E-05 0.0234463 9.9937E-05 0.0749434 0.0284463 9.9937E-05 0.762014 9.9937E-05 9.9937E-05 0.00847007 0.099177 0.00280367 9.9937E-05 9.9937E-05
9.9928E-05 9.9928E-05 0.0296854 9.9928E-05 0.14253 9.9928E-05 9.9928E-05 9.9928E-05 9.9928E-05 0.0733946 0.706103 9.9928E-05 0.0161971 0.0312902
9.9928E-05 0.0987221 0.116513 9.9928E-05 9.9928E-05 9.9928E-05 9.9928E-05 0.011707 9.9928E-05 9.9928E-05 0.70781 0.0535177 9.9928E-05 0.0109309
9.9946E-05 9.9946E-05 0.00344186 0.0525436 0.0671156 9.9946E-05 0.018551 9.9946E-05 0.00955744 0.139833 0.693354 0.0150039 9.9946E-05 9.9946E-05
0.0573339 9.9955E-05 0.0288111 0.0754266 9.9955E-05 9.9955E-05 0.0904703 0.0404787 9.9955E-05 0.0608277 0.525434 9.9955E-05 0.0716115 0.0491067
0.201307 0.102746 9.9964E-05 0.0456326 9.9964E-05 9.9964E-05 0.00887634 0.109594 0.0210634 9.9964E-05 0.396936 0.0585425 0.0367349 0.0181676
0.0327348 9.9964E-05 9.9964E-05 0.0197268 9.9964E-05 0.0872671 0.333323 9.9964E-05 0.0066996 0.0173203 0.371515 0.0417908 0.0636017 0.025621
0.0852457 9.9946E-05 0.0317922 0.0111214 9.9946E-05 0.0625298 0.503885 9.9946E-05 9.9946E-05 9.9946E-05 0.250484 0.0268336 0.0275077 9.9946E-05
0.0561948 0.084334 9.9964E-05 0.0236593 9.9964E-05 0.0275517 0.304886 9.9964E-05 0.0294882 9.9964E-05 0.330671 0.0760557 0.0623581 0.00440122
0.0842484 0.0203293 0.0518869 9.9964E-05 0.0319724 9.9964E-05 0.223086 9.9964E-05 0.00383011 9.9964E-05 0.512119 0.0175765 0.0216944 0.0328572
9.9964E-05 9.9964E-05 0.027842 0.0819455 9.9964E-05 9.9964E-05 0.442484 0.0969038 0.0836521 0.0250196 0.149239 0.0158163 0.0657263 0.0109714
0.0709992 0.0337175 9.9946E-05 0.0113886 0.0146055 9.9946E-05 0.64625 9.9946E-05 0.00346526 9.9946E-05 0.208364 9.9946E-05 0.0106102 9.9946E-05
9.98828E-05 9.98828E-05 9.98828E-05 9.98828E-05 9.98828E-05 9.98828E-05 9.98828E-05 9.98828E-05 0.998702 9.98828E-05 9.98828E-05 9.98828E-05 9.98828E-05 9.98828E-05
0.189316 9.9973E-05 0.00170832 0.00319981 9.9973E-05 0.0753606 0.0448354 0.0691536 0.0438238 9.9973E-05 0.41851 0.0545289 0.0727739 0.0264895
9.991E-05 0.0396061 9.991E-05 0.0700142 9.991E-05 9.991E-05 0.248959 9.991E-05 9.991E-05 9.991E-05 0.640421 9.991E-05 9.991E-05 9.991E-05
9.9937E-05 9.9937E-05 9.9937E-05 0.0291592 9.9937E-05 9.9937E-05 0.473075 0.0566652 0.0460735 0.00867103 0.33105 9.9937E-05 9.9937E-05 0.0546064
0.010957 0.107825 9.9964E-05 0.00166993 0.03047 0.010468 0.624919 9.9964E-05 0.00193473 9.9964E-05 0.17626 0.0203408 0.0147562 9.9964E-05
0.131073 9.9928E-05 9.9928E-05 0.0121718 9.9928E-05 0.0490797 0.187822 9.9928E-05 9.9928E-05 9.9928E-05 0.56473 0.0543242 9.9928E-05 9.9928E-05
0.137033 9.9946E-05 0.0414174 0.0104994 9.9946E-05 9.9946E-05 0.3948 9.9946E-05 9.9946E-05 0.082582 0.29842 9.9946E-05 0.00128582 0.0333636
9.98829E-05 9.98829E-05 9.98829E-05 9.98829E-05 9.98829E-05 9.98829E-05 9.98829E-05 9.98829E-05 9.98829E-05 9.98829E-05 9.98829E-05 0.998702 9.98829E-05 9.98829E-05
9.98828E-05 9.98828E-05 9.98828E-05 9.98828E-05 9.98828E-05 9.98828E-05 9.98828E-05 9.98828E-05 0.998702 9.98828E-05 9.98828E-05 9.98828E-05 9.98828E-05 9.98828E-05
9.98829E-05 9.98829E-05 9.98829E-05 9.98829E-05 9.98829E-05 9.98829E-05 9.98829E-05 9.98829E-05 9.98829E-05 9.98829E-05 9.98829E-05 0.998702 9.98829E-05 9.98829E-05
9.9946E-05 9.9946E-05 9.9946E-05 0.0117333 0.0219473 0.0114587 9.9946E-05 0.0283613 0.020088 9.9946E-05 0.817943 0.00510365 0.0827652 9.9946E-05
9.996E-05 9.996E-05 0.0486398 0.0188714 0.110446 9.996E-05 0.0668659 9.996E-05 0.0520415 0.00558752 0.585547 0.0585217 0.0337106 0.0193688
0.0690377 0.0897592 0.0255908 9.9964E-05 9.9964E-05 9.9964E-05 0.0750604 0.00873039 0.0379284 9.9964E-05 0.583871 0.0386703 0.0422982 0.0286541
9.9955E-05 9.9955E-05 0.0204833 0.0193121 9.9955E-05 0.0629675 0.439496 9.9955E-05 0.0144789 9.9955E-05 0.31568 0.0610438 0.0213619 0.0446776
9.9946E-05 9.9946E-05 0.0295324 0.0322761 9.9946E-05 0.0510656 0.831473 9.9946E-05 0.0281297 9.9946E-05 9.9946E-05 0.00855202 0.0076826 0.0106891
9.98919E-05 9.98919E-05 9.98919E-05 9.98919E-05 9.98919E-05 9.98919E-05 9.98919E-05 9.98919E-05 0.114584 9.98919E-05 0.884217 9.98919E-05 9.98919E-05 9.98919E-05
9.9964E-05 0.0852061 9.9964E-05 9.9964E-05 0.00661961 9.9964E-05 0.225359 0.0378493 0.0426082 0.0939514 0.429233 0.0237884 0.0120241 0.0429613
0.816783 9.991E-05 9.991E-05 0.00655655 9.991E-05 9.991E-05 9.991E-05 9.991E-05 9.991E-05 9.991E-05 0.120764 9.991E-05 0.0548968 9.991E-05
0.887588 9.9919E-05 9.9919E-05 0.0297639 9.9919E-05 9.9919E-05 0.0360721 9.9919E-05 0.00408937 0.0415873 9.9919E-05 9.9919E-05 9.9919E-05 9.9919E-05
0.877929 9.9937E-05 0.014534 0.0130035 9.9937E-05 9.9937E-05 0.0486823 9.9937E-05 0.0271879 9.9937E-05 9.9937E-05 0.017008 0.00095616 9.9937E-05
0.771758 9.991E-05 9.991E-05 9.991E-05 9.991E-05 9.991E-05 9.991E-05 9.991E-05 9.991E-05 0.060085 0.162149 9.991E-05 0.00500863 9.991E-05
0.673937 9.9946E-05 0.0293308 0.012547 0.0484399 0.0305138 9.9946E-05 9.9946E-05 0.0290593 9.9946E-05 0.168574 0.00699773 9.9946E-05 9.9946E-05
0.866193 9.9919E-05 0.0532121 0.0116874 0.0360852 9.9919E-05 9.9919E-05 9.9919E-05 9.9919E-05 9.9919E-05 9.9919E-05 9.9919E-05 0.0319227 9.9919E-05
0.968241 9.9901E-05 9.9901E-05 9.9901E-05 9.9901E-05 9.9901E-05 9.9901E-05 0.0184486 9.9901E-05 9.9901E-05 9.9901E-05 9.9901E-05 9.9901E-05 0.0122114
0.873554 9.991E-05 9.991E-05 9.991E-05 9.991E-05 9.991E-05 0.0649681 9.991E-05 0.0166753 9.991E-05 9.991E-05 9.991E-05 9.991E-05 0.043804
0.849227 0.0832646 9.9937E-05 9.9937E-05 9.9937E-05 0.0209535 9.9937E-05 0.0205837 0.0145267 9.9937E-05 9.9937E-05 0.00885298 0.00189153 9.9937E-05
0.842476 9.9937E-05 0.0226128 0.00614008 9.9937E-05 0.0345634 9.9937E-05 9.9937E-05 0.0229938 0.044093 9.9937E-05 9.9937E-05 0.0264215 9.9937E-05
0.748811 0.050637 0.0716152 9.9937E-05 9.9937E-05 9.9937E-05 0.10024 0.00679357 9.9937E-05 9.9937E-05 9.9937E-05 0.012036 0.00916759 9.9937E-05
0.102042 0.0143517 9.9946E-05 0.012496 0.728863 0.0604752 9.9946E-05 0.0398097 9.9946E-05 9.9946E-05 9.9946E-05 0.0387141 0.00264863 9.9946E-05
0.122933 0.0388282 0.00583985 0.0261435 0.507897 0.0266254 0.0124599 0.237835 0.0208352 9.9964E-05 9.9964E-05 9.9964E-05 9.9964E-05 0.000203155
9.9955E-05 0.0880205 0.0617986 0.00344653 0.698158 9.9955E-05 0.0550636 9.9955E-05 0.0138484 0.0546175 9.9955E-05 0.011758 0.0127895 9.9955E-05
9.9937E-05 9.9937E-05 9.9937E-05 9.9937E-05 0.658306 0.056901 0.0227613 0.0818449 9.9937E-05 0.144018 9.9937E-05 0.0197391 9.9937E-05 0.0157303
9.9919E-05 9.9919E-05 9.9919E-05 0.0592992 0.702756 0.112082 9.9919E-05 9.9919E-05 0.00279788 9.9919E-05 0.122165 9.9919E-05 9.9919E-05 9.9919E-05
0.0914205 9.9955E-05 9.9955E-05 0.0131174 0.688754 9.9955E-05 9.9955E-05 0.0393121 0.0073221 0.0282048 0.105544 0.0090966 9.9955E-05 0.0167287
9.9937E-05 0.111392 0.0320195 0.00397918 0.762375 9.9937E-05 0.0141221 9.9937E-05 0.0750539 9.9937E-05 9.9937E-05 0.000358215 9.9937E-05 9.9937E-05
9.9919E-05 9.9919E-05 0.0101243 9.9919E-05 0.54001 9.9919E-05 0.134277 0.291698 0.0229906 9.9919E-05 9.9919E-05 9.9919E-05 9.9919E-05 9.9919E-05
9.99639E-05 0.0157948 9.99639E-05 9.99639E-05 0.561972 9.99639E-05 0.0521064 0.0366522 0.0142785 0.117278 0.132937 0.0496254 0.00922634 0.00972952
0.101495 9.9919E-05 9.9919E-05 9.9919E-05 0.665026 0.165174 9.9919E-05 9.9919E-05 0.00826337 0.059142 9.9919E-05 9.9919E-05 9.9919E-05 9.9919E-05
0.000777899 0.112944 9.9946E-05 0.055128 0.730406 0.00390171 9.9946E-05 0.0583619 9.9946E-05 9.9946E-05 9.9946E-05 0.0106741 0.0272072 9.9946E-05
9.9928E-05 0.0668683 9.9928E-05 9.9928E-05 0.423189 0.0936388 9.9928E-05 0.385293 9.9928E-05 9.9928E-05 9.9928E-05 0.00683535 0.0233759 9.9928E-05
0.0326092 0.028084 0.00762126 9.9973E-05 0.578036 0.0403194 0.0738929 0.0814759 9.9973E-05 0.0530291 0.0771285 0.0108895 0.0166143 9.9973E-05
0.0781693 0.0558671 9.9946E-05 9.9946E-05 0.35002 0.0773586 9.9946E-05 0.168911 9.9946E-05 0.00424313 0.253197 9.9946E-05 0.0116339 9.9946E-05
9.9946E-05 9.9946E-05 0.0243419 9.9946E-05 9.9946E-05 9.9946E-05 9.9946E-05 0.848709 0.00116831 0.0274342 0.0337187 0.00673113 0.034439 0.0228579
9.9928E-05 9.9928E-05 9.9928E-05 0.0270209 9.9928E-05 9.9928E-05 0.0140548 0.8776 9.9928E-05 9.9928E-05 0.0582031 9.9928E-05 0.00414074 0.0181813
9.9901E-05 0.0941416 9.9901E-05 9.9901E-05 9.9901E-05 9.9901E-05 9.9901E-05 0.874856 9.9901E-05 9.9901E-05 9.9901E-05 9.9901E-05 0.0299037 9.9901E-05
0.0399979 0.0453176 9.9919E-05 9.9919E-05 9.9919E-05 9.9919E-05 0.0618936 0.851438 9.9919E-05 9.9919E-05 9.9919E-05 0.000454001 9.9919E-05 9.9919E-05
9.9883E-05 9.9883E-05 9.9883E-05 9.9883E-05 9.9883E-05 9.9883E-05 9.9883E-05 0.998702 9.9883E-05 9.9883E-05 9.9883E-05 9.9883E-05 9.9883E-05 9.9883E-05
9.99099E-05 9.99099E-05 0.00378147 0.0469831 9.99099E-05 9.99099E-05 9.99099E-05 0.828714 9.99099E-05 0.119523 9.99099E-05 9.99099E-05 9.99099E-05 9.99099E-05
9.9937E-05 0.0373376 0.0174949 0.0384442 9.9937E-05 9.9937E-05 9.9937E-05 0.724068 0.00263897 0.00466628 0.174651 9.9937E-05 9.9937E-05 9.9937E-05
0.0636968 0.0260038 9.9937E-05 9.9937E-05 0.109836 9.9937E-05 0.0593169 0.721329 0.0157928 9.9937E-05 9.9937E-05 0.00332485 9.9937E-05 9.9937E-05
0.0208713 9.9955E-05 9.9955E-05 0.00873222 0.606746 9.9955E-05 9.9955E-05 0.201963 0.0212306 9.9955E-05 0.118842 0.0088373 0.00504143 0.00723666
9.9919E-05 9.9919E-05 9.9919E-05 0.000881453 0.766862 9.9919E-05 9.9919E-05 0.0360479 9.9919E-05 0.0626976 0.132612 9.9919E-05 9.9919E-05 9.9919E-05
9.9946E-05 0.0954828 0.0246955 9.9946E-05 0.669583 9.9946E-05 9.9946E-05 0.0281113 0.0515676 9.9946E-05 0.0884947 9.9946E-05 0.0298928 0.0115727
0.00749796 9.9928E-05 0.026978 9.9928E-05 0.403159 9.9928E-05 9.9928E-05 0.283867 9.9928E-05 0.0507834 0.226916 9.9928E-05 9.9928E-05 9.9928E-05
9.9937E-05 0.132996 0.00916315 0.00572126 0.753341 9.9937E-05 9.9937E-05 9.9937E-05 9.9937E-05 9.9937E-05 9.9937E-05 0.0491171 0.0142033 0.034759
9.9937E-05 0.0905592 9.9937E-05 9.9937E-05 0.682169 9.9937E-05 9.9937E-05 9.9937E-05 0.00313115 0.0731292 0.0747205 9.9937E-05 0.0472531 0.0283383
9.9946E-05 0.0586539 0.0195844 9.9946E-05 0.17941 9.9946E-05 9.9946E-05 0.540811 9.9946E-05 0.0510657 0.113894 0.00215329 0.0338283 9.9946E-05
0.000541301 9.9964E-05 0.0332477 0.00772462 0.778339 0.0748548 9.9964E-05 0.0163311 0.0337904 9.9964E-05 0.0184568 0.00323117 0.0330829 9.9964E-05
9.9946E-05 0.0686112 9.9946E-05 9.9946E-05 0.732964 0.0166368 0.0105629 0.113383 0.018339 9.9946E-05 9.9946E-05 0.0184517 0.0204514 9.9946E-05
0.00368305 9.9946E-05 0.00862344 9.9946E-05 0.679586 0.00567625 9.9946E-05 9.9946E-05 0.0195903 0.173352 0.082788 9.9946E-05 9.9946E-05 0.0261014
0.00620071 9.9928E-05 0.0590559 9.9928E-05 0.478063 9.9928E-05 0.0102793 0.253526 9.9928E-05 0.192076 9.9928E-05 9.9928E-05 9.9928E-05 9.9928E-05
9.9946E-05 0.0339104 0.0110234 9.9946E-05 0.661993 9.9946E-05 0.0331413 0.177407 0.0357923 9.9946E-05 9.9946E-05 0.0116713 0.0344619 9.9946E-05
9.9937E-05 9.9937E-05 0.000944987 0.0144996 0.885219 9.9937E-05 0.000775818 9.9937E-05 9.9937E-05 9.9937E-05 0.0647811 0.015187 9.9937E-05 0.0178933
9.9883E-05 9.9883E-05 9.9883E-05 9.9883E-05 9.9883E-05 9.9883E-05 9.9883E-05 9.9883E-05 9.9883E-05 0.998702 9.9883E-05 9.9883E-05 9.9883E-05 9.9883E-05
9.98919E-05 0.971924 9.98919E-05 9.98919E-05 9.98919E-05 9.98919E-05 9.98919E-05 9.98919E-05 9.98919E-05 9.98919E-05 0.0268771 9.98919E-05 9.98919E-05 9.98919E-05
9.9901E-05 9.9901E-05 9.9901E-05 9.9901E-05 9.9901E-05 9.9901E-05 9.9901E-05 9.9901E-05 0.0131859 0.976378 0.00933684 9.9901E-05 9.9901E-05 9.9901E-05
9.99009E-05 9.99009E-05 9.99009E-05 9.99009E-05 9.99009E-05 9.99009E-05 9.99009E-05 9.99009E-05 0.00133348 0.982712 9.99009E-05 9.99009E-05 0.0148559 9.99009E-05
9.9901E-05 0.98292 9.9901E-05 9.9901E-05 9.9901E-05 9.9901E-05 9.9901E-05 9.9901E-05 9.9901E-05 9.9901E-05 9.9901E-05 0.0104487 9.9901E-05 0.00553265
9.9901E-05 0.976578 9.9901E-05 0.00492272 9.9901E-05 9.9901E-05 9.9901E-05 9.9901E-05 9.9901E-05 9.9901E-05 9.9901E-05 0.0174 9.9901E-05 9.9901E-05
9.9883E-05 0.998702 9.9883E-05 9.9883E-05 9.9883E-05 9.9883E-05 9.9883E-05 9.9883E-05 9.9883E-05 9.9883E-05 9.9883E-05 9.9883E-05 9.9883E-05 9.9883E-05
9.9892E-05 9.9892E-05 0.0187997 9.9892E-05 9.9892E-05 9.9892E-05 9.9892E-05 9.9892E-05 9.9892E-05 0.980002 9.9892E-05 9.9892E-05 9.9892E-05 9.9892E-05
