9.9838E-05 9.9838E-05 9.9838E-05 9.9838E-05 9.9838E-05 9.9838E-05 9.9838E-05 0.00283684 9.9838E-05 9.9838E-05 0.995366 9.9838E-05 9.9838E-05 9.9838E-05 9.9838E-05 9.9838E-05 9.9838E-05 9.9838E-05 9.9838E-05 9.9838E-05
9.9865E-05 9.9865E-05 0.00767153 9.9865E-05 9.9865E-05 9.9865E-05 9.9865E-05 9.9865E-05 0.0065439 9.9865E-05 0.0646278 9.9865E-05 9.9865E-05 0.790284 9.9865E-05 9.9865E-05 0.129375 9.9865E-05 9.9865E-05 9.9865E-05
9.9883E-05 9.9883E-05 9.9883E-05 9.9883E-05 9.9883E-05 0.014689 9.9883E-05 0.0207055 0.0249043 0.0563804 0.772135 9.9883E-05 9.9883E-05 9.9883E-05 0.0319303 9.9883E-05 0.0779576 9.9883E-05 9.9883E-05 9.9883E-05
9.98829E-05 9.98829E-05 0.016865 9.98829E-05 0.00040307 9.98829E-05 9.98829E-05 0.0330425 0.00777301 9.98829E-05 0.217941 9.98829E-05 9.98829E-05 0.6308 0.0918767 9.98829E-05 9.98829E-05 9.98829E-05 9.98829E-05 9.98829E-05
0.000142467 9.9856E-05 9.9856E-05 9.9856E-05 9.9856E-05 9.9856E-05 9.9856E-05 9.9856E-05 0.0117748 9.9856E-05 9.9856E-05 9.9856E-05 9.9856E-05 0.984647 9.9856E-05 0.00183809 9.9856E-05 9.9856E-05 9.9856E-05 9.9856E-05
9.9874E-05 9.9874E-05 9.9874E-05 9.9874E-05 0.0243936 9.9874E-05 9.9874E-05 9.9874E-05 9.9874E-05 0.0544533 0.643709 0.00795076 9.9874E-05 0.243805 9.9874E-05 9.9874E-05 9.9874E-05 9.9874E-05 9.9874E-05 0.0242896
9.98469E-05 9.98469E-05 0.0158177 9.98469E-05 9.98469E-05 9.98469E-05 9.98469E-05 9.98469E-05 9.98469E-05 9.98469E-05 0.972818 0.00966696 9.98469E-05 9.98469E-05 9.98469E-05 9.98469E-05 9.98469E-05 9.98469E-05 9.98469E-05 9.98469E-05
0.0204291 0.043591 9.98956E-05 9.98956E-05 0.00427653 0.0150147 9.98956E-05 0.0234311 9.98956E-05 9.98956E-05 0.846552 9.98956E-05 9.98956E-05 9.98956E-05 9.98956E-05 9.98956E-05 9.98956E-05 0.0318501 9.98956E-05 0.0136567
9.9883E-05 9.9883E-05 0.0998225 9.9883E-05 0.0178574 9.9883E-05 0.0975386 9.9883E-05 0.00134044 9.9883E-05 0.695317 9.9883E-05 9.9883E-05 0.0799861 9.9883E-05 0.00683985 9.9883E-05 9.9883E-05 9.9883E-05 9.9883E-05
9.9892E-05 0.00685427 0.00968833 9.9892E-05 0.0824659 9.9892E-05 9.9892E-05 9.9892E-05 9.9892E-05 9.9892E-05 0.736297 0.014973 0.0251277 0.116453 9.9892E-05 9.9892E-05 0.00694181 9.9892E-05 9.9892E-05 9.9892E-05
9.9883E-05 9.9883E-05 9.9883E-05 9.9883E-05 0.0315355 0.0116069 9.9883E-05 9.9883E-05 9.9883E-05 0.0542674 0.590948 9.9883E-05 9.9883E-05 0.114599 0.0021322 9.9883E-05 0.193612 9.9883E-05 9.9883E-05 9.9883E-05
9.9883E-05 9.9883E-05 9.9883E-05 9.9883E-05 9.9883E-05 0.0136268 9.9883E-05 0.0157063 9.9883E-05 9.9883E-05 0.0698478 0.0125891 0.0155114 0.796227 9.9883E-05 9.9883E-05 0.0751926 9.9883E-05 9.9883E-05 9.9883E-05
0.0954225 9.98651E-05 9.98651E-05 9.98651E-05 0.0413173 9.98651E-05 9.98651E-05 9.98651E-05 9.98651E-05 9.98651E-05 0.780084 9.98651E-05 9.98651E-05 9.98651E-05 0.0509347 9.98651E-05 9.98651E-05 9.98651E-05 9.98651E-05 0.0307437
9.9856E-05 9.9856E-05 9.9856E-05 9.9856E-05 9.9856E-05 0.0179931 9.9856E-05 9.9856E-05 9.9856E-05 9.9856E-05 9.9856E-05 9.9856E-05 0.0724324 0.895595 9.9856E-05 9.9856E-05 0.0123821 9.9856E-05 9.9856E-05 9.9856E-05
9.9883E-05 9.9883E-05 9.9883E-05 9.9883E-05 9.9883E-05 9.9883E-05 0.000592007 9.9883E-05 9.9883E-05 0.0112472 0.60608 9.9883E-05 9.9883E-05 0.201952 0.0921369 9.9883E-05 0.0677762 0.0189164 9.9883E-05 9.9883E-05
9.98291E-05 9.98291E-05 9.98291E-05 9.98291E-05 9.98291E-05 9.98291E-05 9.98291E-05 9.98291E-05 9.98291E-05 9.98291E-05 9.98291E-05 9.98291E-05 9.98291E-05 0.998103 9.98291E-05 9.98291E-05 9.98291E-05 9.98291E-05 9.98291E-05 9.98291E-05
9.98651E-05 9.98651E-05 9.98651E-05 9.98651E-05 9.98651E-05 9.98651E-05 9.98651E-05 9.98651E-05 9.98651E-05 9.98651E-05 0.614827 0.00225195 9.98651E-05 0.369842 9.98651E-05 9.98651E-05 9.98651E-05 9.98651E-05 0.00107418 0.0105066
9.9856E-05 9.9856E-05 9.9856E-05 0.0145142 9.9856E-05 9.9856E-05 9.9856E-05 9.9856E-05 9.9856E-05 9.9856E-05 0.806515 9.9856E-05 9.9856E-05 0.126773 9.9856E-05 0.0506001 9.9856E-05 9.9856E-05 9.9856E-05 9.9856E-05
9.98561E-05 9.98561E-05 9.98561E-05 0.0434422 9.98561E-05 9.98561E-05 9.98561E-05 0.00445481 9.98561E-05 9.98561E-05 0.655641 9.98561E-05 9.98561E-05 0.294864 9.98561E-05 9.98561E-05 9.98561E-05 9.98561E-05 9.98561E-05 9.98561E-05
9.9865E-05 9.9865E-05 9.9865E-05 9.9865E-05 9.9865E-05 9.9865E-05 9.9865E-05 9.9865E-05 0.00905162 9.9865E-05 0.270194 9.9865E-05 9.9865E-05 0.691985 0.0245482 9.9865E-05 9.9865E-05 0.00272271 9.9865E-05 9.9865E-05
9.98291E-05 9.98291E-05 9.98291E-05 9.98291E-05 9.98291E-05 0.998103 9.98291E-05 9.98291E-05 9.98291E-05 9.98291E-05 9.98291E-05 9.98291E-05 9.98291E-05 9.98291E-05 9.98291E-05 9.98291E-05 9.98291E-05 9.98291E-05 9.98291E-05 9.98291E-05
9.98561E-05 9.98561E-05 9.98561E-05 9.98561E-05 0.0968264 9.98561E-05 0.0629179 9.98561E-05 9.98561E-05 9.98561E-05 9.98561E-05 9.98561E-05 0.829577 0.0090813 9.98561E-05 9.98561E-05 9.98561E-05 9.98561E-05 9.98561E-05 9.98561E-05
9.9865E-05 9.9865E-05 9.9865E-05 0.0351013 9.9865E-05 9.9865E-05 9.9865E-05 9.9865E-05 9.9865E-05 9.9865E-05 9.9865E-05 0.00787647 0.882128 0.015253 9.9865E-05 9.9865E-05 9.9865E-05 0.0581437 9.9865E-05 9.9865E-05
9.9856E-05 9.9856E-05 9.9856E-05 9.9856E-05 9.9856E-05 9.9856E-05 9.9856E-05 9.9856E-05 0.0429359 9.9856E-05 9.9856E-05 9.9856E-05 0.921514 9.9856E-05 9.9856E-05 9.9856E-05 9.9856E-05 9.9856E-05 0.025336 0.00861613
9.98381E-05 9.98381E-05 9.98381E-05 9.98381E-05 9.98381E-05 9.98381E-05 9.98381E-05 9.98381E-05 9.98381E-05 9.98381E-05 9.98381E-05 9.98381E-05 0.988358 9.98381E-05 9.98381E-05 0.00984461 9.98381E-05 9.98381E-05 9.98381E-05 9.98381E-05
0.0168025 9.9856E-05 9.9856E-05 9.9856E-05 9.9856E-05 9.9856E-05 9.9856E-05 0.00192169 9.9856E-05 9.9856E-05 0.0208263 9.9856E-05 0.958852 9.9856E-05 9.9856E-05 9.9856E-05 9.9856E-05 9.9856E-05 9.9856E-05 9.9856E-05
9.98741E-05 9.98741E-05 9.98741E-05 9.98741E-05 0.031431 0.0132543 9.98741E-05 0.0106525 9.98741E-05 0.00573757 9.98741E-05 9.98741E-05 0.86492 9.98741E-05 9.98741E-05 0.0726065 9.98741E-05 9.98741E-05 9.98741E-05 9.98741E-05
9.9838E-05 9.9838E-05 9.9838E-05 9.9838E-05 9.9838E-05 0.990027 9.9838E-05 9.9838E-05 9.9838E-05 9.9838E-05 9.9838E-05 9.9838E-05 9.9838E-05 9.9838E-05 0.00817575 9.9838E-05 9.9838E-05 9.9838E-05 9.9838E-05 9.9838E-05
0.0228514 9.9919E-05 0.020995 0.00172508 9.9919E-05 0.0213784 9.9919E-05 9.9919E-05 0.0123414 0.0310412 9.9919E-05 0.00462634 0.355787 0.0100266 0.475479 9.9919E-05 0.042849 9.9919E-05 9.9919E-05 9.9919E-05
9.9901E-05 9.9901E-05 9.9901E-05 0.00271998 0.00669784 9.9901E-05 9.9901E-05 9.9901E-05 0.00657247 0.0450253 9.9901E-05 9.9901E-05 0.523427 0.0311678 0.223437 0.153711 9.9901E-05 9.9901E-05 9.9901E-05 0.00614348
9.98289E-05 9.98289E-05 9.98289E-05 9.98289E-05 9.98289E-05 9.98289E-05 9.98289E-05 9.98289E-05 9.98289E-05 9.98289E-05 9.98289E-05 9.98289E-05 9.98289E-05 9.98289E-05 0.998103 9.98289E-05 9.98289E-05 9.98289E-05 9.98289E-05 9.98289E-05
0.0350899 9.98831E-05 0.0540713 0.0204095 9.98831E-05 0.0352416 9.98831E-05 9.98831E-05 9.98831E-05 9.98831E-05 9.98831E-05 9.98831E-05 0.749866 9.98831E-05 9.98831E-05 9.98831E-05 9.98831E-05 9.98831E-05 0.0672353 0.0367878
0.109423 0.0765361 9.9919E-05 9.9919E-05 9.9919E-05 0.0432349 9.9919E-05 9.9919E-05 9.9919E-05 9.9919E-05 0.0419993 0.00317496 0.549034 9.9919E-05 0.123606 0.0187126 9.9919E-05 0.00115525 0.0264611 0.00576386
9.98289E-05 9.98289E-05 9.98289E-05 9.98289E-05 9.98289E-05 9.98289E-05 9.98289E-05 9.98289E-05 9.98289E-05 9.98289E-05 9.98289E-05 9.98289E-05 9.98289E-05 9.98289E-05 0.998103 9.98289E-05 9.98289E-05 9.98289E-05 9.98289E-05 9.98289E-05
9.9847E-05 9.9847E-05 9.9847E-05 9.9847E-05 9.9847E-05 9.9847E-05 0.0133331 9.9847E-05 9.9847E-05 9.9847E-05 9.9847E-05 0.0235973 9.9847E-05 9.9847E-05 0.961372 9.9847E-05 9.9847E-05 9.9847E-05 9.9847E-05 9.9847E-05
9.99369E-05 9.99369E-05 9.99369E-05 9.99369E-05 0.0421345 0.0206148 0.0415446 0.0449513 0.0413974 0.177443 0.0525944 9.99369E-05 0.228139 0.000777869 0.232289 9.99369E-05 0.100419 0.0129653 9.99369E-05 0.00403162
9.9874E-05 9.9874E-05 9.9874E-05 0.0272592 9.9874E-05 9.9874E-05 9.9874E-05 0.0193628 0.0030864 9.9874E-05 9.9874E-05 9.9874E-05 0.153312 9.9874E-05 0.690702 9.9874E-05 9.9874E-05 9.9874E-05 0.10488 9.9874E-05
9.991E-05 0.0234475 9.991E-05 0.0951204 0.0504828 0.0133712 9.991E-05 0.00243784 0.0203852 9.991E-05 9.991E-05 9.991E-05 9.991E-05 0.0190938 0.00457474 9.991E-05 0.0936307 9.991E-05 0.676457 9.991E-05
0.0645773 0.0334364 0.0482583 0.0167748 9.98919E-05 9.98919E-05 0.0108511 9.98919E-05 9.98919E-05 9.98919E-05 9.98919E-05 0.00826742 9.98919E-05 9.98919E-05 9.98919E-05 9.98919E-05 0.188209 9.98919E-05 0.628427 9.98919E-05
0.0767854 9.98921E-05 9.98921E-05 9.98921E-05 0.0772597 9.98921E-05 9.98921E-05 0.0323002 9.98921E-05 0.0377713 9.98921E-05 9.98921E-05 9.98921E-05 0.0508283 9.98921E-05 9.98921E-05 9.98921E-05 0.0769292 0.638448 0.00847904
9.9883E-05 0.0474279 0.0525289 9.9883E-05 9.9883E-05 9.9883E-05 9.9883E-05 0.00661503 9.9883E-05 9.9883E-05 0.0284462 9.9883E-05 0.0269873 9.9883E-05 9.9883E-05 0.134179 9.9883E-05 9.9883E-05 0.702517 9.9883E-05
9.9928E-05 9.9928E-05 9.9928E-05 0.0266031 0.00262135 0.0130146 0.0695706 0.0251367 0.0148513 0.067301 9.9928E-05 0.0188419 9.9928E-05 0.0536389 9.9928E-05 0.00450151 9.9928E-05 9.9928E-05 0.691174 0.0119454
9.9901E-05 0.0322658 9.9901E-05 9.9901E-05 0.164847 0.00412534 9.9901E-05 0.00811529 0.011778 9.9901E-05 0.0333844 9.9901E-05 9.9901E-05 9.9901E-05 9.9901E-05 0.0697893 9.9901E-05 0.048263 0.626333 9.9901E-05
9.9919E-05 9.9919E-05 9.9919E-05 0.00906287 0.14073 0.0113996 9.9919E-05 0.012432 0.00796164 0.177422 9.9919E-05 9.9919E-05 9.9919E-05 0.0371012 9.9919E-05 9.9919E-05 0.109628 0.0117277 0.469349 0.0122866
0.0140851 9.9901E-05 9.9901E-05 9.9901E-05 9.9901E-05 0.0104855 9.9901E-05 0.00297044 0.055723 9.9901E-05 0.00943668 9.9901E-05 9.9901E-05 9.9901E-05 0.108683 9.9901E-05 9.9901E-05 0.049291 0.735177 0.0130491
0.0400964 9.9901E-05 0.074965 0.0443451 9.9901E-05 9.9901E-05 9.9901E-05 9.9901E-05 0.0299199 9.9901E-05 9.9901E-05 0.0118731 9.9901E-05 0.0411893 0.0477987 9.9901E-05 9.9901E-05 0.0323393 0.676374 9.9901E-05
9.98831E-05 9.98831E-05 9.98831E-05 9.98831E-05 9.98831E-05 9.98831E-05 0.125299 9.98831E-05 9.98831E-05 0.0093722 9.98831E-05 0.0115683 9.98831E-05 9.98831E-05 0.0274951 9.98831E-05 9.98831E-05 0.0294205 0.752287 0.0432593
9.9874E-05 0.115352 9.9874E-05 9.9874E-05 9.9874E-05 0.00678421 0.155855 0.00832013 0.00991609 9.9874E-05 9.9874E-05 9.9874E-05 9.9874E-05 9.9874E-05 9.9874E-05 9.9874E-05 9.9874E-05 9.9874E-05 0.702375 9.9874E-05
9.9883E-05 9.9883E-05 9.9883E-05 0.0284187 9.9883E-05 0.0383457 9.9883E-05 0.00996218 0.00835243 9.9883E-05 9.9883E-05 9.9883E-05 9.9883E-05 0.0208097 9.9883E-05 9.9883E-05 9.9883E-05 9.9883E-05 0.879422 0.0133907
9.9892E-05 0.0479129 9.9892E-05 0.027597 0.252813 9.9892E-05 9.9892E-05 0.0305587 9.9892E-05 9.9892E-05 9.9892E-05 9.9892E-05 9.9892E-05 0.0252561 0.0401022 9.9892E-05 0.0460113 9.9892E-05 0.52855 9.9892E-05
0.0679674 9.9892E-05 9.9892E-05 9.9892E-05 9.9892E-05 0.00479097 9.9892E-05 0.000938634 0.00263675 0.022848 0.0281021 9.9892E-05 9.9892E-05 9.9892E-05 9.9892E-05 9.9892E-05 0.0851022 9.9892E-05 0.786415 9.9892E-05
9.98651E-05 9.98651E-05 0.0664286 0.0193408 9.98651E-05 9.98651E-05 9.98651E-05 0.0238516 9.98651E-05 9.98651E-05 9.98651E-05 9.98651E-05 9.98651E-05 9.98651E-05 9.98651E-05 9.98651E-05 9.98651E-05 0.0664399 0.822441 9.98651E-05
0.0389801 0.0147332 0.0365076 9.9901E-05 0.0202862 9.9901E-05 9.9901E-05 9.9901E-05 9.9901E-05 9.9901E-05 0.0233787 0.052743 9.9901E-05 9.9901E-05 9.9901E-05 0.0242487 9.9901E-05 9.9901E-05 0.777944 0.01008
9.9874E-05 9.9874E-05 9.9874E-05 0.0138581 9.9874E-05 9.9874E-05 0.154773 9.9874E-05 9.9874E-05 9.9874E-05 0.0686796 9.9874E-05 9.9874E-05 9.9874E-05 0.0556744 0.0303012 9.9874E-05 9.9874E-05 0.675316 9.9874E-05
9.991E-05 9.991E-05 0.0802984 9.991E-05 9.991E-05 0.0100125 9.991E-05 9.991E-05 9.991E-05 0.0198389 0.00468346 0.0217976 9.991E-05 0.028417 9.991E-05 0.111491 9.991E-05 0.022692 0.664799 0.0349708
0.00318892 0.0236804 9.9901E-05 9.9901E-05 0.203984 9.9901E-05 9.9901E-05 0.0104804 9.9901E-05 0.00590302 9.9901E-05 9.9901E-05 9.9901E-05 9.9901E-05 0.0192938 9.9901E-05 0.215183 9.9901E-05 0.51296 0.0042276
9.9892E-05 9.9892E-05 9.9892E-05 9.9892E-05 9.9892E-05 0.00520838 9.9892E-05 9.9892E-05 9.9892E-05 0.000398162 9.9892E-05 0.0246316 0.029064 0.0674813 0.0292835 0.151861 9.9892E-05 9.9892E-05 0.690873 9.9892E-05
9.9883E-05 9.9883E-05 9.9883E-05 0.0553722 9.9883E-05 0.00500131 9.9883E-05 0.00540083 9.9883E-05 9.9883E-05 9.9883E-05 9.9883E-05 0.0119964 0.0577994 9.9883E-05 9.9883E-05 0.717296 9.9883E-05 0.145835 9.9883E-05
9.98289E-05 9.98289E-05 9.98289E-05 9.98289E-05 9.98289E-05 9.98289E-05 9.98289E-05 0.998103 9.98289E-05 9.98289E-05 9.98289E-05 9.98289E-05 9.98289E-05 9.98289E-05 9.98289E-05 9.98289E-05 9.98289E-05 9.98289E-05 9.98289E-05 9.98289E-05
0.0516687 0.0301039 9.9928E-05 0.0456642 0.0505706 0.0121127 9.9928E-05 9.9928E-05 0.0359614 9.9928E-05 9.9928E-05 0.0416138 9.9928E-05 0.0411836 9.9928E-05 0.0246337 0.620467 0.0399556 9.9928E-05 0.0052654
0.0682615 9.9901E-05 9.9901E-05 9.9901E-05 9.9901E-05 9.9901E-05 0.271624 0.0110185 0.0212739 9.9901E-05 0.00264791 0.0497774 9.9901E-05 9.9901E-05 9.9901E-05 9.9901E-05 0.542905 0.030608 0.000784332 9.9901E-05
0.00668831 9.98741E-05 9.98741E-05 0.0166769 9.98741E-05 9.98741E-05 9.98741E-05 0.0342422 0.0114485 9.98741E-05 9.98741E-05 9.98741E-05 9.98741E-05 9.98741E-05 9.98741E-05 0.213299 0.716247 9.98741E-05 9.98741E-05 9.98741E-05
9.9865E-05 9.9865E-05 0.0350779 9.9865E-05 9.9865E-05 0.00145862 9.9865E-05 9.9865E-05 9.9865E-05 9.9865E-05 9.9865E-05 9.9865E-05 9.9865E-05 9.9865E-05 0.0107864 0.903291 9.9865E-05 0.0478883 9.9865E-05 9.9865E-05
9.9874E-05 9.9874E-05 0.0180435 9.9874E-05 9.9874E-05 9.9874E-05 9.9874E-05 9.9874E-05 0.00952473 9.9874E-05 9.9874E-05 9.9874E-05 0.0714624 9.9874E-05 9.9874E-05 9.9874E-05 0.0195888 0.0100066 9.9874E-05 0.869976
9.98289E-05 9.98289E-05 9.98289E-05 9.98289E-05 9.98289E-05 9.98289E-05 9.98289E-05 0.998103 9.98289E-05 9.98289E-05 9.98289E-05 9.98289E-05 9.98289E-05 9.98289E-05 9.98289E-05 9.98289E-05 9.98289E-05 9.98289E-05 9.98289E-05 9.98289E-05
0.00554345 9.9919E-05 9.9919E-05 9.9919E-05 0.176298 9.9919E-05 9.9919E-05 0.0167103 0.0143098 9.9919E-05 0.0573045 0.00685447 9.9919E-05 0.00732289 9.9919E-05 0.210519 0.422296 0.0484042 9.9919E-05 0.0335381
9.991E-05 0.0278168 9.991E-05 0.160666 9.991E-05 0.0193863 9.991E-05 9.991E-05 9.991E-05 9.991E-05 9.991E-05 0.0177452 0.0860102 0.0187657 9.991E-05 0.613524 0.000716195 0.0361002 9.991E-05 0.0182701
0.0913275 0.0459079 9.9919E-05 0.110891 9.9919E-05 9.9919E-05 9.9919E-05 0.0127136 9.9919E-05 9.9919E-05 9.9919E-05 0.0353544 9.9919E-05 0.0340595 0.0454886 0.369698 0.134921 0.0609437 9.9919E-05 0.057796
0.0179642 0.0030171 9.9937E-05 0.0563111 9.9937E-05 0.0279325 9.9937E-05 0.0240221 0.0152827 9.9937E-05 9.9937E-05 0.0379931 0.0236092 9.9937E-05 0.0173345 0.213474 0.484494 0.0760538 9.9937E-05 0.00181169
9.9937E-05 9.9937E-05 9.9937E-05 0.0305053 9.9937E-05 0.0110469 0.0131784 0.104619 0.0263379 9.9937E-05 0.0221607 0.0431065 9.9937E-05 0.00742089 0.112307 0.192295 0.401743 0.0256011 9.9937E-05 0.0089792
0.0193554 9.991E-05 9.991E-05 0.0174239 9.991E-05 9.991E-05 9.991E-05 0.0258159 0.00386469 9.991E-05 0.0179375 0.00493695 9.991E-05 9.991E-05 9.991E-05 0.697639 0.0476133 0.126755 9.991E-05 0.0376591
0.0281831 9.98651E-05 9.98651E-05 9.98651E-05 9.98651E-05 9.98651E-05 9.98651E-05 9.98651E-05 0.00589456 9.98651E-05 9.98651E-05 9.98651E-05 9.98651E-05 9.98651E-05 9.98651E-05 0.901965 9.98651E-05 0.0174767 9.98651E-05 0.0449824
0.0944901 9.9937E-05 0.000763056 0.0539231 9.9937E-05 0.00308989 0.142572 0.0738596 0.0497588 9.9937E-05 0.00658476 0.00883166 0.033301 9.9937E-05 9.9937E-05 0.161914 0.357031 0.013181 9.9937E-05 9.9937E-05
0.0727904 9.9847E-05 9.9847E-05 9.9847E-05 9.9847E-05 9.9847E-05 0.861038 9.9847E-05 9.9847E-05 9.9847E-05 9.9847E-05 9.9847E-05 9.9847E-05 9.9847E-05 0.0644746 9.9847E-05 9.9847E-05 9.9847E-05 9.9847E-05 9.9847E-05
0.185279 9.9928E-05 9.9928E-05 0.0983426 0.104029 0.0352354 9.9928E-05 0.0416688 9.9928E-05 0.0137058 0.0173564 9.9928E-05 0.00655684 9.9928E-05 9.9928E-05 0.194328 9.9928E-05 0.103877 0.136566 0.0622562
9.991E-05 0.0427508 9.991E-05 0.0603078 9.991E-05 9.991E-05 0.150945 0.000909716 9.991E-05 9.991E-05 0.00227945 9.991E-05 9.991E-05 0.0219939 0.0681639 0.500469 9.991E-05 9.991E-05 0.123329 0.0278524
9.9856E-05 9.9856E-05 9.9856E-05 0.0193159 0.00249403 9.9856E-05 0.784141 9.9856E-05 9.9856E-05 9.9856E-05 9.9856E-05 9.9856E-05 9.9856E-05 9.9856E-05 9.9856E-05 9.9856E-05 9.9856E-05 9.9856E-05 0.192452 9.9856E-05
9.9901E-05 9.9901E-05 0.00774809 9.9901E-05 9.9901E-05 9.9901E-05 9.9901E-05 0.0247717 9.9901E-05 9.9901E-05 9.9901E-05 0.0114905 0.00559662 9.9901E-05 9.9901E-05 0.0328665 0.0412919 0.0162474 0.0277203 0.831168
9.991E-05 9.991E-05 9.991E-05 9.991E-05 9.991E-05 0.0317788 0.349966 0.0365715 9.991E-05 0.00887243 0.0129494 0.0385159 0.023147 9.991E-05 9.991E-05 0.384292 9.991E-05 9.991E-05 0.0710171 0.0418911
9.9919E-05 9.9919E-05 9.9919E-05 0.089704 9.9919E-05 9.9919E-05 0.0473827 0.0335299 0.00239777 9.9919E-05 9.9919E-05 0.0295027 9.9919E-05 9.9919E-05 0.0830153 0.276372 0.29068 0.00174364 0.0700874 0.0746855
9.98289E-05 9.98289E-05 9.98289E-05 0.998103 9.98289E-05 9.98289E-05 9.98289E-05 9.98289E-05 9.98289E-05 9.98289E-05 9.98289E-05 9.98289E-05 9.98289E-05 9.98289E-05 9.98289E-05 9.98289E-05 9.98289E-05 9.98289E-05 9.98289E-05 9.98289E-05
9.9892E-05 0.00497052 9.9892E-05 0.0228623 9.9892E-05 9.9892E-05 9.9892E-05 0.00731074 9.9892E-05 9.9892E-05 9.9892E-05 0.0281203 9.9892E-05 0.0703757 0.00455518 9.9892E-05 0.776747 0.0838599 9.9892E-05 9.9892E-05
9.9892E-05 9.9892E-05 9.9892E-05 0.0281589 9.9892E-05 9.9892E-05 0.0480503 0.00143049 9.9892E-05 9.9892E-05 9.9892E-05 0.0194761 9.9892E-05 0.0587571 9.9892E-05 0.820826 9.9892E-05 0.00195791 9.9892E-05 0.0201446
9.9865E-05 0.109698 9.9865E-05 9.9865E-05 9.9865E-05 9.9865E-05 0.745291 9.9865E-05 9.9865E-05 9.9865E-05 9.9865E-05 0.0349484 0.00250642 9.9865E-05 9.9865E-05 9.9865E-05 9.9865E-05 9.9865E-05 0.106058 9.9865E-05
9.9901E-05 0.428214 0.0750589 9.9901E-05 9.9901E-05 9.9901E-05 9.9901E-05 0.00898854 0.024734 0.145892 9.9901E-05 9.9901E-05 9.9901E-05 0.0290191 9.9901E-05 9.9901E-05 0.116365 9.9901E-05 0.121506 0.0491232
0.00341245 0.027631 0.217516 0.0660457 9.991E-05 9.991E-05 9.991E-05 0.0514611 9.991E-05 9.991E-05 9.991E-05 0.0194371 9.991E-05 9.991E-05 0.0842582 0.198467 0.278216 9.991E-05 0.0525566 9.991E-05
9.9838E-05 9.9838E-05 9.9838E-05 0.994512 9.9838E-05 9.9838E-05 9.9838E-05 9.9838E-05 9.9838E-05 9.9838E-05 9.9838E-05 9.9838E-05 9.9838E-05 9.9838E-05 9.9838E-05 0.00369055 9.9838E-05 9.9838E-05 9.9838E-05 9.9838E-05
9.98291E-05 9.98291E-05 9.98291E-05 0.998103 9.98291E-05 9.98291E-05 9.98291E-05 9.98291E-05 9.98291E-05 9.98291E-05 9.98291E-05 9.98291E-05 9.98291E-05 9.98291E-05 9.98291E-05 9.98291E-05 9.98291E-05 9.98291E-05 9.98291E-05 9.98291E-05
0.0317522 0.0239227 9.9937E-05 0.0658865 0.0235738 0.00766971 0.0200805 0.0552595 9.9937E-05 0.0531256 9.9937E-05 0.0256049 0.0169659 9.9937E-05 9.9937E-05 0.634995 0.039398 0.00106615 9.9937E-05 9.9937E-05
9.9829E-05 9.9829E-05 9.9829E-05 9.9829E-05 9.9829E-05 9.9829E-05 9.9829E-05 9.9829E-05 0.998103 9.9829E-05 9.9829E-05 9.9829E-05 9.9829E-05 9.9829E-05 9.9829E-05 9.9829E-05 9.9829E-05 9.9829E-05 9.9829E-05 9.9829E-05
9.9892E-05 9.9892E-05 9.9892E-05 9.9892E-05 9.9892E-05 0.00458434 9.9892E-05 0.00747174 9.9892E-05 0.0104703 9.9892E-05 0.0275257 9.9892E-05 9.9892E-05 9.9892E-05 9.9892E-05 0.731098 0.0187582 0.120882 0.0780112
9.98287E-05 9.98287E-05 9.98287E-05 9.98287E-05 9.98287E-05 9.98287E-05 9.98287E-05 9.98287E-05 9.98287E-05 9.98287E-05 9.98287E-05 9.98287E-05 9.98287E-05 9.98287E-05 9.98287E-05 9.98287E-05 9.98287E-05 0.998103 9.98287E-05 9.98287E-05
9.98921E-05 9.98921E-05 0.156922 9.98921E-05 9.98921E-05 0.0332443 9.98921E-05 0.00639727 0.0458977 9.98921E-05 9.98921E-05 9.98921E-05 9.98921E-05 0.0696255 0.00252002 0.169438 0.514757 9.98921E-05 9.98921E-05 9.98921E-05
0.0417247 9.9901E-05 9.9901E-05 9.9901E-05 0.177626 0.00445796 9.9901E-05 9.9901E-05 0.0219338 0.00115583 0.0220129 9.9901E-05 9.9901E-05 9.9901E-05 0.020159 9.9901E-05 0.681724 9.9901E-05 9.9901E-05 0.0281067
9.9856E-05 0.0138443 0.0662479 9.9856E-05 9.9856E-05 9.9856E-05 9.9856E-05 9.9856E-05 9.9856E-05 9.9856E-05 0.0178484 9.9856E-05 9.9856E-05 9.9856E-05 9.9856E-05 9.9856E-05 0.900462 9.9856E-05 9.9856E-05 9.9856E-05
0.00821585 0.000218321 9.9946E-05 0.095366 0.0521014 0.00574298 0.18546 0.0426492 0.0459666 0.0298408 9.9946E-05 9.9946E-05 9.9946E-05 0.0659805 0.113055 0.0912516 0.255284 9.9946E-05 9.9946E-05 0.00826838
0.119531 0.0513581 0.00264783 9.9892E-05 0.0460131 9.9892E-05 0.666752 9.9892E-05 0.0196481 9.9892E-05 9.9892E-05 9.9892E-05 9.9892E-05 9.9892E-05 9.9892E-05 0.0160427 9.9892E-05 9.9892E-05 9.9892E-05 0.0768089
0.0611731 9.9928E-05 9.9928E-05 0.0488119 9.9928E-05 9.9928E-05 0.334056 0.0253821 9.9928E-05 9.9928E-05 0.0169766 0.00557386 9.9928E-05 0.00506099 9.9928E-05 0.084171 0.316436 0.0399703 0.0152502 0.046338
0.11788 9.9901E-05 9.9901E-05 0.119039 9.9901E-05 9.9901E-05 9.9901E-05 0.00251653 9.9901E-05 9.9901E-05 9.9901E-05 0.00708391 0.0100026 9.9901E-05 9.9901E-05 0.0659674 0.60901 9.9901E-05 0.0432454 0.0241559
0.00183808 9.9919E-05 9.9919E-05 9.9919E-05 0.0262776 9.9919E-05 9.9919E-05 0.0482068 0.0583829 9.9919E-05 9.9919E-05 0.0158738 9.9919E-05 0.0650621 9.9919E-05 0.125396 0.483018 0.0736278 0.0322841 0.0691331
9.9919E-05 9.9919E-05 9.9919E-05 0.0534733 9.9919E-05 0.0129083 0.189248 9.9919E-05 9.9919E-05 0.0281663 0.0371095 0.0171477 0.0427061 9.9919E-05 0.00344422 0.0779854 0.53341 0.00350234 9.9919E-05 9.9919E-05
9.991E-05 9.991E-05 9.991E-05 0.056498 9.991E-05 9.991E-05 0.108425 0.0436106 0.00951285 0.127663 0.0348178 0.0612824 9.991E-05 9.991E-05 9.991E-05 9.991E-05 0.00995743 0.505089 9.991E-05 0.042145
9.9829E-05 9.9829E-05 9.9829E-05 9.9829E-05 9.9829E-05 9.9829E-05 9.9829E-05 9.9829E-05 9.9829E-05 9.9829E-05 9.9829E-05 9.9829E-05 9.9829E-05 9.9829E-05 9.9829E-05 0.998103 9.9829E-05 9.9829E-05 9.9829E-05 9.9829E-05
9.9829E-05 9.9829E-05 9.9829E-05 9.9829E-05 9.9829E-05 9.9829E-05 9.9829E-05 9.9829E-05 9.9829E-05 9.9829E-05 9.9829E-05 0.998103 9.9829E-05 9.9829E-05 9.9829E-05 9.9829E-05 9.9829E-05 9.9829E-05 9.9829E-05 9.9829E-05
0.113351 9.9946E-05 0.000273157 0.0313866 9.9946E-05 0.00433748 0.170887 0.0506085 0.0437117 0.0215163 0.0723434 0.0158311 9.9946E-05 9.9946E-05 0.0596761 0.229814 0.132411 9.9946E-05 9.9946E-05 0.0532528
9.9874E-05 9.9874E-05 9.9874E-05 9.9874E-05 9.9874E-05 0.00659287 9.9874E-05 9.9874E-05 0.0187874 9.9874E-05 0.0317715 0.0118389 9.9874E-05 9.9874E-05 9.9874E-05 0.0677686 0.861843 9.9874E-05 9.9874E-05 9.9874E-05
9.9919E-05 0.0466538 9.9919E-05 0.0135389 0.0732482 0.00270091 0.0538336 9.9919E-05 0.00824616 9.9919E-05 9.9919E-05 0.0320515 9.9919E-05 0.130015 9.9919E-05 0.390386 0.141787 0.10664 9.9919E-05 9.9919E-05
9.9856E-05 9.9856E-05 9.9856E-05 9.9856E-05 9.9856E-05 9.9856E-05 9.9856E-05 9.9856E-05 0.0157459 0.022488 9.9856E-05 9.9856E-05 9.9856E-05 9.9856E-05 9.9856E-05 0.941739 9.9856E-05 9.9856E-05 0.0184291 9.9856E-05
0.132674 9.991E-05 9.991E-05 0.0155068 9.991E-05 9.991E-05 0.0760947 9.991E-05 0.000401777 9.991E-05 0.0204887 9.991E-05 9.991E-05 9.991E-05 9.991E-05 0.0329103 0.661685 0.00680592 0.016332 0.0361017
0.0605995 9.99279E-05 0.0102162 0.0939374 9.99279E-05 0.0170898 0.116191 9.99279E-05 9.99279E-05 9.99279E-05 9.99279E-05 0.00384667 9.99279E-05 0.00999913 0.0666058 0.0330879 0.575273 0.00896579 9.99279E-05 0.00338861
9.9829E-05 9.9829E-05 9.9829E-05 9.9829E-05 9.9829E-05 9.9829E-05 9.9829E-05 9.9829E-05 9.9829E-05 9.9829E-05 9.9829E-05 9.9829E-05 9.9829E-05 9.9829E-05 9.9829E-05 9.9829E-05 9.9829E-05 9.9829E-05 9.9829E-05 0.998103
9.9829E-05 9.9829E-05 9.9829E-05 9.9829E-05 9.9829E-05 9.9829E-05 9.9829E-05 9.9829E-05 9.9829E-05 9.9829E-05 9.9829E-05 0.998103 9.9829E-05 9.9829E-05 9.9829E-05 9.9829E-05 9.9829E-05 9.9829E-05 9.9829E-05 9.9829E-05
9.98289E-05 9.98289E-05 9.98289E-05 9.98289E-05 9.98289E-05 9.98289E-05 9.98289E-05 9.98289E-05 9.98289E-05 9.98289E-05 9.98289E-05 9.98289E-05 9.98289E-05 9.98289E-05 9.98289E-05 9.98289E-05 9.98289E-05 9.98289E-05 9.98289E-05 0.998103
9.9883E-05 9.9883E-05 9.9883E-05 9.9883E-05 9.9883E-05 0.000615172 0.540278 0.0482572 0.0446126 9.9883E-05 9.9883E-05 0.0076913 9.9883E-05 9.9883E-05 9.9883E-05 9.9883E-05 0.316962 0.0402853 9.9883E-05 9.9883E-05
9.9883E-05 9.9883E-05 9.9883E-05 9.9883E-05 9.9883E-05 0.0153058 0.842999 9.9883E-05 0.0398675 0.0313823 9.9883E-05 9.9883E-05 9.9883E-05 9.9883E-05 0.0234704 9.9883E-05 9.9883E-05 0.0059805 9.9883E-05 0.0396964
9.9838E-05 9.9838E-05 9.9838E-05 9.9838E-05 9.9838E-05 9.9838E-05 0.997534 9.9838E-05 9.9838E-05 9.9838E-05 9.9838E-05 9.9838E-05 0.000669175 9.9838E-05 9.9838E-05 9.9838E-05 9.9838E-05 9.9838E-05 9.9838E-05 9.9838E-05
9.9901E-05 9.9901E-05 9.9901E-05 9.9901E-05 9.9901E-05 0.00788153 0.167492 0.00411694 9.9901E-05 9.9901E-05 0.0304876 0.0175182 9.9901E-05 9.9901E-05 9.9901E-05 0.395378 0.329459 0.0234522 9.9901E-05 0.0231158
9.98287E-05 9.98287E-05 9.98287E-05 9.98287E-05 9.98287E-05 9.98287E-05 9.98287E-05 9.98287E-05 9.98287E-05 9.98287E-05 9.98287E-05 9.98287E-05 9.98287E-05 9.98287E-05 9.98287E-05 9.98287E-05 9.98287E-05 0.998103 9.98287E-05 9.98287E-05
9.9829E-05 9.9829E-05 9.9829E-05 9.9829E-05 9.9829E-05 9.9829E-05 9.9829E-05 9.9829E-05 0.998103 9.9829E-05 9.9829E-05 9.9829E-05 9.9829E-05 9.9829E-05 9.9829E-05 9.9829E-05 9.9829E-05 9.9829E-05 9.9829E-05 9.9829E-05
9.9955E-05 0.00895522 0.0313139 0.0109594 0.0113796 0.00566475 0.100964 9.9955E-05 0.0237649 9.9955E-05 9.9955E-05 0.0375048 9.9955E-05 0.094614 0.0252672 0.0431906 0.502296 0.0464677 0.0431656 0.0139922
0.68844 9.9874E-05 9.9874E-05 9.9874E-05 9.9874E-05 0.0132865 9.9874E-05 0.0645728 9.9874E-05 0.00591297 9.9874E-05 9.9874E-05 9.9874E-05 0.0403637 9.9874E-05 9.9874E-05 0.186026 9.9874E-05 9.9874E-05 9.9874E-05
0.898132 9.98741E-05 9.98741E-05 0.0674554 0.0178153 9.98741E-05 9.98741E-05 0.00790718 0.00687458 9.98741E-05 9.98741E-05 9.98741E-05 9.98741E-05 9.98741E-05 9.98741E-05 9.98741E-05 9.98741E-05 9.98741E-05 9.98741E-05 0.000417592
0.846055 9.9874E-05 9.9874E-05 0.022254 9.9874E-05 0.0155557 0.0809172 9.9874E-05 9.9874E-05 9.9874E-05 9.9874E-05 0.0206987 9.9874E-05 9.9874E-05 0.013121 9.9874E-05 9.9874E-05 9.9874E-05 9.9874E-05 9.9874E-05
0.577819 9.98471E-05 9.98471E-05 9.98471E-05 9.98471E-05 9.98471E-05 0.417168 9.98471E-05 9.98471E-05 9.98471E-05 9.98471E-05 9.98471E-05 9.98471E-05 9.98471E-05 0.00331598 9.98471E-05 9.98471E-05 9.98471E-05 9.98471E-05 9.98471E-05
0.645474 9.991E-05 0.0651838 9.991E-05 9.991E-05 0.0126354 9.991E-05 9.991E-05 9.991E-05 9.991E-05 0.00121464 0.0176371 9.991E-05 9.991E-05 0.0550187 0.118486 0.0528738 0.0221233 9.991E-05 0.00835354
0.872539 0.00786723 9.98741E-05 9.98741E-05 9.98741E-05 9.98741E-05 9.98741E-05 0.0151472 0.0156047 0.0676538 9.98741E-05 9.98741E-05 0.0197893 9.98741E-05 9.98741E-05 9.98741E-05 9.98741E-05 9.98741E-05 9.98741E-05 9.98741E-05
0.9799 0.0117518 9.9847E-05 9.9847E-05 9.9847E-05 9.9847E-05 9.9847E-05 9.9847E-05 9.9847E-05 9.9847E-05 9.9847E-05 9.9847E-05 9.9847E-05 0.00665101 9.9847E-05 9.9847E-05 9.9847E-05 9.9847E-05 9.9847E-05 9.9847E-05
0.906849 9.9874E-05 9.9874E-05 0.0239872 9.9874E-05 9.9874E-05 9.9874E-05 9.9874E-05 9.9874E-05 9.9874E-05 0.0453233 0.000630869 9.9874E-05 9.9874E-05 0.0210126 0.000798758 9.9874E-05 9.9874E-05 9.9874E-05 9.9874E-05
0.772952 9.9909E-05 0.120386 9.9909E-05 9.9909E-05 0.00927511 9.9909E-05 0.00282647 9.9909E-05 9.9909E-05 0.00565911 9.9909E-05 9.9909E-05 9.9909E-05 0.0585903 0.0030929 9.9909E-05 0.0117927 0.0143259 9.9909E-05
0.683636 9.9928E-05 0.0439314 9.9928E-05 0.0516599 0.025289 0.0355048 0.00247044 0.0133059 9.9928E-05 0.00795666 0.0287043 9.9928E-05 9.9928E-05 9.9928E-05 9.9928E-05 0.0193083 0.0387473 0.0486861 9.9928E-05
0.735949 9.99144E-05 9.99144E-05 0.00128022 9.99144E-05 0.0049839 9.99144E-05 0.0122191 0.0317284 9.99144E-05 0.0110355 9.99144E-05 0.0558683 9.99144E-05 0.0364585 0.0862431 9.99144E-05 0.0232347 9.99144E-05 9.99144E-05
0.0385562 9.9883E-05 0.562923 9.9883E-05 9.9883E-05 9.9883E-05 9.9883E-05 9.9883E-05 0.0168405 0.287717 9.9883E-05 0.00141256 0.0644907 9.9883E-05 9.9883E-05 9.9883E-05 9.9883E-05 9.9883E-05 9.9883E-05 0.0267618
0.0513272 0.0304015 0.794681 0.0175823 9.9901E-05 0.00380584 9.9901E-05 9.9901E-05 0.00168591 0.0594803 9.9901E-05 0.022025 0.0179119 9.9901E-05 9.9901E-05 9.9901E-05 9.9901E-05 9.9901E-05 9.9901E-05 9.9901E-05
9.9901E-05 9.9901E-05 0.281675 0.0516897 0.0660535 0.00569017 0.0433098 0.0143748 9.9901E-05 0.476377 9.9901E-05 9.9901E-05 0.0588705 0.000859899 9.9901E-05 9.9901E-05 9.9901E-05 9.9901E-05 9.9901E-05 9.9901E-05
9.98741E-05 0.276997 9.98741E-05 0.049945 9.98741E-05 0.00527881 9.98741E-05 9.98741E-05 9.98741E-05 0.530352 9.98741E-05 9.98741E-05 9.98741E-05 0.0420235 9.98741E-05 9.98741E-05 9.98741E-05 9.98741E-05 0.0940051 9.98741E-05
9.98471E-05 9.98471E-05 0.89081 9.98471E-05 9.98471E-05 0.0220129 9.98471E-05 9.98471E-05 9.98471E-05 9.98471E-05 9.98471E-05 9.98471E-05 9.98471E-05 9.98471E-05 9.98471E-05 9.98471E-05 0.0854796 9.98471E-05 9.98471E-05 9.98471E-05
0.0233828 0.230948 0.142773 9.9919E-05 9.9919E-05 0.0077876 9.9919E-05 9.9919E-05 9.9919E-05 0.383974 0.0219389 0.00222603 9.9919E-05 9.9919E-05 0.0399794 9.9919E-05 0.124462 0.0179844 0.00364457 9.9919E-05
9.98831E-05 0.0173851 0.344227 9.98831E-05 9.98831E-05 9.98831E-05 9.98831E-05 9.98831E-05 9.98831E-05 0.421817 9.98831E-05 0.0602276 9.98831E-05 0.00237666 0.110139 9.98831E-05 9.98831E-05 9.98831E-05 0.0425287 9.98831E-05
0.00397431 0.108129 0.509804 0.0396828 9.991E-05 0.0165866 9.991E-05 9.991E-05 0.0050455 0.264307 9.991E-05 0.0118571 9.991E-05 9.991E-05 0.00686232 0.0327528 9.991E-05 9.991E-05 9.991E-05 9.991E-05
9.993E-05 9.993E-05 0.11125 0.0395448 0.0212615 0.00734616 0.0950363 0.0107756 0.00221138 0.543442 0.0370255 9.993E-05 9.993E-05 9.993E-05 0.00797737 9.993E-05 9.993E-05 0.0466425 0.0355103 0.0412769
9.98291E-05 9.98291E-05 0.998103 9.98291E-05 9.98291E-05 9.98291E-05 9.98291E-05 9.98291E-05 9.98291E-05 9.98291E-05 9.98291E-05 9.98291E-05 9.98291E-05 9.98291E-05 9.98291E-05 9.98291E-05 9.98291E-05 9.98291E-05 9.98291E-05 9.98291E-05
9.9856E-05 9.9856E-05 0.958739 9.9856E-05 9.9856E-05 0.00390956 9.9856E-05 0.0240883 9.9856E-05 9.9856E-05 9.9856E-05 9.9856E-05 9.9856E-05 9.9856E-05 9.9856E-05 9.9856E-05 9.9856E-05 9.9856E-05 9.9856E-05 0.0116653
9.9865E-05 0.0727325 0.8888 9.9865E-05 9.9865E-05 9.9865E-05 9.9865E-05 0.0195178 9.9865E-05 9.9865E-05 0.0108868 9.9865E-05 9.9865E-05 9.9865E-05 9.9865E-05 9.9865E-05 9.9865E-05 9.9865E-05 0.00656477 9.9865E-05
9.9874E-05 9.9874E-05 0.799441 9.9874E-05 0.0332782 9.9874E-05 0.0625012 0.00556983 9.9874E-05 9.9874E-05 9.9874E-05 9.9874E-05 9.9874E-05 0.0144126 0.0833992 9.9874E-05 9.9874E-05 9.9874E-05 9.9874E-05 9.9874E-05
9.98829E-05 0.18375 0.141618 9.98829E-05 0.0570193 9.98829E-05 0.330009 0.00267967 9.98829E-05 0.268284 9.98829E-05 9.98829E-05 9.98829E-05 9.98829E-05 9.98829E-05 0.0153416 9.98829E-05 9.98829E-05 9.98829E-05 9.98829E-05
9.9892E-05 0.709288 9.9892E-05 9.9892E-05 9.9892E-05 9.9892E-05 0.00128955 0.0344763 0.0115988 0.0778619 9.9892E-05 9.9892E-05 0.0240515 0.038884 9.9892E-05 0.101351 9.9892E-05 9.9892E-05 9.9892E-05 9.9892E-05
9.9892E-05 0.733249 9.9892E-05 9.9892E-05 9.9892E-05 0.0141891 0.0344251 0.013146 0.0122276 0.125182 0.0367167 9.9892E-05 9.9892E-05 9.9892E-05 9.9892E-05 9.9892E-05 9.9892E-05 9.9892E-05 0.0296653 9.9892E-05
9.9838E-05 0.956545 9.9838E-05 9.9838E-05 9.9838E-05 9.9838E-05 9.9838E-05 0.0416583 9.9838E-05 9.9838E-05 9.9838E-05 9.9838E-05 9.9838E-05 9.9838E-05 9.9838E-05 9.9838E-05 9.9838E-05 9.9838E-05 9.9838E-05 9.9838E-05
9.9874E-05 0.930304 9.9874E-05 0.00543325 9.9874E-05 9.9874E-05 9.9874E-05 0.00254541 9.9874E-05 9.9874E-05 0.0349308 9.9874E-05 9.9874E-05 9.9874E-05 9.9874E-05 0.015487 9.9874E-05 9.9874E-05 0.00990161 9.9874E-05
9.98291E-05 0.998103 9.98291E-05 9.98291E-05 9.98291E-05 9.98291E-05 9.98291E-05 9.98291E-05 9.98291E-05 9.98291E-05 9.98291E-05 9.98291E-05 9.98291E-05 9.98291E-05 9.98291E-05 9.98291E-05 9.98291E-05 9.98291E-05 9.98291E-05 9.98291E-05
9.9883E-05 0.566041 9.9883E-05 9.9883E-05 0.101611 0.0030658 9.9883E-05 9.9883E-05 9.9883E-05 0.195781 9.9883E-05 9.9883E-05 9.9883E-05 9.9883E-05 0.0655032 9.9883E-05 0.0401909 0.0265086 9.9883E-05 9.9883E-05
9.9901E-05 0.779482 9.9901E-05 9.9901E-05 0.0682711 9.9901E-05 0.000487132 9.9901E-05 9.9901E-05 9.9901E-05 0.0135798 0.0113665 0.0212593 9.9901E-05 0.00118562 9.9901E-05 0.088256 9.9901E-05 9.9901E-05 0.0150136
0.0323244 0.826272 0.0152876 0.0212851 9.9883E-05 9.9883E-05 9.9883E-05 9.9883E-05 9.9883E-05 9.9883E-05 9.9883E-05 0.0102015 9.9883E-05 9.9883E-05 0.064307 0.0290243 9.9883E-05 9.9883E-05 9.9883E-05 9.9883E-05
0.0278883 0.00313199 9.9883E-05 9.9883E-05 9.9883E-05 9.9883E-05 0.0687214 9.9883E-05 9.9883E-05 0.829476 9.9883E-05 0.000777101 9.9883E-05 0.052973 9.9883E-05 9.9883E-05 9.9883E-05 9.9883E-05 9.9883E-05 0.0157338
0.00279071 9.9865E-05 9.9865E-05 9.9865E-05 9.9865E-05 9.9865E-05 9.9865E-05 9.9865E-05 0.00853838 0.922349 0.0221027 9.9865E-05 9.9865E-05 9.9865E-05 9.9865E-05 0.0427214 9.9865E-05 9.9865E-05 9.9865E-05 9.9865E-05
9.9919E-05 0.00281934 0.0232946 9.9919E-05 0.00529043 9.9919E-05 9.9919E-05 0.0239647 0.00596093 0.728075 0.00288413 0.038903 0.0183063 0.0554434 0.094159 9.9919E-05 9.9919E-05 9.9919E-05 9.9919E-05 9.9919E-05
0.0474695 9.991E-05 0.212081 9.991E-05 0.101562 9.991E-05 0.0228289 9.991E-05 9.991E-05 0.501486 9.991E-05 0.00657753 0.0264385 9.991E-05 0.00172264 9.991E-05 0.0731717 0.00566336 9.991E-05 9.991E-05
9.98919E-05 9.98919E-05 0.10391 9.98919E-05 0.0180525 0.0332334 9.98919E-05 9.98919E-05 0.00930231 0.720859 0.0105769 9.98919E-05 9.98919E-05 9.98919E-05 9.98919E-05 9.98919E-05 0.0896651 9.98919E-05 9.98919E-05 0.0132021
9.9874E-05 9.9874E-05 9.9874E-05 9.9874E-05 0.169576 9.9874E-05 9.9874E-05 0.0315726 9.9874E-05 0.661629 9.9874E-05 9.9874E-05 9.9874E-05 0.0701276 0.0385597 9.9874E-05 9.9874E-05 0.0271372 9.9874E-05 9.9874E-05
9.9901E-05 0.169175 0.0764136 0.0923678 0.0982922 0.00676247 9.9901E-05 0.0111611 9.9901E-05 0.425184 9.9901E-05 9.9901E-05 9.9901E-05 0.0754722 0.0440727 9.9901E-05 9.9901E-05 9.9901E-05 9.9901E-05 9.9901E-05
9.98741E-05 9.98741E-05 9.98741E-05 0.00841392 9.98741E-05 9.98741E-05 9.98741E-05 9.98741E-05 0.0218945 0.886332 9.98741E-05 0.00472681 9.98741E-05 9.98741E-05 9.98741E-05 9.98741E-05 9.98741E-05 0.00689461 0.0703396 9.98741E-05
9.98831E-05 9.98831E-05 0.443012 9.98831E-05 9.98831E-05 9.98831E-05 9.98831E-05 0.0313147 9.98831E-05 0.461293 9.98831E-05 0.0196228 9.98831E-05 9.98831E-05 9.98831E-05 9.98831E-05 9.98831E-05 0.0172086 0.0176994 0.00855044
9.9892E-05 9.9892E-05 0.0101459 9.9892E-05 9.9892E-05 9.9892E-05 9.9892E-05 9.9892E-05 9.9892E-05 0.713622 0.0704494 0.00643119 0.0135366 9.9892E-05 9.9892E-05 9.9892E-05 0.0462276 0.0088227 0.129566 9.9892E-05
9.9901E-05 0.064856 9.9901E-05 0.0171507 9.9901E-05 0.00506027 0.0322621 9.9901E-05 0.0163208 0.719268 9.9901E-05 9.9901E-05 0.0729302 9.9901E-05 9.9901E-05 9.9901E-05 9.9901E-05 0.00636277 0.0646899 9.9901E-05
9.9892E-05 0.104655 9.9892E-05 0.0495882 9.9892E-05 0.0173342 9.9892E-05 0.00341925 9.9892E-05 0.76471 9.9892E-05 0.0260323 9.9892E-05 9.9892E-05 0.0255216 9.9892E-05 9.9892E-05 9.9892E-05 9.9892E-05 0.0075407
9.9874E-05 9.9874E-05 0.105164 9.9874E-05 9.9874E-05 0.0389843 9.9874E-05 9.9874E-05 0.0384631 0.76418 0.0201595 9.9874E-05 9.9874E-05 9.9874E-05 9.9874E-05 9.9874E-05 9.9874E-05 0.031651 9.9874E-05 9.9874E-05
9.98562E-05 9.98562E-05 9.98562E-05 9.98562E-05 0.922873 0.0103626 0.0579356 0.00723106 9.98562E-05 9.98562E-05 9.98562E-05 9.98562E-05 9.98562E-05 9.98562E-05 9.98562E-05 9.98562E-05 9.98562E-05 9.98562E-05 9.98562E-05 9.98562E-05
9.9883E-05 0.000741316 9.9883E-05 9.9883E-05 0.921473 9.9883E-05 0.0117627 0.00384621 0.0301834 9.9883E-05 9.9883E-05 0.00144867 9.9883E-05 9.9883E-05 0.0292459 9.9883E-05 9.9883E-05 9.9883E-05 9.9883E-05 9.9883E-05
9.9892E-05 9.9892E-05 9.9892E-05 0.0289337 0.885138 0.000739424 9.9892E-05 0.00624031 0.0175554 9.9892E-05 9.9892E-05 0.00362825 9.9892E-05 0.0392614 9.9892E-05 9.9892E-05 9.9892E-05 9.9892E-05 9.9892E-05 0.0173051
9.9883E-05 9.9883E-05 9.9883E-05 0.0108491 0.822293 9.9883E-05 9.9883E-05 9.9883E-05 9.9883E-05 0.066889 0.0356951 0.0210408 9.9883E-05 9.9883E-05 9.9883E-05 0.0059261 9.9883E-05 9.9883E-05 9.9883E-05 0.0360087
9.98651E-05 9.98651E-05 9.98651E-05 0.0605846 0.835374 9.98651E-05 9.98651E-05 9.98651E-05 9.98651E-05 9.98651E-05 0.0511698 0.0159521 9.98651E-05 9.98651E-05 9.98651E-05 9.98651E-05 0.0354213 9.98651E-05 9.98651E-05 9.98651E-05
9.9892E-05 9.9892E-05 0.0506152 9.9892E-05 0.840124 0.00351969 9.9892E-05 9.9892E-05 9.9892E-05 9.9892E-05 9.9892E-05 0.0164017 0.0166596 9.9892E-05 9.9892E-05 9.9892E-05 9.9892E-05 0.0177251 0.0489933 0.0047624
9.98471E-05 9.98471E-05 9.98471E-05 9.98471E-05 0.980329 9.98471E-05 9.98471E-05 9.98471E-05 0.000787651 9.98471E-05 9.98471E-05 9.98471E-05 9.98471E-05 9.98471E-05 9.98471E-05 0.0171864 9.98471E-05 9.98471E-05 9.98471E-05 9.98471E-05
0.0175135 9.9883E-05 9.9883E-05 9.9883E-05 0.61677 9.9883E-05 9.9883E-05 9.9883E-05 9.9883E-05 9.9883E-05 0.0581217 9.9883E-05 0.121513 9.9883E-05 0.0140897 9.9883E-05 0.0278508 9.9883E-05 0.142843 9.9883E-05
