9.9946E-05 9.9946E-05 0.0105228 9.9946E-05 9.9946E-05 0.86394 9.9946E-05 0.124937 9.9946E-05
9.9964E-05 9.9964E-05 9.9964E-05 0.0527364 9.9964E-05 0.671137 0.102603 0.166071 0.00705284
9.9964E-05 0.0460268 9.9964E-05 0.0690942 9.9964E-05 0.785257 0.000850817 0.0983712 9.9964E-05
0.0879687 9.9973E-05 9.9973E-05 0.0430289 0.00573873 0.746121 0.101965 0.0148779 9.9973E-05
0.0932608 9.9964E-05 0.0600167 0.0514393 0.00712521 0.787758 9.9964E-05 9.9964E-05 9.9964E-05
0.0159058 9.9964E-05 9.9964E-05 0.118305 0.00474229 0.819704 9.9964E-05 9.9964E-05 0.0409436
9.9955E-05 9.9955E-05 0.0132357 9.9955E-05 0.0324104 0.878714 0.0751403 9.9955E-05 9.9955E-05
0.0236607 9.9964E-05 9.9964E-05 0.202978 0.00986007 0.735955 9.9964E-05 0.0271465 9.9964E-05
0.0449701 0.0157368 9.9973E-05 0.0344814 9.9973E-05 0.783279 0.0964023 0.0248303 9.9973E-05
9.9964E-05 0.0154512 9.9964E-05 0.184609 0.0127387 0.749179 9.9964E-05 0.037622 9.9964E-05
9.9955E-05 9.9955E-05 9.9955E-05 0.13547 9.9955E-05 0.722277 0.0880959 9.9955E-05 0.0536579
9.9964E-05 0.0530625 9.9964E-05 0.143815 9.9964E-05 0.689049 0.00640454 0.107269 9.9964E-05
0.0597343 0.00684208 9.9973E-05 0.0645802 0.0185873 0.747952 9.9973E-05 9.9973E-05 0.102005
9.9973E-05 0.0134851 0.049089 0.0534969 9.9973E-05 0.70058 0.133248 9.9973E-05 0.0498017
9.9955E-05 9.9955E-05 9.9955E-05 9.9955E-05 9.9955E-05 0.807374 0.0412915 0.0889208 0.0619142
0.0684024 9.9946E-05 9.9946E-05 9.9946E-05 9.9946E-05 0.796947 0.134051 9.9946E-05 9.9946E-05
9.9946E-05 9.9946E-05 0.045976 9.9946E-05 0.0409224 0.912502 9.9946E-05 9.9946E-05 9.9946E-05
9.9937E-05 9.9937E-05 0.081127 9.9937E-05 9.9937E-05 0.918173 9.9937E-05 9.9937E-05 9.9937E-05
9.9946E-05 9.9946E-05 0.035776 9.9946E-05 9.9946E-05 0.959116 9.9946E-05 0.00450866 9.9946E-05
0.0127391 9.9964E-05 0.0475628 9.9964E-05 0.00552902 0.849009 9.9964E-05 9.9964E-05 0.0847604
9.993E-05 0.999201 9.993E-05 9.993E-05 9.993E-05 9.993E-05 9.993E-05 9.993E-05 9.993E-05
9.9955E-05 0.625456 9.9955E-05 0.31927 9.9955E-05 9.9955E-05 9.9955E-05 0.0310972 0.0236766
9.999E-05 0.649161 0.0110677 0.117224 0.0487188 0.0306665 0.0901755 0.000975241 0.0519118
0.0760912 0.728305 0.0921035 0.084462 0.0186384 9.9964E-05 9.9964E-05 9.9964E-05 9.9964E-05
0.0101407 0.832821 9.9973E-05 0.0483717 0.0297495 9.9973E-05 0.039829 9.9973E-05 0.0387883
0.107104 0.809665 0.0435159 9.9964E-05 0.0142226 0.0250931 9.9964E-05 9.9964E-05 9.9964E-05
0.0517562 0.637146 0.00485521 0.255758 9.9964E-05 9.9964E-05 9.9964E-05 9.9964E-05 0.050084
9.993E-05 0.999201 9.993E-05 9.993E-05 9.993E-05 9.993E-05 9.993E-05 9.993E-05 9.993E-05
0.111514 0.636886 9.9964E-05 9.9964E-05 0.0469864 9.9964E-05 0.131836 9.9964E-05 0.0723777
0.0577513 0.565828 0.0294108 0.0925701 0.0103728 0.0315389 0.0885556 0.0174413 0.106531
0.107283 0.598153 9.9955E-05 9.9955E-05 9.9955E-05 9.9955E-05 0.181278 0.112787 9.9955E-05
0.136149 0.625648 0.128366 9.9964E-05 9.9964E-05 0.00623326 0.103204 9.9964E-05 9.9964E-05
0.11118 0.657848 0.10756 9.9973E-05 9.9973E-05 0.0253893 0.0520347 9.9973E-05 0.0456879
0.0586288 0.561733 9.9991E-05 0.0517986 0.0251536 0.00946116 0.127013 0.0626166 0.103495
0.152277 0.514331 0.0405486 9.9991E-05 0.0634641 0.023959 0.00643204 0.0942506 0.104638
9.99639E-05 0.377061 9.99639E-05 0.0806569 9.99639E-05 0.0501066 0.131931 0.359845 9.99639E-05
0.00894314 0.588749 0.204969 9.9973E-05 0.0128962 9.9973E-05 0.026894 0.157249 9.9973E-05
0.071131 0.019725 0.707223 0.0372815 9.9991E-05 0.0072289 0.0196915 0.038838 0.098781
0.0697816 9.9973E-05 0.670454 0.15592 0.023165 9.9973E-05 0.00558615 9.9973E-05 0.0747928
9.9964E-05 9.9964E-05 0.491225 0.333568 0.0116163 9.9964E-05 0.00814315 9.9964E-05 0.155047
9.9973E-05 0.00761511 0.799525 9.9973E-05 9.9973E-05 0.000204508 0.0514008 0.104715 0.0362397
9.9964E-05 9.9964E-05 0.677619 0.147006 0.0158612 0.00504569 9.9964E-05 0.154068 9.9964E-05
0.0134431 9.9964E-05 0.656183 0.192466 9.9964E-05 9.9964E-05 0.0306147 9.9964E-05 0.106893
0.00282849 9.9982E-05 0.419911 0.3225 0.00727688 0.0273557 0.102354 9.9982E-05 0.117574
0.0253014 0.0324288 0.616826 0.20563 0.0506754 9.9973E-05 9.9973E-05 0.0688386 9.9973E-05
0.0238776 0.0497718 0.647811 0.180242 0.027352 0.0228462 0.0478996 9.9982E-05 9.9982E-05
0.0435705 9.9955E-05 0.800221 9.9955E-05 0.000723632 9.9955E-05 9.9955E-05 9.9955E-05 0.154985
9.9955E-05 9.9955E-05 0.708798 0.155758 0.0143651 9.9955E-05 9.9955E-05 0.120578 9.9955E-05
9.9946E-05 0.00981368 0.972227 9.9946E-05 9.9946E-05 0.0173597 9.9946E-05 9.9946E-05 9.9946E-05
9.9982E-05 9.9982E-05 0.646484 0.205244 0.0176577 0.0167112 0.0394185 0.0619962 0.0122882
0.0393241 9.9973E-05 0.702572 0.227434 9.9973E-05 0.0029099 0.00400075 9.9973E-05 0.0234596
9.9946E-05 0.0101581 0.875111 9.9946E-05 9.9946E-05 9.9946E-05 9.9946E-05 0.114131 9.9946E-05
9.9955E-05 9.9955E-05 0.849581 9.9955E-05 0.0551109 0.00695788 9.9955E-05 9.9955E-05 0.0878501
9.9955E-05 9.9955E-05 0.752079 0.0619348 9.9955E-05 0.0725408 9.9955E-05 0.112946 9.9955E-05
0.0457353 9.9973E-05 0.722777 0.114584 9.9973E-05 9.9973E-05 0.0279442 0.00394108 0.0847194
0.10772 0.00803176 0.4285 0.365458 0.0121115 9.9973E-05 9.9973E-05 0.0778791 9.9973E-05
0.0108391 0.0314976 0.841084 9.9973E-05 0.0462125 0.0628853 9.9973E-05 9.9973E-05 0.0071812
0.0601215 0.0382088 0.167347 0.0804383 0.0113637 0.041321 0.0152087 0.349508 0.236483
9.993E-05 9.993E-05 9.993E-05 9.993E-05 9.993E-05 9.993E-05 9.993E-05 0.999201 9.993E-05
0.14006 9.9982E-05 9.9982E-05 0.157795 0.0387061 0.0146258 0.00544237 0.266452 0.376718
0.264699 9.9982E-05 0.0672482 0.111903 0.0256038 0.00269995 9.9982E-05 0.275955 0.251691
0.31718 9.9964E-05 0.0479375 9.9964E-05 9.9964E-05 9.9964E-05 0.010379 0.329115 0.294988
0.155481 9.9973E-05 0.146897 9.9973E-05 0.00599709 0.0216105 9.9973E-05 0.188612 0.481103
9.993E-05 9.993E-05 9.993E-05 9.993E-05 9.993E-05 9.993E-05 9.993E-05 9.993E-05 0.999201
9.993E-05 9.993E-05 9.993E-05 9.993E-05 9.993E-05 9.993E-05 9.993E-05 0.999201 9.993E-05
0.127567 9.9982E-05 9.9982E-05 0.235721 0.0237733 0.0926505 0.00211936 0.183642 0.334327
0.185729 0.133509 0.0160151 0.0401394 0.0308268 0.0748627 9.9991E-05 0.064615 0.454203
0.274729 9.9982E-05 0.00865871 9.9982E-05 0.0231448 0.0578911 0.0253446 0.19503 0.415002
0.304222 0.0720544 0.0118833 9.9973E-05 0.0420188 9.9973E-05 9.9973E-05 0.210282 0.35924
0.165945 0.0694163 9.9973E-05 9.9973E-05 0.0535507 0.0228306 9.9973E-05 0.442084 0.245874
0.13387 9.9973E-05 0.0300218 9.9973E-05 0.0057672 0.000409726 9.9973E-05 0.293013 0.536618
0.239428 9.9955E-05 0.0949994 9.9955E-05 9.9955E-05 9.9955E-05 9.9955E-05 0.166713 0.498359
0.172616 0.051281 0.0660376 9.9982E-05 0.0371417 0.00340558 9.9982E-05 0.432699 0.236618
0.268394 9.9973E-05 9.9973E-05 0.229851 0.00147761 9.9973E-05 0.0353971 0.370907 0.093674
0.306091 0.0737287 0.268766 0.100987 9.9973E-05 9.9973E-05 9.9973E-05 0.0661292 0.183998
0.211785 9.9973E-05 0.306701 9.9973E-05 0.0264383 0.0669768 9.9973E-05 0.0964391 0.29136
0.0419257 9.9973E-05 0.489889 9.9973E-05 0.0189565 0.0622597 9.9973E-05 0.271355 0.115314
9.993E-05 9.993E-05 9.993E-05 9.993E-05 9.993E-05 9.993E-05 9.993E-05 9.993E-05 0.999201
0.062513 0.0561304 0.261882 9.9991E-05 0.084148 0.0407492 0.0243272 0.21416 0.255991
0.139402 9.9982E-05 0.0525542 0.0166053 0.0455821 9.9982E-05 0.0141777 0.216221 0.515258
0.394521 0.0093136 0.189719 9.9982E-05 0.0111813 0.052983 9.9982E-05 0.295454 0.0466282
0.189567 9.9991E-05 0.00483392 0.0512481 0.0246885 0.0124561 0.00579955 0.215421 0.495885
9.9973E-05 9.9973E-05 0.0738986 0.050001 0.0209253 0.0570931 9.9973E-05 0.205104 0.592678
9.9982E-05 0.0772841 0.3616 9.9982E-05 0.0715121 0.00780653 0.140839 0.275355 0.0654033
9.9964E-05 9.9964E-05 0.170917 0.0563518 9.9964E-05 9.9964E-05 0.519665 0.145476 0.10719
0.161795 9.9982E-05 0.183508 0.0212629 9.9982E-05 0.0234497 0.149352 0.389262 0.0711707
0.370237 9.9982E-05 0.132873 0.0704559 0.0204535 0.0210709 9.9982E-05 0.160746 0.223964
0.431629 9.9946E-05 0.243427 9.9946E-05 9.9946E-05 9.9946E-05 9.9946E-05 0.324344 9.9946E-05
0.0810095 0.00239929 0.125435 0.0567356 0.0462549 0.00577128 0.00220228 0.306278 0.373914
9.99459E-05 9.99459E-05 9.99459E-05 0.0959721 0.244178 9.99459E-05 9.99459E-05 0.65925 9.99459E-05
0.163326 9.9991E-05 0.101634 0.00844745 0.0186461 0.0119553 0.00204122 0.0928876 0.600963
0.233491 9.9973E-05 0.0638346 0.0470532 0.00517447 9.9973E-05 9.9973E-05 0.149703 0.500444
9.9982E-05 0.0895454 9.9982E-05 0.148421 0.0454171 0.0625202 0.0405124 0.603152 0.0102322
0.0568895 0.00286689 9.9982E-05 0.397027 0.0108818 0.00729377 9.9982E-05 0.169663 0.355177
0.101347 9.9964E-05 9.9964E-05 0.240849 9.9964E-05 9.9964E-05 0.00686163 0.291951 0.358592
0.0625498 0.0750894 0.0191517 9.9991E-05 0.0203558 0.0541591 0.0564892 0.544541 0.167564
0.256199 9.9991E-05 0.0109129 0.156514 0.0260145 0.0697286 0.0685091 0.278093 0.13393
0.161262 9.9973E-05 0.124453 0.0426286 9.9973E-05 0.0493002 9.9973E-05 0.304303 0.317753
0.41843 9.9964E-05 0.182005 9.9964E-05 9.9964E-05 0.0028293 9.9964E-05 0.158245 0.238091
0.278653 9.9973E-05 0.121038 9.9973E-05 0.0192346 0.0024036 9.9973E-05 0.403543 0.174829
0.124467 0.0558317 0.0823627 0.0740112 0.0263558 0.0260899 9.9991E-05 0.286705 0.324077
0.145476 9.9982E-05 0.0287891 9.9982E-05 0.0871631 0.0321646 0.0923233 0.208081 0.405803
0.0489758 0.0101097 9.9982E-05 0.0171473 9.9982E-05 0.0136687 0.02784 0.0928541 0.789204
9.993E-05 9.993E-05 9.993E-05 9.993E-05 0.999201 9.993E-05 9.993E-05 9.993E-05 9.993E-05
0.270197 0.0323876 0.045149 9.9991E-05 0.0132795 0.0773526 0.0394169 0.377928 0.144189
9.9973E-05 0.015902 9.9973E-05 0.0675345 0.00399847 0.0267991 9.9973E-05 0.132486 0.75298
0.0324099 9.9991E-05 0.0862855 0.026101 0.0320241 0.0363538 0.0469239 0.3517 0.388102
0.131153 9.9964E-05 0.00581158 0.130327 0.0174057 9.9964E-05 9.9964E-05 9.9964E-05 0.714903
0.341957 9.9973E-05 0.0464903 0.0100172 9.9973E-05 0.0671889 9.9973E-05 0.322157 0.21189
0.294962 0.0186154 9.9982E-05 0.099742 0.0253836 0.049878 9.9982E-05 0.154626 0.356593
0.999201 9.993E-05 9.993E-05 9.993E-05 9.993E-05 9.993E-05 9.993E-05 9.993E-05 9.993E-05
9.993E-05 9.993E-05 9.993E-05 9.993E-05 0.999201 9.993E-05 9.993E-05 9.993E-05 9.993E-05
0.999201 9.993E-05 9.993E-05 9.993E-05 9.993E-05 9.993E-05 9.993E-05 9.993E-05 9.993E-05
9.9955E-05 9.9955E-05 9.9955E-05 0.184849 0.00569637 9.9955E-05 9.9955E-05 0.598481 0.210473
0.0172994 0.0611222 9.9991E-05 0.0423911 0.00699356 0.0064305 0.0313377 0.346706 0.487619
0.14114 0.0730507 9.9991E-05 0.046889 0.0255613 0.0926066 0.0168428 0.269045 0.334765
0.217555 0.00461014 0.102397 0.0204168 0.0489627 0.0719592 9.9991E-05 0.199909 0.334089
0.287556 9.9973E-05 0.119855 9.9973E-05 0.00965737 0.0323714 9.9973E-05 0.101419 0.44884
9.99459E-05 9.99459E-05 9.99459E-05 0.131731 0.153331 9.99459E-05 9.99459E-05 0.714338 9.99459E-05
0.187915 0.00571656 0.0611517 0.140555 0.0315405 0.0343213 0.0452258 0.272959 0.220615
0.444205 0.0701142 9.9982E-05 0.0670472 0.0232202 9.9982E-05 0.0946133 0.274123 0.0264767
0.723786 9.9964E-05 9.9964E-05 0.130816 0.00456222 9.9964E-05 0.119613 0.0208233 9.9964E-05
0.659016 0.139131 9.9964E-05 0.0968646 0.042518 9.9964E-05 9.9964E-05 0.0620711 9.9964E-05
0.429739 0.098851 9.9973E-05 0.154612 9.9973E-05 0.0460282 0.0521565 0.218313 9.9973E-05
0.639061 0.050481 9.9982E-05 0.0452916 0.032616 0.0328895 0.158601 9.9982E-05 0.0408599
0.516825 0.144198 0.0343143 9.9991E-05 0.0401926 0.00482375 0.147341 0.0566592 0.0555458
0.604809 0.110676 0.0338723 9.9973E-05 0.0334459 0.0326551 0.184241 9.9973E-05 9.9973E-05
0.602268 0.0977552 9.9982E-05 0.127507 0.0176555 0.0443808 0.0344436 0.0757901 9.9982E-05
0.654733 0.0358393 9.9964E-05 0.159159 0.0305209 9.9964E-05 0.119348 9.9964E-05 9.9964E-05
0.508427 0.159996 0.0507925 9.9991E-05 0.0416366 0.0347515 0.0557408 0.140539 0.00801671
0.618984 0.161495 0.0540174 0.0190248 0.00441223 9.9982E-05 0.0495801 0.0922866 9.9982E-05
0.135546 0.0523489 0.111655 9.9973E-05 0.026803 9.9973E-05 0.630799 0.042549 9.9973E-05
0.0614061 0.0159522 0.0422366 0.119136 0.0229398 9.9982E-05 0.709084 9.9982E-05 0.0290454
9.9982E-05 0.0590355 0.127741 9.9982E-05 0.00858977 0.0277298 0.656568 0.0233317 0.0968047
0.0748521 9.9964E-05 0.0966539 0.157936 9.9964E-05 0.0281862 0.641972 9.9964E-05 9.9964E-05
9.9973E-05 0.048376 0.235609 9.9973E-05 9.9973E-05 0.00550324 0.60045 0.0709683 0.0387939
0.128732 0.0426595 0.085934 9.9982E-05 9.9982E-05 0.0371458 0.663324 0.0333213 0.00868365
9.9964E-05 0.0451939 0.134701 9.9964E-05 0.112603 9.9964E-05 0.670409 9.9964E-05 0.036694
0.0781433 0.0590681 0.0113776 9.9982E-05 0.0349486 0.0147244 0.739292 9.9982E-05 0.062246
0.0489309 0.0139084 9.9991E-05 0.208927 0.03606 0.0581202 0.507761 0.00976843 0.116424
0.0862782 0.0302846 0.215344 9.9973E-05 0.0348378 0.00481741 0.628138 9.9973E-05 9.9973E-05
0.0350828 0.0184103 0.180106 9.9973E-05 0.0182836 0.0326346 0.715183 9.9973E-05 9.9973E-05
0.00968634 0.00890447 0.194441 9.9973E-05 9.9973E-05 0.0153227 0.728843 0.0425031 9.9973E-05
0.108478 0.0647455 0.190457 0.00154876 0.0168356 0.033149 0.584586 9.9982E-05 9.9982E-05
9.9955E-05 9.9955E-05 0.134665 0.0980155 9.9955E-05 9.9955E-05 0.516506 0.250315 9.9955E-05
9.9973E-05 0.015885 9.9973E-05 0.0886303 0.018153 0.0641556 0.66471 0.148166 9.9973E-05
9.9973E-05 9.9973E-05 9.9973E-05 0.174727 0.00384534 0.0871813 0.652423 0.0472018 0.0343218
9.9955E-05 9.9955E-05 0.0948976 9.9955E-05 0.00831429 9.9955E-05 0.729342 0.166946 9.9955E-05
0.0522075 9.9964E-05 9.9964E-05 0.190673 0.0265969 9.9964E-05 0.675758 9.9964E-05 0.0543648
0.0142884 0.0371355 0.0964363 9.9973E-05 0.029248 0.0658596 0.756732 9.9973E-05 9.9973E-05
0.0231165 0.0368978 0.00017294 0.149394 9.9982E-05 9.9982E-05 0.633103 0.0313734 0.125742
0.0163525 0.0227685 9.9982E-05 0.253482 0.0409644 0.0567947 0.547841 0.0615972 9.9982E-05
0.339968 9.9955E-05 0.0396797 9.9955E-05 0.00956952 9.9955E-05 0.610283 9.9955E-05 9.9955E-05
0.0445458 0.0197829 9.9973E-05 0.126902 0.0417226 9.9973E-05 0.711633 0.0551134 9.9973E-05
9.9973E-05 9.9973E-05 9.9973E-05 0.0940327 0.00919186 0.0540333 0.698612 0.0236497 0.120181
9.9982E-05 0.0678447 9.9982E-05 0.209349 0.0405602 0.0574307 0.557082 0.0227891 0.0447451
0.000654564 0.0677623 9.9982E-05 0.242077 0.0109735 0.0176452 0.563237 9.9982E-05 0.097451
0.048746 0.0334598 9.9973E-05 0.205788 9.9973E-05 0.0303817 0.644906 0.0364191 9.9973E-05
9.9973E-05 9.9973E-05 9.9973E-05 0.222446 0.0114907 0.0452941 0.526411 0.00500453 0.189054
0.0569031 9.9955E-05 9.9955E-05 0.288041 9.9955E-05 9.9955E-05 0.589893 0.0646638 9.9955E-05
9.9964E-05 0.0498287 0.176467 9.9964E-05 0.0354835 9.9964E-05 0.671372 9.9964E-05 0.0664489
0.0852182 9.9955E-05 0.178139 9.9955E-05 0.0455171 9.9955E-05 0.690626 9.9955E-05 9.9955E-05
0.00186845 0.00616509 0.108701 0.0715116 0.0295864 0.04731 0.612493 9.9991E-05 0.122264
9.9982E-05 0.0210321 0.166101 0.0461931 9.9982E-05 0.000894722 0.655983 0.0231463 0.08645
9.9955E-05 0.0337431 9.9955E-05 9.9955E-05 0.0578208 9.9955E-05 0.799459 9.9955E-05 0.108477
0.00252546 0.0457819 9.9982E-05 9.9982E-05 0.0098456 0.0151398 0.789106 0.038399 0.0990024
9.9937E-05 9.9937E-05 0.0551034 0.944197 9.9937E-05 9.9937E-05 9.9937E-05 9.9937E-05 9.9937E-05
9.9955E-05 9.9955E-05 0.00896445 0.943175 0.0126682 9.9955E-05 9.9955E-05 9.9955E-05 0.034693
9.9946E-05 9.9946E-05 9.9946E-05 0.917274 9.9946E-05 0.0296299 9.9946E-05 0.0524962 9.9946E-05
9.9955E-05 9.9955E-05 0.0395948 0.876785 9.9955E-05 0.0231182 9.9955E-05 9.9955E-05 0.0600027
0.007525 9.9964E-05 0.152174 0.831364 0.00164086 0.00689591 9.9964E-05 9.9964E-05 9.9964E-05
9.9964E-05 0.0116367 0.334442 0.618333 0.0119586 9.9964E-05 0.0232302 9.9964E-05 9.9964E-05
9.9937E-05 9.9937E-05 0.188624 0.810677 9.9937E-05 9.9937E-05 9.9937E-05 9.9937E-05 9.9937E-05
0.0840855 0.111785 0.0647469 0.711433 9.9964E-05 0.0275495 9.9964E-05 9.9964E-05 9.9964E-05
