0.0614408 0.0486152 9.9946E-05 9.9946E-05 0.889344 9.9946E-05 9.9946E-05 9.9946E-05 9.9946E-05
0.162373 0.0211217 9.9973E-05 0.0247253 0.676857 9.9973E-05 0.0743687 9.9973E-05 0.0402545
9.9955E-05 9.9955E-05 0.0823489 9.9955E-05 0.783619 0.0542513 9.9955E-05 9.9955E-05 0.0792807
0.0282842 9.9973E-05 0.0586346 0.023956 0.717659 9.9973E-05 0.157065 0.0141005 9.9973E-05
9.9982E-05 0.0515359 0.0558774 0.017349 0.7557 0.0624083 9.9982E-05 0.0105299 0.0464
9.9964E-05 9.9964E-05 9.9964E-05 0.0492115 0.836318 9.9964E-05 0.0417422 0.0156495 0.0566785
0.0256238 9.9955E-05 9.9955E-05 9.9955E-05 0.870209 9.9955E-05 9.9955E-05 0.0124679 0.0911997
9.9973E-05 0.00478521 9.9973E-05 0.0280085 0.803318 0.0461152 9.9973E-05 0.0155425 0.101931
9.9955E-05 9.9955E-05 9.9955E-05 9.9955E-05 0.749263 0.0667548 0.0176577 9.9955E-05 0.165825
0.0292457 9.9964E-05 0.0369724 9.9964E-05 0.784934 9.9964E-05 0.138023 0.010425 9.9964E-05
0.106004 9.9964E-05 0.0168189 0.0112106 0.799567 9.9964E-05 0.0659996 9.9964E-05 9.9964E-05
0.129534 9.9964E-05 0.0741738 0.0498369 0.699998 9.9964E-05 0.046058 9.9964E-05 9.9964E-05
9.9982E-05 0.033006 9.9982E-05 0.0620834 0.800179 0.0616054 0.0048418 0.0174028 0.0206821
0.0603906 0.0304793 0.0463057 0.0205046 0.697811 9.9982E-05 0.136242 0.00806678 9.9982E-05
0.0523929 9.9973E-05 0.0277041 0.00130478 0.835654 0.0187774 9.9973E-05 9.9973E-05 0.0638666
9.9946E-05 9.9946E-05 9.9946E-05 0.064529 0.830016 9.9946E-05 0.104856 9.9946E-05 9.9946E-05
9.9955E-05 9.9955E-05 9.9955E-05 0.0187944 0.952631 0.00428423 9.9955E-05 0.0237906 9.9955E-05
9.9937E-05 0.0437907 9.9937E-05 9.9937E-05 0.95551 9.9937E-05 9.9937E-05 9.9937E-05 9.9937E-05
9.9946E-05 0.0341973 9.9946E-05 9.9946E-05 0.940309 0.0248944 9.9946E-05 9.9946E-05 9.9946E-05
0.0659116 9.9955E-05 0.014617 9.9955E-05 0.886826 9.9955E-05 9.9955E-05 0.0321451 9.9955E-05
9.993E-05 9.993E-05 0.999201 9.993E-05 9.993E-05 9.993E-05 9.993E-05 9.993E-05 9.993E-05
0.22669 0.00895681 0.631185 0.0245444 0.00892537 9.9973E-05 0.0993979 9.9973E-05 9.9973E-05
9.9973E-05 0.0325557 0.688197 9.9973E-05 0.074146 0.0525814 0.1173 0.0349201 9.9973E-05
0.0810158 0.11089 0.794729 9.9964E-05 9.9964E-05 9.9964E-05 9.9964E-05 0.0128366 0.000128637
0.031973 9.9955E-05 0.918675 0.0100902 9.9955E-05 9.9955E-05 9.9955E-05 0.0387624 9.9955E-05
9.9973E-05 0.00871401 0.818468 0.00293603 0.019143 0.088838 9.9973E-05 9.9973E-05 0.0616015
9.997E-05 0.127554 0.668897 0.0170804 9.997E-05 0.0909948 9.997E-05 0.00286846 0.0923055
9.993E-05 9.993E-05 0.999201 9.993E-05 9.993E-05 9.993E-05 9.993E-05 9.993E-05 9.993E-05
0.0258185 9.9982E-05 0.740403 0.0325186 0.00464393 0.0541047 9.9982E-05 0.0255342 0.116777
0.0259621 0.0971751 0.572904 0.0444493 9.9991E-05 0.0904756 0.0194173 0.0243588 0.125158
0.00782506 9.9964E-05 0.699338 9.9964E-05 9.9964E-05 0.117626 0.0272394 9.9964E-05 0.147572
0.0163642 0.0511777 0.72148 0.0458436 9.9982E-05 0.0529518 0.0906273 9.9982E-05 0.0213551
9.999E-05 0.0308229 0.686111 0.0209526 0.0449325 0.0745738 0.00704553 0.00960935 0.125853
9.9964E-05 9.9964E-05 0.592537 0.0259496 9.9964E-05 0.176333 0.196961 0.00781978 9.9964E-05
0.211101 0.0282993 0.609655 0.0248076 9.99956E-05 0.00938898 0.0510414 0.0191621 0.046444
0.33265 0.0425992 0.429653 9.9982E-05 0.0369029 0.00545662 0.0938289 9.9982E-05 0.0587091
0.072742 0.0883138 0.623213 0.0183703 9.9982E-05 0.108681 0.0790291 0.00945127 9.9982E-05
0.00100369 0.62679 0.0668675 0.0681982 9.9973E-05 0.0749901 0.16185 9.9973E-05 9.9973E-05
0.258288 0.563084 9.9964E-05 0.0460132 9.9964E-05 0.0296713 0.102544 9.9964E-05 9.9964E-05
9.999E-05 0.66041 0.00978329 0.0842995 0.00592378 0.0490931 0.131801 0.00688908 0.0517001
9.9973E-05 0.737729 0.0145053 0.0259679 9.9973E-05 0.119431 0.0206083 9.9973E-05 0.0814581
0.0773647 0.691887 9.9982E-05 0.056335 0.000847253 0.0488351 9.9982E-05 0.0510887 0.0734426
9.9973E-05 0.788519 9.9973E-05 0.0782568 0.000875295 0.0357808 9.9973E-05 0.0197607 0.0765076
0.0245174 0.596772 9.9982E-05 0.0525628 0.00821575 0.0416723 9.9982E-05 0.0219907 0.25407
0.0466637 0.692024 0.0215762 0.0563807 0.0127955 0.0188757 9.9991E-05 0.0211157 0.130469
9.9964E-05 0.636543 9.9964E-05 9.9964E-05 0.0663024 0.0340578 9.9964E-05 0.0380933 0.224604
9.9964E-05 0.795179 9.9964E-05 0.139263 9.9964E-05 0.0403565 9.9964E-05 0.0118645 0.0129372
9.9955E-05 0.789364 9.9955E-05 0.0500861 9.9955E-05 9.9955E-05 0.130263 0.0297864 9.9955E-05
9.9964E-05 0.890746 0.0187662 0.0576399 0.0253486 9.9964E-05 9.9964E-05 0.00709998 9.9964E-05
9.9955E-05 0.703906 9.9955E-05 0.0322228 9.9955E-05 0.0835686 0.179803 9.9955E-05 9.9955E-05
0.0192745 0.80568 0.00143408 0.0471973 9.9982E-05 0.0229208 0.0855161 0.0177773 9.9982E-05
9.9964E-05 0.862631 0.0535922 0.0377701 9.9964E-05 9.9964E-05 9.9964E-05 0.0315165 0.0140899
9.9964E-05 0.757694 9.9964E-05 0.05584 9.9964E-05 0.00293832 0.10352 0.0796083 9.9964E-05
0.154007 0.718502 0.00486536 0.0482072 0.0740188 9.9964E-05 9.9964E-05 9.9964E-05 9.9964E-05
9.9973E-05 0.669776 9.9973E-05 0.0844487 9.9973E-05 0.0889396 0.064342 0.0229643 0.0692293
0.105624 0.621607 9.9973E-05 0.0419845 0.0383658 0.0761929 9.9973E-05 9.9973E-05 0.115926
0.0355367 0.710506 0.0214415 9.9991E-05 0.0304521 0.0891566 0.000870479 0.0328136 0.0791235
0.425166 0.117108 9.9964E-05 0.0468704 9.9964E-05 0.259013 9.9964E-05 9.9964E-05 0.151444
9.9937E-05 9.9937E-05 9.9937E-05 9.9937E-05 0.0246116 0.974689 9.9937E-05 9.9937E-05 9.9937E-05
0.604558 9.9973E-05 0.0293602 0.0925124 9.9973E-05 0.164143 0.0739684 0.0351581 9.9973E-05
0.357646 0.0758204 9.9973E-05 0.0871721 9.9973E-05 0.396381 9.9973E-05 0.0407126 0.0419681
0.147332 9.9973E-05 9.9973E-05 0.092765 9.9973E-05 0.66393 0.0718005 0.0202348 0.00363838
0.197646 0.114222 9.9982E-05 0.112671 0.0201253 0.496105 0.0228956 0.0361353 9.9982E-05
9.9946E-05 9.9946E-05 0.0167157 0.978604 9.9946E-05 9.9946E-05 9.9946E-05 0.00408072 9.9946E-05
9.99459E-05 9.99459E-05 9.99459E-05 9.99459E-05 9.99459E-05 0.957476 0.0331163 0.00880809 9.99459E-05
0.551883 9.9973E-05 9.9973E-05 0.121226 0.0802372 0.159898 0.0535434 9.9973E-05 0.032912
0.0383816 0.0741816 0.1432 0.197314 0.0517639 0.40919 0.0453517 0.040517 9.9991E-05
0.115995 9.9982E-05 0.04369 0.166192 0.0144888 0.541362 0.0753557 0.0427164 9.9982E-05
0.122895 9.9964E-05 0.0869909 0.121895 9.9964E-05 0.617121 9.9964E-05 0.0506976 9.9964E-05
0.190003 9.9982E-05 0.0260428 0.117825 0.0630659 0.517356 0.0390268 0.0464816 9.9982E-05
0.246442 0.00172099 0.0315423 0.150245 0.0017558 0.541637 9.9991E-05 0.00343176 0.0231251
0.150914 0.0367757 9.9964E-05 0.186811 9.9964E-05 0.604157 0.0209427 9.9964E-05 9.9964E-05
0.367571 9.9982E-05 0.0113605 0.0453505 0.0222772 0.507456 0.0249505 0.0208336 9.9982E-05
0.408298 9.9973E-05 0.0875716 0.0373845 9.9973E-05 0.279356 9.9973E-05 0.0077419 0.179348
0.111272 0.239037 0.036795 0.124792 0.00629744 0.407935 9.9982E-05 9.9982E-05 0.0736718
0.0616973 0.163773 9.9973E-05 0.0404428 0.0346708 0.57455 0.124567 9.9973E-05 9.9973E-05
0.0628259 0.492182 9.9973E-05 0.0033038 0.0660746 0.345089 9.9973E-05 0.0302244 9.9973E-05
9.9955E-05 9.9955E-05 0.00418342 0.953458 9.9955E-05 9.9955E-05 9.9955E-05 0.0283757 0.0134835
0.248164 0.163605 0.0387917 0.113422 0.0732125 0.250218 9.9991E-05 0.0593639 0.0531222
0.187743 0.109643 9.9973E-05 0.214519 9.9973E-05 0.383948 0.0690071 0.0348396 9.9973E-05
9.9982E-05 0.114091 0.062921 0.0407746 0.0597514 0.588599 0.0927083 0.040955 9.9982E-05
0.221827 9.9982E-05 0.0197806 0.116029 0.0100642 0.4996 0.0961943 0.0363051 9.9982E-05
0.450865 0.0308515 9.9973E-05 0.121625 0.0493348 0.322652 9.9973E-05 0.0243724 9.9973E-05
0.311272 0.158057 0.0220364 0.0624909 9.9991E-05 0.115263 0.208354 0.050567 0.0718593
0.161439 0.0995475 9.9964E-05 0.0834038 9.9964E-05 9.9964E-05 0.65222 9.9964E-05 0.00299025
0.122625 0.200333 9.9982E-05 0.0286694 0.0180573 0.373858 9.9982E-05 0.0117985 0.24446
9.9973E-05 0.0318759 9.9973E-05 0.0787896 0.0381 0.701243 0.126683 0.0230081 9.9973E-05
9.9973E-05 0.0803614 9.9973E-05 0.0996354 9.9973E-05 0.642733 0.129776 0.00431902 0.0428752
0.24375 0.078633 0.0179332 0.00892518 9.9982E-05 0.519889 0.112139 0.0185305 9.9982E-05
0.880375 9.99369E-05 9.99369E-05 9.99369E-05 9.99369E-05 9.99369E-05 9.99369E-05 0.118926 9.99369E-05
0.22949 0.0799185 0.0121229 0.19302 9.9982E-05 0.394499 9.9982E-05 0.0303624 0.0603877
0.243602 0.0463912 9.9964E-05 0.163597 9.9964E-05 0.453009 9.9964E-05 9.9964E-05 0.0930006
0.796776 9.9955E-05 9.9955E-05 9.9955E-05 0.0351702 0.0200071 9.9955E-05 9.9955E-05 0.147547
0.644213 0.00823691 0.104145 0.109836 0.0347741 0.0223574 9.9991E-05 0.0122488 0.0640887
0.665503 9.9964E-05 9.9964E-05 0.0806693 0.0192264 0.113978 9.9964E-05 9.9964E-05 0.120224
0.418016 9.9973E-05 0.0431118 0.0138571 0.084499 0.339983 0.100233 9.9973E-05 9.9973E-05
0.445145 0.058423 9.9973E-05 0.119084 0.0600602 0.18366 0.133327 9.9973E-05 9.9973E-05
0.175084 0.104265 9.9982E-05 0.165885 0.0987207 0.416977 9.9982E-05 0.0258495 0.0130188
9.9982E-05 0.0534737 0.0445855 0.101137 0.0330896 0.690141 0.0461361 0.0312377 9.9982E-05
0.390696 0.0989829 9.9973E-05 0.118644 9.9973E-05 0.363949 0.0235927 0.00383511 9.9973E-05
0.313635 0.0282789 0.0707895 0.0364866 0.023324 0.413946 9.9991E-05 0.0501346 0.0633059
0.159923 9.9982E-05 9.9982E-05 0.116229 0.0237661 0.444372 0.165508 0.084711 0.00529088
0.318451 9.9964E-05 9.9964E-05 0.080688 9.9964E-05 0.483245 9.9964E-05 0.00841358 0.108802
9.993E-05 9.993E-05 9.993E-05 9.993E-05 9.993E-05 9.993E-05 9.993E-05 0.999201 9.993E-05
0.334456 0.0546474 0.0405878 0.147284 0.0113512 0.319622 0.0676439 0.0243077 9.9991E-05
0.497867 9.9973E-05 9.9973E-05 0.125794 0.0105054 0.276897 9.9973E-05 0.00229923 0.086337
0.476571 0.0296465 0.00497298 0.0650536 0.0252534 0.281778 0.0955357 0.0210896 9.9991E-05
0.272496 0.105704 9.9973E-05 0.112443 9.9973E-05 0.459229 9.9973E-05 0.012378 0.0374499
0.437129 0.000612804 0.0159246 0.101029 9.9973E-05 0.332769 9.9973E-05 9.9973E-05 0.112235
0.208343 0.0240229 0.0543683 0.0353629 0.049563 0.54966 0.0637762 0.0148039 9.9991E-05
9.993E-05 9.993E-05 9.993E-05 0.999201 9.993E-05 9.993E-05 9.993E-05 9.993E-05 9.993E-05
9.993E-05 9.993E-05 9.993E-05 9.993E-05 9.993E-05 9.993E-05 9.993E-05 0.999201 9.993E-05
9.993E-05 9.993E-05 9.993E-05 0.999201 9.993E-05 9.993E-05 9.993E-05 9.993E-05 9.993E-05
0.870256 9.9955E-05 9.9955E-05 0.0591864 9.9955E-05 0.0506854 0.0193728 9.9955E-05 9.9955E-05
0.761679 9.9964E-05 9.9964E-05 0.113469 0.0177638 9.9964E-05 9.9964E-05 0.0034623 0.103226
0.334086 9.9982E-05 0.000121822 0.0712542 0.0820774 0.366988 0.117394 0.0278778 9.9982E-05
0.319195 0.069297 0.0153941 0.171421 0.0339193 0.378544 9.998E-05 0.01203 9.998E-05
0.0489269 0.118411 0.0037772 0.100508 0.0395087 0.614216 0.0399075 0.0346449 9.9991E-05
0.936476 9.99369E-05 9.99369E-05 9.99369E-05 9.99369E-05 9.99369E-05 9.99369E-05 0.0628242 9.99369E-05
0.449921 0.0463348 9.9982E-05 0.117866 0.0385131 0.177571 0.117997 0.0515971 9.9982E-05
0.0280428 9.9955E-05 0.0598306 9.9955E-05 9.9955E-05 0.706347 9.9955E-05 9.9955E-05 0.20528
9.9973E-05 9.9973E-05 0.0796115 0.0471826 9.9973E-05 0.575167 0.110514 0.023839 0.163386
9.9973E-05 9.9973E-05 0.195837 0.0161449 0.0107433 0.546413 9.9973E-05 0.0464311 0.184131
0.0371035 9.9955E-05 0.087785 9.9955E-05 9.9955E-05 0.603192 9.9955E-05 9.9955E-05 0.27142
0.045963 9.9973E-05 0.089719 0.0392833 9.9973E-05 0.476104 9.9973E-05 0.0509956 0.297635
9.9973E-05 9.9973E-05 0.193307 9.9973E-05 0.0130531 0.496553 0.183236 0.0364364 0.0771144
9.9964E-05 9.9964E-05 0.131874 9.9964E-05 0.0490886 0.510214 9.9964E-05 0.0337368 0.274686
0.0270621 9.9973E-05 0.177681 9.9973E-05 0.0665594 0.502953 9.9973E-05 0.045266 0.180179
9.9973E-05 0.0678293 0.0762283 0.0393614 9.9973E-05 0.542745 9.9973E-05 0.0385262 0.23501
0.0330023 0.0617355 0.110641 9.9973E-05 9.9973E-05 0.497689 9.9973E-05 0.0410464 0.255587
0.0288025 0.0412263 0.1987 0.00775764 0.00451555 0.494482 9.9991E-05 0.00666221 0.217754
9.9946E-05 9.9946E-05 0.00895781 0.0691416 9.9946E-05 9.9946E-05 9.9946E-05 9.9946E-05 0.921301
9.9973E-05 0.00452704 0.0302899 9.9973E-05 9.9973E-05 0.0539745 0.27483 0.0587225 0.577356
9.9982E-05 0.0593789 0.00423901 0.0229103 0.00243136 9.9982E-05 0.0340044 0.0162042 0.860632
0.000874727 0.0902362 0.0198955 9.9973E-05 0.0252314 9.9973E-05 0.58405 9.9973E-05 0.279412
0.0814624 0.0279696 9.9973E-05 0.0426798 0.00816905 9.9973E-05 9.9973E-05 0.00859524 0.830824
9.9982E-05 0.0105637 0.00571788 0.011489 9.9982E-05 0.123582 0.527168 0.00627226 0.315008
9.9964E-05 0.0654034 0.0152954 9.9964E-05 9.9964E-05 9.9964E-05 0.363631 0.0533805 0.50189
9.9973E-05 9.9973E-05 0.0469419 0.0171352 9.9973E-05 0.0220712 0.613762 0.0191723 0.280618
0.233428 0.000324689 0.0377806 0.059786 0.0223446 9.9982E-05 9.9982E-05 0.0229316 0.623205
9.9946E-05 0.13886 9.9946E-05 9.9946E-05 9.9946E-05 9.9946E-05 9.9946E-05 0.0195103 0.84103
9.9955E-05 9.9955E-05 9.9955E-05 0.052033 0.01657 9.9955E-05 0.363572 9.9955E-05 0.567325
9.9955E-05 0.0972315 9.9955E-05 9.9955E-05 0.0336293 9.9955E-05 0.434146 9.9955E-05 0.434494
9.9982E-05 0.147568 0.0413821 0.0277674 0.0321562 0.0332174 0.388353 9.9982E-05 0.329357
0.192835 0.14452 9.9982E-05 0.0351637 0.0171506 0.0218372 0.303406 9.9982E-05 0.284887
0.0568378 9.9964E-05 0.0458097 9.9964E-05 0.0268296 0.00228652 0.867837 9.9964E-05 9.9964E-05
0.162489 9.9946E-05 9.9946E-05 9.9946E-05 9.9946E-05 9.9946E-05 0.674372 9.9946E-05 0.162539
9.9946E-05 9.9946E-05 9.9946E-05 9.9946E-05 9.9946E-05 0.0187882 0.96863 0.0119821 9.9946E-05
0.0159792 9.9955E-05 9.9955E-05 9.9955E-05 0.0139735 0.0656478 0.9039 9.9955E-05 9.9955E-05
9.99532E-05 9.99532E-05 0.0255891 9.99532E-05 0.0313677 9.99532E-05 0.942443 9.99532E-05 9.99532E-05
0.0514229 0.00103403 9.9964E-05 0.0128996 9.9964E-05 9.9964E-05 0.89691 9.9964E-05 0.0373333
0.194864 9.9973E-05 0.00229326 9.9973E-05 0.0290386 9.9973E-05 0.621805 0.017391 0.134309
9.9964E-05 9.9964E-05 0.041884 0.00521626 9.9964E-05 0.103815 0.821991 0.0266942 9.9964E-05
0.0886435 9.9964E-05 9.9964E-05 0.0393691 9.9964E-05 9.9964E-05 0.330442 0.0259666 0.515179
0.140599 9.9955E-05 9.9955E-05 9.9955E-05 0.0119705 9.9955E-05 0.261179 9.9955E-05 0.585751
0.138124 9.9973E-05 0.0553982 9.9973E-05 0.0157082 9.9973E-05 0.583213 0.0373173 0.169939
0.147083 9.9946E-05 0.0205313 9.9946E-05 9.9946E-05 9.9946E-05 9.9946E-05 9.9946E-05 0.831786
0.0716793 0.000468204 0.0143552 0.0458239 0.03255 9.9982E-05 0.23815 9.9982E-05 0.596773
0.0553122 0.0228803 9.9991E-05 0.0264445 0.0580612 0.0397699 0.318339 0.00134875 0.477744
9.9982E-05 0.101065 0.0188389 9.9982E-05 0.0325667 0.0815337 0.429362 0.0169566 0.319478
9.9946E-05 9.9946E-05 9.9946E-05 0.0558796 9.9946E-05 9.9946E-05 9.9946E-05 0.0125626 0.930958
9.9964E-05 0.0364432 9.9964E-05 0.0489925 9.9964E-05 9.9964E-05 0.263174 0.00108483 0.649905
0.0583839 0.087717 9.9973E-05 0.0147122 0.0201251 9.9973E-05 9.9973E-05 0.0113781 0.807384
0.034824 0.0819568 0.0563487 9.9982E-05 0.0141774 0.00370694 0.339501 9.9982E-05 0.469285
9.9964E-05 9.9964E-05 0.0419056 0.0160554 9.9964E-05 9.9964E-05 0.562096 0.0360941 0.343449
0.0777814 9.9946E-05 9.9946E-05 0.021604 9.9946E-05 9.9946E-05 9.9946E-05 9.9946E-05 0.900015
0.174848 0.636024 9.9964E-05 9.9964E-05 0.00902606 9.9964E-05 0.0075706 9.9964E-05 0.172132
0.292505 0.53261 0.0491561 9.9964E-05 9.9964E-05 9.9964E-05 0.0676593 9.9964E-05 0.0576706
0.16626 0.605727 0.0572257 9.9964E-05 0.0408547 9.9964E-05 0.129532 9.9964E-05 9.9964E-05
0.186613 0.512328 9.9964E-05 9.9964E-05 0.050042 9.9964E-05 0.239853 0.0107648 9.9964E-05
0.0564439 0.599448 0.0561158 9.9982E-05 0.0567007 0.0762745 0.117946 0.0368711 9.9982E-05
9.9973E-05 0.70852 0.0872416 0.0519021 9.9973E-05 9.9973E-05 0.0307752 0.0221507 0.0991101
0.0829077 0.770153 9.9946E-05 9.9946E-05 9.9946E-05 9.9946E-05 0.146339 9.9946E-05 9.9946E-05
0.0873101 0.578199 0.153836 9.9973E-05 0.0881858 9.9973E-05 0.048802 9.9973E-05 0.0433669
