9.99369E-05 9.99369E-05 9.99369E-05 9.99369E-05 9.99369E-05 0.877311 9.99369E-05 0.121989 9.99369E-05
9.9973E-05 9.9973E-05 0.0183366 0.0330204 0.0158237 0.641616 0.0186603 0.272243 9.9973E-05
9.9973E-05 0.106658 0.0165729 0.00819191 0.0477874 0.771143 9.9973E-05 0.049347 9.9973E-05
9.9973E-05 0.0409525 0.0176517 9.9973E-05 0.030667 0.748986 0.00307137 0.158371 9.9973E-05
9.999E-05 0.00213149 0.0101634 0.0257077 0.123022 0.790016 0.0252763 0.00692652 0.016657
9.9964E-05 9.9964E-05 0.112385 0.0490758 9.9964E-05 0.813588 0.0192274 0.00532332 9.9964E-05
9.9955E-05 9.9955E-05 0.0246727 9.9955E-05 0.0891793 0.865697 9.9955E-05 0.0199516 9.9955E-05
9.9973E-05 9.9973E-05 0.0773619 0.0116161 0.017359 0.826672 0.0435958 0.0230949 9.9973E-05
0.0147505 0.0264816 0.0482628 9.9973E-05 0.100173 0.776098 9.9973E-05 0.0339342 9.9973E-05
9.9973E-05 0.069787 0.0187605 0.0147216 9.9973E-05 0.766169 0.0132544 0.117007 9.9973E-05
0.0663574 0.0784429 0.041816 9.9964E-05 9.9964E-05 0.690859 9.9964E-05 0.122125 9.9964E-05
9.9973E-05 0.0926936 0.00865017 0.0605099 9.9973E-05 0.739111 0.0170615 0.0816737 9.9973E-05
9.9973E-05 0.0104895 9.9973E-05 0.0608372 0.113196 0.755321 0.0172071 0.042649 9.9973E-05
0.0491612 0.0372047 0.153342 9.9964E-05 9.9964E-05 0.720567 9.9964E-05 9.9964E-05 0.0393246
0.0554103 0.0430041 0.0330171 9.9973E-05 0.0560601 0.784697 9.9973E-05 0.0275113 9.9973E-05
9.9964E-05 9.9964E-05 0.0811549 0.00249475 0.0580826 0.853427 0.00444056 9.9964E-05 9.9964E-05
9.9955E-05 9.9955E-05 9.9955E-05 0.000429417 9.9955E-05 0.931526 0.0269079 9.9955E-05 0.0406372
9.9937E-05 9.9937E-05 9.9937E-05 9.9937E-05 9.9937E-05 0.938465 9.9937E-05 9.9937E-05 0.0608353
9.9937E-05 9.9937E-05 9.9937E-05 9.9937E-05 9.9937E-05 0.936899 9.9937E-05 9.9937E-05 0.0624013
9.9955E-05 0.0312026 9.9955E-05 9.9955E-05 9.9955E-05 0.906084 0.0196211 9.9955E-05 0.0425925
9.993E-05 0.999201 9.993E-05 9.993E-05 9.993E-05 9.993E-05 9.993E-05 9.993E-05 9.993E-05
9.9937E-05 0.571936 9.9937E-05 9.9937E-05 9.9937E-05 9.9937E-05 9.9937E-05 0.427365 9.9937E-05
9.9973E-05 0.633839 0.00675296 9.9973E-05 0.0962656 9.9973E-05 0.00853955 0.169071 0.0852317
9.9946E-05 0.799912 9.9946E-05 9.9946E-05 9.9946E-05 9.9946E-05 0.025168 9.9946E-05 0.17432
0.0601588 0.910231 9.9946E-05 9.9946E-05 9.9946E-05 9.9946E-05 0.0290105 9.9946E-05 9.9946E-05
9.9964E-05 0.825968 9.9964E-05 0.0458777 0.10661 0.0147173 0.00642703 9.9964E-05 9.9964E-05
0.0828735 0.717607 0.0294849 9.9973E-05 0.0254004 9.9973E-05 0.0224495 9.9973E-05 0.121885
9.99369E-05 0.995163 9.99369E-05 0.00413724 9.99369E-05 9.99369E-05 9.99369E-05 9.99369E-05 9.99369E-05
0.0173131 0.73243 0.0202174 9.9955E-05 0.22954 9.9955E-05 9.9955E-05 9.9955E-05 9.9955E-05
0.161952 0.566846 0.104476 9.9964E-05 0.091462 9.9964E-05 9.9964E-05 9.9964E-05 0.0748646
0.0242118 0.634027 0.140472 9.9964E-05 0.164667 9.9964E-05 9.9964E-05 0.0362221 9.9964E-05
9.9955E-05 0.706375 0.0140539 9.9955E-05 0.13756 9.9955E-05 9.9955E-05 9.9955E-05 0.141511
9.9964E-05 0.694202 0.019515 9.9964E-05 0.125642 0.057748 9.9964E-05 9.9964E-05 0.102494
0.111365 0.596153 0.0963894 9.9982E-05 0.0413227 0.00595592 0.0294685 0.119146 9.9982E-05
0.107429 0.510652 9.9991E-05 0.0140404 0.195617 0.0370267 0.0293062 0.102902 0.00292707
0.0438946 0.376485 0.0284605 0.0697849 9.9973E-05 0.0136554 9.9973E-05 0.46742 9.9973E-05
0.156008 0.616746 0.0745274 9.9973E-05 0.0464343 9.9973E-05 0.0211724 9.9973E-05 0.0848116
9.9964E-05 0.021945 9.9964E-05 0.0737681 0.14334 9.9964E-05 9.9964E-05 0.0984043 0.662143
0.0287481 9.9964E-05 9.9964E-05 9.9964E-05 0.174729 9.9964E-05 0.0158842 0.156618 0.623621
0.113293 9.9973E-05 0.134447 0.0340879 9.9973E-05 9.9973E-05 0.0218583 0.0192915 0.676722
0.134328 0.0103757 9.9964E-05 0.027659 9.9964E-05 9.9964E-05 0.00280463 9.9964E-05 0.824433
0.0989353 0.0125449 0.00936757 0.0571469 9.9991E-05 0.0407357 0.0111728 0.061165 0.708832
0.154981 9.9964E-05 0.0496301 9.9964E-05 9.9964E-05 9.9964E-05 0.0065826 0.0403006 0.748106
9.9964E-05 9.9964E-05 0.0797756 0.102806 9.9964E-05 0.0586529 9.9964E-05 0.120425 0.63794
9.9964E-05 9.9964E-05 9.9964E-05 0.00111253 0.123574 9.9964E-05 0.0317202 0.130055 0.713138
9.9964E-05 9.9964E-05 0.103432 0.0193121 0.164107 0.025857 9.9964E-05 9.9964E-05 0.686892
0.127629 0.0203004 9.9964E-05 0.041182 9.9964E-05 9.9964E-05 0.0190092 9.9964E-05 0.791479
0.0124207 9.9973E-05 9.9973E-05 0.0397949 0.0328208 0.0314012 9.9973E-05 0.100063 0.7832
9.9964E-05 0.00880838 9.9964E-05 0.0743564 0.0327317 0.0530114 9.9964E-05 9.9964E-05 0.830692
0.0271477 9.9973E-05 0.017303 0.0343742 9.9973E-05 0.0106925 9.9973E-05 0.248426 0.661756
9.9964E-05 0.00592379 9.9964E-05 0.0369343 0.0329018 9.9964E-05 9.9964E-05 0.236345 0.687495
0.0659472 0.0504852 0.0183002 0.0640826 9.9964E-05 9.9964E-05 9.9964E-05 9.9964E-05 0.800785
9.9955E-05 9.9955E-05 9.9955E-05 9.9955E-05 0.0944133 0.021383 0.0777728 9.9955E-05 0.805931
0.109742 0.0418939 9.9982E-05 0.00499479 9.9982E-05 0.0804997 0.00913822 0.100363 0.653168
0.0297418 0.0257469 0.0533697 0.0831049 9.9991E-05 0.00251649 0.0133411 0.0274938 0.764585
0.0419002 0.111729 0.0195367 0.0584428 9.9973E-05 9.9973E-05 9.9973E-05 0.168879 0.599212
0.114471 0.0493541 9.9964E-05 9.9964E-05 9.9964E-05 0.0175111 0.0443985 9.9964E-05 0.773866
0.55981 9.9973E-05 0.0511569 0.0299954 9.9973E-05 9.9973E-05 0.021687 0.224829 0.112222
9.99369E-05 9.99369E-05 9.99369E-05 0.915121 9.99369E-05 9.99369E-05 9.99369E-05 0.0841798 9.99369E-05
0.559842 9.9973E-05 0.0279767 9.9973E-05 0.0630771 9.9973E-05 0.107553 0.221625 0.0196255
0.524257 9.9964E-05 9.9964E-05 9.9964E-05 0.173313 9.9964E-05 0.0952332 0.170548 0.0362483
0.674584 9.9964E-05 9.9964E-05 0.0425696 0.19789 9.9964E-05 0.0683586 0.0161973 9.9964E-05
0.706808 0.00212956 9.9982E-05 0.0491338 9.9982E-05 0.00466588 0.074084 0.0517415 0.111237
0.620165 0.0100077 0.0525556 0.248846 9.9964E-05 9.9964E-05 0.0680259 9.9964E-05 9.9964E-05
9.9937E-05 9.9937E-05 9.9937E-05 0.98928 0.0100205 9.9937E-05 9.9937E-05 9.9937E-05 9.9937E-05
0.596614 9.9973E-05 0.0293506 9.9973E-05 0.0341185 0.0175506 0.0519389 0.270128 9.9973E-05
0.550533 0.125609 0.0140766 0.0484498 0.0605109 0.0383339 0.0760409 0.044114 0.0423313
0.507217 0.0236161 9.9991E-05 0.12214 0.188452 0.0352736 0.0553768 0.0572441 0.0105801
0.569259 0.104762 9.9973E-05 0.0847944 0.163119 9.9973E-05 0.0741181 9.9973E-05 0.00364695
0.444951 0.0346625 0.00231319 0.258541 0.0273928 0.0260328 0.0927696 0.113237 9.9991E-05
0.734956 9.9964E-05 9.9964E-05 0.090457 0.016422 9.9964E-05 0.0897017 9.9964E-05 0.0680639
0.670484 9.9964E-05 9.9964E-05 0.0566809 0.185314 9.9964E-05 0.0680088 9.9964E-05 0.0191119
0.521446 0.0352116 9.9982E-05 0.128651 0.197255 0.027253 0.058218 0.031766 9.9982E-05
0.161831 9.9964E-05 9.9964E-05 0.142464 0.325272 9.9964E-05 0.002167 0.367866 9.9964E-05
0.2109 9.9973E-05 9.9973E-05 0.165636 0.236362 9.9973E-05 0.00669965 0.0780646 0.302038
0.476282 0.00751546 0.0025697 0.122962 0.0932185 0.0435481 0.0323867 9.9991E-05 0.221418
0.24891 9.998E-05 9.998E-05 0.180125 0.0256429 0.0856162 0.0288524 9.998E-05 0.430554
0.687862 9.9955E-05 9.9955E-05 0.189595 9.9955E-05 9.9955E-05 0.0942596 9.9955E-05 0.0277838
0.229064 0.0673249 0.00729048 0.13152 0.116156 0.0745229 0.0912233 0.116194 0.166703
0.597712 9.9973E-05 0.0628975 0.0978151 0.0383771 9.9973E-05 0.101577 9.9973E-05 0.101321
0.329334 0.00552171 9.9982E-05 0.144629 0.371716 0.0189092 0.0259083 9.9982E-05 0.103782
0.521218 9.9982E-05 9.9982E-05 0.085954 0.129961 0.0280445 0.0673732 0.107268 0.0599806
0.749607 9.9964E-05 9.9964E-05 0.0564653 9.9964E-05 0.0192785 0.0761307 9.9964E-05 0.0981185
0.205815 0.0573886 0.106376 0.104862 9.9991E-05 0.00447511 0.0823297 0.0759129 0.362741
0.154295 9.9973E-05 0.542255 0.0591994 9.9973E-05 9.9973E-05 0.0411554 0.0887101 0.114085
0.43204 0.0324126 0.0974675 0.0614456 0.137215 0.00980466 0.00230073 0.0791882 0.148125
0.364074 9.9964E-05 9.9964E-05 0.0892814 0.381144 9.9964E-05 0.0285676 9.9964E-05 0.136533
0.103215 9.9973E-05 0.0570269 0.190998 0.561734 9.9973E-05 0.00960279 9.9973E-05 0.0771234
0.652112 0.0398174 9.9982E-05 9.9982E-05 0.0438351 0.0257823 0.115742 0.0637297 0.0587812
9.99459E-05 9.99459E-05 9.99459E-05 9.99459E-05 0.0459621 9.99459E-05 0.215366 0.738072 9.99459E-05
0.725266 0.0373871 9.9982E-05 0.0432099 0.0160149 0.0100477 0.0936688 9.9982E-05 0.0742051
0.814814 9.9964E-05 0.00797413 9.9964E-05 0.0252892 9.9964E-05 0.0683966 9.9964E-05 0.083126
0.229362 9.9964E-05 9.9964E-05 0.0370035 0.0306693 9.9964E-05 0.0206892 0.681876 9.9964E-05
0.203298 0.0403865 9.9955E-05 9.9955E-05 9.9955E-05 9.9955E-05 0.0245872 0.731229 9.9955E-05
0.521045 9.9964E-05 0.0145832 0.0394144 9.9964E-05 9.9964E-05 0.015543 0.409014 9.9964E-05
0.394853 9.9973E-05 9.9973E-05 0.00766573 0.0521327 0.031948 0.0332435 0.479857 9.9973E-05
0.248653 9.99787E-05 0.0556283 0.123881 0.14922 9.99787E-05 0.0437546 0.378563 9.99787E-05
0.668122 9.997E-05 9.997E-05 0.103727 0.026615 0.0366806 0.0594275 9.997E-05 0.105128
0.436719 9.9964E-05 9.9964E-05 0.164785 0.35096 9.9964E-05 0.0178193 9.9964E-05 0.0293164
0.494049 9.9973E-05 9.9973E-05 0.11468 0.0788992 9.9973E-05 0.0532402 0.245016 0.0138153
0.687016 0.0268923 0.00242394 9.9991E-05 0.0497551 0.00347431 0.0481874 0.180434 0.00171653
0.342932 0.0255418 0.0844044 0.216985 0.12248 0.0199568 0.139649 0.0479501 9.9991E-05
0.822408 0.0109477 0.0219897 9.9964E-05 0.0837602 9.9964E-05 0.0604948 9.9964E-05 9.9964E-05
9.993E-05 9.993E-05 9.993E-05 9.993E-05 9.993E-05 9.993E-05 0.999201 9.993E-05 9.993E-05
0.401654 0.0490269 0.022734 0.115785 0.173807 0.0415006 0.0846217 0.0852828 0.0255876
0.811417 0.0116456 0.0104177 9.9964E-05 9.9964E-05 9.9964E-05 0.0687368 0.0973834 9.9964E-05
0.681565 9.9964E-05 0.0132229 9.9964E-05 9.9964E-05 0.0100645 0.0695352 0.225212 9.9964E-05
0.618909 9.9991E-05 0.00856726 0.0534086 0.0737654 0.00995005 0.0687725 0.0415532 0.124974
0.551932 9.9982E-05 9.9982E-05 0.101755 0.17493 0.0337797 0.0114055 0.08591 0.0400878
0.565862 0.0283644 9.9982E-05 0.0243146 0.292324 0.0506674 0.0201184 9.9982E-05 0.0181498
9.993E-05 9.993E-05 9.993E-05 0.999201 9.993E-05 9.993E-05 9.993E-05 9.993E-05 9.993E-05
9.993E-05 9.993E-05 9.993E-05 9.993E-05 9.993E-05 9.993E-05 0.999201 9.993E-05 9.993E-05
9.993E-05 9.993E-05 9.993E-05 0.999201 9.993E-05 9.993E-05 9.993E-05 9.993E-05 9.993E-05
0.462461 9.9955E-05 9.9955E-05 0.029796 9.9955E-05 9.9955E-05 0.0466699 0.460573 9.9955E-05
0.425724 0.0272002 9.9964E-05 0.205012 9.9964E-05 9.9964E-05 0.042589 0.299075 9.9964E-05
0.475207 9.9973E-05 9.9973E-05 0.0533191 0.153663 0.0358383 0.0741638 0.207508 9.9973E-05
0.749258 0.0259376 9.9973E-05 0.049954 9.9973E-05 0.0320866 0.106016 9.9973E-05 0.0364479
0.657353 0.0300995 0.000302974 0.0775709 9.9982E-05 0.0012725 0.0795665 9.9982E-05 0.153635
9.99369E-05 9.99369E-05 9.99369E-05 9.99369E-05 9.99369E-05 9.99369E-05 0.168236 0.831064 9.99369E-05
0.320358 9.9982E-05 9.9982E-05 0.0355661 0.138673 0.0475719 0.0837633 0.355939 0.0179289
0.168999 0.0413026 0.0294956 0.0629033 0.665223 9.9973E-05 0.0317771 9.9973E-05 9.9973E-05
9.9946E-05 9.9946E-05 9.9946E-05 9.9946E-05 0.950057 9.9946E-05 0.00296697 0.0463765 9.9946E-05
9.9964E-05 0.0105569 9.9964E-05 0.0413231 0.840848 9.9964E-05 0.00132745 0.105545 9.9964E-05
0.0334043 9.9964E-05 9.9964E-05 0.014787 0.783253 0.00818749 9.9964E-05 0.159969 9.9964E-05
0.192008 0.0897036 0.0401867 9.9982E-05 0.600804 9.9982E-05 0.0339364 0.0167338 0.0264276
9.9955E-05 0.00229269 0.0861381 9.9955E-05 0.901039 9.9955E-05 9.9955E-05 9.9955E-05 0.0100306
9.9946E-05 9.9946E-05 0.0205401 9.9946E-05 0.951955 0.0269056 9.9946E-05 9.9946E-05 9.9946E-05
9.9964E-05 0.0212269 9.9964E-05 9.9964E-05 0.841393 0.0143295 0.00443193 0.118219 9.9964E-05
9.9964E-05 9.9964E-05 0.0212008 9.9964E-05 0.877242 0.010591 0.0114115 9.9964E-05 0.079155
0.0648904 0.0694695 0.0141997 0.0534556 0.704124 9.998E-05 0.0405891 9.998E-05 0.0530716
0.108967 0.0834752 9.9955E-05 9.9955E-05 0.785484 9.9955E-05 9.9955E-05 9.9955E-05 0.0215732
0.0349545 0.0139892 0.710998 0.0928797 0.124524 9.9973E-05 9.9973E-05 9.9973E-05 0.0223547
9.9964E-05 9.9964E-05 0.701811 9.9964E-05 0.173193 0.0361345 0.0209568 9.9964E-05 0.0675048
0.0416702 0.112506 0.670471 0.0128318 9.9982E-05 0.0372539 0.0301047 9.9982E-05 0.0949626
9.9973E-05 0.0386278 0.721218 0.00636746 0.0215545 0.0825726 9.9973E-05 9.9973E-05 0.129359
0.155463 0.0813911 0.617077 9.9982E-05 9.9982E-05 0.0497934 0.00159371 0.0107494 0.0837325
0.0789995 0.0498221 0.714479 9.9982E-05 0.0716647 0.0038339 0.0151692 0.0658316 9.9982E-05
9.9964E-05 0.0332857 0.715092 9.9964E-05 0.0631112 9.9964E-05 0.0728262 9.9964E-05 0.115285
9.9964E-05 0.127383 0.672666 9.9964E-05 0.149686 9.9964E-05 0.0201907 9.9964E-05 0.0296747
9.9982E-05 0.0578191 0.49934 0.118781 9.9982E-05 0.0255813 0.0178777 0.258083 0.0223177
9.9955E-05 9.9955E-05 0.596887 9.9955E-05 0.202593 9.9955E-05 0.0349051 9.9955E-05 0.165114
9.9973E-05 0.0774515 0.68747 0.025158 0.0891253 0.0239581 9.9973E-05 9.9973E-05 0.0965369
9.9964E-05 0.0647176 0.704398 0.0430546 9.9964E-05 0.0341028 9.9964E-05 9.9964E-05 0.153328
9.9982E-05 0.0106466 0.528713 0.0126945 0.141167 0.00672996 9.9982E-05 0.217975 0.0818734
0.0453822 9.9964E-05 0.417505 9.9964E-05 0.0806409 9.9964E-05 9.9964E-05 0.338786 0.117286
9.9973E-05 0.112824 0.605475 0.0597788 0.0027886 0.0252279 9.9973E-05 0.193605 9.9973E-05
9.9946E-05 9.9946E-05 0.657093 9.9946E-05 9.9946E-05 0.0242043 9.9946E-05 0.318103 9.9946E-05
9.9964E-05 9.9964E-05 0.792629 0.0370004 0.115229 9.9964E-05 0.00502006 9.9964E-05 0.0497219
0.0985171 9.9973E-05 0.681987 0.00876508 0.00595871 0.0197193 9.9973E-05 0.184753 9.9973E-05
0.0312406 0.119103 0.712545 9.9973E-05 9.9973E-05 0.0440755 0.0164822 9.9973E-05 0.0762544
0.0255226 9.9946E-05 0.632566 9.9946E-05 9.9946E-05 9.9946E-05 9.9946E-05 0.341311 9.9946E-05
9.9964E-05 0.00460088 0.544313 9.9964E-05 0.0823743 9.9964E-05 0.0288754 0.339437 9.9964E-05
0.0736411 0.0120697 0.746344 0.0564016 0.0815344 0.0140236 0.0157157 9.9991E-05 0.000170022
9.9955E-05 9.9955E-05 0.656274 9.9955E-05 0.0722909 9.9955E-05 0.0255899 0.245346 9.9955E-05
0.0492844 9.9973E-05 0.713092 9.9973E-05 0.0583969 0.0228034 9.9973E-05 0.153574 0.00255006
9.9955E-05 0.0272895 0.60011 9.9955E-05 9.9955E-05 9.9955E-05 0.0270722 0.345028 9.9955E-05
0.0136995 0.0672618 0.621282 9.9964E-05 0.0570352 9.9964E-05 9.9964E-05 0.240322 9.9964E-05
9.9964E-05 0.0624396 0.654643 0.0397223 9.9964E-05 0.0601261 9.9964E-05 0.182669 9.9964E-05
9.9973E-05 9.9973E-05 0.517129 0.0774119 9.9973E-05 0.0635011 0.0106993 0.232367 0.098592
9.9982E-05 0.0167217 0.580514 0.116162 0.0842889 0.0251866 9.9982E-05 0.128972 0.047955
0.0365909 0.0811617 0.709305 0.0855027 9.9973E-05 9.9973E-05 0.011213 9.9973E-05 0.0759265
9.9955E-05 9.9955E-05 0.759911 0.0805342 9.9955E-05 9.9955E-05 0.0268237 9.9955E-05 0.132231
0.025582 0.0183804 0.576216 9.9982E-05 9.9982E-05 0.0132911 0.00912159 0.218112 0.139097
0.0790762 0.142367 0.628943 9.9964E-05 0.0639147 9.9964E-05 9.9964E-05 9.9964E-05 0.085299
9.9973E-05 0.0499743 0.708745 0.0348891 0.121014 9.9973E-05 0.0346922 0.0503849 9.9973E-05
0.0848838 0.028962 0.779429 0.0304782 9.9982E-05 0.015367 0.00670197 0.0539785 9.9982E-05
9.9964E-05 0.0155202 0.0558064 0.0173727 9.9964E-05 9.9964E-05 9.9964E-05 0.521288 0.389613
9.9946E-05 9.9946E-05 0.0493469 9.9946E-05 9.9946E-05 9.9946E-05 9.9946E-05 0.624734 0.32532
9.9946E-05 9.9946E-05 9.9946E-05 9.9946E-05 9.9946E-05 0.00080738 9.9946E-05 0.75684 0.241753
9.9955E-05 9.9955E-05 0.0294045 9.9955E-05 9.9955E-05 0.0091501 9.9955E-05 0.635607 0.325338
9.99689E-05 9.99689E-05 9.99689E-05 9.99689E-05 0.034198 0.0259442 0.000271383 0.518181 0.421006
9.9973E-05 0.0752665 0.0602933 0.0350485 9.9973E-05 9.9973E-05 0.0367203 0.217696 0.574675
9.9937E-05 9.9937E-05 9.9937E-05 9.9937E-05 9.9937E-05 9.9937E-05 9.9937E-05 0.503924 0.495376
9.9982E-05 0.133073 0.0274195 0.0335051 0.114469 0.0652256 9.9982E-05 0.172627 0.453481
