9.993E-05 9.993E-05 9.993E-05 9.993E-05 9.993E-05 9.993E-05 9.993E-05 0.999201 9.993E-05
0.113307 0.00255747 9.99562E-05 9.99562E-05 9.99562E-05 9.99562E-05 0.791988 0.0916481 9.99562E-05
0.0360029 9.9964E-05 0.0422669 9.9964E-05 9.9964E-05 0.0230796 0.602059 0.296192 9.9964E-05
9.9955E-05 9.9955E-05 9.9955E-05 9.9955E-05 9.9955E-05 0.0123231 0.950712 0.0200254 0.0164395
0.114889 9.9955E-05 9.9955E-05 0.0150404 9.9955E-05 9.9955E-05 0.583177 0.286394 9.9955E-05
9.9946E-05 9.9946E-05 9.9946E-05 0.026256 9.9946E-05 9.9946E-05 0.839426 0.133718 9.9946E-05
9.993E-05 9.993E-05 9.993E-05 9.993E-05 9.993E-05 9.993E-05 9.993E-05 0.999201 9.993E-05
9.9964E-05 9.9964E-05 9.9964E-05 0.0728418 0.00365621 0.00630122 0.262989 0.653812 9.9964E-05
0.0789935 9.9964E-05 0.0312601 9.9964E-05 0.0173414 9.9964E-05 0.654108 0.217897 9.9964E-05
9.9946E-05 9.9946E-05 0.0407044 9.9946E-05 9.9946E-05 9.9946E-05 0.822659 0.136037 9.9946E-05
9.9964E-05 9.9964E-05 9.9964E-05 0.00539665 9.9964E-05 0.0231661 0.895098 0.023583 0.0523569
9.9955E-05 9.9955E-05 0.0726232 0.0201194 9.9955E-05 9.9955E-05 0.787951 0.118807 9.9955E-05
0.0906899 9.9964E-05 9.9964E-05 0.0173251 9.9964E-05 0.00536388 0.719284 0.166938 9.9964E-05
9.9982E-05 0.00901953 9.9982E-05 0.00178827 0.0928199 0.0386783 0.597201 0.223148 0.0371454
9.9964E-05 9.9964E-05 0.0271202 9.9964E-05 0.0191172 9.9964E-05 0.64652 0.269084 0.0377586
9.9955E-05 9.9955E-05 9.9955E-05 9.9955E-05 0.0128061 0.0168635 0.589284 0.380547 9.9955E-05
9.99459E-05 9.99459E-05 9.99459E-05 0.0432978 9.99459E-05 9.99459E-05 0.33837 0.617733 9.99459E-05
9.9937E-05 9.9937E-05 9.9937E-05 9.9937E-05 9.9937E-05 9.9937E-05 0.485258 0.514042 9.9937E-05
9.99369E-05 9.99369E-05 9.99369E-05 9.99369E-05 9.99369E-05 9.99369E-05 0.307211 0.692089 9.99369E-05
9.9946E-05 9.9946E-05 9.9946E-05 0.0256943 9.9946E-05 9.9946E-05 0.782684 0.191022 9.9946E-05
9.993E-05 9.993E-05 9.993E-05 9.993E-05 9.993E-05 0.999201 9.993E-05 9.993E-05 9.993E-05
9.9955E-05 0.025618 0.799258 9.9955E-05 9.9955E-05 9.9955E-05 9.9955E-05 0.10345 0.0711736
0.0525864 0.120641 0.71986 9.9964E-05 9.9964E-05 0.01123 0.0952827 9.9964E-05 9.9964E-05
9.9964E-05 0.0869104 0.871191 0.00623662 9.9964E-05 0.00701557 0.028247 9.9964E-05 9.9964E-05
9.9937E-05 9.9937E-05 0.978765 9.9937E-05 9.9937E-05 0.0205356 9.9937E-05 9.9937E-05 9.9937E-05
9.9937E-05 9.9937E-05 0.919076 9.9937E-05 9.9937E-05 9.9937E-05 9.9937E-05 0.0802242 9.9937E-05
9.9955E-05 0.0571527 0.857386 9.9955E-05 9.9955E-05 0.0404282 9.9955E-05 0.044533 9.9955E-05
9.993E-05 9.993E-05 9.993E-05 9.993E-05 9.993E-05 0.999201 9.993E-05 9.993E-05 9.993E-05
0.0439599 9.9964E-05 0.837566 9.9964E-05 0.0477474 0.027467 0.0428601 9.9964E-05 9.9964E-05
9.9964E-05 0.0047603 0.819091 0.017341 9.9964E-05 9.9964E-05 0.0934007 9.9964E-05 0.0650076
0.0115199 9.9973E-05 0.869314 9.9973E-05 0.0451297 0.0215362 9.9973E-05 0.0098382 0.0423619
0.0173196 0.105205 0.767478 0.00580146 0.0196763 0.0389887 9.9982E-05 0.0453307 9.9982E-05
0.114972 0.0586941 0.698899 9.9964E-05 9.9964E-05 0.0619092 9.9964E-05 0.0651252 9.9964E-05
0.0750498 9.9973E-05 0.700214 0.0794518 0.0835979 0.0376662 9.9973E-05 0.0237207 9.9973E-05
0.0105167 9.9982E-05 0.709018 0.0835739 0.0106292 0.00846869 0.0941588 9.9982E-05 0.0834348
9.9982E-05 0.0195822 0.517567 9.9982E-05 0.122145 0.00208945 0.123284 0.0270563 0.188076
9.9973E-05 0.0347573 0.727323 0.0140914 9.9973E-05 0.0155205 9.9973E-05 0.0281285 0.179879
0.108539 0.666355 0.0763594 0.0172495 9.9982E-05 0.0083284 9.9982E-05 0.109448 0.0135207
0.141292 0.601368 9.9973E-05 0.0589916 0.0516316 9.9973E-05 9.9973E-05 0.0696996 0.0767173
0.098656 0.742761 9.9964E-05 0.0235787 0.0114281 9.9964E-05 0.123176 9.9964E-05 9.9964E-05
9.9955E-05 0.712874 0.0799437 9.9955E-05 9.9955E-05 9.9955E-05 9.9955E-05 0.156791 0.0498916
9.9964E-05 0.763631 9.9964E-05 0.0663546 9.9964E-05 0.030116 9.9964E-05 0.131328 0.00817103
0.0489297 0.74162 9.9991E-05 0.0236364 0.0139717 0.0300415 0.0589485 0.0576118 0.0251405
0.000986948 0.604439 9.9982E-05 0.0706079 0.150228 0.0176234 0.109483 0.0464325 9.9982E-05
0.0356442 0.7054 9.9982E-05 0.047619 0.00805635 0.0282668 0.119511 9.9982E-05 0.055302
0.073487 0.733826 0.00413529 9.9973E-05 0.0496019 9.9973E-05 0.123046 0.015604 9.9973E-05
9.9964E-05 0.724945 9.9964E-05 0.0906805 0.000387676 9.9964E-05 9.9964E-05 0.143119 0.0404679
9.9964E-05 0.779007 9.9964E-05 0.00568902 9.9964E-05 0.0135843 0.15377 9.9964E-05 0.0475497
9.9955E-05 0.820834 9.9955E-05 0.0457344 9.9955E-05 0.045955 9.9955E-05 0.0869763 9.9955E-05
9.9973E-05 0.69744 9.9973E-05 9.9973E-05 0.0619036 0.033927 0.0654256 0.0559396 0.0850645
0.0492598 0.759396 9.9973E-05 0.0244036 0.0302457 0.0125019 9.9973E-05 0.123894 9.9973E-05
9.9964E-05 0.774976 0.0724599 0.0197073 9.9964E-05 0.0149695 9.9964E-05 0.117488 9.9964E-05
0.0528408 0.757438 9.9955E-05 0.0889308 9.9955E-05 9.9955E-05 9.9955E-05 0.10029 9.9955E-05
9.9982E-05 0.703358 0.0320619 0.0416648 9.9982E-05 0.0187974 0.074943 0.0974554 0.0315192
0.0132733 0.756943 9.9982E-05 0.074143 0.0209897 0.0258657 0.0529764 0.0556085 9.9982E-05
0.107234 0.645297 0.0704955 0.0310143 0.0173126 9.9973E-05 0.128347 9.9973E-05 9.9973E-05
0.0306567 0.673678 0.00484485 0.064397 0.030928 0.0338388 0.00723082 0.154325 9.9991E-05
0.0552535 0.205852 0.0642125 9.9982E-05 0.00937641 9.9982E-05 0.0641781 0.0620358 0.538892
9.9955E-05 9.9955E-05 9.9955E-05 9.9955E-05 9.9955E-05 0.0267 0.00828839 0.0918098 0.872702
0.0439757 0.036174 0.0190679 0.108294 0.0121508 0.0223155 9.9991E-05 0.0928015 0.665121
0.187709 0.0854893 9.9973E-05 0.040048 9.9973E-05 9.9973E-05 0.0967399 0.0294682 0.560246
0.129026 9.9964E-05 9.9964E-05 0.0525938 0.0232198 9.9964E-05 9.9964E-05 0.0613519 0.733408
9.9964E-05 0.0836395 9.9964E-05 0.0856795 9.9964E-05 0.0300999 9.9964E-05 0.0863259 0.713855
9.9982E-05 9.9982E-05 0.0458715 0.673879 0.0133735 0.00493654 0.0267026 0.00318105 0.231856
9.9955E-05 0.00809927 9.9955E-05 9.9955E-05 9.9955E-05 0.0238097 9.9955E-05 0.110355 0.857236
0.0737875 9.9964E-05 9.9964E-05 0.105753 0.0352898 9.9964E-05 0.216758 9.9964E-05 0.568012
0.0180159 0.00138046 0.150625 0.234342 0.028081 0.019483 9.9991E-05 0.140108 0.407865
0.184179 9.9964E-05 0.0161814 0.123919 9.9964E-05 9.9964E-05 9.9964E-05 0.127738 0.547583
0.130886 9.9973E-05 0.0540529 0.153962 9.9973E-05 0.0320816 0.0729588 9.9973E-05 0.555759
9.9973E-05 9.9973E-05 0.0105087 0.145833 0.028322 0.0129398 9.9973E-05 0.126514 0.675583
9.9946E-05 9.9946E-05 9.9946E-05 0.147746 9.9946E-05 9.9946E-05 9.9946E-05 0.138503 0.713151
0.118414 9.9955E-05 9.9955E-05 0.0754391 9.9955E-05 9.9955E-05 9.9955E-05 0.0876121 0.718035
0.0974068 0.00815616 0.0321662 0.0389613 0.0103084 0.00655502 9.9991E-05 0.11253 0.693816
0.272364 0.0121621 0.128643 0.00949105 9.9973E-05 9.9973E-05 0.148433 9.9973E-05 0.428608
0.318448 0.248515 9.9973E-05 0.104015 9.9973E-05 0.0511479 9.9973E-05 0.025271 0.252303
0.059275 0.130512 9.9982E-05 0.0917975 0.00607986 0.0209829 9.9982E-05 0.138841 0.552311
9.9955E-05 0.430242 9.9955E-05 0.066826 9.9955E-05 9.9955E-05 9.9955E-05 0.157488 0.344944
9.9955E-05 0.0398071 9.9955E-05 0.647532 9.9955E-05 9.9955E-05 9.9955E-05 0.0403753 0.271786
0.0881667 0.171091 0.0467347 0.14545 0.00690019 0.0362059 9.9991E-05 0.140506 0.364845
0.000168215 0.157045 9.9973E-05 0.192553 0.0174814 9.9973E-05 0.0200754 9.9973E-05 0.612377
0.0630712 0.0825497 0.0634097 0.0578532 9.9982E-05 0.0193443 9.9982E-05 0.151551 0.562021
0.0168957 9.9982E-05 9.9982E-05 0.0726996 0.0513609 0.0246167 0.107869 0.0461254 0.680233
9.9964E-05 0.033367 9.9964E-05 0.148017 9.9964E-05 9.9964E-05 0.141862 0.0352423 0.641112
9.9982E-05 0.232809 0.00202556 0.102855 0.161916 0.0337439 9.9982E-05 0.139594 0.326857
9.9964E-05 0.161787 9.9964E-05 0.0201921 0.554409 9.9964E-05 0.0899943 9.9964E-05 0.173218
0.241969 0.109579 0.0334083 0.0115377 0.106482 0.00674518 9.9991E-05 0.113614 0.376565
0.0832438 0.0839575 9.9973E-05 0.0475491 9.9973E-05 0.0118428 9.9973E-05 0.184798 0.588309
0.194727 0.112636 9.9982E-05 0.0711804 0.0584639 0.0106325 9.9982E-05 0.115542 0.436619
0.122972 0.0464767 0.0269684 0.0228681 0.00762231 0.0110682 0.147586 9.9991E-05 0.614339
0.000153223 9.9964E-05 9.9964E-05 0.245011 9.9964E-05 0.00572329 0.0973629 9.9964E-05 0.65135
0.182555 0.0934119 0.00728653 0.138844 9.9973E-05 9.9973E-05 0.140402 9.9973E-05 0.437201
0.0846772 0.0874268 0.00021623 0.124786 9.9973E-05 9.9973E-05 9.9973E-05 0.100503 0.602091
9.9973E-05 9.9973E-05 0.0512297 9.9973E-05 0.0857523 0.0332403 0.185572 0.00643806 0.637467
9.9982E-05 0.0244213 0.11503 0.0973094 0.0565364 0.0245162 0.173725 9.9982E-05 0.508261
0.041117 0.0115266 0.0747324 0.0718819 0.0609398 9.9982E-05 0.1496 9.9982E-05 0.590002
0.1587 9.9991E-05 0.0200775 0.0271926 0.0671421 0.0263818 0.0376516 0.140419 0.522336
0.114292 0.0856144 9.9982E-05 0.123985 0.0863785 0.00951069 0.144719 9.9982E-05 0.4353
0.14388 0.145515 9.9964E-05 0.118213 9.9964E-05 9.9964E-05 0.146171 9.9964E-05 0.445821
0.215851 0.033073 0.0398269 0.0206389 9.9982E-05 0.00375703 9.9982E-05 0.130156 0.556497
9.9955E-05 0.100384 9.9955E-05 0.137595 9.9955E-05 9.9955E-05 0.138584 9.9955E-05 0.622937
9.9973E-05 0.0718165 0.055382 0.0477885 9.9973E-05 0.00896229 0.168473 9.9973E-05 0.647278
0.0826191 9.9964E-05 9.9964E-05 0.253205 0.0920771 9.9964E-05 9.9964E-05 0.114921 0.456778
0.14633 9.9973E-05 9.9973E-05 0.0167921 9.9973E-05 0.0279788 0.0303044 0.0436186 0.734676
9.993E-05 9.993E-05 9.993E-05 0.999201 9.993E-05 9.993E-05 9.993E-05 9.993E-05 9.993E-05
0.149553 0.0423488 9.9991E-05 0.155403 0.0023967 0.02399 0.127093 0.00854389 0.490572
9.9982E-05 0.00793456 0.0117406 0.109874 9.9982E-05 0.0134278 0.0994065 0.0119002 0.745516
9.9973E-05 0.00140012 9.9973E-05 0.128091 0.0593647 0.0169068 0.208018 9.9973E-05 0.585919
0.00409551 0.128811 9.9982E-05 0.0275996 0.0343021 9.9982E-05 0.0555098 0.0525107 0.696971
0.272442 0.0851086 9.9964E-05 0.0638557 9.9964E-05 9.9964E-05 0.153161 9.9964E-05 0.425032
0.119276 9.9973E-05 0.0435856 0.0717802 9.9973E-05 0.0205263 0.147118 9.9973E-05 0.597414
9.993E-05 9.993E-05 9.993E-05 0.999201 9.993E-05 9.993E-05 9.993E-05 9.993E-05 9.993E-05
9.993E-05 9.993E-05 9.993E-05 0.999201 9.993E-05 9.993E-05 9.993E-05 9.993E-05 9.993E-05
9.99369E-05 0.0211898 9.99369E-05 0.978111 9.99369E-05 9.99369E-05 9.99369E-05 9.99369E-05 9.99369E-05
9.9964E-05 0.0349333 9.9964E-05 0.0317943 9.9964E-05 0.0186285 0.215503 9.9964E-05 0.698741
9.9991E-05 0.0429461 0.0592571 0.17927 0.0495239 0.0327973 0.024329 0.0669114 0.544865
0.188016 9.9982E-05 9.9982E-05 0.05203 0.0216555 0.0208368 0.209426 0.0112242 0.496612
0.0696399 0.0689779 9.9982E-05 0.157282 9.9982E-05 0.0133211 0.0204954 0.0860999 0.583984
0.101211 0.073322 0.0188956 0.161828 9.9982E-05 0.0385023 9.9982E-05 0.0936309 0.51241
9.9973E-05 0.0112776 9.9973E-05 0.162834 9.9973E-05 0.0268986 0.154295 0.0292994 0.615096
9.9973E-05 0.0222928 0.112658 0.0910337 0.0179388 9.9973E-05 9.9973E-05 0.152562 0.603215
0.642744 9.9964E-05 9.9964E-05 9.9964E-05 0.0399796 0.0075603 0.0736169 9.9964E-05 0.2357
0.835629 9.9964E-05 9.9964E-05 0.0128094 0.0616337 9.9964E-05 0.000926631 9.9964E-05 0.0886011
0.870661 9.9964E-05 0.027537 0.0796756 9.9964E-05 0.0199499 9.9964E-05 0.00177633 9.9964E-05
0.916147 9.9955E-05 9.9955E-05 9.9955E-05 9.9955E-05 0.0102625 0.0543971 9.9955E-05 0.0186941
0.736722 9.9973E-05 0.0464746 0.0960441 0.0641213 9.9973E-05 0.0359065 9.9973E-05 0.0204316
0.863828 9.9964E-05 9.9964E-05 0.0239517 0.0717467 0.0185359 9.9964E-05 0.0215376 9.9964E-05
0.931733 9.9946E-05 9.9946E-05 9.9946E-05 0.0356698 9.9946E-05 9.9946E-05 0.0319973 9.9946E-05
0.873404 9.9946E-05 0.0459173 9.9946E-05 9.9946E-05 9.9946E-05 9.9946E-05 0.0800793 9.9946E-05
0.947484 0.0274718 0.0160828 0.000883209 0.001501 0.00627684 9.9973E-05 9.9973E-05 9.9973E-05
0.817883 0.0226625 9.9964E-05 0.0512157 9.9964E-05 0.0471573 9.9964E-05 9.9964E-05 0.0606815
0.913716 9.9946E-05 0.0749903 9.9946E-05 9.9946E-05 9.9946E-05 9.9946E-05 0.0106944 9.9946E-05
0.148346 0.0261712 0.0360955 0.037622 0.699653 9.9982E-05 0.0105856 0.0413266 9.9982E-05
0.19608 9.9955E-05 9.9955E-05 9.9955E-05 0.725046 0.0203242 9.9955E-05 0.0580506 9.9955E-05
9.9982E-05 0.0865121 0.0495307 0.0305072 0.68912 0.0157856 9.9982E-05 0.11531 0.0130339
9.9955E-05 0.0928299 0.0458315 9.9955E-05 0.692188 9.9955E-05 0.168651 9.9955E-05 9.9955E-05
0.109496 0.084915 9.9973E-05 0.00826133 0.615152 0.0661102 9.9973E-05 0.115765 9.9973E-05
0.133859 0.01182 9.9991E-05 0.0627283 0.652727 0.0443155 0.00603332 0.0738458 0.0145711
0.0441619 0.177748 9.9964E-05 0.0530979 0.65183 9.9964E-05 0.0727627 9.9964E-05 9.9964E-05
0.0685317 9.9973E-05 0.0670684 0.0448087 0.759237 0.0306114 9.9973E-05 0.0294428 9.9973E-05
0.0453535 0.0510857 0.145746 0.0643256 0.46574 0.0214897 0.0842516 0.0456076 0.0764005
0.0886834 0.194099 9.9964E-05 9.9964E-05 0.589307 0.023584 9.9964E-05 0.103927 9.9964E-05
0.141781 0.0210547 9.9964E-05 9.9964E-05 0.719745 0.0315345 9.9964E-05 0.0854851 9.9964E-05
9.9964E-05 0.144544 9.9964E-05 9.9964E-05 0.709517 0.00519938 0.126843 9.9964E-05 0.0134969
0.0863975 0.0969385 0.0651761 9.9982E-05 0.589569 0.0235239 0.129642 9.9982E-05 0.00855288
0.00775563 0.183893 9.9973E-05 9.9973E-05 0.516926 9.9973E-05 0.0142667 0.0716607 0.205198
9.9973E-05 9.9973E-05 0.088565 0.0255762 0.612772 0.00657817 9.9973E-05 0.154521 0.111688
9.9955E-05 9.9955E-05 9.9955E-05 9.9955E-05 0.65589 0.00681862 9.9955E-05 0.180394 0.156397
0.0537657 0.0336817 0.0380828 0.00687574 0.750121 9.9982E-05 9.9982E-05 0.0767849 0.0404885
9.9964E-05 9.9964E-05 9.9964E-05 0.036206 0.667622 0.0166896 9.9964E-05 0.139405 0.139677
9.9964E-05 9.9964E-05 0.0661263 0.0626734 0.704718 0.0121141 9.9964E-05 0.153968 9.9964E-05
9.9964E-05 9.9964E-05 9.9964E-05 0.02745 0.720854 0.0278907 0.116448 9.9964E-05 0.106958
9.9991E-05 0.0200413 0.0813684 0.0341058 0.596692 0.014417 0.059263 0.100792 0.093221
0.0826367 0.0885807 9.9973E-05 0.0667893 0.70703 0.0286069 9.9973E-05 0.0260562 9.9973E-05
0.212826 9.9964E-05 0.0190755 0.0837238 0.64928 9.9964E-05 0.0346947 9.9964E-05 9.9964E-05
0.014264 9.9973E-05 9.9973E-05 0.020134 0.697358 0.0179798 0.149314 9.9973E-05 0.10065
9.9973E-05 9.9973E-05 0.15709 0.132609 0.627197 9.9973E-05 0.0719517 0.00989139 0.000961539
0.147911 9.9964E-05 0.0936751 9.9964E-05 0.656377 9.9964E-05 0.0862396 0.0153979 9.9964E-05
0.0346255 0.025119 0.029708 0.051148 0.656772 0.0344132 0.0719919 0.0328294 0.0633929
0.110756 0.0996929 9.9973E-05 9.9973E-05 0.583465 0.00361349 0.176879 9.9973E-05 0.025294
0.145262 0.0446328 9.9982E-05 9.9982E-05 0.65459 0.0138132 0.0252278 0.111849 0.00442597
9.9982E-05 0.0979605 0.0519384 0.0303229 0.73277 0.0183272 9.9982E-05 0.0519172 0.0165641
0.112377 0.128535 9.9955E-05 0.0257582 0.732829 9.9955E-05 9.9955E-05 9.9955E-05 9.9955E-05
9.9982E-05 0.102113 0.0236002 0.027732 0.638507 0.00971321 9.9982E-05 0.134165 0.0639693
9.9973E-05 0.0800533 0.130492 9.9973E-05 0.645923 0.0050861 9.9973E-05 0.0546418 0.0835039
9.9982E-05 9.9982E-05 0.0800223 0.0484005 0.718133 0.00171062 0.056972 0.021102 0.0734596
0.0521716 9.9982E-05 9.9982E-05 0.0434292 0.736499 0.0348646 0.0526073 0.0303113 0.0499174
0.0125609 0.654887 0.091825 9.9964E-05 0.0824266 9.9964E-05 0.157901 9.9964E-05 9.9964E-05
0.00761034 0.570025 0.0956925 9.9982E-05 0.0963877 0.000538004 0.189751 9.9982E-05 0.0397957
9.9973E-05 0.488031 0.0990709 9.9973E-05 0.0834169 0.0107648 0.262225 9.9973E-05 0.0561918
9.9982E-05 0.484277 0.0944525 0.00979718 0.0884609 0.00698623 0.254105 9.9982E-05 0.0617213
0.028166 0.552903 0.115449 9.9982E-05 0.0617748 9.9982E-05 0.111952 0.110632 0.0189224
9.9973E-05 0.660193 0.148024 0.0483831 0.0670982 0.0204471 9.9973E-05 0.0555545 9.9973E-05
0.112615 0.734749 9.9955E-05 9.9955E-05 9.9955E-05 0.00355447 0.148582 9.9955E-05 9.9955E-05
0.11287 0.5338 0.103593 9.9955E-05 9.9955E-05 9.9955E-05 0.249238 9.9955E-05 9.9955E-05
