9.99551E-05 0.022054 9.99551E-05 9.99551E-05 0.708352 0.0608098 0.208284 9.99551E-05 9.99551E-05
9.99461E-05 9.99461E-05 9.99461E-05 9.99461E-05 0.882761 0.0206992 9.99461E-05 0.0959404 9.99461E-05
9.9964E-05 9.9964E-05 0.0149797 0.022657 0.428875 0.0282336 0.504855 9.9964E-05 9.9964E-05
9.99461E-05 9.99461E-05 0.0205688 9.99461E-05 9.99461E-05 9.99461E-05 9.99461E-05 0.924115 0.054717
9.9955E-05 0.844761 9.9955E-05 0.083599 9.9955E-05 9.9955E-05 0.0597471 0.011393 9.9955E-05
9.99461E-05 9.99461E-05 9.99461E-05 9.99461E-05 0.000421523 9.99461E-05 0.0254326 9.99461E-05 0.973546
9.9955E-05 9.9955E-05 0.154021 0.685283 9.9955E-05 9.9955E-05 0.0450216 0.115175 9.9955E-05
0.00563775 9.9973E-05 9.9973E-05 0.0491458 0.852266 0.0430447 0.02409 0.0255159 9.9973E-05
9.99371E-05 9.99371E-05 9.99371E-05 9.99371E-05 9.99371E-05 0.399393 9.99371E-05 9.99371E-05 0.599907
9.9937E-05 0.422935 9.9937E-05 0.576365 9.9937E-05 9.9937E-05 9.9937E-05 9.9937E-05 9.9937E-05
9.993E-05 9.993E-05 9.993E-05 0.999201 9.993E-05 9.993E-05 9.993E-05 9.993E-05 9.993E-05
0.123305 0.0119811 9.9955E-05 9.9955E-05 0.791982 9.9955E-05 9.9955E-05 0.0722325 9.9955E-05
9.99551E-05 0.681493 9.99551E-05 9.99551E-05 0.0146029 9.99551E-05 0.164384 9.99551E-05 0.139021
0.0129001 9.995E-05 9.995E-05 0.581122 9.995E-05 9.995E-05 0.200753 0.204724 9.995E-05
9.993E-05 0.999201 9.993E-05 9.993E-05 9.993E-05 9.993E-05 9.993E-05 9.993E-05 9.993E-05
9.993E-05 9.993E-05 0.999201 9.993E-05 9.993E-05 9.993E-05 9.993E-05 9.993E-05 9.993E-05
0.22116 9.99461E-05 9.99461E-05 9.99461E-05 0.572559 9.99461E-05 9.99461E-05 0.205681 9.99461E-05
9.9946E-05 9.9946E-05 0.555137 0.243055 9.9946E-05 9.9946E-05 9.9946E-05 9.9946E-05 0.201208
9.99371E-05 9.99371E-05 9.99371E-05 9.99371E-05 0.0616756 9.99371E-05 9.99371E-05 9.99371E-05 0.937625
9.993E-05 9.993E-05 9.993E-05 9.993E-05 9.993E-05 0.999201 9.993E-05 9.993E-05 9.993E-05
9.99641E-05 0.00628389 0.0791259 9.99641E-05 0.0507898 0.84168 9.99641E-05 9.99641E-05 0.0217205
0.56511 9.9955E-05 0.174046 9.9955E-05 0.0239563 0.236388 9.9955E-05 9.9955E-05 9.9955E-05
9.99461E-05 0.0237724 0.969912 9.99461E-05 9.99461E-05 0.00571552 9.99461E-05 9.99461E-05 9.99461E-05
9.99371E-05 9.99371E-05 9.99371E-05 9.99371E-05 9.99371E-05 0.166446 9.99371E-05 0.832854 9.99371E-05
9.99371E-05 9.99371E-05 9.99371E-05 9.99371E-05 9.99371E-05 9.99371E-05 0.91638 9.99371E-05 0.0829205
9.9955E-05 0.773564 0.0555335 9.9955E-05 9.9955E-05 0.111125 0.059278 9.9955E-05 9.9955E-05
9.99371E-05 9.99371E-05 9.99371E-05 9.99371E-05 9.99371E-05 9.99371E-05 0.0466075 0.952693 9.99371E-05
0.791742 0.156686 9.99551E-05 0.0143779 9.99551E-05 9.99551E-05 0.0366948 9.99551E-05 9.99551E-05
9.99373E-05 9.99373E-05 0.0837333 9.99373E-05 0.915567 9.99373E-05 9.99373E-05 9.99373E-05 9.99373E-05
0.916275 9.99371E-05 9.99371E-05 9.99371E-05 0.0830256 9.99371E-05 9.99371E-05 9.99371E-05 9.99371E-05
9.9946E-05 9.9946E-05 9.9946E-05 0.509001 0.0014491 9.9946E-05 0.48895 9.9946E-05 9.9946E-05
9.993E-05 9.993E-05 9.993E-05 9.993E-05 9.993E-05 9.993E-05 0.999201 9.993E-05 9.993E-05
9.9937E-05 0.232864 9.9937E-05 0.766437 9.9937E-05 9.9937E-05 9.9937E-05 9.9937E-05 9.9937E-05
9.99461E-05 9.99461E-05 9.99461E-05 0.000276562 9.99461E-05 9.99461E-05 0.0430582 9.99461E-05 0.956066
0.208831 9.9946E-05 9.9946E-05 9.9946E-05 0.150786 9.9946E-05 9.9946E-05 0.639783 9.9946E-05
9.99461E-05 9.99461E-05 0.489628 9.99461E-05 9.99461E-05 0.410317 9.99461E-05 9.99461E-05 0.0994551
0.24885 9.99461E-05 9.99461E-05 9.99461E-05 9.99461E-05 0.186386 9.99461E-05 9.99461E-05 0.564165
0.24503 0.00911002 0.0476337 0.0111186 9.997E-05 9.997E-05 9.997E-05 0.0173946 0.669413
9.99551E-05 9.99551E-05 9.99551E-05 0.764799 0.103652 0.0470811 9.99551E-05 9.99551E-05 0.083968
0.816403 0.00153797 9.9964E-05 9.9964E-05 9.9964E-05 0.00265822 9.9964E-05 0.108921 0.0700794
0.616096 9.99459E-05 9.99459E-05 9.99459E-05 0.182187 9.99459E-05 9.99459E-05 9.99459E-05 0.201117
0.231297 9.99461E-05 9.99461E-05 9.99461E-05 0.756273 9.99461E-05 9.99461E-05 9.99461E-05 0.0118302
9.99371E-05 0.156796 9.99371E-05 9.99371E-05 9.99371E-05 0.842504 9.99371E-05 9.99371E-05 9.99371E-05
9.993E-05 9.993E-05 9.993E-05 9.993E-05 9.993E-05 9.993E-05 0.999201 9.993E-05 9.993E-05
9.993E-05 0.999201 9.993E-05 9.993E-05 9.993E-05 9.993E-05 9.993E-05 9.993E-05 9.993E-05
9.99461E-05 9.99461E-05 0.0246306 9.99461E-05 0.835193 9.99461E-05 9.99461E-05 0.139576 9.99461E-05
9.9955E-05 9.9955E-05 0.0033048 0.0224014 9.9955E-05 0.784461 9.9955E-05 9.9955E-05 0.189334
0.369784 9.99462E-05 0.0717334 9.99462E-05 9.99462E-05 9.99462E-05 9.99462E-05 9.99462E-05 0.557883
9.99462E-05 0.617088 9.99462E-05 9.99462E-05 9.99462E-05 0.267921 9.99462E-05 0.114391 9.99462E-05
0.147024 9.99461E-05 9.99461E-05 0.0847385 9.99461E-05 0.767637 9.99461E-05 9.99461E-05 9.99461E-05
