9.9937E-05 9.9937E-05 0.0677468 0.00212378 9.9937E-05 9.9937E-05 9.9937E-05 9.9937E-05 9.9937E-05 0.92943
9.9946E-05 9.9946E-05 0.344379 0.0165355 0.00686786 9.9946E-05 9.9946E-05 9.9946E-05 9.9946E-05 0.631618
9.9946E-05 0.0107168 0.187968 0.0307 9.9946E-05 9.9946E-05 9.9946E-05 9.9946E-05 9.9946E-05 0.770016
0.0201829 9.9964E-05 0.119745 0.017895 0.0163483 9.9964E-05 0.0605215 9.9964E-05 9.9964E-05 0.764907
0.00980804 9.9964E-05 9.9964E-05 9.9964E-05 0.0608972 0.0507578 0.0581707 9.9964E-05 0.0584576 0.761509
0.0563127 9.9937E-05 9.9937E-05 9.9937E-05 9.9937E-05 9.9937E-05 0.0736886 9.9937E-05 9.9937E-05 0.869299
9.9937E-05 9.9937E-05 9.9937E-05 9.9937E-05 0.0218238 9.9937E-05 0.0682424 9.9937E-05 9.9937E-05 0.909234
0.040342 9.9964E-05 9.9964E-05 0.0283377 0.00402439 9.9964E-05 0.0899359 9.9964E-05 0.030301 0.806659
0.00173968 0.000400923 0.0880712 0.0106176 0.0495202 9.9973E-05 0.0815419 9.9973E-05 9.9973E-05 0.767809
0.010258 0.070246 0.0293429 9.9973E-05 0.00378623 9.9973E-05 0.0405408 0.0144163 9.9973E-05 0.83111
9.9955E-05 0.0472177 0.238923 9.9955E-05 9.9955E-05 9.9955E-05 0.0106051 0.00661328 9.9955E-05 0.696141
9.9955E-05 0.0325508 0.26993 0.0300271 9.9955E-05 0.00759895 9.9955E-05 9.9955E-05 9.9955E-05 0.659394
9.9973E-05 9.9973E-05 0.0318004 9.9973E-05 0.1314 0.0437288 0.0191495 0.0114733 0.0047983 0.75735
9.9964E-05 0.0407818 0.131206 9.9964E-05 9.9964E-05 0.0202871 0.0905772 0.0598034 9.9964E-05 0.656944
9.9964E-05 0.0200787 0.151721 0.00585607 0.0374657 9.9964E-05 9.9964E-05 0.00111089 9.9964E-05 0.783368
9.9946E-05 9.9946E-05 9.9946E-05 9.9946E-05 0.0259259 9.9946E-05 0.0781664 9.9946E-05 0.0480062 0.847302
0.0291194 9.9937E-05 9.9937E-05 9.9937E-05 9.9937E-05 9.9937E-05 9.9937E-05 9.9937E-05 0.00886048 0.961321
9.9946E-05 9.9946E-05 9.9946E-05 0.00458513 9.9946E-05 0.0319778 9.9946E-05 9.9946E-05 0.00896436 0.953873
9.9946E-05 9.9946E-05 9.9946E-05 0.0127824 9.9946E-05 0.0390801 9.9946E-05 0.0370803 9.9946E-05 0.910457
0.0274767 9.9946E-05 9.9946E-05 9.9946E-05 0.0352298 0.0305392 9.9946E-05 9.9946E-05 9.9946E-05 0.906155
9.99201E-05 0.999101 9.99201E-05 9.99201E-05 9.99201E-05 9.99201E-05 9.99201E-05 9.99201E-05 9.99201E-05 9.99201E-05
9.9937E-05 0.572644 0.3999 9.9937E-05 9.9937E-05 0.0267562 9.9937E-05 9.9937E-05 9.9937E-05 9.9937E-05
9.9973E-05 0.620623 0.14591 0.0186594 9.9973E-05 0.0567004 0.0734312 9.9973E-05 0.0668307 0.0175454
0.0684576 0.776835 9.9946E-05 9.9946E-05 9.9946E-05 0.117093 9.9946E-05 9.9946E-05 0.0370149 9.9946E-05
9.9955E-05 0.816239 0.0838165 9.9955E-05 0.0781943 9.9955E-05 9.9955E-05 0.0103367 9.9955E-05 0.0109141
0.00768492 0.766482 9.9964E-05 0.0148115 0.152136 9.9964E-05 9.9964E-05 0.0120251 9.9964E-05 0.0464607
9.9964E-05 0.674108 9.9964E-05 0.0042804 0.112202 0.0906274 0.0157112 9.9964E-05 0.102671 9.9964E-05
9.99201E-05 0.999101 9.99201E-05 9.99201E-05 9.99201E-05 9.99201E-05 9.99201E-05 9.99201E-05 9.99201E-05 9.99201E-05
9.9946E-05 0.640596 0.0906466 9.9946E-05 0.239559 9.9946E-05 0.0285992 9.9946E-05 9.9946E-05 9.9946E-05
9.998E-05 0.526391 0.130944 9.998E-05 0.0530178 0.0226881 0.0835833 0.0349086 0.129517 0.0187502
9.9955E-05 0.608986 0.118197 0.00414822 0.171133 9.9955E-05 0.0970352 9.9955E-05 9.9955E-05 9.9955E-05
9.9964E-05 0.67596 9.9964E-05 9.9964E-05 0.133288 0.109456 0.0247949 0.0105913 0.0455099 9.9964E-05
9.9973E-05 0.598818 9.9973E-05 0.00183434 0.193898 0.00402757 0.124541 0.0636259 9.9973E-05 0.0129548
9.9964E-05 0.575635 0.127104 0.0349028 0.0665328 9.9964E-05 0.0747727 0.120653 9.9964E-05 9.9964E-05
9.9955E-05 0.503238 0.255235 0.0243321 0.193026 9.9955E-05 9.9955E-05 0.0236686 9.9955E-05 9.9955E-05
9.99639E-05 0.344414 0.570214 0.0670487 9.99639E-05 9.99639E-05 0.0128947 0.00192003 9.99639E-05 0.00310903
9.9964E-05 0.592797 9.9964E-05 0.0426378 9.9964E-05 0.153408 9.9964E-05 0.0167734 0.180528 0.0134557
9.9964E-05 0.058065 0.0354263 0.0319035 0.100249 0.702879 9.9964E-05 9.9964E-05 0.0710767 9.9964E-05
0.000771555 9.9964E-05 0.0958026 9.9964E-05 0.162444 0.640493 9.9964E-05 0.0591065 0.0409822 9.9964E-05
0.0114962 9.9991E-05 0.0436382 0.0314614 0.0650865 0.667548 0.0466442 0.0347307 0.0684965 0.0307987
9.9964E-05 0.0279823 9.9964E-05 0.0301196 9.9964E-05 0.725929 0.0628193 9.9964E-05 0.134915 0.0178354
0.0345409 0.0428722 0.0361876 0.0575921 0.00733708 0.729642 9.9991E-05 0.0379348 0.0201804 0.0336132
0.000415855 9.9964E-05 9.9964E-05 0.0380679 0.129796 0.795871 9.9964E-05 0.0223604 9.9964E-05 0.0130891
0.03353 9.9982E-05 0.15639 0.0527477 0.00131837 0.568746 0.112382 0.0241758 9.9982E-05 0.05051
0.0202258 0.0255694 9.9973E-05 0.0241982 9.9973E-05 0.686748 0.0274573 0.0580768 0.157425 9.9973E-05
9.9964E-05 0.046596 9.9964E-05 9.9964E-05 0.114208 0.661017 0.0575015 0.0559033 9.9964E-05 0.0643737
0.0416112 9.9955E-05 9.9955E-05 0.00170376 9.9955E-05 0.80165 9.9955E-05 0.0368741 0.117662 9.9955E-05
9.9964E-05 9.9964E-05 0.00358395 0.0195335 0.11107 0.782035 9.9964E-05 0.0602425 9.9964E-05 0.0231355
0.0234393 0.0421963 9.9964E-05 0.0287594 9.9964E-05 0.873302 9.9964E-05 0.00855601 9.9964E-05 0.0233471
0.00105468 9.9973E-05 0.200505 0.0313835 9.9973E-05 0.688625 0.029404 0.0190076 0.0297205 9.9973E-05
0.0297327 9.9955E-05 0.122073 0.0168976 0.0126569 0.81814 9.9955E-05 9.9955E-05 9.9955E-05 9.9955E-05
9.9955E-05 0.0303215 9.9955E-05 0.0389981 9.9955E-05 0.86346 0.0136154 0.053105 9.9955E-05 9.9955E-05
0.0254122 9.9955E-05 9.9955E-05 9.9955E-05 0.0490796 0.799759 9.9955E-05 0.113301 9.9955E-05 0.0119487
0.0121998 0.0118279 9.9964E-05 0.0389233 9.9964E-05 0.781573 9.9964E-05 9.9964E-05 0.0648095 0.0902667
0.0550701 9.9973E-05 9.9973E-05 0.0116876 9.9973E-05 0.720421 0.0298299 0.0174687 0.136406 0.0288171
9.9973E-05 9.9973E-05 0.233406 0.0112579 0.0997487 0.62777 9.9973E-05 0.0130221 0.00345205 0.0110431
0.0344769 0.0352272 9.9991E-05 0.0111782 0.0369208 0.737232 0.0087681 0.0282346 0.0486049 0.0592577
9.9955E-05 0.0244476 0.34478 9.9955E-05 9.9955E-05 0.0835826 9.9955E-05 0.0273884 0.519301 9.9955E-05
9.99201E-05 9.99201E-05 9.99201E-05 0.999101 9.99201E-05 9.99201E-05 9.99201E-05 9.99201E-05 9.99201E-05 9.99201E-05
0.0556359 0.00567358 0.374968 9.9964E-05 0.00916183 9.9964E-05 9.9964E-05 0.107617 0.446544 9.9964E-05
0.0227539 9.9973E-05 0.253637 0.00401373 0.166196 0.0337901 9.9973E-05 0.0964928 0.422816 9.9973E-05
0.013889 9.9964E-05 0.151162 0.043994 0.138122 9.9964E-05 9.9964E-05 0.0718611 0.580572 9.9964E-05
9.9973E-05 9.9973E-05 9.9973E-05 0.0146895 0.043511 0.0748227 0.0172776 0.0930024 0.74096 0.0154373
9.99201E-05 9.99201E-05 9.99201E-05 9.99201E-05 9.99201E-05 9.99201E-05 9.99201E-05 0.999101 9.99201E-05 9.99201E-05
9.99201E-05 9.99201E-05 9.99201E-05 0.999101 9.99201E-05 9.99201E-05 9.99201E-05 9.99201E-05 9.99201E-05 9.99201E-05
0.0457714 9.9973E-05 0.458125 0.0195693 0.0714882 9.9973E-05 9.9973E-05 0.116603 0.233793 0.0543507
0.0564353 0.11975 9.9973E-05 0.0234401 9.9973E-05 9.9973E-05 0.0198734 0.0367584 0.704805 0.038638
0.0607123 0.0242815 0.02768 0.0582701 0.0587537 0.00646706 9.9982E-05 0.107114 0.656522 9.9982E-05
0.0206494 0.0763745 9.9964E-05 0.0347303 0.00128208 9.9964E-05 9.9964E-05 0.189198 0.677366 9.9964E-05
0.0508355 0.0686294 9.9973E-05 0.130296 9.9973E-05 9.9973E-05 0.0266888 0.0847181 0.608295 0.0302363
0.00985484 9.9973E-05 9.9973E-05 0.0461138 9.9973E-05 0.00510975 0.00731906 0.121823 0.791414 0.0180651
0.0347037 9.9973E-05 9.9973E-05 0.0174703 0.132496 0.0158759 0.00919602 0.154951 0.635007 9.9973E-05
0.00385879 0.0496125 0.111782 0.0961427 9.9973E-05 9.9973E-05 9.9973E-05 0.167601 0.566039 0.00466488
0.0455137 9.9964E-05 0.320338 0.0615197 0.354832 9.9964E-05 9.9964E-05 0.000341068 0.217056 9.9964E-05
0.00322205 0.042296 9.9973E-05 0.0186042 0.146514 0.243022 9.9973E-05 0.0826811 0.463361 9.9973E-05
0.00417627 0.008698 9.9973E-05 0.0283722 9.9973E-05 0.231428 9.9973E-05 0.0684138 0.591992 0.0666203
9.9964E-05 9.9964E-05 0.0406017 0.0738676 9.9964E-05 0.406787 9.9964E-05 0.0527746 0.355635 0.0699338
9.99201E-05 9.99201E-05 9.99201E-05 9.99201E-05 9.99201E-05 9.99201E-05 9.99201E-05 0.999101 9.99201E-05 9.99201E-05
0.127263 0.0782054 0.0292879 0.0803878 0.0847039 0.136058 0.0327767 0.071549 0.308956 0.0508114
0.037324 9.9964E-05 9.9964E-05 0.0447156 9.9964E-05 0.137704 0.022938 0.228618 0.528301 9.9964E-05
0.0464733 0.0560364 9.9964E-05 9.9964E-05 9.9964E-05 0.0466921 0.0305961 9.9964E-05 0.764509 0.0552931
0.00939365 0.0409529 0.211352 0.0429105 9.9973E-05 9.9973E-05 9.9973E-05 0.106715 0.58092 0.00745644
0.0032949 9.9973E-05 0.00247245 0.0281026 9.9973E-05 0.00236624 9.9973E-05 0.13507 0.730378 0.0980163
0.0905492 0.0366445 0.162447 0.0467034 9.9973E-05 0.204516 0.183545 9.9973E-05 0.275295 9.9973E-05
9.9964E-05 9.9964E-05 0.158268 0.0263298 9.9964E-05 0.13846 0.539932 0.12227 0.0143412 9.9964E-05
9.9973E-05 0.004505 0.301323 0.0712176 0.150603 0.0593772 0.0764511 9.9973E-05 0.336223 9.9973E-05
0.00392328 9.9964E-05 9.9964E-05 0.00620975 9.9964E-05 9.9964E-05 0.088885 0.0816107 0.79824 0.020731
0.0177127 9.9964E-05 9.9964E-05 0.0193013 0.0516089 0.0392718 0.121763 9.9964E-05 0.749942 9.9964E-05
9.9982E-05 9.9982E-05 0.137674 0.0333133 0.131139 0.0190597 0.00780716 0.0777733 0.583467 0.00956692
0.104355 9.99369E-05 0.179695 9.99369E-05 9.99369E-05 9.99369E-05 9.99369E-05 0.715251 9.99369E-05 9.99369E-05
0.0135153 0.0233851 0.156831 0.00507097 0.0848305 0.0693187 9.9991E-05 0.272679 0.368644 0.00562526
9.9973E-05 9.9973E-05 0.011174 0.0128359 0.00012046 0.0500749 0.0572206 0.127669 0.740605 9.9973E-05
0.0233646 9.9946E-05 0.810565 9.9946E-05 9.9946E-05 9.9946E-05 9.9946E-05 0.00628236 0.159189 9.9946E-05
0.0359034 9.9955E-05 0.75813 9.9955E-05 0.0215046 9.9955E-05 9.9955E-05 0.0430449 0.140917 9.9955E-05
9.9937E-05 9.9937E-05 0.690395 9.9937E-05 9.9937E-05 9.9937E-05 9.9937E-05 0.0775092 0.231397 9.9937E-05
9.9964E-05 9.9964E-05 0.416244 0.0701877 0.115706 9.9964E-05 9.9964E-05 0.120126 0.235953 0.0413826
0.0432333 9.9991E-05 0.376762 0.046451 0.195168 0.0326761 0.0273876 0.0938176 0.183372 0.00103302
0.0403934 9.9982E-05 0.115557 0.0669629 0.0606928 0.0627781 9.9982E-05 0.155142 0.433362 0.0649121
0.0290687 0.0418777 0.0274865 0.0299336 0.139364 0.000600728 9.9991E-05 0.081317 0.644369 0.00588244
0.0968213 9.9982E-05 0.142545 0.0692758 0.0182525 0.0779249 9.9982E-05 0.0866178 0.506612 0.00175065
9.9946E-05 0.0462081 0.338417 9.9946E-05 9.9946E-05 9.9946E-05 9.9946E-05 0.0960303 0.518745 9.9946E-05
0.111366 0.00835228 0.093981 0.107793 0.0951789 9.9982E-05 0.0593992 0.146974 0.376756 9.9982E-05
9.9955E-05 9.9955E-05 9.9955E-05 9.9955E-05 0.0657758 9.9955E-05 0.0264063 0.0617609 0.838386 0.00717096
0.999101 9.99201E-05 9.99201E-05 9.99201E-05 9.99201E-05 9.99201E-05 9.99201E-05 9.99201E-05 9.99201E-05 9.99201E-05
0.0691943 0.0178505 0.198848 0.0777608 0.0136908 0.018172 0.033352 0.127938 0.379202 0.0639915
9.9946E-05 0.000223422 0.279451 9.9946E-05 9.9946E-05 9.9946E-05 9.9946E-05 0.188523 0.531203 9.9946E-05
9.9964E-05 9.9964E-05 0.169699 0.0153494 9.9964E-05 9.9964E-05 0.0587014 0.144392 0.573544 0.0379138
9.9955E-05 9.9955E-05 9.9955E-05 0.0342942 9.9955E-05 0.11533 0.0575946 0.0055435 0.786738 9.9955E-05
9.9973E-05 9.9973E-05 0.24035 0.00164909 0.15112 0.0257232 9.9973E-05 0.0749294 0.502508 0.00342051
9.9964E-05 0.0666084 0.273818 9.9964E-05 0.0884128 9.9964E-05 9.9964E-05 0.0187494 0.538331 0.0136814
0.995825 9.9937E-05 0.00134422 9.9937E-05 9.9937E-05 0.0021317 9.9937E-05 9.9937E-05 9.9937E-05 9.9937E-05
0.999101 9.99201E-05 9.99201E-05 9.99201E-05 9.99201E-05 9.99201E-05 9.99201E-05 9.99201E-05 9.99201E-05 9.99201E-05
0.946586 0.02041 9.9946E-05 9.9946E-05 9.9946E-05 0.0171836 9.9946E-05 9.9946E-05 0.0152211 9.9946E-05
9.9946E-05 9.9946E-05 0.574566 0.0320844 9.9946E-05 9.9946E-05 9.9946E-05 0.0989124 0.293837 9.9946E-05
0.0767028 0.0292074 0.430351 0.0629091 9.9964E-05 9.9964E-05 9.9964E-05 0.17663 0.2238 9.9964E-05
0.101685 0.0478569 0.341164 0.0426008 0.0132163 9.9982E-05 9.9982E-05 0.0637001 0.378926 0.0106505
0.0623708 0.0252922 0.0107534 0.0290609 9.9982E-05 0.0297612 9.9982E-05 0.138101 0.656892 0.0475679
0.000835958 0.0453451 9.9991E-05 0.0510238 0.0040084 0.048711 0.00731093 0.110944 0.708906 0.0228151
0.0740943 9.99369E-05 0.341401 9.99369E-05 9.99369E-05 9.99369E-05 9.99369E-05 0.583805 9.99369E-05 9.99369E-05
0.0741009 0.00411917 0.26147 9.9973E-05 9.9973E-05 0.071864 9.9973E-05 0.0702342 0.469599 0.0483123
9.9946E-05 9.9946E-05 0.132812 0.054157 0.784749 9.9946E-05 9.9946E-05 9.9946E-05 0.0276819 9.9946E-05
0.00438602 9.9964E-05 0.0405275 9.9964E-05 0.848488 9.9964E-05 0.0288023 0.0541305 0.0232659 9.9964E-05
0.0963995 0.000277809 0.00556948 0.000198751 0.897055 9.9955E-05 9.9955E-05 9.9955E-05 9.9955E-05 9.9955E-05
9.9937E-05 9.9937E-05 0.245046 0.0114068 0.742848 9.9937E-05 9.9937E-05 9.9937E-05 9.9937E-05 9.9937E-05
0.066304 0.0117276 0.0861502 9.9964E-05 0.7513 9.9964E-05 0.0609748 9.9964E-05 0.0231438 9.9964E-05
9.9955E-05 0.0414086 9.9955E-05 0.0321514 0.833025 9.9955E-05 0.086851 0.00606388 9.9955E-05 9.9955E-05
9.9946E-05 9.9946E-05 9.9946E-05 9.9946E-05 0.953725 0.0032422 0.0386834 9.9946E-05 9.9946E-05 0.00374926
0.0236039 9.9955E-05 0.0437121 9.9955E-05 0.865795 9.9955E-05 9.9955E-05 9.9955E-05 0.0254434 0.0409453
0.0232675 0.017783 9.9973E-05 0.0153383 0.84732 0.0701566 0.0201691 9.9973E-05 9.9973E-05 0.00566601
0.034684 0.0359792 0.0429999 0.0254464 0.723754 0.0502641 0.00576628 0.0382401 0.0301089 0.0127573
9.9973E-05 0.0875191 9.9973E-05 0.00828112 0.760629 0.01423 9.9973E-05 0.00216154 0.124106 0.00277277
0.0313552 9.9955E-05 9.9955E-05 9.9955E-05 0.185683 0.0186892 0.729532 0.0342404 9.9955E-05 9.9955E-05
9.9955E-05 9.9955E-05 9.9955E-05 0.00271419 0.232978 0.0673972 0.676214 9.9955E-05 9.9955E-05 0.0201973
0.0164455 0.0572243 0.0580477 0.0339783 0.0227991 0.014403 0.707116 9.9991E-05 0.0870064 0.00287946
9.9973E-05 0.0286557 0.016552 0.00737241 9.9973E-05 0.145245 0.706912 9.9973E-05 0.0391846 0.0557779
9.9964E-05 0.000574717 0.219606 9.9964E-05 9.9964E-05 0.0673557 0.62007 0.0566649 9.9964E-05 0.035329
0.0177252 0.000977501 0.173286 0.0140873 0.136732 0.000839771 0.644387 0.00825499 9.9991E-05 0.0036094
0.0545647 0.0473259 0.0619774 9.9973E-05 0.00157748 0.0875991 0.720559 0.0260961 9.9973E-05 9.9973E-05
9.9937E-05 0.0387287 9.9937E-05 9.9937E-05 9.9937E-05 9.9937E-05 0.787706 9.9937E-05 0.172866 9.9937E-05
0.0902398 0.0318728 0.455641 0.0011364 9.99639E-05 0.0483792 0.372331 9.99639E-05 9.99639E-05 9.99639E-05
9.9946E-05 9.9946E-05 9.9946E-05 9.9946E-05 0.181634 0.181696 0.620852 9.9946E-05 9.9946E-05 0.0152186
0.0011298 0.00839503 9.9982E-05 0.0572984 0.141079 0.055804 0.702726 0.00449158 9.9982E-05 0.0288767
9.9955E-05 0.0091228 9.9955E-05 0.0776519 9.9955E-05 0.122812 0.722114 9.9955E-05 9.9955E-05 0.0677992
0.00946343 0.0737563 0.0830554 0.00711023 0.0841383 0.113029 0.544119 9.9991E-05 0.0714134 0.0138146
0.00627016 9.9964E-05 0.382941 0.0214955 0.0590875 0.0882498 0.441557 9.9964E-05 9.9964E-05 9.9964E-05
0.0234622 0.0526604 0.120079 0.0719936 9.9973E-05 9.9973E-05 0.65511 9.9973E-05 0.0234026 0.0529924
9.9946E-05 9.9946E-05 0.387025 0.0135925 9.9946E-05 9.9946E-05 0.57783 9.9946E-05 9.9946E-05 0.0209532
0.0223779 9.9964E-05 0.0439039 0.049598 0.0778196 0.0411429 0.764758 9.9964E-05 9.9964E-05 9.9964E-05
0.0248624 9.9964E-05 0.130531 0.00133963 9.9964E-05 9.9964E-05 0.70126 9.9964E-05 0.118958 0.0226495
9.9964E-05 0.0556825 9.9964E-05 9.9964E-05 9.9964E-05 0.0136554 0.805105 0.0483215 0.0188409 0.0579945
9.9928E-05 9.9928E-05 0.442602 9.9928E-05 9.9928E-05 9.9928E-05 0.556599 9.9928E-05 9.9928E-05 9.9928E-05
9.9937E-05 9.9937E-05 0.471237 9.9937E-05 9.9937E-05 9.9937E-05 0.483525 0.0445379 9.9937E-05 9.9937E-05
0.0540781 0.0109551 9.9964E-05 0.00222959 9.9964E-05 0.029492 0.747449 9.9964E-05 0.155396 9.9964E-05
0.0489199 9.9955E-05 0.320805 0.00833398 0.00700665 9.9955E-05 0.614435 9.9955E-05 9.9955E-05 9.9955E-05
9.9973E-05 0.00518289 0.236743 0.000541467 0.0100767 9.9973E-05 0.688687 0.0202182 9.9973E-05 0.0382505
0.0507875 0.0364258 0.322362 0.0473747 9.9955E-05 9.9955E-05 0.542551 9.9955E-05 9.9955E-05 9.9955E-05
9.9937E-05 0.0353039 0.437308 9.9937E-05 9.9937E-05 9.9937E-05 0.526689 9.9937E-05 9.9937E-05 9.9937E-05
0.00218687 0.0324167 0.244858 0.000314816 9.9982E-05 0.0351063 0.626021 0.0362204 9.9982E-05 0.0226754
9.9946E-05 9.9946E-05 0.490643 0.0277906 9.9946E-05 0.00313891 0.477828 9.9946E-05 9.9946E-05 9.9946E-05
9.9964E-05 0.0192765 0.414242 0.0115061 9.9964E-05 0.00597097 0.546235 9.9964E-05 9.9964E-05 0.00236994
0.0521165 0.0206336 0.124933 0.0194005 9.9973E-05 0.0364032 0.706489 0.0397247 9.9973E-05 9.9973E-05
0.054315 9.9964E-05 9.9964E-05 0.0384474 0.0589693 0.0905538 0.754206 0.0031091 9.9964E-05 9.9964E-05
9.9964E-05 9.9964E-05 0.103418 9.9964E-05 0.00565223 0.124778 0.615096 9.9964E-05 0.0889227 0.0617332
9.9964E-05 0.0456152 0.130649 0.0110112 0.114228 0.0859367 0.61216 9.9964E-05 9.9964E-05 9.9964E-05
0.0774693 0.039809 0.126647 0.0248732 9.9955E-05 9.9955E-05 0.730702 9.9955E-05 9.9955E-05 9.9955E-05
9.9964E-05 0.012987 0.167679 9.9964E-05 9.9964E-05 9.9964E-05 0.714068 0.0190895 0.0649851 0.0207907
9.9946E-05 9.9946E-05 0.404379 0.0365314 9.9946E-05 0.488596 0.0698942 9.9946E-05 9.9946E-05 9.9946E-05
9.9946E-05 9.9946E-05 0.548374 9.9946E-05 9.9946E-05 0.415527 0.029514 0.00598593 9.9946E-05 9.9946E-05
9.9928E-05 9.9928E-05 0.641424 9.9928E-05 9.9928E-05 0.357776 9.9928E-05 9.9928E-05 9.9928E-05 9.9928E-05
0.0255388 9.99549E-05 0.556912 0.00165417 9.99549E-05 0.369958 0.0454372 9.99549E-05 9.99549E-05 9.99549E-05
0.0203955 0.00592268 0.495989 9.9955E-05 9.9955E-05 0.475614 9.9955E-05 9.9955E-05 9.9955E-05 0.00157941
0.0265792 0.0916134 9.9982E-05 0.0271274 0.0819363 0.613751 0.131112 0.0206216 0.00705889 9.9982E-05
9.9937E-05 9.9937E-05 0.405137 9.9937E-05 0.00810382 0.586059 9.9937E-05 9.9937E-05 9.9937E-05 9.9937E-05
9.9955E-05 0.0975764 0.295161 9.9955E-05 0.0359085 0.525085 9.9955E-05 9.9955E-05 9.9955E-05 0.0457702
