9.99551E-05 9.99551E-05 9.99551E-05 9.99551E-05 0.00471327 0.733054 9.99551E-05 0.261733
0.133582 9.9955E-05 0.00556524 9.9955E-05 9.9955E-05 0.860353 9.9955E-05 9.9955E-05
9.9964E-05 9.9964E-05 0.0431595 9.9964E-05 0.022996 0.39292 9.9964E-05 0.540524
0.918511 9.99461E-05 0.0808894 9.99461E-05 9.99461E-05 9.99461E-05 9.99461E-05 9.99461E-05
0.00324144 0.828785 9.9955E-05 9.9955E-05 9.9955E-05 9.9955E-05 9.9955E-05 0.167474
9.99551E-05 9.99551E-05 0.935797 0.0099669 9.99551E-05 0.053736 9.99551E-05 9.99551E-05
0.206722 9.9973E-05 0.0227381 0.642536 0.0856131 9.9973E-05 9.9973E-05 0.0420908
0.177026 9.9964E-05 0.0353016 0.0465931 9.9964E-05 0.740679 9.9964E-05 9.9964E-05
9.99461E-05 9.99461E-05 0.537805 9.99461E-05 0.461596 9.99461E-05 9.99461E-05 9.99461E-05
9.9946E-05 0.278395 9.9946E-05 0.721006 9.9946E-05 9.9946E-05 9.9946E-05 9.9946E-05
9.994E-05 9.994E-05 9.994E-05 0.9993 9.994E-05 9.994E-05 9.994E-05 9.994E-05
0.0415942 9.9955E-05 9.9955E-05 9.9955E-05 9.9955E-05 0.785676 0.17223 9.9955E-05
9.9991E-05 0.551691 0.0305938 0.0833897 0.00302673 0.037164 0.097266 0.196769
0.185451 0.0363362 9.997E-05 0.100799 9.997E-05 9.997E-05 0.00709915 0.670015
9.99551E-05 0.99337 0.00284241 0.00328819 9.99551E-05 9.99551E-05 9.99551E-05 9.99551E-05
9.995E-05 9.995E-05 9.995E-05 9.995E-05 0.889964 9.995E-05 0.0242288 0.0853071
0.31857 9.99551E-05 9.99551E-05 9.99551E-05 9.99551E-05 0.398696 0.282234 9.99551E-05
9.9955E-05 9.9955E-05 0.25601 0.448012 0.295478 9.9955E-05 9.9955E-05 9.9955E-05
9.99461E-05 9.99461E-05 0.967837 9.99461E-05 9.99461E-05 0.0315631 9.99461E-05 9.99461E-05
0.0177282 9.99462E-05 9.99462E-05 9.99462E-05 0.981672 9.99462E-05 9.99462E-05 9.99462E-05
9.99551E-05 0.0743401 9.99551E-05 9.99551E-05 0.756994 9.99551E-05 0.168166 9.99551E-05
9.99461E-05 9.99461E-05 9.99461E-05 9.99461E-05 0.427672 9.99461E-05 0.571729 9.99461E-05
9.996E-05 0.14332 0.075934 0.0732186 0.707127 9.996E-05 9.996E-05 9.996E-05
0.801512 0.0205534 9.9964E-05 0.0376357 0.139899 9.9964E-05 9.9964E-05 9.9964E-05
0.0426661 0.0198738 0.0556532 9.9964E-05 9.9964E-05 9.9964E-05 9.9964E-05 0.881407
9.9955E-05 0.704716 9.9955E-05 9.9955E-05 0.276904 9.9955E-05 9.9955E-05 0.0178805
0.945356 9.99461E-05 9.99461E-05 9.99461E-05 9.99461E-05 9.99461E-05 9.99461E-05 0.0540442
9.9955E-05 0.149228 9.9955E-05 9.9955E-05 9.9955E-05 9.9955E-05 0.745482 0.10479
9.994E-05 9.994E-05 9.994E-05 9.994E-05 9.994E-05 0.9993 9.994E-05 9.994E-05
9.99461E-05 9.99461E-05 9.99461E-05 9.99461E-05 9.99461E-05 0.0424921 0.956908 9.99461E-05
9.99461E-05 9.99461E-05 9.99461E-05 0.422874 9.99461E-05 9.99461E-05 9.99461E-05 0.576526
9.994E-05 9.994E-05 9.994E-05 9.994E-05 9.994E-05 9.994E-05 9.994E-05 0.9993
0.0470017 0.132831 9.9964E-05 0.719382 9.9964E-05 9.9964E-05 9.9964E-05 0.100385
9.99551E-05 0.0571062 0.942076 9.99551E-05 9.99551E-05 9.99551E-05 9.99551E-05 0.000317819
0.777398 9.9955E-05 9.9955E-05 9.9955E-05 9.9955E-05 0.0103572 0.211745 9.9955E-05
9.99461E-05 9.99461E-05 0.172149 9.99461E-05 0.827251 9.99461E-05 9.99461E-05 9.99461E-05
9.9955E-05 9.9955E-05 0.5282 9.9955E-05 0.202025 9.9955E-05 0.269275 9.9955E-05
9.9955E-05 9.9955E-05 0.483242 9.9955E-05 0.0288125 9.9955E-05 0.487446 9.9955E-05
0.0105388 9.99641E-05 0.0852291 0.84893 9.99641E-05 0.0549027 9.99641E-05 9.99641E-05
9.99461E-05 9.99461E-05 0.0924204 9.99461E-05 9.99461E-05 9.99461E-05 0.90698 9.99461E-05
9.9955E-05 9.9955E-05 0.452408 9.9955E-05 9.9955E-05 0.0987856 0.448306 9.9955E-05
9.9946E-05 9.9946E-05 9.9946E-05 9.9946E-05 9.9946E-05 0.605041 0.394359 9.9946E-05
9.99462E-05 0.274455 9.99462E-05 9.99462E-05 0.724946 9.99462E-05 9.99462E-05 9.99462E-05
9.994E-05 9.994E-05 9.994E-05 9.994E-05 9.994E-05 9.994E-05 9.994E-05 0.9993
9.99461E-05 0.961167 9.99461E-05 9.99461E-05 0.0382338 9.99461E-05 9.99461E-05 9.99461E-05
0.234926 9.99641E-05 9.99641E-05 9.99641E-05 0.029312 0.637185 0.0981769 9.99641E-05
9.99461E-05 9.99461E-05 0.182171 9.99461E-05 0.817229 9.99461E-05 9.99461E-05 9.99461E-05
9.99552E-05 9.99552E-05 0.765218 9.99552E-05 0.225261 9.99552E-05 0.00902071 9.99552E-05
0.0632971 0.813692 9.99731E-05 9.99731E-05 0.0683885 0.0334382 0.0208846 9.99731E-05
9.99551E-05 9.99551E-05 9.99551E-05 0.0386797 0.702358 9.99551E-05 0.258462 9.99551E-05
