9.991E-05 9.991E-05 0.940462 0.0216844 9.991E-05 9.991E-05 9.991E-05 9.991E-05 9.991E-05 0.0124325 9.991E-05 0.0244217 9.991E-05 9.991E-05
9.9928E-05 9.9928E-05 0.666888 0.0177037 0.0448058 0.0194879 9.9928E-05 9.9928E-05 9.9928E-05 9.9928E-05 9.9928E-05 0.228052 0.022263 9.9928E-05
0.0188876 9.9937E-05 0.737774 9.9937E-05 0.0627273 0.0477606 9.9937E-05 9.9937E-05 9.9937E-05 9.9937E-05 9.9937E-05 0.122284 0.00604819 0.00381948
9.9955E-05 0.0538324 0.769272 0.00678902 0.0270698 0.0109768 0.0307467 9.9955E-05 9.9955E-05 9.9955E-05 0.062699 0.028186 9.9955E-05 0.009928
9.9964E-05 0.00479879 0.763949 9.9964E-05 0.0932237 0.00785624 9.9964E-05 0.0198717 0.00807931 0.018187 0.0197923 9.9964E-05 0.0314449 0.0323974
0.00868661 9.9937E-05 0.852323 0.019327 0.00681752 9.9937E-05 0.0651929 9.9937E-05 9.9937E-05 0.0180479 9.9937E-05 9.9937E-05 9.9937E-05 0.0289057
9.9928E-05 9.9928E-05 0.885778 0.0118201 0.0271591 9.9928E-05 0.00273192 9.9928E-05 9.9928E-05 9.9928E-05 0.052878 9.9928E-05 0.0188339 9.9928E-05
9.9955E-05 9.9955E-05 0.779991 0.00379644 0.0113736 0.00722839 0.0482868 0.03269 0.0169375 9.9955E-05 0.0793914 9.9955E-05 9.9955E-05 0.0198056
0.0113588 9.9928E-05 0.768277 9.9928E-05 0.104224 0.0207883 9.9928E-05 0.0398387 9.9928E-05 9.9928E-05 0.0547133 9.9928E-05 9.9928E-05 9.9928E-05
0.00944857 9.9946E-05 0.79336 9.9946E-05 0.0546315 9.9946E-05 0.00212101 0.0265909 0.0161864 9.9946E-05 9.9946E-05 0.0938575 9.9946E-05 0.00320444
9.9928E-05 9.9928E-05 0.701561 9.9928E-05 9.9928E-05 0.0174008 0.0982532 9.9928E-05 0.002421 9.9928E-05 9.9928E-05 0.14137 9.9928E-05 0.0381946
9.99189E-05 0.0704722 0.694657 9.99189E-05 9.99189E-05 9.99189E-05 9.99189E-05 9.99189E-05 0.0168001 9.99189E-05 9.99189E-05 0.215932 9.99189E-05 0.00123953
9.99412E-05 0.0365003 0.742622 0.0548553 9.99412E-05 9.99412E-05 0.0297139 9.99412E-05 9.99412E-05 9.99412E-05 0.108402 9.99412E-05 0.0256202 0.00158684
0.0189997 0.0761011 0.675013 0.00530999 0.0790612 9.9955E-05 0.0161322 9.9955E-05 9.9955E-05 0.0182185 9.9955E-05 0.108202 9.9955E-05 0.00246263
9.9955E-05 0.0229114 0.780091 0.000601928 0.0241737 9.9955E-05 0.0235262 0.0610395 9.9955E-05 9.9955E-05 0.00472534 0.0702317 0.0121991 9.9955E-05
9.99101E-05 9.99101E-05 0.822582 9.99101E-05 0.0955234 9.99101E-05 9.99101E-05 9.99101E-05 9.99101E-05 9.99101E-05 0.060416 9.99101E-05 9.99101E-05 0.0204799
9.9928E-05 9.9928E-05 0.935325 0.00317673 9.9928E-05 9.9928E-05 9.9928E-05 0.00198103 0.00788941 9.9928E-05 9.9928E-05 9.9928E-05 0.0268068 0.0240215
0.00364721 9.9919E-05 0.93324 9.9919E-05 9.9919E-05 9.9919E-05 9.9919E-05 0.0157876 9.9919E-05 9.9919E-05 9.9919E-05 9.9919E-05 0.0389546 0.00747112
9.99011E-05 9.99011E-05 0.903531 0.0152881 9.99011E-05 9.99011E-05 9.99011E-05 9.99011E-05 9.99011E-05 9.99011E-05 9.99011E-05 9.99011E-05 0.0800823 9.99011E-05
9.9937E-05 0.0178774 0.886657 9.9937E-05 9.9937E-05 9.9937E-05 9.9937E-05 9.9937E-05 0.0230143 0.0251042 0.0135044 0.0138669 9.9937E-05 0.0192765
0.998702 9.98829E-05 9.98829E-05 9.98829E-05 9.98829E-05 9.98829E-05 9.98829E-05 9.98829E-05 9.98829E-05 9.98829E-05 9.98829E-05 9.98829E-05 9.98829E-05 9.98829E-05
9.991E-05 0.760594 9.991E-05 0.0259918 9.991E-05 9.991E-05 9.991E-05 9.991E-05 9.991E-05 0.0188383 9.991E-05 0.193576 9.991E-05 9.991E-05
9.9946E-05 0.82465 0.0168556 9.9946E-05 0.00762437 9.9946E-05 9.9946E-05 0.00953565 0.0273512 0.0409764 9.9946E-05 0.0027021 0.0697052 9.9946E-05
0.0125882 0.874294 9.9919E-05 9.9919E-05 9.9919E-05 9.9919E-05 9.9919E-05 9.9919E-05 0.0417787 0.0317193 9.9919E-05 9.9919E-05 9.9919E-05 0.0387202
0.0158454 0.982871 9.99011E-05 9.99011E-05 9.99011E-05 9.99011E-05 9.99011E-05 9.99011E-05 9.99011E-05 9.99011E-05 9.99011E-05 9.99011E-05 9.99011E-05 0.000184792
9.991E-05 0.965423 0.000208581 9.991E-05 9.991E-05 0.0159048 9.991E-05 9.991E-05 9.991E-05 9.991E-05 9.991E-05 9.991E-05 9.991E-05 0.0174643
0.0107348 0.820468 9.9937E-05 9.9937E-05 0.00691762 0.0105458 9.9937E-05 9.9937E-05 9.9937E-05 0.0446729 0.00467364 9.9937E-05 0.101288 9.9937E-05
0.990515 9.98919E-05 9.98919E-05 9.98919E-05 9.98919E-05 9.98919E-05 0.00828634 9.98919E-05 9.98919E-05 9.98919E-05 9.98919E-05 9.98919E-05 9.98919E-05 9.98919E-05
0.0107824 0.739746 9.9946E-05 9.9946E-05 0.0657476 9.9946E-05 9.9946E-05 9.9946E-05 0.0060161 9.9946E-05 0.132482 0.0110654 0.031387 0.00217394
9.99369E-05 0.726656 0.0122881 0.0251058 9.99369E-05 9.99369E-05 0.0742273 0.0549462 9.99369E-05 0.012911 9.99369E-05 9.99369E-05 0.093166 9.99369E-05
0.0361956 0.716467 9.9928E-05 9.9928E-05 9.9928E-05 0.0289072 0.0935293 9.9928E-05 9.9928E-05 9.9928E-05 0.0682746 0.0558269 9.9928E-05 9.9928E-05
0.0308897 0.754569 9.9946E-05 0.00563355 0.0298413 9.9946E-05 9.9946E-05 9.9946E-05 9.9946E-05 0.0263476 0.0520965 9.9946E-05 0.0696486 0.0303741
0.0469265 0.68032 0.0231708 0.0344366 9.9946E-05 9.9946E-05 0.122126 0.04531 9.9946E-05 0.0152913 0.0318191 9.9946E-05 9.9946E-05 9.9946E-05
0.0254012 0.686787 9.9946E-05 0.0550015 9.9946E-05 0.0578399 0.0786478 9.9946E-05 0.00270698 9.9946E-05 0.0419629 0.051053 9.9946E-05 9.9946E-05
9.9946E-05 0.633822 0.00765035 0.0304508 0.0355686 0.025668 9.9946E-05 9.9946E-05 0.0300043 9.9946E-05 0.108304 0.127932 9.9946E-05 9.9946E-05
9.99189E-05 0.493326 0.0274714 9.99189E-05 0.0652632 0.0534726 9.99189E-05 9.99189E-05 9.99189E-05 9.99189E-05 9.99189E-05 0.359568 9.99189E-05 9.99189E-05
0.00841764 0.688478 9.9946E-05 9.9946E-05 0.0384631 0.0467454 9.9946E-05 0.0862909 9.9946E-05 0.0113396 9.9946E-05 9.9946E-05 0.116881 0.00278462
0.0113147 0.0167153 9.9928E-05 9.9928E-05 9.9928E-05 9.9928E-05 0.0655429 9.9928E-05 9.9928E-05 0.640268 0.0464686 9.9928E-05 0.218891 9.9928E-05
9.995E-05 9.995E-05 9.995E-05 0.0249193 0.0544393 9.995E-05 9.995E-05 0.0166358 0.0180607 0.625517 0.146613 0.0633824 0.0485006 0.00143168
9.9946E-05 0.045678 0.00792715 0.0160471 0.104973 0.0244079 9.9946E-05 0.168121 9.9946E-05 0.608878 9.9946E-05 9.9946E-05 9.9946E-05 0.0233683
9.9955E-05 0.0510875 0.00396226 9.9955E-05 0.0704607 0.0191759 0.00126238 0.157045 9.9955E-05 0.657688 9.9955E-05 9.9955E-05 0.0286914 0.0101268
0.0339753 9.9964E-05 0.0234202 0.0346403 0.0527389 0.0514758 9.9964E-05 0.0089863 0.0158783 0.671709 9.9964E-05 9.9964E-05 0.0858135 0.0209626
9.99545E-05 9.99545E-05 9.99545E-05 0.00338766 0.0946417 0.0135876 9.99545E-05 0.112244 0.0214886 0.724538 0.0253375 9.99545E-05 9.99545E-05 0.00417521
0.022489 9.9982E-05 0.0377543 0.0367375 0.0197461 0.0382013 0.153587 9.9982E-05 0.0053511 0.585256 0.0124878 0.0568968 0.0135635 0.0177294
0.00139333 0.0275041 0.0071024 0.0202752 0.0594015 9.9964E-05 9.9964E-05 0.148846 0.0373589 0.623898 9.9964E-05 9.9964E-05 0.0552933 0.0185269
9.9937E-05 9.9937E-05 0.043965 0.0053658 0.0932795 9.9937E-05 9.9937E-05 9.9937E-05 0.0219875 0.652396 0.0910378 9.9937E-05 0.0912684 9.9937E-05
9.9928E-05 9.9928E-05 9.9928E-05 0.00910253 0.0578515 9.9928E-05 9.9928E-05 0.169035 0.00695857 0.73324 9.9928E-05 9.9928E-05 9.9928E-05 0.0230128
0.00582121 9.9955E-05 9.9955E-05 0.0150836 9.9955E-05 0.00890121 0.111366 0.0305118 0.0152389 0.7406 0.0146924 9.9955E-05 0.0572858 9.9955E-05
0.0372765 9.9937E-05 9.9937E-05 0.0010767 9.9937E-05 0.0113067 9.9937E-05 9.9937E-05 0.0195582 0.824981 9.9937E-05 9.9937E-05 0.0692018 0.0358993
0.0130016 9.99296E-05 9.99296E-05 0.0250766 9.99296E-05 0.0353246 0.122079 9.99296E-05 9.99296E-05 0.6805 9.99296E-05 9.99296E-05 0.123219 9.99296E-05
0.00377103 9.9928E-05 9.9928E-05 9.9928E-05 9.9928E-05 9.9928E-05 9.9928E-05 9.9928E-05 0.00977089 0.814065 0.0599322 0.0667015 9.9928E-05 0.04496
0.00113884 0.0330894 9.9955E-05 0.0204031 0.107305 0.0190219 9.9955E-05 0.0707892 9.9955E-05 0.724124 9.9955E-05 9.9955E-05 0.00919059 0.0144377
9.99369E-05 9.99369E-05 9.99369E-05 0.063672 9.99369E-05 9.99369E-05 0.0434026 0.00808705 0.079705 0.77541 0.0194896 9.99369E-05 0.00953432 9.99369E-05
9.9937E-05 0.0239818 0.0730815 9.9937E-05 9.9937E-05 0.00160959 9.9937E-05 0.0804042 9.9937E-05 0.726587 9.9937E-05 9.9937E-05 0.0544363 0.0391997
0.00767303 9.9964E-05 0.0179356 0.0124908 0.104368 0.0111281 9.9964E-05 0.0764097 0.0422076 0.652093 9.9964E-05 9.9964E-05 0.0539241 0.0213701
9.9964E-05 9.9964E-05 0.00840633 0.00412681 9.9964E-05 0.00462704 0.0867442 0.0172127 9.9964E-05 0.602574 0.103065 0.120609 0.0325939 0.0196408
0.0239957 0.00278814 0.0564688 0.0276852 0.0405581 9.9964E-05 0.0167348 0.0690199 0.0419257 0.673172 0.0472516 9.9964E-05 9.9964E-05 9.9964E-05
9.9964E-05 0.0227188 9.9964E-05 0.011968 9.9964E-05 0.00945433 9.9964E-05 0.025461 0.0156596 0.108999 0.103545 0.534059 0.152635 0.0151008
9.98828E-05 9.98828E-05 9.98828E-05 9.98828E-05 9.98828E-05 0.998702 9.98828E-05 9.98828E-05 9.98828E-05 9.98828E-05 9.98828E-05 9.98828E-05 9.98828E-05 9.98828E-05
0.0185817 0.00141801 9.9955E-05 0.0163077 9.9955E-05 9.9955E-05 0.00704561 0.197822 0.0881949 0.0148099 9.9955E-05 0.579589 0.0757321 9.9955E-05
0.00177042 9.9946E-05 9.9946E-05 0.012332 9.9946E-05 9.9946E-05 9.9946E-05 0.162931 0.0905473 0.0490704 0.0951113 0.434705 0.152933 9.9946E-05
9.9946E-05 9.9946E-05 9.9946E-05 0.0108306 9.9946E-05 0.0373463 9.9946E-05 0.292115 0.0386934 9.9946E-05 0.146851 0.281952 0.168297 0.0233154
0.00620972 0.0357257 9.9973E-05 9.9973E-05 9.9973E-05 0.00407865 0.0408931 0.658297 0.0276247 0.0126402 0.00860578 0.0906295 0.0974389 0.0175565
9.98829E-05 9.98829E-05 9.98829E-05 0.998702 9.98829E-05 9.98829E-05 9.98829E-05 9.98829E-05 9.98829E-05 9.98829E-05 9.98829E-05 9.98829E-05 9.98829E-05 9.98829E-05
9.98828E-05 9.98828E-05 9.98828E-05 9.98828E-05 9.98828E-05 0.998702 9.98828E-05 9.98828E-05 9.98828E-05 9.98828E-05 9.98828E-05 9.98828E-05 9.98828E-05 9.98828E-05
9.995E-05 9.995E-05 0.0815228 0.0392757 9.995E-05 0.0486442 0.0445309 0.116467 0.0213479 9.995E-05 0.0610283 0.566789 9.995E-05 0.0198944
0.0197851 0.0817381 0.035924 0.0241143 9.9955E-05 0.0184587 0.0879019 0.462783 9.9955E-05 9.9955E-05 9.9955E-05 9.9955E-05 0.236314 0.0324818
9.994E-05 9.994E-05 9.994E-05 0.0378655 9.994E-05 0.064151 0.0786979 0.380274 0.0487657 9.994E-05 0.164383 9.994E-05 0.208256 0.0170063
0.0318656 0.03306 9.9964E-05 0.0307496 9.9964E-05 0.0129988 9.9964E-05 0.489177 0.0637427 9.9964E-05 0.0377462 0.0970871 0.183613 0.0195601
0.0144529 0.0561877 0.0340094 0.0345094 0.00207229 0.0890618 9.9973E-05 0.442357 0.053409 9.9973E-05 9.9973E-05 0.0953602 0.15597 0.0223106
9.9937E-05 0.00110015 0.0237004 0.00298808 9.9937E-05 0.0383145 9.9937E-05 0.806347 0.0166185 9.9937E-05 9.9937E-05 9.9937E-05 0.110231 9.9937E-05
0.00790373 9.9937E-05 9.9937E-05 0.0284313 0.0233414 9.9937E-05 9.9937E-05 0.835356 0.0154448 9.9937E-05 0.0707994 9.9937E-05 9.9937E-05 0.0180236
9.9955E-05 0.0720342 9.9955E-05 0.0237135 9.9955E-05 0.107513 9.9955E-05 0.360493 0.0509661 9.9955E-05 0.0601318 0.21131 0.101762 0.011577
9.99344E-05 9.99344E-05 9.99344E-05 9.99344E-05 9.99344E-05 0.0461654 9.99344E-05 0.0199498 0.0404078 9.99344E-05 0.357172 0.509626 9.99344E-05 0.0258794
0.0310644 9.9946E-05 9.9946E-05 0.0109899 9.9946E-05 0.00411576 9.9946E-05 0.294365 9.9946E-05 0.193301 0.241987 9.9946E-05 0.175248 0.0483292
9.9955E-05 9.9955E-05 0.0373221 0.0164821 9.9955E-05 0.0294769 9.9955E-05 0.262319 0.0196684 0.167338 9.9955E-05 0.166376 0.285099 0.0154184
9.9946E-05 9.9946E-05 0.0679821 9.9946E-05 9.9946E-05 0.0375026 9.9946E-05 0.242122 0.0099266 0.375101 9.9946E-05 0.129767 0.11629 0.0207089
9.98829E-05 9.98829E-05 9.98829E-05 0.998702 9.98829E-05 9.98829E-05 9.98829E-05 9.98829E-05 9.98829E-05 9.98829E-05 9.98829E-05 9.98829E-05 9.98829E-05 9.98829E-05
0.0281972 9.9973E-05 0.034388 0.0258701 0.0760627 0.0525453 9.9973E-05 0.278068 0.0895328 0.129192 0.130691 0.095775 9.9973E-05 0.0593779
9.9955E-05 9.9955E-05 9.9955E-05 0.0580936 9.9955E-05 0.0507728 0.0302174 0.275338 0.0629358 0.0365231 9.9955E-05 0.232183 0.204504 0.0489327
9.98827E-05 9.98827E-05 9.98827E-05 9.98827E-05 9.98827E-05 9.98827E-05 9.98827E-05 9.98827E-05 9.98827E-05 9.98827E-05 9.98827E-05 9.98827E-05 0.998702 9.98827E-05
0.00557709 0.0116383 9.9955E-05 0.0085887 9.9955E-05 0.0439929 9.9955E-05 0.415745 0.0310363 9.9955E-05 9.9955E-05 0.329582 0.149795 0.003545
9.994E-05 9.994E-05 0.0811147 0.0477712 9.994E-05 0.0215768 9.994E-05 0.444161 0.0514525 9.994E-05 9.994E-05 0.140133 0.202656 0.0105353
0.00965236 0.0456817 9.9964E-05 9.9964E-05 0.203025 0.0060116 9.9964E-05 0.200598 0.0822157 0.225224 9.9964E-05 0.171054 0.0295407 0.0265966
9.9946E-05 9.9946E-05 9.9946E-05 0.0243142 0.192923 0.040072 0.411702 9.9946E-05 9.9946E-05 0.122803 9.9946E-05 0.175802 0.0209744 0.0108101
9.9946E-05 0.0320742 9.9946E-05 9.9946E-05 0.110454 0.0745531 9.9946E-05 9.9946E-05 9.9946E-05 0.0683513 0.105933 0.37152 0.229294 0.00722104
9.98828E-05 9.98828E-05 9.98828E-05 9.98828E-05 9.98828E-05 9.98828E-05 9.98828E-05 9.98828E-05 9.98828E-05 9.98828E-05 9.98828E-05 9.98828E-05 0.998702 9.98828E-05
9.98828E-05 9.98828E-05 9.98828E-05 9.98828E-05 9.98828E-05 9.98828E-05 9.98828E-05 9.98828E-05 9.98828E-05 9.98828E-05 9.98828E-05 9.98828E-05 0.998702 9.98828E-05
9.9955E-05 9.9955E-05 9.9955E-05 0.000199713 0.0654869 0.0557608 9.9955E-05 0.279738 0.0676761 0.0110186 0.100315 0.201673 0.217632 9.9955E-05
0.00560133 9.9928E-05 9.9928E-05 0.00731626 9.9928E-05 9.9928E-05 9.9928E-05 9.9928E-05 0.626924 9.9928E-05 9.9928E-05 0.351939 0.00651727 0.000902788
9.9946E-05 9.9946E-05 9.9946E-05 0.119615 9.9946E-05 9.9946E-05 9.9946E-05 0.129178 0.0446763 0.070578 0.145654 0.420866 0.0505921 0.01824
9.991E-05 9.991E-05 9.991E-05 0.0208816 0.0175686 9.991E-05 9.991E-05 0.945973 9.991E-05 0.0145778 9.991E-05 9.991E-05 9.991E-05 9.991E-05
0.0477919 9.9937E-05 9.9937E-05 9.9937E-05 0.0624266 0.00817831 9.9937E-05 0.0113783 0.0561934 9.9937E-05 9.9937E-05 0.798691 0.0146412 9.9937E-05
0.00746417 0.0561591 0.0123492 0.0227159 9.9946E-05 9.9946E-05 9.9946E-05 9.9946E-05 0.0567371 9.9946E-05 9.9946E-05 0.825773 0.00257091 0.0156305
9.9919E-05 9.9919E-05 9.9919E-05 0.0436708 0.0252118 9.9919E-05 9.9919E-05 9.9919E-05 9.9919E-05 9.9919E-05 9.9919E-05 0.856751 0.0622702 0.0111968
9.9946E-05 9.9946E-05 0.0501835 0.0646452 9.9946E-05 0.0704016 9.9946E-05 0.042028 0.0327568 9.9946E-05 0.115532 0.546901 0.0769516 9.9946E-05
9.9964E-05 9.9964E-05 9.9964E-05 0.0209726 9.9964E-05 0.0202471 0.0557853 0.0079917 0.0557599 0.0309069 0.278023 0.46207 0.000441107 0.0674029
9.9964E-05 9.9964E-05 0.0368777 0.0200249 9.9964E-05 0.0295203 9.9964E-05 0.172218 0.017594 0.0249791 0.0843593 0.371573 0.186785 0.0556687
9.9955E-05 0.00781136 9.9955E-05 0.0106472 9.9955E-05 0.0385389 9.9955E-05 0.191741 0.0141811 9.9955E-05 0.162276 0.173603 0.353066 0.0476365
9.9964E-05 9.9964E-05 0.00470647 9.9964E-05 9.9964E-05 0.0677698 0.0176456 0.381396 0.059303 0.0431777 0.0344514 0.275334 0.0587852 0.0570311
0.0147365 0.0302278 0.0135956 0.00571176 0.00135642 9.9955E-05 9.9955E-05 0.325627 0.0614196 9.9955E-05 9.9955E-05 0.418207 0.128619 9.9955E-05
0.0179356 9.9973E-05 9.9973E-05 0.034568 0.0821513 0.0569396 0.0205384 0.411062 0.0971806 9.9973E-05 0.0279105 0.174224 0.0500536 0.0271362
0.00573294 9.99009E-05 9.99009E-05 9.99009E-05 0.00443431 9.99009E-05 9.99009E-05 0.988734 9.99009E-05 9.99009E-05 9.99009E-05 9.99009E-05 9.99009E-05 9.99009E-05
9.98826E-05 9.98826E-05 9.98826E-05 9.98826E-05 9.98826E-05 9.98826E-05 9.98826E-05 9.98826E-05 0.998702 9.98826E-05 9.98826E-05 9.98826E-05 9.98826E-05 9.98826E-05
9.9982E-05 0.00186931 0.0523235 0.0489159 9.9982E-05 0.0564638 0.0379475 0.080608 0.0789231 0.00383204 0.110868 0.36925 0.111785 0.0470139
0.00150382 9.9928E-05 9.9928E-05 0.0413057 9.9928E-05 9.9928E-05 9.9928E-05 0.2387 0.0472425 9.9928E-05 9.9928E-05 0.546243 0.124206 9.9928E-05
0.0178702 9.9964E-05 0.0482126 0.0216616 0.0408301 0.00111584 0.00433791 0.355186 0.0748754 9.9964E-05 9.9964E-05 0.358337 0.0771732 9.9964E-05
9.99459E-05 9.99459E-05 0.0137579 9.99459E-05 0.0421816 0.00611695 9.99459E-05 0.86063 0.00810388 0.0625887 9.99459E-05 9.99459E-05 0.00152526 0.00449574
9.994E-05 9.994E-05 9.994E-05 0.0107639 9.994E-05 0.0229585 9.994E-05 0.240813 9.994E-05 0.0217388 0.127834 0.456922 0.0937306 0.0246391
0.00900799 0.0611246 0.00457037 9.9973E-05 9.9973E-05 0.00774887 9.9973E-05 0.167872 0.0116082 0.00992967 0.0936865 0.437917 0.177735 0.0184996
9.98829E-05 9.98829E-05 9.98829E-05 9.98829E-05 9.98829E-05 9.98829E-05 9.98829E-05 9.98829E-05 9.98829E-05 9.98829E-05 9.98829E-05 9.98829E-05 9.98829E-05 0.998702
9.98826E-05 9.98826E-05 9.98826E-05 9.98826E-05 9.98826E-05 9.98826E-05 9.98826E-05 9.98826E-05 0.998702 9.98826E-05 9.98826E-05 9.98826E-05 9.98826E-05 9.98826E-05
9.98829E-05 9.98829E-05 9.98829E-05 9.98829E-05 9.98829E-05 9.98829E-05 9.98829E-05 9.98829E-05 9.98829E-05 9.98829E-05 9.98829E-05 9.98829E-05 9.98829E-05 0.998702
9.9928E-05 9.9928E-05 9.9928E-05 0.0281484 9.9928E-05 0.0265586 9.9928E-05 0.0967049 0.0624446 9.9928E-05 9.9928E-05 0.701262 0.0840826 9.9928E-05
0.0269803 0.00807718 9.9955E-05 0.0226088 0.00388493 0.0361313 9.9955E-05 0.10789 0.0703446 9.9955E-05 9.9955E-05 0.686404 9.9955E-05 0.0371789
0.00580403 0.036303 0.0169101 9.9964E-05 9.9964E-05 0.0491049 9.9964E-05 0.126698 0.0671397 9.9964E-05 0.0339657 0.555833 0.0670488 0.0407935
0.0389283 9.9964E-05 0.031909 0.00968982 9.9964E-05 0.0292096 9.9964E-05 0.412663 0.0703301 0.0075505 9.9964E-05 0.232852 0.0987226 0.0677456
0.0151917 9.9919E-05 9.9919E-05 9.9919E-05 9.9919E-05 0.0115913 0.00743557 0.963285 0.00159691 9.9919E-05 9.9919E-05 9.9919E-05 9.9919E-05 9.9919E-05
0.00657904 9.99189E-05 9.99189E-05 9.99189E-05 9.99189E-05 9.99189E-05 0.0387916 9.99189E-05 0.552595 9.99189E-05 9.99189E-05 0.369808 0.0313267 9.99189E-05
9.9955E-05 9.9955E-05 0.0357958 0.000661975 9.9955E-05 0.00901938 9.9955E-05 0.199755 0.0919631 0.0991333 9.9955E-05 0.465108 0.0679141 0.0301491
9.991E-05 9.991E-05 9.991E-05 9.991E-05 9.991E-05 0.0636229 9.991E-05 9.991E-05 9.991E-05 9.991E-05 0.69921 0.219939 0.0162293 9.991E-05
9.991E-05 9.991E-05 9.991E-05 0.033369 9.991E-05 9.991E-05 9.991E-05 9.991E-05 9.991E-05 9.991E-05 0.863755 9.991E-05 0.0999826 0.00189381
0.018887 9.9928E-05 9.9928E-05 0.00821597 9.9928E-05 9.9928E-05 9.9928E-05 9.9928E-05 0.0250799 9.9928E-05 0.835815 9.9928E-05 0.0938745 0.0173279
0.00115221 9.9919E-05 9.9919E-05 0.000584072 9.9919E-05 0.00364314 9.9919E-05 9.9919E-05 9.9919E-05 9.9919E-05 0.788243 0.205478 9.9919E-05 9.9919E-05
0.000909506 0.0114252 9.9946E-05 9.9946E-05 0.0225506 9.9946E-05 9.9946E-05 0.0123239 0.0119695 9.9946E-05 0.696167 0.223924 9.9946E-05 0.0201307
9.9919E-05 0.0647113 9.9919E-05 0.0114606 0.0395057 0.0173902 9.9919E-05 9.9919E-05 9.9919E-05 9.9919E-05 0.866033 9.9919E-05 9.9919E-05 9.9919E-05
9.9901E-05 9.9901E-05 0.0082415 9.9901E-05 9.9901E-05 9.9901E-05 9.9901E-05 9.9901E-05 9.9901E-05 0.00627228 0.984387 9.9901E-05 9.9901E-05 9.9901E-05
0.000478485 9.9928E-05 0.0485452 9.9928E-05 9.9928E-05 9.9928E-05 9.9928E-05 9.9928E-05 0.00889622 9.9928E-05 0.853732 0.0330348 0.0545137 9.9928E-05
0.00802211 9.9937E-05 9.9937E-05 9.9937E-05 9.9937E-05 0.0076756 0.0245759 9.9937E-05 0.000581226 0.0651071 0.886008 9.9937E-05 9.9937E-05 0.00733099
0.05824 9.9964E-05 0.0234136 0.0407188 9.9964E-05 0.0127018 9.9964E-05 9.9964E-05 0.022815 0.0639987 0.652566 0.0701638 0.0450455 0.00993726
0.00070765 0.065077 9.9937E-05 9.9937E-05 9.9937E-05 0.0128887 0.0333003 0.180013 9.9937E-05 9.9937E-05 0.698927 9.9937E-05 9.9937E-05 0.00838669
9.9946E-05 0.0424692 9.9946E-05 0.00182439 0.755032 9.9946E-05 0.0404598 0.0473054 0.0238207 9.9946E-05 0.0769217 9.9946E-05 9.9946E-05 0.0115671
0.0163522 9.9946E-05 9.9946E-05 0.0146588 0.653765 9.9946E-05 0.0868604 0.00390288 0.0262753 0.0232713 0.174315 9.9946E-05 9.9946E-05 9.9946E-05
0.0237569 0.0103388 9.9955E-05 9.9955E-05 0.797596 0.0319214 9.9955E-05 0.0120425 0.0175963 9.9955E-05 9.9955E-05 0.0495095 0.049301 0.00743806
0.0103515 0.00947131 0.0306644 9.9946E-05 0.533524 9.9946E-05 0.245916 9.9946E-05 9.9946E-05 0.0577746 9.9946E-05 9.9946E-05 0.0955034 0.0161952
0.039898 9.9928E-05 0.00477622 0.032452 0.755524 9.9928E-05 9.9928E-05 9.9928E-05 9.9928E-05 0.0139137 9.9928E-05 0.152637 9.9928E-05 9.9928E-05
0.0264042 9.9964E-05 0.00675438 0.00274243 0.497741 0.0100377 0.297339 0.0594287 9.9964E-05 9.9964E-05 0.0467821 0.0326646 9.9964E-05 0.0197057
9.9946E-05 0.035652 9.9946E-05 0.00230332 0.584551 0.0140834 0.206114 9.9946E-05 0.052457 0.065424 0.038815 9.9946E-05 9.9946E-05 9.9946E-05
0.0132019 9.9946E-05 9.9946E-05 0.00606973 0.690763 9.9946E-05 0.127611 0.0853581 0.00399204 9.9946E-05 0.0218953 9.9946E-05 0.0505092 9.9946E-05
9.99459E-05 0.0242803 0.0300994 9.99459E-05 0.579998 0.00928879 9.99459E-05 9.99459E-05 9.99459E-05 0.0474224 9.99459E-05 0.166285 0.0717633 0.0702634
0.00622168 9.9919E-05 9.9919E-05 9.9919E-05 0.754421 9.9919E-05 9.9919E-05 9.9919E-05 9.9919E-05 0.132333 0.0860733 9.9919E-05 0.0200519 9.9919E-05
0.0107096 9.9955E-05 9.9955E-05 0.0464753 0.78473 0.043872 0.0231856 9.9955E-05 9.9955E-05 0.00657205 0.0638148 9.9955E-05 0.00826249 0.0118784
0.00218296 0.0048909 0.0392193 9.9937E-05 0.395504 0.0419134 0.400319 9.9937E-05 9.9937E-05 0.115271 9.9937E-05 9.9937E-05 9.9937E-05 9.9937E-05
0.0191873 9.9982E-05 0.0124903 9.9982E-05 0.595306 0.016874 0.0723404 0.0809184 0.00897455 0.075955 0.000762409 0.0598422 0.0266021 0.0305471
9.9955E-05 9.9955E-05 0.000655141 9.9955E-05 0.395122 0.029167 0.208835 0.0161968 9.9955E-05 0.105122 0.0357563 0.2035 9.9955E-05 0.00514609
9.9946E-05 0.0903967 0.0321353 9.9946E-05 0.109877 0.0488866 0.652096 0.000422839 9.9946E-05 9.9946E-05 9.9946E-05 0.0538891 9.9946E-05 0.0116966
0.0123129 9.9919E-05 0.0443763 9.9919E-05 9.9919E-05 0.00507835 0.849275 9.9919E-05 9.9919E-05 9.9919E-05 9.9919E-05 0.0880585 9.9919E-05 9.9919E-05
9.9892E-05 9.9892E-05 9.9892E-05 9.9892E-05 9.9892E-05 0.032595 0.966206 9.9892E-05 9.9892E-05 9.9892E-05 9.9892E-05 9.9892E-05 9.9892E-05 9.9892E-05
0.00149859 9.9928E-05 9.9928E-05 9.9928E-05 0.0739447 9.9928E-05 0.796169 0.0884903 9.9928E-05 9.9928E-05 9.9928E-05 9.9928E-05 0.0273604 0.0117375
9.98831E-05 9.98831E-05 9.98831E-05 9.98831E-05 9.98831E-05 9.98831E-05 0.998702 9.98831E-05 9.98831E-05 9.98831E-05 9.98831E-05 9.98831E-05 9.98831E-05 9.98831E-05
0.0150573 9.991E-05 9.991E-05 0.00338906 9.991E-05 9.991E-05 0.861958 9.991E-05 9.991E-05 9.991E-05 9.991E-05 0.118596 9.991E-05 9.991E-05
0.00399651 0.000846152 0.000803922 0.0201002 9.99369E-05 9.99369E-05 0.782089 9.99369E-05 0.0211168 9.99369E-05 9.99369E-05 0.170348 9.99369E-05 9.99369E-05
9.9901E-05 9.9901E-05 9.9901E-05 9.9901E-05 9.9901E-05 9.9901E-05 0.901804 9.9901E-05 9.9901E-05 9.9901E-05 9.9901E-05 9.9901E-05 0.0771275 0.01997
9.991E-05 9.991E-05 9.991E-05 9.991E-05 0.539688 9.991E-05 0.223005 9.991E-05 0.00273446 9.991E-05 9.991E-05 0.233573 9.991E-05 9.991E-05
9.9928E-05 0.0300956 0.0148566 9.9928E-05 0.548658 9.9928E-05 0.230561 9.9928E-05 0.0069629 9.9928E-05 9.9928E-05 0.168066 9.9928E-05 9.9928E-05
9.9928E-05 0.0493558 9.9928E-05 9.9928E-05 0.648747 0.040428 0.0261341 9.9928E-05 0.0541072 9.9928E-05 9.9928E-05 0.180428 9.9928E-05 9.9928E-05
9.991E-05 0.088535 9.991E-05 9.991E-05 0.542604 9.991E-05 0.103714 9.991E-05 9.991E-05 9.991E-05 9.991E-05 0.264148 9.991E-05 9.991E-05
0.0252338 9.9946E-05 9.9946E-05 0.0291557 0.718555 9.9946E-05 0.0314412 9.9946E-05 9.9946E-05 0.00710577 9.9946E-05 0.108168 0.0526003 0.0271405
9.9928E-05 9.9928E-05 0.0535706 0.0420847 0.704285 0.0492479 9.9928E-05 9.9928E-05 0.0180528 9.9928E-05 9.9928E-05 0.131959 9.9928E-05 9.9928E-05
0.0322311 9.9946E-05 0.0167351 9.9946E-05 0.30886 0.00666061 0.310293 9.9946E-05 9.9946E-05 0.0731955 9.9946E-05 0.249686 0.00173902 9.9946E-05
9.9946E-05 0.0692059 9.9946E-05 9.9946E-05 0.757693 0.0259908 0.0234787 9.9946E-05 0.0571565 0.0357321 9.9946E-05 9.9946E-05 0.0260582 0.00408542
9.9937E-05 9.9937E-05 9.9937E-05 9.9937E-05 0.760406 0.0435897 0.052743 0.0697659 0.0174771 0.0438385 9.9937E-05 9.9937E-05 9.9937E-05 0.0114808
0.00254437 0.0297422 0.0604391 9.9955E-05 0.642563 9.9955E-05 0.0367143 9.9955E-05 0.0259091 0.10101 9.9955E-05 0.0975289 9.9955E-05 0.00304913
9.9937E-05 0.119308 9.9937E-05 9.9937E-05 0.453204 0.00283966 0.239451 9.9937E-05 9.9937E-05 0.0673685 9.9937E-05 0.0588683 0.0582614 9.9937E-05
0.0137187 0.0106907 0.00184514 9.9955E-05 0.455708 0.024302 0.380447 9.9955E-05 0.0266425 9.9955E-05 9.9955E-05 9.9955E-05 0.0809694 0.00517685
0.0286681 9.9937E-05 9.9937E-05 0.0129951 0.873132 9.9937E-05 9.9937E-05 0.0195829 0.00090413 9.9937E-05 9.9937E-05 0.0424112 0.0216067 9.9937E-05
0.0178593 9.9928E-05 9.9928E-05 9.9928E-05 0.152073 0.0320527 9.9928E-05 9.9928E-05 9.9928E-05 0.540229 9.9928E-05 0.245344 9.9928E-05 0.0116424
9.9919E-05 0.0443588 0.0149083 9.9919E-05 9.9919E-05 9.9919E-05 0.171985 9.9919E-05 9.9919E-05 0.472575 9.9919E-05 0.295273 9.9919E-05 9.9919E-05
0.0135552 9.9937E-05 0.0587382 0.00417559 9.9937E-05 9.9937E-05 0.0893169 9.9937E-05 9.9937E-05 0.428921 9.9937E-05 0.396043 9.9937E-05 0.00855076
9.9937E-05 9.9937E-05 0.0151247 9.9937E-05 0.0719447 0.0189544 0.0228265 9.9937E-05 0.0141467 0.520604 9.9937E-05 0.335699 9.9937E-05 9.9937E-05
9.9937E-05 0.044917 0.0469659 9.9937E-05 9.9937E-05 9.9937E-05 0.142145 9.9937E-05 0.00240283 0.471559 0.0126488 0.278661 9.9937E-05 9.9937E-05
0.00898338 0.0662535 9.9973E-05 0.00497289 0.0102516 0.010216 0.14138 0.0741649 0.0106931 0.613483 0.0269642 9.9973E-05 9.9973E-05 0.0323371
9.9928E-05 0.0486571 9.9928E-05 9.9928E-05 9.9928E-05 9.9928E-05 0.0709519 0.00412221 9.9928E-05 0.73072 0.0578342 0.0869148 9.9928E-05 9.9928E-05
9.99216E-05 0.185253 0.0413519 9.99216E-05 9.99216E-05 9.99216E-05 0.0515518 9.99216E-05 9.99216E-05 0.509968 9.99216E-05 0.210976 9.99216E-05 9.99216E-05
