9.9829E-05 9.9829E-05 9.9829E-05 9.9829E-05 9.9829E-05 9.9829E-05 9.9829E-05 9.9829E-05 9.9829E-05 9.9829E-05 9.9829E-05 9.9829E-05 9.9829E-05 9.9829E-05 9.9829E-05 9.9829E-05 9.9829E-05 9.9829E-05 0.998103 9.9829E-05
0.186003 9.9892E-05 9.9892E-05 0.00636852 0.0138481 9.9892E-05 9.9892E-05 0.653738 9.9892E-05 9.9892E-05 9.9892E-05 9.9892E-05 0.0248563 9.9892E-05 9.9892E-05 9.9892E-05 0.0776754 9.9892E-05 0.0341717 0.00214003
0.0736153 9.9892E-05 9.9892E-05 0.0492632 9.9892E-05 0.000518129 9.9892E-05 0.689998 9.9892E-05 9.9892E-05 9.9892E-05 0.0271322 9.9892E-05 0.015708 0.084055 9.9892E-05 9.9892E-05 9.9892E-05 0.0585118 9.9892E-05
9.9901E-05 9.9901E-05 9.9901E-05 0.00688324 9.9901E-05 9.9901E-05 9.9901E-05 0.74834 9.9901E-05 9.9901E-05 9.9901E-05 0.0308979 0.0134804 0.00241071 0.139503 9.9901E-05 9.9901E-05 0.0435177 0.00279867 0.011069
9.9874E-05 9.9874E-05 9.9874E-05 9.9874E-05 9.9874E-05 9.9874E-05 9.9874E-05 0.778702 9.9874E-05 9.9874E-05 0.117616 9.9874E-05 0.00663431 9.9874E-05 0.0775396 9.9874E-05 0.000746952 9.9874E-05 0.0173633 9.9874E-05
9.9892E-05 9.9892E-05 0.0273292 0.0864629 9.9892E-05 0.0158205 9.9892E-05 0.837068 9.9892E-05 9.9892E-05 9.9892E-05 9.9892E-05 9.9892E-05 9.9892E-05 9.9892E-05 0.00902633 0.0104178 0.00730911 0.00536744 9.9892E-05
9.9829E-05 9.9829E-05 9.9829E-05 9.9829E-05 9.9829E-05 9.9829E-05 9.9829E-05 9.9829E-05 9.9829E-05 9.9829E-05 9.9829E-05 9.9829E-05 9.9829E-05 9.9829E-05 9.9829E-05 9.9829E-05 9.9829E-05 9.9829E-05 0.998103 9.9829E-05
9.9928E-05 0.0793283 0.00966106 0.0163629 9.9928E-05 0.00909581 9.9928E-05 0.741303 0.0549243 9.9928E-05 0.0205744 9.9928E-05 9.9928E-05 0.00812108 0.00825879 0.01409 0.0121874 9.9928E-05 0.0252939 9.9928E-05
9.9928E-05 0.00246332 0.0131517 0.0976484 9.9928E-05 9.9928E-05 0.00388521 0.685438 0.0050654 9.9928E-05 0.0461355 0.0107636 0.00621868 9.9928E-05 9.9928E-05 9.9928E-05 0.0661552 9.9928E-05 0.043334 0.0189419
0.0407451 9.9892E-05 9.9892E-05 0.0134472 9.9892E-05 0.00536985 9.9892E-05 0.776132 0.0470555 9.9892E-05 9.9892E-05 0.035567 9.9892E-05 0.00194381 0.0785407 9.9892E-05 9.9892E-05 9.9892E-05 9.9892E-05 9.9892E-05
0.14495 9.9874E-05 9.9874E-05 0.0617604 9.9874E-05 9.9874E-05 9.9874E-05 0.703389 0.0355359 9.9874E-05 9.9874E-05 9.9874E-05 9.9874E-05 9.9874E-05 9.9874E-05 9.9874E-05 0.0451913 9.9874E-05 9.9874E-05 0.00777521
0.0671813 0.0168626 9.9928E-05 0.013381 9.9928E-05 0.0030215 9.9928E-05 0.679568 0.0112095 9.9928E-05 9.9928E-05 0.0657279 9.9928E-05 0.00594807 9.9928E-05 0.0245224 0.0186074 9.9928E-05 0.0505373 0.0426334
0.0199166 0.0292192 0.06167 0.0462721 9.9928E-05 0.00351798 9.9928E-05 0.696602 0.0219286 0.0258945 0.0307514 9.9928E-05 9.9928E-05 9.9928E-05 0.0197355 9.9928E-05 9.9928E-05 9.9928E-05 0.0425335 0.00115905
0.133399 9.9865E-05 9.9865E-05 0.00114899 9.9865E-05 9.9865E-05 9.9865E-05 0.637181 9.9865E-05 9.9865E-05 9.9865E-05 9.9865E-05 9.9865E-05 0.0173967 9.9865E-05 9.9865E-05 9.9865E-05 0.209377 9.9865E-05 9.9865E-05
9.9901E-05 9.9901E-05 0.000305868 0.0123576 9.9901E-05 9.9901E-05 9.9901E-05 0.768336 9.9901E-05 0.0409611 0.0177649 0.0957797 9.9901E-05 9.9901E-05 9.9901E-05 9.9901E-05 9.9901E-05 0.0274376 0.0238367 0.0121216
9.98651E-05 9.98651E-05 9.98651E-05 0.0429677 9.98651E-05 9.98651E-05 0.0931564 0.781056 9.98651E-05 9.98651E-05 9.98651E-05 9.98651E-05 9.98651E-05 9.98651E-05 9.98651E-05 9.98651E-05 9.98651E-05 0.0789864 0.0023356 9.98651E-05
9.98741E-05 9.98741E-05 9.98741E-05 9.98741E-05 0.0394383 0.0132381 9.98741E-05 0.871513 9.98741E-05 9.98741E-05 9.98741E-05 9.98741E-05 0.00687839 9.98741E-05 9.98741E-05 0.0313751 9.98741E-05 9.98741E-05 0.0361586 9.98741E-05
9.98741E-05 0.043162 9.98741E-05 9.98741E-05 0.033349 9.98741E-05 9.98741E-05 0.892664 9.98741E-05 9.98741E-05 9.98741E-05 9.98741E-05 9.98741E-05 9.98741E-05 9.98741E-05 0.00840695 9.98741E-05 9.98741E-05 0.0181106 0.00290922
9.98651E-05 9.98651E-05 0.00856031 9.98651E-05 0.0965827 9.98651E-05 9.98651E-05 0.831791 9.98651E-05 0.0212027 9.98651E-05 9.98651E-05 9.98651E-05 9.98651E-05 9.98651E-05 9.98651E-05 9.98651E-05 9.98651E-05 0.0403653 9.98651E-05
9.9883E-05 9.9883E-05 9.9883E-05 9.9883E-05 0.0751333 0.0121424 0.0140951 0.864982 9.9883E-05 9.9883E-05 9.9883E-05 0.0105702 0.00784131 9.9883E-05 9.9883E-05 0.0139376 9.9883E-05 9.9883E-05 9.9883E-05 9.9883E-05
9.98291E-05 9.98291E-05 9.98291E-05 9.98291E-05 9.98291E-05 9.98291E-05 9.98291E-05 9.98291E-05 9.98291E-05 9.98291E-05 9.98291E-05 9.98291E-05 9.98291E-05 0.998103 9.98291E-05 9.98291E-05 9.98291E-05 9.98291E-05 9.98291E-05 9.98291E-05
0.107814 9.9874E-05 0.00800069 0.139737 9.9874E-05 9.9874E-05 9.9874E-05 9.9874E-05 0.00346948 9.9874E-05 9.9874E-05 0.736512 9.9874E-05 0.00306844 9.9874E-05 9.9874E-05 9.9874E-05 9.9874E-05 9.9874E-05 9.9874E-05
9.98741E-05 0.0148357 9.98741E-05 0.105473 9.98741E-05 0.0321154 9.98741E-05 0.0329682 9.98741E-05 0.0735292 9.98741E-05 0.73968 9.98741E-05 9.98741E-05 9.98741E-05 9.98741E-05 9.98741E-05 9.98741E-05 9.98741E-05 9.98741E-05
9.9856E-05 9.9856E-05 9.9856E-05 9.9856E-05 9.9856E-05 9.9856E-05 9.9856E-05 9.9856E-05 9.9856E-05 9.9856E-05 9.9856E-05 0.808765 0.0269916 9.9856E-05 0.156202 0.00644389 9.9856E-05 9.9856E-05 9.9856E-05 9.9856E-05
9.98741E-05 9.98741E-05 0.00323319 9.98741E-05 9.98741E-05 0.00895499 9.98741E-05 9.98741E-05 9.98741E-05 9.98741E-05 0.0293069 0.928281 9.98741E-05 0.0180707 9.98741E-05 9.98741E-05 9.98741E-05 9.98741E-05 0.0107545 9.98741E-05
9.98651E-05 9.98651E-05 9.98651E-05 9.98651E-05 9.98651E-05 9.98651E-05 9.98651E-05 9.98651E-05 9.98651E-05 9.98651E-05 0.0334915 0.920686 9.98651E-05 9.98651E-05 9.98651E-05 0.0150209 9.98651E-05 9.98651E-05 0.0202361 0.00906709
9.98741E-05 0.186828 9.98741E-05 9.98741E-05 9.98741E-05 9.98741E-05 9.98741E-05 9.98741E-05 9.98741E-05 0.0226099 9.98741E-05 0.753713 9.98741E-05 0.0135045 9.98741E-05 9.98741E-05 9.98741E-05 9.98741E-05 0.0140227 0.00792318
9.9838E-05 9.9838E-05 9.9838E-05 9.9838E-05 9.9838E-05 9.9838E-05 9.9838E-05 9.9838E-05 0.00715817 9.9838E-05 9.9838E-05 9.9838E-05 9.9838E-05 0.991045 9.9838E-05 9.9838E-05 9.9838E-05 9.9838E-05 9.9838E-05 9.9838E-05
0.0447216 0.0142434 9.9892E-05 9.9892E-05 9.9892E-05 0.00403539 9.9892E-05 9.9892E-05 9.9892E-05 9.9892E-05 0.0644729 0.791267 0.0331814 0.00819518 9.9892E-05 9.9892E-05 0.0386849 9.9892E-05 9.9892E-05 9.9892E-05
9.9883E-05 0.0231046 0.0136653 0.0947361 9.9883E-05 0.00928654 0.132949 9.9883E-05 9.9883E-05 9.9883E-05 9.9883E-05 0.710267 0.0146927 9.9883E-05 9.9883E-05 9.9883E-05 9.9883E-05 9.9883E-05 9.9883E-05 9.9883E-05
9.9919E-05 9.9919E-05 9.9919E-05 0.0424336 9.9919E-05 9.9919E-05 0.0298291 9.9919E-05 0.0326312 0.00213081 9.9919E-05 0.761127 0.0175686 0.0316206 9.9919E-05 0.0128241 0.0386875 0.0223672 9.9919E-05 0.00788131
9.9892E-05 9.9892E-05 9.9892E-05 9.9892E-05 0.14267 9.9892E-05 0.00635002 9.9892E-05 9.9892E-05 9.9892E-05 0.0164282 0.730895 9.9892E-05 0.0277756 9.9892E-05 0.0297473 0.0416057 9.9892E-05 0.00332953 9.9892E-05
9.9892E-05 0.10323 0.0102508 9.9892E-05 9.9892E-05 9.9892E-05 9.9892E-05 9.9892E-05 9.9892E-05 9.9892E-05 0.133539 0.595366 9.9892E-05 0.0569758 0.042199 9.9892E-05 9.9892E-05 0.0317481 0.0254925 9.9892E-05
0.0178948 9.99189E-05 0.0588996 0.0151154 9.99189E-05 0.0144899 0.0239109 9.99189E-05 0.0945042 9.99189E-05 9.99189E-05 0.703884 0.00336197 0.0298266 9.99189E-05 9.99189E-05 9.99189E-05 0.00414869 9.99189E-05 0.0330647
0.104879 9.9919E-05 0.0127109 9.9919E-05 0.0523553 0.00701517 0.0259462 0.00738237 9.9919E-05 9.9919E-05 9.9919E-05 0.648908 0.0164248 9.9919E-05 9.9919E-05 0.00675005 9.9919E-05 0.0869008 9.9919E-05 0.0298286
0.147934 9.99189E-05 0.0198033 0.0859772 9.99189E-05 9.99189E-05 9.99189E-05 0.0178342 0.0641941 9.99189E-05 9.99189E-05 0.461977 0.0408615 0.0148965 9.99189E-05 9.99189E-05 0.0475987 0.0271284 9.99189E-05 0.0708956
9.9883E-05 9.9883E-05 9.9883E-05 9.9883E-05 0.0534074 9.9883E-05 9.9883E-05 9.9883E-05 9.9883E-05 0.168919 9.9883E-05 0.668375 0.0236298 9.9883E-05 0.0735948 0.00034579 9.9883E-05 9.9883E-05 9.9883E-05 0.0104298
9.9874E-05 9.9874E-05 9.9874E-05 0.017606 0.73838 9.9874E-05 9.9874E-05 9.9874E-05 0.0812128 0.142827 9.9874E-05 9.9874E-05 0.00964461 0.00893174 9.9874E-05 9.9874E-05 9.9874E-05 9.9874E-05 9.9874E-05 9.9874E-05
0.112928 0.626873 9.98739E-05 9.98739E-05 0.193859 9.98739E-05 9.98739E-05 9.98739E-05 9.98739E-05 0.0266098 9.98739E-05 9.98739E-05 0.0105992 9.98739E-05 9.98739E-05 9.98739E-05 0.0277335 9.98739E-05 9.98739E-05 9.98739E-05
9.9901E-05 0.245495 0.00121544 0.0536306 0.422385 9.9901E-05 0.0892689 0.0100178 9.9901E-05 9.9901E-05 0.0462145 9.9901E-05 9.9901E-05 9.9901E-05 9.9901E-05 9.9901E-05 9.9901E-05 0.125454 9.9901E-05 0.00521996
0.0130931 9.9874E-05 9.9874E-05 9.9874E-05 0.886159 9.9874E-05 0.0341329 9.9874E-05 9.9874E-05 9.9874E-05 9.9874E-05 9.9874E-05 9.9874E-05 9.9874E-05 9.9874E-05 9.9874E-05 0.0240175 0.0193718 0.021827 9.9874E-05
9.9901E-05 9.9901E-05 0.0174479 0.0333211 0.838411 0.0181458 9.9901E-05 9.9901E-05 9.9901E-05 0.00314934 9.9901E-05 9.9901E-05 0.0165641 9.9901E-05 9.9901E-05 9.9901E-05 0.0253147 9.9901E-05 0.00660534 0.0399416
9.98289E-05 0.998103 9.98289E-05 9.98289E-05 9.98289E-05 9.98289E-05 9.98289E-05 9.98289E-05 9.98289E-05 9.98289E-05 9.98289E-05 9.98289E-05 9.98289E-05 9.98289E-05 9.98289E-05 9.98289E-05 9.98289E-05 9.98289E-05 9.98289E-05 9.98289E-05
9.99369E-05 0.083589 0.0181039 0.0292301 0.38293 9.99369E-05 9.99369E-05 0.0247666 0.0411028 9.99369E-05 0.0387683 9.99369E-05 0.0124602 0.000267483 0.308353 9.99369E-05 9.99369E-05 0.0362072 0.00478971 0.0187322
9.9919E-05 0.172966 0.0251947 9.9919E-05 0.397745 9.9919E-05 0.0360551 9.9919E-05 9.9919E-05 9.9919E-05 0.0123907 9.9919E-05 0.0106974 0.00320615 0.314136 0.00929431 0.00390511 9.9919E-05 0.0135098 9.9919E-05
9.98901E-05 9.98901E-05 9.98901E-05 9.98901E-05 0.715167 9.98901E-05 9.98901E-05 0.0291115 0.0218607 0.0438724 0.0389945 0.00760024 0.0253369 9.98901E-05 0.0892596 9.98901E-05 0.0276979 9.98901E-05 9.98901E-05 9.98901E-05
9.98736E-05 9.98736E-05 9.98736E-05 9.98736E-05 0.787019 9.98736E-05 0.0928079 9.98736E-05 9.98736E-05 9.98736E-05 9.98736E-05 9.98736E-05 9.98736E-05 9.98736E-05 0.109712 0.00254706 9.98736E-05 0.00641502 9.98736E-05 9.98736E-05
9.9829E-05 0.998103 9.9829E-05 9.9829E-05 9.9829E-05 9.9829E-05 9.9829E-05 9.9829E-05 9.9829E-05 9.9829E-05 9.9829E-05 9.9829E-05 9.9829E-05 9.9829E-05 9.9829E-05 9.9829E-05 9.9829E-05 9.9829E-05 9.9829E-05 9.9829E-05
9.98651E-05 9.98651E-05 9.98651E-05 9.98651E-05 0.938278 9.98651E-05 9.98651E-05 9.98651E-05 9.98651E-05 9.98651E-05 9.98651E-05 9.98651E-05 0.0044314 0.0342008 9.98651E-05 9.98651E-05 9.98651E-05 9.98651E-05 0.00898289 0.0126087
9.98469E-05 9.98469E-05 0.000504443 9.98469E-05 0.214411 9.98469E-05 9.98469E-05 9.98469E-05 9.98469E-05 9.98469E-05 9.98469E-05 9.98469E-05 9.98469E-05 9.98469E-05 0.783387 9.98469E-05 9.98469E-05 9.98469E-05 9.98469E-05 9.98469E-05
9.9901E-05 0.0368982 9.9901E-05 0.0469027 0.665957 9.9901E-05 9.9901E-05 9.9901E-05 9.9901E-05 9.9901E-05 0.0463211 9.9901E-05 9.9901E-05 9.9901E-05 0.0935963 0.0318716 9.9901E-05 0.0525313 0.0219447 0.00287819
9.9865E-05 0.538625 9.9865E-05 9.9865E-05 0.273874 9.9865E-05 9.9865E-05 9.9865E-05 9.9865E-05 9.9865E-05 9.9865E-05 9.9865E-05 9.9865E-05 9.9865E-05 0.166589 0.0106135 9.9865E-05 9.9865E-05 0.00880066 9.9865E-05
9.98739E-05 0.477036 0.0294986 9.98739E-05 0.419513 0.0465531 9.98739E-05 9.98739E-05 0.0215278 9.98739E-05 0.00447325 9.98739E-05 9.98739E-05 9.98739E-05 9.98739E-05 9.98739E-05 9.98739E-05 9.98739E-05 9.98739E-05 9.98739E-05
0.0206923 0.0280894 9.99099E-05 9.99099E-05 0.766134 9.99099E-05 0.0322936 0.0412922 9.99099E-05 9.99099E-05 9.99099E-05 0.0048521 9.99099E-05 9.99099E-05 0.0723879 0.0043546 9.99099E-05 9.99099E-05 0.0252232 0.00368124
9.99009E-05 0.297647 0.00764075 9.99009E-05 0.429774 0.018425 0.0995457 0.00953238 9.99009E-05 9.99009E-05 9.99009E-05 9.99009E-05 9.99009E-05 0.00121551 9.99009E-05 0.0173724 0.117748 9.99009E-05 9.99009E-05 9.99009E-05
9.98287E-05 9.98287E-05 9.98287E-05 9.98287E-05 9.98287E-05 9.98287E-05 9.98287E-05 9.98287E-05 9.98287E-05 9.98287E-05 9.98287E-05 9.98287E-05 9.98287E-05 9.98287E-05 0.998103 9.98287E-05 9.98287E-05 9.98287E-05 9.98287E-05 9.98287E-05
9.9901E-05 0.104421 9.9901E-05 9.9901E-05 0.658058 0.0369677 0.00889572 0.0157348 0.0783468 9.9901E-05 0.0545379 0.027736 9.9901E-05 0.0142027 9.9901E-05 9.9901E-05 9.9901E-05 9.9901E-05 9.9901E-05 9.9901E-05
0.689632 9.9919E-05 0.00227819 9.9919E-05 0.218646 0.00257218 9.9919E-05 9.9919E-05 0.0262816 0.0123911 9.9919E-05 0.0101506 0.000867143 9.9919E-05 9.9919E-05 0.00407085 0.0204982 9.9919E-05 9.9919E-05 0.0117127
9.98289E-05 9.98289E-05 9.98289E-05 9.98289E-05 9.98289E-05 9.98289E-05 9.98289E-05 9.98289E-05 9.98289E-05 9.98289E-05 9.98289E-05 9.98289E-05 9.98289E-05 9.98289E-05 9.98289E-05 9.98289E-05 9.98289E-05 9.98289E-05 9.98289E-05 0.998103
0.526319 0.0890604 0.0132667 0.0545198 9.9919E-05 0.0453961 0.10267 9.9919E-05 9.9919E-05 0.0542809 9.9919E-05 9.9919E-05 0.0113558 0.000547957 9.9919E-05 9.9919E-05 9.9919E-05 0.0899807 0.0117033 9.9919E-05
0.352537 0.179706 0.0211516 9.9901E-05 9.9901E-05 9.9901E-05 0.0299074 9.9901E-05 9.9901E-05 0.246508 0.071576 9.9901E-05 0.0439272 9.9901E-05 9.9901E-05 9.9901E-05 9.9901E-05 9.9901E-05 0.0275921 0.0259954
0.343735 0.0311 9.9901E-05 9.9901E-05 9.9901E-05 9.9901E-05 0.0901727 9.9901E-05 9.9901E-05 0.355989 0.036415 9.9901E-05 0.0414993 9.9901E-05 0.039944 0.00946978 9.9901E-05 9.9901E-05 9.9901E-05 0.0505768
0.00716751 0.0395832 9.99099E-05 9.99099E-05 0.0174832 9.99099E-05 0.72217 0.020615 0.000912135 0.155654 9.99099E-05 9.99099E-05 0.00287354 0.0136275 9.99099E-05 0.0189151 9.99099E-05 9.99099E-05 9.99099E-05 9.99099E-05
9.98289E-05 9.98289E-05 0.998103 9.98289E-05 9.98289E-05 9.98289E-05 9.98289E-05 9.98289E-05 9.98289E-05 9.98289E-05 9.98289E-05 9.98289E-05 9.98289E-05 9.98289E-05 9.98289E-05 9.98289E-05 9.98289E-05 9.98289E-05 9.98289E-05 9.98289E-05
9.98289E-05 9.98289E-05 9.98289E-05 9.98289E-05 9.98289E-05 9.98289E-05 9.98289E-05 9.98289E-05 9.98289E-05 9.98289E-05 9.98289E-05 9.98289E-05 9.98289E-05 9.98289E-05 9.98289E-05 9.98289E-05 9.98289E-05 9.98289E-05 9.98289E-05 0.998103
0.715581 9.9928E-05 0.0151032 0.0324026 9.9928E-05 0.000457516 0.0593668 0.0238394 0.0731363 9.9928E-05 9.9928E-05 9.9928E-05 0.0161812 9.9928E-05 0.0194955 0.00557729 9.9928E-05 9.9928E-05 0.0150019 0.0230583
9.9892E-05 9.9892E-05 0.0257517 9.9892E-05 9.9892E-05 0.00652041 0.773405 9.9892E-05 0.0738134 9.9892E-05 9.9892E-05 0.0787823 9.9892E-05 0.0297937 9.9892E-05 0.0066375 9.9892E-05 9.9892E-05 0.00409687 9.9892E-05
0.102368 0.0659541 0.0261098 9.9919E-05 9.9919E-05 0.0339194 0.507125 9.9919E-05 0.0342246 0.126185 0.0500095 9.9919E-05 0.00964401 9.9919E-05 9.9919E-05 0.0161543 9.9919E-05 9.9919E-05 9.9919E-05 0.0274075
0.0686797 9.9919E-05 0.053034 9.9919E-05 9.9919E-05 0.0232337 0.029861 9.9919E-05 9.9919E-05 0.744678 0.0163213 0.0166221 0.00310567 0.0207719 9.9919E-05 0.0185419 9.9919E-05 9.9919E-05 9.9919E-05 0.0042511
0.146148 9.9928E-05 0.0433222 9.9928E-05 9.9928E-05 0.0372721 0.0606336 0.0111535 9.9928E-05 0.442668 9.9928E-05 0.0245606 0.0159206 0.00179672 9.9928E-05 0.0136375 9.9928E-05 0.0955992 9.9928E-05 0.106488
0.0274153 9.9919E-05 9.9919E-05 9.9919E-05 9.9919E-05 0.00338134 0.49666 9.9919E-05 9.9919E-05 0.324277 0.000220919 9.9919E-05 0.00473763 9.9919E-05 0.0263643 0.00163128 0.0208756 9.9919E-05 0.0555886 0.0379485
9.9892E-05 9.9892E-05 0.0461268 9.9892E-05 0.0615865 9.9892E-05 0.64302 9.9892E-05 9.9892E-05 0.0772658 0.0975581 9.9892E-05 0.0167147 9.9892E-05 9.9892E-05 0.0284674 9.9892E-05 9.9892E-05 0.0280624 9.9892E-05
0.169152 9.9919E-05 0.0228274 9.9919E-05 9.9919E-05 9.9919E-05 0.230849 9.9919E-05 9.9919E-05 0.299334 0.039787 0.0517635 0.0501858 0.00438711 0.0400042 9.9919E-05 9.9919E-05 9.9919E-05 0.0163052 0.0745043
0.439025 0.00620419 9.991E-05 9.991E-05 0.0289646 9.991E-05 0.0864429 9.991E-05 9.991E-05 9.991E-05 0.299291 0.00224075 0.019763 9.991E-05 9.991E-05 0.0176247 0.0461775 9.991E-05 9.991E-05 0.053267
0.0682521 0.109981 0.0245547 9.9928E-05 0.153794 9.9928E-05 0.0874312 9.9928E-05 9.9928E-05 0.157181 0.258138 9.9928E-05 9.9928E-05 0.0290615 0.0388182 0.044709 9.9928E-05 9.9928E-05 0.00936086 0.0179188
9.9901E-05 9.9901E-05 0.0150283 9.9901E-05 0.166924 9.9901E-05 0.251254 0.0492191 0.0370934 0.364689 9.9901E-05 9.9901E-05 9.9901E-05 9.9901E-05 0.09301 0.0080366 9.9901E-05 9.9901E-05 9.9901E-05 0.0136469
0.215852 9.9901E-05 9.9901E-05 0.110427 0.371315 0.00461648 0.233908 0.0281182 9.9901E-05 9.9901E-05 9.9901E-05 9.9901E-05 0.000991776 9.9901E-05 9.9901E-05 0.00401156 9.9901E-05 9.9901E-05 9.9901E-05 0.0296613
9.98289E-05 9.98289E-05 0.998103 9.98289E-05 9.98289E-05 9.98289E-05 9.98289E-05 9.98289E-05 9.98289E-05 9.98289E-05 9.98289E-05 9.98289E-05 9.98289E-05 9.98289E-05 9.98289E-05 9.98289E-05 9.98289E-05 9.98289E-05 9.98289E-05 9.98289E-05
0.0777178 9.991E-05 9.991E-05 9.991E-05 9.991E-05 0.0409528 0.249586 0.0160656 9.991E-05 0.0164085 0.0677668 9.991E-05 9.991E-05 0.0286909 0.411832 0.0665697 9.991E-05 9.991E-05 9.991E-05 0.0234104
0.0792668 9.991E-05 0.0831895 9.991E-05 0.002782 0.0181025 0.240213 9.991E-05 9.991E-05 0.321918 9.991E-05 9.991E-05 0.0518636 9.991E-05 0.163707 0.0306921 9.991E-05 9.991E-05 9.991E-05 0.00726698
9.98288E-05 9.98288E-05 9.98288E-05 9.98288E-05 9.98288E-05 9.98288E-05 9.98288E-05 9.98288E-05 9.98288E-05 0.998103 9.98288E-05 9.98288E-05 9.98288E-05 9.98288E-05 9.98288E-05 9.98288E-05 9.98288E-05 9.98288E-05 9.98288E-05 9.98288E-05
0.619811 9.9919E-05 0.0217032 9.9919E-05 0.109134 0.0281218 0.0643459 9.9919E-05 9.9919E-05 0.0448797 0.0237715 9.9919E-05 9.9919E-05 9.9919E-05 0.0273901 9.9919E-05 9.9919E-05 0.0242442 0.017177 0.0185223
0.0941188 0.06733 0.0436357 9.9892E-05 9.9892E-05 0.0248826 0.458738 0.0547009 9.9892E-05 0.224079 9.9892E-05 9.9892E-05 0.0313171 9.9892E-05 9.9892E-05 9.9892E-05 9.9892E-05 9.9892E-05 9.9892E-05 9.9892E-05
0.0265592 0.0188142 9.9946E-05 0.0524601 0.158 0.0623283 0.288638 0.00126461 9.9946E-05 9.9946E-05 9.9946E-05 0.0260117 0.00796695 0.0129107 9.9946E-05 0.0408805 0.257894 9.9946E-05 0.0129387 0.0327343
0.0430811 0.123759 0.0126877 9.991E-05 9.991E-05 9.991E-05 0.020331 9.991E-05 0.392163 9.991E-05 9.991E-05 9.991E-05 0.0289854 9.991E-05 0.213451 9.991E-05 0.025077 0.126972 9.991E-05 0.0124948
0.293084 0.159133 9.9919E-05 9.9919E-05 0.00139564 9.9919E-05 9.9919E-05 9.9919E-05 0.0359944 0.257073 0.00890663 0.0282697 9.9919E-05 9.9919E-05 9.9919E-05 0.00386412 0.140303 9.9919E-05 0.0187029 0.0523741
9.9829E-05 9.9829E-05 9.9829E-05 9.9829E-05 9.9829E-05 9.9829E-05 9.9829E-05 9.9829E-05 9.9829E-05 0.998103 9.9829E-05 9.9829E-05 9.9829E-05 9.9829E-05 9.9829E-05 9.9829E-05 9.9829E-05 9.9829E-05 9.9829E-05 9.9829E-05
9.9829E-05 9.9829E-05 9.9829E-05 9.9829E-05 9.9829E-05 9.9829E-05 9.9829E-05 9.9829E-05 9.9829E-05 0.998103 9.9829E-05 9.9829E-05 9.9829E-05 9.9829E-05 9.9829E-05 9.9829E-05 9.9829E-05 9.9829E-05 9.9829E-05 9.9829E-05
0.00502404 9.9919E-05 0.000700912 9.9919E-05 9.9919E-05 0.0251175 0.12483 0.00911702 9.9919E-05 0.710899 0.00411099 9.9919E-05 0.0159102 0.000598592 9.9919E-05 9.9919E-05 0.0735916 9.9919E-05 9.9919E-05 0.0292013
9.9829E-05 9.9829E-05 9.9829E-05 9.9829E-05 9.9829E-05 9.9829E-05 9.9829E-05 9.9829E-05 9.9829E-05 9.9829E-05 9.9829E-05 9.9829E-05 0.998103 9.9829E-05 9.9829E-05 9.9829E-05 9.9829E-05 9.9829E-05 9.9829E-05 9.9829E-05
0.553697 0.0724673 0.0900234 9.9892E-05 0.0862569 0.00630737 9.9892E-05 9.9892E-05 9.9892E-05 0.143611 9.9892E-05 0.0130121 9.9892E-05 9.9892E-05 9.9892E-05 0.0334258 9.9892E-05 9.9892E-05 9.9892E-05 9.9892E-05
0.0633277 9.991E-05 0.0132265 9.991E-05 9.991E-05 9.991E-05 0.612167 9.991E-05 0.000257332 0.140805 0.00682128 0.052916 9.991E-05 9.991E-05 0.0758179 0.00922573 9.991E-05 9.991E-05 0.0244366 9.991E-05
0.736305 9.9906E-05 9.9906E-05 0.0252815 9.9906E-05 9.9906E-05 9.9906E-05 9.9906E-05 9.9906E-05 9.9906E-05 9.9906E-05 9.9906E-05 0.0314625 0.0154792 0.00560385 0.00181339 0.134175 9.9906E-05 0.041952 0.00682878
0.719562 0.0655414 9.991E-05 0.0184962 9.991E-05 9.991E-05 9.991E-05 0.0327804 0.024473 9.991E-05 9.991E-05 0.0341863 0.00768235 0.01164 0.0698622 0.0147772 9.991E-05 9.991E-05 9.991E-05 9.991E-05
0.91064 0.0367095 9.9856E-05 9.9856E-05 9.9856E-05 9.9856E-05 9.9856E-05 9.9856E-05 9.9856E-05 9.9856E-05 9.9856E-05 9.9856E-05 9.9856E-05 9.9856E-05 0.0498367 9.9856E-05 9.9856E-05 9.9856E-05 0.00121606 9.9856E-05
0.368101 9.9946E-05 0.0415992 0.108114 9.9946E-05 9.9946E-05 0.0624615 0.0227845 0.0562481 0.0869924 0.0585782 0.00163637 0.0486674 0.0119122 0.0439234 9.9946E-05 9.9946E-05 9.9946E-05 0.0332235 0.0551578
0.113815 9.9928E-05 0.0341506 0.184453 9.9928E-05 0.010469 0.132026 9.9928E-05 9.9928E-05 0.084934 0.217563 9.9928E-05 0.0345418 9.9928E-05 9.9928E-05 0.0502812 9.9928E-05 0.105409 0.0037622 0.0277949
0.378443 0.323056 0.00614949 9.98919E-05 9.98919E-05 0.00223934 9.98919E-05 0.00618194 9.98919E-05 0.224836 9.98919E-05 9.98919E-05 9.98919E-05 9.98919E-05 9.98919E-05 0.0268938 9.98919E-05 9.98919E-05 9.98919E-05 0.0310018
0.402064 9.9901E-05 0.0209963 9.9901E-05 0.0853006 9.9901E-05 9.9901E-05 9.9901E-05 9.9901E-05 0.314864 0.10245 0.0222111 0.00634009 9.9901E-05 9.9901E-05 0.0289843 9.9901E-05 9.9901E-05 9.9901E-05 0.0156911
0.272882 9.99189E-05 0.00150558 0.0467213 9.99189E-05 0.0179566 0.294641 0.00630807 9.99189E-05 0.08193 9.99189E-05 9.99189E-05 0.029778 9.99189E-05 0.136906 0.0501455 9.99189E-05 9.99189E-05 9.99189E-05 0.0603269
0.399431 9.9937E-05 0.000824968 0.0457836 9.9937E-05 0.0101133 0.0747891 9.9937E-05 0.0185667 0.318429 0.0541468 0.00614997 9.9937E-05 0.0332466 0.00377006 9.9937E-05 9.9937E-05 0.00906646 0.0249828 9.9937E-05
0.0926217 9.9937E-05 0.0430179 9.9937E-05 9.9937E-05 0.0748411 0.228519 0.0229146 0.0764807 0.190132 0.0966838 9.9937E-05 0.0160228 0.00463814 0.0846488 0.0194719 9.9937E-05 9.9937E-05 9.9937E-05 0.0493087
9.98289E-05 9.98289E-05 9.98289E-05 9.98289E-05 9.98289E-05 9.98289E-05 0.998103 9.98289E-05 9.98289E-05 9.98289E-05 9.98289E-05 9.98289E-05 9.98289E-05 9.98289E-05 9.98289E-05 9.98289E-05 9.98289E-05 9.98289E-05 9.98289E-05 9.98289E-05
9.9829E-05 9.9829E-05 9.9829E-05 9.9829E-05 9.9829E-05 0.998103 9.9829E-05 9.9829E-05 9.9829E-05 9.9829E-05 9.9829E-05 9.9829E-05 9.9829E-05 9.9829E-05 9.9829E-05 9.9829E-05 9.9829E-05 9.9829E-05 9.9829E-05 9.9829E-05
0.422015 9.9928E-05 9.9928E-05 9.9928E-05 0.103094 0.0138191 0.108143 0.00127078 9.9928E-05 0.0672315 9.9928E-05 9.9928E-05 0.0285454 0.0106192 9.9928E-05 0.0172177 9.9928E-05 0.17065 0.00801574 0.0485792
0.757751 0.00444076 0.0512771 9.9901E-05 0.0430889 0.00657099 0.0545914 9.9901E-05 9.9901E-05 0.0486697 9.9901E-05 9.9901E-05 0.0217895 0.0107222 9.9901E-05 9.9901E-05 9.9901E-05 9.9901E-05 9.9901E-05 9.9901E-05
0.106876 9.9892E-05 0.0678398 0.0629122 9.9892E-05 9.9892E-05 0.0372015 0.0136963 9.9892E-05 0.563528 9.9892E-05 9.9892E-05 0.0445891 9.9892E-05 9.9892E-05 9.9892E-05 9.9892E-05 0.102158 9.9892E-05 9.9892E-05
9.98289E-05 9.98289E-05 9.98289E-05 9.98289E-05 9.98289E-05 9.98289E-05 0.998103 9.98289E-05 9.98289E-05 9.98289E-05 9.98289E-05 9.98289E-05 9.98289E-05 9.98289E-05 9.98289E-05 9.98289E-05 9.98289E-05 9.98289E-05 9.98289E-05 9.98289E-05
0.636871 0.0664912 9.9919E-05 9.9919E-05 9.9919E-05 9.9919E-05 0.00688434 9.9919E-05 9.9919E-05 0.055929 0.137747 9.9919E-05 0.00204499 9.9919E-05 0.00482361 0.0537558 0.0153563 9.9919E-05 0.00225531 0.0169422
0.482512 9.9919E-05 0.018224 0.0221975 0.0410727 0.000156025 0.0825851 0.032165 9.9919E-05 0.187131 0.0891041 0.0301589 9.9919E-05 9.9919E-05 9.9919E-05 0.013794 9.9919E-05 9.9919E-05 9.9919E-05 9.9919E-05
9.9829E-05 9.9829E-05 9.9829E-05 9.9829E-05 9.9829E-05 9.9829E-05 9.9829E-05 9.9829E-05 9.9829E-05 9.9829E-05 9.9829E-05 9.9829E-05 9.9829E-05 9.9829E-05 9.9829E-05 0.998103 9.9829E-05 9.9829E-05 9.9829E-05 9.9829E-05
9.9829E-05 9.9829E-05 9.9829E-05 9.9829E-05 9.9829E-05 0.998103 9.9829E-05 9.9829E-05 9.9829E-05 9.9829E-05 9.9829E-05 9.9829E-05 9.9829E-05 9.9829E-05 9.9829E-05 9.9829E-05 9.9829E-05 9.9829E-05 9.9829E-05 9.9829E-05
9.9829E-05 9.9829E-05 9.9829E-05 9.9829E-05 9.9829E-05 9.9829E-05 9.9829E-05 9.9829E-05 9.9829E-05 9.9829E-05 9.9829E-05 9.9829E-05 9.9829E-05 9.9829E-05 9.9829E-05 0.998103 9.9829E-05 9.9829E-05 9.9829E-05 9.9829E-05
0.776914 9.9901E-05 0.00917602 0.0493495 0.0271454 0.0157707 9.9901E-05 9.9901E-05 9.9901E-05 9.9901E-05 9.9901E-05 9.9901E-05 0.042387 0.00239658 9.9901E-05 9.9901E-05 9.9901E-05 9.9901E-05 0.0066051 0.0691572
0.276111 9.9919E-05 0.0288657 9.9919E-05 9.9919E-05 0.0195795 0.188893 9.9919E-05 9.9919E-05 9.9919E-05 9.9919E-05 0.042037 0.0858252 0.0306066 0.249526 0.0390841 9.9919E-05 9.9919E-05 0.0242918 0.0142812
0.710137 9.9901E-05 9.9901E-05 9.9901E-05 0.0502121 0.0540422 9.9901E-05 0.0301874 9.9901E-05 9.9901E-05 0.0399758 0.0159083 9.9901E-05 9.9901E-05 9.9901E-05 0.000888367 9.9901E-05 0.0568026 9.9901E-05 0.0407471
0.206797 9.9901E-05 9.9901E-05 9.9901E-05 0.0785434 9.9901E-05 0.352648 0.0195993 9.9901E-05 0.238385 9.9901E-05 9.9901E-05 0.00877283 0.0202562 9.9901E-05 0.0499668 9.9901E-05 9.9901E-05 9.9901E-05 0.0239325
9.9892E-05 0.0558304 9.9892E-05 9.9892E-05 9.9892E-05 0.0222286 0.791929 9.9892E-05 9.9892E-05 0.027833 0.0485879 9.9892E-05 9.9892E-05 0.0271993 9.9892E-05 0.00315623 9.9892E-05 9.9892E-05 9.9892E-05 0.0220372
9.9829E-05 9.9829E-05 9.9829E-05 9.9829E-05 9.9829E-05 9.9829E-05 9.9829E-05 9.9829E-05 9.9829E-05 9.9829E-05 9.9829E-05 9.9829E-05 0.998103 9.9829E-05 9.9829E-05 9.9829E-05 9.9829E-05 9.9829E-05 9.9829E-05 9.9829E-05
0.540253 9.9919E-05 9.9919E-05 0.0255118 0.16379 0.0422587 0.10821 9.9919E-05 0.0111397 0.0153466 9.9919E-05 9.9919E-05 0.0241572 9.9919E-05 9.9919E-05 0.007609 9.9919E-05 0.0363657 0.0244586 9.9919E-05
0.202053 9.9883E-05 9.9883E-05 9.9883E-05 9.9883E-05 9.9883E-05 9.9883E-05 9.9883E-05 9.9883E-05 9.9883E-05 0.700978 9.9883E-05 9.9883E-05 0.00701397 0.00669766 9.9883E-05 9.9883E-05 0.0182208 0.00455356 0.0591849
9.9892E-05 9.9892E-05 0.0206712 0.0530031 9.9892E-05 9.9892E-05 9.9892E-05 9.9892E-05 9.9892E-05 0.03564 0.858281 9.9892E-05 0.00914944 9.9892E-05 9.9892E-05 0.015162 9.9892E-05 0.00632531 9.9892E-05 0.00056925
9.9892E-05 9.9892E-05 0.0156662 0.00176595 9.9892E-05 0.0199946 9.9892E-05 9.9892E-05 9.9892E-05 0.093962 0.828417 9.9892E-05 9.9892E-05 0.0100499 9.9892E-05 0.0263733 9.9892E-05 9.9892E-05 0.00257197 9.9892E-05
0.00199366 9.98561E-05 9.98561E-05 0.0750328 9.98561E-05 9.98561E-05 9.98561E-05 9.98561E-05 9.98561E-05 9.98561E-05 0.884766 9.98561E-05 0.0366099 9.98561E-05 9.98561E-05 9.98561E-05 9.98561E-05 9.98561E-05 9.98561E-05 9.98561E-05
0.020278 0.0749517 9.9901E-05 9.9901E-05 9.9901E-05 0.00357857 0.047043 9.9901E-05 9.9901E-05 9.9901E-05 0.751962 0.00649707 9.9901E-05 9.9901E-05 9.9901E-05 0.0305579 0.0558357 9.9901E-05 0.00819754 9.9901E-05
9.9883E-05 9.9883E-05 0.004389 9.9883E-05 9.9883E-05 9.9883E-05 0.135213 9.9883E-05 9.9883E-05 9.9883E-05 0.781605 0.00589428 9.9883E-05 9.9883E-05 9.9883E-05 9.9883E-05 0.0244805 0.0428356 9.9883E-05 0.00428343
9.9856E-05 0.114834 9.9856E-05 9.9856E-05 9.9856E-05 9.9856E-05 9.9856E-05 9.9856E-05 9.9856E-05 9.9856E-05 0.83019 9.9856E-05 9.9856E-05 9.9856E-05 9.9856E-05 9.9856E-05 0.0403313 9.9856E-05 0.0130478 9.9856E-05
0.0559105 9.9874E-05 9.9874E-05 9.9874E-05 9.9874E-05 9.9874E-05 9.9874E-05 0.0116736 9.9874E-05 9.9874E-05 0.90307 9.9874E-05 0.00766465 9.9874E-05 0.00189772 9.9874E-05 9.9874E-05 9.9874E-05 0.0183855 9.9874E-05
9.9883E-05 9.9883E-05 9.9883E-05 0.0812159 0.040174 0.00559509 9.9883E-05 9.9883E-05 0.0514096 9.9883E-05 0.791293 9.9883E-05 9.9883E-05 0.0106282 9.9883E-05 0.0183858 9.9883E-05 9.9883E-05 9.9883E-05 9.9883E-05
9.9865E-05 0.00814217 9.9865E-05 9.9865E-05 9.9865E-05 9.9865E-05 9.9865E-05 9.9865E-05 9.9865E-05 0.21812 0.598245 9.9865E-05 9.9865E-05 0.0307453 0.143249 9.9865E-05 9.9865E-05 9.9865E-05 9.9865E-05 9.9865E-05
9.9901E-05 9.9901E-05 9.9901E-05 9.9901E-05 0.0712856 9.9901E-05 0.0584303 9.9901E-05 0.00444473 0.00620918 0.733536 0.0734576 0.027444 9.9901E-05 9.9901E-05 0.0122985 9.9901E-05 9.9901E-05 9.9901E-05 0.0117951
9.9901E-05 0.013194 0.0107402 9.9901E-05 9.9901E-05 0.00853266 9.9901E-05 9.9901E-05 9.9901E-05 9.9901E-05 0.00626623 0.0180694 0.00154121 9.9901E-05 0.115099 0.0228255 0.802633 9.9901E-05 9.9901E-05 9.9901E-05
9.99036E-05 9.99036E-05 9.99036E-05 9.99036E-05 9.99036E-05 0.0207722 9.99036E-05 0.000390262 0.138392 9.99036E-05 0.109378 9.99036E-05 9.99036E-05 0.00261838 0.126668 9.99036E-05 0.0885448 0.503055 0.00908177 9.99036E-05
9.9856E-05 0.00120924 9.9856E-05 0.0800735 9.9856E-05 9.9856E-05 9.9856E-05 9.9856E-05 9.9856E-05 0.0192305 9.9856E-05 9.9856E-05 9.9856E-05 9.9856E-05 9.9856E-05 9.9856E-05 9.9856E-05 0.897889 9.9856E-05 9.9856E-05
9.98651E-05 0.120636 9.98651E-05 9.98651E-05 9.98651E-05 9.98651E-05 9.98651E-05 0.0308559 9.98651E-05 0.0101328 9.98651E-05 9.98651E-05 9.98651E-05 9.98651E-05 9.98651E-05 0.0166559 0.820222 9.98651E-05 9.98651E-05 9.98651E-05
0.0320445 9.9892E-05 0.0365751 9.9892E-05 0.164272 9.9892E-05 9.9892E-05 9.9892E-05 9.9892E-05 9.9892E-05 9.9892E-05 9.9892E-05 0.00960509 0.0329222 9.9892E-05 9.9892E-05 0.264578 0.445519 0.0132864 9.9892E-05
9.9865E-05 9.9865E-05 9.9865E-05 9.9865E-05 9.9865E-05 9.9865E-05 9.9865E-05 9.9865E-05 9.9865E-05 9.9865E-05 9.9865E-05 9.9865E-05 9.9865E-05 0.0183853 0.499495 9.9865E-05 0.39193 0.0818203 0.00687131 9.9865E-05
9.9874E-05 9.9874E-05 0.00511353 0.0505796 0.00419233 0.0417543 9.9874E-05 9.9874E-05 9.9874E-05 9.9874E-05 9.9874E-05 0.0141364 9.9874E-05 9.9874E-05 9.9874E-05 9.9874E-05 0.882826 9.9874E-05 9.9874E-05 9.9874E-05
9.9901E-05 0.0224757 0.00933361 9.9901E-05 9.9901E-05 9.9901E-05 0.0600907 9.9901E-05 0.131394 0.0362317 9.9901E-05 9.9901E-05 9.9901E-05 0.0190445 9.9901E-05 9.9901E-05 0.38625 0.319729 0.0143526 9.9901E-05
0.130191 9.99099E-05 9.99099E-05 0.231741 9.99099E-05 0.00858539 9.99099E-05 0.0199585 9.99099E-05 0.0233457 9.99099E-05 9.99099E-05 9.99099E-05 9.99099E-05 9.99099E-05 0.0331141 0.492225 0.038086 0.00340791 0.018347
9.9874E-05 0.0561295 9.9874E-05 9.9874E-05 0.014411 0.00118482 9.9874E-05 9.9874E-05 9.9874E-05 9.9874E-05 0.0740828 9.9874E-05 9.9874E-05 9.9874E-05 0.237769 9.9874E-05 0.615024 9.9874E-05 9.9874E-05 9.9874E-05
9.9865E-05 0.129738 0.0143606 9.9865E-05 9.9865E-05 9.9865E-05 9.9865E-05 9.9865E-05 9.9865E-05 9.9865E-05 9.9865E-05 9.9865E-05 9.9865E-05 0.0192816 9.9865E-05 9.9865E-05 0.816517 9.9865E-05 9.9865E-05 0.018605
9.9883E-05 9.9883E-05 9.9883E-05 9.9883E-05 0.136198 9.9883E-05 9.9883E-05 0.01803 0.562382 9.9883E-05 9.9883E-05 0.02389 9.9883E-05 9.9883E-05 9.9883E-05 9.9883E-05 0.0459113 0.211599 9.9883E-05 0.00069131
9.9892E-05 9.9892E-05 9.9892E-05 0.154016 0.0684519 9.9892E-05 9.9892E-05 9.9892E-05 0.0165196 0.0760922 9.9892E-05 9.9892E-05 0.00293594 9.9892E-05 9.9892E-05 0.00692381 0.0669145 0.606948 9.9892E-05 9.9892E-05
0.113211 9.99189E-05 9.99189E-05 0.166171 0.00963275 9.99189E-05 0.0519307 9.99189E-05 0.0358258 9.99189E-05 0.0548297 9.99189E-05 0.0389324 9.99189E-05 9.99189E-05 0.0100098 0.483575 9.99189E-05 0.0274329 0.00754993
0.00318155 0.0378886 9.9892E-05 9.9892E-05 9.9892E-05 9.9892E-05 9.9892E-05 9.9892E-05 0.126323 9.9892E-05 9.9892E-05 9.9892E-05 0.0315953 9.9892E-05 9.9892E-05 0.00854297 9.9892E-05 0.759847 0.0180154 0.013407
0.0806261 9.9856E-05 9.9856E-05 9.9856E-05 9.9856E-05 9.9856E-05 9.9856E-05 9.9856E-05 0.917241 9.9856E-05 9.9856E-05 9.9856E-05 9.9856E-05 0.000274426 9.9856E-05 9.9856E-05 9.9856E-05 9.9856E-05 0.000260806 9.9856E-05
9.9838E-05 9.9838E-05 9.9838E-05 9.9838E-05 9.9838E-05 9.9838E-05 9.9838E-05 9.9838E-05 0.983453 9.9838E-05 9.9838E-05 9.9838E-05 9.9838E-05 9.9838E-05 9.9838E-05 9.9838E-05 9.9838E-05 9.9838E-05 9.9838E-05 0.0147496
9.9883E-05 9.9883E-05 9.9883E-05 9.9883E-05 9.9883E-05 9.9883E-05 0.0108184 9.9883E-05 0.90728 0.0228918 0.00068088 9.9883E-05 9.9883E-05 9.9883E-05 9.9883E-05 0.0109592 9.9883E-05 9.9883E-05 0.0325715 0.0134996
9.98291E-05 9.98291E-05 9.98291E-05 9.98291E-05 9.98291E-05 9.98291E-05 9.98291E-05 9.98291E-05 0.998103 9.98291E-05 9.98291E-05 9.98291E-05 9.98291E-05 9.98291E-05 9.98291E-05 9.98291E-05 9.98291E-05 9.98291E-05 9.98291E-05 9.98291E-05
0.0521277 9.9883E-05 0.0177678 0.0748499 9.9883E-05 9.9883E-05 9.9883E-05 9.9883E-05 0.493394 9.9883E-05 9.9883E-05 9.9883E-05 9.9883E-05 0.00243295 9.9883E-05 9.9883E-05 9.9883E-05 0.345711 0.0124178 9.9883E-05
0.116582 9.98877E-05 0.0293295 0.0439864 9.98877E-05 0.010213 9.98877E-05 9.98877E-05 0.691862 9.98877E-05 9.98877E-05 9.98877E-05 9.98877E-05 0.011942 9.98877E-05 9.98877E-05 0.0947872 9.98877E-05 9.98877E-05 9.98877E-05
9.98741E-05 9.98741E-05 9.98741E-05 9.98741E-05 9.98741E-05 0.00651367 9.98741E-05 9.98741E-05 0.167604 0.0595744 9.98741E-05 9.98741E-05 9.98741E-05 9.98741E-05 0.00375108 0.014092 9.98741E-05 0.747066 9.98741E-05 9.98741E-05
0.0979089 9.9883E-05 9.9883E-05 0.0322903 9.9883E-05 9.9883E-05 9.9883E-05 9.9883E-05 0.159668 9.9883E-05 0.0774853 9.9883E-05 9.9883E-05 9.9883E-05 9.9883E-05 0.0165775 0.251881 0.36289 9.9883E-05 9.9883E-05
0.00617047 0.020083 9.99099E-05 0.0504044 9.99099E-05 9.99099E-05 0.0637037 9.99099E-05 0.00438364 9.99099E-05 9.99099E-05 9.99099E-05 0.0105505 9.99099E-05 0.089381 9.99099E-05 0.722244 0.0295878 0.0024929 9.99099E-05
9.9883E-05 9.9883E-05 0.0021219 0.0978747 9.9883E-05 0.0358416 9.9883E-05 0.0176512 9.9883E-05 9.9883E-05 9.9883E-05 9.9883E-05 0.0226567 9.9883E-05 9.9883E-05 9.9883E-05 0.0810933 0.741462 9.9883E-05 9.9883E-05
0.224119 0.00218593 9.9883E-05 9.9883E-05 9.9883E-05 9.9883E-05 9.9883E-05 9.9883E-05 0.104201 9.9883E-05 9.9883E-05 0.0554274 9.9883E-05 9.9883E-05 0.00909964 9.9883E-05 0.601118 9.9883E-05 0.00255004 9.9883E-05
9.99279E-05 9.99279E-05 0.00813732 0.0592596 0.0363677 9.99279E-05 9.99279E-05 0.0293434 9.99279E-05 9.99279E-05 9.99279E-05 9.99279E-05 0.031384 0.0248758 0.0542782 0.0291265 0.694163 0.0139192 0.00730149 0.011044
0.0247359 9.9874E-05 0.018536 0.115536 9.9874E-05 9.9874E-05 9.9874E-05 0.0187875 9.9874E-05 9.9874E-05 9.9874E-05 9.9874E-05 9.9874E-05 9.9874E-05 9.9874E-05 9.9874E-05 9.9874E-05 0.795806 9.9874E-05 0.0251998
9.9883E-05 9.9883E-05 9.9883E-05 9.9883E-05 0.00892994 9.9883E-05 0.138123 0.0484723 0.00640937 9.9883E-05 9.9883E-05 9.9883E-05 9.9883E-05 9.9883E-05 0.119979 9.9883E-05 9.9883E-05 0.663484 0.0133044 9.9883E-05
9.98694E-05 9.98694E-05 9.98694E-05 9.98694E-05 0.122816 0.0107642 9.98694E-05 9.98694E-05 9.98694E-05 9.98694E-05 9.98694E-05 9.98694E-05 0.0127724 9.98694E-05 9.98694E-05 9.98694E-05 0.838791 9.98694E-05 9.98694E-05 0.0133586
9.9865E-05 9.9865E-05 9.9865E-05 9.9865E-05 9.9865E-05 0.00252039 9.9865E-05 9.9865E-05 0.000651177 9.9865E-05 9.9865E-05 9.9865E-05 9.9865E-05 9.9865E-05 0.48626 9.9865E-05 0.329848 0.179223 9.9865E-05 9.9865E-05
0.0164734 9.98739E-05 9.98739E-05 9.98739E-05 9.98739E-05 9.98739E-05 9.98739E-05 9.98739E-05 9.98739E-05 9.98739E-05 9.98739E-05 9.98739E-05 9.98739E-05 0.00062185 0.524076 9.98739E-05 0.293723 0.14421 0.0194975 9.98739E-05
9.9865E-05 0.0259838 9.9865E-05 9.9865E-05 9.9865E-05 9.9865E-05 9.9865E-05 9.9865E-05 9.9865E-05 9.9865E-05 9.9865E-05 0.0233597 9.9865E-05 0.00346212 0.182749 9.9865E-05 9.9865E-05 0.762948 9.9865E-05 9.9865E-05
9.9856E-05 9.9856E-05 9.9856E-05 9.9856E-05 9.9856E-05 0.0213894 9.9856E-05 9.9856E-05 9.9856E-05 9.9856E-05 9.9856E-05 9.9856E-05 0.00753848 9.9856E-05 9.9856E-05 0.0152465 9.9856E-05 0.954228 9.9856E-05 9.9856E-05
0.0500415 9.9874E-05 9.9874E-05 9.9874E-05 9.9874E-05 9.9874E-05 0.00324393 9.9874E-05 9.9874E-05 9.9874E-05 9.9874E-05 9.9874E-05 0.0356493 0.00509988 9.9874E-05 9.9874E-05 0.668755 0.235812 9.9874E-05 9.9874E-05
9.98291E-05 9.98291E-05 9.98291E-05 0.998103 9.98291E-05 9.98291E-05 9.98291E-05 9.98291E-05 9.98291E-05 9.98291E-05 9.98291E-05 9.98291E-05 9.98291E-05 9.98291E-05 9.98291E-05 9.98291E-05 9.98291E-05 9.98291E-05 9.98291E-05 9.98291E-05
0.0452627 0.444195 9.99009E-05 0.30745 9.99009E-05 0.00670634 9.99009E-05 0.00675406 9.99009E-05 9.99009E-05 9.99009E-05 0.0246784 0.0518853 9.99009E-05 0.0647921 9.99009E-05 0.0471777 9.99009E-05 9.99009E-05 9.99009E-05
9.98378E-05 9.98378E-05 9.98378E-05 0.109998 9.98378E-05 9.98378E-05 9.98378E-05 9.98378E-05 9.98378E-05 9.98378E-05 9.98378E-05 9.98378E-05 9.98378E-05 9.98378E-05 0.888205 9.98378E-05 9.98378E-05 9.98378E-05 9.98378E-05 9.98378E-05
9.9847E-05 9.9847E-05 0.0123024 0.974107 9.9847E-05 0.0118936 9.9847E-05 9.9847E-05 9.9847E-05 9.9847E-05 9.9847E-05 9.9847E-05 9.9847E-05 9.9847E-05 9.9847E-05 9.9847E-05 9.9847E-05 9.9847E-05 9.9847E-05 9.9847E-05
0.0258648 9.98829E-05 9.98829E-05 0.847379 0.0311622 9.98829E-05 9.98829E-05 0.0150285 0.0159971 0.0572568 9.98829E-05 9.98829E-05 9.98829E-05 0.00601367 9.98829E-05 9.98829E-05 9.98829E-05 9.98829E-05 9.98829E-05 9.98829E-05
9.9856E-05 0.804073 9.9856E-05 0.17029 9.9856E-05 9.9856E-05 9.9856E-05 9.9856E-05 9.9856E-05 9.9856E-05 9.9856E-05 9.9856E-05 9.9856E-05 0.00299146 9.9856E-05 9.9856E-05 9.9856E-05 0.0210488 9.9856E-05 9.9856E-05
9.98291E-05 9.98291E-05 9.98291E-05 0.998103 9.98291E-05 9.98291E-05 9.98291E-05 9.98291E-05 9.98291E-05 9.98291E-05 9.98291E-05 9.98291E-05 9.98291E-05 9.98291E-05 9.98291E-05 9.98291E-05 9.98291E-05 9.98291E-05 9.98291E-05 9.98291E-05
0.0517798 0.742379 9.9883E-05 0.029268 9.9883E-05 9.9883E-05 9.9883E-05 0.0527861 9.9883E-05 9.9883E-05 9.9883E-05 0.103971 9.9883E-05 9.9883E-05 0.0116654 9.9883E-05 9.9883E-05 0.006853 9.9883E-05 9.9883E-05
