9.9991E-05 0.0359894 0.00246767 0.961443
0.0393238 9.9991E-05 0.147157 0.813419
0.00623494 0.00906473 0.155282 0.829418
9.9982E-05 9.9982E-05 0.156386 0.843414
9.9982E-05 9.9982E-05 0.11897 0.88083
9.9991E-05 0.000924595 0.0963985 0.902577
9.999E-05 0.0347465 0.0401934 0.92496
0.0156758 9.9991E-05 0.118586 0.865638
0.0399937 0.00689205 0.14021 0.812904
0.0168388 9.99914E-05 0.137069 0.845992
0.0082493 0.0119723 0.155761 0.824017
9.9982E-05 9.9982E-05 0.15959 0.84021
0.0612706 0.0447259 0.093567 0.800436
0.0372307 9.9991E-05 0.176276 0.786393
9.9982E-05 9.9982E-05 0.126699 0.873101
9.9991E-05 0.00651612 0.100166 0.893218
0.056562 9.9982E-05 9.9982E-05 0.943238
9.9982E-05 0.0873275 9.9982E-05 0.912473
0.0465588 0.0356095 9.9991E-05 0.917732
0.0695444 0.0355436 9.9991E-05 0.894812
0.229606 9.9991E-05 0.735579 0.0347148
0.212227 0.0306867 0.728013 0.0290735
0.176004 0.0715438 0.699459 0.0529925
0.264265 0.0537866 0.681848 9.9991E-05
0.234536 9.9991E-05 0.73856 0.026804
0.272751 9.9991E-05 0.707551 0.0195982
0.245185 0.0906073 0.664108 9.9991E-05
0.172753 9.9991E-05 0.815696 0.0114503
0.270152 9.9982E-05 0.729648 9.9982E-05
0.311811 0.0848558 0.583053 0.0202805
0.241843 9.9982E-05 0.757957 9.9982E-05
0.302201 0.0197838 0.65629 0.0217253
0.284673 0.0228789 0.645065 0.0473833
0.340128 9.9982E-05 0.659672 9.9982E-05
0.372719 9.9991E-05 0.594255 0.0329251
0.306351 9.9991E-05 0.646947 0.0466024
0.353347 0.123607 0.509893 0.0131525
0.138703 0.795379 0.0658177 9.9991E-05
0.220594 0.753022 0.0262838 9.9991E-05
0.159617 0.7676 0.0628139 0.009969
0.159331 0.749204 0.0913658 9.9991E-05
0.130422 0.797738 0.0398191 0.032021
0.116834 0.865869 9.9991E-05 0.0171964
0.0749661 0.69038 0.182651 0.0520026
0.166091 0.821383 0.0124257 9.9991E-05
0.0534827 0.781374 0.0973083 0.0678355
0.150439 0.849361 9.9982E-05 9.9982E-05
0.131064 0.868736 9.9982E-05 9.9982E-05
0.0250171 0.95777 9.9991E-05 0.017113
0.114705 0.839042 0.0461532 9.9991E-05
0.11026 0.874432 0.0152087 9.9991E-05
0.123537 0.826946 0.0485959 0.000921124
0.146512 0.853288 9.9982E-05 9.9982E-05
0.151595 0.787252 9.9991E-05 0.0610528
0.151436 0.77167 0.0507453 0.0261487
0.128823 0.738881 0.112119 0.020177
0.119115 0.764865 0.0711828 0.0448373
0.707268 0.141203 0.147128 0.00440033
0.890834 9.9991E-05 0.0343855 0.0746803
0.75213 0.0898898 0.110316 0.0476639
0.783665 0.136187 0.0516823 0.0284663
0.876892 0.0687016 0.0543064 9.9991E-05
0.804983 0.0950107 0.0374599 0.0625466
0.853719 0.0502592 0.0504039 0.0456181
0.919232 0.0350086 0.0456597 9.9991E-05
0.65423 0.105933 0.124469 0.115367
0.767982 0.0764523 0.0883816 0.0671839
0.851587 0.0268366 0.0853487 0.0362272
0.862624 0.0274069 0.0811236 0.0288455
0.827672 9.9991E-05 0.121095 0.051133
0.855586 0.11367 9.9991E-05 0.0306439
0.804507 0.153477 0.0162198 0.0257956
0.831176 0.0545668 0.0924605 0.0217972
0.675398 0.0103224 0.275488 0.0387914
0.617428 0.266725 0.115747 9.9991E-05
0.682103 0.251192 0.0278445 0.0388605
0.443804 0.488535 9.9991E-05 0.0675608
0.892773 0.068808 9.9991E-05 0.0383186
0.712019 0.184811 0.0526388 0.0505305
0.801884 0.139526 0.0584892 9.9991E-05
0.703837 0.176591 0.0625088 0.057063
0.756454 0.065636 0.124234 0.0536766
0.867356 0.0983471 9.9991E-05 0.0341966
0.454877 0.25955 0.245497 0.0400763
0.157726 0.363994 0.461914 0.0163656
0.571922 0.156788 0.245201 0.0260884
0.683485 0.190638 0.0955701 0.0303068
0.677365 0.221352 0.101182 9.9991E-05
0.77194 0.100897 0.0845259 0.0426368
0.872087 0.0866382 0.021304 0.0199708
0.720189 0.121747 0.0904111 0.0676536
0.789907 0.124513 0.0854803 9.9991E-05
0.649191 0.00278968 0.308376 0.0396429
0.652382 0.0794261 0.182648 0.085544
0.707204 0.00426742 0.207737 0.0807914
0.6621 0.0426196 0.185794 0.109486
0.679925 0.122424 0.132795 0.0648562
0.801658 0.154991 9.9991E-05 0.0432511
0.831517 0.068273 0.0466786 0.0535318
0.819187 0.132992 9.9991E-05 0.0477207
0.773914 0.0348942 0.145457 0.0457349
0.730973 0.111207 0.138248 0.0195727
0.845218 0.0742776 0.0333491 0.0471553
0.879659 0.0358227 0.0231162 0.0614021
0.742137 0.0142381 0.160207 0.0834174
0.835217 0.146728 9.9991E-05 0.017956
0.742752 0.0935315 0.0848379 0.0788789
0.735932 0.221913 0.0199734 0.0221811
0.774674 0.0164041 0.155655 0.0532662
0.749043 0.109469 0.131566 0.00992242
0.865354 0.134446 9.9982E-05 9.9982E-05
0.924718 0.0445375 9.9991E-05 0.0306449
0.841656 0.123934 0.00223916 0.0321709
0.720907 0.0799211 0.153724 0.0454475
0.701242 9.9991E-05 0.244545 0.054113
0.721679 0.122512 0.125326 0.0304826
0.791893 0.117649 0.0299855 0.0604724
0.843054 0.134129 9.9991E-05 0.0227173
0.760055 0.0945085 0.0704065 0.07503
0.71032 0.133463 0.0745089 0.081708
0.604233 9.9991E-05 0.378383 0.0172846
0.625633 9.9982E-05 0.374167 9.9982E-05
0.566011 9.9991E-05 0.39411 0.0397789
0.537526 9.9991E-05 0.407617 0.0547567
0.540815 0.0163853 0.387946 0.0548535
0.519162 9.9982E-05 0.480638 9.9982E-05
0.513829 0.0279825 0.423984 0.0342039
0.545507 0.0080127 0.335659 0.110821
0.4647 0.145403 0.35279 0.0371072
0.533226 0.0311778 0.403386 0.0322098
0.592936 0.0710374 0.335926 9.9991E-05
0.0373732 0.137455 0.825071 9.9991E-05
0.0342839 0.199388 0.740831 0.025497
0.0203088 0.147602 0.771571 0.0605185
9.9991E-05 0.258971 0.689411 0.0515185
9.9991E-05 0.275796 0.698871 0.0252332
9.9991E-05 0.192988 0.779659 0.0272521
9.9982E-05 0.213014 0.786786 9.9982E-05
0.0603187 0.205693 0.733888 9.9991E-05
0.0344541 0.156969 0.73438 0.0741971
0.0379565 0.282964 0.6709 0.0081796
9.9991E-05 0.226467 0.73645 0.0369833
9.9991E-05 0.234964 0.711762 0.0531737
0.0205354 0.188845 0.752575 0.0380442
0.0698738 0.174406 0.729272 0.0264484
9.9991E-05 0.108014 0.782113 0.109774
9.9991E-05 0.0935248 0.823622 0.0827528
0.0288991 0.216815 0.754186 9.9991E-05
0.0222859 0.179019 0.7482 0.0504949
9.9991E-05 0.185726 0.782236 0.0319379
0.0112094 0.148318 0.811839 0.0286334
9.9991E-05 0.0720637 0.860173 0.0676631
0.0645948 0.164952 0.760273 0.0101802
0.00642402 0.108167 0.857871 0.0275381
9.9991E-05 0.169767 0.793936 0.0361963
9.9991E-05 0.0208065 0.916996 0.0620979
0.0372024 0.0813152 0.828973 0.0525091
9.9991E-05 0.12529 0.829654 0.0449566
9.9991E-05 0.130364 0.793595 0.0759416
0.00274112 0.127465 0.803467 0.0663273
9.9982E-05 0.259204 0.740596 9.9982E-05
9.9982E-05 0.251046 0.748754 9.9982E-05
9.9991E-05 0.211536 0.749718 0.0386461
0.00488175 0.230376 0.751847 0.0128954
0.0385883 0.097769 0.863543 9.9991E-05
9.9991E-05 0.11907 0.837205 0.0436245
9.9982E-05 0.715025 0.284775 9.9982E-05
9.9991E-05 0.675695 0.292863 0.0313419
9.9991E-05 0.684806 0.240695 0.074399
9.9991E-05 0.723793 0.183493 0.0926146
9.9991E-05 0.751296 0.160784 0.0878197
0.0042296 0.788435 0.203861 0.00347465
9.9991E-05 0.83011 0.168397 0.00139339
9.9991E-05 0.632646 0.290591 0.0766628
