9.9991E-05 0.706731 0.293169
9.999E-05 0.9944 0.00549992
9.999E-05 0.486651 0.513249
9.999E-05 0.845063 0.154837
0.218674 9.9991E-05 0.781226
0.457391 0.54251 9.9991E-05
0.0816997 0.0540275 0.864273
9.999E-05 0.921879 0.0780214
0.964957 0.0349435 9.9991E-05
0.0410149 9.9991E-05 0.958885
9.999E-05 9.999E-05 0.9998
9.999E-05 0.9998 9.999E-05
0.385738 9.9991E-05 0.614162
9.9991E-05 0.186242 0.813658
0.385168 9.9991E-05 0.614732
0.817385 9.9991E-05 0.182515
9.9991E-05 0.991495 0.00840523
0.559278 9.9991E-05 0.440622
0.367083 0.632817 9.9991E-05
0.954082 9.9991E-05 0.0458181
0.880001 0.0452626 0.0747362
0.800813 0.199087 9.9991E-05
0.796177 9.9991E-05 0.203723
0.197702 0.544521 0.257778
9.9991E-05 0.230254 0.769646
0.49192 9.9991E-05 0.50798
9.9991E-05 0.700839 0.299061
0.477571 0.258784 0.263645
9.99911E-05 0.976661 0.0232388
0.325218 0.674682 9.9991E-05
9.9991E-05 0.105906 0.893994
9.999E-05 9.999E-05 0.9998
9.999E-05 9.999E-05 0.9998
0.489625 0.510275 9.9991E-05
9.9991E-05 0.97207 0.0278299
0.957447 9.9991E-05 0.0424533
0.702925 0.296975 9.9991E-05
0.587882 0.412018 9.9991E-05
0.104624 0.194528 0.700848
0.468701 0.531199 9.9991E-05
0.226071 0.773829 9.9991E-05
9.999E-05 0.9998 9.999E-05
0.919068 9.9991E-05 0.0808315
9.9991E-05 0.142008 0.857892
0.405268 9.9991E-05 0.594632
0.0242106 0.967931 0.00785876
0.9998 9.999E-05 9.999E-05
0.829887 0.170013 9.9991E-05
0.543822 0.00742301 0.448755
0.901278 9.9991E-05 0.0986215
