0.0299241 0.0153907 9.9973E-05 9.9973E-05 0.941255 0.0131299 9.9973E-05
9.9973E-05 0.0186961 9.9973E-05 9.9973E-05 0.718405 0.0986646 0.163935
9.9964E-05 9.9964E-05 0.15939 9.9964E-05 0.819686 9.9964E-05 0.0205235
9.9982E-05 0.041997 0.0954797 0.0035051 0.799945 9.9982E-05 0.0588737
0.0252533 9.9991E-05 0.0362365 0.0409701 0.79302 0.0741899 0.0302304
0.0499243 9.9982E-05 9.9982E-05 0.0506238 0.879487 0.0190769 0.000687982
9.9973E-05 0.00162579 0.0297517 9.9973E-05 0.955011 9.9973E-05 0.0133118
9.9982E-05 0.012265 0.0904468 9.9982E-05 0.819806 0.0210259 0.056256
9.9973E-05 9.9973E-05 0.0522252 0.0590228 0.783714 9.9973E-05 0.104739
0.0219489 0.041833 9.9982E-05 0.034737 0.837575 9.9982E-05 0.0637062
9.9973E-05 9.9973E-05 9.9973E-05 0.0713313 0.784639 0.0595096 0.0842201
0.00535073 9.9991E-05 0.0554731 0.0440084 0.767952 0.0608135 0.0663027
9.9982E-05 0.016166 0.134533 0.010933 0.79502 0.0431477 9.9982E-05
0.0479567 9.9991E-05 0.055239 0.0459399 0.696534 0.0170369 0.137194
9.9973E-05 9.9973E-05 9.9973E-05 0.110061 0.826642 0.0278823 0.0351146
9.9964E-05 9.9964E-05 0.0604522 9.9964E-05 0.895611 9.9964E-05 0.0435373
9.9955E-05 0.0155426 9.9955E-05 9.9955E-05 0.983958 9.9955E-05 9.9955E-05
0.0212593 9.9955E-05 9.9955E-05 9.9955E-05 0.978241 9.9955E-05 9.9955E-05
0.00637906 0.00052306 0.0220762 9.9973E-05 0.970722 9.9973E-05 9.9973E-05
9.9964E-05 0.0435023 9.9964E-05 0.0585913 0.897507 9.9964E-05 9.9964E-05
9.995E-05 9.995E-05 0.9994 9.995E-05 9.995E-05 9.995E-05 9.995E-05
9.9964E-05 0.00381246 9.9964E-05 0.936095 9.9964E-05 0.0596923 9.9964E-05
0.0608471 0.0245407 0.0222161 0.871992 0.0202039 9.9982E-05 9.9982E-05
0.0281155 0.0224829 0.0601126 0.888989 9.9973E-05 9.9973E-05 9.9973E-05
9.9955E-05 9.9955E-05 0.0688576 0.930643 9.9955E-05 9.9955E-05 9.9955E-05
9.9955E-05 9.9955E-05 0.0536044 0.945896 9.9955E-05 9.9955E-05 9.9955E-05
0.029677 0.0147068 0.159722 0.795594 9.9973E-05 9.9973E-05 9.9973E-05
9.995E-05 9.995E-05 0.9994 9.995E-05 9.995E-05 9.995E-05 9.995E-05
9.9973E-05 0.0233935 0.296041 0.64954 9.9973E-05 9.9973E-05 0.0307258
0.0780931 0.0106177 0.0299299 0.801594 0.0224478 0.0572169 9.9991E-05
9.9964E-05 9.9964E-05 0.297862 0.658054 9.9964E-05 9.9964E-05 0.0436843
0.0498321 9.9973E-05 0.290991 0.620271 9.9973E-05 9.9973E-05 0.0386051
0.0652839 9.9973E-05 0.389991 0.504723 0.0397016 9.9973E-05 9.9973E-05
9.999E-05 0.0209335 0.251909 0.556869 0.00201844 0.0706299 0.0975401
9.9982E-05 0.10747 0.0566663 0.712248 0.0383708 0.0850454 9.9982E-05
0.00476373 0.0225747 9.9991E-05 0.637731 0.0249683 0.148144 0.161718
0.0833483 0.00111685 9.9982E-05 0.819966 9.9982E-05 0.0929648 0.00240461
0.757142 0.00919023 0.129092 9.9973E-05 9.9973E-05 0.104275 9.9973E-05
0.764055 0.0605117 0.139766 9.9982E-05 9.9982E-05 0.0350443 0.000423194
0.709613 0.0228294 0.0429128 0.0528376 0.00868478 0.135919 0.0272029
0.706582 9.9973E-05 9.9973E-05 0.0903454 9.9973E-05 0.113868 0.0889049
0.741944 0.0575096 9.9982E-05 0.0799255 0.0505056 0.069915 9.9982E-05
0.805493 9.9964E-05 0.131037 9.9964E-05 9.9964E-05 0.0630705 9.9964E-05
0.647942 0.046233 9.9982E-05 0.0558962 0.0848798 9.9982E-05 0.164849
0.812371 0.0818387 0.086882 0.0099107 0.00879746 9.9982E-05 9.9982E-05
0.738535 0.0416341 0.128207 0.00998601 0.0202167 9.9991E-05 0.0613218
0.78525 0.00827332 0.0100581 0.0572272 9.9982E-05 0.138991 9.9982E-05
0.87583 0.0120685 0.0827553 9.9973E-05 0.0290465 9.9973E-05 9.9973E-05
0.901451 9.9964E-05 0.0859495 9.9964E-05 0.0121995 9.9964E-05 9.9964E-05
0.803628 0.0519778 9.9991E-05 0.0188451 0.0232366 0.0110703 0.0911419
0.839568 9.9973E-05 0.0816098 9.9973E-05 0.0275928 0.0509296 9.9973E-05
0.851928 9.9982E-05 0.0678103 0.0190063 9.9982E-05 0.0487206 0.0123353
0.848433 0.0569576 0.0931622 9.9973E-05 0.00114774 9.9973E-05 9.9973E-05
0.787505 0.0211215 9.9982E-05 0.0920618 0.0898172 0.00929422 9.9982E-05
0.758323 9.9982E-05 0.103705 9.9982E-05 0.0200376 0.0630401 0.0546945
0.688209 9.9991E-05 0.147764 0.0455381 0.0229425 0.0767921 0.0186546
0.73779 0.049321 0.0799156 0.0559402 0.0768328 9.9982E-05 9.9982E-05
0.136453 0.0527882 9.9991E-05 0.215468 0.0379739 0.556322 0.000895225
9.9991E-05 0.0975785 0.0141483 0.0377953 0.052322 0.789588 0.00846764
0.0131046 0.14391 0.028754 0.0597383 0.045951 0.620482 0.0880599
0.155242 0.160853 0.088676 0.00510037 0.0270575 0.562971 9.9991E-05
0.0447004 0.10914 0.180868 9.9973E-05 9.9973E-05 0.664992 9.9973E-05
0.121686 0.110556 0.167913 9.9982E-05 0.0102162 0.589429 9.9982E-05
9.9973E-05 0.0974489 9.9973E-05 0.0503479 9.9973E-05 0.822808 0.0290958
9.9973E-05 0.119585 9.9973E-05 0.0845028 9.9973E-05 0.770972 0.0246409
9.9982E-05 0.118994 0.108843 9.9982E-05 0.0760026 0.576029 0.119931
0.0953818 0.0862399 0.155559 0.151634 0.0308256 0.48026 9.9991E-05
0.0348967 0.152694 0.0987376 0.0369053 0.0259423 0.631921 0.0189028
9.9964E-05 0.158381 0.234272 9.9964E-05 9.9964E-05 0.606948 9.9964E-05
9.9982E-05 0.152561 0.0799418 0.0945594 0.0505888 0.622149 9.9982E-05
0.00761441 0.137806 0.119732 0.0245377 0.0022389 0.707971 9.9991E-05
0.0419307 0.106273 0.207468 9.9973E-05 9.9973E-05 0.644028 9.9973E-05
0.0258744 0.18598 0.100827 0.0885229 0.0236059 0.57509 9.9991E-05
0.0492586 0.128836 0.0571413 0.219987 9.9991E-05 0.492233 0.0524434
0.311345 0.0577421 0.254242 9.9973E-05 9.9973E-05 0.37637 9.9973E-05
0.232191 0.114731 0.149804 9.9982E-05 0.0478013 0.455272 9.9982E-05
0.435929 0.0884186 9.9973E-05 9.9973E-05 0.0725688 0.402783 9.9973E-05
0.0552408 0.106596 9.9973E-05 0.0219943 9.9973E-05 0.815869 9.9973E-05
0.153694 0.184852 0.156685 0.0316522 0.0526906 0.35035 0.0700767
0.150392 0.145279 0.0687474 9.9982E-05 9.9982E-05 0.619225 0.0161572
0.153846 0.110826 0.0601086 0.111408 0.0269121 0.536799 9.9991E-05
9.9991E-05 0.147025 0.0586382 0.098306 0.0519133 0.630393 0.0136241
0.103054 0.153567 0.0368415 9.9982E-05 0.0589179 0.647419 9.9982E-05
0.265292 0.128718 9.9991E-05 0.119339 0.0210511 0.257185 0.208315
0.124084 0.0262605 9.9973E-05 9.9973E-05 9.9973E-05 0.241998 0.607358
0.245547 0.0107943 0.0759702 0.0643231 0.0588415 0.467763 0.0767607
0.131586 0.131255 0.145412 9.9991E-05 0.00467627 0.568112 0.018859
0.137557 0.103623 0.147256 9.9982E-05 9.9982E-05 0.526097 0.0852674
0.121641 0.158598 0.20809 9.9973E-05 9.9973E-05 0.511371 9.9973E-05
0.0406524 0.865174 9.9964E-05 0.0937738 9.9964E-05 9.9964E-05 9.9964E-05
0.0559209 0.118983 0.150988 9.9982E-05 9.9982E-05 0.645483 0.0284249
0.11827 0.114424 0.145637 9.9982E-05 9.9982E-05 0.604938 0.0165306
9.9982E-05 0.136874 9.9982E-05 0.182334 0.115334 0.419715 0.145543
0.0965131 0.132027 0.0473358 0.185907 0.042412 0.440258 0.0555463
0.00502467 0.141693 9.9991E-05 0.160238 0.00105125 0.548247 0.143645
0.0526085 0.111197 0.0602298 0.179544 0.041503 0.554818 9.9991E-05
0.014137 0.15094 0.0170469 0.0979938 0.0548509 0.499171 0.16586
0.110386 0.113552 9.9982E-05 0.119396 0.0458232 0.610644 9.9982E-05
0.050689 0.0579663 0.195576 0.00308942 0.0364778 0.656101 9.9991E-05
0.0915558 0.155709 9.9991E-05 0.0111755 0.0204392 0.659371 0.0616488
0.0588521 0.136733 0.0797607 0.0690928 0.100579 0.554882 9.9991E-05
9.9991E-05 0.194948 0.040266 0.0242798 0.0178481 0.586831 0.135727
0.0254762 0.109301 0.168498 9.9991E-05 0.0126899 0.648645 0.0352903
9.995E-05 0.9994 9.995E-05 9.995E-05 9.995E-05 9.995E-05 9.995E-05
0.0244169 0.162142 0.137908 0.0373914 0.0942645 0.490864 0.0530137
9.9982E-05 0.105765 0.106423 0.0389935 0.0525099 0.696109 9.9982E-05
0.00362505 0.159984 0.122519 0.00756911 0.0593577 0.511559 0.135386
0.156921 0.149352 0.0406889 9.99981E-05 0.0240198 0.611313 0.0176051
9.9973E-05 0.0628067 0.200097 9.9973E-05 0.0661971 0.6706 9.9973E-05
0.0339877 0.0921428 0.195883 0.0319537 0.0509501 0.594983 9.9991E-05
0.0271787 0.0438116 9.9964E-05 9.9964E-05 9.9964E-05 0.92861 9.9964E-05
9.995E-05 0.9994 9.995E-05 9.995E-05 9.995E-05 9.995E-05 9.995E-05
0.0419704 0.0275009 9.9964E-05 9.9964E-05 9.9964E-05 0.930129 9.9964E-05
0.0183505 0.177896 9.9991E-05 0.084439 0.052204 0.592323 0.0746873
9.9982E-05 0.159069 9.9982E-05 0.107084 0.0150944 0.6049 0.113653
9.9991E-05 0.12934 0.0145148 0.184362 0.116755 0.542883 0.0120455
0.124473 0.13681 0.0532164 9.9982E-05 0.0370854 0.648215 9.9982E-05
0.0589384 0.112772 0.23574 9.9982E-05 0.0271567 0.565194 9.9982E-05
0.0156904 0.787894 0.000330383 0.107998 0.0166807 0.0374237 0.0339831
0.134867 0.139988 0.0515329 0.103376 0.0446644 0.501386 0.0241866
9.9973E-05 0.0593741 0.542743 9.9973E-05 0.0354536 0.362129 9.9973E-05
0.0147394 0.116685 0.470893 9.9982E-05 9.9982E-05 0.297677 0.0998059
9.9964E-05 0.0970707 0.627626 9.9964E-05 9.9964E-05 0.274903 9.9964E-05
9.9982E-05 0.0855177 0.5692 9.9982E-05 0.0485668 0.262876 0.0336391
9.9982E-05 0.103908 0.498726 9.9982E-05 0.0263734 0.267853 0.10294
0.02227 0.100326 0.478897 0.0715722 0.0195891 0.190271 0.117075
9.9982E-05 0.0724564 0.633293 9.9982E-05 0.0644506 0.15922 0.0703799
9.9973E-05 0.139097 0.582964 9.9973E-05 0.0827327 0.194906 9.9973E-05
0.103347 0.099724 0.639382 9.9982E-05 0.000220391 0.157127 9.9982E-05
0.161049 0.0813688 0.462272 9.9982E-05 0.0127388 0.282372 9.9982E-05
0.0814363 0.068576 0.57524 9.9973E-05 9.9973E-05 0.274448 9.9973E-05
9.9964E-05 0.0638631 0.248778 9.9964E-05 9.9964E-05 9.9964E-05 0.686959
0.041313 0.032927 0.17419 0.00132066 0.00177063 0.01524 0.733239
0.057478 9.9991E-05 0.0418208 0.109336 0.0144831 0.0422915 0.734491
0.126717 9.9973E-05 0.0883209 9.9973E-05 0.0672303 9.9973E-05 0.717432
0.169168 0.00847306 0.179427 9.9973E-05 9.9973E-05 9.9973E-05 0.642632
0.042908 0.0224606 0.262793 9.9991E-05 0.0133734 0.00254693 0.655818
0.0787433 0.0584958 0.144571 9.9973E-05 9.9973E-05 9.9973E-05 0.71789
9.9973E-05 0.0113778 0.197405 9.9973E-05 0.0055799 9.9973E-05 0.785337
0.0700496 0.0732898 9.9991E-05 0.130341 0.0594372 0.11216 0.554623
0.141361 0.000278146 0.203814 9.9982E-05 0.0026079 9.9982E-05 0.65174
0.12128 9.9964E-05 0.238765 9.9964E-05 9.9964E-05 9.9964E-05 0.639555
0.197893 9.9991E-05 0.0622681 0.014778 0.0349839 0.00188494 0.688092
0.175843 0.016368 0.0974999 0.0634823 0.0035782 0.0580051 0.585223
0.16359 0.0165595 0.050433 9.9991E-05 0.0207766 0.176546 0.571995
9.9982E-05 0.0225885 9.9982E-05 0.173339 0.0703247 0.0094131 0.724135
0.00787571 0.0137411 9.9991E-05 0.0618689 0.126243 0.0336103 0.756561
0.0524567 9.9982E-05 0.0481155 0.0227595 9.9982E-05 0.0638899 0.812579
0.0296862 0.0249616 0.14194 9.9991E-05 0.0449418 0.0317126 0.726658
9.9973E-05 0.036698 0.163469 9.9973E-05 0.0335993 9.9973E-05 0.765934
0.072047 0.0346049 0.0418605 0.0446253 0.0467064 0.0297846 0.730371
9.9991E-05 0.060285 0.0135286 0.137884 0.0490269 0.0806161 0.658559
0.042638 0.0482593 0.185032 9.9982E-05 9.9982E-05 0.0182487 0.705622
9.9982E-05 0.0738622 0.0571153 0.0904703 9.9982E-05 0.00402784 0.774324
9.9991E-05 0.0185927 0.0450698 0.0125417 0.0565218 0.112887 0.754287
9.9973E-05 0.133236 9.9973E-05 0.229628 0.0323354 9.9973E-05 0.6045
9.9991E-05 0.0277108 0.0243574 0.175143 0.0346482 0.0482039 0.689837
0.0763501 0.034199 9.9982E-05 0.208238 0.0391628 9.9982E-05 0.64185
0.0486914 0.0161408 9.9991E-05 0.166968 0.0192707 0.174038 0.574791
0.0457025 0.0319425 0.0402921 0.0500618 0.0566536 0.0665934 0.708754
0.0389494 0.0494349 9.9982E-05 0.137364 9.9982E-05 0.0211809 0.75287
0.172036 0.0105087 0.0918925 9.9973E-05 9.9973E-05 9.9973E-05 0.725263
0.16943 0.00183664 9.9991E-05 0.119139 0.0676059 0.00731304 0.634575
0.0957157 9.9991E-05 0.127553 0.0447319 0.00988778 0.0324283 0.689583
9.9973E-05 0.0619282 0.0617831 0.11316 9.9973E-05 9.9973E-05 0.762829
9.9973E-05 9.9973E-05 0.166961 9.9973E-05 0.0114091 0.0250308 0.796299
0.680498 0.00209652 0.0357733 0.164126 0.0103116 9.9991E-05 0.107094
0.578538 0.075882 9.9982E-05 0.203982 0.0547179 9.9982E-05 0.0866801
0.576219 0.0521996 0.030073 0.146639 0.104882 9.9991E-05 0.0898877
0.555985 0.033153 9.9991E-05 0.156427 0.0418275 0.0876314 0.124876
0.625138 0.0120439 9.9991E-05 0.266433 0.076817 0.0183336 0.0011345
0.742778 0.0266806 0.0485249 0.11503 9.9991E-05 0.00370144 0.0631851
0.773102 0.0396565 9.9973E-05 0.16378 9.9973E-05 9.9973E-05 0.0231611
0.575685 9.9973E-05 0.0661774 0.279458 0.0783792 9.9973E-05 9.9973E-05
