9.9955E-05 9.9955E-05 0.959358 9.9955E-05 9.9955E-05 9.9955E-05 0.0401424
9.9982E-05 0.107698 0.711858 0.00388314 0.109445 9.9982E-05 0.0669152
0.0841799 0.0106897 0.781196 9.9973E-05 9.9973E-05 9.9973E-05 0.123634
0.125813 0.0661813 0.780822 0.0160299 9.9982E-05 9.9982E-05 0.0109539
0.0014067 0.0338743 0.778683 0.0422414 0.074513 0.0526783 0.0166036
9.9973E-05 0.0292267 0.882612 0.0603519 9.9973E-05 0.0275098 9.9973E-05
9.9955E-05 0.0708356 0.928665 9.9955E-05 9.9955E-05 9.9955E-05 9.9955E-05
9.9982E-05 0.0328771 0.836751 0.0657336 9.9982E-05 0.0488179 0.0156206
9.9973E-05 0.0917352 0.749101 9.9973E-05 0.0830727 9.9973E-05 0.0757914
9.9964E-05 0.0837644 0.793825 9.9964E-05 9.9964E-05 9.9964E-05 0.122011
0.0722729 0.0173018 0.725451 9.9973E-05 9.9973E-05 9.9973E-05 0.184675
0.104032 0.0577535 0.750847 0.0432013 9.9982E-05 9.9982E-05 0.0439662
0.0239664 0.020408 0.808304 0.0829519 0.0565888 0.00768141 9.9991E-05
0.0779466 0.12757 0.668794 0.00819178 9.9982E-05 9.9982E-05 0.117297
0.0278731 0.0303468 0.810088 9.9982E-05 0.0634444 9.9982E-05 0.0680475
9.9964E-05 0.087989 0.848652 9.9964E-05 0.0629587 9.9964E-05 9.9964E-05
9.9955E-05 9.9955E-05 0.944998 0.0545025 9.9955E-05 9.9955E-05 9.9955E-05
9.9964E-05 9.9964E-05 0.939953 0.026062 9.9964E-05 0.0335846 9.9964E-05
9.9955E-05 9.9955E-05 0.939203 9.9955E-05 0.0602974 9.9955E-05 9.9955E-05
0.0631175 9.9964E-05 0.863737 0.0727453 9.9964E-05 9.9964E-05 9.9964E-05
0.9994 9.995E-05 9.995E-05 9.995E-05 9.995E-05 9.995E-05 9.995E-05
0.714169 0.0148059 0.0266782 9.9982E-05 9.9982E-05 0.115789 0.128358
0.690917 0.0301163 0.0246394 9.9991E-05 0.0417431 0.150552 0.0619323
0.838401 0.0114062 9.9973E-05 0.0255627 9.9973E-05 0.12433 9.9973E-05
0.933321 9.9964E-05 9.9964E-05 9.9964E-05 0.000444213 9.9964E-05 0.0658345
0.857701 9.9982E-05 0.0115665 0.0244895 0.0495456 0.0564974 9.9982E-05
0.75236 0.047564 9.9982E-05 9.9982E-05 0.0459925 0.0945846 0.0592987
0.9994 9.995E-05 9.995E-05 9.995E-05 9.995E-05 9.995E-05 9.995E-05
0.756926 0.0963189 9.9973E-05 9.9973E-05 0.0226397 9.9973E-05 0.123816
0.64255 0.0627123 9.9991E-05 0.0076643 0.0396918 0.0972187 0.150063
0.7527 0.146868 9.9973E-05 9.9973E-05 0.0494104 9.9973E-05 0.0507221
0.691506 0.0808058 9.9982E-05 0.0446528 0.0500521 0.132784 9.9982E-05
0.706998 0.0538168 0.0557949 9.9982E-05 0.0605249 0.122665 9.9982E-05
0.689091 0.069428 9.9982E-05 0.0802587 0.0430969 9.9982E-05 0.117925
0.607909 0.0576603 9.9982E-05 0.0632201 0.100215 9.9982E-05 0.170795
0.420372 0.110308 0.036991 9.9973E-05 9.9973E-05 9.9973E-05 0.432029
0.636475 0.0217995 9.9982E-05 0.0461168 0.177734 0.117674 9.9982E-05
0.0553694 0.0297939 9.9973E-05 9.9973E-05 0.240273 0.674264 9.9973E-05
9.9982E-05 0.073365 9.9982E-05 0.0805149 0.0991601 0.686987 0.0597734
0.00995638 0.0193667 0.00663135 0.0572519 0.132023 0.77467 9.9991E-05
0.0320893 9.9964E-05 9.9964E-05 9.9964E-05 0.191456 0.776055 9.9964E-05
0.0280717 9.9973E-05 0.0527934 0.130823 9.9973E-05 0.788012 9.9973E-05
0.0209027 0.0535724 0.00997986 0.0372689 0.147294 0.730882 9.9991E-05
9.999E-05 0.156425 0.0693709 0.0618924 0.0349616 0.634639 0.0426109
0.0373607 9.9982E-05 9.9982E-05 0.0191683 0.1169 0.784602 0.0417697
0.0406743 0.0761238 0.0544076 9.9982E-05 0.122995 0.705599 9.9982E-05
9.9973E-05 0.0334365 9.9973E-05 0.0500225 0.177452 0.738789 9.9973E-05
9.9973E-05 9.9973E-05 0.0151158 9.9973E-05 0.0516088 0.840586 0.0923899
0.0119649 9.9973E-05 9.9973E-05 0.0617352 0.077108 0.848892 9.9973E-05
9.9973E-05 0.0493729 0.0302762 9.9973E-05 0.189174 0.730877 9.9973E-05
9.9964E-05 9.9964E-05 9.9964E-05 9.9964E-05 0.0748373 0.819094 0.105669
0.0345565 0.0337862 9.9982E-05 0.0481667 0.0579002 0.82539 9.9982E-05
0.0173886 9.9973E-05 9.9973E-05 0.119028 0.0201637 0.84312 9.9973E-05
0.0168275 9.9982E-05 0.0639201 0.0121123 9.9982E-05 0.726299 0.180641
9.9982E-05 0.0193839 0.0106366 0.121569 0.0913074 0.756903 9.9982E-05
0.0463089 0.0516949 0.00246892 0.0235751 0.146595 0.688412 0.0409453
0.0916074 0.00234092 0.0621417 0.0979886 9.9982E-05 0.745721 9.9982E-05
0.0327117 0.00768145 0.0123866 9.9991E-05 0.359463 0.132775 0.454882
0.0149072 9.9973E-05 0.0608334 9.9973E-05 0.919773 9.9973E-05 0.00418612
0.00734907 0.00672282 9.9991E-05 0.136399 0.306035 0.000103168 0.543291
9.9982E-05 9.9982E-05 0.0190684 0.0743294 0.350719 0.0331671 0.522516
9.9964E-05 9.9964E-05 9.9964E-05 0.00554549 0.554888 9.9964E-05 0.439166
9.9973E-05 9.9973E-05 9.9973E-05 0.0938609 0.478611 0.0880242 0.339204
0.0692372 0.0124891 9.9973E-05 0.848491 9.9973E-05 9.9973E-05 0.0694832
9.9982E-05 0.00662782 0.00588624 0.0371764 0.946799 0.00331039 9.9982E-05
9.9982E-05 0.0155202 0.107207 0.0885718 0.333197 9.9982E-05 0.455304
0.144147 0.0237024 0.0683282 0.16363 0.565443 0.0346487 9.9991E-05
0.00891519 0.00728237 0.0358056 0.0846069 0.819411 0.0395063 0.00447255
0.125816 9.9982E-05 0.00933211 0.170237 0.597762 9.9982E-05 0.096654
0.0406793 9.9982E-05 0.0477495 0.161267 0.523964 9.9982E-05 0.22614
9.9982E-05 9.9982E-05 0.0100165 0.119534 0.691938 0.0190076 0.159304
9.9982E-05 9.9982E-05 0.0141213 0.11503 0.710367 0.0551444 0.105137
0.0580764 9.9982E-05 0.0368667 0.0249513 0.552061 9.9982E-05 0.327845
0.0975024 0.0880344 9.9982E-05 0.0364479 0.315129 9.9982E-05 0.462686
0.0784588 9.9973E-05 9.9973E-05 0.0837708 0.554901 0.282569 9.9973E-05
0.0520279 9.9991E-05 0.0853031 0.104606 0.507414 0.200392 0.0501563
9.9982E-05 9.9982E-05 0.0619186 0.055012 0.286373 0.407132 0.189364
0.0352875 9.9973E-05 9.9973E-05 0.831059 0.0827676 0.050586 9.9973E-05
0.0676604 9.9991E-05 0.0673687 0.13837 0.253369 0.196242 0.27689
9.9982E-05 0.00937565 9.9982E-05 0.134859 0.508914 0.0988053 0.247847
0.0563245 0.0205042 0.0521173 0.0520849 0.697314 0.121555 9.9991E-05
0.00253587 0.0440738 0.0287 0.0697672 0.385211 9.9991E-05 0.469612
9.9982E-05 9.9982E-05 0.06757 0.166269 0.426133 0.00648981 0.333339
0.0622273 0.161793 0.0026026 0.158883 0.105109 0.232861 0.276525
9.9973E-05 0.561391 9.9973E-05 0.0890516 9.9973E-05 0.168457 0.1808
0.000829374 0.112212 0.0105634 9.9991E-05 0.365765 0.168 0.342531
0.0117201 0.0868876 0.0271752 0.0546918 0.750627 0.0687981 9.9991E-05
9.9982E-05 0.127084 0.0221546 0.0397125 0.72346 0.0873888 9.9982E-05
0.0400176 0.0202507 0.00755645 0.0906331 0.606877 0.0675262 0.167139
9.9955E-05 9.9955E-05 9.9955E-05 0.179863 9.9955E-05 9.9955E-05 0.819637
0.0426788 9.9982E-05 9.9982E-05 0.204117 0.347467 0.0897442 0.315793
9.9973E-05 9.9973E-05 9.9973E-05 0.183478 0.517842 0.127508 0.170873
0.0247719 0.0725049 0.0665274 0.0116083 0.107363 9.9991E-05 0.717125
0.111822 0.0225429 0.0312273 0.0471618 0.0196762 0.0248504 0.74272
0.0468496 9.9982E-05 0.0236509 0.0484581 0.0667121 9.9982E-05 0.814129
0.0344425 0.0300766 0.0954543 9.9982E-05 0.327829 9.9982E-05 0.511997
0.00245693 0.0946459 0.0263123 0.102977 0.242903 0.0417215 0.488984
9.9982E-05 9.9982E-05 0.0548331 0.131336 0.425922 0.126611 0.261099
0.0503174 9.9982E-05 0.0732488 0.0302319 0.704651 9.9982E-05 0.141351
9.9973E-05 9.9973E-05 9.9973E-05 0.112411 0.393259 0.0556058 0.438425
0.055729 9.9991E-05 0.0233275 0.0567491 0.286318 0.0371374 0.540639
9.9982E-05 0.158645 0.0371639 0.231341 0.487096 9.9982E-05 0.0855542
9.9973E-05 0.0255181 9.9973E-05 0.0129698 0.630991 9.9973E-05 0.330221
9.995E-05 9.995E-05 9.995E-05 0.9994 9.995E-05 9.995E-05 9.995E-05
0.035095 0.0663379 0.0448136 0.128865 0.361467 9.9991E-05 0.363322
9.9973E-05 9.9973E-05 9.9973E-05 0.147652 0.356402 0.00851721 0.487128
9.9991E-05 0.0153689 0.0236651 0.102876 0.317046 0.0909504 0.449993
9.9982E-05 0.00679217 0.0251853 9.9982E-05 0.614261 0.1368 0.216762
9.9982E-05 9.9982E-05 0.0173397 0.0290843 0.476043 0.0564751 0.420858
0.0767217 0.0216947 0.0382437 0.0628413 0.559879 9.9991E-05 0.24052
9.9955E-05 9.9955E-05 0.00178448 0.997716 9.9955E-05 9.9955E-05 9.9955E-05
9.995E-05 9.995E-05 9.995E-05 0.9994 9.995E-05 9.995E-05 9.995E-05
9.9955E-05 9.9955E-05 9.9955E-05 0.997989 0.00151125 9.9955E-05 9.9955E-05
9.9964E-05 9.9964E-05 9.9964E-05 0.0116061 0.087462 9.9964E-05 0.900532
0.105825 9.9973E-05 9.9973E-05 0.166404 0.0312881 9.9973E-05 0.696182
0.0499358 9.9982E-05 0.0465754 0.0527349 0.250053 9.9982E-05 0.600501
0.0154143 9.9991E-05 0.0617659 0.185627 0.555694 0.0772452 0.104153
0.0708964 9.9982E-05 0.0319576 0.201614 0.621281 0.0740508 9.9982E-05
9.9955E-05 9.9955E-05 9.9955E-05 0.119378 9.9955E-05 9.9955E-05 0.880123
0.0166807 9.9991E-05 0.0579034 0.0554537 0.165321 0.0762625 0.628279
0.0939585 0.144103 9.9973E-05 9.9973E-05 0.540374 9.9973E-05 0.221265
0.110561 0.162336 0.00659343 9.9982E-05 0.642618 9.9982E-05 0.0776914
0.214828 0.114777 9.9991E-05 0.0580132 0.528847 0.00725377 0.0761803
0.123946 0.157656 0.00645659 9.9982E-05 0.285481 9.9982E-05 0.426261
0.196683 0.17357 0.0282228 0.0910019 0.396862 9.9991E-05 0.11356
0.173164 0.216772 0.0337432 0.0464289 0.529693 9.9982E-05 9.9982E-05
0.182342 0.198259 0.034053 9.9973E-05 0.585046 9.9973E-05 9.9973E-05
0.199563 0.0481157 0.087251 9.9991E-05 0.540589 0.0361442 0.0882368
0.175508 0.15022 9.9982E-05 0.017144 0.630619 0.0263089 9.9982E-05
0.175531 0.116016 9.9991E-05 0.0619865 0.568152 0.046426 0.0317886
0.195988 0.100796 0.0080541 9.9982E-05 0.657999 0.0369633 9.9982E-05
0.0294939 0.746517 9.9982E-05 0.0918537 0.0675684 0.0643666 9.9982E-05
0.0267456 0.791767 0.00744995 9.9982E-05 0.0847373 9.9982E-05 0.0891004
0.0514819 0.683208 0.0125201 0.0472248 9.9991E-05 0.0817004 0.123765
0.0115802 0.772823 0.0935576 9.9982E-05 0.0221331 0.0997062 9.9982E-05
0.00272007 0.664565 0.0228728 0.0219513 9.9991E-05 0.122764 0.165027
0.056132 0.714873 0.040526 0.0237127 0.09715 0.0474992 0.0201067
0.0326254 0.75272 9.9982E-05 0.0555879 0.0223187 0.136548 9.9982E-05
0.0702372 0.806412 9.99759E-05 0.0256424 0.0974081 9.99759E-05 9.99759E-05
0.0279638 0.535821 0.041091 0.0916393 9.9991E-05 0.0847525 0.218633
0.0211415 0.714995 0.00188405 0.0137729 0.0867109 0.161395 9.9991E-05
0.0238182 0.80136 0.00992128 0.00565698 0.125232 0.0339122 9.9991E-05
9.9982E-05 0.725199 0.0216201 0.0103233 0.0429612 0.199697 9.9982E-05
0.0392582 0.63746 0.0254498 9.9991E-05 0.0841008 0.0912592 0.122372
9.9982E-05 0.545685 0.00221159 9.9982E-05 0.0334823 0.103739 0.314682
0.014743 0.699515 0.0344851 9.9982E-05 0.0280287 9.9982E-05 0.223028
9.9964E-05 0.703466 0.0980201 9.9964E-05 9.9964E-05 9.9964E-05 0.198114
9.9964E-05 0.834986 9.9964E-05 0.00865432 0.15596 9.9964E-05 9.9964E-05
9.9973E-05 0.709902 0.034986 9.9973E-05 0.164714 9.9973E-05 0.0900982
0.0495774 0.808598 0.067056 0.0538488 9.9982E-05 0.0207197 9.9982E-05
0.067419 0.622644 9.9973E-05 9.9973E-05 9.9973E-05 0.0805029 0.229135
9.9973E-05 0.671079 0.00601899 0.0399375 9.9973E-05 9.9973E-05 0.282665
0.00731043 0.72738 9.9982E-05 0.0364702 0.182449 0.0461912 9.9982E-05
0.0433095 0.704905 9.9973E-05 0.0432201 9.9973E-05 9.9973E-05 0.208266
9.9973E-05 0.708229 0.0197636 9.9973E-05 0.00885244 9.9973E-05 0.262855
0.0647158 0.658703 0.0448205 0.040834 9.9991E-05 0.0014401 0.189386
0.0591134 0.672658 0.0122081 9.9973E-05 9.9973E-05 9.9973E-05 0.25572
0.034294 0.74565 0.0426232 0.0102243 9.9991E-05 0.0288477 0.13826
0.000162024 0.713237 0.0596808 0.0179383 0.000500051 9.9991E-05 0.208382
0.0127587 0.668498 0.0836628 9.9991E-05 0.17028 0.0410477 0.0236525
0.0378991 0.741881 9.9982E-05 0.0143776 9.9982E-05 0.0819013 0.123741
9.9973E-05 0.76789 9.9973E-05 0.00131463 0.103703 0.126792 9.9973E-05
9.9973E-05 0.613218 0.0857118 9.9973E-05 9.9973E-05 0.102689 0.198081
0.0542618 0.689519 9.9982E-05 9.9982E-05 0.0629247 0.0938717 0.0992226
0.059811 0.761576 9.9973E-05 0.0750441 9.9973E-05 9.9973E-05 0.103269
0.0531711 0.792077 0.020462 0.0408771 0.0195246 9.9991E-05 0.0737887
9.9964E-05 0.146411 9.9964E-05 9.9964E-05 9.9964E-05 0.604895 0.248294
0.0564374 0.0369492 0.0126031 9.9982E-05 9.9982E-05 0.572081 0.32173
0.0484041 9.9973E-05 0.00491339 9.9973E-05 9.9973E-05 0.500157 0.446226
9.9973E-05 0.0422332 0.0398145 9.9973E-05 9.9973E-05 0.493986 0.423666
0.0675566 0.0331405 0.0214133 9.9982E-05 9.9982E-05 0.574626 0.303064
0.159051 9.9973E-05 9.9973E-05 0.0867241 9.9973E-05 0.723852 0.0300726
0.0698396 9.9964E-05 9.9964E-05 9.9964E-05 9.9964E-05 0.755197 0.174564
0.213115 0.0183221 0.0828085 9.9991E-05 0.0440617 0.538516 0.103076
