9.9964E-05 9.9964E-05 9.9964E-05 0.0512632 0.902686 9.9964E-05 0.0456513
0.117139 0.086996 9.9991E-05 0.0546133 0.688192 0.0428347 0.0101245
0.0317939 9.9982E-05 0.0419772 0.149786 0.76895 9.9982E-05 0.00729365
0.0971446 9.9982E-05 0.0678349 0.0155149 0.791479 0.0278263 9.9982E-05
0.0950317 0.0295267 0.0200608 0.0272021 0.793655 0.024015 0.0105091
0.0802077 0.0771306 9.9964E-05 9.9964E-05 0.842262 9.9964E-05 9.9964E-05
0.117305 9.9964E-05 9.9964E-05 9.9964E-05 0.862893 0.0194029 9.9964E-05
0.0948681 9.9982E-05 9.9982E-05 0.0541706 0.831347 0.0046387 0.0147752
0.125812 9.9982E-05 0.0105808 0.0776644 0.770317 0.0154265 9.9982E-05
0.102426 9.9973E-05 0.0952937 9.9973E-05 0.74612 0.0558611 9.9973E-05
0.0335035 9.9973E-05 0.0724598 0.143252 0.750484 9.9973E-05 9.9973E-05
0.0211404 0.0104864 0.164771 0.0883045 0.715098 9.9982E-05 9.9982E-05
9.9982E-05 0.0480322 0.0665985 0.117405 0.757113 9.9982E-05 0.010651
0.145826 0.0103218 0.0759413 0.0377197 0.718505 0.0115855 9.9991E-05
0.0380494 9.9973E-05 0.0432385 0.087734 0.830678 9.9973E-05 9.9973E-05
0.122307 0.0055158 9.9964E-05 9.9964E-05 0.871777 9.9964E-05 9.9964E-05
9.9955E-05 0.0728361 9.9955E-05 9.9955E-05 0.926664 9.9955E-05 9.9955E-05
9.9964E-05 0.0302988 9.9964E-05 9.9964E-05 0.950945 9.9964E-05 0.0183561
9.9964E-05 0.0294576 9.9964E-05 9.9964E-05 0.958874 9.9964E-05 0.011269
9.9973E-05 0.0377924 0.00246814 9.9973E-05 0.902442 0.0569975 9.9973E-05
9.995E-05 9.995E-05 0.9994 9.995E-05 9.995E-05 9.995E-05 9.995E-05
0.0754055 0.000293643 0.708636 0.0793751 9.9991E-05 0.0352542 0.100935
0.00797087 0.0189672 0.71722 9.9991E-05 0.0470571 0.0565506 0.152134
9.9973E-05 9.9973E-05 0.738729 9.9973E-05 0.00915913 0.0423349 0.209477
0.0120058 9.9973E-05 0.887902 0.0442487 9.9973E-05 0.0555434 9.9973E-05
9.9982E-05 0.0539894 0.878202 9.9982E-05 0.00723887 0.0401236 0.0202463
9.9973E-05 9.9973E-05 0.805464 0.0342884 9.9973E-05 0.0108984 0.149049
9.995E-05 9.995E-05 0.9994 9.995E-05 9.995E-05 9.995E-05 9.995E-05
0.0682247 9.9973E-05 0.816544 0.0116037 9.9973E-05 0.103328 9.9973E-05
0.0922007 0.0777419 0.639475 0.0898542 0.0237166 0.0237123 0.0532994
0.125071 9.9973E-05 0.718186 0.151172 9.9973E-05 0.00527021 9.9973E-05
0.049154 0.0551231 0.732337 9.9982E-05 9.9982E-05 0.0210748 0.142111
0.0620981 0.0657298 0.759773 9.9991E-05 0.048955 0.0012347 0.062109
0.136832 0.00354847 0.667939 0.17064 0.00126199 0.0196789 9.9991E-05
0.0148318 0.0638858 0.587163 0.117227 0.03429 0.160747 0.0218547
0.147285 0.0499532 0.473818 0.21743 0.0607665 0.00888598 0.0418611
0.0198846 0.0301052 0.644407 0.109526 9.9991E-05 0.0279995 0.167977
9.9982E-05 0.152362 0.0755274 9.9982E-05 0.00494567 0.0301969 0.736768
0.0748045 0.115875 9.9982E-05 0.0182679 9.9982E-05 0.0997197 0.691132
0.126385 0.0323204 9.9973E-05 0.141016 9.9973E-05 9.9973E-05 0.699979
9.9964E-05 0.149572 0.0318878 9.9964E-05 9.9964E-05 9.9964E-05 0.81814
0.0273926 0.143679 0.00237945 0.0650852 0.0269038 0.00196115 0.732599
9.9973E-05 0.0451483 9.9973E-05 0.0900508 9.9973E-05 0.0545629 0.809938
0.169671 0.155623 9.9982E-05 9.9982E-05 0.0538464 0.00588403 0.614775
0.0551937 0.0640806 0.018634 9.9991E-05 0.024534 0.0832357 0.754222
0.11882 0.0354154 9.9982E-05 9.9982E-05 0.0617749 0.0955987 0.688192
9.9973E-05 0.17198 0.0188411 9.9973E-05 9.9973E-05 0.0271939 0.781685
0.0193021 0.0394528 9.9991E-05 0.0422867 0.0566261 0.0268395 0.815393
9.9973E-05 0.145978 9.9973E-05 9.9973E-05 0.00263794 0.0268827 0.824202
0.049839 0.0675823 9.9982E-05 0.0460496 0.00847432 9.9982E-05 0.827855
9.9973E-05 0.113079 0.0236825 9.9973E-05 9.9973E-05 0.0506146 0.812324
0.0303451 0.128956 9.9964E-05 9.9964E-05 9.9964E-05 9.9964E-05 0.840299
9.9964E-05 0.109499 9.9964E-05 9.9964E-05 9.9964E-05 0.117395 0.772706
9.9982E-05 0.0877796 9.9982E-05 0.00149891 0.112447 0.0230863 0.774989
9.9973E-05 0.120464 0.0693961 9.9973E-05 9.9973E-05 0.0410174 0.768823
9.9991E-05 0.0818217 0.0902416 0.0529078 0.0155854 0.0360709 0.723273
9.9982E-05 0.0245385 0.0520081 9.9982E-05 0.0115774 0.101989 0.809687
0.0652514 0.107707 0.00772851 0.574867 0.0406961 0.0549683 0.148782
9.9964E-05 9.9964E-05 9.9964E-05 0.987972 0.00667043 0.00495775 9.9964E-05
0.0881882 0.153563 9.9982E-05 0.60975 0.0386349 0.109664 9.9982E-05
9.9991E-05 0.13664 0.0183063 0.590076 0.0493761 0.159866 0.0456365
9.9982E-05 0.136454 0.0451363 0.657313 9.9982E-05 0.134911 0.0259859
9.9982E-05 0.23283 9.9982E-05 0.505054 0.0372845 0.127844 0.0967873
9.995E-05 0.9994 9.995E-05 9.995E-05 9.995E-05 9.995E-05 9.995E-05
9.9955E-05 9.9955E-05 9.9955E-05 0.976415 9.9955E-05 0.0230849 9.9955E-05
0.0872233 0.0723985 9.9991E-05 0.627722 0.0884466 0.0930796 0.0310302
0.0607745 0.363649 0.124182 0.291846 0.0506128 0.077675 0.0312615
9.9991E-05 0.265881 0.0607896 0.469706 0.0604001 0.122362 0.0207603
9.9973E-05 0.26542 0.0961307 0.483928 9.9973E-05 0.154221 9.9973E-05
0.0035186 0.259291 0.052288 0.551963 0.0175888 0.115251 9.9991E-05
9.9982E-05 0.285098 9.9982E-05 0.550757 0.00970009 0.112616 0.0416288
9.9982E-05 0.264272 0.0106788 0.563452 9.9982E-05 0.116698 0.0446996
0.0225925 0.175279 0.0758492 0.507298 0.0173523 0.180509 0.0211207
0.0738277 0.108693 0.0844523 0.640561 9.9982E-05 0.092266 9.9982E-05
9.9982E-05 0.297707 0.0645244 0.31941 9.9982E-05 0.00157289 0.316586
0.000244505 0.280435 0.0368752 0.314599 0.0510345 0.0686223 0.248189
9.9982E-05 0.163473 9.9982E-05 0.26619 0.0810906 0.0650897 0.423957
9.99549E-05 0.976906 9.99549E-05 9.99549E-05 9.99549E-05 0.0225943 9.99549E-05
9.9991E-05 0.142983 0.101229 0.362061 0.0748324 0.114064 0.20473
0.0189122 0.307787 9.9982E-05 0.36178 9.9982E-05 0.143353 0.167968
0.0439857 0.441573 0.0819358 0.237407 0.0562122 0.0641749 0.0747113
0.0425586 0.279363 0.0210823 0.439837 0.0731866 0.125293 0.0186795
9.9982E-05 0.239124 9.9982E-05 0.519773 0.0990885 0.0963447 0.0454698
0.182831 0.0809622 0.0572252 0.251749 0.0182623 0.112999 0.295971
0.57148 0.0834272 9.9982E-05 0.0707389 9.9982E-05 0.0549714 0.219182
0.151916 0.0771877 0.0399263 0.541191 9.9991E-05 0.00868955 0.180989
0.114086 0.46659 0.0286945 0.264857 0.0257741 0.0743247 0.0256734
0.15724 0.546065 0.00821813 0.149945 0.0323201 0.0384346 0.0677773
9.9991E-05 0.0770731 0.0709863 0.583495 0.0141983 0.159686 0.0944614
9.9964E-05 9.9964E-05 0.0436594 0.119352 9.9964E-05 0.836588 9.9964E-05
9.9991E-05 0.285969 0.0315652 0.342223 0.0337535 0.172382 0.134007
9.9982E-05 0.303066 0.00112647 0.467346 9.9982E-05 0.135274 0.0929868
0.183787 0.0447722 0.0569939 0.524287 0.0384721 0.130577 0.0211101
0.0332454 0.116155 0.133008 0.469167 0.053125 0.113406 0.0818931
0.158429 0.24907 9.9982E-05 0.464455 0.00880947 0.119036 9.9982E-05
0.0623483 0.0971364 0.0661096 0.660455 0.0595804 0.0542704 9.9991E-05
0.175719 0.151535 9.9991E-05 0.427895 0.0434706 0.168763 0.0325174
9.9991E-05 0.219016 0.0111125 0.435102 0.0794457 0.151281 0.103942
9.9982E-05 0.332616 0.057976 0.515683 9.9982E-05 0.0532518 0.0402733
0.0212173 0.217378 9.9991E-05 0.535333 0.0364523 0.109415 0.0801038
0.0058739 0.162132 0.0213291 0.58857 0.0138748 0.141454 0.0667671
0.149966 0.350926 9.9973E-05 0.314747 9.9973E-05 0.184062 9.9973E-05
9.9982E-05 0.132002 0.0063369 0.74602 9.9982E-05 0.0923993 0.0230414
9.995E-05 9.995E-05 9.995E-05 9.995E-05 9.995E-05 0.9994 9.995E-05
0.0449027 0.170875 0.0565427 0.432046 0.0844219 0.200022 0.0111886
0.0304469 0.265522 0.0038423 0.561005 0.0122216 0.126862 9.9991E-05
0.00857972 0.122264 0.013915 0.585138 0.0342113 0.14881 0.0870809
0.029296 0.161384 9.9991E-05 0.513354 0.0109344 0.143889 0.141043
9.9982E-05 0.154921 9.9982E-05 0.63778 0.00484343 0.0576206 0.144635
9.9982E-05 0.225881 0.13095 0.464479 0.0801742 0.0983168 9.9982E-05
9.995E-05 0.9994 9.995E-05 9.995E-05 9.995E-05 9.995E-05 9.995E-05
9.995E-05 9.995E-05 9.995E-05 9.995E-05 9.995E-05 0.9994 9.995E-05
9.995E-05 0.9994 9.995E-05 9.995E-05 9.995E-05 9.995E-05 9.995E-05
0.0454679 0.0749416 9.9991E-05 0.633826 0.0549318 0.115202 0.0755308
0.0547292 0.19934 0.143662 0.401092 0.0285243 0.172553 9.9991E-05
0.015197 0.139606 0.0618047 0.525703 0.0357485 0.154866 0.0670739
9.9991E-05 0.232295 0.065687 0.55697 0.0266815 0.112136 0.0061303
9.9991E-05 0.19101 0.0193261 0.490849 0.0378007 0.118018 0.142896
9.9982E-05 9.9982E-05 0.0227373 0.096972 0.0452229 0.799901 0.0349664
0.0365822 0.136558 0.00443832 0.458963 0.10011 0.152962 0.110385
0.140101 0.0432458 0.15901 0.499704 0.0282829 0.129557 9.9991E-05
0.239659 0.183164 0.103274 0.365232 9.9982E-05 0.108471 9.9982E-05
0.0990347 0.22209 0.236488 0.241436 9.9982E-05 0.200751 9.9982E-05
0.179915 0.0930967 0.141685 0.422489 0.0392302 0.123483 9.9991E-05
0.222686 0.109063 0.177177 0.301075 9.9991E-05 0.175143 0.014756
0.22641 0.0108166 0.283472 0.280282 0.00814312 0.184421 0.00645547
0.15848 0.016021 0.228381 0.324106 0.0655971 0.153761 0.0536535
0.0594903 0.0783114 0.277955 0.342829 0.0786651 0.148485 0.014264
0.137986 0.0415013 0.233547 0.292746 0.0208422 0.150631 0.122747
0.112642 0.196397 0.117548 0.220249 0.0478055 0.187314 0.118045
0.128274 0.0760156 0.276158 0.333693 0.0107266 0.12954 0.0455918
0.800714 0.106045 0.014076 9.9991E-05 0.0327627 0.00716546 0.0391372
0.806238 9.9982E-05 0.0258366 9.9982E-05 0.031677 0.0710286 0.0650195
0.755438 0.0816891 0.0812254 0.023889 0.0140818 0.00384327 0.0398335
0.711222 0.00587225 0.00169563 9.9982E-05 0.104559 9.9982E-05 0.176451
0.717645 0.117037 0.0380811 9.9982E-05 0.0293613 9.9982E-05 0.0976758
0.789031 0.0247244 0.0959868 0.0534162 0.0131734 0.0220028 0.0016652
0.76944 0.0178094 0.00310551 9.9982E-05 9.9982E-05 0.0384012 0.171044
0.797541 0.0897331 0.0708743 9.9973E-05 9.9973E-05 0.0415521 9.9973E-05
0.600523 0.121006 0.0328077 0.0608654 0.0695037 0.0359986 0.079295
0.736196 0.0121383 0.00875305 9.9982E-05 9.9982E-05 0.102641 0.140072
0.681211 0.0745018 0.0734718 9.9982E-05 0.0290421 9.9982E-05 0.141574
0.700672 9.9982E-05 0.0404708 0.0295312 0.0287938 9.9982E-05 0.200333
0.653359 0.0557408 0.0711651 0.0755236 0.0194889 0.019515 0.105208
0.585087 9.9973E-05 9.9973E-05 0.165112 9.9973E-05 0.0581957 0.191305
0.701176 9.9982E-05 0.0617694 0.0905451 0.071274 0.0750357 9.9982E-05
0.742925 9.9973E-05 9.9973E-05 0.14254 0.0990646 9.9973E-05 0.0151707
0.835174 0.000394317 0.00546332 0.0476127 9.9991E-05 0.0378861 0.0733692
0.741778 9.9982E-05 9.9982E-05 0.102398 0.0887415 0.0543939 0.0124889
0.740641 9.9982E-05 0.0910098 9.9982E-05 0.0593278 0.0237233 0.0850984
0.760982 9.9991E-05 0.00429896 0.0763311 0.0198165 0.0402984 0.0981733
0.715852 0.0405666 0.0527626 0.0733546 0.0718926 0.0454714 9.9991E-05
0.832672 0.0876688 9.9973E-05 9.9973E-05 9.9973E-05 0.0515271 0.0278322
0.828154 0.0378002 0.00507091 0.0133012 0.00711323 0.108461 9.9991E-05
0.791737 0.0370807 9.9991E-05 0.102545 0.024407 0.027136 0.0169945
0.762123 9.9982E-05 0.0438117 0.03974 0.0299581 0.124167 9.9982E-05
0.756156 9.9982E-05 0.0717976 0.123489 0.0245352 0.0238227 9.9982E-05
0.770619 0.0610026 0.0769082 9.9991E-05 0.062689 0.0104044 0.0182771
0.638718 9.9991E-05 0.00753735 0.143683 0.0702408 0.0516647 0.0880565
0.686245 0.0646926 0.0748796 0.0379058 0.0118988 0.0290307 0.0953477
0.779422 0.0304903 0.0188712 9.9982E-05 9.9982E-05 0.0567436 0.114273
0.765649 9.9973E-05 0.00493148 9.9973E-05 9.9973E-05 0.0401345 0.188985
0.675456 9.9991E-05 0.0335941 0.0779917 0.0587621 0.0073059 0.14679
0.702096 9.9982E-05 0.099502 0.0877116 0.0168603 9.9982E-05 0.0936298
0.752814 0.046965 0.10313 9.9973E-05 9.9973E-05 0.0967905 9.9973E-05
0.799924 0.0701491 0.042483 0.0389568 0.0482874 9.9982E-05 9.9982E-05
0.1883 9.9991E-05 0.0533724 0.134626 0.0176306 0.0108948 0.595076
0.121012 9.9991E-05 0.106509 0.0189415 0.0420455 0.0849448 0.626447
0.019618 0.0119725 0.0330487 0.154822 0.0968822 0.0281133 0.655543
0.13253 9.9991E-05 0.0123214 0.212297 0.0148929 0.0426637 0.585195
0.107954 0.108032 0.0672323 0.0145389 0.108038 0.0203649 0.57384
0.0599946 0.0444442 0.112572 0.0203547 0.00262562 0.0914414 0.668567
9.9973E-05 9.9973E-05 0.0473078 0.109565 9.9973E-05 0.0271753 0.815652
0.0670118 0.00977466 0.203895 0.0813093 0.0681882 9.9991E-05 0.569721
