9.9973E-05 0.0292096 0.00105559 0.0874443 9.9973E-05 0.881991 9.9973E-05
9.9973E-05 9.9973E-05 0.0334682 0.194355 9.9973E-05 0.680287 0.0915903
9.9973E-05 9.9973E-05 0.0607227 0.136431 0.0549733 0.747574 9.9973E-05
9.9982E-05 9.9982E-05 0.0025783 0.075756 0.0943382 0.740208 0.08692
0.0621346 0.0809313 0.0059311 9.9982E-05 0.0691962 0.781607 9.9982E-05
0.0172183 9.9973E-05 9.9973E-05 9.9973E-05 0.0163503 0.87728 0.0888511
9.9973E-05 9.9973E-05 0.0071037 0.0210402 9.9973E-05 0.908443 0.0631129
0.111648 0.0339338 0.0138597 9.9982E-05 9.9982E-05 0.804865 0.035493
0.101128 9.9973E-05 9.9973E-05 9.9973E-05 0.0410274 0.728997 0.128548
0.0294992 0.0080465 9.9991E-05 0.00972479 0.0526464 0.814987 0.0849966
0.0459178 9.9973E-05 9.9973E-05 0.111013 9.9973E-05 0.771357 0.0714121
9.9982E-05 9.9982E-05 0.022401 0.0900827 0.120706 0.752305 0.0143058
0.180478 9.9973E-05 9.9973E-05 9.9973E-05 0.0241494 0.763394 0.0316788
0.051355 0.00316456 9.9991E-05 0.0762556 0.0796335 0.67853 0.110961
9.9964E-05 9.9964E-05 9.9964E-05 0.0551389 0.113111 0.831351 9.9964E-05
0.050511 9.9973E-05 0.0343384 9.9973E-05 9.9973E-05 0.848294 0.0665563
0.0535608 9.9955E-05 9.9955E-05 9.9955E-05 9.9955E-05 0.945939 9.9955E-05
9.9955E-05 0.0339869 9.9955E-05 9.9955E-05 9.9955E-05 0.965513 9.9955E-05
9.9955E-05 0.0543494 9.9955E-05 9.9955E-05 9.9955E-05 0.945151 9.9955E-05
0.0203825 9.9973E-05 9.9973E-05 0.0525593 0.075024 0.851734 9.9973E-05
9.995E-05 9.995E-05 0.9994 9.995E-05 9.995E-05 9.995E-05 9.995E-05
9.9982E-05 0.0340565 0.0658792 0.106084 0.78162 0.0121607 9.9982E-05
0.0272266 9.9973E-05 0.0335438 9.9973E-05 0.898166 0.0407641 9.9973E-05
9.9964E-05 0.115283 0.067752 9.9964E-05 0.816565 9.9964E-05 9.9964E-05
9.9955E-05 9.9955E-05 0.0622568 9.9955E-05 0.937243 9.9955E-05 9.9955E-05
9.9964E-05 9.9964E-05 0.0345936 9.9964E-05 0.960835 0.00417134 9.9964E-05
9.9964E-05 0.140567 0.0657484 9.9964E-05 0.793285 9.9964E-05 9.9964E-05
9.995E-05 9.995E-05 0.9994 9.995E-05 9.995E-05 9.995E-05 9.995E-05
0.0641419 9.9973E-05 0.0585949 9.9973E-05 0.873274 0.00368916 9.9973E-05
0.0555576 0.0327598 0.00259429 0.0741689 0.762933 0.028258 0.0437285
9.9973E-05 9.9973E-05 0.0581613 0.0355856 0.884411 9.9973E-05 0.0215421
0.0421607 0.0752545 0.0654233 9.9982E-05 0.787841 9.9982E-05 0.0291208
9.9982E-05 0.11941 0.0804614 9.9982E-05 0.706726 0.035595 0.057607
0.0628869 0.0288851 0.0506455 0.0974448 0.750182 9.9991E-05 0.00985609
0.135362 9.9982E-05 0.00484478 0.0883064 0.740166 0.0311213 9.9982E-05
9.9973E-05 9.9973E-05 9.9973E-05 0.321096 0.546685 0.0472092 0.0847099
0.0781693 0.167233 0.0290603 0.0169348 0.708403 9.9982E-05 9.9982E-05
0.136399 0.704545 0.0308855 0.039618 0.0643797 9.9991E-05 0.0240722
0.105483 0.650287 0.0121639 0.15825 9.9982E-05 9.9982E-05 0.0736167
0.134936 0.702014 9.9973E-05 9.9973E-05 0.133579 0.0291718 9.9973E-05
0.0722876 0.796193 9.9964E-05 9.9964E-05 0.131119 9.9964E-05 9.9964E-05
0.158036 0.779194 0.0209777 0.0281287 9.9982E-05 0.0134638 9.9982E-05
0.125191 0.771807 0.0301458 0.0725569 9.9973E-05 9.9973E-05 9.9973E-05
0.0729193 0.59418 0.00961568 0.0792637 9.9991E-05 0.0499296 0.193992
0.125163 0.72911 9.9982E-05 0.0468243 0.08607 0.0126335 9.9982E-05
0.0925583 0.704401 9.9982E-05 9.9982E-05 0.0326839 0.0778152 0.0923416
0.173282 0.793629 9.9964E-05 9.9964E-05 0.0326894 9.9964E-05 9.9964E-05
0.110188 0.814244 0.0145302 9.9982E-05 9.9982E-05 0.0152235 0.0456147
0.0665006 0.851052 0.0582141 9.9973E-05 9.9973E-05 0.0239333 9.9973E-05
0.0314082 0.785188 0.0384801 0.0945281 9.9982E-05 9.9982E-05 0.0501959
0.0775977 0.824267 0.0244189 9.99837E-05 0.0514115 9.99837E-05 0.0221054
0.0203214 0.898638 0.0140336 9.9973E-05 0.0667074 9.9973E-05 9.9973E-05
0.217794 0.761021 0.00531414 9.9973E-05 9.9973E-05 0.0155705 9.9973E-05
0.0241674 0.755352 0.0205402 0.122652 9.9982E-05 0.0770882 9.9982E-05
0.177984 0.703978 0.0533531 9.9973E-05 9.9973E-05 9.9973E-05 0.0643852
9.9982E-05 0.752368 0.00871722 0.195588 0.0364352 9.9982E-05 0.00669107
0.00743975 0.756274 0.0410266 0.112401 9.9991E-05 0.073745 0.00901325
0.19267 0.134733 9.9991E-05 0.46133 0.153529 0.00840441 0.0492338
9.9955E-05 9.9955E-05 0.00536922 0.994131 9.9955E-05 9.9955E-05 9.9955E-05
0.325675 0.0570492 9.9991E-05 0.514284 0.0276562 0.00418603 0.0710496
0.448878 0.0416478 9.9982E-05 0.431308 9.9982E-05 0.0211429 0.0568232
0.353628 9.9964E-05 9.9964E-05 0.603904 0.0420685 9.9964E-05 9.9964E-05
0.381998 0.17884 0.0193938 0.419468 9.9973E-05 9.9973E-05 9.9973E-05
0.994899 9.9955E-05 9.9955E-05 9.9955E-05 9.9955E-05 0.00460133 9.9955E-05
9.9964E-05 0.0161606 0.0206834 0.962756 9.9964E-05 9.9964E-05 9.9964E-05
0.297367 0.000842758 9.9982E-05 0.526475 9.9982E-05 0.089073 0.0860427
0.410697 0.0859938 0.0324148 0.256762 0.159445 0.054588 9.9991E-05
0.551261 0.00532446 0.0385225 0.252672 0.0796123 0.0303089 0.0422985
0.56347 9.9982E-05 0.0224251 0.280834 0.129645 0.00342593 9.9982E-05
0.377007 9.9982E-05 0.0155726 0.474222 0.0802071 0.0527909 9.9982E-05
0.363991 0.0164502 9.9973E-05 0.504486 0.114773 9.9973E-05 9.9973E-05
0.491321 0.0910361 9.9973E-05 0.365359 0.0519832 9.9973E-05 9.9973E-05
0.317066 9.9982E-05 0.0233116 0.574893 0.0659326 0.0185971 9.9982E-05
0.142963 9.9973E-05 9.9973E-05 0.550165 0.269231 9.9973E-05 0.0373408
0.447119 0.275509 0.0390854 0.147084 0.0768485 0.0142541 9.9991E-05
0.312842 0.190622 0.00789787 0.369738 0.0433736 0.053872 0.0216539
0.187226 0.503601 9.9973E-05 0.219999 9.9973E-05 0.0888739 9.9973E-05
0.992486 9.9964E-05 0.000318744 9.9964E-05 9.9964E-05 9.9964E-05 0.00679533
0.321264 0.212695 0.059584 0.330836 0.0240352 0.0246893 0.0268967
0.478532 0.13361 0.00284381 0.368917 9.9982E-05 9.9982E-05 0.0158974
0.43707 0.1206 0.0173693 0.204286 0.135922 0.0846519 9.9991E-05
0.387814 0.0173243 0.0190533 0.445744 0.0363585 0.0695015 0.0242044
0.422748 0.065026 9.9973E-05 0.438512 9.9973E-05 0.0734146 9.9973E-05
0.239008 0.163897 0.0257305 0.2574 0.0967589 9.9991E-05 0.217105
0.0519921 0.10248 9.9973E-05 0.201713 9.9973E-05 9.9973E-05 0.643515
0.153622 0.140144 0.00121836 0.428692 0.0739612 0.00384286 0.19852
0.501236 0.078082 0.0100355 0.294508 0.0104707 0.0476878 0.0579794
0.403169 0.11968 9.9991E-05 0.302839 0.0677339 0.0080941 0.0983843
0.380501 0.117855 9.9991E-05 0.371375 0.0879023 0.00598843 0.0362788
0.18626 9.9964E-05 0.00506349 0.808277 9.9964E-05 9.9964E-05 9.9964E-05
0.54685 0.0389047 9.9982E-05 0.322959 0.0867117 9.9982E-05 0.00437499
0.505644 0.0614737 9.9982E-05 0.346937 0.0600537 9.9982E-05 0.0256919
9.9982E-05 9.9982E-05 0.0205655 0.757489 0.0642377 0.0373451 0.120163
0.202495 0.0291489 0.0105342 0.535776 0.121875 0.0443237 0.0558481
0.126572 9.9973E-05 9.9973E-05 0.707108 0.0292099 9.9973E-05 0.13681
0.172285 9.9991E-05 0.0459653 0.616699 0.0649332 0.0808267 0.0191913
0.300802 0.0644932 0.0263097 0.418855 9.9991E-05 0.0479439 0.141496
0.465892 0.144173 0.00366632 0.320058 9.9982E-05 0.0660107 9.9982E-05
0.379053 0.0940033 9.9982E-05 0.43189 0.0825131 0.0123406 9.9982E-05
0.330592 0.114437 0.0145336 0.540138 9.9973E-05 9.9973E-05 9.9973E-05
0.273668 0.0468707 0.0113823 0.49212 0.163819 0.0031785 0.00896092
0.504672 9.9982E-05 0.0330878 0.309597 9.9982E-05 0.0367058 0.115738
0.337302 0.0443092 9.9982E-05 0.540366 9.9982E-05 0.0190963 0.0587266
0.9994 9.995E-05 9.995E-05 9.995E-05 9.995E-05 9.995E-05 9.995E-05
0.422243 0.0536426 0.0279229 0.407839 0.0124379 0.0504539 0.0254603
0.277528 0.0132608 0.0117464 0.624088 0.0427403 9.9991E-05 0.030536
0.385654 0.0352041 0.00342809 0.405993 9.9991E-05 0.0551627 0.114459
0.39207 0.207108 9.9982E-05 0.379716 0.00160694 9.9982E-05 0.0192991
0.251028 0.0981056 0.00701923 0.528799 0.114848 9.9982E-05 9.9982E-05
0.258928 0.0668767 0.0202454 0.482395 0.119204 0.0522508 9.9991E-05
0.973453 9.9955E-05 0.0260471 9.9955E-05 9.9955E-05 9.9955E-05 9.9955E-05
0.9994 9.995E-05 9.995E-05 9.995E-05 9.995E-05 9.995E-05 9.995E-05
0.980951 9.99549E-05 0.0185496 9.99549E-05 9.99549E-05 9.99549E-05 9.99549E-05
0.172214 0.0335308 0.0149846 0.688937 9.9991E-05 0.025494 0.0647391
0.239089 9.9982E-05 0.0417092 0.638857 9.9982E-05 0.0201035 0.0600418
0.300576 9.9982E-05 9.9982E-05 0.448624 0.090771 0.102886 0.0569431
0.408123 0.0838113 0.0296196 0.410121 9.9982E-05 0.0681254 9.9982E-05
0.594243 0.151405 9.9982E-05 0.18154 0.0556398 0.0169721 9.9982E-05
0.0516153 9.9964E-05 0.0221876 0.925797 9.9964E-05 9.9964E-05 9.9964E-05
0.317487 0.0985768 9.9991E-05 0.43649 0.0288758 0.0502786 0.0681924
0.237714 9.9991E-05 0.00154189 0.395408 0.278953 0.00676014 0.0795226
0.455317 9.9973E-05 9.9973E-05 0.16845 0.219778 9.9973E-05 0.156156
0.442129 9.9982E-05 0.0272431 0.111958 0.411671 9.9982E-05 0.00679961
0.13117 9.9982E-05 0.00651902 0.503645 0.235828 9.9982E-05 0.122638
0.317243 9.9973E-05 9.9973E-05 0.231167 0.253054 9.9973E-05 0.198237
0.354291 9.9982E-05 9.9982E-05 0.0737373 0.390641 0.0221823 0.158948
0.337421 0.0104252 9.9991E-05 0.0982081 0.361201 0.0544479 0.138197
0.378551 9.9982E-05 9.9982E-05 0.0693585 0.432529 0.0770494 0.0423122
0.506397 0.0607753 0.0112601 0.0158512 0.264976 9.9991E-05 0.140641
0.351341 0.0213113 0.000312118 0.258464 0.283564 0.0205016 0.0645061
0.276888 0.0986325 9.9982E-05 0.189851 0.434046 9.9982E-05 0.000382602
0.0789874 0.0624374 0.00263607 9.9982E-05 0.116466 9.9982E-05 0.739273
0.065726 0.0737978 9.9982E-05 9.9982E-05 0.0737023 0.0415045 0.745069
9.9991E-05 0.0712181 0.0251304 0.0472705 0.0757777 0.0316107 0.748893
9.9982E-05 0.0816033 0.00174375 9.9982E-05 0.0852292 0.0386768 0.792547
0.0132766 0.0980006 0.0693245 0.0746032 9.9991E-05 0.0453942 0.699301
0.0165904 0.0137654 0.0248596 0.10098 0.114663 0.0244469 0.704695
0.0238955 0.0976784 0.00980831 9.9982E-05 0.115329 9.9982E-05 0.753089
0.139071 9.9973E-05 0.0432723 9.9973E-05 0.0673532 9.9973E-05 0.750004
0.0554995 0.0902274 0.0408425 0.189428 9.9991E-05 0.0400634 0.583839
9.9982E-05 0.196473 0.00507015 9.9982E-05 0.104598 0.0321365 0.661522
0.0762788 0.0425025 0.0533945 9.9982E-05 9.9982E-05 0.0513837 0.776241
9.9991E-05 0.153136 0.0045325 0.0338179 0.0146849 0.0173145 0.776414
0.0174658 0.182802 0.0513195 0.08884 9.9991E-05 0.037417 0.622056
0.0153043 0.191376 9.9982E-05 0.223925 9.9982E-05 0.00321886 0.565976
9.9982E-05 9.9982E-05 0.023612 0.128295 0.100229 0.100642 0.647022
9.9982E-05 0.0327868 0.002231 0.159015 9.9982E-05 0.0737493 0.732018
0.0260434 0.101705 9.9973E-05 9.9973E-05 0.0714753 9.9973E-05 0.800476
0.044206 0.00704351 0.0236128 0.0604466 9.9991E-05 0.0585157 0.806075
9.9982E-05 0.114961 0.0560399 9.9982E-05 0.0559527 0.0751906 0.697656
9.9973E-05 0.0531933 0.0436086 0.150021 9.9973E-05 9.9973E-05 0.752877
0.0554362 9.9982E-05 0.0294718 0.0944553 9.9982E-05 0.0489648 0.771472
0.214191 0.00527793 0.0131579 9.9982E-05 0.0521212 9.9982E-05 0.715052
0.0079239 9.9991E-05 0.000304222 0.126847 0.0419478 0.0270483 0.795829
9.9982E-05 9.9982E-05 0.0162015 0.166608 0.0196728 0.0292524 0.768065
0.0266815 9.9991E-05 0.00220851 0.100419 0.151943 0.0205087 0.69814
9.9973E-05 0.00582331 9.9973E-05 0.140596 0.151946 9.9973E-05 0.701335
9.9991E-05 0.0135822 0.0247075 0.126178 0.0982429 0.0396295 0.69756
0.0606075 0.051555 9.9991E-05 0.126694 0.0457917 0.0719392 0.643312
0.0215215 0.0784475 0.0329088 0.117763 0.0353839 0.0391783 0.674797
9.9973E-05 0.0347846 9.9973E-05 0.0709387 0.144105 9.9973E-05 0.749872
0.0240614 0.075401 9.9982E-05 0.0307502 0.0441456 9.9982E-05 0.825442
0.00400763 0.152434 0.0167798 0.0773302 0.0597848 0.0675995 0.622064
9.9991E-05 0.0843178 0.00431591 0.0527517 0.154335 0.0157714 0.688409
0.0132581 9.9982E-05 0.0147651 0.0519033 0.124852 9.9982E-05 0.795021
9.99768E-05 9.99768E-05 0.0369268 0.134353 9.99768E-05 0.044685 0.783735
9.9982E-05 0.641829 0.0215507 0.180722 9.9982E-05 0.0147703 0.140929
9.9991E-05 0.507965 0.0188216 0.258318 0.0459928 0.0254647 0.143338
9.9982E-05 0.615991 0.00332436 0.23359 9.9982E-05 0.0631073 0.0837876
9.9982E-05 0.563772 0.0447701 0.196564 9.9982E-05 0.0489093 0.145785
0.0931781 0.560431 0.0172704 0.086483 0.0828539 0.100631 0.0591522
0.0623198 0.696204 0.0377895 9.9982E-05 0.114837 9.9982E-05 0.0886501
9.9982E-05 0.764243 0.00380139 0.101932 0.0746109 9.9982E-05 0.0552123
9.9991E-05 0.592176 0.0251228 0.0727333 0.167333 0.0571246 0.0854101
