0.986652 0.0058542 0.00749381
0.840736 0.132297 0.0269671
0.841399 0.149487 0.00911413
0.88522 0.11468 9.9991E-05
0.890714 0.108357 0.000929256
0.910785 0.0891152 9.9991E-05
0.927059 0.0728412 9.9991E-05
0.869556 0.105389 0.0250544
0.859177 0.103537 0.0372856
0.888188 0.0956934 0.0161181
0.846742 0.153158 9.9991E-05
0.868029 0.131871 9.9991E-05
0.826955 0.112019 0.0610257
0.832514 0.167386 9.9991E-05
0.867616 0.132284 9.9991E-05
0.893868 0.0936167 0.0125153
0.972912 9.9991E-05 0.026988
0.962361 9.9991E-05 0.0375392
0.94577 9.9991E-05 0.0541305
0.92696 9.9991E-05 0.0729396
0.0558001 0.727027 0.217173
0.0625536 0.720109 0.217338
0.08678 0.705255 0.207965
0.019344 0.715986 0.26467
0.0623659 0.708973 0.228661
0.0381679 0.683415 0.278417
0.0267612 0.73216 0.241079
0.0824383 0.749116 0.168446
0.0223559 0.719424 0.25822
0.058781 0.588969 0.35225
0.0261931 0.774438 0.199369
0.0453089 0.629149 0.325542
0.07045 0.635928 0.293622
0.0289584 0.630732 0.34031
0.052306 0.563689 0.384005
0.0857998 0.608086 0.306114
0.0133412 0.573116 0.413543
0.0632503 0.535583 0.401167
0.0537788 0.471551 0.47467
0.0925077 0.504938 0.402554
0.0572287 0.535205 0.407567
0.0788282 0.510523 0.410649
0.108183 0.515135 0.376682
0.103557 0.594733 0.30171
0.0616341 0.510698 0.427667
0.146332 0.567831 0.285837
0.0555935 0.471954 0.472452
0.0465433 0.540792 0.412665
0.109813 0.521162 0.369025
0.0589924 0.572063 0.368944
0.0394781 0.557417 0.403104
0.0428104 0.572295 0.384895
0.0589592 0.485882 0.455159
0.124745 0.434812 0.440442
0.0820398 0.519209 0.398751
0.0862161 0.524639 0.389145
0.121925 0.5177 0.360375
0.0432389 0.175062 0.781699
0.0536845 9.9991E-05 0.946216
0.0627357 0.124586 0.812678
0.0640042 0.0692475 0.866748
9.9991E-05 0.0486707 0.951229
0.0603647 0.0713443 0.868291
0.0411153 0.0250595 0.933825
0.0036213 0.00153691 0.994842
0.146632 0.0768736 0.776494
0.0698293 0.092114 0.838057
0.0358796 0.0757356 0.888385
0.0351134 0.0645533 0.900333
0.0679584 0.0455961 0.886445
0.0388961 9.9991E-05 0.961004
0.0302786 0.0649831 0.904738
0.0277034 0.0639926 0.908304
0.0407753 0.196516 0.762709
9.9991E-05 0.262649 0.737251
0.0575948 0.150531 0.791875
0.116582 0.187771 0.695647
0.0323522 9.9991E-05 0.967548
0.0817246 0.0979841 0.820291
9.9991E-05 0.110848 0.889052
0.0643423 0.0971854 0.838472
0.0876969 0.0991072 0.813196
0.0504846 9.9991E-05 0.949415
0.0623345 0.373024 0.564641
0.0398549 0.691432 0.268713
0.0483556 0.305258 0.646386
0.0520623 0.151657 0.796281
0.0150868 0.201457 0.783456
0.0420894 0.0905721 0.867339
0.0499788 0.0509853 0.899036
0.0789159 0.112645 0.808439
0.00734333 0.085824 0.906833
0.0872286 0.251478 0.661294
0.0997473 0.193018 0.707234
0.0669893 0.173579 0.759431
0.107713 0.165809 0.726478
0.0867779 0.135303 0.77792
0.0712112 0.0402534 0.888535
0.0529074 0.0312828 0.91581
0.0496671 9.9991E-05 0.950233
0.0721432 0.102415 0.825442
0.0427842 0.130986 0.82623
0.047603 0.0287731 0.923624
0.0464326 9.9991E-05 0.953467
0.113921 0.0979449 0.788134
0.0567618 0.027757 0.915481
0.11093 0.107057 0.782013
0.0412942 0.101763 0.856942
0.073881 0.103465 0.822654
0.0517263 0.133021 0.815253
0.0105682 9.9991E-05 0.989332
0.0163464 9.9991E-05 0.983554
0.00989426 0.0180241 0.972082
0.0417439 0.142898 0.815358
0.0762834 0.171231 0.752486
0.0928047 0.107315 0.79988
0.0901324 0.0408864 0.868981
0.0578941 0.00608159 0.936024
0.0993104 0.109334 0.791356
0.124116 0.0927855 0.783099
0.056887 0.335101 0.608013
0.0124836 0.342165 0.645352
0.0692289 0.345885 0.584886
0.112031 0.36082 0.52715
0.0881354 0.337605 0.574259
0.0463116 0.391609 0.562079
0.0749114 0.371579 0.553509
0.119956 0.316194 0.56385
0.0488861 0.417647 0.533467
0.0485301 0.383759 0.567711
0.00280057 0.3571 0.640099
0.0618117 0.880622 0.0575664
0.0901625 0.838996 0.0708415
0.0979273 0.881287 0.0207857
0.132402 0.85646 0.0111382
0.0752836 0.888816 0.0359
0.0745794 0.878891 0.0465299
0.068969 0.923894 0.00713745
0.0299314 0.860257 0.109812
0.122082 0.832083 0.0458344
0.0509977 0.822457 0.126546
0.0959037 0.881454 0.0226426
0.09388 0.876602 0.029518
0.0970789 0.878432 0.0244891
0.0779687 0.847239 0.0747923
0.132452 0.840801 0.0267467
0.126751 0.873149 9.9991E-05
0.0688342 0.871878 0.0592877
0.129582 0.847615 0.0228034
0.106415 0.893485 9.9991E-05
0.0807661 0.890937 0.0282969
0.131001 0.868899 9.9991E-05
0.0546537 0.841862 0.103485
0.0750227 0.90517 0.0198076
0.0931024 0.898717 0.00818083
0.0893617 0.910538 9.9991E-05
0.0883881 0.87775 0.0338618
0.0881857 0.899607 0.0122077
0.145809 0.848896 0.00529483
0.121408 0.868092 0.0104997
0.0357889 0.933063 0.0311484
0.0307473 0.953322 0.0159308
0.125781 0.874119 9.9991E-05
0.0559973 0.902933 0.0410695
0.0484695 0.915762 0.0357688
0.107726 0.892174 9.9991E-05
0.107838 0.746605 0.145557
0.111267 0.71204 0.176693
0.150267 0.654211 0.195522
0.203052 0.671602 0.125346
0.175123 0.623686 0.201192
0.0877416 0.68132 0.230938
0.0950907 0.698487 0.206422
0.182016 0.671149 0.146834
