9.98739E-05 9.98739E-05 9.98739E-05 9.98739E-05 9.98739E-05 9.98739E-05 9.98739E-05 9.98739E-05 9.98739E-05 9.98739E-05 0.998602 9.98739E-05 9.98739E-05 9.98739E-05 9.98739E-05
0.727311 9.9928E-05 9.9928E-05 9.9928E-05 9.9928E-05 0.0222477 0.012327 0.0151162 9.9928E-05 0.0894235 9.9928E-05 9.9928E-05 0.058162 0.0746133 9.9928E-05
0.721228 0.0788023 0.0508322 9.9937E-05 0.0045115 9.9937E-05 0.0174422 9.9937E-05 0.0191554 9.9937E-05 0.0791542 9.9937E-05 0.0281747 9.9937E-05 9.9937E-05
0.770366 0.012575 0.00284737 0.0161462 0.00534182 9.9955E-05 0.0165718 9.9955E-05 0.0128122 9.9955E-05 9.9955E-05 0.0539065 0.0550063 9.9955E-05 0.0539274
0.737577 0.0312974 9.9946E-05 9.9946E-05 0.00770895 9.9946E-05 0.0121109 0.0187839 0.00662218 9.9946E-05 0.0440809 0.0951729 0.0460465 9.9946E-05 9.9946E-05
0.86779 0.0619045 9.9937E-05 0.0113269 0.00687355 0.00802671 9.9937E-05 0.0161043 9.9937E-05 9.9937E-05 9.9937E-05 9.9937E-05 0.0170155 9.9937E-05 0.0102586
9.98738E-05 9.98738E-05 9.98738E-05 9.98738E-05 9.98738E-05 9.98738E-05 9.98738E-05 9.98738E-05 9.98738E-05 9.98738E-05 0.998602 9.98738E-05 9.98738E-05 9.98738E-05 9.98738E-05
0.74163 0.00894921 0.00820173 0.0105578 9.9946E-05 0.0144801 9.9946E-05 9.9946E-05 0.0166223 9.9946E-05 0.0834964 0.112552 0.00291168 9.9946E-05 9.9946E-05
0.663091 0.111594 9.9937E-05 9.9937E-05 0.00837745 0.0150641 0.0304919 9.9937E-05 0.00406656 9.9937E-05 0.0721312 9.9937E-05 0.0944844 9.9937E-05 9.9937E-05
0.766944 0.0164175 0.0059633 0.0262869 9.99369E-05 9.99369E-05 0.00410883 9.99369E-05 9.99369E-05 9.99369E-05 0.0375691 0.02711 9.99369E-05 9.99369E-05 0.114901
0.728619 0.163146 0.0364999 9.9937E-05 0.0295157 0.0019808 0.00597924 9.9937E-05 9.9937E-05 9.9937E-05 9.9937E-05 9.9937E-05 0.0252764 0.00828297 9.9937E-05
0.645783 0.136163 0.012432 9.99369E-05 0.0175897 9.99369E-05 0.0239848 9.99369E-05 0.0160008 9.99369E-05 0.0658948 9.99369E-05 9.99369E-05 9.99369E-05 0.0814525
0.695476 0.128068 0.0125725 0.0102727 9.9946E-05 0.0256628 9.9946E-05 0.0528348 0.0034468 9.9946E-05 0.0590133 9.9946E-05 9.9946E-05 0.0120533 9.9946E-05
0.665484 9.9946E-05 0.0306854 9.9946E-05 9.9946E-05 0.0144423 9.9946E-05 0.0116443 9.9946E-05 0.00124474 9.9946E-05 0.101613 0.038313 0.0130863 0.122887
0.798086 0.00509999 0.0239205 9.9946E-05 9.9946E-05 9.9946E-05 0.0450991 9.9946E-05 0.00862912 9.9946E-05 0.00688954 9.9946E-05 0.0129115 0.0470751 0.0516897
0.857072 9.99116E-05 9.99116E-05 9.99116E-05 9.99116E-05 0.0164565 9.99116E-05 0.023207 9.99116E-05 9.99116E-05 0.00824218 9.99116E-05 0.0940233 9.99116E-05 9.99116E-05
0.915198 9.991E-05 9.991E-05 0.0102956 0.0239814 9.991E-05 9.991E-05 9.991E-05 9.991E-05 0.0357426 0.0137831 9.991E-05 9.991E-05 9.991E-05 9.991E-05
0.904646 9.9883E-05 9.9883E-05 9.9883E-05 9.9883E-05 9.9883E-05 9.9883E-05 9.9883E-05 9.9883E-05 0.0940551 9.9883E-05 9.9883E-05 9.9883E-05 9.9883E-05 9.9883E-05
0.816943 9.991E-05 9.991E-05 9.991E-05 9.991E-05 0.014506 9.991E-05 0.031468 9.991E-05 0.0564958 0.0795882 9.991E-05 9.991E-05 9.991E-05 9.991E-05
0.888996 9.991E-05 9.991E-05 0.0163256 0.00976187 9.991E-05 0.00338929 9.991E-05 9.991E-05 0.0805285 9.991E-05 9.991E-05 9.991E-05 9.991E-05 9.991E-05
9.98739E-05 9.98739E-05 0.998602 9.98739E-05 9.98739E-05 9.98739E-05 9.98739E-05 9.98739E-05 9.98739E-05 9.98739E-05 9.98739E-05 9.98739E-05 9.98739E-05 9.98739E-05 9.98739E-05
9.9937E-05 0.291781 0.583541 9.9937E-05 9.9937E-05 0.0250551 0.00259443 9.9937E-05 0.00663882 9.9937E-05 0.00738271 9.9937E-05 9.9937E-05 0.0135753 0.0687323
9.9928E-05 0.162331 0.586059 0.0246407 9.9928E-05 0.0132813 9.9928E-05 0.0936188 9.9928E-05 9.9928E-05 0.0260363 9.9928E-05 9.9928E-05 9.9928E-05 0.0932329
0.0172858 0.126619 0.677467 0.0081264 0.0152089 9.9937E-05 0.0210763 0.0525828 9.9937E-05 0.0809341 9.9937E-05 9.9937E-05 9.9937E-05 9.9937E-05 9.9937E-05
0.0145515 0.0562083 0.867032 0.0147316 9.991E-05 9.991E-05 9.991E-05 9.991E-05 9.991E-05 9.991E-05 9.991E-05 9.991E-05 9.991E-05 0.0464773 9.991E-05
9.9937E-05 0.0523084 0.764805 0.00997235 0.0319274 9.9937E-05 9.9937E-05 0.0749492 0.0072725 9.9937E-05 0.0458559 9.9937E-05 0.0122094 9.9937E-05 9.9937E-05
9.9928E-05 0.155742 0.599402 9.9928E-05 9.9928E-05 9.9928E-05 9.9928E-05 0.0930925 0.00257973 9.9928E-05 0.0342778 0.0701457 0.0439603 9.9928E-05 9.9928E-05
9.98738E-05 9.98738E-05 0.998602 9.98738E-05 9.98738E-05 9.98738E-05 9.98738E-05 9.98738E-05 9.98738E-05 9.98738E-05 9.98738E-05 9.98738E-05 9.98738E-05 9.98738E-05 9.98738E-05
9.99201E-05 9.99201E-05 0.669794 0.0126137 9.99201E-05 9.99201E-05 0.010094 0.000488048 9.99201E-05 0.0665645 9.99201E-05 9.99201E-05 0.140571 0.0990755 9.99201E-05
9.9946E-05 0.078481 0.516484 0.00140062 9.9946E-05 0.009274 0.00587512 0.0374909 9.9946E-05 9.9946E-05 9.9946E-05 0.162306 9.9946E-05 0.106573 0.0815159
9.9946E-05 0.0370198 0.670725 9.9946E-05 0.0231541 9.9946E-05 0.0149669 0.0028912 0.00232578 9.9946E-05 9.9946E-05 0.0440362 0.129029 0.075252 9.9946E-05
9.9955E-05 9.9955E-05 0.65069 0.0127378 0.0227441 9.9955E-05 0.00355545 0.0913719 0.00310027 0.103781 0.0114044 0.0203632 0.079752 9.9955E-05 9.9955E-05
0.0468091 9.99201E-05 0.623363 9.99201E-05 9.99201E-05 0.026731 9.99201E-05 9.99201E-05 9.99201E-05 9.99201E-05 0.00379468 0.232377 0.0408321 9.99201E-05 0.0252941
9.99369E-05 9.99369E-05 0.592461 0.0064401 9.99369E-05 0.0614178 9.99369E-05 9.99369E-05 0.0362557 9.99369E-05 9.99369E-05 0.120246 0.102663 0.0748241 0.00499191
0.0331396 9.9946E-05 0.546387 0.0181702 9.9946E-05 0.00254392 0.0198547 9.9946E-05 0.00349681 0.13383 9.9946E-05 9.9946E-05 0.0414612 0.200517 9.9946E-05
0.0409433 0.151541 0.388589 9.9955E-05 0.00677615 0.0290898 0.0927281 9.9955E-05 0.0613628 9.9955E-05 0.0043708 9.9955E-05 0.157327 0.0667728 9.9955E-05
9.9964E-05 9.9964E-05 0.575289 0.000162633 0.0078179 9.9964E-05 0.00909958 0.0598659 0.0578533 0.184732 9.9964E-05 0.00848362 0.0147137 0.0673685 0.0142144
9.9928E-05 0.106358 9.9928E-05 9.9928E-05 9.9928E-05 0.0030636 0.00677836 0.157643 9.9928E-05 0.652859 9.9928E-05 0.0187065 9.9928E-05 9.9928E-05 0.0537928
9.9955E-05 0.0127477 9.9955E-05 9.9955E-05 0.000206096 0.0162108 0.0203307 0.033375 9.9955E-05 0.483917 0.0209501 0.309873 9.9955E-05 0.0699853 0.0319046
0.037208 0.0374959 9.9946E-05 9.9946E-05 0.00201948 0.0117801 9.9946E-05 0.00410805 0.0089553 0.179651 9.9946E-05 0.691282 9.9946E-05 0.0269003 9.9946E-05
9.99285E-05 9.99285E-05 9.99285E-05 9.99285E-05 0.00837187 9.99285E-05 9.99285E-05 9.99285E-05 9.99285E-05 0.891391 0.0329746 0.00885627 0.0131856 0.0316847 0.0127364
9.9928E-05 0.0145064 9.9928E-05 0.00254558 9.9928E-05 0.0277161 0.0285818 9.9928E-05 0.0406813 0.828227 9.9928E-05 9.9928E-05 0.056942 9.9928E-05 9.9928E-05
9.9883E-05 9.9883E-05 9.9883E-05 9.9883E-05 9.9883E-05 9.9883E-05 9.9883E-05 9.9883E-05 0.0025397 9.9883E-05 9.9883E-05 0.996162 9.9883E-05 9.9883E-05 9.9883E-05
0.0187857 0.20144 9.9973E-05 0.000481248 9.9973E-05 0.04085 0.00161545 0.0136725 0.00374906 0.104337 0.0119799 0.500164 0.00274983 9.9973E-05 0.0998743
9.9892E-05 9.9892E-05 9.9892E-05 9.9892E-05 9.9892E-05 0.00782321 0.0244134 9.9892E-05 9.9892E-05 9.9892E-05 9.9892E-05 0.966565 9.9892E-05 9.9892E-05 9.9892E-05
0.0231973 0.145681 9.9937E-05 0.00510412 9.9937E-05 9.9937E-05 0.0118469 0.0973719 9.9937E-05 0.260433 9.9937E-05 0.42326 0.0324062 9.9937E-05 9.9937E-05
9.9919E-05 9.9919E-05 9.9919E-05 0.00524842 0.0114704 9.9919E-05 9.9919E-05 9.9919E-05 9.9919E-05 0.884549 9.9919E-05 0.0123085 0.00593633 0.0795883 9.9919E-05
9.9937E-05 0.0336821 9.9937E-05 0.00504616 9.9937E-05 0.0159043 0.00167857 9.9937E-05 0.0170829 0.852803 0.00411418 9.9937E-05 9.9937E-05 9.9937E-05 0.0689889
9.9928E-05 9.9928E-05 0.0202018 9.9928E-05 0.000502984 0.0142515 9.9928E-05 9.9928E-05 0.00679163 0.695887 0.0169217 0.244644 9.9928E-05 9.9928E-05 9.9928E-05
9.9919E-05 0.422753 9.9919E-05 0.0179173 9.9919E-05 0.015584 9.9919E-05 0.0710489 9.9919E-05 0.286259 9.9919E-05 0.185538 9.9919E-05 9.9919E-05 9.9919E-05
9.9919E-05 0.0460339 9.9919E-05 9.9919E-05 0.0231176 9.9919E-05 9.9919E-05 9.9919E-05 9.9919E-05 0.638981 0.0348719 0.195411 9.9919E-05 9.9919E-05 0.0606855
9.9919E-05 9.9919E-05 9.9919E-05 9.9919E-05 0.00340227 0.00128023 9.9919E-05 9.9919E-05 0.00266572 0.96039 0.00648036 9.9919E-05 0.0248819 9.9919E-05 9.9919E-05
9.98919E-05 9.98919E-05 9.98919E-05 0.0622834 9.98919E-05 0.0471536 9.98919E-05 9.98919E-05 9.98919E-05 0.889364 9.98919E-05 9.98919E-05 9.98919E-05 9.98919E-05 9.98919E-05
0.0603678 9.9928E-05 9.9928E-05 9.9928E-05 0.0189831 9.9928E-05 0.0195327 9.9928E-05 9.9928E-05 0.770587 0.000386332 0.126892 9.9928E-05 0.00245154 9.9928E-05
0.00219985 9.99279E-05 9.99279E-05 0.00781978 0.00641943 0.00878597 9.99279E-05 0.00200791 9.99279E-05 0.0563858 9.99279E-05 0.915582 9.99279E-05 9.99279E-05 9.99279E-05
9.991E-05 0.0390253 0.0199998 9.991E-05 0.0379457 9.991E-05 9.991E-05 9.991E-05 9.991E-05 9.991E-05 9.991E-05 0.869437 9.991E-05 9.991E-05 0.0325935
0.0278969 9.9901E-05 0.0176525 0.0243243 9.9901E-05 9.9901E-05 9.9901E-05 9.9901E-05 9.9901E-05 9.9901E-05 9.9901E-05 0.929027 9.9901E-05 9.9901E-05 9.9901E-05
0.0428211 9.9964E-05 0.00107117 9.9964E-05 0.0106752 9.9964E-05 0.0354221 0.115786 0.00865862 0.0641533 0.00128806 0.22013 9.9964E-05 0.441337 0.0582579
9.98738E-05 9.98738E-05 9.98738E-05 9.98738E-05 9.98738E-05 9.98738E-05 9.98738E-05 9.98738E-05 0.998602 9.98738E-05 9.98738E-05 9.98738E-05 9.98738E-05 9.98738E-05 9.98738E-05
9.9955E-05 0.0562135 9.9955E-05 0.0520887 0.00305441 0.0536191 0.0383958 0.0641912 9.9955E-05 9.9955E-05 0.0372651 0.0974267 9.9955E-05 0.472026 0.12522
0.0293281 0.0605236 9.9964E-05 0.0216296 9.9964E-05 0.0311274 0.0569485 0.0572932 0.00870392 0.0842383 0.014613 9.9964E-05 9.9964E-05 0.595502 0.0396921
9.995E-05 0.0618782 9.995E-05 0.0136307 0.0137256 0.00288697 0.0404638 0.0473388 0.0535116 9.995E-05 9.995E-05 0.00841072 0.044145 0.713509 9.995E-05
0.00114893 9.9946E-05 9.9946E-05 0.0160276 0.0323494 9.9946E-05 0.00441559 0.0607207 0.00139351 0.236972 9.9946E-05 9.9946E-05 9.9946E-05 0.635133 0.0112401
9.98738E-05 9.98738E-05 9.98738E-05 9.98738E-05 9.98738E-05 0.998602 9.98738E-05 9.98738E-05 9.98738E-05 9.98738E-05 9.98738E-05 9.98738E-05 9.98738E-05 9.98738E-05 9.98738E-05
9.98738E-05 9.98738E-05 9.98738E-05 9.98738E-05 9.98738E-05 9.98738E-05 9.98738E-05 9.98738E-05 0.998602 9.98738E-05 9.98738E-05 9.98738E-05 9.98738E-05 9.98738E-05 9.98738E-05
0.05769 0.162432 9.9955E-05 9.9955E-05 0.0359194 0.0373001 0.00840312 9.9955E-05 0.0213608 9.9955E-05 0.0245412 0.122232 9.9955E-05 0.515586 0.0140356
0.00550721 9.9964E-05 0.0749968 0.012144 0.0321449 0.0450206 9.9964E-05 0.122147 0.0284105 9.9964E-05 0.0344034 0.133 9.9964E-05 0.420349 0.0914766
0.037087 9.9964E-05 0.0174742 0.0362848 0.0320723 0.0465455 9.9964E-05 0.100458 0.0536973 9.9964E-05 0.00885045 0.1066 9.9964E-05 0.513612 0.0469184
9.9946E-05 9.9946E-05 0.0760039 0.0357768 0.017944 0.0460361 0.0161184 0.184973 0.0346276 9.9946E-05 9.9946E-05 0.0723242 9.9946E-05 0.515597 9.9946E-05
0.0328761 0.0154673 0.0468424 0.0621297 0.0319825 0.0485681 0.0178318 0.0747937 0.105158 9.9982E-05 0.0140707 9.9982E-05 0.0264738 0.50177 0.0218356
9.9937E-05 9.9937E-05 9.9937E-05 9.9937E-05 0.0311829 0.0304597 0.0117683 0.142502 0.0383232 9.9937E-05 0.0522141 0.158811 9.9937E-05 0.53404 9.9937E-05
9.9928E-05 9.9928E-05 9.9928E-05 9.9928E-05 0.0303613 0.0760792 9.9928E-05 0.0122741 0.0298895 9.9928E-05 0.0460908 0.233753 9.9928E-05 0.570753 9.9928E-05
0.000543027 9.9964E-05 0.0579098 0.0123418 0.00472408 0.0214439 0.0727792 0.0705912 0.0933028 0.178529 0.0127487 9.9964E-05 9.9964E-05 0.474686 9.9964E-05
9.994E-05 0.136532 0.0152507 9.994E-05 0.0188765 9.994E-05 0.0323189 9.994E-05 0.0695917 0.026582 0.0160033 9.994E-05 0.106575 0.57767 9.994E-05
9.9946E-05 9.9946E-05 0.0614037 0.000734209 0.0380559 0.0346828 0.00605261 0.191118 0.0403585 9.9946E-05 9.9946E-05 0.452157 9.9946E-05 0.174838 9.9946E-05
0.042945 9.9955E-05 9.9955E-05 9.9955E-05 0.0157009 0.0180921 9.9955E-05 0.163369 0.0208923 0.129315 0.0078279 0.20849 9.9955E-05 0.344401 0.0484667
0.068313 0.0118164 9.9937E-05 0.0226675 0.0155676 9.9937E-05 0.00902325 9.9937E-05 0.0508449 0.479391 9.9937E-05 9.9937E-05 9.9937E-05 0.341677 9.9937E-05
9.98738E-05 9.98738E-05 9.98738E-05 9.98738E-05 9.98738E-05 0.998602 9.98738E-05 9.98738E-05 9.98738E-05 9.98738E-05 9.98738E-05 9.98738E-05 9.98738E-05 9.98738E-05 9.98738E-05
0.0445778 9.9946E-05 0.030731 0.0685716 0.0375117 0.0183531 9.9946E-05 9.9946E-05 0.0459781 0.275755 9.9946E-05 9.9946E-05 0.0721463 0.405776 9.9946E-05
9.9937E-05 9.9937E-05 9.9937E-05 0.0269214 0.0321335 0.0603066 0.0130544 0.101752 0.0408694 0.214983 9.9937E-05 9.9937E-05 9.9937E-05 0.50928 9.9937E-05
9.98738E-05 9.98738E-05 9.98738E-05 9.98738E-05 9.98738E-05 9.98738E-05 9.98738E-05 0.998602 9.98738E-05 9.98738E-05 9.98738E-05 9.98738E-05 9.98738E-05 9.98738E-05 9.98738E-05
9.9955E-05 9.9955E-05 0.021814 0.05149 0.00257086 0.0273048 9.9955E-05 0.0895365 0.0272622 0.144973 0.0334459 9.9955E-05 9.9955E-05 0.57355 0.0275527
0.0335772 9.9946E-05 9.9946E-05 0.0103433 0.0083631 0.0687141 0.033989 0.0364498 0.0255792 9.9946E-05 9.9946E-05 0.290541 9.9946E-05 0.491844 9.9946E-05
0.0141998 9.9964E-05 0.0161477 0.0576659 0.0543771 9.9964E-05 0.0136415 9.9964E-05 0.0337722 0.346267 0.000297254 9.9964E-05 0.0611034 0.22685 0.175279
9.9937E-05 9.9937E-05 9.9937E-05 9.9937E-05 0.0176939 0.0407732 0.0200787 9.9937E-05 0.0173057 0.0995874 9.9937E-05 0.182649 0.00471027 9.9937E-05 0.616502
9.9964E-05 0.0225969 0.0636583 0.00372128 9.9964E-05 9.9964E-05 9.9964E-05 0.0716797 0.0595389 0.212079 0.0236875 0.0404967 0.0983974 0.365139 0.0386056
9.98739E-05 9.98739E-05 9.98739E-05 9.98739E-05 9.98739E-05 9.98739E-05 9.98739E-05 0.998602 9.98739E-05 9.98739E-05 9.98739E-05 9.98739E-05 9.98739E-05 9.98739E-05 9.98739E-05
9.98739E-05 9.98739E-05 9.98739E-05 9.98739E-05 9.98739E-05 9.98739E-05 9.98739E-05 0.998602 9.98739E-05 9.98739E-05 9.98739E-05 9.98739E-05 9.98739E-05 9.98739E-05 9.98739E-05
0.0150084 0.00547927 0.00225211 0.0239369 9.9964E-05 9.9964E-05 0.0168518 0.102424 0.0495205 0.0758883 9.9964E-05 0.0600597 0.0958585 0.55232 9.9964E-05
9.98739E-05 9.98739E-05 9.98739E-05 9.98739E-05 9.98739E-05 9.98739E-05 0.998602 9.98739E-05 9.98739E-05 9.98739E-05 9.98739E-05 9.98739E-05 9.98739E-05 9.98739E-05 9.98739E-05
0.0191242 0.0979984 0.0215709 0.0181553 0.0187744 0.131693 0.00652651 9.9973E-05 0.00552669 0.065306 9.9973E-05 0.104305 9.9973E-05 0.493953 0.0167663
9.9919E-05 9.9919E-05 9.9919E-05 9.9919E-05 0.0106718 0.0439801 9.9919E-05 0.0211639 9.9919E-05 9.9919E-05 0.025293 0.331471 9.9919E-05 0.56652 9.9919E-05
0.0109871 0.0955999 0.0452038 0.00121217 0.0147809 0.000426784 0.0635875 9.9964E-05 0.0381704 9.9964E-05 0.0485702 9.9964E-05 0.196741 0.48432 9.9964E-05
0.0457328 0.264078 0.0756413 0.00925281 0.0371678 0.0254168 0.0490846 9.9955E-05 9.9955E-05 9.9955E-05 0.0386665 9.9955E-05 0.0207818 0.433678 9.9955E-05
9.9937E-05 0.124928 9.9937E-05 9.9937E-05 0.0447119 0.0480965 0.0150697 9.9937E-05 9.9937E-05 9.9937E-05 0.0537126 9.9937E-05 0.0807209 0.60119 0.0308701
9.9955E-05 0.0302244 0.034397 9.9955E-05 9.9955E-05 0.0380056 0.052566 0.06498 0.0437542 0.099214 0.103439 9.9955E-05 9.9955E-05 0.442774 0.0901459
0.0340177 0.124528 0.0216367 0.00895336 0.0437185 0.024629 0.0685404 9.998E-05 0.0128139 0.0689681 0.0190302 9.998E-05 0.00881263 0.459731 0.104421
0.0282569 9.9946E-05 9.9946E-05 9.9946E-05 0.0576742 0.00471772 0.0196832 0.057337 0.0289735 9.9946E-05 0.0155569 0.289469 9.9946E-05 0.497732 9.9946E-05
9.9964E-05 9.9964E-05 0.0412253 0.0170869 0.0254212 0.0219428 0.0077834 0.25433 0.0247778 0.129739 0.0194134 9.9964E-05 9.9964E-05 0.453795 0.00408515
0.0368467 0.07438 9.9964E-05 0.0274403 0.0631497 0.0187554 0.0233037 0.0409625 0.0622593 9.9964E-05 9.9964E-05 0.113143 0.000612691 0.538747 9.9964E-05
9.997E-05 0.0590012 0.0178949 0.0216604 0.0149041 9.997E-05 0.0102385 0.0792234 0.010218 0.0265091 0.0524239 0.0313994 0.076487 0.59974 9.997E-05
9.9973E-05 9.9973E-05 0.0299514 0.0757976 0.0309649 0.0657774 0.0106711 0.0347099 0.0624833 0.12883 0.0251519 9.9973E-05 0.0593652 0.475894 0.000103636
0.0271814 9.9955E-05 0.00553054 0.00304677 0.00750971 0.0121979 0.0146622 9.9955E-05 9.9955E-05 0.0312025 9.9955E-05 0.0584852 0.0452988 0.794385 9.9955E-05
9.98739E-05 9.98739E-05 9.98739E-05 0.998602 9.98739E-05 9.98739E-05 9.98739E-05 9.98739E-05 9.98739E-05 9.98739E-05 9.98739E-05 9.98739E-05 9.98739E-05 9.98739E-05 9.98739E-05
0.0110407 9.9973E-05 0.0331822 0.0454379 0.0355952 0.00596329 0.0258535 0.0201294 0.0541184 0.205656 0.0322209 9.9973E-05 9.9973E-05 0.45023 0.0802726
0.0130452 0.0391767 9.9946E-05 0.0198767 9.9946E-05 0.0826856 0.0162545 0.0408539 9.9946E-05 9.9946E-05 0.0113371 0.181755 9.9946E-05 0.594416 9.9946E-05
0.0454882 0.0922693 9.9964E-05 0.0146615 0.0105859 0.0386698 0.0325452 0.0968421 9.9964E-05 0.011725 0.0312819 9.9964E-05 9.9964E-05 0.512423 0.113108
0.0241899 9.9964E-05 9.9964E-05 0.0120461 0.0173014 0.0130739 0.0456222 9.9964E-05 0.0218271 0.163951 9.9964E-05 0.100089 0.00947559 0.589225 0.00279791
9.9955E-05 9.9955E-05 9.9955E-05 9.9955E-05 0.0678361 0.00784109 0.0320276 0.0689907 0.0201249 0.0479796 0.0404028 0.119157 0.0108253 0.584315 9.9955E-05
0.0324051 0.0321969 0.0648779 0.0226435 0.0183521 9.9955E-05 9.9955E-05 0.105593 9.9955E-05 0.142251 0.0162551 0.00678002 9.9955E-05 0.558146 9.9955E-05
9.98739E-05 9.98739E-05 9.98739E-05 9.98739E-05 0.998602 9.98739E-05 9.98739E-05 9.98739E-05 9.98739E-05 9.98739E-05 9.98739E-05 9.98739E-05 9.98739E-05 9.98739E-05 9.98739E-05
9.98739E-05 9.98739E-05 9.98739E-05 0.998602 9.98739E-05 9.98739E-05 9.98739E-05 9.98739E-05 9.98739E-05 9.98739E-05 9.98739E-05 9.98739E-05 9.98739E-05 9.98739E-05 9.98739E-05
9.98739E-05 9.98739E-05 9.98739E-05 9.98739E-05 0.998602 9.98739E-05 9.98739E-05 9.98739E-05 9.98739E-05 9.98739E-05 9.98739E-05 9.98739E-05 9.98739E-05 9.98739E-05 9.98739E-05
0.0122996 0.0744566 9.9964E-05 0.00919282 0.00581723 0.0225962 0.04966 9.9964E-05 0.0501003 0.113022 0.0157426 9.9964E-05 0.0742243 0.572488 9.9964E-05
0.00691388 0.137727 0.0653444 0.0380362 0.05982 0.0422912 0.0549662 9.9964E-05 0.0726516 9.9964E-05 0.050542 9.9964E-05 0.0490499 0.422258 9.9964E-05
0.0235788 9.9973E-05 0.0704894 0.017962 0.0210187 0.00209187 0.0542418 0.0200211 0.0457667 0.140835 0.0255845 9.9973E-05 9.9973E-05 0.55495 0.0231608
0.0510522 9.9964E-05 9.9964E-05 0.0332794 0.0657827 0.00666225 0.00876974 0.017623 0.0236677 0.167796 0.00406954 9.9964E-05 9.9964E-05 0.617782 0.00311581
0.0229069 9.9946E-05 0.0208569 0.0390017 0.010376 0.0285137 9.9946E-05 0.0312149 0.025366 9.9946E-05 9.9946E-05 0.331042 9.9946E-05 0.490122 9.9946E-05
9.98739E-05 9.98739E-05 9.98739E-05 9.98739E-05 9.98739E-05 9.98739E-05 0.998602 9.98739E-05 9.98739E-05 9.98739E-05 9.98739E-05 9.98739E-05 9.98739E-05 9.98739E-05 9.98739E-05
0.0073817 0.00706374 0.00348306 0.0568713 0.0142181 0.00808235 0.0329756 0.0492148 9.9973E-05 0.217661 0.058996 9.9973E-05 9.9973E-05 0.451469 0.0922843
9.993E-05 0.063296 0.0882482 0.00571026 9.993E-05 9.993E-05 9.993E-05 0.0924722 0.0578946 9.993E-05 0.0219951 9.993E-05 0.145962 0.523722 9.993E-05
9.9937E-05 0.118012 0.0485566 0.0199315 0.0021918 0.0285284 9.9937E-05 0.233478 9.9937E-05 9.9937E-05 9.9937E-05 9.9937E-05 0.155445 0.393158 9.9937E-05
9.9955E-05 9.9955E-05 0.200143 0.0410499 0.0298027 0.0115549 0.025554 0.161894 9.9955E-05 9.9955E-05 0.0358509 0.0539777 0.108661 0.331012 9.9955E-05
0.0185803 9.9955E-05 0.143097 9.9955E-05 9.9955E-05 0.00699401 0.0379951 0.0190675 0.00791282 9.9955E-05 0.00429056 0.104717 0.149981 0.506865 9.9955E-05
9.9928E-05 9.9928E-05 0.125828 0.049968 0.0275183 9.9928E-05 9.9928E-05 9.9928E-05 9.9928E-05 9.9928E-05 0.0131565 0.28094 0.116224 0.385565 9.9928E-05
9.9937E-05 9.9937E-05 0.170144 0.0150303 9.9937E-05 0.00654164 0.0383301 9.9937E-05 0.0343068 9.9937E-05 9.9937E-05 0.0965143 0.242734 0.395699 9.9937E-05
0.0132835 9.9937E-05 0.119187 0.0310815 9.9937E-05 9.9937E-05 9.9937E-05 0.0726574 9.9937E-05 9.9937E-05 0.008898 0.0953365 0.236507 0.42235 9.9937E-05
0.0492161 9.9946E-05 0.142471 0.0148863 9.9946E-05 9.9946E-05 0.0228674 0.0580067 9.9946E-05 9.9946E-05 0.0180114 0.0718449 0.134745 0.487351 9.9946E-05
9.9946E-05 0.00428461 0.158373 0.01719 0.00210476 9.9946E-05 9.9946E-05 0.046092 9.9946E-05 9.9946E-05 0.0028361 0.286963 0.108425 0.373132 9.9946E-05
9.9946E-05 9.9946E-05 0.16755 0.0293266 9.9946E-05 0.00659368 9.9946E-05 0.104354 0.00804351 0.246564 0.00772769 9.9946E-05 0.0483803 0.380861 9.9946E-05
9.9946E-05 9.9946E-05 0.211972 9.9946E-05 0.0160164 9.9946E-05 0.0113057 0.0480288 0.00540271 0.125496 0.0372095 9.9946E-05 0.0640725 0.479897 9.9946E-05
9.9937E-05 9.9937E-05 0.0189537 9.9937E-05 0.0390191 0.00230766 0.0454482 9.9937E-05 9.9937E-05 9.9937E-05 0.00110277 0.0961867 0.795548 9.9937E-05 0.000734052
9.9955E-05 9.9955E-05 0.0468433 0.0395809 9.9955E-05 0.00655448 0.0021311 0.0471679 0.00515319 9.9955E-05 0.0150198 0.0579403 0.694387 9.9955E-05 0.0847224
9.9946E-05 9.9946E-05 0.0667094 0.00477451 0.0138856 9.9946E-05 9.9946E-05 0.0473453 0.00754723 0.147167 0.0118404 9.9946E-05 0.692549 9.9946E-05 0.00758221
0.046514 9.9919E-05 9.9919E-05 9.9919E-05 0.0125776 9.9919E-05 9.9919E-05 0.0213094 9.9919E-05 0.203246 9.9919E-05 9.9919E-05 0.494177 9.9919E-05 0.221277
9.991E-05 9.991E-05 9.991E-05 9.991E-05 9.991E-05 0.0552256 0.0127281 9.991E-05 9.991E-05 0.193139 0.0440549 9.991E-05 0.693853 9.991E-05 9.991E-05
9.9955E-05 0.0310117 0.0100717 0.00666383 0.00171573 9.9955E-05 9.9955E-05 9.9955E-05 0.0116365 9.9955E-05 0.0129657 0.0742286 0.475751 0.0873184 0.288137
9.991E-05 0.141835 9.991E-05 0.0536281 9.991E-05 0.0133014 9.991E-05 9.991E-05 9.991E-05 0.0343533 9.991E-05 9.991E-05 0.755883 9.991E-05 9.991E-05
9.9919E-05 9.9919E-05 0.0200762 0.0142728 9.9919E-05 9.9919E-05 9.9919E-05 0.0778935 9.9919E-05 9.9919E-05 9.9919E-05 0.0642405 0.555446 9.9919E-05 0.267172
9.99549E-05 0.188001 9.99549E-05 0.00348987 0.0705331 0.00233085 0.0297937 0.0764089 0.00572374 9.99549E-05 0.0581897 0.0151982 0.549831 9.99549E-05 9.99549E-05
9.991E-05 9.991E-05 9.991E-05 0.0362546 9.991E-05 9.991E-05 9.991E-05 9.991E-05 9.991E-05 0.000362448 0.0059792 0.253392 0.703012 9.991E-05 9.991E-05
9.9928E-05 9.9928E-05 9.9928E-05 9.9928E-05 0.0116796 0.0320044 9.9928E-05 0.0282461 0.0108709 0.118473 0.0315503 9.9928E-05 0.766376 9.9928E-05 9.9928E-05
0.0678677 9.9919E-05 9.9919E-05 9.9919E-05 9.9919E-05 9.9919E-05 9.9919E-05 9.9919E-05 0.0179347 0.102819 9.9919E-05 0.0820386 0.488489 9.9919E-05 0.239952
0.035928 0.0079617 0.0451713 9.9964E-05 0.0257722 9.9964E-05 0.0027245 0.0320222 0.0207874 0.130797 9.9964E-05 9.9964E-05 0.494303 0.0495075 0.154625
9.9964E-05 0.134796 9.9964E-05 9.9964E-05 0.00402792 0.0150069 0.0153307 0.0185719 0.0271604 9.9964E-05 0.0113788 0.0891739 0.256638 0.0681198 0.359396
9.991E-05 9.991E-05 0.0167697 9.991E-05 9.991E-05 9.991E-05 9.991E-05 9.991E-05 0.0515055 9.991E-05 0.0184994 9.991E-05 9.991E-05 0.0518194 0.860407
0.0454899 9.9928E-05 9.9928E-05 9.9928E-05 9.9928E-05 0.0117423 0.0233342 9.9928E-05 0.00767371 0.0412659 0.0171295 9.9928E-05 9.9928E-05 9.9928E-05 0.852565
9.9901E-05 9.9901E-05 9.9901E-05 9.9901E-05 9.9901E-05 0.00160127 9.9901E-05 9.9901E-05 0.0173833 0.0292348 9.9901E-05 9.9901E-05 9.9901E-05 9.9901E-05 0.950682
9.991E-05 9.991E-05 9.991E-05 0.00108986 9.991E-05 9.991E-05 9.991E-05 9.991E-05 9.991E-05 9.991E-05 0.031995 0.0504839 9.991E-05 0.0469968 0.868435
9.98741E-05 9.98741E-05 9.98741E-05 9.98741E-05 9.98741E-05 9.98741E-05 9.98741E-05 9.98741E-05 9.98741E-05 9.98741E-05 9.98741E-05 9.98741E-05 9.98741E-05 9.98741E-05 0.998602
9.99305E-05 0.0436607 9.99305E-05 9.99305E-05 9.99305E-05 0.039091 9.99305E-05 9.99305E-05 9.99305E-05 0.0245148 0.00312232 9.99305E-05 0.00934049 0.0231614 0.85631
9.9946E-05 0.097754 0.0094783 0.00049518 0.00423533 0.0650904 0.0308364 0.0135948 9.9946E-05 9.9946E-05 0.0138889 9.9946E-05 9.9946E-05 9.9946E-05 0.764027
9.9928E-05 9.9928E-05 0.0148277 0.0181541 0.018318 9.9928E-05 9.9928E-05 0.0674529 9.9928E-05 0.0555254 9.9928E-05 9.9928E-05 0.038407 9.9928E-05 0.786515
0.0329198 9.9946E-05 9.9946E-05 0.021406 0.0447646 0.0167287 0.00946514 0.012301 0.00845982 9.9946E-05 9.9946E-05 9.9946E-05 0.563406 9.9946E-05 0.289949
0.0365307 9.9937E-05 9.9937E-05 9.9937E-05 0.00882088 9.9937E-05 0.0310966 0.0142769 9.9937E-05 0.0544066 9.9937E-05 9.9937E-05 0.69771 0.0740698 0.0823894
0.0365244 0.0441337 0.073629 0.0201929 0.00205432 0.00856565 0.050238 9.9955E-05 0.0426977 9.9955E-05 9.9955E-05 9.9955E-05 0.575889 9.9955E-05 0.145576
0.0109528 0.0495928 0.0252109 9.9946E-05 9.9946E-05 9.9946E-05 0.00111737 9.9946E-05 9.9946E-05 9.9946E-05 0.0159546 0.0296242 0.666561 0.113324 0.0870625
0.0354689 0.164996 9.99459E-05 9.99459E-05 0.0480408 9.99459E-05 0.0263021 0.00865304 0.00262524 9.99459E-05 0.00139819 9.99459E-05 0.674119 9.99459E-05 0.0377969
0.0476103 0.205407 9.9928E-05 0.00723358 9.9928E-05 0.0284994 9.9928E-05 9.9928E-05 0.0605005 9.9928E-05 9.9928E-05 9.9928E-05 0.636439 0.0135108 9.9928E-05
0.0189638 0.0168771 0.0563842 9.9946E-05 9.9946E-05 9.9946E-05 9.9946E-05 0.048777 0.0266002 0.106791 0.00196413 9.9946E-05 0.327345 9.9946E-05 0.395697
9.99101E-05 9.99101E-05 9.99101E-05 0.0208217 9.99101E-05 9.99101E-05 0.0122441 9.99101E-05 0.0160977 9.99101E-05 9.99101E-05 0.185189 0.764649 9.99101E-05 9.99101E-05
9.9928E-05 9.9928E-05 9.9928E-05 0.0161975 0.0370747 9.9928E-05 9.9928E-05 9.9928E-05 0.0360134 0.0834428 9.9928E-05 0.0452588 0.713358 9.9928E-05 0.0678551
0.0204042 0.0497936 0.00588048 0.0251826 0.00356782 9.9955E-05 9.9955E-05 9.9955E-05 9.9955E-05 0.137972 0.0360304 9.9955E-05 0.552209 0.0327385 0.135721
9.9937E-05 9.9937E-05 0.0494675 0.00572625 9.9937E-05 0.00238322 9.9937E-05 0.0756558 9.9937E-05 0.0782771 9.9937E-05 9.9937E-05 0.610643 0.0140879 0.163059
9.9946E-05 9.9946E-05 0.00955143 0.0321864 0.0192476 9.9946E-05 0.0016917 0.0541754 0.0131626 9.9946E-05 0.00473775 9.9946E-05 0.527385 9.9946E-05 0.337263
0.0152215 9.9928E-05 9.9928E-05 9.9928E-05 0.0315322 9.9928E-05 0.0405207 9.9928E-05 9.9928E-05 9.9928E-05 0.00644444 0.0133601 0.891884 0.000237575 9.9928E-05
9.9892E-05 0.947598 9.9892E-05 9.9892E-05 9.9892E-05 0.0156351 9.9892E-05 9.9892E-05 9.9892E-05 9.9892E-05 9.9892E-05 0.035568 9.9892E-05 9.9892E-05 9.9892E-05
9.9892E-05 0.945815 9.9892E-05 0.025732 9.9892E-05 9.9892E-05 0.0272538 9.9892E-05 9.9892E-05 9.9892E-05 9.9892E-05 9.9892E-05 9.9892E-05 9.9892E-05 9.9892E-05
9.9901E-05 0.946188 9.9901E-05 9.9901E-05 9.9901E-05 9.9901E-05 0.0121012 9.9901E-05 0.0234253 9.9901E-05 0.0171868 9.9901E-05 9.9901E-05 9.9901E-05 9.9901E-05
0.0351426 0.760738 9.9955E-05 0.00291366 0.00539395 9.9955E-05 9.9955E-05 0.0390298 0.0146312 0.0895688 0.000136952 9.9955E-05 0.0415023 0.010443 9.9955E-05
0.0377402 0.748706 9.9928E-05 9.9928E-05 0.0100586 9.9928E-05 9.9928E-05 0.00137045 9.9928E-05 0.0570886 9.9928E-05 9.9928E-05 9.9928E-05 0.0574388 0.0867978
9.9928E-05 0.788236 0.0220627 0.00717382 0.0369323 0.00999788 9.9928E-05 9.9928E-05 9.9928E-05 0.118178 9.9928E-05 0.0166202 9.9928E-05 9.9928E-05 9.9928E-05
9.9892E-05 0.867771 9.9892E-05 0.00764916 9.9892E-05 9.9892E-05 9.9892E-05 9.9892E-05 9.9892E-05 9.9892E-05 9.9892E-05 0.123381 9.9892E-05 9.9892E-05 9.9892E-05
0.0621656 0.582919 0.126938 9.991E-05 9.991E-05 9.991E-05 9.991E-05 9.991E-05 9.991E-05 0.191439 9.991E-05 0.0355397 9.991E-05 9.991E-05 9.991E-05
