9.9955E-05 9.9955E-05 0.0205078 0.0231715 9.9955E-05 0.939731 9.9955E-05 9.9955E-05 0.00525408 0.0108356
0.030023 9.9946E-05 0.20101 9.9946E-05 0.0883652 0.680002 9.9946E-05 9.9946E-05 9.9946E-05 9.9946E-05
9.995E-05 9.995E-05 0.0565632 9.995E-05 0.0542024 0.777727 9.995E-05 0.0511496 9.995E-05 0.0598583
9.995E-05 0.0194286 0.0188795 9.995E-05 9.995E-05 0.7806 9.995E-05 9.995E-05 0.135005 0.0455864
9.9955E-05 0.0145284 9.9955E-05 0.00454985 0.0804077 0.811589 0.0884255 9.9955E-05 9.9955E-05 9.9955E-05
0.021668 0.00702047 9.9973E-05 0.00322453 0.0651384 0.87045 9.9973E-05 9.9973E-05 0.0250562 0.00714223
9.9937E-05 0.00893323 9.9937E-05 9.9937E-05 0.0997295 0.890638 9.9937E-05 9.9937E-05 9.9937E-05 9.9937E-05
0.0435948 0.0268283 9.99661E-05 9.99661E-05 0.0482361 0.839548 9.99661E-05 0.0203966 0.0209959 9.99661E-05
0.0146993 0.00227737 9.9973E-05 9.9973E-05 0.110806 0.808363 0.041755 0.0084769 9.9973E-05 0.0133219
0.00537233 0.0340093 9.9946E-05 9.9946E-05 9.9946E-05 0.838222 9.9946E-05 0.121797 9.9946E-05 9.9946E-05
0.0374326 9.9964E-05 0.122958 9.9964E-05 0.0320569 0.737131 9.9964E-05 0.0626429 9.9964E-05 0.00737925
9.9964E-05 0.00336652 0.173063 9.9964E-05 0.0353577 0.72045 9.9964E-05 0.0482286 9.9964E-05 0.0191347
0.0482768 9.9973E-05 9.9973E-05 0.0437536 9.9973E-05 0.784357 0.0772122 0.00845818 0.0313349 0.00630687
9.9955E-05 9.9955E-05 0.138327 9.9955E-05 0.0977707 0.667824 9.9955E-05 0.0225268 0.0730518 9.9955E-05
9.9964E-05 9.9964E-05 0.0627327 9.9964E-05 9.9964E-05 0.783634 0.0255933 0.0173871 0.0975497 0.0127033
0.0188045 9.9946E-05 9.9946E-05 9.9946E-05 0.110989 0.866842 9.9946E-05 9.9946E-05 9.9946E-05 0.00276461
0.0163901 0.0178146 9.9955E-05 9.9955E-05 9.9955E-05 0.96214 0.00131523 9.9955E-05 9.9955E-05 0.00183979
0.00502831 9.9946E-05 9.9946E-05 0.0212234 9.9946E-05 0.960197 0.0129513 9.9946E-05 9.9946E-05 9.9946E-05
9.9955E-05 0.0030979 9.9955E-05 0.030184 0.00970207 0.946128 9.9955E-05 9.9955E-05 9.9955E-05 0.0103883
0.0114629 0.0126985 0.0251483 9.9964E-05 9.9964E-05 0.915409 0.017969 0.0169125 9.9964E-05 9.9964E-05
9.99201E-05 9.99201E-05 9.99201E-05 9.99201E-05 9.99201E-05 9.99201E-05 9.99201E-05 0.999101 9.99201E-05 9.99201E-05
9.9955E-05 9.9955E-05 0.174536 0.0809702 9.9955E-05 9.9955E-05 9.9955E-05 0.635753 0.10295 0.0052912
9.9973E-05 0.0357073 0.039474 0.0289378 9.9973E-05 0.0321353 0.142126 0.612228 0.109092 9.9973E-05
0.0311042 0.00361369 0.0636314 0.157363 0.00196225 9.9964E-05 9.9964E-05 0.741926 9.9964E-05 9.9964E-05
9.9946E-05 0.0245473 9.9946E-05 9.9946E-05 9.9946E-05 0.0183065 0.0542323 0.902314 9.9946E-05 9.9946E-05
9.9964E-05 9.9964E-05 9.9964E-05 0.00209961 0.0390074 0.0357123 0.100113 0.814238 9.9964E-05 0.00842989
9.9946E-05 9.9946E-05 9.9946E-05 0.104192 0.0548919 9.9946E-05 0.163323 0.676994 9.9946E-05 9.9946E-05
9.99201E-05 9.99201E-05 9.99201E-05 9.99201E-05 9.99201E-05 9.99201E-05 9.99201E-05 0.999101 9.99201E-05 9.99201E-05
9.995E-05 0.0277975 0.0613372 9.995E-05 0.127612 9.995E-05 0.0814672 0.701286 9.995E-05 9.995E-05
0.03346 0.000358767 9.9982E-05 0.0857072 0.00922708 0.00124448 0.163294 0.563716 0.142792 9.9982E-05
9.9955E-05 9.9955E-05 0.191744 9.9955E-05 0.0112552 9.9955E-05 9.9955E-05 0.682365 0.0954876 0.0186487
0.0394965 0.00341153 9.9973E-05 0.139869 0.0742962 9.9973E-05 0.071299 0.652364 0.018964 9.9973E-05
0.0308794 0.00885632 9.9982E-05 0.0136376 0.0292443 0.031237 0.0630184 0.676702 0.146225 9.9982E-05
0.0487821 0.0220732 0.125802 9.9964E-05 9.9964E-05 9.9964E-05 9.9964E-05 0.580573 0.176153 0.0462166
9.9982E-05 0.043871 0.214851 0.0130332 0.0244529 9.9982E-05 0.0944906 0.56501 0.029347 0.0147439
9.9964E-05 9.9964E-05 0.373454 9.9964E-05 0.130295 0.0222757 9.9964E-05 0.355442 0.0650863 0.0530477
9.9982E-05 0.00205327 0.0748211 0.150175 0.0594138 9.9982E-05 0.11411 0.552415 0.0249553 0.0218574
0.0259216 9.9973E-05 0.0406785 0.691007 9.9973E-05 9.9973E-05 0.0337842 0.0200332 0.159644 0.0286316
0.0334331 0.00917954 0.152597 0.633723 0.013276 9.9973E-05 0.132419 9.9973E-05 0.0250735 9.9973E-05
0.0827863 0.00333564 0.00280685 0.681246 0.10626 0.0129912 0.0891117 9.9982E-05 9.9982E-05 0.0212621
0.0378802 9.9964E-05 9.9964E-05 0.692217 9.9964E-05 0.016758 0.126943 9.9964E-05 0.11563 0.0101714
0.0837381 0.0259722 0.0320017 0.718175 0.0726306 0.015255 9.9973E-05 9.9973E-05 9.9973E-05 0.0519272
0.0462249 0.0272508 9.9964E-05 0.821995 0.0759616 0.00510668 9.9964E-05 9.9964E-05 9.9964E-05 0.0230617
0.0697932 0.013902 0.022848 0.598974 0.0977132 0.0520565 0.0240934 0.00281081 0.0996912 0.0181173
0.0497054 0.0194388 9.9982E-05 0.654614 0.0976778 0.0257859 0.129584 0.0145463 9.9982E-05 0.0084476
9.9973E-05 0.0239348 0.0050065 0.647575 0.164452 0.0367422 0.0847423 0.0372477 9.9973E-05 9.9973E-05
0.0831632 0.0125378 9.9955E-05 0.810918 0.0351771 9.9955E-05 0.0577041 9.9955E-05 9.9955E-05 9.9955E-05
9.9955E-05 0.00149007 0.0713899 0.805611 9.9955E-05 9.9955E-05 9.9955E-05 9.9955E-05 0.091619 0.0293907
0.0422395 0.011185 9.9955E-05 0.894199 9.9955E-05 0.0397454 9.9955E-05 9.9955E-05 9.9955E-05 0.0121308
0.0397946 0.018443 0.021886 0.70065 9.9973E-05 9.9973E-05 0.0210986 9.9973E-05 0.175461 0.0223671
0.0253338 0.0107696 0.0532408 0.813694 9.9991E-05 0.00370676 0.00116305 0.00678518 0.0617864 0.0234206
0.0607705 9.9955E-05 9.9955E-05 0.77684 0.0891968 9.9955E-05 9.9955E-05 0.0294446 9.9955E-05 0.0432482
0.0318442 0.0637679 9.9955E-05 0.855295 9.9955E-05 0.0088865 0.0397065 9.9955E-05 9.9955E-05 9.9955E-05
0.036581 9.9973E-05 0.096381 0.750319 9.9973E-05 0.0803073 0.0159051 0.00811954 9.9973E-05 0.0120869
0.0886751 0.0395685 9.9964E-05 0.734076 0.116825 0.0123706 9.9964E-05 9.9964E-05 9.9964E-05 0.00808513
0.0304215 9.9973E-05 0.135833 0.678434 0.0907046 9.9973E-05 0.013295 0.0143894 9.9973E-05 0.0366224
9.9973E-05 0.0559014 9.9973E-05 0.736951 0.0588425 0.0696627 9.9973E-05 0.0567545 0.00244876 0.0191391
0.0602555 0.00408354 0.269968 0.0950104 0.0528842 9.9991E-05 0.423485 0.0287753 0.0442078 0.0212309
9.99201E-05 9.99201E-05 9.99201E-05 9.99201E-05 9.99201E-05 9.99201E-05 9.99201E-05 9.99201E-05 9.99201E-05 0.999101
0.0485519 0.0465548 0.391295 0.0255771 9.9982E-05 0.000949326 0.405 0.0344572 0.0474142 9.9982E-05
0.0723202 0.0289909 0.482405 0.0644987 9.9964E-05 9.9964E-05 0.334285 9.9964E-05 9.9964E-05 0.0170998
0.0671946 0.0251099 0.240658 9.9964E-05 0.0203647 9.9964E-05 0.587843 9.9964E-05 9.9964E-05 0.0584293
0.0848401 0.0162707 0.126977 0.0186282 9.9982E-05 0.0183573 0.63293 9.9982E-05 0.0931089 0.00868777
0.989132 9.99369E-05 9.99369E-05 9.99369E-05 9.99369E-05 9.99369E-05 9.99369E-05 0.00410982 9.99369E-05 0.00605876
9.99201E-05 9.99201E-05 9.99201E-05 9.99201E-05 9.99201E-05 9.99201E-05 9.99201E-05 9.99201E-05 9.99201E-05 0.999101
0.0899269 9.9973E-05 0.523344 0.0297635 9.9973E-05 0.0699601 0.244289 9.9973E-05 0.0184868 0.0239304
0.147966 0.0296897 0.00503602 9.9982E-05 9.9982E-05 0.0216683 0.574992 0.106037 0.0980839 0.0163278
0.173472 0.0320871 0.0227657 9.9973E-05 9.9973E-05 0.0182071 0.58047 9.9973E-05 0.110545 0.0621541
0.0918944 0.0473693 0.0637631 9.9964E-05 9.9964E-05 9.9964E-05 0.695572 0.0613479 9.9964E-05 0.0396537
0.119437 0.0702043 0.155878 9.9982E-05 9.9982E-05 0.0422366 0.395646 0.0711355 0.0243898 0.120872
0.168886 0.0146661 0.00143654 9.9973E-05 9.9973E-05 0.0325324 0.709878 9.9973E-05 0.0218312 0.0504703
0.149072 0.0215084 0.0418712 0.0356682 0.0148747 9.99762E-05 0.691835 9.99762E-05 9.99762E-05 0.0448703
0.064185 0.0168712 0.200912 9.9973E-05 9.9973E-05 0.00701875 0.545366 0.0753611 9.9973E-05 0.0899865
9.9955E-05 9.9955E-05 0.608472 9.9955E-05 0.0796172 9.9955E-05 0.254422 0.0179333 9.9955E-05 0.0390562
0.140693 0.00476226 0.0382027 0.248958 0.0615693 9.9982E-05 0.417519 0.0428809 9.9982E-05 0.0452147
0.0710385 9.9973E-05 0.0217962 0.161228 9.9973E-05 0.0367038 0.562309 9.9973E-05 0.123056 0.0235681
0.0458007 0.0206195 0.164332 0.398381 9.9973E-05 0.0910842 0.211033 9.9973E-05 9.9973E-05 0.0684496
0.963627 0.00432482 9.9937E-05 9.9937E-05 9.9937E-05 9.9937E-05 9.9937E-05 9.9937E-05 9.9937E-05 0.031349
0.101945 0.0769109 0.156735 0.0916175 0.0684754 0.0547841 0.282725 0.0873086 9.9991E-05 0.0793987
0.190022 0.0239259 0.309652 0.0928323 9.9964E-05 9.9964E-05 0.34589 9.9964E-05 9.9964E-05 0.0372775
0.0820384 0.0219507 9.9964E-05 0.0469473 9.9964E-05 0.0403912 0.748331 9.9964E-05 0.0599414 9.9964E-05
0.061361 0.0202564 0.388808 9.9982E-05 9.9982E-05 0.0158813 0.439586 0.0284489 0.0226768 0.0227815
0.117258 0.0532644 0.197487 0.0350296 9.9982E-05 0.113303 0.460218 9.9982E-05 0.00728429 0.0159554
0.0367998 0.0597461 0.212446 0.242086 0.0924588 0.0308947 0.142207 0.0239982 0.142036 0.0173277
0.0977585 9.9964E-05 0.0891604 0.147732 0.10871 9.9964E-05 9.9964E-05 9.9964E-05 0.530444 0.0257944
0.00378138 9.9991E-05 0.205258 0.0983103 0.112182 0.0251081 0.367302 0.0160397 0.0913624 0.0805571
0.0727846 0.00923674 9.9964E-05 9.9964E-05 0.080488 0.025899 0.769944 9.9964E-05 0.0412479 9.9964E-05
0.0811212 9.9955E-05 9.9955E-05 9.9955E-05 0.218892 0.0208897 0.667719 9.9955E-05 9.9955E-05 0.0108785
9.9973E-05 0.0402914 0.158734 0.0226623 9.9973E-05 0.0105572 0.591668 9.9973E-05 0.136352 0.0394347
9.99279E-05 0.195605 0.803596 9.99279E-05 9.99279E-05 9.99279E-05 9.99279E-05 9.99279E-05 9.99279E-05 9.99279E-05
0.278404 0.0245842 0.183217 0.103651 0.012867 0.0142572 0.367233 9.9982E-05 9.9982E-05 0.015587
0.107697 0.005473 0.160212 0.0694343 9.9964E-05 9.9964E-05 0.608147 9.9964E-05 0.0486374 9.9964E-05
9.9946E-05 9.9946E-05 0.897791 9.9946E-05 0.0384521 0.0283696 9.9946E-05 0.0347879 9.9946E-05 9.9946E-05
0.0722418 9.9964E-05 0.729637 0.0480155 9.9964E-05 0.00544271 9.9964E-05 0.100183 0.0440802 9.9964E-05
0.0617551 9.9964E-05 0.715742 9.9964E-05 0.0519503 0.00209337 0.134562 0.0334972 9.9964E-05 9.9964E-05
0.017945 9.9973E-05 0.347964 9.9973E-05 9.9973E-05 0.0675348 0.327255 0.0246708 0.14366 0.0706706
0.135191 9.9973E-05 0.427852 0.0675851 9.9973E-05 0.00932206 0.202822 9.9973E-05 0.121076 0.0358514
0.138042 9.9964E-05 0.150673 0.0885013 9.9964E-05 0.0628991 0.512878 9.9964E-05 9.9964E-05 0.0466072
0.121957 0.0137386 0.0843042 9.9973E-05 9.9973E-05 9.9973E-05 0.651745 0.0242189 0.0866042 0.0171323
0.120468 0.0140768 0.374171 0.0724714 9.9973E-05 9.9973E-05 0.346022 9.9973E-05 0.0117798 0.0607113
0.000816322 0.0121845 0.466225 0.0434623 0.0290555 0.00519602 0.408207 0.0103658 0.0243881 9.9991E-05
0.137804 0.0981892 0.156173 9.9973E-05 9.9973E-05 0.00186565 0.405964 9.9973E-05 0.121307 0.0783963
0.0840798 0.00520401 0.118017 9.9973E-05 0.0754916 0.0223377 0.694083 9.9973E-05 9.9973E-05 0.000486997
9.99201E-05 0.999101 9.99201E-05 9.99201E-05 9.99201E-05 9.99201E-05 9.99201E-05 9.99201E-05 9.99201E-05 9.99201E-05
0.0809843 0.0332609 0.271355 9.998E-05 9.998E-05 0.0600183 0.385315 0.0306198 0.0846981 0.0535493
0.134305 0.0234852 0.460925 9.9955E-05 0.0119894 9.9955E-05 0.368796 9.9955E-05 9.9955E-05 9.9955E-05
0.0193507 0.037608 0.326005 9.9964E-05 9.9964E-05 0.0275913 0.461697 9.9964E-05 0.127349 9.9964E-05
0.0902714 0.0133836 0.0872125 0.114903 0.0454682 0.0290777 0.601071 9.9991E-05 0.00720689 0.0113052
0.0788743 9.9955E-05 0.491763 0.0248898 9.9955E-05 0.00621819 0.397755 9.9955E-05 9.9955E-05 9.9955E-05
0.0573588 0.00560798 0.233847 0.0310882 9.998E-05 0.0254546 0.549449 0.0905996 9.998E-05 0.00639504
0.999101 9.99201E-05 9.99201E-05 9.99201E-05 9.99201E-05 9.99201E-05 9.99201E-05 9.99201E-05 9.99201E-05 9.99201E-05
9.99201E-05 0.999101 9.99201E-05 9.99201E-05 9.99201E-05 9.99201E-05 9.99201E-05 9.99201E-05 9.99201E-05 9.99201E-05
0.999101 9.99201E-05 9.99201E-05 9.99201E-05 9.99201E-05 9.99201E-05 9.99201E-05 9.99201E-05 9.99201E-05 9.99201E-05
0.0455475 0.0144193 0.791583 9.9964E-05 9.9964E-05 0.00520859 0.104208 9.9964E-05 9.9964E-05 0.0386336
0.155895 0.0231135 0.689057 9.9964E-05 0.060945 9.9964E-05 9.9964E-05 0.0448404 9.9964E-05 0.0257501
0.0526798 0.0298176 0.287932 9.998E-05 9.998E-05 0.0519236 0.407451 0.0284559 0.102369 0.0391716
0.118478 0.0315932 0.244014 0.00958322 9.997E-05 0.0527234 0.518491 9.997E-05 9.997E-05 0.0248166
0.0875374 0.0389272 9.9982E-05 0.0832177 9.9982E-05 0.0229425 0.722177 0.0225435 0.00659705 0.0158573
9.99279E-05 0.120291 0.87891 9.99279E-05 9.99279E-05 9.99279E-05 9.99279E-05 9.99279E-05 9.99279E-05 9.99279E-05
0.0447637 0.0439128 0.384381 9.997E-05 9.997E-05 0.0709455 0.330014 9.997E-05 0.0944161 0.0312669
9.9955E-05 9.9955E-05 0.0660809 9.9955E-05 0.189123 9.9955E-05 0.590407 0.0791884 9.9955E-05 0.0747005
0.0315962 0.0103653 0.0230709 9.9973E-05 0.227351 9.9973E-05 0.669698 0.0227265 9.9973E-05 0.0148923
0.0232061 0.0539181 9.9955E-05 9.9955E-05 0.153768 9.9955E-05 0.630329 0.138279 9.9955E-05 9.9955E-05
9.9955E-05 9.9955E-05 0.246036 9.9955E-05 0.136133 9.9955E-05 0.522876 0.0906236 9.9955E-05 0.00383145
0.0341791 0.0476373 0.155886 9.9973E-05 0.175401 9.9973E-05 0.410148 0.173685 9.9973E-05 0.00276376
9.9955E-05 0.0207096 9.9955E-05 9.9955E-05 0.209768 9.9955E-05 0.574571 0.180556 9.9955E-05 0.0138952
9.9955E-05 0.0180035 9.9955E-05 9.9955E-05 0.219065 0.0169391 0.619309 0.126184 9.9955E-05 9.9955E-05
9.9955E-05 0.0166615 9.9955E-05 9.9955E-05 0.112359 0.05989 0.685425 0.125165 9.9955E-05 9.9955E-05
9.9964E-05 0.0369411 9.9964E-05 0.0925779 0.155972 9.9964E-05 0.582915 0.113232 9.9964E-05 0.017962
9.9955E-05 0.0133739 0.086364 9.9955E-05 0.192518 9.9955E-05 0.585442 0.121803 9.9955E-05 9.9955E-05
0.0144353 0.00187049 9.9964E-05 9.9964E-05 0.139473 9.9964E-05 0.666072 0.154971 9.9964E-05 0.0227781
0.0471187 0.0296277 9.9973E-05 9.9973E-05 0.8681 0.0147222 0.0280655 0.00534787 9.9973E-05 0.006718
9.9982E-05 0.0300534 9.9982E-05 0.00410932 0.81452 0.026564 0.104365 0.0163765 0.00205939 0.0017529
0.0403062 0.0125171 0.00737456 0.0192029 0.816909 0.030116 0.0462359 0.0125207 9.999E-05 0.0147177
0.00592425 9.998E-05 9.998E-05 0.103784 0.640628 0.0591322 0.00700289 0.00991119 0.161929 0.0114884
0.0167147 9.995E-05 0.18694 0.0681324 0.702802 0.0249116 9.995E-05 9.995E-05 9.995E-05 9.995E-05
9.9973E-05 0.0114542 0.0673086 9.9973E-05 0.578917 0.0207339 0.105489 0.000971658 0.214825 9.9973E-05
0.00774873 0.0500453 9.9973E-05 0.0913448 0.689372 0.00734468 9.9973E-05 0.029755 0.12409 9.9973E-05
9.9946E-05 9.9946E-05 9.9946E-05 9.9946E-05 0.689039 9.9946E-05 0.0993873 0.0329037 0.17807 9.9946E-05
0.0183952 0.0144112 0.272426 0.0501028 0.476274 0.059168 9.9982E-05 9.9982E-05 0.0887111 0.0203125
9.994E-05 0.0268285 9.994E-05 0.1469 0.753091 9.994E-05 0.0725806 9.994E-05 9.994E-05 9.994E-05
0.0198619 0.00354275 9.9964E-05 0.0704029 0.821811 0.0540339 9.9964E-05 9.9964E-05 9.9964E-05 0.0299479
9.9955E-05 9.9955E-05 9.9955E-05 0.0853252 0.635023 0.0519146 9.9955E-05 9.9955E-05 0.190016 0.0372207
9.998E-05 9.998E-05 0.0139958 0.0558309 0.447008 0.038564 0.112951 0.0445267 0.283799 0.00312514
9.9973E-05 0.0110878 0.228027 0.151089 0.449547 9.9973E-05 0.0221969 9.9973E-05 0.107968 0.0297848
9.99459E-05 9.99459E-05 0.0789303 9.99459E-05 9.99459E-05 9.99459E-05 9.99459E-05 0.0205009 0.84912 0.0508494
9.9955E-05 0.00589592 0.0711174 9.9955E-05 9.9955E-05 0.0280347 9.9955E-05 9.9955E-05 0.878866 0.0155865
9.9937E-05 0.000129125 9.9937E-05 9.9937E-05 9.9937E-05 9.9937E-05 9.9937E-05 9.9937E-05 0.967 0.0321715
9.9955E-05 9.9955E-05 9.9955E-05 0.0201458 0.168481 0.0123932 0.0846866 9.9955E-05 0.713793 9.9955E-05
9.99201E-05 9.99201E-05 9.99201E-05 9.99201E-05 9.99201E-05 9.99201E-05 9.99201E-05 9.99201E-05 0.999101 9.99201E-05
0.0280716 9.9955E-05 0.018049 0.00355537 9.9955E-05 9.9955E-05 9.9955E-05 0.0250585 0.924766 9.9955E-05
9.9955E-05 9.9955E-05 0.215952 9.9955E-05 0.0207365 0.00753349 9.9955E-05 0.0148548 0.740424 9.9955E-05
0.00310318 0.0253454 9.9964E-05 0.0137272 0.0811528 9.9964E-05 0.0733894 9.9964E-05 0.802882 9.9964E-05
0.0189207 0.0153158 0.162383 9.9955E-05 0.540108 9.9955E-05 9.9955E-05 9.9955E-05 0.262773 9.9955E-05
0.0043516 9.9964E-05 0.0940975 9.9964E-05 0.659197 0.0397037 0.0202205 9.9964E-05 0.18203 9.9964E-05
9.9964E-05 0.0358256 0.216813 9.9964E-05 0.580335 0.0168144 9.9964E-05 9.9964E-05 0.132204 0.0176076
9.9964E-05 9.9964E-05 0.214193 9.9964E-05 0.548577 0.0268593 0.00388814 0.0321656 0.173917 9.9964E-05
0.0553683 9.997E-05 0.0340816 0.0178729 0.758326 0.0573275 9.997E-05 9.997E-05 0.0650901 0.0116332
9.998E-05 0.0119493 0.103089 0.0119234 0.521681 0.0782781 0.00134156 9.998E-05 0.229228 0.0423094
9.9964E-05 9.9964E-05 0.155603 9.9964E-05 0.462431 0.0312753 9.9964E-05 0.0482011 0.292285 0.00980499
0.0466228 0.0291353 0.0280422 0.0493662 0.798906 9.9982E-05 9.9982E-05 0.0157019 0.0245146 0.0075109
0.0296628 0.020652 9.9955E-05 0.0599822 0.855167 9.9955E-05 9.9955E-05 9.9955E-05 9.9955E-05 0.0340362
9.9982E-05 0.00184919 0.0646811 0.0990401 0.624431 0.0414402 0.0481377 0.0153049 0.104915 9.9982E-05
9.996E-05 9.996E-05 0.0910801 0.079382 0.541477 9.996E-05 0.0265048 0.03551 0.225646 9.996E-05
0.0167996 0.050039 9.9964E-05 9.9964E-05 0.536362 9.9964E-05 9.9964E-05 0.0190237 0.366403 0.0109719
9.9937E-05 9.9937E-05 0.12665 9.9937E-05 0.853504 0.0191472 9.9937E-05 9.9937E-05 9.9937E-05 9.9937E-05
9.9973E-05 9.9973E-05 0.234048 0.54352 0.133497 0.00598157 9.9973E-05 0.0504213 0.0186434 0.0135894
9.9955E-05 9.9955E-05 0.330644 0.458257 0.0371484 9.9955E-05 9.9955E-05 0.0558608 0.11759 9.9955E-05
9.9946E-05 9.9946E-05 0.339659 0.476534 9.9946E-05 0.0202347 9.9946E-05 9.9946E-05 0.162972 9.9946E-05
9.9982E-05 0.00258398 0.269786 0.50656 0.0724777 0.0416346 9.9982E-05 0.0196401 0.0644322 0.0226859
0.00220294 9.9973E-05 0.155226 0.495019 9.9973E-05 0.0739544 9.9973E-05 0.0718742 0.185019 0.0164053
0.0580696 0.0179997 9.9973E-05 0.68624 0.11956 9.9973E-05 0.010441 0.0867991 0.0205906 9.9973E-05
9.9955E-05 0.00284897 0.139424 0.721757 9.9955E-05 9.9955E-05 9.9955E-05 0.0170657 0.118404 9.9955E-05
9.9964E-05 9.9964E-05 0.102498 0.576362 0.055281 0.105908 0.0101044 0.149446 9.9964E-05 9.9964E-05
