0.99868 9.9964E-05 0.000919884 9.9964E-05 9.9964E-05 9.9964E-05
0.791882 0.156775 0.0279393 0.023204 9.9982E-05 9.9982E-05
0.855071 0.0125599 9.9982E-05 0.0333265 0.098843 9.9982E-05
0.778335 0.102288 0.0300149 0.0391695 0.0500924 9.9991E-05
0.82849 0.0834729 0.0291242 0.0420112 0.00717236 0.00972928
0.890836 0.0970312 9.9973E-05 0.0118324 9.9973E-05 9.9973E-05
0.935128 0.064472 9.9964E-05 9.9964E-05 9.9964E-05 9.9964E-05
0.869731 0.0781405 0.0113393 0.0401769 9.9991E-05 0.000512143
0.817782 0.133059 9.9982E-05 0.0239944 0.0249651 9.9982E-05
0.846137 0.0788041 0.010849 9.9982E-05 0.0640096 9.9982E-05
0.790572 0.0943007 9.9982E-05 0.0776708 0.037256 9.9982E-05
0.786252 0.0611011 0.0429054 0.0144066 0.0952345 9.9991E-05
0.809432 0.0447736 0.00993043 0.0220034 0.0638705 0.0499901
0.726026 0.0909472 0.0229771 9.9991E-05 0.065817 0.0941326
0.811818 0.0548856 9.9982E-05 0.0568295 0.0762669 9.9982E-05
0.908529 0.0910712 9.9964E-05 9.9964E-05 9.9964E-05 9.9964E-05
0.987641 9.9964E-05 0.0119594 9.9964E-05 9.9964E-05 9.9964E-05
0.977369 9.9964E-05 9.9964E-05 9.9964E-05 9.9964E-05 0.0222314
0.981374 9.9964E-05 9.9964E-05 9.9964E-05 9.9964E-05 0.0182258
0.924298 9.9982E-05 0.00394522 9.9982E-05 0.0442876 0.0272692
9.996E-05 9.996E-05 9.996E-05 9.996E-05 0.9995 9.996E-05
9.9991E-05 0.0699001 0.0371559 0.0599175 0.750816 0.0821108
0.00741143 0.124755 0.0205159 0.0461303 0.685942 0.115245
9.9982E-05 0.00428254 0.0503785 9.9982E-05 0.797851 0.147288
0.0119179 9.9973E-05 9.9973E-05 0.0468239 0.940958 9.9973E-05
0.0364384 0.00563878 9.9991E-05 0.0492641 0.866107 0.0424521
9.9982E-05 9.9982E-05 0.0134421 0.0530726 0.762764 0.170521
9.996E-05 9.996E-05 9.996E-05 9.996E-05 0.9995 9.996E-05
9.9982E-05 0.102283 0.0486167 0.0467196 0.802181 9.9982E-05
0.00878465 0.0829599 0.0191609 0.145191 0.629556 0.114347
9.9973E-05 0.140683 9.9973E-05 0.117796 0.741221 9.9973E-05
9.999E-05 0.0334602 0.0116948 0.0256828 0.771265 0.157797
0.0344313 0.129211 9.9991E-05 0.0243172 0.729011 0.0829302
9.9982E-05 0.152213 0.0430786 0.123065 0.681444 9.9982E-05
0.0256362 0.052723 0.0710399 0.1762 0.62506 0.0493415
0.0837134 0.170972 0.0422103 0.186688 0.516316 9.9991E-05
9.9982E-05 9.9982E-05 0.0370316 0.147926 0.638482 0.17636
9.9991E-05 0.0165463 0.0276622 0.0841895 0.0764494 0.795053
9.9982E-05 0.0701927 0.104964 0.103282 9.9982E-05 0.721361
0.0209241 0.0409153 9.9991E-05 0.143479 0.031466 0.763115
9.9982E-05 0.0638785 9.9982E-05 0.143724 0.0156426 0.776555
0.0300772 9.9991E-05 0.0817357 0.0342039 0.0473456 0.806538
0.00720121 0.029366 0.0221861 0.0633251 9.9991E-05 0.877822
0.0516206 0.147297 0.0520624 0.0761006 0.0185417 0.654378
9.9991E-05 0.0348049 0.074276 0.0719615 0.0430837 0.775774
0.0398972 0.0788432 0.0478883 9.9991E-05 0.075379 0.757892
9.9982E-05 0.000387226 0.0443482 0.0681284 9.9982E-05 0.886936
0.0270025 0.0311961 0.0149991 9.9991E-05 0.00728371 0.919419
0.0269318 9.9982E-05 0.00185803 9.9982E-05 0.0201828 0.950827
0.034456 0.107806 0.0491021 9.9982E-05 9.9982E-05 0.808436
0.0150634 0.0445167 0.0206646 0.0276319 0.00708945 0.885034
9.9982E-05 0.0233516 9.9982E-05 0.0455454 0.0463139 0.884589
9.9964E-05 9.9964E-05 0.0805591 9.9964E-05 9.9964E-05 0.919041
0.0819564 9.9982E-05 0.0167176 0.0599037 9.9982E-05 0.841222
0.0287058 0.0624598 0.0396898 0.0717588 9.9991E-05 0.797286
0.00617767 0.0806043 0.0242332 0.116693 0.0606598 0.711632
0.0314791 0.012578 0.0817575 9.9991E-05 0.0866467 0.787439
0.0578357 0.0885418 0.0667614 0.590708 0.0724972 0.123656
0.0845077 9.9973E-05 0.0575774 0.857615 9.9973E-05 9.9973E-05
0.0329146 0.0485933 0.202216 0.627527 0.0420547 0.0466943
0.0361648 0.00256274 0.222955 0.561257 0.014674 0.162387
9.9982E-05 9.9982E-05 0.176528 0.750667 0.0531578 0.0194471
0.0349285 0.00481725 0.150429 0.627147 0.0290255 0.153652
0.00851274 0.00847502 0.141304 0.780784 0.0587469 0.00217728
0.00117227 0.0242641 0.112249 0.861755 0.000459565 9.9991E-05
0.123194 0.0819262 0.0865321 0.634625 9.9991E-05 0.0736231
0.0532868 0.00121701 0.124008 0.597135 0.138972 0.0853802
0.0312192 9.9991E-05 0.153062 0.672422 0.0393307 0.103865
9.99812E-05 9.99812E-05 0.190417 0.700171 0.109111 9.99812E-05
0.020821 0.0349122 0.160194 0.709961 0.0740118 9.9991E-05
0.087102 9.9991E-05 0.137923 0.709328 0.0198986 0.0456479
0.0150962 9.9991E-05 0.133891 0.697911 0.0256069 0.127394
0.0242004 0.00352754 0.198809 0.659949 0.0887761 0.0247385
0.00615441 0.11999 0.171808 0.559391 0.135241 0.00741559
9.9991E-05 0.00303991 0.0770222 0.496823 0.105593 0.317422
0.0860697 9.9991E-05 0.113814 0.529914 0.00798671 0.262115
0.0762748 9.9982E-05 0.0690394 0.401744 9.9982E-05 0.452742
9.9973E-05 9.9973E-05 0.123971 0.791675 9.9973E-05 0.0840543
0.0665676 0.02973 0.177911 0.467176 0.0598226 0.198792
9.9973E-05 9.9973E-05 0.187355 0.64094 9.9973E-05 0.171405
0.061166 0.0119731 0.1096 0.632197 0.0630779 0.121986
0.058859 0.0265051 0.157621 0.680816 0.0718907 0.00430777
0.112709 9.9982E-05 0.178144 0.601123 9.9982E-05 0.107823
0.0241781 0.233945 0.198047 0.238598 0.063796 0.241436
0.0412541 0.633745 0.02998 0.132599 9.9991E-05 0.162322
0.0239112 0.189543 0.037162 0.530342 0.0971241 0.121918
0.0469171 0.0564037 0.130797 0.614601 9.9991E-05 0.151181
9.9991E-05 0.125992 0.0611843 0.668848 0.00856603 0.135309
0.0107275 0.0758358 0.189011 0.566925 0.0554335 0.102067
9.9973E-05 9.9973E-05 0.943414 0.00803134 0.0482543 9.9973E-05
0.0290892 9.9991E-05 0.137763 0.642018 0.0323602 0.15867
9.9982E-05 0.0137711 0.103177 0.740728 9.9982E-05 0.142123
0.121512 0.160529 0.161125 0.458832 0.0979014 9.9991E-05
0.0895812 0.0424562 0.129753 0.534669 0.171718 0.0318228
0.0418951 0.129276 0.116886 0.639508 0.0723344 9.9991E-05
0.121563 0.121537 0.13379 0.516245 0.106766 9.9991E-05
0.035792 0.174608 0.169394 0.517241 0.0282705 0.074694
0.0909711 9.9982E-05 0.131484 0.678646 9.9982E-05 0.0986985
0.0443661 9.9991E-05 0.118473 0.667325 0.100908 0.0688273
0.0366977 9.9982E-05 0.192561 0.636719 9.9982E-05 0.133822
0.0487721 0.0826 0.144526 0.616209 0.107793 9.9991E-05
0.0565292 0.0952412 0.260612 0.569286 0.0182318 9.9991E-05
0.0175706 0.0429587 0.157415 0.686634 0.0535721 0.0418496
9.996E-05 9.996E-05 0.9995 9.996E-05 9.996E-05 9.996E-05
0.0810143 0.0641402 0.159428 0.559892 0.0782424 0.0572831
0.0667292 0.00346565 0.19369 0.639567 0.0196756 0.0768729
0.067572 0.148835 0.222921 0.521155 9.9991E-05 0.0394177
0.0118062 0.0286134 0.175154 0.598472 9.9991E-05 0.185854
0.0602002 0.0178657 0.101178 0.719137 0.0426314 0.0589872
0.0742474 9.9991E-05 0.110705 0.597545 0.145193 0.0722101
9.9964E-05 9.9964E-05 0.0519142 0.947686 9.9964E-05 9.9964E-05
9.996E-05 9.996E-05 0.9995 9.996E-05 9.996E-05 9.996E-05
9.9973E-05 9.9973E-05 0.0108172 0.961756 9.9973E-05 0.0271269
0.0754445 0.0714653 0.210342 0.619343 9.9991E-05 0.0233049
0.0707649 0.0640146 0.271607 0.464172 0.129341 9.9991E-05
0.0939088 0.0814977 0.18647 0.555934 0.0820897 9.9991E-05
0.0542152 9.9991E-05 0.174991 0.674465 0.0376702 0.0585585
0.0308206 9.9991E-05 0.125505 0.678686 0.0301561 0.134732
0.00200233 0.0644138 0.900016 9.9982E-05 0.0333675 9.9982E-05
0.0896208 0.115243 0.194772 0.526987 9.9991E-05 0.0732769
0.0370006 0.134061 0.0725594 0.580442 0.17251 0.00342627
9.9991E-05 0.188999 0.120731 0.510597 0.14189 0.0376834
0.0187415 0.1206 0.134356 0.48188 0.236074 0.00834934
0.0652267 0.158813 0.134789 0.425518 0.215553 9.9991E-05
0.0136747 0.165536 0.122212 0.443081 0.226671 0.0288258
0.000786009 0.209879 0.145319 0.349755 0.294161 9.9991E-05
0.0638171 0.208869 0.100133 0.362833 0.255571 0.00877664
0.0855691 0.0742002 0.142423 0.407485 0.285757 0.00456611
0.0248417 0.138229 0.0928614 0.319653 0.247701 0.176713
9.9991E-05 0.0954126 0.159567 0.427833 0.211473 0.105614
0.0339818 0.0460843 0.102733 0.441901 0.28728 0.0880198
0.0180366 0.770001 0.0643663 9.9991E-05 0.0912541 0.0562417
0.0375499 0.763967 0.0595112 0.0154702 0.0641811 0.0593202
0.0239817 0.741607 0.0174105 0.075758 0.0868194 0.0544233
0.0604466 0.768241 9.9982E-05 9.9982E-05 0.0430104 0.128102
0.0580565 0.74972 0.0338628 0.00598783 0.0568239 0.0955489
0.0133248 0.793091 0.0500149 0.0704208 0.0668839 0.00626419
9.9982E-05 0.746635 0.0791131 9.9982E-05 0.0507635 0.123288
9.9982E-05 0.861837 0.0608796 0.00137178 0.0757121 9.9982E-05
0.0786235 0.600561 0.0392878 0.157395 0.0290543 0.0950781
9.9982E-05 0.694528 0.0206325 9.9982E-05 0.0466092 0.238031
0.0137152 0.800184 9.9991E-05 0.0206176 0.0324294 0.132954
0.0414796 0.797793 9.9982E-05 9.9982E-05 0.0391007 0.121426
0.0353196 0.637361 0.0139734 0.126583 0.0615299 0.125233
0.0325918 0.64718 0.0378431 0.141312 9.9991E-05 0.140973
0.0734339 0.736323 0.04951 0.0409149 0.0997184 9.9991E-05
0.129789 0.777733 0.0314713 0.026691 0.00104853 0.0332671
9.9982E-05 0.840381 0.0315454 0.0337288 9.9982E-05 0.0941444
0.0533145 0.806847 9.9982E-05 0.0960808 9.9982E-05 0.0435575
0.024573 0.807471 0.0364708 9.9991E-05 0.0591192 0.072266
0.018481 0.769312 0.0410923 0.0267522 0.0599698 0.0843924
0.0729061 0.727226 0.0990747 0.0346023 0.0587348 0.00745652
9.9991E-05 0.756375 0.039972 0.0361429 0.0376838 0.129727
0.0404814 0.814804 0.0551954 0.0696676 0.0197511 9.9991E-05
0.0595627 0.838998 0.0548039 0.0464359 9.9982E-05 9.9982E-05
0.0568498 0.730115 0.115567 9.9982E-05 0.0972678 9.9982E-05
0.0255835 0.749207 0.0300251 0.0916697 0.103415 9.9991E-05
0.0229581 0.766317 0.0398958 0.000222108 0.0467034 0.123903
0.10625 0.678165 0.0228477 0.0973128 0.00994505 0.0854795
0.0847207 0.68029 0.0312591 0.0768669 0.065507 0.0613562
9.9991E-05 0.805493 0.0751141 0.00555511 0.0332808 0.0804572
9.9973E-05 0.810816 0.0557806 9.9973E-05 9.9973E-05 0.133104
0.0780755 0.714634 0.0480011 9.9991E-05 0.0581609 0.101028
0.00429111 0.719983 0.0353272 9.9991E-05 0.115637 0.124662
0.0030807 0.845247 0.0494231 0.0639791 0.0381699 9.9991E-05
0.0251119 0.815652 0.00443745 0.0498388 0.104859 9.9991E-05
0.0277931 0.177252 0.0418598 9.9991E-05 0.123209 0.629786
0.0567633 0.180936 0.104205 9.9991E-05 0.09369 0.564306
0.102396 0.157166 0.0802299 9.9991E-05 0.0869056 0.573203
0.119809 0.196254 0.087426 0.0373908 0.037251 0.521869
0.110308 0.0954368 0.0447243 0.088946 0.03112 0.629465
9.9982E-05 0.159519 0.0432902 9.9982E-05 0.0959416 0.701049
9.9982E-05 0.0524686 0.0420405 9.9982E-05 0.0292084 0.876082
0.0963734 0.0154843 0.00526629 9.9991E-05 0.232328 0.650448
