9.9982E-05 9.9982E-05 0.0461339 0.0471619 0.265733 0.640771
9.996E-05 9.996E-05 0.069785 9.996E-05 9.996E-05 0.929815
9.9973E-05 9.9973E-05 0.0427594 9.9973E-05 0.576624 0.380316
0.344152 0.0469398 9.9982E-05 9.9982E-05 0.16499 0.443719
9.9973E-05 0.190948 9.9973E-05 0.713967 0.0947857 9.9973E-05
0.868716 0.0448934 0.0365262 9.9991E-05 0.038867 0.0108978
0.0171702 0.659397 0.0876244 9.9991E-05 0.212811 0.0228972
9.99641E-05 9.99641E-05 9.99641E-05 9.99641E-05 0.0973753 0.902225
0.445113 9.99641E-05 0.554487 9.99641E-05 9.99641E-05 9.99641E-05
9.9964E-05 0.901088 9.9964E-05 0.0985121 9.9964E-05 9.9964E-05
9.996E-05 0.9995 9.996E-05 9.996E-05 9.996E-05 9.996E-05
0.105392 9.9964E-05 9.9964E-05 9.9964E-05 9.9964E-05 0.894208
0.00414875 0.0675942 0.137754 0.560227 0.223386 0.00689028
9.999E-05 0.29187 0.0414758 0.0156361 0.499036 0.151882
9.99641E-05 0.157041 9.99641E-05 0.842559 9.99641E-05 9.99641E-05
9.996E-05 9.996E-05 0.820916 9.996E-05 0.178684 9.996E-05
0.165923 0.0162756 9.9973E-05 9.9973E-05 9.9973E-05 0.817502
0.136423 0.415599 0.447678 9.9973E-05 9.9973E-05 9.9973E-05
0.9995 9.996E-05 9.996E-05 9.996E-05 9.996E-05 9.996E-05
9.996E-05 9.996E-05 0.86389 0.13571 9.996E-05 9.996E-05
9.997E-05 9.997E-05 0.823281 0.0992679 9.997E-05 0.0771516
0.414809 0.0317 0.49646 9.9982E-05 9.9982E-05 0.0568317
9.9982E-05 0.0790825 0.776482 0.141849 0.00238729 9.9982E-05
0.198225 0.0715874 0.093347 0.064096 0.147921 0.424824
0.0728568 9.9964E-05 9.9964E-05 9.9964E-05 0.926743 9.9964E-05
9.997E-05 9.997E-05 0.0507061 0.946799 0.00219502 9.997E-05
0.138494 9.99731E-05 9.99731E-05 9.99731E-05 0.366777 0.494429
0.586513 9.99731E-05 9.99731E-05 0.331808 0.0813796 9.99731E-05
9.99642E-05 9.99642E-05 0.0630249 9.99642E-05 9.99642E-05 0.936575
0.706863 0.0720912 9.99731E-05 9.99731E-05 9.99731E-05 0.220746
9.997E-05 0.405728 9.997E-05 9.997E-05 0.522355 0.0716175
9.99641E-05 0.066023 9.99641E-05 9.99641E-05 0.933577 9.99641E-05
9.9973E-05 0.936078 9.9973E-05 0.00418645 0.0594356 9.9973E-05
0.751449 9.9982E-05 0.161842 9.9982E-05 0.0782716 0.00823736
0.257843 9.9973E-05 9.9973E-05 9.9973E-05 0.0690468 0.67281
9.9973E-05 9.9973E-05 0.986447 9.9973E-05 0.0110557 0.00219701
0.720525 9.9964E-05 0.279075 9.9964E-05 9.9964E-05 9.9964E-05
0.815688 0.0542971 0.128538 9.998E-05 0.00127772 9.998E-05
0.0922829 0.688264 9.99821E-05 9.99821E-05 0.103792 0.11546
0.912811 9.99641E-05 9.99641E-05 0.0867894 9.99641E-05 9.99641E-05
0.839127 9.9964E-05 9.9964E-05 9.9964E-05 9.9964E-05 0.160473
0.214631 9.99641E-05 9.99641E-05 9.99641E-05 9.99641E-05 0.784969
9.99641E-05 9.99641E-05 0.638412 0.361188 9.99641E-05 9.99641E-05
9.996E-05 9.996E-05 9.996E-05 9.996E-05 0.9995 9.996E-05
9.996E-05 9.996E-05 9.996E-05 0.9995 9.996E-05 9.996E-05
9.99641E-05 9.99641E-05 0.0707798 9.99641E-05 9.99641E-05 0.92882
0.0362062 9.99641E-05 0.963394 9.99641E-05 9.99641E-05 9.99641E-05
0.711917 9.99641E-05 0.287683 9.99641E-05 9.99641E-05 9.99641E-05
0.0168087 9.99821E-05 0.00103554 0.901408 9.99821E-05 0.0805475
0.237598 0.146141 0.615961 9.997E-05 9.997E-05 9.997E-05
