9.9919E-05 9.9919E-05 9.9919E-05 0.9154 9.9919E-05 0.0284345 0.00255774 9.9919E-05 0.00930523 9.9919E-05 0.0406323 9.9919E-05 0.0027709 9.9919E-05 9.9919E-05
9.9928E-05 9.9928E-05 0.103816 0.672486 0.00615398 0.11266 9.9928E-05 9.9928E-05 9.9928E-05 9.9928E-05 0.00503835 0.0762191 0.0228263 9.9928E-05 9.9928E-05
9.9946E-05 0.0420889 0.0114086 0.749709 0.0452662 0.0463661 9.9946E-05 0.00324178 0.039874 9.9946E-05 9.9946E-05 9.9946E-05 9.9946E-05 0.00706444 0.0543809
9.9937E-05 0.0172078 9.9937E-05 0.763924 9.9937E-05 0.0365004 9.9937E-05 0.00773817 0.0115433 0.00760303 0.0456918 9.9937E-05 9.9937E-05 9.9937E-05 0.109092
9.991E-05 0.107873 0.0106643 0.759548 9.991E-05 9.991E-05 0.0987477 9.991E-05 9.991E-05 9.991E-05 0.0221683 9.991E-05 9.991E-05 9.991E-05 9.991E-05
0.0187946 9.9937E-05 0.0324507 0.83983 9.9937E-05 0.0351225 9.9937E-05 0.0234224 9.9937E-05 0.0202794 9.9937E-05 9.9937E-05 0.019956 9.9937E-05 0.00944448
9.9919E-05 0.00482486 0.059446 0.876412 9.9919E-05 9.9919E-05 9.9919E-05 0.0221109 9.9919E-05 9.9919E-05 9.9919E-05 0.0118244 0.0244826 9.9919E-05 9.9919E-05
0.0431064 0.0174634 9.9946E-05 0.755634 0.0579328 0.0558484 9.9946E-05 0.0184996 0.00660618 0.0111929 9.9946E-05 0.0331168 9.9946E-05 9.9946E-05 9.9946E-05
0.101187 0.0739426 0.0381096 0.738046 9.9928E-05 9.9928E-05 9.9928E-05 9.9928E-05 0.0117666 9.9928E-05 0.0266139 9.9928E-05 9.9928E-05 9.9928E-05 0.00953446
9.9906E-05 9.9906E-05 9.9906E-05 0.753751 9.9906E-05 0.12251 9.9906E-05 0.0323069 9.9906E-05 9.9906E-05 9.9906E-05 9.9906E-05 9.9906E-05 9.9906E-05 0.0903329
9.9946E-05 9.9946E-05 0.0186659 0.691772 0.0662179 0.0708414 9.9946E-05 9.9946E-05 0.00704524 0.00506472 0.0927857 9.9946E-05 0.020737 0.0262708 9.9946E-05
9.9928E-05 9.9928E-05 9.9928E-05 0.690656 9.9928E-05 0.0992492 9.9928E-05 0.0153538 0.0144741 0.0075823 0.0765494 9.9928E-05 9.9928E-05 9.9928E-05 0.0953363
9.9928E-05 0.0747665 9.9928E-05 0.746855 9.9928E-05 0.0999648 9.9928E-05 0.00383534 9.9928E-05 0.00199391 9.9928E-05 9.9928E-05 0.0443426 9.9928E-05 0.0274423
0.0659076 9.9946E-05 0.0941436 0.676392 9.9946E-05 0.102096 9.9946E-05 0.00633749 9.9946E-05 9.9946E-05 0.0119701 9.9946E-05 0.0208675 0.0172477 0.00443827
9.9937E-05 0.0324744 0.0342186 0.761724 9.9937E-05 9.9937E-05 0.016543 9.9937E-05 0.0269766 9.9937E-05 0.0395611 0.0134363 9.9937E-05 9.9937E-05 0.0743661
9.9919E-05 0.0194333 0.0625579 0.824084 9.9919E-05 9.9919E-05 0.0706778 9.9919E-05 9.9919E-05 0.00941867 9.9919E-05 9.9919E-05 0.012929 9.9919E-05 9.9919E-05
9.99011E-05 9.99011E-05 9.99011E-05 0.893955 9.99011E-05 9.99011E-05 0.083856 0.014322 9.99011E-05 0.00676853 9.99011E-05 9.99011E-05 9.99011E-05 9.99011E-05 9.99011E-05
9.9892E-05 9.9892E-05 9.9892E-05 0.917769 9.9892E-05 9.9892E-05 0.0749064 9.9892E-05 9.9892E-05 0.00612601 9.9892E-05 9.9892E-05 9.9892E-05 9.9892E-05 9.9892E-05
9.98921E-05 9.98921E-05 9.98921E-05 0.860523 0.0127112 9.98921E-05 0.125567 9.98921E-05 9.98921E-05 9.98921E-05 9.98921E-05 9.98921E-05 9.98921E-05 9.98921E-05 9.98921E-05
9.9919E-05 9.9919E-05 9.9919E-05 0.848929 9.9919E-05 9.9919E-05 0.0924045 0.0275139 9.9919E-05 0.00713875 9.9919E-05 0.0151062 9.9919E-05 9.9919E-05 0.00800837
9.9874E-05 9.9874E-05 9.9874E-05 9.9874E-05 9.9874E-05 9.9874E-05 9.9874E-05 9.9874E-05 9.9874E-05 9.9874E-05 9.9874E-05 9.9874E-05 9.9874E-05 0.998602 9.9874E-05
9.9892E-05 9.9892E-05 9.9892E-05 9.9892E-05 9.9892E-05 0.291331 9.9892E-05 9.9892E-05 9.9892E-05 9.9892E-05 9.9892E-05 9.9892E-05 0.0225159 9.9892E-05 0.684954
9.9937E-05 9.9937E-05 9.9937E-05 0.0141801 0.212337 0.0314472 9.9937E-05 0.0223784 9.9937E-05 9.9937E-05 9.9937E-05 0.0213913 0.00232439 0.00971591 0.685526
9.9892E-05 9.9892E-05 9.9892E-05 9.9892E-05 0.222124 9.9892E-05 0.00261493 9.9892E-05 9.9892E-05 9.9892E-05 9.9892E-05 9.9892E-05 9.9892E-05 9.9892E-05 0.774062
9.991E-05 9.991E-05 9.991E-05 0.00782463 0.00854243 9.991E-05 9.991E-05 0.00254083 9.991E-05 9.991E-05 9.991E-05 9.991E-05 9.991E-05 0.00962419 0.970469
9.9919E-05 9.9919E-05 9.9919E-05 0.00819448 0.0316689 9.9919E-05 0.00944221 0.00188212 9.9919E-05 0.0291139 9.9919E-05 9.9919E-05 9.9919E-05 9.9919E-05 0.918799
0.192746 0.0397357 9.9919E-05 9.9919E-05 9.9919E-05 9.9919E-05 9.9919E-05 9.9919E-05 0.00805519 9.9919E-05 9.9919E-05 0.00856418 9.9919E-05 0.0188771 0.731123
9.9874E-05 9.9874E-05 9.9874E-05 9.9874E-05 9.9874E-05 9.9874E-05 9.9874E-05 9.9874E-05 9.9874E-05 9.9874E-05 9.9874E-05 9.9874E-05 9.9874E-05 0.998602 9.9874E-05
0.111971 9.9937E-05 0.0038642 9.9937E-05 9.9937E-05 9.9937E-05 9.9937E-05 0.00216228 0.0087218 9.9937E-05 0.0180247 0.0155665 9.9937E-05 0.0161784 0.822811
0.157567 0.016606 9.99369E-05 9.99369E-05 9.99369E-05 9.99369E-05 0.0350625 0.009551 9.99369E-05 9.99369E-05 0.0162618 0.0566483 0.00904714 9.99369E-05 0.698556
0.056629 0.0270073 0.0605676 9.9937E-05 9.9937E-05 9.9937E-05 9.9937E-05 9.9937E-05 0.0110018 0.0179804 0.0419944 9.9937E-05 9.9937E-05 0.0272125 0.756908
9.99011E-05 9.99011E-05 9.99011E-05 9.99011E-05 9.99011E-05 9.99011E-05 0.206094 9.99011E-05 9.99011E-05 0.0135665 9.99011E-05 9.99011E-05 9.99011E-05 0.0124151 0.766826
9.9928E-05 0.0834922 0.0194359 0.0253177 0.192808 9.9928E-05 9.9928E-05 9.9928E-05 9.9928E-05 9.9928E-05 9.9928E-05 9.9928E-05 0.0041304 0.0518387 0.622177
9.9937E-05 9.9937E-05 0.0488624 9.9937E-05 9.9937E-05 0.0662009 9.9937E-05 0.0123869 0.0566568 9.9937E-05 9.9937E-05 0.0284861 0.0502573 0.0339367 0.702513
9.99189E-05 0.0242894 9.99189E-05 9.99189E-05 9.99189E-05 9.99189E-05 0.125305 0.00690614 9.99189E-05 9.99189E-05 0.154425 9.99189E-05 0.0121642 9.99189E-05 0.676011
9.99279E-05 9.99279E-05 0.0775689 9.99279E-05 9.99279E-05 0.25842 9.99279E-05 9.99279E-05 0.0465431 9.99279E-05 0.16463 9.99279E-05 0.0164005 0.00909913 0.42654
0.0115768 9.9919E-05 9.9919E-05 9.9919E-05 9.9919E-05 9.9919E-05 0.212854 9.9919E-05 0.00800065 0.00228345 0.0824377 9.9919E-05 9.9919E-05 9.9919E-05 0.681948
0.878958 9.9901E-05 9.9901E-05 9.9901E-05 9.9901E-05 0.0234973 9.9901E-05 9.9901E-05 9.9901E-05 9.9901E-05 0.0729895 9.9901E-05 9.9901E-05 0.0234568 9.9901E-05
0.505504 9.99189E-05 9.99189E-05 9.99189E-05 0.307595 0.0266226 9.99189E-05 9.99189E-05 9.99189E-05 9.99189E-05 0.0230063 0.126331 0.0100409 9.99189E-05 9.99189E-05
0.8936 0.0590024 0.0155762 0.00544548 9.9919E-05 9.9919E-05 9.9919E-05 9.9919E-05 0.00781988 0.0176567 9.9919E-05 9.9919E-05 9.9919E-05 9.9919E-05 9.9919E-05
0.73744 9.9919E-05 0.0106292 9.9919E-05 9.9919E-05 9.9919E-05 0.218841 9.9919E-05 9.9919E-05 0.00935352 9.9919E-05 0.0128629 9.9919E-05 9.9919E-05 0.00997369
9.99099E-05 9.99099E-05 9.99099E-05 9.99099E-05 9.99099E-05 9.99099E-05 0.922314 0.0117765 0.0210727 9.99099E-05 9.99099E-05 9.99099E-05 0.0314074 0.0124307 9.99099E-05
0.977005 9.98961E-05 9.98961E-05 9.98961E-05 9.98961E-05 9.98961E-05 9.98961E-05 9.98961E-05 0.00336402 9.98961E-05 9.98961E-05 9.98961E-05 9.98961E-05 0.0184326 9.98961E-05
0.0115969 0.0278002 0.0421577 0.0297873 0.173452 0.200023 0.494862 0.0036916 0.0108712 9.9964E-05 9.9964E-05 9.9964E-05 0.00427681 0.00108138 9.9964E-05
9.98829E-05 9.98829E-05 9.98829E-05 9.98829E-05 0.990022 9.98829E-05 9.98829E-05 9.98829E-05 9.98829E-05 9.98829E-05 9.98829E-05 9.98829E-05 0.0086794 9.98829E-05 9.98829E-05
9.98829E-05 9.98829E-05 9.98829E-05 9.98829E-05 0.73041 9.98829E-05 0.268292 9.98829E-05 9.98829E-05 9.98829E-05 9.98829E-05 9.98829E-05 9.98829E-05 9.98829E-05 9.98829E-05
9.9874E-05 9.9874E-05 9.9874E-05 9.9874E-05 9.9874E-05 9.9874E-05 0.998602 9.9874E-05 9.9874E-05 9.9874E-05 9.9874E-05 9.9874E-05 9.9874E-05 9.9874E-05 9.9874E-05
0.649686 9.9919E-05 9.9919E-05 9.9919E-05 9.9919E-05 0.102961 0.218033 0.00635335 0.0101853 9.9919E-05 9.9919E-05 9.9919E-05 9.9919E-05 0.0118822 9.9919E-05
0.159285 9.9892E-05 9.9892E-05 9.9892E-05 9.9892E-05 9.9892E-05 0.805525 9.9892E-05 9.9892E-05 9.9892E-05 9.9892E-05 9.9892E-05 9.9892E-05 0.0339918 9.9892E-05
0.0881885 9.9937E-05 9.9937E-05 9.9937E-05 0.16409 0.415447 0.281032 9.9937E-05 0.0176708 0.000455764 9.9937E-05 9.9937E-05 0.0254049 0.00701108 9.9937E-05
9.98739E-05 9.98739E-05 9.98739E-05 9.98739E-05 0.998602 9.98739E-05 9.98739E-05 9.98739E-05 9.98739E-05 9.98739E-05 9.98739E-05 9.98739E-05 9.98739E-05 9.98739E-05 9.98739E-05
9.9874E-05 9.9874E-05 9.9874E-05 9.9874E-05 9.9874E-05 9.9874E-05 0.998602 9.9874E-05 9.9874E-05 9.9874E-05 9.9874E-05 9.9874E-05 9.9874E-05 9.9874E-05 9.9874E-05
0.665598 9.99009E-05 9.99009E-05 9.99009E-05 9.99009E-05 9.99009E-05 0.238986 0.0504947 9.99009E-05 9.99009E-05 9.99009E-05 9.99009E-05 0.0438223 9.99009E-05 9.99009E-05
0.227095 9.99279E-05 9.99279E-05 0.0524727 0.0423704 0.0262553 0.601252 9.99279E-05 9.99279E-05 0.00916473 0.0405902 9.99279E-05 9.99279E-05 9.99279E-05 9.99279E-05
0.939055 9.99099E-05 9.99099E-05 0.00382388 9.99099E-05 9.99099E-05 9.99099E-05 0.026247 9.99099E-05 0.0123871 9.99099E-05 9.99099E-05 0.017488 9.99099E-05 9.99099E-05
9.98919E-05 9.98919E-05 9.98919E-05 9.98919E-05 0.983747 0.00476942 9.98919E-05 9.98919E-05 0.0102844 9.98919E-05 9.98919E-05 9.98919E-05 9.98919E-05 9.98919E-05 9.98919E-05
0.901259 9.9919E-05 9.9919E-05 0.0390725 9.9919E-05 9.9919E-05 9.9919E-05 0.0244251 9.9919E-05 9.9919E-05 0.00840272 9.9919E-05 9.9919E-05 0.0206652 0.00527636
9.9937E-05 9.9937E-05 9.9937E-05 0.0140828 0.201195 0.133605 9.9937E-05 9.9937E-05 0.035327 9.9937E-05 0.0250062 0.571266 0.00947014 9.9937E-05 0.00934788
9.98739E-05 9.98739E-05 9.98739E-05 9.98739E-05 9.98739E-05 9.98739E-05 9.98739E-05 9.98739E-05 0.998602 9.98739E-05 9.98739E-05 9.98739E-05 9.98739E-05 9.98739E-05 9.98739E-05
9.9937E-05 9.9937E-05 0.0284143 9.9937E-05 0.00354998 0.204433 9.9937E-05 0.0471601 9.9937E-05 9.9937E-05 0.137908 0.528262 0.0369246 0.0126497 9.9937E-05
0.135772 0.159758 9.9955E-05 9.9955E-05 9.9955E-05 0.0214586 0.0163459 0.00461739 0.0198762 9.9955E-05 0.288283 0.317566 0.0256791 0.0101445 9.9955E-05
0.0497049 0.107149 9.9937E-05 9.9937E-05 0.062902 9.9937E-05 9.9937E-05 9.9937E-05 0.0511153 0.0159956 0.317817 0.393771 0.000845763 9.9937E-05 9.9937E-05
0.0828354 9.99369E-05 9.99369E-05 9.99369E-05 9.99369E-05 9.99369E-05 0.171724 9.99369E-05 0.0046517 0.0202665 0.274751 0.418344 0.0144298 0.0122974 9.99369E-05
9.98739E-05 9.98739E-05 9.98739E-05 9.98739E-05 9.98739E-05 9.98739E-05 9.98739E-05 9.98739E-05 9.98739E-05 9.98739E-05 9.98739E-05 9.98739E-05 0.998602 9.98739E-05 9.98739E-05
9.98738E-05 9.98738E-05 9.98738E-05 9.98738E-05 9.98738E-05 9.98738E-05 9.98738E-05 9.98738E-05 0.998602 9.98738E-05 9.98738E-05 9.98738E-05 9.98738E-05 9.98738E-05 9.98738E-05
9.9946E-05 0.076679 9.9946E-05 0.0579651 0.00536252 0.259747 9.9946E-05 0.0121541 0.0233664 9.9946E-05 0.0768652 0.449132 0.038129 9.9946E-05 9.9946E-05
0.127772 9.9946E-05 9.9946E-05 0.0301697 9.9946E-05 9.9946E-05 9.9946E-05 0.0279087 0.00495914 0.0170138 9.9946E-05 0.645917 0.0336045 0.0266043 0.0854514
0.0473326 0.133602 9.9946E-05 9.9946E-05 9.9946E-05 9.9946E-05 0.0810338 0.0391506 0.0272875 0.0130504 0.0435814 0.580127 0.0342345 9.9946E-05 9.9946E-05
9.9955E-05 0.00896028 9.9955E-05 9.9955E-05 0.192471 9.9955E-05 9.9955E-05 0.0325066 0.017149 0.0131291 0.181878 0.474559 0.0350681 0.0212214 0.0225578
9.996E-05 9.996E-05 0.0201789 0.03226 0.140459 9.996E-05 9.996E-05 0.0397836 0.0994117 0.0276286 0.193899 0.378894 0.0240169 0.00396847 0.0391003
0.0762667 9.9937E-05 9.9937E-05 0.00703295 0.0806321 9.9937E-05 9.9937E-05 0.0276564 0.0476105 9.9937E-05 0.0349827 0.699871 0.0252483 9.9937E-05 9.9937E-05
0.216008 0.120988 9.9928E-05 9.9928E-05 9.9928E-05 9.9928E-05 9.9928E-05 9.9928E-05 0.0223954 0.0157688 0.340301 0.226553 0.0571878 9.9928E-05 9.9928E-05
9.99369E-05 0.0196973 9.99369E-05 9.99369E-05 0.0110614 9.99369E-05 0.158308 9.99369E-05 0.0785739 9.99369E-05 0.297432 0.315398 0.0257202 9.99369E-05 0.093109
0.0442077 0.314661 9.9937E-05 9.9937E-05 9.9937E-05 0.079277 9.9937E-05 9.9937E-05 0.0374821 0.0342541 0.383118 0.0491349 9.9937E-05 9.9937E-05 0.0571655
9.9937E-05 0.0135909 9.9937E-05 9.9937E-05 0.593364 9.9937E-05 9.9937E-05 9.9937E-05 0.0165485 0.027702 0.0449051 0.250952 0.0241098 0.028128 9.9937E-05
0.0172717 0.089387 9.9946E-05 0.0417764 9.9946E-05 9.9946E-05 0.392268 9.9946E-05 0.0422896 0.00629468 0.111617 0.283704 0.014793 9.9946E-05 9.9946E-05
9.9919E-05 9.9919E-05 9.9919E-05 0.0291453 9.9919E-05 9.9919E-05 0.633539 9.9919E-05 0.0350948 0.00245535 0.142381 0.156486 9.9919E-05 9.9919E-05 9.9919E-05
9.98739E-05 9.98739E-05 9.98739E-05 9.98739E-05 9.98739E-05 9.98739E-05 9.98739E-05 9.98739E-05 9.98739E-05 9.98739E-05 9.98739E-05 9.98739E-05 0.998602 9.98739E-05 9.98739E-05
9.9973E-05 0.0543807 9.9973E-05 0.0368267 0.203518 9.9973E-05 0.167402 0.0607192 0.0545227 0.0584515 0.127566 0.156802 0.0159207 0.0529236 0.0106682
0.0320838 0.0414674 9.9955E-05 9.9955E-05 0.0939164 9.9955E-05 0.127195 0.00423934 0.0359945 0.0133472 0.273807 0.28269 0.094759 9.9955E-05 9.9955E-05
9.99369E-05 9.99369E-05 9.99369E-05 0.00983789 9.99369E-05 9.99369E-05 0.215385 0.031962 0.00343608 0.0358686 9.99369E-05 0.681122 9.99369E-05 0.00243419 0.0192547
9.9955E-05 9.9955E-05 9.9955E-05 9.9955E-05 0.0360847 0.0591354 0.119481 0.036089 0.0252054 9.9955E-05 0.055711 0.58796 0.0495018 0.000810232 0.0295216
0.183168 9.99279E-05 9.99279E-05 0.0272112 9.99279E-05 9.99279E-05 9.99279E-05 0.00719003 0.00130564 9.99279E-05 0.290133 0.437511 0.0526818 9.99279E-05 9.99279E-05
0.173372 9.9982E-05 0.173268 0.0272574 0.0366086 0.0404587 0.103368 0.0524866 0.0238079 0.0418465 0.190998 0.110438 9.9982E-05 0.00547651 0.020414
9.9919E-05 9.9919E-05 0.494302 9.9919E-05 0.353384 9.9919E-05 9.9919E-05 9.9919E-05 0.0391004 0.00564977 0.0845574 9.9919E-05 0.022107 9.9919E-05 9.9919E-05
0.124558 0.12413 0.142308 0.00499521 9.9964E-05 9.9964E-05 0.102911 0.00549385 0.0587555 0.00166768 9.9964E-05 0.412113 9.9964E-05 0.0055571 0.017111
9.99279E-05 9.99279E-05 0.0338647 9.99279E-05 0.0588739 9.99279E-05 0.141924 0.0217534 9.99279E-05 0.000925597 9.99279E-05 0.739456 0.00240323 9.99279E-05 9.99279E-05
9.9919E-05 9.9919E-05 0.0650168 9.9919E-05 9.9919E-05 9.9919E-05 0.205819 9.9919E-05 0.00220871 0.0283794 9.9919E-05 0.68999 9.9919E-05 0.00768754 9.9919E-05
0.0953338 0.0701747 0.0612376 9.9955E-05 9.9955E-05 9.9955E-05 0.026382 0.031856 0.0206377 9.9955E-05 0.172564 0.493557 0.0144914 0.0132655 9.9955E-05
9.98736E-05 9.98736E-05 9.98736E-05 9.98736E-05 9.98736E-05 9.98736E-05 9.98736E-05 9.98736E-05 9.98736E-05 9.98736E-05 0.998602 9.98736E-05 9.98736E-05 9.98736E-05 9.98736E-05
9.9955E-05 9.9955E-05 9.9955E-05 0.000401998 0.304921 9.9955E-05 9.9955E-05 0.0332211 0.0222291 0.000116736 0.00112111 0.526943 0.0997775 0.00484877 0.00591917
9.9937E-05 9.9937E-05 0.0321344 9.9937E-05 0.0833576 9.9937E-05 0.108789 0.00477242 9.9937E-05 0.00228262 0.041052 0.68751 0.039403 9.9937E-05 9.9937E-05
9.9946E-05 9.9946E-05 0.0604414 0.0420508 9.9946E-05 0.234474 9.9946E-05 9.9946E-05 0.00949561 0.0139612 0.379084 0.214968 9.9946E-05 0.027244 0.0176809
9.9946E-05 0.100015 9.9946E-05 0.0152583 9.9946E-05 0.365969 9.9946E-05 0.00991525 9.9946E-05 0.0283421 0.138897 0.255348 0.0348628 9.9946E-05 0.0507921
9.99099E-05 9.99099E-05 0.00166375 9.99099E-05 9.99099E-05 0.327139 9.99099E-05 0.00912354 9.99099E-05 9.99099E-05 9.99099E-05 0.639219 0.0218558 9.99099E-05 9.99099E-05
9.9946E-05 0.112235 9.9946E-05 0.0401296 9.9946E-05 0.253335 0.0169394 9.9946E-05 0.0650388 9.9946E-05 0.194992 0.242783 0.0555926 0.0183563 9.9946E-05
9.9964E-05 0.193945 0.0358497 0.00920861 0.0742991 0.160863 9.9964E-05 0.0108956 0.0383867 0.0964157 0.249657 0.0773127 0.0527671 9.9964E-05 9.9964E-05
0.132533 9.9946E-05 9.9946E-05 0.0114333 0.11417 0.0204661 9.9946E-05 0.0330998 0.0212183 0.0296815 9.9946E-05 0.619286 0.0175124 9.9946E-05 9.9946E-05
0.0211311 0.173057 9.9937E-05 9.9937E-05 9.9937E-05 9.9937E-05 0.136998 9.9937E-05 0.0109327 0.0388495 0.0569608 0.557257 0.00411454 9.9937E-05 9.9937E-05
9.99369E-05 9.99369E-05 9.99369E-05 9.99369E-05 0.110689 0.119511 9.99369E-05 0.024124 0.0461086 0.0618133 0.241608 0.379971 0.0154752 9.99369E-05 9.99369E-05
9.9937E-05 9.9937E-05 0.0012405 9.9937E-05 9.9937E-05 0.161459 9.9937E-05 0.00589879 9.9937E-05 9.9937E-05 0.148651 0.629125 0.0125943 0.0332097 0.00712281
9.9964E-05 0.0433037 0.0667445 9.9964E-05 9.9964E-05 0.00981154 0.191375 0.0911076 0.0621594 0.01339 0.0054148 0.452388 0.0405171 0.0233884 9.9964E-05
9.99189E-05 0.13595 9.99189E-05 9.99189E-05 9.99189E-05 9.99189E-05 0.121649 9.99189E-05 0.00188685 9.99189E-05 0.518865 0.209925 0.0108243 9.99189E-05 9.99189E-05
9.98739E-05 9.98739E-05 9.98739E-05 9.98739E-05 9.98739E-05 9.98739E-05 9.98739E-05 0.998602 9.98739E-05 9.98739E-05 9.98739E-05 9.98739E-05 9.98739E-05 9.98739E-05 9.98739E-05
0.157297 0.140697 0.0195556 0.0393374 9.9964E-05 9.9964E-05 9.9964E-05 0.00511512 0.0576093 0.0439752 0.359247 0.15331 0.0121471 0.011309 9.9964E-05
0.0772654 9.99369E-05 9.99369E-05 9.99369E-05 9.99369E-05 0.0550023 0.01833 0.0256179 9.99369E-05 9.99369E-05 0.0881535 0.679171 0.0472294 0.00853109 9.99369E-05
0.102519 9.9946E-05 0.0864153 0.00764861 9.9946E-05 9.9946E-05 9.9946E-05 0.00598514 9.9946E-05 0.000291261 0.449557 0.289937 0.0479139 0.00913354 9.9946E-05
0.00123409 0.150521 9.99279E-05 9.99279E-05 9.99279E-05 9.99279E-05 0.226578 9.99279E-05 0.00750678 9.99279E-05 0.415455 0.175953 0.0219522 9.99279E-05 9.99279E-05
0.0894602 0.127682 9.9928E-05 9.9928E-05 9.9928E-05 0.0417487 9.9928E-05 9.9928E-05 9.9928E-05 0.0484237 0.16281 0.51231 0.0167665 9.9928E-05 9.9928E-05
9.9964E-05 0.0456571 9.9964E-05 0.0256664 0.0242728 0.174238 9.9964E-05 0.0152995 9.9964E-05 0.0109155 0.023061 0.63684 0.00644399 0.0145326 0.0226736
9.98739E-05 9.98739E-05 9.98739E-05 9.98739E-05 9.98739E-05 9.98739E-05 9.98739E-05 9.98739E-05 9.98739E-05 0.998602 9.98739E-05 9.98739E-05 9.98739E-05 9.98739E-05 9.98739E-05
9.98739E-05 9.98739E-05 9.98739E-05 9.98739E-05 9.98739E-05 9.98739E-05 9.98739E-05 0.998602 9.98739E-05 9.98739E-05 9.98739E-05 9.98739E-05 9.98739E-05 9.98739E-05 9.98739E-05
9.98739E-05 9.98739E-05 9.98739E-05 9.98739E-05 9.98739E-05 9.98739E-05 9.98739E-05 9.98739E-05 9.98739E-05 0.998602 9.98739E-05 9.98739E-05 9.98739E-05 9.98739E-05 9.98739E-05
9.9928E-05 9.9928E-05 9.9928E-05 9.9928E-05 9.9928E-05 0.194612 0.0862357 0.015485 0.059064 9.9928E-05 0.335158 0.275902 0.0327439 9.9928E-05 9.9928E-05
9.9973E-05 0.0170471 0.0622319 9.9973E-05 9.9973E-05 0.0885549 0.0938894 0.00995152 0.0470693 0.0580603 0.441666 0.0980913 0.0481938 0.0193943 0.0155503
9.9955E-05 0.0382619 0.00446174 0.0220951 9.9955E-05 9.9955E-05 0.195556 0.0199776 0.0217836 0.0290991 0.276804 0.338253 9.9955E-05 9.9955E-05 0.0532071
0.0667927 9.9946E-05 9.9946E-05 0.034794 0.0456411 9.9946E-05 9.9946E-05 9.9946E-05 0.00535904 0.0385136 0.232157 0.526337 0.0211842 0.0286224 9.9946E-05
9.9928E-05 9.9928E-05 9.9928E-05 9.9928E-05 0.0424113 9.9928E-05 0.150164 0.0518342 0.0380193 9.9928E-05 9.9928E-05 0.673937 0.0269465 0.0158889 9.9928E-05
9.98736E-05 9.98736E-05 9.98736E-05 9.98736E-05 9.98736E-05 9.98736E-05 9.98736E-05 9.98736E-05 9.98736E-05 9.98736E-05 0.998602 9.98736E-05 9.98736E-05 9.98736E-05 9.98736E-05
9.9937E-05 9.9937E-05 9.9937E-05 0.040518 9.9937E-05 0.245883 0.035229 0.0361595 9.9937E-05 0.00346761 0.11813 0.508051 0.0118618 9.9937E-05 9.9937E-05
9.991E-05 0.783096 9.991E-05 9.991E-05 9.991E-05 0.0532545 9.991E-05 9.991E-05 0.0383789 9.991E-05 9.991E-05 0.121138 9.991E-05 0.003134 9.991E-05
9.9901E-05 0.847406 9.9901E-05 9.9901E-05 9.9901E-05 0.105956 9.9901E-05 9.9901E-05 9.9901E-05 0.0193659 9.9901E-05 9.9901E-05 0.0261732 9.9901E-05 9.9901E-05
9.9919E-05 0.856893 9.9919E-05 9.9919E-05 0.0810232 9.9919E-05 9.9919E-05 0.0036274 9.9919E-05 0.0207548 9.9919E-05 9.9919E-05 0.00465053 0.0321517 9.9919E-05
9.9928E-05 0.807542 9.9928E-05 9.9928E-05 9.9928E-05 0.0897653 9.9928E-05 9.9928E-05 0.00800827 0.00950924 0.0739982 9.9928E-05 0.00461698 0.0057604 9.9928E-05
0.194786 0.74028 9.991E-05 9.991E-05 9.991E-05 9.991E-05 9.991E-05 0.00452143 9.991E-05 0.0278812 0.0315326 9.991E-05 9.991E-05 9.991E-05 9.991E-05
0.0179941 0.866958 0.0238752 9.9919E-05 9.9919E-05 9.9919E-05 9.9919E-05 9.9919E-05 9.9919E-05 9.9919E-05 0.0489005 9.9919E-05 9.9919E-05 0.00449141 0.0368814
0.0777922 0.920909 9.9883E-05 9.9883E-05 9.9883E-05 9.9883E-05 9.9883E-05 9.9883E-05 9.9883E-05 9.9883E-05 9.9883E-05 9.9883E-05 9.9883E-05 9.9883E-05 9.9883E-05
9.9928E-05 0.784638 9.9928E-05 0.0354967 0.0765452 0.0075294 9.9928E-05 0.00476876 9.9928E-05 9.9928E-05 9.9928E-05 0.0512899 9.9928E-05 9.9928E-05 0.0389321
9.991E-05 0.758434 9.991E-05 9.991E-05 0.202497 9.991E-05 9.991E-05 0.0139331 9.991E-05 0.0127328 9.991E-05 9.991E-05 9.991E-05 0.0114038 9.991E-05
9.991E-05 0.74416 9.991E-05 9.991E-05 9.991E-05 9.991E-05 0.146811 0.0323861 9.991E-05 9.991E-05 9.991E-05 0.0320028 9.991E-05 0.0436411 9.991E-05
9.9955E-05 0.603926 9.9955E-05 0.00465252 0.0273302 0.0411617 0.0505357 9.9955E-05 0.021953 0.00564955 0.00455993 0.121116 9.9955E-05 9.9955E-05 0.118616
9.9937E-05 0.0229887 0.703327 0.00845607 9.9937E-05 9.9937E-05 0.141795 0.0088231 9.9937E-05 0.0298259 0.018837 9.9937E-05 9.9937E-05 9.9937E-05 0.0652478
0.0834229 0.155101 0.603812 0.00774323 0.0201723 0.0670923 9.9946E-05 0.0316525 9.9946E-05 9.9946E-05 9.9946E-05 9.9946E-05 0.0209491 0.00945483 9.9946E-05
0.204199 9.9964E-05 0.625066 0.0188561 9.9964E-05 9.9964E-05 0.0340597 0.0109886 0.0123078 0.00545176 0.0337217 0.00630152 9.9964E-05 0.0203219 0.0283259
9.991E-05 9.991E-05 0.634033 0.0424924 0.30685 9.991E-05 9.991E-05 9.991E-05 9.991E-05 0.00292664 9.991E-05 9.991E-05 9.991E-05 0.0126997 9.991E-05
9.991E-05 9.991E-05 0.566148 9.991E-05 9.991E-05 9.991E-05 0.294268 9.991E-05 9.991E-05 9.991E-05 0.0397649 9.991E-05 0.0585274 0.0402923 9.991E-05
9.9946E-05 0.0994455 0.583995 0.00806068 0.224712 0.0405564 9.9946E-05 0.00722306 0.00616515 9.9946E-05 9.9946E-05 9.9946E-05 0.00184424 0.0273974 9.9946E-05
0.208898 0.0215099 0.637642 9.9919E-05 9.9919E-05 9.9919E-05 9.9919E-05 0.0564238 9.9919E-05 9.9919E-05 9.9919E-05 9.9919E-05 0.0100278 9.9919E-05 0.0645995
0.126704 9.9946E-05 0.713666 9.9946E-05 0.017629 9.9946E-05 9.9946E-05 0.023226 9.9946E-05 9.9946E-05 0.00947826 0.0401466 0.0175082 0.0312092 0.0198325
9.99639E-05 9.99639E-05 0.435112 0.00993733 0.0140845 0.236006 0.0656986 0.00168064 0.00589387 0.044691 0.0184136 0.106997 9.99639E-05 9.99639E-05 0.0610859
9.991E-05 0.143352 0.507802 9.991E-05 0.180214 9.991E-05 0.156123 0.0115107 9.991E-05 9.991E-05 9.991E-05 9.991E-05 9.991E-05 9.991E-05 9.991E-05
0.253922 0.0571926 0.613354 9.9928E-05 9.9928E-05 9.9928E-05 9.9928E-05 9.9928E-05 0.0124322 0.0024695 9.9928E-05 9.9928E-05 0.0211858 0.0386437 9.9928E-05
0.311664 9.991E-05 0.589536 0.0309629 9.991E-05 9.991E-05 9.991E-05 9.991E-05 0.0347425 9.991E-05 9.991E-05 9.991E-05 9.991E-05 9.991E-05 0.0320947
9.9937E-05 0.113004 0.506106 9.9937E-05 9.9937E-05 0.018978 0.269619 9.9937E-05 0.0129351 0.011811 9.9937E-05 0.00397513 9.9937E-05 9.9937E-05 0.0628715
0.152649 0.0380209 0.456139 9.9946E-05 9.9946E-05 0.214141 9.9946E-05 9.9946E-05 0.00896867 0.0143671 0.014201 0.0972438 9.9946E-05 0.00366997 9.9946E-05
9.9919E-05 9.9919E-05 0.666506 0.0230547 0.0369215 9.9919E-05 9.9919E-05 9.9919E-05 0.0417886 9.9919E-05 0.145534 9.9919E-05 9.9919E-05 9.9919E-05 0.0852964
9.9946E-05 9.9946E-05 0.609933 0.0464535 9.9946E-05 0.210084 0.0104538 9.9946E-05 0.0178465 9.9946E-05 0.0663232 0.0070339 0.0211223 0.0101502 9.9946E-05
0.191799 9.9928E-05 0.722731 9.9928E-05 9.9928E-05 0.00615297 9.9928E-05 0.00674738 0.046445 0.0208492 0.00447646 9.9928E-05 9.9928E-05 9.9928E-05 9.9928E-05
9.9928E-05 0.0152789 0.63741 0.0496367 9.9928E-05 0.196568 9.9928E-05 9.9928E-05 0.0162316 0.0193085 9.9928E-05 0.0647668 9.9928E-05 9.9928E-05 9.9928E-05
0.238883 9.99101E-05 0.672829 0.0365526 9.99101E-05 9.99101E-05 9.99101E-05 9.99101E-05 9.99101E-05 0.00398689 9.99101E-05 9.99101E-05 9.99101E-05 9.99101E-05 0.0467497
0.00663314 9.9919E-05 0.633832 9.9919E-05 9.9919E-05 0.21281 9.9919E-05 9.9919E-05 9.9919E-05 9.9919E-05 0.0932626 9.9919E-05 0.033822 0.0187412 9.9919E-05
0.0106178 9.9964E-05 0.504496 0.0202292 0.0245875 0.305824 9.9964E-05 0.0116375 9.9964E-05 0.0379361 9.9964E-05 0.0404054 0.0215738 0.00384014 0.0184527
9.9919E-05 9.9919E-05 0.60588 9.9919E-05 0.337407 9.9919E-05 9.9919E-05 0.0159605 9.9919E-05 0.00665237 0.0294442 9.9919E-05 9.9919E-05 0.00375632 9.9919E-05
9.9919E-05 0.163996 0.60785 0.00308519 9.9919E-05 0.1738 9.9919E-05 9.9919E-05 9.9919E-05 0.0336007 9.9919E-05 9.9919E-05 0.0167686 9.9919E-05 9.9919E-05
0.0286949 0.108007 0.630494 0.0247048 9.9937E-05 0.159029 0.00765876 9.9937E-05 9.9937E-05 9.9937E-05 0.0198718 9.9937E-05 0.0208392 9.9937E-05 9.9937E-05
9.9955E-05 9.9955E-05 0.550544 0.0265782 9.9955E-05 0.167469 9.9955E-05 0.0589438 0.0174624 9.9955E-05 0.00278234 0.0301944 0.017578 0.00365778 0.12429
9.9937E-05 9.9937E-05 0.589054 0.0025049 0.145546 0.0122536 9.9937E-05 9.9937E-05 9.9937E-05 9.9937E-05 0.00114359 0.181328 9.9937E-05 0.000556335 0.0669146
9.99279E-05 9.99279E-05 0.576562 0.0203361 0.15294 0.171921 9.99279E-05 9.99279E-05 9.99279E-05 0.0384016 9.99279E-05 9.99279E-05 0.0136855 0.0253549 9.99279E-05
9.9937E-05 0.012382 0.585529 0.0252111 9.9937E-05 0.219863 0.0971049 9.9937E-05 0.0256043 0.00354425 9.9937E-05 9.9937E-05 0.0300617 9.9937E-05 9.9937E-05
9.9928E-05 9.9928E-05 0.478805 0.00657353 9.9928E-05 0.321198 0.081191 9.9928E-05 0.0165612 9.9928E-05 9.9928E-05 0.0717961 9.9928E-05 0.0230755 9.9928E-05
0.135146 9.994E-05 0.677163 9.994E-05 9.994E-05 9.994E-05 0.0657926 0.0293178 0.0341878 9.994E-05 0.00102655 9.994E-05 0.013201 0.00295658 0.0406086
9.9919E-05 9.9919E-05 0.655634 9.9919E-05 0.236668 9.9919E-05 0.0534619 0.0194644 0.0265706 0.00730244 9.9919E-05 9.9919E-05 9.9919E-05 9.9919E-05 9.9919E-05
9.9928E-05 0.0497317 0.54159 0.0403983 0.0560997 9.9928E-05 0.272384 0.00895662 9.9928E-05 9.9928E-05 9.9928E-05 9.9928E-05 9.9928E-05 9.9928E-05 0.0300404
0.0692623 0.0460422 0.602255 9.9928E-05 9.9928E-05 9.9928E-05 0.148408 9.9928E-05 9.9928E-05 9.9928E-05 9.9928E-05 0.0352901 9.9928E-05 0.00743154 0.0905122
0.0983723 9.9946E-05 0.709426 9.9946E-05 9.9946E-05 9.9946E-05 9.9946E-05 0.0314362 0.0159651 0.0301487 0.021223 0.00842935 9.9946E-05 0.00629802 0.0781013
9.9928E-05 9.9928E-05 0.761694 0.00761323 0.0404402 9.9928E-05 0.0600296 9.9928E-05 9.9928E-05 9.9928E-05 0.0763547 9.9928E-05 0.0204258 0.0326427 9.9928E-05
0.113131 9.9919E-05 9.9919E-05 9.9919E-05 0.129191 0.693656 9.9919E-05 9.9919E-05 0.00774152 0.0313287 9.9919E-05 9.9919E-05 9.9919E-05 9.9919E-05 0.024053
0.0346444 9.99009E-05 9.99009E-05 9.99009E-05 9.99009E-05 0.922719 9.99009E-05 0.00111998 9.99009E-05 9.99009E-05 0.040418 9.99009E-05 9.99009E-05 9.99009E-05 9.99009E-05
9.9874E-05 9.9874E-05 9.9874E-05 9.9874E-05 9.9874E-05 0.998602 9.9874E-05 9.9874E-05 9.9874E-05 9.9874E-05 9.9874E-05 9.9874E-05 9.9874E-05 9.9874E-05 9.9874E-05
9.9928E-05 9.9928E-05 9.9928E-05 0.0275207 9.9928E-05 0.819889 0.0806664 0.0276179 9.9928E-05 0.0127277 9.9928E-05 9.9928E-05 0.0193309 0.0114483 9.9928E-05
0.0556822 9.9901E-05 9.9901E-05 9.9901E-05 9.9901E-05 0.898912 9.9901E-05 9.9901E-05 9.9901E-05 0.00210514 9.9901E-05 0.042202 9.9901E-05 9.9901E-05 9.9901E-05
0.52008 9.9919E-05 9.9919E-05 9.9919E-05 9.9919E-05 0.21936 0.137346 0.0101058 9.9919E-05 0.000552581 9.9919E-05 9.9919E-05 9.9919E-05 9.9919E-05 0.111657
0.131373 9.9892E-05 9.9892E-05 9.9892E-05 9.9892E-05 0.751779 0.115649 9.9892E-05 9.9892E-05 9.9892E-05 9.9892E-05 9.9892E-05 9.9892E-05 9.9892E-05 9.9892E-05
0.16413 9.991E-05 9.991E-05 0.0315776 0.40269 0.229088 9.991E-05 9.991E-05 9.991E-05 9.991E-05 9.991E-05 9.991E-05 9.991E-05 9.991E-05 0.171515
