0	0.199134	0.192505	0.199432	0.2	0.201309	0.123787	0.196946	0.192431	0.19724	0.193859	0.190112	0.197718	0.201636	0.199445	0.202717	0.201578	0.196621	0.195924	0.197401	0.222106	0.223677	0.225049	0.227617	0.223733	0.22421	0.228316	0.220253	0.227027	0.226576	0.223996	0.223047	0.219589	0.222887	0.222897	0.220799	0.22267	0.22618	0.219843	0.219578	0.221458	0.219519	0.2249	0.219516	0.222619	0.218504	0.222861	0.226307	0.221245	0.221421	0.218021	0.223849	0.218677	0.21945	0.220892	0.229789	0.224631	0.223295	0.231258	0.214338	0.221028	0.224003	0.228846	0.223214	0.219812	0.227585	0.22717	0.224412	0.223592	0.223144	0.224442	0.22262	0.221824	0.223449	0.223065	0.222658	0.220084	0.223755	0.21858	0.228106	0.218875	0.222172	0.223284	0.224907	0.224919	0.221588	0.219585	0.220144	0.219681	0.224662	0.22992	0.225727	0.228658	0.225238	0.227035	0.222418	0.226022	0.220333	0.223882	0.227028	0.227544	0.229754	0.221515	0.219261	0.224565	0.224585	0.221311	0.221557	0.226499	0.227265	0.227339	0.22198	0.22237	0.222635	0.231441	0.222612	0.226036	0.222473	0.223493	0.22091	0.219523	0.227066	0.223375	0.223261	0.225742	0.225196	0.221127	0.218926	0.226392	0.216067	0.217232	0.230776	0.224288	0.225457	0.230856	0.225584	0.22681	0.223027	0.229123	0.22299	0.227257	0.230917	0.2312	0.223727	0.219357	0.220386	0.225751	0.221097	0.225993	0.221248	0.22686	0.221793	0.221679	0.219962	0.226585	0.225722	0.222402	0.216758	0.22603	0.222431	0.220388	0.218352	0.216498	0.221769	0.222752	0.213438	0.218744	0.221258
0.199134	0	0.199754	0.202219	0.202567	0.204322	0.193841	0.205155	0.201008	0.199579	0.196717	0.199203	0.200442	0.206543	0.203622	0.202174	0.209766	0.204451	0.207531	0.206157	0.228979	0.224982	0.225986	0.227939	0.221478	0.225409	0.233408	0.225525	0.227281	0.22604	0.227067	0.23338	0.229188	0.225418	0.220846	0.224016	0.227225	0.224689	0.227116	0.223759	0.229429	0.222472	0.224686	0.225039	0.224974	0.221856	0.229102	0.225985	0.222426	0.220286	0.224483	0.227446	0.221097	0.229188	0.227383	0.228524	0.228164	0.22093	0.224545	0.226447	0.229033	0.222568	0.22487	0.226145	0.225436	0.22345	0.224185	0.225851	0.225941	0.22381	0.226267	0.22458	0.222078	0.223237	0.226915	0.228302	0.226079	0.225256	0.2248	0.220455	0.225389	0.228827	0.222825	0.237397	0.225517	0.225859	0.218881	0.228855	0.221267	0.229182	0.224832	0.230702	0.227847	0.226199	0.228179	0.226452	0.226506	0.221855	0.227997	0.226631	0.230039	0.229544	0.22912	0.227819	0.228673	0.221959	0.221942	0.225004	0.225966	0.224952	0.225186	0.225511	0.222388	0.225962	0.230108	0.22516	0.227728	0.228994	0.220379	0.228726	0.229178	0.230003	0.225333	0.224982	0.221914	0.228875	0.225536	0.223801	0.225597	0.218924	0.223948	0.226477	0.236797	0.233743	0.233793	0.227392	0.225396	0.228649	0.230622	0.222288	0.229582	0.227052	0.232787	0.231296	0.221403	0.229807	0.223654	0.220374	0.220252	0.226525	0.222732	0.22286	0.220183	0.219835	0.231279	0.230536	0.225672	0.227233	0.232407	0.225168	0.219034	0.22182	0.22475	0.215074	0.22248	0.217864	0.222429	0.220126
0.192505	0.199754	0	0.19537	0.203422	0.201723	0.193556	0.203831	0.199136	0.19547	0.195506	0.198069	0.1951	0.206897	0.19893	0.196519	0.207014	0.200811	0.202279	0.200098	0.222475	0.226038	0.224207	0.226528	0.222295	0.216205	0.227729	0.21777	0.221426	0.221555	0.225184	0.21783	0.224874	0.223178	0.216911	0.223089	0.218673	0.221389	0.220578	0.223351	0.223573	0.22234	0.223461	0.220944	0.225584	0.21797	0.226165	0.220364	0.226513	0.224726	0.221269	0.221644	0.217863	0.219413	0.217544	0.228153	0.223686	0.222138	0.225925	0.221574	0.224233	0.219786	0.223489	0.229163	0.221302	0.224951	0.22468	0.220607	0.218648	0.224284	0.224427	0.225423	0.220957	0.218319	0.221893	0.221572	0.220464	0.227983	0.220098	0.221784	0.221681	0.221345	0.223158	0.224724	0.225591	0.219341	0.220567	0.225266	0.216313	0.218729	0.225266	0.228928	0.229178	0.222291	0.222765	0.226376	0.22443	0.221759	0.223389	0.225801	0.228101	0.221496	0.224435	0.222067	0.221311	0.220092	0.221496	0.228257	0.221819	0.222434	0.222895	0.224317	0.219235	0.220784	0.22564	0.226553	0.227532	0.226655	0.215143	0.224323	0.22334	0.230513	0.22418	0.225377	0.228034	0.224045	0.218324	0.219852	0.220966	0.208464	0.216637	0.229065	0.227835	0.230356	0.23249	0.224266	0.22635	0.222697	0.231513	0.221742	0.225717	0.228474	0.223813	0.223925	0.221028	0.21717	0.223118	0.217878	0.22515	0.226047	0.225703	0.224581	0.22701	0.223329	0.22851	0.22808	0.224386	0.217695	0.229114	0.219031	0.217799	0.214198	0.219612	0.217956	0.221326	0.212312	0.216964	0.213216
0.199432	0.202219	0.19537	0	0.197016	0.197792	0.198699	0.205852	0.200465	0.198086	0.196691	0.195041	0.206799	0.201261	0.196899	0.201151	0.201641	0.200303	0.200469	0.194407	0.22653	0.225538	0.221247	0.226555	0.221535	0.225176	0.227807	0.222604	0.222494	0.224306	0.225	0.228001	0.223999	0.22429	0.219353	0.221586	0.217601	0.226504	0.224407	0.226339	0.224202	0.222924	0.228818	0.220934	0.228022	0.221874	0.225345	0.227234	0.228664	0.225445	0.228613	0.22138	0.223905	0.224759	0.223498	0.225548	0.225285	0.226298	0.229879	0.223128	0.23214	0.2311	0.224135	0.224776	0.222157	0.227834	0.224517	0.22529	0.225684	0.221801	0.226522	0.228822	0.222812	0.230627	0.219107	0.221998	0.223671	0.226835	0.219803	0.227613	0.224933	0.230072	0.220171	0.228274	0.229517	0.227432	0.222071	0.224699	0.220446	0.223821	0.226608	0.228666	0.228452	0.223032	0.231069	0.221733	0.225705	0.216949	0.228232	0.223163	0.226725	0.226033	0.224815	0.221033	0.224506	0.224326	0.223959	0.230318	0.230689	0.225245	0.230396	0.220425	0.22676	0.227965	0.231	0.226203	0.230193	0.224421	0.223961	0.222374	0.225424	0.230147	0.224016	0.225616	0.222391	0.229966	0.223897	0.21765	0.221838	0.211977	0.222895	0.226874	0.227977	0.227452	0.230802	0.229238	0.223354	0.225894	0.2339	0.223238	0.231036	0.230093	0.230156	0.229222	0.221643	0.224374	0.229611	0.220107	0.217334	0.229523	0.227631	0.221892	0.221065	0.224859	0.225519	0.225629	0.222001	0.222668	0.22717	0.22343	0.222392	0.222624	0.2206	0.219495	0.227026	0.21435	0.218901	0.215407
0.2	0.202567	0.203422	0.197016	0	0.200457	0.194948	0.206698	0.201652	0.203257	0.196904	0.192052	0.200017	0.199593	0.198692	0.20241	0.203632	0.195539	0.203908	0.199315	0.233203	0.225269	0.224379	0.230276	0.222586	0.228646	0.227982	0.225495	0.230078	0.229604	0.229608	0.228541	0.227976	0.228297	0.22565	0.225343	0.230416	0.231921	0.225262	0.225183	0.225602	0.221787	0.228562	0.221195	0.22782	0.223833	0.22748	0.227436	0.225522	0.225629	0.230813	0.225962	0.225704	0.224003	0.22627	0.229187	0.225791	0.223844	0.225555	0.226192	0.224213	0.228087	0.22491	0.225949	0.221372	0.223966	0.21872	0.226747	0.220725	0.223474	0.222268	0.230361	0.222086	0.226629	0.225062	0.224821	0.230506	0.228445	0.22357	0.227018	0.221589	0.225118	0.225589	0.227829	0.225495	0.227257	0.218771	0.225714	0.222204	0.226526	0.226561	0.232749	0.233655	0.222895	0.232856	0.223332	0.233375	0.223881	0.22967	0.231487	0.236897	0.224627	0.228185	0.22551	0.221495	0.230598	0.221069	0.223593	0.228035	0.228436	0.22438	0.225338	0.22339	0.228767	0.229815	0.226708	0.229778	0.229302	0.226999	0.22183	0.225148	0.232408	0.225354	0.224462	0.226783	0.224132	0.221797	0.222953	0.230826	0.21974	0.226851	0.228915	0.230374	0.229001	0.230976	0.228898	0.230908	0.224633	0.230383	0.228598	0.232914	0.231185	0.227544	0.229121	0.216694	0.227628	0.228655	0.222306	0.223033	0.229848	0.223821	0.221052	0.22905	0.229505	0.230491	0.228455	0.223731	0.221003	0.232695	0.224628	0.225694	0.222903	0.22076	0.222256	0.222242	0.21732	0.222492	0.21738
0.201309	0.204322	0.201723	0.197792	0.200457	0	0.201585	0.205441	0.201247	0.192358	0.197145	0.203468	0.201868	0.199283	0.198516	0.201596	0.203651	0.202352	0.202487	0.19992	0.227827	0.234757	0.228607	0.229955	0.228636	0.223651	0.22691	0.226417	0.225915	0.223183	0.229876	0.228411	0.229464	0.223327	0.228108	0.228492	0.225983	0.231983	0.230133	0.22403	0.225732	0.221982	0.22649	0.222347	0.224756	0.22122	0.221884	0.222044	0.227302	0.225958	0.22791	0.225152	0.22029	0.228486	0.219794	0.229615	0.224641	0.226609	0.235643	0.222769	0.224938	0.22945	0.224811	0.226673	0.227178	0.226842	0.230738	0.224964	0.227784	0.231418	0.2265	0.227565	0.225959	0.229453	0.224132	0.22183	0.227906	0.230806	0.231507	0.22728	0.226305	0.232946	0.221965	0.226127	0.224546	0.227757	0.220184	0.227368	0.221462	0.230498	0.230971	0.231185	0.231469	0.225761	0.22995	0.227839	0.226826	0.224927	0.22909	0.228688	0.225718	0.224253	0.22755	0.219295	0.228953	0.228077	0.224787	0.228398	0.226705	0.227659	0.224819	0.221928	0.224927	0.228329	0.234226	0.22718	0.229954	0.228129	0.228446	0.230102	0.226371	0.231862	0.22653	0.225649	0.224238	0.225365	0.223834	0.225125	0.224968	0.22594	0.223084	0.228587	0.231782	0.228385	0.229003	0.22896	0.227676	0.226144	0.228766	0.227182	0.231629	0.228838	0.226694	0.231239	0.224891	0.224488	0.227615	0.221243	0.222152	0.227257	0.224293	0.220825	0.224706	0.222802	0.228391	0.230262	0.224036	0.217776	0.22716	0.222697	0.227047	0.224087	0.221564	0.217147	0.224705	0.219884	0.222222	0.217231
0.123787	0.193841	0.193556	0.198699	0.194948	0.201585	0	0.197242	0.199916	0.200435	0.194614	0.189442	0.19968	0.200962	0.201034	0.195721	0.200951	0.197002	0.197621	0.201353	0.22755	0.224877	0.225034	0.22883	0.224979	0.221611	0.22965	0.226247	0.226837	0.226285	0.227137	0.225479	0.224209	0.223774	0.224498	0.224884	0.224461	0.225339	0.223225	0.224934	0.224251	0.221837	0.225111	0.222719	0.224144	0.218025	0.223376	0.228614	0.225479	0.225383	0.225689	0.223524	0.221591	0.228891	0.218889	0.226544	0.22555	0.223464	0.228916	0.219244	0.218824	0.229964	0.225364	0.225248	0.221407	0.225609	0.224215	0.225647	0.224876	0.224554	0.223543	0.228227	0.223323	0.227351	0.222834	0.227115	0.223723	0.225289	0.220776	0.225863	0.224666	0.231878	0.219464	0.227395	0.228503	0.22551	0.223765	0.227212	0.218274	0.223559	0.229272	0.228328	0.231873	0.223774	0.224266	0.222817	0.227289	0.227431	0.225665	0.230447	0.229313	0.225853	0.227145	0.221843	0.230345	0.225284	0.223408	0.223397	0.226447	0.22751	0.229964	0.221571	0.223422	0.227379	0.22524	0.224297	0.222497	0.224823	0.218368	0.222718	0.224851	0.231786	0.22028	0.225455	0.226432	0.222415	0.218033	0.218271	0.223497	0.218491	0.218966	0.230203	0.227498	0.228341	0.23313	0.226549	0.22453	0.229041	0.230564	0.219705	0.223767	0.230215	0.227364	0.22592	0.216718	0.219883	0.225966	0.221506	0.225914	0.223879	0.224781	0.217499	0.225208	0.221181	0.2284	0.225972	0.220037	0.218019	0.227751	0.223275	0.22496	0.221731	0.215792	0.226036	0.224664	0.216857	0.220832	0.220523
0.196946	0.205155	0.203831	0.205852	0.206698	0.205441	0.197242	0	0.201353	0.202913	0.203165	0.206157	0.207124	0.209293	0.206336	0.198848	0.204702	0.203722	0.201011	0.204439	0.230502	0.233379	0.228435	0.230719	0.227767	0.228705	0.232625	0.225602	0.232137	0.232157	0.231769	0.232913	0.227236	0.228678	0.227468	0.231225	0.226314	0.232023	0.231527	0.227045	0.231159	0.224948	0.224888	0.226418	0.22966	0.221592	0.229597	0.230484	0.231465	0.226252	0.228084	0.23072	0.227137	0.229673	0.222627	0.232062	0.230652	0.225618	0.234194	0.225302	0.229609	0.234032	0.229861	0.228465	0.227954	0.227345	0.23098	0.226972	0.226383	0.229924	0.229291	0.231285	0.229072	0.226512	0.226457	0.227493	0.227881	0.230595	0.225097	0.230431	0.225866	0.231367	0.225555	0.228993	0.225947	0.228653	0.219701	0.228196	0.221601	0.229012	0.231536	0.229434	0.231244	0.224296	0.23365	0.229281	0.22679	0.226461	0.231895	0.226812	0.233856	0.228773	0.225504	0.222258	0.2299	0.227733	0.227143	0.226747	0.232451	0.231054	0.229865	0.219961	0.226073	0.238024	0.240473	0.232103	0.232616	0.227017	0.226809	0.226741	0.228889	0.224556	0.232414	0.227689	0.226487	0.225161	0.225674	0.221779	0.228154	0.219472	0.22173	0.230514	0.228514	0.231938	0.234584	0.228702	0.230894	0.225973	0.236765	0.229429	0.233975	0.232831	0.22855	0.231397	0.21737	0.228155	0.226985	0.221403	0.227232	0.232219	0.229167	0.222539	0.230477	0.225013	0.234153	0.231261	0.229391	0.224555	0.234292	0.226212	0.221416	0.216279	0.223614	0.221161	0.225963	0.216727	0.22098	0.220598
0.192431	0.201008	0.199136	0.200465	0.201652	0.201247	0.199916	0.201353	0	0.199036	0.203266	0.199947	0.199431	0.199574	0.195282	0.198731	0.203912	0.19514	0.203293	0.197213	0.225209	0.224376	0.221524	0.224545	0.223459	0.220082	0.225996	0.223887	0.223572	0.219548	0.225668	0.225632	0.221958	0.224913	0.216046	0.223412	0.226269	0.224643	0.222835	0.22021	0.218852	0.22143	0.217161	0.221728	0.224595	0.218143	0.226417	0.223587	0.226588	0.22113	0.226141	0.223242	0.217487	0.219069	0.217302	0.22628	0.22301	0.218427	0.223404	0.223246	0.223195	0.219446	0.223637	0.224507	0.223551	0.220617	0.221196	0.21941	0.221045	0.224766	0.222067	0.225616	0.221402	0.225596	0.220961	0.219564	0.216975	0.22578	0.217334	0.223795	0.220085	0.225691	0.220353	0.223719	0.221872	0.222648	0.219184	0.222992	0.214074	0.22185	0.225021	0.226187	0.227281	0.221775	0.222865	0.221291	0.219705	0.219615	0.221693	0.223755	0.229477	0.224541	0.221794	0.223865	0.222569	0.223071	0.217745	0.223858	0.225974	0.220932	0.223454	0.221794	0.219224	0.222867	0.223656	0.222135	0.224039	0.220454	0.220821	0.225217	0.219317	0.221274	0.221776	0.224607	0.217755	0.214169	0.217106	0.216708	0.217905	0.206969	0.218387	0.227945	0.222286	0.223891	0.226366	0.221511	0.223259	0.220886	0.223776	0.223531	0.219921	0.224178	0.223695	0.226107	0.215662	0.217925	0.226265	0.220061	0.222609	0.222001	0.225784	0.220163	0.217363	0.225173	0.228077	0.223993	0.22315	0.219419	0.225523	0.21783	0.217227	0.214713	0.21979	0.215425	0.213685	0.209655	0.222764	0.212691
0.19724	0.199579	0.19547	0.198086	0.203257	0.192358	0.200435	0.202913	0.199036	0	0.191924	0.198833	0.204534	0.203588	0.19858	0.200621	0.201648	0.196707	0.201115	0.198179	0.221463	0.229578	0.220764	0.228286	0.22303	0.223661	0.223895	0.221623	0.22603	0.221681	0.226856	0.229462	0.225524	0.227839	0.220745	0.22386	0.224853	0.226163	0.225944	0.225463	0.221034	0.222583	0.226414	0.225359	0.225357	0.224217	0.229258	0.226218	0.229457	0.224951	0.227362	0.223639	0.217257	0.221706	0.220124	0.226533	0.223291	0.226799	0.232735	0.22272	0.223539	0.227634	0.226828	0.227339	0.228615	0.226853	0.222258	0.221943	0.220033	0.226082	0.224183	0.226851	0.221933	0.227799	0.226862	0.220959	0.226189	0.22819	0.227622	0.22734	0.224781	0.230394	0.220774	0.231365	0.230172	0.221105	0.218264	0.228001	0.217093	0.22031	0.226511	0.228809	0.229559	0.222114	0.230184	0.225541	0.225881	0.217647	0.224691	0.229325	0.228116	0.222544	0.226276	0.223132	0.22528	0.224206	0.224436	0.225312	0.22435	0.225075	0.227373	0.222728	0.223111	0.228609	0.231774	0.226131	0.229975	0.224074	0.220791	0.228376	0.2278	0.227465	0.222556	0.229816	0.223235	0.226003	0.222502	0.221302	0.226297	0.21761	0.225276	0.231922	0.225639	0.228664	0.231729	0.229531	0.227258	0.222277	0.225529	0.227031	0.231383	0.232958	0.229101	0.227196	0.223027	0.226129	0.227265	0.220561	0.222	0.226765	0.220908	0.217091	0.226832	0.225189	0.232448	0.229347	0.227531	0.221409	0.230126	0.225766	0.22683	0.221961	0.217621	0.217695	0.221194	0.21794	0.22051	0.216971
0.193859	0.196717	0.195506	0.196691	0.196904	0.197145	0.194614	0.203165	0.203266	0.191924	0	0.189658	0.204151	0.201785	0.200629	0.200444	0.205659	0.19978	0.197466	0.201665	0.225697	0.228145	0.226137	0.229031	0.224424	0.223689	0.22685	0.221412	0.227149	0.223532	0.229021	0.221929	0.218469	0.22443	0.216571	0.218767	0.226908	0.226991	0.225236	0.22542	0.221563	0.218437	0.228593	0.224109	0.223889	0.223246	0.226069	0.228909	0.226619	0.225505	0.220181	0.224533	0.219815	0.224514	0.217058	0.233838	0.224438	0.224662	0.229752	0.220836	0.221117	0.223655	0.224472	0.223207	0.218686	0.225074	0.224339	0.226308	0.217899	0.226577	0.227396	0.224047	0.216911	0.225298	0.225116	0.225922	0.223673	0.224689	0.225427	0.22618	0.223927	0.227297	0.222373	0.225862	0.226863	0.2272	0.22247	0.223761	0.221815	0.221925	0.224237	0.23006	0.228302	0.220752	0.233261	0.222333	0.228093	0.219252	0.227752	0.22695	0.228649	0.22202	0.224732	0.224362	0.222154	0.222595	0.219737	0.227912	0.22429	0.223367	0.222776	0.223185	0.221436	0.221163	0.227306	0.220583	0.22898	0.220859	0.220195	0.221906	0.222726	0.227079	0.220109	0.226278	0.226492	0.223552	0.222524	0.215829	0.223261	0.217923	0.216816	0.229617	0.227845	0.229199	0.230847	0.228214	0.226791	0.221238	0.224996	0.22235	0.228489	0.228381	0.229365	0.226556	0.223532	0.230152	0.220607	0.218318	0.220764	0.229926	0.223694	0.228717	0.224956	0.224446	0.227709	0.232584	0.219148	0.219911	0.227098	0.222445	0.222212	0.213167	0.216778	0.217064	0.219366	0.21417	0.226386	0.21564
0.190112	0.199203	0.198069	0.195041	0.192052	0.203468	0.189442	0.206157	0.199947	0.198833	0.189658	0	0.202684	0.20157	0.200971	0.193409	0.199727	0.19772	0.2007	0.200103	0.224073	0.222405	0.222895	0.226116	0.219203	0.224017	0.226138	0.221444	0.223999	0.221356	0.222683	0.222203	0.219897	0.224771	0.219628	0.218744	0.220583	0.229958	0.222725	0.22022	0.221785	0.222518	0.227389	0.221504	0.220034	0.216848	0.228123	0.228691	0.225468	0.224424	0.22604	0.223815	0.220477	0.224432	0.217126	0.226117	0.221349	0.217291	0.225548	0.221646	0.224661	0.224472	0.22488	0.223274	0.222432	0.22357	0.224581	0.223366	0.220702	0.224171	0.224188	0.225296	0.223243	0.222252	0.225512	0.223443	0.224584	0.228594	0.220045	0.226256	0.220518	0.22464	0.217414	0.227479	0.224322	0.221855	0.223664	0.224844	0.219666	0.223684	0.222018	0.227681	0.22778	0.221202	0.229047	0.218933	0.223788	0.216802	0.226264	0.223713	0.226806	0.226105	0.223863	0.226038	0.226438	0.224117	0.22063	0.224814	0.228205	0.228291	0.216574	0.222852	0.220711	0.223699	0.230419	0.227264	0.229111	0.22321	0.22369	0.216859	0.223066	0.228468	0.222709	0.225707	0.221468	0.225931	0.222003	0.217154	0.224695	0.212815	0.222584	0.227625	0.226358	0.226336	0.227436	0.224255	0.22251	0.223844	0.22747	0.223817	0.228439	0.228667	0.229963	0.227745	0.221162	0.220467	0.225408	0.223025	0.2201	0.223782	0.22416	0.214414	0.224675	0.224429	0.225004	0.231273	0.219263	0.221005	0.227859	0.220844	0.217096	0.215656	0.216621	0.220055	0.221194	0.214611	0.211758	0.211609
0.197718	0.200442	0.1951	0.206799	0.200017	0.201868	0.19968	0.207124	0.199431	0.204534	0.204151	0.202684	0	0.204189	0.202575	0.200214	0.209052	0.199902	0.205585	0.200245	0.227146	0.230347	0.227311	0.226304	0.225305	0.22542	0.22409	0.224135	0.226349	0.222041	0.225527	0.229836	0.223176	0.22647	0.222576	0.221397	0.225514	0.225536	0.222576	0.221103	0.224228	0.228925	0.22139	0.218138	0.224538	0.228365	0.22902	0.226031	0.224748	0.223671	0.222378	0.229334	0.220529	0.225107	0.218012	0.230492	0.22015	0.224208	0.228223	0.221332	0.226034	0.222922	0.222687	0.224906	0.22036	0.226018	0.221061	0.227213	0.22193	0.223889	0.227794	0.226132	0.221603	0.223831	0.227905	0.223404	0.221795	0.222158	0.222021	0.224015	0.222858	0.227072	0.221406	0.230188	0.226383	0.227621	0.223222	0.221124	0.219171	0.226211	0.223049	0.226353	0.234188	0.225737	0.234792	0.222687	0.228315	0.221463	0.219452	0.225294	0.228591	0.223537	0.225606	0.221782	0.223664	0.222535	0.2204	0.221405	0.22376	0.228471	0.226883	0.222677	0.223183	0.227021	0.225843	0.224974	0.22892	0.227213	0.228125	0.221534	0.222689	0.227288	0.223159	0.221697	0.22509	0.221286	0.217701	0.21843	0.227258	0.210227	0.223239	0.229696	0.226766	0.225312	0.229085	0.229766	0.225721	0.227619	0.227228	0.219548	0.227668	0.230984	0.225333	0.222336	0.216819	0.223864	0.229003	0.222531	0.223535	0.220377	0.22406	0.221794	0.229687	0.228153	0.229745	0.224047	0.221324	0.226828	0.228868	0.224593	0.226357	0.221754	0.216459	0.209082	0.219898	0.211374	0.221485	0.21892
0.201636	0.206543	0.206897	0.201261	0.199593	0.199283	0.200962	0.209293	0.199574	0.203588	0.201785	0.20157	0.204189	0	0.20252	0.203673	0.208409	0.201664	0.199287	0.198548	0.227015	0.22737	0.227924	0.233939	0.223658	0.231063	0.226101	0.221778	0.224282	0.225683	0.227097	0.227341	0.22325	0.236338	0.223379	0.228633	0.224522	0.228088	0.224495	0.222519	0.227076	0.225605	0.228486	0.22508	0.227242	0.223069	0.226008	0.230878	0.22842	0.227433	0.226762	0.223353	0.219774	0.229386	0.224098	0.234391	0.227265	0.225461	0.226023	0.222386	0.229002	0.230955	0.234571	0.227942	0.22125	0.226725	0.22846	0.2315	0.225798	0.22933	0.232638	0.226399	0.223864	0.229061	0.228914	0.227106	0.227682	0.228822	0.223294	0.226622	0.227008	0.227249	0.224402	0.231967	0.233657	0.227407	0.219533	0.229433	0.221059	0.227217	0.223339	0.229551	0.235442	0.226115	0.230133	0.222489	0.231451	0.221803	0.228488	0.228533	0.235085	0.230143	0.230436	0.224147	0.219705	0.223978	0.221488	0.229254	0.23027	0.230063	0.231818	0.225672	0.232588	0.226429	0.225589	0.227787	0.229993	0.231561	0.229308	0.226362	0.228653	0.230127	0.227205	0.228281	0.225664	0.222824	0.223065	0.224045	0.227561	0.216631	0.228196	0.227174	0.229382	0.229195	0.229323	0.231759	0.225983	0.227334	0.235982	0.223933	0.230846	0.232005	0.232558	0.233815	0.218324	0.228065	0.231792	0.224221	0.225551	0.224925	0.229576	0.224859	0.230115	0.224032	0.234299	0.22992	0.226401	0.224569	0.22893	0.226231	0.224621	0.222461	0.224856	0.218846	0.22156	0.214717	0.230967	0.220914
0.199445	0.203622	0.19893	0.196899	0.198692	0.198516	0.201034	0.206336	0.195282	0.19858	0.200629	0.200971	0.202575	0.20252	0	0.20227	0.199082	0.202418	0.202393	0.196061	0.225812	0.230486	0.223766	0.232885	0.225104	0.227027	0.224129	0.222727	0.228668	0.222113	0.226496	0.235066	0.224901	0.230386	0.223159	0.229215	0.219775	0.229431	0.227486	0.220511	0.225711	0.220474	0.229194	0.224731	0.225164	0.226092	0.225222	0.23189	0.224626	0.228201	0.224064	0.226	0.218644	0.223177	0.219039	0.2283	0.222705	0.223709	0.230299	0.226188	0.230151	0.225334	0.223654	0.225649	0.222515	0.221811	0.227654	0.226734	0.223067	0.223927	0.226763	0.221947	0.222396	0.227892	0.227788	0.22472	0.225568	0.229614	0.226979	0.222444	0.223877	0.22728	0.221228	0.232023	0.232198	0.228339	0.223634	0.230967	0.219153	0.226982	0.220427	0.230699	0.23187	0.222272	0.2269	0.222339	0.230908	0.223898	0.225945	0.231741	0.23106	0.224635	0.226141	0.230028	0.226247	0.22225	0.223625	0.225595	0.22208	0.226532	0.231354	0.226748	0.227965	0.226178	0.227548	0.228669	0.228596	0.224774	0.22587	0.22822	0.225104	0.22764	0.221664	0.223657	0.222827	0.225251	0.220346	0.221825	0.223175	0.216107	0.224067	0.229562	0.230414	0.231124	0.228304	0.226117	0.232454	0.226151	0.232208	0.229513	0.225425	0.229955	0.228226	0.228054	0.221485	0.231104	0.230534	0.219184	0.225447	0.231546	0.222329	0.225852	0.231088	0.225884	0.23132	0.229752	0.225771	0.221064	0.230182	0.223235	0.221655	0.222821	0.222121	0.215488	0.225124	0.216275	0.224671	0.219986
0.202717	0.202174	0.196519	0.201151	0.20241	0.201596	0.195721	0.198848	0.198731	0.200621	0.200444	0.193409	0.200214	0.203673	0.20227	0	0.203668	0.199807	0.205336	0.196521	0.228357	0.228069	0.223439	0.230263	0.226802	0.232707	0.227236	0.226016	0.228666	0.227916	0.227457	0.230924	0.226541	0.233301	0.226726	0.229993	0.228141	0.231524	0.225547	0.22097	0.226411	0.22728	0.230258	0.226662	0.226958	0.224227	0.225773	0.225853	0.229431	0.223259	0.231324	0.23059	0.226023	0.228412	0.22102	0.227984	0.222552	0.228493	0.233984	0.226732	0.231481	0.223671	0.224645	0.224988	0.226022	0.231122	0.226068	0.229841	0.229453	0.223423	0.230255	0.226965	0.224589	0.227871	0.228865	0.22914	0.230132	0.231235	0.224895	0.229574	0.229378	0.229878	0.225397	0.231895	0.231844	0.229442	0.221672	0.226447	0.219185	0.229684	0.227669	0.226522	0.237402	0.22478	0.228297	0.220793	0.229343	0.23019	0.223737	0.22922	0.231649	0.222705	0.230304	0.226283	0.23068	0.227035	0.227517	0.224183	0.226384	0.227624	0.225929	0.227156	0.226239	0.229635	0.229073	0.23193	0.231979	0.224852	0.227919	0.223239	0.227545	0.22673	0.227053	0.228239	0.228387	0.225962	0.222124	0.224228	0.226738	0.215635	0.22717	0.229086	0.228592	0.23276	0.232637	0.229102	0.232592	0.225538	0.228876	0.228532	0.224548	0.231447	0.232852	0.23097	0.21895	0.227255	0.226306	0.222719	0.228371	0.230501	0.224135	0.228562	0.229363	0.223008	0.23438	0.231136	0.224872	0.228422	0.230003	0.226491	0.229436	0.222943	0.222597	0.217672	0.221394	0.223736	0.228946	0.223057
0.201578	0.209766	0.207014	0.201641	0.203632	0.203651	0.200951	0.204702	0.203912	0.201648	0.205659	0.199727	0.209052	0.208409	0.199082	0.203668	0	0.198902	0.205402	0.203379	0.230236	0.233458	0.23107	0.230565	0.228132	0.227785	0.229835	0.226489	0.232647	0.225342	0.229918	0.229426	0.225688	0.229354	0.226577	0.22635	0.227578	0.232056	0.231059	0.230567	0.230769	0.227657	0.232499	0.231803	0.229405	0.224996	0.227475	0.232569	0.230664	0.23101	0.224483	0.231602	0.221958	0.231974	0.221584	0.231021	0.232409	0.228329	0.236671	0.227039	0.234303	0.22791	0.23056	0.230579	0.229153	0.229435	0.231734	0.226115	0.226685	0.229861	0.231388	0.229296	0.224677	0.231667	0.229418	0.223125	0.227331	0.231807	0.232623	0.232936	0.227613	0.22803	0.229841	0.228581	0.232246	0.228687	0.225237	0.231602	0.221405	0.231084	0.232227	0.233707	0.235696	0.229612	0.237259	0.226795	0.229327	0.225925	0.230014	0.229494	0.236869	0.229646	0.228091	0.22828	0.229949	0.230397	0.22827	0.229297	0.23508	0.229464	0.228123	0.230236	0.225044	0.233849	0.236557	0.226821	0.227325	0.230647	0.229973	0.226262	0.231404	0.233248	0.229061	0.229461	0.225997	0.230971	0.223674	0.22383	0.22728	0.217423	0.22663	0.232993	0.233573	0.233463	0.237244	0.226589	0.233954	0.227339	0.237261	0.228461	0.22919	0.232731	0.234464	0.23098	0.226789	0.229595	0.235534	0.227369	0.223351	0.233838	0.23256	0.224787	0.228759	0.231042	0.234197	0.23434	0.22973	0.226649	0.23765	0.229619	0.231759	0.227514	0.226524	0.222985	0.229785	0.225648	0.227659	0.226233
0.196621	0.204451	0.200811	0.200303	0.195539	0.202352	0.197002	0.203722	0.19514	0.196707	0.19978	0.19772	0.199902	0.201664	0.202418	0.199807	0.198902	0	0.199411	0.202705	0.223592	0.226529	0.229473	0.227419	0.226644	0.219885	0.228396	0.21781	0.228489	0.231635	0.228949	0.226618	0.223909	0.22717	0.227012	0.228034	0.217272	0.222565	0.220118	0.223928	0.224944	0.220205	0.22535	0.221044	0.227244	0.222561	0.226147	0.225108	0.223281	0.221497	0.227397	0.225448	0.2195	0.224113	0.217137	0.228583	0.22247	0.221992	0.231898	0.225108	0.226265	0.226779	0.222864	0.225245	0.22659	0.223253	0.226794	0.226415	0.227433	0.226414	0.224232	0.225445	0.22305	0.230164	0.221809	0.222258	0.222329	0.227804	0.222017	0.225392	0.223323	0.232081	0.225056	0.223827	0.229184	0.225694	0.222634	0.222508	0.220045	0.223788	0.223901	0.226162	0.231289	0.222804	0.228886	0.22704	0.231423	0.223089	0.223201	0.222399	0.22922	0.227732	0.22009	0.221335	0.226157	0.223185	0.221601	0.21928	0.225726	0.225057	0.227905	0.222311	0.225191	0.225624	0.231413	0.226549	0.230045	0.225629	0.222699	0.221838	0.222553	0.233178	0.22446	0.229716	0.222373	0.229213	0.219565	0.219522	0.226349	0.216553	0.219907	0.230319	0.22514	0.232666	0.227135	0.228233	0.226555	0.225963	0.227963	0.226393	0.223247	0.232825	0.228776	0.227849	0.21703	0.227398	0.22517	0.223665	0.222312	0.224636	0.229553	0.224739	0.225963	0.227667	0.231589	0.22674	0.216787	0.225462	0.229071	0.228093	0.224961	0.218052	0.217366	0.22011	0.223095	0.211637	0.224336	0.214947
0.195924	0.207531	0.202279	0.200469	0.203908	0.202487	0.197621	0.201011	0.203293	0.201115	0.197466	0.2007	0.205585	0.199287	0.202393	0.205336	0.205402	0.199411	0	0.196397	0.229476	0.230443	0.227443	0.228112	0.225649	0.226869	0.230824	0.219935	0.233445	0.226014	0.230356	0.229745	0.227077	0.227945	0.222865	0.225185	0.229938	0.225546	0.227075	0.227258	0.229455	0.224665	0.230873	0.228443	0.22634	0.224072	0.230377	0.228387	0.230782	0.228156	0.228045	0.229133	0.224251	0.221698	0.223615	0.228745	0.228087	0.231169	0.228337	0.222388	0.230656	0.231131	0.223136	0.227418	0.226484	0.224721	0.229388	0.225354	0.229197	0.228302	0.227997	0.22662	0.222719	0.227788	0.227156	0.222567	0.227605	0.231684	0.23186	0.223313	0.224821	0.230376	0.226226	0.230154	0.231788	0.229553	0.224105	0.226712	0.22352	0.229619	0.221816	0.233344	0.233986	0.226222	0.233112	0.226833	0.231414	0.221635	0.227577	0.228102	0.236909	0.227251	0.229641	0.224783	0.22769	0.226481	0.229267	0.230299	0.229949	0.227147	0.230037	0.225889	0.229207	0.230936	0.232858	0.228292	0.225148	0.228383	0.22641	0.223764	0.22371	0.230573	0.222328	0.228147	0.222763	0.225275	0.223709	0.221775	0.230824	0.221116	0.223485	0.22924	0.23688	0.236663	0.232432	0.232001	0.229294	0.230602	0.235247	0.226978	0.229946	0.232129	0.233204	0.2262	0.220316	0.229346	0.229666	0.228955	0.22455	0.231223	0.23256	0.230081	0.234563	0.226762	0.226754	0.23182	0.226655	0.220958	0.231779	0.227867	0.226513	0.220455	0.222124	0.223225	0.224711	0.218146	0.231046	0.22042
0.197401	0.206157	0.200098	0.194407	0.199315	0.19992	0.201353	0.204439	0.197213	0.198179	0.201665	0.200103	0.200245	0.198548	0.196061	0.196521	0.203379	0.202705	0.196397	0	0.227747	0.224317	0.224853	0.221648	0.224174	0.224493	0.229153	0.226194	0.222026	0.223672	0.228065	0.22561	0.222338	0.223937	0.22225	0.221011	0.224424	0.22853	0.226728	0.226799	0.223813	0.220103	0.233227	0.225093	0.226364	0.223072	0.22361	0.224892	0.22464	0.225929	0.227507	0.223201	0.224831	0.225474	0.221214	0.227178	0.228715	0.215636	0.225125	0.220063	0.225679	0.230461	0.225426	0.223625	0.221777	0.221579	0.226546	0.220237	0.226667	0.222436	0.221928	0.225674	0.225485	0.22212	0.232085	0.220112	0.226713	0.22828	0.222849	0.222915	0.21895	0.228804	0.22137	0.222873	0.227977	0.224842	0.218508	0.226774	0.218448	0.22505	0.225241	0.22865	0.235698	0.224545	0.231746	0.224091	0.224934	0.223601	0.224238	0.225495	0.230289	0.229401	0.22371	0.224188	0.223717	0.222195	0.225159	0.22464	0.226343	0.221143	0.222736	0.221812	0.222611	0.227892	0.225238	0.226679	0.226934	0.224262	0.224461	0.219216	0.222061	0.221839	0.227812	0.225566	0.221117	0.219997	0.221991	0.219023	0.225217	0.214182	0.226284	0.227185	0.229417	0.230807	0.231286	0.231201	0.224778	0.224071	0.228118	0.231962	0.226301	0.233752	0.230819	0.232023	0.22555	0.23221	0.224213	0.226516	0.228789	0.225517	0.230061	0.220268	0.227707	0.223545	0.231348	0.230553	0.219512	0.222736	0.226177	0.225764	0.220679	0.218809	0.221926	0.216035	0.219968	0.214079	0.219757	0.218176
0.222106	0.228979	0.222475	0.22653	0.233203	0.227827	0.22755	0.230502	0.225209	0.221463	0.225697	0.224073	0.227146	0.227015	0.225812	0.228357	0.230236	0.223592	0.229476	0.227747	0	0.212142	0.214812	0.21749	0.20934	0.212542	0.213989	0.119869	0.216683	0.221226	0.215726	0.216108	0.216448	0.212577	0.216967	0.216609	0.220306	0.226008	0.228615	0.222952	0.225092	0.225393	0.225781	0.223599	0.222436	0.228992	0.230738	0.228459	0.227346	0.225642	0.227471	0.225401	0.224127	0.227602	0.219804	0.229979	0.224366	0.227816	0.234864	0.23102	0.232593	0.225248	0.222767	0.227923	0.219536	0.230655	0.225667	0.226246	0.22465	0.229213	0.228986	0.227929	0.220109	0.234066	0.226455	0.224439	0.225308	0.235266	0.223655	0.231131	0.225148	0.228887	0.229756	0.230281	0.227015	0.22747	0.222249	0.227617	0.226819	0.226967	0.231178	0.230627	0.232398	0.228474	0.234259	0.230533	0.227975	0.227954	0.22817	0.223898	0.230749	0.225449	0.228876	0.225158	0.227798	0.226092	0.226627	0.226177	0.230948	0.222676	0.22508	0.225982	0.221634	0.22462	0.225199	0.223965	0.230451	0.225104	0.226916	0.232617	0.222993	0.228652	0.223406	0.230293	0.223158	0.22685	0.223469	0.226052	0.223327	0.210896	0.222764	0.228025	0.224603	0.23055	0.22901	0.225667	0.223281	0.222817	0.224846	0.23072	0.225884	0.228969	0.225878	0.226931	0.222344	0.227094	0.230628	0.221984	0.223378	0.226703	0.223292	0.219849	0.222232	0.223266	0.237132	0.226081	0.225775	0.223539	0.224001	0.217584	0.226969	0.221735	0.220371	0.219558	0.224745	0.218691	0.227355	0.221869
0.223677	0.224982	0.226038	0.225538	0.225269	0.234757	0.224877	0.233379	0.224376	0.229578	0.228145	0.222405	0.230347	0.22737	0.230486	0.228069	0.233458	0.226529	0.230443	0.224317	0.212142	0	0.212683	0.213673	0.209183	0.211447	0.21045	0.210811	0.216826	0.220348	0.214948	0.221786	0.213957	0.210463	0.211183	0.210841	0.214727	0.219318	0.221713	0.224829	0.224208	0.222999	0.229347	0.226774	0.229898	0.227724	0.225933	0.230179	0.223666	0.22144	0.229488	0.228203	0.22418	0.227148	0.224598	0.23048	0.226532	0.227843	0.230333	0.220891	0.230601	0.222582	0.222061	0.225133	0.225243	0.232922	0.226701	0.228172	0.227677	0.226567	0.229508	0.233202	0.224035	0.22849	0.225445	0.230251	0.223462	0.225944	0.225635	0.223065	0.223547	0.230851	0.224422	0.22824	0.23081	0.228997	0.223311	0.229256	0.221899	0.227134	0.228041	0.232063	0.231278	0.224556	0.228555	0.225422	0.231345	0.220631	0.221681	0.232201	0.233783	0.227644	0.227645	0.230471	0.223296	0.231773	0.227742	0.226521	0.232118	0.225874	0.229461	0.230881	0.230982	0.231943	0.225028	0.223277	0.228843	0.229952	0.227347	0.228724	0.225159	0.225782	0.21899	0.223659	0.220068	0.223985	0.224479	0.226231	0.231176	0.211106	0.222118	0.227374	0.227024	0.225717	0.232	0.232189	0.22482	0.227485	0.227907	0.227063	0.223097	0.232705	0.229572	0.232016	0.213804	0.225349	0.227366	0.225543	0.225062	0.228043	0.221304	0.217943	0.220278	0.224612	0.230716	0.228386	0.230655	0.22567	0.22188	0.226636	0.223064	0.221876	0.220353	0.216523	0.22143	0.213547	0.222514	0.219345
0.225049	0.225986	0.224207	0.221247	0.224379	0.228607	0.225034	0.228435	0.221524	0.220764	0.226137	0.222895	0.227311	0.227924	0.223766	0.223439	0.23107	0.229473	0.227443	0.224853	0.214812	0.212683	0	0.214321	0.213077	0.209209	0.217965	0.208347	0.217694	0.217135	0.212521	0.220947	0.215325	0.21504	0.217865	0.221967	0.218035	0.219877	0.227813	0.221595	0.226634	0.226662	0.222277	0.224396	0.222204	0.221217	0.227786	0.226841	0.227137	0.225314	0.224016	0.228352	0.225858	0.224322	0.221556	0.227824	0.228983	0.224568	0.233562	0.224297	0.230666	0.223559	0.226243	0.226885	0.226975	0.231659	0.227421	0.232689	0.225825	0.227288	0.22623	0.225476	0.219462	0.22916	0.223307	0.226142	0.223467	0.229936	0.220886	0.226957	0.228128	0.230763	0.229156	0.230482	0.230926	0.227768	0.222076	0.226381	0.222076	0.229883	0.223226	0.22918	0.231976	0.227687	0.228883	0.222726	0.234285	0.222542	0.222149	0.227162	0.230863	0.224862	0.229194	0.224414	0.226468	0.226277	0.225073	0.227032	0.232103	0.229556	0.23756	0.226766	0.228467	0.22668	0.226397	0.220632	0.231036	0.230311	0.232499	0.229746	0.221783	0.225066	0.222722	0.226659	0.229426	0.222741	0.218438	0.220753	0.227377	0.217708	0.222059	0.226788	0.225529	0.228067	0.229739	0.229683	0.220096	0.220003	0.228926	0.223799	0.223436	0.225838	0.232199	0.232411	0.224645	0.230669	0.222887	0.222774	0.222436	0.228438	0.218973	0.223566	0.226009	0.223841	0.230025	0.223299	0.224945	0.222102	0.226981	0.223379	0.223947	0.21942	0.222289	0.216072	0.221583	0.216289	0.218125	0.213972
0.227617	0.227939	0.226528	0.226555	0.230276	0.229955	0.22883	0.230719	0.224545	0.228286	0.229031	0.226116	0.226304	0.233939	0.232885	0.230263	0.230565	0.227419	0.228112	0.221648	0.21749	0.213673	0.214321	0	0.211111	0.212574	0.211551	0.214368	0.213489	0.215922	0.219161	0.217391	0.212764	0.210912	0.21765	0.211371	0.20974	0.223607	0.225689	0.222913	0.229573	0.219548	0.22836	0.221655	0.22009	0.218319	0.220985	0.225432	0.221624	0.220866	0.219334	0.218346	0.221853	0.223573	0.219767	0.225133	0.225213	0.225434	0.232143	0.226547	0.227439	0.225343	0.228715	0.231075	0.223379	0.23098	0.229103	0.226223	0.228192	0.231074	0.232299	0.227596	0.225986	0.228187	0.226916	0.225739	0.223593	0.220586	0.223332	0.226086	0.222742	0.23003	0.222928	0.224025	0.226838	0.225579	0.222493	0.220208	0.223772	0.222759	0.22983	0.226985	0.231317	0.22906	0.229614	0.229081	0.232743	0.224984	0.223265	0.228041	0.230047	0.230478	0.22504	0.223136	0.226086	0.228485	0.228169	0.227828	0.229582	0.231149	0.228782	0.229321	0.22194	0.229339	0.22656	0.229245	0.228881	0.235687	0.226844	0.229189	0.221238	0.224721	0.226304	0.22725	0.227082	0.22276	0.223344	0.221607	0.222635	0.212948	0.218846	0.223248	0.22445	0.228139	0.227236	0.230977	0.222783	0.221995	0.229214	0.227564	0.225138	0.229454	0.22447	0.236354	0.22038	0.217508	0.229875	0.223402	0.222985	0.226567	0.229317	0.219502	0.230869	0.226541	0.226109	0.22278	0.222933	0.21827	0.225753	0.221826	0.225372	0.223426	0.222377	0.218222	0.225275	0.208777	0.226738	0.218193
0.223733	0.221478	0.222295	0.221535	0.222586	0.228636	0.224979	0.227767	0.223459	0.22303	0.224424	0.219203	0.225305	0.223658	0.225104	0.226802	0.228132	0.226644	0.225649	0.224174	0.20934	0.209183	0.213077	0.211111	0	0.2114	0.211477	0.207141	0.206471	0.217262	0.209225	0.215323	0.213343	0.208333	0.207303	0.214199	0.214251	0.225973	0.229576	0.227492	0.224401	0.220719	0.224892	0.221404	0.222052	0.221961	0.226622	0.231364	0.232189	0.224622	0.227354	0.229828	0.221891	0.225546	0.21763	0.230081	0.222756	0.223333	0.227658	0.224086	0.229077	0.22351	0.224984	0.223452	0.220032	0.230464	0.224346	0.223072	0.223191	0.223342	0.22473	0.224508	0.220887	0.219019	0.223725	0.226768	0.223053	0.226436	0.220962	0.228116	0.226118	0.232744	0.219618	0.226218	0.226573	0.224334	0.222691	0.225924	0.221773	0.222241	0.224918	0.229157	0.231236	0.216371	0.226148	0.214433	0.224784	0.219575	0.225234	0.228418	0.223598	0.224127	0.22241	0.220328	0.219051	0.22447	0.22508	0.222918	0.224666	0.226362	0.225076	0.221989	0.222759	0.224526	0.222772	0.221569	0.233688	0.232398	0.223972	0.228128	0.216602	0.223593	0.218921	0.223542	0.219874	0.222419	0.221247	0.224598	0.222151	0.209095	0.21873	0.225129	0.225036	0.22357	0.227894	0.224113	0.221655	0.219377	0.221554	0.22135	0.230527	0.225501	0.223371	0.228953	0.219649	0.223598	0.229734	0.219904	0.218587	0.219734	0.224144	0.218434	0.224224	0.224367	0.226082	0.225958	0.219692	0.220274	0.22759	0.220634	0.227484	0.215842	0.225589	0.217974	0.224268	0.217149	0.223939	0.217564
0.22421	0.225409	0.216205	0.225176	0.228646	0.223651	0.221611	0.228705	0.220082	0.223661	0.223689	0.224017	0.22542	0.231063	0.227027	0.232707	0.227785	0.219885	0.226869	0.224493	0.212542	0.211447	0.209209	0.212574	0.2114	0	0.215774	0.207579	0.212642	0.209243	0.214504	0.214651	0.211097	0.212055	0.211476	0.211442	0.212257	0.222915	0.22641	0.223791	0.22186	0.224465	0.230684	0.225	0.22216	0.222587	0.225084	0.224286	0.22624	0.222571	0.227572	0.225547	0.223835	0.225817	0.221973	0.227193	0.224877	0.221892	0.22886	0.220017	0.233574	0.224163	0.226248	0.226741	0.222143	0.230883	0.227287	0.225634	0.220445	0.227549	0.227723	0.224025	0.22208	0.224745	0.220662	0.223038	0.222116	0.226299	0.220039	0.224802	0.223426	0.223489	0.227063	0.229922	0.231924	0.221476	0.218675	0.223016	0.221635	0.223068	0.227917	0.226464	0.226979	0.221564	0.230408	0.222845	0.225533	0.223078	0.223945	0.225127	0.229951	0.227864	0.223464	0.222455	0.224367	0.227699	0.217366	0.222455	0.221431	0.220407	0.227326	0.227686	0.225203	0.230294	0.221218	0.225422	0.230788	0.227475	0.224662	0.226394	0.220456	0.22319	0.222922	0.22	0.2224	0.226751	0.215289	0.218347	0.22161	0.216033	0.219302	0.227847	0.228435	0.223729	0.232962	0.227236	0.229904	0.222249	0.223546	0.227297	0.224632	0.224055	0.228462	0.22582	0.220466	0.223039	0.221584	0.220801	0.21995	0.224612	0.222015	0.230256	0.227223	0.225943	0.235015	0.228873	0.22317	0.220831	0.224971	0.224505	0.224688	0.218043	0.216683	0.218861	0.224804	0.214625	0.222795	0.218878
