9.9964E-05 0.0358303 0.96377 9.9964E-05 9.9964E-05 9.9964E-05
0.106282 0.0774388 0.741277 0.074802 9.9982E-05 9.9982E-05
0.0434651 9.9982E-05 0.789083 0.0581914 9.9982E-05 0.109061
0.00316635 9.9991E-05 0.815637 0.101913 0.0123804 0.0668028
0.0901565 0.0461488 0.839409 0.0131001 9.9991E-05 0.0110856
9.9973E-05 9.9973E-05 0.882958 0.0419962 0.0747459 9.9973E-05
9.9964E-05 9.9964E-05 0.974208 0.0253917 9.9964E-05 9.9964E-05
0.032412 0.0354561 0.855886 0.0468011 0.0272418 0.0022034
0.0394026 9.9991E-05 0.794122 0.138368 0.00206425 0.0259424
9.9982E-05 9.9982E-05 0.857745 0.0274985 0.0195807 0.094976
0.0310339 9.9991E-05 0.800216 0.105676 0.0248406 0.0381343
0.0214571 9.9991E-05 0.807821 0.0883722 0.0117699 0.0704796
0.0461448 0.0396585 0.810132 9.9991E-05 0.0189235 0.0850414
0.0521981 0.0156217 0.681895 0.155575 9.9991E-05 0.0946099
0.0689866 9.9982E-05 0.854935 0.0363343 9.9982E-05 0.039544
0.000201359 9.9973E-05 0.896462 0.103036 9.9973E-05 9.9973E-05
9.9964E-05 9.9964E-05 0.968647 9.9964E-05 0.0309536 9.9964E-05
9.9973E-05 0.00523612 0.99266 9.9973E-05 0.00180415 9.9973E-05
9.9964E-05 0.0350366 0.964564 9.9964E-05 9.9964E-05 9.9964E-05
9.9973E-05 9.9973E-05 0.914022 9.9973E-05 0.0689204 0.0167577
9.996E-05 9.996E-05 9.996E-05 9.996E-05 9.996E-05 0.9995
0.0976069 0.126895 9.9991E-05 0.0735875 0.0118301 0.68998
0.129309 0.094135 0.0365705 0.0510818 9.9991E-05 0.688804
9.9973E-05 0.136257 9.9973E-05 9.9973E-05 0.0740769 0.789366
0.0511284 9.9964E-05 9.9964E-05 9.9964E-05 9.9964E-05 0.948472
0.0868725 9.9991E-05 0.0279123 0.00716867 0.0150353 0.862911
0.138851 0.168508 9.9982E-05 0.0219415 9.9982E-05 0.670499
9.996E-05 9.996E-05 9.996E-05 9.996E-05 9.996E-05 0.9995
0.139712 9.9982E-05 9.9982E-05 0.133503 0.00508293 0.721502
0.162182 0.097114 9.9991E-05 0.0810151 0.0360182 0.62357
0.125111 9.9973E-05 9.9973E-05 0.162132 9.9973E-05 0.712457
0.0618327 0.116038 9.9991E-05 0.0712005 0.04813 0.702699
0.0506019 0.0755199 0.0399217 0.0892849 0.014495 0.730177
0.104592 9.9982E-05 9.9982E-05 0.145802 0.086349 0.663057
0.217713 0.0470818 0.030131 0.0367277 0.0618189 0.606528
0.216055 9.9991E-05 0.0797871 0.234304 0.0508403 0.418914
0.190273 0.151289 9.9982E-05 9.9982E-05 0.014191 0.644046
0.101401 0.828197 0.00879059 0.0194663 9.9991E-05 0.0420456
0.100169 0.741877 9.9982E-05 0.0645275 0.0932272 9.9982E-05
0.0668979 0.765784 0.0127795 0.0700613 0.065448 0.0190289
0.0779703 0.856337 9.9991E-05 0.0327634 0.014673 0.0181563
0.0197312 0.813155 0.0367034 0.0230166 0.0759446 0.0314494
0.0573632 0.910539 0.0108116 0.00918683 0.0119996 9.9991E-05
9.9991E-05 0.688505 0.0482673 0.16093 0.0843619 0.0178365
0.0154624 0.850792 0.0149513 9.9991E-05 0.0680527 0.0506416
0.0276207 0.808925 0.020122 0.0882346 9.9991E-05 0.0549973
0.0183788 0.884673 9.9982E-05 9.9982E-05 0.0819698 0.0147783
0.00204826 0.871765 0.0171211 0.0316767 0.0637331 0.013656
9.9982E-05 0.925142 0.00149872 9.9982E-05 0.047419 0.0257402
0.00233895 0.822896 0.0200514 0.114917 0.0396969 9.9991E-05
9.9982E-05 0.869732 9.9982E-05 0.020019 0.0567657 0.0532834
9.9982E-05 0.930769 9.9982E-05 0.00728877 0.0293917 0.032351
9.9973E-05 0.848932 0.0021054 9.9973E-05 0.148663 9.9973E-05
0.0502213 0.820428 0.0740029 9.9991E-05 0.032441 0.0228067
9.9991E-05 0.771334 0.0220417 0.0831123 0.108063 0.0153486
0.122219 0.738918 0.0198127 0.0808021 9.9991E-05 0.0381484
9.9991E-05 0.72979 0.0729401 0.0379149 0.0491558 0.110099
0.631617 0.153565 0.0298086 0.0122713 0.0874402 0.0852974
0.967386 9.9964E-05 0.0322145 9.9964E-05 9.9964E-05 9.9964E-05
0.588606 0.0425513 0.0457021 0.0750434 0.232323 0.0157736
0.630641 0.102518 0.0305183 9.9982E-05 0.236123 9.9982E-05
0.823623 9.9973E-05 9.9973E-05 0.0301185 0.145958 9.9973E-05
0.62975 0.130852 9.9991E-05 0.0165269 0.205064 0.0177065
0.0438239 9.9982E-05 0.023808 9.9982E-05 0.836966 0.0952022
0.957273 0.0423269 9.9964E-05 9.9964E-05 9.9964E-05 9.9964E-05
0.614224 0.0169017 0.115119 0.0902584 0.163397 9.9991E-05
0.496599 0.0272256 0.0581688 0.0410061 0.235597 0.141404
0.673134 0.0324412 0.0194864 9.9991E-05 0.226734 0.0481038
0.611944 9.9973E-05 9.9973E-05 9.9973E-05 0.272685 0.115071
0.575815 9.9991E-05 0.0500252 0.00540212 0.263355 0.105303
0.754687 0.0396762 0.0472197 9.9982E-05 0.158217 9.9982E-05
0.678438 0.0546843 0.0156053 0.0155626 0.205432 0.0302772
0.701623 0.0376816 0.0154634 9.9991E-05 0.157107 0.0880254
0.654319 0.0146425 9.9991E-05 0.129319 0.0940872 0.107532
0.35349 0.33387 9.9982E-05 9.9982E-05 0.187084 0.125356
0.505716 0.278324 0.0460042 9.9991E-05 0.135706 0.0341504
0.360789 0.455274 0.0658321 9.9982E-05 0.117906 9.9982E-05
0.0750226 0.0438494 9.9982E-05 9.9982E-05 0.82134 0.0595879
0.34357 0.184678 0.0584343 0.0460435 0.263966 0.103307
0.547639 0.144673 9.9982E-05 0.016045 0.291443 9.9982E-05
0.608106 0.151775 0.0496333 9.9991E-05 0.145777 0.0446091
0.638353 9.9991E-05 0.0620769 0.0392734 0.206324 0.0538721
0.605764 0.0907152 0.0770654 9.9982E-05 0.226256 9.9982E-05
0.278041 0.271662 0.015104 0.207413 0.17224 0.0555393
0.0510166 0.230379 9.9982E-05 0.612187 0.106218 9.9982E-05
0.542751 0.173258 0.0381828 0.177398 0.0173306 0.05108
0.598207 0.14598 0.0505434 0.036795 0.168374 9.9991E-05
0.653621 0.133263 0.00147149 0.142964 0.0685798 9.9991E-05
0.722461 0.0875344 0.0261979 0.0748894 0.0788243 0.0100929
0.311588 0.0198431 9.9982E-05 9.9982E-05 0.636225 0.0321442
0.500084 0.184334 0.00488829 9.9991E-05 0.257012 0.0535811
0.663334 0.101096 9.9991E-05 0.0551285 0.171655 0.008687
0.502098 9.9991E-05 0.0471525 0.141432 0.174098 0.135119
0.448144 0.0138056 0.0822215 0.0838243 0.210997 0.161008
0.560391 9.9991E-05 0.0354601 0.195163 0.197605 0.0112819
0.623044 9.9991E-05 0.117883 0.0699174 0.113914 0.0751418
0.487012 0.00191078 0.0264625 0.211117 0.222336 0.0511615
0.583046 0.151018 0.0747904 9.9982E-05 0.190946 9.9982E-05
0.671856 0.0364403 0.0233379 9.9991E-05 0.164566 0.1037
0.654132 0.0984614 0.0270961 9.9982E-05 0.220111 9.9982E-05
0.682448 9.9991E-05 0.0542569 0.0228049 0.169088 0.0713028
0.529566 9.9991E-05 0.0269352 0.108212 0.285065 0.0501218
0.718709 0.032529 0.0353755 0.00211945 0.15852 0.0527469
9.996E-05 9.996E-05 9.996E-05 9.996E-05 0.9995 9.996E-05
0.53534 0.0210263 0.0568575 0.102286 0.222548 0.0619414
0.657171 0.0456866 0.0319882 0.0331388 0.215571 0.0164442
0.616294 0.0208939 0.0986778 0.101946 0.162088 9.9991E-05
0.586147 0.181769 0.047683 9.9982E-05 0.184201 9.9982E-05
0.737865 0.0497905 0.0371815 9.9991E-05 0.161903 0.0131596
0.645313 0.0262968 0.0652068 0.0152705 0.130333 0.117579
9.996E-05 9.996E-05 9.996E-05 9.996E-05 0.9995 9.996E-05
9.996E-05 9.996E-05 9.996E-05 9.996E-05 0.9995 9.996E-05
9.9964E-05 9.9964E-05 9.9964E-05 9.9964E-05 0.994573 0.00502761
0.575391 0.0100797 0.0493528 0.106253 0.258824 9.9991E-05
0.481959 0.00523784 0.0557795 0.0468295 0.310029 0.100165
0.609813 9.9991E-05 0.0540984 0.0700666 0.192086 0.073836
0.559212 0.0742994 0.0483803 9.9991E-05 0.2859 0.0321085
0.584016 0.101782 0.0364924 9.9991E-05 0.208957 0.0686523
0.30228 0.0738827 0.0507008 0.020277 0.552043 0.000816357
0.498265 0.119142 0.101578 0.0560191 0.21478 0.0102163
0.730539 9.9973E-05 9.9973E-05 0.129029 9.9973E-05 0.140133
0.617263 0.0321495 9.9991E-05 0.186535 0.0726102 0.0913426
0.527159 9.9982E-05 9.9982E-05 0.125363 0.129285 0.217993
0.619159 9.9991E-05 0.0238419 0.153701 0.0446086 0.158589
0.479356 9.9982E-05 9.9982E-05 0.193493 0.126301 0.200651
0.560828 9.9982E-05 9.9982E-05 0.220237 0.0083143 0.21042
0.578496 0.0246982 0.0229871 0.198157 9.9991E-05 0.175561
0.589935 9.9991E-05 0.0589465 0.103276 0.0255512 0.222192
0.504553 0.100264 0.0161897 0.168139 0.00227377 0.208581
0.524825 0.138106 0.0149083 0.0655922 0.0723427 0.184226
0.582376 0.0582415 0.0323007 0.0756181 0.0318744 0.219589
9.9991E-05 0.0462892 0.0336788 0.791181 0.0731442 0.0556069
0.0504917 0.0822038 0.0177017 0.777692 0.0232942 0.0486167
0.032752 0.0674475 0.0261996 0.751135 0.0249967 0.0974694
9.9982E-05 0.185881 0.0521368 0.732319 9.9982E-05 0.0294629
9.9991E-05 0.132646 0.0522059 0.71834 0.033841 0.0628665
0.0809342 0.0410351 0.0225194 0.756218 0.0353564 0.0639371
9.9982E-05 0.116803 9.9982E-05 0.765049 0.0279355 0.0900127
9.9982E-05 0.0116132 9.9982E-05 0.883919 0.0393902 0.0648779
0.0938608 0.123003 0.0408907 0.605482 0.0730893 0.0636744
9.9973E-05 0.270586 9.9973E-05 0.667833 9.9973E-05 0.061282
9.9982E-05 0.118972 0.033648 0.790384 9.9982E-05 0.0567961
0.00430252 0.14796 0.058567 0.78897 9.9982E-05 9.9982E-05
0.0806153 0.106503 0.0711352 0.660657 0.00160116 0.0794884
0.177334 0.0999089 0.0286616 0.693896 9.9982E-05 9.9982E-05
0.102875 9.9991E-05 0.0742202 0.734845 0.00462331 0.0833363
0.00221912 0.0212872 0.100492 0.850225 0.025677 9.9991E-05
0.0588318 0.0515014 9.9982E-05 0.886169 0.00329757 9.9982E-05
0.0739937 0.013519 0.0673618 0.842235 0.00279039 9.9991E-05
9.9991E-05 0.0411748 0.0486878 0.804438 0.0106905 0.0949088
0.025268 0.0714747 0.0252417 0.821781 0.015931 0.0403035
9.9982E-05 9.9982E-05 0.0867021 0.752337 0.101193 0.0595684
0.0113652 0.097792 9.9991E-05 0.747405 0.0746217 0.0687162
0.0119192 9.9991E-05 0.0216474 0.836007 0.0723287 0.0579978
0.0546936 0.0170207 0.0405411 0.799441 0.0333753 0.0549287
0.0493308 9.9991E-05 0.0529932 0.774093 0.0208902 0.102593
0.100953 9.9991E-05 0.0349797 0.768764 0.00129922 0.093904
9.9991E-05 0.0547217 0.06108 0.746231 0.0416595 0.0962083
0.0755215 0.0972805 0.0928763 0.724781 9.9991E-05 0.00944079
0.0373282 0.0454638 0.0767517 0.736483 0.0150737 0.0888999
9.9982E-05 0.0841116 9.9982E-05 0.809281 0.0220178 0.0843895
9.9973E-05 0.158002 9.9973E-05 0.807581 0.0341166 9.9973E-05
0.00478005 0.163041 0.086664 0.692234 9.9991E-05 0.0531811
0.0946191 0.0741336 9.9982E-05 0.744667 9.9982E-05 0.08638
0.0181539 9.9991E-05 0.0162324 0.797937 0.0718634 0.0957135
0.0539023 9.9982E-05 0.0542947 0.832948 9.9982E-05 0.0586551
0.00158601 0.658345 0.0334753 0.191582 0.0333663 0.0816457
0.00596829 0.562662 0.071563 0.202423 0.0857616 0.0716217
9.9991E-05 0.563002 0.0896222 0.137348 0.0855255 0.124403
0.0873663 0.592867 0.0772961 0.160348 0.0285656 0.0535575
0.104454 0.559591 0.0995279 0.103635 0.0484254 0.0843672
9.9982E-05 0.693673 9.9982E-05 0.120888 0.0752353 0.110004
0.00485823 0.87533 9.9982E-05 0.0313058 9.9982E-05 0.0883064
9.9982E-05 0.633825 0.0998143 0.0651939 9.9982E-05 0.200967
