9.9964E-05 9.9964E-05 0.988731 9.9964E-05 9.9964E-05 0.0108687
0.0212032 9.9982E-05 0.76269 0.0839908 0.131916 9.9982E-05
0.0385269 0.0480026 0.819327 0.0160372 0.0777779 0.000328446
0.0252379 0.0174281 0.812316 9.9982E-05 0.144818 9.9982E-05
0.0460318 9.9991E-05 0.819012 0.00681077 0.0601654 0.06788
9.9982E-05 9.9982E-05 0.908864 0.0370985 0.0437692 0.0100685
9.9964E-05 9.9964E-05 0.93748 9.9964E-05 0.0621197 9.9964E-05
0.0619033 0.0301282 0.841189 0.0110617 0.0350726 0.0206453
0.023736 9.9973E-05 0.832726 9.9973E-05 0.143238 9.9973E-05
0.0675956 0.0404821 0.828221 9.9982E-05 0.0635012 9.9982E-05
0.0213886 0.0434836 0.746844 0.0834789 0.104705 9.9991E-05
0.0349353 0.130429 0.779841 9.9991E-05 0.00345908 0.0512349
0.0489279 0.0302824 0.822934 0.0521797 0.0455756 9.9991E-05
0.00152541 0.0799167 0.69149 0.0302898 0.154836 0.0419415
0.0295546 0.00617629 0.835221 0.0505748 0.0783737 9.9991E-05
9.9973E-05 9.9973E-05 0.885107 9.9973E-05 0.108683 0.00591014
9.996E-05 9.996E-05 0.9995 9.996E-05 9.996E-05 9.996E-05
9.9964E-05 9.9964E-05 0.993167 9.9964E-05 9.9964E-05 0.00643351
9.9964E-05 9.9964E-05 0.97221 9.9964E-05 9.9964E-05 0.0273903
0.0169404 0.0298629 0.930895 9.9982E-05 9.9982E-05 0.0221019
9.996E-05 0.9995 9.996E-05 9.996E-05 9.996E-05 9.996E-05
0.0415212 0.770787 0.0284219 0.0344136 0.0286945 0.0961619
0.0533891 0.693873 0.0433503 9.9991E-05 0.0862789 0.123008
0.0468587 0.78397 0.00588179 9.9982E-05 9.9982E-05 0.163089
0.036414 0.923809 0.0394775 9.9973E-05 9.9973E-05 9.9973E-05
0.0200445 0.921558 0.0371505 0.0182398 9.9991E-05 0.00290752
0.0133306 0.746752 9.9991E-05 0.0428802 0.0385607 0.158376
9.996E-05 0.9995 9.996E-05 9.996E-05 9.996E-05 9.996E-05
0.0566751 0.769368 9.9991E-05 0.0418909 0.115616 0.0163505
0.0181131 0.606956 0.0280318 0.152178 0.11206 0.0826613
0.0229444 0.787146 9.9982E-05 0.0447867 0.144923 9.9982E-05
9.9982E-05 0.752371 9.9982E-05 0.0775442 0.0271723 0.142712
0.0343013 0.726181 0.025813 0.0580484 0.0833784 0.0722775
0.0712974 0.679174 9.9982E-05 0.127594 0.121735 9.9982E-05
0.109158 0.586352 0.0167929 0.136855 0.0517337 0.099109
0.0691639 0.45391 0.0918242 0.174549 0.210453 9.9991E-05
0.101773 0.629303 0.00265208 0.0535386 0.0232634 0.18947
0.0620305 0.0776063 9.9991E-05 0.0325292 0.0583043 0.76943
0.0140324 0.000886806 9.9991E-05 0.161919 0.0588414 0.76422
9.9991E-05 0.0210667 0.0252489 0.116452 0.0823925 0.75474
9.9991E-05 0.0137121 0.0111916 0.0709856 0.0736099 0.830401
0.0640117 0.0311747 0.0423643 0.0152902 9.9991E-05 0.847059
0.048284 9.9982E-05 9.9982E-05 0.0107516 0.0482143 0.89255
0.059759 0.00720467 0.0609144 0.0419273 0.189852 0.640342
0.0957682 0.0511815 0.00462562 0.0592119 0.0188302 0.770383
0.0398807 0.0512769 0.0445344 9.9991E-05 0.0827593 0.781449
0.00709421 9.9982E-05 9.9982E-05 0.0951808 0.00226332 0.895262
0.0340384 9.9991E-05 0.0224421 0.0257282 0.00363487 0.914056
0.00716401 0.0354697 0.00782399 9.9982E-05 9.9982E-05 0.949342
0.0613323 9.9982E-05 9.9982E-05 0.000916795 0.103191 0.83436
0.0192545 0.0118521 0.0260209 0.0263604 9.9991E-05 0.916412
9.9973E-05 0.0536159 9.9973E-05 9.9973E-05 0.052215 0.893869
0.0457656 9.9973E-05 0.0280328 9.9973E-05 9.9973E-05 0.925902
0.0062101 0.0161607 0.111545 0.0257253 9.9991E-05 0.840259
0.016008 9.9991E-05 0.00905198 0.119838 0.0643714 0.79063
0.0244433 0.0381497 0.0328739 0.0824489 0.0650884 0.756996
0.0588721 0.0373134 0.0546987 9.9991E-05 0.0998363 0.74918
0.0972018 0.0962549 0.0289364 0.5547 0.0762946 0.146612
0.414336 0.0409019 0.0945316 0.392077 0.0310691 0.0270848
0.228723 0.0576181 0.02577 0.543316 0.0883915 0.0561809
0.217441 0.0236726 0.0422303 0.559583 9.9991E-05 0.156973
0.225873 0.046582 9.9991E-05 0.653753 0.0209899 0.0527025
0.127361 0.0358163 0.06617 0.616009 9.9991E-05 0.154543
0.100723 0.009634 0.0116307 0.870238 0.00767455 9.9991E-05
0.458214 0.0415212 9.9982E-05 0.411806 9.9982E-05 0.0882589
0.144338 9.9982E-05 0.144126 0.616982 0.0943544 9.9982E-05
0.103992 0.157424 0.0801275 0.629278 0.0231016 0.00607614
0.211539 0.0606353 0.030545 0.642722 9.9991E-05 0.0544591
0.228672 0.136135 9.9973E-05 0.634893 9.9973E-05 9.9973E-05
0.261819 0.0703137 0.0494775 0.559689 0.0586004 9.9991E-05
0.177893 0.043891 0.0559467 0.656139 9.9991E-05 0.0660311
0.161519 0.0580961 0.00406036 0.700073 0.00553571 0.0707159
0.252193 0.119676 0.0229342 0.571218 9.9991E-05 0.0338791
0.196572 0.127694 0.023577 0.499749 0.0735995 0.0788093
0.0414098 0.105749 0.00621357 0.537187 9.9991E-05 0.30934
0.110868 0.0221941 0.0865833 0.4873 9.9991E-05 0.292955
0.118993 9.9982E-05 0.0958457 0.306118 9.9982E-05 0.478844
0.109453 9.9973E-05 9.9973E-05 0.874216 9.9973E-05 0.0160306
0.233454 0.082981 0.07868 0.386971 0.0445717 0.173343
0.196331 9.9973E-05 9.9973E-05 0.629867 9.9973E-05 0.173501
0.152985 0.101788 0.0758898 0.555101 9.9991E-05 0.114136
0.173627 0.0756811 0.0514387 0.643504 0.0275236 0.0282253
0.192702 9.9982E-05 0.110026 0.634062 9.9982E-05 0.0630092
0.194537 0.0632514 0.0701347 0.163073 0.214128 0.294876
0.0491377 9.9982E-05 9.9982E-05 0.143563 0.579699 0.2274
0.0782034 0.0834387 0.0233337 0.483727 0.190613 0.140685
0.162716 0.0265778 0.0656274 0.59982 0.0492639 0.0959943
0.0804193 0.0690248 0.0130195 0.652691 0.0853764 0.0994691
0.259006 0.0619141 0.0447326 0.434264 0.0482674 0.151816
0.991236 0.00836412 9.9964E-05 9.9964E-05 9.9964E-05 9.9964E-05
0.139366 0.040617 0.0285122 0.642973 0.0226715 0.12586
0.134353 0.0225537 9.9991E-05 0.70376 0.0331043 0.106129
0.200242 0.151116 0.11293 0.420961 0.114652 9.9991E-05
0.179261 0.155856 0.100915 0.481936 0.0819326 9.9991E-05
0.0890785 0.0646839 0.0515523 0.65685 0.137736 9.9991E-05
0.195182 0.0884447 0.123428 0.508844 0.0840019 9.9991E-05
0.206849 0.0282406 0.0426397 0.487035 0.187985 0.0472509
0.168476 0.0211818 0.106058 0.583677 9.9991E-05 0.120507
0.121743 0.100658 0.0336598 0.715757 9.9991E-05 0.028082
0.218486 9.9991E-05 0.0581918 0.584727 0.0254002 0.113095
0.202759 0.0988452 0.070746 0.586243 0.0345236 0.00688307
0.297011 9.9991E-05 0.0220827 0.513309 0.155836 0.0116612
0.16217 0.0498353 0.0214854 0.716653 0.049757 9.9991E-05
0.9995 9.996E-05 9.996E-05 9.996E-05 9.996E-05 9.996E-05
0.181971 0.0276965 0.0903434 0.559744 0.133081 0.00716468
0.159726 0.0574752 0.039776 0.670424 9.9991E-05 0.0724988
0.263589 0.0190326 0.0721625 0.512694 0.132422 9.9991E-05
0.175675 9.9991E-05 0.0109059 0.640571 0.0348073 0.137941
0.0735151 0.0350597 0.0550967 0.758489 0.0316352 0.0462045
0.100848 0.128254 0.0793798 0.633796 9.9991E-05 0.0576217
0.0120291 9.9973E-05 9.9973E-05 0.98636 9.9973E-05 0.0013109
0.9995 9.996E-05 9.996E-05 9.996E-05 9.996E-05 9.996E-05
9.9964E-05 9.9964E-05 9.9964E-05 0.987055 9.9964E-05 0.0125453
0.230093 9.9982E-05 0.0381407 0.612598 0.118968 9.9982E-05
0.19928 0.0866244 0.0486267 0.55474 0.110037 0.000691982
0.230432 0.155179 0.0656067 0.511471 0.0163429 0.0209687
0.204349 0.0495466 0.0547868 0.610712 9.9991E-05 0.0805054
0.148289 0.0553157 0.0275699 0.607552 9.9991E-05 0.161174
0.95338 9.9973E-05 0.0290061 9.9973E-05 0.0173142 9.9973E-05
0.227066 0.041374 0.0985085 0.458353 0.0690892 0.105609
0.1258 0.223086 0.00405399 0.497951 0.149008 9.9991E-05
0.125643 0.156325 9.9991E-05 0.513731 0.161145 0.0430562
0.158047 0.239205 9.9982E-05 0.488105 0.114443 9.9982E-05
0.145097 0.221639 0.0633938 0.451808 0.117962 9.9991E-05
0.087271 0.224354 0.0121933 0.482707 0.193375 9.9991E-05
0.166381 0.23669 9.9982E-05 0.31732 0.27941 9.9982E-05
0.0885953 0.245663 0.0560417 0.398119 0.162621 0.0489591
0.138607 0.248115 0.0814114 0.464776 0.0669899 9.9991E-05
0.09554 0.227453 0.0127958 0.349323 0.149703 0.165185
0.159687 0.209046 0.0151182 0.404226 0.11679 0.0951333
0.0981499 0.277419 0.0226153 0.460924 0.0699286 0.0709628
0.0571718 0.107565 9.9982E-05 9.9982E-05 0.770839 0.0642243
0.0936785 0.0493457 0.0148669 9.9991E-05 0.749098 0.0929114
0.0694801 0.0883455 0.0402368 0.00469885 0.722412 0.0748263
9.9982E-05 0.0598285 0.0479791 9.9982E-05 0.753188 0.138804
0.00353257 0.0245258 0.0453528 0.102049 0.710168 0.114372
0.0477146 0.0766094 0.0536712 0.0333096 0.741647 0.047048
0.0765995 0.0467856 9.9982E-05 9.9982E-05 0.768703 0.107712
0.0229063 0.0696907 9.9991E-05 0.0592156 0.843026 0.00506107
0.0506241 0.0751163 0.0851618 0.128486 0.550167 0.110445
9.9982E-05 0.0482513 0.0349848 9.9982E-05 0.682328 0.234236
9.9991E-05 0.0505714 0.0600282 0.0114583 0.763789 0.114053
9.9982E-05 0.0226732 0.0846486 9.9982E-05 0.738499 0.153979
0.0595488 0.116631 0.0312594 0.105107 0.599739 0.0877136
0.0173597 9.9991E-05 0.0489332 0.170158 0.629993 0.133456
0.0699665 0.0897314 0.0948494 0.0223924 0.72296 9.9991E-05
0.0937858 9.9982E-05 0.11124 9.9982E-05 0.779823 0.0149518
0.0580872 0.0238574 9.9991E-05 0.031827 0.853084 0.0330445
0.0384935 9.9991E-05 0.0564461 0.0557408 0.798981 0.0502383
0.0318586 0.0378757 0.0594021 9.9991E-05 0.794714 0.0760501
0.034419 0.0137904 0.037325 0.0651691 0.787356 0.0619407
0.0830089 0.0899232 0.0676986 0.0375399 0.721729 9.9991E-05
0.0427522 0.0529737 9.9991E-05 0.0282991 0.742867 0.133008
0.0558335 0.0403626 0.0375045 0.0421815 0.824018 9.9991E-05
0.0379624 0.0418032 0.071785 0.0588371 0.789512 9.9991E-05
0.140482 0.136193 0.0552291 9.9982E-05 0.667897 9.9982E-05
0.055492 0.110922 0.0434524 0.0772359 0.712798 9.9991E-05
0.0415548 0.0689918 0.0398732 0.0148105 0.739634 0.0951359
0.0745398 9.9991E-05 0.0469739 0.0593536 0.713759 0.105274
0.0264912 0.0244111 0.0944959 0.0371901 0.721165 0.0962462
0.0900168 0.0323806 9.9982E-05 9.9982E-05 0.780161 0.0972419
0.0337919 9.9973E-05 9.9973E-05 9.9973E-05 0.791593 0.174315
0.0185648 0.0910089 0.0810555 9.9991E-05 0.671796 0.137474
0.00618524 0.13952 9.9982E-05 9.9982E-05 0.703041 0.151053
0.0995968 0.0748808 9.9982E-05 0.00937684 0.815946 9.9982E-05
0.0178584 0.060015 0.0524606 0.0460045 0.823561 9.9991E-05
0.0589005 0.081005 0.0232247 9.9991E-05 0.140936 0.695833
0.124028 0.0534734 0.0426704 9.9991E-05 0.181221 0.598507
0.102628 0.112936 0.128243 9.9991E-05 0.0915616 0.564532
0.109748 0.0379239 0.129303 0.0105414 0.196796 0.515688
0.0631405 0.0835956 0.0859443 0.0360791 0.0616308 0.66961
0.0641811 0.091461 9.9982E-05 9.9982E-05 0.120944 0.723214
0.058541 0.0531349 9.9982E-05 9.9982E-05 0.0487157 0.839408
9.9991E-05 0.177141 0.107425 0.0311618 0.0126977 0.671474
