9.993E-05 9.993E-05 9.993E-05 9.993E-05 0.999201 9.993E-05 9.993E-05 9.993E-05 9.993E-05
0.705525 9.9964E-05 9.9964E-05 0.127397 0.0362019 0.0741324 9.9964E-05 0.0563439 9.9964E-05
0.735399 9.9964E-05 9.9964E-05 0.157422 0.0504779 9.9964E-05 9.9964E-05 0.00270473 0.0535966
0.803932 9.9973E-05 9.9973E-05 0.10361 0.023195 9.9973E-05 0.0105746 0.0426686 0.0157198
0.791116 0.00557794 0.0505798 9.9982E-05 0.0659092 0.0127446 0.0351502 0.038722 9.9982E-05
0.885451 0.000611028 9.9964E-05 9.9964E-05 0.00245295 0.0534801 9.9964E-05 0.0576053 9.9964E-05
9.993E-05 9.993E-05 9.993E-05 9.993E-05 0.999201 9.993E-05 9.993E-05 9.993E-05 9.993E-05
0.767732 9.9973E-05 0.0339279 9.9973E-05 0.0713591 0.0358681 0.0120908 0.0787223 9.9973E-05
0.766008 9.9964E-05 0.0357611 0.000207975 0.0636748 9.9964E-05 9.9964E-05 0.133949 9.9964E-05
0.798089 9.9982E-05 0.00579025 9.9982E-05 0.0391405 0.0145099 0.0340408 0.0805907 0.0276391
0.728531 9.9964E-05 9.9964E-05 0.127097 0.0329764 0.0336809 9.9964E-05 0.0773155 9.9964E-05
0.671946 0.0309397 9.9982E-05 0.158999 0.0573935 9.9982E-05 0.0119901 0.017989 0.0505423
0.8032 0.0100361 0.0599895 0.000734476 0.0267297 0.0341872 0.014883 0.00831956 0.041921
0.677729 0.0217684 9.9982E-05 0.0672425 0.0317789 0.0493091 9.9982E-05 0.105681 0.0462908
0.824692 9.9955E-05 9.9955E-05 0.0783125 0.0293211 9.9955E-05 9.9955E-05 9.9955E-05 0.0671744
0.882149 9.9946E-05 9.9946E-05 9.9946E-05 9.9946E-05 9.9946E-05 0.0130139 0.104237 9.9946E-05
0.927664 9.9955E-05 9.9955E-05 9.9955E-05 0.0482231 0.0158352 0.00777781 9.9955E-05 9.9955E-05
0.962599 0.000564515 9.9946E-05 9.9946E-05 0.0362365 9.9946E-05 9.9946E-05 9.9946E-05 9.9946E-05
0.879412 0.0346839 9.9946E-05 9.9946E-05 0.0853041 9.9946E-05 9.9946E-05 9.9946E-05 9.9946E-05
0.972177 9.9946E-05 9.9946E-05 9.9946E-05 9.9946E-05 9.9946E-05 0.023884 9.9946E-05 0.00333905
9.993E-05 9.993E-05 9.993E-05 9.993E-05 9.993E-05 9.993E-05 9.993E-05 9.993E-05 0.999201
9.9973E-05 0.0240483 9.9973E-05 0.306008 0.0168253 0.00505711 9.9973E-05 0.0188725 0.628889
0.0214327 0.0477968 0.146053 0.00987814 0.0393002 9.9991E-05 0.0389291 0.0737768 0.622733
9.9964E-05 0.184842 9.9964E-05 0.0558912 9.9964E-05 0.00414841 0.0125708 9.9964E-05 0.742148
0.00591094 9.9955E-05 0.0792946 9.9955E-05 9.9955E-05 9.9955E-05 0.0140193 9.9955E-05 0.900275
0.00893013 9.9964E-05 0.142519 9.9964E-05 0.0180007 9.9964E-05 0.0253663 9.9964E-05 0.804784
9.9973E-05 0.118099 0.159042 9.9973E-05 0.0213345 9.9973E-05 0.00341936 0.0150318 0.682773
9.993E-05 9.993E-05 9.993E-05 9.993E-05 9.993E-05 9.993E-05 9.993E-05 9.993E-05 0.999201
9.9964E-05 9.9964E-05 0.159315 9.9964E-05 9.9964E-05 0.00564642 0.0177414 0.107711 0.709187
0.0441063 0.101832 0.178941 9.9982E-05 9.9982E-05 0.0274295 0.00596212 0.0654622 0.576067
9.9964E-05 9.9964E-05 0.123183 0.072321 9.9964E-05 0.000679976 9.9964E-05 0.102572 0.700844
9.9982E-05 0.105879 0.0917358 9.9982E-05 0.0323374 0.030663 0.0056428 0.0399665 0.693576
0.00770872 0.0329123 0.0850491 9.9991E-05 0.0360225 0.0228827 0.0136896 0.123131 0.678504
9.9964E-05 9.9964E-05 9.9964E-05 0.205758 9.9964E-05 0.0398306 0.0172502 0.0963994 0.640362
0.0238121 0.0305238 0.176105 0.0910651 9.9991E-05 0.0215189 0.0446895 0.0368376 0.575348
0.0123918 9.9955E-05 9.9955E-05 0.41807 9.9955E-05 9.9955E-05 9.9955E-05 0.165292 0.403747
0.00493674 0.143646 0.167477 0.0452929 9.9982E-05 9.9982E-05 0.00221646 0.068209 0.568021
0.0377111 0.752017 0.0843192 0.0673899 9.9982E-05 0.0279068 9.9982E-05 0.013404 0.0170525
9.9982E-05 0.683444 0.162573 0.0465047 0.0396439 0.0219743 0.0278586 0.0178023 9.9982E-05
0.0845122 0.73695 0.0798345 9.9982E-05 9.9982E-05 0.0799331 0.00249465 0.0136367 0.00243887
9.9982E-05 0.736325 0.121334 9.9982E-05 0.0607206 0.0360188 0.00361626 0.0304178 0.0113673
0.0199586 0.75396 9.9982E-05 0.105842 0.0264675 0.0456275 0.030721 9.9982E-05 0.0172234
9.9973E-05 0.802744 0.0873209 9.9973E-05 0.0530953 0.0217215 0.0200428 0.0147751 9.9973E-05
0.042064 0.63437 9.9991E-05 0.129375 0.023782 0.0457195 0.0106003 0.0966537 0.0173351
0.020314 0.725713 0.0891209 9.9982E-05 0.0328386 0.0554143 0.0371727 9.9982E-05 0.0392261
0.0742855 0.724715 0.055247 9.9973E-05 9.9973E-05 9.9973E-05 0.03275 0.0396961 0.0730068
0.0148567 0.811172 0.048147 9.9964E-05 9.9964E-05 0.092467 0.032957 9.9964E-05 9.9964E-05
9.9982E-05 0.827203 0.0391738 0.042205 0.0461453 0.0103622 0.0245726 0.0101377 9.9982E-05
0.00790398 0.88064 9.9973E-05 0.0452347 0.038702 0.0255588 0.00166047 9.9973E-05 9.9973E-05
9.99681E-05 0.733658 0.0119271 0.150348 9.99681E-05 0.0329418 9.99681E-05 0.0707253 9.99681E-05
9.9982E-05 0.825243 0.0399332 0.00785871 0.0591496 0.0372937 0.0154515 9.9982E-05 0.0148699
9.9973E-05 0.869273 9.9973E-05 9.9973E-05 0.0362024 0.0585184 0.0103428 0.0117128 0.0136505
0.0251474 0.83514 9.9955E-05 9.9955E-05 9.9955E-05 0.0584851 0.0807274 9.9955E-05 9.9955E-05
0.0765644 0.78169 9.9973E-05 0.0678905 0.0343317 0.0361046 0.00311867 9.9973E-05 9.9973E-05
0.0376049 0.733182 0.0532982 9.9982E-05 0.0284653 0.0619667 0.0323305 0.052952 9.9982E-05
0.0417198 0.732737 0.0358403 0.126677 9.9982E-05 0.038806 9.9982E-05 0.0127447 0.0112754
0.0590613 0.728324 0.0477673 9.9982E-05 0.0333574 9.9982E-05 0.0668198 0.0194152 0.0450549
0.0676802 0.110611 0.382655 0.339271 9.9991E-05 0.0343928 0.0149649 0.00967415 0.0406512
9.993E-05 9.993E-05 9.993E-05 0.999201 9.993E-05 9.993E-05 9.993E-05 9.993E-05 9.993E-05
9.999E-05 0.0509676 0.462494 0.235937 0.0438008 0.0793106 0.0917993 0.0161104 0.0194799
0.00445308 0.0590943 0.480345 0.30368 0.0233892 0.0772177 0.0516204 9.9982E-05 9.9982E-05
9.9955E-05 9.9955E-05 0.608484 0.29454 9.9955E-05 0.060382 0.0360939 9.9955E-05 9.9955E-05
0.0395855 0.0559328 0.6804 0.113156 9.9982E-05 0.070851 0.0357279 9.9982E-05 0.00414644
9.9937E-05 9.9937E-05 9.9937E-05 9.9937E-05 0.0100699 0.989231 9.9937E-05 9.9937E-05 9.9937E-05
9.993E-05 9.993E-05 9.993E-05 0.999201 9.993E-05 9.993E-05 9.993E-05 9.993E-05 9.993E-05
0.0675946 9.9982E-05 0.331546 0.351392 0.0239507 0.134297 0.00991535 0.0811042 9.9982E-05
0.0707509 9.9982E-05 0.54388 0.000833249 9.9982E-05 0.184897 0.0447546 0.0279968 0.126687
0.0561366 9.9982E-05 0.555846 0.190077 0.0029348 0.127137 0.0617408 0.00592846 9.9982E-05
9.9973E-05 9.9973E-05 0.592443 0.111458 0.00916032 0.133949 0.076606 9.9973E-05 0.0760846
0.0406024 9.9982E-05 0.419027 0.276702 0.00252045 0.122811 0.0681367 9.9982E-05 0.07
9.9964E-05 9.9964E-05 0.68725 0.136747 0.0475521 0.0904274 0.0376237 9.9964E-05 9.9964E-05
9.9973E-05 0.0222333 0.67992 0.0645276 0.0470231 0.15215 0.033846 9.9973E-05 9.9973E-05
9.9982E-05 0.00206436 0.539918 0.303746 0.0352908 0.0307051 0.0345858 9.9982E-05 0.0534897
9.9982E-05 0.0312502 0.365105 0.391981 9.9982E-05 0.0362901 0.0269712 0.0578849 0.0903185
9.9982E-05 0.244032 0.485639 0.0285123 0.0254767 0.127084 0.00157212 9.9982E-05 0.0874839
0.0965621 0.188493 0.534319 0.0488576 9.9973E-05 0.0955158 0.0359525 9.9973E-05 9.9973E-05
0.0845908 0.423086 0.222118 0.221572 9.9973E-05 0.0454997 0.00283429 9.9973E-05 9.9973E-05
9.9955E-05 9.9955E-05 9.9955E-05 0.0135856 0.000319426 0.981871 0.00372387 9.9955E-05 9.9955E-05
0.0925756 0.123988 0.288102 0.216216 9.9991E-05 0.0894404 0.098702 0.019531 0.0713457
9.9964E-05 0.0639563 0.479865 0.211923 9.9964E-05 0.188723 0.0551322 9.9964E-05 9.9964E-05
0.072165 0.0594547 0.684341 0.0157069 0.0236066 0.0758586 0.0361699 0.00370509 0.028992
9.9973E-05 9.9973E-05 0.503761 0.22052 0.0748923 0.106151 0.0597767 9.9973E-05 0.0345991
0.0719012 0.00887612 0.566526 0.138983 0.0302816 0.127652 0.0555789 9.9982E-05 9.9982E-05
0.0578383 0.224179 0.178431 0.176444 9.9991E-05 0.0742843 0.0576858 0.199368 0.031669
9.9964E-05 0.129677 9.9964E-05 0.231292 9.9964E-05 0.0582008 0.00367683 0.576753 9.9964E-05
9.9982E-05 0.108761 0.4228 0.221144 0.0423886 9.9982E-05 0.00756749 0.16273 0.0344086
0.0647655 0.0530169 0.678953 0.00952902 0.0271056 0.094007 0.0470303 0.0254923 9.9991E-05
9.9982E-05 0.0732363 0.683451 0.02291 0.0478139 0.0551135 0.00308133 0.114194 9.9982E-05
0.0502128 0.0612756 0.635521 0.15756 0.000645026 9.9991E-05 0.0517758 0.0272538 0.015656
9.9937E-05 9.9937E-05 9.9937E-05 0.759565 9.9937E-05 9.9937E-05 0.239735 9.9937E-05 9.9937E-05
0.0343854 0.0407047 0.439685 0.130822 9.9991E-05 0.24541 0.0594229 0.0223513 0.0271187
9.9973E-05 0.0552838 0.688181 0.0315404 0.027689 0.180521 0.0164853 9.9973E-05 9.9973E-05
0.0215742 9.9991E-05 0.136369 0.662829 0.0409205 0.00906078 0.0185492 0.0739141 0.0366831
0.0264786 9.9991E-05 0.245061 0.419866 0.0503023 0.10211 0.00535946 0.0620882 0.0886352
9.9973E-05 9.9973E-05 0.390828 0.381095 0.0412567 0.0823296 9.9973E-05 0.0855622 0.0186287
0.0210136 9.9991E-05 0.284948 0.498533 0.0618003 0.0319501 0.0167238 0.0404132 0.044518
0.0210432 0.0221798 0.276075 0.294719 0.0394981 0.171827 0.0422479 0.132309 9.9991E-05
0.104497 0.0585322 0.502891 0.145335 9.9973E-05 0.158436 0.0300096 9.9973E-05 9.9973E-05
0.00637295 9.9982E-05 0.598079 0.162044 0.0390849 0.111435 0.0346026 9.9982E-05 0.0481817
0.0661941 0.0590696 0.410518 0.282276 9.9973E-05 0.144423 0.0372195 9.9973E-05 9.9973E-05
0.0219599 9.9991E-05 0.561789 0.260996 0.0358635 0.0145756 0.0331372 0.0577363 0.0138431
9.9991E-05 0.0137533 0.33418 0.258956 0.0216118 0.13054 0.130403 0.0553647 0.0550915
9.9973E-05 9.9973E-05 0.826652 0.0368721 0.0196634 0.0496083 0.0333056 0.033599 9.9973E-05
9.993E-05 9.993E-05 9.993E-05 9.993E-05 9.993E-05 9.993E-05 0.999201 9.993E-05 9.993E-05
0.0418622 9.9991E-05 0.352054 0.366412 0.0367452 0.0787193 0.0473524 0.0330633 0.043691
0.0316499 9.9973E-05 0.558635 0.252236 0.0126424 0.0975809 0.0469557 9.9973E-05 9.9973E-05
0.0879919 9.9982E-05 0.576178 0.153829 0.00288178 0.0538192 0.062435 0.0626652 9.9982E-05
0.0413992 0.130041 0.677212 0.0436852 9.9982E-05 0.06304 0.0361438 0.0082791 9.9982E-05
0.0293203 0.00464966 0.639984 0.171804 0.0169893 0.104677 9.9982E-05 9.9982E-05 0.0323753
0.105259 9.9973E-05 0.632112 0.144804 9.9973E-05 0.0236087 0.023643 9.9973E-05 0.070274
9.993E-05 9.993E-05 9.993E-05 9.993E-05 9.993E-05 0.999201 9.993E-05 9.993E-05 9.993E-05
9.993E-05 9.993E-05 9.993E-05 9.993E-05 9.993E-05 9.993E-05 0.999201 9.993E-05 9.993E-05
9.993E-05 9.993E-05 9.993E-05 9.993E-05 9.993E-05 0.999201 9.993E-05 9.993E-05 9.993E-05
0.0363418 9.9973E-05 0.242198 0.624569 9.9973E-05 0.0369641 0.0383445 0.0212825 9.9973E-05
9.9991E-05 0.0117353 0.128198 0.537624 0.0525054 0.113286 0.0467679 0.0592801 0.0505034
0.0578696 9.9991E-05 0.354089 0.385512 0.018259 0.0440446 0.0703598 0.0348712 0.0348951
0.0587138 0.048742 0.443974 0.226867 0.0165754 0.148084 0.0460309 9.9991E-05 0.0109134
0.0733323 0.0513609 0.662557 0.00393251 9.9982E-05 0.139881 0.0561552 9.9982E-05 0.0125813
9.99369E-05 9.99369E-05 9.99369E-05 0.836694 9.99369E-05 9.99369E-05 0.162606 9.99369E-05 9.99369E-05
0.0266271 0.0935624 0.274671 0.395928 0.038628 0.0612531 0.0759754 0.0282661 0.00508798
9.9973E-05 9.9973E-05 0.597855 0.120317 0.0459632 9.9973E-05 0.0330681 0.0949662 0.10753
0.0164349 9.9973E-05 0.725592 9.9973E-05 9.9973E-05 0.0196983 0.0481456 0.119029 0.0708011
9.9973E-05 9.9973E-05 0.61367 9.9973E-05 0.05181 0.0364407 0.0685591 0.0346139 0.194607
0.037115 9.9982E-05 0.574845 0.104861 0.0255935 9.9982E-05 0.0177049 0.0921915 0.147489
9.9973E-05 9.9973E-05 0.521811 9.9973E-05 0.0471945 0.0508446 0.070404 0.139442 0.170003
9.9964E-05 9.9964E-05 0.559576 9.9964E-05 0.0273414 9.9964E-05 0.0399519 0.165553 0.207178
0.0338325 9.9973E-05 0.584533 9.9973E-05 0.0345202 9.9973E-05 0.0411526 0.154753 0.150909
0.0298512 9.9973E-05 0.642048 9.9973E-05 0.0618063 9.9973E-05 0.0409818 0.0536839 0.171329
0.000304262 0.110632 0.53957 9.9982E-05 0.0108896 9.9982E-05 0.0597986 0.117893 0.160713
0.0452316 0.0626319 0.537325 0.0762095 9.9991E-05 0.0233163 0.0536035 0.0755178 0.126064
0.00798502 0.00683957 0.640457 0.00582726 0.0205982 0.00259921 0.036953 0.0711001 0.207641
0.00981853 0.0469387 0.114007 9.9991E-05 0.00698111 0.0462198 0.0273724 0.723717 0.0248452
9.9973E-05 0.0374144 0.0898413 9.9973E-05 0.0342746 9.9973E-05 0.0587739 0.727764 0.0516321
0.0413486 0.0498578 0.0299466 0.00472043 0.00412078 0.0480093 0.0319457 0.713671 0.0763803
0.0824542 0.14994 0.00664839 9.9973E-05 9.9973E-05 0.0163159 9.9973E-05 0.715329 0.0290123
9.9973E-05 0.137146 9.9973E-05 0.0744016 0.0576687 0.0476629 9.9973E-05 0.682537 0.00028447
0.0372669 0.00701141 0.0110535 0.117998 0.00792001 0.0279464 0.0204969 0.706016 0.0642905
0.00863629 0.091286 0.042996 9.9973E-05 9.9973E-05 9.9973E-05 0.0755631 0.735044 0.0461744
9.9955E-05 9.9955E-05 0.121871 9.9955E-05 0.0199631 9.9955E-05 0.0375004 0.820165 9.9955E-05
9.9982E-05 0.117622 9.9982E-05 0.173 0.0833441 0.0242131 0.0245624 0.517862 0.0591961
0.00576616 0.201141 0.0814015 9.9982E-05 0.0118368 9.9982E-05 0.0403723 0.64236 0.016922
0.0036617 0.0759734 9.9973E-05 9.9973E-05 0.0465878 0.0799983 9.9973E-05 0.769367 0.0241115
0.0507056 0.122776 0.0048887 0.0424565 9.9982E-05 0.000527914 9.9982E-05 0.761665 0.0167805
0.0287864 0.0891372 0.058765 0.137818 9.9982E-05 0.0239304 9.9982E-05 0.617625 0.043738
9.9964E-05 0.131705 0.111657 0.20656 0.0171741 9.9964E-05 9.9964E-05 0.532504 9.9964E-05
9.9973E-05 9.9973E-05 9.9973E-05 0.145644 0.0756305 0.0220854 0.021302 0.716116 0.0189225
0.0438677 0.00626802 9.9973E-05 0.247319 0.0371532 9.9973E-05 0.00156385 0.663529 9.9973E-05
9.9955E-05 0.0681426 9.9955E-05 0.103839 9.9955E-05 0.0434591 9.9955E-05 0.784059 9.9955E-05
0.0452753 9.9973E-05 0.140101 0.0275885 0.0325174 9.9973E-05 0.0103913 0.743826 9.9973E-05
0.0608121 0.0263631 9.9982E-05 9.9982E-05 0.021948 0.0319281 0.0131453 0.798976 0.0466279
9.9973E-05 0.0992183 9.9973E-05 0.124609 0.039088 0.0609144 9.9973E-05 0.674531 0.00134009
0.0219184 0.0118232 9.9991E-05 0.242364 0.00609339 0.0353127 0.0150505 0.63025 0.0370882
9.9973E-05 0.0391875 0.0880389 9.9973E-05 9.9973E-05 0.0313997 0.0533213 0.754627 0.0331259
0.0418958 9.9964E-05 9.9964E-05 0.141471 9.9964E-05 0.0241247 0.030067 0.762042 9.9964E-05
0.0430623 9.9973E-05 0.113291 0.0510188 0.0315061 9.9973E-05 0.0116787 0.749143 9.9973E-05
0.0154342 9.9973E-05 9.9973E-05 0.23739 0.0118923 9.9973E-05 0.0346074 0.662961 0.0374155
0.0474162 9.9964E-05 0.109528 0.118425 9.9964E-05 9.9964E-05 9.9964E-05 0.635386 0.0888451
0.0127826 0.028342 9.9982E-05 0.122357 0.0259471 0.0455751 9.9982E-05 0.68303 0.081766
0.0562392 0.0762033 9.9964E-05 0.188989 0.0113838 9.9964E-05 9.9964E-05 0.666784 9.9964E-05
0.0262557 0.0413381 9.9973E-05 0.189898 0.0315437 9.9973E-05 9.9973E-05 0.674967 0.0356973
9.9973E-05 0.0455318 9.9973E-05 0.121621 9.9973E-05 0.00657778 0.0345902 0.723719 0.06766
9.9973E-05 0.0998333 9.9973E-05 0.00086287 0.0146007 0.0441806 0.043843 0.79638 9.9973E-05
0.0259701 0.102336 0.0597645 0.052637 0.0613234 9.9991E-05 0.0269675 0.659338 0.011563
9.9982E-05 0.107204 0.0862312 0.0374032 0.00544259 9.9982E-05 0.0025416 0.671033 0.0899444
9.9973E-05 9.9973E-05 9.9973E-05 0.0784036 0.0140319 0.0312041 0.0413374 0.763821 0.0709023
0.0343264 9.9973E-05 0.0936221 9.9973E-05 0.00968126 0.0456857 9.9973E-05 0.796184 0.0202005
0.01122 0.602767 9.9973E-05 0.244473 9.9973E-05 0.0135801 9.9973E-05 0.081036 0.0466231
9.9973E-05 0.548215 9.9973E-05 0.238781 0.0372256 9.9973E-05 0.0295278 0.140186 0.00576379
0.0159961 0.510968 9.9973E-05 0.346885 0.0420386 9.9973E-05 9.9973E-05 0.0373013 0.0465117
0.0831507 0.460967 9.9968E-05 0.285324 0.011325 9.9968E-05 9.9968E-05 0.158834 9.9968E-05
0.104346 0.577518 9.9991E-05 0.143279 0.0130106 0.0107461 0.0245162 0.0927789 0.033705
9.9982E-05 0.707882 0.0157077 9.9982E-05 0.0382319 0.0258822 0.0300923 0.0825579 0.0994456
9.9955E-05 0.786451 9.9955E-05 0.116726 0.0303794 9.9955E-05 9.9955E-05 9.9955E-05 0.0659437
0.0773372 0.578269 0.0267403 0.0677233 0.00732608 9.9982E-05 9.9982E-05 0.0626868 0.179718
