0.127736 0.755733 0.116431 9.9991E-05
9.9982E-05 0.957 0.0428001 9.9982E-05
0.475829 0.523971 9.9982E-05 9.9982E-05
0.133739 0.674024 9.9991E-05 0.192137
0.599162 9.9982E-05 0.400638 9.9982E-05
0.0681752 9.9982E-05 9.9982E-05 0.931625
0.895007 9.9982E-05 9.9982E-05 0.104793
0.0354349 0.964365 9.99821E-05 9.99821E-05
9.9982E-05 9.9982E-05 0.333774 0.666026
0.763758 9.9982E-05 0.236042 9.9982E-05
0.9997 9.998E-05 9.998E-05 9.998E-05
9.999E-05 0.901922 0.00919586 0.0887822
0.530358 9.9991E-05 0.379894 0.0896483
0.815761 0.0879022 9.9991E-05 0.0962366
0.406057 9.9982E-05 0.593743 9.9982E-05
0.068749 9.9991E-05 0.81522 0.115931
9.9982E-05 0.949389 9.9982E-05 0.0504114
0.317882 9.9991E-05 0.386827 0.29519
9.9982E-05 0.0467857 9.9982E-05 0.953014
9.9991E-05 0.0197782 0.929782 0.0503398
9.9991E-05 0.023445 0.785599 0.190856
9.9991E-05 0.0185853 0.403155 0.57816
0.0908948 9.9991E-05 0.803326 0.10568
0.154808 0.550277 0.165723 0.129192
0.798074 0.101964 9.9991E-05 0.0998622
0.209569 9.9982E-05 0.790231 9.9982E-05
0.247673 0.752127 9.99821E-05 9.99821E-05
0.273113 9.9991E-05 0.0976551 0.629132
9.998E-05 0.9997 9.998E-05 9.998E-05
9.99821E-05 0.372497 9.99821E-05 0.627303
0.957568 0.0422319 9.9982E-05 9.9982E-05
0.9997 9.998E-05 9.998E-05 9.998E-05
0.935013 9.9982E-05 0.0647867 9.9982E-05
0.0735642 9.9982E-05 9.9982E-05 0.926236
9.99821E-05 0.928148 9.99821E-05 0.0716523
9.9982E-05 9.9982E-05 0.74249 0.257311
9.9982E-05 9.9982E-05 0.165389 0.834411
0.112281 9.9982E-05 9.9982E-05 0.887519
0.788701 0.0510848 0.0171295 0.143084
9.99821E-05 0.104877 9.99821E-05 0.894923
9.9982E-05 0.22479 9.9982E-05 0.77501
9.9982E-05 0.871722 9.9982E-05 0.128078
9.998E-05 9.998E-05 0.9997 9.998E-05
0.861321 0.138479 9.9982E-05 9.9982E-05
0.293461 9.9982E-05 0.706339 9.9982E-05
9.998E-05 0.9997 9.998E-05 9.998E-05
9.9982E-05 9.9982E-05 0.599137 0.400663
9.99821E-05 9.99821E-05 0.193647 0.806153
0.221402 0.0965056 0.681992 9.9991E-05
9.9982E-05 9.9982E-05 0.621303 0.378497
