0.0153066 9.9883E-05 9.9883E-05 9.9883E-05 9.9883E-05 9.9883E-05 9.9883E-05 0.00184191 0.0151123 9.9883E-05 9.9883E-05 9.9883E-05 0.884291 9.9883E-05 0.0821501 9.9883E-05 9.9883E-05 9.9883E-05
0.000460105 9.9937E-05 9.9937E-05 0.00507345 0.0055855 9.9937E-05 0.0468918 9.9937E-05 9.9937E-05 0.0228385 0.00726748 9.9937E-05 0.677307 0.0259302 0.143333 9.9937E-05 0.00719446 0.0574188
0.0206628 0.00475985 9.9937E-05 0.00239843 0.00133835 9.9937E-05 9.9937E-05 0.00842782 0.0117198 9.9937E-05 0.0626872 0.0784755 0.747747 9.9937E-05 9.9937E-05 9.9937E-05 0.0177015 0.0433818
9.9901E-05 9.9901E-05 9.9901E-05 9.9901E-05 9.9901E-05 9.9901E-05 0.0700367 9.9901E-05 0.0064526 9.9901E-05 0.0384049 0.00212184 0.745921 9.9901E-05 0.112867 9.9901E-05 0.023097 9.9901E-05
9.9919E-05 0.00141145 0.107512 9.9919E-05 0.00399327 9.9919E-05 0.0545932 9.9919E-05 9.9919E-05 0.00332518 0.085566 9.9919E-05 0.735355 9.9919E-05 9.9919E-05 0.00459135 0.00275328 9.9919E-05
9.991E-05 0.0275494 9.991E-05 0.0223332 0.00381732 0.0789978 9.991E-05 9.991E-05 9.991E-05 0.00338878 9.991E-05 9.991E-05 0.831458 9.991E-05 9.991E-05 0.00579928 9.991E-05 0.0256567
9.9901E-05 9.9901E-05 9.9901E-05 9.9901E-05 9.9901E-05 0.00207027 0.0670335 0.0289802 9.9901E-05 0.0149696 9.9901E-05 9.9901E-05 0.854448 0.0206938 9.9901E-05 9.9901E-05 9.9901E-05 0.0107063
9.98921E-05 9.98921E-05 9.98921E-05 9.98921E-05 9.98921E-05 0.0778262 9.98921E-05 0.0219656 9.98921E-05 0.00809018 9.98921E-05 9.98921E-05 0.765609 0.0858898 9.98921E-05 9.98921E-05 9.98921E-05 0.0394204
9.9892E-05 9.9892E-05 0.106693 9.9892E-05 9.9892E-05 9.9892E-05 0.115407 9.9892E-05 9.9892E-05 0.000738715 9.9892E-05 9.9892E-05 0.761252 9.9892E-05 9.9892E-05 0.00826329 0.00644842 9.9892E-05
9.9901E-05 9.9901E-05 9.9901E-05 9.9901E-05 9.9901E-05 0.0907213 9.9901E-05 0.0114822 9.9901E-05 0.00588046 9.9901E-05 0.0769792 0.75819 9.9901E-05 9.9901E-05 9.9901E-05 0.0032845 0.0523637
0.00638361 9.99242E-05 0.00939834 0.00756201 9.99242E-05 9.99242E-05 0.060389 9.99242E-05 0.00306705 0.0197576 9.99242E-05 9.99242E-05 0.672235 9.99242E-05 0.218672 9.99242E-05 0.00163635 9.99242E-05
0.0190487 9.9901E-05 9.9901E-05 0.00253396 9.9901E-05 9.9901E-05 0.0407903 9.9901E-05 9.9901E-05 9.9901E-05 9.9901E-05 9.9901E-05 0.690152 9.9901E-05 0.189177 0.0554067 0.00179232 9.9901E-05
0.0057371 9.99101E-05 0.0235297 9.99101E-05 9.99101E-05 9.99101E-05 9.99101E-05 0.00162499 9.99101E-05 0.0423553 0.106955 0.011829 0.743304 9.99101E-05 9.99101E-05 9.99101E-05 9.99101E-05 0.0636659
0.00569543 9.99369E-05 9.99369E-05 9.99369E-05 0.00356838 0.0830847 0.0341887 9.99369E-05 0.0231623 0.0097975 0.00543337 0.0512602 0.630329 9.99369E-05 9.99369E-05 9.99369E-05 0.00944687 0.143334
0.00385653 9.9928E-05 0.0505424 0.0053498 9.9928E-05 9.9928E-05 0.00397138 9.9928E-05 9.9928E-05 9.9928E-05 0.0305009 0.0198414 0.766821 0.0395444 0.0639075 0.0148653 9.9928E-05 9.9928E-05
9.98831E-05 9.98831E-05 0.00183393 0.0187407 9.98831E-05 9.98831E-05 0.112838 9.98831E-05 9.98831E-05 9.98831E-05 9.98831E-05 9.98831E-05 0.801316 0.0639727 9.98831E-05 9.98831E-05 9.98831E-05 9.98831E-05
9.98921E-05 0.0355435 0.0173967 0.0292245 9.98921E-05 9.98921E-05 9.98921E-05 0.0175403 9.98921E-05 9.98921E-05 9.98921E-05 9.98921E-05 0.892215 9.98921E-05 9.98921E-05 0.00688109 9.98921E-05 9.98921E-05
9.98651E-05 0.0401374 0.0751896 9.98651E-05 9.98651E-05 9.98651E-05 9.98651E-05 9.98651E-05 9.98651E-05 9.98651E-05 9.98651E-05 9.98651E-05 0.883175 9.98651E-05 9.98651E-05 9.98651E-05 9.98651E-05 9.98651E-05
0.0199379 0.0839737 9.98831E-05 9.98831E-05 9.98831E-05 9.98831E-05 9.98831E-05 0.0030999 9.98831E-05 0.00637727 9.98831E-05 9.98831E-05 0.885313 9.98831E-05 9.98831E-05 9.98831E-05 9.98831E-05 9.98831E-05
9.98831E-05 9.98831E-05 0.0752608 0.0236928 9.98831E-05 9.98831E-05 9.98831E-05 0.00686661 9.98831E-05 9.98831E-05 9.98831E-05 0.0394591 0.853422 9.98831E-05 9.98831E-05 9.98831E-05 9.98831E-05 9.98831E-05
9.9847E-05 9.9847E-05 9.9847E-05 9.9847E-05 9.9847E-05 9.9847E-05 9.9847E-05 9.9847E-05 0.998303 9.9847E-05 9.9847E-05 9.9847E-05 9.9847E-05 9.9847E-05 9.9847E-05 9.9847E-05 9.9847E-05 9.9847E-05
0.00424079 9.9874E-05 9.9874E-05 9.9874E-05 9.9874E-05 0.0154904 9.9874E-05 9.9874E-05 9.9874E-05 9.9874E-05 9.9874E-05 0.778272 9.9874E-05 9.9874E-05 0.200599 9.9874E-05 9.9874E-05 9.9874E-05
9.9937E-05 0.0782904 9.9937E-05 9.9937E-05 0.00884641 0.0184202 0.0168679 0.0182371 0.0135234 0.0050812 9.9937E-05 0.82065 0.00587911 0.00748689 0.00601797 9.9937E-05 9.9937E-05 9.9937E-05
9.9883E-05 0.0132878 9.9883E-05 0.0130169 0.0239936 9.9883E-05 9.9883E-05 9.9883E-05 9.9883E-05 9.9883E-05 9.9883E-05 0.924044 9.9883E-05 9.9883E-05 9.9883E-05 9.9883E-05 0.0243588 9.9883E-05
9.9883E-05 9.9883E-05 9.9883E-05 9.9883E-05 9.9883E-05 9.9883E-05 9.9883E-05 0.00580866 0.0155729 9.9883E-05 9.9883E-05 0.925442 9.9883E-05 9.9883E-05 9.9883E-05 0.00683977 9.9883E-05 0.0450384
0.00897457 9.9883E-05 9.9883E-05 0.00527993 9.9883E-05 9.9883E-05 9.9883E-05 9.9883E-05 9.9883E-05 9.9883E-05 0.00447328 0.974266 9.9883E-05 0.00570771 9.9883E-05 9.9883E-05 9.9883E-05 9.9883E-05
0.000797281 0.0183484 0.0733018 9.991E-05 0.00943675 9.991E-05 9.991E-05 9.991E-05 0.0123731 9.991E-05 0.0234523 0.844909 9.991E-05 0.0163821 9.991E-05 9.991E-05 9.991E-05 9.991E-05
9.9856E-05 9.9856E-05 9.9856E-05 9.9856E-05 9.9856E-05 9.9856E-05 9.9856E-05 9.9856E-05 0.992031 9.9856E-05 9.9856E-05 9.9856E-05 9.9856E-05 9.9856E-05 9.9856E-05 0.00637141 9.9856E-05 9.9856E-05
9.9901E-05 9.9901E-05 9.9901E-05 0.00944913 9.9901E-05 9.9901E-05 0.0549234 9.9901E-05 0.00826209 9.9901E-05 0.0237877 0.637972 9.9901E-05 9.9901E-05 9.9901E-05 0.142418 9.9901E-05 0.122089
9.9946E-05 0.0740627 0.0065688 9.9946E-05 0.0104702 0.0519217 9.9946E-05 9.9946E-05 9.9946E-05 0.0233756 0.0114089 0.603604 0.00715792 0.0341306 9.9946E-05 0.135401 0.01581 0.0254883
9.98467E-05 9.98467E-05 9.98467E-05 9.98467E-05 9.98467E-05 9.98467E-05 9.98467E-05 9.98467E-05 9.98467E-05 9.98467E-05 9.98467E-05 9.98467E-05 9.98467E-05 9.98467E-05 9.98467E-05 0.998303 9.98467E-05 9.98467E-05
9.9901E-05 0.0465227 9.9901E-05 0.0268169 0.0457805 9.9901E-05 9.9901E-05 9.9901E-05 0.0226674 9.9901E-05 0.0112439 0.8292 9.9901E-05 9.9901E-05 9.9901E-05 9.9901E-05 0.0166692 9.9901E-05
9.9937E-05 0.0169629 9.9937E-05 0.0161161 9.9937E-05 0.0338543 0.037091 9.9937E-05 0.041336 0.0262678 0.0176258 0.66099 0.0215537 0.0708751 9.9937E-05 0.0566282 9.9937E-05 9.9937E-05
9.98468E-05 9.98468E-05 9.98468E-05 9.98468E-05 9.98468E-05 9.98468E-05 9.98468E-05 9.98468E-05 9.98468E-05 9.98468E-05 9.98468E-05 9.98468E-05 9.98468E-05 9.98468E-05 9.98468E-05 0.998303 9.98468E-05 9.98468E-05
9.99099E-05 9.99099E-05 0.15533 9.99099E-05 9.99099E-05 9.99099E-05 9.99099E-05 0.033889 9.99099E-05 0.0147063 0.0255181 0.488156 0.0131465 9.99099E-05 0.0788027 0.189453 9.99099E-05 9.99099E-05
0.0471104 9.99099E-05 9.99099E-05 9.99099E-05 9.99099E-05 0.00415792 0.145709 9.99099E-05 9.99099E-05 9.99099E-05 9.99099E-05 0.376038 0.000794633 9.99099E-05 0.312048 0.0762827 0.0368609 9.99099E-05
0.0204585 0.022291 0.169576 9.9928E-05 0.00259336 9.9928E-05 0.0202253 0.000169463 0.00121871 9.9928E-05 9.9928E-05 0.683578 9.9928E-05 0.0228057 9.9928E-05 0.0562843 9.9928E-05 9.9928E-05
0.00508555 0.170126 0.12475 9.9901E-05 0.625944 0.0587036 9.9901E-05 9.9901E-05 0.008445 9.9901E-05 9.9901E-05 9.9901E-05 9.9901E-05 9.9901E-05 9.9901E-05 9.9901E-05 0.0058467 9.9901E-05
9.99009E-05 0.0046878 9.99009E-05 9.99009E-05 0.570718 0.0153461 9.99009E-05 9.99009E-05 9.99009E-05 0.000747892 0.0639854 9.99009E-05 9.99009E-05 9.99009E-05 0.1174 9.99009E-05 9.99009E-05 0.226016
0.0111745 9.9883E-05 9.9883E-05 9.9883E-05 0.590632 9.9883E-05 0.0447654 9.9883E-05 9.9883E-05 9.9883E-05 9.9883E-05 9.9883E-05 9.9883E-05 0.324726 9.9883E-05 0.027403 9.9883E-05 9.9883E-05
0.00152868 9.9901E-05 0.243818 0.00326136 0.677615 0.058702 9.9901E-05 9.9901E-05 9.9901E-05 0.0019881 9.9901E-05 0.0119884 9.9901E-05 9.9901E-05 9.9901E-05 9.9901E-05 9.9901E-05 9.9901E-05
0.0487559 0.0296666 0.0883262 9.9919E-05 0.680416 9.9919E-05 0.02976 0.0126481 0.0487721 0.0480298 9.9919E-05 9.9919E-05 0.0127256 9.9919E-05 9.9919E-05 9.9919E-05 9.9919E-05 9.9919E-05
0.0163613 9.9937E-05 9.9937E-05 0.000547392 0.680727 0.00712112 9.9937E-05 0.00383903 0.00529187 0.0132775 0.0305818 9.9937E-05 0.00680867 0.217701 9.9937E-05 9.9937E-05 0.0170438 9.9937E-05
0.00927965 0.0609942 9.9928E-05 9.9928E-05 0.604918 9.9928E-05 0.0873676 0.000334135 0.00530474 0.0415414 9.9928E-05 9.9928E-05 0.0208777 9.9928E-05 9.9928E-05 9.9928E-05 0.00268943 0.165894
0.0138389 0.0140149 9.99099E-05 9.99099E-05 0.566884 9.99099E-05 0.0333646 9.99099E-05 9.99099E-05 0.0140507 9.99099E-05 9.99099E-05 9.99099E-05 0.273411 9.99099E-05 0.0454365 0.0380005 9.99099E-05
9.9919E-05 0.0651157 9.9919E-05 9.9919E-05 0.650113 9.9919E-05 0.060209 9.9919E-05 9.9919E-05 9.9919E-05 0.0587941 0.00985248 0.00479391 0.0970855 9.9919E-05 0.0147913 0.0383462 9.9919E-05
9.98921E-05 9.98921E-05 0.166154 0.0411635 0.720271 9.98921E-05 0.0105321 0.0264046 9.98921E-05 9.98921E-05 9.98921E-05 9.98921E-05 9.98921E-05 9.98921E-05 9.98921E-05 9.98921E-05 9.98921E-05 0.0342755
0.0181432 9.991E-05 9.991E-05 0.0102823 0.715986 0.0619205 9.991E-05 9.991E-05 9.991E-05 0.0154254 9.991E-05 9.991E-05 9.991E-05 0.0975692 9.991E-05 9.991E-05 0.0252314 0.0544426
0.0240611 0.0281264 0.0311822 0.028989 0.81339 9.9919E-05 9.9919E-05 0.00573534 0.0344947 0.0191526 9.9919E-05 9.9919E-05 0.0139689 9.9919E-05 9.9919E-05 9.9919E-05 9.9919E-05 9.9919E-05
0.0166384 0.0460852 0.107518 9.9919E-05 0.643206 0.0489276 9.9919E-05 9.9919E-05 0.000833935 0.0158452 9.9919E-05 9.9919E-05 9.9919E-05 9.9919E-05 0.116508 0.00353728 9.9919E-05 9.9919E-05
9.9892E-05 9.9892E-05 9.9892E-05 0.0165021 0.720983 9.9892E-05 9.9892E-05 9.9892E-05 0.0130914 0.0093242 0.0721253 9.9892E-05 9.9892E-05 9.9892E-05 0.166775 9.9892E-05 9.9892E-05 9.9892E-05
0.0355004 9.991E-05 9.991E-05 0.00737463 0.71277 9.991E-05 0.0638993 9.991E-05 9.991E-05 0.0197096 9.991E-05 0.019862 9.991E-05 0.138164 0.00172119 9.991E-05 9.991E-05 9.991E-05
9.99279E-05 0.0460168 9.99279E-05 9.99279E-05 0.713977 0.00533489 9.99279E-05 0.0564111 0.00334913 0.0585526 0.0107442 9.99279E-05 9.99279E-05 0.0641869 9.99279E-05 0.0232239 9.99279E-05 0.0174035
0.0177135 0.0148937 0.110657 0.0195098 0.679168 9.9928E-05 9.9928E-05 0.00468496 9.9928E-05 9.9928E-05 9.9928E-05 0.0334517 0.0549188 9.9928E-05 9.9928E-05 0.0153095 9.9928E-05 0.0488943
9.99189E-05 0.0358178 0.127521 0.0180654 0.59095 9.99189E-05 0.10322 0.0218403 9.99189E-05 0.0191555 9.99189E-05 9.99189E-05 0.0210962 0.0614345 9.99189E-05 9.99189E-05 9.99189E-05 9.99189E-05
0.00735813 0.00411066 9.9946E-05 0.00484193 0.578733 9.9946E-05 0.0402216 9.9946E-05 9.9946E-05 0.00464224 0.0153004 9.9946E-05 0.00369055 0.0578823 0.124581 0.0615128 9.9946E-05 0.0965256
9.9919E-05 9.9919E-05 0.105969 9.9919E-05 0.608846 9.9919E-05 0.0804154 0.0355245 0.0115358 9.9919E-05 9.9919E-05 0.0282349 0.06028 0.0361026 9.9919E-05 9.9919E-05 9.9919E-05 0.032192
0.00547121 0.107327 9.99279E-05 0.00149662 0.0916724 9.99279E-05 9.99279E-05 9.99279E-05 9.99279E-05 0.00940159 9.99279E-05 0.0482424 9.99279E-05 0.0785517 0.558067 9.99279E-05 0.0104516 0.0885195
0.998303 9.98469E-05 9.98469E-05 9.98469E-05 9.98469E-05 9.98469E-05 9.98469E-05 9.98469E-05 9.98469E-05 9.98469E-05 9.98469E-05 9.98469E-05 9.98469E-05 9.98469E-05 9.98469E-05 9.98469E-05 9.98469E-05 9.98469E-05
0.00234723 0.0769301 0.015225 9.9946E-05 0.0141532 9.9946E-05 9.9946E-05 0.0390798 9.9946E-05 0.0402307 0.0208921 0.0255529 9.9946E-05 0.139038 0.574871 0.0254869 0.0255938 9.9946E-05
9.9928E-05 0.0269322 0.0882923 9.9928E-05 0.031017 9.9928E-05 9.9928E-05 0.0232983 9.9928E-05 0.0388385 0.123103 9.9928E-05 9.9928E-05 0.103763 0.515253 9.9928E-05 0.0485905 0.000113132
0.0588748 0.0165651 0.373884 0.0186062 9.9928E-05 9.9928E-05 9.9928E-05 9.9928E-05 9.9928E-05 0.00365624 0.103462 9.9928E-05 9.9928E-05 9.9928E-05 0.0465451 0.016404 0.00747059 0.353732
9.99099E-05 9.99099E-05 0.807562 0.0213409 9.99099E-05 0.00901211 9.99099E-05 9.99099E-05 0.0112424 9.99099E-05 9.99099E-05 9.99099E-05 9.99099E-05 0.0890526 0.0288813 0.0171213 0.0147885 9.99099E-05
9.9847E-05 9.9847E-05 9.9847E-05 9.9847E-05 9.9847E-05 9.9847E-05 9.9847E-05 9.9847E-05 9.9847E-05 0.998303 9.9847E-05 9.9847E-05 9.9847E-05 9.9847E-05 9.9847E-05 9.9847E-05 9.9847E-05 9.9847E-05
0.998303 9.98469E-05 9.98469E-05 9.98469E-05 9.98469E-05 9.98469E-05 9.98469E-05 9.98469E-05 9.98469E-05 9.98469E-05 9.98469E-05 9.98469E-05 9.98469E-05 9.98469E-05 9.98469E-05 9.98469E-05 9.98469E-05 9.98469E-05
0.0255222 9.99369E-05 0.0258109 0.0226487 9.99369E-05 0.00141449 9.99369E-05 0.00318166 9.99369E-05 0.0182561 0.022949 9.99369E-05 0.0580115 0.190846 0.476574 9.99369E-05 9.99369E-05 0.154087
9.9937E-05 0.114035 0.250861 0.0337722 9.9937E-05 0.0441318 9.9937E-05 0.0183029 0.0236549 0.0167476 9.9937E-05 0.118146 0.0243035 0.281423 9.9937E-05 9.9937E-05 9.9937E-05 0.0739227
0.0258963 0.0900733 0.154001 0.0178637 9.99369E-05 0.0632095 9.99369E-05 0.0345241 9.99369E-05 0.0290307 0.0954362 9.99369E-05 9.99369E-05 0.396207 9.99369E-05 9.99369E-05 0.0217596 0.0712995
0.0193255 0.0504752 0.230022 0.0212319 9.99369E-05 9.99369E-05 9.99369E-05 0.0250062 0.0214769 9.99369E-05 9.99369E-05 0.0482515 9.99369E-05 0.423863 0.070194 9.99369E-05 0.0249516 0.0645031
0.103467 0.0285456 0.276058 0.041076 9.99549E-05 9.99549E-05 9.99549E-05 0.0191848 0.00862728 0.0296546 9.99549E-05 0.0476835 9.99549E-05 0.0974166 0.264932 0.023146 0.00128911 0.0584199
0.0384345 0.0563617 0.244964 0.0221522 9.99279E-05 9.99279E-05 9.99279E-05 0.00542737 9.99279E-05 0.0052183 9.99279E-05 9.99279E-05 0.0287515 0.565977 0.0224167 9.99279E-05 0.00949739 9.99279E-05
9.9883E-05 9.9883E-05 0.905714 0.00357218 9.9883E-05 9.9883E-05 9.9883E-05 9.9883E-05 9.9883E-05 0.0229926 0.00247976 9.9883E-05 9.9883E-05 0.0639432 9.9883E-05 9.9883E-05 9.9883E-05 9.9883E-05
0.0557906 0.0468704 0.0981877 9.9928E-05 9.9928E-05 9.9928E-05 9.9928E-05 9.9928E-05 0.00325471 0.00513556 9.9928E-05 0.030445 9.9928E-05 0.0554099 9.9928E-05 0.00211236 0.0361523 0.665842
0.0443552 9.991E-05 0.10836 0.0158581 9.991E-05 9.991E-05 9.991E-05 9.991E-05 9.991E-05 9.991E-05 0.36217 9.991E-05 9.991E-05 9.991E-05 0.194537 0.0462591 0.0551234 0.172338
0.0259947 0.103551 0.0112512 0.0348828 0.144437 9.9946E-05 9.9946E-05 9.9946E-05 0.0438312 0.00391048 0.119006 0.032863 9.9946E-05 0.432824 0.0427687 9.9946E-05 9.9946E-05 0.00408041
9.9919E-05 0.0713561 0.599706 0.0168147 0.0832288 0.0976761 9.9919E-05 0.00388096 9.9919E-05 9.9919E-05 9.9919E-05 9.9919E-05 0.0467118 9.9919E-05 9.9919E-05 0.00668941 9.9919E-05 0.0730368
0.0462589 0.00513246 9.9919E-05 0.0241138 0.33488 9.9919E-05 9.9919E-05 0.0199427 9.9919E-05 9.9919E-05 9.9919E-05 9.9919E-05 0.0553336 0.227169 0.0872632 9.9919E-05 9.9919E-05 0.199007
9.9847E-05 9.9847E-05 9.9847E-05 9.9847E-05 9.9847E-05 9.9847E-05 9.9847E-05 9.9847E-05 9.9847E-05 0.998303 9.9847E-05 9.9847E-05 9.9847E-05 9.9847E-05 9.9847E-05 9.9847E-05 9.9847E-05 9.9847E-05
0.0719257 9.9955E-05 0.280416 0.0718507 0.0927787 9.9955E-05 0.0143539 0.0663304 0.0310104 0.0236793 0.0456804 0.0516443 0.0262234 0.00348653 0.22012 9.9955E-05 9.9955E-05 9.9955E-05
0.0404565 0.0591449 0.506757 0.037441 0.0157753 9.9937E-05 9.9937E-05 0.0126059 9.9937E-05 0.0672575 9.9937E-05 9.9937E-05 9.9937E-05 9.9937E-05 0.0647005 0.0520846 0.0170398 0.126037
9.98469E-05 0.998303 9.98469E-05 9.98469E-05 9.98469E-05 9.98469E-05 9.98469E-05 9.98469E-05 9.98469E-05 9.98469E-05 9.98469E-05 9.98469E-05 9.98469E-05 9.98469E-05 9.98469E-05 9.98469E-05 9.98469E-05 9.98469E-05
0.0313463 0.0582127 9.9946E-05 0.00194438 9.9946E-05 0.0191818 0.00208795 0.0530449 0.00595016 0.000784123 9.9946E-05 0.00448577 9.9946E-05 0.208322 0.155561 9.9946E-05 9.9946E-05 0.458479
0.00132597 0.0345389 0.392459 0.00113339 9.9928E-05 9.9928E-05 9.9928E-05 0.0180578 9.9928E-05 0.017137 9.9928E-05 9.9928E-05 0.0848065 0.184672 9.9928E-05 9.9928E-05 0.0249128 0.240157
0.0106459 9.9946E-05 0.0287225 0.0170355 0.225475 0.186227 0.0113269 0.0469361 0.0061027 9.9946E-05 9.9946E-05 0.0625779 9.9946E-05 0.051272 0.138416 9.9946E-05 9.9946E-05 0.214662
0.00580415 9.991E-05 9.991E-05 0.0256569 0.164483 0.393037 0.15481 9.991E-05 9.991E-05 0.023461 9.991E-05 9.991E-05 9.991E-05 9.991E-05 9.991E-05 9.991E-05 0.0510065 0.180742
0.0759859 0.0682422 0.124792 9.9937E-05 0.0392317 0.112101 0.0824776 9.9937E-05 9.9937E-05 9.9937E-05 0.0694692 9.9937E-05 0.00326269 9.9937E-05 0.0293848 0.079614 9.9937E-05 0.314739
9.98649E-05 0.97237 9.98649E-05 9.98649E-05 9.98649E-05 9.98649E-05 9.98649E-05 9.98649E-05 9.98649E-05 0.0202735 9.98649E-05 9.98649E-05 9.98649E-05 0.0058586 9.98649E-05 9.98649E-05 9.98649E-05 9.98649E-05
9.9847E-05 0.998303 9.9847E-05 9.9847E-05 9.9847E-05 9.9847E-05 9.9847E-05 9.9847E-05 9.9847E-05 9.9847E-05 9.9847E-05 9.9847E-05 9.9847E-05 9.9847E-05 9.9847E-05 9.9847E-05 9.9847E-05 9.9847E-05
0.0231662 0.0321058 0.71998 9.9928E-05 9.9928E-05 9.9928E-05 0.0580675 0.0206142 0.00016864 9.9928E-05 9.9928E-05 0.0196239 9.9928E-05 0.0155105 0.00623933 9.9928E-05 9.9928E-05 0.103724
9.9847E-05 9.9847E-05 9.9847E-05 9.9847E-05 9.9847E-05 9.9847E-05 9.9847E-05 9.9847E-05 9.9847E-05 9.9847E-05 9.9847E-05 9.9847E-05 9.9847E-05 9.9847E-05 9.9847E-05 9.9847E-05 0.998303 9.9847E-05
9.9874E-05 9.9874E-05 9.9874E-05 9.9874E-05 0.0212487 9.9874E-05 9.9874E-05 9.9874E-05 9.9874E-05 0.0472472 9.9874E-05 9.9874E-05 9.9874E-05 9.9874E-05 9.9874E-05 0.0240461 9.9874E-05 0.90606
9.98467E-05 9.98467E-05 9.98467E-05 9.98467E-05 9.98467E-05 9.98467E-05 9.98467E-05 9.98467E-05 9.98467E-05 9.98467E-05 9.98467E-05 9.98467E-05 9.98467E-05 0.998303 9.98467E-05 9.98467E-05 9.98467E-05 9.98467E-05
9.98741E-05 9.98741E-05 9.98741E-05 9.98741E-05 9.98741E-05 9.98741E-05 0.00457506 0.0017704 0.00609386 9.98741E-05 9.98741E-05 9.98741E-05 9.98741E-05 9.98741E-05 0.986162 9.98741E-05 9.98741E-05 9.98741E-05
9.9892E-05 9.9892E-05 9.9892E-05 0.0093312 9.9892E-05 9.9892E-05 9.9892E-05 9.9892E-05 9.9892E-05 0.011087 0.00276829 0.0600425 9.9892E-05 9.9892E-05 0.902177 9.9892E-05 0.0133956 9.9892E-05
9.9856E-05 9.9856E-05 9.9856E-05 9.9856E-05 9.9856E-05 9.9856E-05 9.9856E-05 9.9856E-05 9.9856E-05 9.9856E-05 9.9856E-05 9.9856E-05 9.9856E-05 9.9856E-05 0.00420771 9.9856E-05 9.9856E-05 0.994195
0.0707275 0.0582786 0.0476172 9.99279E-05 9.99279E-05 0.0291495 9.99279E-05 9.99279E-05 9.99279E-05 0.0167105 0.0682741 0.0475517 0.0142008 9.99279E-05 0.628754 9.99279E-05 0.0179371 9.99279E-05
0.0260869 9.9946E-05 0.0881667 0.060436 0.0151693 0.0132684 0.0424159 0.024059 9.9946E-05 9.9946E-05 0.176012 9.9946E-05 9.9946E-05 0.00575827 0.264624 9.9946E-05 0.0379839 0.245419
0.0379083 0.048271 9.99189E-05 0.0380986 0.0532018 9.99189E-05 9.99189E-05 9.99189E-05 9.99189E-05 9.99189E-05 0.0125047 9.99189E-05 0.0319017 0.153932 9.99189E-05 9.99189E-05 0.0143114 0.608971
0.00378107 0.150346 0.107994 0.0511495 9.9901E-05 9.9901E-05 9.9901E-05 9.9901E-05 9.9901E-05 0.00829105 0.175547 9.9901E-05 9.9901E-05 9.9901E-05 9.9901E-05 9.9901E-05 9.9901E-05 0.501792
0.0552756 0.00489253 0.153103 0.0699109 9.99279E-05 9.99279E-05 9.99279E-05 0.0079333 9.99279E-05 0.00682607 0.0354471 9.99279E-05 9.99279E-05 0.197054 0.414401 9.99279E-05 0.054357 9.99279E-05
9.9901E-05 0.0147165 9.9901E-05 9.9901E-05 9.9901E-05 9.9901E-05 9.9901E-05 0.0128503 0.0115674 9.9901E-05 0.110193 9.9901E-05 9.9901E-05 0.174772 0.603658 9.9901E-05 9.9901E-05 0.0711443
0.0655207 0.100006 0.0377519 0.0225418 9.9964E-05 0.0350387 0.0226018 0.0977711 0.0053896 0.0401135 0.0347569 9.9964E-05 9.9964E-05 0.186804 0.13344 9.9964E-05 0.0341756 0.183689
9.98469E-05 9.98469E-05 0.998303 9.98469E-05 9.98469E-05 9.98469E-05 9.98469E-05 9.98469E-05 9.98469E-05 9.98469E-05 9.98469E-05 9.98469E-05 9.98469E-05 9.98469E-05 9.98469E-05 9.98469E-05 9.98469E-05 9.98469E-05
9.98469E-05 9.98469E-05 9.98469E-05 9.98469E-05 9.98469E-05 9.98469E-05 9.98469E-05 0.998303 9.98469E-05 9.98469E-05 9.98469E-05 9.98469E-05 9.98469E-05 9.98469E-05 9.98469E-05 9.98469E-05 9.98469E-05 9.98469E-05
0.0344224 0.0292721 0.0506566 0.0408919 0.00616551 0.0527312 9.9955E-05 0.0159067 0.0180869 9.9955E-05 0.0904084 9.9955E-05 9.9955E-05 9.9955E-05 0.234512 0.0249653 0.0163816 0.3851
9.98559E-05 9.98559E-05 9.98559E-05 9.98559E-05 9.98559E-05 9.98559E-05 9.98559E-05 9.98559E-05 9.98559E-05 0.0075832 9.98559E-05 9.98559E-05 9.98559E-05 9.98559E-05 9.98559E-05 9.98559E-05 9.98559E-05 0.990819
9.9928E-05 0.0221971 0.438752 9.9928E-05 9.9928E-05 9.9928E-05 0.00218308 0.0228026 0.0151606 0.0217371 9.9928E-05 9.9928E-05 0.00641041 0.0911762 0.350692 9.9928E-05 0.0280895 9.9928E-05
9.98469E-05 9.98469E-05 0.998303 9.98469E-05 9.98469E-05 9.98469E-05 9.98469E-05 9.98469E-05 9.98469E-05 9.98469E-05 9.98469E-05 9.98469E-05 9.98469E-05 9.98469E-05 9.98469E-05 9.98469E-05 9.98469E-05 9.98469E-05
9.99099E-05 0.00717244 0.0855158 0.0502955 9.99099E-05 9.99099E-05 9.99099E-05 9.99099E-05 9.99099E-05 0.013296 0.18979 9.99099E-05 9.99099E-05 0.0217103 0.355364 9.99099E-05 9.99099E-05 0.275857
9.99099E-05 0.0892753 0.0846287 0.0288583 9.99099E-05 9.99099E-05 9.99099E-05 9.99099E-05 9.99099E-05 9.99099E-05 0.100399 9.99099E-05 9.99099E-05 0.014446 0.318683 0.0603526 9.99099E-05 0.302359
9.98469E-05 9.98469E-05 9.98469E-05 0.998303 9.98469E-05 9.98469E-05 9.98469E-05 9.98469E-05 9.98469E-05 9.98469E-05 9.98469E-05 9.98469E-05 9.98469E-05 9.98469E-05 9.98469E-05 9.98469E-05 9.98469E-05 9.98469E-05
9.98469E-05 9.98469E-05 9.98469E-05 9.98469E-05 9.98469E-05 9.98469E-05 9.98469E-05 0.998303 9.98469E-05 9.98469E-05 9.98469E-05 9.98469E-05 9.98469E-05 9.98469E-05 9.98469E-05 9.98469E-05 9.98469E-05 9.98469E-05
9.98469E-05 9.98469E-05 9.98469E-05 0.998303 9.98469E-05 9.98469E-05 9.98469E-05 9.98469E-05 9.98469E-05 9.98469E-05 9.98469E-05 9.98469E-05 9.98469E-05 9.98469E-05 9.98469E-05 9.98469E-05 9.98469E-05 9.98469E-05
0.0247378 9.9901E-05 9.9901E-05 9.9901E-05 9.9901E-05 9.9901E-05 9.9901E-05 0.000578623 9.9901E-05 0.023696 9.9901E-05 9.9901E-05 9.9901E-05 0.0635612 0.857056 9.9901E-05 0.0111768 0.0180946
0.0440827 9.9937E-05 0.185422 0.0486305 9.9937E-05 9.9937E-05 0.02883 0.00888399 0.0123561 0.0183644 9.9937E-05 9.9937E-05 9.9937E-05 9.9937E-05 0.215636 0.115929 0.0549861 0.26618
0.0166845 9.9901E-05 9.9901E-05 0.00327622 9.9901E-05 0.0834298 9.9901E-05 0.0257848 0.0114941 9.9901E-05 9.9901E-05 9.9901E-05 9.9901E-05 9.9901E-05 0.0100476 9.9901E-05 9.9901E-05 0.848184
0.00704929 9.9919E-05 0.252146 0.0475604 9.9919E-05 9.9919E-05 9.9919E-05 0.0273466 0.0115978 9.9919E-05 9.9919E-05 9.9919E-05 9.9919E-05 0.296006 0.327537 0.0294362 9.9919E-05 0.000421121
9.98466E-05 9.98466E-05 9.98466E-05 9.98466E-05 9.98466E-05 9.98466E-05 9.98466E-05 9.98466E-05 9.98466E-05 9.98466E-05 9.98466E-05 9.98466E-05 9.98466E-05 0.998303 9.98466E-05 9.98466E-05 9.98466E-05 9.98466E-05
9.98469E-05 9.98469E-05 9.98469E-05 9.98469E-05 9.98469E-05 9.98469E-05 9.98469E-05 9.98469E-05 9.98469E-05 9.98469E-05 9.98469E-05 9.98469E-05 9.98469E-05 9.98469E-05 9.98469E-05 9.98469E-05 0.998303 9.98469E-05
0.00279407 0.0079956 0.0732045 0.0330273 0.0313381 0.0539197 9.9955E-05 0.0516164 9.9955E-05 9.9955E-05 9.9955E-05 9.9955E-05 0.0347755 0.0247658 0.397606 0.0600634 0.0132645 0.21513
0.0279956 9.9892E-05 9.9892E-05 9.9892E-05 9.9892E-05 9.9892E-05 0.023923 9.9892E-05 0.0133448 9.9892E-05 0.717853 9.9892E-05 9.9892E-05 9.9892E-05 0.0241579 9.9892E-05 9.9892E-05 0.191527
9.9883E-05 0.0225668 9.9883E-05 0.00496101 9.9883E-05 9.9883E-05 9.9883E-05 9.9883E-05 9.9883E-05 0.0119249 0.840405 9.9883E-05 9.9883E-05 9.9883E-05 0.118844 9.9883E-05 9.9883E-05 9.9883E-05
9.991E-05 0.0169684 9.991E-05 0.0103683 9.991E-05 9.991E-05 9.991E-05 0.0190128 0.0185918 0.00194514 0.754235 9.991E-05 9.991E-05 9.991E-05 9.991E-05 0.0758695 9.991E-05 0.10201
9.9883E-05 9.9883E-05 9.9883E-05 9.9883E-05 9.9883E-05 9.9883E-05 9.9883E-05 9.9883E-05 0.00997065 0.00962641 0.810833 9.9883E-05 9.9883E-05 9.9883E-05 0.14532 9.9883E-05 0.0229517 9.9883E-05
9.991E-05 9.991E-05 0.0425424 0.0349456 9.991E-05 9.991E-05 0.0843515 0.0172204 9.991E-05 0.0140213 0.664668 9.991E-05 9.991E-05 9.991E-05 9.991E-05 0.0548076 9.991E-05 0.0864439
0.0261043 9.9901E-05 9.9901E-05 9.9901E-05 9.9901E-05 9.9901E-05 0.042203 9.9901E-05 0.00453418 9.9901E-05 0.858781 0.0198166 9.9901E-05 9.9901E-05 9.9901E-05 0.0266563 0.0208053 9.9901E-05
9.9856E-05 9.9856E-05 9.9856E-05 9.9856E-05 9.9856E-05 0.0530371 9.9856E-05 9.9856E-05 9.9856E-05 9.9856E-05 0.945365 9.9856E-05 9.9856E-05 9.9856E-05 9.9856E-05 9.9856E-05 9.9856E-05 9.9856E-05
9.9901E-05 0.0240466 9.9901E-05 9.9901E-05 9.9901E-05 9.9901E-05 9.9901E-05 0.0130491 9.9901E-05 9.9901E-05 0.882991 0.0316181 0.0294519 9.9901E-05 0.0143156 0.00342886 9.9901E-05 9.9901E-05
9.9901E-05 9.9901E-05 9.9901E-05 0.00905915 0.0769906 0.00134746 9.9901E-05 9.9901E-05 9.9901E-05 9.9901E-05 0.772589 9.9901E-05 9.9901E-05 0.00318254 9.9901E-05 0.0922709 9.9901E-05 0.0434612
9.9901E-05 0.0303916 9.9901E-05 9.9901E-05 0.0387172 9.9901E-05 9.9901E-05 0.0278924 0.0562503 9.9901E-05 0.6519 9.9901E-05 9.9901E-05 9.9901E-05 9.9901E-05 9.9901E-05 0.00195952 0.19179
0.0143486 9.99099E-05 0.0176808 0.0059428 9.99099E-05 9.99099E-05 9.99099E-05 9.99099E-05 9.99099E-05 9.99099E-05 0.692022 0.089111 9.99099E-05 0.122157 9.99099E-05 0.0252664 0.0324719 9.99099E-05
9.991E-05 9.991E-05 0.0337697 0.0308303 9.991E-05 9.991E-05 0.736239 9.991E-05 9.991E-05 0.0017425 0.044847 0.121436 9.991E-05 0.0113284 9.991E-05 9.991E-05 0.0188084 9.991E-05
0.0141617 0.0378858 0.0172276 9.9946E-05 0.00579662 0.206108 0.534494 0.0155088 0.0131829 0.0103711 0.110653 0.0319061 0.00210417 9.9946E-05 9.9946E-05 9.9946E-05 9.9946E-05 9.9946E-05
9.9919E-05 0.0714327 0.0853883 0.0190294 0.00315932 0.0380187 0.702131 0.004939 0.0273374 9.9919E-05 9.9919E-05 0.0476646 9.9919E-05 9.9919E-05 9.9919E-05 9.9919E-05 9.9919E-05 9.9919E-05
9.99011E-05 0.0621679 9.99011E-05 0.018853 0.0983905 0.315277 0.466337 9.99011E-05 9.99011E-05 9.99011E-05 9.99011E-05 0.0291805 0.00869517 9.99011E-05 9.99011E-05 9.99011E-05 9.99011E-05 9.99011E-05
9.9892E-05 9.9892E-05 9.9892E-05 9.9892E-05 0.0201528 9.9892E-05 0.697726 9.9892E-05 0.043895 0.0460064 9.9892E-05 9.9892E-05 9.9892E-05 9.9892E-05 9.9892E-05 0.00418317 9.9892E-05 0.186838
9.9901E-05 9.9901E-05 9.9901E-05 9.9901E-05 9.9901E-05 0.11878 0.592904 9.9901E-05 0.0193037 0.00116891 0.00871033 9.9901E-05 9.9901E-05 9.9901E-05 9.9901E-05 0.0489741 9.9901E-05 0.20906
9.9892E-05 9.9892E-05 9.9892E-05 9.9892E-05 0.0539607 9.9892E-05 0.733224 0.0422067 9.9892E-05 9.9892E-05 9.9892E-05 9.9892E-05 9.9892E-05 0.045471 9.9892E-05 0.116303 0.0076355 9.9892E-05
9.991E-05 0.0381831 0.082296 9.991E-05 9.991E-05 0.107373 0.702743 0.00583349 0.0320001 9.991E-05 9.991E-05 9.991E-05 9.991E-05 0.0240979 9.991E-05 0.00647449 9.991E-05 9.991E-05
9.99459E-05 0.0500952 9.99459E-05 0.052173 0.0187938 9.99459E-05 0.60483 0.0140986 0.00522053 0.00565893 9.99459E-05 0.000643008 0.0224077 9.99459E-05 0.176421 9.99459E-05 0.0115089 0.0375492
9.99011E-05 0.0182256 0.0786043 9.99011E-05 0.116421 9.99011E-05 0.708729 0.0228728 9.99011E-05 9.99011E-05 0.029449 9.99011E-05 9.99011E-05 9.99011E-05 9.99011E-05 0.0245993 9.99011E-05 9.99011E-05
0.0251374 9.9937E-05 9.9937E-05 0.00513161 0.0331364 9.9937E-05 0.784989 0.00808993 0.0265106 0.0286988 0.0113414 9.9937E-05 0.0176337 0.0449936 9.9937E-05 0.0136381 9.9937E-05 9.9937E-05
0.0339167 9.991E-05 9.991E-05 9.991E-05 0.111956 0.391233 0.364855 9.991E-05 9.991E-05 9.991E-05 9.991E-05 9.991E-05 0.0268097 9.991E-05 9.991E-05 0.0200942 0.00802246 0.0421139
9.9919E-05 9.9919E-05 0.114417 0.0143482 0.0445648 0.106598 0.487035 9.9919E-05 0.0293003 9.9919E-05 0.0586601 9.9919E-05 0.0061143 9.9919E-05 0.138063 9.9919E-05 9.9919E-05 9.9919E-05
0.0233287 9.9919E-05 0.0859001 0.00955073 0.0612064 0.238528 0.386025 9.9919E-05 9.9919E-05 9.9919E-05 0.0445939 9.9919E-05 9.9919E-05 9.9919E-05 9.9919E-05 9.9919E-05 0.0273909 0.122577
0.0407763 9.9883E-05 9.9883E-05 0.00528557 9.9883E-05 0.757622 9.9883E-05 9.9883E-05 9.9883E-05 9.9883E-05 9.9883E-05 0.0966547 9.9883E-05 9.9883E-05 0.0983631 9.9883E-05 9.9883E-05 9.9883E-05
0.00624944 9.9901E-05 9.9901E-05 9.9901E-05 9.9901E-05 0.862975 9.9901E-05 9.9901E-05 9.9901E-05 0.0101539 9.9901E-05 9.9901E-05 0.00130765 9.9901E-05 0.0815082 0.00979671 0.0269107 9.9901E-05
0.0148944 0.000429273 9.9892E-05 0.0096934 0.0198876 0.945802 9.9892E-05 9.9892E-05 9.9892E-05 9.9892E-05 9.9892E-05 9.9892E-05 9.9892E-05 0.0080941 9.9892E-05 9.9892E-05 9.9892E-05 9.9892E-05
0.00630711 9.9874E-05 0.0107833 9.9874E-05 9.9874E-05 0.922743 9.9874E-05 9.9874E-05 9.9874E-05 9.9874E-05 0.058768 9.9874E-05 9.9874E-05 9.9874E-05 9.9874E-05 9.9874E-05 9.9874E-05 9.9874E-05
9.98471E-05 9.98471E-05 9.98471E-05 9.98471E-05 9.98471E-05 0.998303 9.98471E-05 9.98471E-05 9.98471E-05 9.98471E-05 9.98471E-05 9.98471E-05 9.98471E-05 9.98471E-05 9.98471E-05 9.98471E-05 9.98471E-05 9.98471E-05
9.98919E-05 9.98919E-05 9.98919E-05 9.98919E-05 9.98919E-05 0.681436 0.0834336 9.98919E-05 0.0210941 0.0194006 9.98919E-05 9.98919E-05 9.98919E-05 9.98919E-05 0.164919 0.0285177 9.98919E-05 9.98919E-05
9.9892E-05 9.9892E-05 9.9892E-05 0.00875983 9.9892E-05 0.831863 9.9892E-05 0.000271594 9.9892E-05 0.0427786 9.9892E-05 9.9892E-05 9.9892E-05 9.9892E-05 9.9892E-05 9.9892E-05 0.0437323 0.0713962
9.9892E-05 9.9892E-05 0.123152 0.0372961 9.9892E-05 0.553526 0.253442 0.00985971 9.9892E-05 9.9892E-05 9.9892E-05 9.9892E-05 9.9892E-05 9.9892E-05 9.9892E-05 0.0215255 9.9892E-05 9.9892E-05
9.9892E-05 9.9892E-05 9.9892E-05 0.0211265 9.9892E-05 0.106112 0.614838 9.9892E-05 9.9892E-05 9.9892E-05 0.00222588 9.9892E-05 9.9892E-05 9.9892E-05 0.183103 0.071396 9.9892E-05 9.9892E-05
9.99101E-05 0.0549275 9.99101E-05 0.00289854 9.99101E-05 0.0517387 0.666153 9.99101E-05 9.99101E-05 9.99101E-05 9.99101E-05 9.99101E-05 0.00699556 9.99101E-05 0.105353 0.073123 0.0141925 0.0237196
0.0316226 9.9928E-05 9.9928E-05 9.9928E-05 9.9928E-05 0.112748 0.552378 0.0401764 9.9928E-05 0.00396477 9.9928E-05 0.0556359 0.0125566 9.9928E-05 0.164367 0.0049925 0.020759 9.9928E-05
9.9901E-05 9.9901E-05 9.9901E-05 9.9901E-05 9.9901E-05 0.128141 0.506147 9.9901E-05 0.0141252 9.9901E-05 9.9901E-05 0.0249759 9.9901E-05 9.9901E-05 0.0865644 0.0567158 9.9901E-05 0.182232
9.9901E-05 0.0139229 9.9901E-05 0.021374 9.9901E-05 9.9901E-05 0.730202 9.9901E-05 0.045376 9.9901E-05 9.9901E-05 9.9901E-05 9.9901E-05 9.9901E-05 0.0777237 9.9901E-05 0.0620685 0.0482344
0.0418121 9.9874E-05 9.9874E-05 9.9874E-05 9.9874E-05 9.9874E-05 0.603464 9.9874E-05 9.9874E-05 0.00182693 9.9874E-05 9.9874E-05 9.9874E-05 9.9874E-05 0.351499 9.9874E-05 9.9874E-05 9.9874E-05
0.000244437 0.0285438 9.99099E-05 9.99099E-05 9.99099E-05 0.216452 0.462025 9.99099E-05 0.0124088 9.99099E-05 9.99099E-05 9.99099E-05 0.000380725 9.99099E-05 0.251428 0.0275177 9.99099E-05 9.99099E-05
0.0425815 0.0200052 0.0414898 0.00909266 0.00298276 9.99191E-05 0.810098 0.0335356 9.99191E-05 0.00614035 9.99191E-05 9.99191E-05 9.99191E-05 9.99191E-05 9.99191E-05 9.99191E-05 0.0331752 9.99191E-05
0.0508089 9.991E-05 9.991E-05 0.00864614 0.0548216 9.991E-05 0.762919 0.00768249 0.000753236 9.991E-05 0.00667568 9.991E-05 9.991E-05 0.106694 9.991E-05 9.991E-05 9.991E-05 9.991E-05
9.9928E-05 9.9928E-05 9.9928E-05 0.00145165 0.0668181 0.112421 0.528 0.0126119 9.9928E-05 9.9928E-05 9.9928E-05 0.0429435 0.00174854 9.9928E-05 0.151836 0.0492193 9.9928E-05 0.0321502
9.9919E-05 0.0998632 0.0171995 9.9919E-05 0.0527309 0.230385 0.451376 9.9919E-05 9.9919E-05 9.9919E-05 9.9919E-05 0.0958963 9.9919E-05 9.9919E-05 0.00451938 0.03051 9.9919E-05 0.0166205
0.0165001 0.0687386 0.01111 0.0100522 9.9919E-05 0.255225 0.542717 0.0227865 9.9919E-05 9.9919E-05 9.9919E-05 0.0365335 9.9919E-05 9.9919E-05 9.9919E-05 0.0354373 9.9919E-05 9.9919E-05
9.9901E-05 9.9901E-05 9.9901E-05 0.0085611 9.9901E-05 9.9901E-05 0.829223 9.9901E-05 0.0388522 9.9901E-05 9.9901E-05 9.9901E-05 0.0017636 0.0518766 9.9901E-05 9.9901E-05 0.0457387 0.0228864
0.0122844 9.9946E-05 9.9946E-05 0.00416201 0.524264 0.0401003 0.0644339 9.9946E-05 0.00954242 0.00422738 0.00404491 9.9946E-05 0.00115032 9.9946E-05 0.258687 0.0610579 0.0154459 9.9946E-05
9.9892E-05 9.9892E-05 9.9892E-05 9.9892E-05 0.497589 0.063551 9.9892E-05 9.9892E-05 9.9892E-05 9.9892E-05 9.9892E-05 0.0446809 9.9892E-05 9.9892E-05 0.35449 0.020511 0.0179796 9.9892E-05
9.99009E-05 9.99009E-05 9.99009E-05 9.99009E-05 0.408426 0.0558146 9.99009E-05 9.99009E-05 0.00307126 0.0184933 9.99009E-05 0.028719 0.0293773 9.99009E-05 0.454999 9.99009E-05 9.99009E-05 9.99009E-05
9.9892E-05 9.9892E-05 9.9892E-05 0.0133315 0.39481 9.9892E-05 0.149401 9.9892E-05 9.9892E-05 9.9892E-05 9.9892E-05 9.9892E-05 0.0364547 9.9892E-05 0.395363 9.9892E-05 0.00944054 9.9892E-05
9.9883E-05 0.00633104 9.9883E-05 9.9883E-05 0.508882 0.0498454 9.9883E-05 9.9883E-05 9.9883E-05 9.9883E-05 9.9883E-05 0.00977202 9.9883E-05 9.9883E-05 0.423871 9.9883E-05 9.9883E-05 9.9883E-05
9.991E-05 9.991E-05 9.991E-05 9.991E-05 0.643489 0.0951443 9.991E-05 0.0086362 9.991E-05 0.0135327 0.0218805 0.10101 9.991E-05 0.0939252 9.991E-05 9.991E-05 0.0213838 9.991E-05
9.9892E-05 9.9892E-05 9.9892E-05 9.9892E-05 0.69573 0.0322727 9.9892E-05 9.9892E-05 9.9892E-05 9.9892E-05 0.00388226 9.9892E-05 9.9892E-05 9.9892E-05 0.172198 0.0733178 0.0214005 9.9892E-05
9.9901E-05 9.9901E-05 9.9901E-05 9.9901E-05 0.550728 9.9901E-05 9.9901E-05 9.9901E-05 9.9901E-05 9.9901E-05 0.034704 0.0724218 0.0646107 9.9901E-05 0.179617 0.0748106 9.9901E-05 0.0220084
