9.998E-05 9.998E-05 0.9997 9.998E-05
0.0097833 0.170711 0.70125 0.118255
0.126387 9.9982E-05 0.873413 9.9982E-05
0.0989018 0.0114877 0.832204 0.0574065
0.0341071 0.0494678 0.815161 0.101264
0.0190903 9.9991E-05 0.959012 0.0217979
9.9982E-05 9.9982E-05 0.97242 0.0273801
0.0662944 9.9991E-05 0.863468 0.0701377
0.021379 0.009815 0.849463 0.119343
0.0587604 9.9991E-05 0.873752 0.0673877
0.0988992 0.0337398 0.8131 0.0542605
0.116266 9.9991E-05 0.834369 0.0492654
0.0117103 0.0982798 0.850779 0.0392311
0.0675498 0.0416373 0.744544 0.146268
0.0821496 0.0131918 0.84623 0.0584283
0.0265518 9.9991E-05 0.902287 0.0710614
9.998E-05 9.998E-05 0.9997 9.998E-05
9.998E-05 9.998E-05 0.9997 9.998E-05
9.9982E-05 9.9982E-05 0.993153 0.00664696
0.0522623 9.9982E-05 0.947538 9.9982E-05
0.9997 9.998E-05 9.998E-05 9.998E-05
0.697161 0.0895832 0.0659741 0.147282
0.711102 0.0597073 0.0651111 0.164079
0.80933 0.073183 0.0083341 0.109153
0.981537 9.9982E-05 0.0182631 9.9982E-05
0.924748 0.0210479 0.0120371 0.0421673
0.750997 0.122368 9.9991E-05 0.126535
0.9997 9.998E-05 9.998E-05 9.998E-05
0.849392 0.0578576 0.00507752 0.0876729
0.693256 0.196167 9.9991E-05 0.110478
0.797593 0.0489162 9.9991E-05 0.153391
0.832648 0.0392571 9.9991E-05 0.127995
0.821161 0.0200393 0.0329136 0.125886
0.672878 0.162434 9.9991E-05 0.164588
0.61862 0.254122 0.00948111 0.117777
0.507596 0.246767 0.108638 0.136999
0.691064 0.207186 9.9991E-05 0.101651
0.111829 0.359509 9.9991E-05 0.528562
9.9982E-05 0.452672 9.9982E-05 0.547128
0.0612288 0.361427 0.0150514 0.562293
0.0368601 0.341538 0.0317174 0.589885
9.9991E-05 0.398541 0.080221 0.521138
9.9991E-05 0.378051 0.0130169 0.608832
9.9991E-05 0.251203 0.104801 0.643896
9.9991E-05 0.354807 0.0434628 0.601631
0.0474724 0.309184 0.0725685 0.570775
0.0347047 0.408666 9.9991E-05 0.55653
9.9991E-05 0.331577 0.0590908 0.609232
9.9991E-05 0.379438 0.0633462 0.557116
9.9991E-05 0.343029 0.0168808 0.639991
9.9991E-05 0.3672 0.00930626 0.623394
0.0408081 0.314405 0.0217545 0.623033
0.0121886 0.419514 0.00853691 0.55976
0.000317157 0.363794 0.13747 0.498419
0.0175413 0.363156 0.0268996 0.592403
0.0618767 0.326869 0.053792 0.557463
0.0756929 0.279102 0.0916974 0.553508
0.0938986 0.704536 0.0522724 0.149293
0.0649948 0.853482 0.0814231 9.9991E-05
0.122441 0.771609 0.0617745 0.0441759
0.0587134 0.821075 0.0545586 0.0656526
0.123793 0.876007 9.9982E-05 9.9982E-05
0.0392428 0.853964 0.040499 0.0662938
9.9991E-05 0.932729 0.0381356 0.029035
0.0430492 0.930158 9.9991E-05 0.0266932
9.9991E-05 0.672418 0.15014 0.177342
0.227395 0.665159 0.107346 9.9991E-05
0.112683 0.785843 0.101374 9.9991E-05
0.147117 0.852683 9.9982E-05 9.9982E-05
0.142345 0.740107 0.117448 9.9991E-05
0.0510865 0.914932 0.0338814 9.9991E-05
0.0834188 0.916381 9.9982E-05 9.9982E-05
0.093088 0.843769 0.0485011 0.0146421
0.202787 0.67895 0.0253196 0.0929435
0.169333 0.666472 0.00750507 0.15669
0.0514057 0.745413 0.0486441 0.154538
9.9991E-05 0.632576 0.137331 0.229992
9.9982E-05 0.960103 9.9982E-05 0.0396966
0.0804853 0.711278 0.0568072 0.151429
0.0311148 0.897398 9.9991E-05 0.0713875
0.0833551 0.718775 0.0995427 0.0983268
0.0442312 0.853282 0.0855038 0.0169833
9.9991E-05 0.849098 0.141743 0.00905963
0.108419 0.526226 0.0197007 0.345654
9.9982E-05 0.228389 9.9982E-05 0.771411
0.11994 0.560004 0.0504532 0.269603
0.0245564 0.80658 0.0610322 0.107831
0.0815944 0.675168 0.0303073 0.21293
0.0958507 0.777156 0.024951 0.102043
0.030997 0.968803 9.9982E-05 9.9982E-05
0.0914904 0.846769 0.0259774 0.0357632
0.0559898 0.881617 9.9991E-05 0.062293
0.124546 0.598258 0.12412 0.153076
0.136178 0.597694 0.142286 0.123842
0.09709 0.758039 0.0784131 0.0664576
0.117806 0.652805 0.11172 0.117669
0.0384563 0.683257 0.0590535 0.219233
0.0655156 0.823736 0.110648 9.9991E-05
0.123772 0.835823 0.0403047 9.9991E-05
9.9991E-05 0.904596 0.0561181 0.0391855
0.183754 0.736978 0.0641055 0.0151624
0.0351343 0.825685 0.0762344 0.0629462
0.0824377 0.88781 0.0239975 0.00575502
9.9982E-05 0.981271 0.0185295 9.9982E-05
0.136298 0.699794 0.121203 0.0427056
0.0919086 0.823808 0.0841838 9.9991E-05
0.101477 0.786738 0.0451147 0.0666701
0.0500243 0.830761 0.0316802 0.0875341
0.132546 0.782934 0.0698677 0.0146521
0.17342 0.742357 0.0841237 9.9991E-05
9.9991E-05 0.941942 0.0507781 0.00717956
9.9982E-05 0.983184 0.0166164 9.9982E-05
0.00804988 0.946096 9.9991E-05 0.0457538
0.0120593 0.83744 0.0931266 0.0573738
0.149531 0.739779 0.0963307 0.014359
0.157471 0.719036 0.123393 9.9991E-05
0.0711815 0.85707 0.0716481 9.9991E-05
0.09933 0.841459 0.0591114 9.9991E-05
9.9991E-05 0.916512 0.0260789 0.0573089
0.0391084 0.750776 0.117256 0.0928605
0.363991 0.579009 0.051615 0.00538503
0.226201 0.577979 9.9991E-05 0.19572
0.301075 0.592691 0.0193311 0.0869031
0.337958 0.517647 0.0403432 0.104051
0.319305 0.508088 0.0262218 0.146385
0.278137 0.483527 0.0249578 0.213378
0.310017 0.461818 0.0240489 0.204116
0.419755 0.494765 0.0812754 0.00420437
0.315019 0.48709 9.9991E-05 0.197791
0.275329 0.593209 9.9991E-05 0.131362
0.328823 0.550852 0.017846 0.102479
0.13241 0.054164 0.0146598 0.798766
0.161869 0.0124448 9.9991E-05 0.825586
0.191402 0.0297714 0.0500488 0.728778
0.0821294 9.9991E-05 0.0520871 0.865684
0.112085 0.0139271 0.0853925 0.788595
0.199423 0.0146625 0.0511808 0.734734
0.156348 9.9982E-05 9.9982E-05 0.843452
0.189886 9.9982E-05 9.9982E-05 0.809914
0.089706 0.15569 0.0742487 0.680356
0.0571714 0.0350204 9.9991E-05 0.907708
0.105233 9.9991E-05 0.0175012 0.877166
0.151232 9.9991E-05 0.0310227 0.817646
0.159915 0.0842623 0.0613844 0.694438
0.0214883 0.257763 0.0138899 0.706859
0.174438 0.0315336 0.109722 0.684307
0.115582 9.9991E-05 0.0970382 0.787279
0.0917836 9.9982E-05 9.9982E-05 0.908016
0.0928074 0.0739564 0.0494378 0.783798
0.175242 9.9991E-05 0.0313553 0.793302
0.111206 0.0614796 0.0413716 0.785942
0.186629 0.0499167 0.0573657 0.706089
0.17458 0.0433149 9.9991E-05 0.782005
0.155693 0.0665883 0.0246765 0.753042
0.114655 0.0301618 0.0423691 0.812814
0.18429 0.0383555 0.080652 0.696702
0.244609 0.0261385 0.0152256 0.714027
0.129647 0.0366235 0.0387027 0.795027
0.102162 0.134201 0.0669586 0.696679
0.189343 0.0531837 0.0491346 0.708339
0.146708 9.9982E-05 9.9982E-05 0.853092
0.106543 0.0403145 9.9991E-05 0.853042
0.131388 0.00860923 0.0666689 0.793334
0.207438 9.9982E-05 9.9982E-05 0.792362
0.154947 0.0335529 9.9991E-05 0.8114
0.153079 9.9991E-05 0.0467354 0.800086
0.0697099 0.250504 0.0250369 0.65475
0.0598009 0.255549 0.0779623 0.606688
0.0706504 0.257414 0.130399 0.541536
0.077941 0.305835 0.0858902 0.530334
0.0938247 0.253538 0.13876 0.513877
0.0988595 0.271938 0.0254261 0.603777
0.0795066 0.244778 0.0259105 0.649805
0.193386 0.246196 0.129908 0.43051
