9.998E-05 9.998E-05 9.998E-05 0.9997
0.0609537 0.0150328 0.135221 0.788793
0.01221 0.095662 0.0470501 0.845078
9.99966E-05 0.0797907 0.0671237 0.852986
0.0296387 0.0383986 0.103117 0.828846
0.0539195 0.00510437 9.9991E-05 0.940876
0.0199381 0.0135002 9.9991E-05 0.966462
0.0891016 0.0108502 0.0602114 0.839837
0.0724472 0.0747444 0.00318733 0.849621
0.0412879 0.0698838 9.9991E-05 0.888728
0.0600466 0.104661 0.030006 0.805287
0.00293116 0.132593 0.0308498 0.833626
0.0451424 0.0271169 0.078993 0.848748
0.0731105 0.13112 0.0115262 0.784243
9.9982E-05 0.11598 9.9982E-05 0.88382
0.0798139 0.0404334 9.9991E-05 0.879653
9.998E-05 9.998E-05 9.998E-05 0.9997
9.998E-05 9.998E-05 9.998E-05 0.9997
9.998E-05 9.998E-05 9.998E-05 0.9997
9.9991E-05 0.0314347 0.0193566 0.949109
9.998E-05 0.9997 9.998E-05 9.998E-05
0.220001 0.743103 0.0208688 0.0160266
0.119645 0.762713 0.061144 0.0564973
0.136434 0.776593 0.0785991 0.00837402
9.9982E-05 0.973586 0.0262144 9.9982E-05
0.0150219 0.886034 0.0693935 0.0295506
0.105062 0.812818 0.0804994 0.00162082
9.998E-05 0.9997 9.998E-05 9.998E-05
0.0811231 0.829141 0.0896362 9.9991E-05
0.100875 0.652161 0.218826 0.0281373
0.115603 0.884197 9.9982E-05 9.9982E-05
0.113911 0.787072 0.0989168 9.9991E-05
0.142018 0.7977 0.033606 0.0266756
0.0959131 0.731491 0.172496 9.9991E-05
0.05794 0.697241 0.223575 0.021244
0.165396 0.519251 0.221454 0.0938996
0.142219 0.645875 0.211805 9.9991E-05
0.570697 0.0534356 0.375767 9.9991E-05
0.517596 9.9982E-05 0.482204 9.9982E-05
0.597008 0.0453958 0.327817 0.0297796
0.583529 0.00980771 0.358715 0.0479479
0.555713 9.9991E-05 0.395758 0.0484285
0.596129 9.9991E-05 0.381991 0.0217795
0.630796 9.9991E-05 0.292497 0.0766071
0.526824 0.0209809 0.411825 0.0403704
0.644716 0.0193216 0.263782 0.07218
0.592543 9.9982E-05 0.407257 9.9982E-05
0.606115 9.9991E-05 0.363727 0.0300577
0.593763 9.9991E-05 0.333155 0.0729817
0.64126 9.9991E-05 0.315075 0.0435651
0.562744 9.9991E-05 0.409098 0.0280576
0.604389 9.9991E-05 0.34398 0.0515311
0.612633 9.9991E-05 0.378534 0.00873221
0.549124 9.9991E-05 0.322544 0.128232
0.580073 9.9991E-05 0.37562 0.0442074
0.524521 0.0659145 0.360149 0.0494152
0.536841 0.0227957 0.363663 0.0766999
0.0903595 0.176494 0.701889 0.0312574
9.9991E-05 0.098542 0.819301 0.0820575
0.041334 0.0906107 0.829277 0.0387785
0.040819 0.0340476 0.886894 0.0382389
9.9982E-05 0.0915518 0.908248 9.9982E-05
0.0756354 0.044192 0.815057 0.0651155
0.0549064 0.0472843 0.897709 9.9991E-05
0.0646786 0.0598386 0.875383 9.9991E-05
0.0785447 0.0310837 0.737074 0.153298
0.0420933 0.17113 0.718125 0.0686514
9.9991E-05 0.0926728 0.832798 0.0744294
9.9982E-05 0.17304 0.82676 9.9982E-05
9.9991E-05 0.184955 0.772871 0.0420731
9.9991E-05 0.122002 0.847434 0.0304634
0.0284375 0.0535657 0.90558 0.0124166
9.9991E-05 0.18317 0.786117 0.0306134
0.133724 0.177719 0.686533 0.00202307
0.17225 0.144327 0.683323 9.9991E-05
0.155021 0.0237793 0.688905 0.132295
0.211524 9.9991E-05 0.657246 0.131131
0.035242 9.9982E-05 0.964558 9.9982E-05
0.12667 0.120408 0.693424 0.0594981
0.0843683 0.0382935 0.877238 9.9991E-05
0.0767605 0.157019 0.699521 0.0666997
0.0386824 0.104281 0.775408 0.0816278
0.0566516 9.9991E-05 0.811398 0.131851
0.282921 0.159807 0.49083 0.0664411
0.751119 9.9982E-05 0.248681 9.9982E-05
0.259594 0.0860027 0.583308 0.0710947
0.119737 0.0263399 0.798463 0.0554602
0.176144 0.0899009 0.673245 0.0607098
0.132503 0.0675303 0.76517 0.0347964
9.9991E-05 0.0808456 0.902162 0.016892
0.0471215 0.121395 0.795613 0.0358708
0.0542336 0.068919 0.876747 9.9991E-05
0.146172 0.170105 0.592652 0.0910711
0.132792 0.156764 0.615384 0.0950595
0.0547144 0.158668 0.699804 0.0868144
0.0981258 0.148026 0.666167 0.0876812
0.127072 0.118587 0.706825 0.0475161
0.0547182 0.0493502 0.767266 0.128665
9.9991E-05 0.128233 0.8418 0.0298669
0.0732272 9.9991E-05 0.837457 0.0892163
9.9991E-05 0.190484 0.736644 0.0727727
0.0785426 0.0779088 0.792131 0.0514171
9.9991E-05 0.105264 0.825151 0.069485
9.9982E-05 9.9982E-05 0.99275 0.0070497
0.0264572 0.106617 0.773817 0.0931087
0.0132845 0.138416 0.814847 0.0334528
0.0539457 0.104451 0.760974 0.0806292
0.0839776 0.0515569 0.841556 0.0229099
0.0382156 0.0883553 0.802463 0.0709665
9.9991E-05 0.193331 0.736672 0.0698968
9.9982E-05 9.9982E-05 0.947162 0.0526383
9.998E-05 9.998E-05 0.9997 9.998E-05
0.0195756 9.9991E-05 0.938194 0.0421309
0.0779855 0.0525416 0.80857 0.0609026
0.0251046 0.156785 0.714199 0.103912
0.0286057 0.155224 0.698558 0.117613
9.9991E-05 0.0820126 0.844012 0.0738757
9.9991E-05 0.123439 0.832245 0.0442155
9.9991E-05 0.134808 0.783656 0.0814363
0.132962 0.0906355 0.656104 0.120298
0.055572 0.335475 0.556779 0.052174
0.236526 0.175493 0.579868 0.00811269
0.0679408 0.338746 0.590647 0.00266544
0.0937245 0.362031 0.510534 0.0337108
0.120432 0.297523 0.556313 0.0257323
0.170752 0.388722 0.440427 9.9991E-05
0.167476 0.324572 0.456411 0.0515413
0.0337266 0.330609 0.51559 0.120074
0.163059 0.288656 0.548185 9.9991E-05
0.119656 0.266987 0.613257 9.9991E-05
0.0867318 0.358111 0.555057 9.9991E-05
0.763149 0.201416 9.9991E-05 0.0353351
0.778213 0.221587 9.9982E-05 9.9982E-05
0.729079 0.211192 0.00319367 0.0565354
0.795173 0.121151 9.9991E-05 0.0835758
0.783229 0.161271 0.0194507 0.0360494
0.738336 0.190158 0.0303859 0.0411199
0.858428 0.141372 9.9982E-05 9.9982E-05
0.786779 0.18704 0.0260809 9.9991E-05
0.613713 0.143721 0.148587 0.0939784
0.812362 0.178124 9.9991E-05 0.0094145
0.850753 0.127433 9.9991E-05 0.0217133
0.80161 0.153186 9.9991E-05 0.0451043
0.654239 0.156965 0.102234 0.0865625
0.686448 0.0833678 0.219555 0.0106287
0.693952 0.168717 0.0218196 0.115511
0.730437 0.119069 0.0225023 0.127992
0.898209 0.101591 9.9982E-05 9.9982E-05
0.808481 0.106522 0.00551998 0.0794763
0.808258 0.148866 9.9991E-05 0.0427761
0.777407 0.181012 0.0267877 0.0147938
0.671074 0.16985 0.0460464 0.113029
0.758393 0.176031 0.0654761 9.9991E-05
0.792664 0.207136 9.9982E-05 9.9982E-05
0.730688 0.22724 9.9991E-05 0.0419724
0.67334 0.27229 9.9991E-05 0.05427
0.624323 0.274284 9.9991E-05 0.101293
0.735547 0.216364 0.00288152 0.0452068
0.736228 0.14394 0.019968 0.0998644
0.746446 0.208623 0.00330532 0.041626
0.866293 0.132401 0.00120542 9.9991E-05
0.903237 0.0965631 9.9982E-05 9.9982E-05
0.757698 0.137904 0.0185296 0.085868
0.75837 0.197029 0.0429578 0.00164364
0.758061 0.241739 9.9982E-05 9.9982E-05
0.700062 0.268389 9.9991E-05 0.0314487
0.675271 0.027358 0.219497 0.0778742
0.593298 0.128821 0.201434 0.076447
0.516628 0.0885547 0.241196 0.153621
0.541629 0.0543669 0.280527 0.123477
0.516688 0.111939 0.268884 0.102489
0.584469 0.122329 0.293101 9.9991E-05
0.675338 0.0193256 0.24708 0.058256
0.444065 0.227465 0.175301 0.153169
