0.971467 9.9982E-05 0.0283327 9.9982E-05
0.775007 0.0409837 0.0562149 0.127795
0.86775 0.0333049 0.0988447 9.9991E-05
0.842053 0.0705738 0.0872735 9.9991E-05
0.82544 0.0985806 9.9991E-05 0.075879
0.885423 0.100837 0.0136401 9.9991E-05
0.931138 0.0118008 0.0569607 9.9991E-05
0.850655 0.0983848 9.9991E-05 0.0508602
0.808626 0.127615 0.0620249 0.00173365
0.863994 0.0794761 0.0564298 9.9991E-05
0.806933 0.0585681 0.0722406 0.0622579
0.813914 0.0125152 0.147389 0.0261815
0.821769 0.0172453 0.110979 0.0500063
0.728244 0.127755 0.119348 0.0246536
0.865347 0.00970593 0.0808392 0.0441083
0.932253 0.0596922 0.00795523 9.9991E-05
0.989022 9.9982E-05 9.9982E-05 0.0107785
0.9997 9.998E-05 9.998E-05 9.998E-05
0.9997 9.998E-05 9.998E-05 9.998E-05
0.943208 9.9991E-05 0.0308595 0.0258327
9.998E-05 9.998E-05 0.9997 9.998E-05
0.0495122 0.0855803 0.764483 0.100425
0.0440043 0.154404 0.70236 0.0992322
0.0213683 0.0577583 0.847896 0.0729777
0.0120738 9.9991E-05 0.955522 0.0323039
9.9982E-05 9.9982E-05 0.996974 0.00282622
0.00165849 0.175295 0.76108 0.0619661
9.998E-05 9.998E-05 0.9997 9.998E-05
9.9991E-05 0.0526023 0.830366 0.116932
0.0267886 0.141996 0.657072 0.174143
9.9991E-05 0.16918 0.778411 0.0523096
9.9991E-05 0.118787 0.788293 0.0928201
0.0949181 0.120103 0.783001 0.00197853
9.9991E-05 0.0977669 0.708446 0.193687
0.00933016 0.0266714 0.659005 0.304993
0.102529 0.152259 0.538032 0.207179
9.9991E-05 0.102714 0.677179 0.220007
0.00559631 0.530018 0.0739769 0.390409
9.9982E-05 0.572569 9.9982E-05 0.427231
0.0184661 0.594307 0.0237382 0.363489
0.000377783 0.559686 0.0724342 0.367502
0.0473971 0.586475 9.9991E-05 0.366028
0.0296402 0.634219 9.9991E-05 0.336041
0.0903129 0.647481 0.00715659 0.255049
0.00641303 0.593619 0.0518026 0.348165
0.0812852 0.640603 0.0325762 0.245536
9.9982E-05 0.59294 9.9982E-05 0.40686
0.0502595 0.634376 9.9991E-05 0.315264
0.0616795 0.630766 0.0200442 0.28751
0.0216691 0.620155 9.9991E-05 0.358076
0.0270852 0.625196 0.010944 0.336774
0.0125602 0.632202 0.0675735 0.287664
0.00603967 0.607259 9.9991E-05 0.386601
0.131123 0.555636 9.9991E-05 0.313141
0.0613827 0.580753 9.9991E-05 0.357765
0.0118232 0.558467 0.0699037 0.359806
0.0596225 0.58676 0.0531782 0.300439
0.0205514 0.141353 0.164658 0.673438
0.0632729 9.9991E-05 0.12458 0.812047
0.0881266 0.00159249 0.106824 0.803457
0.0586135 0.0315193 0.0423149 0.867552
9.9982E-05 9.9982E-05 0.1004 0.8994
0.0317179 0.0587344 0.0541183 0.855429
0.0462876 9.9991E-05 0.0815708 0.872042
9.9991E-05 0.00379028 0.0813829 0.914727
0.152623 0.0614319 9.9991E-05 0.785845
0.073274 0.0079166 0.226768 0.692042
0.0468377 9.9991E-05 0.155917 0.797145
0.0145789 9.9991E-05 0.146349 0.838972
0.0666271 9.9991E-05 0.143046 0.790226
9.9991E-05 0.013117 0.0659135 0.920869
0.0078144 0.0213409 0.0755653 0.895279
0.0337287 9.9991E-05 0.151824 0.814347
0.00795617 0.0637002 0.26487 0.663474
9.9991E-05 0.1315 0.205319 0.663081
0.105091 0.168604 0.0422166 0.684088
0.123586 0.265395 9.9991E-05 0.610919
9.9982E-05 9.9982E-05 0.0365823 0.963218
0.045132 0.153627 0.105681 0.69556
9.9991E-05 0.072897 0.0435448 0.883458
0.0949805 0.134792 0.0691775 0.701049
0.0912694 0.0274866 0.0703295 0.810914
0.121121 9.9982E-05 9.9982E-05 0.878679
0.0535941 0.339095 0.104649 0.502662
0.0400215 0.773233 9.9991E-05 0.186645
0.0606051 0.236115 0.170156 0.533124
0.078823 0.112327 0.038523 0.770327
0.0526796 0.144484 0.0836523 0.719184
0.041679 0.0981281 0.12794 0.732252
0.00733584 9.9991E-05 0.128647 0.863917
0.0244377 0.0629989 0.102109 0.810454
9.9991E-05 0.10562 0.100059 0.794221
0.0979901 0.063228 0.16379 0.674992
0.0820535 0.0714956 0.247332 0.599119
0.0528597 0.0800953 0.115346 0.751699
0.121777 0.113242 0.13429 0.630692
0.0840259 0.146315 0.0984747 0.671185
0.0999083 0.0409162 0.0546565 0.804519
0.0635949 9.9991E-05 0.176961 0.759344
0.0347376 0.115749 0.0125534 0.83696
0.0540575 0.0622001 0.147003 0.73674
0.0238674 0.0870202 0.0900176 0.799095
0.00873705 9.9991E-05 0.126542 0.864621
0.0339058 0.000476059 9.9991E-05 0.965518
0.0977377 0.0454698 0.0928298 0.763963
0.0696744 0.0287863 0.0913152 0.810224
0.0714005 0.1343 0.0241519 0.770148
9.9991E-05 0.0942424 0.0809887 0.824669
0.0615257 0.0549782 0.094944 0.788552
0.0888273 9.9991E-05 0.241154 0.669919
0.0908596 9.9982E-05 9.9982E-05 0.90894
9.9982E-05 0.0351445 9.9982E-05 0.964656
0.0313465 0.0433194 9.9991E-05 0.925234
0.0685277 0.048992 0.119173 0.763307
0.0637487 0.108853 0.127055 0.700343
0.12068 0.00376531 0.158139 0.717416
0.0505463 0.0070424 0.0418432 0.900568
0.0550845 9.9991E-05 0.139403 0.805412
0.104069 9.9991E-05 0.0993313 0.7965
0.144699 0.122192 0.0442112 0.688898
0.0420888 0.0579564 0.275853 0.624102
0.011516 0.16139 0.219537 0.607557
9.9991E-05 0.0392338 0.356441 0.604226
0.0773867 0.0738121 0.354438 0.494363
0.0340778 0.0694167 0.317565 0.578941
0.00296664 0.129669 0.403965 0.463399
0.0403139 0.179181 0.307948 0.472557
0.115033 0.0169595 0.355846 0.512162
0.0367289 0.247353 0.261976 0.453943
0.0423887 0.0789248 0.282665 0.596021
0.0167071 0.0881189 0.334559 0.560615
0.00712275 0.801147 0.169441 0.0222892
0.0455023 0.79685 0.143008 0.0146406
0.0438399 0.74268 0.21338 9.9991E-05
0.0920016 0.794572 0.113326 9.9991E-05
0.0615772 0.785577 0.131466 0.0213791
0.0420573 0.699941 0.257542 0.000459396
9.9982E-05 0.818226 0.181574 9.9982E-05
0.00353843 0.765144 0.225746 0.00557189
0.0770344 0.604844 0.159698 0.158424
0.0116389 0.862418 0.124869 0.00107407
0.00876356 0.804093 0.187043 9.9991E-05
0.015948 0.858241 0.125711 9.9991E-05
0.0490361 0.783831 0.100113 0.0670203
9.9991E-05 0.709001 0.0895826 0.201316
0.0582465 0.697214 0.182631 0.0619081
0.126979 0.777605 0.0953159 9.9991E-05
0.0144316 0.82163 0.163839 9.9991E-05
0.0512014 0.794587 0.118399 0.0358129
0.0789609 0.79483 0.126109 9.9991E-05
0.0193636 0.77284 0.204825 0.00297105
0.118928 0.688977 0.116788 0.0753073
9.9991E-05 0.754924 0.156621 0.0883547
0.0332325 0.752069 0.178647 0.0360515
0.0354745 0.771344 0.171232 0.0219502
0.103173 0.702108 0.194618 9.9991E-05
0.0376198 0.72136 0.24092 9.9991E-05
0.028434 0.776601 0.194865 9.9991E-05
0.114488 0.734679 0.0774912 0.0733416
0.0745643 0.719272 0.146166 0.0599983
0.0234226 0.801288 0.152673 0.0226168
9.9991E-05 0.878165 0.121434 0.000300159
0.0747979 0.75887 0.143281 0.0230502
0.0028663 0.790574 0.206459 9.9991E-05
0.0118027 0.744687 0.24341 9.9991E-05
0.0492071 0.816997 0.133696 9.9991E-05
0.0664345 0.661021 0.00608421 0.26646
0.0715084 0.562292 0.151381 0.214819
0.146712 0.506487 0.0835178 0.263284
0.0729708 0.503693 0.139053 0.284283
0.0843464 0.524394 0.107946 0.283314
9.9991E-05 0.605666 0.111193 0.28304
0.0294222 0.679036 0.0542816 0.237261
0.122397 0.526933 0.199959 0.150712
