9.998E-05 0.9997 9.998E-05 9.998E-05
0.0929153 0.783422 0.0281894 0.0954735
0.167212 0.832588 9.9982E-05 9.9982E-05
0.118817 0.830885 9.9991E-05 0.050198
0.108797 0.784679 0.0241424 0.0823813
0.0618855 0.933393 0.0046219 9.9991E-05
0.0743487 0.925451 9.9982E-05 9.9982E-05
0.0739573 0.845626 0.0319392 0.0484779
0.133957 0.828469 9.9991E-05 0.0374732
0.125976 0.873824 9.9982E-05 9.9982E-05
0.0957851 0.796289 9.9991E-05 0.107826
0.101833 0.799722 9.9991E-05 0.0983454
0.0817062 0.790434 0.0344148 0.0934447
0.167383 0.762101 0.0348016 0.0357142
0.0712023 0.875926 9.9991E-05 0.0527715
0.0793183 0.920482 9.9982E-05 9.9982E-05
9.998E-05 0.9997 9.998E-05 9.998E-05
9.9982E-05 0.969537 0.0302633 9.9982E-05
9.998E-05 0.9997 9.998E-05 9.998E-05
9.9982E-05 0.954955 9.9982E-05 0.0448451
0.851204 0.0061893 9.9991E-05 0.142507
0.618516 0.0548231 0.0651557 0.261505
0.643404 0.0785317 0.0577719 0.220292
0.679377 0.0112744 0.104537 0.204812
0.762109 9.9982E-05 9.9982E-05 0.237691
0.741977 0.0145663 9.9991E-05 0.243357
0.689225 9.9991E-05 0.0589032 0.251772
0.850111 9.9982E-05 9.9982E-05 0.149689
0.725332 9.9982E-05 9.9982E-05 0.274468
0.640669 0.0160447 0.0249588 0.318327
0.771604 9.9982E-05 9.9982E-05 0.228196
0.70212 9.9991E-05 0.1013 0.196479
0.702254 0.0679769 0.0226802 0.207089
0.682962 9.9982E-05 9.9982E-05 0.316838
0.555497 0.0345629 9.9991E-05 0.40984
0.558319 0.0810078 0.0131147 0.347558
0.633546 9.9991E-05 0.0545233 0.311831
0.0774275 9.9991E-05 0.80846 0.114012
9.9982E-05 9.9982E-05 0.80941 0.19039
0.0957529 0.0277478 0.752611 0.123888
0.10461 0.0108344 0.815745 0.0688096
9.9991E-05 0.0794726 0.833074 0.0873529
0.0590791 0.0448006 0.830579 0.0655418
0.0992104 0.0681094 0.769089 0.0635916
0.0494309 9.9991E-05 0.828245 0.122224
0.125189 0.0815317 0.784488 0.00879219
0.00321914 0.0179593 0.883556 0.0952657
9.9991E-05 0.0499162 0.885897 0.064087
0.00674212 0.00889704 0.948371 0.0359897
0.0716008 0.0432634 0.826487 0.0586489
0.0268426 0.0257431 0.8898 0.0576138
0.0622283 0.0230192 0.889818 0.0249347
9.9991E-05 0.0298309 0.850039 0.12003
9.9991E-05 0.0959291 0.795161 0.10881
0.0263465 0.0174534 0.868872 0.087328
0.0987269 0.0528532 0.794867 0.0535528
0.120766 0.0539389 0.704462 0.120834
0.134435 0.0514026 0.195201 0.618962
0.000803457 0.0922725 0.0456828 0.861241
0.141252 0.0785111 9.9991E-05 0.780137
9.9991E-05 0.0562753 0.176964 0.76666
0.0511298 0.00226864 0.0865483 0.860053
0.0572104 0.024994 0.177086 0.74071
0.0387856 0.037207 0.071735 0.852272
0.0468435 0.00899698 0.10576 0.838399
0.045731 0.150611 0.118356 0.685302
0.181648 0.0623518 0.0958658 0.660134
0.0478332 0.0759788 0.101162 0.775026
0.0679276 9.9991E-05 0.0529166 0.879056
0.157729 0.0633996 9.9991E-05 0.778772
0.0202318 0.0375196 0.0461204 0.896128
0.0335646 0.00390232 0.129542 0.832991
0.0715274 0.0172011 0.0892677 0.822004
0.26285 9.9991E-05 0.0346765 0.702374
0.064787 9.9991E-05 0.368319 0.566794
9.9991E-05 0.0996309 0.352558 0.547711
9.9991E-05 0.0904534 0.514821 0.394626
9.9991E-05 0.0113846 0.113731 0.874785
0.0981592 0.0575458 0.23579 0.608505
0.00201719 9.9991E-05 0.226943 0.77094
0.112887 0.0711592 0.177609 0.638345
0.101888 0.051639 0.102267 0.744205
9.9991E-05 0.112198 0.110106 0.777597
0.263776 0.0400946 0.322317 0.373813
0.416847 0.0198242 0.418594 0.144734
0.272123 0.0363405 0.206029 0.485507
0.0701896 0.0430251 0.195571 0.691214
0.152853 0.0307919 0.19144 0.624915
0.112036 0.0504054 0.120035 0.717523
9.9991E-05 0.0716437 0.0275558 0.900701
0.0761656 0.0348531 0.132517 0.756464
0.0864641 9.9991E-05 0.13023 0.783206
0.202286 0.0897133 0.0949279 0.613073
0.192793 0.102968 0.101768 0.602471
0.192263 0.069819 0.0378018 0.700116
0.211519 0.132871 0.0165802 0.63903
0.215291 0.0956413 0.158768 0.5303
9.9991E-05 0.0939776 0.230368 0.675555
0.169131 0.0151217 0.0206021 0.795146
9.9991E-05 0.0289239 0.180472 0.790505
0.158054 0.0204451 0.05757 0.763931
0.165403 0.0670701 0.026894 0.740633
0.0631487 0.0473305 0.119 0.770521
0.0115447 0.0362893 9.9991E-05 0.952066
0.164396 0.0745348 0.0807717 0.680298
0.068903 0.0486548 0.0742418 0.8082
0.0971805 0.0611698 0.132879 0.708771
0.0188422 0.0136503 0.265986 0.701522
0.0461572 0.0501933 0.155209 0.74844
0.125605 0.0817897 0.060163 0.732442
9.9982E-05 9.9982E-05 0.256279 0.743521
9.9991E-05 0.0164321 0.0249738 0.958494
9.9982E-05 9.9982E-05 0.273442 0.726358
0.00446582 0.0729614 0.163516 0.759057
0.15281 0.0718399 0.0709761 0.704374
0.13661 0.0976414 9.9991E-05 0.765648
9.9991E-05 0.0690597 0.130832 0.800008
0.00439586 0.0844085 0.198918 0.712277
0.0187651 0.0818752 0.108634 0.790726
0.107725 0.078372 0.211051 0.602852
0.289506 0.0425295 9.9991E-05 0.667865
0.325777 9.9991E-05 0.111004 0.563119
0.335419 9.9991E-05 0.0563714 0.608109
0.354367 0.028007 9.9991E-05 0.617526
0.3842 9.9991E-05 0.0286809 0.587019
0.425994 0.0262153 0.0432529 0.504538
0.374954 0.0454561 0.08538 0.49421
0.292798 0.105122 0.0466194 0.55546
0.339646 0.0284403 0.14574 0.486174
0.254191 0.032599 0.234836 0.478374
0.338384 0.00315808 0.095343 0.563115
0.73133 9.9982E-05 0.26847 9.9982E-05
0.69982 0.00567606 0.294404 9.9991E-05
0.717236 0.0310365 0.251627 9.9991E-05
0.636669 0.0413717 0.32186 9.9991E-05
0.600644 0.0169366 0.38232 9.9991E-05
0.726099 0.0524774 0.212466 0.00895724
0.692309 9.9982E-05 0.307491 9.9982E-05
0.714801 9.9991E-05 0.278882 0.00621622
0.567656 0.012908 0.293066 0.12637
0.60327 9.9982E-05 0.39653 9.9982E-05
0.705816 0.0144293 0.279655 9.9991E-05
0.677649 0.00853435 0.313717 9.9991E-05
0.567949 0.0126525 0.340408 0.0789902
0.484301 0.00866246 0.370841 0.136196
0.740064 0.116083 0.0680656 0.0757869
0.618869 0.131881 0.249151 9.9991E-05
0.697639 9.9982E-05 0.302161 9.9982E-05
0.656093 0.060651 0.251297 0.0319597
0.672665 0.0234103 0.303825 9.9991E-05
0.707859 0.0537029 0.238338 9.9991E-05
0.646116 0.115599 0.200571 0.037714
0.728248 9.9991E-05 0.259253 0.0123993
0.686443 0.0493249 0.264132 9.9991E-05
0.684213 0.029144 0.286543 9.9991E-05
0.737709 0.0860688 0.110199 0.0660227
0.734329 9.9991E-05 0.261532 0.00403917
0.691152 0.0460069 0.262741 9.9991E-05
0.556192 0.0788063 0.343327 0.0216747
0.589924 0.104518 0.305458 9.9991E-05
0.684703 9.9982E-05 0.315097 9.9982E-05
0.63371 9.9982E-05 0.36609 9.9982E-05
0.650859 0.0334105 0.315631 9.9991E-05
0.661318 9.9982E-05 0.338482 9.9982E-05
0.779672 9.9991E-05 0.201644 0.0185844
0.739724 0.0620916 0.198084 9.9991E-05
0.24038 9.9982E-05 0.75942 9.9982E-05
0.22105 0.0947405 0.642795 0.041415
0.133021 0.145446 0.631107 0.0904259
0.157067 0.0953949 0.671579 0.0759586
0.159381 0.0784997 0.675267 0.0868516
0.154027 9.9991E-05 0.75531 0.0905639
0.0433964 0.0460802 0.894356 0.0161674
0.234851 0.123051 0.627464 0.0146331
