0.00931743 0.09199 9.9973E-05 0.80276 9.9973E-05 0.00515321 9.9973E-05 0.0424334 0.0120085 0.0360372
9.9946E-05 9.9946E-05 0.104862 0.697318 0.0565032 9.9946E-05 9.9946E-05 0.140717 9.9946E-05 9.9946E-05
9.9946E-05 0.564712 0.0934116 0.295805 9.9946E-05 0.0454721 9.9946E-05 9.9946E-05 9.9946E-05 9.9946E-05
9.99282E-05 9.99282E-05 9.99282E-05 9.99282E-05 0.063602 9.99282E-05 9.99282E-05 0.935599 9.99282E-05 9.99282E-05
0.883578 0.077429 9.9937E-05 9.9937E-05 9.9937E-05 9.9937E-05 9.9937E-05 0.0382931 9.9937E-05 9.9937E-05
9.9946E-05 0.0480894 9.9946E-05 0.0818497 0.841203 9.9946E-05 0.028258 9.9946E-05 9.9946E-05 9.9946E-05
9.99281E-05 9.99281E-05 9.99281E-05 9.99281E-05 9.99281E-05 0.0466074 9.99281E-05 9.99281E-05 9.99281E-05 0.952593
9.99551E-05 0.034826 0.616473 0.252677 9.99551E-05 9.99551E-05 0.0821869 0.013338 9.99551E-05 9.99551E-05
9.99282E-05 9.99282E-05 9.99282E-05 9.99282E-05 0.563912 0.435288 9.99282E-05 9.99282E-05 9.99282E-05 9.99282E-05
0.75703 9.99371E-05 9.99371E-05 9.99371E-05 9.99371E-05 9.99371E-05 0.0580893 9.99371E-05 9.99371E-05 0.184181
9.99201E-05 9.99201E-05 9.99201E-05 9.99201E-05 9.99201E-05 9.99201E-05 0.999101 9.99201E-05 9.99201E-05 9.99201E-05
9.99371E-05 9.99371E-05 0.982897 0.0152665 9.99371E-05 0.00113718 9.99371E-05 9.99371E-05 9.99371E-05 9.99371E-05
9.9946E-05 0.0788671 9.9946E-05 9.9946E-05 0.0143613 9.9946E-05 9.9946E-05 9.9946E-05 0.750026 0.156146
9.99282E-05 9.99282E-05 9.99282E-05 9.99282E-05 9.99282E-05 9.99282E-05 9.99282E-05 0.152258 9.99282E-05 0.846943
0.999101 9.99201E-05 9.99201E-05 9.99201E-05 9.99201E-05 9.99201E-05 9.99201E-05 9.99201E-05 9.99201E-05 9.99201E-05
9.99282E-05 0.120125 9.99282E-05 9.99282E-05 9.99282E-05 0.879075 9.99282E-05 9.99282E-05 9.99282E-05 9.99282E-05
9.99372E-05 0.0368437 0.950042 9.99372E-05 9.99372E-05 9.99372E-05 9.99372E-05 9.99372E-05 9.99372E-05 0.0124146
0.109218 9.9955E-05 9.9955E-05 9.9955E-05 0.151057 0.379864 0.288658 9.9955E-05 9.9955E-05 0.0707026
9.99281E-05 9.99281E-05 9.99281E-05 0.00209681 0.997104 9.99281E-05 9.99281E-05 9.99281E-05 9.99281E-05 9.99281E-05
9.993E-05 9.993E-05 9.993E-05 9.993E-05 9.993E-05 0.94288 9.993E-05 0.0358753 0.0205451 9.993E-05
9.99371E-05 9.99371E-05 0.081806 9.99371E-05 9.99371E-05 0.702964 9.99371E-05 9.99371E-05 0.21453 9.99371E-05
9.99551E-05 9.99551E-05 0.300588 9.99551E-05 0.230084 0.459391 9.99551E-05 9.99551E-05 0.00549435 0.00394341
0.101957 9.99461E-05 9.99461E-05 9.99461E-05 9.99461E-05 0.778251 9.99461E-05 9.99461E-05 0.0747278 0.0444642
0.00474292 9.99461E-05 9.99461E-05 9.99461E-05 9.99461E-05 0.112243 0.0689037 0.813511 9.99461E-05 9.99461E-05
9.99201E-05 0.999101 9.99201E-05 9.99201E-05 9.99201E-05 9.99201E-05 9.99201E-05 9.99201E-05 9.99201E-05 9.99201E-05
0.611844 9.9937E-05 9.9937E-05 9.9937E-05 9.9937E-05 0.2103 9.9937E-05 9.9937E-05 0.177157 9.9937E-05
9.99201E-05 9.99201E-05 9.99201E-05 9.99201E-05 9.99201E-05 9.99201E-05 9.99201E-05 0.999101 9.99201E-05 9.99201E-05
9.99461E-05 9.99461E-05 0.116268 9.99461E-05 0.354306 9.99461E-05 9.99461E-05 9.99461E-05 0.425378 0.103448
9.99201E-05 9.99201E-05 9.99201E-05 0.999101 9.99201E-05 9.99201E-05 9.99201E-05 9.99201E-05 9.99201E-05 9.99201E-05
9.99373E-05 9.99373E-05 0.47182 9.99373E-05 0.496706 0.0307742 9.99373E-05 9.99373E-05 9.99373E-05 9.99373E-05
9.99281E-05 0.149743 9.99281E-05 9.99281E-05 9.99281E-05 9.99281E-05 9.99281E-05 9.99281E-05 9.99281E-05 0.849458
9.99282E-05 0.745733 9.99282E-05 9.99282E-05 9.99282E-05 9.99282E-05 9.99282E-05 9.99282E-05 9.99282E-05 0.253467
0.180745 9.99461E-05 9.99461E-05 9.99461E-05 9.99461E-05 9.99461E-05 0.0292005 9.99461E-05 0.0332837 0.756171
0.00543307 0.065489 9.99461E-05 9.99461E-05 0.860144 9.99461E-05 9.99461E-05 9.99461E-05 9.99461E-05 0.0683346
9.99281E-05 9.99281E-05 0.381971 9.99281E-05 9.99281E-05 9.99281E-05 9.99281E-05 0.61723 9.99281E-05 9.99281E-05
9.9946E-05 9.9946E-05 9.9946E-05 0.0356274 0.0270912 0.932945 9.9946E-05 9.9946E-05 9.9946E-05 0.00373677
0.0215584 9.99461E-05 9.99461E-05 9.99461E-05 0.737781 0.18723 9.99461E-05 0.0528308 9.99461E-05 9.99461E-05
9.9955E-05 9.9955E-05 9.9955E-05 0.0989586 0.866317 9.9955E-05 0.00871137 9.9955E-05 0.0167174 0.00879608
9.99281E-05 9.99281E-05 0.0600678 9.99281E-05 9.99281E-05 9.99281E-05 0.939133 9.99281E-05 9.99281E-05 9.99281E-05
9.99462E-05 9.99462E-05 0.161806 9.99462E-05 0.705635 9.99462E-05 9.99462E-05 0.0200709 0.111888 9.99462E-05
9.9928E-05 9.9928E-05 0.356674 9.9928E-05 0.642526 9.9928E-05 9.9928E-05 9.9928E-05 9.9928E-05 9.9928E-05
0.000542776 9.99281E-05 0.998658 9.99281E-05 9.99281E-05 9.99281E-05 9.99281E-05 9.99281E-05 9.99281E-05 9.99281E-05
0.273542 9.99282E-05 9.99282E-05 9.99282E-05 9.99282E-05 0.725659 9.99282E-05 9.99282E-05 9.99282E-05 9.99282E-05
9.99281E-05 0.956335 9.99281E-05 9.99281E-05 9.99281E-05 9.99281E-05 0.042866 9.99281E-05 9.99281E-05 9.99281E-05
0.0625398 9.99281E-05 9.99281E-05 9.99281E-05 9.99281E-05 9.99281E-05 9.99281E-05 9.99281E-05 0.936661 9.99281E-05
9.99461E-05 9.99461E-05 0.775489 0.123829 9.99461E-05 0.0231631 9.99461E-05 0.0769196 9.99461E-05 9.99461E-05
9.99551E-05 9.99551E-05 9.99551E-05 0.0442926 0.177396 0.726893 0.0233072 9.99551E-05 0.0276117 9.99551E-05
9.99372E-05 9.99372E-05 9.99372E-05 9.99372E-05 0.777347 0.140637 9.99372E-05 9.99372E-05 0.081316 9.99372E-05
9.99201E-05 9.99201E-05 9.99201E-05 9.99201E-05 9.99201E-05 9.99201E-05 9.99201E-05 9.99201E-05 0.999101 9.99201E-05
0.0879781 9.99461E-05 0.0697367 9.99461E-05 0.148279 0.693407 9.99461E-05 9.99461E-05 9.99461E-05 9.99461E-05
