0.9998 9.999E-05 9.999E-05
0.768017 0.121633 0.11035
0.836072 0.0595901 0.104338
0.847339 0.00657911 0.146082
0.851607 0.044665 0.103728
0.923632 9.9991E-05 0.0762684
0.946875 9.9991E-05 0.0530255
0.881601 0.0220233 0.0963759
0.862043 0.0213424 0.116615
0.88959 9.9991E-05 0.11031
0.829241 0.0793667 0.0913923
0.825664 0.0635023 0.110833
0.859347 0.0820996 0.058553
0.755279 0.0236759 0.221045
0.872363 0.043331 0.0843058
0.935055 9.9991E-05 0.0648449
0.9998 9.999E-05 9.999E-05
0.9998 9.999E-05 9.999E-05
0.997688 9.9991E-05 0.00221245
0.975925 0.023975 9.9991E-05
0.0677372 0.191933 0.74033
0.0273607 0.272351 0.700288
0.0702371 0.285622 0.644141
0.0128742 0.309722 0.677404
0.0287145 0.268709 0.702576
0.052182 0.318326 0.629492
9.9991E-05 0.315274 0.684626
0.0343981 0.220174 0.745428
9.9991E-05 0.315451 0.684449
0.0226755 0.339869 0.637455
9.9991E-05 0.288704 0.711196
9.9991E-05 0.308245 0.691655
0.0621416 0.249769 0.688089
9.9991E-05 0.357267 0.642633
0.0555497 0.430053 0.514397
0.102334 0.355926 0.541741
0.0171147 0.38002 0.602865
0.0223155 0.392657 0.585027
0.0198035 0.497847 0.48235
0.0847223 0.363811 0.551467
0.0692079 0.387615 0.543177
0.0634574 0.427252 0.509291
0.0552936 0.352644 0.592062
0.109036 0.287259 0.603705
0.0670788 0.396931 0.53599
0.0939822 0.270573 0.635445
0.0277394 0.407285 0.564976
0.0733623 0.336879 0.589759
0.10138 0.321256 0.577364
0.0484038 0.34193 0.609666
0.0604911 0.364865 0.574644
0.0205515 0.376453 0.602995
0.0785358 0.386263 0.535201
0.152734 0.40363 0.443636
0.0670961 0.357547 0.575357
0.0801145 0.346127 0.573758
0.128689 0.281248 0.590063
0.0541657 0.754803 0.191031
0.0701123 0.929788 9.9991E-05
0.0476049 0.829607 0.122788
0.0451057 0.892698 0.0621964
9.9991E-05 0.95216 0.0477404
0.048816 0.86955 0.0816339
0.0365586 0.946079 0.0173629
9.9991E-05 0.96383 0.0360699
0.151947 0.756711 0.0913424
0.0744858 0.785697 0.139817
0.0564942 0.90408 0.0394258
0.0065866 0.956819 0.0365945
0.0824276 0.832466 0.0851067
0.0693557 0.916959 0.0136851
9.9991E-05 0.947153 0.0527465
0.00435712 0.902121 0.0935214
0.0568067 0.776749 0.166445
0.0145339 0.714361 0.271105
0.0964747 0.73871 0.164816
0.156754 0.661865 0.181382
0.00465394 0.995246 9.9991E-05
0.0918839 0.740244 0.167872
9.9991E-05 0.89377 0.10613
0.0629077 0.810674 0.126418
0.0294109 0.869341 0.101248
0.134055 0.863911 0.00203421
0.0698647 0.50873 0.421405
0.0660075 0.213262 0.720731
0.060523 0.588376 0.351101
0.0584545 0.838451 0.103094
0.0404728 0.712255 0.247272
0.0381477 0.801862 0.15999
0.00203494 0.997865 9.9991E-05
0.0235671 0.879312 0.0971209
0.0049955 0.87484 0.120164
0.150543 0.651883 0.197574
0.121632 0.693073 0.185295
0.0670442 0.733588 0.199368
0.12267 0.724368 0.152962
0.0682949 0.748484 0.183221
0.0903739 0.857595 0.0520307
0.0374491 0.922571 0.0399801
0.0564623 0.898987 0.0445511
0.0634704 0.801159 0.135371
0.0377245 0.832053 0.130222
0.0697463 0.846248 0.0840054
0.0114974 0.988403 9.9991E-05
0.107325 0.784703 0.107972
0.0482271 0.897152 0.0546213
0.0802614 0.807608 0.112131
0.0660733 0.832671 0.101256
0.0711719 0.847244 0.0815841
0.042294 0.839393 0.118313
0.0135497 0.98635 9.9991E-05
9.999E-05 0.9998 9.999E-05
9.999E-05 0.9998 9.999E-05
0.115111 0.861733 0.0231564
0.0526831 0.780221 0.167095
0.0707524 0.816591 0.112657
0.0694897 0.93041 9.9991E-05
0.0622538 0.875883 0.061863
0.0611227 0.930062 0.00881511
0.119202 0.76633 0.114467
0.0407242 0.673732 0.285544
9.9991E-05 0.686408 0.313492
0.0284135 0.676923 0.294664
0.0520257 0.656388 0.291586
0.0452028 0.628127 0.32667
9.9991E-05 0.5796 0.4203
0.0488549 0.548941 0.402204
0.083439 0.647551 0.26901
0.0225049 0.589044 0.388451
0.0616085 0.624368 0.314023
0.0297455 0.645072 0.325182
0.0448677 0.0223213 0.932811
0.0343176 0.0215168 0.944166
0.0617933 0.0668739 0.871333
0.0749689 9.9991E-05 0.924931
0.0716444 0.0173078 0.911048
0.0507242 0.0802941 0.868982
0.0102825 9.9991E-05 0.989617
9.9991E-05 0.040661 0.959239
0.104142 0.212635 0.683222
0.0346568 0.0267804 0.938563
0.0592655 9.9991E-05 0.940634
0.0730016 9.9991E-05 0.926898
0.0586575 0.12428 0.817063
0.0198924 0.209391 0.770716
0.121391 0.0629081 0.815701
0.107172 0.0310439 0.861784
9.9991E-05 0.0369247 0.962975
0.0925907 0.0400704 0.867339
0.0801472 9.9991E-05 0.919753
0.0538324 0.0525407 0.893627
0.100195 0.110416 0.789389
9.9991E-05 0.0503632 0.949537
0.06648 0.0182032 0.915317
0.090163 0.0127114 0.897126
0.0761106 0.0959354 0.827954
0.0676769 0.0849125 0.847411
0.0806247 9.9991E-05 0.919275
0.141864 0.0898696 0.768267
0.112408 0.0583557 0.829236
0.000623686 0.0354826 0.963894
9.9991E-05 0.0303947 0.969505
0.0986375 0.0355954 0.865767
0.0230572 0.0288291 0.948114
9.9991E-05 0.0442556 0.955644
0.0569279 0.0260623 0.91701
0.0833067 0.236769 0.679924
0.123533 0.296933 0.579534
0.18913 0.249943 0.560927
0.152115 0.224294 0.623591
0.148158 0.294077 0.557766
9.9991E-05 0.296631 0.703269
0.0835176 0.242141 0.674342
0.165548 0.223762 0.61069
