0.0441717 0.149039 0.578087 0.0389675 9.9973E-05 0.189435 9.9973E-05 9.9973E-05
9.9946E-05 0.0974151 0.901985 9.9946E-05 9.9946E-05 9.9946E-05 9.9946E-05 9.9946E-05
9.9955E-05 0.0549664 0.327057 9.9955E-05 9.9955E-05 0.617477 9.9955E-05 9.9955E-05
0.139324 9.99641E-05 0.654842 0.0198769 9.99641E-05 9.99641E-05 9.99641E-05 0.185558
9.99461E-05 9.99461E-05 9.99461E-05 9.99461E-05 0.859982 0.139418 9.99461E-05 9.99461E-05
9.99551E-05 9.99551E-05 9.99551E-05 9.99551E-05 9.99551E-05 0.0511715 0.00300547 0.945323
0.755683 0.109162 9.9964E-05 0.0309179 9.9964E-05 9.9964E-05 0.103838 9.9964E-05
9.99551E-05 9.99551E-05 0.815238 9.99551E-05 9.99551E-05 0.0630726 0.121189 9.99551E-05
9.99461E-05 0.538375 9.99461E-05 9.99461E-05 9.99461E-05 9.99461E-05 9.99461E-05 0.461025
0.100033 9.995E-05 9.995E-05 9.995E-05 0.763073 9.995E-05 0.136394 9.995E-05
9.99461E-05 9.99461E-05 9.99461E-05 9.99461E-05 0.0255294 9.99461E-05 0.973871 9.99461E-05
9.9955E-05 9.9955E-05 0.856077 0.0258853 9.9955E-05 9.9955E-05 9.9955E-05 0.117537
0.14642 9.99551E-05 9.99551E-05 0.834671 9.99551E-05 0.0184094 9.99551E-05 9.99551E-05
0.9993 9.994E-05 9.994E-05 9.994E-05 9.994E-05 9.994E-05 9.994E-05 9.994E-05
9.994E-05 9.994E-05 9.994E-05 9.994E-05 0.9993 9.994E-05 9.994E-05 9.994E-05
9.99461E-05 0.875132 9.99461E-05 9.99461E-05 9.99461E-05 0.124268 9.99461E-05 9.99461E-05
9.99551E-05 9.99551E-05 0.847284 9.99551E-05 9.99551E-05 0.00399346 9.99551E-05 0.148223
0.0296769 0.378924 9.9973E-05 9.9973E-05 0.213218 9.9973E-05 0.24135 0.136531
9.994E-05 9.994E-05 9.994E-05 9.994E-05 9.994E-05 9.994E-05 9.994E-05 0.9993
9.99462E-05 0.926544 9.99462E-05 0.0728562 9.99462E-05 9.99462E-05 9.99462E-05 9.99462E-05
9.99551E-05 0.699128 9.99551E-05 0.24869 9.99551E-05 9.99551E-05 9.99551E-05 0.051682
0.0722208 0.378875 0.102532 0.0181833 9.99731E-05 9.99731E-05 9.99731E-05 0.427889
0.00574558 0.717959 9.9973E-05 0.178409 0.0903466 9.9973E-05 0.00723986 9.9973E-05
0.0108448 0.173365 0.414933 9.9982E-05 9.9982E-05 0.112978 0.144355 0.143324
9.994E-05 9.994E-05 9.994E-05 9.994E-05 9.994E-05 0.9993 9.994E-05 9.994E-05
9.9955E-05 0.195576 9.9955E-05 0.000993081 0.802931 9.9955E-05 9.9955E-05 9.9955E-05
9.99462E-05 9.99462E-05 0.726355 9.99462E-05 9.99462E-05 0.273045 9.99462E-05 9.99462E-05
0.0624619 9.99551E-05 9.99551E-05 0.48442 9.99551E-05 9.99551E-05 9.99551E-05 0.452618
9.99463E-05 0.08226 0.91714 9.99463E-05 9.99463E-05 9.99463E-05 9.99463E-05 9.99463E-05
9.99462E-05 9.99462E-05 0.330845 9.99462E-05 9.99462E-05 9.99462E-05 9.99462E-05 0.668555
0.942066 9.99461E-05 9.99461E-05 9.99461E-05 9.99461E-05 0.0573344 9.99461E-05 9.99461E-05
0.298371 9.99461E-05 9.99461E-05 9.99461E-05 9.99461E-05 0.701029 9.99461E-05 9.99461E-05
0.481289 9.9964E-05 9.9964E-05 0.202634 0.0976384 9.9964E-05 0.218038 9.9964E-05
9.99551E-05 0.0438804 9.99551E-05 9.99551E-05 9.99551E-05 0.104058 9.99551E-05 0.851562
9.99551E-05 9.99551E-05 0.866604 9.99551E-05 9.99551E-05 0.0362328 9.99551E-05 0.0966637
0.000786785 0.998614 9.99461E-05 9.99461E-05 9.99461E-05 9.99461E-05 9.99461E-05 9.99461E-05
9.99461E-05 0.231113 9.99461E-05 9.99461E-05 9.99461E-05 9.99461E-05 9.99461E-05 0.768287
9.9964E-05 0.0524057 9.9964E-05 0.0573029 9.9964E-05 9.9964E-05 0.0307416 0.85915
9.994E-05 9.994E-05 9.994E-05 9.994E-05 9.994E-05 9.994E-05 0.9993 9.994E-05
9.99641E-05 9.99641E-05 0.0479895 0.0638607 0.052048 9.99641E-05 9.99641E-05 0.835702
9.9946E-05 9.9946E-05 0.183301 9.9946E-05 9.9946E-05 9.9946E-05 9.9946E-05 0.8161
9.99461E-05 9.99461E-05 0.782904 9.99461E-05 9.99461E-05 9.99461E-05 9.99461E-05 0.216496
9.99461E-05 0.777992 9.99461E-05 9.99461E-05 0.221409 9.99461E-05 9.99461E-05 9.99461E-05
0.0533329 9.9955E-05 9.9955E-05 9.9955E-05 9.9955E-05 0.945772 0.000395229 9.9955E-05
9.99461E-05 9.99461E-05 9.99461E-05 0.822538 0.176862 9.99461E-05 9.99461E-05 9.99461E-05
9.99461E-05 0.0359703 0.96343 9.99461E-05 9.99461E-05 9.99461E-05 9.99461E-05 9.99461E-05
9.99461E-05 0.870477 9.99461E-05 9.99461E-05 9.99461E-05 9.99461E-05 9.99461E-05 0.128924
9.995E-05 0.147936 9.995E-05 0.0349576 9.995E-05 9.995E-05 9.995E-05 0.816607
9.994E-05 9.994E-05 9.994E-05 0.9993 9.994E-05 9.994E-05 9.994E-05 9.994E-05
9.99551E-05 0.633779 9.99551E-05 9.99551E-05 0.116861 9.99551E-05 9.99551E-05 0.24886
