9.99009E-05 0.998901 9.99009E-05 9.99009E-05 9.99009E-05 9.99009E-05 9.99009E-05 9.99009E-05 9.99009E-05 9.99009E-05 9.99009E-05 9.99009E-05
9.9973E-05 0.0306866 0.0190814 0.000130573 0.059706 0.0991851 9.9973E-05 0.0594944 9.9973E-05 0.00230978 0.693336 0.0357705
0.0706667 0.0675379 9.9946E-05 0.0254351 9.9946E-05 0.0165178 9.9946E-05 0.0454103 9.9946E-05 9.9946E-05 0.773833 9.9946E-05
0.00598112 0.0128405 0.0622562 0.0254992 0.0151322 0.068469 9.9964E-05 9.9964E-05 9.9964E-05 0.0116599 0.797762 9.9964E-05
0.129266 0.0499875 0.00252909 9.9946E-05 0.0050903 9.9946E-05 9.9946E-05 0.039109 9.9946E-05 9.9946E-05 0.773419 9.9946E-05
9.9946E-05 0.0194167 0.0140129 9.9946E-05 9.9946E-05 0.0361001 9.9946E-05 0.0313144 0.0218966 9.9946E-05 0.87666 9.9946E-05
9.99009E-05 0.998901 9.99009E-05 9.99009E-05 9.99009E-05 9.99009E-05 9.99009E-05 9.99009E-05 9.99009E-05 9.99009E-05 9.99009E-05 9.99009E-05
9.9955E-05 0.0614072 0.0377368 9.9955E-05 9.9955E-05 0.0794668 0.0210426 9.9955E-05 0.0111556 0.0106684 0.778023 9.9955E-05
0.0241678 0.0422027 9.9955E-05 9.9955E-05 0.0630024 0.0342474 9.9955E-05 0.0978259 0.000554522 9.9955E-05 0.737499 9.9955E-05
9.9946E-05 0.0312954 0.060285 0.0491364 9.9946E-05 0.0615663 9.9946E-05 9.9946E-05 9.9946E-05 0.0273977 0.76972 9.9946E-05
9.9928E-05 9.9928E-05 9.9928E-05 0.00764591 9.9928E-05 0.122635 9.9928E-05 0.0777096 9.9928E-05 9.9928E-05 0.79121 9.9928E-05
9.9964E-05 0.0349704 0.0738666 0.0319532 9.9964E-05 0.101345 9.9964E-05 9.9964E-05 0.0176746 0.0130115 0.699574 0.0272046
0.0636209 0.0492546 0.0795263 9.9955E-05 0.0251501 0.0660746 9.9955E-05 9.9955E-05 9.9955E-05 9.9955E-05 0.711745 0.00412909
9.9973E-05 0.0229897 0.0445532 0.0453524 0.0343539 0.0416147 0.000171564 0.081036 9.9973E-05 9.9973E-05 0.699688 0.0299403
0.0299052 0.00083128 0.0503897 0.0354281 9.9973E-05 9.9973E-05 0.0104328 0.0345596 9.9973E-05 0.000270876 0.824403 0.0134798
9.9919E-05 9.9919E-05 9.9919E-05 9.9919E-05 0.000649116 9.9919E-05 9.9919E-05 0.109786 9.9919E-05 9.9919E-05 0.888665 9.9919E-05
9.9937E-05 0.0737865 9.9937E-05 9.9937E-05 9.9937E-05 9.9937E-05 0.0130425 9.9937E-05 0.027221 9.9937E-05 0.880848 0.0044022
9.9928E-05 0.0678509 9.9928E-05 9.9928E-05 9.9928E-05 9.9928E-05 0.0488769 9.9928E-05 0.000264739 9.9928E-05 0.882208 9.9928E-05
9.9928E-05 0.0794244 9.9928E-05 9.9928E-05 0.0341932 9.9928E-05 0.0590131 9.9928E-05 9.9928E-05 9.9928E-05 0.82657 9.9928E-05
9.9928E-05 9.9928E-05 9.9928E-05 9.9928E-05 9.9928E-05 9.9928E-05 0.0387523 9.9928E-05 0.0162717 0.0225377 0.921639 9.9928E-05
9.99009E-05 9.99009E-05 9.99009E-05 0.998901 9.99009E-05 9.99009E-05 9.99009E-05 9.99009E-05 9.99009E-05 9.99009E-05 9.99009E-05 9.99009E-05
9.9937E-05 9.9937E-05 0.0747015 0.648532 0.0128367 0.261772 9.9937E-05 9.9937E-05 9.9937E-05 9.9937E-05 9.9937E-05 0.00145769
0.0385417 0.0067446 9.9955E-05 0.596952 9.9955E-05 0.237497 9.9955E-05 0.0341864 9.9955E-05 9.9955E-05 0.0122988 0.0732797
0.0717294 9.9955E-05 9.9955E-05 0.699721 9.9955E-05 0.102415 0.061723 9.9955E-05 0.0316735 0.0302755 0.00196326 9.9955E-05
0.145642 0.00710149 9.9928E-05 0.824492 9.9928E-05 9.9928E-05 9.9928E-05 9.9928E-05 9.9928E-05 0.0219653 9.9928E-05 9.9928E-05
0.15062 0.0277214 9.9937E-05 0.781213 9.9937E-05 0.0142797 9.9937E-05 9.9937E-05 0.0254662 9.9937E-05 9.9937E-05 9.9937E-05
0.114453 0.0266077 9.9955E-05 0.658722 9.9955E-05 0.0210756 0.112857 0.037643 9.9955E-05 9.9955E-05 9.9955E-05 0.0281415
9.99001E-05 9.99001E-05 9.99001E-05 0.998901 9.99001E-05 9.99001E-05 9.99001E-05 9.99001E-05 9.99001E-05 9.99001E-05 9.99001E-05 9.99001E-05
0.179215 9.9955E-05 9.9955E-05 0.622236 9.9955E-05 9.9955E-05 0.0323734 0.118384 9.9955E-05 0.00417056 0.0217158 0.0214053
0.142012 9.9973E-05 0.0196753 0.522723 9.9973E-05 0.109899 0.0412009 0.011001 9.9973E-05 0.0176269 0.0295886 0.105972
0.198339 9.9937E-05 0.116392 0.641609 9.9937E-05 9.9937E-05 9.9937E-05 9.9937E-05 0.0167945 9.9937E-05 9.9937E-05 0.0261654
0.128997 0.00592447 9.9946E-05 0.64195 9.9946E-05 9.9946E-05 0.151056 0.0509461 0.0205262 9.9946E-05 9.9946E-05 9.9946E-05
0.116654 0.0400903 0.0266838 0.643856 0.0183519 9.9955E-05 0.0715773 0.0822867 9.9955E-05 9.9955E-05 9.9955E-05 9.9955E-05
0.0569012 9.99459E-05 0.171868 0.606263 0.129644 9.99459E-05 9.99459E-05 9.99459E-05 9.99459E-05 0.0163336 9.99459E-05 0.01839
0.132178 0.0137736 0.0516853 0.552373 0.0281841 9.9973E-05 0.0210695 0.0394034 9.9973E-05 0.0568124 9.9973E-05 0.104221
9.99549E-05 9.99549E-05 0.154993 0.383438 0.0571633 0.139009 9.99549E-05 0.0165743 9.99549E-05 9.99549E-05 0.0429682 0.205354
9.9964E-05 9.9964E-05 0.00595967 0.548579 0.00964204 9.9964E-05 0.202832 0.044083 0.00501896 0.0200543 9.9964E-05 0.163431
0.000356141 9.9964E-05 0.07263 0.014427 9.9964E-05 0.126102 0.673165 9.9964E-05 0.00676662 9.9964E-05 0.0113911 0.0947624
0.0571165 0.0436425 9.99549E-05 9.99549E-05 9.99549E-05 0.154258 0.606346 0.0223389 9.99549E-05 0.0154384 9.99549E-05 0.10036
0.163929 9.9946E-05 9.9946E-05 9.9946E-05 0.0224874 0.152339 0.625848 9.9946E-05 0.00342879 9.9946E-05 0.0313686 9.9946E-05
9.9928E-05 0.0296061 0.0416271 9.9928E-05 9.9928E-05 9.9928E-05 0.837768 9.9928E-05 9.9928E-05 9.9928E-05 9.9928E-05 0.0901994
9.9964E-05 0.0302077 9.9964E-05 0.0214715 0.0882271 0.172512 0.638724 0.00420725 0.0169131 0.0273372 9.9964E-05 9.9964E-05
0.0842101 0.0229647 9.9937E-05 9.9937E-05 0.0345531 0.0619355 0.795637 9.9937E-05 9.9937E-05 9.9937E-05 9.9937E-05 9.9937E-05
0.044783 0.012243 0.106555 9.9973E-05 0.0322997 0.183704 0.555324 9.9973E-05 0.00592626 0.0059465 0.0529181 9.9973E-05
9.9964E-05 0.0247041 9.9964E-05 9.9964E-05 0.0225105 0.169432 0.628878 0.0427923 0.0115174 0.0138353 9.9964E-05 0.0859302
0.0511409 9.9946E-05 9.9946E-05 9.9946E-05 9.9946E-05 0.124857 0.621926 0.0948945 9.9946E-05 0.0282091 0.0783728 9.9946E-05
9.9946E-05 0.0056407 0.00850334 9.9946E-05 9.9946E-05 9.9946E-05 0.873772 9.9946E-05 0.0309917 0.00275603 9.9946E-05 0.077737
9.9937E-05 0.00297418 0.0734263 9.9937E-05 0.0409422 0.172922 0.709036 9.9937E-05 9.9937E-05 9.9937E-05 9.9937E-05 9.9937E-05
9.9946E-05 0.0294344 9.9946E-05 0.0472677 0.0242863 9.9946E-05 0.877081 9.9946E-05 0.0204024 9.9946E-05 0.000928986 9.9946E-05
9.9937E-05 9.9937E-05 0.135873 9.9937E-05 0.0594262 0.315561 0.487999 9.9937E-05 9.9937E-05 0.000441417 9.9937E-05 9.9937E-05
0.0594399 0.041034 0.000541366 9.9955E-05 9.9955E-05 0.13565 0.730875 9.9955E-05 0.0276271 9.9955E-05 9.9955E-05 0.004333
9.9946E-05 0.0207266 9.9946E-05 0.0584603 0.0309181 9.9946E-05 0.829535 0.0347481 0.0250119 9.9946E-05 9.9946E-05 9.9946E-05
0.057206 0.000286835 0.0152981 9.9946E-05 9.9946E-05 9.9946E-05 0.830248 9.9946E-05 9.9946E-05 0.0476683 0.0486929 9.9946E-05
9.9955E-05 0.0400022 9.9955E-05 0.00471819 9.9955E-05 0.0438111 0.7522 9.9955E-05 0.00698904 9.9955E-05 0.0505245 0.101255
9.9955E-05 9.9955E-05 9.9955E-05 9.9955E-05 0.0144684 0.0847403 0.713438 0.0703152 0.0241073 0.0397477 0.0526831 9.9955E-05
0.0621848 9.9973E-05 0.00209784 9.9973E-05 9.9973E-05 0.422033 0.437738 0.0155773 0.0249131 0.00116057 0.025744 0.00825062
0.000736901 9.9955E-05 9.9955E-05 0.0552522 0.00113548 9.9955E-05 0.808682 0.0154971 9.9955E-05 0.0375846 0.0806119 9.9955E-05
9.9973E-05 9.9973E-05 9.9973E-05 0.0480521 0.0374909 0.101842 0.0864021 0.0577235 0.00596939 0.0438138 0.0325733 0.585833
9.9901E-05 9.9901E-05 9.9901E-05 9.9901E-05 0.998901 9.9901E-05 9.9901E-05 9.9901E-05 9.9901E-05 9.9901E-05 9.9901E-05 9.9901E-05
9.9955E-05 0.0341623 0.0507415 0.0403733 9.9955E-05 0.133382 9.9955E-05 9.9955E-05 0.00541554 0.0969244 9.9955E-05 0.638501
0.164202 0.0384929 9.9964E-05 9.9964E-05 0.0576346 0.0499077 0.0850036 9.9964E-05 0.000676609 0.0893121 9.9964E-05 0.514371
0.147875 9.9955E-05 9.9955E-05 9.9955E-05 0.0533697 0.0437422 9.9955E-05 0.00119397 0.0251053 0.040764 9.9955E-05 0.68745
9.9964E-05 9.9964E-05 0.0623463 0.000377207 0.0211046 9.9964E-05 0.157054 9.9964E-05 0.0318726 0.0684057 0.0392764 0.619163
9.991E-05 9.991E-05 9.991E-05 9.991E-05 0.940052 9.991E-05 9.991E-05 9.991E-05 0.0589489 9.991E-05 9.991E-05 9.991E-05
9.99009E-05 9.99009E-05 9.99009E-05 9.99009E-05 0.998901 9.99009E-05 9.99009E-05 9.99009E-05 9.99009E-05 9.99009E-05 9.99009E-05 9.99009E-05
0.0533827 0.0110749 0.0316765 9.9973E-05 0.109524 0.134807 9.9973E-05 9.9973E-05 0.0332698 0.0579471 0.0978284 0.47019
9.9973E-05 0.0236074 0.0645024 0.154427 0.0659019 9.9973E-05 0.0553396 9.9973E-05 0.0387101 0.036988 0.0122768 0.547947
0.137125 0.0203667 0.0743617 9.9964E-05 0.105767 9.9964E-05 0.0669217 9.9964E-05 0.0497989 0.0900364 9.9964E-05 0.455223
0.0792873 9.9955E-05 9.9955E-05 0.0466501 0.0925237 9.9955E-05 0.082276 9.9955E-05 0.0184303 0.0653977 9.9955E-05 0.614935
9.9964E-05 0.0237208 9.9964E-05 0.0495354 0.207262 9.9964E-05 9.9964E-05 0.0469138 0.0327802 0.0894581 0.00468841 0.545241
0.0249501 0.0659164 9.9955E-05 9.9955E-05 0.0899235 9.9955E-05 0.0876685 9.9955E-05 0.0208606 0.0616365 9.9955E-05 0.648545
0.111137 0.0193157 9.9955E-05 9.9955E-05 0.094073 9.9955E-05 0.134336 9.9955E-05 0.0400801 0.0380749 9.9955E-05 0.562484
0.0760284 0.0245985 9.9955E-05 0.0629354 0.145511 9.9955E-05 0.0494345 9.9955E-05 9.9955E-05 0.0719544 9.9955E-05 0.569038
0.324449 9.9964E-05 9.9964E-05 0.0258893 0.0168159 0.043114 9.9964E-05 0.0708988 0.0441214 0.0544382 9.9964E-05 0.419873
0.202529 0.0162943 9.9982E-05 0.0473535 0.0951395 0.0176822 0.251649 0.0156345 0.0650244 0.00877857 9.9982E-05 0.279715
0.00268969 9.9964E-05 0.063354 9.9964E-05 0.0741944 9.9964E-05 0.319772 9.9964E-05 0.0199868 0.0208432 0.061705 0.437055
9.9955E-05 9.9955E-05 9.9955E-05 9.9955E-05 0.053799 0.00507191 0.458749 9.9955E-05 0.00544715 0.0260371 0.0720048 0.378391
9.99099E-05 9.99099E-05 9.99099E-05 9.99099E-05 0.957581 9.99099E-05 9.99099E-05 9.99099E-05 0.0414196 9.99099E-05 9.99099E-05 9.99099E-05
9.9964E-05 9.9964E-05 9.9964E-05 0.0704437 0.0992121 9.9964E-05 0.196398 0.0655406 0.062717 0.0808347 0.0629728 0.361481
0.00864621 9.9955E-05 0.0247292 9.9955E-05 0.136392 9.9955E-05 0.186175 9.9955E-05 0.0475538 0.0829279 9.9955E-05 0.513076
0.0163769 0.0315934 9.9955E-05 0.0775092 9.9955E-05 9.9955E-05 0.155558 9.9955E-05 0.067162 0.0619764 9.9955E-05 0.589324
9.9964E-05 0.0425542 0.0286705 0.0214058 0.0852957 9.9964E-05 0.0510778 0.0373485 9.9964E-05 0.0825769 9.9964E-05 0.650671
9.9955E-05 0.00304538 9.9955E-05 9.9955E-05 0.115442 9.9955E-05 0.105459 9.9955E-05 0.0208459 0.0987837 0.0740111 0.581913
9.9964E-05 0.00240035 9.9964E-05 0.0405486 9.9964E-05 9.9964E-05 0.266669 0.233988 0.0325742 0.0820626 0.0277797 0.313578
9.9928E-05 9.9928E-05 0.712956 9.9928E-05 0.0909717 9.9928E-05 0.186264 9.9928E-05 9.9928E-05 0.00900848 9.9928E-05 9.9928E-05
0.175831 0.0419035 0.140135 0.0552871 0.0268517 9.9973E-05 0.151794 0.0301962 0.0196159 9.9973E-05 9.9973E-05 0.358085
9.9964E-05 0.0296785 9.9964E-05 9.9964E-05 0.00367656 9.9964E-05 0.176802 0.0611092 0.0393087 0.0649916 0.000279501 0.623754
0.0412917 0.0337913 9.9955E-05 9.9955E-05 9.9955E-05 9.9955E-05 0.144766 0.177909 0.06286 0.0087953 9.9955E-05 0.530087
0.0267681 9.9955E-05 9.9955E-05 9.9955E-05 0.0601093 9.9955E-05 0.0856652 0.0730474 9.9955E-05 0.0994179 0.0255276 0.628965
0.0293259 9.9946E-05 9.9946E-05 0.00460148 9.9946E-05 0.0808867 0.00320667 9.9946E-05 9.9946E-05 0.765702 9.9946E-05 0.115678
0.0823273 9.9964E-05 9.9964E-05 0.0183003 0.185094 9.9964E-05 0.161168 9.9964E-05 0.00916086 0.0534014 0.0150779 0.47507
9.9955E-05 0.0205448 9.9955E-05 9.9955E-05 0.0573508 9.9955E-05 0.108617 0.0602021 0.00993547 0.00783434 9.9955E-05 0.735016
9.9973E-05 0.0388501 9.9973E-05 0.0319998 0.0148638 0.181167 9.9973E-05 0.136899 0.0114037 0.0554703 0.0425861 0.48646
0.0233252 0.0390032 0.00547142 0.086087 9.9973E-05 0.247187 9.9973E-05 9.9973E-05 0.045771 0.0574453 0.0195631 0.475847
0.00660335 0.0350967 0.0698509 0.00091181 0.0418798 0.172852 9.9982E-05 0.00637149 0.00766958 0.0153021 9.9982E-05 0.643263
9.9964E-05 0.0441173 0.0744297 0.062883 0.140485 0.136289 9.9964E-05 9.9964E-05 9.9964E-05 0.0388174 0.0146867 0.487893
0.16456 0.0222682 0.141328 9.9973E-05 0.0683776 0.125784 0.0113086 9.9973E-05 0.0684035 0.0625144 9.9973E-05 0.335157
0.0398285 9.9964E-05 9.9964E-05 9.9964E-05 0.0925543 0.0311446 0.172795 9.9964E-05 0.0353832 0.051268 0.048717 0.527909
0.148106 9.9964E-05 0.002534 0.00477713 0.0519971 9.9964E-05 0.133614 9.9964E-05 0.0590445 0.0157523 9.9964E-05 0.583775
0.0142213 9.9964E-05 0.000119607 9.9964E-05 0.079946 0.15283 9.9964E-05 9.9964E-05 0.0644719 0.0663605 0.0246407 0.59701
9.9955E-05 0.0230037 0.0504546 0.0409836 9.9955E-05 0.0621216 9.9955E-05 0.0241574 9.9955E-05 0.0447984 9.9955E-05 0.753981
0.0493596 0.012527 0.106056 9.9982E-05 0.155974 9.9982E-05 0.0497537 0.0174142 0.0342967 0.119397 0.00819293 0.446829
0.0551384 9.9964E-05 9.9964E-05 9.9964E-05 0.014715 0.0069359 9.9964E-05 0.0772845 0.00683255 0.056624 0.0134859 0.768584
9.99007E-05 9.99007E-05 9.99007E-05 9.99007E-05 9.99007E-05 9.99007E-05 9.99007E-05 9.99007E-05 9.99007E-05 0.998901 9.99007E-05 9.99007E-05
0.132753 0.0388543 0.0834027 0.0194356 0.0989277 9.9982E-05 0.096971 9.9982E-05 0.0395566 0.0945738 0.002165 0.39316
9.9964E-05 0.00530226 9.9964E-05 0.000464921 0.0685142 9.9964E-05 0.0697604 0.0298751 9.9964E-05 0.0827965 0.0190841 0.723803
9.9973E-05 9.9973E-05 0.0628569 9.9973E-05 0.0652751 0.0839487 0.000801959 0.012115 0.00530962 0.101942 0.0646074 0.602844
9.9955E-05 9.9955E-05 9.9955E-05 9.9955E-05 0.0205935 9.9955E-05 0.156503 0.0504617 0.0206052 0.0648079 0.0207482 0.66578
0.234459 9.9946E-05 9.9946E-05 9.9946E-05 9.9946E-05 0.0143553 0.0508151 9.9946E-05 0.0422092 9.9946E-05 0.0371204 0.620442
0.105423 9.9955E-05 9.9955E-05 0.0633607 9.9955E-05 0.0726564 9.9955E-05 9.9955E-05 0.0204022 0.0256002 0.0399129 0.672145
9.99009E-05 9.99009E-05 9.99009E-05 9.99009E-05 9.99009E-05 9.99009E-05 9.99009E-05 9.99009E-05 0.998901 9.99009E-05 9.99009E-05 9.99009E-05
9.99007E-05 9.99007E-05 9.99007E-05 9.99007E-05 9.99007E-05 9.99007E-05 9.99007E-05 9.99007E-05 9.99007E-05 0.998901 9.99007E-05 9.99007E-05
9.99009E-05 9.99009E-05 9.99009E-05 9.99009E-05 9.99009E-05 9.99009E-05 9.99009E-05 9.99009E-05 0.998901 9.99009E-05 9.99009E-05 9.99009E-05
9.9955E-05 0.0258884 9.9955E-05 9.9955E-05 0.118315 0.180434 9.9955E-05 0.0178188 0.0110279 0.0879665 9.9955E-05 0.558049
9.9973E-05 0.0254838 0.0206635 0.0585794 0.136183 0.118136 9.9973E-05 0.0575284 0.0627257 0.101091 9.9973E-05 0.419308
9.9964E-05 9.9964E-05 0.10769 0.0590563 0.0170939 9.9964E-05 0.000913577 9.9964E-05 0.0157519 0.108105 0.0647587 0.626231
9.9955E-05 0.00335812 9.9955E-05 9.9955E-05 0.0148206 9.9955E-05 0.0900662 9.9955E-05 0.0709953 0.0498988 0.0526677 0.717694
0.0358466 9.9964E-05 9.9964E-05 0.0632308 0.0628969 9.9964E-05 0.180683 9.9964E-05 0.0124419 0.0462997 0.0143176 0.583883
9.9937E-05 0.0209674 9.9937E-05 0.00195967 9.9937E-05 0.156618 9.9937E-05 9.9937E-05 9.9937E-05 0.732269 9.9937E-05 0.0874869
9.9964E-05 0.0420104 0.0963663 9.9964E-05 0.0226608 0.160659 9.9964E-05 9.9964E-05 0.0272793 0.06086 0.0179002 0.571864
0.77603 0.00286419 9.9946E-05 9.9946E-05 0.0938475 9.9946E-05 9.9946E-05 0.0129752 9.9946E-05 9.9946E-05 0.0148096 0.098874
0.960898 9.9937E-05 9.9937E-05 9.9937E-05 0.00506489 0.0081043 9.9937E-05 9.9937E-05 0.0201786 0.00505486 9.9937E-05 9.9937E-05
0.933752 9.9937E-05 9.9937E-05 0.00531252 0.0121528 9.9937E-05 9.9937E-05 9.9937E-05 0.0406598 0.00742292 9.9937E-05 9.9937E-05
0.900071 9.9928E-05 9.9928E-05 9.9928E-05 0.0177713 9.9928E-05 9.9928E-05 9.9928E-05 9.9928E-05 9.9928E-05 0.0356232 0.0457355
0.807085 0.0113119 9.9973E-05 0.0257187 9.9973E-05 9.9973E-05 0.04741 0.0156835 0.0403555 0.0120652 0.000661546 0.0394083
0.887658 9.9937E-05 0.0349024 0.0509459 0.0153105 9.9937E-05 9.9937E-05 0.0104834 9.9937E-05 9.9937E-05 9.9937E-05 9.9937E-05
0.938717 0.00558493 0.0414581 9.9928E-05 9.9928E-05 9.9928E-05 9.9928E-05 9.9928E-05 9.9928E-05 9.9928E-05 0.0134406 9.9928E-05
0.819957 0.0301172 9.9955E-05 0.0262248 9.9955E-05 0.0246613 9.9955E-05 9.9955E-05 9.9955E-05 0.0128217 0.0172533 0.0684651
0.832386 0.00436435 0.0220216 0.0309689 9.9955E-05 9.9955E-05 0.0834131 9.9955E-05 0.0208105 0.00553564 9.9955E-05 9.9955E-05
0.799439 0.00280506 9.9973E-05 0.0186082 0.0175876 0.0502437 0.0177836 9.9973E-05 0.0204905 9.9973E-05 0.00481345 0.0679288
0.724456 0.00941429 0.0292035 0.0637679 0.00545956 9.9964E-05 0.0562187 9.9964E-05 0.00242892 9.9964E-05 9.9964E-05 0.108651
9.9946E-05 0.0200867 9.9946E-05 0.0425592 9.9946E-05 9.9946E-05 0.000841772 0.876138 0.0289044 0.0308699 9.9946E-05 9.9946E-05
0.165364 0.032376 0.203625 9.9946E-05 9.9946E-05 9.9946E-05 0.0155072 0.559051 9.9946E-05 0.0234764 9.9946E-05 9.9946E-05
9.9955E-05 0.0315083 0.0293288 0.0603032 9.9955E-05 9.9955E-05 0.0583598 0.718878 0.00528314 9.9955E-05 9.9955E-05 0.0958387
9.9946E-05 9.9946E-05 0.172238 0.0071511 9.9946E-05 9.9946E-05 0.089063 0.624905 0.045932 9.9946E-05 0.0601113 9.9946E-05
9.9937E-05 0.0565195 9.9937E-05 9.9937E-05 0.0411838 9.9937E-05 0.111903 0.761273 9.9937E-05 9.9937E-05 9.9937E-05 0.0284215
0.0900175 0.0180539 0.168623 9.9964E-05 0.0273112 0.0521293 9.9964E-05 0.634635 0.00324514 0.00558494 9.9964E-05 9.9964E-05
0.00285498 9.9955E-05 0.00965247 9.9955E-05 9.9955E-05 9.9955E-05 0.0720357 0.821027 0.00281716 0.0557853 0.0353281 9.9955E-05
0.0165632 0.0237834 0.196694 0.0248878 9.9973E-05 9.9973E-05 0.000659364 0.683823 0.00821078 0.0343947 9.9973E-05 0.0106833
9.99549E-05 0.0339022 9.99549E-05 0.00938355 9.99549E-05 0.244568 9.99549E-05 0.530119 0.0388202 0.0124319 9.99549E-05 0.130275
0.0857103 9.9919E-05 9.9919E-05 9.9919E-05 9.9919E-05 9.9919E-05 0.150159 0.763231 9.9919E-05 9.9919E-05 9.9919E-05 9.9919E-05
9.9937E-05 0.0102007 9.9937E-05 9.9937E-05 0.0764459 9.9937E-05 0.0739658 0.829075 0.0096129 9.9937E-05 9.9937E-05 9.9937E-05
9.9937E-05 9.9937E-05 0.417825 0.0232336 9.9937E-05 9.9937E-05 0.132859 0.372848 9.9937E-05 9.9937E-05 0.0525354 9.9937E-05
9.9964E-05 9.9964E-05 0.250709 9.9964E-05 0.0212089 0.0119971 0.144376 0.436408 0.01073 9.9964E-05 0.018978 0.105193
0.0658878 9.9955E-05 0.412841 9.9955E-05 9.9955E-05 0.1134 0.0912753 0.141864 0.0155138 9.9955E-05 9.9955E-05 0.158718
9.9955E-05 0.0309147 0.88971 0.0313928 9.9955E-05 9.9955E-05 9.9955E-05 9.9955E-05 0.0127722 0.0146592 0.011892 0.00815942
9.9955E-05 0.0358391 0.849414 0.016242 0.0199295 0.0621341 9.9955E-05 9.9955E-05 9.9955E-05 0.00228827 0.0136532 9.9955E-05
0.0182847 9.9919E-05 0.974406 9.9919E-05 0.00640962 9.9919E-05 9.9919E-05 9.9919E-05 9.9919E-05 9.9919E-05 9.9919E-05 9.9919E-05
9.9937E-05 0.0314192 0.951883 9.9937E-05 9.9937E-05 9.9937E-05 0.00970537 9.9937E-05 0.0032378 9.9937E-05 9.9937E-05 0.00305545
9.99011E-05 9.99011E-05 0.998901 9.99011E-05 9.99011E-05 9.99011E-05 9.99011E-05 9.99011E-05 9.99011E-05 9.99011E-05 9.99011E-05 9.99011E-05
9.9928E-05 0.0288877 0.826083 0.00852101 9.9928E-05 0.135709 9.9928E-05 9.9928E-05 9.9928E-05 9.9928E-05 9.9928E-05 9.9928E-05
9.9955E-05 9.9955E-05 0.804977 0.0400906 0.0135583 0.0693865 9.9955E-05 9.9955E-05 0.0104433 0.0415941 0.0194505 9.9955E-05
9.9928E-05 9.9928E-05 0.870917 9.9928E-05 9.9928E-05 9.9928E-05 0.100679 9.9928E-05 0.026126 0.00147843 9.9928E-05 9.9928E-05
0.0889761 0.0119764 0.184404 9.9973E-05 0.0108786 0.0960949 9.9973E-05 0.573726 0.0177707 0.00699095 0.00888253 9.9973E-05
0.0965985 0.020181 0.219632 9.9946E-05 9.9946E-05 0.0349235 9.9946E-05 0.611076 9.9946E-05 0.0169892 9.9946E-05 9.9946E-05
9.9964E-05 9.9964E-05 0.130867 0.0684866 0.00537357 0.108701 9.9964E-05 0.572035 9.9964E-05 0.0422653 0.042555 0.0293155
9.9946E-05 0.0120654 0.047231 0.0567668 9.9946E-05 0.0343197 9.9946E-05 0.697918 9.9946E-05 9.9946E-05 9.9946E-05 0.151099
9.9955E-05 0.0103073 0.0581428 0.0186194 9.9955E-05 0.157663 9.9955E-05 0.666927 0.0487254 9.9955E-05 0.0391155 9.9955E-05
9.9937E-05 9.9937E-05 0.133485 9.9937E-05 0.149335 0.18065 9.9937E-05 0.513498 9.9937E-05 9.9937E-05 0.0223322 9.9937E-05
0.0133405 0.0471238 0.263665 0.00831867 0.0104188 0.108486 9.9982E-05 0.44094 0.00583746 9.9982E-05 0.0254567 0.0762131
9.9937E-05 9.9937E-05 0.0820135 9.9937E-05 0.0663981 9.9937E-05 0.12181 0.697008 9.9937E-05 0.0320716 9.9937E-05 9.9937E-05
9.9955E-05 9.9955E-05 0.0350281 9.9955E-05 0.0428082 0.00372999 0.0852856 0.805031 0.0253203 0.00229723 9.9955E-05 9.9955E-05
9.9964E-05 0.0457117 0.0310428 9.9964E-05 9.9964E-05 0.0520745 0.0945452 0.711148 0.00345561 0.00302052 9.9964E-05 0.0586019
0.00935443 0.012688 0.198767 0.103226 9.9964E-05 0.00423676 0.12466 0.528692 9.9964E-05 9.9964E-05 9.9964E-05 0.0179754
9.9946E-05 0.0240186 0.304862 0.0622362 9.9946E-05 9.9946E-05 9.9946E-05 0.534466 0.0331368 0.0406813 9.9946E-05 9.9946E-05
9.9946E-05 0.0176111 9.9946E-05 9.9946E-05 9.9946E-05 9.9946E-05 9.9946E-05 0.869327 0.0100291 0.00345116 0.00874 0.0902417
9.9946E-05 0.00211344 9.9946E-05 9.9946E-05 0.0462409 0.918349 0.00607924 0.0155196 0.0110981 9.9946E-05 9.9946E-05 9.9946E-05
9.9937E-05 9.9937E-05 0.0248678 9.9937E-05 9.9937E-05 0.882327 9.9937E-05 0.0479027 0.00166963 0.0425333 9.9937E-05 9.9937E-05
9.9928E-05 9.9928E-05 9.9928E-05 0.010068 0.0262623 0.946516 9.9928E-05 9.9928E-05 9.9928E-05 9.9928E-05 0.0163542 9.9928E-05
9.9955E-05 9.9955E-05 0.0659036 0.00871617 0.00969956 0.830986 9.9955E-05 9.9955E-05 0.0316143 0.0140512 0.0385291 9.9955E-05
9.9955E-05 9.9955E-05 0.0613253 0.00392729 9.9955E-05 0.86857 9.9955E-05 9.9955E-05 0.0294666 0.00860387 0.00852175 0.0190851
0.0143146 9.9973E-05 0.0347472 0.0590568 0.00307658 0.477765 0.348328 0.000433471 0.0202815 0.0416965 9.9973E-05 9.9973E-05
9.991E-05 9.991E-05 9.991E-05 9.991E-05 9.991E-05 0.986433 0.0125682 9.991E-05 9.991E-05 9.991E-05 9.991E-05 9.991E-05
0.0341483 0.00119662 9.9955E-05 0.0681477 9.9955E-05 0.675723 0.140326 9.9955E-05 9.9955E-05 9.9955E-05 0.0634089 0.0165494
