9.99461E-05 0.169942 9.99461E-05 0.648058 9.99461E-05 9.99461E-05 9.99461E-05 9.99461E-05 0.1814
0.0417596 9.9946E-05 9.9946E-05 0.902911 9.9946E-05 9.9946E-05 9.9946E-05 0.0547293 9.9946E-05
9.99461E-05 9.99461E-05 9.99461E-05 0.361571 9.99461E-05 9.99461E-05 9.99461E-05 0.0132345 0.624594
0.999201 9.993E-05 9.993E-05 9.993E-05 9.993E-05 9.993E-05 9.993E-05 9.993E-05 9.993E-05
0.101773 9.9946E-05 9.9946E-05 9.9946E-05 9.9946E-05 0.896688 9.9946E-05 9.9946E-05 0.000939771
9.9955E-05 9.9955E-05 0.671496 0.141292 9.9955E-05 9.9955E-05 0.0904465 9.9955E-05 0.0962662
0.0628487 9.9946E-05 9.9946E-05 9.9946E-05 0.779193 9.9946E-05 0.157358 9.9946E-05 9.9946E-05
0.0601761 9.99551E-05 9.99551E-05 0.838821 0.0742434 9.99551E-05 9.99551E-05 9.99551E-05 0.0262598
9.99372E-05 9.99372E-05 0.361896 9.99372E-05 9.99372E-05 9.99372E-05 0.637404 9.99372E-05 9.99372E-05
9.99371E-05 9.99371E-05 9.99371E-05 9.99371E-05 0.267941 0.73136 9.99371E-05 9.99371E-05 9.99371E-05
9.993E-05 9.993E-05 9.993E-05 9.993E-05 0.999201 9.993E-05 9.993E-05 9.993E-05 9.993E-05
9.99371E-05 9.99371E-05 0.134006 0.865295 9.99371E-05 9.99371E-05 9.99371E-05 9.99371E-05 9.99371E-05
9.9973E-05 0.549636 9.9973E-05 0.0172605 0.0525443 0.0479686 0.133999 9.9973E-05 0.198291
0.240057 9.99462E-05 9.99462E-05 9.99462E-05 0.521712 9.99462E-05 9.99462E-05 9.99462E-05 0.237632
9.993E-05 9.993E-05 9.993E-05 9.993E-05 9.993E-05 0.999201 9.993E-05 9.993E-05 9.993E-05
9.99371E-05 9.99371E-05 9.99371E-05 9.99371E-05 9.99371E-05 9.99371E-05 0.995211 9.99371E-05 0.00408963
0.492707 9.99461E-05 0.0493848 0.457309 9.99461E-05 9.99461E-05 9.99461E-05 9.99461E-05 9.99461E-05
9.9955E-05 9.9955E-05 0.0106265 9.9955E-05 0.147723 0.240977 0.600174 9.9955E-05 9.9955E-05
9.9937E-05 9.9937E-05 0.94459 0.0547108 9.9937E-05 9.9937E-05 9.9937E-05 9.9937E-05 9.9937E-05
9.993E-05 9.993E-05 9.993E-05 9.993E-05 9.993E-05 9.993E-05 9.993E-05 0.999201 9.993E-05
0.00830927 0.0233546 9.99551E-05 0.0562372 9.99551E-05 9.99551E-05 9.99551E-05 0.911599 9.99551E-05
0.213321 9.99461E-05 0.130221 9.99461E-05 9.99461E-05 9.99461E-05 0.655858 9.99461E-05 9.99461E-05
9.99551E-05 0.213205 9.99551E-05 9.99551E-05 9.99551E-05 0.120549 0.575319 0.0904278 9.99551E-05
0.710801 9.99461E-05 9.99461E-05 9.99461E-05 0.119834 9.99461E-05 9.99461E-05 0.168765 9.99461E-05
0.101385 0.0593346 9.9955E-05 9.9955E-05 9.9955E-05 9.9955E-05 9.9955E-05 0.00464843 0.834132
9.99461E-05 9.99461E-05 9.99461E-05 9.99461E-05 9.99461E-05 0.824242 0.000533094 0.174625 9.99461E-05
0.891458 9.99371E-05 9.99371E-05 9.99371E-05 9.99371E-05 9.99371E-05 9.99371E-05 9.99371E-05 0.107843
0.145885 0.237614 0.431325 9.99641E-05 0.140189 9.99641E-05 0.044587 9.99641E-05 9.99641E-05
9.993E-05 9.993E-05 9.993E-05 0.999201 9.993E-05 9.993E-05 9.993E-05 9.993E-05 9.993E-05
0.40619 9.99462E-05 0.582931 0.0102791 9.99462E-05 9.99462E-05 9.99462E-05 9.99462E-05 9.99462E-05
9.9937E-05 9.9937E-05 9.9937E-05 9.9937E-05 0.461377 9.9937E-05 9.9937E-05 9.9937E-05 0.537924
9.993E-05 9.993E-05 9.993E-05 9.993E-05 9.993E-05 9.993E-05 9.993E-05 9.993E-05 0.999201
9.9955E-05 0.0980898 9.9955E-05 9.9955E-05 0.756965 0.13666 9.9955E-05 9.9955E-05 0.00778491
9.99461E-05 9.99461E-05 0.837346 9.99461E-05 9.99461E-05 9.99461E-05 0.0595751 9.99461E-05 0.102479
0.896746 9.9937E-05 9.9937E-05 0.102554 9.9937E-05 9.9937E-05 9.9937E-05 9.9937E-05 9.9937E-05
9.99461E-05 9.99461E-05 9.99461E-05 0.00829162 9.99461E-05 9.99461E-05 0.878975 0.112134 9.99461E-05
9.9955E-05 9.9955E-05 0.602919 0.0611951 9.9955E-05 9.9955E-05 0.233712 0.101674 9.9955E-05
9.99551E-05 0.0402341 0.937455 9.99551E-05 0.0175256 9.99551E-05 0.00428579 9.99551E-05 9.99551E-05
9.994E-05 9.994E-05 0.0395097 0.0982671 0.861624 9.994E-05 9.994E-05 9.994E-05 9.994E-05
0.186566 0.00784775 0.725474 9.99551E-05 9.99551E-05 0.0796117 9.99551E-05 9.99551E-05 9.99551E-05
9.99371E-05 9.99371E-05 0.83987 0.15943 9.99371E-05 9.99371E-05 9.99371E-05 9.99371E-05 9.99371E-05
0.153623 9.9946E-05 0.152217 0.693561 9.9946E-05 9.9946E-05 9.9946E-05 9.9946E-05 9.9946E-05
9.993E-05 9.993E-05 9.993E-05 9.993E-05 9.993E-05 9.993E-05 9.993E-05 0.999201 9.993E-05
9.99371E-05 9.99371E-05 9.99371E-05 9.99371E-05 9.99371E-05 9.99371E-05 0.000648791 9.99371E-05 0.998652
9.993E-05 0.999201 9.993E-05 9.993E-05 9.993E-05 9.993E-05 9.993E-05 9.993E-05 9.993E-05
0.260973 9.99461E-05 9.99461E-05 0.69914 9.99461E-05 9.99461E-05 0.0392879 9.99461E-05 9.99461E-05
9.99461E-05 9.99461E-05 0.0566977 9.99461E-05 9.99461E-05 9.99461E-05 0.798129 0.144573 9.99461E-05
9.99462E-05 0.0764289 0.738799 9.99462E-05 9.99462E-05 9.99462E-05 0.184172 9.99462E-05 9.99462E-05
9.993E-05 0.999201 9.993E-05 9.993E-05 9.993E-05 9.993E-05 9.993E-05 9.993E-05 9.993E-05
9.99461E-05 9.99461E-05 0.184312 9.99461E-05 0.0926244 9.99461E-05 9.99461E-05 0.722464 9.99461E-05
