9.9973E-05 0.0180135 0.981687 9.9973E-05 9.9973E-05
0.133022 9.9982E-05 0.730003 0.136775 9.9982E-05
9.9982E-05 9.9982E-05 0.882078 0.0553141 0.0624076
0.0162789 9.9991E-05 0.84232 0.0981566 0.0431445
0.0505497 0.0529755 0.842222 0.0432905 0.0109627
9.9982E-05 0.00534543 0.921657 0.0727978 9.9982E-05
9.9973E-05 9.9973E-05 0.932062 0.067638 9.9973E-05
0.0423278 0.000619052 0.869633 0.08732 9.9991E-05
9.9982E-05 9.9982E-05 0.816699 0.157878 0.0252239
9.9982E-05 9.9982E-05 0.855073 0.105517 0.0392099
0.065741 9.9991E-05 0.777224 0.142492 0.014443
0.025509 0.0630165 0.775539 0.040556 0.095379
0.0508802 0.0286587 0.83653 0.0838312 9.9991E-05
9.999E-05 0.0319354 0.721491 0.152393 0.0940811
0.0511698 9.9991E-05 0.862708 0.0408517 0.0451709
9.9973E-05 9.9973E-05 0.915003 0.0846969 9.9973E-05
9.997E-05 9.997E-05 0.9996 9.997E-05 9.997E-05
9.9973E-05 0.00582861 0.993871 9.9973E-05 9.9973E-05
9.9973E-05 0.0299596 0.96974 9.9973E-05 9.9973E-05
0.0274794 9.9982E-05 0.946217 9.9982E-05 0.026104
9.997E-05 9.997E-05 9.997E-05 9.997E-05 0.9996
0.0478082 0.113203 0.0280129 0.0636714 0.747305
0.0573781 0.104389 0.0650744 0.0720232 0.701136
9.9982E-05 0.163125 0.00902356 9.9982E-05 0.827652
0.00689736 9.9982E-05 0.0255347 9.9982E-05 0.967368
0.0282336 9.9982E-05 0.0439276 9.9982E-05 0.927639
0.0341253 0.141223 9.9991E-05 0.0293382 0.795213
9.997E-05 9.997E-05 9.997E-05 9.997E-05 0.9996
0.0757041 0.0149224 9.9991E-05 0.111628 0.797646
0.119217 0.125753 0.0236458 0.0991495 0.632235
0.0628951 9.9982E-05 9.9982E-05 0.180322 0.756583
0.0257423 0.174598 9.9991E-05 0.0486163 0.750943
0.0590382 0.0828818 0.0430924 0.0857282 0.729259
0.151027 0.00267444 9.9991E-05 0.146694 0.699505
0.19594 0.0553183 0.0420147 0.0942009 0.612526
0.243598 9.9991E-05 0.0824015 0.197922 0.475979
0.162456 0.128241 0.0251417 0.0539801 0.630182
0.023067 0.822133 9.99951E-05 0.0960207 0.0586789
0.163257 0.790711 9.9982E-05 0.0458318 9.9982E-05
0.0608001 0.823364 0.0240669 0.0753161 0.0164532
0.0429467 0.841625 0.0209281 0.0498923 0.0446083
0.0701122 0.852455 0.0237909 0.0157193 0.0379225
0.0400808 0.897174 0.0191019 0.0435435 9.9991E-05
0.0571437 0.681465 0.0698504 0.182935 0.00860665
0.101572 0.803071 9.9991E-05 0.0558158 0.0394412
9.9991E-05 0.797457 0.0489895 0.0994934 0.0539599
0.0783167 0.901999 9.9982E-05 0.0194847 9.9982E-05
0.00607368 0.961959 0.0171565 9.9991E-05 0.0147108
9.9982E-05 0.965694 0.00463016 9.9982E-05 0.029476
0.0204957 0.828388 0.0296832 0.121334 9.9991E-05
9.9982E-05 0.960336 9.9982E-05 0.027593 0.0118713
9.9982E-05 0.91736 9.9982E-05 0.0725454 0.00989513
0.041568 0.939588 0.0155457 9.9991E-05 0.00319872
0.00622751 0.861146 0.116696 9.9991E-05 0.0158299
0.0461007 0.852278 0.0546819 0.0468397 9.9991E-05
0.0894433 0.734939 0.0372182 0.0967095 0.0416903
9.9991E-05 0.822008 0.0834263 0.0280893 0.0663765
0.568813 0.16858 0.0316652 0.0895763 0.141366
0.851225 9.9991E-05 0.0481012 0.0652014 0.0353722
0.731586 0.0480181 0.0129062 0.124583 0.0829066
0.798168 0.165249 0.0165484 0.000429005 0.0196053
0.850924 0.0437764 9.9991E-05 0.0718894 0.0333097
0.772268 0.123176 0.0373827 0.039837 0.0273369
0.862629 0.069058 0.0138522 0.0164129 0.0380479
0.894598 0.0175734 9.9991E-05 0.0384645 0.0492641
0.651363 0.102417 0.14446 0.101659 9.9991E-05
0.683524 0.0709754 0.0489903 0.0434331 0.153077
0.821554 0.0353621 0.0307444 0.0217985 0.0905412
0.853297 9.9973E-05 9.9973E-05 9.9973E-05 0.146403
0.798144 9.9991E-05 0.065599 0.0645541 0.0716029
0.843519 0.0381415 0.0612265 9.9991E-05 0.057013
0.799644 0.0968982 0.00148961 0.00271656 0.0992517
0.797536 0.0534591 0.0151008 0.00426104 0.129643
0.673317 0.04903 0.0241518 0.0973266 0.156174
0.487321 0.366232 9.9982E-05 9.9982E-05 0.146247
0.609597 0.298184 0.0763516 9.9991E-05 0.0157666
0.376786 0.527814 0.0952001 9.9982E-05 9.9982E-05
0.87129 0.10491 0.0079558 9.9991E-05 0.0157443
0.591373 0.161151 0.0635582 0.081765 0.102153
0.800307 0.189329 9.9982E-05 0.010164 9.9982E-05
0.643923 0.166869 0.0729082 0.0158118 0.100488
0.784169 0.0588379 0.0242587 0.0414074 0.0913268
0.779328 0.0950414 0.125431 9.9982E-05 9.9982E-05
0.350565 0.326797 0.0390748 0.261506 0.0220575
0.115155 0.252398 0.0103845 0.621963 9.9991E-05
0.525524 0.139789 0.0429523 0.2283 0.0634346
0.710986 0.12933 0.074662 0.0835597 0.00146231
0.664624 0.164984 0.0150807 0.131418 0.023894
0.723617 0.110324 0.0273397 0.0613211 0.0773982
0.908575 9.9982E-05 0.0226303 9.9982E-05 0.0685946
0.693768 0.184427 0.0145898 0.0159422 0.0912726
0.779366 0.127993 9.9991E-05 0.0551341 0.0374064
0.629777 9.9991E-05 0.13891 0.154607 0.0766066
0.607589 9.9991E-05 0.133821 0.132644 0.125846
0.699577 0.0189374 0.0436839 0.186729 0.051072
0.679547 9.9991E-05 0.0963303 0.154163 0.0698598
0.669623 0.0499468 0.0385963 0.241733 9.9991E-05
0.725646 0.183161 0.0842269 9.9991E-05 0.00686609
0.769091 0.0883943 0.0376738 9.9991E-05 0.104741
0.790018 0.164306 0.0334352 0.0121415 9.9991E-05
0.747509 0.0164544 0.0438911 0.0754748 0.116671
0.790728 9.9991E-05 0.0248619 0.179085 0.00522567
0.822797 9.9991E-05 0.0390713 0.0654001 0.0726313
0.963839 9.9982E-05 0.0319643 0.00399631 9.9982E-05
0.718409 0.0189082 0.0837262 0.135753 0.043203
0.787239 0.0904385 0.0230563 0.0288848 0.0703814
0.761496 0.0481128 0.0778034 0.102061 0.0105265
0.742007 0.167421 0.0495991 0.0356394 0.00533338
0.746358 0.0937774 0.0676583 0.0386118 0.0535943
0.700836 0.0673368 0.0513603 0.0163652 0.164101
0.804539 0.195161 9.9973E-05 9.9973E-05 9.9973E-05
0.975038 9.9982E-05 0.0176482 0.00711375 9.9982E-05
0.78884 0.21086 9.9973E-05 9.9973E-05 9.9973E-05
0.804811 0.00401479 0.0698272 0.121247 9.9991E-05
0.723717 0.0402716 0.0289527 0.0717387 0.13532
0.755 9.9991E-05 0.0721165 0.0315737 0.141209
0.780615 0.125941 0.0441275 9.9991E-05 0.0492173
0.759046 0.131023 0.0163233 9.9991E-05 0.0935075
0.86511 0.000289 0.0791029 0.055398 9.9991E-05
0.679593 0.153765 0.0885405 0.0780013 9.9991E-05
0.594395 9.9991E-05 0.0371158 0.144087 0.224302
0.632758 9.9982E-05 9.9982E-05 0.212551 0.154491
0.60879 9.9991E-05 0.00417036 0.122967 0.263972
0.550322 9.9991E-05 0.0556512 0.171583 0.222344
0.510156 0.0349669 0.0485244 0.186913 0.21944
0.438996 0.0101513 9.9991E-05 0.296961 0.253791
0.439685 0.0638396 0.057694 0.19995 0.238832
0.540023 9.9991E-05 0.101057 0.0864413 0.272379
0.423685 0.147952 0.023555 0.161126 0.243682
0.497689 0.0706738 0.0421429 0.177353 0.212142
0.529087 0.0521348 0.0245089 0.115629 0.278641
0.0204295 0.0669069 9.9991E-05 0.871922 0.0406411
0.00179965 0.100827 0.012934 0.83417 0.0502698
0.0331767 0.110622 0.0249697 0.746519 0.0847134
9.9991E-05 0.166531 0.0299414 0.774708 0.0287196
0.0189009 0.135619 0.0485759 0.777965 0.0189388
0.0825467 0.0352769 0.0129127 0.795448 0.0738153
9.9982E-05 0.170485 9.9982E-05 0.760232 0.0690831
0.0678593 0.0228693 9.9991E-05 0.863129 0.0460428
0.162522 0.149774 0.0487038 0.587347 0.0516531
9.9991E-05 0.241966 0.00611727 0.736847 0.0149691
9.9991E-05 0.117035 0.0427099 0.822378 0.017777
9.9991E-05 0.169287 0.0480978 0.779944 0.00257113
0.100957 0.145303 0.039952 0.69215 0.0216381
0.159632 0.169065 0.0163791 0.654824 9.9991E-05
0.117829 9.9991E-05 0.057362 0.797106 0.0276036
0.0658859 0.00929068 0.0982465 0.826477 9.9991E-05
0.030449 0.118256 9.9982E-05 0.851095 9.9982E-05
0.0724651 0.071009 0.0279187 0.828507 9.9991E-05
9.9991E-05 0.0729172 0.0238531 0.882392 0.0207381
0.102414 0.0616476 0.0144548 0.817377 0.00410658
0.0859922 9.9991E-05 0.0757854 0.771042 0.0670803
0.0071633 0.144176 9.9991E-05 0.80647 0.0420912
0.0851228 0.00341489 0.0397095 0.835645 0.0361081
0.0237748 0.0965438 0.0437946 0.824833 0.0110542
0.0884852 9.9991E-05 0.0211009 0.786835 0.103479
0.111272 9.9991E-05 0.0555704 0.759103 0.0739541
0.0248946 0.0580547 0.0416926 0.823326 0.0520316
0.099153 0.0163551 0.0649262 0.808464 0.0111021
0.0779064 0.0934166 0.0557998 0.759084 0.0137938
9.9982E-05 0.158055 9.9982E-05 0.781465 0.0602805
9.9973E-05 0.16828 9.9973E-05 0.83142 9.9973E-05
9.9991E-05 0.201377 0.0680477 0.673645 0.0568303
9.9991E-05 0.146898 0.00567942 0.713163 0.13416
0.0810972 9.9982E-05 9.9982E-05 0.873839 0.0448636
0.0660434 9.9991E-05 0.0253431 0.866582 0.041932
9.9991E-05 0.72598 0.0453548 0.160815 0.0677508
0.0457318 0.604399 0.0623281 0.238187 0.0493538
0.091091 0.546463 0.125019 0.180591 0.0568358
0.0848579 0.565191 0.101735 0.236595 0.0116217
0.0296807 0.618513 0.108746 0.176511 0.0665492
9.9982E-05 0.769677 9.9982E-05 0.162359 0.0677643
9.9991E-05 0.84236 0.0037175 0.0956143 0.0582082
9.9991E-05 0.650138 0.109593 0.060037 0.180132
