0.000740471 0.00252673 9.9955E-05 0.00638759 9.9955E-05 0.0310304 9.9955E-05 0.0134498 9.9955E-05 0.0137762 0.918581 0.0130085 9.9955E-05
0.0277237 9.9955E-05 9.9955E-05 9.9955E-05 0.0278647 0.0024315 0.0208308 0.0313604 0.0955669 0.0926064 0.701116 9.9955E-05 9.9955E-05
9.9928E-05 9.9928E-05 9.9928E-05 9.9928E-05 0.0988523 9.9928E-05 9.9928E-05 0.000846556 9.9928E-05 0.116935 0.754748 0.0278187 9.9928E-05
0.0151951 9.9955E-05 0.0151959 0.00445199 9.9955E-05 9.9955E-05 0.101848 0.0153599 0.0675175 9.9955E-05 0.768427 0.011505 9.9955E-05
9.9937E-05 0.00166691 9.9937E-05 9.9937E-05 9.9937E-05 9.9937E-05 0.135323 0.00562839 0.0607145 9.9937E-05 0.767999 9.9937E-05 0.0279689
0.0199912 0.0373198 9.9928E-05 0.0136479 0.0989729 9.9928E-05 9.9928E-05 9.9928E-05 9.9928E-05 9.9928E-05 0.829269 9.9928E-05 9.9928E-05
0.0181162 9.9928E-05 9.9928E-05 0.0125741 9.9928E-05 9.9928E-05 0.0452499 9.9928E-05 0.0675403 9.9928E-05 0.85572 9.9928E-05 9.9928E-05
0.0167799 0.000331901 0.032466 0.029369 9.9964E-05 0.0525452 0.0215687 9.9964E-05 0.0193567 0.0129181 0.814265 9.9964E-05 9.9964E-05
0.0144621 9.9928E-05 9.9928E-05 9.9928E-05 9.9928E-05 9.9928E-05 0.0917547 0.020654 0.128909 9.9928E-05 0.743421 9.9928E-05 9.9928E-05
0.0159371 9.9937E-05 0.0909634 0.0211284 9.9937E-05 9.9937E-05 9.9937E-05 9.9937E-05 9.9937E-05 0.0245082 0.799091 0.0476728 9.9937E-05
0.0187413 0.0135933 0.0165711 9.9946E-05 9.9946E-05 9.9946E-05 9.9946E-05 9.9946E-05 0.123178 0.101011 0.706028 0.0202772 9.9946E-05
9.9946E-05 0.0165079 9.9946E-05 0.00219964 9.9946E-05 9.9946E-05 9.9946E-05 0.0130814 0.0647594 0.0873873 0.738878 0.0765861 9.9946E-05
0.0437572 9.9946E-05 0.0729916 0.0206161 9.9946E-05 9.9946E-05 0.0602257 9.9946E-05 9.9946E-05 9.9946E-05 0.7608 0.00173562 0.039274
0.0230769 0.00261723 0.0252128 9.9955E-05 0.123981 9.9955E-05 9.9955E-05 0.00816066 9.9955E-05 0.0775051 0.68863 0.0503168 9.9955E-05
9.9955E-05 9.9955E-05 9.9955E-05 9.9955E-05 0.0253987 9.9955E-05 0.0753737 0.0140265 0.024582 0.0348493 0.774397 0.0305994 0.0202735
0.00575006 0.000857384 9.9928E-05 9.9928E-05 9.9928E-05 9.9928E-05 9.9928E-05 9.9928E-05 0.147375 9.9928E-05 0.829211 9.9928E-05 0.0160075
9.9919E-05 0.0339115 9.9919E-05 0.0115706 9.9919E-05 9.9919E-05 9.9919E-05 9.9919E-05 9.9919E-05 9.9919E-05 0.923163 9.9919E-05 0.0304558
9.991E-05 9.991E-05 9.991E-05 9.991E-05 9.991E-05 0.000766332 9.991E-05 9.991E-05 9.991E-05 9.991E-05 0.930549 9.991E-05 0.0676858
0.0281681 9.9928E-05 9.9928E-05 9.9928E-05 9.9928E-05 0.0378798 9.9928E-05 0.0116729 9.9928E-05 9.9928E-05 0.918645 9.9928E-05 0.00283489
9.9928E-05 0.0278054 9.9928E-05 0.0320318 9.9928E-05 9.9928E-05 9.9928E-05 9.9928E-05 9.9928E-05 9.9928E-05 0.880057 0.0238312 0.0354753
9.98918E-05 9.98918E-05 9.98918E-05 9.98918E-05 9.98918E-05 9.98918E-05 9.98918E-05 9.98918E-05 9.98918E-05 9.98918E-05 9.98918E-05 0.998801 9.98918E-05
0.00235525 9.9919E-05 0.133005 9.9919E-05 9.9919E-05 9.9919E-05 9.9919E-05 9.9919E-05 9.9919E-05 0.234156 9.9919E-05 0.629584 9.9919E-05
9.996E-05 9.996E-05 0.00191873 0.00685538 9.996E-05 0.0797438 0.106402 9.996E-05 0.106836 0.0312577 0.0300699 0.601938 0.0345786
9.9946E-05 0.00737684 9.9946E-05 0.0193151 0.0254799 0.125851 0.0314996 9.9946E-05 9.9946E-05 9.9946E-05 9.9946E-05 0.712313 0.0775653
0.00126924 9.9946E-05 9.9946E-05 0.0121343 0.0410933 9.9946E-05 0.118213 9.9946E-05 9.9946E-05 0.0255065 0.014045 0.787139 9.9946E-05
9.993E-05 0.0181483 9.993E-05 0.000641111 0.0550707 9.993E-05 0.158332 9.993E-05 9.993E-05 9.993E-05 0.0269713 0.740137 9.993E-05
9.9937E-05 9.9937E-05 9.9937E-05 9.9937E-05 9.9937E-05 0.0869412 0.0822907 0.00640853 0.0731167 9.9937E-05 9.9937E-05 0.634467 0.116076
9.98918E-05 9.98918E-05 9.98918E-05 9.98918E-05 9.98918E-05 9.98918E-05 9.98918E-05 9.98918E-05 9.98918E-05 9.98918E-05 9.98918E-05 0.998801 9.98918E-05
0.0104276 9.9937E-05 9.9937E-05 0.0163341 0.18812 9.9937E-05 0.133822 9.9937E-05 9.9937E-05 0.0426569 9.9937E-05 0.60794 9.9937E-05
0.0303586 9.9937E-05 9.9937E-05 9.9937E-05 0.104181 0.0576374 0.130131 9.9937E-05 9.9937E-05 9.9937E-05 9.9937E-05 0.506066 0.170926
9.9964E-05 0.0172303 0.0448049 9.9964E-05 0.0349904 9.9964E-05 0.116337 0.0054644 0.0603893 0.030563 9.9964E-05 0.655224 0.0345967
0.00482114 0.0103656 9.9946E-05 9.9946E-05 9.9946E-05 0.0473556 0.0842032 9.9946E-05 0.112988 9.9946E-05 9.9946E-05 0.636955 0.102711
0.0207337 9.9946E-05 0.0189954 9.9946E-05 0.0968685 0.0756228 0.160317 9.9946E-05 9.9946E-05 9.9946E-05 0.0270322 0.59983 9.9946E-05
0.0498829 9.99459E-05 0.160264 0.0273667 9.99459E-05 9.99459E-05 0.0282963 0.0411977 9.99459E-05 0.127016 9.99459E-05 0.565377 9.99459E-05
0.0182636 9.9973E-05 0.0747988 0.0292324 9.9973E-05 0.0408132 0.167331 0.014419 9.9973E-05 0.13562 0.00807452 0.492355 0.0187923
9.99279E-05 9.99279E-05 9.99279E-05 9.99279E-05 9.99279E-05 9.99279E-05 9.99279E-05 0.0566042 0.248694 0.29601 0.0329138 0.364979 9.99279E-05
9.9937E-05 9.9937E-05 9.9937E-05 9.9937E-05 0.0127602 0.0629119 9.9937E-05 0.0103575 0.041751 9.9937E-05 9.9937E-05 0.594349 0.277171
0.0144597 0.0232211 0.14774 9.9955E-05 9.9955E-05 0.663929 0.0190827 9.9955E-05 9.9955E-05 0.0262294 9.9955E-05 0.0293687 0.0754696
0.0251531 0.00349844 9.99459E-05 9.99459E-05 9.99459E-05 0.626717 0.0809197 9.99459E-05 0.0952586 0.134764 9.99459E-05 9.99459E-05 0.0330889
0.0398324 0.0230629 9.9946E-05 9.9946E-05 0.148673 0.658465 0.0739779 0.0341922 9.9946E-05 0.0211966 9.9946E-05 9.9946E-05 9.9946E-05
0.0133648 9.9928E-05 9.9928E-05 9.9928E-05 9.9928E-05 0.618246 9.9928E-05 0.00142677 0.194285 9.9928E-05 9.9928E-05 9.9928E-05 0.171877
0.0504131 0.0122316 9.9955E-05 9.9955E-05 9.9955E-05 0.663474 9.9955E-05 0.0441519 0.120647 0.0995945 0.0039397 0.00504842 9.9955E-05
0.024308 0.00240098 9.9946E-05 0.00722149 0.122088 0.742467 0.0353418 9.9946E-05 9.9946E-05 9.9946E-05 9.9946E-05 9.9946E-05 0.0655737
0.0295604 0.0180788 0.0633971 0.0112548 0.00872943 0.598506 0.0502714 0.0350869 0.102403 0.047879 0.0346326 9.9982E-05 9.9982E-05
0.0310607 9.9955E-05 0.0236942 0.00249456 0.0850899 0.626483 9.9955E-05 9.9955E-05 0.00549983 9.9955E-05 9.9955E-05 0.0120079 0.21317
9.9937E-05 9.9937E-05 9.9937E-05 0.0066818 9.9937E-05 0.621218 0.0645405 9.9937E-05 0.188487 9.9937E-05 0.0162527 9.9937E-05 0.102121
0.0416957 0.0285092 9.9937E-05 0.0234379 0.120281 0.724647 9.9937E-05 9.9937E-05 9.9937E-05 9.9937E-05 9.9937E-05 9.9937E-05 0.0607298
0.0289762 9.9955E-05 0.15482 0.0042032 9.9955E-05 0.720337 9.9955E-05 0.0203924 9.9955E-05 0.0338566 0.0042513 9.9955E-05 0.0326637
0.0440065 0.0217836 9.9946E-05 9.9946E-05 9.9946E-05 0.815836 9.9946E-05 0.0214731 0.0318378 9.9946E-05 0.0191231 0.0453401 9.9946E-05
0.0590988 0.000876477 0.161495 0.00363887 9.9964E-05 0.578763 9.9964E-05 0.0303301 0.11223 9.9964E-05 9.9964E-05 0.0161061 0.0370612
9.99349E-05 0.053701 9.99349E-05 9.99349E-05 9.99349E-05 0.754 0.115703 0.0149344 0.0608614 9.99349E-05 9.99349E-05 9.99349E-05 9.99349E-05
0.034473 0.0219474 9.9946E-05 9.9946E-05 0.160443 0.716542 9.9946E-05 0.0226375 9.9946E-05 9.9946E-05 9.9946E-05 0.0194411 0.0239167
0.0814819 9.9928E-05 0.0656613 0.0532102 9.9928E-05 0.753544 0.0453036 9.9928E-05 9.9928E-05 9.9928E-05 9.9928E-05 9.9928E-05 9.9928E-05
9.995E-05 0.0224403 9.995E-05 9.995E-05 9.995E-05 0.717106 9.995E-05 0.0203104 0.0220025 0.00892042 0.0868666 0.0240668 0.0977873
0.00502253 0.013089 9.99369E-05 0.0223104 9.99369E-05 0.658239 9.99369E-05 9.99369E-05 0.171301 9.99369E-05 9.99369E-05 9.99369E-05 0.129338
0.00110991 0.0315377 9.9964E-05 9.9964E-05 0.259011 0.604718 0.00179329 0.0284209 9.9964E-05 0.0536048 9.9964E-05 0.00746584 0.0119388
0.00216355 9.9955E-05 0.0191315 0.0435195 0.041814 0.692745 0.102521 9.9955E-05 9.9955E-05 9.9955E-05 0.0600185 0.0375868 9.9955E-05
0.0126931 0.00598066 9.9973E-05 0.00254234 9.9973E-05 0.103234 0.0138107 0.0198623 0.10167 0.561568 9.9973E-05 0.0206963 0.157644
9.98918E-05 9.98918E-05 9.98918E-05 9.98918E-05 9.98918E-05 9.98918E-05 9.98918E-05 0.998801 9.98918E-05 9.98918E-05 9.98918E-05 9.98918E-05 9.98918E-05
0.0349507 0.0223887 9.9955E-05 0.0605411 9.9955E-05 0.00687789 9.9955E-05 9.9955E-05 0.0551221 0.539575 9.9955E-05 0.0321231 0.247922
0.0425425 0.00164314 9.9955E-05 0.0342171 9.9955E-05 0.0833366 0.182443 0.0146282 9.9955E-05 0.399319 9.9955E-05 9.9955E-05 0.241371
0.00413185 0.00863404 9.9955E-05 0.00570986 0.063425 9.9955E-05 0.0305605 0.0326836 9.9955E-05 0.420024 9.9955E-05 9.9955E-05 0.434332
0.0294894 0.0187986 0.0433459 0.00117679 9.9973E-05 0.0463276 0.0359064 0.0120178 9.9973E-05 0.137289 0.0309355 9.9973E-05 0.644413
0.998801 9.98918E-05 9.98918E-05 9.98918E-05 9.98918E-05 9.98918E-05 9.98918E-05 9.98918E-05 9.98918E-05 9.98918E-05 9.98918E-05 9.98918E-05 9.98918E-05
9.98918E-05 9.98918E-05 9.98918E-05 9.98918E-05 9.98918E-05 9.98918E-05 9.98918E-05 0.998801 9.98918E-05 9.98918E-05 9.98918E-05 9.98918E-05 9.98918E-05
0.0369672 0.00904758 9.9964E-05 0.0316235 9.9964E-05 0.0390005 0.109191 0.044118 0.0481448 0.649033 0.0324746 9.9964E-05 9.9964E-05
0.0652168 0.0297746 9.9955E-05 0.0151918 0.110581 9.9955E-05 9.9955E-05 0.0241489 9.9955E-05 9.9955E-05 0.0175577 0.120142 0.616888
0.0708381 0.0334269 0.0563595 0.0391887 9.9955E-05 9.9955E-05 0.185108 0.0297955 9.9955E-05 0.134797 9.9955E-05 9.9955E-05 0.449987
0.0329749 0.0288756 9.9964E-05 0.0400784 9.9964E-05 9.9964E-05 0.0305038 0.0232951 0.0148167 0.0865295 9.9964E-05 0.0870222 0.655504
0.0387777 0.0198508 0.0685837 0.0462087 9.9964E-05 9.9964E-05 9.9964E-05 0.101623 9.9964E-05 0.249852 0.00236591 0.052732 0.419606
0.0482159 0.0134922 9.9964E-05 0.0226407 0.0374937 9.9964E-05 0.0609013 0.0382711 9.9964E-05 0.0988212 0.0230501 9.9964E-05 0.656714
0.0792104 0.0226357 9.9955E-05 0.00328113 9.9955E-05 0.00356374 0.0915097 0.0180158 0.0536431 9.9955E-05 9.9955E-05 9.9955E-05 0.727641
0.0433199 9.9955E-05 9.9955E-05 0.0036733 9.9955E-05 9.9955E-05 0.127764 0.0868748 9.9955E-05 0.168016 0.00607294 0.0289033 0.534876
9.9955E-05 0.032177 9.9955E-05 0.0174571 0.062253 0.0210603 0.268743 0.0394954 9.9955E-05 0.535194 9.9955E-05 9.9955E-05 0.0231212
0.0447934 0.0440173 9.9955E-05 9.9955E-05 0.0419719 0.227091 0.188141 0.0237265 9.9955E-05 9.9955E-05 9.9955E-05 0.0715469 0.358212
0.0173018 0.0303062 0.108163 0.0108815 9.9964E-05 0.153087 9.9964E-05 0.033885 9.9964E-05 0.0487886 0.0578585 9.9964E-05 0.539328
9.9946E-05 0.0172094 9.9946E-05 0.0101582 9.9946E-05 0.442477 9.9946E-05 0.0557735 9.9946E-05 0.324368 0.0336873 9.9946E-05 0.115727
0.998801 9.98918E-05 9.98918E-05 9.98918E-05 9.98918E-05 9.98918E-05 9.98918E-05 9.98918E-05 9.98918E-05 9.98918E-05 9.98918E-05 9.98918E-05 9.98918E-05
0.0250881 0.0740604 9.9991E-05 0.063885 0.0479142 0.173005 0.0918734 0.0533742 0.0150442 0.222221 0.0346023 0.0510884 0.147744
0.0892104 0.0276742 0.0412761 0.0344333 9.9955E-05 0.0915551 9.9955E-05 0.040453 9.9955E-05 0.208287 9.9955E-05 9.9955E-05 0.466611
9.99369E-05 0.0464769 9.99369E-05 0.00955296 9.99369E-05 9.99369E-05 9.99369E-05 9.99369E-05 0.0852732 9.99369E-05 0.015525 0.00452646 0.837946
0.0406029 0.0226545 9.9982E-05 0.0287273 0.0163122 0.0272386 0.0111476 0.0183956 9.9982E-05 0.515946 0.0176408 0.0260242 0.27511
0.0680219 0.00268558 0.00494636 0.0412122 9.9973E-05 0.00136372 9.9973E-05 0.0196634 0.0190236 0.0837275 0.0679719 9.9973E-05 0.691084
9.9964E-05 0.0510171 9.9964E-05 0.087393 9.9964E-05 0.163313 9.9964E-05 0.0215773 0.260247 0.271787 0.0117686 0.034399 0.0980989
0.0136829 0.0199392 0.430856 0.0120286 9.9955E-05 0.105297 9.9955E-05 0.02866 0.23703 0.152006 9.9955E-05 9.9955E-05 9.9955E-05
9.9964E-05 0.0104863 9.9964E-05 9.9964E-05 0.236099 0.0762195 0.126144 0.0923337 0.00202173 0.389023 9.9964E-05 0.00856488 0.0587078
0.00794691 0.00661929 9.99369E-05 0.00504581 0.0317159 9.99369E-05 9.99369E-05 9.99369E-05 0.0269849 9.99369E-05 9.99369E-05 9.99369E-05 0.920988
9.9919E-05 0.032992 9.9919E-05 9.9919E-05 0.0544053 9.9919E-05 9.9919E-05 9.9919E-05 0.174764 9.9919E-05 9.9919E-05 9.9919E-05 0.736939
0.010635 9.9946E-05 9.9946E-05 0.0456215 9.9946E-05 9.9946E-05 0.0291229 0.0259431 0.128409 0.106383 9.9946E-05 9.9946E-05 0.653286
0.0175243 9.9955E-05 0.00146041 0.324994 9.9955E-05 0.0159642 0.0125256 9.9955E-05 9.9955E-05 0.197725 9.9955E-05 0.0217363 0.40757
0.112196 0.0330376 9.9964E-05 0.0344844 0.0230444 0.0949084 0.124915 0.00747975 9.9964E-05 0.499856 9.9964E-05 9.9964E-05 0.0696784
0.0622573 0.0217623 9.9964E-05 0.00218977 9.9964E-05 0.0285366 0.0169661 0.000575315 0.0854602 0.214323 9.9964E-05 9.9964E-05 0.56753
9.99101E-05 9.99101E-05 9.99101E-05 9.99101E-05 9.99101E-05 9.99101E-05 9.99101E-05 0.0104516 0.200828 0.787721 9.99101E-05 9.99101E-05 9.99101E-05
0.00603919 0.00653134 0.0372858 0.0117457 9.9964E-05 0.00641102 0.00514349 9.9964E-05 9.9964E-05 0.825146 0.0175765 0.0837212 9.9964E-05
0.0147813 0.0112364 9.9937E-05 0.000141685 0.062659 9.9937E-05 9.9937E-05 9.9937E-05 9.9937E-05 0.910098 9.9937E-05 0.0003842 9.9937E-05
0.0448584 9.9955E-05 9.9955E-05 9.9955E-05 9.9955E-05 9.9955E-05 0.0125856 0.0629806 0.104051 0.572697 0.0295876 0.0454355 0.127304
0.0435001 0.0629053 0.158318 0.0225387 9.9973E-05 0.0399663 0.172915 0.0374221 9.9973E-05 0.418337 0.00966525 9.9973E-05 0.0341333
0.0357021 0.0463584 9.9964E-05 0.0251144 0.092937 0.0602653 9.9964E-05 0.028428 9.9964E-05 0.433612 0.0191217 9.9964E-05 0.258061
0.0415714 0.0412817 9.995E-05 9.995E-05 9.995E-05 0.0123285 0.194576 0.00740229 9.995E-05 0.244309 9.995E-05 0.00398078 0.45405
0.0086648 0.056964 9.9955E-05 0.0300463 9.9955E-05 0.0570493 0.0919639 0.0676842 9.9955E-05 0.352232 9.9955E-05 9.9955E-05 0.334896
9.9937E-05 9.9937E-05 9.9937E-05 0.0300106 0.0286441 9.9937E-05 0.0839181 9.9937E-05 9.9937E-05 0.544905 9.9937E-05 0.0297425 0.28208
0.0767797 0.0287233 9.9964E-05 0.0869806 0.134586 9.9964E-05 0.0286197 0.082768 9.9964E-05 0.325441 0.00636247 9.9964E-05 0.229339
0.00863029 9.99279E-05 9.99279E-05 9.99279E-05 0.041557 9.99279E-05 0.0570206 9.99279E-05 9.99279E-05 0.162326 9.99279E-05 9.99279E-05 0.729666
9.98917E-05 9.98917E-05 9.98917E-05 0.998801 9.98917E-05 9.98917E-05 9.98917E-05 9.98917E-05 9.98917E-05 9.98917E-05 9.98917E-05 9.98917E-05 9.98917E-05
0.0104256 0.0431407 9.9973E-05 0.0425746 0.0667573 0.0434684 0.194373 0.0731322 9.9973E-05 0.373054 0.0411566 9.9973E-05 0.111618
0.0678051 9.9937E-05 9.9937E-05 0.0378282 0.0377633 9.9937E-05 9.9937E-05 0.00280171 9.9937E-05 0.58519 9.9937E-05 9.9937E-05 0.267913
0.0587615 9.9937E-05 0.159517 0.0216834 9.9937E-05 9.9937E-05 9.9937E-05 9.9937E-05 9.9937E-05 0.179328 0.0477953 9.9937E-05 0.532215
0.00417521 0.00151505 9.9964E-05 0.0208671 0.0887062 0.0725888 9.9964E-05 0.00991987 9.9964E-05 0.0526056 0.00583163 9.9964E-05 0.743391
0.00562166 0.0588645 9.9946E-05 9.9946E-05 9.9946E-05 9.9946E-05 0.22815 0.0141441 9.9946E-05 0.531018 0.00970282 9.9946E-05 0.1519
0.0106651 0.0317918 0.00129778 9.9955E-05 9.9955E-05 9.9955E-05 0.119292 9.9955E-05 9.9955E-05 0.539299 0.00280895 0.0529347 0.241411
9.98919E-05 0.998801 9.98919E-05 9.98919E-05 9.98919E-05 9.98919E-05 9.98919E-05 9.98919E-05 9.98919E-05 9.98919E-05 9.98919E-05 9.98919E-05 9.98919E-05
9.98917E-05 9.98917E-05 9.98917E-05 0.998801 9.98917E-05 9.98917E-05 9.98917E-05 9.98917E-05 9.98917E-05 9.98917E-05 9.98917E-05 9.98917E-05 9.98917E-05
9.98919E-05 0.998801 9.98919E-05 9.98919E-05 9.98919E-05 9.98919E-05 9.98919E-05 9.98919E-05 9.98919E-05 9.98919E-05 9.98919E-05 9.98919E-05 9.98919E-05
0.0300818 9.9928E-05 9.9928E-05 0.0394007 9.9928E-05 9.9928E-05 9.9928E-05 0.0644744 0.0585135 0.80673 9.9928E-05 9.9928E-05 9.9928E-05
0.0262053 0.0449889 9.9964E-05 0.0615988 0.0022154 0.0176536 9.9964E-05 0.0301888 0.0643733 0.682175 9.9964E-05 0.0702011 9.9964E-05
9.9946E-05 0.00906993 0.0601987 0.047134 9.9946E-05 9.9946E-05 0.144122 0.043359 9.9946E-05 0.601972 9.9946E-05 9.9946E-05 0.0935442
0.025326 0.0538973 9.9955E-05 0.0171973 9.9955E-05 9.9955E-05 9.9955E-05 0.016408 9.9955E-05 0.427855 0.0233555 0.00757572 0.427885
0.0521593 0.0116009 9.9964E-05 0.0304465 9.9964E-05 0.0399933 0.0967345 0.0451928 9.9964E-05 9.9964E-05 0.00665432 0.0558955 0.660923
9.9937E-05 9.9937E-05 0.0890956 0.267736 9.9937E-05 9.9937E-05 9.9937E-05 9.9937E-05 9.9937E-05 0.332202 0.00214773 0.0020383 0.306081
0.00810575 0.0183695 9.9955E-05 0.0540494 9.9955E-05 0.000555411 9.9955E-05 9.9955E-05 0.0938123 0.650642 0.00187239 9.9955E-05 0.172093
9.9919E-05 9.9919E-05 9.9919E-05 9.9919E-05 0.00296067 9.9919E-05 0.72821 0.0644298 9.9919E-05 0.2035 9.9919E-05 9.9919E-05 9.9919E-05
0.0347697 0.0105306 9.9928E-05 0.00561981 9.9928E-05 9.9928E-05 0.942542 9.9928E-05 0.00573856 9.9928E-05 9.9928E-05 9.9928E-05 9.9928E-05
0.000375099 0.0262538 9.9937E-05 0.0279243 9.9937E-05 9.9937E-05 0.904867 9.9937E-05 9.9937E-05 9.9937E-05 9.9937E-05 0.0069801 0.0328998
9.9928E-05 9.9928E-05 0.00288495 9.9928E-05 9.9928E-05 9.9928E-05 0.836856 9.9928E-05 9.9928E-05 0.149027 0.0019185 0.00851423 9.9928E-05
0.00366953 0.0310374 9.9946E-05 0.0235353 0.0971793 9.9946E-05 0.774821 9.9946E-05 9.9946E-05 0.0522707 9.9946E-05 0.0168872 9.9946E-05
9.9928E-05 0.00632359 9.9928E-05 9.9928E-05 0.0320041 9.9928E-05 0.927046 0.0144577 9.9928E-05 9.9928E-05 9.9928E-05 0.0193687 9.9928E-05
9.9919E-05 9.9919E-05 0.00389351 9.9919E-05 9.9919E-05 0.0136054 0.961067 9.9919E-05 9.9919E-05 9.9919E-05 0.020535 9.9919E-05 9.9919E-05
9.9937E-05 9.9937E-05 9.9937E-05 0.00633087 9.9937E-05 9.9937E-05 0.84305 9.9937E-05 9.9937E-05 0.0376989 0.0468057 0.0428159 0.0225988
9.9937E-05 0.0145779 0.0542149 0.00441446 9.9937E-05 0.051544 0.863223 9.9937E-05 9.9937E-05 9.9937E-05 9.9937E-05 0.0113266 9.9937E-05
0.00918946 9.9946E-05 9.9946E-05 0.000927515 9.9946E-05 0.049475 0.634515 0.0033662 0.0577109 0.244217 9.9946E-05 9.9946E-05 9.9946E-05
9.994E-05 0.0174483 0.040222 9.994E-05 9.994E-05 0.0208472 0.7132 0.0222655 9.994E-05 9.994E-05 9.994E-05 0.0685462 0.116871
0.0169051 0.0165964 9.9955E-05 0.0193724 0.778812 0.00489315 0.0336665 9.9955E-05 0.122662 9.9955E-05 9.9955E-05 0.00659252 9.9955E-05
0.0134616 9.9946E-05 9.9946E-05 0.0323775 0.265765 9.9946E-05 0.115719 0.00632105 0.532288 9.9946E-05 9.9946E-05 9.9946E-05 0.0334683
9.9964E-05 0.0107698 9.9964E-05 0.00922351 0.724271 0.000359515 9.9964E-05 0.0186466 0.116629 9.9964E-05 0.0220116 0.0267 0.0709889
9.9919E-05 0.0300451 9.9919E-05 9.9919E-05 0.941165 0.0128779 9.9919E-05 9.9919E-05 9.9919E-05 9.9919E-05 0.0150126 9.9919E-05 9.9919E-05
0.0359736 9.991E-05 9.991E-05 9.991E-05 9.991E-05 9.991E-05 9.991E-05 9.991E-05 0.915408 0.0476193 9.991E-05 9.991E-05 9.991E-05
0.0104846 9.9973E-05 0.0887438 0.0211273 0.674364 9.9973E-05 0.0433101 0.0180533 0.0952443 0.0348507 0.00561713 0.00790522 9.9973E-05
9.9937E-05 0.000277163 0.014636 0.0634309 9.9937E-05 9.9937E-05 0.0458293 9.9937E-05 0.870434 9.9937E-05 9.9937E-05 0.00469272 9.9937E-05
9.9937E-05 9.9937E-05 0.193554 0.0118988 0.309997 9.9937E-05 9.9937E-05 9.9937E-05 0.356925 9.9937E-05 9.9937E-05 0.00766902 0.119257
9.99369E-05 0.0423899 9.99369E-05 9.99369E-05 9.99369E-05 9.99369E-05 9.99369E-05 0.00372991 0.696531 0.231876 0.000622118 0.0241521 9.99369E-05
9.9919E-05 9.9919E-05 9.9919E-05 9.9919E-05 0.0966407 0.104434 0.0593026 9.9919E-05 0.738723 9.9919E-05 9.9919E-05 9.9919E-05 9.9919E-05
0.0108285 9.9901E-05 9.9901E-05 9.9901E-05 9.9901E-05 9.9901E-05 9.9901E-05 9.9901E-05 0.988073 9.9901E-05 9.9901E-05 9.9901E-05 9.9901E-05
0.00482517 9.9955E-05 0.268932 9.9955E-05 0.229212 0.0751487 9.9955E-05 0.0169736 0.348264 9.9955E-05 0.0507808 0.00536458 9.9955E-05
9.9937E-05 0.00763936 9.9937E-05 9.9937E-05 9.9937E-05 9.9937E-05 0.0152497 0.0193706 0.856662 0.0300444 9.9937E-05 9.9937E-05 0.0703348
9.9964E-05 0.016566 0.0432865 9.9964E-05 0.182946 0.0876379 0.0138162 0.011799 0.429416 0.202515 9.9964E-05 9.9964E-05 0.0116174
9.9946E-05 9.9946E-05 0.773016 9.9946E-05 0.0934619 9.9946E-05 0.0184114 0.0452804 9.9946E-05 9.9946E-05 0.00730691 0.0161449 0.0457792
0.0270361 9.9919E-05 0.840313 9.9919E-05 9.9919E-05 9.9919E-05 9.9919E-05 9.9919E-05 9.9919E-05 0.0800236 0.0517279 9.9919E-05 9.9919E-05
9.991E-05 9.991E-05 0.962781 9.991E-05 9.991E-05 9.991E-05 0.0123731 0.0238464 9.991E-05 9.991E-05 9.991E-05 9.991E-05 9.991E-05
9.9955E-05 0.00512145 0.567669 9.9955E-05 0.112727 9.9955E-05 0.0133961 0.0129648 0.214268 9.9955E-05 0.0426172 9.9955E-05 0.0307375
9.98921E-05 9.98921E-05 0.998801 9.98921E-05 9.98921E-05 9.98921E-05 9.98921E-05 9.98921E-05 9.98921E-05 9.98921E-05 9.98921E-05 9.98921E-05 9.98921E-05
0.0149719 9.9937E-05 0.779983 9.9937E-05 0.122066 0.0229577 9.9937E-05 9.9937E-05 9.9937E-05 0.0542658 9.9937E-05 0.00505568 9.9937E-05
0.0347711 9.9937E-05 0.729592 9.9937E-05 9.9937E-05 9.9937E-05 9.9937E-05 9.9937E-05 0.0604006 0.121806 0.0183268 0.0344047 9.9937E-05
9.9928E-05 0.0100697 0.923068 0.00860969 9.9928E-05 9.9928E-05 0.0251345 9.9928E-05 9.9928E-05 9.9928E-05 9.9928E-05 9.9928E-05 0.0323184
9.9937E-05 0.0178352 0.0608677 9.9937E-05 0.401507 9.9937E-05 0.0143936 9.9937E-05 0.323477 0.18122 9.9937E-05 9.9937E-05 9.9937E-05
0.0127989 9.9937E-05 9.9937E-05 0.00800256 0.909971 9.9937E-05 9.9937E-05 9.9937E-05 9.9937E-05 0.0552136 0.0105614 9.9937E-05 0.00275284
9.9946E-05 9.9946E-05 0.0460555 0.0219928 0.321399 9.9946E-05 9.9946E-05 0.016118 0.412829 0.137051 9.9946E-05 0.0439543 9.9946E-05
9.9919E-05 9.9919E-05 0.0702135 9.9919E-05 0.70088 9.9919E-05 9.9919E-05 9.9919E-05 9.9919E-05 0.219533 9.9919E-05 0.00847373 9.9919E-05
9.99459E-05 0.044053 9.99459E-05 9.99459E-05 0.215863 0.0223052 9.99459E-05 9.99459E-05 0.61049 0.0232806 0.0347729 0.0486351 9.99459E-05
0.0337791 9.99618E-05 0.315159 9.99618E-05 0.123419 9.99618E-05 0.0162761 0.0287169 0.387711 0.0554177 0.0390215 9.99618E-05 9.99618E-05
9.9946E-05 9.9946E-05 0.105444 9.9946E-05 0.131447 9.9946E-05 9.9946E-05 0.0189008 0.510834 0.197912 0.0097896 0.0250722 9.9946E-05
9.99191E-05 9.99191E-05 9.99191E-05 0.0231329 0.0589894 9.99191E-05 9.99191E-05 0.0203156 0.896663 9.99191E-05 9.99191E-05 9.99191E-05 9.99191E-05
9.9928E-05 0.010697 9.9928E-05 0.0193257 0.907953 0.0515605 9.9928E-05 0.00966409 9.9928E-05 9.9928E-05 9.9928E-05 9.9928E-05 9.9928E-05
0.00943165 9.9937E-05 9.9937E-05 9.9937E-05 0.812935 0.0368331 9.9937E-05 9.9937E-05 9.9937E-05 0.0992127 0.0225457 0.018342 9.9937E-05
0.00122676 9.9946E-05 0.0298047 9.9946E-05 0.750014 0.10873 0.0127236 9.9946E-05 9.9946E-05 0.0440667 9.9946E-05 0.0528345 9.9946E-05
0.00300826 0.0261937 0.276264 0.0394239 0.489409 9.9955E-05 9.9955E-05 0.0191848 0.0990569 9.9955E-05 9.9955E-05 0.0469602 9.9955E-05
0.0231792 0.0111155 9.9919E-05 0.00636453 0.958441 9.9919E-05 9.9919E-05 9.9919E-05 9.9919E-05 9.9919E-05 9.9919E-05 9.9919E-05 9.9919E-05
9.9946E-05 0.00528262 0.0620816 9.9946E-05 0.138955 0.548428 9.9946E-05 0.0325365 9.9946E-05 0.173166 9.9946E-05 0.0389516 9.9946E-05
9.99385E-05 9.99385E-05 0.203505 0.0199962 9.99385E-05 0.492502 9.99385E-05 9.99385E-05 0.0353616 0.224161 9.99385E-05 0.0237739 9.99385E-05
9.9946E-05 0.0045838 0.156505 9.9946E-05 9.9946E-05 0.471802 9.9946E-05 0.0335417 9.9946E-05 0.225616 0.0628763 0.0444751 9.9946E-05
9.9946E-05 9.9946E-05 9.9946E-05 0.00881963 9.9946E-05 0.402039 9.9946E-05 0.0184165 0.229678 0.241977 0.0816824 0.0167888 9.9946E-05
9.9946E-05 9.9946E-05 0.1254 9.9946E-05 9.9946E-05 0.51371 9.9946E-05 0.00457225 0.0262674 0.212734 0.0576914 0.0590252 9.9946E-05
0.0152226 0.00998091 0.178689 0.0226709 9.9946E-05 0.644646 0.0482775 9.9946E-05 9.9946E-05 9.9946E-05 9.9946E-05 0.0799132 9.9946E-05
9.9946E-05 9.9946E-05 0.142672 0.0145661 9.9946E-05 0.726399 0.0609726 0.00453122 9.9946E-05 9.9946E-05 9.9946E-05 0.0231982 0.0270603
9.993E-05 9.993E-05 0.152381 9.993E-05 9.993E-05 0.555241 0.0539091 9.993E-05 9.993E-05 0.110771 0.0420072 0.084991 9.993E-05
