9.99008E-05 9.99008E-05 9.99008E-05 9.99008E-05 9.99008E-05 9.99008E-05 9.99008E-05 9.99008E-05 0.998901 9.99008E-05 9.99008E-05 9.99008E-05
0.038071 0.00335444 9.9964E-05 0.0739823 0.698065 9.9964E-05 0.052703 0.0252678 0.0474515 9.9964E-05 9.9964E-05 0.0607051
9.9955E-05 9.9955E-05 0.0426306 9.9955E-05 0.722363 9.9955E-05 0.0539165 0.0889358 0.0660853 9.9955E-05 0.000614515 0.0249548
0.025957 0.00444755 0.00399613 0.0227142 0.790271 9.9964E-05 0.0743668 0.0539556 0.0238924 9.9964E-05 9.9964E-05 9.9964E-05
0.0276604 9.9964E-05 9.9964E-05 9.9964E-05 0.764434 9.9964E-05 0.0260368 0.0589072 0.0456857 0.0410217 0.0192052 0.0166491
0.042966 0.0354593 9.9928E-05 9.9928E-05 0.919256 9.9928E-05 9.9928E-05 9.9928E-05 9.9928E-05 9.9928E-05 9.9928E-05 0.00151898
9.99008E-05 9.99008E-05 9.99008E-05 9.99008E-05 9.99008E-05 9.99008E-05 9.99008E-05 9.99008E-05 0.998901 9.99008E-05 9.99008E-05 9.99008E-05
0.0168868 9.9946E-05 9.9946E-05 0.0437796 0.7393 9.9946E-05 0.0362287 0.093122 0.070083 9.9946E-05 9.9946E-05 9.9946E-05
0.073856 9.9946E-05 0.0172274 9.9946E-05 0.778411 0.0773146 9.9946E-05 0.013962 0.0386295 9.9946E-05 9.9946E-05 9.9946E-05
0.0202409 9.9955E-05 0.0708387 9.9955E-05 0.807892 9.9955E-05 9.9955E-05 0.0320531 0.0326621 0.013716 0.0220976 9.9955E-05
0.00266885 0.00731843 0.043025 9.9946E-05 0.77585 0.00814223 0.162395 9.9946E-05 9.9946E-05 9.9946E-05 9.9946E-05 9.9946E-05
9.9946E-05 0.0123362 0.0122831 9.9946E-05 0.623857 9.9946E-05 0.2427 9.9946E-05 0.097322 0.0109022 9.9946E-05 9.9946E-05
0.0155909 0.00735294 9.9964E-05 9.9964E-05 0.737608 9.9964E-05 9.9964E-05 0.108236 0.0411305 0.0394416 0.0189769 0.0312626
0.0870962 9.9946E-05 0.0305861 9.9946E-05 0.682205 9.9946E-05 0.167458 9.9946E-05 0.0268884 9.9946E-05 9.9946E-05 0.00516644
0.00832281 9.9964E-05 0.0240591 0.0195017 0.800842 0.0649834 0.005082 0.0389008 0.0379084 9.9964E-05 9.9964E-05 9.9964E-05
0.0858588 9.9937E-05 9.9937E-05 9.9937E-05 0.893615 0.0171442 9.9937E-05 9.9937E-05 0.000827858 9.9937E-05 0.00185463 9.9937E-05
9.9937E-05 0.020618 9.9937E-05 9.9937E-05 0.91775 9.9937E-05 9.9937E-05 9.9937E-05 0.0356743 9.9937E-05 0.019118 0.00613973
9.9928E-05 0.00166697 9.9928E-05 9.9928E-05 0.957998 0.0261849 9.9928E-05 9.9928E-05 0.0133505 9.9928E-05 9.9928E-05 9.9928E-05
9.9919E-05 9.9919E-05 9.9919E-05 9.9919E-05 0.8517 9.9919E-05 9.9919E-05 9.9919E-05 0.0879421 9.9919E-05 9.9919E-05 0.0594583
9.9937E-05 0.019982 0.0308915 9.9937E-05 0.922361 0.00630949 9.9937E-05 9.9937E-05 9.9937E-05 9.9937E-05 0.0197566 9.9937E-05
9.99009E-05 9.99009E-05 0.998901 9.99009E-05 9.99009E-05 9.99009E-05 9.99009E-05 9.99009E-05 9.99009E-05 9.99009E-05 9.99009E-05 9.99009E-05
0.0240687 9.9937E-05 0.68498 0.0255693 9.9937E-05 9.9937E-05 0.248844 9.9937E-05 0.0158382 9.9937E-05 9.9937E-05 9.9937E-05
0.0529634 9.9973E-05 0.657352 9.9973E-05 0.000436509 0.00919334 0.0951885 9.9973E-05 0.0406453 0.0374511 0.039787 0.0666828
9.9946E-05 0.018668 0.731726 9.9946E-05 0.00756359 9.9946E-05 0.0428413 9.9946E-05 9.9946E-05 0.161108 9.9946E-05 0.0374926
9.9937E-05 9.9937E-05 0.842105 9.9937E-05 9.9937E-05 0.0612305 9.9937E-05 0.0547507 0.0223812 9.9937E-05 0.0188328 9.9937E-05
9.9955E-05 0.0120982 0.81166 9.9955E-05 9.9955E-05 9.9955E-05 9.9955E-05 0.0931738 0.0249892 0.00744369 0.0235195 0.0266157
0.0136921 9.9955E-05 0.676347 9.9955E-05 9.9955E-05 0.0898251 9.9955E-05 0.0378561 0.0277767 0.0898033 9.9955E-05 0.0642
9.99008E-05 9.99008E-05 0.998901 9.99008E-05 9.99008E-05 9.99008E-05 9.99008E-05 9.99008E-05 9.99008E-05 9.99008E-05 9.99008E-05 9.99008E-05
0.060262 9.9937E-05 0.618854 9.9937E-05 9.9937E-05 9.9937E-05 0.171234 0.140238 9.9937E-05 9.9937E-05 0.00871236 9.9937E-05
0.0970553 9.9973E-05 0.536413 9.9973E-05 0.0196141 0.106986 0.0624543 0.0578116 9.9973E-05 0.0458497 0.00318133 0.0703348
0.096782 0.0127496 0.647984 9.9955E-05 9.9955E-05 0.00210624 0.0624848 0.124865 9.9955E-05 9.9955E-05 9.9955E-05 0.0525282
0.0575399 0.0221692 0.638845 9.9955E-05 9.9955E-05 9.9955E-05 9.9955E-05 0.0851851 0.0236073 0.0760564 9.9955E-05 0.0960977
0.0804928 0.000778689 0.624467 0.0320894 0.0626375 9.9964E-05 9.9964E-05 0.170627 0.00665849 0.0218488 9.9964E-05 9.9964E-05
0.115747 9.9946E-05 0.559055 0.120207 9.9946E-05 0.0426455 0.0785178 0.0832279 9.9946E-05 9.9946E-05 9.9946E-05 9.9946E-05
9.9964E-05 9.9964E-05 0.562419 0.00602833 0.0244504 0.0988585 0.139743 0.0652154 9.9964E-05 0.0628306 0.0400549 9.9964E-05
0.133477 9.99459E-05 0.345784 0.0151525 9.99459E-05 9.99459E-05 0.476685 0.0139465 0.0143548 9.99459E-05 9.99459E-05 9.99459E-05
0.0438547 9.9964E-05 0.586844 0.0256284 0.0153517 0.20317 9.9964E-05 9.9964E-05 9.9964E-05 0.0474811 0.00499529 0.072275
9.9955E-05 9.9955E-05 0.00694893 0.0210472 9.9955E-05 9.9955E-05 0.119921 0.00894616 0.00205537 0.619113 9.9955E-05 0.221469
9.99549E-05 9.99549E-05 9.99549E-05 9.99549E-05 9.99549E-05 0.149577 0.10209 0.0637867 0.0316104 0.606138 0.00869497 0.0376033
0.00448706 0.00458458 9.9973E-05 0.0802358 0.0548538 0.0923808 9.9973E-05 0.0799957 9.9973E-05 0.677034 0.00245918 0.003669
0.00255837 9.9946E-05 0.0158521 9.9946E-05 9.9946E-05 0.185545 9.9946E-05 9.9946E-05 0.0700552 0.708491 9.9946E-05 0.0168983
9.996E-05 9.996E-05 0.0275598 0.123942 0.0150597 9.996E-05 0.0270884 9.996E-05 0.0173463 0.698631 0.0110122 0.0789599
9.9964E-05 0.000573981 9.9964E-05 0.0601006 0.00269763 0.145992 9.9964E-05 0.0232211 0.00944067 0.746646 0.0109282 9.9964E-05
0.13139 9.9964E-05 9.9964E-05 0.0916863 0.0159098 9.9964E-05 0.05552 9.9964E-05 0.0438159 0.574522 0.00134127 0.0854144
0.000739931 0.00415047 0.0211127 0.037821 9.9982E-05 0.125414 9.9982E-05 0.0206494 0.0176569 0.690007 0.0316118 0.0506372
0.076207 9.9955E-05 9.9955E-05 9.9955E-05 0.0557833 0.012966 9.9955E-05 0.0547367 9.9955E-05 0.655489 0.0163246 0.127994
0.00431262 0.0265459 9.9955E-05 0.00251399 9.9955E-05 0.156298 9.9955E-05 9.9955E-05 9.9955E-05 0.759902 0.0265388 0.0233888
9.9964E-05 0.0100774 9.9964E-05 0.0806084 9.9964E-05 0.0575982 0.0105824 0.00976982 0.0478727 0.782259 0.000832006 9.9964E-05
9.9964E-05 0.0378604 0.0380868 0.00818359 0.0240714 9.9964E-05 9.9964E-05 9.9964E-05 0.0216843 0.826969 0.00823045 0.0345138
0.0507318 9.9946E-05 9.9946E-05 0.0546597 9.9946E-05 0.0336177 0.128325 9.9946E-05 9.9946E-05 0.672245 9.9946E-05 0.0598213
9.9964E-05 0.0414474 9.9964E-05 0.0305306 9.9964E-05 9.9964E-05 0.0164012 0.0366161 0.0454396 0.775492 0.00951907 0.0441543
0.0253517 0.000242793 9.9955E-05 0.0790792 9.9955E-05 0.0660531 9.9955E-05 9.9955E-05 0.0431863 0.768714 9.9955E-05 0.0168733
9.99549E-05 9.99549E-05 9.99549E-05 0.0598605 9.99549E-05 0.0616044 9.99549E-05 0.0133731 0.0124932 0.769123 0.0619442 0.0211018
9.9982E-05 0.0192173 0.0343377 0.00123944 0.0212622 0.0916086 0.0611412 9.9982E-05 0.0680828 0.664675 0.00388588 0.0343499
0.0246423 0.00984343 9.9964E-05 0.010975 0.0500866 0.168222 9.9964E-05 9.9964E-05 9.9964E-05 0.688091 0.0185407 0.0291991
0.00330031 0.00673707 9.9964E-05 0.0245848 0.0273418 9.9964E-05 0.124122 0.0998754 9.9964E-05 0.646659 9.9964E-05 0.0669796
0.0317333 9.9946E-05 0.0313341 9.9946E-05 0.0594745 0.149084 9.9946E-05 9.9946E-05 9.9946E-05 0.691254 0.0365206 9.9946E-05
9.9946E-05 9.9946E-05 0.0202246 0.0206485 9.9946E-05 0.208797 0.417885 9.9946E-05 9.9946E-05 0.120376 9.9946E-05 0.211469
9.9901E-05 9.9901E-05 9.9901E-05 0.998901 9.9901E-05 9.9901E-05 9.9901E-05 9.9901E-05 9.9901E-05 9.9901E-05 9.9901E-05 9.9901E-05
9.9946E-05 9.9946E-05 9.9946E-05 0.0472509 9.9946E-05 0.278138 0.426873 9.9946E-05 0.0376487 9.9946E-05 0.037227 0.172263
9.9973E-05 0.00713249 9.9973E-05 0.0105176 9.9973E-05 0.392535 0.337193 0.112609 0.0232988 0.0442946 0.0215632 0.0505564
9.9946E-05 0.0359501 9.9946E-05 0.0405177 9.9946E-05 0.607531 0.139507 0.157721 9.9946E-05 9.9946E-05 9.9946E-05 0.0181735
0.0243691 0.0358295 0.0115143 9.9964E-05 0.0110011 0.846882 0.00988777 9.9964E-05 9.9964E-05 0.0332708 9.9964E-05 0.0268458
9.99189E-05 0.0574615 9.99189E-05 0.935859 9.99189E-05 9.99189E-05 9.99189E-05 9.99189E-05 9.99189E-05 9.99189E-05 0.00578044 9.99189E-05
9.99009E-05 9.99009E-05 9.99009E-05 0.998901 9.99009E-05 9.99009E-05 9.99009E-05 9.99009E-05 9.99009E-05 9.99009E-05 9.99009E-05 9.99009E-05
9.9964E-05 0.0290442 9.9964E-05 0.0563965 0.120009 0.342646 0.353804 0.0840416 0.00493205 9.9964E-05 0.00872649 9.9964E-05
0.0554659 0.0289378 0.0991968 0.0166375 0.0217558 0.596558 9.9973E-05 9.9973E-05 0.00656601 9.9973E-05 0.0243595 0.150223
9.996E-05 0.0068837 9.996E-05 0.102966 0.0134701 0.455826 0.112291 0.0763059 9.996E-05 9.996E-05 0.0396685 0.192189
9.996E-05 0.0242487 0.0985559 0.0912335 0.00827611 0.667355 9.996E-05 0.0213578 9.996E-05 9.996E-05 0.0322853 0.0562879
9.9973E-05 0.0493101 0.108359 0.21049 0.00691939 0.428754 0.0682994 9.9973E-05 0.0282906 9.9973E-05 0.0390176 0.0602608
9.9955E-05 0.0310554 9.9955E-05 0.072375 0.00431747 0.759533 9.9955E-05 9.9955E-05 0.0448998 9.9955E-05 0.00435639 0.0829628
9.9937E-05 0.0292378 9.9937E-05 0.0409155 9.9937E-05 0.835459 9.9937E-05 0.0529949 0.0406936 9.9937E-05 9.9937E-05 9.9937E-05
9.9964E-05 9.9964E-05 0.0489073 0.12967 9.9964E-05 0.431409 0.174973 0.0468248 0.0249853 9.9964E-05 0.0146811 0.12815
9.9955E-05 0.0182055 9.9955E-05 0.0120839 9.9955E-05 0.0932777 0.378598 0.489941 9.9955E-05 0.00370312 0.00369164 9.9955E-05
9.997E-05 0.0435896 0.0735789 0.0484009 9.997E-05 0.300112 9.997E-05 0.146424 0.0365047 0.206319 0.00192686 0.142844
9.9973E-05 0.0254005 0.0179154 0.00648373 0.0813153 0.549084 0.0252567 9.9973E-05 9.9973E-05 0.178452 0.0282707 0.0875222
9.9964E-05 0.0232735 9.9964E-05 0.0609704 0.117603 0.280867 0.0649457 9.9964E-05 9.9964E-05 0.369219 0.0331912 0.0495305
9.99189E-05 0.0283214 9.99189E-05 0.950968 9.99189E-05 9.99189E-05 9.99189E-05 9.99189E-05 9.99189E-05 9.99189E-05 9.99189E-05 0.0198113
0.0251935 0.0538133 0.0451254 0.0669368 0.0582431 0.305143 0.147102 0.0966841 9.9982E-05 0.11591 0.0856483 9.9982E-05
0.0146539 0.0222389 9.9964E-05 0.146226 9.9964E-05 0.452436 0.15405 9.9964E-05 9.9964E-05 0.0557796 0.02594 0.128275
9.99008E-05 9.99008E-05 9.99008E-05 9.99008E-05 9.99008E-05 9.99008E-05 9.99008E-05 9.99008E-05 9.99008E-05 9.99008E-05 9.99008E-05 0.998901
9.9964E-05 0.0169572 9.9964E-05 0.0330708 9.9964E-05 0.317602 0.287654 0.115652 0.0444132 9.9964E-05 0.0300046 0.154246
9.996E-05 0.00400806 9.996E-05 0.0369538 0.0924204 0.763044 9.996E-05 9.996E-05 0.0233088 0.00436856 0.0310818 0.0444151
0.184358 0.0282492 0.0499917 9.9964E-05 0.0301775 0.360278 0.0914794 9.9964E-05 9.9964E-05 0.182848 0.0722192 9.9964E-05
0.511962 0.0249688 9.9955E-05 0.0683319 0.0163215 0.112692 0.134373 9.9955E-05 9.9955E-05 0.130852 9.9955E-05 9.9955E-05
0.182596 0.00175315 9.9973E-05 0.0205135 9.9973E-05 0.37476 0.174228 0.097344 0.0102428 0.0753054 9.9973E-05 0.0629569
9.99009E-05 9.99009E-05 9.99009E-05 9.99009E-05 9.99009E-05 9.99009E-05 9.99009E-05 9.99009E-05 9.99009E-05 9.99009E-05 9.99009E-05 0.998901
9.99009E-05 9.99009E-05 9.99009E-05 9.99009E-05 9.99009E-05 9.99009E-05 9.99009E-05 9.99009E-05 9.99009E-05 9.99009E-05 9.99009E-05 0.998901
0.0842128 9.9964E-05 0.0195934 9.9964E-05 9.9964E-05 0.673996 0.0410568 0.0245541 0.0301505 9.9964E-05 0.0300385 0.0959984
9.99099E-05 9.99099E-05 9.99099E-05 9.99099E-05 9.99099E-05 9.99099E-05 0.805331 9.99099E-05 9.99099E-05 9.99099E-05 0.19367 9.99099E-05
9.9973E-05 0.0416003 0.00109856 0.147181 9.9973E-05 0.390634 0.238347 0.0792913 0.0102498 0.0863808 0.00491764 9.9973E-05
0.0105851 0.0113378 9.9964E-05 0.00953296 9.9964E-05 0.806365 0.0705411 9.9964E-05 0.0350189 0.0530963 0.00312321 9.9964E-05
0.00367325 0.00241042 0.020437 9.9964E-05 9.9964E-05 0.0690226 0.848384 9.9964E-05 0.0424488 9.9964E-05 0.0049578 0.00826616
9.9964E-05 0.030122 0.0563337 0.00744533 0.00639272 0.118089 0.721619 0.0227439 9.9964E-05 9.9964E-05 9.9964E-05 0.0368545
9.9946E-05 0.040012 9.9946E-05 0.00373074 9.9946E-05 0.220923 0.609449 0.0899089 0.0353764 9.9946E-05 9.9946E-05 9.9946E-05
0.00108161 9.9964E-05 0.0240377 0.136379 9.9964E-05 0.144219 0.426791 0.0708481 0.0598668 9.9964E-05 9.9964E-05 0.136377
0.0766768 0.0737935 9.9964E-05 0.0723674 9.9964E-05 0.150791 0.407533 0.17499 0.0241284 9.9964E-05 0.0193211 9.9964E-05
9.9982E-05 0.0267666 9.9982E-05 0.109016 0.047432 0.364643 0.26286 0.071892 0.00461418 0.0212104 0.0166602 0.0747054
9.9973E-05 0.0303437 0.0104928 0.0338898 0.0270419 0.402481 0.015775 0.157436 9.9973E-05 9.9973E-05 0.00273016 0.31951
9.9973E-05 0.0838248 9.9973E-05 0.0584352 0.0267612 0.402161 0.327884 0.0416069 9.9973E-05 0.0215506 0.015178 0.0222977
0.00137995 0.00844791 9.9973E-05 9.9973E-05 0.012002 0.350798 0.424745 0.10262 0.0028781 9.9973E-05 0.0156543 0.0811752
0.0859531 0.0140662 9.9973E-05 0.206651 9.9973E-05 0.317544 0.131734 0.0239003 0.0179969 9.9973E-05 0.08231 0.119545
0.0305555 9.99099E-05 9.99099E-05 9.99099E-05 9.99099E-05 0.968445 9.99099E-05 9.99099E-05 9.99099E-05 9.99099E-05 9.99099E-05 9.99099E-05
9.99008E-05 9.99008E-05 9.99008E-05 9.99008E-05 9.99008E-05 9.99008E-05 9.99008E-05 9.99008E-05 9.99008E-05 9.99008E-05 0.998901 9.99008E-05
0.0582949 0.0559825 0.0191687 0.103797 0.00673717 0.207056 0.275444 0.154489 0.0200103 9.9991E-05 0.0322907 0.0666296
9.9955E-05 9.9955E-05 0.00625424 0.0168593 9.9955E-05 0.530332 0.311265 9.9955E-05 0.0134191 9.9955E-05 0.0115956 0.109775
0.00620306 9.9955E-05 9.9955E-05 0.0147496 9.9955E-05 0.515006 0.345906 9.9955E-05 0.0513728 9.9955E-05 0.037092 0.0291711
9.9946E-05 0.0107237 9.9946E-05 9.9946E-05 0.0259538 0.858157 0.00212656 9.9946E-05 9.9946E-05 0.0995551 9.9946E-05 0.00288401
9.9955E-05 0.0423329 9.9955E-05 0.000966285 0.00748745 0.306727 0.261344 0.305226 9.9955E-05 9.9955E-05 9.9955E-05 0.075416
9.9973E-05 0.0393295 0.00367821 0.00218515 0.0224538 0.343187 0.247696 0.217883 0.00802692 9.9973E-05 9.9973E-05 0.11526
9.99009E-05 0.998901 9.99009E-05 9.99009E-05 9.99009E-05 9.99009E-05 9.99009E-05 9.99009E-05 9.99009E-05 9.99009E-05 9.99009E-05 9.99009E-05
9.99008E-05 9.99008E-05 9.99008E-05 9.99008E-05 9.99008E-05 9.99008E-05 9.99008E-05 9.99008E-05 9.99008E-05 9.99008E-05 0.998901 9.99008E-05
9.99009E-05 0.998901 9.99009E-05 9.99009E-05 9.99009E-05 9.99009E-05 9.99009E-05 9.99009E-05 9.99009E-05 9.99009E-05 9.99009E-05 9.99009E-05
9.9928E-05 9.9928E-05 9.9928E-05 0.0930727 9.9928E-05 0.216331 0.675076 9.9928E-05 0.014721 9.9928E-05 9.9928E-05 9.9928E-05
9.995E-05 0.058938 0.0556679 0.0915296 9.995E-05 0.169684 0.568194 9.995E-05 0.0330299 9.995E-05 0.0224569 9.995E-05
0.0102012 0.0201528 0.039009 0.00591027 0.0377189 0.34748 0.471105 9.9982E-05 0.00256677 9.9982E-05 0.0418958 0.0237607
9.9955E-05 0.0393274 9.9955E-05 0.0309779 0.0455728 0.658912 0.179686 9.9955E-05 9.9955E-05 9.9955E-05 0.0298341 0.0151901
9.9955E-05 0.0114988 0.0150068 0.0403414 0.0384326 0.785094 9.9955E-05 9.9955E-05 9.9955E-05 0.0775563 0.0315705 9.9955E-05
9.99098E-05 9.99098E-05 9.99098E-05 9.99098E-05 9.99098E-05 9.99098E-05 0.864285 9.99098E-05 9.99098E-05 9.99098E-05 0.134715 9.99098E-05
9.9964E-05 0.0274056 9.9964E-05 9.9964E-05 0.0463664 0.330814 0.448098 9.9964E-05 0.00693312 0.0599828 0.0281174 0.0518829
9.9919E-05 9.9919E-05 9.9919E-05 0.0465568 9.9919E-05 9.9919E-05 0.104162 0.848382 9.9919E-05 9.9919E-05 9.9919E-05 9.9919E-05
9.9928E-05 0.00559026 9.9928E-05 9.9928E-05 9.9928E-05 9.9928E-05 0.0368553 0.848588 9.9928E-05 9.9928E-05 9.9928E-05 0.108167
9.9955E-05 0.0372468 0.0327653 9.9955E-05 9.9955E-05 9.9955E-05 0.0241294 0.831295 0.0112119 9.9955E-05 0.0153702 0.0474818
9.9928E-05 0.00242355 9.9928E-05 9.9928E-05 9.9928E-05 9.9928E-05 0.170018 0.81319 9.9928E-05 9.9928E-05 9.9928E-05 0.0135691
0.0258335 0.0378321 0.0260854 0.00258741 9.9973E-05 0.0692448 0.036332 0.76064 0.0129169 9.9973E-05 0.0282283 9.9973E-05
0.0491234 9.9937E-05 0.0748 0.0177258 9.9937E-05 9.9937E-05 9.9937E-05 0.835693 9.9937E-05 9.9937E-05 0.0219586 9.9937E-05
0.01207 9.9928E-05 9.9928E-05 9.9928E-05 0.0053922 9.9928E-05 9.9928E-05 0.971689 9.9928E-05 9.9928E-05 0.0100489 9.9928E-05
9.9937E-05 9.9937E-05 9.9937E-05 9.9937E-05 0.0276877 9.9937E-05 9.9937E-05 0.883647 0.0264912 9.9937E-05 0.0200363 0.0414379
0.0100745 0.00478189 9.9946E-05 9.9946E-05 9.9946E-05 9.9946E-05 9.9946E-05 0.868426 0.00821198 0.107254 0.000652267 9.9946E-05
9.9973E-05 0.00572343 0.0107536 0.0394657 9.9973E-05 0.0200424 0.109913 0.696851 9.9973E-05 0.0602176 0.0136675 0.0430653
9.9964E-05 0.0172345 0.0700342 0.0184653 9.9964E-05 0.112821 9.9964E-05 0.738677 0.0219918 0.0159581 0.00441834 9.9964E-05
0.728611 0.0254589 0.0434432 9.9955E-05 9.9955E-05 0.0528965 9.9955E-05 0.120816 0.026145 9.9955E-05 0.00212899 9.9955E-05
0.712462 9.9973E-05 0.00655155 0.0182256 0.0020994 0.00671479 9.9973E-05 0.177074 0.0211057 0.0228373 0.0326302 9.9973E-05
0.662901 0.00370433 0.0627441 0.000854826 0.0337084 0.0214601 0.046369 9.9991E-05 0.00380156 0.0551183 0.0108121 0.098426
0.710753 0.0339151 9.9937E-05 9.9937E-05 0.0921823 9.9937E-05 9.9937E-05 9.9937E-05 9.9937E-05 0.105154 9.9937E-05 0.057296
0.59408 9.9946E-05 0.0245576 9.9946E-05 9.9946E-05 9.9946E-05 0.150388 0.0662018 0.0713774 0.0927959 9.9946E-05 9.9946E-05
0.68138 0.00754526 9.9955E-05 9.9955E-05 9.9955E-05 0.0599827 0.0534824 0.165677 0.029541 9.9955E-05 0.00189179 9.9955E-05
0.701089 0.0181069 0.033708 9.9946E-05 9.9946E-05 9.9946E-05 9.9946E-05 0.101897 9.9946E-05 0.0939374 0.0506629 9.9946E-05
0.753914 9.9946E-05 0.0346579 9.9946E-05 9.9946E-05 0.149216 9.9946E-05 9.9946E-05 0.0250672 9.9946E-05 0.00510877 0.0314357
0.492555 0.0771134 0.0146829 0.00955009 9.99639E-05 9.99639E-05 0.220143 9.99639E-05 0.0417192 0.0805545 9.99639E-05 0.0632822
0.632362 9.9955E-05 9.9955E-05 9.9955E-05 0.00348215 0.0663764 9.9955E-05 0.136369 0.00237281 0.147994 0.0105432 9.9955E-05
0.669123 9.9955E-05 0.00539201 0.0530297 0.0178351 9.9955E-05 9.9955E-05 0.135784 0.0377503 0.080586 9.9955E-05 9.9955E-05
0.694499 9.9955E-05 9.9955E-05 0.033375 0.0730302 0.0412121 9.9955E-05 0.0195495 9.9955E-05 0.136769 9.9955E-05 0.00106581
0.578804 0.0477142 0.0272266 0.0232006 0.0352462 0.074588 0.0706572 0.0337375 9.9982E-05 0.070935 9.9982E-05 0.037691
0.517038 0.003849 9.9955E-05 9.9955E-05 9.9955E-05 0.109155 0.218678 0.0418675 0.0371633 0.0717493 9.9955E-05 9.9955E-05
0.645054 0.0124707 0.0406226 0.0137305 9.9955E-05 0.0796501 0.150122 9.9955E-05 0.0578501 9.9955E-05 9.9955E-05 9.9955E-05
0.650394 9.9946E-05 9.9946E-05 0.0585312 0.0623107 9.9946E-05 0.193701 9.9946E-05 0.0180419 0.0164217 9.9946E-05 9.9946E-05
0.764149 0.0312876 9.9946E-05 0.0486844 9.9946E-05 9.9946E-05 9.9946E-05 0.102054 9.9946E-05 0.042975 0.0102501 9.9946E-05
0.754682 0.0183209 9.9964E-05 0.00651358 0.0222734 0.151253 9.9964E-05 9.9964E-05 0.0289091 9.9964E-05 0.0103515 0.00729658
0.803935 0.0285024 0.0234829 9.9964E-05 0.030033 0.073947 9.9964E-05 9.9964E-05 0.022099 0.00984833 0.00775271 9.9964E-05
0.64905 9.9946E-05 0.0267244 0.00560161 9.9946E-05 9.9946E-05 0.246833 9.9946E-05 0.0269216 9.9946E-05 9.9946E-05 0.0442696
0.604801 0.0142895 0.0403482 0.00834497 9.9964E-05 9.9964E-05 0.271657 9.9964E-05 0.0500688 0.00236016 0.00773084 9.9964E-05
0.722724 0.0363075 0.0276981 9.9964E-05 0.00193318 0.0723506 9.9964E-05 0.0506704 9.9964E-05 9.9964E-05 0.017461 0.0704552
0.697143 0.0403551 9.9946E-05 0.0134466 0.0123654 9.9946E-05 0.21073 0.0253606 9.9946E-05 9.9946E-05 9.9946E-05 9.9946E-05
0.668541 0.00493338 9.9955E-05 9.9955E-05 0.0572895 9.9955E-05 0.181628 0.000111096 0.00409153 9.9955E-05 9.9955E-05 0.0829059
0.568165 9.9946E-05 0.0322339 9.9946E-05 0.00334616 9.9946E-05 0.349322 9.9946E-05 9.9946E-05 9.9946E-05 0.0250683 0.021265
0.613149 0.00393815 0.0340954 9.9964E-05 0.00126074 0.0290401 0.298954 0.0102799 0.00888326 9.9964E-05 9.9964E-05 9.9964E-05
0.573253 0.00244325 0.0313328 9.9955E-05 0.029917 9.9955E-05 0.230834 9.9955E-05 9.9955E-05 0.0726899 9.9955E-05 0.0590305
0.559857 9.9946E-05 9.9946E-05 0.080635 0.0529515 9.9946E-05 0.279573 9.9946E-05 9.9946E-05 0.0253907 0.000992603 9.9946E-05
0.683303 0.00376003 0.000924295 9.9973E-05 0.0296987 9.9973E-05 0.151088 0.0507574 0.00368062 0.0136911 9.9973E-05 0.062797
0.746205 0.011563 0.0144616 0.0532947 9.9982E-05 9.9982E-05 0.0588778 0.0244805 0.00267092 0.0362895 0.0397799 0.0121769
0.700169 0.0363438 9.9946E-05 0.0687266 9.9946E-05 9.9946E-05 9.9946E-05 0.0973105 9.9946E-05 0.0854855 0.0113649 9.9946E-05
0.604383 0.00461793 0.0090025 9.9973E-05 0.0207597 0.0300447 0.125689 0.0881579 0.0405108 0.0765345 9.9973E-05 9.9973E-05
0.632568 9.9964E-05 0.0702561 0.00593231 9.9964E-05 9.9964E-05 0.0563253 0.047213 0.00192531 0.0955903 9.9964E-05 0.0897903
0.743885 0.0285087 0.0233525 9.9955E-05 9.9955E-05 9.9955E-05 0.0785167 9.9955E-05 0.0273525 9.9955E-05 0.0221523 0.0757323
0.738563 9.9937E-05 0.0184331 9.9937E-05 9.9937E-05 9.9937E-05 0.153238 0.0517448 0.0373211 9.9937E-05 9.9937E-05 9.9937E-05
0.0527478 9.9937E-05 9.9937E-05 0.0160768 9.9937E-05 9.9937E-05 0.308946 9.9937E-05 0.00859224 0.612937 9.9937E-05 9.9937E-05
0.0374251 9.9937E-05 0.0132949 9.9937E-05 9.9937E-05 9.9937E-05 0.450857 9.9937E-05 0.00387156 0.493851 9.9937E-05 9.9937E-05
0.00159385 0.0161743 0.0162628 9.9946E-05 0.0508877 9.9946E-05 0.466161 9.9946E-05 9.9946E-05 0.448321 9.9946E-05 9.9946E-05
0.0863117 0.017322 9.9937E-05 9.9937E-05 0.0518162 9.9937E-05 0.383904 9.9937E-05 9.9937E-05 0.459946 9.9937E-05 9.9937E-05
9.9937E-05 9.9937E-05 0.0285956 9.9937E-05 0.0873711 9.9937E-05 0.372016 9.9937E-05 9.9937E-05 0.484046 9.9937E-05 0.0272711
0.0853722 0.0127726 0.074382 0.00965713 9.9964E-05 0.0402678 0.0594173 0.062487 9.9964E-05 0.655244 9.9964E-05 9.9964E-05
9.9919E-05 9.9919E-05 9.9919E-05 9.9919E-05 9.9919E-05 9.9919E-05 0.234452 0.062321 9.9919E-05 0.702328 9.9919E-05 9.9919E-05
9.9937E-05 9.9937E-05 0.132348 9.9937E-05 0.0708317 9.9937E-05 0.200082 0.0478851 9.9937E-05 0.548153 9.9937E-05 9.9937E-05
