0.0229544 0.0265548 9.9973E-05 0.950191 9.9973E-05 9.9973E-05
9.9982E-05 9.9982E-05 0.0253523 0.800574 0.0183287 0.155545
0.00911762 9.9982E-05 9.9982E-05 0.811474 0.0659821 0.113226
0.00731475 9.9973E-05 9.9973E-05 0.841942 9.9973E-05 0.150444
9.9982E-05 0.0116463 9.9982E-05 0.862214 0.0136949 0.112245
9.9964E-05 9.9964E-05 9.9964E-05 0.879889 9.9964E-05 0.119711
9.9964E-05 9.9964E-05 9.9964E-05 0.920725 9.9964E-05 0.0788754
9.9982E-05 9.9982E-05 0.0246301 0.833247 0.0263321 0.115591
9.999E-05 0.00755457 0.0449584 0.821137 0.0164865 0.109764
0.0386009 9.9982E-05 9.9982E-05 0.840411 0.0354142 0.085374
0.0267024 9.9991E-05 0.0155754 0.813785 0.00627802 0.137559
0.0180949 9.9982E-05 9.9982E-05 0.837937 0.0408852 0.102883
0.00309997 0.0128452 0.0699321 0.816444 0.0260257 0.0716531
0.0450245 9.9982E-05 9.9982E-05 0.781988 0.0660842 0.106703
9.9973E-05 9.9973E-05 9.9973E-05 0.837517 0.0541834 0.107999
9.9973E-05 9.9973E-05 0.0250447 0.897413 9.9973E-05 0.0772422
9.9973E-05 0.00627368 0.066173 0.927253 9.9973E-05 9.9973E-05
0.00418761 0.088858 0.00394122 0.902813 9.9982E-05 9.9982E-05
0.009659 0.030875 0.0348948 0.924371 9.9982E-05 9.9982E-05
0.0560921 0.00656056 0.0663931 0.866393 0.00446149 9.9991E-05
9.996E-05 9.996E-05 9.996E-05 9.996E-05 0.9995 9.996E-05
9.9973E-05 0.116959 9.9973E-05 9.9973E-05 0.879045 0.00369604
9.9982E-05 0.0905228 9.9982E-05 0.0496138 0.825922 0.0337418
0.0502862 0.0734186 9.9982E-05 9.9982E-05 0.853786 0.0223097
0.00173117 9.9982E-05 0.0173795 0.0142654 0.966424 9.9982E-05
9.9964E-05 9.9964E-05 0.0498019 9.9964E-05 0.949798 9.9964E-05
9.9973E-05 0.141333 0.0416119 9.9973E-05 0.816755 9.9973E-05
0.00502442 9.9973E-05 9.9973E-05 9.9973E-05 0.985714 0.00896178
0.0434562 0.0247261 0.0726395 9.9991E-05 0.716202 0.142876
0.0396566 0.125052 0.136236 0.0177643 0.58939 0.0919004
9.9973E-05 9.9973E-05 0.096675 9.9973E-05 0.679846 0.223179
9.9982E-05 0.112788 0.116651 9.9982E-05 0.678805 0.0915571
0.00480965 0.0602943 0.118352 0.0368472 0.640801 0.138895
0.0114851 0.0191658 0.207451 9.9991E-05 0.563238 0.19856
0.0786776 0.000885124 0.183728 0.00962692 0.59522 0.131862
0.0355615 9.9991E-05 0.143973 0.0609891 0.524835 0.234541
0.0239819 0.181839 0.190293 0.0151512 0.541257 0.0474782
9.9991E-05 0.794287 0.134946 0.00579848 0.0433642 0.0215048
0.0237905 0.779871 0.18935 9.9982E-05 9.9982E-05 0.00678811
9.9991E-05 0.755236 0.179472 0.0142344 0.0133684 0.0375892
9.9982E-05 0.684373 0.202035 9.9982E-05 0.015031 0.0983609
0.039679 0.808333 0.102347 0.0282884 0.0212528 9.9991E-05
9.9982E-05 0.853065 0.108551 0.00442907 0.0337558 9.9982E-05
9.9982E-05 0.663873 0.130834 0.0415163 9.9982E-05 0.163577
0.00168931 0.77364 0.148059 9.9991E-05 0.0549171 0.0215948
0.0580559 0.837475 9.9991E-05 0.0379361 0.0303972 0.0360356
0.0353719 0.866678 0.0976497 9.9973E-05 9.9973E-05 9.9973E-05
9.9964E-05 0.860718 0.138882 9.9964E-05 9.9964E-05 9.9964E-05
0.0389973 0.899675 0.0244644 0.036663 9.9982E-05 9.9982E-05
0.0171515 0.795836 0.0897841 9.9982E-05 9.9982E-05 0.0970283
0.0198364 0.829748 0.132689 9.9991E-05 0.00106475 0.0165622
9.9973E-05 0.880191 0.0983307 9.9973E-05 0.0211784 9.9973E-05
0.0487534 0.861704 0.0892424 9.9973E-05 9.9973E-05 9.9973E-05
0.0249463 0.788223 0.109539 0.058054 0.019137 9.9991E-05
0.0134473 0.734734 0.148314 0.026316 0.0206908 0.0564973
0.0086351 0.755177 0.128774 0.0140007 0.0350575 0.0583559
0.0114373 0.801347 0.081396 0.0503441 0.0219305 0.0335452
0.00721181 0.155311 0.680918 0.041201 0.0240011 0.0913564
0.0229606 9.9982E-05 0.881929 0.0610551 9.9982E-05 0.0338553
0.149672 9.9991E-05 0.65628 0.05639 0.0612062 0.0763513
0.156704 0.11806 0.666031 0.0344164 0.0246878 9.9991E-05
0.0723658 0.0617145 0.839743 9.9982E-05 9.9982E-05 0.0259768
0.0823051 0.0861278 0.775797 0.0332484 0.00431136 0.0182106
0.0746739 9.9982E-05 0.836438 0.0462786 9.9982E-05 0.0424095
0.0398614 0.0446367 0.885765 9.9982E-05 0.029537 9.9982E-05
0.10909 0.0765323 0.661489 0.0880508 0.00329812 0.0615396
0.0433888 0.103396 0.735388 0.0412619 0.0685055 0.00806019
0.0883335 0.0374564 0.766386 0.016604 0.0136451 0.0775754
0.0886791 9.9991E-05 0.759056 0.0152485 0.0918946 0.0450218
0.102182 9.9991E-05 0.756212 0.0588909 0.0426336 0.0399817
0.0495384 0.0631421 0.872507 0.0146123 9.9982E-05 9.9982E-05
0.0540801 0.121883 0.774133 0.0314059 0.0183981 9.9991E-05
0.125398 0.059493 0.745568 0.0143637 0.0550778 9.9991E-05
0.10757 0.0129157 0.59903 0.025943 0.0968789 0.157662
9.9982E-05 0.322978 0.574138 9.9982E-05 0.0868702 0.015814
0.0267995 0.193879 0.689771 0.0504746 9.9991E-05 0.0389766
0.0335327 0.442975 0.464852 0.0584407 9.9982E-05 9.9982E-05
0.0967735 0.00472857 0.878288 0.0193448 9.9991E-05 0.000765243
0.106074 0.184238 0.574675 0.0373459 0.0648645 0.0328037
0.147887 0.0937318 0.691261 9.9982E-05 9.9982E-05 0.0669203
0.0401595 0.149942 0.717776 0.0296369 0.0623851 9.9991E-05
0.0859188 0.0838103 0.685897 0.07462 0.0188296 0.0509246
0.0982702 0.0730161 0.79631 0.0322041 9.9982E-05 9.9982E-05
0.0735645 0.324599 0.42278 0.00522446 0.00022566 0.173606
0.0477197 0.196949 0.189334 9.9982E-05 9.9982E-05 0.565797
0.0283093 0.110318 0.58713 0.0227655 0.0442832 0.207194
0.0570125 0.142106 0.669015 0.00688504 0.0125409 0.11244
9.9982E-05 0.158804 0.695415 9.9982E-05 0.00876858 0.136813
0.0804366 0.137668 0.726759 0.00974114 0.0334695 0.0119255
0.927977 9.9973E-05 0.014771 9.9973E-05 0.0569522 9.9973E-05
0.0291855 0.114752 0.75284 0.038749 0.0149711 0.0495027
0.00291572 0.087275 0.822186 9.9982E-05 9.9982E-05 0.0874235
0.129504 9.9991E-05 0.53801 0.0361323 0.0534338 0.24282
0.0814651 0.0889202 0.589335 0.0630482 0.0760652 0.101166
0.0972398 9.9991E-05 0.662498 0.0202299 0.0391743 0.180758
0.0678873 0.0121079 0.614037 0.105979 0.0526468 0.147342
0.107939 0.0954941 0.650795 0.0524932 9.9991E-05 0.0931782
0.0681486 0.104754 0.75016 0.0483826 9.9991E-05 0.0284547
0.0526348 0.0528313 0.81787 0.0306786 0.0458852 9.9991E-05
0.0917252 0.103986 0.760138 0.0439505 9.9982E-05 9.9982E-05
0.0445655 9.9991E-05 0.750629 0.0169492 0.124344 0.0634117
0.142873 0.017215 0.677328 9.9982E-05 9.9982E-05 0.162384
0.04321 0.0800424 0.838051 9.9991E-05 0.031555 0.00704155
0.9995 9.996E-05 9.996E-05 9.996E-05 9.996E-05 9.996E-05
0.156711 0.0404968 0.57463 0.066716 0.0631058 0.0983404
0.101829 0.0545864 0.780152 0.0238274 9.9991E-05 0.0395055
0.106306 0.0587188 0.677781 0.0861076 9.9991E-05 0.0709869
0.0642042 0.176403 0.730537 9.9982E-05 9.9982E-05 0.0286562
0.0355945 0.0591876 0.778237 0.0417644 9.9991E-05 0.0851163
0.0252734 0.0772257 0.757336 0.0151747 0.10098 0.02401
0.0826584 0.0665222 0.836951 0.0136681 9.9982E-05 9.9982E-05
0.9995 9.996E-05 9.996E-05 9.996E-05 9.996E-05 9.996E-05
0.0547666 0.0716927 0.847093 0.00374025 9.9991E-05 0.0226077
0.13664 0.0349972 0.670371 0.0308788 9.9991E-05 0.127013
0.166696 9.9991E-05 0.589342 0.0552967 0.0358786 0.152687
0.138961 0.114303 0.58304 0.0641434 0.0971764 0.00237672
0.109451 0.0934719 0.763171 0.0181375 9.9991E-05 0.0156686
0.0296208 0.136016 0.824546 0.00961712 9.9982E-05 9.9982E-05
0.9762 0.00624272 9.9982E-05 9.9982E-05 0.00118879 0.0161682
0.0577071 0.0942789 0.62919 0.0762874 0.00302145 0.139515
0.030168 9.9991E-05 0.529217 0.0341245 0.17058 0.23581
0.0664097 0.0384517 0.531172 9.9991E-05 0.195449 0.168417
0.0438669 0.065082 0.466675 0.0229022 0.216734 0.18474
0.0227667 9.9991E-05 0.48565 0.0462161 0.192008 0.253258
0.0383274 9.9991E-05 0.519627 0.0422649 0.189073 0.210609
0.0545396 9.9991E-05 0.465857 0.0115414 0.256311 0.211651
0.046143 0.0466407 0.43921 0.026922 0.253209 0.187875
0.0989332 9.9991E-05 0.408995 0.0903608 0.255773 0.145837
0.0478812 0.148351 0.400404 0.0195937 0.176799 0.206972
0.0916057 9.9991E-05 0.462772 0.0107195 0.221345 0.213458
0.0397529 0.0966563 0.506396 0.0036161 0.236499 0.117079
0.0309184 0.0985143 0.0321635 9.9991E-05 0.0666817 0.771622
0.0196923 0.0960279 0.073345 9.9991E-05 0.0839689 0.726866
9.9991E-05 0.0476817 0.0861387 0.0423431 0.0361028 0.787634
9.9982E-05 0.236782 9.9982E-05 0.0398039 0.0425003 0.680714
0.0263576 0.167305 0.0322637 0.0250141 0.0285121 0.720548
0.00436212 0.0495497 0.0960067 0.0320007 0.037307 0.780774
0.020448 0.16838 0.00912065 9.9991E-05 0.0679729 0.733978
0.0383037 0.0510203 0.0679805 0.00320357 0.0748544 0.764637
0.0252392 0.0831925 0.0742293 0.0344774 0.0675538 0.715308
0.00820419 0.223831 0.0798761 0.00170958 0.0409558 0.645423
9.9991E-05 0.168398 0.0533554 0.0193766 0.0829387 0.675831
9.9991E-05 0.12396 0.0365686 0.0536519 0.038511 0.747209
0.0355889 0.106054 0.00461173 0.0290236 0.0427274 0.781994
0.0524023 0.0196055 0.0877668 0.0162808 9.9991E-05 0.823845
0.0139844 9.9991E-05 0.0494263 0.115099 0.019109 0.802281
0.0375533 0.0532058 9.9991E-05 0.0506853 0.00107297 0.857383
9.9982E-05 0.161754 0.0941969 9.9982E-05 0.00608611 0.737764
0.00683882 0.0443335 0.0811922 0.0915375 9.9991E-05 0.775998
9.9982E-05 0.128243 9.9982E-05 0.0759196 0.0240227 0.771615
0.0571983 0.0527744 9.9991E-05 0.0340268 0.0229785 0.832922
0.0525282 9.9982E-05 9.9982E-05 0.0687383 0.027937 0.850597
0.0311208 0.0939415 0.0366443 0.0315948 0.058125 0.748574
0.00585248 9.9982E-05 0.0356092 0.0404886 9.9982E-05 0.91785
0.00867543 0.11601 9.9991E-05 0.0427678 0.0344518 0.797995
0.0605131 9.9982E-05 9.9982E-05 0.0507731 0.0574917 0.831022
0.0108147 9.9991E-05 0.0911393 0.00714587 0.0891662 0.801634
0.0402876 0.0241933 9.9991E-05 0.0414661 0.0834574 0.810496
0.0428416 9.9982E-05 0.0200082 0.066215 9.9982E-05 0.870735
0.0374258 0.0578539 0.0490622 0.05135 0.0181119 0.786196
0.0406825 0.123833 9.9982E-05 9.9982E-05 0.0543544 0.78093
0.011138 0.182271 9.9982E-05 9.9982E-05 0.0266041 0.779787
0.022825 0.128571 9.9991E-05 0.0649152 0.0356831 0.747906
0.0142164 0.154508 0.027646 0.00250633 0.0667843 0.734339
0.0466312 0.0405636 0.0331696 0.00716523 0.0691237 0.803347
0.0545757 0.0385492 9.9991E-05 0.0408711 0.0578698 0.808034
0.0320501 0.681665 9.9991E-05 0.008532 0.110107 0.167545
0.0631323 0.618899 9.9982E-05 9.9982E-05 0.116591 0.201178
0.0550249 0.583809 9.9991E-05 0.0689971 0.130596 0.161473
0.050748 0.607039 9.9991E-05 0.0897345 0.072201 0.180177
9.9982E-05 0.67091 9.9982E-05 0.0951907 0.0995604 0.134139
0.0552951 0.731062 9.9991E-05 0.00317281 0.1462 0.0641698
0.00917633 0.804313 9.9982E-05 9.9982E-05 0.104334 0.0819767
9.9982E-05 0.656338 9.9982E-05 0.0881996 0.193481 0.0617809
