0.0378894 9.9982E-05 9.9982E-05 0.0181522 0.00507558 0.938683
0.018539 0.107319 0.0852491 9.9991E-05 0.000963039 0.78783
0.107189 0.0442403 9.9982E-05 9.9982E-05 0.00796954 0.840401
0.0415108 0.117349 9.9973E-05 9.9973E-05 9.9973E-05 0.840841
0.036407 0.0955886 0.0177218 9.9991E-05 0.0177011 0.832482
9.9973E-05 0.113407 0.00644437 9.9973E-05 9.9973E-05 0.879849
9.9973E-05 0.059181 9.9973E-05 0.0158394 9.9973E-05 0.92468
0.0114636 0.102695 0.0521701 9.9991E-05 0.00639627 0.827175
0.0445899 0.144822 0.0184053 9.9982E-05 9.9982E-05 0.791983
0.0445375 0.0788099 9.9991E-05 0.0199945 0.0174659 0.839092
0.0360417 0.114644 0.0334799 9.9982E-05 9.9982E-05 0.815635
0.0156875 0.132113 9.9982E-05 9.9982E-05 0.0246871 0.827313
0.0363999 0.0773156 0.0756555 9.9991E-05 0.00253362 0.807996
0.0545002 0.140257 9.9982E-05 9.9982E-05 0.0284376 0.776605
0.00986341 0.138941 9.9982E-05 9.9982E-05 0.0157383 0.835258
9.9982E-05 0.0691866 0.0142747 0.0457049 9.9982E-05 0.870634
9.9964E-05 9.9964E-05 0.0694532 9.9964E-05 9.9964E-05 0.930147
9.9973E-05 9.9973E-05 0.00971985 0.0848954 9.9973E-05 0.905085
9.9973E-05 9.9973E-05 0.0519976 0.0478951 9.9973E-05 0.899807
0.00657864 9.9991E-05 0.0555121 0.0292201 0.0133794 0.89521
0.9995 9.996E-05 9.996E-05 9.996E-05 9.996E-05 9.996E-05
0.887677 9.9964E-05 9.9964E-05 0.111924 9.9964E-05 9.9964E-05
0.81397 0.0493361 9.9991E-05 0.094094 0.00734754 0.0351524
0.831367 0.00778069 0.000475312 0.12066 0.0396166 9.9991E-05
0.956425 9.9973E-05 0.041898 9.9973E-05 9.9973E-05 0.00137725
0.950639 9.9964E-05 0.0489612 9.9964E-05 9.9964E-05 9.9964E-05
0.839366 0.0052684 0.0681479 0.0870174 9.9982E-05 9.9982E-05
0.99779 9.9964E-05 9.9964E-05 9.9964E-05 0.00181034 9.9964E-05
0.69521 0.18815 0.0317015 0.042107 0.042732 9.9991E-05
0.571764 0.105626 0.0972474 0.137186 0.0522751 0.0359012
0.705921 0.211639 0.0821404 9.9973E-05 9.9973E-05 9.9973E-05
0.673849 0.101372 0.100874 0.110371 0.0134346 9.9991E-05
0.627352 0.123098 0.138613 0.0765919 9.9991E-05 0.0342445
0.558525 0.182387 0.218639 9.9982E-05 0.0402493 9.9982E-05
0.583272 0.140243 0.158126 9.9991E-05 0.111391 0.00686839
0.534893 0.218353 0.138154 9.9991E-05 0.0473635 0.0611362
0.51562 0.103055 0.240472 0.140653 9.9982E-05 9.9982E-05
0.0307178 0.020209 0.157723 0.763128 0.0157476 0.012475
9.9982E-05 0.0116517 0.170893 0.725756 0.0914996 9.9982E-05
0.00114419 0.0831291 0.196009 0.70204 9.9991E-05 0.0175784
0.0036567 0.0545414 0.232283 0.707062 9.9991E-05 0.0023572
0.0461233 9.9991E-05 0.134904 0.727635 0.0705192 0.0207183
0.0196934 9.9991E-05 0.120447 0.842809 0.00867374 0.00827659
0.0164685 0.149462 0.0869672 0.644962 0.0406001 0.0615407
0.0207406 0.0144619 0.164581 0.777259 0.0228576 9.9991E-05
0.0250917 0.0844915 0.0510297 0.743506 0.0470136 0.0488677
9.9973E-05 9.9973E-05 0.141946 0.819732 0.0380225 9.9973E-05
9.9982E-05 9.9982E-05 0.143809 0.835436 0.0189578 0.00159715
9.9973E-05 9.9973E-05 0.0949058 0.89153 9.9973E-05 0.0132639
9.9982E-05 0.0418397 0.13617 0.790485 0.0313052 9.9982E-05
0.0451969 9.9982E-05 0.0881121 0.838968 0.0275234 9.9982E-05
0.030801 9.9973E-05 0.147163 0.821736 9.9973E-05 9.9973E-05
9.9973E-05 9.9973E-05 0.119024 0.809157 0.0715185 9.9973E-05
0.0459203 9.9991E-05 0.117151 0.791221 0.0121304 0.0334775
9.9991E-05 0.0495223 0.175888 0.731772 0.00918814 0.0335298
0.0633162 0.0486762 0.130236 0.731156 0.0122312 0.0143836
0.0156846 0.036509 0.106514 0.786126 0.0175353 0.0376318
0.0767792 0.065834 0.656331 0.117648 0.0472059 0.0362012
9.9982E-05 0.045341 0.838589 9.9982E-05 0.0621249 0.0537452
0.0612992 0.0556241 0.592425 0.012864 0.235601 0.0421871
0.0589912 9.9991E-05 0.607196 0.0864486 0.207858 0.0394068
0.0224368 9.9982E-05 0.770851 0.0781202 0.128392 9.9982E-05
0.0358051 9.9991E-05 0.675896 0.113084 0.116715 0.0584002
9.9982E-05 0.00104169 0.877437 9.9982E-05 0.0817498 0.0395714
0.0251223 9.9982E-05 0.836719 0.0708507 0.067108 9.9982E-05
9.9991E-05 0.103999 0.581874 0.0518249 0.153391 0.108811
0.106921 0.0197591 0.709064 0.0355526 0.0835218 0.045182
0.0548989 0.053997 0.702765 0.0308401 0.150455 0.00704456
0.0938693 0.035628 0.76094 9.9991E-05 0.10014 0.00932306
0.0342964 0.0607921 0.706441 9.9991E-05 0.140352 0.0580181
9.9982E-05 9.9982E-05 0.830514 0.0508898 0.113698 0.00469886
9.9982E-05 9.9982E-05 0.778542 0.115558 0.0804444 0.0252561
0.0510962 0.0155169 0.67987 0.0563488 0.164826 0.032342
0.0768219 0.147045 0.63453 9.9991E-05 0.113161 0.0283419
0.105088 9.9982E-05 0.563087 0.277455 0.0541702 9.9982E-05
0.0357582 9.9991E-05 0.667292 0.191137 0.0485256 0.0571877
9.9982E-05 9.9982E-05 0.452603 0.429997 0.0518797 0.0653208
9.9982E-05 9.9982E-05 0.880029 0.00102162 0.102658 0.0160915
0.0450876 0.0432484 0.559293 0.149916 0.129106 0.0733488
0.00895624 0.0488824 0.650633 0.127263 0.164165 9.9991E-05
0.0329618 0.0211522 0.651691 0.104139 0.142513 0.0475425
0.0227957 0.102121 0.699199 0.0234533 0.0972372 0.0551938
9.9982E-05 9.9982E-05 0.740401 0.0597797 0.149557 0.050063
0.0437903 0.142159 0.357538 0.31117 0.124165 0.0211784
9.9991E-05 0.548726 0.171154 0.245752 0.0320655 0.00220284
0.0516297 0.230451 0.59225 0.0978415 0.0268132 0.00101451
9.9991E-05 0.128657 0.61857 0.070822 0.131081 0.0507699
9.9991E-05 0.115442 0.66585 0.16093 0.0537475 0.00393072
0.0170148 0.0442343 0.696952 0.0987602 0.127797 0.0152417
0.0338496 9.9982E-05 0.0120519 0.00893787 0.944961 9.9982E-05
0.0268825 0.048962 0.671507 0.0995626 0.102551 0.0505352
9.9982E-05 0.067426 0.765252 0.0995514 0.0675706 9.9982E-05
0.108978 0.179822 0.508498 9.9991E-05 0.155343 0.0472598
0.14498 0.0817701 0.536712 0.033435 0.144364 0.058739
0.0444968 0.138589 0.631125 9.9991E-05 0.144508 0.041181
0.0721186 0.109094 0.556953 0.0187464 0.139924 0.103164
9.9991E-05 0.150937 0.587502 0.0764757 0.145189 0.0397959
0.0258506 9.9991E-05 0.756404 0.103133 0.0735843 0.0409282
0.0770915 9.9991E-05 0.790014 0.0203163 0.0975275 0.0149507
9.9982E-05 9.9982E-05 0.762227 0.0920013 0.125712 0.0198601
0.110148 0.0495709 0.690127 0.0151302 0.120994 0.0140302
0.0132068 0.120845 0.597012 0.0389855 0.204122 0.025829
0.0113332 0.00158408 0.784271 0.0808607 0.115272 0.00667926
9.996E-05 9.996E-05 9.996E-05 9.996E-05 0.9995 9.996E-05
0.0460215 0.117081 0.535105 9.9991E-05 0.198012 0.103681
9.9991E-05 0.020998 0.728762 0.0722665 0.153067 0.0248064
0.0018788 0.0993667 0.631345 0.0305016 0.151026 0.0858813
9.9991E-05 0.0107513 0.686345 0.156222 0.120825 0.0257561
9.9991E-05 0.104603 0.738219 0.0017699 0.0960462 0.0592621
0.100213 0.0379726 0.712003 0.0537953 0.066811 0.0292053
9.9982E-05 9.9982E-05 0.947319 0.0290615 0.0166456 0.0067735
9.996E-05 9.996E-05 9.996E-05 9.996E-05 0.9995 9.996E-05
0.0118445 0.0128645 0.954511 9.9982E-05 0.0205797 9.9982E-05
9.9991E-05 0.110415 0.635885 0.0175319 0.167297 0.0687711
0.0794788 0.119347 0.516097 0.0064848 0.215118 0.0634746
0.0283685 0.0830539 0.597492 0.0725436 0.175475 0.0430676
9.9991E-05 0.0188697 0.685008 0.108998 0.147813 0.0392112
9.9982E-05 9.9982E-05 0.828141 0.0926983 0.0585086 0.0204519
0.000315568 0.00739353 9.9973E-05 9.9973E-05 0.991991 9.9973E-05
0.0197167 0.0586438 0.543396 0.128622 0.168799 0.0808224
0.132491 0.232215 0.527415 9.9991E-05 0.0771543 0.0306248
0.197658 0.209943 0.46016 9.9982E-05 0.132039 9.9982E-05
0.225864 0.187159 0.451068 9.9991E-05 0.106062 0.0297459
0.185813 0.229603 0.455192 9.9991E-05 0.0766265 0.0526658
0.134165 0.240153 0.494461 9.9991E-05 0.0751647 0.0559563
0.251777 0.231646 0.41795 9.9991E-05 0.095535 0.00299299
0.248968 0.228683 0.402017 9.9991E-05 0.0696609 0.0505711
0.231875 0.16839 0.409402 9.9991E-05 0.104261 0.0859717
0.186069 0.180235 0.424391 0.140229 0.0582254 0.0108501
0.194405 0.253113 0.40611 9.9991E-05 0.142691 0.00358049
0.253678 0.129772 0.474999 0.0764152 0.0629991 0.00213639
9.9982E-05 0.821951 0.130871 0.0384043 9.9982E-05 0.00857374
0.0522816 0.743147 0.061456 0.0802204 0.0462012 0.016694
0.0573055 0.786648 0.0980308 0.00988977 9.9991E-05 0.0480263
0.0941749 0.65489 9.9982E-05 0.176739 9.9982E-05 0.0739967
0.00262317 0.700912 0.0395315 0.201619 0.0202683 0.0350459
0.105762 0.716762 0.0960669 0.0453285 9.9991E-05 0.0359803
0.0738306 0.739752 0.0153419 0.154899 0.0107482 0.00542815
0.0354594 0.748842 0.0674446 0.0914201 0.0567334 9.9991E-05
0.0882001 0.677078 0.106636 0.0536718 0.00249961 0.071914
0.0288726 0.678453 0.0818814 0.200001 0.0106928 9.9991E-05
0.0724254 0.681917 0.0500277 0.180198 9.9991E-05 0.015332
9.9982E-05 0.676103 0.0592744 0.232814 9.9982E-05 0.0316082
9.9991E-05 0.777969 0.041013 0.140847 0.00162602 0.0384449
9.9991E-05 0.80837 0.0712234 0.00663971 0.0869476 0.0267195
0.0297897 0.808777 9.9982E-05 9.9982E-05 0.0573922 0.103841
0.00875478 0.834178 9.9991E-05 0.0300553 0.0650605 0.0618518
9.9991E-05 0.7641 0.0589836 0.172009 0.00408935 0.000718223
9.99917E-05 0.734359 0.0830644 0.0827701 0.0150781 0.0846287
0.0403884 0.767539 9.9982E-05 0.121703 9.9982E-05 0.0701688
0.0394948 0.822369 0.026241 0.0308747 0.0417133 0.0393071
0.0384505 0.816352 9.9982E-05 9.9982E-05 0.0897239 0.0552737
0.0269978 0.75993 0.083861 0.0868673 0.0422444 9.9991E-05
9.9982E-05 0.87495 0.00501426 9.9982E-05 0.0787511 0.0410848
0.0336813 0.76378 0.0601641 0.0663774 0.0277075 0.0482899
0.0683155 0.7807 9.9982E-05 9.9982E-05 0.0774871 0.0732977
0.0999864 0.790557 0.0877299 9.9991E-05 0.0149657 0.00666064
0.0979671 0.806237 0.00704336 0.00715507 0.0349602 0.0466371
9.9991E-05 0.817921 0.0698029 0.00825991 0.0313908 0.0725253
0.048839 0.719535 0.0810003 0.0681916 0.0181564 0.0642773
0.060954 0.761178 9.9982E-05 0.13962 0.0380475 9.9982E-05
9.9973E-05 0.803962 9.9973E-05 0.167757 0.027981 9.9973E-05
0.06238 0.741916 0.0188514 0.0902778 0.0253401 0.0612347
0.0730831 0.749203 9.9982E-05 0.148738 0.0287761 9.9982E-05
0.0790876 0.822775 9.9982E-05 0.00900662 0.0889307 9.9982E-05
0.0573075 0.792444 9.9991E-05 0.0399999 0.0593008 0.0508479
0.125403 0.160416 9.9982E-05 0.705244 0.00873682 9.9982E-05
0.133044 0.142547 9.9991E-05 0.642294 0.0513844 0.0306308
0.148715 0.110614 9.9991E-05 0.631211 0.0199746 0.0893846
0.0969511 0.120712 9.9991E-05 0.642155 0.0482447 0.0918375
0.17003 0.0351968 9.9991E-05 0.708184 0.0263625 0.0601263
0.166498 0.0158816 9.9982E-05 0.742475 0.0749457 9.9982E-05
0.11732 0.054429 9.9991E-05 0.789654 0.0378233 0.000673736
0.249633 0.0373047 9.9982E-05 0.639817 9.9982E-05 0.0730445
