9.9964E-05 9.9964E-05 9.9964E-05 0.0650926 0.91596 9.9964E-05 0.000687427 0.0178602
9.9964E-05 0.0543879 0.030969 0.19067 0.723574 9.9964E-05 9.9964E-05 9.9964E-05
9.9955E-05 9.9955E-05 9.9955E-05 0.204126 0.756979 0.0383952 9.9955E-05 9.9955E-05
0.0144073 0.0482482 9.9973E-05 0.11375 0.791122 0.0321724 9.9973E-05 9.9973E-05
0.00782481 0.0122012 0.0234278 0.0640233 0.812291 9.9991E-05 0.0179751 0.0621571
0.0392992 0.058525 9.9973E-05 0.0150935 0.879147 9.9973E-05 0.00763548 9.9973E-05
9.9946E-05 0.0865225 9.9946E-05 9.9946E-05 0.912878 9.9946E-05 9.9946E-05 9.9946E-05
0.0676217 0.0807419 0.0080854 9.9973E-05 0.838756 9.9973E-05 0.00449533 9.9973E-05
0.00946252 0.129378 0.0529286 9.9973E-05 0.802334 9.9973E-05 0.00559684 9.9973E-05
9.9973E-05 0.0504243 9.9973E-05 0.0206463 0.8207 0.0902695 0.0176598 9.9973E-05
0.0244271 0.0170834 9.9973E-05 0.2593 0.692018 0.00687145 9.9973E-05 9.9973E-05
9.9964E-05 9.9964E-05 9.9964E-05 0.23228 0.717475 0.039671 0.0101742 9.9964E-05
0.0497574 9.9982E-05 0.00818601 0.122209 0.768152 0.0431619 9.9982E-05 0.00833355
9.9982E-05 0.0917655 9.9982E-05 0.129146 0.698453 0.0404539 0.00459231 0.035389
9.9964E-05 0.0654483 0.0741651 9.9964E-05 0.820154 0.0398333 9.9964E-05 9.9964E-05
9.9955E-05 0.108394 9.9955E-05 9.9955E-05 0.888932 9.9955E-05 0.00217407 9.9955E-05
0.0262401 9.9955E-05 9.9955E-05 9.9955E-05 0.963688 9.9955E-05 0.00957218 9.9955E-05
0.00398227 9.9964E-05 0.0199284 9.9964E-05 0.968954 9.9964E-05 9.9964E-05 0.00673529
9.9955E-05 9.9955E-05 0.0207648 9.9955E-05 0.952609 9.9955E-05 9.9955E-05 0.0261263
0.0082776 9.9973E-05 9.9973E-05 0.0272464 0.903261 0.0185029 0.0424121 9.9973E-05
9.994E-05 9.994E-05 9.994E-05 9.994E-05 9.994E-05 0.9993 9.994E-05 9.994E-05
9.9946E-05 9.9946E-05 9.9946E-05 0.41978 9.9946E-05 0.579621 9.9946E-05 9.9946E-05
9.999E-05 0.0720938 0.0466094 0.0939674 0.0219252 0.648568 0.0283425 0.0883936
0.0403497 9.9964E-05 9.9964E-05 9.9964E-05 9.9964E-05 0.794214 0.0293701 0.135666
0.0273557 0.0290533 0.03112 0.0222522 9.9982E-05 0.872013 0.0180056 9.9982E-05
0.0214406 9.9991E-05 0.0427462 0.00197314 0.0394006 0.857477 0.0207696 0.0160928
9.9964E-05 0.0700877 0.141489 9.9964E-05 9.9964E-05 0.700071 9.9964E-05 0.0879525
9.994E-05 9.994E-05 9.994E-05 9.994E-05 9.994E-05 0.9993 9.994E-05 9.994E-05
9.9973E-05 0.0987191 0.0609395 0.0446559 9.9973E-05 0.739317 0.0560688 9.9973E-05
0.0352871 0.0787802 0.0704701 0.0707453 0.00262354 0.603446 0.0379898 0.100658
9.9964E-05 0.10706 0.082693 0.132573 9.9964E-05 0.677273 9.9964E-05 9.9964E-05
0.0464757 0.0496432 0.0315808 9.9982E-05 9.9982E-05 0.734074 0.0099566 0.12807
0.0421727 0.0849115 0.0551599 9.9991E-05 0.0394878 0.71322 0.00694828 0.058
0.0496222 0.0921372 9.9973E-05 0.227003 9.9973E-05 0.607291 0.0236476 9.9973E-05
0.00552643 0.0418158 0.153814 0.150305 0.00746637 0.580826 0.060147 9.9991E-05
9.9955E-05 0.0949834 9.9955E-05 0.561171 9.9955E-05 0.343346 9.9955E-05 9.9955E-05
0.0226127 9.9982E-05 0.126812 9.9982E-05 0.000845509 0.633544 0.0462842 0.169702
0.0289163 9.9973E-05 0.0742964 0.0727392 9.9973E-05 0.0433717 9.9973E-05 0.780377
0.023861 0.064813 0.0760539 0.154216 9.9982E-05 9.9982E-05 0.0493937 0.631463
0.0791599 0.0574362 0.061781 0.0457176 0.0230388 9.9991E-05 0.017583 0.715183
0.0291515 0.0292552 0.085434 0.0759245 0.0035629 9.9991E-05 0.000220337 0.776352
0.0506775 9.9991E-05 0.0152421 0.107402 0.013736 0.0127446 0.0573899 0.742708
9.9973E-05 0.0554638 0.0958005 9.9973E-05 0.0155112 9.9973E-05 0.0170136 0.815911
0.0531931 0.109056 0.00464914 0.133083 0.0394315 9.9991E-05 0.00822345 0.652265
0.041266 9.9982E-05 0.0568453 0.088213 9.9982E-05 0.0443646 0.0339869 0.735124
9.9982E-05 0.0997399 0.00307085 9.9982E-05 0.0156772 0.0591385 0.0585302 0.763643
0.0790637 9.9982E-05 0.0341835 0.00191444 9.9982E-05 0.00503978 0.0685152 0.811084
0.0164453 0.0122688 0.0889849 0.0353822 0.00185757 9.9991E-05 0.0136732 0.831288
0.0651437 9.9964E-05 9.9964E-05 9.9964E-05 9.9964E-05 0.027196 0.000403088 0.906857
0.0345873 0.0419283 9.9964E-05 0.18737 9.9964E-05 9.9964E-05 9.9964E-05 0.735715
0.0333155 9.9982E-05 9.9982E-05 0.14085 0.00421164 0.00747798 0.01253 0.801415
0.0544385 0.0534119 0.0575521 9.9964E-05 9.9964E-05 9.9964E-05 9.9964E-05 0.834198
0.0616417 0.0243205 9.9982E-05 9.9982E-05 0.00598025 0.00533118 0.0830016 0.819525
0.048032 9.9973E-05 9.9973E-05 0.0895439 0.0934599 9.9973E-05 0.0138531 0.754811
0.0545636 0.0614882 0.0204656 9.9982E-05 0.0320011 9.9982E-05 0.0512627 0.780019
0.0350894 0.0160592 0.0257915 0.263338 0.00523693 0.0116849 9.9991E-05 0.6427
9.9973E-05 9.9973E-05 0.0276592 9.9973E-05 0.0748523 0.0707475 0.0581495 0.768292
0.0285212 9.9973E-05 0.32841 0.487595 9.9973E-05 9.9973E-05 0.0388702 0.116304
9.9964E-05 9.9964E-05 0.879157 0.0423836 0.0268249 9.9964E-05 0.0512344 9.9964E-05
0.0716381 9.9982E-05 0.338982 0.439385 9.9982E-05 0.00517195 0.133264 0.0113586
0.0879706 9.9982E-05 0.400695 0.337083 0.0203158 9.9982E-05 0.110777 0.0429582
0.0459133 0.00503417 0.686143 0.164561 9.9973E-05 9.9973E-05 0.0980489 9.9973E-05
0.0900578 0.0605529 0.609342 0.00830253 0.0483174 9.9991E-05 0.121022 0.0623051
0.975995 9.9955E-05 9.9955E-05 9.9955E-05 9.9955E-05 0.0136303 0.00987499 9.9955E-05
0.0283925 0.00834706 0.881992 9.9964E-05 9.9964E-05 9.9964E-05 0.0808687 9.9964E-05
0.0900577 9.9973E-05 0.297382 0.508407 0.0477006 9.9973E-05 0.0561527 9.9973E-05
0.167366 0.0539177 0.5146 9.9991E-05 0.0281355 0.102016 0.0827527 0.0511121
0.164611 9.9991E-05 0.561424 0.0683016 0.0219555 0.0441025 0.11777 0.021736
0.0873399 0.00630197 0.639502 9.9973E-05 9.9973E-05 0.127042 0.139514 9.9973E-05
0.137179 0.0418128 0.512484 0.0528145 0.0473889 0.0852065 0.123014 9.9991E-05
0.11631 9.9982E-05 0.688423 9.9982E-05 0.0357939 0.000533725 0.104576 0.0541627
0.135358 9.9982E-05 0.641909 9.9982E-05 0.00171485 0.00510407 0.117167 0.098546
0.079384 9.9991E-05 0.610128 0.076821 0.00839286 0.0679109 0.117298 0.0399654
0.0128611 0.00624462 0.456553 0.333468 9.9991E-05 0.0622162 0.117333 0.0112239
0.114424 0.013863 0.433983 0.0330909 9.9991E-05 0.0923439 0.0557743 0.256421
0.0923804 0.0162647 0.517401 0.0157121 0.0652238 0.0234635 0.0682852 0.20127
0.0275308 9.9982E-05 0.38476 0.028045 0.0889799 9.9982E-05 0.0517301 0.418754
0.963782 0.00211986 0.019072 9.9964E-05 9.9964E-05 9.9964E-05 0.0146267 9.9964E-05
0.124669 0.076487 0.398931 9.99966E-05 0.0574699 0.0871491 0.137886 0.117308
0.172 9.9973E-05 0.521512 0.0981276 9.9973E-05 9.9973E-05 0.100511 0.10755
0.0760178 9.9982E-05 0.615505 9.9982E-05 0.0769634 0.0269806 0.0915056 0.112827
0.060459 0.00447786 0.525466 0.208848 0.0367274 0.0356833 0.128239 9.9991E-05
0.115812 9.9982E-05 0.560558 0.0992938 0.0805799 9.9982E-05 0.123488 0.0200682
0.0755337 0.171694 0.126112 0.255574 0.0153923 0.0184253 0.0912298 0.246039
0.0845017 0.515967 0.00651615 0.301705 9.9973E-05 9.9973E-05 9.9973E-05 0.0910102
9.9982E-05 0.137225 0.354551 0.324868 9.9982E-05 0.0249482 0.0519338 0.106273
0.0759462 0.11649 0.640474 9.9982E-05 0.0400939 9.9982E-05 0.0880937 0.0387022
0.0540101 0.153044 0.681953 9.9973E-05 9.9973E-05 9.9973E-05 0.0386108 0.0720827
9.9982E-05 0.0781794 0.660589 0.0732485 9.9982E-05 0.0169672 0.130639 0.0401772
9.9946E-05 9.9946E-05 9.9946E-05 0.44153 9.9946E-05 9.9946E-05 0.557871 9.9946E-05
0.255814 9.9982E-05 0.380698 0.209326 9.9982E-05 0.00830119 0.0703637 0.0752964
0.14872 0.0573171 0.559828 0.0204645 9.9991E-05 0.0332435 0.0982166 0.0821097
0.0160631 9.9982E-05 0.16112 0.706635 0.0265576 0.0496021 0.0398223 9.9982E-05
0.0643588 9.9973E-05 0.0685879 0.824485 9.9973E-05 0.0174787 0.0247898 9.9973E-05
0.0573877 9.9964E-05 0.174054 0.751391 9.9964E-05 9.9964E-05 0.0167677 9.9964E-05
0.0227182 9.9982E-05 0.372829 0.499906 0.0580186 0.00103745 0.0452911 9.9982E-05
0.138386 0.0179677 0.267286 0.44689 0.029876 9.9991E-05 0.0551843 0.04431
0.151302 9.9982E-05 0.484643 0.2105 0.0464539 9.9982E-05 0.0787948 0.0281064
0.111467 9.9982E-05 0.666847 9.9982E-05 0.0249231 0.0782008 0.0884262 0.0299363
0.133 9.9982E-05 0.457227 0.207598 0.0130396 9.9982E-05 0.125479 0.0634567
0.0458577 9.9973E-05 0.440371 0.390117 9.9973E-05 0.0309757 0.0923788 9.9973E-05
0.156321 0.119926 0.416393 0.0978494 0.0316625 0.0116764 0.166073 9.9991E-05
0.0426232 0.0732604 0.759017 9.9982E-05 0.0194643 0.000379279 0.105056 9.9982E-05
9.994E-05 9.994E-05 9.994E-05 9.994E-05 9.994E-05 9.994E-05 0.9993 9.994E-05
0.0620617 0.0594894 0.436659 0.239103 0.0823655 0.0310957 0.0891254 9.9991E-05
0.108387 9.9973E-05 0.332809 0.449131 0.00645755 9.9973E-05 0.102915 9.9973E-05
0.0653488 0.0400709 0.500138 0.218772 0.0566497 9.9982E-05 0.11882 9.9982E-05
0.079893 0.0586363 0.608192 9.9982E-05 0.0179963 9.9982E-05 0.112031 0.123052
0.0668141 9.9973E-05 0.570059 0.3277 0.00702145 9.9973E-05 0.0281055 9.9973E-05
0.0458832 9.9982E-05 0.613231 0.140149 0.0471064 0.0891666 0.0642637 9.9982E-05
0.9993 9.994E-05 9.994E-05 9.994E-05 9.994E-05 9.994E-05 9.994E-05 9.994E-05
9.994E-05 9.994E-05 9.994E-05 9.994E-05 9.994E-05 9.994E-05 0.9993 9.994E-05
0.9993 9.994E-05 9.994E-05 9.994E-05 9.994E-05 9.994E-05 9.994E-05 9.994E-05
0.0321313 9.9964E-05 0.355112 0.549238 9.9964E-05 9.9964E-05 0.0631187 9.9964E-05
0.166628 0.0103114 0.201877 0.489579 9.9982E-05 0.0331675 0.098238 9.9982E-05
0.0468431 9.9973E-05 0.433184 0.382777 0.0425904 9.9973E-05 0.0943053 9.9973E-05
0.114914 9.9991E-05 0.542513 0.129324 0.0389437 0.0243346 0.119804 0.0300675
0.1208 9.9982E-05 0.617789 9.9982E-05 0.0178395 0.0289755 0.107701 0.106695
9.99459E-05 9.99459E-05 9.99459E-05 0.591253 9.99459E-05 9.99459E-05 0.408148 9.99459E-05
0.0547848 9.9982E-05 0.243062 0.57177 0.0254467 9.9982E-05 0.094834 0.00990176
9.9973E-05 0.111452 0.630103 0.0455057 9.9973E-05 0.137361 0.0752788 9.9973E-05
0.0351748 0.175675 0.595474 9.9973E-05 9.9973E-05 0.0997876 0.0935891 9.9973E-05
0.0287548 0.114722 0.507432 9.9982E-05 0.0118936 0.211121 0.125877 9.9982E-05
9.9982E-05 0.0784622 0.478594 0.227831 0.015893 0.158022 0.0409968 9.9982E-05
0.0490695 0.173394 0.410341 9.9991E-05 0.0341193 0.200156 0.121729 0.0110904
9.9973E-05 0.220704 0.496086 9.9973E-05 0.00342488 0.201856 0.0776292 9.9973E-05
9.9982E-05 0.192911 0.477233 9.9982E-05 0.0377276 0.191994 0.0806423 0.0192928
9.9973E-05 0.0923003 0.546331 9.9973E-05 0.058498 0.207524 0.095046 9.9973E-05
9.9982E-05 0.148581 0.482162 9.9982E-05 0.000117639 0.159715 0.0789696 0.130255
0.0359188 0.129265 0.487476 9.9991E-05 0.0429866 0.15098 0.0913734 0.0618997
9.9982E-05 0.056673 0.52197 9.9982E-05 0.00848805 0.250888 0.0854584 0.0763219
0.05674 0.762888 9.9982E-05 9.9982E-05 0.0362525 0.0915337 0.0237443 0.0286411
9.9973E-05 0.790457 0.066287 9.9973E-05 0.0476362 0.0676914 0.0276288 9.9973E-05
0.0161064 0.683674 0.0482839 0.192177 9.9991E-05 0.0413552 0.000769346 0.0175341
9.9973E-05 0.735329 0.0148969 9.9973E-05 0.0668374 0.0187587 9.9973E-05 0.163878
0.052453 0.638378 9.9973E-05 0.271961 0.00277382 9.9973E-05 9.9973E-05 0.0341343
0.0391575 0.699971 0.056334 0.120376 0.0338704 0.0366256 0.0135659 9.9991E-05
0.0267983 0.740188 9.9982E-05 9.9982E-05 0.00966494 0.0190818 0.0756316 0.128435
9.9964E-05 0.867361 0.0675875 9.9964E-05 9.9964E-05 0.0168709 0.0477805 9.9964E-05
0.0608052 0.482086 9.9973E-05 0.396228 0.029909 9.9973E-05 9.9973E-05 0.030672
9.9973E-05 0.677412 0.0856321 9.9973E-05 0.0374601 9.9973E-05 0.00933735 0.189859
0.0384065 0.777787 0.0444767 9.9982E-05 0.0347137 0.0274485 9.9982E-05 0.0769675
9.9982E-05 0.672994 0.0076614 0.0773646 0.0794047 0.0198983 9.9982E-05 0.142477
9.9991E-05 0.597335 0.0411864 0.189601 0.0398854 0.0485774 0.000269301 0.0830449
0.00289494 0.498254 0.0902456 0.295147 0.00168496 9.9982E-05 9.9982E-05 0.111574
0.0333627 0.66611 0.07725 0.139239 0.0527387 0.0310999 9.9982E-05 9.9982E-05
9.9955E-05 0.592294 9.9955E-05 0.376258 0.0309475 9.9955E-05 9.9955E-05 9.9955E-05
0.0217368 0.797652 0.0880301 9.9973E-05 9.9973E-05 9.9973E-05 0.00152919 0.0907523
9.9973E-05 0.73606 0.0780028 0.106378 0.0767866 9.9973E-05 9.9973E-05 0.00247225
0.0555098 0.830721 9.9982E-05 9.9982E-05 0.0643671 0.0254623 0.0173725 0.00636746
9.9946E-05 0.6546 9.9946E-05 0.3448 9.9946E-05 9.9946E-05 9.9946E-05 9.9946E-05
0.00522382 0.549979 9.9964E-05 0.443153 9.9964E-05 9.9964E-05 0.00124352 9.9964E-05
9.9982E-05 0.774411 0.0804037 9.9982E-05 0.00932391 0.0479041 0.0445764 0.043181
0.0641897 0.730676 9.9973E-05 0.185202 0.0143323 9.9973E-05 0.00530026 9.9973E-05
9.9964E-05 0.649408 9.9964E-05 0.327384 0.0206182 9.9964E-05 0.0021898 9.9964E-05
9.9964E-05 0.529076 9.9964E-05 0.420435 9.9964E-05 0.00558552 0.0445037 9.9964E-05
9.9955E-05 0.613179 9.9955E-05 0.321746 9.9955E-05 0.0645758 9.9955E-05 9.9955E-05
0.0311021 0.601392 9.9982E-05 0.314065 0.0269306 0.0211621 9.9982E-05 0.0051483
9.9964E-05 0.534287 9.9964E-05 0.357176 0.0504553 9.9964E-05 9.9964E-05 0.0576824
9.9964E-05 0.601658 9.9964E-05 0.342233 0.0412959 0.0144142 9.9964E-05 9.9964E-05
0.0317284 0.732236 9.9982E-05 0.0948985 9.9982E-05 0.0293679 0.0439534 0.0676157
0.0433484 0.784238 0.0351205 9.9973E-05 9.9973E-05 9.9973E-05 0.0376117 0.0993814
9.9982E-05 0.64929 0.0151072 0.20398 0.0377749 9.9982E-05 0.00834497 0.0853033
9.9973E-05 0.632823 0.00551531 0.178953 9.9973E-05 0.0547614 9.9973E-05 0.127647
0.0403487 0.74604 9.9973E-05 0.142249 9.9973E-05 0.0477167 0.0233456 9.9973E-05
0.0283485 0.776124 0.00294853 0.144789 0.0102756 0.0250717 0.00580528 0.00663712
9.9964E-05 0.0625937 9.9964E-05 0.372312 9.9964E-05 0.0132607 9.9964E-05 0.551434
9.9964E-05 0.0557496 9.9964E-05 0.458741 9.9964E-05 9.9964E-05 0.010841 0.474269
9.9964E-05 9.9964E-05 9.9964E-05 0.520239 0.0236157 0.0381278 9.9964E-05 0.417618
9.9973E-05 0.082539 9.9973E-05 0.454186 0.0372683 9.9973E-05 0.0073496 0.418357
9.9973E-05 0.0231081 9.9973E-05 0.4214 0.0431892 0.0142868 9.9973E-05 0.497716
0.0498038 0.0924905 9.9982E-05 0.0365056 9.9982E-05 0.081632 0.0538424 0.685526
9.99475E-05 9.99475E-05 9.99475E-05 0.224731 9.99475E-05 9.99475E-05 9.99475E-05 0.77467
9.9964E-05 9.9964E-05 9.9964E-05 0.301701 0.0432173 0.147807 9.9964E-05 0.506875
