9.99641E-05 9.99641E-05 0.038247 0.307228 9.99641E-05 9.99641E-05 0.654125
9.99551E-05 9.99551E-05 0.0401646 9.99551E-05 9.99551E-05 9.99551E-05 0.959336
9.9964E-05 9.9964E-05 0.0610952 0.540597 9.9964E-05 9.9964E-05 0.397908
9.99731E-05 9.99731E-05 9.99731E-05 0.106724 0.0277363 0.352721 0.512519
9.9955E-05 0.80049 9.9955E-05 0.19901 9.9955E-05 9.9955E-05 9.9955E-05
9.9982E-05 9.9982E-05 0.0476734 0.0272076 0.0400995 0.876962 0.00785727
9.9973E-05 9.9973E-05 0.11092 0.134535 0.737047 0.0171979 9.9973E-05
9.9964E-05 9.9964E-05 9.9964E-05 0.0634333 0.0294579 9.9964E-05 0.906709
9.9955E-05 9.9955E-05 0.586876 9.9955E-05 9.9955E-05 0.412624 9.9955E-05
9.995E-05 0.491874 9.995E-05 9.995E-05 0.507626 9.995E-05 9.995E-05
9.995E-05 9.995E-05 9.995E-05 9.995E-05 0.9994 9.995E-05 9.995E-05
9.99551E-05 9.99551E-05 9.99551E-05 9.99551E-05 9.99551E-05 0.0845611 0.914939
9.9982E-05 0.543091 0.113251 0.158116 0.122292 9.9982E-05 0.063051
0.0382059 0.0583555 9.9982E-05 0.793251 0.0716755 9.9982E-05 0.0383119
9.995E-05 0.9994 9.995E-05 9.995E-05 9.995E-05 9.995E-05 9.995E-05
9.995E-05 9.995E-05 0.9994 9.995E-05 9.995E-05 9.995E-05 9.995E-05
9.99641E-05 9.99641E-05 9.99641E-05 0.000368415 9.99641E-05 0.148597 0.850634
9.9973E-05 0.0870631 0.401427 9.9973E-05 0.383234 0.127976 9.9973E-05
9.995E-05 9.995E-05 9.995E-05 9.995E-05 9.995E-05 0.9994 9.995E-05
0.9994 9.995E-05 9.995E-05 9.995E-05 9.995E-05 9.995E-05 9.995E-05
0.79249 0.0183395 0.106381 0.0017115 9.9982E-05 0.0808783 9.9982E-05
9.99641E-05 9.99641E-05 0.628035 9.99641E-05 9.99641E-05 0.240959 0.130606
9.99551E-05 0.31762 0.681881 9.99551E-05 9.99551E-05 9.99551E-05 9.99551E-05
0.228143 9.9982E-05 9.9982E-05 0.0582732 0.155752 0.116357 0.441274
9.99551E-05 9.99551E-05 9.99551E-05 0.900102 9.99551E-05 0.0993984 9.99551E-05
0.102884 0.779725 0.116992 9.9964E-05 9.9964E-05 9.9964E-05 9.9964E-05
9.99641E-05 9.99641E-05 9.99641E-05 0.368758 9.99641E-05 0.102337 0.528505
0.0445563 0.272018 9.99731E-05 0.110865 9.99731E-05 0.572261 9.99731E-05
9.99642E-05 9.99642E-05 0.0115207 9.99642E-05 0.0193145 9.99642E-05 0.968765
0.0176717 9.99642E-05 9.99642E-05 9.99642E-05 9.99642E-05 0.705544 0.276385
9.99551E-05 9.99551E-05 9.99551E-05 0.537674 0.461827 9.99551E-05 9.99551E-05
9.995E-05 9.995E-05 9.995E-05 0.9994 9.995E-05 9.995E-05 9.995E-05
9.9964E-05 0.192537 9.9964E-05 0.116369 0.690694 9.9964E-05 9.9964E-05
9.9973E-05 0.028352 0.03773 0.00631468 9.9973E-05 0.927303 9.9973E-05
0.00283664 9.9973E-05 9.9973E-05 0.0673823 9.9973E-05 0.163987 0.765494
0.099392 9.9955E-05 0.900108 9.9955E-05 9.9955E-05 9.9955E-05 9.9955E-05
0.0873533 9.99641E-05 0.227415 9.99641E-05 9.99641E-05 0.684832 9.99641E-05
0.0579026 9.9973E-05 0.0690132 9.9973E-05 0.0167996 0.855985 9.9973E-05
9.99641E-05 9.99641E-05 9.99641E-05 9.99641E-05 0.881134 0.0431075 0.0753589
0.107204 9.99731E-05 9.99731E-05 9.99731E-05 0.0118351 0.841807 0.0388545
9.99551E-05 9.99551E-05 9.99551E-05 9.99551E-05 9.99551E-05 0.895254 0.104246
9.99551E-05 9.99551E-05 9.99551E-05 9.99551E-05 9.99551E-05 0.179511 0.819989
0.970671 0.0288297 9.99551E-05 9.99551E-05 9.99551E-05 9.99551E-05 9.99551E-05
9.995E-05 9.995E-05 9.995E-05 0.9994 9.995E-05 9.995E-05 9.995E-05
0.10734 0.89216 9.99551E-05 9.99551E-05 9.99551E-05 9.99551E-05 9.99551E-05
9.99551E-05 9.99551E-05 0.114775 9.99551E-05 9.99551E-05 9.99551E-05 0.884725
0.233003 9.99641E-05 0.668261 9.99641E-05 9.99641E-05 0.0983357 9.99641E-05
9.99551E-05 9.99551E-05 0.367154 9.99551E-05 9.99551E-05 0.632347 9.99551E-05
0.167655 0.749162 9.99641E-05 9.99641E-05 9.99641E-05 9.99641E-05 0.0827832
0.873958 9.99641E-05 9.99641E-05 9.99641E-05 0.00632898 0.119313 9.99641E-05
