9.9892E-05 9.9892E-05 9.9892E-05 0.00797178 9.9892E-05 9.9892E-05 0.891744 0.0198508 9.9892E-05 0.00443741 9.9892E-05 9.9892E-05 9.9892E-05 9.9892E-05 9.9892E-05 0.074797 9.9892E-05
9.9919E-05 0.11053 9.9919E-05 0.0135818 0.0277148 9.9919E-05 0.670114 9.9919E-05 9.9919E-05 0.00758689 0.00606248 9.9919E-05 9.9919E-05 9.9919E-05 0.161411 0.00209953 9.9919E-05
9.9901E-05 0.0430973 0.00880787 0.0261875 9.9901E-05 9.9901E-05 0.740694 0.122068 0.058046 9.9901E-05 9.9901E-05 9.9901E-05 9.9901E-05 9.9901E-05 9.9901E-05 9.9901E-05 9.9901E-05
9.991E-05 0.0602189 0.0217683 9.991E-05 9.991E-05 0.0529102 0.713755 9.991E-05 0.0801541 9.991E-05 9.991E-05 0.0636618 9.991E-05 0.00653247 9.991E-05 9.991E-05 9.991E-05
9.9928E-05 0.0736536 9.9928E-05 0.0046513 9.9928E-05 0.056619 0.723277 9.9928E-05 0.0533048 9.9928E-05 0.0139938 0.0183285 0.0446602 9.9928E-05 9.9928E-05 9.9928E-05 0.0107124
9.9928E-05 0.0348456 9.9928E-05 0.000691385 9.9928E-05 0.0495432 0.783308 9.9928E-05 9.9928E-05 0.00659689 0.0166287 9.9928E-05 9.9928E-05 0.00230119 0.104839 9.9928E-05 0.000446486
0.075549 9.9892E-05 9.9892E-05 9.9892E-05 9.9892E-05 9.9892E-05 0.835026 9.9892E-05 0.0634975 0.0108394 9.9892E-05 9.9892E-05 9.9892E-05 0.0138897 9.9892E-05 9.9892E-05 9.9892E-05
0.070924 9.9919E-05 9.9919E-05 0.0141465 9.9919E-05 0.0154568 0.760889 0.0531007 0.0278106 0.0295531 9.9919E-05 9.9919E-05 9.9919E-05 9.9919E-05 9.9919E-05 0.0272199 9.9919E-05
0.0734912 0.0649286 9.9919E-05 0.0350849 9.9919E-05 0.0498716 0.71207 9.9919E-05 9.9919E-05 0.00658792 0.00337337 0.053693 9.9919E-05 9.9919E-05 9.9919E-05 9.9919E-05 9.9919E-05
0.0460539 9.9901E-05 9.9901E-05 9.9901E-05 9.9901E-05 0.105432 0.749519 9.9901E-05 9.9901E-05 0.0109723 9.9901E-05 9.9901E-05 9.9901E-05 0.0136514 0.0732718 9.9901E-05 9.9901E-05
9.9919E-05 0.0140087 9.9919E-05 0.0280816 0.0150799 0.180854 0.654801 9.9919E-05 9.9919E-05 0.00997294 0.00674811 9.9919E-05 9.9919E-05 9.9919E-05 0.0895545 9.9919E-05 9.9919E-05
9.991E-05 0.0111942 0.0575867 0.0352026 0.00210189 0.0840437 0.664678 0.144193 9.991E-05 9.991E-05 9.991E-05 9.991E-05 9.991E-05 9.991E-05 9.991E-05 9.991E-05 9.991E-05
0.0468993 9.99011E-05 9.99011E-05 9.99011E-05 9.99011E-05 0.0400289 0.698934 9.99011E-05 0.00673592 0.0201221 9.99011E-05 9.99011E-05 9.99011E-05 9.99011E-05 0.186181 9.99011E-05 9.99011E-05
0.0621544 0.0761306 0.0309768 9.9928E-05 0.016226 9.9928E-05 0.634339 9.9928E-05 9.9928E-05 0.0043645 9.9928E-05 9.9928E-05 9.9928E-05 0.0117476 0.137608 9.9928E-05 0.0256535
0.0205163 0.0497683 9.9928E-05 9.9928E-05 0.0157699 9.9928E-05 0.739198 9.9928E-05 0.00962384 0.00602427 9.9928E-05 0.0405393 9.9928E-05 9.9928E-05 0.0856094 9.9928E-05 0.0321512
9.98921E-05 0.104238 9.98921E-05 9.98921E-05 9.98921E-05 9.98921E-05 0.792186 9.98921E-05 9.98921E-05 0.0146341 0.00891861 0.0788244 9.98921E-05 9.98921E-05 9.98921E-05 9.98921E-05 9.98921E-05
9.9901E-05 9.9901E-05 9.9901E-05 9.9901E-05 9.9901E-05 9.9901E-05 0.901565 9.9901E-05 9.9901E-05 0.0132604 0.0353468 0.000439729 9.9901E-05 0.0103808 9.9901E-05 0.037908 9.9901E-05
9.9892E-05 9.9892E-05 9.9892E-05 9.9892E-05 9.9892E-05 9.9892E-05 0.895028 9.9892E-05 9.9892E-05 9.9892E-05 0.0207258 0.0144614 0.00254115 9.9892E-05 9.9892E-05 0.066045 9.9892E-05
0.00833946 9.98921E-05 9.98921E-05 9.98921E-05 9.98921E-05 9.98921E-05 0.852383 9.98921E-05 9.98921E-05 0.0191177 9.98921E-05 9.98921E-05 0.0635157 9.98921E-05 9.98921E-05 0.0554457 9.98921E-05
9.991E-05 9.991E-05 0.00611907 9.991E-05 9.991E-05 9.991E-05 0.819493 9.991E-05 9.991E-05 9.991E-05 0.0135822 0.106237 9.991E-05 0.00900388 9.991E-05 0.00192471 0.0426414
9.98559E-05 9.98559E-05 0.998402 9.98559E-05 9.98559E-05 9.98559E-05 9.98559E-05 9.98559E-05 9.98559E-05 9.98559E-05 9.98559E-05 9.98559E-05 9.98559E-05 9.98559E-05 9.98559E-05 9.98559E-05 9.98559E-05
0.0305218 9.9892E-05 0.582883 9.9892E-05 9.9892E-05 0.145994 9.9892E-05 0.19765 9.9892E-05 0.0417529 9.9892E-05 9.9892E-05 9.9892E-05 9.9892E-05 9.9892E-05 9.9892E-05 9.9892E-05
0.00392236 9.9928E-05 0.611075 9.9928E-05 9.9928E-05 0.149799 0.0308471 9.9928E-05 9.9928E-05 0.00978237 9.9928E-05 9.9928E-05 0.0918648 0.0136818 0.0550984 9.9928E-05 0.0331303
9.9919E-05 9.9919E-05 0.739468 9.9919E-05 0.0318507 0.0919237 9.9919E-05 9.9919E-05 9.9919E-05 0.007165 0.020948 9.9919E-05 0.0296532 0.000141379 9.9919E-05 9.9919E-05 0.0779506
9.991E-05 9.991E-05 0.808151 9.991E-05 9.991E-05 0.0228729 0.00286934 0.0279347 0.0945013 9.991E-05 9.991E-05 9.991E-05 9.991E-05 0.00499895 0.0376726 9.991E-05 9.991E-05
0.0115134 9.9928E-05 0.754911 9.9928E-05 9.9928E-05 0.00597544 0.0150192 9.9928E-05 0.125531 0.00440872 0.0308303 9.9928E-05 0.0341293 0.0168819 9.9928E-05 9.9928E-05 9.9928E-05
9.9919E-05 0.0413794 0.592368 0.00102628 9.9919E-05 0.115211 9.9919E-05 9.9919E-05 0.144783 9.9919E-05 9.9919E-05 9.9919E-05 0.0321204 9.9919E-05 0.0238682 9.9919E-05 0.0483442
9.98557E-05 9.98557E-05 0.998402 9.98557E-05 9.98557E-05 9.98557E-05 9.98557E-05 9.98557E-05 9.98557E-05 9.98557E-05 9.98557E-05 9.98557E-05 9.98557E-05 9.98557E-05 9.98557E-05 9.98557E-05 9.98557E-05
9.9892E-05 0.0805269 0.653155 9.9892E-05 9.9892E-05 9.9892E-05 9.9892E-05 9.9892E-05 0.0835059 9.9892E-05 9.9892E-05 9.9892E-05 9.9892E-05 9.9892E-05 0.171384 0.0102291 9.9892E-05
9.9919E-05 0.105483 0.510882 9.9919E-05 0.0146272 0.126237 9.9919E-05 9.9919E-05 0.0112916 0.0145098 9.9919E-05 0.18153 0.0345411 9.9919E-05 9.9919E-05 9.9919E-05 9.9919E-05
9.9919E-05 0.0807274 0.639191 0.00347271 9.9919E-05 0.0582204 9.9919E-05 0.0827994 0.0441047 9.9919E-05 0.0078838 0.0827018 9.9919E-05 9.9919E-05 9.9919E-05 9.9919E-05 9.9919E-05
0.122396 9.991E-05 0.617279 9.991E-05 9.991E-05 9.991E-05 9.991E-05 9.991E-05 0.0682312 9.991E-05 0.0175898 9.991E-05 0.0914773 9.991E-05 9.991E-05 0.0798054 0.00222218
0.109864 0.00809489 0.618626 9.9919E-05 9.9919E-05 9.9919E-05 0.0439591 9.9919E-05 0.120721 0.0192768 9.9919E-05 9.9919E-05 9.9919E-05 9.9919E-05 9.9919E-05 0.0134989 0.0650599
0.0493645 0.0437372 0.608449 0.0292367 9.9937E-05 9.9937E-05 9.9937E-05 0.112589 0.00755333 0.0508329 9.9937E-05 9.9937E-05 9.9937E-05 0.0250741 0.0127269 9.9937E-05 0.0597371
9.9946E-05 0.0361858 0.542368 0.0018537 0.0104142 9.9946E-05 0.00517969 0.0713472 0.0663795 0.00549556 9.9946E-05 9.9946E-05 9.9946E-05 0.0186316 0.188295 9.9946E-05 0.0532504
9.99099E-05 0.175145 0.314457 0.0271316 0.0197893 9.99099E-05 0.00994221 0.443634 9.99099E-05 0.00890201 9.99099E-05 9.99099E-05 9.99099E-05 9.99099E-05 9.99099E-05 9.99099E-05 9.99099E-05
0.0414689 0.00290954 0.567698 0.0468204 0.0130378 9.9937E-05 9.9937E-05 9.9937E-05 9.9937E-05 9.9937E-05 0.00251564 0.126656 0.0111265 9.9937E-05 0.0279748 0.159093 9.9937E-05
9.9901E-05 9.9901E-05 9.9901E-05 9.9901E-05 0.0214315 0.015291 9.9901E-05 9.9901E-05 9.9901E-05 0.00721665 9.9901E-05 9.9901E-05 0.124417 9.9901E-05 9.9901E-05 0.0533551 0.77719
9.99189E-05 0.0129275 9.99189E-05 9.99189E-05 0.0181219 9.99189E-05 9.99189E-05 0.070272 0.0329864 0.00257893 9.99189E-05 9.99189E-05 9.99189E-05 9.99189E-05 0.137352 0.524976 0.199886
9.9865E-05 9.9865E-05 9.9865E-05 0.0293265 9.9865E-05 9.9865E-05 9.9865E-05 9.9865E-05 9.9865E-05 9.9865E-05 9.9865E-05 9.9865E-05 9.9865E-05 9.9865E-05 9.9865E-05 9.9865E-05 0.969176
9.9856E-05 9.9856E-05 9.9856E-05 9.9856E-05 9.9856E-05 9.9856E-05 9.9856E-05 9.9856E-05 9.9856E-05 9.9856E-05 9.9856E-05 9.9856E-05 9.9856E-05 9.9856E-05 9.9856E-05 9.9856E-05 0.998402
9.9937E-05 0.0881591 9.9937E-05 0.0407385 0.0116161 0.038044 0.00450289 9.9937E-05 9.9937E-05 0.0150711 0.00438841 9.9937E-05 0.00306941 0.0004478 9.9937E-05 0.793263 9.9937E-05
0.0374814 9.9919E-05 9.9919E-05 9.9919E-05 0.00812285 0.0161948 9.9919E-05 9.9919E-05 9.9919E-05 9.9919E-05 0.0066012 0.0423142 9.9919E-05 9.9919E-05 0.0581189 0.713259 0.117008
0.025829 0.0599661 9.9955E-05 9.9955E-05 9.9955E-05 0.163614 0.0414544 9.9955E-05 0.000243693 0.0184077 0.00129139 9.9955E-05 0.00121239 0.00517219 0.067951 0.0966498 0.517708
9.9919E-05 9.9919E-05 0.0118832 9.9919E-05 0.0255115 9.9919E-05 9.9919E-05 9.9919E-05 0.00142254 0.00861347 9.9919E-05 0.0286675 0.0521544 9.9919E-05 9.9919E-05 0.323259 0.547589
9.991E-05 0.0500768 0.00342547 9.991E-05 0.0328158 0.0442792 9.991E-05 9.991E-05 0.121169 9.991E-05 9.991E-05 9.991E-05 9.991E-05 9.991E-05 9.991E-05 0.624878 0.122356
9.99011E-05 9.99011E-05 9.99011E-05 9.99011E-05 9.99011E-05 9.99011E-05 9.99011E-05 9.99011E-05 9.99011E-05 9.99011E-05 0.00643625 0.0863496 9.99011E-05 0.0056025 0.00445454 0.584772 0.311286
0.0982123 9.9883E-05 9.9883E-05 9.9883E-05 9.9883E-05 9.9883E-05 9.9883E-05 0.0208072 9.9883E-05 9.9883E-05 9.9883E-05 9.9883E-05 9.9883E-05 0.000227777 9.9883E-05 0.879454 9.9883E-05
9.9892E-05 9.9892E-05 0.0168361 9.9892E-05 9.9892E-05 9.9892E-05 9.9892E-05 9.9892E-05 9.9892E-05 0.00543759 0.0249366 9.9892E-05 9.9892E-05 9.9892E-05 9.9892E-05 0.910897 0.0406936
0.0339413 9.9919E-05 9.9919E-05 0.00576408 0.016048 0.217569 9.9919E-05 9.9919E-05 9.9919E-05 0.00755622 9.9919E-05 9.9919E-05 0.00898027 9.9919E-05 9.9919E-05 0.000199928 0.709042
9.9892E-05 9.9892E-05 9.9892E-05 0.00250853 9.9892E-05 9.9892E-05 9.9892E-05 0.102476 9.9892E-05 9.9892E-05 0.0211607 9.9892E-05 9.9892E-05 9.9892E-05 9.9892E-05 0.652833 0.219823
9.98561E-05 9.98561E-05 9.98561E-05 9.98561E-05 9.98561E-05 9.98561E-05 9.98561E-05 9.98561E-05 9.98561E-05 9.98561E-05 9.98561E-05 9.98561E-05 9.98561E-05 9.98561E-05 9.98561E-05 0.998402 9.98561E-05
0.0635303 9.98919E-05 9.98919E-05 9.98919E-05 9.98919E-05 9.98919E-05 9.98919E-05 9.98919E-05 9.98919E-05 0.0342491 9.98919E-05 9.98919E-05 9.98919E-05 0.052241 9.98919E-05 0.763613 0.0851683
9.99099E-05 9.99099E-05 9.99099E-05 9.99099E-05 9.99099E-05 0.0155317 0.0646267 0.0961781 9.99099E-05 9.99099E-05 0.0212814 9.99099E-05 0.000850457 9.99099E-05 9.99099E-05 0.71845 0.0820821
9.9901E-05 9.9901E-05 9.9901E-05 9.9901E-05 9.9901E-05 0.0242868 9.9901E-05 9.9901E-05 9.9901E-05 9.9901E-05 0.0067942 0.00805853 0.00419857 0.0117122 9.9901E-05 9.9901E-05 0.943851
9.991E-05 9.991E-05 9.991E-05 0.00400637 0.0139808 0.0861179 0.00861588 9.991E-05 0.0390074 9.991E-05 0.0126784 9.991E-05 9.991E-05 9.991E-05 9.991E-05 9.991E-05 0.834594
9.9901E-05 9.9901E-05 0.0181024 9.9901E-05 9.9901E-05 9.9901E-05 0.0363049 9.9901E-05 9.9901E-05 9.9901E-05 9.9901E-05 9.9901E-05 9.9901E-05 0.0297889 0.00436373 0.0881628 0.822178
9.9892E-05 9.9892E-05 9.9892E-05 0.0140815 9.9892E-05 9.9892E-05 9.9892E-05 0.711944 9.9892E-05 0.011747 9.9892E-05 9.9892E-05 0.0888382 9.9892E-05 9.9892E-05 9.9892E-05 0.172191
9.98559E-05 9.98559E-05 9.98559E-05 0.998402 9.98559E-05 9.98559E-05 9.98559E-05 9.98559E-05 9.98559E-05 9.98559E-05 9.98559E-05 9.98559E-05 9.98559E-05 9.98559E-05 9.98559E-05 9.98559E-05 9.98559E-05
0.00934542 9.9946E-05 9.9946E-05 0.000254116 0.0198606 9.9946E-05 9.9946E-05 0.5482 0.0672384 0.0323552 9.9946E-05 0.078961 0.0352356 0.0275118 0.145516 0.0349218 9.9946E-05
9.9946E-05 9.9946E-05 9.9946E-05 0.00381404 0.0417421 0.0278812 9.9946E-05 0.369403 0.102046 0.0214018 0.00028104 0.296844 9.9946E-05 0.0192646 0.0218414 0.0948806 9.9946E-05
9.9919E-05 9.9919E-05 9.9919E-05 0.0281135 0.0262668 9.9919E-05 9.9919E-05 9.9919E-05 0.0966812 0.00475741 9.9919E-05 0.141519 0.039055 0.000138321 0.662569 9.9919E-05 9.9919E-05
9.9901E-05 9.9901E-05 9.9901E-05 9.9901E-05 0.00345805 9.9901E-05 0.00557655 0.0597631 9.9901E-05 9.9901E-05 0.0135188 0.848707 9.9901E-05 9.9901E-05 9.9901E-05 0.0678775 9.9901E-05
9.9856E-05 9.9856E-05 9.9856E-05 9.9856E-05 9.9856E-05 9.9856E-05 9.9856E-05 9.9856E-05 9.9856E-05 0.998402 9.9856E-05 9.9856E-05 9.9856E-05 9.9856E-05 9.9856E-05 9.9856E-05 9.9856E-05
9.98559E-05 9.98559E-05 9.98559E-05 0.998402 9.98559E-05 9.98559E-05 9.98559E-05 9.98559E-05 9.98559E-05 9.98559E-05 9.98559E-05 9.98559E-05 9.98559E-05 9.98559E-05 9.98559E-05 9.98559E-05 9.98559E-05
0.0321464 9.9946E-05 9.9946E-05 0.0294257 0.0261159 0.0605805 0.0609439 0.102564 0.0721231 0.00274037 0.0218342 9.9946E-05 9.9946E-05 0.00917637 0.58175 9.9946E-05 9.9946E-05
0.00286055 9.9937E-05 0.0878864 0.00250287 9.9937E-05 0.0297233 0.0127661 9.9937E-05 9.9937E-05 0.0331611 0.0133909 0.726971 0.0740864 0.0159517 9.9937E-05 9.9937E-05 9.9937E-05
9.9955E-05 9.9955E-05 0.0164192 0.0383851 0.0289712 0.0359 0.00998755 9.9955E-05 0.0383452 0.0272598 0.031639 0.455985 0.144655 0.0251621 0.146791 9.9955E-05 9.9955E-05
9.9937E-05 9.9937E-05 0.0871343 0.0236386 0.047373 9.9937E-05 9.9937E-05 9.9937E-05 9.9937E-05 0.014007 0.0165815 0.343888 0.122626 0.0311357 0.308447 9.9937E-05 0.00446939
0.00351881 9.9955E-05 0.0430993 0.122399 0.00345124 9.9955E-05 0.00509718 0.343909 9.9955E-05 0.0318277 0.0284262 0.308001 0.0558141 0.053626 0.00033095 9.9955E-05 9.9955E-05
9.9937E-05 9.9937E-05 9.9937E-05 0.0370602 0.000137519 9.9937E-05 0.00365865 9.9937E-05 0.0195076 9.9937E-05 0.0144078 0.612757 0.104507 0.00283018 0.175635 9.9937E-05 0.0287998
9.9919E-05 9.9919E-05 9.9919E-05 9.9919E-05 0.000345036 9.9919E-05 9.9919E-05 9.9919E-05 0.085347 0.0468856 0.0194233 0.787229 0.010426 0.00756031 9.9919E-05 9.9919E-05 0.0418846
0.0355768 9.9919E-05 0.0534888 0.069214 0.0265622 9.9919E-05 9.9919E-05 9.9919E-05 9.9919E-05 9.9919E-05 9.9919E-05 0.124464 0.0336599 0.0140453 0.64209 9.9919E-05 9.9919E-05
9.9928E-05 0.0148827 9.9928E-05 0.037288 0.0257506 9.9928E-05 9.9928E-05 0.350055 0.320457 9.9928E-05 0.0239645 0.169918 9.9928E-05 0.000705286 9.9928E-05 9.9928E-05 0.0561783
9.9946E-05 9.9946E-05 0.0435124 0.0312986 0.00659301 9.9946E-05 9.9946E-05 9.9946E-05 0.198856 0.0275047 0.0382956 0.229646 0.148927 9.9946E-05 0.00729684 0.236793 0.0306768
0.0659733 9.9946E-05 9.9946E-05 0.00437618 0.00759881 9.9946E-05 0.0559149 9.9946E-05 9.9946E-05 0.00452782 0.010438 0.413706 0.0716349 9.9946E-05 0.155489 0.143576 0.0661654
9.9919E-05 9.9919E-05 9.9919E-05 0.0611093 9.9919E-05 9.9919E-05 0.0625915 9.9919E-05 9.9919E-05 9.9919E-05 0.00155191 0.0986087 0.0297152 0.00929211 0.243722 0.49251 9.9919E-05
9.9856E-05 9.9856E-05 9.9856E-05 9.9856E-05 9.9856E-05 9.9856E-05 9.9856E-05 9.9856E-05 9.9856E-05 0.998402 9.9856E-05 9.9856E-05 9.9856E-05 9.9856E-05 9.9856E-05 9.9856E-05 9.9856E-05
9.994E-05 0.0205239 0.0602368 0.0270951 9.994E-05 9.994E-05 0.0549432 0.187957 0.00253612 0.0149385 0.0398717 0.337178 9.994E-05 0.0578091 9.994E-05 0.196311 9.994E-05
9.9928E-05 9.9928E-05 9.9928E-05 0.0212722 0.0106532 9.9928E-05 9.9928E-05 9.9928E-05 9.9928E-05 0.0512977 0.0146789 0.140744 0.0548606 0.0217103 0.550029 0.133954 9.9928E-05
9.98559E-05 9.98559E-05 9.98559E-05 9.98559E-05 9.98559E-05 9.98559E-05 9.98559E-05 9.98559E-05 9.98559E-05 9.98559E-05 9.98559E-05 9.98559E-05 0.998402 9.98559E-05 9.98559E-05 9.98559E-05 9.98559E-05
9.9946E-05 9.9946E-05 0.00559685 0.0243255 9.9946E-05 9.9946E-05 0.0156398 0.333241 9.9946E-05 0.0162734 0.000922172 0.29636 0.0958781 0.0281234 0.180673 0.00236606 9.9946E-05
9.99285E-05 9.99285E-05 9.99285E-05 0.0122927 0.0353002 9.99285E-05 0.0444559 9.99285E-05 9.99285E-05 0.0322734 9.99285E-05 0.537073 0.0387316 0.0225114 0.256005 0.0205571 9.99285E-05
0.0932779 0.0252793 9.9901E-05 9.9901E-05 9.9901E-05 9.9901E-05 9.9901E-05 0.55558 9.9901E-05 9.9901E-05 0.0233066 9.9901E-05 9.9901E-05 0.0230187 9.9901E-05 0.278438 9.9901E-05
0.537064 0.0443704 9.9919E-05 0.0186654 0.0216621 9.9919E-05 9.9919E-05 0.145042 9.9919E-05 0.0135366 0.0296599 9.9919E-05 9.9919E-05 9.9919E-05 9.9919E-05 0.189101 9.9919E-05
0.0581919 0.0656381 9.9919E-05 0.0372733 9.9919E-05 9.9919E-05 9.9919E-05 0.390928 0.0577864 9.9919E-05 9.9919E-05 9.9919E-05 0.0538069 9.9919E-05 0.211669 0.123806 9.9919E-05
9.98739E-05 9.98739E-05 9.98739E-05 9.98739E-05 0.00157495 9.98739E-05 9.98739E-05 9.98739E-05 9.98739E-05 0.0106836 9.98739E-05 9.98739E-05 0.986343 9.98739E-05 9.98739E-05 9.98739E-05 9.98739E-05
9.9856E-05 9.9856E-05 9.9856E-05 9.9856E-05 9.9856E-05 9.9856E-05 9.9856E-05 9.9856E-05 9.9856E-05 9.9856E-05 9.9856E-05 9.9856E-05 0.998402 9.9856E-05 9.9856E-05 9.9856E-05 9.9856E-05
0.0599843 9.9919E-05 9.9919E-05 0.0245105 9.9919E-05 0.0594574 9.9919E-05 9.9919E-05 0.0591055 9.9919E-05 9.9919E-05 0.286985 0.0640557 0.0268819 0.41812 9.9919E-05 9.9919E-05
9.9856E-05 9.9856E-05 9.9856E-05 9.9856E-05 0.998402 9.9856E-05 9.9856E-05 9.9856E-05 9.9856E-05 9.9856E-05 9.9856E-05 9.9856E-05 9.9856E-05 9.9856E-05 9.9856E-05 9.9856E-05 9.9856E-05
9.9883E-05 9.9883E-05 9.9883E-05 9.9883E-05 9.9883E-05 9.9883E-05 9.9883E-05 9.9883E-05 9.9883E-05 0.0582771 0.0087566 9.9883E-05 9.9883E-05 9.9883E-05 0.867542 0.0641262 9.9883E-05
9.98913E-05 9.98913E-05 9.98913E-05 9.98913E-05 9.98913E-05 9.98913E-05 9.98913E-05 9.98913E-05 9.98913E-05 0.0373575 0.00383976 0.913804 9.98913E-05 9.98913E-05 9.98913E-05 9.98913E-05 0.0437
9.98921E-05 0.0550516 0.0145951 0.0170169 0.025303 9.98921E-05 9.98921E-05 0.886835 9.98921E-05 9.98921E-05 9.98921E-05 9.98921E-05 9.98921E-05 9.98921E-05 9.98921E-05 9.98921E-05 9.98921E-05
9.9865E-05 9.9865E-05 9.9865E-05 9.9865E-05 9.9865E-05 9.9865E-05 9.9865E-05 0.967236 9.9865E-05 9.9865E-05 9.9865E-05 9.9865E-05 9.9865E-05 9.9865E-05 9.9865E-05 9.9865E-05 0.0312656
9.9901E-05 0.0903434 9.9901E-05 9.9901E-05 0.00320744 0.0453489 9.9901E-05 0.106408 9.9901E-05 0.00349245 9.9901E-05 9.9901E-05 9.9901E-05 9.9901E-05 0.750101 9.9901E-05 9.9901E-05
9.9901E-05 9.9901E-05 9.9901E-05 0.0273064 9.9901E-05 9.9901E-05 0.0144896 0.834385 0.0276366 0.0437038 9.9901E-05 9.9901E-05 0.0513797 9.9901E-05 9.9901E-05 9.9901E-05 9.9901E-05
0.147503 9.99189E-05 9.99189E-05 0.0247037 9.99189E-05 0.00809069 9.99189E-05 0.643866 0.0899739 0.0237128 0.0363309 9.99189E-05 9.99189E-05 9.99189E-05 0.0249197 9.99189E-05 9.99189E-05
9.991E-05 9.991E-05 9.991E-05 0.0249222 9.991E-05 9.991E-05 0.0302047 9.991E-05 9.991E-05 9.991E-05 0.016433 9.991E-05 0.00426377 0.000690027 0.815299 0.107189 9.991E-05
9.9901E-05 9.9901E-05 0.0198798 9.9901E-05 9.9901E-05 9.9901E-05 9.9901E-05 9.9901E-05 9.9901E-05 9.9901E-05 0.0383895 9.9901E-05 0.128369 0.0042841 0.799575 0.00840304 9.9901E-05
9.9928E-05 9.9928E-05 9.9928E-05 0.0425556 0.0203359 0.0658561 9.9928E-05 0.15656 9.9928E-05 9.9928E-05 0.0813855 0.429593 9.9928E-05 0.0100701 0.147089 9.9928E-05 0.0457554
9.991E-05 0.0601026 0.0248048 0.000719858 0.00847098 9.991E-05 0.0103044 9.991E-05 9.991E-05 9.991E-05 9.991E-05 0.00408133 9.991E-05 9.991E-05 0.890517 9.991E-05 9.991E-05
9.9946E-05 0.0734457 9.9946E-05 0.0390627 9.9946E-05 9.9946E-05 0.0065406 0.242076 9.9946E-05 0.0292357 0.0121204 0.435883 0.0168391 0.0730015 0.0261799 0.0450156 9.9946E-05
9.9865E-05 0.0013083 9.9865E-05 9.9865E-05 9.9865E-05 9.9865E-05 9.9865E-05 9.9865E-05 9.9865E-05 9.9865E-05 9.9865E-05 0.997194 9.9865E-05 9.9865E-05 9.9865E-05 9.9865E-05 9.9865E-05
9.9856E-05 9.9856E-05 9.9856E-05 9.9856E-05 9.9856E-05 9.9856E-05 9.9856E-05 9.9856E-05 9.9856E-05 9.9856E-05 9.9856E-05 9.9856E-05 9.9856E-05 0.998402 9.9856E-05 9.9856E-05 9.9856E-05
9.9964E-05 0.0144416 9.9964E-05 0.0131679 0.0038878 9.9964E-05 0.0269625 0.408466 0.0857315 0.0105992 0.0279697 0.168115 0.0180914 0.015465 0.111159 9.9964E-05 0.0955439
9.9865E-05 9.9865E-05 9.9865E-05 9.9865E-05 0.00249122 9.9865E-05 9.9865E-05 9.9865E-05 9.9865E-05 9.9865E-05 9.9865E-05 9.9865E-05 9.9865E-05 9.9865E-05 0.996011 9.9865E-05 9.9865E-05
0.093779 0.0381612 9.9928E-05 9.9928E-05 0.0685089 9.9928E-05 0.0324725 9.9928E-05 9.9928E-05 0.0144386 9.9928E-05 0.34115 0.0063913 0.00518096 0.399118 9.9928E-05 9.9928E-05
9.9865E-05 9.9865E-05 9.9865E-05 9.9865E-05 9.9865E-05 0.0577685 9.9865E-05 9.9865E-05 9.9865E-05 9.9865E-05 9.9865E-05 0.940734 9.9865E-05 9.9865E-05 9.9865E-05 9.9865E-05 9.9865E-05
9.991E-05 9.991E-05 9.991E-05 0.00669711 9.991E-05 9.991E-05 9.991E-05 0.159174 0.147073 9.991E-05 0.0177645 9.991E-05 0.0249367 9.991E-05 0.549927 9.991E-05 0.0934284
9.99279E-05 9.99279E-05 0.0553135 9.99279E-05 9.99279E-05 0.0324186 0.020645 0.138546 0.0919592 9.99279E-05 0.0132621 0.111402 0.0810141 9.99279E-05 0.45464 9.99279E-05 9.99279E-05
9.98559E-05 9.98559E-05 9.98559E-05 9.98559E-05 9.98559E-05 9.98559E-05 9.98559E-05 9.98559E-05 9.98559E-05 9.98559E-05 0.998402 9.98559E-05 9.98559E-05 9.98559E-05 9.98559E-05 9.98559E-05 9.98559E-05
9.9856E-05 9.9856E-05 9.9856E-05 9.9856E-05 9.9856E-05 9.9856E-05 9.9856E-05 9.9856E-05 9.9856E-05 9.9856E-05 9.9856E-05 9.9856E-05 9.9856E-05 0.998402 9.9856E-05 9.9856E-05 9.9856E-05
9.98559E-05 9.98559E-05 9.98559E-05 9.98559E-05 9.98559E-05 9.98559E-05 9.98559E-05 9.98559E-05 9.98559E-05 9.98559E-05 0.998402 9.98559E-05 9.98559E-05 9.98559E-05 9.98559E-05 9.98559E-05 9.98559E-05
9.991E-05 9.991E-05 9.991E-05 0.032843 0.0185579 9.991E-05 9.991E-05 0.823512 9.991E-05 0.00508588 9.991E-05 9.991E-05 9.991E-05 0.00174565 0.112815 0.00444093 9.991E-05
9.9937E-05 0.061854 0.042416 0.0229202 0.0419037 9.9937E-05 9.9937E-05 0.514431 9.9937E-05 0.0166464 0.0539194 0.138533 9.9937E-05 0.0118227 0.0948548 9.9937E-05 9.9937E-05
0.076998 9.991E-05 9.991E-05 9.991E-05 0.0116575 9.991E-05 0.00487249 0.335696 9.991E-05 9.991E-05 0.0187927 9.991E-05 9.991E-05 0.0213534 0.529631 9.991E-05 9.991E-05
9.9928E-05 9.9928E-05 9.9928E-05 0.0126226 0.00205701 0.00668908 0.0339111 9.9928E-05 9.9928E-05 9.9928E-05 0.0405925 0.386409 9.9928E-05 0.0184532 0.469561 0.0289059 9.9928E-05
9.9883E-05 9.9883E-05 0.0261772 9.9883E-05 9.9883E-05 9.9883E-05 9.9883E-05 9.9883E-05 9.9883E-05 9.9883E-05 9.9883E-05 0.943011 9.9883E-05 0.00760163 9.9883E-05 0.021912 9.9883E-05
9.9856E-05 9.9856E-05 9.9856E-05 9.9856E-05 0.998402 9.9856E-05 9.9856E-05 9.9856E-05 9.9856E-05 9.9856E-05 9.9856E-05 9.9856E-05 9.9856E-05 9.9856E-05 9.9856E-05 9.9856E-05 9.9856E-05
0.00427774 9.9955E-05 9.9955E-05 9.9955E-05 0.0268793 0.0332691 0.0188644 0.60093 9.9955E-05 9.9955E-05 0.022113 0.066648 0.0176814 0.0338772 0.13376 0.0179478 0.0232523
9.9892E-05 0.0158588 9.9892E-05 0.0426882 9.9892E-05 9.9892E-05 9.9892E-05 0.122378 0.756956 9.9892E-05 9.9892E-05 9.9892E-05 9.9892E-05 9.9892E-05 0.0609201 9.9892E-05 9.9892E-05
9.9901E-05 9.9901E-05 9.9901E-05 0.00477511 9.9901E-05 0.0262257 9.9901E-05 9.9901E-05 0.857818 0.0226177 0.0121786 9.9901E-05 0.0752859 9.9901E-05 9.9901E-05 9.9901E-05 9.9901E-05
9.9928E-05 0.0295101 0.00448612 9.9928E-05 9.9928E-05 0.0245044 9.9928E-05 9.9928E-05 0.84783 0.0160653 0.0326535 9.9928E-05 0.0225131 0.00684394 9.9928E-05 9.9928E-05 0.0147945
9.9901E-05 9.9901E-05 9.9901E-05 9.9901E-05 0.0225733 0.0147463 0.00385705 0.152264 0.786743 0.0187176 9.9901E-05 9.9901E-05 9.9901E-05 9.9901E-05 9.9901E-05 9.9901E-05 9.9901E-05
9.991E-05 0.00999551 9.991E-05 9.991E-05 9.991E-05 9.991E-05 9.991E-05 0.0651573 0.700091 9.991E-05 0.0328744 9.991E-05 9.991E-05 0.0230024 0.0114328 9.991E-05 0.156448
0.00201032 9.9919E-05 0.0304757 0.0333724 9.9919E-05 9.9919E-05 9.9919E-05 9.9919E-05 0.831255 0.00596283 0.00818827 9.9919E-05 9.9919E-05 0.0043667 9.9919E-05 9.9919E-05 0.0834697
0.0327191 9.9892E-05 9.9892E-05 9.9892E-05 9.9892E-05 9.9892E-05 0.00536188 9.9892E-05 0.917352 0.00175293 9.9892E-05 9.9892E-05 9.9892E-05 9.9892E-05 9.9892E-05 0.0416153 9.9892E-05
9.9892E-05 9.9892E-05 9.9892E-05 9.9892E-05 9.9892E-05 9.9892E-05 0.0278324 0.107923 0.840037 9.9892E-05 9.9892E-05 9.9892E-05 0.0164927 0.00651623 9.9892E-05 9.9892E-05 9.9892E-05
0.0376086 9.9892E-05 9.9892E-05 9.9892E-05 9.9892E-05 0.0540789 9.9892E-05 9.9892E-05 0.870516 9.9892E-05 0.029625 9.9892E-05 9.9892E-05 0.00697315 9.9892E-05 9.9892E-05 9.9892E-05
9.9928E-05 9.9928E-05 0.0261082 9.9928E-05 0.00855091 9.9928E-05 0.0224483 9.9928E-05 0.730776 0.00407146 9.9928E-05 9.9928E-05 0.0354856 0.00737101 0.0783065 0.0860821 9.9928E-05
9.9919E-05 9.9919E-05 0.048648 0.0152207 0.0118405 9.9919E-05 9.9919E-05 9.9919E-05 0.704063 9.9919E-05 0.0151673 0.0633806 9.9919E-05 9.9919E-05 0.0555804 0.0852004 9.9919E-05
0.358078 0.414685 9.991E-05 9.991E-05 0.0189204 9.991E-05 9.991E-05 9.991E-05 0.150425 0.00906484 0.0322067 9.991E-05 9.991E-05 9.991E-05 9.991E-05 0.0156213 9.991E-05
0.552929 0.227691 9.9901E-05 9.9901E-05 9.9901E-05 9.9901E-05 9.9901E-05 9.9901E-05 0.185396 0.00957917 9.9901E-05 9.9901E-05 0.0102438 0.0130628 9.9901E-05 9.9901E-05 9.9901E-05
0.0289865 0.680519 9.9928E-05 0.0178583 9.9928E-05 9.9928E-05 0.0027622 9.9928E-05 0.00250615 9.9928E-05 0.00204718 9.9928E-05 0.0476616 0.00465801 9.9928E-05 9.9928E-05 0.212202
0.0843673 0.640265 9.99011E-05 9.99011E-05 9.99011E-05 9.99011E-05 0.0128565 9.99011E-05 9.99011E-05 9.99011E-05 0.00442334 9.99011E-05 0.0332216 9.99011E-05 9.99011E-05 0.223767 9.99011E-05
0.111496 0.579408 0.00786927 9.9919E-05 0.00352324 9.9919E-05 9.9919E-05 0.0577125 9.9919E-05 0.0599442 9.9919E-05 9.9919E-05 9.9919E-05 9.9919E-05 0.00762827 0.17152 9.9919E-05
0.308064 0.479518 0.00371711 0.0128524 0.00515698 0.0084688 9.9937E-05 9.9937E-05 0.087893 9.9937E-05 9.9937E-05 0.0681817 9.9937E-05 0.0050822 9.9937E-05 9.9937E-05 0.0203662
0.135194 0.60875 0.0444497 9.9928E-05 9.9928E-05 0.0488697 9.9928E-05 9.9928E-05 0.0109371 0.00815458 9.9928E-05 0.016788 9.9928E-05 0.0433447 9.9928E-05 0.0827132 9.9928E-05
0.327287 0.480676 0.0107294 9.99011E-05 9.99011E-05 9.99011E-05 9.99011E-05 9.99011E-05 9.99011E-05 0.00328279 9.99011E-05 0.0714573 0.105469 9.99011E-05 9.99011E-05 9.99011E-05 9.99011E-05
9.994E-05 0.614953 0.00201192 0.00216007 0.0176754 0.0518746 9.994E-05 0.130435 9.994E-05 0.010411 0.0528973 9.994E-05 0.0413297 0.0100151 9.994E-05 9.994E-05 0.0656381
0.411278 0.240071 9.9883E-05 9.9883E-05 9.9883E-05 9.9883E-05 9.9883E-05 9.9883E-05 0.146635 9.9883E-05 9.9883E-05 9.9883E-05 9.9883E-05 9.9883E-05 9.9883E-05 0.200718 9.9883E-05
0.196969 0.600654 9.991E-05 0.0292568 9.991E-05 9.991E-05 9.991E-05 9.991E-05 0.0106816 0.0346716 9.991E-05 9.991E-05 0.00419403 9.991E-05 9.991E-05 0.122574 9.991E-05
0.834793 9.99014E-05 9.99014E-05 0.0355585 9.99014E-05 9.99014E-05 0.0354399 9.99014E-05 9.99014E-05 9.99014E-05 9.99014E-05 9.99014E-05 9.99014E-05 9.99014E-05 0.0338292 0.0398494 0.0194309
0.341654 0.303586 0.0512497 0.0088265 0.0109494 9.9928E-05 0.00796841 9.9928E-05 9.9928E-05 9.9928E-05 0.0083464 0.100888 9.9928E-05 9.9928E-05 9.9928E-05 0.165732 9.9928E-05
0.065192 0.543197 9.9946E-05 9.9946E-05 0.0271201 0.0895274 9.9946E-05 0.116367 0.0444939 0.00388887 0.00209195 0.0628003 9.9946E-05 9.9946E-05 0.00064936 0.0440733 9.9946E-05
0.629271 0.125133 0.0287673 0.0258325 0.0344709 9.9919E-05 0.061066 9.9919E-05 9.9919E-05 9.9919E-05 0.011552 0.0830078 9.9919E-05 9.9919E-05 9.9919E-05 9.9919E-05 9.9919E-05
0.667911 0.0917076 9.9919E-05 0.0120938 0.0202398 0.0418352 0.0338387 0.12253 9.9919E-05 0.00894422 9.9919E-05 9.9919E-05 9.9919E-05 9.9919E-05 9.9919E-05 9.9919E-05 9.9919E-05
0.958312 9.9874E-05 9.9874E-05 0.0184573 9.9874E-05 9.9874E-05 9.9874E-05 9.9874E-05 9.9874E-05 9.9874E-05 0.0218325 9.9874E-05 9.9874E-05 9.9874E-05 9.9874E-05 9.9874E-05 9.9874E-05
0.800612 9.99086E-05 9.99086E-05 0.0106686 9.99086E-05 0.0310848 0.00848063 0.112972 9.99086E-05 9.99086E-05 9.99086E-05 9.99086E-05 0.0350831 9.99086E-05 9.99086E-05 9.99086E-05 9.99086E-05
0.998402 9.98561E-05 9.98561E-05 9.98561E-05 9.98561E-05 9.98561E-05 9.98561E-05 9.98561E-05 9.98561E-05 9.98561E-05 9.98561E-05 9.98561E-05 9.98561E-05 9.98561E-05 9.98561E-05 9.98561E-05 9.98561E-05
0.298689 0.430983 0.0251838 9.9919E-05 9.9919E-05 0.0974184 9.9919E-05 0.0852151 9.9919E-05 0.0113299 9.9919E-05 0.0135656 9.9919E-05 9.9919E-05 9.9919E-05 9.9919E-05 0.0367155
0.672098 9.9901E-05 0.0268664 9.9901E-05 0.0128145 0.0282888 9.9901E-05 0.235989 9.9901E-05 0.0228443 9.9901E-05 9.9901E-05 9.9901E-05 9.9901E-05 9.9901E-05 9.9901E-05 9.9901E-05
0.916437 9.9883E-05 9.9883E-05 9.9883E-05 9.9883E-05 9.9883E-05 9.9883E-05 9.9883E-05 9.9883E-05 9.9883E-05 0.013306 9.9883E-05 0.053196 0.0157624 9.9883E-05 9.9883E-05 9.9883E-05
0.0196622 0.791392 9.9928E-05 9.9928E-05 0.00974864 0.0564562 9.9928E-05 0.0553457 0.0361369 0.00147052 0.0206254 9.9928E-05 9.9928E-05 0.008363 9.9928E-05 9.9928E-05 9.9928E-05
9.9937E-05 0.839404 9.9937E-05 9.9937E-05 0.0164544 9.9937E-05 0.00692268 9.9937E-05 9.9937E-05 0.00898229 9.9937E-05 0.0285179 0.0123956 0.00894897 0.0459516 0.0289456 0.00277718
9.9901E-05 0.771196 0.0109348 0.00422282 0.0227086 9.9901E-05 9.9901E-05 0.157911 9.9901E-05 9.9901E-05 9.9901E-05 9.9901E-05 9.9901E-05 0.0319277 9.9901E-05 9.9901E-05 9.9901E-05
0.120339 0.533337 0.0470973 9.9901E-05 9.9901E-05 0.0876275 9.9901E-05 0.0673752 9.9901E-05 9.9901E-05 9.9901E-05 9.9901E-05 9.9901E-05 9.9901E-05 0.143125 9.9901E-05 9.9901E-05
0.021443 0.754163 0.0105296 9.991E-05 0.0624178 0.090692 9.991E-05 9.991E-05 9.991E-05 9.991E-05 0.050113 9.991E-05 9.991E-05 9.991E-05 9.991E-05 0.00964273 9.991E-05
9.9919E-05 0.651329 9.9919E-05 0.0370218 9.9919E-05 0.226223 0.0253306 9.9919E-05 9.9919E-05 0.025687 9.9919E-05 0.00258776 9.9919E-05 0.0160303 0.0148916 9.9919E-05 9.9919E-05
0.0702462 0.552552 0.0016267 9.9901E-05 9.9901E-05 9.9901E-05 0.0153881 0.233232 9.9901E-05 9.9901E-05 9.9901E-05 9.9901E-05 9.9901E-05 9.9901E-05 9.9901E-05 9.9901E-05 0.125856
9.98921E-05 0.776311 9.98921E-05 0.00599482 0.0290985 9.98921E-05 9.98921E-05 9.98921E-05 9.98921E-05 9.98921E-05 9.98921E-05 9.98921E-05 9.98921E-05 0.0228434 9.98921E-05 9.98921E-05 0.164553
0.509853 0.309737 9.9901E-05 0.0316967 9.9901E-05 9.9901E-05 9.9901E-05 9.9901E-05 0.0420682 9.9901E-05 9.9901E-05 9.9901E-05 9.9901E-05 0.017875 9.9901E-05 0.0876721 9.9901E-05
9.9919E-05 0.686291 9.9919E-05 0.00290282 0.000278365 0.00213981 0.0112455 9.9919E-05 9.9919E-05 9.9919E-05 9.9919E-05 9.9919E-05 9.9919E-05 0.0133586 0.0955556 0.187329 9.9919E-05
0.0932595 0.65311 0.0556963 9.9919E-05 9.9919E-05 9.9919E-05 9.9919E-05 0.0242592 0.00664326 0.00602645 9.9919E-05 9.9919E-05 0.0269759 9.9919E-05 9.9919E-05 0.13313 9.9919E-05
0.317053 0.515588 0.035412 0.0152255 9.9919E-05 9.9919E-05 9.9919E-05 9.9919E-05 9.9919E-05 9.9919E-05 0.0262428 9.9919E-05 0.0493879 0.0360374 0.00415468 9.9919E-05 9.9919E-05
9.9883E-05 0.867388 9.9883E-05 9.9883E-05 0.0193499 9.9883E-05 9.9883E-05 9.9883E-05 9.9883E-05 9.9883E-05 9.9883E-05 9.9883E-05 0.0229141 9.9883E-05 0.0890497 9.9883E-05 9.9883E-05
9.991E-05 0.0750316 9.991E-05 0.0243331 9.991E-05 0.705353 9.991E-05 9.991E-05 0.0512472 0.0224782 0.00608306 9.991E-05 9.991E-05 9.991E-05 9.991E-05 0.114475 9.991E-05
9.9901E-05 0.0855865 9.9901E-05 9.9901E-05 0.0509302 0.805846 9.9901E-05 9.9901E-05 9.9901E-05 0.0292335 9.9901E-05 9.9901E-05 9.9901E-05 0.0154671 9.9901E-05 9.9901E-05 0.0118374
9.9901E-05 9.9901E-05 9.9901E-05 9.9901E-05 0.0331666 0.925263 0.00881705 0.0157224 9.9901E-05 0.0131482 0.00278373 9.9901E-05 9.9901E-05 9.9901E-05 9.9901E-05 9.9901E-05 9.9901E-05
9.99009E-05 0.0282626 9.99009E-05 0.0315388 9.99009E-05 0.790666 9.99009E-05 0.133951 9.99009E-05 9.99009E-05 0.0126801 9.99009E-05 9.99009E-05 0.00180194 9.99009E-05 9.99009E-05 9.99009E-05
9.9883E-05 9.9883E-05 9.9883E-05 9.9883E-05 9.9883E-05 0.715634 9.9883E-05 0.167274 9.9883E-05 9.9883E-05 9.9883E-05 9.9883E-05 0.0365825 9.9883E-05 9.9883E-05 9.9883E-05 0.079211
0.0296225 9.9901E-05 9.9901E-05 9.9901E-05 9.9901E-05 0.879459 9.9901E-05 9.9901E-05 9.9901E-05 0.00732906 0.00169038 9.9901E-05 9.9901E-05 0.0259888 9.9901E-05 0.0548114 9.9901E-05
9.9856E-05 9.9856E-05 9.9856E-05 9.9856E-05 9.9856E-05 0.998402 9.9856E-05 9.9856E-05 9.9856E-05 9.9856E-05 9.9856E-05 9.9856E-05 9.9856E-05 9.9856E-05 9.9856E-05 9.9856E-05 9.9856E-05
0.00115984 9.9901E-05 0.0542884 9.9901E-05 9.9901E-05 0.796409 0.00988388 9.9901E-05 0.00729112 9.9901E-05 9.9901E-05 9.9901E-05 9.9901E-05 9.9901E-05 0.129869 9.9901E-05 9.9901E-05
