0.0094198 0.0100805 0.00286038 0.977639
0.0333943 0.0443584 0.108846 0.813401
9.999E-05 0.0937041 0.0708807 0.835315
9.999E-05 0.0552823 0.0861364 0.858481
0.00389742 0.0327521 0.0707941 0.892556
9.9991E-05 0.0103987 0.0835422 0.905959
9.9982E-05 9.9982E-05 0.0756924 0.924108
0.0204216 0.0242502 0.10687 0.848459
0.0265788 0.0356904 0.11189 0.825841
0.00754453 0.0832611 0.0540293 0.855165
0.0228864 0.0191073 0.116443 0.841563
9.999E-05 0.0308708 0.115402 0.853627
0.0696432 0.0534293 0.0591754 0.817752
9.999E-05 0.0996898 0.0698053 0.830405
0.0120613 0.0632772 0.0642156 0.860446
0.0164165 0.0245838 0.0660012 0.892999
0.0889991 9.9982E-05 9.9982E-05 0.910801
0.0838369 9.9982E-05 9.9982E-05 0.915963
0.0911122 9.9982E-05 9.9982E-05 0.908688
0.123678 9.9982E-05 9.9982E-05 0.876122
9.998E-05 0.9997 9.998E-05 9.998E-05
9.9982E-05 0.894057 0.105743 9.9982E-05
9.9991E-05 0.851852 0.0955423 0.0525057
0.0409202 0.864193 0.0911898 0.00369676
9.9982E-05 0.990882 9.9982E-05 0.00891791
0.0150359 0.984764 9.9982E-05 9.9982E-05
0.0366541 0.855638 0.107608 9.9991E-05
9.998E-05 0.9997 9.998E-05 9.998E-05
0.0584106 0.780788 0.160701 9.9991E-05
0.173238 0.65205 0.158335 0.0163763
0.059242 0.743548 0.19711 9.9991E-05
0.130222 0.692797 0.176881 9.99932E-05
0.0930105 0.693942 0.155711 0.0573364
0.160836 0.648744 0.180465 0.00995462
0.201123 0.668629 0.114194 0.0160538
0.151062 0.557355 0.215871 0.0757127
0.217051 0.563199 0.199694 0.020056
0.370962 0.0300523 0.533976 0.0650095
0.474512 0.00210141 0.484976 0.0384109
0.361838 0.0486544 0.51944 0.0700677
0.375522 0.055473 0.516858 0.0521471
0.37043 0.031975 0.501949 0.0956458
0.352859 0.0619742 0.519651 0.0655158
0.327929 9.9991E-05 0.56045 0.111521
0.37558 0.100681 0.487306 0.0364319
0.298797 0.0282918 0.557268 0.115643
0.423925 9.9991E-05 0.52189 0.0540856
0.398469 0.00641027 0.53039 0.0647315
0.355354 0.0148057 0.513227 0.116613
0.338679 0.0202982 0.558563 0.0824601
0.398029 0.0294466 0.516753 0.0557711
0.364626 0.063987 0.496857 0.0745293
0.42465 9.9991E-05 0.529474 0.0457759
0.397276 0.0510605 0.441126 0.110538
0.36255 0.0321541 0.526987 0.0783092
0.371317 0.0436638 0.523895 0.0611244
0.330922 0.0335872 0.525934 0.109557
0.677667 0.0998674 0.195281 0.027185
0.843657 0.0702326 0.0346503 0.0514603
0.775928 0.0452533 0.122846 0.0559731
0.8256 0.0430944 0.084405 0.0469006
0.889077 0.0338054 0.0770179 9.9991E-05
0.832242 0.0416454 0.106036 0.0200774
0.898553 0.0163865 0.0629291 0.022131
0.903288 0.0758355 0.0178345 0.00304193
0.720584 9.9991E-05 0.152047 0.127269
0.775335 0.151744 0.0608825 0.0120387
0.842665 0.0346673 0.107152 0.0155158
0.84794 0.132781 0.0191789 9.9991E-05
0.818582 0.0782005 0.0630587 0.0401588
0.915094 0.0337502 0.0510561 9.9991E-05
0.833428 0.0361679 0.105626 0.0247781
0.865924 0.116425 0.0143842 0.00326764
0.678558 0.106094 0.17544 0.0399082
0.676307 0.0823752 0.233485 0.00783254
0.700751 0.0796221 0.159024 0.060603
0.65601 9.9991E-05 0.245236 0.0986545
0.935469 9.9982E-05 0.0643312 9.9982E-05
0.711783 0.0935878 0.15236 0.0422691
0.826957 0.0171881 0.155755 9.9991E-05
0.771584 0.110116 0.0869781 0.0313218
0.743057 0.100884 0.118313 0.0377454
0.893098 9.9991E-05 0.074877 0.0319245
0.551334 0.0155392 0.381864 0.0512626
0.237274 9.9991E-05 0.723049 0.039577
0.56525 0.136237 0.277775 0.0207379
0.704539 0.070802 0.192707 0.0319517
0.705429 0.0689563 0.225515 9.9991E-05
0.810268 0.0624977 0.125846 0.00138898
0.885121 0.0766485 0.0305446 0.00768572
0.750368 0.0794994 0.112768 0.0573643
0.798922 9.9982E-05 0.200878 9.9982E-05
0.662023 0.151903 0.160596 0.0254774
0.660501 0.128876 0.143273 0.0673496
0.689656 0.0829932 0.167362 0.0599891
0.645817 0.122633 0.137953 0.093597
0.735786 9.9991E-05 0.213127 0.050987
0.825028 0.0431573 0.0921184 0.0396968
0.876117 0.100003 0.00991373 0.0139666
0.929811 9.9991E-05 0.0521513 0.0179375
0.732313 0.16341 0.0763985 0.0278793
0.81553 0.011346 0.173024 9.9991E-05
0.85442 0.0626922 0.0827879 9.9991E-05
0.924864 9.9991E-05 0.0488253 0.0262111
0.734049 0.0753483 0.110458 0.080145
0.876826 0.0029368 0.11181 0.00842654
0.751052 0.0159349 0.147449 0.0855634
0.791009 0.0241922 0.184632 0.000166643
0.779379 0.0379217 0.154566 0.0281328
0.775323 0.159037 0.0653969 0.000243593
0.952985 9.9982E-05 0.0468152 9.9982E-05
0.965956 9.9991E-05 0.010477 0.0234672
0.909322 0.0226429 0.0679346 9.9991E-05
0.762099 0.0263601 0.170288 0.0412528
0.730765 0.0544906 0.167256 0.0474889
0.725002 0.113026 0.117862 0.0441095
0.835244 0.0264893 0.0763383 0.0619287
0.886564 0.0530078 0.0548578 0.00557015
0.774386 0.0335951 0.139061 0.0529585
0.730185 0.034663 0.156341 0.0788108
0.488651 0.235564 0.226979 0.048806
0.553871 0.254959 0.191071 9.9991E-05
0.510319 0.284578 0.194955 0.0101481
0.481939 0.261842 0.209131 0.0470888
0.490068 0.230086 0.228196 0.0516497
0.462905 0.325489 0.193333 0.0182732
0.475548 0.268617 0.22778 0.0280551
0.465378 0.332225 0.127903 0.074494
0.47241 0.219585 0.251259 0.0567469
0.499256 0.23593 0.234698 0.0301161
0.518806 0.305531 0.164194 0.0114688
0.0388731 0.138935 0.773755 0.0484374
0.0711292 0.104867 0.771241 0.0527619
0.0593873 0.0703309 0.778092 0.0921898
9.9991E-05 0.0897276 0.80558 0.104592
0.0451131 0.0608663 0.782338 0.111682
0.0403983 0.106518 0.741966 0.111119
0.0349358 0.110813 0.794824 0.0594274
0.055428 0.114317 0.778338 0.0519162
0.0443436 0.103423 0.731001 0.121233
0.0839808 0.106506 0.757969 0.051545
0.0369056 0.146065 0.740353 0.0766758
0.0215562 0.0505995 0.81419 0.113654
0.00906498 0.0826745 0.806678 0.101582
0.0792377 9.9991E-05 0.831721 0.0889417
0.0165034 0.0922774 0.739972 0.151247
9.9991E-05 0.0371634 0.819506 0.14323
0.0441782 0.0799069 0.793192 0.0827225
0.0184483 0.0466722 0.777571 0.157308
9.9991E-05 0.0573548 0.79902 0.143525
9.9991E-05 0.10595 0.76953 0.12442
9.9991E-05 0.0987493 0.758705 0.142446
0.0404305 0.0887992 0.784265 0.0865057
9.9982E-05 9.9982E-05 0.895254 0.104546
9.9991E-05 0.0634408 0.833511 0.102948
9.9991E-05 0.102607 0.769204 0.128089
0.0195531 0.124877 0.764896 0.0906739
9.9991E-05 0.127105 0.769431 0.103364
0.0168135 0.0158144 0.830219 0.137153
0.00676971 0.0832353 0.783488 0.126507
0.0284122 0.101004 0.836819 0.0337647
0.0153566 0.0758233 0.887941 0.0208795
9.9991E-05 0.0964648 0.783468 0.119967
0.037616 0.123167 0.778763 0.0604538
0.0180225 0.120584 0.791144 0.0702494
9.9991E-05 0.060486 0.804814 0.1346
0.16632 0.155292 0.584723 0.0936652
0.154856 0.190607 0.558817 0.0957201
0.132972 0.174766 0.532553 0.159709
0.134472 0.162329 0.548721 0.154477
0.189381 0.126844 0.519485 0.16429
0.237382 0.152797 0.531078 0.0787431
0.162321 0.1772 0.576248 0.0842308
0.141196 0.213271 0.494856 0.150678
