0.0296092 9.9982E-05 9.9982E-05 0.970191
9.999E-05 0.056228 0.152625 0.791047
0.0968594 9.9991E-05 0.0610731 0.841968
0.0487175 9.9991E-05 0.090476 0.860706
0.0555909 0.00258425 0.0723555 0.869469
9.9982E-05 9.9982E-05 0.102169 0.897631
9.9982E-05 9.9982E-05 0.052536 0.947264
0.0194325 0.0428243 0.0954709 0.842272
0.04646 0.0340588 0.0935825 0.825899
0.0206029 0.0249555 0.06299 0.891452
0.0537394 9.9991E-05 0.0922626 0.853898
0.0540512 9.9991E-05 0.0834622 0.862387
0.012313 0.0959613 0.0870803 0.804645
0.0942171 9.9991E-05 0.0714143 0.834269
0.096661 9.9991E-05 0.0605384 0.842701
0.0139499 0.00615686 0.0804056 0.899488
9.9982E-05 0.0306096 9.9982E-05 0.96919
9.9982E-05 0.0608143 9.9982E-05 0.938986
9.9982E-05 0.0787289 9.9982E-05 0.921071
9.9982E-05 0.093275 9.9982E-05 0.906525
0.9997 9.998E-05 9.998E-05 9.998E-05
0.895952 9.9982E-05 0.103848 9.9982E-05
0.841941 0.0025959 0.0875691 0.0678938
0.846694 0.0428646 0.0964391 0.0140021
0.965432 0.00548488 9.9991E-05 0.0289833
0.981527 0.0109738 9.9991E-05 0.00739971
0.856156 0.0410855 0.102658 9.9991E-05
0.9997 9.998E-05 9.998E-05 9.998E-05
0.696751 0.0823422 0.220807 9.9991E-05
0.594703 0.181889 0.179662 0.0437457
0.725361 0.0428494 0.231689 9.9991E-05
0.68364 0.144157 0.172104 9.9991E-05
0.667046 0.124892 0.165196 0.0428653
0.621088 0.212092 0.16672 9.9991E-05
0.652608 0.214623 0.112915 0.0198536
0.589604 0.170716 0.186472 0.0532085
0.54269 0.238927 0.218284 9.9991E-05
0.0380918 0.387246 0.548177 0.0264854
9.9991E-05 0.498477 0.497181 0.00424211
0.0463115 0.387384 0.537334 0.0289706
0.0309889 0.402227 0.539662 0.0271221
0.0465375 0.414554 0.496292 0.0426159
0.00923787 0.397677 0.551316 0.0417691
9.9991E-05 0.331559 0.593643 0.0746987
0.0272579 0.427356 0.534101 0.0112853
0.0481671 0.302815 0.585245 0.0637732
9.9982E-05 0.462804 0.536996 9.9982E-05
9.9991E-05 0.427987 0.562344 0.00956848
0.0205852 0.366347 0.556069 0.0569989
9.9991E-05 0.374477 0.60821 0.0172131
0.0247883 0.385695 0.584328 0.0051889
0.0443198 0.383851 0.554418 0.0174109
9.9982E-05 0.481338 0.518462 9.9982E-05
0.0613648 0.412849 0.466727 0.0590595
0.00588146 0.399907 0.529858 0.0643537
0.0631268 0.374905 0.513472 0.0484955
0.0143726 0.379339 0.546838 0.0594502
0.0641862 0.791859 0.141602 0.00235377
0.00452723 0.957225 9.9991E-05 0.0381474
0.0616959 0.87745 0.0110353 0.0498189
0.0758704 0.865939 0.0272001 0.0309909
0.0603618 0.908508 0.0310297 9.9991E-05
0.0515455 0.851695 0.0369097 0.05985
0.0237562 0.957406 9.9991E-05 0.0187373
0.0246802 0.969543 9.9991E-05 0.00567699
9.9991E-05 0.778017 0.115459 0.106424
0.142225 0.812044 9.9991E-05 0.0456312
0.0602521 0.885927 0.0415149 0.0123059
0.11442 0.877924 0.00755606 9.9991E-05
0.0747581 0.869303 9.9991E-05 0.0558389
0.00564181 0.969265 9.9991E-05 0.024993
0.0510076 0.907789 0.0158843 0.0253189
0.105133 0.87298 9.9991E-05 0.0217865
0.144655 0.71614 0.112365 0.0268404
0.136719 0.692641 0.17054 9.9991E-05
0.057374 0.748776 0.139184 0.0546664
9.9991E-05 0.69578 0.221667 0.0824536
9.9982E-05 0.987694 9.9982E-05 0.0121056
0.0860735 0.757796 0.112469 0.043661
0.047616 0.869493 0.0827905 9.9991E-05
0.0560292 0.831455 0.039708 0.0728079
0.0726852 0.807012 0.0629805 0.0573224
9.9982E-05 0.953151 9.9982E-05 0.0466491
0.064468 0.577888 0.324965 0.0326793
9.9991E-05 0.243462 0.740484 0.0159538
0.0765479 0.619458 0.287347 0.0166467
0.00487567 0.773333 0.177545 0.044246
0.0343649 0.744829 0.192967 0.0278384
0.0366795 0.851679 0.0797117 0.0319301
0.037054 0.93233 9.9991E-05 0.0305158
0.0502529 0.83893 0.058684 0.0521327
9.9982E-05 0.884682 0.115118 9.9982E-05
0.127493 0.679003 0.125693 0.0678116
0.137901 0.701703 0.0808037 0.0795921
0.0899574 0.768663 0.119568 0.021812
0.0559028 0.709002 0.142095 0.0930003
9.9991E-05 0.765267 0.200937 0.0336966
0.0271367 0.857004 0.0696392 0.0462202
0.0973019 0.887664 9.9991E-05 0.0149341
9.9982E-05 0.951943 9.9982E-05 0.0478568
0.153879 0.806587 0.0159863 0.0235484
0.0342219 0.828284 0.132544 0.00495066
0.0798506 0.919949 9.9982E-05 9.9982E-05
9.9982E-05 0.957793 9.9982E-05 0.0420074
0.0874097 0.766744 0.0574335 0.0884128
0.0474773 0.903246 0.0280904 0.0211862
0.0548909 0.781839 0.100096 0.0631741
9.9991E-05 0.866404 0.107746 0.0257502
0.0273152 0.828362 0.0819869 0.0623359
0.144676 0.790012 0.0347199 0.0305915
9.9991E-05 0.967517 0.0222131 0.0101703
9.998E-05 0.9997 9.998E-05 9.998E-05
0.0363531 0.94447 9.9991E-05 0.0190773
0.0217846 0.794947 0.144899 0.0383688
0.171262 0.729474 0.0617881 0.0374768
0.102697 0.760244 0.0913259 0.0457327
0.0170135 0.873119 0.051566 0.0583018
0.0151339 0.945775 9.9991E-05 0.0389914
9.9991E-05 0.8562 0.0693106 0.0743896
0.0537111 0.751386 0.101612 0.0932911
0.18028 0.569507 0.225571 0.0246419
0.198816 0.577181 0.221153 0.00284934
0.246461 0.543434 0.19148 0.0186245
0.217004 0.514495 0.210168 0.0583327
0.195261 0.535425 0.216909 0.0524058
0.285934 0.465593 0.215173 0.0333003
0.250594 0.481662 0.232317 0.035427
0.242987 0.498497 0.173007 0.0855088
0.201379 0.493729 0.29583 0.00906218
0.226955 0.553462 0.219482 9.9991E-05
0.276528 0.543761 0.179612 9.9991E-05
0.0711705 0.0520792 0.862124 0.0146259
0.0967188 0.0508348 0.81669 0.0357567
0.105569 9.9991E-05 0.826645 0.0676867
0.118924 9.9991E-05 0.786427 0.0945485
0.0529563 0.043372 0.856424 0.0472478
0.125341 0.0347774 0.791064 0.0488172
0.123362 0.010233 0.862184 0.00422129
0.0856278 0.103744 0.799984 0.0106446
0.148311 0.0477027 0.728818 0.0751682
0.0835014 0.0932328 0.809497 0.0137686
0.121496 0.0545875 0.800789 0.023127
0.0180932 0.0426536 0.868524 0.0707291
0.0721327 0.0137839 0.868567 0.0455163
9.9991E-05 0.114451 0.842557 0.0428922
0.098714 0.00540918 0.799591 0.0962855
0.0616279 9.9991E-05 0.877253 0.0610191
0.0602586 0.0431009 0.896541 9.9991E-05
0.0139108 0.0638261 0.826555 0.0957082
0.0751603 9.9991E-05 0.853455 0.0712849
0.124405 0.0117065 0.818998 0.0448912
0.0967267 9.9991E-05 0.828784 0.0743897
0.0858771 0.0874852 0.783397 0.0432412
0.0122437 9.9991E-05 0.927967 0.0596892
0.0731145 0.0295543 0.829735 0.0675957
0.131385 9.9991E-05 0.80003 0.0684847
0.132459 0.0479628 0.782094 0.0374845
0.11062 9.9991E-05 0.838045 0.0512349
0.0520588 0.0083836 0.8253 0.114257
0.0996621 0.0460251 0.772144 0.0821688
0.0959699 0.0134037 0.890526 9.9991E-05
0.0549374 0.00453219 0.94043 9.9991E-05
0.0875383 9.9991E-05 0.839872 0.0724896
0.0940496 0.0417213 0.851696 0.0125331
0.101103 9.9991E-05 0.88615 0.0126477
0.118943 9.9991E-05 0.825668 0.0552893
0.124744 0.136719 0.689441 0.0490959
0.114517 0.178268 0.666 0.0412158
0.159667 0.145092 0.570664 0.124577
0.075195 0.147247 0.629448 0.14811
0.129153 0.206072 0.55651 0.108265
0.155286 0.24777 0.579303 0.0176409
0.106889 0.199984 0.657894 0.0352328
0.222243 0.138552 0.536305 0.1029
