0.203465 9.99641E-05 0.631342 9.99641E-05 9.99641E-05 9.99641E-05 0.164793
9.9955E-05 9.9955E-05 0.904347 9.9955E-05 9.9955E-05 9.9955E-05 0.0951532
0.578616 9.9964E-05 0.403718 9.9964E-05 9.9964E-05 9.9964E-05 0.0172666
9.99551E-05 9.99551E-05 9.99551E-05 0.0210898 0.97841 9.99551E-05 9.99551E-05
9.9964E-05 0.851934 9.9964E-05 9.9964E-05 0.0859728 9.9964E-05 0.0616937
0.0939399 9.99641E-05 0.0177687 0.887892 9.99641E-05 9.99641E-05 9.99641E-05
0.436979 0.391787 9.997E-05 9.997E-05 0.0554397 0.115494 9.997E-05
0.109914 9.99551E-05 0.889586 9.99551E-05 9.99551E-05 9.99551E-05 9.99551E-05
9.99551E-05 9.99551E-05 9.99551E-05 0.447014 9.99551E-05 0.552486 9.99551E-05
9.995E-05 0.9994 9.995E-05 9.995E-05 9.995E-05 9.995E-05 9.995E-05
0.221233 0.778267 9.99552E-05 9.99552E-05 9.99552E-05 9.99552E-05 9.99552E-05
9.9955E-05 9.9955E-05 0.856322 0.143178 9.9955E-05 9.9955E-05 9.9955E-05
0.114301 0.550915 0.0327565 0.0462009 9.9991E-05 0.173041 0.0826869
0.653844 0.10817 9.99641E-05 9.99641E-05 0.237586 9.99641E-05 9.99641E-05
9.9955E-05 0.824035 9.9955E-05 9.9955E-05 9.9955E-05 9.9955E-05 0.175465
9.995E-05 9.995E-05 9.995E-05 9.995E-05 9.995E-05 0.9994 9.995E-05
9.99641E-05 9.99641E-05 0.686347 0.0966924 0.21656 9.99641E-05 9.99641E-05
9.9964E-05 0.310437 9.9964E-05 0.0637827 9.9964E-05 0.62538 9.9964E-05
9.9955E-05 9.9955E-05 0.00637078 0.993129 9.9955E-05 9.9955E-05 9.9955E-05
9.995E-05 9.995E-05 9.995E-05 9.995E-05 9.995E-05 9.995E-05 0.9994
9.9982E-05 9.9982E-05 0.0122119 0.00329961 0.0705454 0.471548 0.442195
9.99641E-05 9.99641E-05 0.108762 0.339005 9.99641E-05 0.551834 9.99641E-05
9.99641E-05 0.051166 9.99641E-05 9.99641E-05 9.99641E-05 0.690133 0.258301
0.0185901 9.9964E-05 9.9964E-05 9.9964E-05 0.744524 9.9964E-05 0.236486
0.915626 9.99641E-05 9.99641E-05 0.0334113 0.0505631 9.99641E-05 9.99641E-05
9.9964E-05 0.511009 9.9964E-05 9.9964E-05 9.9964E-05 0.132268 0.356322
0.052955 9.99551E-05 9.99551E-05 9.99551E-05 0.946545 9.99551E-05 9.99551E-05
9.9982E-05 0.254529 9.9982E-05 0.468212 0.159328 0.0599379 0.0577937
9.99552E-05 9.99552E-05 0.981184 9.99552E-05 9.99552E-05 0.0183161 9.99552E-05
9.99731E-05 9.99731E-05 0.123196 0.676173 0.147912 0.0524192 9.99731E-05
0.944298 0.0552019 9.99551E-05 9.99551E-05 9.99551E-05 9.99551E-05 9.99551E-05
0.9994 9.995E-05 9.995E-05 9.995E-05 9.995E-05 9.995E-05 9.995E-05
0.257356 0.712864 9.9964E-05 9.9964E-05 0.0293798 9.9964E-05 9.9964E-05
0.0846213 9.99641E-05 9.99641E-05 0.846124 9.99641E-05 0.0688552 9.99641E-05
9.9955E-05 9.9955E-05 0.0932365 9.9955E-05 0.906264 9.9955E-05 9.9955E-05
9.9973E-05 9.9973E-05 0.00740354 0.0105651 9.9973E-05 0.871781 0.10995
9.9982E-05 9.9982E-05 0.029525 0.726757 0.0104749 0.107995 0.125048
0.068242 9.9973E-05 9.9973E-05 0.860052 9.9973E-05 0.0410289 0.0303772
0.307349 0.451514 0.139733 0.101104 9.99731E-05 9.99731E-05 9.99731E-05
9.99641E-05 0.0626919 9.99641E-05 0.866375 0.0705334 9.99641E-05 9.99641E-05
9.9955E-05 9.9955E-05 0.191452 0.808049 9.9955E-05 9.9955E-05 9.9955E-05
9.99641E-05 9.99641E-05 0.812729 0.184734 0.00213727 9.99641E-05 9.99641E-05
9.995E-05 9.995E-05 9.995E-05 9.995E-05 9.995E-05 9.995E-05 0.9994
0.9994 9.995E-05 9.995E-05 9.995E-05 9.995E-05 9.995E-05 9.995E-05
9.99551E-05 0.541021 9.99551E-05 9.99551E-05 9.99551E-05 9.99551E-05 0.458479
9.99641E-05 9.99641E-05 0.741947 9.99641E-05 0.215878 0.0417752 9.99641E-05
9.9964E-05 9.9964E-05 9.9964E-05 0.269997 9.9964E-05 0.186359 0.543244
9.99552E-05 9.99552E-05 9.99552E-05 0.738603 9.99552E-05 0.260898 9.99552E-05
0.0333672 0.283081 0.0201832 9.9982E-05 0.0188884 9.9982E-05 0.644281
9.99641E-05 9.99641E-05 9.99641E-05 0.301895 9.99641E-05 0.198323 0.499382
