0.0255712 9.9964E-05 9.9964E-05 0.0112148 0.962814 9.9964E-05 9.9964E-05
0.0150324 0.0381452 0.104963 0.00971056 0.738803 0.0932455 9.9991E-05
9.9964E-05 9.9964E-05 9.9964E-05 9.9964E-05 0.849576 0.021289 0.128735
9.999E-05 0.0349514 0.074487 0.000448297 0.802186 0.00410473 0.0837223
0.0114547 9.9982E-05 0.0882178 0.0319443 0.850298 9.9982E-05 0.0178848
9.9964E-05 0.0703212 0.0339917 9.9964E-05 0.895287 9.9964E-05 9.9964E-05
9.9964E-05 9.9964E-05 0.058631 9.9964E-05 0.923658 9.9964E-05 0.0173115
0.0319968 0.0250248 0.0422903 0.0101301 0.853772 9.9991E-05 0.0366863
9.9964E-05 9.9964E-05 0.130238 9.9964E-05 0.821716 0.0476461 9.9964E-05
9.9973E-05 9.9973E-05 0.0650173 0.0311391 0.838263 9.9973E-05 0.065281
9.999E-05 0.0205466 0.0760682 0.0264198 0.754084 0.0808318 0.0419495
0.0452568 0.00852791 0.0307567 0.0108151 0.793898 0.0560787 0.0546671
0.0579646 0.0719611 9.9982E-05 9.9982E-05 0.808231 0.030265 0.0313778
9.9982E-05 0.0688888 0.135728 9.9982E-05 0.709882 0.0091033 0.0761979
9.9973E-05 9.9973E-05 0.0375973 9.9973E-05 0.816162 0.0886495 0.0572908
9.9964E-05 0.0314905 0.0856684 9.9964E-05 0.882441 9.9964E-05 9.9964E-05
9.9955E-05 0.0419213 9.9955E-05 9.9955E-05 0.957579 9.9955E-05 9.9955E-05
9.9955E-05 0.00135799 9.9955E-05 9.9955E-05 0.998142 9.9955E-05 9.9955E-05
0.022121 9.9955E-05 9.9955E-05 9.9955E-05 0.977379 9.9955E-05 9.9955E-05
9.9964E-05 0.0211916 9.9964E-05 0.0322171 0.946191 9.9964E-05 9.9964E-05
9.995E-05 9.995E-05 9.995E-05 9.995E-05 9.995E-05 9.995E-05 0.9994
0.146681 9.9991E-05 0.0911624 0.0263054 0.0191157 0.0283808 0.688254
0.118188 9.9991E-05 0.0685217 0.00802999 0.0380208 0.0451219 0.722018
0.127031 0.0239566 9.9973E-05 0.0457619 9.9973E-05 9.9973E-05 0.80295
9.9973E-05 9.9973E-05 0.0125358 0.00824315 9.9973E-05 0.0850494 0.893872
0.0286244 9.9982E-05 9.9982E-05 0.00355536 0.0270621 0.0679996 0.872559
0.0824882 9.9973E-05 0.0792325 9.9973E-05 9.9973E-05 0.12934 0.708639
9.995E-05 9.995E-05 9.995E-05 9.995E-05 9.995E-05 9.995E-05 0.9994
9.9973E-05 9.9973E-05 0.0966347 0.0238148 9.9973E-05 0.124245 0.755005
0.109379 0.0296786 0.0821871 0.0218368 9.9991E-05 0.16047 0.596349
9.9964E-05 9.9964E-05 0.161969 9.9964E-05 9.9964E-05 0.136086 0.701546
0.0893767 0.0676269 0.0625934 9.9982E-05 9.9982E-05 0.0229413 0.757262
0.0408954 0.0180077 0.106696 0.0234664 0.0506731 0.0481362 0.712125
9.9982E-05 0.0967588 0.168044 0.0370923 9.9982E-05 0.0795991 0.618306
0.0176377 0.0189992 0.0425215 0.0697701 0.0305309 0.204369 0.616172
9.999E-05 0.0351125 0.242898 0.0405226 0.0796661 0.199056 0.402645
0.152447 0.0320143 9.9991E-05 0.020438 0.021167 0.165087 0.608747
0.844365 0.000731329 9.9982E-05 0.0298997 9.9982E-05 0.0641081 0.0606957
0.68357 0.0476223 0.0903515 0.0598729 9.9982E-05 0.118383 9.9982E-05
0.805096 0.055406 0.0091084 0.000163576 0.0387992 0.091327 9.9991E-05
0.810986 0.0478221 0.0140344 9.9991E-05 0.0321704 0.0651297 0.0297576
0.783471 0.0522498 9.9991E-05 0.0528063 0.0482951 0.0218434 0.0412349
0.87857 0.00730309 0.0386579 0.0602052 9.9982E-05 0.0150636 9.9982E-05
0.661912 0.0482048 0.173171 0.0417814 0.0443559 0.0127009 0.0178747
0.805415 0.0693354 0.0166185 0.0501209 9.9982E-05 9.9982E-05 0.0583098
0.800646 0.0128014 0.0457331 0.0730284 0.00231147 9.9991E-05 0.0653799
0.83149 0.11356 9.9982E-05 0.0416527 9.9982E-05 0.000668371 0.0124292
0.858799 0.0376275 0.0222263 0.0302001 0.0169609 0.0340857 9.9991E-05
0.920231 0.0752252 9.9973E-05 0.00246783 9.9973E-05 9.9973E-05 0.00177627
0.802565 0.0594636 0.096813 0.0228619 0.0180969 9.9982E-05 9.9982E-05
0.88836 0.0294171 0.0185205 0.0165713 0.00475932 0.00855575 0.0338164
0.85086 0.090608 0.0506923 9.9973E-05 9.9973E-05 0.00754011 9.9973E-05
0.858324 0.0648056 9.9973E-05 0.0638648 0.0127054 9.9973E-05 9.9973E-05
0.803796 0.0325081 9.9982E-05 0.0386718 0.0925921 0.0322321 9.9982E-05
0.802406 0.0826281 0.0437225 0.0235062 0.0340739 9.9991E-05 0.0135638
0.736521 0.0745527 0.0405501 0.0215903 0.0325002 0.0637894 0.030496
0.793185 9.9991E-05 0.00562748 0.0348125 0.0612401 0.0198119 0.0852228
0.176459 0.0745195 0.00820401 0.0763522 0.0143419 0.604195 0.0459286
9.9973E-05 0.00417771 9.9973E-05 0.0379236 0.0258927 0.931706 9.9973E-05
0.0454756 0.11361 0.0948942 0.217564 0.0241407 0.504216 9.9991E-05
0.0653309 0.112336 0.0260362 0.179241 0.0490235 0.567933 9.9991E-05
0.0136612 0.0825024 0.0125436 0.122496 9.9982E-05 0.768597 9.9982E-05
0.126103 0.114036 9.9991E-05 0.112766 0.0304831 0.616122 0.000389296
9.995E-05 0.9994 9.995E-05 9.995E-05 9.995E-05 9.995E-05 9.995E-05
9.9964E-05 0.0288033 9.9964E-05 0.0872867 9.9964E-05 0.88351 9.9964E-05
0.0588979 0.130804 0.0687177 0.142778 0.108312 0.49039 9.9991E-05
0.0360987 0.194661 0.0292335 0.100916 0.0650256 0.465254 0.108811
0.0275996 0.187197 9.9991E-05 0.135393 0.0344992 0.554541 0.0606697
9.9973E-05 0.151141 9.9973E-05 0.154681 9.9973E-05 0.586711 0.107168
9.9991E-05 0.132546 0.0205082 0.141854 0.0586254 0.577869 0.0684975
0.0472182 0.138213 9.9991E-05 0.107676 0.0292158 0.664084 0.0134927
0.0901188 0.182782 9.9982E-05 0.106928 9.9982E-05 0.60554 0.0144321
0.0060986 0.078158 9.9991E-05 0.137916 0.00939359 0.68476 0.0835731
0.0550423 0.0617932 0.0563553 0.147163 0.0295389 0.545961 0.104146
0.295471 0.150934 9.9982E-05 0.0596209 9.9982E-05 0.39457 0.0992034
0.219814 0.125902 9.9991E-05 0.0680364 0.090892 0.484038 0.0112178
0.4062 0.0632441 9.9982E-05 0.0517784 0.0818114 0.396766 9.9982E-05
9.995E-05 0.9994 9.995E-05 9.995E-05 9.995E-05 9.995E-05 9.995E-05
0.176317 0.142124 0.0163767 0.165843 0.0543498 0.362159 0.0828304
0.141043 0.23229 9.9973E-05 0.120173 9.9973E-05 0.506194 9.9973E-05
0.119671 0.113182 9.9991E-05 0.0947492 0.0567295 0.574145 0.0414227
0.0198419 0.137197 0.0157099 0.139605 0.0493508 0.629695 0.0086004
0.05264 0.137017 9.9982E-05 0.128699 0.0936425 0.587801 9.9982E-05
0.293586 0.0465008 0.172964 0.126641 0.0541347 0.259264 0.0469101
0.145886 0.113717 0.645702 0.0454644 0.0490315 9.9982E-05 9.9982E-05
0.119735 0.0340769 0.207331 0.0552776 9.9991E-05 0.537974 0.0455061
0.0856085 0.112988 0.0586684 0.110906 0.0371951 0.594535 9.9991E-05
0.0708189 0.109881 0.142618 0.0347309 9.9982E-05 0.641751 9.9982E-05
0.0802983 0.0229288 0.0660258 0.151705 0.00379058 0.670694 0.00455795
9.9964E-05 9.9964E-05 9.9964E-05 0.845473 9.9964E-05 0.119706 0.0344212
0.140678 0.237851 9.9982E-05 0.124737 0.0113871 0.485146 9.9982E-05
0.0935096 0.190858 0.0152891 0.102476 9.9991E-05 0.551471 0.046297
9.9991E-05 0.06563 0.112494 0.129608 0.0931996 0.485809 0.11316
0.0831871 0.154466 0.0279617 0.165966 0.0784584 0.366605 0.123356
0.0363876 0.1718 0.134413 0.0932237 0.0502853 0.481996 0.0318933
0.0297433 0.0906929 0.0758306 0.0747819 0.0890924 0.581864 0.057995
0.0475619 0.195741 0.14553 0.0849591 0.0687712 0.42278 0.034657
0.0855148 0.184547 9.9982E-05 0.0938157 0.0632696 0.572653 9.9982E-05
0.0545799 0.139132 9.9982E-05 0.0747116 9.9982E-05 0.678244 0.0531317
0.0938865 0.147501 0.00143609 0.148203 0.0359589 0.572915 9.9991E-05
9.9991E-05 0.0712394 0.092624 0.138269 0.0227709 0.632367 0.0426301
9.9991E-05 0.154406 0.159245 0.204599 0.0349436 0.432964 0.0137421
0.0283438 0.069747 0.000336556 0.117356 0.00948541 0.741871 0.0328602
9.995E-05 9.995E-05 9.995E-05 0.9994 9.995E-05 9.995E-05 9.995E-05
0.0433503 0.12122 0.0850532 0.122473 0.074054 0.520005 0.0338443
0.0524704 0.123546 9.9991E-05 0.152493 0.0580431 0.578232 0.035116
0.0416496 0.125834 0.0795845 0.179025 0.0735392 0.500268 9.9991E-05
0.105437 0.0720947 0.0347244 0.115085 0.00671482 0.665844 9.9991E-05
0.0655428 0.135107 0.0042014 0.0814557 0.048472 0.652031 0.0131903
9.9982E-05 0.0933709 9.9982E-05 0.0776516 0.0588552 0.663041 0.106882
9.995E-05 0.9994 9.995E-05 9.995E-05 9.995E-05 9.995E-05 9.995E-05
9.995E-05 9.995E-05 9.995E-05 0.9994 9.995E-05 9.995E-05 9.995E-05
9.995E-05 0.9994 9.995E-05 9.995E-05 9.995E-05 9.995E-05 9.995E-05
9.9982E-05 0.130054 0.0894743 0.167488 0.0490508 0.563733 9.9982E-05
9.9991E-05 0.197831 0.0939253 0.172526 0.0788492 0.358228 0.0985403
9.9991E-05 0.0814687 0.0532293 0.150918 0.0576609 0.598933 0.0576902
0.0119968 0.150383 9.9982E-05 0.133795 0.0805962 0.623029 9.9982E-05
0.107317 0.155713 9.9991E-05 0.115405 0.0274864 0.570931 0.0230479
0.0607864 9.9991E-05 0.0110674 0.78011 0.0241113 0.108308 0.0155168
0.0880234 0.0823316 0.0737854 0.1771 0.123402 0.44094 0.0144179
9.9982E-05 9.9982E-05 0.116111 0.0621638 0.00387213 0.677755 0.139899
9.9982E-05 0.0443538 0.17058 0.0992415 9.9982E-05 0.580946 0.104678
9.9991E-05 0.0467039 0.0883963 0.116084 0.00660498 0.519375 0.222736
9.9982E-05 9.9982E-05 0.106172 0.0813052 0.0449297 0.61239 0.155003
0.0371424 0.0275271 0.181184 0.128591 0.00137667 0.433845 0.190333
9.9973E-05 9.9973E-05 0.152013 0.0782554 9.9973E-05 0.507882 0.26155
0.0106372 9.9991E-05 0.180129 0.0890654 0.0205895 0.475744 0.223735
9.9982E-05 9.9982E-05 0.0499017 0.118977 0.0619601 0.540699 0.228262
0.130975 0.000295597 0.0971551 0.0913696 9.9991E-05 0.479655 0.20045
0.146982 0.0119506 0.0706715 0.109422 9.9991E-05 0.495259 0.165614
0.0711245 9.9991E-05 0.0547685 0.0841025 0.0204224 0.546579 0.222903
0.0322797 0.0482153 0.795741 0.0383622 9.9982E-05 9.9982E-05 0.0852021
0.0409474 9.9991E-05 0.766043 0.0791937 0.0281341 0.00264383 0.082938
0.0919562 9.9982E-05 0.749774 0.0280814 9.9982E-05 0.0407094 0.0892792
0.141717 0.00124501 0.747875 9.9991E-05 0.0442093 0.000149947 0.0647043
0.0747748 0.053333 0.787172 0.0160015 0.0488399 9.9991E-05 0.0197783
9.9991E-05 0.0134949 0.757444 0.0266655 0.054741 0.0927473 0.0548076
0.0476358 0.0132878 0.823582 0.0745234 9.9982E-05 9.9982E-05 0.0407706
9.9964E-05 9.9964E-05 0.850754 0.0708474 9.9964E-05 9.9964E-05 0.0779989
0.141415 0.113006 0.568204 0.0493567 0.0736732 0.00700214 0.0473431
0.183695 9.9991E-05 0.723772 0.0217591 0.00835634 0.0116719 0.0506458
0.070957 0.0277209 0.833306 9.9991E-05 0.0167793 0.0119522 0.0391844
0.21852 0.000749384 0.728514 9.9982E-05 0.0325489 9.9982E-05 0.0194674
0.151648 0.0472922 0.643394 9.9991E-05 0.0254499 0.0620721 0.070043
0.132977 0.0310869 0.61779 0.0701958 0.0292543 0.118596 9.9991E-05
9.9982E-05 0.00848477 0.754963 0.0279 0.0808252 0.127628 9.9982E-05
0.0579622 9.9982E-05 0.735659 0.0490992 0.122796 0.0342836 9.9982E-05
0.0742844 0.021582 0.835534 0.0278555 9.9982E-05 0.040544 9.9982E-05
9.9982E-05 0.0122054 0.83531 0.0547292 0.0460963 0.0514594 9.9982E-05
0.000563154 0.0404665 0.83523 0.0288811 0.0467236 9.9991E-05 0.0480362
0.0618114 0.0210862 0.79082 0.0434414 0.0231011 9.9991E-05 0.0596402
0.0250741 0.0612978 0.724453 0.0949897 0.0508044 9.9991E-05 0.0432811
0.0451146 0.00828272 0.830482 0.0522911 9.9991E-05 0.0191042 0.0446255
9.9982E-05 0.0740613 0.812678 0.0807224 0.00947118 9.9982E-05 0.0228668
9.9982E-05 9.9982E-05 0.824907 0.0468936 0.0654729 0.0421773 0.0203495
0.00778644 9.9982E-05 0.697473 0.129557 0.0917281 9.9982E-05 0.0732549
0.0386723 9.9991E-05 0.708858 0.0319138 0.0266066 0.0997842 0.0940649
0.0322023 0.0411622 0.761687 0.0172506 0.0538449 9.9991E-05 0.0937525
0.0476531 0.0189879 0.732653 0.0426058 0.115345 0.0192604 0.0234951
0.0396034 0.0107318 0.750508 0.027448 0.0440431 0.105293 0.0223729
0.0365368 0.0294327 0.839643 0.0926366 9.9982E-05 9.9982E-05 0.0015514
0.0716712 0.0526558 0.817167 0.0582061 9.9973E-05 9.9973E-05 9.9973E-05
0.0887636 9.9991E-05 0.734106 0.0290109 0.0669452 0.066993 0.0140811
0.107803 9.9982E-05 0.733405 9.9982E-05 0.00856773 0.0897069 0.0603182
9.9982E-05 0.0274247 0.790315 0.073193 9.9982E-05 0.0211564 0.0877112
9.9991E-05 0.0247681 0.86083 0.0449864 0.0214508 0.000120957 0.0477436
0.688932 0.00994188 0.173582 0.0218637 0.0504554 9.9991E-05 0.0551255
0.588746 9.9982E-05 0.180039 0.109211 0.0490892 9.9982E-05 0.0727145
0.578179 0.0571851 0.112742 0.0701766 0.102008 9.9991E-05 0.0796088
0.533861 0.0299283 0.221144 0.0703161 0.0843689 0.0590841 0.00129829
0.604863 9.9991E-05 0.062154 0.0505245 0.0981429 0.0881187 0.096097
0.760133 0.0273121 0.0615553 0.0558355 9.9982E-05 9.9982E-05 0.0949639
0.866914 9.9982E-05 0.0115941 0.0323399 9.9982E-05 0.0318381 0.0571142
0.590318 9.9982E-05 0.0414853 9.9982E-05 0.0966798 0.102202 0.169115
