9.99641E-05 9.99641E-05 9.99641E-05 9.99641E-05 0.766091 0.0556263 0.0257987 0.152084
9.9946E-05 9.9946E-05 9.9946E-05 0.0746023 0.924798 9.9946E-05 9.9946E-05 9.9946E-05
9.9964E-05 0.0148668 9.9964E-05 9.9964E-05 0.440375 9.9964E-05 0.019796 0.524562
0.0983752 9.99551E-05 9.99551E-05 0.722037 9.99551E-05 0.179088 9.99551E-05 9.99551E-05
0.00713329 9.9955E-05 9.9955E-05 9.9955E-05 9.9955E-05 0.788587 0.20378 9.9955E-05
0.821928 9.9955E-05 9.9955E-05 9.9955E-05 0.157691 9.9955E-05 9.9955E-05 0.0198815
9.9964E-05 0.198753 0.126696 9.9964E-05 9.9964E-05 0.426263 9.9964E-05 0.247889
9.99551E-05 9.99551E-05 0.0755872 0.393913 0.53 9.99551E-05 9.99551E-05 9.99551E-05
0.428679 0.570722 9.99461E-05 9.99461E-05 9.99461E-05 9.99461E-05 9.99461E-05 9.99461E-05
9.994E-05 9.994E-05 9.994E-05 9.994E-05 9.994E-05 0.9993 9.994E-05 9.994E-05
9.994E-05 9.994E-05 0.9993 9.994E-05 9.994E-05 9.994E-05 9.994E-05 9.994E-05
9.99461E-05 9.99461E-05 9.99461E-05 0.773499 0.225901 9.99461E-05 9.99461E-05 9.99461E-05
0.0459907 0.128804 9.9982E-05 9.9982E-05 0.0378604 0.46934 0.208438 0.109367
9.99641E-05 9.99641E-05 9.99641E-05 0.0933264 0.0517366 0.469756 9.99641E-05 0.384781
9.99551E-05 9.99551E-05 0.153536 9.99551E-05 9.99551E-05 0.319599 0.526365 9.99551E-05
9.9946E-05 0.991093 9.9946E-05 9.9946E-05 9.9946E-05 9.9946E-05 9.9946E-05 0.00830748
0.0232839 9.99461E-05 9.99461E-05 0.976116 9.99461E-05 9.99461E-05 9.99461E-05 9.99461E-05
0.0713865 0.524093 0.279785 9.9964E-05 9.9964E-05 0.124336 9.9964E-05 9.9964E-05
0.976537 9.9946E-05 9.9946E-05 9.9946E-05 0.0228632 9.9946E-05 9.9946E-05 9.9946E-05
9.99461E-05 0.257596 9.99461E-05 9.99461E-05 9.99461E-05 9.99461E-05 0.741804 9.99461E-05
0.0392142 0.647899 9.99731E-05 0.0136014 0.0101006 9.99731E-05 0.288885 9.99731E-05
0.19147 0.601953 9.99551E-05 0.206077 9.99551E-05 9.99551E-05 9.99551E-05 9.99551E-05
9.99641E-05 0.656469 9.99641E-05 9.99641E-05 9.99641E-05 0.11241 0.220691 0.01003
0.00782909 0.0808208 0.0926588 0.516337 0.0683118 9.9991E-05 0.147634 0.0863086
0.0355196 9.99551E-05 9.99551E-05 9.99551E-05 9.99551E-05 9.99551E-05 0.0259288 0.938052
9.9964E-05 0.0042018 9.9964E-05 9.9964E-05 9.9964E-05 0.30641 0.644343 0.0446454
9.99462E-05 9.99462E-05 9.99462E-05 0.771455 9.99462E-05 9.99462E-05 9.99462E-05 0.227946
0.467463 0.134972 9.99731E-05 0.090805 9.99731E-05 0.306336 9.99731E-05 0.000124339
9.994E-05 9.994E-05 9.994E-05 9.994E-05 0.9993 9.994E-05 9.994E-05 9.994E-05
0.438141 9.99552E-05 9.99552E-05 0.542566 9.99552E-05 9.99552E-05 0.0187938 9.99552E-05
9.99551E-05 9.99551E-05 0.157611 9.99551E-05 9.99551E-05 0.0892105 9.99551E-05 0.752678
9.994E-05 9.994E-05 9.994E-05 9.994E-05 9.994E-05 0.0537349 9.994E-05 0.945665
9.9946E-05 9.9946E-05 9.9946E-05 9.9946E-05 9.9946E-05 0.984121 9.9946E-05 0.0152791
0.675077 0.173659 9.99551E-05 0.150765 9.99551E-05 9.99551E-05 9.99551E-05 9.99551E-05
9.994E-05 9.994E-05 9.994E-05 0.9993 9.994E-05 9.994E-05 9.994E-05 9.994E-05
9.99461E-05 0.959908 9.99461E-05 9.99461E-05 0.0394924 9.99461E-05 9.99461E-05 9.99461E-05
0.765911 0.140483 9.9964E-05 9.9964E-05 0.0281743 9.9964E-05 0.0650317 9.9964E-05
0.832272 0.0914182 9.9955E-05 9.9955E-05 9.9955E-05 9.9955E-05 9.9955E-05 0.0758096
9.9955E-05 9.9955E-05 0.95288 0.00185367 0.0447669 9.9955E-05 9.9955E-05 9.9955E-05
0.772721 9.99641E-05 0.00622464 0.203747 9.99641E-05 9.99641E-05 0.0169074 9.99641E-05
0.641086 9.9946E-05 9.9946E-05 0.358315 9.9946E-05 9.9946E-05 9.9946E-05 9.9946E-05
0.103727 9.99551E-05 9.99551E-05 0.740588 0.155185 9.99551E-05 9.99551E-05 9.99551E-05
9.994E-05 9.994E-05 9.994E-05 9.994E-05 9.994E-05 9.994E-05 0.9993 9.994E-05
9.994E-05 9.994E-05 9.994E-05 9.994E-05 9.994E-05 9.994E-05 9.994E-05 0.9993
9.99461E-05 9.99461E-05 9.99461E-05 9.99461E-05 9.99461E-05 0.404288 0.595112 9.99461E-05
9.99551E-05 0.0625748 9.99551E-05 0.627078 0.309848 9.99551E-05 9.99551E-05 9.99551E-05
0.13552 0.651317 9.9955E-05 9.9955E-05 9.9955E-05 9.9955E-05 0.212663 9.9955E-05
0.758855 0.204135 9.99551E-05 9.99551E-05 9.99551E-05 9.99551E-05 0.0365106 9.99551E-05
9.99551E-05 9.99551E-05 0.209087 0.0410971 9.99551E-05 9.99551E-05 0.749316 9.99551E-05
0.300869 0.461825 9.99641E-05 9.99641E-05 9.99641E-05 0.0887105 0.148195 9.99641E-05
