9.9973E-05 9.9973E-05 0.261146 9.9973E-05 0.115277 0.593499 0.0297785
9.99641E-05 9.99641E-05 9.99641E-05 9.99641E-05 0.0561853 0.936102 0.00731294
9.9964E-05 9.9964E-05 0.543674 9.9964E-05 0.109826 0.3461 9.9964E-05
9.99731E-05 9.99731E-05 0.205774 0.300114 9.99731E-05 0.487331 0.00648111
9.9964E-05 0.636154 0.0308638 9.9964E-05 9.9964E-05 9.9964E-05 0.332583
9.9982E-05 0.034591 0.0186152 0.883511 0.0504015 0.0126808 9.9982E-05
9.9973E-05 0.552695 0.332065 0.0953871 0.0195534 9.9973E-05 9.9973E-05
9.99641E-05 9.99641E-05 0.0150702 9.99641E-05 0.0101799 0.97435 9.99641E-05
0.218399 9.99641E-05 9.99641E-05 0.329508 0.451692 9.99641E-05 9.99641E-05
9.995E-05 0.9994 9.995E-05 9.995E-05 9.995E-05 9.995E-05 9.995E-05
9.995E-05 0.9994 9.995E-05 9.995E-05 9.995E-05 9.995E-05 9.995E-05
9.9964E-05 9.9964E-05 9.9964E-05 0.0676917 9.9964E-05 0.913275 0.0186334
0.0432951 0.122231 0.277403 9.9973E-05 9.9973E-05 9.9973E-05 0.556772
0.14204 0.00367585 0.853884 9.99641E-05 9.99641E-05 9.99641E-05 9.99641E-05
9.996E-05 0.58289 9.996E-05 0.0289127 9.996E-05 9.996E-05 0.387797
9.995E-05 9.995E-05 9.995E-05 9.995E-05 0.9994 9.995E-05 9.995E-05
9.99731E-05 0.0401588 0.0105006 0.0633204 9.99731E-05 0.88572 9.99731E-05
0.108068 0.429684 9.9973E-05 0.0450986 0.41685 9.9973E-05 9.9973E-05
9.995E-05 9.995E-05 9.995E-05 0.9994 9.995E-05 9.995E-05 9.995E-05
9.995E-05 9.995E-05 9.995E-05 9.995E-05 0.677633 9.995E-05 0.321867
0.00701519 9.9982E-05 9.9982E-05 0.194034 0.308801 0.0210755 0.468874
0.927361 9.99551E-05 9.99551E-05 9.99551E-05 0.072139 9.99551E-05 9.99551E-05
9.9973E-05 0.101218 9.9973E-05 9.9973E-05 0.788103 0.00665636 0.103722
9.998E-05 0.0431521 0.195323 0.25635 9.998E-05 0.3754 0.129575
9.99551E-05 9.99551E-05 0.915046 0.0844541 9.99551E-05 9.99551E-05 9.99551E-05
9.9964E-05 0.241486 9.9964E-05 9.9964E-05 0.176746 9.9964E-05 0.581368
9.99641E-05 9.99641E-05 0.435473 0.175983 9.99641E-05 0.388144 9.99641E-05
0.793596 9.99641E-05 0.160054 9.99641E-05 9.99641E-05 9.99641E-05 0.04595
9.99553E-05 9.99553E-05 9.99553E-05 9.99553E-05 0.0211367 0.978364 9.99553E-05
0.735792 9.99551E-05 9.99551E-05 9.99551E-05 9.99551E-05 0.263708 9.99551E-05
9.99551E-05 0.187088 0.812413 9.99551E-05 9.99551E-05 9.99551E-05 9.99551E-05
9.995E-05 9.995E-05 0.9994 9.995E-05 9.995E-05 9.995E-05 9.995E-05
9.9964E-05 0.637279 0.308824 9.9964E-05 9.9964E-05 9.9964E-05 0.0534968
9.99641E-05 9.99641E-05 0.0944582 0.85911 0.0460318 9.99641E-05 9.99641E-05
0.0456424 9.99731E-05 0.11589 0.142365 9.99731E-05 0.695802 9.99731E-05
9.9955E-05 9.9955E-05 9.9955E-05 0.0365599 0.96294 9.9955E-05 9.9955E-05
0.924439 9.9955E-05 9.9955E-05 0.0750614 9.9955E-05 9.9955E-05 9.9955E-05
0.0539359 9.9982E-05 0.0106585 0.852815 0.0747963 0.00759393 9.9982E-05
9.99731E-05 0.663578 0.112712 0.00530026 9.99731E-05 0.21811 9.99731E-05
0.0502056 0.00293837 9.99731E-05 0.900767 9.99731E-05 9.99731E-05 0.0457891
0.0556664 9.996E-05 9.996E-05 0.588061 9.996E-05 0.355873 9.996E-05
0.174911 9.9964E-05 9.9964E-05 0.0323564 9.9964E-05 0.792333 9.9964E-05
9.99551E-05 9.99551E-05 9.99551E-05 9.99551E-05 0.257329 9.99551E-05 0.742171
9.9955E-05 9.9955E-05 0.991897 9.9955E-05 0.00760273 9.9955E-05 9.9955E-05
9.995E-05 9.995E-05 9.995E-05 9.995E-05 9.995E-05 9.995E-05 0.9994
9.9955E-05 9.9955E-05 9.9955E-05 9.9955E-05 0.10749 0.89201 9.9955E-05
0.247684 9.9973E-05 9.9973E-05 0.0196099 0.596916 9.9973E-05 0.13549
9.99552E-05 9.99552E-05 9.99552E-05 0.906779 0.0927211 9.99552E-05 9.99552E-05
9.99641E-05 9.99641E-05 0.0204372 9.99641E-05 9.99641E-05 0.00453019 0.974633
9.997E-05 0.087581 9.997E-05 0.424366 0.262976 9.997E-05 0.224778
