0.917812 9.9964E-05 9.9964E-05 9.9964E-05 0.0345635 9.9964E-05 0.0358473 0.0113771
0.691761 0.106625 0.0127523 0.0872658 0.0963499 9.9982E-05 0.00504617 9.9982E-05
0.766475 9.9973E-05 9.9973E-05 0.0638844 0.0716919 0.068511 9.9973E-05 0.0291378
0.801167 9.9982E-05 0.0446392 0.100326 0.0168475 0.0231411 9.9982E-05 0.0136793
0.807273 0.0127261 0.0237012 0.00127679 0.0838421 9.9982E-05 0.0709809 9.9982E-05
0.871526 0.00391386 9.9973E-05 0.081968 9.9973E-05 0.040273 0.00201943 9.9973E-05
0.870966 9.9955E-05 9.9955E-05 0.0643399 0.0641945 9.9955E-05 9.9955E-05 9.9955E-05
0.789755 0.0270967 0.0297559 0.0704249 0.0592452 0.0235225 9.9982E-05 9.9982E-05
0.755569 0.0933247 9.9973E-05 0.119235 9.9973E-05 0.0213718 9.9973E-05 0.0101996
0.825694 9.9982E-05 0.0239215 0.053582 9.9982E-05 0.0183303 0.014562 0.0637099
0.724096 9.9955E-05 9.9955E-05 0.0654528 9.9955E-05 0.209951 9.9955E-05 9.9955E-05
0.742293 0.00638736 9.9982E-05 0.0756688 9.9982E-05 0.113555 0.00631274 0.0555831
0.803939 0.0158582 9.9982E-05 0.0127046 0.131627 9.9982E-05 0.00327566 0.0323958
0.667377 0.0703801 0.0604798 0.091787 9.9982E-05 9.9982E-05 0.0150734 0.0947027
0.814082 0.00424722 9.9973E-05 0.0063649 9.9973E-05 0.110907 9.9973E-05 0.0640991
0.895504 0.00882761 9.9964E-05 0.091079 0.00418938 9.9964E-05 9.9964E-05 9.9964E-05
0.931672 9.9955E-05 0.00310251 9.9955E-05 9.9955E-05 0.0647256 9.9955E-05 9.9955E-05
0.955289 9.9955E-05 0.0116694 9.9955E-05 9.9955E-05 9.9955E-05 0.0325413 9.9955E-05
0.938529 0.0608713 9.9946E-05 9.9946E-05 9.9946E-05 9.9946E-05 9.9946E-05 9.9946E-05
0.909646 9.9964E-05 0.0181849 9.9964E-05 0.0159787 9.9964E-05 9.9964E-05 0.0557906
9.994E-05 9.994E-05 9.994E-05 9.994E-05 9.994E-05 9.994E-05 9.994E-05 0.9993
9.9982E-05 0.044488 0.00146269 0.0654028 9.9982E-05 0.0815389 0.112294 0.694614
0.0355166 0.00843201 0.016668 0.0196812 0.129926 9.9991E-05 0.135405 0.654272
9.9955E-05 9.9955E-05 0.0557459 9.9955E-05 9.9955E-05 9.9955E-05 0.153117 0.790638
0.00292591 9.9964E-05 0.0606047 9.9964E-05 0.0989167 9.9964E-05 9.9964E-05 0.837153
9.9955E-05 9.9955E-05 9.9955E-05 9.9955E-05 0.161344 9.9955E-05 0.0143958 0.82376
9.9973E-05 0.0205314 9.9973E-05 0.0554227 0.118623 9.9973E-05 0.145683 0.65944
9.994E-05 9.994E-05 9.994E-05 9.994E-05 9.994E-05 9.994E-05 9.994E-05 0.9993
9.9973E-05 9.9973E-05 0.0332625 0.0821335 0.152001 0.0413858 9.9973E-05 0.690917
0.00781884 0.00658703 0.0367665 0.0643582 0.171567 0.104038 0.0777292 0.531135
9.9973E-05 9.9973E-05 0.00652029 0.129888 0.175812 0.0664963 9.9973E-05 0.620984
9.9955E-05 9.9955E-05 9.9955E-05 9.9955E-05 0.156266 9.9955E-05 0.142474 0.70076
0.045439 9.9982E-05 0.0170262 0.0333108 0.192244 9.9982E-05 0.0722405 0.63954
9.9973E-05 0.132402 0.0232386 0.102091 0.123415 9.9973E-05 9.9973E-05 0.618554
9.9982E-05 0.0113999 0.0681461 9.9982E-05 0.346238 0.00182019 0.0652593 0.506936
0.0574432 0.0612773 0.00446588 0.173354 0.0615015 0.249145 9.9991E-05 0.392713
9.9991E-05 0.0836776 0.065317 0.0162307 0.030006 0.0419873 0.157886 0.604796
9.9982E-05 0.0314117 0.0141858 9.9982E-05 0.197465 0.00270017 0.736791 0.0172462
9.9982E-05 0.0140993 0.065412 0.0390939 0.120532 0.0672635 0.693399 9.9982E-05
0.0207255 0.0443249 9.9991E-05 0.0459215 0.0909546 0.0579497 0.704969 0.0350552
9.9973E-05 9.9973E-05 0.00596525 0.0122084 9.9973E-05 0.18434 0.7523 0.0448865
0.0507079 0.076732 0.0338572 9.9982E-05 0.0362675 9.9982E-05 0.800678 0.00155706
0.0271416 0.0980604 9.9973E-05 0.027625 0.0746712 9.9973E-05 0.772202 9.9973E-05
0.0696263 0.0935005 0.0118541 0.146749 9.9991E-05 0.0344943 0.600787 0.0428882
9.9973E-05 0.00352091 0.069315 9.9973E-05 0.111275 9.9973E-05 0.786013 0.0295756
0.0430681 0.0226784 0.0253486 0.102922 0.138264 9.9982E-05 0.667518 9.9982E-05
9.9982E-05 0.02989 0.00810936 0.00864484 9.9982E-05 0.1315 0.791919 0.0297361
0.00520724 0.0381499 9.9964E-05 9.9964E-05 0.073428 9.9964E-05 0.882815 9.9964E-05
0.0163367 0.0294248 9.9964E-05 9.9964E-05 9.9964E-05 9.9964E-05 0.91036 0.0434784
0.0014184 0.0424541 0.0136872 0.0439734 9.9991E-05 0.0510767 0.809219 0.0380708
0.00825387 0.00395231 0.0274546 9.9991E-05 0.0301512 0.0887102 0.824243 0.0171346
9.9955E-05 0.0623913 9.9955E-05 9.9955E-05 9.9955E-05 9.9955E-05 0.870473 0.0666356
9.9955E-05 0.107539 0.09069 9.9955E-05 9.9955E-05 9.9955E-05 0.801271 9.9955E-05
0.0665989 0.0548104 9.9973E-05 9.9973E-05 9.9973E-05 0.0939149 0.729662 0.0547139
0.00309482 0.060314 0.0159966 0.0475529 9.9991E-05 0.135949 0.715744 0.0212481
9.999E-05 0.0613691 0.0135317 0.00225423 0.0634132 0.0196104 0.768822 0.0708989
0.0575533 9.9982E-05 0.0737422 0.0656581 9.9982E-05 0.054172 0.723252 0.0254225
9.9982E-05 9.9982E-05 0.00952404 0.099321 0.190874 0.586747 0.090414 0.0229198
9.994E-05 0.9993 9.994E-05 9.994E-05 9.994E-05 9.994E-05 9.994E-05 9.994E-05
0.0407434 0.0442625 0.133017 0.0435915 0.274689 0.463496 9.9982E-05 9.9982E-05
0.0367753 0.0444204 0.10761 9.9982E-05 0.301397 0.439368 0.0702295 9.9982E-05
9.9964E-05 0.102233 0.0793568 9.9964E-05 0.249825 0.568185 9.9964E-05 9.9964E-05
0.0046613 0.0904102 0.0641802 9.9991E-05 0.127562 0.552338 0.125456 0.0352916
9.994E-05 0.9993 9.994E-05 9.994E-05 9.994E-05 9.994E-05 9.994E-05 9.994E-05
9.994E-05 0.9993 9.994E-05 9.994E-05 9.994E-05 9.994E-05 9.994E-05 9.994E-05
0.0680702 0.12927 0.0509948 0.0802755 0.093481 0.566383 0.0114261 9.9991E-05
0.0576755 0.0629453 0.0639019 9.9982E-05 0.206753 0.42747 9.9982E-05 0.181055
0.0239073 0.17993 0.0440484 9.9982E-05 0.341826 0.387156 9.9982E-05 0.0229317
9.9973E-05 0.162934 0.120756 9.9973E-05 0.320609 0.350484 9.9973E-05 0.0449174
0.012933 0.275605 0.130653 0.0206298 0.0744608 0.393046 9.9991E-05 0.0925728
9.9982E-05 0.15435 0.0818573 9.9982E-05 0.190417 0.561038 0.00521883 0.00691959
9.9973E-05 0.127658 0.0723277 9.9973E-05 0.266005 0.50544 0.0282693 9.9973E-05
0.0197468 0.190171 0.105616 9.9982E-05 0.345672 0.301012 9.9982E-05 0.0375816
9.9991E-05 0.0483008 0.0276404 0.0372437 0.558321 0.248141 0.0544877 0.0257656
9.9982E-05 0.101853 0.0114553 9.9982E-05 0.376326 0.213357 0.28326 0.013548
0.0519803 0.0829351 0.0351219 9.9991E-05 0.215492 0.43036 0.181628 0.00238253
0.0651371 0.139892 0.00844845 9.9982E-05 0.0665286 0.228244 0.491549 9.9982E-05
9.994E-05 0.9993 9.994E-05 9.994E-05 9.994E-05 9.994E-05 9.994E-05 9.994E-05
0.0399186 0.1663 0.11812 0.0417525 0.0134333 0.358207 0.159143 0.103125
9.9973E-05 0.166908 0.115773 9.9973E-05 0.262834 0.383665 0.0705203 9.9973E-05
0.0281759 0.0102302 0.0276179 9.9982E-05 0.438405 0.363647 0.131723 9.9982E-05
0.0899179 0.169393 0.0787611 0.00665309 0.283054 0.360431 0.0116905 9.9991E-05
0.0752457 0.181122 0.110166 9.9982E-05 0.0794928 0.53687 0.0169024 9.9982E-05
0.0277621 0.0317784 0.110424 0.159625 9.9991E-05 0.390645 0.221237 0.0584287
9.9973E-05 0.106197 0.0383908 0.543838 9.9973E-05 0.141528 0.169747 9.9973E-05
0.0164267 0.14386 9.9991E-05 0.0752543 0.396405 0.187426 0.168676 0.0118519
0.0147966 0.0631882 0.0761332 9.9982E-05 0.479591 0.228185 0.137905 9.9982E-05
9.9955E-05 9.9955E-05 9.9955E-05 9.9955E-05 0.581104 0.328082 0.0903143 9.9955E-05
0.0347213 0.184978 0.120117 9.9982E-05 0.372744 0.206008 0.0812321 9.9982E-05
0.0183258 9.9982E-05 0.643025 9.9982E-05 0.00384607 0.243595 0.0062604 0.0847478
0.024153 0.240207 0.0569292 9.9982E-05 0.286668 0.270291 0.121552 9.9982E-05
9.9991E-05 0.194592 0.0494397 0.0076604 0.229396 0.450987 0.011466 0.056359
0.0679353 0.0327349 0.110699 0.0982953 0.162498 0.476711 9.9991E-05 0.0510259
0.0273421 0.0370475 0.128912 0.0570175 0.234652 0.375984 0.0117672 0.127278
9.9982E-05 0.110715 0.0394268 0.104759 0.100724 0.612613 9.9982E-05 0.0315611
0.0796101 0.175863 0.0396488 0.0893226 0.130039 0.423837 0.0238191 0.0378598
0.0411466 0.104552 0.0568535 0.0639079 0.337348 0.324944 0.0711478 9.9991E-05
0.0584234 0.166148 0.0402281 9.9982E-05 0.302072 0.343027 0.0899011 9.9982E-05
0.0148804 0.0210292 0.0591275 9.9982E-05 0.383036 0.501354 9.9982E-05 0.0203737
0.00657872 0.121732 0.0846291 9.9982E-05 0.0911875 0.582037 0.113636 9.9982E-05
0.0267093 9.99917E-05 0.109248 0.0168028 0.186681 0.563514 0.0337442 0.0631999
9.9991E-05 0.285643 0.137124 0.122575 0.123649 0.261263 0.0551267 0.0145195
0.00491601 9.9973E-05 0.0767763 0.0185378 0.173552 0.725918 9.9973E-05 9.9973E-05
9.994E-05 9.994E-05 0.9993 9.994E-05 9.994E-05 9.994E-05 9.994E-05 9.994E-05
0.0556887 0.0905048 0.140767 0.0673969 0.108865 0.489562 0.0247391 0.0224769
0.0362794 0.139897 0.120292 0.048951 0.136012 0.518369 9.9982E-05 9.9982E-05
0.0568874 0.0963037 0.133755 0.0365081 0.12816 0.495519 0.0527675 9.9991E-05
9.9982E-05 0.0156303 0.0565865 9.9982E-05 0.0438326 0.707855 0.131829 0.0440666
9.9964E-05 9.9964E-05 0.0178137 9.9964E-05 0.252635 0.619594 0.109557 9.9964E-05
0.0496829 0.00905618 0.0367039 9.9991E-05 0.420606 0.409038 0.0104556 0.0643567
9.994E-05 9.994E-05 9.994E-05 9.994E-05 9.994E-05 0.9993 9.994E-05 9.994E-05
9.994E-05 9.994E-05 0.9993 9.994E-05 9.994E-05 9.994E-05 9.994E-05 9.994E-05
9.994E-05 9.994E-05 9.994E-05 9.994E-05 9.994E-05 0.9993 9.994E-05 9.994E-05
0.0432366 0.213103 0.105957 0.0764272 0.016679 0.48386 0.0246158 0.0361209
0.00472708 0.107817 0.0919711 0.0846761 0.0461301 0.537544 0.0111124 0.116022
0.0766528 0.0497117 0.0967629 0.0282941 0.218076 0.482318 9.9991E-05 0.048084
0.0590851 0.0402416 0.112906 9.9991E-05 0.0856005 0.60651 0.0891584 0.00639757
0.038721 0.187274 0.0843647 9.9991E-05 0.240759 0.31971 0.0561156 0.072955
0.00617915 9.9982E-05 0.549105 0.0150856 9.9982E-05 0.349434 0.0394654 0.0405306
0.077249 0.0371546 0.109344 0.0619784 0.104857 0.53995 0.0693674 9.9991E-05
0.00096373 0.0781294 0.019777 0.0970865 0.675232 0.128611 9.9982E-05 9.9982E-05
9.9955E-05 9.9955E-05 0.0688893 0.0408147 0.889796 9.9955E-05 9.9955E-05 9.9955E-05
9.9964E-05 0.0209417 0.0683418 9.9964E-05 0.880135 9.9964E-05 9.9964E-05 0.0301815
9.9982E-05 0.0777314 0.0151394 0.0574635 0.783643 0.0294485 9.9982E-05 0.0363742
9.9973E-05 9.9973E-05 0.0515516 0.0661865 0.75172 0.117917 9.9973E-05 0.0123256
9.9973E-05 0.0315435 0.036485 0.0658071 0.807431 9.9973E-05 9.9973E-05 0.0584335
0.0359255 9.9964E-05 0.019441 0.0227042 0.92153 9.9964E-05 9.9964E-05 9.9964E-05
0.0700432 9.9964E-05 0.041584 9.9964E-05 0.859152 9.9964E-05 9.9964E-05 0.0288209
0.00590736 9.9973E-05 0.031696 0.036736 0.83204 9.9973E-05 0.0933205 9.9973E-05
9.9973E-05 0.0710813 0.0559601 9.9973E-05 0.777387 9.9973E-05 0.048812 0.0464596
9.9982E-05 0.0363585 0.011759 9.9982E-05 0.795935 0.0507315 0.0562349 0.0487813
0.0242086 0.0428254 0.0444007 0.693689 0.05641 0.0122678 0.0904783 0.0357201
9.9973E-05 0.0341363 0.0666811 0.720687 0.156684 9.9973E-05 0.0215118 9.9973E-05
0.026516 0.0243755 9.9991E-05 0.689586 0.126904 0.0664463 0.034336 0.0317366
0.0926011 9.9973E-05 9.9973E-05 0.753069 0.0884111 9.9973E-05 0.0515416 0.0140772
0.0328903 0.116233 9.9982E-05 0.695497 0.0238597 9.9982E-05 0.10008 0.0312396
0.0287609 0.0828172 9.9982E-05 0.671734 0.039293 0.0345492 9.9982E-05 0.142646
9.9982E-05 0.0297179 0.0546797 0.679953 0.0257601 9.9982E-05 0.143101 0.0665879
9.9973E-05 0.00952029 0.0394076 0.670808 0.213778 9.9973E-05 9.9973E-05 0.0661866
0.0458677 0.0548679 0.0570851 0.515407 9.9991E-05 0.128145 0.0925506 0.105976
9.9964E-05 9.9964E-05 0.0182006 0.652292 0.187457 9.9964E-05 0.141651 9.9964E-05
9.9973E-05 0.167355 9.9973E-05 0.736586 0.0535984 9.9973E-05 0.0142484 0.027912
0.0426225 0.000400911 9.9973E-05 0.754968 9.9973E-05 0.0500244 0.151684 9.9973E-05
0.00744439 0.000228412 0.0278598 0.578611 0.175663 9.9991E-05 0.196914 0.0131797
9.9982E-05 0.0148369 0.00116185 0.599893 0.126379 0.160341 0.0971881 9.9982E-05
0.0753623 0.0473642 0.0194103 0.674769 9.9982E-05 0.101466 9.9982E-05 0.0814281
0.0956131 0.0298975 0.0221101 0.793475 9.9991E-05 0.034435 0.0108739 0.0134956
9.9973E-05 0.0921903 9.9973E-05 0.788383 0.057368 9.9973E-05 0.0412884 0.0204703
0.0345101 9.9982E-05 0.0301862 0.724463 0.0422443 0.0877944 0.0806021 9.9982E-05
0.097634 9.9982E-05 0.0245604 0.744571 0.0364768 9.9982E-05 0.0313194 0.0652381
0.00572331 0.0348146 9.9982E-05 0.743465 9.9982E-05 0.0802612 0.0876192 0.0479171
0.078185 0.0309049 0.0693364 0.587235 0.0623998 0.0798815 0.00905959 0.0829974
0.00730156 9.9991E-05 0.0161203 0.680067 0.0016659 0.133119 0.124673 0.0369535
9.9982E-05 0.0438078 0.0344104 0.734278 0.155073 9.9982E-05 0.0105332 0.0216973
0.0570734 9.9973E-05 0.0110512 0.767742 0.124816 0.0390179 9.9973E-05 9.9973E-05
0.0517005 0.00328682 0.0878172 0.703332 9.9982E-05 0.0921247 9.9982E-05 0.0615385
0.0417275 9.9973E-05 9.9973E-05 0.647473 0.204591 0.0317009 9.9973E-05 0.0742078
0.0495433 0.0166509 0.00221206 0.666208 9.9991E-05 0.0665779 0.0462727 0.152435
0.0490394 0.117002 0.0270161 0.665512 0.0217782 0.0247561 0.0947967 9.9991E-05
0.00474181 9.9991E-05 0.0198432 0.708263 0.0743164 0.131119 0.0387692 0.0228473
0.0059347 0.0453703 0.0695717 0.757422 9.9982E-05 0.102289 9.9982E-05 0.0192118
9.9973E-05 0.071013 0.0313517 0.789694 0.019478 9.9973E-05 0.0881632 9.9973E-05
0.0389739 9.9982E-05 0.0517744 0.61585 0.1991 9.9982E-05 0.0853804 0.00872095
9.9973E-05 0.0021864 9.9973E-05 0.657792 0.148613 9.9973E-05 0.107472 0.0836363
9.9973E-05 9.9973E-05 0.0587579 0.790441 0.0186034 0.0730549 9.9973E-05 0.0588425
0.0264106 0.0636434 0.00335686 0.803998 9.9982E-05 0.0932482 9.9982E-05 0.00914343
0.0400186 0.0891802 9.9982E-05 0.13226 0.0976438 9.9982E-05 0.616706 0.0239906
0.0126888 9.9991E-05 0.0541689 0.165744 0.040848 0.0226471 0.588618 0.115185
0.103239 9.99845E-05 0.0334391 0.0999772 9.99845E-05 0.106331 0.558097 0.0987165
0.069551 0.00731347 0.0543336 0.173243 0.0923048 0.0745179 0.489586 0.0391493
0.0869949 9.9982E-05 9.9982E-05 0.0264511 0.0857895 0.056003 0.678081 0.066481
9.9973E-05 9.9973E-05 9.9973E-05 0.101628 0.0150279 0.0746448 0.709729 0.0986705
0.00551586 9.9982E-05 0.00453593 0.0739716 0.0635033 9.9982E-05 0.820437 0.0318365
0.0827153 9.9982E-05 9.9982E-05 0.0590439 0.051747 0.0124106 0.635726 0.158157
