9.9955E-05 0.963436 9.9955E-05 0.0114897 9.9955E-05 9.9955E-05 0.0245743 9.9955E-05
0.0881549 0.723711 0.0134511 9.9973E-05 9.9973E-05 0.109012 0.0653716 9.9973E-05
0.038904 0.800264 0.0762872 9.9973E-05 0.0800611 0.00418336 9.9973E-05 9.9973E-05
0.0595499 0.824781 9.9973E-05 9.9973E-05 0.0503679 0.0117333 0.0532684 9.9973E-05
0.0458642 0.80411 9.9982E-05 0.021652 9.9982E-05 0.0646375 0.00672822 0.0568083
0.0929425 0.878943 0.0252531 9.9964E-05 9.9964E-05 9.9964E-05 9.9964E-05 0.00246137
0.0174322 0.916673 9.9955E-05 9.9955E-05 9.9955E-05 0.0653951 9.9955E-05 9.9955E-05
0.0668129 0.819509 0.0386984 9.9991E-05 0.0129008 0.0123066 0.00871025 0.0409622
0.152527 0.777872 9.9973E-05 9.9973E-05 0.000617576 9.9973E-05 0.012249 0.0564347
0.0846098 0.812645 0.0152741 9.9973E-05 0.0326436 9.9973E-05 9.9973E-05 0.0545276
0.00690476 0.743003 0.153733 9.9973E-05 0.0887581 9.9973E-05 9.9973E-05 0.00730117
0.0122008 0.77623 0.0699707 9.9973E-05 0.0838045 9.9973E-05 0.0574938 9.9973E-05
9.9964E-05 0.788218 9.9964E-05 0.0735107 9.9964E-05 0.0303366 0.107535 9.9964E-05
0.158215 0.724754 9.9964E-05 9.9964E-05 0.0873183 9.9964E-05 0.0293134 9.9964E-05
0.0652928 0.804867 0.0455744 0.012771 0.020448 0.0462995 9.9991E-05 0.00464732
0.0481614 0.829543 9.9964E-05 9.9964E-05 0.0267492 0.0951469 9.9964E-05 9.9964E-05
9.9964E-05 0.936568 0.052639 9.9964E-05 0.00117274 9.9964E-05 9.9964E-05 0.00922018
9.9946E-05 0.956477 9.9946E-05 0.0429235 9.9946E-05 9.9946E-05 9.9946E-05 9.9946E-05
9.9946E-05 0.976674 9.9946E-05 9.9946E-05 9.9946E-05 9.9946E-05 0.0227259 9.9946E-05
9.9964E-05 0.866665 0.0858331 9.9964E-05 0.0275757 9.9964E-05 9.9964E-05 0.019526
9.994E-05 9.994E-05 9.994E-05 9.994E-05 0.9993 9.994E-05 9.994E-05 9.994E-05
0.0885531 0.0125967 0.166611 0.0364008 0.680614 9.9982E-05 0.0150245 9.9982E-05
0.0690144 0.0332428 9.9991E-05 0.0937563 0.64822 0.136362 0.0102804 0.00902448
9.9955E-05 9.9955E-05 9.9955E-05 0.171413 0.798043 9.9955E-05 9.9955E-05 0.0300446
9.9964E-05 9.9964E-05 0.00474672 9.9964E-05 0.878982 0.0972029 9.9964E-05 0.0186683
9.9964E-05 0.0255244 9.9964E-05 0.0380749 0.78997 0.146031 9.9964E-05 9.9964E-05
0.0411412 9.9973E-05 9.9973E-05 0.150481 0.631574 0.11133 0.0651734 9.9973E-05
9.994E-05 9.994E-05 9.994E-05 9.994E-05 0.9993 9.994E-05 9.994E-05 9.994E-05
0.0554665 9.9964E-05 0.0163919 9.9964E-05 0.657601 0.270141 9.9964E-05 9.9964E-05
0.0425893 9.9991E-05 0.0376401 0.0431696 0.604899 0.180111 0.0653646 0.0261263
0.140212 9.9964E-05 0.0390701 9.9964E-05 0.698003 0.122315 9.9964E-05 9.9964E-05
0.0902074 9.9982E-05 9.9982E-05 0.0897417 0.663344 0.124839 0.0130203 0.0186474
0.120432 9.9973E-05 9.9973E-05 0.0457305 0.682183 0.137202 0.0141532 9.9973E-05
0.144899 9.9982E-05 0.0341321 9.9982E-05 0.60403 0.0759956 0.125407 0.0153362
0.0799007 0.00368648 0.0925198 9.9991E-05 0.538542 0.212906 0.0337479 0.0385977
0.167704 0.077385 0.179853 9.9991E-05 0.377397 0.0573969 0.128204 0.0119597
0.028744 9.9991E-05 0.0126388 0.186334 0.630809 0.01646 0.087081 0.0378332
0.00621417 9.9991E-05 0.0561548 0.73791 0.0692045 0.0872778 0.0354533 0.00768534
0.0177248 9.9973E-05 0.0616504 0.730829 9.9973E-05 0.128035 9.9973E-05 0.0614603
0.0341074 0.0200679 0.0361179 0.710077 0.071027 0.0444602 0.0655525 0.0185901
0.074814 9.9982E-05 0.097423 0.709385 0.084389 9.9982E-05 0.0110214 0.0227672
9.9982E-05 0.0486004 0.049772 0.747285 0.0284387 9.9982E-05 0.106898 0.018806
0.0859697 9.9982E-05 0.0431328 0.7673 9.9982E-05 0.0220439 0.0338344 0.0475194
0.217158 0.0805163 0.00138772 0.5828 9.9982E-05 0.000484023 0.117454 9.9982E-05
0.0430472 0.0237901 0.00182612 0.765715 9.9991E-05 0.0615374 0.0119935 0.0919905
0.103903 0.0583337 9.9982E-05 0.645158 0.0564144 0.0332311 9.9982E-05 0.102759
9.9973E-05 9.9973E-05 0.12917 0.799969 0.0226019 9.9973E-05 0.0327115 0.0152474
9.9973E-05 0.0227095 9.9973E-05 0.88835 9.9973E-05 0.0342207 0.00759988 0.0468204
9.9964E-05 9.9964E-05 0.018339 0.891248 0.061677 9.9964E-05 9.9964E-05 0.028336
0.0676432 0.00188039 0.00985342 0.771539 9.9982E-05 9.9982E-05 0.148606 0.000277846
9.9973E-05 9.9973E-05 9.9973E-05 0.851192 0.00715684 0.0867107 0.0330307 0.0216097
0.0138601 9.9964E-05 9.9964E-05 0.863757 0.0441981 9.9964E-05 0.0777854 9.9964E-05
9.9964E-05 9.9964E-05 9.9964E-05 0.77385 9.9964E-05 0.137698 0.0485807 0.0394714
9.9964E-05 0.0641286 0.138217 0.752232 0.0450222 9.9964E-05 9.9964E-05 9.9964E-05
0.0165526 0.0076689 0.111869 0.812982 9.9982E-05 9.9982E-05 0.0171207 0.0336071
0.0638964 0.0685002 0.0477785 0.714799 0.0148576 0.0628253 0.0247 0.00264326
0.0732529 0.0601937 9.9973E-05 0.722216 0.0561692 9.9973E-05 9.9973E-05 0.0878679
0.138317 0.0294747 0.522051 0.0795737 0.0187349 0.102442 0.0613758 0.0480311
9.994E-05 9.994E-05 9.994E-05 9.994E-05 9.994E-05 9.994E-05 0.9993 9.994E-05
0.0575327 0.0357678 0.531896 0.014019 0.0117261 0.148508 0.0491903 0.15136
9.9982E-05 0.0114126 0.429886 0.106021 9.9982E-05 0.237287 0.0766924 0.138502
9.9964E-05 9.9964E-05 0.623225 9.9964E-05 9.9964E-05 0.156605 0.154654 0.0651155
9.9982E-05 9.9982E-05 0.590845 0.140225 0.00582416 0.0966502 0.0648614 0.101395
9.994E-05 9.994E-05 9.994E-05 9.994E-05 9.994E-05 9.994E-05 0.9993 9.994E-05
9.994E-05 9.994E-05 9.994E-05 9.994E-05 9.994E-05 9.994E-05 0.9993 9.994E-05
0.0625452 0.105504 0.482473 0.0890282 9.9991E-05 0.093986 0.104726 0.0616379
9.9991E-05 0.0721581 0.439287 0.0502747 0.091534 0.18013 0.130637 0.0358787
9.9991E-05 0.0149179 0.456174 0.0196702 0.0152265 0.215558 0.153456 0.124897
9.9973E-05 9.9973E-05 0.366971 9.9973E-05 0.053384 0.28481 0.185127 0.109408
9.9982E-05 0.056382 0.354236 9.9982E-05 0.0479812 0.102953 0.325051 0.113197
9.9982E-05 0.00953117 0.563975 9.9982E-05 0.0162251 0.163688 0.171894 0.0744863
9.9973E-05 9.9973E-05 0.548711 0.0451971 9.9973E-05 0.190213 0.144375 0.0712035
0.00828236 9.9991E-05 0.382527 0.0114633 0.0497862 0.173279 0.235707 0.138856
0.00717432 9.9991E-05 0.240192 0.0757576 0.0571376 0.469347 0.0953858 0.0549061
9.9982E-05 9.9982E-05 0.271046 0.198972 0.0184651 0.389394 0.102733 0.0191902
9.9991E-05 0.0439234 0.420855 0.209169 0.0418965 0.0948615 0.141938 0.047256
9.9982E-05 0.0593566 0.234454 0.463134 9.9982E-05 0.0834712 0.0935712 0.0658134
9.994E-05 9.994E-05 9.994E-05 9.994E-05 9.994E-05 9.994E-05 0.9993 9.994E-05
9.9991E-05 0.074396 0.24099 0.203137 0.0606065 0.0741124 0.174076 0.172582
0.0191802 9.9982E-05 0.458583 0.0971008 9.9982E-05 0.0867066 0.186746 0.151484
9.9982E-05 0.0501764 0.248705 0.143958 9.9982E-05 0.426829 0.0629872 0.0671442
9.9982E-05 0.0374593 0.558298 0.0284378 9.9982E-05 0.144531 0.160323 0.0707516
9.9973E-05 0.0892741 0.660962 9.9973E-05 9.9973E-05 0.00370931 0.145099 0.100655
0.192336 0.00664943 0.382888 0.195942 0.0930025 9.9982E-05 9.9982E-05 0.128982
0.569886 0.00894443 0.100468 0.198345 9.9982E-05 9.9982E-05 0.0920608 0.0300958
0.0541908 0.0123278 0.443102 0.228267 0.015893 0.171918 0.0742015 9.9991E-05
0.00834505 0.00487637 0.370523 0.0764864 9.9991E-05 0.390968 0.0944392 0.0542621
0.0186643 9.9973E-05 0.285154 0.136698 9.9973E-05 0.509288 0.0498962 9.9973E-05
0.027173 9.9991E-05 0.424688 0.126056 0.0234882 0.182248 0.11721 0.0990362
9.9964E-05 9.9964E-05 0.104211 9.9964E-05 0.0196268 0.0479918 9.9964E-05 0.827771
9.9991E-05 0.021978 0.438336 0.0858275 0.0145263 0.133946 0.23033 0.0749558
9.9973E-05 9.9973E-05 0.511028 0.0967147 9.9973E-05 0.238119 0.118778 0.03506
0.106063 0.0449765 0.535206 9.9991E-05 0.0932499 0.0424209 0.0158 0.162184
0.0737707 0.0567335 0.473015 0.0559223 0.0910014 0.10808 0.0748103 0.0666667
0.0825967 0.0105267 0.662831 9.9991E-05 0.0199335 0.0946648 0.0497136 0.0796339
0.05121 0.105957 0.315524 9.9991E-05 0.080601 0.140554 0.208708 0.0973451
0.118249 0.03121 0.358098 0.0468712 9.9991E-05 0.213899 0.0795025 0.152071
9.9982E-05 0.0499843 0.448018 0.1502 9.9982E-05 0.150935 0.169376 0.0312872
9.9973E-05 9.9973E-05 0.491544 0.0151 9.9973E-05 0.346467 0.10604 0.0405494
9.9982E-05 0.0145424 0.569325 0.112956 9.9982E-05 0.0667485 0.099152 0.137076
9.9991E-05 0.0355928 0.546262 0.00516237 0.0854494 0.157822 0.0515076 0.118104
0.07743 0.0249858 0.295523 9.9982E-05 9.9982E-05 0.228787 0.253716 0.119359
9.9982E-05 0.0347296 0.647402 9.9982E-05 0.0581949 0.16296 0.0258584 0.0706551
9.994E-05 9.994E-05 9.994E-05 9.994E-05 9.994E-05 9.994E-05 9.994E-05 0.9993
0.0359228 0.03564 0.432231 0.0155887 0.0545613 0.180801 0.128663 0.116592
0.0286189 0.00229477 0.691607 9.9982E-05 0.0315535 9.9982E-05 0.143341 0.102385
0.102282 0.0132258 0.465246 9.9982E-05 9.9982E-05 0.110285 0.137441 0.17132
0.016409 9.9991E-05 0.676189 0.0612897 0.0306919 0.0873846 0.0161615 0.111774
9.9982E-05 0.0684058 0.589887 0.0235097 9.9982E-05 0.220633 0.0672138 0.0301516
9.9982E-05 0.049423 0.42739 9.9982E-05 0.0641714 0.35261 0.0373098 0.0688956
9.994E-05 9.994E-05 0.9993 9.994E-05 9.994E-05 9.994E-05 9.994E-05 9.994E-05
9.994E-05 9.994E-05 9.994E-05 9.994E-05 9.994E-05 9.994E-05 9.994E-05 0.9993
9.994E-05 9.994E-05 0.9993 9.994E-05 9.994E-05 9.994E-05 9.994E-05 9.994E-05
0.0617835 0.0223037 0.593835 9.9973E-05 9.9973E-05 9.9973E-05 0.211037 0.110741
0.0563915 9.9973E-05 0.527842 9.9973E-05 0.111701 9.9973E-05 0.136136 0.167629
9.9982E-05 0.0807999 0.503292 9.9982E-05 0.0499212 0.16878 0.0870286 0.109978
9.9982E-05 0.0256989 0.709672 0.0653481 0.0476208 9.9982E-05 0.0177639 0.133697
9.9982E-05 0.0333119 0.544525 0.0764245 9.9982E-05 0.165633 0.107385 0.0725213
0.0533715 0.0241742 0.0910028 0.00177996 0.0271689 9.9982E-05 9.9982E-05 0.802303
0.0497628 0.0787526 0.564396 0.0756913 0.060441 9.9991E-05 0.00467795 0.166179
0.031225 0.0160998 0.114174 9.9991E-05 0.0202852 0.720492 0.0905512 0.00707278
0.000942496 9.9964E-05 0.0485387 9.9964E-05 9.9964E-05 0.935776 0.0143434 9.9964E-05
9.9964E-05 9.9964E-05 9.9964E-05 9.9964E-05 0.00981544 0.971531 0.0161456 0.00210783
9.9973E-05 0.0100897 0.0222166 9.9973E-05 0.000197902 0.883157 0.0840391 9.9973E-05
0.035079 9.9973E-05 0.103343 9.9973E-05 0.0357182 0.765894 9.9973E-05 0.0596654
0.0958242 9.9973E-05 9.9973E-05 9.9973E-05 0.0418259 0.780276 0.0661889 0.0155852
0.0164606 0.0202202 9.9964E-05 0.0372129 9.9964E-05 0.925706 9.9964E-05 9.9964E-05
9.9973E-05 0.0500715 0.0889401 0.0173676 0.072674 0.770647 9.9973E-05 9.9973E-05
0.00119491 9.9955E-05 9.9955E-05 0.105327 9.9955E-05 0.892979 9.9955E-05 9.9955E-05
9.9973E-05 9.9973E-05 9.9973E-05 0.0478122 0.0037492 0.824853 0.0764089 0.046877
9.9973E-05 9.9973E-05 0.133447 0.0350331 0.111184 0.709577 0.0104589 9.9973E-05
0.722768 0.0446362 9.9982E-05 0.0136171 9.9982E-05 0.179471 0.0218772 0.0174314
0.773087 9.9973E-05 9.9973E-05 0.0043002 9.9973E-05 0.109956 0.0426721 0.0696849
0.738211 0.0490861 0.00904522 0.0705073 0.045865 0.0354241 0.0247967 0.0270648
0.781619 0.0350835 0.0497678 0.100043 0.0300433 0.00324279 9.9982E-05 9.9982E-05
0.66693 0.0252345 9.9982E-05 0.182385 0.0176254 0.0526611 0.0549649 9.9982E-05
0.675441 0.0560293 0.101331 0.0178197 0.0939255 9.9982E-05 0.0552541 9.9982E-05
0.731181 9.9973E-05 9.9973E-05 0.135655 0.0534655 9.9973E-05 0.0070118 0.0723871
0.738315 9.9982E-05 0.024453 0.00162985 0.0846626 0.141328 9.9982E-05 0.00941146
0.591108 0.0818833 0.148595 0.0845673 0.0102852 0.000458721 0.0444754 0.0386272
0.706421 9.9964E-05 9.9964E-05 0.160424 9.9964E-05 0.0902816 9.9964E-05 0.0424738
0.737355 9.9973E-05 9.9973E-05 0.120432 0.0224881 0.0417486 0.0776759 9.9973E-05
0.756031 0.0174844 0.0204801 0.173548 9.9982E-05 9.9982E-05 0.0124974 0.0197585
0.619465 0.0575861 0.076772 0.140769 0.0217704 0.0301393 0.0491577 0.00434038
0.623185 9.9982E-05 0.19162 0.0196107 9.9982E-05 0.0595185 0.082569 0.023297
0.689704 0.021098 0.0613781 9.9982E-05 0.098036 9.9982E-05 0.0728813 0.0567027
0.783018 0.0841333 9.9964E-05 9.9964E-05 9.9964E-05 9.9964E-05 0.127483 0.00496646
0.806922 0.0105981 0.124554 0.00960124 9.9973E-05 9.9973E-05 0.048025 9.9973E-05
0.75432 0.0548993 0.147624 0.0021106 9.9991E-05 0.00471118 0.00810978 0.028125
0.732662 0.0503333 9.9973E-05 0.0859869 0.0993089 9.9973E-05 9.9973E-05 0.0314086
0.712131 9.9991E-05 0.0491425 0.113394 0.0581688 0.00341987 0.0629991 0.000644424
0.659432 0.0743059 0.0550255 0.0250671 0.0563991 9.9991E-05 0.0998237 0.0298466
0.725817 9.9982E-05 0.100475 0.0637224 0.0647726 9.9982E-05 0.00512498 0.0398882
0.70011 0.0149567 9.9973E-05 9.9973E-05 9.9973E-05 0.219365 0.0475687 0.0177002
0.780605 0.00013164 0.0702965 9.9991E-05 0.0323471 0.0959244 0.00218911 0.0184067
0.690368 0.0247198 0.0684584 9.9973E-05 0.101141 9.9973E-05 9.9973E-05 0.115013
0.667856 0.030645 0.134043 9.9973E-05 0.0831076 0.0840484 9.9973E-05 9.9973E-05
0.706238 0.0162396 0.107294 0.0667106 0.0587166 0.0213472 0.00804151 0.0154122
0.63903 0.0535162 9.9982E-05 0.10879 9.9982E-05 0.0301502 0.159866 0.00844735
0.640946 0.0577593 0.103228 0.0140003 0.091453 0.0536793 0.038834 9.9991E-05
0.765344 9.9982E-05 9.9982E-05 0.0361938 0.0610509 0.0284434 0.0451809 0.0635867
0.721473 9.9973E-05 9.9973E-05 0.12497 9.9973E-05 0.120336 0.0281195 0.0048015
0.680344 0.0587063 0.0641166 0.0967698 9.9982E-05 0.0599029 9.9982E-05 0.0399601
0.669842 9.9982E-05 0.0350888 0.136423 0.0380946 0.109718 9.9982E-05 0.0106342
0.787674 9.9964E-05 0.125534 9.9964E-05 0.0387331 9.9964E-05 9.9964E-05 0.0476587
0.806733 0.0230638 0.0259253 9.9982E-05 0.0718108 9.9982E-05 0.0370989 0.0351685
0.178713 0.0451106 9.9982E-05 0.612697 0.0257929 0.0359308 0.101556 9.9982E-05
0.223457 0.037774 0.0835776 0.464375 0.077128 0.0258462 9.9991E-05 0.0877422
0.0723403 0.0912233 9.9982E-05 0.599656 0.106659 9.9982E-05 0.0616015 0.0683197
0.130187 0.0743095 9.9982E-05 0.593296 0.0762891 9.9982E-05 0.0781039 0.0476138
0.100425 0.0727383 0.106743 0.548341 0.101306 0.0500619 9.9991E-05 0.0202849
0.109544 9.9991E-05 0.0330501 0.715047 0.112143 0.00395552 0.000903945 0.0252556
0.0811698 0.0143387 9.9973E-05 0.781296 0.0978686 9.9973E-05 9.9973E-05 0.0250271
0.0131646 0.0881824 0.0180869 0.614151 0.170317 0.0958984 9.9982E-05 9.9982E-05
