9.9955E-05 9.9955E-05 0.0337028 0.0677111 9.9955E-05 0.898086 9.9955E-05 9.9955E-05
9.9982E-05 0.153123 0.0150458 0.0640462 9.9982E-05 0.69254 0.0532184 0.0218266
0.0101463 9.9982E-05 0.0378425 0.0450968 9.9982E-05 0.772059 0.0610787 0.073577
0.0140437 9.9973E-05 0.0402109 9.9973E-05 9.9973E-05 0.806866 0.0668095 0.0717702
0.0469303 0.0525357 0.00403349 9.9982E-05 0.0432301 0.759648 0.093422 9.9982E-05
9.9964E-05 9.9964E-05 9.9964E-05 0.0921461 9.9964E-05 0.859854 0.0434398 0.00416034
0.0288173 0.00355123 9.9964E-05 9.9964E-05 9.9964E-05 0.890449 0.0767824 9.9964E-05
0.0111352 9.9982E-05 0.0748688 9.9982E-05 0.0235391 0.810904 0.053087 0.0262656
9.9964E-05 9.9964E-05 0.0902351 0.110467 9.9964E-05 0.725319 0.0735785 9.9964E-05
0.0148275 9.9982E-05 0.00230194 0.071149 9.9982E-05 0.807251 0.0917093 0.012561
0.00247232 0.134871 9.9982E-05 0.084198 9.9982E-05 0.746784 0.0127646 0.0187099
0.016205 9.9982E-05 0.0260226 0.190317 9.9982E-05 0.714584 0.00358446 0.0490869
0.00760793 0.085676 9.9964E-05 0.178014 9.9964E-05 0.728302 9.9964E-05 9.9964E-05
0.0126236 0.0476958 9.9982E-05 0.0882542 9.9982E-05 0.685026 0.120716 0.0454843
9.9973E-05 0.0581413 0.0260988 0.078735 9.9973E-05 0.802125 0.0346001 9.9973E-05
0.00841493 9.9955E-05 9.9955E-05 9.9955E-05 9.9955E-05 0.871182 0.119904 9.9955E-05
0.0141799 9.9964E-05 0.0255002 9.9964E-05 0.0560845 0.903836 9.9964E-05 9.9964E-05
9.9946E-05 9.9946E-05 9.9946E-05 9.9946E-05 0.0837749 0.915625 9.9946E-05 9.9946E-05
9.9946E-05 9.9946E-05 9.9946E-05 9.9946E-05 0.0636962 0.935704 9.9946E-05 9.9946E-05
0.0462574 9.9964E-05 0.0081004 9.9964E-05 0.0544493 0.890793 9.9964E-05 9.9964E-05
9.994E-05 9.994E-05 9.994E-05 9.994E-05 9.994E-05 9.994E-05 9.994E-05 0.9993
0.0118822 0.0433808 0.0191409 0.288041 9.9991E-05 0.024788 0.0237178 0.58895
0.00757466 0.0231144 9.9982E-05 0.2642 0.0143087 0.0361109 9.9982E-05 0.654492
0.0278514 9.9982E-05 0.045424 0.00152194 0.112815 9.9982E-05 0.0292592 0.782929
0.00545831 0.0978125 9.9964E-05 0.0138695 9.9964E-05 9.9964E-05 9.9964E-05 0.88246
9.9973E-05 9.9973E-05 0.0425353 0.000281279 0.0233998 0.0266075 9.9973E-05 0.906876
0.0188894 0.02244 0.0276202 0.189458 0.0443457 9.9982E-05 9.9982E-05 0.697046
9.994E-05 9.994E-05 9.994E-05 9.994E-05 9.994E-05 9.994E-05 9.994E-05 0.9993
0.0152403 0.150503 9.9973E-05 9.9973E-05 0.021956 9.9973E-05 0.0827031 0.729297
0.0189258 0.151237 9.9973E-05 0.220725 9.9973E-05 9.9973E-05 0.0243228 0.58449
0.00316247 0.0708318 0.047116 9.9973E-05 9.9973E-05 9.9973E-05 0.15706 0.72153
9.9973E-05 0.00875742 0.000389742 9.9973E-05 0.204034 0.00746994 9.9973E-05 0.779049
9.9973E-05 0.0526587 9.9973E-05 9.9973E-05 0.201266 0.0261941 0.0212141 0.698367
0.0394721 0.157965 0.0136643 0.0655613 9.9982E-05 9.9982E-05 0.11538 0.607757
0.0842647 0.188645 9.9991E-05 0.070796 0.0390955 0.019016 0.0025933 0.59549
0.000804818 0.00163147 0.185426 0.169587 9.9991E-05 0.0592412 0.161635 0.421574
0.0720351 0.0647275 0.0129808 9.9973E-05 0.22471 9.9973E-05 9.9973E-05 0.625247
0.00527224 0.0576922 0.0221829 0.196275 0.677943 9.9982E-05 0.0404341 9.9982E-05
0.0394859 0.161458 9.9973E-05 0.127163 0.646607 9.9973E-05 0.0249854 9.9973E-05
9.9973E-05 0.0292967 0.0625827 0.301501 0.595056 0.0112637 9.9973E-05 9.9973E-05
9.9973E-05 0.0493122 0.0409801 9.9973E-05 0.804675 9.9973E-05 0.0846057 0.0201271
0.0402818 9.9973E-05 0.0558846 0.161147 0.708856 0.0335304 9.9973E-05 9.9973E-05
9.9973E-05 0.0489009 0.0189528 0.0629848 0.837026 9.9973E-05 0.0318352 9.9973E-05
0.00723354 9.9982E-05 0.0344447 0.348328 0.391725 0.039196 0.178873 9.9982E-05
0.0750143 9.9973E-05 0.0399429 0.0629179 0.755554 9.9973E-05 0.0662708 9.9973E-05
0.0680369 9.9991E-05 0.0133342 0.160802 0.622083 0.0174895 0.0652406 0.0529133
0.0259352 9.9964E-05 0.0548892 9.9964E-05 0.900039 9.9964E-05 9.9964E-05 0.0187371
0.0210891 0.0245408 0.012735 0.15991 0.77515 9.9982E-05 0.00637468 9.9982E-05
0.0310913 9.9973E-05 0.0136136 9.9973E-05 0.915538 0.0225173 9.9973E-05 0.0169404
0.0123121 9.9982E-05 0.0444105 0.256242 0.61214 0.0409765 0.0337186 9.9982E-05
0.00711084 9.9982E-05 0.0318828 0.186908 0.757125 9.9982E-05 0.000794695 0.0159788
9.9973E-05 9.9973E-05 0.0525411 0.0450507 0.866868 0.0157153 9.9973E-05 0.0195254
0.0797086 0.00555987 9.9973E-05 9.9973E-05 0.903805 0.004847 9.9973E-05 0.00578011
0.0468671 9.9973E-05 0.0319429 0.037799 0.805607 0.077484 9.9973E-05 9.9973E-05
0.0444126 9.9964E-05 0.0920829 0.0910309 0.772074 9.9964E-05 9.9964E-05 9.9964E-05
0.0133939 0.00338374 0.031746 0.314145 0.574807 0.0309052 0.0234161 0.00820267
0.0900777 9.9973E-05 9.9973E-05 9.9973E-05 0.747975 0.0548479 0.0729618 0.0338375
0.0497321 0.446438 0.139014 0.0544106 0.208582 9.9991E-05 0.0348921 0.0668312
9.994E-05 9.994E-05 0.9993 9.994E-05 9.994E-05 9.994E-05 9.994E-05 9.994E-05
0.159903 0.530233 0.0594769 0.166427 0.00141837 0.0404723 0.0304138 0.0116563
0.177117 0.595843 0.07856 9.9973E-05 0.114189 0.0339915 9.9973E-05 9.9973E-05
0.113057 0.642698 0.123217 0.113824 9.9973E-05 9.9973E-05 9.9973E-05 0.00690377
0.0651884 0.639475 0.0839578 9.9964E-05 0.210979 9.9964E-05 9.9964E-05 9.9964E-05
0.0598894 0.716447 0.159805 9.9982E-05 0.0269993 0.0212624 9.9982E-05 0.0153976
0.0110783 9.99459E-05 0.988322 9.99459E-05 9.99459E-05 9.99459E-05 9.99459E-05 9.99459E-05
0.112092 0.524486 0.0502127 0.189634 9.9982E-05 0.0846739 0.0387016 9.9982E-05
0.0753767 0.496545 0.146029 9.9982E-05 0.132855 0.0333993 9.9982E-05 0.115595
0.122106 0.572814 0.186204 9.9982E-05 0.0798332 0.0359594 9.9982E-05 0.00288398
0.112895 0.594968 0.15599 9.9973E-05 0.0724306 9.9973E-05 9.9973E-05 0.063417
0.111754 0.514412 0.215112 9.9982E-05 9.9982E-05 0.0409463 0.0225793 0.0949958
0.0780566 0.653723 0.203646 9.9973E-05 0.056834 0.00744048 9.9973E-05 9.9973E-05
0.0838108 0.698996 0.0718117 9.9973E-05 0.144325 0.000757466 9.9973E-05 9.9973E-05
0.106381 0.45525 0.267275 9.9982E-05 0.0736456 0.00571771 9.9982E-05 0.0915307
0.105524 0.426032 0.13906 0.218986 9.9982E-05 9.9982E-05 0.102182 0.00801675
0.0164372 0.3593 0.129165 9.9973E-05 0.391502 9.9973E-05 9.9973E-05 0.103296
0.0434813 0.444559 0.103202 9.9973E-05 0.337495 0.0709624 9.9973E-05 9.9973E-05
0.0441322 0.180526 0.148527 0.164921 0.430043 0.0316511 9.9982E-05 9.9982E-05
0.0616242 0.733099 0.08054 9.9964E-05 0.124337 9.9964E-05 9.9964E-05 9.9964E-05
0.101253 0.277317 0.224215 9.9982E-05 0.254029 0.0507795 9.9982E-05 0.0922063
0.130962 0.538214 0.15507 9.9973E-05 0.16206 9.9973E-05 0.0133947 9.9973E-05
0.0341417 0.509105 0.153979 9.9991E-05 0.217158 0.0441889 0.00193246 0.0393954
0.0735901 0.585286 0.105513 9.9991E-05 0.130373 0.0643511 0.00840147 0.0323855
0.0898359 0.639896 0.0890778 9.9973E-05 0.115378 0.0655124 9.9973E-05 9.9973E-05
0.147318 0.121812 0.146876 9.9991E-05 0.303888 0.0384903 0.186006 0.0555095
0.043103 0.127446 0.0246797 9.9982E-05 0.169986 0.0332265 0.601359 9.9982E-05
0.0252599 0.416139 0.12144 9.9991E-05 0.233667 0.0383164 0.158639 0.00643879
0.0230457 0.551233 0.165642 9.9973E-05 0.24262 0.0171594 9.9973E-05 9.9973E-05
0.0144856 0.490234 0.152127 9.9982E-05 0.297618 9.9982E-05 0.0375194 0.00781596
0.118794 0.536899 0.0724293 9.9991E-05 0.209084 0.0283366 0.0280028 0.0063548
0.824388 0.0765537 9.9964E-05 0.0614704 9.9964E-05 9.9964E-05 9.9964E-05 0.0371881
0.084963 0.629121 0.0788311 9.9982E-05 0.166664 0.029437 9.9982E-05 0.0107838
0.071913 0.717868 0.035599 0.0248716 0.149449 9.9973E-05 9.9973E-05 9.9973E-05
0.0800779 0.404072 0.0713613 0.29909 9.9991E-05 0.0538785 0.0373243 0.0540965
0.0504011 0.375471 0.119395 0.313548 9.9991E-05 0.0432517 0.013334 0.0844989
0.0735579 0.548083 0.0847562 0.229113 9.9982E-05 0.0267929 0.0374968 9.9982E-05
0.053988 0.551383 0.0639871 0.116259 9.9991E-05 0.0937858 0.0926057 0.0278912
0.0744003 0.315719 0.180796 0.287144 9.9982E-05 0.00544001 0.136301 9.9982E-05
0.0649878 0.501106 0.189651 0.0289361 0.146467 0.0686517 9.9982E-05 9.9982E-05
0.0106383 0.730436 0.0581233 9.9982E-05 0.115267 0.0179311 9.9982E-05 0.067405
0.104708 0.492412 0.257263 0.0686507 0.0766668 9.9973E-05 9.9973E-05 9.9973E-05
0.0957235 0.640401 9.9982E-05 0.231792 9.9982E-05 0.00357066 0.00397756 0.024336
0.13989 0.499286 0.14748 9.9982E-05 0.0419512 0.0334181 0.137774 9.9982E-05
0.0954213 0.699736 0.0776265 0.0442961 0.0407131 0.0141065 0.0280004 9.9991E-05
0.9993 9.994E-05 9.994E-05 9.994E-05 9.994E-05 9.994E-05 9.994E-05 9.994E-05
0.0957165 0.412276 0.183257 9.9991E-05 0.0958581 0.0791372 0.0551076 0.0785475
0.103946 0.739281 0.00612385 0.0396664 0.0519216 0.037799 0.0211613 9.9991E-05
0.110867 0.477855 0.12963 0.193596 9.9982E-05 0.0483207 0.0395312 9.9982E-05
0.115907 0.57805 0.0607859 0.0307522 0.210726 0.00357878 9.9982E-05 9.9982E-05
0.0170487 0.681085 0.10253 0.0641978 0.107945 0.0203594 0.00673348 9.9991E-05
0.0248362 0.643813 0.0912819 0.125943 0.000529885 0.0636 9.9991E-05 0.0498959
9.994E-05 9.994E-05 0.9993 9.994E-05 9.994E-05 9.994E-05 9.994E-05 9.994E-05
0.9993 9.994E-05 9.994E-05 9.994E-05 9.994E-05 9.994E-05 9.994E-05 9.994E-05
9.994E-05 9.994E-05 0.9993 9.994E-05 9.994E-05 9.994E-05 9.994E-05 9.994E-05
0.0851294 0.545245 0.111888 0.214411 9.9973E-05 0.0430269 9.9973E-05 9.9973E-05
0.155486 0.427605 0.137299 0.0919819 0.0163561 0.0264727 0.0414421 0.103357
0.137359 0.470276 0.11164 0.125307 9.9982E-05 0.0604565 9.9982E-05 0.0947611
0.0922924 0.460493 0.274271 0.00441719 0.102511 0.0658158 9.9982E-05 9.9982E-05
0.0850357 0.579668 0.114821 9.9973E-05 0.200894 0.0192814 9.9973E-05 9.9973E-05
0.791676 0.0121398 9.9964E-05 0.185484 9.9964E-05 0.0102998 9.9964E-05 9.9964E-05
0.147203 0.360407 0.175539 0.216653 0.0536638 0.0463344 9.9982E-05 9.9982E-05
0.0325924 0.579259 0.0779631 0.0413809 9.9982E-05 9.9982E-05 0.107166 0.161439
0.057862 0.52033 0.00115009 0.170946 9.9982E-05 9.9982E-05 0.158827 0.0906848
0.0543253 0.544424 9.9973E-05 0.13815 9.9973E-05 9.9973E-05 0.0271646 0.235636
0.0487294 0.541354 9.9973E-05 0.162584 9.9973E-05 9.9973E-05 0.0546027 0.192429
0.0744942 0.491247 0.0333049 0.0611102 0.0519993 9.9991E-05 0.130551 0.157193
0.0365476 0.484667 0.0276162 0.0543993 9.9982E-05 9.9982E-05 0.217429 0.179141
0.03913 0.51245 9.9982E-05 9.9982E-05 0.0100088 0.043998 0.21297 0.181243
0.0446863 0.495099 9.9982E-05 9.9982E-05 0.0906133 0.0771277 0.0205655 0.271708
0.0554083 0.476534 0.0153248 0.0497928 0.0664163 9.9991E-05 0.138181 0.198242
0.0313582 0.53063 0.00270728 0.00556235 0.0929008 9.9991E-05 0.155391 0.18135
0.0607772 0.428419 0.0528216 9.9982E-05 0.0937106 9.9982E-05 0.0735894 0.290482
9.9973E-05 0.0719458 0.0215055 9.9973E-05 0.120859 9.9973E-05 0.733019 0.0523704
0.0488855 0.00892695 9.9982E-05 9.9982E-05 0.159901 0.00135767 0.757026 0.0237032
9.9973E-05 0.0446565 9.9973E-05 9.9973E-05 0.144305 0.040028 0.710258 0.0604521
9.9982E-05 9.9982E-05 0.0410767 0.0799332 0.0978732 0.0477243 0.716524 0.0166689
0.000663326 0.0750224 9.9973E-05 9.9973E-05 0.223859 0.0336519 0.666504 9.9973E-05
0.00730123 0.090305 0.0554269 0.03892 9.9991E-05 0.0264202 0.696375 0.0851513
0.0286222 9.9973E-05 9.9973E-05 0.0323639 0.126578 9.9973E-05 0.7909 0.021236
0.0373293 0.0828994 9.9973E-05 9.9973E-05 0.0263128 9.9973E-05 0.810937 0.0422219
0.0576908 0.00128611 0.0943847 0.130879 0.10078 0.0418231 0.532471 0.0406844
0.0215989 0.00148445 9.9964E-05 9.9964E-05 0.285565 9.9964E-05 0.690952 9.9964E-05
9.9964E-05 9.9964E-05 0.0485317 9.9964E-05 0.194959 0.0186088 0.737501 9.9964E-05
9.9973E-05 9.9973E-05 0.0226024 9.9973E-05 0.195942 0.0563819 0.711392 0.0133818
0.0131202 0.0674713 0.0208892 0.130546 0.149431 9.9991E-05 0.594929 0.0235126
0.014343 0.102894 0.012876 0.280664 0.116838 9.9982E-05 0.472185 9.9982E-05
0.0298217 0.003984 0.0288032 0.0227264 9.9991E-05 0.109365 0.682073 0.123126
0.0319584 0.0131892 0.0743099 0.126739 9.9982E-05 0.0532767 0.700327 9.9982E-05
0.011811 9.9982E-05 0.0998333 0.0447892 0.0460827 9.9982E-05 0.783495 0.0137886
0.0110485 9.9982E-05 0.137819 9.9982E-05 0.0247911 0.0476302 0.774097 0.00441448
0.0373815 9.9982E-05 9.9982E-05 0.035268 0.112205 0.0413155 0.718937 0.0546929
0.0264735 0.0174633 9.9964E-05 0.267055 9.9964E-05 9.9964E-05 0.688609 9.9964E-05
0.0396155 0.0162952 9.9973E-05 0.260363 9.9973E-05 0.0831102 0.600317 9.9973E-05
9.99561E-05 9.99561E-05 0.119139 9.99561E-05 0.146053 9.99561E-05 0.734309 9.99561E-05
0.0393199 0.0294897 0.0490992 0.123068 9.9991E-05 0.00128308 0.717257 0.0403827
0.0121631 0.107078 0.0146827 0.0299144 0.0414711 0.0303661 0.764225 9.9991E-05
0.147789 9.9982E-05 0.0321541 0.012622 9.9982E-05 0.0858261 0.644579 0.0768307
9.9973E-05 0.101091 9.9973E-05 0.16219 9.9973E-05 0.0153392 0.668605 0.0524742
0.021625 9.9982E-05 0.100613 0.0998235 9.9982E-05 0.0481754 0.729427 0.000136043
9.9973E-05 0.054045 0.0768196 0.269128 9.9973E-05 0.0193649 0.580342 9.9973E-05
0.00560617 9.9982E-05 0.0853125 0.19862 0.0616722 0.0578841 0.590705 9.9982E-05
0.0651721 9.9973E-05 0.0376208 9.9973E-05 0.197962 9.9973E-05 0.656132 0.042813
9.9955E-05 9.9955E-05 0.0426157 9.9955E-05 0.20254 9.9955E-05 0.754344 9.9955E-05
9.9982E-05 0.0482492 0.0345731 9.9982E-05 0.169382 0.0160612 0.666211 0.0653236
9.9973E-05 9.9973E-05 0.0236834 9.9973E-05 0.215249 0.000869493 0.631004 0.128894
0.0592555 9.9973E-05 0.0458367 0.00881175 9.9973E-05 9.9973E-05 0.821681 0.0641149
9.9973E-05 0.0414245 0.0233167 9.9973E-05 9.9973E-05 0.0633134 0.78207 0.0895758
9.9964E-05 9.9964E-05 0.0161418 0.958338 0.00416362 9.9964E-05 0.0209565 9.9964E-05
0.0492876 9.9946E-05 9.9946E-05 0.950113 9.9946E-05 9.9946E-05 9.9946E-05 9.9946E-05
0.0266614 9.9973E-05 0.00660726 0.914211 0.001588 0.0506327 9.9973E-05 9.9973E-05
0.0424253 9.9982E-05 0.0417228 0.803049 0.0405877 0.015755 0.0562604 9.9982E-05
9.9946E-05 9.9946E-05 9.9946E-05 0.954498 9.9946E-05 0.0449019 9.9946E-05 9.9946E-05
0.0563383 9.9982E-05 0.00382524 0.671203 0.235931 9.9982E-05 0.00945069 0.0230517
9.9946E-05 9.9946E-05 9.9946E-05 0.859809 0.139591 9.9946E-05 9.9946E-05 9.9946E-05
9.9973E-05 0.0165746 9.9973E-05 0.840768 0.0415116 0.0287029 9.9973E-05 0.0721425
