0.921144 0.0108872 9.9964E-05 9.9964E-05 9.9964E-05 9.9964E-05 0.00492002 0.0626489
0.711119 0.0274951 9.9991E-05 0.0772754 0.0455811 0.0653769 0.0681196 0.00493299
0.800847 0.0243457 0.0847716 0.0159006 9.9973E-05 9.9973E-05 0.0738352 9.9973E-05
0.829157 9.9982E-05 0.116537 0.00341583 0.0318717 0.0171178 0.00170044 9.9982E-05
0.819363 0.000190799 0.011193 0.0819039 0.0362086 0.0236011 0.0134447 0.0140949
0.847678 9.9964E-05 0.0369408 0.0680855 9.9964E-05 0.0468954 9.9964E-05 9.9964E-05
0.895724 9.9973E-05 9.9973E-05 0.0507885 0.0323077 9.9973E-05 0.0160842 0.00479563
0.817795 0.0306643 9.9982E-05 0.0978593 0.0372984 0.0113608 0.0048221 9.9982E-05
0.811376 9.9973E-05 0.0624745 0.08845 0.0106652 9.9973E-05 0.0267348 9.9973E-05
0.852069 0.0140869 0.0466468 0.0788041 9.9973E-05 9.9973E-05 9.9973E-05 0.00809281
0.754388 0.0321035 0.0911567 0.0710574 0.0398452 0.0103228 0.00102651 9.9991E-05
0.714406 9.9964E-05 0.243533 9.9964E-05 0.00622274 0.0354382 9.9964E-05 9.9964E-05
0.796741 0.0094597 0.078895 9.9982E-05 0.0327525 0.030302 9.9982E-05 0.0516493
0.748056 0.0323702 0.0462234 0.145815 9.9973E-05 0.0272356 9.9973E-05 9.9973E-05
0.86339 9.9973E-05 0.0435605 0.0280886 0.0165279 9.9973E-05 0.0481331 9.9973E-05
0.865347 0.0375443 9.9964E-05 0.0642854 9.9964E-05 0.0324234 9.9964E-05 9.9964E-05
0.943019 9.9946E-05 9.9946E-05 9.9946E-05 9.9946E-05 0.0563812 9.9946E-05 9.9946E-05
0.981079 0.00469751 9.9955E-05 9.9955E-05 9.9955E-05 0.0137236 9.9955E-05 9.9955E-05
0.996579 0.00282086 9.9946E-05 9.9946E-05 9.9946E-05 9.9946E-05 9.9946E-05 9.9946E-05
0.897804 9.9964E-05 0.0448731 9.9964E-05 0.0288299 0.0280928 9.9964E-05 9.9964E-05
9.994E-05 0.9993 9.994E-05 9.994E-05 9.994E-05 9.994E-05 9.994E-05 9.994E-05
9.9973E-05 0.0358359 0.889407 0.0170033 9.9973E-05 0.0308584 9.9973E-05 0.0265951
0.0109297 0.0469639 0.805443 9.9973E-05 0.026522 9.9973E-05 9.9973E-05 0.109842
9.9973E-05 0.0521948 0.831331 9.9973E-05 0.0332179 0.00947701 9.9973E-05 0.073479
9.9946E-05 0.0882245 0.911176 9.9946E-05 9.9946E-05 9.9946E-05 9.9946E-05 9.9946E-05
0.00185807 0.041095 0.946199 9.9964E-05 0.0104483 9.9964E-05 9.9964E-05 9.9964E-05
9.9964E-05 0.0788213 0.816786 9.9964E-05 9.9964E-05 0.0126703 9.9964E-05 0.0913222
9.994E-05 0.9993 9.994E-05 9.994E-05 9.994E-05 9.994E-05 9.994E-05 9.994E-05
9.9982E-05 0.0793277 0.767077 0.0346993 0.0429348 0.000313282 0.0754474 9.9982E-05
9.9982E-05 9.9982E-05 0.819443 0.0058217 0.00255975 0.0954559 0.0285458 0.0479735
9.9964E-05 0.083264 0.894569 0.000729744 9.9964E-05 9.9964E-05 0.0210376 9.9964E-05
9.9964E-05 0.0608118 0.802243 9.9964E-05 9.9964E-05 0.0398109 9.9964E-05 0.0967344
0.0149916 0.0961624 0.788431 0.0074092 9.9982E-05 0.0572261 9.9982E-05 0.0355795
9.9982E-05 0.0897119 0.719352 0.0703042 0.0331422 0.0610649 0.0262251 9.9982E-05
0.0339973 0.0304085 0.707644 9.9991E-05 0.0782964 0.0367471 0.109443 0.00336331
0.0598401 0.0452303 0.525937 0.101432 0.0236787 0.0593904 0.156626 0.0278653
9.9982E-05 0.0393593 0.747946 0.00365818 0.0374433 0.123652 9.9982E-05 0.0477411
9.9973E-05 0.00683065 0.0886315 9.9973E-05 9.9973E-05 0.0907286 0.105568 0.707941
9.9982E-05 0.0079917 9.9982E-05 0.0286996 0.012708 0.0475291 0.261184 0.641688
0.0193444 9.9982E-05 0.125571 0.0379276 9.9982E-05 0.0381174 0.093728 0.685112
0.0194045 9.9973E-05 0.0942739 9.9973E-05 9.9973E-05 0.061549 0.0525107 0.771962
0.0594132 0.0137349 9.9973E-05 9.9973E-05 0.0510629 0.136775 9.9973E-05 0.738714
0.00698018 0.0168025 9.9982E-05 9.9982E-05 0.000949811 0.0502168 0.0784827 0.846368
0.0873574 0.00865415 9.9982E-05 0.196477 0.0212638 0.0795925 9.9982E-05 0.606456
0.00132305 0.0469484 0.00678156 0.0147638 0.0786058 0.102406 0.0127958 0.736376
9.9982E-05 0.0216715 0.071876 0.0599889 0.0741139 9.9982E-05 0.0181852 0.753964
9.9973E-05 9.9973E-05 0.0114055 0.0241771 0.00526076 0.199303 9.9973E-05 0.759554
0.0263713 0.0125423 9.9982E-05 9.9982E-05 0.0119922 0.0730567 0.00166318 0.874174
9.9955E-05 0.0437902 9.9955E-05 9.9955E-05 9.9955E-05 0.0668141 9.9955E-05 0.888896
9.9982E-05 0.00205201 9.9982E-05 0.0765162 0.0111882 0.0954214 0.0509941 0.763628
9.9973E-05 0.0107216 9.9973E-05 9.9973E-05 0.0448611 0.0506885 0.0644351 0.828994
0.000481619 0.0271247 9.9973E-05 0.0271635 9.9973E-05 0.145591 9.9973E-05 0.799339
9.9964E-05 0.000169636 9.9964E-05 9.9964E-05 0.0536025 0.0846301 9.9964E-05 0.861198
0.0565034 0.00411295 0.0502942 9.9973E-05 9.9973E-05 0.153805 9.9973E-05 0.734984
0.00733769 0.0455663 9.9982E-05 0.00832607 9.9982E-05 0.0991892 0.0392312 0.80015
9.9982E-05 0.00437736 0.119708 0.027749 9.9982E-05 0.0478578 0.104478 0.69563
0.0448856 0.0493018 9.9991E-05 0.0529793 0.0365324 0.0398719 0.0309637 0.745365
9.9982E-05 9.9982E-05 0.0401813 0.00511063 0.0531156 0.0966977 0.640358 0.164337
0.0670886 0.0533382 9.9982E-05 9.9982E-05 0.0570038 0.238954 0.570872 0.0125434
0.0249661 0.0244108 9.9991E-05 0.039093 0.169089 0.115464 0.603188 0.0236891
0.00237432 0.0145496 9.9982E-05 9.9982E-05 0.178621 0.148399 0.576888 0.0789681
9.9955E-05 9.9955E-05 9.9955E-05 9.9955E-05 0.0807261 0.184123 0.734651 9.9955E-05
0.00247849 0.0193057 9.9982E-05 9.9982E-05 0.0778878 0.207206 0.587028 0.105895
9.994E-05 9.994E-05 9.994E-05 9.994E-05 9.994E-05 0.9993 9.994E-05 9.994E-05
9.9973E-05 0.0486697 9.9973E-05 9.9973E-05 0.11883 0.30893 0.465019 0.0582513
0.111912 9.9982E-05 9.9982E-05 0.0520492 0.0641687 0.100699 0.650691 0.0202803
0.0588921 0.0411424 0.110697 0.0449036 0.0465108 0.295805 0.393278 0.00877055
0.095424 9.9982E-05 0.0372681 0.0115185 0.0818619 0.301644 0.472083 9.9982E-05
9.9973E-05 0.0221149 0.06058 9.9973E-05 0.11397 0.26877 0.534266 9.9973E-05
0.0356414 0.0284739 0.0816114 0.00628 0.120351 0.297362 0.43018 9.9991E-05
9.9964E-05 9.9964E-05 9.9964E-05 9.9964E-05 0.0672159 0.231178 0.679583 0.0216234
9.9973E-05 0.0185083 9.9973E-05 9.9973E-05 0.0640514 0.239101 0.675522 0.00251707
0.0161266 0.0264855 0.0418091 0.000527549 0.170424 0.201474 0.543054 9.9991E-05
9.9991E-05 0.00176354 0.132561 0.0504402 0.117308 0.187078 0.485215 0.0255349
9.9982E-05 0.0577436 0.00246542 9.9982E-05 0.0269461 0.195444 0.459034 0.258167
0.0502654 0.00894299 0.00787867 9.9991E-05 0.049054 0.226974 0.375923 0.280862
0.07482 9.9973E-05 9.9973E-05 9.9973E-05 0.0551172 0.241115 0.186343 0.442305
9.99459E-05 9.99459E-05 9.99459E-05 0.00486074 9.99459E-05 0.99454 9.99459E-05 9.99459E-05
0.067875 0.0204174 0.0259977 9.9991E-05 0.123969 0.228036 0.302399 0.231207
9.9964E-05 9.9964E-05 9.9964E-05 9.9964E-05 0.10353 0.321242 0.46984 0.104988
0.0593976 0.0128653 0.102784 9.9991E-05 0.101996 0.174218 0.418116 0.130523
0.0317841 0.0183005 0.0470596 0.0336898 0.0984082 0.29158 0.479078 9.9991E-05
0.0674655 9.9973E-05 9.9973E-05 9.9973E-05 0.128843 0.179239 0.547041 0.0771123
0.0260401 0.0260953 0.0848438 0.185604 0.120243 0.102069 0.187509 0.267596
9.9982E-05 0.0137045 9.9982E-05 0.588479 0.0372219 0.101859 0.0406574 0.217878
0.0514201 0.0304678 9.9982E-05 0.116726 9.9982E-05 0.100469 0.513646 0.187072
9.9973E-05 9.9973E-05 9.9973E-05 0.0140412 0.10882 0.258168 0.465812 0.152859
0.00330762 0.00617955 0.015665 0.092287 0.0505612 0.153197 0.493346 0.185457
0.0421086 9.9982E-05 9.9982E-05 0.0494836 0.134697 0.0361789 0.644453 0.0928784
9.9982E-05 0.00922243 0.0607786 9.9982E-05 0.881447 0.000713995 0.0351464 0.0124921
9.9982E-05 0.0243293 0.0289036 9.9982E-05 0.0437886 0.336148 0.462159 0.104472
9.9973E-05 9.9973E-05 0.0606316 9.9973E-05 0.0582618 0.418247 0.418829 0.0437309
0.0331216 0.0461208 0.00584446 0.108742 0.110555 0.0294981 0.591849 0.0742682
0.0858894 0.0317295 0.0886848 0.0660738 0.10723 0.143551 0.42912 0.0477212
0.00855811 0.0066133 0.0961729 0.056439 0.0792864 0.142847 0.609983 9.9991E-05
0.0978823 0.0346075 0.0279349 0.0897518 0.0926708 0.14722 0.509832 9.9991E-05
0.0560296 9.9991E-05 0.118962 0.0423909 0.122814 0.238987 0.351362 0.0693554
0.112829 9.9982E-05 0.0391077 9.9982E-05 0.0341621 0.330607 0.401898 0.0811956
0.00877261 9.9982E-05 0.0780796 9.9982E-05 0.0673799 0.173133 0.661373 0.0110618
0.00748344 0.0210071 9.9982E-05 9.9982E-05 0.0813673 0.293994 0.471274 0.124674
0.0264313 0.0294921 0.0121278 0.00277453 0.100525 0.0560628 0.701436 0.0711505
0.0122335 0.026781 0.0242754 0.0982334 0.166627 0.330064 0.341685 9.9991E-05
0.0129802 0.0216626 9.9982E-05 9.9982E-05 0.138699 0.136197 0.685366 0.00489576
9.994E-05 9.994E-05 9.994E-05 9.994E-05 0.9993 9.994E-05 9.994E-05 9.994E-05
0.0679005 0.0572568 9.9991E-05 0.00295862 0.144311 0.208062 0.457156 0.0622545
0.00275445 0.00254153 0.058787 9.9991E-05 0.0777916 0.178662 0.650389 0.0289743
0.0366548 0.000553918 0.0450287 9.9991E-05 0.157084 0.14957 0.549026 0.0619821
9.9973E-05 0.00595211 9.9973E-05 9.9973E-05 0.107905 0.118829 0.616792 0.150222
0.0498681 9.9973E-05 9.9973E-05 9.9973E-05 0.0246774 0.143735 0.73911 0.0423099
0.0574318 0.0235211 0.0743605 9.9991E-05 0.0367504 0.102897 0.690558 0.0143813
9.994E-05 9.994E-05 9.994E-05 9.994E-05 9.994E-05 0.9993 9.994E-05 9.994E-05
9.994E-05 9.994E-05 9.994E-05 9.994E-05 0.9993 9.994E-05 9.994E-05 9.994E-05
9.994E-05 9.994E-05 9.994E-05 9.994E-05 9.994E-05 0.9993 9.994E-05 9.994E-05
0.0157262 0.00476351 0.0187064 0.0512603 0.140009 0.227126 0.542308 9.9991E-05
0.0683906 0.0510337 0.0939927 0.0617164 0.138834 0.287887 0.298045 9.9991E-05
0.0954846 9.9982E-05 0.0848768 0.0171956 0.170103 0.222681 0.409459 9.9982E-05
0.0703276 0.0583022 9.9982E-05 9.9982E-05 0.0845482 0.285557 0.484166 0.016899
0.0182599 0.0282999 0.0671447 9.9991E-05 0.111777 0.316818 0.394442 0.0631596
0.051947 0.0207647 0.01669 9.9982E-05 0.826503 9.9982E-05 0.0309751 0.05292
0.0839991 9.9982E-05 0.0746933 9.9982E-05 0.131149 0.195929 0.397148 0.116882
0.000780367 0.0659341 0.0960661 0.0878645 0.0238951 0.0214663 0.703894 9.9991E-05
9.9973E-05 9.9973E-05 0.0962912 0.196083 0.0659499 0.0354005 0.605976 9.9973E-05
9.9982E-05 0.039819 0.171252 0.0842373 0.1105 0.0678517 0.526139 9.9982E-05
0.0173999 0.0360347 0.181009 0.144448 0.0619535 0.0362484 0.522806 9.9991E-05
9.9982E-05 0.0207409 0.163655 0.13742 0.0863424 0.122899 0.468743 9.9982E-05
0.0163042 9.9973E-05 0.246538 0.184893 0.102022 9.9973E-05 0.449944 9.9973E-05
0.015899 0.00755291 0.167487 0.127383 0.0510127 9.9991E-05 0.563555 0.0670106
0.0660108 0.0222839 0.224665 0.0380262 0.0780234 9.9991E-05 0.56194 0.00895021
9.9982E-05 0.0179069 0.162929 0.0623072 0.0479265 9.9982E-05 0.595371 0.11336
9.9991E-05 0.0803125 0.0542402 0.13118 0.0869796 0.0446632 0.560011 0.0425139
0.000908718 0.012502 0.211853 0.0764199 0.0272627 9.9991E-05 0.651154 0.0197996
0.00150753 0.0225184 0.0624286 0.749119 0.0416142 0.0123692 0.0698213 0.0406218
9.9973E-05 0.0461726 9.9973E-05 0.798704 0.03455 9.9973E-05 0.0928026 0.0274708
0.0306702 0.0550865 0.0186838 0.708308 0.0333502 9.9991E-05 0.109958 0.0438425
0.0878875 0.0359667 0.0048381 0.712677 9.9982E-05 9.9982E-05 0.0228452 0.135586
0.0494099 0.0899592 9.9991E-05 0.70244 0.00155433 0.0316439 0.0205134 0.104379
9.9973E-05 0.0823846 9.9973E-05 0.746341 0.0123871 0.0446036 0.113984 9.9973E-05
9.9973E-05 0.0103115 0.145793 0.710373 0.0350984 9.9973E-05 9.9973E-05 0.0981239
0.0015885 0.0644631 9.9973E-05 0.792238 0.0678418 9.9973E-05 9.9973E-05 0.0735686
0.0738748 0.0512148 0.0455675 0.559841 0.0798582 0.0303154 0.0166578 0.14267
0.00373374 0.0334788 0.0538715 0.682796 9.9982E-05 9.9982E-05 0.0849715 0.140948
0.0239279 0.061868 9.9973E-05 0.744295 9.9973E-05 0.0783796 9.9973E-05 0.0912296
0.0495137 0.0380571 0.0140147 0.711744 9.9982E-05 9.9982E-05 0.0442637 0.142207
0.0555032 0.0111928 0.139552 0.548067 0.00837229 0.0316467 0.0548101 0.150856
0.0373508 9.9991E-05 0.0840112 0.464493 0.0380286 0.01963 0.164209 0.192178
0.039358 0.0230697 0.0446433 0.715568 0.0365905 0.0580361 0.0826348 9.9991E-05
0.0957286 0.0449481 0.000485899 0.710013 0.05136 0.0509099 0.0156956 0.0308594
9.9982E-05 0.00539482 0.0298751 0.856317 0.00732578 0.0421861 9.9982E-05 0.0587015
0.0453941 0.0248522 9.9982E-05 0.729116 9.9982E-05 0.00921564 0.134292 0.0569293
0.0176236 0.0252358 0.0968971 0.754994 0.0251402 0.0415352 9.9991E-05 0.0384742
0.030063 0.0679383 9.9991E-05 0.747753 0.0192654 0.072322 0.0265646 0.0359941
0.0794913 0.0489743 0.112528 0.61029 0.0657526 0.0252291 0.0133693 0.0443654
0.00941454 0.0470446 0.115508 0.700791 0.0330811 0.0886139 0.00544686 9.9991E-05
0.026919 0.0175687 0.109815 0.751596 0.0295903 0.0643109 9.9982E-05 9.9982E-05
0.010706 0.0401627 0.0618547 0.75115 0.0252237 0.0181303 0.092673 9.9991E-05
0.0330431 0.0185159 0.101182 0.723303 0.106564 0.0171919 9.9982E-05 9.9982E-05
0.022465 0.0509639 9.9973E-05 0.649125 9.9973E-05 9.9973E-05 0.252643 0.0245026
0.0304248 0.0507892 0.0339734 0.709545 0.0356467 0.0528076 9.9991E-05 0.086713
0.0595883 0.0379867 0.0241499 0.701551 0.0580118 0.00241123 0.0931921 0.0231089
0.00189255 0.0696621 0.0176977 0.709483 9.9991E-05 0.0230731 0.0990485 0.0790431
9.9982E-05 0.0265877 9.9982E-05 0.800971 0.041619 0.0348426 0.0369978 0.058782
9.9964E-05 0.0228168 9.9964E-05 0.79813 9.9964E-05 0.0611004 9.9964E-05 0.117553
0.00532226 0.0491298 9.9982E-05 0.632583 0.0114265 9.9982E-05 0.127937 0.173401
9.9982E-05 0.0720633 0.0766516 0.675845 0.00734302 9.9982E-05 0.0791378 0.0887591
9.9982E-05 0.0135563 0.0663384 0.800313 0.0596885 0.0089958 0.0509082 9.9982E-05
0.0405291 0.0872813 0.0468608 0.745925 0.00592886 0.0389199 0.0344554 9.9991E-05
0.00326478 0.00357608 0.106597 0.0986811 0.0043603 0.0621814 0.0333157 0.688024
0.0479723 0.00738702 0.174562 0.118421 0.0909974 9.9982E-05 9.9982E-05 0.56046
0.118008 9.9982E-05 0.192397 0.0244575 0.0699331 0.0290216 9.9982E-05 0.565984
0.0921109 0.0251658 0.110996 0.129578 0.0711341 9.9991E-05 0.0946272 0.476288
0.0723585 9.9973E-05 0.14523 0.0834323 0.0240701 9.9973E-05 9.9973E-05 0.674609
9.9982E-05 0.0112478 0.159994 0.0528415 0.0113858 0.109285 9.9982E-05 0.655045
9.9964E-05 9.9964E-05 0.103487 0.049867 0.0316715 9.9964E-05 9.9964E-05 0.814574
0.0849832 0.00513188 0.219479 0.0275943 9.9982E-05 9.9982E-05 0.103554 0.559057
