9.99371E-05 0.0278326 9.99371E-05 9.99371E-05 0.0194134 9.99371E-05 9.99371E-05 9.99371E-05 9.99371E-05 0.952054
9.9946E-05 9.9946E-05 0.531499 0.0905844 9.9946E-05 9.9946E-05 9.9946E-05 9.9946E-05 0.0474625 0.329854
0.0489039 9.9964E-05 0.156457 9.9964E-05 0.438962 9.9964E-05 0.0043345 0.0436383 9.9964E-05 0.307305
9.99282E-05 9.99282E-05 9.99282E-05 0.931435 9.99282E-05 9.99282E-05 0.0677655 9.99282E-05 9.99282E-05 9.99282E-05
9.9928E-05 0.91881 9.9928E-05 0.0803902 9.9928E-05 9.9928E-05 9.9928E-05 9.9928E-05 9.9928E-05 9.9928E-05
0.0785171 9.99281E-05 9.99281E-05 9.99281E-05 9.99281E-05 9.99281E-05 0.920683 9.99281E-05 9.99281E-05 9.99281E-05
0.0376412 0.0148588 9.9955E-05 0.0344936 0.67973 9.9955E-05 9.9955E-05 0.232777 9.9955E-05 9.9955E-05
0.0678996 9.99282E-05 0.931301 9.99282E-05 9.99282E-05 9.99282E-05 9.99282E-05 9.99282E-05 9.99282E-05 9.99282E-05
9.99201E-05 9.99201E-05 9.99201E-05 9.99201E-05 9.99201E-05 9.99201E-05 0.0934152 0.905785 9.99201E-05 9.99201E-05
9.99201E-05 0.999101 9.99201E-05 9.99201E-05 9.99201E-05 9.99201E-05 9.99201E-05 9.99201E-05 9.99201E-05 9.99201E-05
0.849093 0.150107 9.99281E-05 9.99281E-05 9.99281E-05 9.99281E-05 9.99281E-05 9.99281E-05 9.99281E-05 9.99281E-05
9.99371E-05 9.99371E-05 0.884703 9.99371E-05 9.99371E-05 0.0604846 0.0541127 9.99371E-05 9.99371E-05 9.99371E-05
9.99641E-05 0.446259 0.0498016 9.99641E-05 0.198806 9.99641E-05 9.99641E-05 0.250933 0.0465646 0.00723557
9.99461E-05 0.0255329 9.99461E-05 0.0343426 0.874683 0.0648423 9.99461E-05 9.99461E-05 9.99461E-05 9.99461E-05
9.99282E-05 0.947461 9.99282E-05 9.99282E-05 9.99282E-05 9.99282E-05 9.99282E-05 9.99282E-05 0.0517393 9.99282E-05
9.99201E-05 9.99201E-05 9.99201E-05 9.99201E-05 9.99201E-05 9.99201E-05 9.99201E-05 0.999101 9.99201E-05 9.99201E-05
9.99371E-05 9.99371E-05 0.589548 0.35897 9.99371E-05 0.0507821 9.99371E-05 9.99371E-05 9.99371E-05 9.99371E-05
0.158413 0.181925 9.9955E-05 9.9955E-05 9.9955E-05 0.0215927 0.0456214 0.591948 9.9955E-05 9.9955E-05
9.99281E-05 9.99281E-05 9.99281E-05 9.99281E-05 9.99281E-05 0.0174386 0.981762 9.99281E-05 9.99281E-05 9.99281E-05
9.99201E-05 9.99201E-05 9.99201E-05 9.99201E-05 9.99201E-05 9.99201E-05 9.99201E-05 9.99201E-05 0.999101 9.99201E-05
9.99461E-05 9.99461E-05 9.99461E-05 9.99461E-05 9.99461E-05 0.149412 9.99461E-05 0.0720345 0.727879 0.0500743
9.99371E-05 9.99371E-05 0.126985 9.99371E-05 9.99371E-05 0.29198 9.99371E-05 0.580336 9.99371E-05 9.99371E-05
9.99461E-05 0.0752241 9.99461E-05 9.99461E-05 0.109272 9.99461E-05 9.99461E-05 0.427014 0.38789 9.99461E-05
0.159628 9.9937E-05 9.9937E-05 0.608869 9.9937E-05 9.9937E-05 9.9937E-05 9.9937E-05 0.230803 9.9937E-05
0.456305 9.9955E-05 9.9955E-05 0.0640968 0.408711 9.9955E-05 0.0260509 9.9955E-05 9.9955E-05 0.044337
9.9946E-05 0.601814 9.9946E-05 9.9946E-05 9.9946E-05 9.9946E-05 9.9946E-05 0.0461096 0.34924 0.00223694
9.99281E-05 9.99281E-05 9.99281E-05 0.937808 0.061393 9.99281E-05 9.99281E-05 9.99281E-05 9.99281E-05 9.99281E-05
9.99641E-05 0.0407153 9.99641E-05 9.99641E-05 0.219865 0.368241 0.304463 0.0539368 0.0123803 9.99641E-05
9.99201E-05 9.99201E-05 9.99201E-05 9.99201E-05 9.99201E-05 9.99201E-05 9.99201E-05 9.99201E-05 9.99201E-05 0.999101
9.99371E-05 9.99371E-05 9.99371E-05 0.0901144 9.99371E-05 0.67971 9.99371E-05 9.99371E-05 9.99371E-05 0.229476
0.0110821 9.99371E-05 0.027648 9.99371E-05 0.96057 9.99371E-05 9.99371E-05 9.99371E-05 9.99371E-05 9.99371E-05
9.99201E-05 9.99201E-05 9.99201E-05 9.99201E-05 0.999101 9.99201E-05 9.99201E-05 9.99201E-05 9.99201E-05 9.99201E-05
9.99281E-05 0.443456 9.99281E-05 9.99281E-05 0.555744 9.99281E-05 9.99281E-05 9.99281E-05 9.99281E-05 9.99281E-05
9.99372E-05 0.0205851 9.99372E-05 9.99372E-05 9.99372E-05 9.99372E-05 0.912869 0.0658464 9.99372E-05 9.99372E-05
9.9937E-05 9.9937E-05 0.0763485 0.88558 9.9937E-05 0.0373716 9.9937E-05 9.9937E-05 9.9937E-05 9.9937E-05
9.99371E-05 9.99371E-05 9.99371E-05 9.99371E-05 9.99371E-05 9.99371E-05 0.0237395 0.622121 0.35344 9.99371E-05
9.9946E-05 9.9946E-05 0.0198009 9.9946E-05 9.9946E-05 0.149784 0.476206 0.35361 9.9946E-05 9.9946E-05
0.0545765 9.996E-05 9.996E-05 9.996E-05 0.00107631 0.159211 0.724626 0.0322269 9.996E-05 0.0278837
0.999101 9.99201E-05 9.99201E-05 9.99201E-05 9.99201E-05 9.99201E-05 9.99201E-05 9.99201E-05 9.99201E-05 9.99201E-05
9.9937E-05 9.9937E-05 0.0170933 0.0385474 9.9937E-05 0.94366 9.9937E-05 9.9937E-05 9.9937E-05 9.9937E-05
9.99461E-05 9.99461E-05 0.146023 0.028534 9.99461E-05 0.159574 0.665269 9.99461E-05 9.99461E-05 9.99461E-05
9.99282E-05 9.99282E-05 0.96071 9.99282E-05 9.99282E-05 9.99282E-05 0.0384909 9.99282E-05 9.99282E-05 9.99282E-05
9.99201E-05 9.99201E-05 9.99201E-05 9.99201E-05 9.99201E-05 9.99201E-05 9.99201E-05 9.99201E-05 0.999101 9.99201E-05
0.162225 9.99371E-05 0.0327921 9.99371E-05 0.804284 9.99371E-05 9.99371E-05 9.99371E-05 9.99371E-05 9.99371E-05
9.99371E-05 0.488574 9.99371E-05 9.99371E-05 0.0592616 9.99371E-05 9.99371E-05 9.99371E-05 0.451465 9.99371E-05
9.99282E-05 9.99282E-05 0.86195 0.137251 9.99282E-05 9.99282E-05 9.99282E-05 9.99282E-05 9.99282E-05 9.99282E-05
0.0224808 9.9955E-05 9.9955E-05 9.9955E-05 9.9955E-05 9.9955E-05 0.0895711 0.579424 0.307913 0.000111164
9.99281E-05 9.99281E-05 9.99281E-05 9.99281E-05 9.99281E-05 0.971911 9.99281E-05 0.02729 9.99281E-05 9.99281E-05
0.192674 0.15959 9.99461E-05 9.99461E-05 9.99461E-05 0.0588122 9.99461E-05 9.99461E-05 0.588325 9.99461E-05
0.00129984 9.99371E-05 9.99371E-05 9.99371E-05 9.99371E-05 0.497509 9.99371E-05 9.99371E-05 0.500491 9.99371E-05
