0.00080809 0.0198674 9.9973E-05 0.979025 9.9973E-05 9.9973E-05
0.0268106 9.9982E-05 0.0951565 0.784816 9.9982E-05 0.093017
9.9982E-05 9.9982E-05 0.0743317 0.790008 0.054767 0.0806935
0.0288464 9.9991E-05 0.0219687 0.810633 0.0282908 0.110161
0.0209217 0.105438 0.0248103 0.829628 0.00611643 0.0130848
0.00843219 0.00046897 9.9991E-05 0.903314 0.00717282 0.0805119
9.9964E-05 9.9964E-05 9.9964E-05 0.921056 9.9964E-05 0.0785442
0.0644404 9.9973E-05 9.9973E-05 0.854462 9.9973E-05 0.0807978
9.9982E-05 9.9982E-05 0.0222345 0.805872 0.0104756 0.161218
0.0135291 9.9982E-05 9.9982E-05 0.830158 0.0762797 0.0798328
0.0416831 9.9991E-05 0.0232752 0.773204 0.0306112 0.131126
9.9982E-05 9.9982E-05 0.0654982 0.79172 0.119452 0.0231299
0.0281543 0.0757898 0.0376389 0.826501 0.0224547 0.00946132
0.0457702 0.0396283 0.0252585 0.725506 0.0586182 0.105219
9.9982E-05 9.9982E-05 0.041777 0.86204 0.0523923 0.0435908
0.00428385 9.9973E-05 9.9973E-05 0.872895 9.9973E-05 0.122522
0.0483961 9.9964E-05 9.9964E-05 0.951204 9.9964E-05 9.9964E-05
9.996E-05 9.996E-05 9.996E-05 0.9995 9.996E-05 9.996E-05
9.9964E-05 0.0374733 9.9964E-05 0.962127 9.9964E-05 9.9964E-05
0.0291935 0.0245861 9.9982E-05 0.933861 0.0121597 9.9982E-05
9.996E-05 9.996E-05 9.996E-05 9.996E-05 0.9995 9.996E-05
0.0798452 0.100239 9.9991E-05 0.00775603 0.715182 0.0968787
9.999E-05 0.146531 0.0614234 0.0464307 0.694911 0.0506041
0.0390665 0.121792 9.9982E-05 0.00598533 0.832956 9.9982E-05
0.000533891 9.9973E-05 0.0584247 9.9973E-05 0.940742 9.9973E-05
0.0324588 0.00516093 0.0371531 0.0487825 0.876345 9.9991E-05
9.9982E-05 0.140355 0.0922356 9.9982E-05 0.751116 0.016094
9.996E-05 9.996E-05 9.996E-05 9.996E-05 0.9995 9.996E-05
9.9973E-05 9.9973E-05 0.151993 9.9973E-05 0.734902 0.112805
0.0302614 0.0864225 0.144675 0.0155807 0.640688 0.0823715
9.9973E-05 9.9973E-05 0.185228 9.9973E-05 0.729982 0.0844905
0.0406396 0.151431 9.9982E-05 9.9982E-05 0.766358 0.0413718
0.0152226 0.0404935 0.0601868 0.0446773 0.73367 0.10575
0.0748133 9.9991E-05 0.159282 0.00055552 0.667505 0.0977441
0.060141 0.0216716 0.205695 0.039025 0.632706 0.0407617
0.0192818 9.9991E-05 0.259458 0.0809143 0.399792 0.240455
0.0541005 0.155753 0.121438 9.9991E-05 0.633677 0.0349306
0.0355451 0.822729 0.0512828 0.00683313 0.0201089 0.063501
0.0858612 0.77941 0.097005 9.9982E-05 9.9982E-05 0.0375243
0.0150996 0.767947 0.139916 0.0298924 9.9991E-05 0.0470446
0.0419086 0.819696 0.0313489 0.0338974 0.0338492 0.0393001
0.067821 0.812014 0.0297967 0.0287076 0.061561 9.9991E-05
0.0333685 0.88809 0.0245357 0.0109447 0.000916051 0.0421455
0.0488957 0.733988 9.9991E-05 0.0691939 0.0249498 0.122873
0.0326759 0.837896 0.0728294 0.00115249 0.0328914 0.0225544
0.0323279 0.792243 9.9991E-05 0.0332468 0.036034 0.106049
0.105371 0.877782 9.9973E-05 9.9973E-05 9.9973E-05 0.0165463
9.9982E-05 0.897019 0.0735947 0.0112498 9.9982E-05 0.0179364
0.0328842 0.945657 9.9982E-05 0.0118087 0.00945018 9.9982E-05
0.023047 0.795576 0.0650782 0.0116757 9.9991E-05 0.104523
0.0519172 0.878121 0.00524288 0.0238978 0.0407208 9.9991E-05
9.9982E-05 0.895324 0.0398593 9.9982E-05 0.0418607 0.0227564
0.120669 0.87787 9.9973E-05 0.00116087 9.9973E-05 9.9973E-05
0.0194916 0.849337 0.0190048 0.109724 0.00234225 9.9991E-05
0.0935017 0.8222 9.9973E-05 9.9973E-05 9.9973E-05 0.0839982
0.00580056 0.753474 0.0829089 0.0362301 0.033158 0.0884285
0.0544945 0.754828 9.9991E-05 0.0863104 0.0647564 0.0395108
0.135502 0.153155 0.545749 0.0408758 0.0587443 0.0659736
9.9964E-05 9.9964E-05 0.994709 0.00489093 9.9964E-05 9.9964E-05
0.262199 0.055187 0.541792 0.0442534 0.0522822 0.0442866
0.234711 0.098881 0.601232 0.039743 0.0253331 9.9991E-05
0.166973 0.0445922 0.756321 9.9982E-05 9.9982E-05 0.0319137
0.168839 0.0864608 0.645355 0.061354 0.0378918 9.9991E-05
0.893287 9.9973E-05 0.0133135 9.9973E-05 0.0930991 9.9973E-05
0.0505005 9.9964E-05 0.9491 9.9964E-05 9.9964E-05 9.9964E-05
0.240335 0.00953728 0.528838 0.122701 9.9991E-05 0.0984888
0.233873 0.0479578 0.531926 0.0435454 0.141208 0.00148988
0.296589 0.0756947 0.534806 0.0304664 0.0623432 9.9991E-05
0.256015 9.9973E-05 0.642195 9.9973E-05 0.101491 9.9973E-05
0.226533 9.9991E-05 0.625872 0.04707 0.0556753 0.0447493
0.187658 0.0657224 0.711438 0.0349817 9.9982E-05 9.9982E-05
0.263854 0.0943428 0.635903 0.00570013 9.9982E-05 9.9982E-05
0.211549 0.0150426 0.672511 0.018202 0.0825951 9.9991E-05
0.14067 0.0627833 0.594517 0.00616843 0.0883647 0.107497
0.133825 0.371491 0.412068 9.9991E-05 0.0821298 0.000385466
0.13447 0.306053 0.495172 0.0627062 0.00149891 9.9991E-05
0.0729013 0.450372 0.355423 0.121104 9.9982E-05 9.9982E-05
0.831266 0.0209301 0.106013 0.00676296 0.0300076 0.00502038
0.270086 0.209545 0.358449 0.0617557 0.0903975 0.00976636
0.285729 0.185106 0.517108 9.9982E-05 9.9982E-05 0.0118574
0.196206 0.138978 0.543874 0.0548215 0.0660206 9.9991E-05
0.246389 0.0218496 0.62627 0.0634177 0.0286359 0.0134381
0.251389 0.0944284 0.568517 0.0854656 9.9982E-05 9.9982E-05
0.22044 0.213638 0.212651 0.0427251 0.0324917 0.278055
0.140761 0.168284 0.0515525 0.0244046 9.9991E-05 0.614898
9.9982E-05 0.127998 0.630872 9.9982E-05 0.0670172 0.173913
0.18036 0.108507 0.633274 0.0152855 9.9991E-05 0.0624732
0.115648 0.103241 0.627032 0.00640255 9.9991E-05 0.147578
0.102678 0.110515 0.724551 0.0043285 0.00100194 0.0569261
0.664923 9.9973E-05 0.30705 9.9973E-05 0.0277266 9.9973E-05
0.324414 0.118668 0.459224 0.0299101 0.0676846 9.9991E-05
0.230024 0.144067 0.601766 9.9991E-05 0.00180766 0.0222356
0.178799 9.9991E-05 0.483678 0.0970909 0.0391288 0.201203
0.251972 0.0234186 0.417156 0.0890093 0.125418 0.0930258
0.210628 9.9991E-05 0.558729 0.0529599 0.0286471 0.148937
0.0743882 0.00183872 0.687336 0.105039 0.0379133 0.0934843
0.279102 0.036695 0.455829 0.0400393 9.9991E-05 0.188235
0.19363 0.13105 0.5953 0.0798204 9.9982E-05 9.9982E-05
0.215301 0.0591973 0.616392 0.0248626 0.0841473 9.9991E-05
0.250315 0.153047 0.574766 0.0216721 9.9982E-05 9.9982E-05
0.175958 0.0439379 0.637595 0.0579196 0.0831736 0.00141587
0.363772 9.9991E-05 0.480659 0.0118678 0.0153056 0.128295
0.169225 0.0144694 0.735394 0.0219985 0.0176039 0.0413092
0.9995 9.996E-05 9.996E-05 9.996E-05 9.996E-05 9.996E-05
0.213318 0.0411334 0.55332 0.0708004 9.9991E-05 0.121328
0.266888 0.0719496 0.615282 0.0170749 0.0110938 0.0177113
0.209728 0.0593477 0.560764 0.0772287 9.9991E-05 0.092831
0.18295 0.152185 0.588608 0.0383718 9.9991E-05 0.0377856
0.127589 0.0835209 0.710278 0.0518697 9.9991E-05 0.026642
0.145369 0.0803983 0.602673 0.0751669 0.0962933 9.9991E-05
0.9995 9.996E-05 9.996E-05 9.996E-05 9.996E-05 9.996E-05
0.9995 9.996E-05 9.996E-05 9.996E-05 9.996E-05 9.996E-05
0.9995 9.996E-05 9.996E-05 9.996E-05 9.996E-05 9.996E-05
0.243618 9.9982E-05 0.627632 0.0600307 9.9982E-05 0.0685191
0.327051 0.0472174 0.419258 0.0594133 0.0836079 0.0634519
0.248483 0.00595529 0.531857 0.0835471 0.0508816 0.0792762
0.242014 0.0964017 0.596312 0.0444572 0.0207151 9.9991E-05
0.201337 0.116177 0.594909 0.0213734 0.0661033 9.9991E-05
0.600563 0.00671404 0.29078 0.0291085 9.9991E-05 0.0727343
0.239224 0.117102 0.478719 0.0948502 0.018388 0.0517169
9.9973E-05 9.9973E-05 0.715052 9.9973E-05 0.147721 0.136927
0.0779437 0.0197092 0.606123 9.9991E-05 0.111185 0.184939
0.0787339 0.0356897 0.539334 9.9991E-05 0.247914 0.0982286
0.00526549 9.9991E-05 0.652415 0.0215936 0.163081 0.157545
0.149662 0.00517063 0.495776 9.9991E-05 0.157312 0.19198
0.0668415 9.9982E-05 0.526012 9.9982E-05 0.192646 0.214301
0.00386264 0.0743602 0.524703 0.0376086 0.178527 0.180939
0.0165507 9.9991E-05 0.625096 0.0557961 0.212949 0.0895082
0.0281771 0.127318 0.500246 9.9991E-05 0.197302 0.146858
0.090942 0.0646778 0.497427 0.0316299 0.190686 0.124637
0.0166488 0.0602374 0.602282 0.0129861 0.224929 0.082916
0.0434015 0.0652532 9.9991E-05 0.0340104 0.0481008 0.809134
9.9991E-05 0.0774599 0.0755892 0.0157434 0.0469344 0.784173
9.9991E-05 0.0762025 0.0626352 0.0505793 0.0658472 0.744636
9.9982E-05 0.187985 9.9982E-05 0.04367 0.0349988 0.733147
0.0681222 0.117817 9.9991E-05 0.0127002 0.0603583 0.740902
0.0246761 9.9991E-05 0.113425 0.0208323 0.0515183 0.789448
0.0401101 0.129675 9.9991E-05 0.0132121 0.0720798 0.744823
9.9982E-05 0.0184466 0.0622611 9.9982E-05 0.0615572 0.857535
0.138093 0.0897335 0.0940135 0.0581224 0.0538227 0.566215
9.9982E-05 0.265198 9.9982E-05 0.00324059 0.00982574 0.721536
9.9982E-05 0.110968 9.9982E-05 0.0358602 0.065928 0.787044
9.9973E-05 0.164058 9.9973E-05 0.0869778 9.9973E-05 0.748665
9.9991E-05 0.191523 0.0930795 0.041659 0.0644451 0.609193
0.0699574 0.134528 0.13231 9.9982E-05 9.9982E-05 0.663004
0.120106 9.9991E-05 0.0359804 0.0656099 0.0706118 0.707592
9.9973E-05 9.9973E-05 0.11424 0.106256 9.9973E-05 0.779204
0.0235118 0.0978515 0.0474141 9.9991E-05 0.00461865 0.826504
0.036046 0.074681 0.0626169 0.0575825 9.9991E-05 0.768974
0.0557012 0.0338015 9.9991E-05 0.0302126 0.0520071 0.828178
0.0990795 0.0546411 9.9991E-05 0.0170062 0.0641487 0.765025
0.138258 0.0546337 9.9991E-05 0.0609881 0.116376 0.629645
0.0481339 0.126924 0.021688 9.9991E-05 0.0507319 0.752422
0.107946 0.0138636 9.9991E-05 0.0184281 0.0266663 0.832996
0.0145731 0.0249925 0.132189 0.0172695 9.9991E-05 0.810876
0.0581986 9.9991E-05 0.0208666 0.073185 0.0881858 0.759464
0.000321603 9.9991E-05 0.167317 0.0311612 0.0728328 0.728267
0.0658579 0.14196 9.9991E-05 0.0175204 0.00626527 0.768296
9.9982E-05 0.0799453 0.111906 0.0713041 9.9982E-05 0.736645
9.9991E-05 0.0764782 0.132966 0.0587439 0.020609 0.711103
0.0364003 0.101455 0.0233354 9.9991E-05 0.0593116 0.779397
0.0189397 0.168484 9.9973E-05 9.9973E-05 9.9973E-05 0.812277
0.0120801 0.188497 0.0334523 0.0620967 0.049478 0.654395
9.9991E-05 0.0809099 0.0712619 0.00234777 0.130157 0.715223
0.0767644 9.9982E-05 0.0378893 9.9982E-05 0.0520705 0.833076
0.0250967 0.00294568 0.0253279 0.0580807 0.051292 0.837257
9.9991E-05 0.680717 0.0328421 0.0543318 0.0342624 0.197747
0.0395492 0.60646 9.9991E-05 0.0686974 0.0757246 0.209469
0.011463 0.575455 0.118951 0.0759267 0.0456456 0.172559
0.00540427 0.576398 0.076962 0.0696457 0.0653779 0.206212
9.9991E-05 0.69905 0.0697477 0.103517 0.04095 0.0866351
0.0535725 0.735936 9.9982E-05 9.9982E-05 0.0746726 0.135619
9.9991E-05 0.791105 0.0562922 0.0142371 0.062043 0.0762226
9.9991E-05 0.532762 0.0668974 0.100883 0.236252 0.0631059
