9.999E-05 9.999E-05 0.9998
0.110885 0.0891644 0.79995
0.0838567 0.0435937 0.87255
0.10213 0.0369195 0.86095
0.0830929 0.0277061 0.889201
0.0782016 9.9991E-05 0.921698
0.007992 9.9991E-05 0.991908
0.053895 0.0344517 0.911653
0.134667 9.9991E-05 0.865233
0.103989 9.9991E-05 0.895911
0.156431 0.0154263 0.828142
0.111737 0.103689 0.784574
0.0795697 0.088403 0.832027
0.216502 0.0189446 0.764553
0.102855 0.0143995 0.882745
0.053522 9.9991E-05 0.946378
9.999E-05 9.999E-05 0.9998
9.999E-05 9.999E-05 0.9998
9.999E-05 9.999E-05 0.9998
9.9991E-05 0.0273967 0.972503
0.749266 0.19952 0.0512136
0.595435 0.393311 0.0112543
0.630897 0.314864 0.0542382
0.666129 0.310219 0.0236519
0.68987 0.285353 0.0247767
0.672336 0.313952 0.0137125
0.696131 0.303769 9.9991E-05
0.763562 0.179977 0.0564606
0.680478 0.319422 9.9991E-05
0.643738 0.354281 0.00198044
0.703697 0.296203 9.9991E-05
0.69834 0.30156 9.9991E-05
0.716261 0.2247 0.059039
0.603739 0.396161 9.9991E-05
0.494825 0.462936 0.0422386
0.532924 0.36784 0.0992355
0.577576 0.406288 0.0161356
0.568343 0.403726 0.0279307
0.504843 0.494004 0.00115324
0.515824 0.440737 0.0434391
0.603349 0.379524 0.0171275
0.528623 0.412783 0.0585937
0.562935 0.373905 0.0631601
0.618488 0.295922 0.0855902
0.570702 0.383944 0.0453542
0.621996 0.267315 0.110689
0.559452 0.440448 9.9991E-05
0.603069 0.378526 0.0184051
0.589178 0.315996 0.0948258
0.631356 0.315202 0.0534416
0.575607 0.363495 0.0608985
0.652163 0.316331 0.031506
0.574476 0.372123 0.0534007
0.530092 0.354995 0.114914
0.59634 0.336233 0.0674269
0.559506 0.38133 0.0591637
0.604291 0.291891 0.103818
0.215661 0.734402 0.049937
9.9991E-05 0.935931 0.0639693
0.12026 0.847472 0.0322685
0.0304155 0.901369 0.0682159
0.0456593 0.954241 9.9991E-05
0.10762 0.869097 0.0232833
0.00914414 0.964248 0.0266075
0.0480235 0.951877 9.9991E-05
0.061899 0.773631 0.16447
0.145508 0.784497 0.0699952
0.044309 0.925944 0.0297474
0.0140586 0.946255 0.0396864
0.0784249 0.873718 0.0478573
9.9991E-05 0.932536 0.0673643
0.0473049 0.952595 9.9991E-05
0.0458471 0.934656 0.0194965
0.176448 0.775716 0.0478364
0.268104 0.718928 0.0129675
0.176165 0.74955 0.0742842
0.239174 0.666372 0.0944536
9.999E-05 0.9998 9.999E-05
0.19078 0.731156 0.0780644
0.0950144 0.904886 9.9991E-05
0.133516 0.806858 0.0596261
0.101725 0.832 0.0662751
9.9991E-05 0.867074 0.132826
0.437656 0.500313 0.062031
0.734499 0.222491 0.0430102
0.314973 0.644805 0.040222
0.133599 0.807673 0.0587273
0.235645 0.755066 0.00928992
0.15769 0.779883 0.062427
9.9991E-05 0.992087 0.00781289
0.0954652 0.869643 0.0348918
0.126656 0.873244 9.9991E-05
0.23782 0.646306 0.115874
0.143351 0.746173 0.110476
0.168187 0.790187 0.0416253
0.142584 0.740547 0.116869
0.197233 0.728289 0.0744774
0.043302 0.860373 0.0963252
0.0614098 0.900296 0.0382939
0.0236205 0.899026 0.0773539
0.1238 0.827665 0.0485354
0.1455 0.831931 0.0225692
0.0804612 0.919439 9.9991E-05
9.999E-05 0.9998 9.999E-05
0.123643 0.80922 0.0671371
0.0555919 0.892523 0.0518853
0.149107 0.763845 0.0870482
0.134585 0.832508 0.0329071
0.0229165 0.923981 0.0531022
0.0844969 0.851989 0.0635141
9.9991E-05 0.993683 0.00621653
9.999E-05 0.9998 9.999E-05
0.000699841 0.977567 0.0217334
0.0541565 0.847893 0.0979504
0.133613 0.814574 0.0518129
0.100874 0.808655 0.0904704
9.9991E-05 0.927954 0.0719459
0.0563233 0.899721 0.0439554
0.00778088 0.907063 0.0851561
0.146664 0.753588 0.0997478
0.276679 0.690988 0.0323327
0.318166 0.681734 9.9991E-05
0.287302 0.712598 9.9991E-05
0.290195 0.668397 0.0414085
0.388732 0.607484 0.00378396
0.402959 0.596941 9.9991E-05
0.413668 0.553941 0.0323911
0.250942 0.667696 0.0813624
0.406862 0.564425 0.0287132
0.296068 0.691369 0.0125626
0.331626 0.64681 0.0215641
0.939087 0.0461921 0.0147212
0.928213 0.0060749 0.0657119
0.891216 0.0452581 0.0635261
0.92595 9.9991E-05 0.0739499
0.91174 0.0524701 0.0357894
0.905628 0.0380144 0.0563577
0.9998 9.999E-05 9.999E-05
0.975182 0.0138701 0.0109482
0.701446 0.21427 0.0842843
0.94998 9.9991E-05 0.0499203
0.965735 9.9991E-05 0.0341648
0.911316 9.9991E-05 0.0885842
0.8508 0.104322 0.0448777
0.714532 0.239518 0.0459497
0.823322 0.0667725 0.109905
0.826932 0.0574129 0.115655
0.969493 0.0279644 0.00254215
0.892936 0.015807 0.0912574
0.928892 9.9991E-05 0.0710083
0.893909 0.060976 0.0451154
0.824001 0.0662495 0.109749
0.949759 0.0501408 9.9991E-05
0.870306 0.0708777 0.0588163
0.931477 0.0215625 0.0469603
0.841712 0.0857071 0.0725809
0.874083 0.0698011 0.0561159
0.925857 9.9991E-05 0.0740434
0.797914 0.0783572 0.123729
0.818091 0.0712674 0.110641
0.960883 0.039017 9.9991E-05
0.98062 0.01928 9.9991E-05
0.869883 0.0256799 0.104438
0.939787 0.0419784 0.0182346
0.9135 0.0570422 0.0294583
0.913096 0.0315197 0.0553844
0.700632 0.219867 0.079501
0.628304 0.274991 0.0967046
0.579947 0.296598 0.123455
0.659323 0.228203 0.112475
0.576148 0.303249 0.120602
0.722173 0.277727 9.9991E-05
0.65337 0.294605 0.0520252
0.623698 0.26803 0.108272
