0.731908 9.9991E-05 0.184183 0.0838088
0.970568 9.9982E-05 9.9982E-05 0.0292322
0.506903 9.9982E-05 0.492897 9.9982E-05
0.722988 0.185537 0.0913745 9.9991E-05
9.9982E-05 9.9982E-05 0.645008 0.354792
0.0110768 0.922965 0.0658586 9.9991E-05
0.0344211 0.014551 0.819213 0.131815
0.979308 9.9982E-05 9.9982E-05 0.020492
9.9982E-05 0.688774 9.9982E-05 0.311027
9.9982E-05 9.9982E-05 0.863699 0.136101
9.99821E-05 9.99821E-05 0.986858 0.0129418
0.953027 0.0467732 9.9982E-05 9.9982E-05
9.999E-05 0.138714 0.535918 0.325268
0.0755832 0.0343222 0.889995 9.9991E-05
9.99821E-05 9.99821E-05 0.482818 0.516982
0.0658776 9.9991E-05 0.0642019 0.86982
0.930932 0.0688682 9.9982E-05 9.9982E-05
9.9991E-05 0.250292 0.26164 0.487967
0.0840599 0.91574 9.9982E-05 9.9982E-05
9.99821E-05 0.0210264 9.99821E-05 0.978774
9.9982E-05 0.145498 9.9982E-05 0.854302
0.175961 0.459946 9.9991E-05 0.363993
0.000927503 9.9991E-05 0.0427076 0.956265
0.656107 9.9991E-05 0.14645 0.197343
0.116705 0.10676 0.776434 9.9991E-05
9.9982E-05 9.9982E-05 0.335204 0.664596
0.781153 0.0175631 0.201183 9.9991E-05
9.9991E-05 0.65951 0.26402 0.0763694
0.958291 9.99821E-05 9.99821E-05 0.0415092
0.413148 0.586652 9.99821E-05 9.99821E-05
0.028624 9.9982E-05 0.971176 9.9982E-05
9.998E-05 9.998E-05 0.9997 9.998E-05
9.9982E-05 9.9982E-05 0.971775 0.0280253
9.9982E-05 0.939407 0.0603929 9.9982E-05
0.834943 0.13375 0.0312073 9.9991E-05
9.9982E-05 0.162649 9.9982E-05 0.837151
9.9982E-05 0.88856 9.9982E-05 0.11124
9.9982E-05 0.9478 0.0520001 9.9982E-05
0.113452 0.108762 0.718914 0.0588717
0.10825 0.838 0.0536498 9.9991E-05
0.27355 0.72625 9.9982E-05 9.9982E-05
0.891686 0.108114 9.9982E-05 9.9982E-05
0.00726876 9.9982E-05 9.9982E-05 0.992531
0.0782977 9.9982E-05 0.921502 9.9982E-05
9.99821E-05 9.99821E-05 0.326499 0.673301
0.9997 9.998E-05 9.998E-05 9.998E-05
9.9982E-05 0.331174 9.9982E-05 0.668626
9.99821E-05 0.94521 9.99821E-05 0.0545904
0.071398 9.9991E-05 0.163719 0.764783
9.9982E-05 0.339925 9.9982E-05 0.659875
