9.991E-05 9.991E-05 0.00407581 9.991E-05 9.991E-05 0.00164414 0.0344504 9.991E-05 9.991E-05 9.991E-05 0.00136374 9.991E-05 9.991E-05 9.991E-05 0.917603 0.0398641
0.0821381 0.0491327 0.00467789 9.9919E-05 9.9919E-05 0.00456854 9.9919E-05 9.9919E-05 9.9919E-05 9.9919E-05 9.9919E-05 0.0940734 9.9919E-05 9.9919E-05 0.682497 0.0820128
9.9919E-05 0.0650039 0.0195428 9.9919E-05 0.0482219 0.00736395 9.9919E-05 9.9919E-05 9.9919E-05 9.9919E-05 9.9919E-05 9.9919E-05 0.038244 9.9919E-05 0.748975 0.0717488
9.9919E-05 0.0456677 9.9919E-05 9.9919E-05 0.0615198 0.0140337 9.9919E-05 9.9919E-05 9.9919E-05 0.00111078 9.9919E-05 9.9919E-05 0.0789146 9.9919E-05 0.759014 0.0388402
0.0798943 9.9928E-05 9.9928E-05 9.9928E-05 9.9928E-05 0.00956579 9.9928E-05 0.0128996 9.9928E-05 0.00921821 9.9928E-05 0.0052465 0.0942516 0.0287274 0.759397 9.9928E-05
0.00783733 0.0763859 9.9928E-05 0.00966741 0.00589014 9.9928E-05 9.9928E-05 9.9928E-05 9.9928E-05 0.0171438 0.0143867 9.9928E-05 0.0355164 9.9928E-05 0.832373 9.9928E-05
0.0273053 9.9919E-05 9.9919E-05 0.0368323 9.9919E-05 9.9919E-05 9.9919E-05 0.0370143 0.00949791 9.9919E-05 0.00289623 9.9919E-05 0.0440918 9.9919E-05 0.841463 9.9919E-05
0.00076326 0.0523856 0.0224754 0.00692103 9.9946E-05 0.00712769 9.9946E-05 9.9946E-05 0.00601991 9.9946E-05 0.00286643 0.106545 0.0319687 9.9946E-05 0.762328 9.9946E-05
0.0087084 0.0625676 9.9919E-05 9.9919E-05 9.9919E-05 0.00807859 9.9919E-05 9.9919E-05 0.0443344 9.9919E-05 0.011184 9.9919E-05 0.106962 9.9919E-05 0.757266 9.9919E-05
9.9928E-05 0.0658218 0.00957675 0.0412453 0.0148048 9.9928E-05 9.9928E-05 0.0335138 0.0758558 0.0103817 9.9928E-05 9.9928E-05 9.9928E-05 9.9928E-05 0.748001 9.9928E-05
9.9946E-05 0.101615 0.014927 0.00342442 0.0117222 9.9946E-05 9.9946E-05 0.0186292 9.9946E-05 0.00943775 0.0203686 0.0380413 9.9946E-05 9.9946E-05 0.705821 0.0754133
9.991E-05 0.0682733 9.991E-05 9.991E-05 0.0582786 0.0203554 9.991E-05 9.991E-05 9.991E-05 0.00260272 9.991E-05 9.991E-05 9.991E-05 9.991E-05 0.732931 0.11656
9.99281E-05 0.0878807 9.99281E-05 9.99281E-05 0.00965271 9.99281E-05 0.00771451 9.99281E-05 9.99281E-05 0.00653091 0.0640432 9.99281E-05 0.0791961 9.99281E-05 0.734793 0.00938911
0.141285 9.9928E-05 0.0354173 9.9928E-05 9.9928E-05 9.9928E-05 0.0697743 0.0240903 9.9928E-05 9.9928E-05 0.0172381 0.0237598 9.9928E-05 9.9928E-05 0.641141 0.0464945
9.9928E-05 9.9928E-05 9.9928E-05 9.9928E-05 0.0851601 0.00411432 9.9928E-05 0.0249033 0.0255474 9.9928E-05 9.9928E-05 0.0369875 9.9928E-05 0.0677423 0.750648 0.00409773
0.102298 9.991E-05 0.00905537 9.991E-05 9.991E-05 9.991E-05 9.991E-05 9.991E-05 9.991E-05 0.00561885 0.0174939 0.0381669 9.991E-05 9.991E-05 0.826368 9.991E-05
9.99011E-05 9.99011E-05 9.99011E-05 0.0129158 9.99011E-05 9.99011E-05 0.00687754 9.99011E-05 9.99011E-05 0.0171209 9.99011E-05 0.0544378 9.99011E-05 9.99011E-05 0.907549 9.99011E-05
9.98831E-05 9.98831E-05 9.98831E-05 9.98831E-05 9.98831E-05 9.98831E-05 0.0159823 9.98831E-05 9.98831E-05 9.98831E-05 9.98831E-05 9.98831E-05 9.98831E-05 0.0797039 0.903015 9.98831E-05
9.99101E-05 9.99101E-05 9.99101E-05 9.99101E-05 9.99101E-05 0.000945784 0.0448456 9.99101E-05 9.99101E-05 9.99101E-05 0.0283556 0.000142373 9.99101E-05 0.028185 0.896527 9.99101E-05
9.9901E-05 9.9901E-05 9.9901E-05 9.9901E-05 0.0359596 9.9901E-05 9.9901E-05 9.9901E-05 9.9901E-05 0.0317727 9.9901E-05 0.0254079 9.9901E-05 9.9901E-05 0.856181 0.0495797
9.9865E-05 9.9865E-05 0.998502 9.9865E-05 9.9865E-05 9.9865E-05 9.9865E-05 9.9865E-05 9.9865E-05 9.9865E-05 9.9865E-05 9.9865E-05 9.9865E-05 9.9865E-05 9.9865E-05 9.9865E-05
9.9901E-05 9.9901E-05 9.9901E-05 9.9901E-05 9.9901E-05 0.0163242 9.9901E-05 0.845923 0.0274503 9.9901E-05 0.00811193 9.9901E-05 9.9901E-05 9.9901E-05 9.9901E-05 0.101091
9.9892E-05 9.9892E-05 9.9892E-05 0.00260704 9.9892E-05 9.9892E-05 9.9892E-05 0.922287 9.9892E-05 9.9892E-05 9.9892E-05 0.0657217 9.9892E-05 9.9892E-05 0.00818513 9.9892E-05
9.9874E-05 9.9874E-05 9.9874E-05 9.9874E-05 9.9874E-05 9.9874E-05 9.9874E-05 0.96062 9.9874E-05 0.0379814 9.9874E-05 9.9874E-05 9.9874E-05 9.9874E-05 9.9874E-05 9.9874E-05
9.9883E-05 9.9883E-05 0.00625694 9.9883E-05 0.0627478 9.9883E-05 9.9883E-05 0.929697 9.9883E-05 9.9883E-05 9.9883E-05 9.9883E-05 9.9883E-05 9.9883E-05 9.9883E-05 9.9883E-05
9.9883E-05 9.9883E-05 9.9883E-05 9.9883E-05 0.121038 9.9883E-05 9.9883E-05 0.865943 9.9883E-05 0.0117213 9.9883E-05 9.9883E-05 9.9883E-05 9.9883E-05 9.9883E-05 9.9883E-05
0.000226992 9.9892E-05 9.9892E-05 9.9892E-05 9.9892E-05 0.00933923 9.9892E-05 0.912526 9.9892E-05 9.9892E-05 9.9892E-05 9.9892E-05 9.9892E-05 0.0767094 9.9892E-05 9.9892E-05
9.9874E-05 9.9874E-05 0.993223 9.9874E-05 0.00537842 9.9874E-05 9.9874E-05 9.9874E-05 9.9874E-05 9.9874E-05 9.9874E-05 9.9874E-05 9.9874E-05 9.9874E-05 9.9874E-05 9.9874E-05
9.9901E-05 9.9901E-05 0.00525978 0.0176074 0.911242 9.9901E-05 9.9901E-05 0.0471686 9.9901E-05 9.9901E-05 9.9901E-05 9.9901E-05 0.0176237 9.9901E-05 9.9901E-05 9.9901E-05
9.9901E-05 0.0464986 9.9901E-05 9.9901E-05 0.888236 9.9901E-05 0.0177603 9.9901E-05 9.9901E-05 9.9901E-05 0.0138886 9.9901E-05 9.9901E-05 0.0325178 9.9901E-05 9.9901E-05
9.9865E-05 9.9865E-05 9.9865E-05 9.9865E-05 0.998502 9.9865E-05 9.9865E-05 9.9865E-05 9.9865E-05 9.9865E-05 9.9865E-05 9.9865E-05 9.9865E-05 9.9865E-05 9.9865E-05 9.9865E-05
0.00891712 9.9928E-05 0.0471133 9.9928E-05 0.153635 9.9928E-05 0.105868 0.581734 9.9928E-05 0.0243321 0.00591941 9.9928E-05 0.0716815 9.9928E-05 9.9928E-05 9.9928E-05
9.9901E-05 9.9901E-05 0.0408838 9.9901E-05 0.873641 9.9901E-05 0.0369872 9.9901E-05 9.9901E-05 9.9901E-05 0.00990597 9.9901E-05 9.9901E-05 9.9901E-05 0.0374829 9.9901E-05
9.99099E-05 9.99099E-05 0.00387468 0.00247177 0.939092 0.0119384 9.99099E-05 9.99099E-05 9.99099E-05 9.99099E-05 0.0398677 0.00175589 9.99099E-05 9.99099E-05 9.99099E-05 9.99099E-05
9.9919E-05 9.9919E-05 9.9919E-05 0.0295555 0.698132 9.9919E-05 9.9919E-05 0.130958 9.9919E-05 9.9919E-05 0.0105361 9.9919E-05 9.9919E-05 0.0816985 0.00585118 0.04237
0.0674245 0.0211873 0.00700121 9.99459E-05 0.321887 0.032871 9.99459E-05 0.175747 0.0379596 9.99459E-05 0.000456788 9.99459E-05 9.99459E-05 9.99459E-05 0.0205736 0.314293
9.99369E-05 9.99369E-05 9.99369E-05 0.00548939 0.374233 0.0140625 0.107743 0.402444 9.99369E-05 0.00257129 0.008385 0.0035031 9.99369E-05 0.0808688 9.99369E-05 9.99369E-05
9.9901E-05 9.9901E-05 0.0165982 9.9901E-05 9.9901E-05 9.9901E-05 0.712854 9.9901E-05 0.0470366 9.9901E-05 9.9901E-05 9.9901E-05 9.9901E-05 0.132354 9.9901E-05 0.0900582
9.99009E-05 9.99009E-05 9.99009E-05 9.99009E-05 9.99009E-05 9.99009E-05 0.615359 9.99009E-05 0.0793919 9.99009E-05 0.0271617 9.99009E-05 0.0852104 9.99009E-05 9.99009E-05 0.191778
9.9928E-05 0.0554498 9.9928E-05 9.9928E-05 0.0762876 0.0149101 0.637468 9.9928E-05 0.000155355 0.00826691 0.0118787 0.194784 9.9928E-05 9.9928E-05 9.9928E-05 9.9928E-05
9.99101E-05 9.99101E-05 9.99101E-05 9.99101E-05 9.99101E-05 0.00705194 0.744679 0.0564828 0.0531877 9.99101E-05 0.00504796 9.99101E-05 9.99101E-05 0.126045 9.99101E-05 0.00660655
0.0527349 0.00884018 0.0135652 0.0139338 9.9955E-05 0.0285869 0.717613 0.00931331 9.9955E-05 9.9955E-05 0.0224378 9.9955E-05 9.9955E-05 0.0589185 0.00612294 0.0674339
0.0215067 0.0294144 0.00438801 0.0107164 0.0313885 9.9928E-05 0.783582 9.9928E-05 9.9928E-05 9.9928E-05 9.9928E-05 0.0753507 0.042854 9.9928E-05 9.9928E-05 9.9928E-05
0.094507 0.305133 0.0128947 0.00783544 9.9964E-05 0.014062 0.408215 0.00544319 0.0172699 9.9964E-05 0.0385829 0.0620787 9.9964E-05 9.9964E-05 0.0173241 0.0162545
0.0201967 9.9919E-05 9.9919E-05 9.9919E-05 0.0610199 0.00544642 0.754642 9.9919E-05 9.9919E-05 9.9919E-05 0.0309083 9.9919E-05 9.9919E-05 0.0899647 9.9919E-05 0.0369223
9.9928E-05 0.0244441 9.9928E-05 0.0185324 0.0503219 9.9928E-05 0.708043 9.9928E-05 0.0584459 9.9928E-05 9.9928E-05 9.9928E-05 0.122566 0.00241136 0.0144359 9.9928E-05
9.991E-05 9.991E-05 9.991E-05 0.0329053 9.991E-05 9.991E-05 0.773669 0.0306509 9.991E-05 0.0235973 0.0235486 0.11463 9.991E-05 9.991E-05 9.991E-05 9.991E-05
9.99201E-05 0.190622 0.00408396 9.99201E-05 9.99201E-05 0.0131583 0.644222 9.99201E-05 0.039366 9.99201E-05 0.018799 0.0534173 9.99201E-05 9.99201E-05 9.99201E-05 0.0355319
9.991E-05 9.991E-05 0.035216 9.991E-05 9.991E-05 0.0142085 0.88803 9.991E-05 9.991E-05 0.0293789 0.0142894 9.991E-05 9.991E-05 9.991E-05 0.0178776 9.991E-05
9.9919E-05 0.381649 0.0121175 9.9919E-05 9.9919E-05 0.0169015 0.417811 9.9919E-05 0.0521584 9.9919E-05 0.0246468 9.9919E-05 9.9919E-05 0.0938165 9.9919E-05 9.9919E-05
9.991E-05 9.991E-05 9.991E-05 9.991E-05 9.991E-05 0.00453697 0.804587 0.0200792 9.991E-05 0.00715879 9.991E-05 9.991E-05 0.0399372 9.991E-05 9.991E-05 0.122702
0.0235129 9.9901E-05 0.00520454 9.9901E-05 9.9901E-05 0.0125424 0.745953 9.9901E-05 9.9901E-05 9.9901E-05 9.9901E-05 0.211688 9.9901E-05 9.9901E-05 9.9901E-05 9.9901E-05
9.99279E-05 9.99279E-05 9.99279E-05 0.0456731 0.0204504 9.99279E-05 0.787183 9.99279E-05 0.0166178 9.99279E-05 0.0316634 0.0564861 0.0393184 9.99279E-05 0.00180792 9.99279E-05
9.99099E-05 9.99099E-05 9.99099E-05 9.99099E-05 0.0443774 9.99099E-05 0.721137 9.99099E-05 9.99099E-05 0.046251 9.99099E-05 9.99099E-05 9.99099E-05 0.0172647 0.0540294 0.115941
0.121796 0.0192818 0.00412233 0.0465216 0.0222464 0.00339224 0.675688 9.9964E-05 9.9964E-05 0.00935981 0.0335445 9.9964E-05 0.0159246 0.0294999 0.0182222 9.9964E-05
9.9946E-05 0.164998 9.9946E-05 9.9946E-05 9.9946E-05 0.0156349 0.514161 0.00750706 0.0750468 0.029364 0.0115519 0.0805332 0.070084 9.9946E-05 9.9946E-05 0.0305199
9.9919E-05 9.9919E-05 0.00238292 0.0339604 0.105911 0.00312529 0.751686 9.9919E-05 9.9919E-05 9.9919E-05 9.9919E-05 9.9919E-05 0.0741659 9.9919E-05 0.0278698 9.9919E-05
0.00165103 9.9919E-05 9.9919E-05 9.9919E-05 9.9919E-05 9.9919E-05 0.163305 0.0631225 9.9919E-05 9.9919E-05 9.9919E-05 0.0686826 0.029589 0.172142 9.9919E-05 0.500609
9.98649E-05 9.98649E-05 9.98649E-05 9.98649E-05 9.98649E-05 0.998502 9.98649E-05 9.98649E-05 9.98649E-05 9.98649E-05 9.98649E-05 9.98649E-05 9.98649E-05 9.98649E-05 9.98649E-05 9.98649E-05
9.9937E-05 0.00493387 9.9937E-05 0.0316138 9.9937E-05 0.00293493 9.9937E-05 0.0507065 0.0675052 9.9937E-05 0.0287052 0.113367 9.9937E-05 0.231117 9.9937E-05 0.468418
9.9964E-05 0.0295234 0.000980566 0.0193848 0.00881882 0.0198742 9.9964E-05 9.9964E-05 0.0013688 0.0173618 0.0177934 0.100259 0.160973 0.137425 9.9964E-05 0.485838
9.9928E-05 0.0157546 9.9928E-05 0.00216635 9.9928E-05 0.0390073 9.9928E-05 9.9928E-05 9.9928E-05 0.00905619 9.9928E-05 0.0935212 0.139822 0.561733 9.9928E-05 0.13814
9.99369E-05 9.99369E-05 9.99369E-05 0.0148593 0.0757554 9.99369E-05 0.0182211 9.99369E-05 0.0369488 0.0152662 9.99369E-05 0.220896 9.99369E-05 0.577652 0.00125994 0.0384408
9.98648E-05 9.98648E-05 9.98648E-05 9.98648E-05 9.98648E-05 9.98648E-05 9.98648E-05 9.98648E-05 9.98648E-05 9.98648E-05 0.998502 9.98648E-05 9.98648E-05 9.98648E-05 9.98648E-05 9.98648E-05
9.98649E-05 9.98649E-05 9.98649E-05 9.98649E-05 9.98649E-05 0.998502 9.98649E-05 9.98649E-05 9.98649E-05 9.98649E-05 9.98649E-05 9.98649E-05 9.98649E-05 9.98649E-05 9.98649E-05 9.98649E-05
9.9946E-05 0.13964 9.9946E-05 0.000542462 9.9946E-05 0.0370134 9.9946E-05 9.9946E-05 0.00376568 0.00957395 0.0309054 0.250228 0.0355032 9.9946E-05 0.0485325 0.443696
9.9937E-05 9.9937E-05 0.00503287 0.0325248 0.142663 9.9937E-05 9.9937E-05 9.9937E-05 0.028072 0.00194584 0.0430085 0.256989 9.9937E-05 0.481342 0.00772236 9.9937E-05
9.9964E-05 0.0352103 0.00387416 0.0401711 0.0301092 0.0260103 9.9964E-05 9.9964E-05 0.0229686 0.0253397 0.0471217 0.162365 0.0690393 0.5282 0.00919108 9.9964E-05
9.9946E-05 9.9946E-05 0.021977 0.0307673 9.9946E-05 0.0205943 9.9946E-05 0.0843317 0.0211683 0.0148203 0.0363527 0.184027 9.9946E-05 0.527775 9.9946E-05 0.0575862
0.0172774 0.0295351 0.0173131 0.049468 0.055137 0.0831675 9.9973E-05 0.00882538 9.9973E-05 0.0207806 0.022884 0.196432 9.9973E-05 0.441197 0.0277915 0.0298916
9.9946E-05 9.9946E-05 9.9946E-05 0.0160622 9.9946E-05 0.0491628 0.0192873 9.9946E-05 9.9946E-05 0.0227487 0.0130081 0.370497 0.0219415 0.4313 0.0226905 0.0327027
9.9928E-05 9.9928E-05 9.9928E-05 0.0206707 0.0252881 0.00104707 0.0286307 9.9928E-05 9.9928E-05 9.9928E-05 0.0703361 0.128123 0.0983745 0.62673 9.9928E-05 9.9928E-05
9.9946E-05 9.9946E-05 0.00276094 0.00277135 9.9946E-05 0.0605578 0.00985372 0.0994289 9.9946E-05 9.9946E-05 0.00895341 0.22647 0.0358742 0.374165 9.9946E-05 0.178565
9.9919E-05 0.0712018 9.9919E-05 0.00203701 0.0537642 0.0350338 9.9919E-05 9.9919E-05 9.9919E-05 0.0279895 9.9919E-05 9.9919E-05 0.349137 9.9919E-05 9.9919E-05 0.459938
9.9964E-05 0.0921384 0.03933 0.002553 0.0226646 0.0242996 0.189945 9.9964E-05 9.9964E-05 0.0568231 0.0400483 0.111187 0.163807 0.233205 9.9964E-05 0.0235979
9.9955E-05 9.9955E-05 9.9955E-05 0.00396318 0.107933 0.00500727 0.14745 9.9955E-05 0.0622553 0.0189193 0.0179144 0.0404985 9.9955E-05 0.556075 0.0278438 0.0116405
9.9928E-05 0.117246 9.9928E-05 9.9928E-05 9.9928E-05 0.0392994 0.234302 9.9928E-05 9.9928E-05 0.00180589 9.9928E-05 0.462446 9.9928E-05 0.0305566 0.0663495 0.0471957
9.98648E-05 9.98648E-05 9.98648E-05 9.98648E-05 9.98648E-05 9.98648E-05 9.98648E-05 9.98648E-05 9.98648E-05 9.98648E-05 0.998502 9.98648E-05 9.98648E-05 9.98648E-05 9.98648E-05 9.98648E-05
0.0614368 9.9973E-05 0.0347255 0.0544783 9.9973E-05 0.0704639 0.135274 0.0253627 9.9973E-05 0.0445095 0.0108189 0.132024 0.0934426 0.151458 0.0123372 0.173369
0.0169966 0.0510685 9.9946E-05 0.0147927 9.9946E-05 0.0383576 0.0658226 9.9946E-05 9.9946E-05 0.0135908 0.101865 0.116412 9.9946E-05 0.500815 9.9946E-05 0.0796792
9.99099E-05 9.99099E-05 0.00582946 0.00851471 9.99099E-05 9.99099E-05 9.99099E-05 0.0629931 9.99099E-05 0.0270104 9.99099E-05 9.99099E-05 9.99099E-05 0.87579 0.0188633 9.99099E-05
9.9955E-05 9.9955E-05 0.00426583 0.030517 0.0502619 0.0128582 9.9955E-05 0.00745478 9.9955E-05 0.00461012 0.0254422 0.311592 9.9955E-05 0.246917 0.0212424 0.284339
9.9946E-05 0.0494123 9.9946E-05 0.0448258 9.9946E-05 0.0118805 0.00888032 9.9946E-05 0.00176152 9.9946E-05 0.0636424 0.10293 9.9946E-05 0.553517 0.0531481 0.109402
0.139019 9.9964E-05 0.0125249 0.0512768 9.9964E-05 0.0227152 0.245768 0.0511495 0.0430113 0.056834 9.9964E-05 0.135854 9.9964E-05 0.0235418 0.00490967 0.212996
9.991E-05 9.991E-05 9.991E-05 9.991E-05 9.991E-05 0.0036709 0.118304 9.991E-05 0.660633 0.0106635 0.0302155 9.991E-05 9.991E-05 9.991E-05 9.991E-05 0.175513
0.0144984 9.9928E-05 9.9928E-05 9.9928E-05 0.140342 0.0558953 0.12902 9.9928E-05 0.109142 9.9928E-05 9.9928E-05 9.9928E-05 0.0777766 0.220051 9.9928E-05 0.252475
0.0487871 9.9874E-05 9.9874E-05 9.9874E-05 9.9874E-05 9.9874E-05 9.9874E-05 9.9874E-05 9.9874E-05 9.9874E-05 9.9874E-05 9.9874E-05 9.9874E-05 0.949815 9.9874E-05 9.9874E-05
0.134 9.98831E-05 9.98831E-05 9.98831E-05 9.98831E-05 9.98831E-05 9.98831E-05 9.98831E-05 9.98831E-05 0.0409094 9.98831E-05 9.98831E-05 9.98831E-05 0.823792 9.98831E-05 9.98831E-05
0.0687835 0.0376009 0.00156157 0.0365354 0.0121848 0.0526835 9.9973E-05 0.023339 9.9973E-05 9.9973E-05 0.00307617 0.0159855 0.0188605 0.664858 0.00557005 0.0586608
9.98739E-05 9.98739E-05 9.98739E-05 0.154012 9.98739E-05 9.98739E-05 9.98739E-05 9.98739E-05 9.98739E-05 9.98739E-05 9.98739E-05 9.98739E-05 9.98739E-05 9.98739E-05 9.98739E-05 0.844589
9.9955E-05 9.9955E-05 0.00420977 0.0191015 9.9955E-05 0.00121538 0.119251 0.0502981 9.9955E-05 0.0247825 0.133836 0.227048 0.0343483 0.127379 9.9955E-05 0.258029
9.98647E-05 9.98647E-05 9.98647E-05 9.98647E-05 9.98647E-05 9.98647E-05 9.98647E-05 9.98647E-05 9.98647E-05 9.98647E-05 9.98647E-05 0.998502 9.98647E-05 9.98647E-05 9.98647E-05 9.98647E-05
0.174105 9.9919E-05 0.0497298 9.9919E-05 0.0282452 0.00658885 9.9919E-05 9.9919E-05 9.9919E-05 0.0211186 9.9919E-05 9.9919E-05 9.9919E-05 0.0315746 9.9919E-05 0.687739
9.9919E-05 0.108359 9.9919E-05 9.9919E-05 0.106822 9.9919E-05 0.0175506 0.0158622 9.9919E-05 0.0182384 0.0222189 9.9919E-05 9.9919E-05 9.9919E-05 9.9919E-05 0.71005
0.0930962 0.0183695 9.9928E-05 9.9928E-05 9.9928E-05 9.9928E-05 9.9928E-05 0.0394514 9.9928E-05 0.026122 0.00939132 0.0814142 9.9928E-05 0.110897 9.9928E-05 0.620459
9.9928E-05 9.9928E-05 0.0105863 9.9928E-05 0.108643 0.0525743 9.9928E-05 9.9928E-05 0.0439448 9.9928E-05 0.0428919 9.9928E-05 9.9928E-05 0.184537 0.030894 0.525128
9.9946E-05 0.0656445 9.9946E-05 9.9946E-05 9.9946E-05 0.00804033 9.9946E-05 9.9946E-05 0.054021 0.0404455 0.0291633 0.102869 0.272124 0.0669057 0.00863178 0.351555
9.9955E-05 0.0778819 9.9955E-05 0.0114447 9.9955E-05 0.0493394 0.00105048 9.9955E-05 9.9955E-05 0.0462473 0.0280722 0.335113 0.0182131 0.266502 0.0299603 0.135676
9.9946E-05 9.9946E-05 9.9946E-05 0.00313158 9.9946E-05 0.00867917 0.0262904 0.0149659 9.9946E-05 0.039777 0.0171774 0.0416183 0.186434 0.542223 9.9946E-05 0.119103
9.9928E-05 0.0959796 9.9928E-05 0.0153934 9.9928E-05 0.0667153 9.9928E-05 9.9928E-05 9.9928E-05 0.066749 9.9928E-05 0.199019 9.9928E-05 0.241045 0.00687901 0.307421
0.0273165 9.9946E-05 0.00513797 0.00159312 0.00906279 9.9946E-05 9.9946E-05 0.0420562 9.9946E-05 9.9946E-05 0.000828879 0.172255 0.00337423 0.345679 9.9946E-05 0.392097
0.054999 9.99189E-05 0.00112458 0.0612643 9.99189E-05 0.0458919 9.99189E-05 0.00403268 9.99189E-05 9.99189E-05 0.0316559 0.800132 9.99189E-05 9.99189E-05 9.99189E-05 9.99189E-05
0.0218477 9.9901E-05 0.0103877 9.9901E-05 9.9901E-05 9.9901E-05 9.9901E-05 9.9901E-05 9.9901E-05 9.9901E-05 0.00987992 9.9901E-05 0.0830197 0.873766 9.9901E-05 9.9901E-05
9.98648E-05 9.98648E-05 9.98648E-05 0.998502 9.98648E-05 9.98648E-05 9.98648E-05 9.98648E-05 9.98648E-05 9.98648E-05 9.98648E-05 9.98648E-05 9.98648E-05 9.98648E-05 9.98648E-05 9.98648E-05
9.9964E-05 9.9964E-05 0.0139059 0.00615112 9.9964E-05 0.0629869 0.0529182 0.0237712 0.0658895 0.0466857 0.00800526 9.9964E-05 0.0637586 0.211973 0.0177018 0.425853
0.0132953 9.9928E-05 9.9928E-05 0.0065132 0.000643071 9.9928E-05 9.9928E-05 0.0259196 9.9928E-05 9.9928E-05 0.0607585 0.0824948 9.9928E-05 0.246121 9.9928E-05 0.563455
9.9937E-05 0.0272169 9.9937E-05 0.0262512 9.9937E-05 0.00148432 9.9937E-05 9.9937E-05 0.0777504 9.9937E-05 0.016287 0.209281 9.9937E-05 0.275254 0.00356144 0.362214
0.030948 0.0241629 0.00129449 9.9919E-05 9.9919E-05 9.9919E-05 0.0458225 9.9919E-05 9.9919E-05 9.9919E-05 0.00426861 9.9919E-05 9.9919E-05 0.867928 9.9919E-05 0.0246759
9.99279E-05 9.99279E-05 9.99279E-05 9.99279E-05 9.99279E-05 0.0018016 0.00879554 9.99279E-05 9.99279E-05 0.0220161 0.00941591 0.135216 0.242039 0.156986 9.99279E-05 0.42293
9.99369E-05 0.00144473 0.0127953 9.99369E-05 0.121318 9.99369E-05 9.99369E-05 9.99369E-05 9.99369E-05 0.0113816 9.99369E-05 0.06518 0.111061 0.40241 0.0229713 0.250738
9.98649E-05 9.98649E-05 9.98649E-05 9.98649E-05 9.98649E-05 9.98649E-05 9.98649E-05 9.98649E-05 9.98649E-05 0.998502 9.98649E-05 9.98649E-05 9.98649E-05 9.98649E-05 9.98649E-05 9.98649E-05
9.98648E-05 9.98648E-05 9.98648E-05 0.998502 9.98648E-05 9.98648E-05 9.98648E-05 9.98648E-05 9.98648E-05 9.98648E-05 9.98648E-05 9.98648E-05 9.98648E-05 9.98648E-05 9.98648E-05 9.98648E-05
9.98649E-05 9.98649E-05 9.98649E-05 9.98649E-05 9.98649E-05 9.98649E-05 9.98649E-05 9.98649E-05 9.98649E-05 0.998502 9.98649E-05 9.98649E-05 9.98649E-05 9.98649E-05 9.98649E-05 9.98649E-05
0.039153 9.9928E-05 0.007951 9.9928E-05 9.9928E-05 0.0382705 9.9928E-05 9.9928E-05 9.9928E-05 0.00127018 0.0376535 0.167808 9.9928E-05 9.9928E-05 0.00611045 0.700984
0.0484557 9.9946E-05 0.00376562 0.00616667 0.131099 0.042049 0.0118283 9.9946E-05 9.9946E-05 0.0525006 0.0412062 0.143487 9.9946E-05 9.9946E-05 9.9946E-05 0.518843
9.9937E-05 9.9937E-05 9.9937E-05 0.00736734 9.9937E-05 0.0405333 9.9937E-05 0.130129 9.9937E-05 0.0174918 9.9937E-05 0.13067 0.101218 0.0755179 0.0216812 0.474692
9.9937E-05 9.9937E-05 0.0217359 0.0231569 9.9937E-05 0.0184214 0.0182618 9.9937E-05 9.9937E-05 0.0429264 9.9937E-05 0.196046 9.9937E-05 0.446325 0.0193427 0.213084
9.98647E-05 9.98647E-05 9.98647E-05 9.98647E-05 9.98647E-05 9.98647E-05 9.98647E-05 9.98647E-05 9.98647E-05 9.98647E-05 9.98647E-05 0.998502 9.98647E-05 9.98647E-05 9.98647E-05 9.98647E-05
9.98739E-05 9.98739E-05 9.98739E-05 0.0905291 9.98739E-05 9.98739E-05 9.98739E-05 9.98739E-05 9.98739E-05 9.98739E-05 9.98739E-05 9.98739E-05 9.98739E-05 9.98739E-05 9.98739E-05 0.908073
9.9964E-05 0.0381502 9.9964E-05 0.0308334 9.9964E-05 0.00830484 0.0126811 0.0573434 0.0509752 0.0302318 9.9964E-05 0.123697 0.0208981 0.118546 0.022079 0.48586
0.00480686 9.9919E-05 0.0164838 9.9919E-05 9.9919E-05 0.0542933 9.9919E-05 0.000540834 9.9919E-05 9.9919E-05 9.9919E-05 0.0635025 0.787648 9.9919E-05 9.9919E-05 0.071825
9.9919E-05 9.9919E-05 9.9919E-05 0.00724168 9.9919E-05 0.00459634 9.9919E-05 9.9919E-05 9.9919E-05 0.00485395 0.0081047 9.9919E-05 0.841091 0.0859784 9.9919E-05 0.0472344
9.9928E-05 9.9928E-05 0.0211841 0.0294838 0.0108258 9.9928E-05 9.9928E-05 9.9928E-05 9.9928E-05 0.0224358 0.00473851 9.9928E-05 0.868733 0.0304174 9.9928E-05 0.0113818
9.991E-05 0.00335916 9.991E-05 9.991E-05 9.991E-05 9.991E-05 9.991E-05 9.991E-05 9.991E-05 9.991E-05 0.00258833 0.0313505 0.868192 9.991E-05 0.000476919 0.0930335
9.9937E-05 9.9937E-05 0.0078763 0.0393699 0.117348 9.9937E-05 0.0743863 9.9937E-05 0.0164654 0.018163 0.00212623 9.9937E-05 0.68461 9.9937E-05 9.9937E-05 0.0389551
0.031176 9.991E-05 9.991E-05 9.991E-05 0.0109703 0.0166542 9.991E-05 0.0691677 9.991E-05 9.991E-05 0.00221045 9.991E-05 0.868822 9.991E-05 9.991E-05 9.991E-05
9.9874E-05 9.9874E-05 9.9874E-05 9.9874E-05 9.9874E-05 9.9874E-05 9.9874E-05 9.9874E-05 0.0237922 9.9874E-05 9.9874E-05 9.9874E-05 0.97481 9.9874E-05 9.9874E-05 9.9874E-05
9.9928E-05 0.000280683 9.9928E-05 0.0066096 0.0258374 9.9928E-05 9.9928E-05 0.0118824 9.9928E-05 9.9928E-05 9.9928E-05 0.0118619 0.844011 0.0466714 0.052046 9.9928E-05
9.9928E-05 0.0745249 0.00290248 0.0082629 0.114882 0.00883798 0.0214098 9.9928E-05 9.9928E-05 0.0155508 9.9928E-05 9.9928E-05 0.752829 9.9928E-05 9.9928E-05 9.9928E-05
0.0552 9.9928E-05 0.0344244 0.0379351 9.9928E-05 0.0144745 9.9928E-05 9.9928E-05 9.9928E-05 0.00330769 9.9928E-05 0.101057 0.693434 9.9928E-05 9.9928E-05 0.0593677
9.994E-05 9.994E-05 0.000732957 9.994E-05 0.0588411 0.0148203 0.0307151 0.0645493 0.000526931 0.00777498 9.994E-05 9.994E-05 0.732406 0.0551246 9.994E-05 0.0339092
0.737014 9.9919E-05 9.9919E-05 0.0124148 9.9919E-05 0.00918327 0.0391304 0.0915444 9.9919E-05 0.0305661 9.9919E-05 9.9919E-05 0.0792475 9.9919E-05 9.9919E-05 9.9919E-05
0.557979 9.9946E-05 0.00819151 0.0237488 9.9946E-05 0.00847046 0.0306711 0.0301276 0.17297 9.9946E-05 0.0120453 9.9946E-05 0.152979 9.9946E-05 0.00221758 9.9946E-05
0.63152 0.0673721 0.0139227 0.0114525 9.9955E-05 0.00800544 0.0454901 0.0475823 0.0588162 0.00530941 9.9955E-05 9.9955E-05 9.9955E-05 0.108991 0.00103806 9.9955E-05
0.582712 9.9919E-05 0.0112612 9.9919E-05 9.9919E-05 9.9919E-05 0.110275 9.9919E-05 0.15698 0.00113051 9.9919E-05 9.9919E-05 9.9919E-05 0.0977339 0.0390073 9.9919E-05
0.572189 9.991E-05 0.0398043 9.991E-05 9.991E-05 9.991E-05 0.108128 9.991E-05 0.119378 9.991E-05 0.0602278 9.991E-05 9.991E-05 9.991E-05 9.991E-05 0.0992745
0.489992 0.0363639 9.9928E-05 9.9928E-05 0.0550145 9.9928E-05 9.9928E-05 9.9928E-05 0.219818 0.0006863 9.9928E-05 0.127723 0.0540068 9.9928E-05 0.0155961 9.9928E-05
0.556287 0.0912245 9.991E-05 0.0656098 0.10785 9.991E-05 9.991E-05 9.991E-05 0.174102 0.00392872 9.991E-05 9.991E-05 9.991E-05 9.991E-05 9.991E-05 9.991E-05
0.814171 9.98921E-05 0.0233734 0.00701874 9.98921E-05 9.98921E-05 9.98921E-05 9.98921E-05 9.98921E-05 9.98921E-05 9.98921E-05 9.98921E-05 9.98921E-05 0.154238 9.98921E-05 9.98921E-05
0.619764 0.0536326 0.0123624 0.00700058 9.99459E-05 0.0060363 9.99459E-05 0.0301451 9.99459E-05 0.0701057 9.99459E-05 9.99459E-05 9.99459E-05 0.0411548 0.0232502 0.135948
0.652586 9.9919E-05 9.9919E-05 0.011723 0.0231257 9.9919E-05 0.187766 9.9919E-05 9.9919E-05 9.9919E-05 9.9919E-05 9.9919E-05 0.0853526 0.0330088 0.00553884 9.9919E-05
0.781509 0.00665815 0.0212035 9.9937E-05 9.9937E-05 0.03091 0.0750018 0.0117064 9.9937E-05 0.0152145 0.0334334 9.9937E-05 0.0236633 9.9937E-05 9.9937E-05 9.9937E-05
0.247838 9.9928E-05 0.00343243 9.9928E-05 9.9928E-05 0.0257058 0.169669 0.0193142 0.479794 9.9928E-05 9.9928E-05 0.0405361 9.9928E-05 9.9928E-05 0.0129104 9.9928E-05
0.448896 9.9973E-05 0.000215199 9.9973E-05 0.0814927 0.0142742 0.0545016 9.9973E-05 0.187968 0.0115442 0.0067556 0.10783 0.0375975 0.00797807 0.0163251 0.0243225
0.332408 9.99189E-05 9.99189E-05 9.99189E-05 9.99189E-05 0.0121619 0.0932398 9.99189E-05 0.222721 9.99189E-05 9.99189E-05 0.13789 0.0365126 9.99189E-05 9.99189E-05 0.164168
9.99009E-05 9.99009E-05 9.99009E-05 9.99009E-05 0.10165 0.0106609 9.99009E-05 0.0053662 0.759185 9.99009E-05 9.99009E-05 9.99009E-05 9.99009E-05 9.99009E-05 9.99009E-05 0.122039
9.991E-05 9.991E-05 0.00669839 9.991E-05 9.991E-05 0.00722536 9.991E-05 9.991E-05 0.821851 9.991E-05 9.991E-05 0.0275666 9.991E-05 9.991E-05 0.0368035 0.0988564
9.9892E-05 9.9892E-05 9.9892E-05 0.0033967 9.9892E-05 0.0130164 9.9892E-05 9.9892E-05 0.972307 9.9892E-05 9.9892E-05 9.9892E-05 0.0100809 9.9892E-05 9.9892E-05 9.9892E-05
0.0297223 9.9901E-05 9.9901E-05 9.9901E-05 9.9901E-05 9.9901E-05 0.00451781 9.9901E-05 0.827695 0.00278221 9.9901E-05 9.9901E-05 9.9901E-05 0.134184 9.9901E-05 9.9901E-05
9.98651E-05 9.98651E-05 9.98651E-05 9.98651E-05 9.98651E-05 9.98651E-05 9.98651E-05 9.98651E-05 0.998502 9.98651E-05 9.98651E-05 9.98651E-05 9.98651E-05 9.98651E-05 9.98651E-05 9.98651E-05
0.119254 0.035641 0.00978656 9.9928E-05 0.0330176 9.9928E-05 9.9928E-05 9.9928E-05 0.660104 9.9928E-05 0.0110152 0.109313 9.9928E-05 9.9928E-05 9.9928E-05 0.0210689
9.991E-05 0.06021 9.991E-05 0.00977816 9.991E-05 9.991E-05 9.991E-05 0.0469196 0.766318 9.991E-05 0.0355117 9.991E-05 9.991E-05 9.991E-05 9.991E-05 0.0802629
0.00538281 9.991E-05 9.991E-05 0.00577765 9.991E-05 9.991E-05 9.991E-05 0.0339485 0.822804 0.00988398 9.991E-05 9.991E-05 9.991E-05 0.121204 9.991E-05 9.991E-05
0.654114 9.99011E-05 9.99011E-05 0.000772399 9.99011E-05 9.99011E-05 9.99011E-05 9.99011E-05 0.0964178 0.0168299 9.99011E-05 9.99011E-05 9.99011E-05 9.99011E-05 9.99011E-05 0.230767
0.687878 0.0450537 9.9919E-05 9.9919E-05 0.123153 9.9919E-05 9.9919E-05 9.9919E-05 0.0310216 9.9919E-05 9.9919E-05 0.00853555 9.9919E-05 9.9919E-05 0.0359406 0.0675186
0.679194 9.9892E-05 9.9892E-05 0.0124633 0.0927922 9.9892E-05 9.9892E-05 9.9892E-05 9.9892E-05 9.9892E-05 9.9892E-05 9.9892E-05 9.9892E-05 9.9892E-05 9.9892E-05 0.214352
0.542748 0.123555 9.9919E-05 9.9919E-05 0.142429 9.9919E-05 9.9919E-05 9.9919E-05 0.0632355 9.9919E-05 9.9919E-05 9.9919E-05 0.0162677 9.9919E-05 0.00544772 0.105417
0.699149 0.0980181 0.0371292 9.9946E-05 9.9946E-05 0.00474113 9.9946E-05 0.0289206 9.9946E-05 0.0238643 0.0212365 9.9946E-05 9.9946E-05 0.0144579 0.0256219 0.046262
0.525118 0.287554 9.99279E-05 9.99279E-05 0.0404004 0.0370939 9.99279E-05 9.99279E-05 0.0181355 9.99279E-05 0.0145151 0.065218 9.99279E-05 9.99279E-05 0.0111652 9.99279E-05
0.552939 0.108694 0.00648892 9.9955E-05 9.9955E-05 0.00716871 9.9955E-05 0.021026 0.0972972 0.011331 0.0296116 9.9955E-05 9.9955E-05 0.0442807 0.020134 0.100529
0.721955 9.9928E-05 9.9928E-05 0.0298809 0.0504243 0.0152553 0.117024 9.9928E-05 9.9928E-05 0.0114388 9.9928E-05 9.9928E-05 9.9928E-05 0.00917396 9.9928E-05 0.0440481
0.761244 0.0651762 9.991E-05 0.0232169 9.991E-05 0.0355747 9.991E-05 9.991E-05 9.991E-05 0.00965931 9.991E-05 0.10413 9.991E-05 9.991E-05 9.991E-05 9.991E-05
0.588856 9.9946E-05 0.00973821 9.9946E-05 0.00771368 9.9946E-05 0.130305 0.0127541 0.0830677 0.00130812 9.9946E-05 0.0174985 9.9946E-05 9.9946E-05 0.0156791 0.132481
0.689326 9.9937E-05 0.00678038 9.9937E-05 0.0434664 0.00174479 0.126536 0.0270867 0.00726081 9.9937E-05 9.9937E-05 9.9937E-05 9.9937E-05 0.0842868 9.9937E-05 0.0128129
0.464428 9.9937E-05 0.0215007 0.036189 0.0490442 0.0376424 9.9937E-05 0.0161264 0.316017 0.00792678 9.9937E-05 9.9937E-05 9.9937E-05 0.0504261 9.9937E-05 9.9937E-05
0.837335 9.9919E-05 0.0408289 0.00196424 9.9919E-05 9.9919E-05 9.9919E-05 9.9919E-05 9.9919E-05 9.9919E-05 0.0261507 0.0685829 9.9919E-05 9.9919E-05 0.0143253 0.00991381
0.0345141 0.844378 0.0103048 9.9919E-05 9.9919E-05 0.0177531 0.0886444 9.9919E-05 9.9919E-05 0.0011058 0.00240079 9.9919E-05 9.9919E-05 9.9919E-05 9.9919E-05 9.9919E-05
9.9892E-05 0.909656 9.9892E-05 0.00206718 9.9892E-05 9.9892E-05 9.9892E-05 0.0280655 9.9892E-05 9.9892E-05 9.9892E-05 9.9892E-05 9.9892E-05 9.9892E-05 9.9892E-05 0.0590131
9.9919E-05 0.818202 0.00108625 9.9919E-05 9.9919E-05 0.00740988 9.9919E-05 9.9919E-05 9.9919E-05 0.00452191 0.00576702 9.9919E-05 9.9919E-05 9.9919E-05 0.0172403 0.144873
0.0523973 0.755548 9.9937E-05 0.000127137 9.9937E-05 0.0136412 9.9937E-05 0.0399061 9.9937E-05 0.000402107 0.0104871 9.9937E-05 9.9937E-05 9.9937E-05 0.0447287 0.0820631
9.9901E-05 0.875751 9.9901E-05 0.00360099 9.9901E-05 9.9901E-05 9.9901E-05 9.9901E-05 9.9901E-05 0.00422503 9.9901E-05 9.9901E-05 9.9901E-05 0.0741026 0.0412219 9.9901E-05
9.9928E-05 0.840565 0.0160781 0.000583107 9.9928E-05 9.9928E-05 0.0806483 0.0059034 9.9928E-05 0.0260759 0.00440865 0.024938 9.9928E-05 9.9928E-05 9.9928E-05 9.9928E-05
9.9865E-05 0.998502 9.9865E-05 9.9865E-05 9.9865E-05 9.9865E-05 9.9865E-05 9.9865E-05 9.9865E-05 9.9865E-05 9.9865E-05 9.9865E-05 9.9865E-05 9.9865E-05 9.9865E-05 9.9865E-05
9.991E-05 0.740463 9.991E-05 9.991E-05 9.991E-05 9.991E-05 0.0427704 0.125892 9.991E-05 9.991E-05 9.991E-05 9.991E-05 0.0100635 0.0382095 0.041602 9.991E-05
