9.98469E-05 9.98469E-05 9.98469E-05 9.98469E-05 9.98469E-05 9.98469E-05 9.98469E-05 9.98469E-05 9.98469E-05 9.98469E-05 9.98469E-05 9.98469E-05 9.98469E-05 9.98469E-05 9.98469E-05 0.998303 9.98469E-05 9.98469E-05
0.0384107 0.0293664 0.667233 9.9946E-05 0.0191508 0.0249951 9.9946E-05 0.0219112 9.9946E-05 9.9946E-05 0.00742565 9.9946E-05 0.0139047 0.0810483 0.0162915 0.028477 9.9946E-05 0.0511864
0.0804228 9.991E-05 0.732884 0.055101 9.991E-05 9.991E-05 9.991E-05 9.991E-05 9.991E-05 0.0196471 0.0120499 9.991E-05 9.991E-05 0.0186336 0.0423615 0.0379005 9.991E-05 9.991E-05
0.0068215 0.0476583 0.762714 9.9919E-05 0.0184732 0.00481569 9.9919E-05 0.13456 9.9919E-05 9.9919E-05 0.00482286 9.9919E-05 9.9919E-05 9.9919E-05 0.011569 0.00766671 9.9919E-05 9.9919E-05
9.9919E-05 0.0572054 0.752297 9.9919E-05 0.0104688 9.9919E-05 0.0497038 9.9919E-05 0.00310091 9.9919E-05 9.9919E-05 0.0250093 9.9919E-05 0.0755412 0.00407083 0.021703 9.9919E-05 9.9919E-05
0.0138553 9.991E-05 0.876826 9.991E-05 9.991E-05 0.0187401 9.991E-05 0.016474 9.991E-05 9.991E-05 9.991E-05 0.0124825 9.991E-05 0.0378557 9.991E-05 9.991E-05 0.00147314 0.0212939
9.98469E-05 9.98469E-05 9.98469E-05 9.98469E-05 9.98469E-05 9.98469E-05 9.98469E-05 9.98469E-05 9.98469E-05 9.98469E-05 9.98469E-05 9.98469E-05 9.98469E-05 9.98469E-05 9.98469E-05 0.998303 9.98469E-05 9.98469E-05
9.99011E-05 9.99011E-05 0.716056 0.148252 9.99011E-05 0.00957723 9.99011E-05 9.99011E-05 0.0187122 9.99011E-05 0.00592415 9.99011E-05 9.99011E-05 9.99011E-05 9.99011E-05 0.0586593 0.0417199 9.99011E-05
9.9928E-05 0.051831 0.739223 9.9928E-05 0.00572158 9.9928E-05 9.9928E-05 0.0488678 0.00485878 0.00820861 9.9928E-05 9.9928E-05 9.9928E-05 0.0578168 0.0304617 0.0290943 0.0231171 9.9928E-05
9.991E-05 9.991E-05 0.789822 9.991E-05 9.991E-05 9.991E-05 9.991E-05 0.00753364 0.00389357 0.0787963 0.0150855 9.991E-05 0.0317294 9.991E-05 9.991E-05 0.0135654 0.0585748 9.991E-05
9.9919E-05 0.0845951 0.743438 9.9919E-05 0.034068 0.000362486 9.9919E-05 0.000120881 0.00222681 9.9919E-05 0.0205803 9.9919E-05 0.0987224 9.9919E-05 9.9919E-05 9.9919E-05 0.0149871 9.9919E-05
9.9892E-05 9.9892E-05 0.669786 9.9892E-05 9.9892E-05 9.9892E-05 9.9892E-05 0.156362 9.9892E-05 0.0586613 9.9892E-05 0.0204681 9.9892E-05 9.9892E-05 0.0262187 0.0673053 9.9892E-05 9.9892E-05
9.98921E-05 9.98921E-05 0.774669 9.98921E-05 9.98921E-05 0.036769 9.98921E-05 0.108329 9.98921E-05 0.0431279 9.98921E-05 9.98921E-05 9.98921E-05 0.0345781 9.98921E-05 0.00132825 9.98921E-05 9.98921E-05
0.111016 9.9928E-05 0.67835 9.9928E-05 9.9928E-05 0.00896182 0.000869226 0.110754 0.00379254 0.00942243 0.0299164 9.9928E-05 0.0338683 9.9928E-05 9.9928E-05 0.0122502 9.9928E-05 9.9928E-05
0.00845034 9.991E-05 0.754217 9.991E-05 0.00110931 9.991E-05 0.0546521 9.991E-05 9.991E-05 0.0998101 9.991E-05 9.991E-05 0.0516716 9.991E-05 9.991E-05 0.0144035 0.0146868 9.991E-05
0.0715946 0.025397 0.848938 0.0421773 9.98921E-05 0.00929313 9.98921E-05 9.98921E-05 9.98921E-05 9.98921E-05 9.98921E-05 0.00140147 9.98921E-05 9.98921E-05 9.98921E-05 9.98921E-05 9.98921E-05 9.98921E-05
9.98831E-05 9.98831E-05 0.875992 9.98831E-05 9.98831E-05 9.98831E-05 9.98831E-05 9.98831E-05 0.00910423 9.98831E-05 9.98831E-05 0.0237261 9.98831E-05 9.98831E-05 9.98831E-05 0.0507172 9.98831E-05 0.0391616
9.9892E-05 9.9892E-05 0.890667 0.0259348 9.9892E-05 9.9892E-05 0.024916 9.9892E-05 9.9892E-05 9.9892E-05 9.9892E-05 0.00219265 9.9892E-05 9.9892E-05 0.000815084 0.0542755 9.9892E-05 9.9892E-05
9.98831E-05 0.00377235 0.849458 9.98831E-05 9.98831E-05 0.00477211 9.98831E-05 9.98831E-05 9.98831E-05 9.98831E-05 9.98831E-05 9.98831E-05 9.98831E-05 9.98831E-05 9.98831E-05 0.0570954 9.98831E-05 0.0836037
9.9901E-05 9.9901E-05 0.908625 9.9901E-05 0.0199471 9.9901E-05 0.000766182 9.9901E-05 0.00894841 9.9901E-05 0.00563364 0.0232006 9.9901E-05 9.9901E-05 9.9901E-05 9.9901E-05 9.9901E-05 0.0317803
9.9847E-05 9.9847E-05 9.9847E-05 9.9847E-05 9.9847E-05 9.9847E-05 9.9847E-05 9.9847E-05 9.9847E-05 9.9847E-05 0.998303 9.9847E-05 9.9847E-05 9.9847E-05 9.9847E-05 9.9847E-05 9.9847E-05 9.9847E-05
9.9901E-05 9.9901E-05 9.9901E-05 9.9901E-05 0.0141711 0.0261334 9.9901E-05 0.17885 9.9901E-05 0.714709 9.9901E-05 9.9901E-05 9.9901E-05 9.9901E-05 0.0383966 0.0175774 0.0090634 9.9901E-05
9.98974E-05 0.00900573 9.98974E-05 0.146286 9.98974E-05 9.98974E-05 9.98974E-05 0.0484006 0.0295501 0.744982 9.98974E-05 9.98974E-05 9.98974E-05 9.98974E-05 9.98974E-05 0.0205775 9.98974E-05 9.98974E-05
9.9883E-05 9.9883E-05 9.9883E-05 0.142866 0.0116757 9.9883E-05 9.9883E-05 9.9883E-05 0.00448564 0.813708 9.9883E-05 0.0259661 9.9883E-05 9.9883E-05 9.9883E-05 9.9883E-05 9.9883E-05 9.9883E-05
9.98562E-05 9.98562E-05 9.98562E-05 9.98562E-05 9.98562E-05 9.98562E-05 9.98562E-05 9.98562E-05 0.00639462 0.992008 9.98562E-05 9.98562E-05 9.98562E-05 9.98562E-05 9.98562E-05 9.98562E-05 9.98562E-05 9.98562E-05
9.9883E-05 9.9883E-05 9.9883E-05 9.9883E-05 9.9883E-05 9.9883E-05 9.9883E-05 0.0050346 0.0149645 0.936244 9.9883E-05 0.0178345 9.9883E-05 9.9883E-05 9.9883E-05 0.0246242 9.9883E-05 9.9883E-05
9.98921E-05 9.98921E-05 9.98921E-05 9.98921E-05 9.98921E-05 9.98921E-05 0.161474 9.98921E-05 9.98921E-05 0.754666 0.0237577 9.98921E-05 9.98921E-05 0.0184606 0.0176743 0.0227692 9.98921E-05 9.98921E-05
9.98649E-05 9.98649E-05 9.98649E-05 9.98649E-05 0.00117577 9.98649E-05 9.98649E-05 9.98649E-05 9.98649E-05 9.98649E-05 0.985337 9.98649E-05 9.98649E-05 9.98649E-05 9.98649E-05 9.98649E-05 0.0119896 9.98649E-05
9.991E-05 0.0829082 9.991E-05 9.991E-05 0.0174453 9.991E-05 9.991E-05 9.991E-05 0.0114405 0.813233 0.015824 9.991E-05 0.0227398 0.0111584 9.991E-05 9.991E-05 9.991E-05 0.0242513
0.0477262 9.9928E-05 0.0128379 9.9928E-05 0.00968122 0.0370328 0.0210382 0.0887696 0.0071526 0.713159 9.9928E-05 9.9928E-05 0.0367067 0.0250969 9.9928E-05 9.9928E-05 9.9928E-05 9.9928E-05
0.0540994 0.0675082 9.99357E-05 0.013921 0.0100624 9.99357E-05 9.99357E-05 0.0097267 9.99357E-05 0.753129 0.0188692 0.0338688 0.0333752 0.00464069 9.99357E-05 9.99357E-05 9.99357E-05 9.99357E-05
9.9901E-05 0.026843 9.9901E-05 9.9901E-05 9.9901E-05 0.0106342 9.9901E-05 9.9901E-05 9.9901E-05 0.732337 0.0360018 0.0237296 9.9901E-05 9.9901E-05 9.9901E-05 0.00162462 9.9901E-05 0.167731
9.991E-05 9.991E-05 9.991E-05 0.0307148 9.991E-05 0.0252724 9.991E-05 9.991E-05 9.991E-05 0.693554 0.0314533 9.991E-05 9.991E-05 0.0778865 9.991E-05 0.026292 0.044898 0.06893
9.991E-05 9.991E-05 9.991E-05 0.0522128 0.0119128 0.0774445 9.991E-05 9.991E-05 0.0247593 0.633818 0.0285663 9.991E-05 9.991E-05 9.991E-05 0.0364216 9.991E-05 0.133865 9.991E-05
0.00567435 9.9937E-05 0.0420755 9.9937E-05 0.0382246 0.0215599 0.089365 9.9937E-05 0.0324183 0.712865 9.9937E-05 0.00623938 0.038362 9.9937E-05 0.00982199 9.9937E-05 0.00269486 9.9937E-05
0.172843 9.99549E-05 0.0129229 9.99549E-05 0.0436951 0.0179544 9.99549E-05 0.147524 9.99549E-05 0.414613 0.0141167 0.00981191 0.0367336 0.0283097 0.0595918 0.0186633 0.0227207 9.99549E-05
9.99097E-05 9.99097E-05 0.0131639 0.0820009 0.011133 9.99097E-05 0.0643736 9.99097E-05 9.99097E-05 0.735129 9.99097E-05 9.99097E-05 0.0614555 9.99097E-05 0.0316454 9.99097E-05 9.99097E-05 9.99097E-05
9.991E-05 9.991E-05 9.991E-05 9.991E-05 0.0207422 9.991E-05 0.265811 0.135955 9.991E-05 9.991E-05 0.00818697 0.000625001 9.991E-05 9.991E-05 0.00473928 9.991E-05 0.00968333 0.553258
0.00351531 9.9919E-05 9.9919E-05 0.0716484 0.00678862 0.0299033 0.809365 0.00855363 9.9919E-05 9.9919E-05 9.9919E-05 9.9919E-05 0.0253369 0.0163995 9.9919E-05 0.0275897 9.9919E-05 9.9919E-05
9.9874E-05 9.9874E-05 0.022477 0.771189 9.9874E-05 9.9874E-05 0.181949 9.9874E-05 9.9874E-05 9.9874E-05 9.9874E-05 9.9874E-05 9.9874E-05 9.9874E-05 0.0229861 9.9874E-05 9.9874E-05 9.9874E-05
9.9892E-05 9.9892E-05 9.9892E-05 9.9892E-05 9.9892E-05 9.9892E-05 0.916064 9.9892E-05 9.9892E-05 0.00360522 9.9892E-05 9.9892E-05 9.9892E-05 9.9892E-05 0.00152695 0.042798 0.00651279 0.0282942
0.0220325 9.9919E-05 9.9919E-05 9.9919E-05 0.0296054 0.0130848 0.733544 0.114704 0.0110246 9.9919E-05 0.0177928 9.9919E-05 9.9919E-05 9.9919E-05 0.0305444 0.0267681 9.9919E-05 9.9919E-05
9.9892E-05 0.00478816 9.9892E-05 9.9892E-05 9.9892E-05 9.9892E-05 0.857763 0.102268 9.9892E-05 9.9892E-05 0.0137144 0.000466364 9.9892E-05 9.9892E-05 9.9892E-05 0.0198012 9.9892E-05 9.9892E-05
9.99279E-05 0.0576166 0.0101204 0.637293 0.0143488 0.0107505 0.0802149 0.173287 9.99279E-05 9.99279E-05 0.00611198 0.00151269 9.99279E-05 9.99279E-05 9.99279E-05 0.00794401 9.99279E-05 9.99279E-05
9.9892E-05 0.0834507 9.9892E-05 0.52277 0.0126747 0.0140478 0.109795 9.9892E-05 9.9892E-05 9.9892E-05 9.9892E-05 9.9892E-05 9.9892E-05 9.9892E-05 9.9892E-05 9.9892E-05 9.9892E-05 0.256063
9.98919E-05 0.086057 9.98919E-05 0.78 0.0168019 9.98919E-05 0.0931518 9.98919E-05 0.00512265 9.98919E-05 9.98919E-05 9.98919E-05 9.98919E-05 9.98919E-05 9.98919E-05 9.98919E-05 9.98919E-05 0.0176678
9.98831E-05 9.98831E-05 9.98831E-05 9.98831E-05 0.0115674 0.00565091 0.96151 9.98831E-05 0.0143437 9.98831E-05 9.98831E-05 0.00562981 9.98831E-05 9.98831E-05 9.98831E-05 9.98831E-05 9.98831E-05 9.98831E-05
9.9847E-05 9.9847E-05 9.9847E-05 9.9847E-05 9.9847E-05 9.9847E-05 9.9847E-05 9.9847E-05 9.9847E-05 9.9847E-05 9.9847E-05 9.9847E-05 9.9847E-05 9.9847E-05 9.9847E-05 9.9847E-05 9.9847E-05 0.998303
9.9865E-05 9.9865E-05 9.9865E-05 0.0194862 9.9865E-05 9.9865E-05 9.9865E-05 9.9865E-05 9.9865E-05 9.9865E-05 0.0121512 9.9865E-05 9.9865E-05 9.9865E-05 9.9865E-05 9.9865E-05 9.9865E-05 0.966865
9.9901E-05 9.9901E-05 9.9901E-05 0.700193 0.016813 0.00994192 9.9901E-05 0.135782 9.9901E-05 9.9901E-05 9.9901E-05 9.9901E-05 9.9901E-05 9.9901E-05 0.0103701 9.9901E-05 0.00668454 0.119117
9.9901E-05 9.9901E-05 9.9901E-05 0.380479 9.9901E-05 9.9901E-05 0.474333 0.0639079 9.9901E-05 9.9901E-05 9.9901E-05 0.00512624 9.9901E-05 9.9901E-05 0.00342541 0.0232853 9.9901E-05 0.0483444
9.9865E-05 9.9865E-05 9.9865E-05 0.859933 9.9865E-05 9.9865E-05 9.9865E-05 9.9865E-05 9.9865E-05 9.9865E-05 9.9865E-05 9.9865E-05 9.9865E-05 9.9865E-05 9.9865E-05 0.0110133 9.9865E-05 0.127555
9.98649E-05 9.98649E-05 9.98649E-05 9.98649E-05 9.98649E-05 0.0177939 9.98649E-05 9.98649E-05 0.0250198 9.98649E-05 9.98649E-05 9.98649E-05 9.98649E-05 9.98649E-05 9.98649E-05 9.98649E-05 9.98649E-05 0.955688
9.98739E-05 9.98739E-05 0.0318779 9.98739E-05 0.0134715 9.98739E-05 9.98739E-05 9.98739E-05 9.98739E-05 9.98739E-05 9.98739E-05 9.98739E-05 9.98739E-05 9.98739E-05 9.98739E-05 0.0268288 9.98739E-05 0.926423
9.99009E-05 0.0733634 0.0198032 0.105605 9.99009E-05 9.99009E-05 0.787608 9.99009E-05 0.00257686 9.99009E-05 0.000133986 0.00981035 9.99009E-05 9.99009E-05 9.99009E-05 9.99009E-05 9.99009E-05 9.99009E-05
9.98469E-05 9.98469E-05 9.98469E-05 0.998303 9.98469E-05 9.98469E-05 9.98469E-05 9.98469E-05 9.98469E-05 9.98469E-05 9.98469E-05 9.98469E-05 9.98469E-05 9.98469E-05 9.98469E-05 9.98469E-05 9.98469E-05 9.98469E-05
9.9874E-05 9.9874E-05 0.0093744 9.9874E-05 9.9874E-05 9.9874E-05 0.978068 9.9874E-05 0.00835891 9.9874E-05 0.00280005 9.9874E-05 9.9874E-05 9.9874E-05 9.9874E-05 9.9874E-05 9.9874E-05 9.9874E-05
0.0233346 9.991E-05 0.00269761 0.233394 9.991E-05 9.991E-05 9.991E-05 0.170173 0.00140215 0.0286045 9.991E-05 0.0173323 0.522063 9.991E-05 9.991E-05 9.991E-05 9.991E-05 9.991E-05
9.98469E-05 9.98469E-05 9.98469E-05 9.98469E-05 9.98469E-05 9.98469E-05 9.98469E-05 9.98469E-05 9.98469E-05 9.98469E-05 9.98469E-05 9.98469E-05 9.98469E-05 9.98469E-05 0.998303 9.98469E-05 9.98469E-05 9.98469E-05
0.0613938 9.991E-05 9.991E-05 9.991E-05 0.00877794 0.0123383 9.991E-05 0.229473 0.0538282 9.991E-05 0.0127061 9.991E-05 0.599546 9.991E-05 9.991E-05 0.0209372 9.991E-05 9.991E-05
9.99201E-05 9.99201E-05 9.99201E-05 9.99201E-05 0.0432577 0.0277275 0.0138898 0.0101416 0.0322884 9.99201E-05 9.99201E-05 9.99201E-05 0.493977 0.159568 0.0105094 0.0332184 9.99201E-05 0.174623
0.02137 0.00580939 9.9919E-05 9.9919E-05 0.0172427 9.9919E-05 0.0937409 0.0345612 9.9919E-05 9.9919E-05 9.9919E-05 0.00615281 0.655876 0.116318 0.048029 9.9919E-05 9.9919E-05 9.9919E-05
9.9928E-05 0.0710539 0.0194557 9.9928E-05 0.00961106 0.0122143 0.270921 9.9928E-05 0.00267554 9.9928E-05 0.00504329 0.00411299 0.588184 9.9928E-05 0.0159283 9.9928E-05 9.9928E-05 9.9928E-05
9.98469E-05 9.98469E-05 9.98469E-05 9.98469E-05 9.98469E-05 0.998303 9.98469E-05 9.98469E-05 9.98469E-05 9.98469E-05 9.98469E-05 9.98469E-05 9.98469E-05 9.98469E-05 9.98469E-05 9.98469E-05 9.98469E-05 9.98469E-05
9.98468E-05 9.98468E-05 9.98468E-05 9.98468E-05 9.98468E-05 9.98468E-05 9.98468E-05 9.98468E-05 9.98468E-05 9.98468E-05 9.98468E-05 9.98468E-05 9.98468E-05 9.98468E-05 0.998303 9.98468E-05 9.98468E-05 9.98468E-05
0.0398205 9.9937E-05 0.079752 9.9937E-05 0.0273415 0.0321147 9.9937E-05 0.27661 0.00539198 9.9937E-05 0.00557349 0.0262137 0.397619 0.0963849 0.0124783 9.9937E-05 9.9937E-05 9.9937E-05
9.9928E-05 9.9928E-05 9.9928E-05 0.01236 9.9928E-05 0.0463357 9.9928E-05 9.9928E-05 0.0263706 0.0603492 0.0320157 0.0184134 0.544367 9.9928E-05 9.9928E-05 0.0149014 0.0661931 0.177894
0.0277633 9.9955E-05 0.0349915 9.9955E-05 9.9955E-05 0.0403524 0.146011 9.9955E-05 0.0430886 0.00622119 0.00513356 0.0217477 0.5248 0.109964 0.0220815 9.9955E-05 0.00217743 0.0151681
9.9928E-05 9.9928E-05 9.9928E-05 0.183355 0.0206316 0.0123482 0.01722 9.9928E-05 0.0378005 0.0683787 0.019417 0.0197014 0.586606 9.9928E-05 0.0337425 9.9928E-05 9.9928E-05 9.9928E-05
0.0273177 9.9937E-05 0.0270623 0.118329 9.9937E-05 0.0287258 9.9937E-05 9.9937E-05 0.0434777 0.073973 0.011668 0.0251955 0.533754 9.9937E-05 0.0994721 0.0103247 9.9937E-05 9.9937E-05
9.9919E-05 0.025333 9.9919E-05 9.9919E-05 9.9919E-05 0.0171745 0.0850642 9.9919E-05 0.0132146 9.9919E-05 9.9919E-05 0.0352745 0.63048 9.9919E-05 0.032607 0.0485135 9.9919E-05 0.111439
9.99227E-05 9.99227E-05 9.99227E-05 9.99227E-05 0.0172208 0.0646256 0.303047 9.99227E-05 0.0015034 9.99227E-05 9.99227E-05 0.0175116 0.466729 0.105041 0.00701624 0.0164061 9.99227E-05 9.99227E-05
9.9937E-05 0.0134274 9.9937E-05 0.168072 0.0402131 0.00234598 0.0335834 9.9937E-05 0.00606811 0.0723162 9.9937E-05 9.9937E-05 0.529439 0.0183603 0.0813208 0.0341541 9.9937E-05 9.9937E-05
0.0692364 9.9919E-05 9.9919E-05 9.9919E-05 0.0660336 9.9919E-05 0.078678 0.0796399 9.9919E-05 9.9919E-05 0.00846428 0.0154947 0.257009 0.365334 0.0592107 9.9919E-05 9.9919E-05 9.9919E-05
9.9928E-05 9.9928E-05 9.9928E-05 0.360168 9.9928E-05 0.0121009 0.079159 9.9928E-05 9.9928E-05 0.00359703 0.0369215 0.0547105 0.176331 0.237123 0.023688 0.0154006 9.9928E-05 9.9928E-05
9.991E-05 9.991E-05 0.0539785 9.991E-05 9.991E-05 0.00743912 0.378407 9.991E-05 9.991E-05 0.00925441 9.991E-05 0.0145955 0.434672 9.991E-05 0.0188284 9.991E-05 0.0818265 9.991E-05
9.9901E-05 9.9901E-05 0.0745527 0.276281 9.9901E-05 9.9901E-05 9.9901E-05 0.0345167 9.9901E-05 9.9901E-05 9.9901E-05 0.0132619 0.264702 9.9901E-05 0.0286441 9.9901E-05 9.9901E-05 0.306943
9.98469E-05 9.98469E-05 9.98469E-05 9.98469E-05 9.98469E-05 0.998303 9.98469E-05 9.98469E-05 9.98469E-05 9.98469E-05 9.98469E-05 9.98469E-05 9.98469E-05 9.98469E-05 9.98469E-05 9.98469E-05 9.98469E-05 9.98469E-05
0.00327315 0.0386801 0.0328699 9.9946E-05 9.9946E-05 0.00099469 9.9946E-05 0.043098 0.0507533 9.9946E-05 0.040033 0.0374952 0.385492 0.0519597 0.0495285 9.9946E-05 9.9946E-05 0.265223
0.0115539 0.0346508 9.9928E-05 9.9928E-05 0.0213292 0.0762464 0.0182501 9.9928E-05 0.0125191 9.9928E-05 9.9928E-05 0.0304728 0.534184 9.9928E-05 0.0263145 9.9928E-05 9.9928E-05 0.23368
9.99189E-05 0.189695 0.0270225 0.143185 0.00211243 9.99189E-05 9.99189E-05 9.99189E-05 0.00195566 9.99189E-05 9.99189E-05 0.0510098 0.552358 9.99189E-05 9.99189E-05 0.0225211 9.99189E-05 0.00924092
9.9928E-05 9.9928E-05 9.9928E-05 0.259126 9.9928E-05 0.0249566 9.9928E-05 9.9928E-05 0.026059 0.0106424 0.00390922 9.9928E-05 0.596753 9.9928E-05 0.0104169 0.0508574 0.0127048 0.00377545
9.9919E-05 0.0652422 0.0556151 9.9919E-05 0.0414567 0.0490926 0.161052 9.9919E-05 0.0200997 9.9919E-05 9.9919E-05 9.9919E-05 0.594275 9.9919E-05 9.9919E-05 0.0119875 9.9919E-05 0.000280545
0.205534 9.9928E-05 0.0348907 0.175116 0.0143144 9.9928E-05 9.9928E-05 9.9928E-05 0.0583804 9.9928E-05 0.0149992 0.0363826 0.190831 9.9928E-05 0.0327857 9.9928E-05 9.9928E-05 0.235966
0.11732 0.141501 9.991E-05 0.288622 0.0257 0.0346501 9.991E-05 9.991E-05 9.991E-05 9.991E-05 9.991E-05 0.0180098 9.991E-05 9.991E-05 0.0175498 9.991E-05 0.355649 9.991E-05
0.200771 9.9919E-05 9.9919E-05 9.9919E-05 9.9919E-05 9.9919E-05 0.102662 9.9919E-05 0.00854391 9.9919E-05 9.9919E-05 9.9919E-05 0.388248 0.0391639 0.0589439 0.0290995 0.0164043 0.155263
9.98829E-05 0.265748 9.98829E-05 9.98829E-05 0.0166499 9.98829E-05 9.98829E-05 9.98829E-05 9.98829E-05 9.98829E-05 9.98829E-05 0.012115 0.584132 9.98829E-05 9.98829E-05 9.98829E-05 9.98829E-05 0.120057
9.991E-05 0.273078 9.991E-05 0.0558514 0.00423481 9.991E-05 9.991E-05 9.991E-05 9.991E-05 9.991E-05 9.991E-05 0.0480993 0.516661 0.0279335 9.991E-05 0.0171731 9.991E-05 0.0559697
0.000202932 0.0665199 9.991E-05 9.991E-05 9.991E-05 9.991E-05 0.269108 9.991E-05 0.0158106 0.0104416 9.991E-05 9.991E-05 0.578091 9.991E-05 0.0561762 9.991E-05 0.00265134 9.991E-05
9.98469E-05 9.98469E-05 9.98469E-05 9.98469E-05 0.998303 9.98469E-05 9.98469E-05 9.98469E-05 9.98469E-05 9.98469E-05 9.98469E-05 9.98469E-05 9.98469E-05 9.98469E-05 9.98469E-05 9.98469E-05 9.98469E-05 9.98469E-05
0.0181897 9.9937E-05 0.00553659 0.163695 9.9937E-05 0.0753388 0.0730185 9.9937E-05 0.00891994 9.9937E-05 0.00295946 0.0160676 0.552678 0.022928 9.9937E-05 9.9937E-05 9.9937E-05 0.0599691
9.9883E-05 9.9883E-05 9.9883E-05 0.47315 9.9883E-05 0.036269 9.9883E-05 9.9883E-05 9.9883E-05 9.9883E-05 9.9883E-05 0.0130621 0.472909 9.9883E-05 9.9883E-05 0.00331156 9.9883E-05 9.9883E-05
0.27509 9.9928E-05 0.0328013 9.9928E-05 0.06071 9.9928E-05 9.9928E-05 0.0353947 0.0103504 9.9928E-05 0.0260257 0.0266115 0.473979 9.9928E-05 0.0178782 0.0403594 9.9928E-05 9.9928E-05
9.991E-05 9.991E-05 9.991E-05 9.991E-05 0.0441587 0.056586 9.991E-05 0.332056 9.991E-05 0.0887648 9.991E-05 0.0392374 0.373617 0.0263198 9.991E-05 0.0382616 9.991E-05 9.991E-05
0.189038 9.9901E-05 9.9901E-05 9.9901E-05 0.032348 0.0207747 9.9901E-05 0.101082 9.9901E-05 9.9901E-05 9.9901E-05 0.0187783 0.570061 9.9901E-05 9.9901E-05 0.066819 9.9901E-05 9.9901E-05
0.0402631 9.9946E-05 0.0218869 0.00980227 0.0375912 0.0589277 9.9946E-05 0.197513 9.9946E-05 0.054737 0.00338384 9.9946E-05 0.457853 0.00261353 0.051129 0.0636996 9.9946E-05 9.9946E-05
9.9964E-05 0.0876357 0.0195749 0.0271506 0.0619224 0.0436303 9.9964E-05 0.0536612 0.00577999 9.9964E-05 9.9964E-05 0.0578863 0.235182 0.227095 0.0336828 0.0103599 0.0678988 0.0681406
0.00957822 9.9937E-05 0.0257563 0.221224 0.012253 0.0245686 0.0365908 9.9937E-05 0.00842601 9.9937E-05 9.9937E-05 0.0333198 0.584795 9.9937E-05 0.0269068 0.0158816 9.9937E-05 9.9937E-05
9.99173E-05 9.99173E-05 9.99173E-05 9.99173E-05 9.99173E-05 0.00117567 0.206548 9.99173E-05 9.99173E-05 0.0650552 9.99173E-05 0.0319811 0.567474 0.108087 0.00657616 0.0121039 9.99173E-05 9.99173E-05
9.9937E-05 0.0469884 0.00867889 0.0229727 0.067508 9.9937E-05 0.0186239 0.148893 0.0130781 9.9937E-05 9.9937E-05 0.0736163 0.528927 9.9937E-05 0.0442239 9.9937E-05 9.9937E-05 0.0257904
0.0516233 9.9946E-05 9.9946E-05 0.0943396 0.00118452 9.9946E-05 9.9946E-05 0.00182663 0.00378968 0.032821 9.9946E-05 0.00687764 0.689848 0.0115695 9.9946E-05 0.0421559 0.0188613 0.0445028
0.0166564 9.9946E-05 0.0158293 0.207304 0.0552495 0.0611885 9.9946E-05 9.9946E-05 0.0602802 9.9946E-05 0.0218425 0.00207902 0.358782 0.0843873 0.0663112 9.9946E-05 0.0494907 9.9946E-05
9.99279E-05 0.160713 9.99279E-05 9.99279E-05 9.99279E-05 0.00518025 9.99279E-05 0.00219101 0.00141792 9.99279E-05 9.99279E-05 0.0123328 0.703752 0.0180727 0.00330008 0.0131391 9.99279E-05 0.0791015
9.9847E-05 9.9847E-05 9.9847E-05 9.9847E-05 9.9847E-05 9.9847E-05 9.9847E-05 9.9847E-05 0.998303 9.9847E-05 9.9847E-05 9.9847E-05 9.9847E-05 9.9847E-05 9.9847E-05 9.9847E-05 9.9847E-05 9.9847E-05
0.101428 9.9946E-05 0.0355065 9.9946E-05 0.0415088 0.02715 9.9946E-05 9.9946E-05 0.011422 9.9946E-05 9.9946E-05 0.0340809 0.351636 0.135382 0.0680408 0.0110728 0.023823 0.15835
0.0066521 0.0223928 0.0129964 0.0843261 0.0312146 0.0416001 0.0784806 0.00220459 0.00758039 0.0125522 0.00486633 9.9955E-05 0.678423 9.9955E-05 9.9955E-05 0.0162106 9.9955E-05 9.9955E-05
9.9901E-05 9.9901E-05 0.0514805 9.9901E-05 0.028966 0.0391711 9.9901E-05 0.18993 0.00927986 9.9901E-05 9.9901E-05 9.9901E-05 0.573203 9.9901E-05 9.9901E-05 9.9901E-05 0.106871 9.9901E-05
9.98829E-05 0.170199 9.98829E-05 9.98829E-05 0.0286615 0.00326456 9.98829E-05 9.98829E-05 9.98829E-05 9.98829E-05 9.98829E-05 9.98829E-05 0.588238 9.98829E-05 9.98829E-05 9.98829E-05 9.98829E-05 0.208339
0.0176837 9.9937E-05 9.9937E-05 0.0601644 0.00759423 0.0217932 0.0628284 9.9937E-05 9.9937E-05 9.9937E-05 9.9937E-05 0.0362975 0.5157 0.173463 0.0134271 0.0307018 9.9937E-05 0.0596468
9.9928E-05 0.144829 0.0316757 9.9928E-05 9.9928E-05 9.9928E-05 9.9928E-05 0.0589389 0.00679173 0.022814 0.0170723 0.0141641 0.645745 9.9928E-05 9.9928E-05 0.00101035 9.9928E-05 0.0561597
9.98469E-05 9.98469E-05 9.98469E-05 9.98469E-05 9.98469E-05 9.98469E-05 9.98469E-05 9.98469E-05 9.98469E-05 9.98469E-05 9.98469E-05 0.998303 9.98469E-05 9.98469E-05 9.98469E-05 9.98469E-05 9.98469E-05 9.98469E-05
9.9847E-05 9.9847E-05 9.9847E-05 9.9847E-05 9.9847E-05 9.9847E-05 9.9847E-05 9.9847E-05 0.998303 9.9847E-05 9.9847E-05 9.9847E-05 9.9847E-05 9.9847E-05 9.9847E-05 9.9847E-05 9.9847E-05 9.9847E-05
9.98469E-05 9.98469E-05 9.98469E-05 9.98469E-05 9.98469E-05 9.98469E-05 9.98469E-05 9.98469E-05 9.98469E-05 9.98469E-05 9.98469E-05 0.998303 9.98469E-05 9.98469E-05 9.98469E-05 9.98469E-05 9.98469E-05 9.98469E-05
0.0555239 9.9919E-05 9.9919E-05 0.0774663 0.0844768 0.0278925 9.9919E-05 0.1444 9.9919E-05 9.9919E-05 0.00554735 9.9919E-05 0.523717 9.9919E-05 0.0442497 0.0358266 9.9919E-05 9.9919E-05
0.157207 9.9937E-05 0.0126429 9.9937E-05 0.0928999 0.0332312 9.9937E-05 0.174182 0.0329844 9.9937E-05 0.0358827 0.0561614 0.341139 9.9937E-05 0.0570274 0.00594273 9.9937E-05 9.9937E-05
9.9928E-05 9.9928E-05 0.0281794 9.9928E-05 0.0444198 9.9928E-05 9.9928E-05 9.9928E-05 0.0153311 0.0541352 0.00229649 9.9928E-05 0.562533 0.0179551 0.0571824 9.9928E-05 0.133587 0.0835802
9.9919E-05 9.9919E-05 0.038916 9.9919E-05 9.9919E-05 9.9919E-05 0.175646 9.9919E-05 0.0304345 9.9919E-05 0.038239 0.056528 0.627716 9.9919E-05 0.0191208 9.9919E-05 0.00928635 0.00321471
9.9901E-05 9.9901E-05 9.9901E-05 0.489421 9.9901E-05 0.0168379 9.9901E-05 9.9901E-05 0.0214924 9.9901E-05 0.0221655 0.00968015 0.420686 9.9901E-05 0.0186178 9.9901E-05 9.9901E-05 9.9901E-05
9.98469E-05 9.98469E-05 9.98469E-05 9.98469E-05 0.998303 9.98469E-05 9.98469E-05 9.98469E-05 9.98469E-05 9.98469E-05 9.98469E-05 9.98469E-05 9.98469E-05 9.98469E-05 9.98469E-05 9.98469E-05 9.98469E-05 9.98469E-05
9.9928E-05 9.9928E-05 9.9928E-05 9.9928E-05 0.0593295 9.9928E-05 9.9928E-05 0.10702 0.031135 0.00647764 0.0125138 0.0284556 0.484868 9.9928E-05 9.9928E-05 0.0404905 0.0982529 0.130658
0.00141348 9.991E-05 9.991E-05 9.991E-05 9.991E-05 9.991E-05 9.991E-05 0.0247103 0.00324424 9.991E-05 0.0205256 9.991E-05 0.0721291 0.798405 0.0689247 9.991E-05 9.991E-05 0.00964813
9.9883E-05 0.0515556 9.9883E-05 9.9883E-05 9.9883E-05 9.9883E-05 9.9883E-05 0.070435 9.9883E-05 9.9883E-05 9.9883E-05 0.0292762 9.9883E-05 0.842039 0.00539557 9.9883E-05 9.9883E-05 9.9883E-05
9.9892E-05 9.9892E-05 9.9892E-05 9.9892E-05 0.0112905 9.9892E-05 0.0424883 9.9892E-05 0.0127936 9.9892E-05 0.0118045 0.0193627 9.9892E-05 0.901062 9.9892E-05 9.9892E-05 9.9892E-05 9.9892E-05
9.98921E-05 9.98921E-05 9.98921E-05 9.98921E-05 0.0195642 0.00880422 9.98921E-05 0.0765541 9.98921E-05 9.98921E-05 0.00151564 9.98921E-05 9.98921E-05 0.882229 9.98921E-05 9.98921E-05 0.0101337 9.98921E-05
0.0292266 9.9901E-05 9.9901E-05 9.9901E-05 9.9901E-05 9.9901E-05 9.9901E-05 9.9901E-05 0.00945107 9.9901E-05 0.0140195 0.0295079 0.0339207 0.744084 9.9901E-05 9.9901E-05 9.9901E-05 0.138691
9.9901E-05 0.0879381 9.9901E-05 9.9901E-05 0.0059352 9.9901E-05 9.9901E-05 9.9901E-05 9.9901E-05 0.0121591 0.00127175 9.9901E-05 9.9901E-05 0.814917 0.0355431 9.9901E-05 9.9901E-05 0.0411367
0.000286784 9.9874E-05 9.9874E-05 9.9874E-05 9.9874E-05 9.9874E-05 0.0436273 9.9874E-05 9.9874E-05 9.9874E-05 9.9874E-05 9.9874E-05 9.9874E-05 0.944921 9.9874E-05 9.9874E-05 0.0097666 9.9874E-05
9.9892E-05 9.9892E-05 0.0106072 0.106931 9.9892E-05 9.9892E-05 9.9892E-05 9.9892E-05 0.0119755 0.0243606 9.9892E-05 9.9892E-05 9.9892E-05 0.829025 9.9892E-05 0.0159021 9.9892E-05 9.9892E-05
9.9928E-05 0.18098 9.9928E-05 0.0550369 9.9928E-05 9.9928E-05 0.00736058 9.9928E-05 0.00448737 9.9928E-05 0.00334333 0.0108068 9.9928E-05 0.713871 0.00152898 0.00317027 9.9928E-05 0.0186152
0.0188506 9.9928E-05 9.9928E-05 0.137746 0.00821618 0.019913 9.9928E-05 9.9928E-05 0.0375098 9.9928E-05 0.0107085 0.00631927 0.0197482 0.728982 9.9928E-05 9.9928E-05 0.011207 9.9928E-05
9.9901E-05 9.9901E-05 9.9901E-05 9.9901E-05 0.012787 9.9901E-05 9.9901E-05 9.9901E-05 9.9901E-05 0.105058 9.9901E-05 0.0069651 0.0388154 0.664143 0.0051178 9.9901E-05 9.9901E-05 0.166015
0.627205 0.128836 9.9937E-05 0.105046 0.0116774 0.00528159 9.9937E-05 9.9937E-05 0.011928 0.04231 9.9937E-05 0.0104903 9.9937E-05 0.0337309 9.9937E-05 0.00253169 0.020263 9.9937E-05
9.98919E-05 0.963765 9.98919E-05 9.98919E-05 9.98919E-05 0.0142109 9.98919E-05 9.98919E-05 0.0075418 9.98919E-05 0.00325837 9.98919E-05 9.98919E-05 9.98919E-05 9.98919E-05 0.00187874 0.00814648 9.98919E-05
0.736889 0.000531631 0.00273847 9.9946E-05 9.9946E-05 9.9946E-05 0.0316027 9.9946E-05 0.0165992 0.0271105 0.00658932 0.00595913 0.0246411 9.9946E-05 0.0198503 9.9946E-05 0.000340911 0.126548
0.768842 9.98651E-05 0.0307783 9.98651E-05 9.98651E-05 9.98651E-05 0.198881 9.98651E-05 9.98651E-05 9.98651E-05 9.98651E-05 9.98651E-05 9.98651E-05 9.98651E-05 9.98651E-05 9.98651E-05 9.98651E-05 9.98651E-05
0.679655 0.0216211 9.9901E-05 0.050976 9.9901E-05 0.0486165 0.104466 9.9901E-05 9.9901E-05 9.9901E-05 0.0362769 9.9901E-05 9.9901E-05 9.9901E-05 9.9901E-05 0.0572897 9.9901E-05 9.9901E-05
0.45336 9.9901E-05 9.9901E-05 0.206132 9.9901E-05 9.9901E-05 9.9901E-05 9.9901E-05 9.9901E-05 9.9901E-05 0.0142989 9.9901E-05 9.9901E-05 0.106429 0.000184975 0.00900368 0.209492 9.9901E-05
0.543621 0.0613307 9.98831E-05 9.98831E-05 9.98831E-05 9.98831E-05 9.98831E-05 9.98831E-05 0.0504127 9.98831E-05 9.98831E-05 9.98831E-05 9.98831E-05 9.98831E-05 9.98831E-05 9.98831E-05 0.111101 0.232237
9.9847E-05 0.998303 9.9847E-05 9.9847E-05 9.9847E-05 9.9847E-05 9.9847E-05 9.9847E-05 9.9847E-05 9.9847E-05 9.9847E-05 9.9847E-05 9.9847E-05 9.9847E-05 9.9847E-05 9.9847E-05 9.9847E-05 9.9847E-05
0.532619 9.99189E-05 9.99189E-05 0.266079 0.0312511 9.99189E-05 9.99189E-05 0.0282576 0.0104449 0.0132341 9.99189E-05 0.0600025 9.99189E-05 9.99189E-05 0.0172781 0.0399346 9.99189E-05 9.99189E-05
9.9847E-05 0.998303 9.9847E-05 9.9847E-05 9.9847E-05 9.9847E-05 9.9847E-05 9.9847E-05 9.9847E-05 9.9847E-05 9.9847E-05 9.9847E-05 9.9847E-05 9.9847E-05 9.9847E-05 9.9847E-05 9.9847E-05 9.9847E-05
0.483857 0.345629 9.9892E-05 9.9892E-05 9.9892E-05 0.0343628 9.9892E-05 9.9892E-05 9.9892E-05 9.9892E-05 0.0150095 9.9892E-05 9.9892E-05 9.9892E-05 0.0233639 9.9892E-05 9.9892E-05 0.0965791
0.0684346 0.216581 0.0449433 9.9901E-05 9.9901E-05 9.9901E-05 9.9901E-05 9.9901E-05 9.9901E-05 0.00195548 9.9901E-05 9.9901E-05 9.9901E-05 9.9901E-05 0.0197143 9.9901E-05 0.44912 0.198152
9.9892E-05 0.930225 0.00873401 9.9892E-05 9.9892E-05 9.9892E-05 9.9892E-05 0.0187836 9.9892E-05 0.00397695 9.9892E-05 0.0149142 9.9892E-05 9.9892E-05 0.0221675 9.9892E-05 9.9892E-05 9.9892E-05
0.362192 0.143968 9.9955E-05 9.9955E-05 0.0224985 0.00198984 0.0389627 0.180151 9.9955E-05 9.9955E-05 9.9955E-05 0.0290685 0.0132801 0.0745513 0.017474 0.0249353 0.0730418 0.0173866
0.0665918 9.9901E-05 9.9901E-05 9.9901E-05 9.9901E-05 9.9901E-05 9.9901E-05 9.9901E-05 9.9901E-05 0.0516408 9.9901E-05 0.0063823 0.0525516 9.9901E-05 0.0199452 0.0368874 0.764902 9.9901E-05
9.9892E-05 9.9892E-05 0.0221495 9.9892E-05 0.0152913 9.9892E-05 9.9892E-05 0.0638769 9.9892E-05 9.9892E-05 9.9892E-05 9.9892E-05 9.9892E-05 9.9892E-05 0.02759 0.0350571 0.834837 9.9892E-05
9.98561E-05 9.98561E-05 9.98561E-05 9.98561E-05 9.98561E-05 9.98561E-05 9.98561E-05 9.98561E-05 9.98561E-05 9.98561E-05 9.98561E-05 9.98561E-05 9.98561E-05 9.98561E-05 0.0287166 9.98561E-05 0.969686 9.98561E-05
9.9883E-05 0.182829 9.9883E-05 9.9883E-05 9.9883E-05 9.9883E-05 0.0618975 9.9883E-05 9.9883E-05 9.9883E-05 9.9883E-05 0.038904 9.9883E-05 9.9883E-05 9.9883E-05 0.00936557 0.705705 9.9883E-05
9.98471E-05 9.98471E-05 9.98471E-05 9.98471E-05 9.98471E-05 9.98471E-05 9.98471E-05 9.98471E-05 9.98471E-05 9.98471E-05 9.98471E-05 9.98471E-05 9.98471E-05 9.98471E-05 9.98471E-05 9.98471E-05 0.998303 9.98471E-05
9.9892E-05 9.9892E-05 9.9892E-05 9.9892E-05 0.00869547 0.0176389 9.9892E-05 0.0895231 9.9892E-05 9.9892E-05 0.0101169 9.9892E-05 0.00614761 9.9892E-05 9.9892E-05 9.9892E-05 0.866679 9.9892E-05
0.189721 9.9928E-05 0.0129529 9.9928E-05 0.0294316 0.0338028 9.9928E-05 0.0056313 0.000603771 0.0672855 9.9928E-05 9.9928E-05 9.9928E-05 0.000460244 9.9928E-05 0.000293635 0.659018 9.9928E-05
0.0291284 9.9883E-05 9.9883E-05 9.9883E-05 9.9883E-05 9.9883E-05 9.9883E-05 9.9883E-05 9.9883E-05 9.9883E-05 9.9883E-05 0.0244379 9.9883E-05 0.0161628 9.9883E-05 9.9883E-05 0.876415 0.0525578
0.77415 9.9901E-05 0.00471029 9.9901E-05 0.00706237 9.9901E-05 9.9901E-05 9.9901E-05 0.0229708 9.9901E-05 9.9901E-05 0.015745 9.9901E-05 0.101866 9.9901E-05 9.9901E-05 9.9901E-05 0.0723957
0.479451 0.223297 0.0493218 9.9901E-05 0.0335676 9.9901E-05 9.9901E-05 9.9901E-05 9.9901E-05 9.9901E-05 9.9901E-05 9.9901E-05 9.9901E-05 0.0265331 9.9901E-05 9.9901E-05 0.0898067 0.096924
0.647101 0.112198 0.0227405 9.9946E-05 0.0336973 0.000574076 9.9946E-05 0.0744288 0.0507527 0.000871475 9.9946E-05 9.9946E-05 9.9946E-05 0.000223023 0.0227873 0.0157813 0.0182456 9.9946E-05
0.758468 0.00603414 9.991E-05 9.991E-05 0.00373857 9.991E-05 9.991E-05 0.0547817 9.991E-05 0.040203 0.00936395 9.991E-05 0.109311 9.991E-05 9.991E-05 0.0171004 9.991E-05 9.991E-05
0.665576 0.103473 0.000293812 0.0435186 0.0494823 9.99189E-05 9.99189E-05 9.99189E-05 9.99189E-05 9.99189E-05 0.0349337 0.027876 9.99189E-05 9.99189E-05 9.99189E-05 0.00623271 9.99189E-05 0.0677139
0.658408 9.9901E-05 0.0257786 0.020786 9.9901E-05 0.00254223 9.9901E-05 0.235575 0.00795693 9.9901E-05 9.9901E-05 9.9901E-05 9.9901E-05 9.9901E-05 0.047854 9.9901E-05 9.9901E-05 9.9901E-05
0.474669 0.0693349 0.0270766 0.222851 9.99459E-05 9.99459E-05 9.99459E-05 0.00141954 0.00302176 0.0201942 0.00948806 0.00526295 0.0429303 9.99459E-05 0.00509113 9.99459E-05 0.11806 9.99459E-05
0.824142 9.98921E-05 9.98921E-05 9.98921E-05 0.00757783 9.98921E-05 0.103576 9.98921E-05 0.00724457 9.98921E-05 9.98921E-05 9.98921E-05 9.98921E-05 9.98921E-05 0.023853 9.98921E-05 9.98921E-05 0.0324079
0.627266 0.169817 9.9901E-05 9.9901E-05 9.9901E-05 9.9901E-05 9.9901E-05 9.9901E-05 0.0141677 9.9901E-05 9.9901E-05 0.0011308 9.9901E-05 9.9901E-05 0.00832479 9.9901E-05 0.00576082 0.172434
0.55519 0.108286 9.991E-05 0.245408 9.991E-05 9.991E-05 9.991E-05 0.0303095 0.0300696 9.991E-05 9.991E-05 9.991E-05 0.000569942 9.991E-05 9.991E-05 0.0280008 0.00116744 9.991E-05
0.44835 0.323598 9.98977E-05 9.98977E-05 9.98977E-05 9.98977E-05 0.142264 9.98977E-05 9.98977E-05 0.0797575 9.98977E-05 9.98977E-05 9.98977E-05 9.98977E-05 0.00192023 9.98977E-05 0.00291117 9.98977E-05
0.623084 9.9892E-05 9.9892E-05 9.9892E-05 9.9892E-05 9.9892E-05 9.9892E-05 9.9892E-05 0.0301819 9.9892E-05 9.9892E-05 0.013142 0.0143856 9.9892E-05 0.0318592 9.9892E-05 0.286148 9.9892E-05
0.845112 9.9892E-05 9.9892E-05 9.9892E-05 0.0155465 0.0113408 0.0781354 9.9892E-05 9.9892E-05 9.9892E-05 0.0335372 9.9892E-05 9.9892E-05 9.9892E-05 9.9892E-05 0.0151293 9.9892E-05 9.9892E-05
9.9901E-05 9.9901E-05 9.9901E-05 0.0716424 9.9901E-05 0.000650417 9.9901E-05 0.88506 9.9901E-05 9.9901E-05 0.00911527 0.0117678 9.9901E-05 9.9901E-05 0.0036881 0.0169771 9.9901E-05 9.9901E-05
0.0689007 9.9901E-05 9.9901E-05 0.0163221 0.0411189 9.9901E-05 9.9901E-05 0.849223 0.00964346 9.9901E-05 9.9901E-05 9.9901E-05 9.9901E-05 9.9901E-05 9.9901E-05 0.00639262 0.00730056 9.9901E-05
9.98877E-05 9.98877E-05 0.038233 9.98877E-05 0.00256692 9.98877E-05 9.98877E-05 0.924539 9.98877E-05 9.98877E-05 9.98877E-05 0.0332318 9.98877E-05 9.98877E-05 9.98877E-05 0.000130964 9.98877E-05 9.98877E-05
0.00301705 0.102465 0.0429033 9.99189E-05 9.99189E-05 0.00880465 9.99189E-05 0.812209 0.0145297 9.99189E-05 0.00772788 0.00532295 0.00212107 9.99189E-05 9.99189E-05 9.99189E-05 9.99189E-05 9.99189E-05
9.9901E-05 9.9901E-05 0.0401728 9.9901E-05 9.9901E-05 9.9901E-05 9.9901E-05 0.79704 0.00714266 9.9901E-05 9.9901E-05 9.9901E-05 0.0686972 9.9901E-05 0.00182291 9.9901E-05 0.039246 0.0447792
9.991E-05 0.0239842 9.991E-05 9.991E-05 9.991E-05 0.00637128 0.00385148 0.72893 0.0069966 9.991E-05 0.0272713 0.0157438 9.991E-05 9.991E-05 9.991E-05 9.991E-05 9.991E-05 0.185852
9.98471E-05 9.98471E-05 9.98471E-05 9.98471E-05 9.98471E-05 9.98471E-05 9.98471E-05 0.998303 9.98471E-05 9.98471E-05 9.98471E-05 9.98471E-05 9.98471E-05 9.98471E-05 9.98471E-05 9.98471E-05 9.98471E-05 9.98471E-05
9.9874E-05 9.9874E-05 0.0588181 9.9874E-05 9.9874E-05 9.9874E-05 0.209884 0.54259 9.9874E-05 0.187309 9.9874E-05 9.9874E-05 9.9874E-05 9.9874E-05 9.9874E-05 9.9874E-05 9.9874E-05 9.9874E-05
