0.0146061 9.9937E-05 0.0526945 9.9937E-05 9.9937E-05 9.9937E-05 0.932 9.9937E-05 9.9937E-05 9.9937E-05
9.9964E-05 9.9964E-05 9.9964E-05 0.000336184 9.9964E-05 0.0379478 0.710527 0.152494 0.088311 0.00998423
9.9955E-05 0.0577196 9.9955E-05 9.9955E-05 9.9955E-05 9.9955E-05 0.784499 0.103731 0.0264442 0.0271073
9.9964E-05 0.0164065 0.0581174 0.0274131 9.9964E-05 9.9964E-05 0.768279 0.0954478 9.9964E-05 0.0339361
9.9946E-05 9.9946E-05 9.9946E-05 9.9946E-05 9.9946E-05 9.9946E-05 0.821201 0.135558 0.0264171 0.0162236
9.9955E-05 0.0326317 0.054634 9.9955E-05 9.9955E-05 0.0227757 0.859462 0.0299966 9.9955E-05 9.9955E-05
0.010321 9.9946E-05 0.0992263 9.9946E-05 9.9946E-05 9.9946E-05 0.885806 0.00404711 9.9946E-05 9.9946E-05
0.0178908 9.9973E-05 0.0115944 0.00352888 9.9973E-05 0.0211897 0.846509 0.0463323 9.9973E-05 0.0526551
0.000679244 0.00413783 9.9973E-05 9.9973E-05 9.9973E-05 0.0216062 0.797293 0.151502 0.00298272 0.0214992
0.0119168 0.0373033 0.104134 0.0167195 9.9964E-05 0.00737281 0.822154 9.9964E-05 9.9964E-05 9.9964E-05
0.0188872 0.0147931 9.9973E-05 0.000796107 9.9973E-05 0.0320321 0.71257 0.15144 0.0691819 9.9973E-05
9.9946E-05 0.15781 9.9946E-05 0.038493 9.9946E-05 9.9946E-05 0.748778 0.05432 9.9946E-05 9.9946E-05
9.9955E-05 0.0155595 0.0512729 9.9955E-05 9.9955E-05 0.0500432 0.777031 9.9955E-05 9.9955E-05 0.105593
0.0231375 0.007001 0.106559 9.9982E-05 0.0295493 9.9982E-05 0.713751 0.0991442 0.00195436 0.018704
9.9955E-05 0.0542456 9.9955E-05 9.9955E-05 9.9955E-05 9.9955E-05 0.803036 0.0479061 0.045273 0.0490391
0.00976388 9.9955E-05 9.9955E-05 0.00381947 9.9955E-05 0.0199034 0.860482 0.105531 9.9955E-05 9.9955E-05
9.9937E-05 9.9937E-05 9.9937E-05 0.00741452 9.9937E-05 0.0363126 0.955573 9.9937E-05 9.9937E-05 9.9937E-05
9.9937E-05 9.9937E-05 9.9937E-05 9.9937E-05 0.0363239 0.00783377 0.955143 9.9937E-05 9.9937E-05 9.9937E-05
9.9928E-05 9.9928E-05 9.9928E-05 9.9928E-05 0.0663547 9.9928E-05 0.932846 9.9928E-05 9.9928E-05 9.9928E-05
9.9946E-05 0.0590015 9.9946E-05 0.0176646 0.0296756 9.9946E-05 0.893059 9.9946E-05 9.9946E-05 9.9946E-05
0.999101 9.99201E-05 9.99201E-05 9.99201E-05 9.99201E-05 9.99201E-05 9.99201E-05 9.99201E-05 9.99201E-05 9.99201E-05
0.0132306 0.849701 0.116535 9.9955E-05 0.010855 0.0091782 9.9955E-05 9.9955E-05 9.9955E-05 9.9955E-05
0.0144225 0.806571 0.0220574 9.9964E-05 0.0821206 9.9964E-05 0.051425 0.0230032 9.9964E-05 9.9964E-05
0.00745647 0.894497 9.9955E-05 0.0133107 0.0757294 0.00850713 9.9955E-05 9.9955E-05 9.9955E-05 9.9955E-05
0.0169924 0.982208 9.9928E-05 9.9928E-05 9.9928E-05 9.9928E-05 9.9928E-05 9.9928E-05 9.9928E-05 9.9928E-05
9.9937E-05 0.940321 9.9937E-05 9.9937E-05 9.9937E-05 9.9937E-05 0.00748153 9.9937E-05 9.9937E-05 0.0514977
0.0254124 0.801728 9.9946E-05 9.9946E-05 0.120366 9.9946E-05 9.9946E-05 9.9946E-05 9.9946E-05 0.0518941
0.999101 9.99201E-05 9.99201E-05 9.99201E-05 9.99201E-05 9.99201E-05 9.99201E-05 9.99201E-05 9.99201E-05 9.99201E-05
0.0119556 0.791766 9.9955E-05 0.0240194 9.9955E-05 9.9955E-05 9.9955E-05 0.124001 9.9955E-05 0.0477578
9.9973E-05 0.773847 9.9973E-05 0.00821815 0.0421393 0.0257287 0.0272294 0.0785382 0.0439994 9.9973E-05
0.0486196 0.75595 0.0227664 9.9964E-05 9.9964E-05 9.9964E-05 9.9964E-05 0.0748151 0.0644701 0.0329787
0.0409045 0.794934 9.9955E-05 9.9955E-05 0.0857339 9.9955E-05 9.9955E-05 0.0195974 9.9955E-05 0.0583307
0.0829135 0.610732 0.0675686 0.00021837 0.00685469 9.9982E-05 0.0288112 0.000209094 9.9982E-05 0.202493
0.0234178 0.752626 0.113702 0.0248627 9.997E-05 0.0528493 9.997E-05 9.997E-05 0.0184442 0.0137981
9.9973E-05 0.752657 9.9973E-05 0.0692887 9.9973E-05 0.0247606 0.0285596 0.0183257 0.097978 0.00813034
9.9964E-05 0.498222 0.0715569 9.9964E-05 9.9964E-05 0.00490671 0.0466124 0.150901 0.227402 9.9964E-05
9.9973E-05 0.755533 0.00614781 0.0381198 0.0587108 0.0106975 9.9973E-05 0.0122853 0.118206 9.9973E-05
0.00631802 0.0120383 0.120094 9.9964E-05 0.683573 0.0308071 9.9964E-05 9.9964E-05 9.9964E-05 0.14677
9.9973E-05 9.9973E-05 0.0417351 0.0312504 0.653825 0.0369567 9.9973E-05 0.0443236 0.0601695 0.13144
9.9973E-05 0.0216469 9.9973E-05 9.9973E-05 0.700759 0.0734713 0.00806123 0.0548997 0.0331047 0.107757
9.9973E-05 0.0484685 0.0287377 9.9973E-05 0.723224 0.0330269 0.00492239 0.0686523 0.0926681 9.9973E-05
0.0407733 9.9973E-05 9.9973E-05 0.0209513 0.753471 0.051029 0.0256467 0.067875 0.0399534 9.9973E-05
0.0188898 9.9973E-05 9.9973E-05 0.0328999 0.823092 0.00630864 9.9973E-05 0.0572196 0.0125356 0.0487549
0.0187356 9.9982E-05 0.101425 0.0277119 0.614177 0.0663491 0.0420441 0.113561 9.9982E-05 0.0157953
0.0118208 0.00104681 0.0169341 0.0381185 0.758034 0.0184944 9.9991E-05 0.0517718 0.0103122 0.0933669
9.9955E-05 9.9955E-05 9.9955E-05 0.0350668 0.710707 9.9955E-05 0.028449 0.118846 9.9955E-05 0.106431
9.9964E-05 0.00802768 9.9964E-05 0.00458955 0.780952 0.0617328 9.9964E-05 0.0656838 0.078614 9.9964E-05
0.00655752 9.9982E-05 0.128671 0.0129295 0.784195 0.0211015 0.00213025 9.9982E-05 0.039777 0.0044384
0.0423765 9.9946E-05 9.9946E-05 9.9946E-05 0.881547 0.0713218 0.00415543 9.9946E-05 9.9946E-05 9.9946E-05
0.0153555 9.9955E-05 0.207801 9.9955E-05 0.691578 0.0342883 9.9955E-05 9.9955E-05 0.050477 9.9955E-05
0.0107283 0.0018627 0.0309519 9.9964E-05 0.763041 0.052645 9.9964E-05 9.9964E-05 9.9964E-05 0.140371
0.0255402 9.9955E-05 9.9955E-05 9.9955E-05 0.782168 0.0261767 9.9955E-05 0.140755 0.0248605 9.9955E-05
0.00369981 9.9964E-05 0.0604454 0.0781334 0.757087 0.0380417 9.9964E-05 9.9964E-05 9.9964E-05 0.0621925
9.9964E-05 0.0263155 9.9964E-05 9.9964E-05 0.725809 0.0194114 0.0936684 0.0172266 0.11717 9.9964E-05
0.0167493 9.9973E-05 9.9973E-05 0.0490196 0.689507 0.0565885 0.00420349 0.14068 9.9973E-05 0.0429516
9.9973E-05 0.0380481 0.064922 9.9973E-05 0.65611 0.0272581 9.9973E-05 0.0677168 0.0352301 0.110415
0.0205929 0.031119 9.9973E-05 0.033131 0.69269 9.9973E-05 0.051429 0.08001 9.9973E-05 0.0907281
9.9982E-05 0.05107 9.9982E-05 0.0461396 0.130228 0.0518271 0.00419159 0.0945966 0.542208 0.0795399
9.9937E-05 9.9937E-05 0.0019254 0.0749826 9.9937E-05 9.9937E-05 9.9937E-05 9.9937E-05 0.922392 9.9937E-05
0.0141564 0.0463488 0.0917049 0.143588 0.0418845 0.0497429 0.0202875 9.9991E-05 0.553444 0.038743
9.9964E-05 9.9964E-05 9.9964E-05 0.129092 0.095663 0.0766627 0.023032 9.9964E-05 0.534731 0.14042
9.9946E-05 9.9946E-05 9.9946E-05 0.0684688 9.9946E-05 0.0788617 9.9946E-05 9.9946E-05 0.699135 0.152934
0.011727 9.9973E-05 9.9973E-05 0.0929222 0.090166 0.0621335 9.9973E-05 0.00893265 0.720251 0.0135676
9.99369E-05 0.0420973 9.99369E-05 0.00213897 9.99369E-05 0.955064 9.99369E-05 9.99369E-05 9.99369E-05 9.99369E-05
0.00220701 9.99369E-05 9.99369E-05 0.085978 9.99369E-05 9.99369E-05 9.99369E-05 9.99369E-05 0.911115 9.99369E-05
0.000743981 9.9982E-05 0.134953 0.0923088 0.00153517 0.126771 0.0740063 9.9982E-05 0.43224 0.137242
0.0230302 0.0745036 0.0664646 0.0758922 0.0478037 0.103854 0.0337039 9.9991E-05 0.49273 0.0819182
0.00996477 0.0237415 0.0429588 0.107069 0.0257336 0.12783 0.0113599 9.9991E-05 0.470914 0.180328
0.0272247 0.0376696 9.9964E-05 0.136674 9.9964E-05 0.0999142 9.9964E-05 9.9964E-05 0.53501 0.163107
0.0104689 0.0597759 9.9973E-05 0.131215 9.9973E-05 0.102214 0.010032 0.0780774 0.607917 9.9973E-05
9.9973E-05 0.00300586 9.9973E-05 0.0688964 0.0209886 0.104897 0.0429102 9.9973E-05 0.697093 0.0619094
9.9955E-05 9.9955E-05 9.9955E-05 0.0590113 0.0670539 0.157805 9.9955E-05 9.9955E-05 0.499541 0.216089
0.0122164 0.0985713 9.9964E-05 0.121388 9.9964E-05 0.0749649 9.9964E-05 9.9964E-05 0.642094 0.0503658
0.00424207 9.9982E-05 9.9982E-05 0.093462 0.0172306 0.0080708 0.0250522 0.101847 0.455717 0.294179
0.0434395 9.9973E-05 0.00208129 0.0101611 0.269554 0.145658 9.9973E-05 9.9973E-05 0.199761 0.329045
9.9982E-05 0.0377801 0.036347 0.0334066 0.212335 0.0919161 0.0807571 9.9982E-05 0.464102 0.043156
9.9955E-05 9.9955E-05 9.9955E-05 0.0263626 0.430255 0.0637513 0.0797515 9.9955E-05 0.39938 9.9955E-05
9.9946E-05 9.9946E-05 9.9946E-05 0.000105233 9.9946E-05 0.945619 9.9946E-05 0.0169308 0.0367457 9.9946E-05
0.0314817 9.9982E-05 9.9982E-05 0.1231 0.182536 0.110151 0.0501978 0.0628859 0.330218 0.10923
9.9973E-05 0.029829 0.0245894 0.099109 0.143988 0.161774 9.9973E-05 9.9973E-05 0.53393 0.00648076
0.00691495 0.0591642 9.9991E-05 0.065813 0.122534 0.0896335 0.0417759 0.00881682 0.442729 0.162518
0.00986303 0.0571941 0.0405 0.0849992 0.0102918 0.0963336 0.0401435 9.9991E-05 0.641408 0.0191672
9.9955E-05 9.9955E-05 9.9955E-05 0.106848 0.0920961 0.0760298 0.0616154 9.9955E-05 0.662911 9.9955E-05
0.0158394 0.025669 0.0986664 0.0925857 0.219918 0.0669816 0.0258341 0.157191 0.297215 9.9991E-05
9.997E-05 9.997E-05 0.575162 0.0459205 0.162776 0.0621549 0.0050167 0.105959 0.0427104 9.997E-05
9.9973E-05 0.0204945 0.0715582 0.0154271 0.111125 9.9973E-05 9.9973E-05 0.132317 0.503758 0.14502
0.00617185 9.9991E-05 0.00017933 0.0858518 0.0669201 0.0896238 0.0279816 0.0464682 0.540946 0.135758
9.9964E-05 9.9964E-05 9.9964E-05 0.00847178 0.0615383 0.0887743 9.9964E-05 0.152741 0.432739 0.255335
0.00798206 9.9973E-05 0.0274991 0.0973325 0.0737101 9.9973E-05 9.9973E-05 0.0754425 0.65073 0.0670043
0.0127198 0.0107188 9.9973E-05 0.809948 0.00212452 0.000780352 9.9973E-05 9.9973E-05 0.144927 0.0184824
9.9964E-05 0.0328912 9.9964E-05 0.0440051 0.148131 0.215032 9.9964E-05 9.9964E-05 0.424458 0.135082
0.00751661 9.9973E-05 0.0577349 0.0572709 0.0682281 0.120733 9.9973E-05 9.9973E-05 0.664443 0.023774
0.0494964 0.066024 9.9973E-05 0.140231 9.9973E-05 0.0299648 0.0566747 0.14695 0.51036 9.9973E-05
9.9982E-05 0.167195 0.0818826 0.12642 0.0417434 0.0719085 0.0584225 9.9982E-05 0.366982 0.0852466
9.9964E-05 0.0955739 9.9964E-05 0.0419514 9.9964E-05 0.107801 0.0197471 0.135829 0.598698 9.9964E-05
0.0188434 0.0574684 0.111522 0.0496232 9.9982E-05 0.0309552 0.0720694 9.9982E-05 0.59875 0.0605679
9.9982E-05 9.9982E-05 0.147574 0.0899312 0.0349916 0.152369 0.0345354 0.00693811 0.311227 0.222235
9.9973E-05 9.9973E-05 9.9973E-05 0.054918 0.0966043 0.12077 0.0230299 0.0597163 0.62518 0.0194818
9.9973E-05 0.0624451 9.9973E-05 0.0427151 0.0130788 0.12388 0.000497032 9.9973E-05 0.565759 0.191325
0.0073206 9.9982E-05 0.0149174 0.107185 0.0713701 0.110586 0.0136669 9.9982E-05 0.59751 0.0772439
0.0262861 0.0621282 0.0691927 0.116457 9.9982E-05 0.0541586 0.00845049 9.9982E-05 0.607537 0.0555895
0.0316208 9.997E-05 9.997E-05 0.158625 0.0337666 0.125884 0.00138968 0.116811 0.531602 9.997E-05
0.00843781 9.9964E-05 9.9964E-05 0.0671274 9.9964E-05 0.0352072 9.9964E-05 0.051424 0.767551 0.069853
9.99201E-05 9.99201E-05 9.99201E-05 0.999101 9.99201E-05 9.99201E-05 9.99201E-05 9.99201E-05 9.99201E-05 9.99201E-05
0.00588539 0.0330151 0.0854223 0.107614 0.026589 0.104331 0.0674975 9.9991E-05 0.481109 0.0884368
0.00171897 0.0177561 9.9973E-05 0.104281 0.071582 0.0676516 9.9973E-05 0.0308476 0.705863 9.9973E-05
9.9982E-05 9.9982E-05 0.0725376 0.132231 0.00732144 0.0878423 0.0498673 0.0673572 0.565634 0.0170089
9.9973E-05 9.9973E-05 9.9973E-05 0.0941763 0.158624 0.0391792 0.00138666 0.0631696 0.630864 0.0123006
9.9955E-05 9.9955E-05 9.9955E-05 0.0111094 0.0644592 0.109967 9.9955E-05 9.9955E-05 0.57245 0.241514
0.00549916 0.0730759 0.0335716 0.0431312 0.0451856 0.0791698 0.0493063 9.9991E-05 0.532043 0.138918
9.99201E-05 9.99201E-05 9.99201E-05 9.99201E-05 9.99201E-05 0.999101 9.99201E-05 9.99201E-05 9.99201E-05 9.99201E-05
9.99201E-05 9.99201E-05 9.99201E-05 0.999101 9.99201E-05 9.99201E-05 9.99201E-05 9.99201E-05 9.99201E-05 9.99201E-05
9.99201E-05 9.99201E-05 9.99201E-05 9.99201E-05 9.99201E-05 0.999101 9.99201E-05 9.99201E-05 9.99201E-05 9.99201E-05
0.0143297 9.9973E-05 0.0169533 0.1544 9.9973E-05 0.0906414 0.0027948 0.111109 0.609472 9.9973E-05
0.0278037 0.11165 9.997E-05 0.137814 9.997E-05 0.137746 0.00968868 0.106329 0.46867 9.997E-05
0.00205217 0.0754761 0.0562235 0.144175 9.9973E-05 0.0500345 0.0719982 9.9973E-05 0.59974 9.9973E-05
0.0375721 9.9964E-05 9.9964E-05 0.0936085 0.0897686 0.105397 0.0202788 9.9964E-05 0.652975 9.9964E-05
0.0275756 9.9982E-05 0.0310104 0.0865194 0.0606515 0.0590789 0.00847709 9.9982E-05 0.586196 0.140292
0.0164329 9.9964E-05 0.0369654 0.766057 0.0572426 9.9964E-05 0.0127233 9.9964E-05 0.110179 9.9964E-05
9.9982E-05 0.0106397 0.0986335 0.139787 0.124046 0.0734982 0.0728369 9.9982E-05 0.450814 0.0295444
0.0213301 9.9946E-05 9.9946E-05 9.9946E-05 9.9946E-05 9.9946E-05 9.9946E-05 0.074259 0.267295 0.636517
9.9928E-05 9.9928E-05 9.9928E-05 9.9928E-05 9.9928E-05 0.0652467 9.9928E-05 9.9928E-05 9.9928E-05 0.933954
0.0261543 0.00705922 9.9955E-05 0.00779 9.9955E-05 0.0620219 9.9955E-05 9.9955E-05 9.9955E-05 0.896475
0.0116338 9.9964E-05 9.9964E-05 9.9964E-05 9.9964E-05 0.00645508 0.0128079 0.0213448 0.058021 0.889337
9.9973E-05 0.0171748 9.9973E-05 0.044657 0.00740434 0.0492798 9.9973E-05 0.0883906 0.0324237 0.76037
0.0166508 0.00904712 0.0777521 9.9946E-05 9.9946E-05 9.9946E-05 9.9946E-05 9.9946E-05 9.9946E-05 0.89595
9.9928E-05 9.9928E-05 9.9928E-05 9.9928E-05 9.9928E-05 9.9928E-05 0.00179302 9.9928E-05 9.9928E-05 0.997408
9.9946E-05 0.0206542 9.9946E-05 0.0249093 9.9946E-05 9.9946E-05 0.0399985 9.9946E-05 9.9946E-05 0.913838
0.0304265 9.9955E-05 0.0522786 0.00967033 0.0722531 9.9955E-05 9.9955E-05 9.9955E-05 9.9955E-05 0.834872
0.0558914 9.9973E-05 9.9973E-05 0.0493327 0.031446 0.0246807 9.9973E-05 0.0881548 0.19464 0.555554
9.9964E-05 0.0851142 0.0342713 9.9964E-05 0.0160639 0.00208907 9.9964E-05 9.9964E-05 0.113305 0.748757
9.9964E-05 0.00288236 9.9964E-05 0.0236919 9.9964E-05 0.0295336 0.0161567 0.861951 9.9964E-05 0.0653841
0.0243908 9.9955E-05 0.24818 0.0269001 9.9955E-05 9.9955E-05 9.9955E-05 0.540709 9.9955E-05 0.15932
0.0316514 9.9964E-05 9.9964E-05 0.00724867 0.0858001 9.9964E-05 0.0310258 0.760419 0.0834548 9.9964E-05
0.00595394 9.9955E-05 0.200391 9.9955E-05 0.117242 9.9955E-05 0.0609537 0.614959 9.9955E-05 9.9955E-05
0.0572286 9.9964E-05 0.0289818 9.9964E-05 0.0603039 0.0864896 0.0348833 0.731713 9.9964E-05 9.9964E-05
0.0374274 9.9982E-05 0.117535 0.00199592 9.9982E-05 0.0192537 0.0196683 0.658008 0.00582221 0.14009
9.9964E-05 0.0729318 9.9964E-05 0.0554961 0.0771841 0.0144028 9.9964E-05 0.77144 9.9964E-05 0.00814544
0.0454502 9.9964E-05 0.186636 0.0107267 9.9964E-05 0.0345612 9.9964E-05 0.654986 9.9964E-05 0.0672393
0.0135447 0.0398354 0.031139 0.0202783 9.9991E-05 0.0980296 0.0484606 0.612908 0.128278 0.00742641
9.9946E-05 9.9946E-05 9.9946E-05 0.0154609 0.139514 9.9946E-05 9.9946E-05 0.760625 9.9946E-05 0.0838005
0.0223343 9.9973E-05 0.0730095 9.9973E-05 0.0144319 0.0464253 0.011421 0.764763 9.9973E-05 0.0673147
0.00629841 9.9964E-05 0.415357 9.9964E-05 0.126999 9.9964E-05 0.0449269 0.385701 0.020318 9.9964E-05
0.0272096 0.0259077 0.252492 9.9982E-05 0.0743145 0.00275004 0.0410166 0.481162 0.0949475 9.9982E-05
9.9964E-05 9.9964E-05 0.237714 0.0309823 0.0937463 9.9964E-05 9.9964E-05 0.412159 0.171121 0.0538772
9.9964E-05 0.0862877 0.812019 9.9964E-05 9.9964E-05 0.00851816 0.0510189 0.0125776 0.0291786 9.9964E-05
9.9946E-05 9.9946E-05 0.899521 0.00695713 9.9946E-05 9.9946E-05 0.0248672 9.9946E-05 0.0680548 9.9946E-05
9.9928E-05 9.9928E-05 0.991245 9.9928E-05 9.9928E-05 9.9928E-05 9.9928E-05 9.9928E-05 9.9928E-05 0.00795581
9.9964E-05 9.9964E-05 0.817922 9.9964E-05 0.0453071 9.9964E-05 0.0351965 0.0264371 0.0593738 0.0153638
0.00660579 9.9928E-05 0.992595 9.9928E-05 9.9928E-05 9.9928E-05 9.9928E-05 9.9928E-05 9.9928E-05 9.9928E-05
0.0153627 9.9946E-05 0.87946 9.9946E-05 9.9946E-05 0.0451505 9.9946E-05 0.0594273 9.9946E-05 9.9946E-05
0.0028905 0.0426605 0.836351 0.037301 9.9973E-05 0.0335257 0.0150686 0.0319024 9.9973E-05 9.9973E-05
0.00894586 9.9955E-05 0.899513 9.9955E-05 0.00271653 0.0153693 9.9955E-05 9.9955E-05 9.9955E-05 0.0729553
0.000508371 9.9964E-05 0.199855 0.0287729 9.9964E-05 0.0755616 9.9964E-05 0.636128 9.9964E-05 0.0587746
0.00714142 9.9973E-05 0.0765988 0.0177052 9.9973E-05 0.00527231 0.00135322 0.789878 0.101751 9.9973E-05
9.9955E-05 0.112927 0.141152 0.0913793 9.9955E-05 9.9955E-05 0.0445869 0.609456 9.9955E-05 9.9955E-05
0.00384749 0.0509354 0.108908 0.0157623 9.9973E-05 9.9973E-05 9.9973E-05 0.672028 0.13624 0.0119794
0.0458731 0.00866917 9.9973E-05 0.0165301 0.0581784 0.0619311 0.0415737 0.766945 9.9973E-05 9.9973E-05
9.9964E-05 9.9964E-05 0.004492 0.0218792 0.0325934 9.9964E-05 0.0739353 0.763528 0.103172 9.9964E-05
0.0416244 0.00555132 0.390567 0.0236212 0.0135805 9.9982E-05 0.00840957 0.412142 0.104304 9.9982E-05
9.9955E-05 0.0896929 9.9955E-05 0.0221901 0.0369485 0.00676328 9.9955E-05 0.843905 9.9955E-05 9.9955E-05
9.996E-05 9.996E-05 0.218741 0.01446 0.072291 9.996E-05 9.996E-05 0.62772 9.996E-05 0.0662879
9.9964E-05 0.0595342 9.9964E-05 0.0328607 0.15755 9.9964E-05 0.0406775 0.707482 0.00149553 9.9964E-05
0.000946131 0.122634 0.147141 9.9964E-05 0.0340673 9.9964E-05 9.9964E-05 0.603442 0.0913698 9.9964E-05
9.9955E-05 0.0824751 0.309304 0.0512506 9.9955E-05 0.0297719 9.9955E-05 0.526698 9.9955E-05 9.9955E-05
0.0367763 9.9946E-05 9.9946E-05 9.9946E-05 9.9946E-05 9.9946E-05 0.0348196 0.900576 0.0272288 9.9946E-05
0.0166145 0.00691587 9.9973E-05 9.9973E-05 0.633003 0.0398998 0.0334348 0.190165 9.9973E-05 0.0796671
9.9982E-05 0.081799 0.103086 0.075602 0.569432 9.9982E-05 0.0311914 0.0896021 0.0164106 0.0326776
0.0152115 0.0989668 0.150076 0.0498933 0.5556 9.9973E-05 0.0919456 9.9973E-05 0.0380068 9.9973E-05
0.00131192 0.0912855 0.159407 0.0124404 0.49904 9.9982E-05 0.072945 0.0701901 0.0931796 9.9982E-05
9.9973E-05 0.0634485 0.226173 0.000522465 0.547598 9.9973E-05 0.0600219 9.9973E-05 0.0412722 0.0606634
0.0344232 0.0130082 0.117368 0.0385626 0.682489 0.0359955 9.9982E-05 0.00321229 9.9982E-05 0.0747416
0.0146609 0.0276261 0.144091 9.9955E-05 0.746603 9.9955E-05 9.9955E-05 9.9955E-05 9.9955E-05 0.0665189
0.00155269 0.207194 0.0887165 9.9973E-05 0.544093 9.9973E-05 0.100364 9.9973E-05 0.020514 0.0372657
