9.98829E-05 9.98829E-05 9.98829E-05 9.98829E-05 9.98829E-05 9.98829E-05 9.98829E-05 9.98829E-05 9.98829E-05 0.998702 9.98829E-05 9.98829E-05 9.98829E-05 9.98829E-05
0.676935 0.0501554 0.000876294 0.0282551 9.9937E-05 9.9937E-05 0.133278 9.9937E-05 0.0769118 0.0328886 9.9937E-05 9.9937E-05 9.9937E-05 9.9937E-05
0.748548 9.9937E-05 0.0203026 0.039057 9.9937E-05 0.0277174 0.0937808 9.9937E-05 9.9937E-05 0.031821 0.0380736 9.9937E-05 9.9937E-05 9.9937E-05
0.763843 9.9928E-05 9.9928E-05 0.0153311 9.9928E-05 0.0995963 0.0596747 9.9928E-05 0.0468764 0.0138794 9.9928E-05 9.9928E-05 9.9928E-05 9.9928E-05
0.754517 9.9955E-05 9.9955E-05 9.9955E-05 0.00802376 9.9955E-05 0.0172621 0.040092 0.0221777 0.0227829 0.0887216 9.9955E-05 0.00837452 0.037549
0.890665 0.00831259 9.9928E-05 9.9928E-05 0.0436782 9.9928E-05 9.9928E-05 9.9928E-05 0.0278803 9.9928E-05 0.0110888 0.0175755 9.9928E-05 9.9928E-05
9.98829E-05 9.98829E-05 9.98829E-05 9.98829E-05 9.98829E-05 9.98829E-05 9.98829E-05 9.98829E-05 9.98829E-05 0.998702 9.98829E-05 9.98829E-05 9.98829E-05 9.98829E-05
0.734524 9.9964E-05 0.0104155 0.00287871 0.0186734 9.9964E-05 0.0807834 0.00835004 0.0300546 0.0654158 0.024443 0.0240615 9.9964E-05 9.9964E-05
0.731771 0.0498768 9.9937E-05 0.00998199 9.9937E-05 9.9937E-05 9.9937E-05 9.9937E-05 0.0939072 0.0474279 0.0433154 9.9937E-05 9.9937E-05 0.0230198
0.756352 0.0117099 9.9964E-05 9.9964E-05 0.00927859 0.0753783 0.0607521 0.00920303 0.0102896 0.0369752 9.9964E-05 0.0156906 9.9964E-05 0.0139705
0.737866 9.9937E-05 0.00958915 0.0120757 0.00313395 9.9937E-05 0.155442 9.9937E-05 0.0640856 9.9937E-05 9.9937E-05 9.9937E-05 9.9937E-05 0.0171089
0.672141 9.9946E-05 0.00161055 0.00672885 0.0201383 0.114724 0.116272 9.9946E-05 0.0150084 0.0527767 9.9946E-05 9.9946E-05 9.9946E-05 9.9946E-05
0.723724 0.0993011 9.9937E-05 9.9937E-05 9.9937E-05 9.9937E-05 9.9937E-05 0.0321116 9.9937E-05 0.024637 0.110716 0.00674044 9.9937E-05 0.0020704
0.711489 0.0704813 0.0216631 0.00755797 9.9946E-05 9.9946E-05 9.9946E-05 0.0218393 0.100823 9.9946E-05 9.9946E-05 9.9946E-05 0.0174971 0.0480493
0.74964 9.9937E-05 9.9937E-05 9.9937E-05 9.9937E-05 0.0747608 0.0677107 9.9937E-05 0.010171 0.0161277 0.0209865 9.9937E-05 0.0599033 9.9937E-05
0.890938 0.0130046 0.00719293 9.99191E-05 9.99191E-05 9.99191E-05 9.99191E-05 9.99191E-05 0.0811507 9.99191E-05 9.99191E-05 0.00681498 9.99191E-05 9.99191E-05
0.88617 9.991E-05 9.991E-05 9.991E-05 0.0378842 9.991E-05 9.991E-05 9.991E-05 9.991E-05 0.0371219 9.991E-05 9.991E-05 0.0378252 9.991E-05
0.921473 9.991E-05 9.991E-05 9.991E-05 0.00047026 9.991E-05 9.991E-05 9.991E-05 9.991E-05 0.0309272 9.991E-05 9.991E-05 0.0461305 9.991E-05
0.839057 9.991E-05 9.991E-05 0.0052408 9.991E-05 9.991E-05 9.991E-05 9.991E-05 9.991E-05 0.0745907 9.991E-05 9.991E-05 0.0801121 9.991E-05
0.912485 9.991E-05 9.991E-05 9.991E-05 0.0266142 0.036418 9.991E-05 9.991E-05 9.991E-05 9.991E-05 9.991E-05 0.0234835 9.991E-05 9.991E-05
9.98829E-05 9.98829E-05 0.998702 9.98829E-05 9.98829E-05 9.98829E-05 9.98829E-05 9.98829E-05 9.98829E-05 9.98829E-05 9.98829E-05 9.98829E-05 9.98829E-05 9.98829E-05
9.98919E-05 9.98919E-05 9.98919E-05 9.98919E-05 9.98919E-05 9.98919E-05 0.108245 9.98919E-05 9.98919E-05 9.98919E-05 9.98919E-05 9.98919E-05 9.98919E-05 0.890557
9.9919E-05 9.9919E-05 0.00634541 9.9919E-05 9.9919E-05 9.9919E-05 9.9919E-05 9.9919E-05 0.000188926 9.9919E-05 9.9919E-05 0.015571 0.0722966 0.904699
9.98919E-05 9.98919E-05 9.98919E-05 9.98919E-05 0.0121378 9.98919E-05 9.98919E-05 9.98919E-05 9.98919E-05 9.98919E-05 9.98919E-05 9.98919E-05 9.98919E-05 0.986664
9.9901E-05 9.9901E-05 0.0196754 9.9901E-05 9.9901E-05 0.374053 9.9901E-05 9.9901E-05 9.9901E-05 9.9901E-05 9.9901E-05 9.9901E-05 9.9901E-05 0.605173
9.9892E-05 9.9892E-05 9.9892E-05 9.9892E-05 0.0126012 9.9892E-05 9.9892E-05 9.9892E-05 9.9892E-05 9.9892E-05 9.9892E-05 9.9892E-05 9.9892E-05 0.9862
9.9901E-05 9.9901E-05 9.9901E-05 9.9901E-05 9.9901E-05 9.9901E-05 9.9901E-05 9.9901E-05 9.9901E-05 0.00347737 0.112541 9.9901E-05 9.9901E-05 0.882883
9.98919E-05 9.98919E-05 0.9971 9.98919E-05 9.98919E-05 0.00170097 9.98919E-05 9.98919E-05 9.98919E-05 9.98919E-05 9.98919E-05 9.98919E-05 9.98919E-05 9.98919E-05
9.9892E-05 9.9892E-05 9.9892E-05 9.9892E-05 9.9892E-05 0.983452 9.9892E-05 9.9892E-05 9.9892E-05 9.9892E-05 9.9892E-05 0.0153489 9.9892E-05 9.9892E-05
0.0109543 9.9919E-05 9.9919E-05 9.9919E-05 9.9919E-05 0.901663 9.9919E-05 0.0431964 9.9919E-05 9.9919E-05 9.9919E-05 9.9919E-05 0.0335223 0.0097643
9.98829E-05 9.98829E-05 9.98829E-05 9.98829E-05 9.98829E-05 0.998702 9.98829E-05 9.98829E-05 9.98829E-05 9.98829E-05 9.98829E-05 9.98829E-05 9.98829E-05 9.98829E-05
9.9955E-05 9.9955E-05 0.036852 9.9955E-05 0.0253516 0.295022 9.9955E-05 0.024966 0.0344997 0.0131239 0.0591329 9.9955E-05 0.0368148 0.473738
9.9928E-05 9.9928E-05 0.0515562 9.9928E-05 9.9928E-05 0.615868 9.9928E-05 0.039982 9.9928E-05 0.0285825 0.105624 9.9928E-05 9.9928E-05 0.157588
9.99099E-05 0.023197 9.99099E-05 0.0139245 9.99099E-05 0.942097 9.99099E-05 9.99099E-05 9.99099E-05 9.99099E-05 9.99099E-05 0.0197821 9.99099E-05 9.99099E-05
0.00976939 9.9955E-05 9.9955E-05 0.0133613 0.00715241 0.674178 0.0839414 9.9955E-05 9.9955E-05 0.00593694 9.9955E-05 0.0244314 0.062679 0.118051
0.0240061 9.99369E-05 0.0148108 0.054549 9.99369E-05 0.199815 0.284614 9.99369E-05 0.120759 9.99369E-05 9.99369E-05 9.99369E-05 9.99369E-05 0.300747
0.00175463 9.9955E-05 0.00302251 0.0310954 0.00434894 0.419449 0.00962694 0.023944 9.9955E-05 9.9955E-05 9.9955E-05 9.9955E-05 0.123108 0.38315
9.9937E-05 9.9937E-05 0.0348766 0.00019832 0.00839137 9.9937E-05 0.0165688 0.698491 9.9937E-05 9.9937E-05 0.0219711 9.9937E-05 0.218804 9.9937E-05
9.99369E-05 0.13067 9.99369E-05 9.99369E-05 9.99369E-05 9.99369E-05 0.132227 0.629445 0.00556073 0.0126862 0.0154437 9.99369E-05 0.0732676 9.99369E-05
0.0113724 0.136799 9.9946E-05 0.0152393 9.9946E-05 0.151484 9.9946E-05 0.640794 9.9946E-05 9.9946E-05 0.0217908 0.00671955 0.0152025 9.9946E-05
9.9946E-05 0.0670662 9.9946E-05 0.0173736 0.0160909 9.9946E-05 9.9946E-05 0.665537 9.9946E-05 0.0535594 9.9946E-05 0.00480529 0.0754056 0.0995619
9.9946E-05 0.0101982 0.0397164 0.0534302 9.9946E-05 9.9946E-05 9.9946E-05 0.678429 9.9946E-05 0.0489222 9.9946E-05 0.0203114 0.130588 0.0178049
9.9964E-05 0.0824477 0.00955725 0.0259908 0.00859059 0.0748929 9.9964E-05 0.757197 9.9964E-05 0.0195792 0.00984933 0.00955639 0.00193904 9.9964E-05
0.0270422 9.9973E-05 0.0252703 0.024211 0.00344192 9.9973E-05 0.0798986 0.58288 0.122264 0.0229373 9.9973E-05 0.0232542 0.0748923 0.0136082
9.995E-05 0.0657213 0.00163281 0.00794678 9.995E-05 0.0603293 0.0215335 0.718717 9.995E-05 0.0241028 9.995E-05 0.0202985 0.0792184 9.995E-05
0.0421274 9.9937E-05 9.9937E-05 9.9937E-05 9.9937E-05 0.0816972 9.9937E-05 0.646374 0.0013971 9.9937E-05 0.0511393 0.0124629 0.164103 9.9937E-05
9.9937E-05 0.0853347 9.9937E-05 0.000554741 0.0347516 9.9937E-05 9.9937E-05 0.724615 9.9937E-05 9.9937E-05 9.9937E-05 0.0323345 0.0538736 0.0678364
9.9946E-05 0.0524975 0.0220407 0.0287721 0.00836409 9.9946E-05 0.00374193 0.787957 9.9946E-05 0.016028 0.0799995 9.9946E-05 9.9946E-05 9.9946E-05
0.00300364 9.9946E-05 0.0586788 0.0200919 0.0392326 9.9946E-05 9.9946E-05 0.804631 9.9946E-05 0.0155457 9.9946E-05 0.008017 0.0502002 9.9946E-05
0.0339444 0.0440084 0.0251286 0.0356167 9.9955E-05 9.9955E-05 0.0567615 0.715335 0.0343136 9.9955E-05 9.9955E-05 9.9955E-05 0.0505281 0.00386418
9.9964E-05 0.0211542 0.00782147 0.0191356 0.0319569 9.9964E-05 0.00586051 0.720122 9.9964E-05 0.0524369 0.049563 0.0119816 9.9964E-05 0.0795677
9.9955E-05 0.0186531 0.0109596 0.0486121 0.0109638 0.00198237 9.9955E-05 0.753097 0.024161 0.043762 9.9955E-05 9.9955E-05 0.0873095 9.9955E-05
9.99189E-05 0.148852 0.00297486 9.99189E-05 9.99189E-05 9.99189E-05 9.99189E-05 0.757279 9.99189E-05 9.99189E-05 0.0493912 0.0406038 9.99189E-05 9.99189E-05
0.0673744 9.99549E-05 9.99549E-05 0.00594027 0.0324927 0.0112553 0.0771085 0.674001 9.99549E-05 0.022288 9.99549E-05 9.99549E-05 0.0805341 0.0285056
0.0044894 0.169647 0.0250955 9.9964E-05 0.0263376 0.0253776 9.9964E-05 0.649253 0.0315356 0.0251285 9.9964E-05 0.030893 0.011843 9.9964E-05
0.0261428 9.9955E-05 9.9955E-05 0.0192827 0.00939484 9.9955E-05 0.100739 0.627543 0.0273232 9.9955E-05 0.0609542 9.9955E-05 0.0711532 0.0569664
0.0593899 0.0342085 0.0103174 0.00230133 0.0164422 0.111141 9.9964E-05 0.65867 0.0182096 9.9964E-05 0.0419159 0.0470045 9.9964E-05 9.9964E-05
9.9955E-05 0.0909034 9.9955E-05 0.0102269 0.00439377 9.9955E-05 0.449252 0.0790209 0.0169092 0.00719507 9.9955E-05 9.9955E-05 0.22082 0.120779
9.98828E-05 9.98828E-05 9.98828E-05 0.998702 9.98828E-05 9.98828E-05 9.98828E-05 9.98828E-05 9.98828E-05 9.98828E-05 9.98828E-05 9.98828E-05 9.98828E-05 9.98828E-05
9.9955E-05 0.184258 0.0134148 9.9955E-05 0.00449036 9.9955E-05 0.471313 9.9955E-05 9.9955E-05 0.0227588 0.108234 0.0356953 0.112668 0.0466685
9.9964E-05 0.179748 9.9964E-05 0.0110549 0.0129047 0.0246278 0.499143 0.0189258 9.9964E-05 0.0155772 0.122324 0.00254126 0.112754 9.9964E-05
9.9937E-05 0.224051 9.9937E-05 0.0626791 0.00346448 9.9937E-05 0.278908 9.9937E-05 9.9937E-05 9.9937E-05 0.269267 0.00431804 0.156613 9.9937E-05
0.0185539 0.297997 0.022586 9.9964E-05 0.0211925 0.0434753 0.23292 0.0213623 9.9964E-05 9.9964E-05 0.151138 0.00880281 0.181573 9.9964E-05
9.98827E-05 0.998702 9.98827E-05 9.98827E-05 9.98827E-05 9.98827E-05 9.98827E-05 9.98827E-05 9.98827E-05 9.98827E-05 9.98827E-05 9.98827E-05 9.98827E-05 9.98827E-05
9.98828E-05 9.98828E-05 9.98828E-05 0.998702 9.98828E-05 9.98828E-05 9.98828E-05 9.98828E-05 9.98828E-05 9.98828E-05 9.98828E-05 9.98828E-05 9.98828E-05 9.98828E-05
0.115424 0.308362 9.9946E-05 0.0332233 0.0232788 9.9946E-05 0.323231 0.000250183 0.0391274 9.9946E-05 0.156503 9.9946E-05 9.9946E-05 9.9946E-05
0.0456754 0.328115 0.0500417 9.9964E-05 0.0165049 0.147002 0.103994 9.9964E-05 9.9964E-05 0.00313293 0.00133364 0.00969542 0.294105 9.9964E-05
0.0415089 0.331784 0.0021909 0.0721767 0.0378683 0.0421857 0.0656608 9.9964E-05 9.9964E-05 9.9964E-05 0.120959 0.024982 0.260284 9.9964E-05
0.0194166 0.385556 0.0197149 0.0304768 0.0143955 9.9964E-05 0.126062 9.9964E-05 9.9964E-05 9.9964E-05 0.0762757 0.0308611 0.260622 0.0362199
0.0400942 0.246616 0.0186848 0.106566 0.0205634 9.9964E-05 0.22068 9.9964E-05 9.9964E-05 9.9964E-05 0.134579 0.0498462 0.100348 0.0616234
0.0006422 0.451569 9.9964E-05 0.0621779 0.0162917 9.9964E-05 0.146975 9.9964E-05 9.9964E-05 0.035985 0.0487219 0.0113211 0.179353 0.0465628
9.997E-05 0.519914 0.00311522 0.0301478 0.0151415 0.0209793 0.0994691 0.00662076 9.997E-05 0.0181384 0.192168 0.00567457 0.0883319 9.997E-05
9.9937E-05 0.257985 9.9937E-05 0.102818 9.9937E-05 0.0554208 0.226341 9.9937E-05 9.9937E-05 0.026253 0.123973 9.9937E-05 0.20651 9.9937E-05
9.9946E-05 0.0108169 9.9946E-05 0.0414823 0.0331614 0.0347447 0.51973 9.9946E-05 9.9946E-05 0.0166456 0.341838 0.000981362 9.9946E-05 9.9946E-05
9.9964E-05 0.206782 0.046497 0.0459737 0.0481298 9.9964E-05 0.0164041 0.208845 9.9964E-05 0.00955287 0.248212 0.009093 0.16011 9.9964E-05
0.0934931 0.278455 9.9964E-05 0.0212485 0.0257797 0.0801886 0.0655147 0.17222 9.9964E-05 9.9964E-05 0.0816954 0.00506041 0.175944 9.9964E-05
0.0934993 0.16774 9.9955E-05 0.0648012 0.021481 9.9955E-05 0.0892527 0.390994 9.9955E-05 9.9955E-05 0.0273368 0.0173982 0.126997 9.9955E-05
9.98826E-05 0.998702 9.98826E-05 9.98826E-05 9.98826E-05 9.98826E-05 9.98826E-05 9.98826E-05 9.98826E-05 9.98826E-05 9.98826E-05 9.98826E-05 9.98826E-05 9.98826E-05
0.0813708 0.26477 0.033627 0.0767723 0.0537875 9.9973E-05 0.141526 0.0898966 0.00610996 9.9973E-05 0.0879819 0.0663469 9.9973E-05 0.0975114
9.9964E-05 0.430447 9.9964E-05 0.0315674 0.0256984 0.0272756 0.246062 0.0472067 9.9964E-05 9.9964E-05 0.00820569 0.00492016 0.159564 0.0186535
9.98828E-05 9.98828E-05 9.98828E-05 9.98828E-05 9.98828E-05 9.98828E-05 9.98828E-05 9.98828E-05 9.98828E-05 9.98828E-05 9.98828E-05 9.98828E-05 0.998702 9.98828E-05
9.9964E-05 0.292063 0.0207526 0.0147943 9.9964E-05 9.9964E-05 0.284396 9.9964E-05 0.0216647 0.0451116 0.0288238 0.0435189 0.222962 0.0255141
0.0623397 0.437221 9.9946E-05 0.0144968 9.9946E-05 9.9946E-05 0.237653 0.00783827 9.9946E-05 0.018148 9.9946E-05 0.0319175 0.189786 9.9946E-05
0.0390074 0.0469457 9.9964E-05 0.0337871 0.0654704 9.9964E-05 0.245535 0.169133 0.165107 9.9964E-05 9.9964E-05 0.0522209 0.0570135 0.12538
9.9937E-05 0.101985 9.9937E-05 0.039931 0.034438 9.9937E-05 0.122866 0.161895 0.530607 9.9937E-05 9.9937E-05 0.0075791 9.9937E-05 9.9937E-05
9.9955E-05 9.9955E-05 9.9955E-05 0.0705165 0.0148168 0.202152 0.21966 0.0868605 0.060905 0.0410237 0.13237 9.9955E-05 0.171195 9.9955E-05
9.98828E-05 9.98828E-05 9.98828E-05 9.98828E-05 9.98828E-05 9.98828E-05 9.98828E-05 9.98828E-05 9.98828E-05 9.98828E-05 9.98828E-05 9.98828E-05 0.998702 9.98828E-05
9.98828E-05 9.98828E-05 9.98828E-05 9.98828E-05 9.98828E-05 9.98828E-05 9.98828E-05 9.98828E-05 9.98828E-05 9.98828E-05 9.98828E-05 9.98828E-05 0.998702 9.98828E-05
0.00838659 0.245603 0.00270106 0.054921 9.9973E-05 0.0407996 0.231571 0.0211697 0.0212711 9.9973E-05 0.136222 0.0194956 0.217559 9.9973E-05
9.98919E-05 9.98919E-05 9.98919E-05 9.98919E-05 9.98919E-05 9.98919E-05 0.861474 9.98919E-05 9.98919E-05 9.98919E-05 9.98919E-05 0.137327 9.98919E-05 9.98919E-05
0.0454823 0.548552 0.0141318 0.0299308 0.00415701 0.0321462 0.108012 0.0538037 9.997E-05 9.997E-05 0.08466 0.0127235 0.0661004 9.997E-05
9.9955E-05 0.567415 9.9955E-05 9.9955E-05 0.0135209 0.0307226 0.115768 0.0106585 0.0410298 0.0159972 0.0654368 9.9955E-05 0.138951 9.9955E-05
0.00657785 9.9973E-05 0.0243467 0.0461905 0.0186736 0.0619648 0.747998 0.0192263 0.0349427 0.0238964 9.9973E-05 0.000184297 9.9973E-05 0.0156989
0.00998451 0.0310552 9.9946E-05 9.9946E-05 0.0390658 0.0661318 0.719116 9.9946E-05 9.9946E-05 0.00462912 9.9946E-05 9.9946E-05 0.0236981 0.10572
9.99279E-05 0.220705 9.99279E-05 9.99279E-05 0.0280217 9.99279E-05 0.573877 9.99279E-05 0.0498951 0.0209515 9.99279E-05 9.99279E-05 9.99279E-05 0.105751
0.0392903 0.0536573 0.0146873 0.046641 9.9964E-05 0.12575 0.470351 9.9964E-05 9.9964E-05 0.0208138 0.118004 0.000314614 0.110091 9.9964E-05
9.9982E-05 0.0608774 0.00103332 0.0474598 0.057378 9.9982E-05 0.428001 0.0284486 0.0489919 0.0258577 0.230432 0.0319112 0.0376721 0.0017365
0.0727272 0.325227 9.9955E-05 0.0244793 0.0260085 9.9955E-05 0.204785 0.0434004 9.9955E-05 9.9955E-05 0.13387 0.00034255 0.16866 9.9955E-05
0.0106232 0.208507 9.9955E-05 0.0114206 0.0256454 9.9955E-05 0.110461 9.9955E-05 9.9955E-05 9.9955E-05 0.221728 0.00969839 0.330209 0.0712072
0.0271965 0.179642 9.9955E-05 0.045628 0.0643496 9.9955E-05 0.482396 0.0397475 9.9955E-05 9.9955E-05 0.0505716 0.00710476 0.102864 9.9955E-05
9.9964E-05 0.148461 0.0240974 0.00178393 0.0262371 0.0695918 0.431086 9.9964E-05 9.9964E-05 0.0174026 0.104723 0.0124592 0.163758 9.9964E-05
9.997E-05 0.320052 0.0149434 0.0691257 0.0219022 9.997E-05 0.168277 9.997E-05 0.0691471 0.0282649 0.0427257 0.0970964 0.148701 0.019464
0.0143203 0.432374 0.00635154 0.00677933 9.99459E-05 9.99459E-05 0.248819 9.99459E-05 9.99459E-05 0.00166984 0.225457 9.99459E-05 0.06363 9.99459E-05
9.98828E-05 9.98828E-05 9.98828E-05 9.98828E-05 9.98828E-05 9.98828E-05 9.98828E-05 9.98828E-05 9.98828E-05 9.98828E-05 9.98828E-05 0.998702 9.98828E-05 9.98828E-05
0.0618567 0.0935759 0.0304216 0.0755693 0.0431255 9.9982E-05 0.282747 0.0372654 0.023243 0.0115882 0.212475 0.0323174 0.0956155 9.9982E-05
0.00868584 0.460199 0.00286144 9.9955E-05 9.9955E-05 0.072273 0.30551 9.9955E-05 9.9955E-05 0.0146678 0.0137653 0.00723934 0.114298 9.9955E-05
0.0591305 0.329054 0.00125412 9.9955E-05 0.00277482 9.9955E-05 0.421272 9.9955E-05 0.0498799 0.013256 9.9955E-05 0.0420759 0.0808022 9.9955E-05
0.0285107 0.3922 9.9955E-05 0.0162424 9.9955E-05 0.00643284 0.224055 0.0978938 0.0081184 9.9955E-05 0.107075 9.9955E-05 0.118972 9.9955E-05
9.99459E-05 0.161046 9.99459E-05 0.0144293 0.0667583 0.0260673 0.356894 9.99459E-05 9.99459E-05 0.0145179 0.3069 9.99459E-05 0.0527881 9.99459E-05
0.030144 0.135328 9.99549E-05 0.0018688 0.0332447 0.109838 0.312001 9.99549E-05 9.99549E-05 9.99549E-05 0.1762 0.00857296 0.192302 9.99549E-05
9.98829E-05 9.98829E-05 9.98829E-05 9.98829E-05 0.998702 9.98829E-05 9.98829E-05 9.98829E-05 9.98829E-05 9.98829E-05 9.98829E-05 9.98829E-05 9.98829E-05 9.98829E-05
9.98828E-05 9.98828E-05 9.98828E-05 9.98828E-05 9.98828E-05 9.98828E-05 9.98828E-05 9.98828E-05 9.98828E-05 9.98828E-05 9.98828E-05 0.998702 9.98828E-05 9.98828E-05
9.98829E-05 9.98829E-05 9.98829E-05 9.98829E-05 0.998702 9.98829E-05 9.98829E-05 9.98829E-05 9.98829E-05 9.98829E-05 9.98829E-05 9.98829E-05 9.98829E-05 9.98829E-05
9.9946E-05 0.113923 0.0146098 0.0665673 9.9946E-05 0.00437793 0.744257 9.9946E-05 0.0247461 0.000241306 9.9946E-05 9.9946E-05 0.030677 9.9946E-05
9.9955E-05 0.168698 0.020843 0.0342411 0.0672912 0.13949 0.499242 9.9955E-05 0.00754594 0.035426 9.9955E-05 0.0267217 9.9955E-05 9.9955E-05
0.0576769 0.12375 9.9955E-05 0.0474768 0.0501024 9.9955E-05 0.402376 9.9955E-05 9.9955E-05 9.9955E-05 0.0961837 0.0195399 0.0789368 0.123457
0.0380171 0.328811 0.00897735 0.0309844 0.042058 9.9973E-05 0.320129 9.9973E-05 9.9973E-05 0.00580001 0.0177964 0.0197568 0.128331 0.05904
0.0436576 0.553176 0.00358608 0.0247782 0.0027354 0.0842052 9.9964E-05 0.0103793 9.9964E-05 9.9964E-05 0.106685 0.0272449 0.143153 9.9964E-05
9.98919E-05 9.98919E-05 9.98919E-05 9.98919E-05 9.98919E-05 9.98919E-05 0.902789 9.98919E-05 9.98919E-05 9.98919E-05 9.98919E-05 0.0960121 9.98919E-05 9.98919E-05
0.0163357 0.0992192 0.0159264 0.0189472 0.0526234 9.9991E-05 0.445102 0.0725781 0.0345324 0.0380932 0.0236458 0.0513709 0.119136 0.0123896
0.0101934 0.00463668 0.00388157 0.0682505 9.9937E-05 9.9937E-05 0.0705201 9.9937E-05 9.9937E-05 9.9937E-05 0.830273 9.9937E-05 9.9937E-05 0.0115457
9.9928E-05 9.9928E-05 9.9928E-05 9.9928E-05 0.0136081 9.9928E-05 0.0184935 9.9928E-05 0.0117036 9.9928E-05 0.837853 0.0145918 0.102951 9.9928E-05
9.9937E-05 9.9937E-05 0.013072 9.9937E-05 0.0158994 0.0540052 9.9937E-05 9.9937E-05 9.9937E-05 0.0211195 0.74072 0.0338111 0.120673 9.9937E-05
9.9919E-05 9.9919E-05 0.00669162 0.0170959 9.9919E-05 9.9919E-05 0.134785 9.9919E-05 9.9919E-05 0.0127757 0.827752 9.9919E-05 9.9919E-05 9.9919E-05
9.994E-05 0.0703599 9.994E-05 9.994E-05 0.0203091 0.219406 0.0958962 0.0101939 9.994E-05 0.0192919 0.550767 0.0131756 9.994E-05 9.994E-05
9.9928E-05 9.9928E-05 9.9928E-05 0.0103737 0.00239323 9.9928E-05 9.9928E-05 9.9928E-05 0.00971842 9.9928E-05 0.908933 0.00856169 9.9928E-05 0.059221
0.0115321 9.9892E-05 9.9892E-05 9.9892E-05 9.9892E-05 9.9892E-05 9.9892E-05 9.9892E-05 9.9892E-05 9.9892E-05 0.987269 9.9892E-05 9.9892E-05 9.9892E-05
0.0234542 9.9946E-05 0.00597707 9.9946E-05 9.9946E-05 0.0452754 0.0523074 9.9946E-05 9.9946E-05 0.0110835 0.732245 0.0068349 0.122223 9.9946E-05
9.9928E-05 9.9928E-05 0.0128586 0.0117138 0.0133 0.00970453 9.9928E-05 0.0372244 9.9928E-05 9.9928E-05 0.914399 9.9928E-05 9.9928E-05 9.9928E-05
0.0043716 0.0554814 0.0483545 0.00393345 0.00278166 9.9973E-05 0.0603785 0.0500851 9.9973E-05 9.9973E-05 0.705784 0.0454383 0.00578888 0.0173023
9.9964E-05 0.0119454 9.9964E-05 0.0178331 0.0139636 0.0196999 0.0513363 0.0247508 9.9964E-05 0.00755918 0.74244 9.9964E-05 0.028007 0.0820648
9.9928E-05 0.000315441 9.9928E-05 9.9928E-05 0.0213365 9.9928E-05 9.9928E-05 9.9928E-05 0.677345 9.9928E-05 0.175367 0.0127209 9.9928E-05 0.112116
0.000930121 9.9946E-05 0.0183754 9.9946E-05 9.9946E-05 9.9946E-05 9.9946E-05 0.0177788 0.648021 0.0120324 0.256211 0.0253384 9.9946E-05 0.0207128
0.0239824 9.9982E-05 0.0201063 0.0143923 0.0123912 0.00616353 0.0274448 0.071029 0.626278 0.00185266 9.9982E-05 0.00147525 0.0954877 0.0991966
0.0419846 9.9937E-05 0.00858202 9.9937E-05 0.00438161 0.0479572 9.9937E-05 0.0854432 0.649018 9.9937E-05 9.9937E-05 9.9937E-05 0.161934 9.9937E-05
9.9928E-05 0.125409 0.0416345 9.9928E-05 9.9928E-05 9.9928E-05 0.0314446 0.0812683 0.662153 0.0572911 9.9928E-05 9.9928E-05 9.9928E-05 9.9928E-05
0.0217189 0.0496985 0.0174512 0.0165386 0.000775022 0.0821786 0.0819993 9.9964E-05 0.675224 9.9964E-05 0.0442475 0.00976817 9.9964E-05 9.9964E-05
0.00359557 0.00168723 9.9937E-05 0.000483391 9.9937E-05 0.258785 9.9937E-05 0.0393972 0.631165 9.9937E-05 9.9937E-05 0.0641875 9.9937E-05 9.9937E-05
9.9937E-05 9.9937E-05 0.0281673 9.9937E-05 9.9937E-05 0.0322516 9.9937E-05 9.9937E-05 0.724729 0.0151992 0.0490889 0.0244066 0.125457 9.9937E-05
0.00558343 9.9973E-05 0.00426692 0.0262977 0.0581313 0.0302765 0.146718 0.0382677 0.511126 0.0539191 9.9973E-05 9.9973E-05 0.106 0.0191132
9.9937E-05 9.9937E-05 9.9937E-05 9.9937E-05 9.9937E-05 0.0717386 9.9937E-05 0.170567 0.59236 0.00247329 0.143901 0.0162128 0.00204762 9.9937E-05
0.019887 0.061795 0.028804 0.0256061 0.0108075 0.0351324 9.9955E-05 0.0564676 0.715154 9.9955E-05 9.9955E-05 9.9955E-05 0.0458465 9.9955E-05
0.0529209 9.9946E-05 9.9946E-05 0.0446997 9.9946E-05 0.0254228 0.0169197 0.103138 0.723072 9.9946E-05 9.9946E-05 9.9946E-05 0.0237303 0.00949709
0.0401774 9.9955E-05 0.0122054 9.9955E-05 0.0364955 0.0432017 9.9955E-05 0.0673743 0.599101 9.9955E-05 0.0828331 9.9955E-05 0.105619 0.0124933
9.9955E-05 9.9955E-05 0.000786815 0.0297645 0.0168313 9.9955E-05 0.351064 0.0559178 0.521606 0.00222527 0.00711915 9.9955E-05 9.9955E-05 0.0141854
9.9955E-05 9.9955E-05 0.00302846 0.022286 0.0173296 9.9955E-05 0.217074 9.9955E-05 0.616579 0.049674 0.00848579 0.00293384 9.9955E-05 0.0621097
0.0450121 0.0238562 0.00399603 0.0527215 9.9937E-05 9.9937E-05 0.147588 9.9937E-05 0.6973 0.0288267 9.9937E-05 9.9937E-05 9.9937E-05 9.9937E-05
9.9946E-05 9.9946E-05 9.9946E-05 0.0533889 0.0405286 0.01638 9.9946E-05 9.9946E-05 0.765397 0.0148508 0.0897236 0.0123978 0.00673341 9.9946E-05
9.9955E-05 9.9955E-05 0.015494 0.0249151 0.0281409 9.9955E-05 0.0853756 0.00282976 0.695921 0.0541207 0.0833595 9.9955E-05 0.00934393 9.9955E-05
0.086397 0.0012358 0.00249436 9.9955E-05 0.0250213 9.9955E-05 9.9955E-05 9.9955E-05 0.745569 0.0027674 9.9955E-05 0.0197102 0.000176182 0.116129
9.9937E-05 9.9937E-05 0.0114273 9.9937E-05 0.00265469 0.0843581 0.233305 0.0097428 0.628148 0.0296645 9.9937E-05 9.9937E-05 9.9937E-05 9.9937E-05
9.99527E-05 9.99527E-05 0.00172488 9.99527E-05 0.0149582 9.99527E-05 0.263475 0.0323171 0.578919 0.0488794 9.99527E-05 0.00162169 9.99527E-05 0.0575046
9.9955E-05 0.0217079 0.00583628 9.9955E-05 0.0309956 9.9955E-05 9.9955E-05 0.0521321 0.682935 9.9955E-05 0.143847 0.0106969 0.0213536 0.029996
0.0177885 9.9955E-05 9.9955E-05 0.00974071 0.0365229 0.0644092 0.154876 9.9955E-05 0.67882 9.9955E-05 0.00406789 0.0164528 9.9955E-05 0.0168222
9.9919E-05 9.9919E-05 9.9919E-05 0.00129935 9.9919E-05 0.184275 0.122469 9.9919E-05 0.666089 9.9919E-05 9.9919E-05 9.9919E-05 0.024968 9.9919E-05
0.0361657 9.9955E-05 9.9955E-05 0.0311337 0.000991479 0.164761 0.0985616 9.9955E-05 0.554574 9.9955E-05 9.9955E-05 0.0451427 0.0192633 0.0489068
0.0120543 9.9937E-05 0.00923548 9.9937E-05 9.9937E-05 0.113717 0.179549 9.9937E-05 0.620564 0.0223304 0.0418508 9.9937E-05 9.9937E-05 9.9937E-05
0.0414918 9.9973E-05 0.0215095 0.000980828 0.0329029 9.9973E-05 0.0740623 0.0487113 0.638269 0.0193218 0.0366914 9.9973E-05 0.00257842 0.0831804
0.0620857 0.000319149 0.0115326 0.0736977 9.9964E-05 9.9964E-05 0.128739 0.0337387 0.621942 9.9964E-05 0.013264 0.0112915 9.9964E-05 0.0429897
0.016602 9.9973E-05 0.0189398 0.0203325 0.00517349 0.0830784 0.116291 0.0143353 0.608556 0.0293071 9.9973E-05 0.0105296 0.0765544 9.9973E-05
9.9937E-05 9.9937E-05 9.9937E-05 0.0366321 0.0144317 0.168947 9.9937E-05 0.0338673 0.674424 9.9937E-05 9.9937E-05 0.0592238 0.0117739 9.9937E-05
9.9928E-05 0.0590163 9.9928E-05 0.0177044 9.9928E-05 9.9928E-05 9.9928E-05 0.0768812 0.723216 9.9928E-05 0.0903082 0.0320743 9.9928E-05 9.9928E-05
0.0331542 0.035817 0.00964724 9.9964E-05 9.9964E-05 9.9964E-05 0.0863192 0.0975844 0.598473 0.016201 0.047616 0.0151744 9.9964E-05 0.0596135
9.9937E-05 9.9937E-05 0.00470879 9.9937E-05 9.9937E-05 9.9937E-05 0.0435654 0.0539939 0.651961 0.0184679 9.9937E-05 9.9937E-05 0.0908082 0.135795
9.9946E-05 9.9946E-05 9.9946E-05 0.0172602 0.00496823 0.0308739 9.9946E-05 9.9946E-05 0.690515 0.00438001 9.9946E-05 0.0404009 0.123885 0.087117
9.9964E-05 0.00847412 0.0354385 0.00333687 0.00764947 0.0617996 0.0869971 9.9964E-05 0.692549 0.024489 0.0390616 9.9964E-05 0.0398052 9.9964E-05
0.00212475 9.9946E-05 0.022972 0.0198047 9.9946E-05 0.00758051 0.25208 0.600432 0.0378913 9.9946E-05 9.9946E-05 9.9946E-05 9.9946E-05 0.0565153
0.0068979 9.9928E-05 9.9928E-05 9.9928E-05 9.9928E-05 9.9928E-05 0.373767 0.437914 0.0575671 0.00775941 9.9928E-05 9.9928E-05 9.9928E-05 0.115295
0.0892793 9.9937E-05 0.0206632 9.9937E-05 9.9937E-05 0.0238438 0.343244 0.474504 9.9937E-05 0.00679508 9.9937E-05 9.9937E-05 9.9937E-05 0.0409708
0.0618269 9.9937E-05 9.9937E-05 0.0225063 0.0105947 9.9937E-05 0.29894 0.443051 0.0829407 9.9937E-05 9.9937E-05 9.9937E-05 9.9937E-05 0.0794406
0.0730308 9.9973E-05 9.9973E-05 0.00317638 0.0255878 0.0354816 0.206586 0.505046 0.03791 0.00601116 0.0266105 9.9973E-05 0.0172237 0.0630363
9.9955E-05 0.0524436 0.0119637 9.9955E-05 0.0207852 9.9955E-05 9.9955E-05 0.621313 0.0499959 0.00729814 0.110495 0.0253823 9.9955E-05 0.0998235
9.99101E-05 9.99101E-05 9.99101E-05 9.99101E-05 9.99101E-05 0.0141336 0.197491 0.7485 9.99101E-05 9.99101E-05 9.99101E-05 9.99101E-05 9.99101E-05 0.0388762
0.0986455 9.9928E-05 9.9928E-05 9.9928E-05 9.9928E-05 9.9928E-05 0.167614 0.513836 0.0101048 9.9928E-05 0.0070978 9.9928E-05 9.9928E-05 0.201903
