0.936474 0.0071604 9.9973E-05 9.9973E-05 9.9973E-05 0.0560657
0.74677 0.0977262 0.0121826 0.143121 9.9982E-05 9.9982E-05
0.867751 0.0395099 9.9982E-05 0.00258759 0.0899516 9.9982E-05
0.764059 9.9982E-05 0.0875025 0.115983 0.032256 9.9982E-05
0.837494 0.0418936 9.9991E-05 0.0470701 0.0525614 0.0208811
0.872744 9.9973E-05 0.0705777 0.056378 9.9973E-05 9.9973E-05
0.941985 9.99707E-05 9.99707E-05 0.0576154 9.99707E-05 9.99707E-05
0.836371 0.0464776 0.0162007 0.0595474 0.00146592 0.0399372
0.802893 0.0587166 9.9982E-05 0.0815201 0.0566703 9.9982E-05
0.849743 0.0257042 9.9982E-05 0.0919907 9.9982E-05 0.0323624
0.813615 0.0238965 0.0645746 0.0949348 0.00287908 9.9991E-05
0.760935 0.118544 9.9982E-05 0.0286568 0.0916646 9.9982E-05
0.804976 0.0590208 0.0190104 9.9991E-05 0.0490984 0.0677945
0.77518 9.9991E-05 0.0122392 0.0897847 0.0478057 0.0748901
0.833369 0.116393 9.9982E-05 0.035214 0.0148244 9.9982E-05
0.873489 9.9973E-05 0.00337008 0.122841 9.9973E-05 9.9973E-05
0.927072 9.9964E-05 0.0725277 9.9964E-05 9.9964E-05 9.9964E-05
0.988721 9.9964E-05 0.0108788 9.9964E-05 9.9964E-05 9.9964E-05
0.9995 9.996E-05 9.996E-05 9.996E-05 9.996E-05 9.996E-05
0.926618 9.9973E-05 0.065932 9.9973E-05 0.00714975 9.9973E-05
9.996E-05 9.996E-05 9.996E-05 9.996E-05 0.9995 9.996E-05
0.0583798 0.0818753 0.0105517 0.0347535 0.736852 0.0775875
0.0375122 0.0719862 9.9991E-05 0.0648924 0.708593 0.116916
9.9982E-05 0.0239654 0.000379931 9.9982E-05 0.811412 0.164043
0.0131762 0.0655669 9.9973E-05 9.9973E-05 0.920957 9.9973E-05
0.0610722 0.0125785 9.9982E-05 9.9982E-05 0.887877 0.0382724
9.9982E-05 0.0281071 9.9982E-05 0.0467536 0.780126 0.144814
9.996E-05 9.996E-05 9.996E-05 9.996E-05 0.9995 9.996E-05
0.0169042 0.117 0.0206825 0.0590809 0.772877 0.0134551
0.0289292 0.0750129 0.0679817 0.0729508 0.617413 0.137713
9.9973E-05 0.0836835 9.9973E-05 0.192662 0.723354 9.9973E-05
9.999E-05 0.0282141 0.019057 0.102909 0.764403 0.0853165
0.0365332 9.9991E-05 0.0288373 0.0506221 0.738155 0.145752
9.9982E-05 0.192252 0.00159516 0.158283 0.64767 9.9982E-05
0.0544425 0.229642 0.0379131 0.0332083 0.608514 0.03628
0.0638351 0.281861 9.9982E-05 0.23727 0.416834 9.9982E-05
9.9991E-05 0.161998 0.0130305 0.0414338 0.673225 0.110213
9.9991E-05 0.123859 0.0254415 0.0292214 0.0534295 0.767949
9.9982E-05 0.153369 0.0276637 0.0529859 9.9982E-05 0.765782
0.0396535 0.148736 0.00596448 0.0277146 0.0382947 0.739637
0.0183025 0.076584 0.00179916 0.0536905 0.028686 0.820938
0.0508393 0.0833807 0.102084 9.9982E-05 9.9982E-05 0.763496
9.9982E-05 0.113182 0.0251834 0.035827 9.9982E-05 0.825608
0.0664956 9.9991E-05 0.0830512 0.179852 0.00993111 0.66057
0.00884128 9.9982E-05 0.0632702 9.9982E-05 0.105065 0.822624
0.0262754 9.9991E-05 0.0156863 0.07546 0.125427 0.757052
9.9973E-05 0.070076 0.0796617 9.9973E-05 9.9973E-05 0.849962
0.0291541 9.9982E-05 0.0273859 0.053219 9.9982E-05 0.890041
0.0541924 9.9973E-05 0.0308099 9.9973E-05 9.9973E-05 0.914698
0.0519086 9.9991E-05 0.0538071 0.0712111 0.0324737 0.790499
0.00481645 9.9991E-05 0.0426521 0.0757909 0.0131583 0.863482
0.00668998 9.9982E-05 0.0467307 9.9982E-05 0.0779099 0.868469
9.9964E-05 9.9964E-05 0.139137 9.9964E-05 9.9964E-05 0.860464
0.102929 0.0241521 0.0168362 9.9991E-05 0.0278561 0.828127
0.0177611 0.028642 0.0723827 0.0306163 0.0343232 0.816275
0.0182343 0.148373 9.9991E-05 0.0604284 0.0376183 0.735246
0.0758907 9.9991E-05 0.0955687 0.0502869 0.0245932 0.75356
0.0573883 0.620151 0.0685939 0.0544446 0.0537347 0.145687
0.0648372 0.909082 0.0252912 9.9982E-05 0.000589704 9.9982E-05
0.0230892 0.648263 0.199309 0.0407508 0.0367071 0.0518806
9.9973E-05 0.681444 0.164426 9.9973E-05 9.9973E-05 0.15383
9.9982E-05 0.894216 0.0546595 0.00133673 9.9982E-05 0.0495877
0.0406753 0.603407 0.211951 9.9982E-05 9.9982E-05 0.143767
0.0120438 9.9982E-05 0.906278 0.00146568 0.0800129 9.9982E-05
0.0151066 0.835988 0.112691 0.00743186 0.0286828 9.9991E-05
0.102919 0.613793 0.150218 0.0802349 9.9991E-05 0.0527347
0.0717122 0.444533 0.236128 9.9991E-05 0.191075 0.0564513
0.0609536 0.542832 0.300661 9.9991E-05 0.045256 0.0501973
9.9973E-05 0.606713 0.280918 9.9973E-05 0.112069 9.9973E-05
0.0547652 0.546278 0.28971 0.0058085 0.103338 9.9991E-05
0.0343544 0.749599 0.215747 9.9973E-05 9.9973E-05 9.9973E-05
0.0149986 0.699391 0.209935 9.9982E-05 9.9982E-05 0.0754757
0.0360252 0.662348 0.242288 9.9982E-05 0.0591393 9.9982E-05
0.00704482 0.690528 0.0970836 0.101591 0.0828652 0.0208876
9.9982E-05 0.370946 0.145121 9.9982E-05 0.117459 0.366274
0.0760613 0.552565 0.141648 9.9982E-05 9.9982E-05 0.229525
0.108335 0.321812 0.12862 9.9982E-05 9.9982E-05 0.441032
9.9982E-05 0.040376 0.898074 9.9982E-05 0.00538706 0.0559625
0.0715396 0.303586 0.320807 0.0460363 0.118018 0.140013
9.9991E-05 0.574389 0.294791 0.00550803 0.0254863 0.0997257
0.0455022 0.567036 0.176611 0.0618385 0.035809 0.113203
0.0643921 0.628569 0.237226 9.9982E-05 0.0696133 9.9982E-05
0.0902978 0.629921 0.165223 9.9982E-05 9.9982E-05 0.114358
0.0377688 0.29352 0.143208 0.21978 0.0621469 0.243577
0.00634755 0.188984 0.0441907 0.614795 9.9991E-05 0.145583
0.0870352 0.615111 9.9991E-05 0.0927485 0.0055974 0.199408
0.0389673 0.614439 0.144952 0.0783311 9.9991E-05 0.123211
9.9991E-05 0.684792 0.0228988 0.159249 0.0250164 0.107944
9.9982E-05 0.742398 0.0605166 0.0624696 9.9982E-05 0.134416
9.9982E-05 0.49199 0.445544 9.9982E-05 0.00587939 0.0563868
9.9991E-05 0.498433 0.340936 0.0214483 0.00355839 0.135525
9.9982E-05 0.658221 0.20491 9.9982E-05 0.0225345 0.114135
0.115085 0.566543 0.0632993 0.110965 0.13615 0.00795756
0.06232 0.559735 0.180258 0.0926099 0.0995713 0.00550659
0.0517305 0.673105 0.168198 0.106766 9.9982E-05 9.9982E-05
0.11164 0.633206 0.117378 0.116149 0.0215272 9.9991E-05
0.0637802 0.458214 0.261098 0.155369 0.0262335 0.0353054
0.0614041 0.527663 0.263504 9.9991E-05 0.00578561 0.141543
0.0398175 0.673645 0.181476 9.9991E-05 0.0525229 0.0524386
0.0398039 0.55304 0.278239 0.029386 9.9991E-05 0.0994305
0.105823 0.61617 0.141487 0.0480891 0.0536843 0.0347473
0.0498502 0.48847 0.322212 0.117869 0.0214992 9.9991E-05
0.0316809 0.699693 0.154698 9.9991E-05 0.0755799 0.0382474
9.996E-05 9.996E-05 0.9995 9.996E-05 9.996E-05 9.996E-05
0.0852575 0.538099 0.231296 0.0897677 9.9991E-05 0.0554793
0.0360868 0.730906 0.138516 9.9991E-05 0.0261393 0.0682513
0.0330433 0.652687 0.153883 0.13437 9.9991E-05 0.0259166
0.0312175 0.572314 0.205607 0.0477493 9.9991E-05 0.143012
0.0895111 0.664703 0.118094 0.0280331 9.9991E-05 0.0995591
0.040698 0.724829 0.107906 0.0128687 0.0745581 0.0391401
9.996E-05 9.996E-05 0.9995 9.996E-05 9.996E-05 9.996E-05
9.996E-05 9.996E-05 0.9995 9.996E-05 9.996E-05 9.996E-05
9.996E-05 9.996E-05 0.9995 9.996E-05 9.996E-05 9.996E-05
0.0336249 0.617261 0.22333 0.0942235 0.0281101 0.00345091
0.0446289 0.555735 0.225519 0.0965962 0.0640039 0.0135168
0.116247 0.592493 0.179142 0.0316629 0.0803545 9.9991E-05
0.0848162 0.549755 0.254068 9.9982E-05 9.9982E-05 0.111161
0.0204858 0.55628 0.258683 9.9991E-05 0.0932072 0.0712447
0.0599859 0.486776 0.390229 0.0325108 0.0303986 9.9991E-05
0.0729939 0.595525 0.175312 0.129379 0.000240152 0.0265507
0.0311893 0.679569 0.01994 0.187011 0.0821904 9.9991E-05
9.9982E-05 0.586088 0.105533 0.270183 0.0379961 9.9982E-05
0.00891099 0.562496 0.0904606 0.038588 0.269038 0.0305059
0.017369 0.643655 9.9982E-05 0.139154 0.199622 9.9982E-05
0.0333909 0.45078 0.135006 0.177588 0.203135 9.9991E-05
0.0202083 0.518207 0.0111859 0.214517 0.235781 9.9991E-05
0.0282084 0.522054 0.0127148 0.220254 0.185191 0.0315771
0.085315 0.584269 0.013486 0.071834 0.244996 9.9991E-05
0.00020594 0.527151 0.0184686 0.188587 0.152547 0.11304
0.00484603 0.549972 0.0617154 0.0969581 0.145279 0.14123
0.0153735 0.598022 9.9991E-05 0.0772155 0.212811 0.096478
9.99945E-05 0.0427117 0.0489563 0.766089 0.0760615 0.0660816
0.032404 0.036695 9.9991E-05 0.814509 0.0594067 0.0568851
0.0321757 0.0422088 9.9991E-05 0.815033 0.0684174 0.0420649
0.0523075 9.9973E-05 9.9973E-05 0.800246 9.9973E-05 0.147146
0.0489137 9.9991E-05 0.0155933 0.739042 0.0783491 0.118001
0.0461166 0.0754114 0.0374939 0.738344 0.102109 0.000525032
9.9982E-05 9.9982E-05 0.0902199 0.782297 0.0545052 0.0727782
9.9973E-05 0.0235555 9.9973E-05 0.844404 0.131741 9.9973E-05
0.0823937 0.0333251 0.104732 0.569365 0.0965305 0.113655
0.0110037 9.9991E-05 0.0191642 0.706944 0.0915095 0.171279
0.00631861 9.9991E-05 0.0289906 0.846065 0.0239945 0.0945314
0.0183966 0.0203255 9.9991E-05 0.756002 0.0392366 0.165939
0.0486752 0.124084 9.9991E-05 0.727522 0.0894124 0.0102065
0.00875067 0.237272 9.9982E-05 0.600345 9.9982E-05 0.153432
0.0790653 0.0539412 0.0384676 0.788317 0.0401092 9.9991E-05
0.161676 0.0959576 0.00189762 0.711547 0.0288219 9.9991E-05
0.00147202 0.0169231 0.062657 0.870918 9.9991E-05 0.0479295
0.0670367 0.117528 9.9982E-05 0.755686 9.9982E-05 0.0595492
0.0581288 9.9991E-05 0.0389708 0.780443 0.0945947 0.0277628
9.9991E-05 0.0511055 0.0432186 0.735995 0.09106 0.0785208
0.0675364 0.070162 0.0779208 0.740983 0.0432981 9.9991E-05
9.9991E-05 0.0304899 0.0861161 0.762021 0.0993129 0.02196
0.0105451 9.9982E-05 0.114352 0.803949 0.0709541 9.9982E-05
0.0541937 0.0785388 0.0248009 0.7964 0.012017 0.03405
0.0791168 0.0369735 0.0477663 0.732761 0.103282 9.9991E-05
0.0381327 0.101804 0.00604898 0.736613 0.113136 0.00426526
0.0324982 9.9991E-05 0.0691935 0.74191 0.0988941 0.0574046
0.0507654 0.112462 0.0505257 0.742831 9.9991E-05 0.0433159
0.0860628 0.0473629 0.0286956 0.728613 9.9991E-05 0.109165
9.9982E-05 9.9982E-05 0.0941086 0.80752 0.0542524 0.043919
9.9973E-05 9.9973E-05 0.0271712 0.824201 9.9973E-05 0.148328
0.0709697 0.0818532 9.9991E-05 0.635798 0.0344006 0.176878
9.9982E-05 0.119657 9.9982E-05 0.737913 0.0729959 0.0692337
0.0175614 9.9982E-05 0.0594878 0.88561 0.0371413 9.9982E-05
0.0320109 0.0656259 0.0228046 0.852972 0.0264868 9.9991E-05
0.0403383 0.0235835 9.9991E-05 0.131309 0.0472509 0.757419
0.0731801 9.9991E-05 0.0405801 0.18389 0.0825513 0.619699
0.132085 0.0657253 0.0293011 0.0815675 0.0740574 0.617263
0.07951 0.100872 9.9991E-05 0.222432 0.0209902 0.576096
0.0812749 0.0153418 0.0261096 0.072091 0.110888 0.694295
9.9982E-05 9.9982E-05 0.054998 0.0375554 0.103966 0.803281
0.0180854 9.9982E-05 9.9982E-05 0.101121 0.0868503 0.793743
0.108514 0.0303804 9.9982E-05 9.9982E-05 0.206428 0.654477
