0.00823717 0.0264493 0.00703387 0.95808 9.9982E-05 9.9982E-05
0.0224021 0.0291646 0.0688175 0.748735 0.00943082 0.12145
9.9982E-05 9.9982E-05 0.0485899 0.8183 0.0716072 0.0613027
0.0171666 9.9991E-05 0.0433152 0.814868 0.0878074 0.0367426
0.0219081 9.9982E-05 0.0466725 0.853552 9.9982E-05 0.0776677
0.0679965 9.9973E-05 0.0647759 0.866928 9.9973E-05 9.9973E-05
9.9973E-05 9.9973E-05 0.0654028 0.894164 9.9973E-05 0.0401334
9.9982E-05 9.9982E-05 0.0388009 0.863192 0.00697898 0.0908278
9.9973E-05 9.9973E-05 0.089919 0.810369 9.9973E-05 0.0994121
9.9982E-05 9.9982E-05 0.0173104 0.840033 0.0735914 0.0688658
9.9982E-05 9.9982E-05 0.0863479 0.770452 0.0363627 0.106637
0.0479354 0.0117647 0.0397834 0.780415 0.120001 9.9991E-05
0.0364678 0.0550455 9.9991E-05 0.787886 0.0990091 0.0214919
0.0185069 9.9982E-05 0.150485 0.716149 0.11466 9.9982E-05
0.0123863 0.00351416 0.0308055 0.868912 0.0636483 0.0207338
0.0157144 9.9973E-05 0.0833569 0.900629 9.9973E-05 9.9973E-05
0.0348575 9.9964E-05 9.9964E-05 0.964743 9.9964E-05 9.9964E-05
0.0182563 9.9964E-05 9.9964E-05 0.981344 9.9964E-05 9.9964E-05
9.9964E-05 0.0445142 9.9964E-05 0.955086 9.9964E-05 9.9964E-05
0.0100189 9.9982E-05 9.9982E-05 0.947167 0.041431 0.00118347
9.996E-05 9.996E-05 9.996E-05 9.996E-05 0.9995 9.996E-05
0.0602919 0.100188 0.0344181 0.0393989 0.720876 0.0448268
9.999E-05 0.169537 0.0271721 0.0228293 0.737175 0.0431872
9.9973E-05 0.180864 9.9973E-05 9.9973E-05 0.816894 0.00194163
9.9964E-05 9.9964E-05 9.9964E-05 9.9964E-05 0.955899 0.0437013
0.0224422 0.00594257 9.9982E-05 0.0475458 0.923869 9.9982E-05
0.020957 0.10432 0.0598748 9.9991E-05 0.757366 0.057382
9.996E-05 9.996E-05 9.996E-05 9.996E-05 0.9995 9.996E-05
9.9973E-05 9.9973E-05 0.0974229 9.9973E-05 0.771591 0.130686
0.100338 0.0488324 0.105879 9.9991E-05 0.661841 0.08301
9.9973E-05 9.9973E-05 0.16695 9.9973E-05 0.716469 0.116281
0.00342553 0.171646 0.0479702 9.9991E-05 0.76801 0.00884741
0.0409063 0.0604711 0.0850377 0.0607106 0.752774 9.9991E-05
0.042654 0.0135575 0.157963 9.9991E-05 0.617436 0.168289
0.0683788 0.0169245 0.0126309 0.0787384 0.589765 0.233562
0.0986494 9.9991E-05 0.238856 0.0729654 0.424106 0.165323
0.0877811 0.133341 0.0447261 9.9991E-05 0.678671 0.0553803
0.13674 0.751462 9.9982E-05 9.9982E-05 0.0989006 0.0126977
0.0770959 0.679158 0.0806873 9.9982E-05 9.9982E-05 0.162858
0.141118 0.72147 0.0869492 0.0243675 9.9991E-05 0.0259961
0.200415 0.719199 0.0572301 0.0180309 0.00502579 9.9991E-05
0.219238 0.727807 0.0147916 0.0379631 9.9982E-05 9.9982E-05
0.103057 0.773232 9.9991E-05 0.0232538 0.0150105 0.0853463
0.152394 0.651137 0.139249 0.0522298 0.00489038 9.9991E-05
0.0922291 0.840147 0.0147814 9.9991E-05 0.0302197 0.0225228
9.9991E-05 0.751504 0.0881102 0.0190115 0.0398296 0.101445
0.189164 0.788001 0.0114851 9.9982E-05 0.0111508 9.9982E-05
0.131557 0.837881 0.00809106 0.0222711 9.9982E-05 9.9982E-05
0.0826 0.876609 9.9982E-05 0.0139167 0.0266741 9.9982E-05
0.122302 0.798885 0.0631744 0.0154379 9.9982E-05 9.9982E-05
0.0964514 0.834008 9.9982E-05 9.9982E-05 0.0667439 0.00259705
0.188183 0.765756 0.0457615 9.9973E-05 9.9973E-05 9.9973E-05
0.122202 0.805948 9.9982E-05 0.0142099 9.9982E-05 0.0574404
0.0902531 0.746615 9.9991E-05 0.107778 0.050376 0.00487704
0.170285 0.703614 0.090703 9.9982E-05 0.035198 9.9982E-05
0.0850846 0.765125 9.9982E-05 9.9982E-05 0.106625 0.0429651
0.038184 0.776147 9.9991E-05 0.0246849 0.105399 0.0554861
0.187701 0.151996 0.0665754 0.063442 0.110379 0.419906
0.5121 9.9982E-05 0.00588363 0.069488 9.9982E-05 0.412328
0.187099 9.9991E-05 0.0754091 0.0626736 0.0322774 0.642441
0.202876 0.116464 9.9991E-05 0.0182231 0.00550038 0.656836
0.284573 0.000236778 9.9982E-05 9.9982E-05 0.0747222 0.640268
0.427049 0.160332 9.9982E-05 0.0503054 9.9982E-05 0.362114
0.9995 9.996E-05 9.996E-05 9.996E-05 9.996E-05 9.996E-05
0.553827 9.9982E-05 0.023885 9.9982E-05 0.0056251 0.416463
0.21315 0.103293 0.087617 0.0911362 9.9991E-05 0.504704
0.4807 0.0811759 9.9991E-05 0.0802477 0.137529 0.220248
0.41833 0.0130565 9.9991E-05 0.0598942 0.0943047 0.414314
0.333994 0.0106178 9.9982E-05 9.9982E-05 0.163853 0.491335
0.438103 9.9982E-05 9.9982E-05 0.0462029 0.0853364 0.430158
0.486415 0.0520411 0.0154648 0.0243572 9.9991E-05 0.421621
0.415511 0.0707035 9.9982E-05 9.9982E-05 0.0694137 0.444172
0.269983 0.00728618 0.0226479 9.9991E-05 0.132421 0.567562
0.229243 0.0167137 0.116999 0.0113391 0.0964623 0.529242
0.347411 0.321296 9.9982E-05 9.9982E-05 0.11509 0.216004
0.379889 0.209357 0.0604125 0.050427 0.02717 0.272745
0.297833 0.463919 9.9982E-05 0.101444 9.9982E-05 0.136604
0.9995 9.996E-05 9.996E-05 9.996E-05 9.996E-05 9.996E-05
0.223101 0.244456 0.00719021 0.090508 0.105675 0.32907
0.361783 0.198314 0.0269337 9.9982E-05 9.9982E-05 0.412769
0.392596 0.115894 0.052945 0.0335549 0.0785414 0.326469
0.30137 0.0620694 0.025326 0.0840354 0.00865129 0.518548
0.369527 0.0865176 9.9982E-05 0.0725996 9.9982E-05 0.471156
0.121369 0.252237 0.203335 0.0393309 0.121353 0.262376
0.103441 0.120259 0.671352 0.0193051 9.9991E-05 0.085543
0.17327 0.223622 0.114285 0.0471641 0.0905373 0.351123
0.444726 0.120231 0.0578349 0.0231852 0.0427032 0.311319
0.497339 0.099447 0.190391 0.00823049 9.9991E-05 0.204492
0.210078 0.116221 9.9991E-05 0.0343073 0.101684 0.53761
9.9964E-05 0.0141043 9.9964E-05 9.9964E-05 9.9964E-05 0.985496
0.369852 0.157688 9.9991E-05 0.0208323 0.0337758 0.417752
0.421923 0.0520099 0.0684354 9.9991E-05 0.00112569 0.456406
0.202356 9.9991E-05 0.187765 0.0565716 0.0232745 0.529933
0.205396 0.0762892 0.0797835 0.0610685 0.159493 0.417971
0.324384 0.0381431 0.177698 0.0276008 0.0206736 0.4115
0.277883 9.9991E-05 0.0809572 0.09515 0.110616 0.435293
0.270262 0.0731981 0.143287 0.0549799 0.00852598 0.449747
0.301537 0.135007 9.9991E-05 0.0876923 0.0308061 0.444858
0.456606 0.0679818 9.9991E-05 0.0237171 0.0837639 0.367832
0.377529 0.0713359 0.0376993 0.0387068 9.9991E-05 0.474629
0.277877 0.0456217 0.0300312 0.010166 0.0823914 0.553913
0.380924 9.9982E-05 0.125907 0.0476619 9.9982E-05 0.445306
0.326561 0.0751351 0.00725938 0.0174429 0.0318822 0.54172
9.996E-05 9.996E-05 9.996E-05 9.996E-05 9.996E-05 0.9995
0.335415 0.000886307 0.0657539 0.0914284 0.0648907 0.441625
0.347331 0.0552714 0.0416793 0.00185082 0.0266231 0.527245
0.279344 9.9991E-05 0.08326 0.0575211 0.0328073 0.546968
0.337964 0.161122 0.0382497 0.000608074 9.9991E-05 0.461957
0.396517 0.122564 9.9991E-05 0.053526 0.0339082 0.393385
0.227437 0.113638 9.9991E-05 0.0962149 0.11892 0.443691
0.9995 9.996E-05 9.996E-05 9.996E-05 9.996E-05 9.996E-05
9.996E-05 9.996E-05 9.996E-05 9.996E-05 9.996E-05 0.9995
0.9995 9.996E-05 9.996E-05 9.996E-05 9.996E-05 9.996E-05
0.281665 0.111514 0.0199346 0.0837094 9.9991E-05 0.503077
0.39683 9.9991E-05 0.0206973 0.0455171 0.134363 0.402493
0.269595 0.0877233 0.0115506 0.0893 0.0608042 0.481027
0.341584 0.118474 9.9991E-05 0.0460535 0.0211352 0.472654
0.415994 0.121472 9.9991E-05 0.0154592 0.0743154 0.37266
9.9964E-05 0.0699503 9.9964E-05 9.9964E-05 9.9964E-05 0.92965
0.2277 0.175203 9.9991E-05 0.0902581 0.0363356 0.470403
0.103589 9.9991E-05 0.162744 0.0113766 0.158 0.56419
0.136472 9.9991E-05 0.261911 0.0120078 0.11517 0.474339
0.0516794 9.9982E-05 0.13623 9.9982E-05 0.266034 0.545857
0.101285 9.9991E-05 0.16541 0.0161974 0.189694 0.527313
0.1011 0.0492941 0.176095 9.9991E-05 0.186744 0.486667
0.017296 0.0341906 0.213834 0.0274641 0.258143 0.449073
0.0254177 0.0151344 0.237421 0.0554959 0.219131 0.447401
0.0278165 0.0144284 0.0543901 0.0638475 0.295882 0.543636
0.0048568 0.1144 0.165242 0.0216868 0.217405 0.476409
0.113318 0.0894255 0.0856086 9.9991E-05 0.241721 0.469827
0.0678619 0.07665 0.128481 0.0198741 0.247562 0.459571
0.0475526 9.9991E-05 0.781468 0.0258857 0.0876083 0.0573853
9.9991E-05 0.0618598 0.805931 0.043939 0.0109188 0.0772511
0.0692978 9.9982E-05 0.757812 0.0650316 0.107659 9.9982E-05
9.9982E-05 0.0945708 0.758598 0.104064 0.0425677 9.9982E-05
0.114653 0.108601 0.746739 0.0150926 0.0148145 9.9991E-05
9.9982E-05 0.00923988 0.746203 9.9982E-05 0.155521 0.0888355
9.9982E-05 0.101879 0.805756 9.9982E-05 0.0532962 0.0388684
0.0696507 0.00245618 0.803739 9.99838E-05 0.123955 9.99838E-05
0.176045 0.0142442 0.644606 0.0772656 9.9991E-05 0.0877399
9.9982E-05 0.153342 0.739926 0.00101789 9.9982E-05 0.105515
0.0702973 0.0347525 0.777979 0.0269129 0.089958 9.9991E-05
9.9982E-05 0.140691 0.793349 0.0425863 0.0231738 9.9982E-05
0.0715951 0.130439 0.694968 0.00556445 0.0212209 0.0762124
9.9973E-05 0.163833 0.627992 9.9973E-05 9.9973E-05 0.207876
0.0732098 9.9991E-05 0.776028 0.0534484 0.0130369 0.0841773
0.0327907 0.0257793 0.781441 0.122354 9.9991E-05 0.0375348
0.01173 0.0213664 0.907373 9.9982E-05 9.9982E-05 0.0593305
0.053028 9.9991E-05 0.763758 0.0624863 0.00269101 0.117937
9.9982E-05 0.0833815 0.751172 0.0665904 0.098656 9.9982E-05
0.102132 0.0823275 0.740419 0.0749221 9.9982E-05 9.9982E-05
9.9991E-05 0.0626899 0.661153 0.100339 0.0615167 0.114201
0.151683 0.0649177 0.747805 9.9982E-05 0.0353945 9.9982E-05
0.0133743 9.9991E-05 0.808038 0.0298936 0.0475322 0.101062
9.9973E-05 9.9973E-05 0.853554 0.0282238 9.9973E-05 0.117922
9.9973E-05 9.9973E-05 0.702836 9.9973E-05 0.0917083 0.205155
9.9991E-05 0.0293229 0.717452 0.043653 0.108152 0.10132
0.0810834 0.0351019 0.746214 0.0447752 0.0927253 9.9991E-05
0.0541827 0.060742 0.712155 0.0752664 9.9991E-05 0.0975544
0.0579576 0.124752 0.664286 0.05375 0.0197737 0.0794806
0.0933004 0.065836 0.771977 9.9991E-05 0.0664226 0.00236438
0.0376062 0.179894 0.75221 9.9982E-05 0.0300893 9.9982E-05
0.0523318 0.162386 0.683242 0.0270164 0.052899 0.0221248
0.0274028 0.0847509 0.750963 9.9982E-05 0.136683 9.9982E-05
0.0142412 0.0241473 0.788175 0.00186264 0.0931873 0.0783866
0.0409346 9.9991E-05 0.829932 0.0164554 0.0638982 0.0486793
0.0171054 0.669609 0.224072 0.0203237 9.9991E-05 0.0687906
9.9982E-05 0.631469 0.197817 0.0360669 9.9982E-05 0.134447
0.00695641 0.692198 0.0335725 0.131015 0.0756099 0.0606481
9.9982E-05 0.614929 0.151827 0.073499 9.9982E-05 0.159544
0.0534817 0.649226 0.103742 0.106242 0.0429914 0.0443172
0.0223943 0.691801 0.106182 0.00412922 0.139183 0.0363097
9.9982E-05 0.836968 9.9982E-05 0.00987238 0.0551389 0.0978205
0.0405824 0.587111 0.0945212 0.0637029 0.178971 0.0351115
