9.9964E-05 9.9964E-05 9.9964E-05 0.968447 0.0311531 9.9964E-05
0.0860767 0.0325706 9.9991E-05 0.723319 0.115301 0.0426326
9.9982E-05 0.0338051 0.151893 0.787684 9.9982E-05 0.0264177
9.9982E-05 0.11783 0.0396285 0.796061 9.9982E-05 0.0462809
0.0536373 0.0468766 0.0606175 0.832961 0.00580777 9.9991E-05
9.9964E-05 0.0997282 9.9964E-05 0.899872 9.9964E-05 9.9964E-05
9.9964E-05 0.0710201 9.9964E-05 0.92858 9.9964E-05 9.9964E-05
9.9982E-05 0.0333913 9.9982E-05 0.859186 0.0218415 0.0853814
0.00827138 0.129142 0.025563 0.828908 0.00801526 9.9991E-05
9.9982E-05 0.0442556 0.0248031 0.86902 9.9982E-05 0.0617216
0.0624093 0.0667416 0.0404414 0.801029 9.9991E-05 0.0292785
0.0216282 0.0461952 0.0938279 0.752762 0.0494497 0.0361371
0.0528242 9.9991E-05 0.0753214 0.801742 0.0429417 0.0270702
0.022774 0.109333 0.0542474 0.733874 0.0101889 0.0695826
0.0240919 0.0641164 0.0322191 0.852965 9.9991E-05 0.026508
0.0146477 0.0920384 9.9973E-05 0.893014 9.9973E-05 9.9973E-05
9.996E-05 9.996E-05 9.996E-05 0.9995 9.996E-05 9.996E-05
9.9964E-05 9.9964E-05 9.9964E-05 0.974385 0.0252155 9.9964E-05
9.996E-05 9.996E-05 9.996E-05 0.9995 9.996E-05 9.996E-05
9.9973E-05 9.9973E-05 0.00316595 0.931425 9.9973E-05 0.0651087
9.996E-05 9.996E-05 0.9995 9.996E-05 9.996E-05 9.996E-05
0.115166 0.0536629 0.72236 0.0435061 0.0652045 9.9991E-05
9.999E-05 0.0319054 0.726211 0.0646581 0.107722 0.0694039
9.9973E-05 9.9973E-05 0.822533 9.9973E-05 0.15577 0.0213978
9.9964E-05 9.9964E-05 0.910319 9.9964E-05 9.9964E-05 0.0892815
0.0347602 9.9973E-05 0.931816 0.0331236 9.9973E-05 9.9973E-05
0.040624 0.0528647 0.753468 9.9982E-05 0.152844 9.9982E-05
9.996E-05 9.996E-05 0.9995 9.996E-05 9.996E-05 9.996E-05
9.9973E-05 0.0765334 0.807297 9.9973E-05 9.9973E-05 0.11587
0.0375326 0.101827 0.620695 0.0382129 0.0957613 0.105971
9.9982E-05 0.16696 0.753546 9.9982E-05 0.00128604 0.0780081
0.0752017 0.117608 0.721818 0.0071729 0.0780994 9.9991E-05
0.0458084 0.120246 0.721422 0.0484268 0.0612454 0.00285153
0.108798 0.146542 0.65105 9.9982E-05 9.9982E-05 0.0934102
0.0597845 0.0688233 0.589447 0.0440993 0.0354079 0.202438
0.128049 0.168874 0.418241 0.108195 0.0458437 0.130798
0.0582453 9.9982E-05 0.626039 9.9982E-05 0.21356 0.101955
0.0950285 0.0551182 0.093752 0.000982756 0.714193 0.0409252
0.135716 0.0380982 9.9982E-05 9.9982E-05 0.704133 0.121852
0.16382 0.0506673 0.0401812 0.0311346 0.714096 9.9991E-05
0.119325 9.9973E-05 0.0460111 9.9973E-05 0.834364 9.9973E-05
0.046412 9.9991E-05 0.000459119 0.0685778 0.807892 0.0765587
0.150699 0.0231385 9.9982E-05 9.9982E-05 0.811988 0.0139741
0.106106 0.188169 9.9991E-05 0.0636465 0.626524 0.0154542
0.0929051 0.0231516 0.0238944 0.0183728 0.748064 0.0936122
9.9982E-05 0.158438 9.9982E-05 0.0579948 0.689458 0.0939083
0.176576 9.9964E-05 9.9964E-05 9.9964E-05 0.823024 9.9964E-05
0.0311232 0.0325177 9.9982E-05 9.9982E-05 0.929895 0.00626446
0.0544094 9.9973E-05 0.00246787 9.9973E-05 0.942823 9.9973E-05
0.157151 0.0233274 9.9973E-05 9.9973E-05 0.819222 9.9973E-05
0.0333988 0.0607032 9.9982E-05 9.9982E-05 0.864608 0.0410905
0.0163356 9.9973E-05 0.0716153 9.9973E-05 0.911749 9.9973E-05
9.9964E-05 9.9964E-05 9.9964E-05 9.9964E-05 0.88431 0.11529
0.103117 9.9982E-05 0.000736309 0.0888184 0.807128 9.9982E-05
0.159411 0.0496758 0.00967947 0.035124 0.723246 0.022863
0.201448 0.00934772 0.000579505 9.9982E-05 0.788424 9.9982E-05
0.0174187 0.0592972 0.0217636 0.0768122 0.758947 0.0657617
0.404453 0.101117 0.100174 0.0377794 0.154578 0.201898
0.756266 9.9973E-05 9.9973E-05 0.0805476 9.9973E-05 0.162887
0.450967 0.0954293 0.0536933 0.0481964 0.0394741 0.31224
0.378124 9.9982E-05 9.9982E-05 0.0170736 0.201917 0.402685
0.506308 0.0357924 0.0373676 9.9991E-05 0.00706103 0.413371
0.411625 9.9991E-05 0.0190597 0.0137767 0.207784 0.347654
0.9995 9.996E-05 9.996E-05 9.996E-05 9.996E-05 9.996E-05
0.763204 9.9991E-05 0.00827689 0.0127104 0.0503929 0.165315
0.450326 0.0590254 9.9991E-05 0.134184 0.0614082 0.294957
0.555245 9.9991E-05 0.105239 0.0748462 0.0882731 0.176297
0.523778 9.9991E-05 0.0743416 0.0653707 0.0490752 0.287335
0.559943 9.9982E-05 0.143659 0.0168707 9.9982E-05 0.279327
0.534274 0.0133641 0.0667376 0.095477 9.9991E-05 0.290047
0.595595 9.9991E-05 0.0799017 0.00606502 0.0451661 0.273172
0.626984 9.9991E-05 0.040877 0.0433474 0.0240406 0.264651
0.440409 9.9991E-05 0.05192 0.04725 0.0703376 0.389984
0.245357 0.094579 0.171493 9.9991E-05 0.0762861 0.412185
0.433404 9.9991E-05 0.108044 0.0102977 0.284598 0.163555
0.429913 0.0258269 0.0365979 0.0987651 0.208705 0.200192
0.248781 9.9982E-05 9.9982E-05 0.0738455 0.519923 0.15725
0.9995 9.996E-05 9.996E-05 9.996E-05 9.996E-05 9.996E-05
0.292498 0.0195112 0.0760869 0.065244 0.27748 0.26918
0.524373 0.0232333 9.9982E-05 9.9982E-05 0.0905568 0.361637
0.424219 0.0662056 0.0942949 0.0665587 0.159202 0.18952
0.524612 0.063081 0.0609234 0.086184 9.9991E-05 0.265099
0.501562 9.9982E-05 9.9982E-05 0.0763086 0.0449061 0.377023
0.200839 0.229307 0.0721803 0.00633032 0.206982 0.284362
0.181698 0.624059 9.9982E-05 9.9982E-05 0.186262 0.00778025
0.422621 0.15099 0.111966 9.9991E-05 0.168058 0.146265
0.467292 0.0659059 0.0311289 0.0492325 0.0922485 0.294192
0.508498 0.125383 0.0255215 0.0233326 0.130703 0.186561
0.362627 0.0290413 0.0454643 0.0135952 0.165917 0.383355
9.996E-05 9.996E-05 9.996E-05 9.996E-05 9.996E-05 0.9995
0.569443 9.9991E-05 0.0236955 0.0348242 0.151353 0.220585
0.519337 0.0177155 9.9982E-05 9.9982E-05 0.141486 0.321262
0.213835 0.179033 0.0891918 0.0510133 9.9991E-05 0.466827
0.336237 0.100642 0.112038 0.0572858 0.101842 0.291957
0.434539 0.121319 9.9991E-05 0.0773642 0.0699313 0.296746
0.387951 0.111516 0.0676954 0.154863 0.0311692 0.246806
0.338159 0.212172 9.9991E-05 0.0571225 0.0935535 0.298894
0.479354 9.9991E-05 0.02148 0.093209 0.167073 0.238785
0.52312 9.9991E-05 0.0609086 0.0199204 0.150252 0.2457
0.483976 0.0124521 9.9991E-05 0.051382 0.146561 0.305529
0.399071 9.9991E-05 0.119882 0.0518636 0.084115 0.344968
0.375225 0.122013 0.0194282 0.0740165 0.00687487 0.402442
0.528488 0.0758205 0.00431934 0.0350087 9.9991E-05 0.356263
9.996E-05 9.996E-05 9.996E-05 9.996E-05 9.996E-05 0.9995
0.377529 0.0579281 0.0577859 0.0631424 0.073974 0.369641
0.607951 0.0305457 0.0467489 0.0495415 0.0346771 0.230536
0.399011 0.0270054 0.03882 0.0943543 0.0758218 0.364988
0.415373 0.0166755 9.9991E-05 0.00565098 0.167115 0.395085
0.497687 9.9991E-05 0.0893199 0.0766503 0.131855 0.204388
0.450895 9.9991E-05 0.149551 0.0923063 0.0651687 0.241979
0.9995 9.996E-05 9.996E-05 9.996E-05 9.996E-05 9.996E-05
9.996E-05 9.996E-05 9.996E-05 9.996E-05 9.996E-05 0.9995
0.9995 9.996E-05 9.996E-05 9.996E-05 9.996E-05 9.996E-05
0.416192 0.102412 0.00126269 0.0447909 0.0577598 0.377582
0.442885 0.0804574 0.0794038 0.0722609 9.9991E-05 0.324893
0.419059 0.0901115 0.0526091 0.0792814 0.0121427 0.346796
0.542443 9.9991E-05 0.0253302 0.0770697 0.0941037 0.260954
0.471094 9.9991E-05 0.0154662 0.0636257 0.161429 0.288285
9.9982E-05 0.00841161 9.9982E-05 0.0144321 0.0500101 0.926946
0.280403 0.0188232 0.0537073 0.113822 0.185259 0.347985
0.284894 0.0977843 0.256784 0.0253382 0.0115603 0.323639
0.241486 0.203897 0.166834 9.9982E-05 9.9982E-05 0.387582
0.169306 0.0234179 0.335435 9.9991E-05 0.0695092 0.402231
0.149157 0.128971 0.265029 0.0399649 0.0116925 0.405186
0.175341 0.241313 0.179116 0.0154457 9.9991E-05 0.388684
0.0314553 0.211333 0.260225 0.0401648 9.9991E-05 0.456722
0.114464 0.203027 0.239848 0.0400918 0.0480518 0.354517
0.140287 0.0840878 0.283438 0.10524 0.00874244 0.378204
0.111134 0.162031 0.193018 9.9991E-05 0.150442 0.383275
0.104615 0.120585 0.221491 0.029209 0.128313 0.395787
0.161426 0.100943 0.278018 0.0289994 0.105913 0.3247
9.9982E-05 0.777836 0.0813848 9.9982E-05 0.0268219 0.113758
9.9991E-05 0.800056 0.0252455 0.00799399 0.0213851 0.145219
0.0697718 0.754942 0.0741821 0.0355874 0.0654164 9.9991E-05
9.9991E-05 0.73254 0.0570614 0.0255596 0.175328 0.00941088
0.0234661 0.679684 0.00939555 0.0567975 0.188363 0.0422944
0.0408273 0.771078 0.0217854 0.0272784 0.0374512 0.10158
9.9982E-05 0.74651 0.0573349 9.9982E-05 0.178941 0.017015
9.9973E-05 0.826101 0.0960017 9.9973E-05 9.9973E-05 0.0775971
0.0874804 0.505612 0.0542559 0.0698019 0.164894 0.117956
9.9973E-05 0.726029 9.9973E-05 9.9973E-05 0.210917 0.0627539
0.0400898 0.771153 0.0630118 0.0416534 0.0839923 9.9991E-05
0.0191118 0.770014 9.9982E-05 0.035808 0.174866 9.9982E-05
0.0294512 0.573815 0.105973 0.044662 0.200684 0.0454141
0.0859502 0.611755 9.9982E-05 9.9982E-05 0.180987 0.121108
0.0574257 0.724514 0.0533792 0.0808892 9.9991E-05 0.0836915
9.9982E-05 0.822119 9.9982E-05 0.0511208 0.0235113 0.103048
9.9982E-05 0.853181 9.9982E-05 0.00045555 0.103822 0.0423411
0.0463436 0.77939 9.9991E-05 0.0931789 0.040796 0.0401914
0.0202696 0.778582 0.0257445 0.0404563 0.134847 9.9991E-05
0.0318965 0.730229 0.0317625 0.0412549 0.118925 0.0459324
0.0841029 0.687698 0.0372816 0.0919574 0.0142426 0.0847177
0.0168268 0.800194 0.0455245 9.9991E-05 0.0286506 0.108704
0.0600153 0.831978 9.9982E-05 0.0188483 9.9982E-05 0.0889586
0.0321325 0.822258 0.0219561 0.0142202 0.029953 0.0794797
9.9982E-05 0.702655 0.0767704 0.0543466 9.9982E-05 0.166028
0.00306503 0.730613 0.0973127 0.0417616 0.0242353 0.103012
0.00668828 0.749079 0.109054 0.0588269 0.0587432 0.0176093
0.101006 0.682594 9.9991E-05 0.0899631 0.113968 0.0123695
0.0668912 0.701655 0.0362638 0.0737228 0.0483059 0.0731616
0.0160019 0.878181 0.0723207 0.00032806 9.9991E-05 0.0330679
0.0734475 0.853367 9.9973E-05 9.9973E-05 0.0728859 9.9973E-05
0.00186345 0.670217 0.0579128 0.073145 0.150029 0.0468331
9.9982E-05 0.716614 0.0998189 9.9982E-05 0.144041 0.0393254
0.0738912 0.833449 0.0448202 9.9982E-05 9.9982E-05 0.0476396
0.0217788 0.840223 0.0389482 0.056456 9.9991E-05 0.0424944
0.0607526 0.143919 0.057752 0.00108557 0.736391 9.9991E-05
9.9991E-05 0.114908 0.0717726 0.0254393 0.649519 0.138261
0.0487459 0.0650083 0.0327072 0.132442 0.660236 0.060861
0.0285473 0.134842 0.118205 0.118387 0.598941 0.00107734
0.0338585 0.092484 0.0125914 0.100933 0.646808 0.113325
0.0454823 0.0430549 0.173754 9.9982E-05 0.737509 9.9982E-05
9.9973E-05 0.0572098 9.9973E-05 9.9973E-05 0.874092 0.0683982
0.0106628 0.0387583 0.208078 0.118971 0.62343 9.9991E-05
