9.9973E-05 0.0116286 9.9973E-05 0.0161025 9.9973E-05 0.971969
0.0146991 0.122585 0.0970949 9.9982E-05 9.9982E-05 0.765421
0.00909851 9.9982E-05 0.0314211 9.9982E-05 0.122628 0.836652
0.0341776 9.9982E-05 0.0906801 9.9982E-05 0.0911055 0.783837
0.0437895 0.0689624 0.0102489 0.0483798 9.9991E-05 0.828519
9.9973E-05 9.9973E-05 0.0822637 0.0218397 9.9973E-05 0.895597
9.9964E-05 9.9964E-05 0.0652249 9.9964E-05 9.9964E-05 0.934375
0.047905 9.9973E-05 0.0965124 9.9973E-05 9.9973E-05 0.855283
9.9982E-05 0.0236078 0.188863 9.9982E-05 0.00787156 0.779458
0.019337 9.9991E-05 0.0974505 0.00167647 0.0471811 0.834255
0.00743864 0.0249045 0.100804 9.9991E-05 0.0768451 0.789908
0.0172233 0.00608547 0.062688 9.9991E-05 0.125472 0.788432
0.0194706 0.0625517 0.00863151 9.9991E-05 0.0825988 0.826647
0.021758 9.9982E-05 0.159718 9.9982E-05 0.0949645 0.723359
9.99822E-05 0.0815866 0.0297739 9.99822E-05 0.0343621 0.854077
0.00921636 9.9982E-05 0.0706569 9.9982E-05 0.0102078 0.909719
0.0199746 9.9964E-05 9.9964E-05 9.9964E-05 9.9964E-05 0.979626
9.9964E-05 9.9964E-05 9.9964E-05 0.0340445 9.9964E-05 0.965556
9.9964E-05 9.9964E-05 9.9964E-05 0.0220907 9.9964E-05 0.977509
0.0188594 9.9982E-05 9.9982E-05 0.0137532 0.0756363 0.891551
9.996E-05 9.996E-05 9.996E-05 9.996E-05 0.9995 9.996E-05
0.00716921 0.0564319 0.0292802 0.105224 0.786131 0.0157637
0.00880807 0.00672213 0.0013616 0.173801 0.764083 0.0452245
0.0080716 9.9973E-05 9.9973E-05 0.128075 0.863553 9.9973E-05
9.9973E-05 0.0601574 0.0352208 9.9973E-05 0.904322 9.9973E-05
9.9973E-05 0.0527164 9.9973E-05 0.05436 0.892624 9.9973E-05
9.9982E-05 0.0758479 0.0253179 0.124985 0.77365 9.9982E-05
9.996E-05 9.996E-05 9.996E-05 9.996E-05 0.9995 9.996E-05
0.0266123 0.0830816 0.107396 0.0127731 0.765109 0.00502746
0.0165392 0.167611 0.0962859 0.0905746 0.612641 0.0163478
9.9973E-05 0.0992022 0.16354 9.9973E-05 0.736957 9.9973E-05
9.9982E-05 0.073316 0.0413542 0.185502 0.699628 9.9982E-05
0.0128063 0.0260044 0.0605115 0.0860004 0.750998 0.0636791
0.0133791 0.164358 0.167521 0.00857452 0.643532 0.00263544
0.0947478 0.199712 0.0630478 9.9991E-05 0.608277 0.0341155
0.0205926 0.230019 0.234146 9.9991E-05 0.429328 0.0858134
0.0390171 0.151989 9.9982E-05 0.16905 0.639744 9.9982E-05
0.0338339 0.107133 0.00459504 0.786348 0.0679902 9.9991E-05
0.0758321 0.128892 0.10005 0.695027 9.9982E-05 9.9982E-05
0.025228 0.097643 0.0130012 0.808396 0.0426237 0.0131078
9.9991E-05 0.0659857 0.048 0.833237 0.0413597 0.011318
0.0914134 9.9982E-05 9.9982E-05 0.825493 0.0464205 0.0364733
0.045616 0.0618029 0.106702 0.764273 9.9991E-05 0.0215068
0.0511376 9.9982E-05 0.186307 0.677516 9.9982E-05 0.0848397
0.0684435 9.9973E-05 9.9973E-05 0.844143 0.0871136 9.9973E-05
0.0500276 9.9991E-05 0.0967107 0.753232 0.0372307 0.0626993
0.0540778 0.0848391 0.0153747 0.838705 9.9991E-05 0.00690345
0.0524145 9.9982E-05 0.0363807 0.883142 9.9982E-05 0.0278625
0.019281 9.9982E-05 9.9982E-05 0.925109 0.0386997 0.0167108
0.0574078 0.0140082 0.0271875 0.81038 0.0261036 0.0649126
0.0324891 0.0511267 0.053834 0.841291 0.0056933 0.0155657
9.9982E-05 0.00698137 0.0517699 0.870445 0.0706038 9.9982E-05
0.0764036 0.0338193 0.0153273 0.850692 0.0236573 9.9991E-05
0.0105326 0.0774038 9.9991E-05 0.79353 0.0324142 0.0860192
0.02244 0.0608028 0.0664191 0.777169 0.0117652 0.0614035
0.0424357 0.06975 0.0706764 0.746856 0.0641364 0.00614549
0.0923145 9.9991E-05 0.0590354 0.70982 0.0813291 0.0574015
0.0688852 0.566346 0.0617539 0.147953 0.0845488 0.0705129
0.0920331 0.817264 9.9982E-05 9.9982E-05 0.0257961 0.064707
0.192246 0.583981 0.042715 0.0391374 0.0796396 0.0622806
0.153556 0.627384 9.9982E-05 0.153651 9.9982E-05 0.065209
0.13887 0.840985 0.0198451 9.9973E-05 9.9973E-05 9.9973E-05
0.135655 0.702501 0.0225282 0.139116 9.9982E-05 9.9982E-05
0.180482 0.728429 0.0202557 0.0123698 0.0202599 0.0382039
0.152621 0.765171 0.030025 0.000802584 0.0488372 0.00254329
0.152253 0.583384 0.124197 0.0250568 9.9991E-05 0.115009
0.1182 0.588712 9.9991E-05 0.0622039 0.148007 0.0827769
0.0968815 0.816278 0.00997408 0.011554 0.0281573 0.0371551
0.159922 0.69084 9.9982E-05 9.9982E-05 0.138582 0.0104556
0.175261 0.695649 0.00759373 9.9991E-05 0.0561931 0.0652032
0.122732 0.776125 9.9991E-05 0.0253709 0.0209589 0.0547131
0.131265 0.77047 9.9973E-05 0.0979655 9.9973E-05 9.9973E-05
0.196716 0.59898 9.9991E-05 0.0800457 0.0971237 0.0270345
0.149178 0.52104 0.142357 0.0523288 0.112992 0.0221045
0.0886324 0.491237 9.9982E-05 0.320076 0.0998542 9.9982E-05
0.0931755 0.546804 0.0114426 0.229533 0.0127855 0.106259
0.113987 0.334127 9.9982E-05 0.479448 9.9982E-05 0.0722377
0.166001 0.728056 9.9991E-05 0.0941795 0.00406395 0.00759896
0.170893 0.355752 0.00706263 0.251148 0.143488 0.0716561
0.157667 0.668448 0.0559987 0.117686 9.9982E-05 9.9982E-05
0.0657485 0.567094 9.9991E-05 0.204294 0.0931597 0.0696038
0.120213 0.709476 0.0964233 9.9991E-05 0.0241353 0.0496528
0.185313 0.615877 9.9982E-05 0.112709 9.9982E-05 0.0859008
0.166027 0.260122 0.256815 0.278436 0.0385001 9.9991E-05
0.0699552 0.110139 0.612795 0.206911 9.9982E-05 9.9982E-05
0.0652859 0.546887 0.176647 0.155995 0.038093 0.0170928
0.128003 0.616797 0.0687702 0.162278 9.9991E-05 0.0240516
0.0885222 0.609193 0.110782 0.155377 9.9991E-05 0.0360249
0.149978 0.624334 0.0651988 0.100919 0.0561637 0.0034066
0.832493 0.080993 9.9982E-05 0.0271836 0.0591305 9.9982E-05
0.134773 0.658389 9.9991E-05 0.170047 0.0258833 0.0108072
0.102604 0.705169 9.9982E-05 0.170977 0.02105 9.9982E-05
0.14973 0.523233 0.17873 9.9991E-05 0.0701503 0.0780572
0.131615 0.476097 0.0392325 0.110925 0.135436 0.106694
0.13688 0.622543 0.153731 9.9991E-05 0.0134552 0.0732917
0.147082 0.55467 0.134177 0.00192389 0.0548686 0.107279
0.142436 0.528132 0.11885 0.125851 0.023024 0.0617076
0.129755 0.593017 9.9982E-05 0.188248 9.9982E-05 0.0887813
0.0635978 0.813234 9.9991E-05 0.0518177 0.0499481 0.0213025
0.14591 0.663253 0.00877555 0.136292 0.0212917 0.024478
0.124754 0.626404 0.0293749 0.0555612 0.0905304 0.0733758
0.223541 0.577568 0.145671 0.0145863 0.00102598 0.0376069
0.14318 0.75836 0.0548074 0.00718213 0.0353495 0.00112125
0.9995 9.996E-05 9.996E-05 9.996E-05 9.996E-05 9.996E-05
0.170683 0.649363 0.105459 0.0095159 9.9991E-05 0.0648786
0.158406 0.672196 0.00808706 0.114268 0.020725 0.0263178
0.17484 0.601233 0.0207116 0.0699047 0.0637408 0.0695698
0.112629 0.634207 0.0136123 0.229456 9.9991E-05 0.00999536
0.0975848 0.721232 0.0132167 0.110521 9.9991E-05 0.0573454
0.120417 0.682778 0.0114461 9.9991E-05 0.104857 0.0804015
0.102814 0.786914 9.9973E-05 0.109972 9.9973E-05 9.9973E-05
0.9995 9.996E-05 9.996E-05 9.996E-05 9.996E-05 9.996E-05
0.0880619 0.760403 9.9973E-05 0.151235 9.9973E-05 9.9973E-05
0.192463 0.582103 0.109292 0.0375348 9.9991E-05 0.078508
0.206061 0.489691 0.0819642 0.100838 0.0861492 0.0352965
0.183244 0.561231 0.0546508 9.9991E-05 0.108599 0.0921756
0.125683 0.696157 0.0231001 0.0605326 0.0256542 0.0688727
0.136029 0.621687 9.9991E-05 0.15335 0.0806343 0.00819923
0.789438 0.0233074 0.0436649 0.0188923 0.0778438 0.0468539
0.159362 0.556232 0.0473298 0.085778 0.0546301 0.0966684
0.0706096 0.607755 0.187561 9.9982E-05 0.133875 9.9982E-05
0.0852998 0.58865 0.238901 9.9982E-05 0.0869491 9.9982E-05
0.113672 0.486605 0.113549 0.0294354 0.256639 9.9991E-05
0.0805313 0.497085 0.169537 9.9991E-05 0.205252 0.0474958
0.110184 0.458774 0.193072 9.9991E-05 0.209105 0.0287656
0.11884 0.413002 0.254484 9.9982E-05 0.213474 9.9982E-05
0.0569181 0.465132 0.212471 0.0160973 0.197909 0.0514722
0.076917 0.479487 0.0596495 9.9991E-05 0.276093 0.107754
0.0369029 0.54635 0.200652 0.0600986 0.155896 9.9991E-05
0.11535 0.519811 0.152868 9.9982E-05 0.211772 9.9982E-05
0.0657305 0.51783 0.104209 0.078685 0.233446 9.9991E-05
0.0490453 0.00932016 0.805567 0.0574234 0.0480663 0.0305777
0.0879672 0.00327259 0.831882 9.9982E-05 0.0766781 9.9982E-05
0.0649157 9.9991E-05 0.766488 0.080589 0.0691935 0.0187141
9.9982E-05 9.9982E-05 0.764194 0.110697 0.031555 0.0933537
0.0503522 0.0288518 0.722301 0.133653 0.0151565 0.0496853
0.032007 0.0381627 0.727704 0.018062 0.15053 0.0335339
0.0351651 9.9982E-05 0.706693 0.206708 0.0512341 9.9982E-05
0.0273679 0.0676234 0.834304 0.0028498 0.0677547 9.9991E-05
0.0667629 0.107422 0.586295 0.0679926 0.103048 0.0684796
0.0397454 9.9982E-05 0.729008 0.216528 0.0145182 9.9982E-05
9.9991E-05 0.022285 0.881858 0.0497629 0.0253753 0.020619
9.9973E-05 9.9973E-05 0.766019 0.196013 9.9973E-05 0.0376677
0.0122167 0.0901025 0.628431 0.0976587 0.107558 0.0640334
0.0704846 0.158148 0.645034 0.108456 0.00747757 0.0103995
0.050852 0.103693 0.714618 9.9991E-05 0.0779735 0.0527639
0.0650325 0.041752 0.777795 9.9982E-05 9.9982E-05 0.11522
0.0436425 0.0875798 0.834705 0.0206957 9.9991E-05 0.0132772
0.0140979 0.102193 0.756653 0.0283045 0.00663406 0.0921167
0.0650588 9.9991E-05 0.821468 0.000980203 0.0614591 0.0509335
0.0403914 0.0708062 0.777658 0.049051 0.0443828 0.0177105
0.0922911 0.0129568 0.693515 0.0939853 0.0193188 0.0879331
0.0485495 0.100854 0.771198 0.0791991 9.9982E-05 9.9982E-05
0.0581882 0.0663847 0.756169 9.9991E-05 0.082257 0.0369007
0.0437791 0.070288 0.816989 9.9991E-05 0.0283781 0.0404655
0.115664 9.9982E-05 0.77088 9.9982E-05 0.0714243 0.0418317
0.0361018 0.0669769 0.751719 0.0187264 0.117568 0.0089077
0.060724 0.0356526 0.771503 0.0414285 0.0589469 0.0317449
0.0347226 0.0784367 0.650431 0.128715 9.9991E-05 0.107594
0.0599443 0.00602937 0.761424 0.0841979 0.0253031 0.0631015
0.064674 9.9982E-05 0.819266 0.092255 0.0236048 9.9982E-05
0.0722599 9.9973E-05 0.812851 0.114589 9.9973E-05 9.9973E-05
0.0304701 9.9991E-05 0.643251 0.193482 0.0367973 0.0958991
0.0268529 0.0119934 0.759355 0.0701504 0.129833 0.00181468
0.0679009 0.0456834 0.766599 0.0042402 0.115476 9.9991E-05
0.00928775 0.0927715 0.796693 9.9991E-05 0.0382399 0.0629083
0.0125152 9.9991E-05 0.249814 0.66548 0.0358147 0.0362759
0.0543003 9.9991E-05 0.192868 0.637538 0.0459575 0.0692362
0.0945416 0.000404372 0.121321 0.526506 0.118252 0.138976
0.0695508 0.0417557 0.164658 0.56945 0.0380026 0.116583
0.0484963 0.0478546 0.123878 0.613024 0.0679501 0.0987965
0.0531066 9.9982E-05 0.0833279 0.718612 0.144753 9.9982E-05
0.05339 9.9991E-05 0.0341622 0.816319 0.0892568 0.00677199
0.00823654 0.0082756 0.0500429 0.643437 0.183241 0.106767
