0.92031 0.014993 9.9955E-05 9.9955E-05 9.9955E-05 0.000265452 9.9955E-05 0.0639318 9.9955E-05
0.766487 0.00019478 9.9982E-05 0.0346617 0.101047 0.0231108 0.0701366 9.9982E-05 0.0041618
0.827513 0.012789 0.0214923 9.9982E-05 0.0146031 0.0121937 0.0561301 9.9982E-05 0.0550789
0.808788 9.9973E-05 0.0394504 0.006603 9.9973E-05 0.0108444 0.0796985 9.9973E-05 0.0543161
0.815443 9.9964E-05 0.0714422 9.9964E-05 9.9964E-05 0.0417755 0.0468675 9.9964E-05 0.024072
0.877254 9.9955E-05 0.00748695 0.0487327 9.9955E-05 9.9955E-05 0.0660268 9.9955E-05 9.9955E-05
0.894174 0.0046859 0.0692401 9.9964E-05 9.9964E-05 0.000527492 0.0309728 9.9964E-05 9.9964E-05
0.851635 0.0155244 0.0546392 0.024183 9.9973E-05 0.0150188 0.0386995 9.9973E-05 9.9973E-05
0.816465 9.9955E-05 0.0347266 9.9955E-05 0.0521425 9.9955E-05 0.0961657 9.9955E-05 9.9955E-05
0.821412 9.9964E-05 9.9964E-05 0.0165075 9.9964E-05 0.0168491 0.0656453 9.9964E-05 0.0791865
0.788198 9.9973E-05 9.9973E-05 0.00697572 0.0934767 0.00557395 0.0690275 9.9973E-05 0.0364483
0.730488 9.9964E-05 9.9964E-05 9.9964E-05 0.0770163 0.0444881 0.0361257 9.9964E-05 0.111482
0.808728 9.9964E-05 0.141404 0.0146207 0.0271838 9.9964E-05 9.9964E-05 0.00766326 9.9964E-05
0.717795 0.015555 9.9982E-05 0.0122133 0.0616138 0.0176149 0.106655 9.9982E-05 0.0683532
0.810327 9.9964E-05 0.021796 9.9964E-05 0.0756252 9.9964E-05 0.0183568 9.9964E-05 0.0734953
0.858692 0.0160907 9.9955E-05 0.0154017 9.9955E-05 9.9955E-05 0.109315 9.9955E-05 9.9955E-05
0.977969 9.9937E-05 9.9937E-05 0.0213314 9.9937E-05 9.9937E-05 9.9937E-05 9.9937E-05 9.9937E-05
0.965932 0.00172435 9.9955E-05 9.9955E-05 0.00133009 9.9955E-05 9.9955E-05 0.0305137 9.9955E-05
0.957905 0.00556335 9.9946E-05 9.9946E-05 9.9946E-05 9.9946E-05 9.9946E-05 0.0359318 9.9946E-05
0.917164 9.9946E-05 9.9946E-05 9.9946E-05 9.9946E-05 0.0184386 9.9946E-05 9.9946E-05 0.0637981
9.993E-05 0.999201 9.993E-05 9.993E-05 9.993E-05 9.993E-05 9.993E-05 9.993E-05 9.993E-05
9.9964E-05 9.9964E-05 9.9964E-05 9.9964E-05 0.0929418 0.0088932 0.0278207 0.0421872 0.827757
0.0303669 9.9973E-05 9.9973E-05 9.9973E-05 0.0339504 0.0248882 0.028758 0.0509042 0.830832
9.9964E-05 0.0132532 9.9964E-05 0.0115785 9.9964E-05 0.0327133 9.9964E-05 0.0495226 0.892533
9.9937E-05 0.0366109 9.9937E-05 9.9937E-05 9.9937E-05 9.9937E-05 9.9937E-05 9.9937E-05 0.96269
0.00321724 0.0021102 9.9955E-05 0.00184221 9.9955E-05 9.9955E-05 9.9955E-05 9.9955E-05 0.992331
9.9964E-05 0.0237456 0.0684753 9.9964E-05 0.036105 9.9964E-05 9.9964E-05 0.0716958 0.799578
9.993E-05 0.999201 9.993E-05 9.993E-05 9.993E-05 9.993E-05 9.993E-05 9.993E-05 9.993E-05
9.9964E-05 0.0287246 0.115444 9.9964E-05 9.9964E-05 0.0167697 0.0276369 9.9964E-05 0.811025
0.00415323 9.9982E-05 0.00202031 0.060108 0.0149794 9.9982E-05 0.0330063 0.0806254 0.804908
9.9955E-05 0.0368266 9.9955E-05 9.9955E-05 0.0834282 9.9955E-05 0.0789894 9.9955E-05 0.800256
9.9964E-05 0.0464497 0.06734 0.0439839 9.9964E-05 9.9964E-05 9.9964E-05 0.0949803 0.746846
0.0357385 0.0809917 0.150423 0.024975 9.9982E-05 0.00306414 0.054645 9.9982E-05 0.649963
9.9973E-05 0.0578739 9.9973E-05 0.0337244 0.0993486 0.0162577 0.0803803 9.9973E-05 0.712115
0.0293097 9.9982E-05 0.0107081 0.0132322 0.155093 0.0531051 9.9982E-05 0.00942493 0.728927
0.0218255 0.0019701 9.9982E-05 0.0100926 0.257419 0.00345331 0.131709 9.9982E-05 0.57333
9.9964E-05 0.00760219 9.9964E-05 0.0342384 0.120642 9.9964E-05 9.9964E-05 0.105529 0.731589
9.9982E-05 0.0337991 0.0557992 0.0354221 0.0472455 0.00617485 9.9982E-05 0.807775 0.0135839
9.9964E-05 9.9964E-05 0.14365 0.0617611 0.0502076 0.0290446 9.9964E-05 0.714937 9.9964E-05
0.0196204 9.9982E-05 0.0243776 0.0857179 0.0801649 9.9982E-05 0.0531547 0.718562 0.0182021
9.9973E-05 0.00107908 9.9973E-05 0.0428009 0.121334 9.9973E-05 0.00370941 0.786613 0.0441639
0.00679601 0.0467247 9.9982E-05 0.0839439 0.028535 0.0327097 9.9982E-05 0.788478 0.0126131
9.9955E-05 0.0285201 0.126919 0.0343648 9.9955E-05 9.9955E-05 9.9955E-05 0.809696 9.9955E-05
0.0632461 0.0262105 0.0168823 0.0572686 0.0382349 0.0168622 0.131581 0.613331 0.0363835
0.0107919 0.0340563 0.0806995 0.0364268 0.0309677 0.0396587 0.0209881 0.731703 0.0147079
0.014627 9.9973E-05 0.0950535 9.9973E-05 9.9973E-05 0.0354636 0.0345856 0.710649 0.109321
9.9964E-05 9.9964E-05 9.9964E-05 0.0745588 0.0288902 0.025197 9.9964E-05 0.820782 0.0501721
0.0136631 0.0220264 0.0192364 0.0165787 0.0237468 0.0176306 0.0329069 0.854111 9.9991E-05
9.9955E-05 0.0426618 9.9955E-05 0.0585182 9.9955E-05 0.002982 9.9955E-05 0.895338 9.9955E-05
9.9964E-05 0.020657 9.9964E-05 0.0239089 0.12496 9.9964E-05 0.0865336 0.74354 9.9964E-05
9.9973E-05 0.021126 0.0835023 0.0519863 9.9973E-05 0.000808138 0.00550087 0.836776 9.9973E-05
9.9964E-05 0.0265306 9.9964E-05 0.0641782 9.9964E-05 9.9964E-05 0.0635647 0.803582 0.0417449
9.9964E-05 0.00945337 0.0712938 0.0496056 9.9964E-05 0.0709174 9.9964E-05 0.79833 9.9964E-05
0.0779585 9.9973E-05 9.9973E-05 0.0491155 0.0860941 0.00286871 9.9973E-05 0.776226 0.00743687
0.0381358 0.0125506 0.0559446 0.0893699 9.9982E-05 0.0264412 0.038554 0.738804 9.9982E-05
0.0459782 0.00274496 0.127746 0.046037 0.000371032 9.9991E-05 0.029639 0.672143 0.0752413
0.065339 0.00796223 0.00767327 9.9982E-05 9.9982E-05 0.0393053 0.0151087 0.781501 0.0829104
9.999E-05 0.00625716 0.168032 0.0842268 0.480695 0.0434059 0.00252282 0.157588 0.0571727
9.9937E-05 0.00572208 9.9937E-05 9.9937E-05 0.993578 9.9937E-05 9.9937E-05 9.9937E-05 9.9937E-05
0.00901787 9.9991E-05 0.0892676 0.108734 0.548705 0.136885 0.0706729 0.0336208 0.0029966
0.0112421 9.9973E-05 0.141808 0.0796763 0.569866 0.113785 9.9973E-05 0.0833227 9.9973E-05
9.9955E-05 9.9955E-05 0.18955 0.0643212 0.652008 0.0936203 9.9955E-05 9.9955E-05 9.9955E-05
0.0128982 0.0269666 0.0924425 0.0785924 0.628341 0.0496698 9.9982E-05 0.11089 9.9982E-05
9.9946E-05 9.9946E-05 9.9946E-05 0.986061 9.9946E-05 0.00207106 9.9946E-05 9.9946E-05 0.0112686
9.9955E-05 0.00675219 9.9955E-05 0.0145046 0.951321 0.0269226 9.9955E-05 9.9955E-05 9.9955E-05
0.0954756 9.9973E-05 0.0830937 0.105858 0.583534 0.0651182 0.0666198 9.9973E-05 9.9973E-05
0.0313203 0.0298117 0.112506 0.158259 0.458257 0.0483945 9.9991E-05 0.0796798 0.0816714
0.0306888 0.00553274 0.179663 0.174693 0.475684 0.0567068 9.9991E-05 0.0685357 0.00839462
9.9973E-05 0.0373395 0.096112 0.106293 0.633417 0.0923086 9.9973E-05 9.9973E-05 0.0342305
0.0423301 0.00470507 9.9982E-05 0.125495 0.619447 0.0943953 0.0406543 9.9982E-05 0.0727737
0.0156623 9.9973E-05 0.105106 0.147194 0.650942 0.0424285 9.9973E-05 0.0383676 9.9973E-05
9.9973E-05 0.00324893 0.146271 0.140138 0.561917 0.0514562 9.9973E-05 0.0966688 9.9973E-05
9.9982E-05 0.0111785 0.126236 0.103955 0.57928 0.0839615 9.9982E-05 0.0164989 0.0786902
0.0095738 0.00713474 0.393807 0.0336333 0.435465 0.0754875 0.0395909 0.00520807 9.9991E-05
9.9964E-05 0.0302121 0.30718 0.137031 0.208981 9.9964E-05 9.9964E-05 0.316196 9.9964E-05
0.0296347 9.9973E-05 9.9973E-05 0.0998632 0.540971 0.0395331 9.9973E-05 0.258683 0.0310149
0.0522688 9.9964E-05 9.9964E-05 0.0345314 0.424516 0.0287479 9.9964E-05 0.459536 9.9964E-05
9.9946E-05 9.9946E-05 9.9946E-05 0.970128 0.0195476 0.00972458 9.9946E-05 9.9946E-05 9.9946E-05
0.0436098 0.0603577 0.140898 0.0941106 0.397709 0.0877976 9.9982E-05 0.175318 9.9982E-05
9.9964E-05 9.9964E-05 9.9964E-05 0.181521 0.568703 0.0934815 9.9964E-05 0.138637 0.0172577
0.0200182 0.00449017 0.169605 0.112307 0.500777 0.0469131 9.9991E-05 0.120578 0.0252111
0.00876689 0.0131457 0.100369 0.0891143 0.607854 0.0883591 0.0443151 0.00769136 0.0403843
0.0797448 9.9964E-05 9.9964E-05 0.130456 0.553982 0.130038 9.9964E-05 0.105379 9.9964E-05
0.0225826 0.00464773 9.9991E-05 0.0589734 0.31032 0.0919158 0.198962 0.28272 0.0297786
9.9964E-05 9.9964E-05 9.9964E-05 0.129074 0.0975415 0.00303117 0.615637 0.154317 9.9964E-05
0.00110369 9.9991E-05 0.103987 0.0209013 0.488319 0.0158705 0.133196 0.129516 0.107006
0.0244147 9.9982E-05 0.142063 0.12159 0.52051 0.0888979 0.0360152 0.06631 9.9982E-05
9.9982E-05 0.00985602 0.315405 0.111705 0.391539 0.00397936 0.0640299 0.103285 9.9982E-05
9.9982E-05 0.00268447 0.11642 9.9982E-05 0.637089 0.104421 0.0276011 0.0842235 0.0273604
9.9982E-05 0.0112252 0.00290851 0.00549266 0.0884632 0.837179 9.9982E-05 0.00574601 0.0487857
0.0169523 0.0188927 0.0978024 0.251508 0.427778 0.0803359 9.9991E-05 0.078953 0.0276782
9.9973E-05 9.9973E-05 0.08814 0.150807 0.568974 0.0478567 0.0355484 0.108373 9.9973E-05
0.0744833 0.0592889 9.9964E-05 9.9964E-05 0.63558 0.0786035 0.151644 9.9964E-05 9.9964E-05
0.0778357 9.9982E-05 0.0701783 0.122845 0.424348 0.08865 0.0594375 9.9982E-05 0.156505
0.0344731 9.9973E-05 9.9973E-05 0.0539531 0.672673 0.0489616 0.132999 9.9973E-05 0.0566402
0.0786188 0.0304929 0.0490187 0.0476782 0.592228 0.0688521 0.0453513 0.00101535 0.0867443
0.0454208 9.9982E-05 0.220025 0.165141 0.371187 0.0551662 0.110733 0.0321274 9.9982E-05
0.0787195 9.9973E-05 0.0615713 0.146247 0.572148 0.0389342 9.9973E-05 0.10208 9.9973E-05
9.9973E-05 9.9973E-05 0.254077 0.133497 0.491446 0.051388 9.9973E-05 0.0222949 0.046997
0.0148178 9.9973E-05 0.0986999 0.13108 0.559097 0.0995561 9.9973E-05 0.0964491 9.9973E-05
9.9982E-05 0.0357929 0.0842725 0.0409759 0.702519 0.0718043 9.9982E-05 0.0507486 0.0136867
0.0173784 9.9973E-05 0.0692063 0.149526 0.474167 0.158556 0.130867 9.9973E-05 9.9973E-05
0.00906905 0.00546771 0.113386 0.0587768 0.677416 0.0656588 0.00952934 0.0509956 0.00970085
9.993E-05 9.993E-05 9.993E-05 9.993E-05 9.993E-05 0.999201 9.993E-05 9.993E-05 9.993E-05
0.0884553 0.0389185 0.13627 0.0987143 0.485873 0.0908505 0.0462848 0.0145343 9.9991E-05
0.00471656 0.0111848 9.9982E-05 0.144883 0.626836 0.0901802 9.9982E-05 0.0786863 0.0433133
0.072791 0.00879425 0.0386531 0.0558474 0.592544 0.136325 0.094845 9.9982E-05 9.9982E-05
9.9973E-05 0.00167549 0.0557422 0.0685561 0.628767 0.0679966 9.9973E-05 0.176963 9.9973E-05
0.0402278 9.9973E-05 0.280618 0.11629 0.501097 0.0357385 9.9973E-05 0.0257286 9.9973E-05
0.0372517 0.0232159 0.169616 0.0421417 0.611228 0.0439558 9.9991E-05 0.0319676 0.0405238
9.993E-05 9.993E-05 9.993E-05 0.999201 9.993E-05 9.993E-05 9.993E-05 9.993E-05 9.993E-05
9.993E-05 9.993E-05 9.993E-05 9.993E-05 9.993E-05 0.999201 9.993E-05 9.993E-05 9.993E-05
9.993E-05 9.993E-05 9.993E-05 0.999201 9.993E-05 9.993E-05 9.993E-05 9.993E-05 9.993E-05
0.0240936 0.0233812 9.9973E-05 0.0903497 0.712445 0.12136 0.0280706 9.9973E-05 9.9973E-05
0.0459403 0.0400858 9.9991E-05 0.14348 0.462068 0.137541 0.0976051 0.0451492 0.0280305
0.0590303 9.9991E-05 0.11427 0.0361133 0.560009 0.0730744 0.0291973 0.0601325 0.0680733
0.0348165 0.021576 0.0392802 0.124266 0.644734 0.092674 9.9982E-05 0.042454 9.9982E-05
0.00811517 0.0236265 0.197218 0.111207 0.534751 0.0634958 9.9991E-05 0.0612072 0.000278994
9.9973E-05 0.0132187 9.9973E-05 9.9973E-05 0.125823 0.78882 0.0225432 0.0389404 0.0103553
0.048243 9.9982E-05 9.9982E-05 0.034179 0.601306 0.126765 0.057423 0.0573757 0.0745084
0.00379849 9.9964E-05 0.677984 9.9964E-05 0.288727 9.9964E-05 0.00813122 9.9964E-05 0.0209602
9.9946E-05 9.9946E-05 0.929172 0.0376782 0.0325498 9.9946E-05 9.9946E-05 9.9946E-05 9.9946E-05
9.9955E-05 0.0185143 0.89338 0.0751464 9.9955E-05 0.0124593 9.9955E-05 9.9955E-05 9.9955E-05
0.00940121 0.0105132 0.874874 9.9964E-05 0.100689 0.00412257 9.9964E-05 9.9964E-05 9.9964E-05
0.0278788 0.00764501 0.681285 0.0858679 0.011136 0.04981 0.0855212 9.9991E-05 0.050756
9.9964E-05 0.00235673 0.905531 9.9964E-05 9.9964E-05 0.00897427 0.0133022 9.9964E-05 0.0694354
0.0233182 9.9955E-05 0.96103 9.9955E-05 9.9955E-05 9.9955E-05 0.00969206 9.9955E-05 0.00546007
0.0673525 9.9946E-05 0.914947 9.9946E-05 9.9946E-05 0.0171005 9.9946E-05 9.9946E-05 9.9946E-05
9.9946E-05 0.00919212 0.879291 9.9946E-05 9.9946E-05 9.9946E-05 9.9946E-05 0.110917 9.9946E-05
9.9973E-05 0.0315139 0.785686 0.0367326 0.0870845 0.040769 9.9973E-05 0.0179137 9.9973E-05
9.9973E-05 0.00800226 0.842651 0.0302802 0.0646917 9.9973E-05 9.9973E-05 0.00182757 0.0522473
0.00362734 9.9973E-05 0.139179 0.0449152 9.9973E-05 0.0256644 0.732567 9.9973E-05 0.053747
0.0134273 0.0314477 0.207161 9.9973E-05 9.9973E-05 0.0294148 0.713676 0.00457321 9.9973E-05
0.0226732 0.00817797 0.0128751 0.0262612 0.0865723 0.00265225 0.671474 0.0683075 0.101007
0.0484283 0.00499388 9.9973E-05 0.0179737 9.9973E-05 9.9973E-05 0.690962 0.179517 0.057825
0.0262157 0.0420061 0.0270425 0.0467401 0.0178089 0.00354826 0.668822 0.167717 9.9991E-05
0.0306369 0.0269764 0.148314 0.0089832 0.0938689 9.9973E-05 0.690921 9.9973E-05 9.9973E-05
9.9955E-05 9.9955E-05 9.9955E-05 9.9955E-05 9.9955E-05 0.0762572 0.739018 0.0788507 0.105375
9.9973E-05 0.0413198 0.1127 0.0286569 9.9973E-05 0.0116838 0.77265 0.0326901 9.9973E-05
0.0623084 0.0123067 9.9991E-05 0.0287936 0.12268 0.0759259 0.568735 0.0919224 0.0372276
9.9964E-05 0.018101 0.197898 9.9964E-05 9.9964E-05 0.00715948 0.639854 0.136588 9.9964E-05
0.0329702 0.0256147 0.0896917 0.0214808 9.9973E-05 9.9973E-05 0.710793 0.11915 9.9973E-05
0.0751797 0.0171781 9.9973E-05 9.9973E-05 0.028145 9.9973E-05 0.74185 0.11784 0.0195068
0.0296594 0.0175703 0.0749244 0.0110449 0.104638 9.9991E-05 0.600919 0.118407 0.0427373
9.9973E-05 0.00664315 0.0552248 0.0146808 0.197021 9.9973E-05 0.616683 0.109447 9.9973E-05
0.10003 0.00513883 9.9964E-05 9.9964E-05 0.158348 9.9964E-05 0.652891 9.9964E-05 0.0831923
0.0552431 0.00544301 9.9964E-05 9.9964E-05 0.141985 0.0303969 0.766532 9.9964E-05 9.9964E-05
9.9964E-05 9.9964E-05 0.153181 0.0122496 0.00895446 9.9964E-05 0.791438 0.0337773 9.9964E-05
0.0291656 0.0170934 0.0436901 9.9973E-05 0.0990254 9.9973E-05 0.737312 0.0734134 9.9973E-05
0.0669854 0.0142428 9.9982E-05 0.0241047 9.9982E-05 0.0112781 0.794614 0.0391901 0.0493854
0.0286228 0.0123127 9.9982E-05 0.032065 0.0913275 9.9982E-05 0.772248 0.0256174 0.0376065
0.0742511 9.9973E-05 9.9973E-05 0.0795942 0.0717676 0.0190992 0.669278 9.9973E-05 0.0857103
9.9991E-05 0.0252725 0.0731843 0.0171002 0.0245258 0.0395995 0.727922 0.0887778 0.00351796
0.0129588 9.9973E-05 0.161332 0.0581365 9.9973E-05 0.0249224 0.738372 9.9973E-05 0.00397817
0.0499153 0.00128896 0.075404 0.0297002 0.0614383 0.00112486 0.766324 0.0147044 9.9991E-05
0.0775502 0.0046363 9.9973E-05 9.9973E-05 0.0584187 0.06943 0.6839 9.9973E-05 0.105765
0.0169454 0.00288392 0.0893801 9.9982E-05 0.117142 0.00234301 0.670449 9.9982E-05 0.100657
0.0220786 0.0392295 0.0174616 0.0605989 9.9991E-05 0.00302683 0.779399 0.0537061 0.0243998
0.0725246 9.9973E-05 9.9973E-05 0.00150854 0.182643 0.00845579 0.702065 0.0325038 9.9973E-05
0.0871298 0.0372291 9.9982E-05 9.9982E-05 0.136204 0.000683893 0.689376 0.0393437 0.00983374
9.9973E-05 9.9973E-05 9.9973E-05 0.0125472 0.0283276 0.0230854 0.70544 0.101291 0.129009
9.9964E-05 9.9964E-05 0.0967655 0.0406752 9.9964E-05 0.0168504 0.713142 0.132167 9.9964E-05
0.0658515 9.9991E-05 0.0213707 0.0177199 0.0677625 0.00861235 0.603634 0.149424 0.0655247
9.9964E-05 9.9964E-05 0.0306208 9.9964E-05 0.0616906 9.9964E-05 0.652622 0.111023 0.143644
9.9973E-05 0.0146241 9.9973E-05 0.0261434 0.0721708 0.0240291 0.747792 9.9973E-05 0.114941
0.0237987 0.036974 0.0467301 0.0362626 0.0315777 0.039839 0.784618 9.9982E-05 9.9982E-05
0.0232319 0.0216869 9.9991E-05 0.0403366 0.062163 0.0111652 0.112356 0.650674 0.0782864
0.0443212 9.9982E-05 0.0463806 9.9982E-05 0.0336808 0.068366 0.145477 0.563619 0.0979555
0.121103 9.9982E-05 9.9982E-05 0.0344101 0.0783363 0.0160897 0.070482 0.523559 0.15582
0.119075 9.9982E-05 9.9982E-05 0.0204772 0.0627415 0.0585641 0.161785 0.513028 0.0641289
0.118726 0.0175683 9.9973E-05 9.9973E-05 0.0945618 9.9973E-05 0.0871936 0.59288 0.0887701
9.9973E-05 0.0176059 0.171065 0.00702688 9.9973E-05 9.9973E-05 0.071022 0.65435 0.0786307
0.00824325 0.0161868 0.0531073 9.9982E-05 0.00336734 0.0227574 9.9982E-05 0.805624 0.0905135
0.0888268 9.9964E-05 0.0427494 9.9964E-05 9.9964E-05 9.9964E-05 0.0711571 0.5409 0.255966
