9.998E-05 9.998E-05 0.9997 9.998E-05
0.0638287 0.112101 0.771012 0.0530583
0.122745 9.9991E-05 0.869338 0.00781731
0.0506708 0.0169561 0.884363 0.0480098
0.0232101 0.045056 0.844445 0.0872892
0.0215423 9.9991E-05 0.928732 0.049626
9.9982E-05 9.9982E-05 0.966646 0.0331538
0.0298492 0.0504958 0.868645 0.0510096
0.0929979 9.9991E-05 0.856735 0.0501667
0.104425 0.0184957 0.848651 0.0284286
0.098412 0.0572903 0.788436 0.0558614
0.10249 0.0139588 0.824672 0.0588785
0.0617944 0.0842536 0.813942 0.0400096
0.0863297 9.9991E-05 0.736456 0.177114
0.120725 0.00874486 0.87043 9.9991E-05
0.0108117 9.9991E-05 0.919475 0.0696136
9.9982E-05 0.000677352 0.999123 9.9982E-05
9.998E-05 9.998E-05 0.9997 9.998E-05
9.9982E-05 9.9982E-05 0.992683 0.00711664
0.0213693 0.00369551 0.974835 9.9991E-05
0.9997 9.998E-05 9.998E-05 9.998E-05
0.73305 0.0739368 0.0533587 0.139655
0.749469 0.0629963 0.0266906 0.160844
0.83323 0.0616033 9.9991E-05 0.105067
0.967087 0.0278874 0.00492609 9.9991E-05
0.942539 0.0192327 0.0381283 9.9991E-05
0.775061 0.0969043 9.9991E-05 0.127935
0.9997 9.998E-05 9.998E-05 9.998E-05
0.848323 0.0583547 9.9991E-05 0.0932225
0.68583 0.152324 0.0129955 0.148851
0.810091 0.0864133 9.9991E-05 0.103396
0.76977 0.055825 0.00267498 0.17173
0.772269 0.0237782 0.0640147 0.139938
0.734851 0.173405 9.9991E-05 0.0916449
0.695117 0.232758 0.024552 0.0475723
0.543318 0.19243 0.0537433 0.210509
0.637236 0.213269 9.9991E-05 0.149395
9.9991E-05 0.354242 0.0216595 0.623999
9.9982E-05 0.420303 9.9982E-05 0.579497
9.9991E-05 0.37926 0.0274992 0.593141
9.9991E-05 0.34606 0.0394156 0.614424
9.9991E-05 0.379702 0.060537 0.559661
9.9991E-05 0.335436 0.0354244 0.62904
0.0299205 0.277449 0.075097 0.617533
0.000535171 0.367753 0.0382073 0.593504
0.0249796 0.26577 0.0586484 0.650602
9.9982E-05 0.407134 9.9982E-05 0.592666
9.9991E-05 0.334717 0.0125809 0.652602
9.9991E-05 0.320894 0.0796583 0.599347
9.9991E-05 0.336687 0.0239018 0.639311
9.9991E-05 0.321533 0.0214135 0.656954
9.9991E-05 0.331073 0.00530461 0.663522
9.9991E-05 0.366813 0.0279548 0.605132
9.9991E-05 0.355587 0.0928291 0.551484
9.9991E-05 0.354261 0.0470984 0.598541
9.9991E-05 0.384349 0.0377148 0.577836
0.0202413 0.31196 0.0958978 0.571901
0.147754 0.682543 0.0731329 0.09657
0.0421379 0.892661 0.0651016 9.9991E-05
0.117019 0.76733 0.0352994 0.0803516
0.0414888 0.879381 0.0503813 0.0287494
0.0814919 0.90297 9.9991E-05 0.015438
0.0622659 0.820528 0.0416421 0.0755641
0.063788 0.910281 0.0219967 0.00393398
0.0397242 0.960076 9.9982E-05 9.9982E-05
0.0298128 0.775338 0.127115 0.0677346
0.181209 0.706583 0.0453685 0.0668394
0.0994574 0.837388 0.0304858 0.0326683
0.164786 0.835014 9.9982E-05 9.9982E-05
0.140158 0.801828 0.0579133 9.9991E-05
0.0333106 0.902059 0.0645304 9.9991E-05
0.0815038 0.877751 0.00772597 0.0330189
0.138538 0.844793 0.0165688 9.9991E-05
0.19608 0.66907 0.0420195 0.0928309
0.119218 0.663342 0.00742892 0.210011
0.0288992 0.714866 0.0864794 0.169756
9.9991E-05 0.662043 0.0943139 0.243543
0.0221936 0.976044 9.9991E-05 0.001662
0.124487 0.656592 0.0964767 0.122445
0.0226145 0.916591 9.9991E-05 0.060694
0.080971 0.767756 0.0709721 0.0803009
0.112344 0.83146 0.0501372 0.00605889
9.9991E-05 0.84987 0.124814 0.0252162
0.108839 0.48727 0.0517473 0.352143
9.9991E-05 0.217019 0.0254808 0.7574
0.136856 0.555695 0.0374827 0.269967
0.0413918 0.762953 0.0593082 0.136347
0.0678517 0.701809 0.0177035 0.212636
0.0802144 0.797783 0.00713875 0.114864
0.0503288 0.933976 0.0155955 9.9991E-05
0.0977411 0.827784 0.0261802 0.0482944
0.0563563 0.867142 9.9991E-05 0.076402
0.151066 0.643395 0.133386 0.0721533
0.196207 0.637292 0.123484 0.0430174
0.121478 0.687582 0.0623051 0.128635
0.142549 0.669089 0.127734 0.0606282
0.0875664 0.710304 0.0446933 0.157437
0.0316627 0.850343 0.0803405 0.0376538
0.144413 0.809495 0.045992 9.9991E-05
0.00635997 0.883283 0.0603465 0.0500109
0.136454 0.740115 0.0941473 0.0292836
0.0785753 0.808374 0.000248757 0.112802
0.0963932 0.838816 0.0202113 0.0445791
9.998E-05 0.9997 9.998E-05 9.998E-05
0.0874116 0.749774 0.0780415 0.0847732
0.0964605 0.838135 0.0653047 9.9991E-05
0.0415115 0.747034 0.0770516 0.134403
0.00984327 0.809116 0.0385083 0.142533
0.0705462 0.856542 0.0343292 0.0385823
0.150297 0.737351 0.112252 9.9991E-05
9.998E-05 0.9997 9.998E-05 9.998E-05
9.998E-05 0.9997 9.998E-05 9.998E-05
0.0083462 0.991454 9.9982E-05 9.9982E-05
0.0602642 0.803132 0.0911106 0.0454935
0.122423 0.719153 0.097238 0.0611851
0.168148 0.728641 0.0736161 0.0295942
0.0660103 0.866258 0.0676314 9.9991E-05
0.0879218 0.845045 0.0268189 0.0402141
9.9991E-05 0.84269 0.0970486 0.0601609
0.0460288 0.716738 0.102996 0.134238
0.266193 0.632225 0.00378597 0.0977962
0.21863 0.617517 9.9991E-05 0.163753
0.327617 0.621655 0.000328294 0.0503994
0.301492 0.553689 0.0439125 0.100906
0.279824 0.547431 0.0132274 0.159518
0.394891 0.454398 9.9991E-05 0.15061
0.313695 0.469802 0.0367089 0.179794
0.331072 0.553172 0.0683443 0.0474113
0.29529 0.471994 0.00244292 0.230274
0.240452 0.592921 9.9991E-05 0.166528
0.351148 0.571081 0.019306 0.0584649
0.256042 9.9991E-05 0.0114759 0.732382
0.258973 0.0101007 0.0189693 0.711957
0.289027 9.9991E-05 0.0179093 0.692964
0.19653 9.9991E-05 0.0283337 0.775037
0.186322 0.0105874 0.0311067 0.771984
0.255176 0.00674765 0.0517492 0.686327
0.261787 9.9982E-05 9.9982E-05 0.738013
0.265245 9.9982E-05 9.9982E-05 0.734555
0.191484 0.153505 0.0638817 0.59113
0.173418 9.9991E-05 0.0201603 0.806321
0.207197 9.9991E-05 0.0110003 0.781702
0.170712 9.9991E-05 0.0395618 0.789626
0.19253 0.0741463 0.0185488 0.714775
0.0991295 0.199798 0.0343247 0.666748
0.296775 9.9991E-05 0.0861851 0.61694
0.15854 0.00843421 0.116837 0.716188
0.181923 0.0298362 9.9991E-05 0.788141
0.163438 0.0198798 0.0476349 0.769048
0.22778 9.9991E-05 0.03495 0.73717
0.16505 0.0483916 0.0309246 0.755633
0.281056 0.053639 0.0665453 0.59876
0.229862 0.0313548 9.9991E-05 0.738683
0.220092 0.0330154 0.0229646 0.723928
0.209001 9.9991E-05 0.0470555 0.743843
0.331033 0.00720916 0.060725 0.601033
0.287886 9.9991E-05 0.0534836 0.65853
0.244486 9.9991E-05 0.0472807 0.708134
0.163596 0.0697916 0.0851344 0.681478
0.211597 0.032204 0.0880172 0.668182
0.257193 9.9982E-05 9.9982E-05 0.742607
0.164776 9.9982E-05 9.9982E-05 0.835024
0.204479 0.0152258 0.0601502 0.720145
0.278158 9.9982E-05 9.9982E-05 0.721642
0.257136 9.9982E-05 9.9982E-05 0.742664
0.265806 9.9991E-05 0.030662 0.703432
0.0677424 0.268855 0.0357579 0.627645
0.0584592 0.247435 0.0853166 0.608789
0.0431384 0.323966 0.142666 0.49023
0.0657495 0.255793 0.134832 0.543626
0.0895634 0.290544 0.0862799 0.533613
0.0833749 0.267047 9.9991E-05 0.649479
0.0636368 0.27224 0.020527 0.643596
0.149776 0.212386 0.133715 0.504124
