9.9937E-05 9.9937E-05 0.0450236 0.00140387 9.9937E-05 0.0363193 0.000594429 9.9937E-05 9.9937E-05 0.901849 0.0141106 9.9937E-05 9.9937E-05
9.9946E-05 9.9946E-05 9.9946E-05 0.165328 9.9946E-05 0.0140009 0.0167793 0.00747168 0.0117925 0.70056 9.9946E-05 0.0834677 9.9946E-05
0.0649837 9.9955E-05 9.9955E-05 0.0312793 0.0157441 0.0160325 9.9955E-05 0.0115926 9.9955E-05 0.788842 9.9955E-05 0.0359172 0.0351084
0.0736613 9.9964E-05 9.9964E-05 0.00910266 0.00359724 0.0172616 9.9964E-05 0.0318677 0.00168448 0.816364 9.9964E-05 0.040093 0.0059684
0.0723592 0.042211 9.9937E-05 9.9937E-05 9.9937E-05 9.9937E-05 9.9937E-05 0.0245954 0.0106921 0.793515 9.9937E-05 0.055928 9.9937E-05
0.0127179 9.9955E-05 0.00381821 0.023392 0.0279525 9.9955E-05 0.014526 9.9955E-05 0.0274324 0.85156 9.9955E-05 0.038101 9.9955E-05
0.0101707 9.9937E-05 9.9937E-05 9.9937E-05 0.00938317 9.9937E-05 0.0210433 9.9937E-05 9.9937E-05 0.903489 0.0223158 0.0328984 9.9937E-05
0.0490192 0.00533553 9.9955E-05 9.9955E-05 0.0895403 0.0184827 0.0139913 9.9955E-05 0.00771341 0.798831 0.0165867 9.9955E-05 9.9955E-05
0.0608426 9.9946E-05 9.9946E-05 9.9946E-05 9.9946E-05 9.9946E-05 0.00723801 0.0471607 0.00149767 0.751941 9.9946E-05 0.12207 0.00864991
9.9937E-05 9.9937E-05 9.9937E-05 0.068464 0.101049 9.9937E-05 0.0053293 9.9937E-05 9.9937E-05 0.771627 0.0145792 9.9937E-05 0.0382517
0.00876123 9.9946E-05 9.9946E-05 0.0919068 0.117667 9.9946E-05 0.00300034 9.9946E-05 0.0320493 0.703842 9.9946E-05 9.9946E-05 0.0421738
0.0237237 9.9955E-05 0.0184892 0.125223 0.0175558 0.017885 9.9955E-05 9.9955E-05 0.00438226 0.723218 9.9955E-05 9.9955E-05 0.0690232
0.127415 0.0194311 0.0315435 9.9955E-05 9.9955E-05 9.9955E-05 0.0277508 9.9955E-05 0.00900801 0.774551 0.0018225 9.9955E-05 0.00797734
9.9955E-05 9.9955E-05 9.9955E-05 0.119113 9.9955E-05 0.00457061 0.0027056 0.0139019 9.9955E-05 0.653498 0.00917266 0.147531 0.0490076
0.0780239 0.0297938 9.9946E-05 9.9946E-05 0.0183417 0.0144691 9.9946E-05 0.0285996 9.9946E-05 0.796396 9.9946E-05 9.9946E-05 0.0337765
9.9928E-05 0.0723298 9.9928E-05 9.9928E-05 0.0510644 0.00192869 9.9928E-05 9.9928E-05 9.9928E-05 0.818914 9.9928E-05 0.0549637 9.9928E-05
9.9919E-05 0.0281608 9.9919E-05 9.9919E-05 9.9919E-05 9.9919E-05 9.9919E-05 9.9919E-05 0.0323055 0.921874 0.0167602 9.9919E-05 9.9919E-05
9.9901E-05 0.0616084 9.9901E-05 9.9901E-05 9.9901E-05 9.9901E-05 9.9901E-05 9.9901E-05 9.9901E-05 0.937293 9.9901E-05 9.9901E-05 9.9901E-05
9.9928E-05 0.0347458 9.9928E-05 9.9928E-05 9.9928E-05 0.0217259 0.0135431 9.9928E-05 9.9928E-05 0.926067 0.00311882 9.9928E-05 9.9928E-05
9.9937E-05 0.0701995 9.9937E-05 9.9937E-05 9.9937E-05 9.9937E-05 9.9937E-05 0.00323881 0.0281341 0.857986 0.0153125 9.9937E-05 0.0244301
9.98919E-05 9.98919E-05 9.98919E-05 9.98919E-05 9.98919E-05 9.98919E-05 9.98919E-05 9.98919E-05 9.98919E-05 9.98919E-05 9.98919E-05 9.98919E-05 0.998801
9.9919E-05 9.9919E-05 9.9919E-05 0.18829 0.138348 9.9919E-05 0.0120368 9.9919E-05 9.9919E-05 9.9919E-05 9.9919E-05 9.9919E-05 0.660426
0.0107555 0.0266759 0.0453089 0.107872 0.0439256 9.9973E-05 0.0254559 9.9973E-05 9.9973E-05 0.022301 0.0235197 0.0227957 0.67109
0.0168784 0.00824893 0.158138 9.9973E-05 9.9973E-05 9.9973E-05 0.000770184 0.0315099 0.0155252 0.00743503 0.00526779 0.0130435 0.742883
0.0450219 9.9946E-05 9.9946E-05 0.0730324 0.0165911 0.000563906 0.00165363 9.9946E-05 9.9946E-05 9.9946E-05 0.0181113 9.9946E-05 0.844426
0.170251 9.9937E-05 9.9937E-05 9.9937E-05 9.9937E-05 0.00810984 9.9937E-05 9.9937E-05 0.00525025 0.0145011 0.00747437 9.9937E-05 0.793714
0.11753 0.090558 0.0694154 9.9937E-05 9.9937E-05 0.00152025 9.9937E-05 9.9937E-05 9.9937E-05 9.9937E-05 9.9937E-05 0.0764546 0.643822
9.98918E-05 9.98918E-05 9.98918E-05 9.98918E-05 9.98918E-05 9.98918E-05 9.98918E-05 9.98918E-05 9.98918E-05 9.98918E-05 9.98918E-05 9.98918E-05 0.998801
0.194618 9.9928E-05 9.9928E-05 0.0687293 9.9928E-05 9.9928E-05 9.9928E-05 0.0164263 9.9928E-05 9.9928E-05 9.9928E-05 0.101916 0.617512
0.161479 0.143851 0.0345917 9.9964E-05 0.0233798 9.9964E-05 0.027669 0.00472389 9.9964E-05 0.00708779 9.9964E-05 0.057146 0.539672
0.124315 9.9946E-05 9.9946E-05 0.0827777 0.00922429 0.0146564 9.9946E-05 0.0114507 9.9946E-05 9.9946E-05 9.9946E-05 0.127455 0.629522
0.136762 9.9946E-05 0.103023 9.9946E-05 9.9946E-05 9.9946E-05 0.0184379 9.9946E-05 0.0132715 9.9946E-05 0.00289946 0.0603889 0.664617
0.143808 0.0331009 0.0205239 9.9964E-05 0.0472431 9.9964E-05 0.035167 9.9964E-05 0.00588731 0.029785 9.9964E-05 0.0547629 0.629322
0.107097 9.9964E-05 9.9964E-05 0.0163341 0.162577 0.0503635 0.0641791 0.00588057 0.00462218 9.9964E-05 0.00448116 9.9964E-05 0.584066
0.0834488 0.060567 0.0123044 0.201473 9.9973E-05 0.00448583 0.00629464 0.0329128 9.9973E-05 9.9973E-05 0.0172916 0.0360404 0.544882
0.0414684 9.9964E-05 9.9964E-05 0.233803 0.00293617 0.0595058 0.0113475 0.0183811 9.9964E-05 0.0570976 9.9964E-05 0.193499 0.381562
9.9955E-05 0.212075 0.046557 9.9955E-05 0.0600401 0.0349507 9.9955E-05 0.0115219 9.9955E-05 9.9955E-05 0.00642676 0.0132329 0.614696
0.0244376 0.0955512 0.651222 0.0376487 0.141791 0.00842034 9.9955E-05 0.0276105 9.9955E-05 9.9955E-05 9.9955E-05 9.9955E-05 0.0128192
0.0763873 9.9937E-05 0.655369 0.22542 9.9937E-05 9.9937E-05 0.0172858 0.0151704 9.9937E-05 9.9937E-05 0.00966816 9.9937E-05 9.9937E-05
0.179228 0.0669788 0.654957 9.9946E-05 9.9946E-05 0.0248866 0.0176211 9.9946E-05 0.00778709 9.9946E-05 9.9946E-05 0.0479422 9.9946E-05
9.9946E-05 0.17398 0.69037 9.9946E-05 0.0985986 9.9946E-05 0.0109086 9.9946E-05 9.9946E-05 0.00327105 0.00549481 9.9946E-05 0.0167774
9.9973E-05 0.0317902 0.759212 0.00318257 9.9973E-05 0.0373423 0.0583521 9.9973E-05 0.000904887 0.0065768 0.0318661 0.0116565 0.0588167
0.037829 0.110898 0.724433 9.9946E-05 9.9946E-05 0.0328383 9.9946E-05 0.0233097 9.9946E-05 9.9946E-05 0.0214673 0.0486246 9.9946E-05
0.0230329 9.9973E-05 0.590133 0.0554596 0.0607207 0.0213793 0.0468296 0.038658 9.9973E-05 0.0407062 9.9973E-05 0.116744 0.00603745
9.9955E-05 0.169999 0.658885 9.9955E-05 9.9955E-05 0.00376891 0.0162852 0.0653288 9.9955E-05 9.9955E-05 0.0159234 0.0675708 0.00174013
0.0571784 0.123853 0.662542 9.9937E-05 9.9937E-05 9.9937E-05 9.9937E-05 0.034807 9.9937E-05 0.0248659 9.9937E-05 0.0960536 9.9937E-05
9.993E-05 0.102845 0.779362 9.993E-05 9.993E-05 9.993E-05 0.018147 9.993E-05 0.0421993 9.993E-05 0.0203412 0.0364054 9.993E-05
0.00238202 9.9964E-05 0.808913 0.0388258 0.0483159 0.0333583 0.0264627 0.0138513 9.9964E-05 0.0185575 0.00893381 9.9964E-05 9.9964E-05
0.0348657 9.9973E-05 0.846177 9.9973E-05 9.9973E-05 0.0179138 0.00701006 0.0202307 0.0214043 0.0147036 0.0105105 0.00012268 0.0267616
9.994E-05 0.103715 0.644297 0.0197592 0.176433 0.00572211 0.0127728 0.0367018 9.994E-05 9.994E-05 9.994E-05 9.994E-05 9.994E-05
0.0534484 9.9946E-05 0.788183 0.0830936 0.0184717 0.0136942 9.9946E-05 9.9946E-05 0.0372483 9.9946E-05 0.00526165 9.9946E-05 9.9946E-05
9.9937E-05 0.0515699 0.78631 9.9937E-05 9.9937E-05 0.0230049 0.0347562 9.9937E-05 9.9937E-05 9.9937E-05 9.9937E-05 0.0935577 0.0101012
9.99279E-05 9.99279E-05 0.759499 9.99279E-05 0.0750932 9.99279E-05 0.0675298 9.99279E-05 9.99279E-05 0.00347649 0.0936021 9.99279E-05 9.99279E-05
9.9955E-05 0.0414396 0.717502 0.115189 9.9955E-05 0.0101501 9.9955E-05 9.9955E-05 0.00972626 0.0649124 0.00759778 9.9955E-05 0.0329835
9.9946E-05 0.148401 0.686751 9.9946E-05 9.9946E-05 9.9946E-05 0.0246707 9.9946E-05 0.00996348 0.0172721 0.0193177 0.0930245 9.9946E-05
0.0898721 9.9946E-05 0.627942 0.1225 9.9946E-05 0.0321541 9.9946E-05 0.0276227 0.00749974 9.9946E-05 9.9946E-05 0.0918099 9.9946E-05
0.0822702 9.9946E-05 0.719185 9.9946E-05 9.9946E-05 9.9946E-05 9.9946E-05 9.9946E-05 0.00631063 0.0651674 0.0376852 0.0491804 0.0396016
0.00430427 0.299787 0.0955526 0.418796 9.9973E-05 0.0106214 0.0108579 9.9973E-05 0.0250076 9.9973E-05 0.00506482 0.105034 0.0246754
9.98918E-05 9.98918E-05 9.98918E-05 9.98918E-05 9.98918E-05 0.998801 9.98918E-05 9.98918E-05 9.98918E-05 9.98918E-05 9.98918E-05 9.98918E-05 9.98918E-05
0.0840732 0.313171 9.9964E-05 0.418356 0.0143951 9.9964E-05 0.0410271 0.0397196 9.9964E-05 0.00792105 0.054763 9.9964E-05 0.0261739
0.10703 0.271428 0.0875012 0.387719 9.9973E-05 0.0120484 0.0522034 0.0379863 0.00292601 0.00217506 0.0386824 9.9973E-05 9.9973E-05
0.100171 0.466083 9.9964E-05 0.275279 0.0262169 0.0440486 0.0259819 0.0514223 0.00899986 9.9964E-05 0.0013977 9.9964E-05 9.9964E-05
9.9946E-05 0.73627 0.0440727 0.108799 0.0597684 9.9946E-05 9.9946E-05 0.00841855 0.0356475 9.9946E-05 0.00642402 9.9946E-05 9.9946E-05
9.98918E-05 9.98918E-05 9.98918E-05 9.98918E-05 9.98918E-05 9.98918E-05 0.998801 9.98918E-05 9.98918E-05 9.98918E-05 9.98918E-05 9.98918E-05 9.98918E-05
9.98918E-05 9.98918E-05 9.98918E-05 9.98918E-05 9.98918E-05 0.998801 9.98918E-05 9.98918E-05 9.98918E-05 9.98918E-05 9.98918E-05 9.98918E-05 9.98918E-05
0.156178 0.124584 9.9982E-05 0.491297 0.02391 0.0163721 0.0338554 0.041128 0.049865 0.0580015 0.00296286 0.00164674 9.9982E-05
9.9955E-05 0.724136 9.9955E-05 9.9955E-05 0.033104 0.00333911 0.0390153 9.9955E-05 0.0373625 0.0254783 0.0250903 9.9955E-05 0.111975
0.105768 0.61641 9.9964E-05 0.0929929 0.0510524 0.0256288 0.0362114 0.0209191 0.0121181 9.9964E-05 0.0385003 9.9964E-05 9.9964E-05
9.9955E-05 0.663737 9.9955E-05 0.115078 9.9955E-05 0.0265541 0.0528746 0.0194841 0.0214173 9.9955E-05 0.0239955 9.9955E-05 0.0763599
9.9973E-05 0.407602 9.9973E-05 0.196611 0.036903 0.125853 0.044415 0.00992656 0.0486166 0.0231793 0.0304821 9.9973E-05 0.076111
9.9955E-05 0.81848 9.9955E-05 0.0240792 9.9955E-05 0.0541407 0.0442188 9.9955E-05 0.0278864 0.00956522 0.0105995 0.0105302 9.9955E-05
0.0520324 0.841324 9.9946E-05 9.9946E-05 9.9946E-05 0.0177152 0.0514561 9.9946E-05 0.0199341 9.9946E-05 0.00429468 0.0126438 9.9946E-05
0.044581 0.314664 9.9964E-05 0.40431 9.9964E-05 0.0714508 0.0525655 0.042317 0.00238623 9.9964E-05 0.0226608 9.9964E-05 0.0446649
0.39427 9.9937E-05 0.0105549 0.480027 9.9937E-05 0.0485041 9.9937E-05 0.0562116 0.00973292 9.9937E-05 9.9937E-05 9.9937E-05 9.9937E-05
0.18154 0.379922 0.227255 9.9946E-05 9.9946E-05 0.0466783 0.0349293 9.9946E-05 0.0573445 9.9946E-05 9.9946E-05 9.9946E-05 0.0717312
9.9973E-05 0.550814 0.17032 0.0930433 0.0596364 0.0125568 0.0254408 0.0126905 0.0224153 0.0511655 0.00161693 9.9973E-05 9.9973E-05
9.995E-05 0.0478635 0.403298 0.398971 9.995E-05 0.0450039 9.995E-05 0.000245504 0.0284033 0.0545069 0.0212084 9.995E-05 9.995E-05
9.98918E-05 9.98918E-05 9.98918E-05 9.98918E-05 9.98918E-05 9.98918E-05 0.998801 9.98918E-05 9.98918E-05 9.98918E-05 9.98918E-05 9.98918E-05 9.98918E-05
0.00596971 0.136792 0.138971 0.33512 9.9982E-05 0.0703792 0.0318408 9.9982E-05 0.0575464 0.0382467 0.091218 0.0587218 0.0349944
9.9964E-05 0.436085 0.0481745 0.292083 9.9964E-05 0.0286805 0.0710969 0.0310696 0.0396175 9.9964E-05 0.0285846 0.0242082 9.9964E-05
9.9946E-05 0.809791 0.0557711 9.9946E-05 9.9946E-05 9.9946E-05 9.9946E-05 9.9946E-05 0.0576346 0.0131037 0.00913756 0.00942864 0.0445336
9.9964E-05 0.35193 9.9964E-05 0.44283 0.0598545 0.040158 0.025699 9.9964E-05 0.00449256 0.0145585 0.0451922 9.9964E-05 0.0148856
9.9964E-05 0.602872 0.0298056 0.166309 9.9964E-05 0.0268366 0.0537501 0.0242879 0.00368774 0.0663434 0.0257078 9.9964E-05 9.9964E-05
9.9955E-05 9.9955E-05 0.248426 0.420674 0.0305924 0.0200411 9.9955E-05 9.9955E-05 0.0155709 9.9955E-05 0.0687046 0.142998 0.0524932
9.9955E-05 9.9955E-05 0.104713 0.104025 0.568349 0.0258786 0.0384013 0.0319234 0.0370769 9.9955E-05 9.9955E-05 0.0891327 9.9955E-05
0.119024 0.232274 0.0578427 0.322748 0.0868919 0.055241 9.9973E-05 9.9973E-05 0.00464541 9.9973E-05 0.000366772 0.107239 0.0134272
9.9937E-05 0.857976 9.9937E-05 9.9937E-05 9.9937E-05 9.9937E-05 0.00879989 0.0151432 0.0259409 0.0181752 9.9937E-05 0.0732655 9.9937E-05
9.9928E-05 0.742674 0.0223356 9.9928E-05 9.9928E-05 0.00438241 9.9928E-05 9.9928E-05 0.0547917 9.9928E-05 9.9928E-05 0.175017 9.9928E-05
0.0449978 0.640186 0.00106787 0.102841 0.0936728 0.0227705 9.99684E-05 0.0292138 9.99684E-05 9.99684E-05 0.035756 9.99684E-05 0.0290952
9.98919E-05 9.98919E-05 9.98919E-05 9.98919E-05 9.98919E-05 9.98919E-05 9.98919E-05 0.998801 9.98919E-05 9.98919E-05 9.98919E-05 9.98919E-05 9.98919E-05
0.0905845 0.0594675 0.0916607 0.602089 9.9973E-05 0.00992429 0.106231 0.00476084 0.0197941 9.9973E-05 0.0113005 9.9973E-05 0.00388774
9.9928E-05 0.794509 0.0288874 0.0784849 0.0391071 9.9928E-05 0.0582123 9.9928E-05 9.9928E-05 9.9928E-05 9.9928E-05 9.9928E-05 9.9928E-05
9.9937E-05 9.9937E-05 9.9937E-05 0.806896 9.9937E-05 0.0251039 9.9937E-05 0.00975251 9.9937E-05 9.9937E-05 0.00915361 0.118374 0.0300211
0.0233765 9.9964E-05 0.0303626 0.720833 9.9964E-05 9.9964E-05 0.00665923 0.0509506 0.0216203 0.019154 0.014048 9.9964E-05 0.112596
0.0451146 9.9928E-05 9.9928E-05 0.885507 0.0273385 9.9928E-05 0.0216816 9.9928E-05 0.0195587 9.9928E-05 9.9928E-05 9.9928E-05 9.9928E-05
0.0109719 0.231327 9.9973E-05 0.431903 0.0754702 0.0752156 0.0338755 0.0271063 9.9973E-05 0.0671366 0.00258282 9.9973E-05 0.0441107
0.124948 0.0393225 9.9982E-05 0.482088 0.114005 0.0414578 0.0413906 0.0204542 0.0562978 0.0157251 0.0278874 0.0362233 9.9982E-05
0.0699867 0.200733 0.0731257 0.490071 9.9964E-05 0.0515306 0.0334231 9.9964E-05 0.0256159 0.0281852 0.026929 9.9964E-05 9.9964E-05
0.169919 0.348669 9.9973E-05 0.322659 9.9973E-05 0.0177694 0.0395683 0.00496888 0.0437632 0.00465861 0.0062518 9.9973E-05 0.0414719
0.0617712 0.393722 0.0466865 0.276239 9.9973E-05 0.0514582 0.0211634 0.0624211 0.0611886 0.018435 0.00661498 9.9973E-05 9.9973E-05
0.126484 0.250974 9.9937E-05 0.586802 0.00850656 9.9937E-05 0.00877159 9.9937E-05 9.9937E-05 9.9937E-05 0.0177625 9.9937E-05 9.9937E-05
0.00298178 0.378617 9.9973E-05 0.185375 0.127329 0.0789517 0.0820631 0.00777442 0.0435935 9.9973E-05 0.0879317 9.9973E-05 0.00508326
9.9937E-05 0.869049 9.9937E-05 0.0648044 9.9937E-05 9.9937E-05 0.00879246 0.00447248 9.9937E-05 9.9937E-05 9.9937E-05 0.0510978 0.0010841
9.98919E-05 9.98919E-05 9.98919E-05 9.98919E-05 9.98919E-05 9.98919E-05 9.98919E-05 9.98919E-05 9.98919E-05 9.98919E-05 0.998801 9.98919E-05 9.98919E-05
0.0833471 0.0647324 9.9982E-05 0.572133 9.9982E-05 0.0457826 0.00817791 0.035308 0.0531168 0.0268709 0.0335942 0.0534997 0.0232372
9.9946E-05 0.190434 0.0162541 0.663215 9.9946E-05 9.9946E-05 0.056214 0.0316341 9.9946E-05 9.9946E-05 0.0197927 9.9946E-05 0.0218558
9.9946E-05 0.531621 9.9946E-05 0.204445 0.101569 9.9946E-05 0.0511346 0.0364167 9.9946E-05 0.0428737 0.03134 9.9946E-05 9.9946E-05
9.9946E-05 0.815262 0.0524664 9.9946E-05 9.9946E-05 0.00142512 0.00765362 0.0329763 0.0211571 9.9946E-05 9.9946E-05 0.0684597 9.9946E-05
0.19341 0.0670968 9.9937E-05 0.649673 9.9937E-05 0.00556698 0.0254807 9.9937E-05 0.0580731 9.9937E-05 9.9937E-05 9.9937E-05 9.9937E-05
0.125799 0.288744 9.9964E-05 0.48702 0.0516358 9.9964E-05 0.000281335 9.9964E-05 0.0136628 0.00839948 0.0193716 9.9964E-05 0.00468593
9.98919E-05 9.98919E-05 9.98919E-05 9.98919E-05 9.98919E-05 9.98919E-05 9.98919E-05 9.98919E-05 0.998801 9.98919E-05 9.98919E-05 9.98919E-05 9.98919E-05
9.98919E-05 9.98919E-05 9.98919E-05 9.98919E-05 9.98919E-05 9.98919E-05 9.98919E-05 9.98919E-05 9.98919E-05 9.98919E-05 0.998801 9.98919E-05 9.98919E-05
9.98919E-05 9.98919E-05 9.98919E-05 9.98919E-05 9.98919E-05 9.98919E-05 9.98919E-05 9.98919E-05 0.998801 9.98919E-05 9.98919E-05 9.98919E-05 9.98919E-05
9.9928E-05 9.9928E-05 9.9928E-05 0.906698 9.9928E-05 0.0367826 0.028137 0.0196527 9.9928E-05 9.9928E-05 0.0079301 9.9928E-05 9.9928E-05
9.9964E-05 9.9964E-05 0.0392809 0.642599 9.9964E-05 0.0484695 0.0660206 0.0342922 0.0425609 9.9964E-05 0.0253118 0.0441974 0.0568675
9.9937E-05 9.9937E-05 9.9937E-05 0.852786 0.028461 0.0391385 0.0238317 9.9937E-05 9.9937E-05 9.9937E-05 0.0305765 9.9937E-05 0.0245063
9.9964E-05 0.539422 0.0281247 0.32635 9.9964E-05 0.0140451 0.014798 0.0109586 0.0262884 0.0171683 0.0224454 9.9964E-05 9.9964E-05
9.9955E-05 0.799456 0.0362127 9.9955E-05 0.0667209 0.00345678 0.0385424 9.9955E-05 0.00886816 9.9955E-05 0.0198801 9.9955E-05 0.0263636
9.98919E-05 9.98919E-05 9.98919E-05 9.98919E-05 9.98919E-05 9.98919E-05 9.98919E-05 0.998801 9.98919E-05 9.98919E-05 9.98919E-05 9.98919E-05 9.98919E-05
9.995E-05 0.106473 0.0546036 0.676801 0.055216 9.995E-05 9.995E-05 0.0267888 0.0373653 0.00952391 0.0327283 9.995E-05 9.995E-05
0.729749 9.99163E-05 9.99163E-05 0.217032 9.99163E-05 0.05222 9.99163E-05 9.99163E-05 9.99163E-05 9.99163E-05 9.99163E-05 9.99163E-05 9.99163E-05
0.908762 0.0473481 9.9928E-05 9.9928E-05 9.9928E-05 0.0026191 0.0233853 9.9928E-05 0.0170858 9.9928E-05 9.9928E-05 9.9928E-05 9.9928E-05
0.87616 9.9937E-05 9.9937E-05 0.0397733 9.9937E-05 9.9937E-05 9.9937E-05 0.00418391 0.0228241 9.9937E-05 0.0328442 9.9937E-05 0.0235154
0.838529 9.9928E-05 9.9928E-05 0.141895 9.9928E-05 9.9928E-05 0.00363804 0.00375 9.9928E-05 0.011389 9.9928E-05 9.9928E-05 9.9928E-05
0.785484 9.9955E-05 9.9955E-05 0.0527934 9.9955E-05 9.9955E-05 0.0263724 0.0127023 0.0430915 9.9955E-05 0.0337748 0.0322505 0.0130312
0.856512 9.9937E-05 9.9937E-05 9.9937E-05 0.0385136 0.0318061 9.9937E-05 0.0221676 9.9937E-05 9.9937E-05 0.0122443 9.9937E-05 0.0380567
0.987706 9.9919E-05 0.00320883 9.9919E-05 9.9919E-05 9.9919E-05 9.9919E-05 9.9919E-05 9.9919E-05 0.00786102 0.000324609 9.9919E-05 9.9919E-05
0.916253 0.0493589 9.9928E-05 9.9928E-05 9.9928E-05 9.9928E-05 9.9928E-05 0.000499588 9.9928E-05 0.0300726 0.00301679 9.9928E-05 9.9928E-05
0.843012 9.9928E-05 0.119373 9.9928E-05 0.0108086 9.9928E-05 9.9928E-05 9.9928E-05 0.0198497 9.9928E-05 0.00615669 9.9928E-05 9.9928E-05
0.736679 9.9964E-05 9.9964E-05 0.061699 9.9964E-05 0.0205089 0.025411 0.0426659 0.0298192 9.9964E-05 0.0340974 0.0309904 0.0177294
0.688616 0.164427 0.00739423 9.9964E-05 9.9964E-05 0.0251212 9.9964E-05 0.0105502 0.0144318 0.0072551 0.00429954 9.9964E-05 0.077505
0.0374616 9.9964E-05 9.9964E-05 9.9964E-05 9.9964E-05 0.00710288 0.0236084 0.031831 0.0451852 0.00764444 0.0177024 0.817652 0.0114118
0.124395 0.0118801 0.0152897 9.9964E-05 0.153681 0.00907691 0.0209856 9.9964E-05 9.9964E-05 9.9964E-05 0.0447298 0.616909 0.00265265
9.9955E-05 0.115164 0.0514915 9.9955E-05 9.9955E-05 0.00611675 9.9955E-05 9.9955E-05 0.021544 0.00320011 0.00944176 0.765356 0.0271861
9.9946E-05 0.0269688 0.130892 9.9946E-05 0.0380054 9.9946E-05 9.9946E-05 9.9946E-05 0.0310151 0.0266949 9.9946E-05 0.73075 0.0150745
9.9937E-05 9.9937E-05 0.0625241 0.106424 9.9937E-05 9.9937E-05 0.0834425 0.00693343 9.9937E-05 0.0207096 9.9937E-05 0.719267 9.9937E-05
0.0523329 9.9964E-05 9.9964E-05 0.10505 0.20742 0.00168923 0.00259934 9.9964E-05 0.0204707 9.9964E-05 0.00689435 0.564295 0.0388475
9.9937E-05 9.9937E-05 0.0721942 9.9937E-05 0.0373229 9.9937E-05 0.0185396 9.9937E-05 9.9937E-05 9.9937E-05 0.0666773 0.766164 0.0384024
9.9946E-05 0.126262 9.9946E-05 9.9946E-05 0.216934 9.9946E-05 0.00406279 9.9946E-05 0.00434319 9.9946E-05 0.00388381 0.616579 0.0273352
9.9982E-05 0.0213311 0.0799458 0.122004 9.9982E-05 0.0152991 0.00611378 0.00580803 0.0855034 0.013172 0.00802288 0.623162 0.0194381
0.0354353 0.0588816 0.130758 9.9937E-05 9.9937E-05 9.9937E-05 0.00414439 9.9937E-05 9.9937E-05 9.9937E-05 0.0126461 0.757435 9.9937E-05
0.0413436 9.9955E-05 0.0679606 9.9955E-05 9.9955E-05 0.0238803 0.0340869 9.9955E-05 9.9955E-05 0.00789591 0.000705112 0.822753 0.00087507
9.9928E-05 9.9928E-05 0.0938763 9.9928E-05 0.390786 0.0416593 9.9928E-05 9.9928E-05 9.9928E-05 0.0420436 9.9928E-05 0.430836 9.9928E-05
9.997E-05 0.0749164 0.0609555 0.101633 0.159853 0.0109312 9.997E-05 0.0097246 0.0157199 0.0219418 9.997E-05 0.530458 0.0135672
0.0027093 9.9964E-05 0.114947 0.231963 0.326771 0.013157 0.0138659 0.0170402 0.00435677 9.9964E-05 9.9964E-05 0.274791 9.9964E-05
0.0273095 0.00676246 9.9946E-05 9.9946E-05 0.796462 0.0581078 9.9946E-05 9.9946E-05 0.00849638 0.0448993 9.9946E-05 9.9946E-05 0.0573631
9.9928E-05 9.9928E-05 9.9928E-05 0.108753 0.826989 0.0236828 9.9928E-05 0.00107873 9.9928E-05 0.0386968 9.9928E-05 9.9928E-05 9.9928E-05
0.0126085 9.9919E-05 9.9919E-05 9.9919E-05 0.951905 0.0343824 9.9919E-05 9.9919E-05 9.9919E-05 9.9919E-05 0.000204304 9.9919E-05 9.9919E-05
9.991E-05 0.114416 9.991E-05 9.991E-05 0.884441 0.000143922 9.991E-05 9.991E-05 9.991E-05 9.991E-05 9.991E-05 9.991E-05 9.991E-05
9.9901E-05 9.9901E-05 9.9901E-05 9.9901E-05 0.98919 9.9901E-05 9.9901E-05 0.00971132 9.9901E-05 9.9901E-05 9.9901E-05 9.9901E-05 9.9901E-05
9.9937E-05 9.9937E-05 0.00309477 0.130165 0.787614 9.9937E-05 0.0144298 9.9937E-05 9.9937E-05 9.9937E-05 9.9937E-05 0.0103292 0.0536671
9.99394E-05 9.99394E-05 9.99394E-05 0.144062 0.771785 9.99394E-05 0.0306747 9.99394E-05 9.99394E-05 0.0252294 0.0109938 0.0165557 9.99394E-05
0.0364866 0.0509372 9.9928E-05 9.9928E-05 0.878085 9.9928E-05 9.9928E-05 9.9928E-05 0.0319467 9.9928E-05 0.00174482 9.9928E-05 9.9928E-05
9.9928E-05 9.9928E-05 9.9928E-05 0.195358 0.145854 9.9928E-05 9.9928E-05 9.9928E-05 0.0251512 9.9928E-05 0.00752649 0.625311 9.9928E-05
0.0178502 0.0365703 0.0203982 0.0568366 0.106205 0.00451919 9.997E-05 0.0246693 0.00449785 0.0434288 9.997E-05 0.684725 9.997E-05
9.9955E-05 9.9955E-05 9.9955E-05 0.145067 0.0891995 0.0278088 9.9955E-05 0.0121135 9.9955E-05 0.00359253 0.0337933 0.627856 0.0600697
9.991E-05 9.991E-05 9.991E-05 0.27778 9.991E-05 9.991E-05 9.991E-05 9.991E-05 9.991E-05 9.991E-05 9.991E-05 0.68191 0.0393113
9.996E-05 9.996E-05 0.0428129 0.0420746 0.0787147 0.00661685 0.00379432 0.0609441 0.0382456 9.996E-05 9.996E-05 0.723008 0.00338897
9.9946E-05 9.9946E-05 9.9946E-05 0.0858376 0.187239 0.0459333 0.0302471 0.035672 9.9946E-05 0.052837 9.9946E-05 0.561634 9.9946E-05
9.9946E-05 0.010016 9.9946E-05 0.127018 0.39141 0.00950125 9.9946E-05 9.9946E-05 9.9946E-05 0.0263079 9.9946E-05 0.402174 0.0329738
9.9937E-05 9.9937E-05 9.9937E-05 9.9937E-05 9.9937E-05 0.0362385 0.011001 0.0325895 0.0344145 9.9937E-05 0.0351933 0.849864 9.9937E-05
0.0137757 9.9955E-05 0.0604511 9.9955E-05 0.0297395 0.0539133 0.00344748 9.9955E-05 0.0306796 9.9955E-05 0.0282469 0.779247 9.9955E-05
9.9973E-05 0.0680088 0.0566023 0.0464375 9.9973E-05 0.00287776 9.9973E-05 0.0257713 0.0154538 0.036948 0.00302845 0.742708 0.00186391
0.056752 0.0525581 0.0784734 9.9946E-05 0.0976212 0.0157644 9.9946E-05 9.9946E-05 9.9946E-05 9.9946E-05 9.9946E-05 0.678273 0.0199583
0.0413157 9.9964E-05 9.9964E-05 9.9964E-05 0.46893 0.00299642 0.00969177 0.0111837 0.0346282 9.9964E-05 0.0174372 0.390957 0.02246
9.9946E-05 9.9946E-05 9.9946E-05 0.0394397 9.9946E-05 9.9946E-05 0.0111543 0.0371398 0.0184787 0.0132219 9.9946E-05 0.876317 0.00364933
9.9964E-05 9.9964E-05 0.649796 0.0393078 9.9964E-05 0.0420896 0.00613604 0.0550161 0.0132941 0.0191511 9.9964E-05 0.153567 0.0212416
9.9937E-05 9.9937E-05 0.48706 0.22187 0.16539 9.9937E-05 9.9937E-05 0.0602185 9.9937E-05 0.0288432 9.9937E-05 9.9937E-05 0.0359189
9.9955E-05 9.9955E-05 0.46674 0.195419 0.159389 0.00127193 0.00817626 0.0250493 9.9955E-05 0.0755998 9.9955E-05 9.9955E-05 0.0678545
9.9946E-05 9.9946E-05 0.482905 0.166449 9.9946E-05 0.0179243 9.9946E-05 0.0417093 0.0217115 0.0794221 9.9946E-05 0.189279 9.9946E-05
0.0214945 9.9946E-05 0.459933 0.269692 0.181469 0.0116795 9.9946E-05 9.9946E-05 0.0145785 0.0405543 9.9946E-05 9.9946E-05 9.9946E-05
0.0433848 9.9937E-05 0.666751 9.9937E-05 0.155114 9.9937E-05 9.9937E-05 0.0478647 0.019513 9.9937E-05 9.9937E-05 9.9937E-05 0.0666733
0.16302 9.99191E-05 0.724883 9.99191E-05 0.0576426 9.99191E-05 9.99191E-05 0.0535545 9.99191E-05 9.99191E-05 9.99191E-05 9.99191E-05 9.99191E-05
0.107855 9.9928E-05 0.591886 0.129197 9.9928E-05 9.9928E-05 9.9928E-05 9.9928E-05 9.9928E-05 0.055034 9.9928E-05 9.9928E-05 0.115229
