9.9991E-05 0.0993931 0.167055 0.733451
9.998E-05 9.998E-05 9.998E-05 0.9997
9.998E-05 9.998E-05 0.534891 0.464909
0.326108 9.9991E-05 0.189615 0.484177
9.9982E-05 0.36168 0.63812 9.9982E-05
0.93537 9.999E-05 0.0471711 0.0173592
0.150253 0.0179783 0.831669 9.9991E-05
9.99821E-05 9.99821E-05 0.0172637 0.982536
0.782433 0.217367 9.9982E-05 9.9982E-05
9.998E-05 0.330448 0.669352 9.998E-05
9.998E-05 9.998E-05 0.9997 9.998E-05
0.0705038 9.9982E-05 9.9982E-05 0.929296
0.0396114 0.49337 0.465394 0.00162529
0.0989934 9.999E-05 0.83954 0.0613663
9.9982E-05 0.590683 0.409117 9.9982E-05
0.130919 0.855247 9.999E-05 0.0137339
0.124581 9.999E-05 0.0328134 0.842506
0.247091 0.453277 0.299532 9.999E-05
0.939204 9.998E-05 9.998E-05 0.0605963
0.15003 0.84977 9.998E-05 9.998E-05
0.267263 0.694256 9.999E-05 0.0383809
0.589215 0.3278 9.999E-05 0.082885
0.0361803 0.933278 9.9991E-05 0.0304419
0.42197 9.999E-05 0.237287 0.340643
0.111086 9.999E-05 0.854151 0.0346627
9.998E-05 0.839493 0.160307 9.998E-05
0.103748 9.999E-05 0.315353 0.580799
0.559951 0.171664 0.268285 9.999E-05
9.998E-05 0.0180704 9.998E-05 0.98173
0.711275 9.99821E-05 9.99821E-05 0.288525
9.998E-05 9.998E-05 0.960496 0.0393037
9.998E-05 9.998E-05 0.9997 9.998E-05
9.9982E-05 0.103246 0.896554 9.9982E-05
0.94937 9.9982E-05 0.0504298 9.9982E-05
0.154306 9.999E-05 0.0850472 0.760547
0.270275 0.729526 9.998E-05 9.998E-05
0.912311 0.0874894 9.998E-05 9.998E-05
0.92682 9.998E-05 0.07298 9.998E-05
0.149897 9.999E-05 0.757421 0.0925818
0.933583 9.99821E-05 9.99821E-05 0.066217
0.707255 9.998E-05 9.998E-05 0.292545
0.1668 9.998E-05 9.998E-05 0.833
0.0070232 0.984187 9.9991E-05 0.00868966
9.998E-05 9.998E-05 0.847882 0.151918
9.998E-05 0.801037 0.198763 9.998E-05
9.998E-05 9.998E-05 9.998E-05 0.9997
0.373334 0.626466 9.998E-05 9.998E-05
0.911955 0.0878451 9.998E-05 9.998E-05
9.999E-05 0.725831 0.187936 0.0861322
0.480046 0.519754 9.9982E-05 9.9982E-05
