9.9973E-05 9.9973E-05 9.9973E-05 0.0503297 0.901101 0.0482693
9.9982E-05 0.0856639 0.0614459 0.129652 0.723039 9.9982E-05
0.084207 0.0559122 9.9982E-05 0.0868825 0.772798 9.9982E-05
9.9973E-05 0.0959909 9.9973E-05 0.115222 0.788488 9.9973E-05
0.0159025 0.0624347 9.9991E-05 0.0616825 0.809521 0.0503597
9.9982E-05 0.12816 9.9982E-05 0.0134987 0.836691 0.0214497
9.9982E-05 0.0773437 9.9982E-05 0.0237587 0.882363 0.0163349
0.00746932 0.118148 0.0025971 9.9991E-05 0.783194 0.0884915
0.00192921 0.121396 0.0197705 0.0239327 0.79092 0.0420517
0.0199651 0.10438 0.031035 0.0355689 0.808951 9.9991E-05
9.9973E-05 0.0899759 9.9973E-05 0.126168 0.783557 9.9973E-05
9.9973E-05 0.020371 9.9973E-05 0.186041 0.793288 9.9973E-05
0.0106337 0.0616786 0.0166191 0.102306 0.776014 0.0327486
0.035717 0.0628572 9.9982E-05 0.162937 0.738289 9.9982E-05
0.0552438 0.113773 9.9973E-05 9.9973E-05 0.830683 9.9973E-05
0.000311465 0.0562549 9.9982E-05 9.9982E-05 0.838401 0.104833
9.9964E-05 9.9964E-05 9.9964E-05 9.9964E-05 0.902592 0.0970084
9.9964E-05 9.9964E-05 9.9964E-05 9.9964E-05 0.856655 0.142945
9.9973E-05 9.9973E-05 0.00428174 9.9973E-05 0.88934 0.106078
0.0266509 9.9973E-05 9.9973E-05 9.9973E-05 0.857431 0.115619
0.9995 9.996E-05 9.996E-05 9.996E-05 9.996E-05 9.996E-05
0.735846 9.9964E-05 9.9964E-05 0.263754 9.9964E-05 9.9964E-05
0.775092 9.9973E-05 9.9973E-05 0.195631 0.0289766 9.9973E-05
0.816227 9.9973E-05 9.9973E-05 0.136129 9.9973E-05 0.0473442
0.927297 9.9973E-05 9.9973E-05 0.0559722 0.0164311 9.9973E-05
0.938164 9.9964E-05 9.9964E-05 0.0614358 9.9964E-05 9.9964E-05
0.81895 0.00534555 9.9982E-05 0.105092 9.9982E-05 0.0704128
0.972142 0.0274577 9.9964E-05 9.9964E-05 9.9964E-05 9.9964E-05
0.686835 0.142433 0.0324824 9.9982E-05 9.9982E-05 0.13805
0.597188 0.0900325 0.076461 9.9991E-05 0.0327395 0.203479
0.705732 0.188185 0.0667251 9.9982E-05 9.9982E-05 0.0391585
0.671946 0.0646585 0.0569564 9.9982E-05 9.9982E-05 0.206239
0.636906 0.107854 0.0599813 9.9991E-05 0.022698 0.172461
0.59966 0.185274 0.162254 9.9982E-05 9.9982E-05 0.0526116
0.601717 0.136817 0.180213 0.0250675 0.0209775 0.0352074
0.476896 0.0943949 0.133765 0.258901 0.0359434 9.9991E-05
0.544047 0.0679967 0.105222 9.9982E-05 9.9982E-05 0.282534
0.056633 0.0220642 0.0262751 0.0699299 0.0258052 0.799293
9.9973E-05 9.9973E-05 0.108158 0.239864 9.9973E-05 0.651677
9.9991E-05 0.0866641 0.0608014 0.112675 0.0137567 0.726002
0.0434048 0.078353 0.031834 9.9991E-05 0.00768288 0.838625
9.9991E-05 0.0275055 0.0246675 0.191962 0.016877 0.738888
9.9991E-05 0.0265292 0.0119624 0.0106994 0.0349385 0.91577
9.9991E-05 0.119158 0.0292171 0.230333 0.0314263 0.589765
0.0454958 0.0386447 0.0390311 9.9991E-05 0.0152397 0.861489
0.00481982 0.0305518 9.9991E-05 0.162166 0.0446301 0.757732
9.9982E-05 0.0157014 0.0468637 0.0738592 9.9982E-05 0.863376
9.9982E-05 0.0365054 0.0338382 0.0867605 9.9982E-05 0.842696
9.9973E-05 9.9973E-05 9.9973E-05 0.0709804 0.0265538 0.902166
9.9991E-05 0.0499649 0.0406109 0.202113 0.00233017 0.704881
9.9991E-05 0.0170483 0.0100203 0.100272 0.0131202 0.85944
0.0141312 0.034465 9.9991E-05 0.0293219 0.00342126 0.918561
9.9982E-05 0.0258957 0.0843835 0.0588663 9.9982E-05 0.830655
0.0250677 9.9991E-05 0.0153766 0.0667863 0.0597173 0.832952
9.9991E-05 0.0898802 0.050246 0.0346463 0.0283881 0.796739
0.0241183 0.0562091 0.0386959 0.165619 0.0255024 0.689855
0.0391277 0.0401806 9.9982E-05 9.9982E-05 0.0837663 0.836725
0.0576965 0.0159665 0.552396 0.0812856 0.0311704 0.261485
0.0326535 0.00357805 0.796523 0.134474 0.0326712 9.9991E-05
0.0403898 0.0382578 0.68023 0.106662 0.0515574 0.0829024
0.00791762 9.9991E-05 0.667235 0.0888055 0.0307912 0.205151
9.9982E-05 0.0388988 0.773079 0.0516725 9.9982E-05 0.13615
0.00963704 0.0421298 0.610056 9.9991E-05 0.0393445 0.298733
9.9982E-05 0.0369348 0.744878 9.9982E-05 0.0335891 0.184398
0.0683931 9.9982E-05 0.772059 0.0237713 9.9982E-05 0.135576
9.9991E-05 0.0287062 0.60521 0.154995 0.102154 0.108835
0.0899169 0.0175605 0.562236 9.9991E-05 0.0484339 0.281752
0.0651348 0.0198475 0.64993 9.9991E-05 0.0174029 0.247585
0.135812 9.9982E-05 0.646425 9.9982E-05 0.028139 0.189424
0.0690882 0.0480781 0.710676 9.9991E-05 0.0694865 0.102571
9.9973E-05 9.9973E-05 0.701529 9.9973E-05 0.00924977 0.288921
0.044078 9.9982E-05 0.651571 9.9982E-05 0.0181184 0.286033
0.0809299 0.000684991 0.690863 9.9991E-05 0.0335325 0.19389
0.0849171 0.0839464 0.59233 0.186581 0.0180053 0.0342207
0.0906075 9.9982E-05 0.425833 0.0253029 9.9982E-05 0.458056
0.0457364 0.0366305 0.527794 9.9991E-05 0.0577858 0.331953
9.9982E-05 9.9982E-05 0.365973 0.0659874 0.048111 0.519728
9.9973E-05 9.9973E-05 0.768739 9.9973E-05 0.0153438 0.215618
0.0553258 0.0487603 0.518118 0.0133718 0.078954 0.285471
0.0230854 0.0650074 0.691019 0.0221591 9.9991E-05 0.198629
0.072832 9.9982E-05 0.575203 9.9982E-05 0.057964 0.293801
0.0749405 0.0627969 0.602344 0.0649202 0.0365632 0.158435
9.9973E-05 9.9973E-05 0.713465 9.9973E-05 0.0618925 0.224343
0.00638717 0.192757 0.345703 9.9991E-05 0.0259157 0.429137
9.9973E-05 0.57736 0.0782884 9.9973E-05 9.9973E-05 0.344052
0.0889412 0.224192 0.4597 9.9991E-05 0.0162454 0.210821
0.032241 0.0792871 0.527068 9.9991E-05 0.038006 0.323298
9.9982E-05 0.0831405 0.5481 9.9982E-05 0.000340896 0.368219
0.04905 0.0254506 0.616728 0.000707461 0.0382736 0.269791
9.9964E-05 9.9964E-05 0.749843 0.249757 9.9964E-05 9.9964E-05
0.0228875 0.0193263 0.595685 0.00274183 0.0600645 0.299295
9.9973E-05 0.0754234 0.630357 9.9973E-05 9.9973E-05 0.293919
0.000890326 0.116724 0.535679 0.340076 0.00653107 9.9991E-05
0.116171 0.0513783 0.563218 0.234295 0.0348382 9.9991E-05
9.9973E-05 0.0785274 0.638745 0.282428 9.9973E-05 9.9973E-05
0.0934472 0.113776 0.532814 0.160265 0.0720961 0.0276018
9.9982E-05 0.0807145 0.602205 0.168534 9.9982E-05 0.148347
0.00612605 9.9982E-05 0.650394 9.9982E-05 0.036615 0.306665
0.0702083 9.9982E-05 0.693903 9.9982E-05 0.0322021 0.203486
9.9973E-05 9.9973E-05 0.71587 9.9973E-05 0.0360548 0.247776
0.0907452 0.0500044 0.647565 0.151256 0.0190657 0.0413631
9.9991E-05 0.126378 0.665319 0.0192456 0.0171738 0.171784
0.0424855 9.9982E-05 0.690444 9.9982E-05 0.0244168 0.242454
9.9991E-05 0.0929148 0.827404 0.0276755 0.0505187 0.00138694
0.0809611 0.0624646 0.624449 9.9991E-05 0.0810316 0.150994
9.9982E-05 9.9982E-05 0.706789 0.0378815 0.0275841 0.227546
9.9991E-05 0.067246 0.61358 0.0597631 0.0725662 0.186745
0.00503083 0.0229346 0.586779 9.9991E-05 0.0273615 0.357794
9.9991E-05 0.0987946 0.637136 0.0535424 0.0358853 0.174542
0.110268 0.0164481 0.639149 0.0332444 0.0134433 0.187448
9.9973E-05 9.9973E-05 0.700667 0.008964 9.9973E-05 0.290069
9.9982E-05 0.0427864 0.858536 9.9982E-05 0.0324735 0.0660038
9.9964E-05 9.9964E-05 0.670247 9.9964E-05 9.9964E-05 0.329353
9.9991E-05 0.0654891 0.672044 0.19393 0.00245966 0.0659765
0.090035 0.0747658 0.626401 0.175412 0.0307174 0.00266877
0.0370426 0.0102264 0.624153 0.123647 0.0566207 0.14831
0.0196369 0.00722721 0.665531 0.000876309 0.0797053 0.227023
0.0124111 9.9982E-05 0.605204 9.9982E-05 0.0246038 0.357581
9.9964E-05 9.9964E-05 0.622218 0.377382 9.9964E-05 9.9964E-05
9.9991E-05 0.040887 0.573887 0.239311 0.0616784 0.0841374
0.143334 0.173414 0.484784 0.127164 0.0417815 0.0295226
0.196515 0.156908 0.451712 0.0358851 9.9991E-05 0.158879
0.24558 0.167455 0.436839 0.0236212 0.0345304 0.0919742
0.155451 0.185166 0.409997 0.204142 0.0451437 9.9991E-05
0.137455 0.236341 0.428732 9.9991E-05 0.0643158 0.133056
0.247015 0.207659 0.422536 9.9991E-05 0.010637 0.112053
0.236218 0.187201 0.384398 9.9991E-05 0.0337401 0.158343
0.236164 0.116402 0.428495 0.0945391 0.0672891 0.0571109
0.181518 0.152782 0.343553 0.0295383 0.0396665 0.252942
0.134516 0.156435 0.412013 0.296836 9.9982E-05 9.9982E-05
0.248043 0.100614 0.429836 0.0082844 9.9991E-05 0.213123
0.00236549 0.75697 0.0669293 9.9991E-05 0.00733783 0.166298
0.069388 0.679125 0.0625547 9.9991E-05 0.0214962 0.167336
0.0231033 0.729727 0.0321291 0.0296163 0.0427022 0.142722
0.0287571 0.660866 9.9982E-05 9.9982E-05 0.0598879 0.250289
0.0184267 0.654064 9.9991E-05 0.0380842 0.0321881 0.257137
0.0416718 0.69105 0.0401902 0.00997602 0.0520729 0.16504
0.0709081 0.695536 9.9982E-05 9.9982E-05 0.013623 0.219733
0.0582956 0.708004 0.0366949 9.9982E-05 9.9982E-05 0.196806
0.029592 0.572901 0.0509206 0.282571 0.0557272 0.00828821
0.0455556 0.626277 0.00248511 9.9991E-05 0.0295642 0.296018
0.0643082 0.607155 9.9982E-05 9.9982E-05 0.0475177 0.280819
0.00557422 0.675348 9.9982E-05 9.9982E-05 0.0729165 0.245961
0.0146557 0.688857 0.0137598 0.134248 0.0325313 0.115949
9.9973E-05 0.64598 0.0886286 0.265092 9.9973E-05 9.9973E-05
0.0384876 0.75718 0.0625015 0.0628999 0.0592024 0.0197283
9.9982E-05 0.729076 0.00364967 0.195648 0.0714263 9.9982E-05
0.00741014 0.727872 0.00532301 9.9991E-05 0.0207813 0.238513
9.9982E-05 0.741506 0.032256 9.9982E-05 0.0807633 0.145275
0.0420703 0.715122 9.9982E-05 9.9982E-05 0.0578349 0.184772
0.0326702 0.765982 0.0527822 0.110626 0.0281796 0.00975972
0.00520516 0.732297 0.0238073 0.188039 0.0505517 9.9991E-05
0.0603331 0.706652 0.0442719 9.9991E-05 0.0315828 0.157061
9.9982E-05 0.832496 0.0342802 0.117291 0.0157322 9.9982E-05
9.9991E-05 0.728629 0.0136399 0.116158 0.0453169 0.0961564
0.00814189 0.703511 9.9982E-05 0.259016 0.029131 9.9982E-05
0.0775667 0.728065 0.0354815 0.127481 0.0273479 0.00405799
0.0500192 0.735769 0.00457181 0.174021 0.0355195 9.9991E-05
9.9982E-05 0.668371 0.0213745 0.254743 0.0553114 9.9982E-05
0.0377726 0.656462 0.0474512 0.226923 0.0312914 9.9991E-05
0.0764062 0.707525 9.9982E-05 0.0452607 9.9982E-05 0.170608
0.000677048 0.765555 9.9973E-05 9.9973E-05 9.9973E-05 0.233469
0.0369621 0.673217 9.9991E-05 0.0844655 0.0550726 0.150183
0.0804549 0.712058 9.9973E-05 9.9973E-05 9.9973E-05 0.207187
0.0902503 0.777469 0.0106101 9.9982E-05 9.9982E-05 0.121471
0.0411337 0.800964 0.0187063 0.0179577 0.049865 0.071373
9.9964E-05 9.9964E-05 9.9964E-05 0.832376 9.9964E-05 0.167224
0.0263959 0.0585251 9.9982E-05 0.743845 9.9982E-05 0.171034
9.9964E-05 9.9964E-05 9.9964E-05 0.967492 9.9964E-05 0.0321082
9.9964E-05 9.9964E-05 9.9964E-05 0.985539 0.0140608 9.9964E-05
9.9973E-05 9.9973E-05 9.9973E-05 0.845718 0.0273554 0.126627
0.0796241 9.9973E-05 9.9973E-05 0.536944 9.9973E-05 0.383132
0.0240702 9.9973E-05 9.9973E-05 0.629499 9.9973E-05 0.346131
0.0903942 9.9982E-05 9.9982E-05 0.635773 0.0329588 0.240674
