0.00340999 9.9973E-05 9.9973E-05 9.9973E-05 0.969615 0.0266754
0.00362911 0.131073 0.0680753 9.9991E-05 0.777733 0.0193896
9.9973E-05 0.0480718 9.9973E-05 9.9973E-05 0.844517 0.107111
0.00411034 0.132797 9.9982E-05 9.9982E-05 0.854733 0.00816027
0.00954747 0.0951982 9.9982E-05 9.9982E-05 0.870948 0.0241059
9.9964E-05 0.102677 9.9964E-05 9.9964E-05 0.896924 9.9964E-05
9.9973E-05 0.0823598 9.9973E-05 9.9973E-05 0.909541 0.00779925
9.9982E-05 0.107737 0.0357652 0.00157239 0.854726 9.9982E-05
9.9982E-05 0.111973 0.0186272 9.9982E-05 0.799813 0.0693867
0.0170348 0.0613342 9.9991E-05 0.0085298 0.85386 0.0591408
0.0193068 0.127241 0.0286272 9.9982E-05 0.824625 9.9982E-05
0.0241676 0.074167 9.9991E-05 0.0734016 0.825841 0.00232306
9.9982E-05 0.0851912 0.0710887 9.9982E-05 0.788541 0.054979
0.0183411 0.0780233 9.9982E-05 9.9982E-05 0.811429 0.0920065
0.00335107 0.0929959 9.9982E-05 9.9982E-05 0.8643 0.0391529
9.9973E-05 0.0878437 0.00556814 9.9973E-05 0.906288 9.9973E-05
9.9964E-05 9.9964E-05 0.0451639 9.9964E-05 0.954436 9.9964E-05
9.9973E-05 9.9973E-05 0.0243765 0.0638507 0.911473 9.9973E-05
9.9973E-05 9.9973E-05 0.056815 0.0312148 0.91167 9.9973E-05
0.0162643 9.9991E-05 0.0404872 0.04044 0.901358 0.00135029
9.996E-05 9.996E-05 9.996E-05 9.996E-05 9.996E-05 0.9995
9.9982E-05 0.0428174 9.9982E-05 0.0968667 0.0170732 0.843043
0.00503379 0.0569063 9.9991E-05 0.0912472 0.0642118 0.782501
0.0299689 9.9982E-05 9.9982E-05 0.10482 0.00915088 0.85586
9.9982E-05 0.0065514 0.0524077 9.9982E-05 0.00165888 0.939182
9.9973E-05 9.9973E-05 0.0397029 9.9973E-05 0.0161107 0.943887
9.9973E-05 9.9973E-05 0.0192687 0.163416 9.9973E-05 0.817016
9.996E-05 9.996E-05 9.996E-05 9.996E-05 9.996E-05 0.9995
0.0161781 0.212919 0.0820823 0.0342802 9.9991E-05 0.65444
0.00741608 0.130462 0.145142 0.12063 0.0109656 0.585385
9.9973E-05 0.239437 0.0614964 9.9973E-05 9.9973E-05 0.698767
0.0137298 0.0975344 0.121915 0.108647 9.9991E-05 0.658073
0.0259956 0.155878 0.0981841 0.055656 0.020261 0.644026
0.0313212 0.192876 0.163168 0.019547 9.9991E-05 0.592988
0.0548634 0.144251 0.17916 0.00803719 0.0347007 0.578987
9.9982E-05 0.260115 0.206264 9.9982E-05 0.0491639 0.484257
9.9982E-05 0.0746739 0.18917 0.193903 9.9982E-05 0.542053
9.9982E-05 0.030323 0.146386 0.805881 9.9982E-05 0.0172103
0.0720041 9.9973E-05 0.180023 0.747673 9.9973E-05 9.9973E-05
9.9982E-05 0.0434586 0.17121 0.75352 0.0316113 9.9982E-05
9.9982E-05 0.0940969 0.188606 0.711118 9.9982E-05 0.0059793
0.017542 0.0383406 0.1389 0.782445 0.0200736 0.00269951
0.0279965 0.0119308 0.114416 0.845457 9.9982E-05 9.9982E-05
0.034222 0.126833 0.135079 0.668775 0.0329957 0.0020955
0.00181831 9.9982E-05 0.175244 0.792256 9.9982E-05 0.0304812
0.0306398 0.056852 0.0215609 0.793764 0.0637948 0.0333882
0.0199669 9.9982E-05 0.142171 0.832408 0.00525384 9.9982E-05
9.9973E-05 0.00317189 0.192158 0.80437 9.9973E-05 9.9973E-05
0.00823035 9.9982E-05 0.0682266 0.920959 0.00238418 9.9982E-05
0.0150441 0.0800833 0.108349 0.776757 9.9991E-05 0.0196664
0.00637445 9.9991E-05 0.136853 0.844149 0.00718809 0.00533476
9.9991E-05 0.00745746 0.159212 0.807396 0.00306932 0.0227651
0.0709451 0.00114458 0.127617 0.790227 9.9991E-05 0.00996556
0.0249441 9.9991E-05 0.102393 0.783695 0.0609647 0.0279035
0.0183559 0.057997 0.14698 0.736882 0.0307228 0.0090621
0.026149 0.0673071 0.145762 0.727247 0.0314222 0.00211256
0.0396029 0.0289538 0.0872434 0.760942 0.0663852 0.0168732
9.9991E-05 0.0998275 0.720008 0.153172 0.00263287 0.0242592
0.0643691 0.0123542 0.839854 9.9991E-05 0.0753769 0.0079458
0.120538 0.0880675 0.700985 0.0093993 0.0529039 0.0281066
0.130595 9.9991E-05 0.681522 0.134722 0.0395329 0.0135283
0.0671197 0.0694802 0.8631 9.9973E-05 9.9973E-05 9.9973E-05
0.0799016 0.0432417 0.752089 0.0643432 0.0603247 9.9991E-05
0.0645158 0.0273257 0.888172 9.9991E-05 0.0151566 0.00473041
0.0260348 9.9982E-05 0.9118 0.0328076 9.9982E-05 0.0291579
0.0511054 0.0771692 0.73431 0.0450858 0.0922295 9.9991E-05
0.0251364 0.0545682 0.754721 0.0492656 0.0431958 0.0731134
0.0621157 0.0698297 0.808624 0.0192222 0.0187215 0.0214866
0.104204 0.0146775 0.773315 0.0121148 0.0276186 0.0680704
0.11114 0.0483035 0.757241 9.9991E-05 0.0408746 0.0423415
0.0608513 9.9982E-05 0.868446 0.049769 0.0207339 9.9982E-05
0.0367693 0.0172917 0.803956 0.101306 9.9991E-05 0.0405773
0.132432 9.9982E-05 0.744207 9.9982E-05 0.0401418 0.0830185
0.0746094 0.149694 0.652493 9.9991E-05 0.0218497 0.101253
0.0255447 9.9982E-05 0.566871 0.358429 9.9982E-05 0.0489548
0.0213044 9.9991E-05 0.682023 0.194887 0.0751268 0.0265589
0.0340767 9.9982E-05 0.43687 0.464749 0.0641043 9.9982E-05
0.0734206 0.00980429 0.914778 9.9982E-05 0.00179731 9.9982E-05
0.110689 0.0525968 0.662845 0.113775 0.0393383 0.0207564
0.13609 0.0426596 0.723547 0.0796953 9.9991E-05 0.0179082
0.0504803 9.9991E-05 0.722892 0.132083 0.038142 0.0563027
0.0808606 0.0612951 0.739191 0.0650469 0.0460064 0.00759968
0.0771072 0.00651419 0.868998 0.0100618 0.0372187 9.9991E-05
0.0859214 0.169316 0.384061 0.317032 0.0336585 0.0100106
0.0122343 0.598708 0.199061 0.189797 9.9982E-05 9.9982E-05
0.0243322 0.210677 0.568097 0.113979 0.0116186 0.071296
0.0685382 0.105787 0.65778 0.112397 0.0422663 0.0132311
9.9982E-05 0.120368 0.745574 0.130545 0.00331292 9.9982E-05
0.109485 0.0799429 0.683437 0.0885781 0.00603966 0.0325178
0.91226 9.9982E-05 0.0411865 0.0135468 9.9982E-05 0.0328072
0.0507341 0.0680524 0.756924 0.0782742 0.0459149 9.9991E-05
0.0397257 0.0652559 0.796844 0.0908324 0.00724167 9.9991E-05
0.158227 0.190276 0.527469 9.9991E-05 0.0594188 0.0645089
0.0730306 0.112483 0.621585 9.9991E-05 0.0719038 0.120898
0.0622111 0.159902 0.718302 9.9991E-05 0.0422832 0.0172018
0.110962 0.162293 0.569998 9.9991E-05 0.0789532 0.0776934
0.0869756 0.19055 0.681086 0.0333898 0.00789768 9.9991E-05
0.056946 0.0251908 0.771402 0.103069 0.0432923 9.9991E-05
0.0679231 9.9991E-05 0.807509 0.0552634 0.0167743 0.0524303
0.0903385 9.9982E-05 0.783352 0.0981971 0.0279125 9.9982E-05
0.0806172 0.0670092 0.73708 0.0149597 0.0152271 0.0851067
0.149996 0.108985 0.713854 9.9991E-05 0.00093416 0.0261312
0.0569069 0.0286757 0.816288 0.0832935 0.00823145 0.00660445
0.9995 9.996E-05 9.996E-05 9.996E-05 9.996E-05 9.996E-05
0.113942 0.0897773 0.685654 9.9991E-05 0.0591591 0.0513671
0.0916633 0.00665613 0.776226 0.0861192 0.0392356 9.9991E-05
0.157736 0.118722 0.606513 0.0453152 0.071614 9.9991E-05
0.0605279 0.0133311 0.717663 0.171834 0.0365437 9.9991E-05
0.057958 0.111057 0.758139 0.0378042 0.0349414 9.9991E-05
0.0237759 0.0218343 0.730305 0.0733664 0.0301423 0.120576
0.0848385 9.9973E-05 0.830763 0.0840988 9.9973E-05 9.9973E-05
0.9995 9.996E-05 9.996E-05 9.996E-05 9.996E-05 9.996E-05
0.0514665 9.9982E-05 0.861447 0.0685245 0.0183623 9.9982E-05
0.124721 0.0782555 0.680308 0.0828043 0.0338112 9.9991E-05
0.174908 0.152093 0.571453 9.9991E-05 0.053988 0.0474574
0.163598 0.0240982 0.587495 0.0728591 0.0711118 0.080838
0.121052 9.9982E-05 0.721069 0.0841642 0.0735153 9.9982E-05
0.0346759 9.9991E-05 0.843976 0.0867181 0.0123903 0.02214
0.994192 9.9964E-05 9.9964E-05 0.00540788 9.9964E-05 9.9964E-05
0.115538 0.0774605 0.623274 0.108239 0.0732606 0.00222911
0.0283666 0.24136 0.556857 9.9991E-05 0.00474243 0.168574
0.0370649 0.191226 0.565682 0.0437848 9.9991E-05 0.162142
0.0556107 0.189593 0.501726 0.0152786 0.0349738 0.202817
0.0151162 0.218059 0.533429 0.013795 0.0493831 0.170218
0.0316675 0.263763 0.513347 0.0189881 0.0394671 0.132768
0.0519349 0.245207 0.469388 9.9991E-05 0.00152683 0.231843
0.043437 0.234232 0.440232 0.0530938 0.0306828 0.198323
0.0720138 0.171104 0.447802 0.00685947 0.104456 0.197765
0.0171026 0.190596 0.448173 0.154133 0.0225222 0.167473
0.119044 0.260397 0.455576 0.0327434 9.9991E-05 0.13214
0.0225671 0.169742 0.548564 0.0494569 9.9991E-05 0.20957
0.00635239 0.813445 0.0899496 0.0541942 0.000859842 0.0351993
0.0616897 0.741133 0.0482186 0.106941 0.010494 0.0315236
9.9991E-05 0.817435 0.0980552 0.0453357 0.020817 0.018257
9.9982E-05 0.71607 9.9982E-05 0.176749 0.0620793 0.0449019
0.0520532 0.715312 9.9991E-05 0.178319 0.0370895 0.0171264
9.9991E-05 0.744777 0.0953065 0.0725162 0.0449929 0.0423077
0.00161938 0.84043 0.00735288 0.112547 9.9991E-05 0.0379511
0.0422078 0.77592 0.0727144 0.0496122 9.9991E-05 0.0594455
0.0337111 0.728903 0.0370374 0.0817544 0.0882837 0.03031
0.0200601 0.680645 0.0788748 0.209168 9.9991E-05 0.0111523
9.9991E-05 0.725624 0.0886071 0.0897361 0.0349735 0.0609591
9.9991E-05 0.728603 0.0410378 0.162995 0.0642783 0.00298588
0.0224886 0.803671 0.0306187 0.104642 0.0364683 0.00211141
0.0752069 0.788541 0.0665981 0.0543007 0.0152531 9.9991E-05
0.0698369 0.772863 9.9982E-05 9.9982E-05 0.0900282 0.0670716
0.0470501 0.880268 0.00831245 9.9991E-05 0.04257 0.0216997
9.9991E-05 0.755862 0.0789212 0.115509 0.0347698 0.0148373
0.0429509 0.793243 0.0141445 0.0372906 0.0825202 0.0298506
0.0214187 0.795649 9.9991E-05 0.0679385 0.0845321 0.0303618
0.0502964 0.822908 9.9991E-05 0.0611951 0.0245539 0.0409468
0.0579734 0.799306 9.9982E-05 9.9982E-05 0.071114 0.0714062
0.0476143 0.779985 0.0697419 0.066843 0.0283505 0.00746536
0.0661583 0.915909 9.9973E-05 9.9973E-05 0.0176331 9.9973E-05
9.9991E-05 0.852622 0.0389978 0.0475776 0.0443033 0.0163997
0.065514 0.808284 9.9982E-05 9.9982E-05 0.052859 0.0731425
9.9991E-05 0.813867 0.0732488 0.000948108 0.034809 0.0770273
0.0799753 0.806542 9.9991E-05 0.0437367 0.0373561 0.0322899
0.030911 0.81449 0.0321998 0.0208201 0.101479 9.9991E-05
0.0279957 0.792979 0.0802063 9.9991E-05 0.077375 0.0213435
0.0784232 0.844163 9.9982E-05 0.0635713 9.9982E-05 0.0136424
0.010986 0.827684 0.0144891 0.128007 9.9991E-05 0.0187341
0.000835912 0.752328 9.9991E-05 0.127685 0.0661755 0.0528749
9.9991E-05 0.775401 0.0133195 0.0924628 0.028715 0.090002
0.0796956 0.827642 0.00143558 0.0172009 0.0191559 0.0548703
0.0676937 0.84475 9.9982E-05 9.9982E-05 0.0348672 0.0524896
0.040013 0.140831 9.9982E-05 0.710643 9.9982E-05 0.108314
0.0641052 0.12383 9.9991E-05 0.687695 0.00227912 0.12199
0.0173806 0.126069 9.9991E-05 0.669019 0.0634151 0.124016
0.0755771 0.112444 9.9991E-05 0.624693 0.102209 0.0849766
0.0321549 0.0765759 0.000738175 0.716762 0.0705249 0.103244
0.0557616 0.0465339 9.9991E-05 0.731582 0.00259022 0.163432
0.00500227 0.0524425 9.9982E-05 0.822079 9.9982E-05 0.120276
9.9982E-05 0.0597144 9.9982E-05 0.649058 0.0797868 0.211241
