0.975348 9.9982E-05 0.00366244 0.0207896 9.9982E-05
0.722227 0.142893 0.0477671 9.9991E-05 0.0870134
0.831657 0.0630385 9.9991E-05 0.0957957 0.00940889
0.838292 0.10661 9.9991E-05 0.0429153 0.0120824
0.843332 0.0666891 0.0407552 9.9991E-05 0.0491237
0.893645 0.0566146 0.0468334 0.00280728 9.9991E-05
0.940111 0.0233497 9.9982E-05 0.0363394 9.9982E-05
0.835886 0.114572 9.9982E-05 9.9982E-05 0.0493418
0.822285 0.1626 9.9991E-05 0.0043213 0.010694
0.838485 0.0979289 9.9982E-05 0.0633862 9.9982E-05
0.831894 0.0871683 9.9991E-05 0.071659 0.0091791
0.832066 0.0541093 0.0195965 0.0457662 0.0484622
0.820226 9.9991E-05 0.0925344 0.0601271 0.027013
0.717451 0.040495 0.0984109 0.127786 0.0158568
0.825271 0.0889443 9.9991E-05 0.0606511 0.025034
0.887158 0.112542 9.9973E-05 9.9973E-05 9.9973E-05
0.983315 9.9973E-05 9.9973E-05 9.9973E-05 0.0163848
0.990648 9.9973E-05 0.00905211 9.9973E-05 9.9973E-05
0.9996 9.997E-05 9.997E-05 9.997E-05 9.997E-05
0.948262 9.9973E-05 9.9973E-05 0.0514385 9.9973E-05
9.997E-05 9.997E-05 9.997E-05 0.9996 9.997E-05
0.0136137 0.0551638 0.137547 0.736436 0.0572396
0.0421886 0.0308938 0.153037 0.773781 9.9991E-05
0.00783983 9.9982E-05 0.1504 0.84156 9.9982E-05
9.9973E-05 9.9973E-05 9.9973E-05 0.951727 0.0479735
0.0180221 9.9991E-05 0.0262113 0.949513 0.00615328
9.9991E-05 0.0601927 0.152411 0.777308 0.00998829
9.997E-05 9.997E-05 9.997E-05 0.9996 9.997E-05
9.9982E-05 0.103813 9.9982E-05 0.794805 0.101182
0.0183922 0.0534646 0.14315 0.662895 0.122098
9.9982E-05 0.174051 9.9982E-05 0.751489 0.0742595
9.9982E-05 0.0046881 0.204495 0.790617 9.9982E-05
0.0575256 0.0580688 0.144347 0.739959 9.9991E-05
9.9982E-05 0.136452 9.9982E-05 0.680173 0.183175
0.00403745 9.9991E-05 0.0444265 0.659822 0.291614
0.0866432 0.194731 9.9991E-05 0.455346 0.263181
9.9991E-05 0.00490425 0.194624 0.667393 0.132978
9.9991E-05 0.00478557 0.778848 0.122403 0.0938638
9.9982E-05 0.0654495 0.747339 9.9982E-05 0.187012
0.012769 0.041348 0.816482 0.062079 0.0673219
0.0134115 0.0125928 0.835706 0.0936173 0.0446722
0.0775135 0.0640321 0.814666 0.0129478 0.0308405
0.00670001 0.0467308 0.87412 0.0102144 0.0622352
0.0975771 0.203294 0.632417 0.0302111 0.0365002
0.0175741 9.9991E-05 0.874764 0.0685445 0.0390174
0.0609115 0.18247 0.722539 0.019235 0.0148447
0.00235809 9.9982E-05 0.896471 9.9982E-05 0.100971
0.0449562 0.0456886 0.909155 9.9982E-05 9.9982E-05
0.04457 9.9982E-05 0.912515 0.0427146 9.9982E-05
0.0165744 0.112753 0.830292 9.9991E-05 0.0402811
0.00944164 9.9982E-05 0.980457 0.00990109 9.9982E-05
9.9982E-05 0.0335369 0.893814 0.072449 9.9982E-05
9.9973E-05 9.9973E-05 0.964332 9.9973E-05 0.0353685
0.0820069 9.9982E-05 0.863906 0.0538876 9.9982E-05
0.019668 0.00987422 0.854498 0.0273999 0.0885599
9.9991E-05 0.041593 0.819278 0.0687277 0.0703013
0.0363211 0.077428 0.817077 0.0425872 0.0265871
0.0227629 0.0646919 0.159086 0.120323 0.633136
0.121337 9.9982E-05 9.9982E-05 0.0352679 0.843195
0.0284407 0.139105 0.0322465 0.0485995 0.751608
0.0380203 9.9991E-05 0.155721 0.0349165 0.771242
9.9991E-05 0.00274142 0.0854969 0.040371 0.871291
0.0422247 9.9991E-05 0.189885 0.0784759 0.689314
0.0203269 9.9991E-05 0.0571324 0.068336 0.854105
9.9991E-05 0.0467818 0.0551575 0.0394758 0.858485
0.0834492 0.125989 0.0986076 9.9991E-05 0.691854
0.0832818 9.9991E-05 0.0990398 0.205008 0.612571
0.0614599 9.9991E-05 0.0722465 0.0994457 0.766748
0.0251046 9.9982E-05 9.9982E-05 0.121607 0.853088
0.0452939 0.0790457 9.9991E-05 0.0624379 0.813122
0.0302795 9.9991E-05 0.0972053 0.0224634 0.849952
9.9991E-05 0.0032958 0.163021 0.0532733 0.78031
0.0444721 0.0433304 0.0067644 0.136276 0.769157
0.00629981 0.0622997 0.0461509 0.243835 0.641415
0.034434 9.9991E-05 0.380676 0.0826823 0.502108
0.09403 9.9991E-05 0.312787 0.0349137 0.55817
0.0976699 9.9982E-05 0.515004 9.9982E-05 0.387126
0.0133981 9.9991E-05 0.112466 0.00374887 0.870287
0.0471345 0.0507491 0.222253 0.0795658 0.600297
9.9991E-05 0.0962463 0.0931368 0.00457517 0.805942
0.061588 9.9991E-05 0.216904 0.065601 0.655808
0.082976 0.0219759 0.0803253 0.131062 0.683661
0.117161 9.9982E-05 0.0569431 9.9982E-05 0.825696
0.0482539 0.27736 0.263268 0.0241352 0.386983
0.00580846 0.661918 0.181464 9.9991E-05 0.150709
0.0269649 0.175923 0.248522 0.0847646 0.463825
0.0658112 0.0391122 0.175604 0.0332626 0.68621
0.0530837 0.166782 0.158156 9.9991E-05 0.621878
0.0136287 0.107118 0.0795134 0.0721879 0.727552
0.0175285 9.9991E-05 0.0469914 0.0539519 0.881428
9.9991E-05 0.0387025 0.173672 0.0290333 0.758492
0.000657092 0.0435729 0.0723462 0.113204 0.77022
0.0855814 0.189925 9.9991E-05 0.144555 0.579838
0.0484938 0.0693448 0.101406 0.203785 0.57697
0.0751752 0.150145 0.0374784 0.0217818 0.71542
0.0988763 0.186491 0.0279219 0.052432 0.634279
0.0605608 0.169236 0.114284 0.035384 0.620535
0.111538 0.0165102 0.10944 0.0338637 0.728648
0.0565904 9.9991E-05 0.0685586 0.163071 0.71168
0.0136146 0.0561646 0.14617 9.9991E-05 0.783951
0.0502048 0.0686415 0.0914635 0.0749828 0.714707
0.0237162 0.176664 0.0146248 0.0537014 0.731293
0.0514015 0.0570574 9.9991E-05 0.0649396 0.826501
0.0235751 0.0376225 9.9982E-05 9.9982E-05 0.938602
0.0872468 0.102467 0.0271775 0.0597232 0.723386
0.0199566 0.105815 0.0656822 0.0317479 0.776798
0.0881938 0.117492 0.0465245 9.9991E-05 0.747689
9.9982E-05 9.9982E-05 0.219112 0.0590279 0.72166
0.0423684 0.00574513 0.179273 0.0469995 0.725614
0.0840932 0.0160696 0.0694578 0.188823 0.641556
0.0650936 9.9982E-05 0.102027 9.9982E-05 0.83268
9.9973E-05 0.0509778 9.9973E-05 9.9973E-05 0.948722
9.9973E-05 9.9973E-05 0.169541 9.9973E-05 0.830159
0.0894108 0.163347 9.9982E-05 9.9982E-05 0.747042
0.0470483 0.0538611 0.0419452 0.144861 0.712284
0.118207 0.00397372 0.0318342 0.109087 0.736898
0.0302577 9.9991E-05 0.149095 0.0253624 0.795185
0.0487069 9.9991E-05 0.143955 0.0845106 0.722727
0.124558 9.9991E-05 0.0130024 0.016364 0.845975
0.130245 0.0825885 0.083322 0.0137015 0.690143
9.9982E-05 0.214299 9.9982E-05 0.20689 0.578612
0.000379792 0.254793 0.0447137 0.163556 0.536558
0.0219779 0.109908 0.0132189 0.2776 0.577295
0.0584845 0.128332 9.9991E-05 0.270676 0.542407
0.0304483 0.173637 9.9991E-05 0.27014 0.525675
9.9982E-05 0.217186 9.9982E-05 0.345711 0.436903
0.0698356 0.200221 0.0096291 0.25401 0.466305
0.0831871 0.103912 9.9991E-05 0.322639 0.490162
0.0345798 0.227992 0.0816719 0.258166 0.39759
9.9991E-05 0.104194 0.11856 0.217632 0.559514
0.00560946 0.135682 0.0620877 0.296883 0.499738
0.0186222 0.747289 0.131953 0.0875139 0.0146217
0.0125164 0.888208 0.0264679 0.0234103 0.0493971
0.0387974 0.785659 0.0821024 0.0484386 0.0450023
0.0989019 0.806046 0.0948522 9.9982E-05 9.9982E-05
0.0824724 0.766865 0.125992 0.0163329 0.00833732
0.0793749 0.771068 9.9991E-05 0.136186 0.0132713
9.9982E-05 0.741217 0.170786 0.0877976 9.9982E-05
9.9991E-05 0.787352 0.0312724 0.128796 0.0524793
0.0552441 0.626963 0.129897 0.0693917 0.118504
0.0131731 0.798784 0.169918 0.0180255 9.9991E-05
0.00889146 0.81718 0.124698 0.0491305 9.9991E-05
0.0244234 0.792743 0.182634 9.9982E-05 9.9982E-05
0.0517252 0.738414 0.141189 0.0548317 0.0138406
0.0266717 0.657619 0.157736 9.9991E-05 0.157874
0.0598065 0.788847 9.9991E-05 0.0670798 0.0841668
0.0726624 0.849409 0.018456 9.9991E-05 0.0593729
9.9991E-05 0.868582 0.0739209 0.0314812 0.0259159
0.0478489 0.866211 0.0312171 9.9991E-05 0.0546229
0.0937797 0.857498 0.010374 0.038248 9.9991E-05
0.050066 0.820174 0.0433896 0.0566259 0.0297442
0.0643161 0.759864 9.9991E-05 0.0644753 0.111245
9.9991E-05 0.817977 0.0780381 0.021017 0.0828682
0.00528733 0.805009 0.077619 0.0388343 0.0732507
0.0482898 0.833604 0.0176709 0.0379573 0.0624777
0.0599058 0.793328 9.9991E-05 0.0366695 0.109997
0.0428413 0.746098 9.9991E-05 0.152189 0.0587715
0.0293113 0.801028 0.0556157 0.0818397 0.0322048
0.103998 0.697674 0.0838225 0.0340242 0.080481
0.0834179 0.720364 0.157371 0.0130841 0.0257626
0.0272595 0.836913 0.0523867 0.0259321 0.0575086
9.9982E-05 0.846758 0.151179 9.9982E-05 0.00186323
0.0497869 0.737883 0.109501 0.0654773 0.0373527
9.9982E-05 0.728467 0.153161 0.118172 9.9982E-05
9.9982E-05 0.87287 9.9982E-05 0.0673112 0.0596193
0.0626847 0.843392 0.0458792 0.0403599 0.00768441
0.035451 0.247356 0.606249 0.0560836 0.0548611
0.0584119 0.170856 0.629861 0.109667 0.0312029
0.105553 0.186541 0.556056 0.0855657 0.0662846
0.103425 0.208518 0.606729 9.9991E-05 0.0812279
0.109286 0.0425757 0.657684 0.116773 0.0736815
9.9982E-05 0.102367 0.76657 0.130863 9.9982E-05
9.9982E-05 0.0650824 0.871041 0.0636764 9.9982E-05
0.110846 0.0245009 0.624086 0.240467 9.9991E-05
