9.9973E-05 0.970825 9.9973E-05 9.9973E-05 0.0288755
0.151369 0.749892 9.9982E-05 0.0985388 9.9982E-05
0.0789706 0.835233 0.0797781 9.9991E-05 0.00591855
0.0807452 0.821301 0.091329 0.00652443 9.9991E-05
0.0656556 0.823516 0.0035152 0.0238312 0.0834818
0.0984254 0.901275 9.9973E-05 9.9973E-05 9.9973E-05
0.041576 0.958124 9.9973E-05 9.9973E-05 9.9973E-05
0.089079 0.877761 0.00224567 0.0308142 9.9991E-05
0.137176 0.821857 0.00570089 0.00349513 0.0317707
0.0655837 0.860933 0.0359804 0.0374025 9.9991E-05
0.0289593 0.798415 0.0820717 0.0904537 9.9991E-05
9.999E-05 0.787289 0.120669 0.0465926 0.0453493
0.0475676 0.865895 9.9991E-05 0.0584099 0.0280277
0.0437623 0.758102 0.0954061 0.00222935 0.1005
0.0716069 0.860094 0.0486433 0.0195559 9.9991E-05
0.0787396 0.920961 9.9973E-05 9.9973E-05 9.9973E-05
9.9973E-05 0.985045 9.9973E-05 9.9973E-05 0.0146554
9.9973E-05 0.959112 9.9973E-05 9.9973E-05 0.0405876
9.997E-05 0.9996 9.997E-05 9.997E-05 9.997E-05
9.999E-05 0.911808 0.0411538 0.0104355 0.0365031
9.997E-05 9.997E-05 0.9996 9.997E-05 9.997E-05
0.0981275 0.0457402 0.680871 0.111026 0.064235
0.0711162 0.0410667 0.734824 0.0630874 0.0899056
9.9973E-05 9.9973E-05 0.802929 9.9973E-05 0.196771
9.9982E-05 0.0195998 0.939781 0.0404189 9.9982E-05
0.00375397 0.0330773 0.83281 0.0111295 0.119229
0.0694651 9.9991E-05 0.698724 0.0731675 0.158543
9.997E-05 9.997E-05 0.9996 9.997E-05 9.997E-05
0.133523 0.00182216 0.776515 0.088039 9.9991E-05
0.0974342 9.9991E-05 0.625635 0.158074 0.118757
0.168246 9.9982E-05 0.794436 0.0371182 9.9982E-05
0.0728173 9.9991E-05 0.775415 0.0190206 0.132648
0.144866 0.0303216 0.749866 0.0496364 0.0253102
0.190932 9.9991E-05 0.561878 0.160757 0.0863341
0.100279 0.0362471 0.599462 0.218517 0.0454946
0.158172 0.102648 0.483278 0.255802 9.9991E-05
0.0085066 9.9991E-05 0.663881 0.0766396 0.250873
0.0484037 9.9991E-05 0.100018 0.0729399 0.778538
0.039609 9.9982E-05 9.9982E-05 0.108701 0.85149
0.0948317 0.019813 0.0576879 0.0455327 0.782135
0.0673292 0.0119957 0.0531605 0.0667874 0.800727
9.9991E-05 0.0311906 0.0412016 0.0720545 0.855453
0.0646375 9.9982E-05 9.9982E-05 0.0830946 0.852068
0.263943 0.0729235 9.9991E-05 0.0562472 0.606787
0.114985 0.0357305 9.9991E-05 0.0454538 0.803731
0.218483 0.0416768 0.0773727 9.9991E-05 0.662368
0.0572296 9.9982E-05 9.9982E-05 0.0828687 0.859702
0.0265572 9.9982E-05 9.9982E-05 0.00907113 0.964172
9.9982E-05 0.00882588 0.0541107 9.9982E-05 0.936863
0.116177 0.00979588 9.9991E-05 0.0663474 0.80758
0.0445951 0.0110859 0.0528127 0.0307614 0.860745
0.0638283 9.9982E-05 0.0862184 9.9982E-05 0.849753
9.9982E-05 9.9982E-05 0.0413008 0.0676397 0.89086
9.9982E-05 0.067738 0.0968339 9.9982E-05 0.835228
0.0212038 0.00774544 0.0148963 0.0900408 0.866114
0.128529 0.0520223 9.9991E-05 0.0519884 0.76736
0.0329672 0.0945041 0.0822214 9.9991E-05 0.790207
0.0934431 0.0821828 0.0661766 0.564235 0.193962
0.000367953 0.101807 0.0940002 0.803725 9.9991E-05
0.0830886 0.0514187 0.0911953 0.732155 0.0421425
0.0191009 0.0467685 0.0401794 0.757839 0.136113
0.0265692 9.9991E-05 0.0695567 0.885817 0.0179571
9.9991E-05 0.0308802 0.045253 0.735736 0.188031
0.0626107 0.0253355 0.00924013 0.856769 0.046045
0.0307967 9.9991E-05 0.0767108 0.838873 0.0535198
0.149054 0.148476 9.9991E-05 0.658533 0.0438366
0.00495209 0.0991444 0.108233 0.616064 0.171607
9.9991E-05 0.0537096 0.106478 0.812614 0.0270988
9.9973E-05 9.9973E-05 0.168757 0.830943 9.9973E-05
9.9982E-05 0.0774065 0.114364 0.80803 9.9982E-05
0.0322761 0.00820359 0.0605582 0.872424 0.0265379
9.9991E-05 0.0192278 0.0705176 0.820572 0.0895826
9.9982E-05 9.9982E-05 0.115532 0.7867 0.0975683
0.108495 0.0056624 0.130867 0.661192 0.0937824
9.9991E-05 0.00137285 0.143874 0.55758 0.297073
9.9991E-05 0.0803956 0.082613 0.544295 0.292596
9.9982E-05 0.106364 9.9982E-05 0.319756 0.573681
9.9973E-05 9.9973E-05 9.9973E-05 0.866424 0.133276
0.0357797 0.0663611 0.0734673 0.602793 0.221599
0.0571318 9.9991E-05 0.0406732 0.763252 0.138843
0.0371424 0.0771895 0.112181 0.657021 0.116466
0.0342401 0.0912094 0.0441944 0.757439 0.0729167
9.9982E-05 0.14352 9.9982E-05 0.799907 0.0563738
0.199201 0.0267053 0.0808089 0.388474 0.304811
0.666234 0.00971084 9.9991E-05 0.114835 0.209121
0.188351 0.0428175 0.0713193 0.489956 0.207556
0.118837 0.0585641 0.0143054 0.735505 0.0727885
0.15752 0.0409279 0.0657211 0.617566 0.118265
0.0365045 0.03098 0.127873 0.651106 0.153536
9.9973E-05 9.9973E-05 0.0760439 0.923656 9.9973E-05
0.0122203 0.00873987 0.132537 0.739926 0.106577
0.0331289 9.9991E-05 0.0161207 0.775921 0.174729
0.133649 0.113683 0.149755 0.58196 0.0209531
0.0169547 0.129411 0.160199 0.578422 0.115015
0.128617 0.0277132 0.0748814 0.741195 0.0275931
0.104265 0.128696 0.137016 0.629923 9.9991E-05
0.169909 0.0553038 9.9991E-05 0.63913 0.135557
9.9982E-05 0.114398 9.9982E-05 0.712701 0.172701
9.9991E-05 0.0135756 0.0926651 0.790789 0.10287
9.9982E-05 0.0700856 9.9982E-05 0.770711 0.159003
0.0593422 0.0676569 0.158426 0.714475 9.9991E-05
0.161623 0.0513617 9.9991E-05 0.759873 0.0270426
0.0273565 0.0217188 0.0945417 0.856283 9.9991E-05
9.9982E-05 0.000925291 9.9982E-05 0.954347 0.0445275
0.0480009 0.0801759 0.13686 0.698471 0.0364926
0.0149115 0.0688881 0.103874 0.791257 0.0210696
0.0609075 0.0622722 0.049103 0.746159 0.0815584
0.0782227 0.0202483 0.035957 0.729472 0.1361
0.0705263 0.0618433 0.0443496 0.716452 0.106828
9.9991E-05 0.083738 0.133235 0.685708 0.0972194
9.9982E-05 0.0290518 9.9982E-05 0.818492 0.152256
0.0100923 9.9982E-05 9.9982E-05 0.957635 0.0320726
9.9982E-05 9.9982E-05 0.00614686 0.768028 0.225625
0.114082 0.0840015 0.043076 0.75874 9.9991E-05
0.0606354 0.0653966 0.0840108 0.699643 0.0903139
0.044341 0.0958668 0.162145 0.697547 9.9991E-05
9.9991E-05 0.0648508 0.0142314 0.781599 0.139219
9.9991E-05 0.0214963 0.0684779 0.773838 0.136088
0.0755225 0.0660783 0.034376 0.802066 0.0219567
0.0862345 0.0603144 0.030932 0.650333 0.172186
0.140226 0.021258 0.270291 0.568124 9.9991E-05
0.263806 9.9982E-05 0.154652 0.581342 9.9982E-05
0.10004 9.9991E-05 0.244092 0.620616 0.0351519
0.202201 0.0310015 0.204805 0.561893 9.9991E-05
0.240054 0.0134759 0.197315 0.549055 9.9991E-05
0.277787 0.0137461 0.236085 0.472282 9.9991E-05
0.275893 0.000367342 0.210576 0.45356 0.0596037
0.109449 0.0786359 0.321407 0.483274 0.0072336
0.14895 0.0145703 0.260502 0.447008 0.12897
0.111364 0.0409718 0.230372 0.598245 0.0190471
0.132838 0.0346169 0.272482 0.515651 0.0444125
0.844321 0.00911049 0.0401917 0.0708061 0.0355705
0.864965 0.0314058 0.0456975 0.014968 0.0429639
0.80571 0.0358075 0.0554459 0.0573663 0.0456703
0.827072 0.0502171 0.00283531 9.9991E-05 0.119776
0.806344 0.0608036 9.9991E-05 0.00181605 0.130937
0.767861 0.0593552 0.140697 0.0319868 9.9991E-05
0.808936 9.9982E-05 0.0582793 9.9982E-05 0.132584
0.755462 9.9982E-05 0.185151 0.059187 9.9982E-05
0.631163 0.0803201 0.0235841 0.137548 0.127384
0.776366 0.00740632 0.0152852 9.9991E-05 0.200843
0.84903 0.00379088 0.0209862 9.9991E-05 0.126093
0.749157 0.0263853 0.0220683 9.9991E-05 0.202289
0.660636 0.0482595 0.07205 0.0326899 0.186364
0.662511 0.0325455 9.9991E-05 0.166406 0.138438
0.744802 0.063497 0.0815499 0.110051 9.9991E-05
0.750443 0.121281 0.0212405 0.0354144 0.0716219
0.952477 0.0302859 9.9991E-05 0.00513003 0.0120067
0.814347 0.0796921 9.9991E-05 0.0920322 0.0138291
0.788817 0.0753498 0.065014 9.9991E-05 0.0707187
0.740391 0.0315677 0.0223582 0.00672283 0.19896
0.729374 0.0751096 0.0448475 0.0758959 0.0747732
0.821141 9.9991E-05 0.0940642 0.0538412 0.0308534
0.843698 0.00594865 0.0585576 0.0916957 9.9991E-05
0.850479 0.0639446 0.0635214 0.0219546 9.9991E-05
0.740628 0.0669385 0.138147 0.0541865 9.9991E-05
0.822548 0.0414116 0.0773907 0.0585494 9.9991E-05
0.786344 0.0298419 0.075543 0.0377862 0.0704853
0.685895 0.0834162 0.0170453 0.0893593 0.124285
0.764757 0.0581335 0.12168 0.0527164 0.00271346
0.881052 9.9991E-05 0.0658587 0.0141818 0.0388075
0.851817 9.9982E-05 9.9982E-05 0.010335 0.137648
0.761011 0.0664307 0.0544116 0.0257341 0.0924128
0.783547 9.9982E-05 0.088449 9.9982E-05 0.127804
0.900074 9.9982E-05 0.0166875 0.0830381 9.9982E-05
0.826299 0.0701001 0.0912063 9.9991E-05 0.0122946
0.151248 0.0633125 0.0913339 9.9991E-05 0.694006
0.117064 0.0655977 0.110373 0.0337351 0.673231
0.148293 0.134584 0.0759253 9.9991E-05 0.641098
0.121835 0.101579 0.0601406 0.120946 0.5955
0.124695 0.10562 0.0984908 0.077485 0.593709
0.134198 0.0154213 0.06261 0.0167868 0.770984
0.0263649 0.0299297 0.107596 9.9991E-05 0.836009
0.0511252 0.100403 0.201578 9.9991E-05 0.646793
