0.963943 9.9973E-05 0.0357573 9.9973E-05 9.9973E-05
0.752701 0.0469696 9.9991E-05 0.0438828 0.156347
0.822324 0.0395286 9.9982E-05 0.137947 9.9982E-05
0.805839 0.0505656 0.0261295 0.0922662 0.0251995
0.818017 0.0461905 9.9991E-05 0.0757369 0.0599558
0.914383 0.0170632 9.9982E-05 0.0683536 9.9982E-05
0.935596 9.9973E-05 9.9973E-05 0.0641041 9.9973E-05
0.838448 0.0338316 9.9991E-05 0.0894491 0.0381713
0.817878 0.0316857 9.9991E-05 0.0854453 0.0648909
0.889977 0.0341875 9.9982E-05 0.0756356 9.9982E-05
0.80211 0.0270325 0.0371878 0.0382348 0.0954351
0.82202 0.110989 9.9991E-05 0.0117222 0.055169
0.774356 0.0482176 9.9991E-05 0.10192 0.0754059
0.738466 0.0876662 0.0238966 0.149871 9.9991E-05
0.855848 0.00726291 9.9991E-05 0.100303 0.0364866
0.8884 9.9973E-05 9.9973E-05 0.1113 9.9973E-05
0.96204 9.9973E-05 9.9973E-05 9.9973E-05 0.0376601
0.9996 9.997E-05 9.997E-05 9.997E-05 9.997E-05
0.994926 9.9973E-05 0.00477399 9.9973E-05 9.9973E-05
0.958468 0.0395049 0.00182738 9.9982E-05 9.9982E-05
9.997E-05 0.9996 9.997E-05 9.997E-05 9.997E-05
0.0664655 0.730369 0.125506 0.0468962 0.0307638
0.0266341 0.781494 0.180451 9.9991E-05 0.0113207
9.9973E-05 0.810464 0.189236 9.9973E-05 9.9973E-05
0.0256553 0.958384 9.9982E-05 9.9982E-05 0.0157605
0.045541 0.908196 0.0441808 9.9991E-05 0.00198195
9.9991E-05 0.772179 0.12324 0.0172901 0.0871907
9.997E-05 0.9996 9.997E-05 9.997E-05 9.997E-05
9.9982E-05 0.804081 9.9982E-05 0.0812372 0.114482
0.0158548 0.681325 0.121427 0.0793089 0.102084
9.9982E-05 0.760949 9.9982E-05 0.188428 0.050423
9.9982E-05 0.806946 0.165724 9.9982E-05 0.0271299
0.0759247 0.742474 0.10887 0.0670693 0.00566163
9.9982E-05 0.634681 9.9982E-05 0.185754 0.179365
0.071415 0.606991 0.0155216 0.0360177 0.270055
0.0860353 0.4363 0.0266842 0.236181 0.214799
0.00412418 0.655077 0.222622 0.02659 0.0915865
9.9991E-05 0.0872355 0.890061 0.00781177 0.0147914
9.9982E-05 9.9982E-05 0.758223 0.0712492 0.170328
0.0315156 0.0286148 0.755181 0.110247 0.0744414
0.000765289 0.0815134 0.836886 0.0697666 0.0110682
0.0337293 9.9982E-05 0.877753 9.9982E-05 0.0883181
0.00640938 0.00983899 0.832948 0.0874306 0.0633732
0.0933456 9.9991E-05 0.648375 0.182614 0.0755651
9.9991E-05 0.0142369 0.902978 0.0201442 0.062541
0.0480002 0.0988112 0.769246 0.0838428 9.9991E-05
9.9991E-05 0.00955644 0.947761 0.0184457 0.0241369
0.00849338 9.9982E-05 0.974705 0.0166021 9.9982E-05
0.0219066 0.0328975 0.944996 9.9982E-05 9.9982E-05
0.035226 0.0210596 0.852936 0.0529946 0.0377833
0.0118544 0.0415237 0.92661 0.0166615 0.00335052
0.00269286 0.0865403 0.910567 9.9982E-05 9.9982E-05
0.0215227 9.9991E-05 0.907066 0.0127761 0.0585356
0.0854248 9.9982E-05 0.907608 9.9982E-05 0.00676771
0.0154018 0.0238817 0.900938 0.027307 0.0324713
0.0409389 0.111239 0.761023 0.0690473 0.0177515
0.0862544 0.0482718 0.81044 0.0549335 9.9991E-05
0.0308726 0.101563 0.141786 0.133029 0.59275
0.119179 0.00290085 9.9991E-05 0.0848275 0.792993
0.0626774 0.0817716 0.0417908 0.104413 0.709348
0.0715756 0.0453753 0.122688 9.9991E-05 0.760261
9.9991E-05 0.0451762 0.0199649 0.0467946 0.887964
0.0255598 0.0594455 0.155984 0.000371858 0.758638
0.0357384 9.9982E-05 9.9982E-05 0.0496767 0.914385
0.00523068 0.0113805 0.0566425 0.068572 0.858174
0.155576 9.9982E-05 9.9982E-05 0.178848 0.665376
0.0583015 0.196757 0.0500462 0.0167598 0.678135
0.0557562 0.0751489 0.0595315 0.0143328 0.795231
9.9982E-05 0.0922947 0.0381786 9.9982E-05 0.869327
0.0519446 0.131264 9.9991E-05 0.0419631 0.774729
0.0664338 0.0349978 0.0156406 9.9991E-05 0.882828
9.9982E-05 0.0499097 0.0865448 9.9982E-05 0.863346
0.0405114 0.12889 0.0375313 0.000568107 0.792499
9.9991E-05 0.121427 0.0492146 0.143529 0.685729
9.9982E-05 0.155745 0.357948 9.9982E-05 0.486107
0.0670308 0.0400265 0.304456 9.9991E-05 0.588387
0.0679219 9.9982E-05 0.49848 9.9982E-05 0.433398
0.00998832 9.9991E-05 0.00554333 0.0404505 0.943918
0.0644382 0.0931321 0.256608 9.9991E-05 0.585722
9.9991E-05 0.0377141 0.132964 0.0505782 0.778644
0.0327412 0.12659 0.175489 0.0295174 0.635662
0.0997747 0.0328666 0.10685 0.00934306 0.751166
0.13247 9.9991E-05 0.0327044 0.014888 0.819837
0.015852 0.0208148 0.260643 0.28214 0.42055
0.0118874 9.9991E-05 0.176416 0.653754 0.157843
0.0481699 0.108713 0.184789 0.171099 0.487229
0.00130227 0.0373622 0.145082 0.0818497 0.734404
9.9991E-05 0.0354369 0.157554 0.162441 0.644468
0.0373307 0.0930466 0.13202 0.039964 0.697638
0.0399205 0.0543908 0.0181161 9.9991E-05 0.887473
0.0505534 0.0929666 0.134662 9.9991E-05 0.721718
9.9991E-05 0.0631077 0.0373298 0.0950925 0.80437
0.0929446 0.104253 0.0832033 0.134001 0.585598
0.0753245 0.153102 0.0858139 0.0733566 0.612403
0.0799068 0.0522151 0.0630409 0.119879 0.684958
0.0923527 0.0934349 0.0266436 0.143075 0.644494
0.0688428 0.0473802 0.0720817 0.191167 0.620529
0.10321 9.9982E-05 0.193259 9.9982E-05 0.703331
0.0248532 0.116918 0.100833 9.9991E-05 0.757295
0.0257019 9.9991E-05 0.126591 0.0552322 0.792375
0.0429832 0.114787 9.9991E-05 0.0586499 0.78348
0.0402348 0.0770761 0.025999 0.125611 0.731079
9.9991E-05 0.0457166 0.0681614 0.0519042 0.834118
0.0250662 9.9982E-05 9.9982E-05 0.00986714 0.964867
0.0715866 0.0868856 0.118412 0.050735 0.672381
0.032614 0.0755501 9.9991E-05 0.0734937 0.818242
0.0947413 0.0407689 9.9991E-05 0.152175 0.712215
0.00416023 9.9991E-05 0.203222 0.0537345 0.738783
0.0754611 0.0970059 0.106623 0.0238564 0.697053
0.0633911 0.150789 0.0882663 0.0168568 0.680697
0.0232376 9.9982E-05 0.146462 9.9982E-05 0.830101
0.0140249 9.9973E-05 9.9973E-05 9.9973E-05 0.985675
9.9973E-05 9.9973E-05 0.162447 9.9973E-05 0.837253
0.0545239 9.9982E-05 9.9982E-05 0.110545 0.834732
0.0981168 0.124785 0.0280871 0.100717 0.648294
0.0743984 0.143458 9.9991E-05 0.0199438 0.7621
0.0883275 0.0508744 0.0763696 9.9991E-05 0.784328
0.0760877 0.0714452 0.0980901 9.9991E-05 0.754277
0.0860771 0.0744623 0.0871263 0.0271086 0.725226
0.0784849 0.0507457 0.198925 0.0437281 0.628116
0.0534937 0.221797 9.9991E-05 0.0854391 0.63917
9.9991E-05 0.0950819 0.021949 0.297356 0.585513
9.9991E-05 0.258978 0.0507624 0.125958 0.564202
0.0305562 0.308892 9.9991E-05 0.124822 0.53563
9.9991E-05 0.214121 0.0366055 0.19625 0.552924
0.00128075 0.255061 9.9991E-05 0.291728 0.451829
0.0786658 0.178459 0.0336908 0.265359 0.443826
0.0861028 0.34386 0.0279271 0.0612971 0.480813
0.0336756 0.248076 0.131634 0.170341 0.416273
0.0102882 0.200438 0.175183 0.127932 0.486159
0.0103852 0.316626 0.0699111 0.103827 0.499251
0.0136796 0.0721012 0.100068 0.784678 0.029474
0.000880846 0.0544384 0.0702111 0.839516 0.034954
0.0591662 0.0539413 0.0848809 0.792672 0.00933975
0.0386035 0.0292538 0.160521 0.771521 9.9991E-05
0.0462101 0.0186612 0.180471 0.754558 9.9991E-05
0.0487245 0.0946827 9.9991E-05 0.767438 0.0890553
9.9982E-05 0.0247419 0.14075 0.834308 9.9982E-05
9.9991E-05 0.00837254 0.0181253 0.879663 0.0937395
0.0671054 0.0883185 0.179179 0.512738 0.152659
0.00453739 0.0310183 0.171461 0.792883 9.9991E-05
0.0297822 9.9982E-05 0.126037 0.843981 9.9982E-05
0.0405054 9.9982E-05 0.126312 0.832982 9.9982E-05
0.0309916 0.0103381 0.160755 0.686727 0.111188
0.00386628 9.9991E-05 0.187381 0.641723 0.16693
0.092301 0.0583572 9.9991E-05 0.756749 0.0924929
0.107869 9.9991E-05 0.0789639 0.784071 0.0289959
9.9991E-05 0.0197039 0.0859471 0.88452 0.00972882
0.041915 9.9982E-05 9.9982E-05 0.813328 0.144557
0.0597339 0.115296 0.0379113 0.786958 9.9991E-05
0.0353406 0.0516708 0.0839464 0.800978 0.028064
0.115587 0.0871589 0.0121012 0.735803 0.0493492
9.9991E-05 0.00181565 0.124886 0.799533 0.0736655
0.0450061 0.00618888 9.9991E-05 0.871218 0.0774867
0.0213942 9.9991E-05 0.0722818 0.842032 0.0641921
0.0459008 0.050254 9.9991E-05 0.717572 0.186173
0.0379534 0.0552272 0.0364924 0.808725 0.0616017
0.00477118 0.019137 0.113928 0.815855 0.0463094
0.0732571 9.9991E-05 0.0777123 0.722219 0.126712
0.076248 0.0238626 0.105471 0.71977 0.0746485
9.9991E-05 0.00579801 0.13026 0.819728 0.0441145
9.9982E-05 9.9982E-05 0.114157 0.883479 0.00216393
0.0668435 0.0274359 0.185317 0.712323 0.00808071
9.9982E-05 0.0446686 0.2044 0.750732 9.9982E-05
9.9982E-05 0.0988552 9.9982E-05 0.863097 0.0378483
0.0582551 0.0602288 9.9991E-05 0.860404 0.0210118
0.0212166 0.0401406 0.736152 0.20239 9.9991E-05
0.0688083 0.129377 0.698123 0.103591 9.9991E-05
0.116926 0.0921789 0.70336 0.024478 0.0630576
0.112648 0.0463451 0.627699 0.180548 0.03276
0.087183 0.121151 0.650706 0.084565 0.0563956
9.9991E-05 0.101062 0.800129 0.0868487 0.0118598
0.00658308 0.0519144 0.909828 0.0315746 9.9991E-05
0.0985053 0.203652 0.658366 0.039376 9.9991E-05
