9.9973E-05 0.937853 0.0618476 9.9973E-05 9.9973E-05
0.0738681 0.75126 9.9982E-05 0.174672 9.9982E-05
0.0216741 0.831604 9.9982E-05 9.9982E-05 0.146522
0.0132191 0.821568 9.9991E-05 0.0715334 0.0935791
0.0915393 0.826663 0.00780916 0.0738888 9.9991E-05
0.0634832 0.91971 0.016607 9.9982E-05 9.9982E-05
0.0961456 0.903554 9.9973E-05 9.9973E-05 9.9973E-05
0.116995 0.83657 9.9991E-05 0.0383119 0.00802262
0.13313 0.820209 9.9982E-05 9.9982E-05 0.0464604
0.107463 0.851436 0.0105723 9.9991E-05 0.0304282
0.0915942 0.780677 9.9991E-05 0.0533424 0.0742868
0.0265255 0.821384 0.0298688 0.00255082 0.119671
0.0383521 0.821195 0.0544077 0.0580433 0.0280021
0.168273 0.72182 9.9991E-05 0.0106022 0.0992049
0.095302 0.887339 9.9982E-05 9.9982E-05 0.0171595
0.111336 0.888364 9.9973E-05 9.9973E-05 9.9973E-05
9.9973E-05 0.983781 0.0159187 9.9973E-05 9.9973E-05
9.997E-05 0.9996 9.997E-05 9.997E-05 9.997E-05
9.997E-05 0.9996 9.997E-05 9.997E-05 9.997E-05
9.9982E-05 0.928087 9.9982E-05 0.028985 0.0427282
9.997E-05 9.997E-05 9.997E-05 9.997E-05 0.9996
0.125198 0.0260807 0.117756 0.00462758 0.726338
0.0804871 0.0254927 0.12133 0.022859 0.749831
9.9982E-05 0.0113563 0.161326 9.9982E-05 0.827118
9.9982E-05 0.00404916 9.9982E-05 0.093711 0.90204
0.027133 0.0465201 0.0259635 0.0395476 0.860836
0.0660389 9.9991E-05 0.134553 0.0264924 0.772816
9.997E-05 9.997E-05 9.997E-05 9.997E-05 0.9996
0.119989 9.9982E-05 9.9982E-05 0.099801 0.78001
0.0984561 0.0277686 0.10772 0.140309 0.625746
0.0951573 9.9982E-05 0.0199441 9.9982E-05 0.884699
0.0243262 0.0154714 0.169526 0.0362149 0.754462
0.150971 0.0500258 0.0381517 0.0294972 0.731354
0.157814 9.9982E-05 9.9982E-05 0.188389 0.653596
0.0739845 0.00983858 0.0624367 0.235597 0.618143
0.190172 0.0757603 0.0568053 0.20567 0.471593
0.0739296 9.9991E-05 0.163822 0.120174 0.641974
0.0265631 9.9991E-05 0.805619 0.0481284 0.11959
0.122468 9.9991E-05 0.69809 0.167925 0.0114159
0.0844227 0.0290434 0.762713 0.0284865 0.0953342
0.0810449 9.9991E-05 0.790129 0.0219353 0.106791
0.0118941 0.0533255 0.839493 0.0526347 0.0426525
0.0350982 0.0144431 0.900032 0.0415601 0.00886692
0.180815 0.0925587 0.688091 0.0384353 9.9991E-05
0.0358961 0.0058191 0.810156 0.0585996 0.0895292
0.0978228 0.054864 0.77977 9.9991E-05 0.0674429
0.0415961 9.9991E-05 0.857495 0.0393509 0.0614579
0.0507531 0.0345283 0.886811 0.0231704 0.00473726
9.9982E-05 0.0116402 0.907097 9.9982E-05 0.0810628
0.0608055 0.0199416 0.896075 0.00894193 0.014236
0.00926225 9.9991E-05 0.871626 0.0221674 0.0968446
9.9973E-05 9.9973E-05 0.899511 9.9973E-05 0.100189
9.9991E-05 0.0392477 0.9054 0.0364059 0.0188461
9.9991E-05 0.0898958 0.847185 0.00608607 0.0567328
0.0677927 0.0190739 0.865265 0.0280429 0.0198253
0.0278847 0.0340823 0.784957 0.0384547 0.114622
0.045807 0.0596451 0.793076 9.9991E-05 0.101372
0.0356662 0.0311724 0.28312 0.526695 0.123346
0.142035 0.106514 9.9991E-05 0.748341 0.00301021
0.0643263 0.0588678 0.0876586 0.750998 0.0381496
0.0250778 0.036099 0.179788 0.740358 0.0186779
0.0216908 9.9982E-05 0.126812 0.851297 9.9982E-05
9.9991E-05 0.0582239 0.174683 0.694952 0.0720415
0.131519 0.0106748 0.0308795 0.820216 0.00671101
0.0750608 9.9991E-05 0.127482 0.780053 0.0173037
0.100196 0.132588 0.101999 0.656898 0.00831818
9.9991E-05 0.0853142 0.158051 0.576068 0.180467
0.00358892 0.10444 0.109391 0.727494 0.0550858
9.9991E-05 0.0132011 0.0514232 0.775958 0.159318
0.0622324 0.0519967 9.9991E-05 0.76636 0.119311
0.018528 0.0331211 0.136895 0.770496 0.0409603
9.9982E-05 9.9982E-05 0.162613 0.815504 0.0216828
0.0189013 0.0629993 0.0653501 0.763665 0.0890846
0.145869 9.9991E-05 0.109925 0.620365 0.123742
9.9982E-05 9.9982E-05 0.39514 0.503014 0.101647
0.0221681 0.0672799 0.324342 0.528652 0.0575576
9.9982E-05 0.0985964 0.516302 0.384902 9.9982E-05
0.058678 9.9982E-05 0.0993742 0.841748 9.9982E-05
0.02634 0.0624323 0.258309 0.556655 0.0962628
0.063742 9.9982E-05 0.183445 0.752613 9.9982E-05
9.9991E-05 0.0902159 0.239161 0.537549 0.132975
0.053291 0.0863585 0.0412556 0.758332 0.0607624
0.0416224 0.0836233 0.174482 0.700172 9.9991E-05
0.131005 0.0549638 0.331376 0.344453 0.138203
0.621294 0.00180061 0.239953 0.136853 9.9991E-05
0.16743 0.0558607 0.251285 0.47021 0.0552139
0.0412587 0.0353145 0.234279 0.651558 0.0375902
0.077354 0.0397547 0.255616 0.55677 0.0705057
0.125207 0.0237767 0.173588 0.677328 9.9991E-05
9.9991E-05 0.00988854 0.0391488 0.805139 0.145724
0.0236416 0.0402729 0.170031 0.705718 0.0603362
0.00472191 9.9991E-05 0.223056 0.744116 0.0280059
0.171814 0.105662 0.0385325 0.576835 0.107156
0.119317 0.101888 0.115195 0.558085 0.105515
0.0804429 0.0591058 0.0828851 0.684639 0.092927
0.0992155 0.122453 0.0112262 0.650277 0.116829
0.127411 0.0528066 0.145642 0.602549 0.0715913
9.9991E-05 0.0813863 0.243728 0.651826 0.0229593
9.9991E-05 0.0303765 0.12153 0.733664 0.114329
0.0152302 0.0605131 0.245455 0.678701 9.9991E-05
0.0600492 0.0485803 0.132648 0.670651 0.0880718
0.192138 0.00462323 9.9991E-05 0.753055 0.0500841
0.0327161 0.00720081 0.123979 0.782424 0.0536803
0.0452002 9.9973E-05 9.9973E-05 0.9545 9.9973E-05
0.0841297 0.110734 0.10159 0.64143 0.0621164
0.0552299 0.0500193 0.0707693 0.715907 0.108075
0.0773215 0.0336855 0.151158 0.701163 0.0366715
0.0952486 0.00675216 0.221109 0.668944 0.00794626
9.9991E-05 0.0667735 0.18114 0.671233 0.0807526
9.9991E-05 0.0738756 0.10235 0.699235 0.124439
9.9973E-05 9.9973E-05 0.208932 0.790768 9.9973E-05
0.0372985 9.9973E-05 9.9973E-05 0.962402 9.9973E-05
9.9982E-05 9.9982E-05 0.230517 0.76645 0.00283295
0.0390142 0.102716 0.122559 0.695905 0.0398067
0.0886772 0.0417677 0.087124 0.645763 0.136668
0.130046 0.122585 0.0284864 0.671278 0.0476038
9.9991E-05 0.0790912 0.115737 0.754682 0.0503901
9.9991E-05 0.0616283 0.176818 0.662267 0.0991866
0.0146717 0.0528832 0.119066 0.727979 0.0854006
0.0918043 0.0757108 0.227427 0.601114 0.00394396
0.162457 0.0245904 9.9991E-05 0.59265 0.220202
0.310605 0.00182465 0.0506419 0.572693 0.0642362
0.116115 0.022351 0.0622034 0.507539 0.291792
0.201397 0.0261131 9.9991E-05 0.533928 0.238462
0.227577 9.9982E-05 9.9982E-05 0.573342 0.198881
0.277047 0.0194221 9.9991E-05 0.489222 0.214209
0.206449 0.0384671 0.0600904 0.460058 0.234935
0.128418 0.12713 0.0298189 0.457509 0.257124
0.199285 0.0286 0.110984 0.4595 0.201632
0.118679 0.00900603 0.12534 0.555955 0.19102
0.130002 9.9991E-05 0.0897275 0.533394 0.246776
0.799618 0.0130334 0.0094359 0.0873416 0.0905707
0.868961 0.0105312 0.0277091 0.0530091 0.0397893
0.755515 0.0538097 0.0746718 0.0417418 0.074262
0.743783 0.0948932 0.12765 9.9991E-05 0.0335736
0.717366 0.0456881 0.180248 9.9991E-05 0.0565979
0.81013 0.0467733 0.0130872 0.0636583 0.0663513
0.781901 9.9982E-05 0.139586 9.9982E-05 0.0783126
0.805666 9.9991E-05 0.0183767 0.0736484 0.102209
0.583994 0.0747183 0.157024 0.113358 0.070906
0.639208 9.9982E-05 0.274257 9.9982E-05 0.0863351
0.841596 0.039477 0.0676806 9.9991E-05 0.0511463
0.751829 0.052888 0.195083 9.9982E-05 9.9982E-05
0.590152 0.0652295 0.18415 0.049638 0.110831
0.575074 0.0132278 0.24078 0.147777 0.0231424
0.804909 0.08592 9.9982E-05 0.108971 9.9982E-05
0.767733 0.0840876 0.0747202 0.0627696 0.0106894
0.885476 9.9982E-05 0.0958991 0.0184253 9.9982E-05
0.815259 0.0440081 0.0945244 0.0461083 9.9991E-05
0.793758 0.0609077 0.0876763 9.9991E-05 0.0575577
0.72338 0.0445939 0.15492 0.0157662 0.0613399
0.70938 0.0547687 0.0630871 0.136544 0.0362204
0.773201 0.0142281 0.103212 0.0756458 0.033713
0.74483 0.0292702 0.0881196 0.0716471 0.0661332
0.796757 0.0577105 0.0147714 0.0743186 0.0564429
0.752843 0.0598612 9.9991E-05 0.0997301 0.0874657
0.706567 0.0574126 0.0611772 0.0815781 0.0932649
0.725178 0.0369249 0.0788551 0.085383 0.0736587
0.790192 0.0953884 0.0342874 0.061312 0.0188204
0.763287 0.0279918 0.13862 0.0413311 0.0287704
0.853605 9.9982E-05 0.1346 9.9982E-05 0.0115957
0.897337 9.9973E-05 0.102363 9.9973E-05 9.9973E-05
0.681946 0.032548 0.264664 0.00759571 0.013246
0.768602 0.0047385 0.133259 0.013627 0.0797738
0.861385 9.9982E-05 9.9982E-05 0.0792987 0.0591165
0.829628 0.0453854 9.9991E-05 0.0369233 0.0879629
0.164768 0.0127902 0.727681 9.9991E-05 0.0946614
0.124489 0.0859598 0.590296 0.0131904 0.186065
0.0824188 0.169195 0.642763 9.9991E-05 0.105523
0.134294 0.0819413 0.572499 0.0654608 0.145805
0.153697 0.0898546 0.618067 0.019752 0.118629
0.0746968 9.9982E-05 0.713266 9.9982E-05 0.211838
0.115225 0.00475685 0.806955 9.9991E-05 0.0729632
0.0322611 0.106251 0.621135 9.9991E-05 0.240253
