9.98649E-05 9.98649E-05 9.98649E-05 9.98649E-05 0.998502 9.98649E-05 9.98649E-05 9.98649E-05 9.98649E-05 9.98649E-05 9.98649E-05 9.98649E-05 9.98649E-05 9.98649E-05 9.98649E-05 9.98649E-05
0.00459036 9.9946E-05 9.9946E-05 0.00723536 9.9946E-05 0.0010367 0.03757 0.0221158 9.9946E-05 0.00764454 0.677529 0.193458 0.00758003 0.0406404 9.9946E-05 9.9946E-05
9.9919E-05 9.9919E-05 0.0417522 9.9919E-05 0.0372989 9.9919E-05 9.9919E-05 9.9919E-05 9.9919E-05 0.00569177 0.745636 0.0985452 0.0239769 9.9919E-05 0.0461997 9.9919E-05
0.0122181 9.9919E-05 9.9919E-05 9.9919E-05 9.9919E-05 9.9919E-05 0.0364027 9.9919E-05 9.9919E-05 0.0171348 0.783871 0.0823978 0.0336454 9.9919E-05 0.0334313 9.9919E-05
0.0131076 0.00893597 0.003697 0.000396757 0.0167828 0.0199576 0.000985351 0.0340873 9.9973E-05 9.9973E-05 0.786585 0.0599294 9.9973E-05 0.00518048 0.0355737 0.0144811
9.9919E-05 0.0219654 9.9919E-05 0.0102511 9.9919E-05 9.9919E-05 0.0401235 9.9919E-05 9.9919E-05 9.9919E-05 0.882054 9.9919E-05 0.001576 0.0338351 9.9919E-05 0.00929584
9.98649E-05 9.98649E-05 9.98649E-05 9.98649E-05 0.998502 9.98649E-05 9.98649E-05 9.98649E-05 9.98649E-05 9.98649E-05 9.98649E-05 9.98649E-05 9.98649E-05 9.98649E-05 9.98649E-05 9.98649E-05
9.9955E-05 0.00822501 9.9955E-05 0.0105782 0.0247607 0.0340192 9.9955E-05 9.9955E-05 0.00645114 0.00926163 0.817526 0.0472083 0.0121583 0.0190733 0.010238 9.9955E-05
0.00961383 9.9919E-05 9.9919E-05 9.9919E-05 0.0462142 9.9919E-05 0.0931062 9.9919E-05 9.9919E-05 9.9919E-05 0.745754 9.9919E-05 0.00415511 0.0214914 0.0787658 9.9919E-05
0.000503025 9.9937E-05 0.0898745 0.0193122 0.04396 9.9937E-05 0.00954957 9.9937E-05 0.0230102 0.000409621 0.790763 9.9937E-05 9.9937E-05 0.0219188 9.9937E-05 9.9937E-05
9.9919E-05 0.0039488 0.0100958 9.9919E-05 9.9919E-05 9.9919E-05 0.00233836 9.9919E-05 0.00682385 9.9919E-05 0.736644 0.220122 0.0191287 9.9919E-05 9.9919E-05 9.9919E-05
9.9946E-05 0.0100275 0.0174608 0.0101462 0.0814135 0.0141159 0.0102442 9.9946E-05 9.9946E-05 0.00488859 0.638841 0.201231 0.0110315 9.9946E-05 9.9946E-05 9.9946E-05
9.9937E-05 9.9937E-05 0.0420311 0.0278002 0.0507549 0.022763 0.000958044 9.9937E-05 9.9937E-05 9.9937E-05 0.70671 0.030286 9.9937E-05 0.0601709 0.0578259 9.9937E-05
9.9928E-05 9.9928E-05 0.0529092 0.00458448 0.0229128 9.9928E-05 0.0510597 0.0192924 9.9928E-05 9.9928E-05 0.668221 0.143515 9.9928E-05 0.036706 9.9928E-05 9.9928E-05
9.9928E-05 9.9928E-05 0.0582076 9.9928E-05 0.0402153 9.9928E-05 9.9928E-05 0.0129436 0.0561661 9.9928E-05 0.748561 0.032553 0.0135055 9.9928E-05 0.0370488 9.9928E-05
9.98921E-05 9.98921E-05 9.98921E-05 9.98921E-05 9.98921E-05 9.98921E-05 0.0616022 9.98921E-05 9.98921E-05 9.98921E-05 0.898533 9.98921E-05 9.98921E-05 0.010685 0.0279812 9.98921E-05
9.9901E-05 0.0170031 9.9901E-05 0.013491 0.0437495 9.9901E-05 9.9901E-05 9.9901E-05 9.9901E-05 9.9901E-05 0.920437 9.9901E-05 9.9901E-05 0.00422022 9.9901E-05 9.9901E-05
9.9892E-05 0.00343211 9.9892E-05 9.9892E-05 0.0245457 9.9892E-05 9.9892E-05 0.045672 9.9892E-05 9.9892E-05 0.925151 9.9892E-05 9.9892E-05 9.9892E-05 9.9892E-05 9.9892E-05
9.98921E-05 9.98921E-05 9.98921E-05 9.98921E-05 0.0549756 9.98921E-05 9.98921E-05 0.0788138 9.98921E-05 9.98921E-05 0.854636 9.98921E-05 9.98921E-05 0.0103758 9.98921E-05 9.98921E-05
0.0153871 0.0153342 0.0101664 0.000999619 9.9928E-05 0.00561001 9.9928E-05 0.000748855 0.019116 9.9928E-05 0.931838 9.9928E-05 9.9928E-05 9.9928E-05 9.9928E-05 9.9928E-05
9.9865E-05 9.9865E-05 9.9865E-05 9.9865E-05 9.9865E-05 9.9865E-05 9.9865E-05 9.9865E-05 9.9865E-05 0.998502 9.9865E-05 9.9865E-05 9.9865E-05 9.9865E-05 9.9865E-05 9.9865E-05
9.9883E-05 9.9883E-05 0.760968 9.9883E-05 9.9883E-05 9.9883E-05 9.9883E-05 9.9883E-05 9.9883E-05 0.000809311 9.9883E-05 0.236924 9.9883E-05 9.9883E-05 9.9883E-05 9.9883E-05
9.991E-05 9.991E-05 0.812589 0.0092042 0.0179587 0.122305 9.991E-05 0.0356517 9.991E-05 0.00129247 9.991E-05 9.991E-05 9.991E-05 9.991E-05 9.991E-05 9.991E-05
0.0156186 0.0115373 0.865933 9.9892E-05 9.9892E-05 0.105713 9.9892E-05 9.9892E-05 9.9892E-05 9.9892E-05 9.9892E-05 9.9892E-05 9.9892E-05 9.9892E-05 9.9892E-05 9.9892E-05
9.98651E-05 9.98651E-05 0.998502 9.98651E-05 9.98651E-05 9.98651E-05 9.98651E-05 9.98651E-05 9.98651E-05 9.98651E-05 9.98651E-05 9.98651E-05 9.98651E-05 9.98651E-05 9.98651E-05 9.98651E-05
9.9919E-05 0.0201612 0.924913 0.0137564 0.0255393 9.9919E-05 9.9919E-05 0.00329929 9.9919E-05 9.9919E-05 9.9919E-05 9.9919E-05 0.00344899 9.9919E-05 0.00798289 9.9919E-05
9.991E-05 9.991E-05 0.834038 9.991E-05 0.00820147 9.991E-05 9.991E-05 0.00657697 0.0497738 0.00849804 9.991E-05 9.991E-05 9.991E-05 9.991E-05 9.991E-05 0.0919129
9.9865E-05 9.9865E-05 9.9865E-05 9.9865E-05 9.9865E-05 9.9865E-05 9.9865E-05 9.9865E-05 9.9865E-05 0.998502 9.9865E-05 9.9865E-05 9.9865E-05 9.9865E-05 9.9865E-05 9.9865E-05
0.0268725 0.00334281 0.831241 0.0127667 9.9919E-05 9.9919E-05 0.0179349 9.9919E-05 9.9919E-05 0.0287101 9.9919E-05 9.9919E-05 9.9919E-05 9.9919E-05 0.0782324 9.9919E-05
9.9946E-05 9.9946E-05 0.741636 0.00967357 9.9946E-05 0.0710033 0.00128267 0.0104945 0.0885793 9.9946E-05 0.020624 9.9946E-05 9.9946E-05 0.0185397 0.0131796 0.0243881
0.00174143 0.006901 0.728429 9.9928E-05 9.9928E-05 9.9928E-05 0.0807073 9.9928E-05 9.9928E-05 0.0232511 9.9928E-05 0.0619448 0.012069 9.9928E-05 0.0841571 9.9928E-05
9.9919E-05 0.0238991 0.821514 9.9919E-05 0.0185027 0.078642 9.9919E-05 0.0490313 9.9919E-05 0.00659694 9.9919E-05 9.9919E-05 9.9919E-05 0.000915044 9.9919E-05 9.9919E-05
9.9937E-05 9.9937E-05 0.65345 0.00651581 0.0251791 0.070176 0.0521588 9.9937E-05 9.9937E-05 0.0507245 0.022047 9.9937E-05 9.9937E-05 0.0411606 0.0778891 9.9937E-05
9.9928E-05 9.9928E-05 0.63115 0.0133263 9.9928E-05 0.00896029 0.0650252 9.9928E-05 9.9928E-05 0.0462396 9.9928E-05 0.117784 0.0540332 0.0626812 9.9928E-05 9.9928E-05
0.0163972 9.9964E-05 0.598678 0.0260005 9.9964E-05 9.9964E-05 9.9964E-05 0.011716 0.065827 0.0200364 0.0144048 0.117946 0.00966504 0.00957924 0.0802547 0.0290958
0.0524874 9.99099E-05 0.415209 9.99099E-05 9.99099E-05 9.99099E-05 0.0400848 9.99099E-05 9.99099E-05 0.00626783 9.99099E-05 0.456888 0.0280636 9.99099E-05 9.99099E-05 9.99099E-05
0.0120553 0.0110143 0.713236 0.000745324 9.9937E-05 0.0683624 9.9937E-05 0.112985 0.0140286 9.9937E-05 9.9937E-05 9.9937E-05 0.0362196 9.9937E-05 9.9937E-05 0.0306546
0.0307974 0.000635976 9.9937E-05 9.9937E-05 9.9937E-05 0.0075705 9.9937E-05 0.217294 9.9937E-05 0.0174752 9.9937E-05 0.00385318 0.000968349 9.9937E-05 0.01992 0.700786
0.0044489 9.99189E-05 9.99189E-05 9.99189E-05 0.000185541 0.899661 9.99189E-05 0.0419373 9.99189E-05 9.99189E-05 9.99189E-05 0.0444266 9.99189E-05 0.00597904 0.00246277 9.99189E-05
9.9964E-05 0.0102445 0.0245302 9.9964E-05 9.9964E-05 0.195107 0.00252191 0.0466523 0.00873849 9.9964E-05 0.0509449 0.0299992 0.0328911 0.0209577 0.0523874 0.524625
9.9946E-05 0.00917817 0.0247367 9.9946E-05 0.049343 0.150667 0.0131318 0.0360115 0.0765116 9.9946E-05 9.9946E-05 9.9946E-05 0.0157682 0.00234944 9.9946E-05 0.621703
0.0421729 9.9928E-05 9.9928E-05 0.0194667 0.0274719 9.9928E-05 9.9928E-05 0.0603145 9.9928E-05 0.025553 9.9928E-05 9.9928E-05 0.015254 0.0433429 9.9928E-05 0.765625
9.9883E-05 9.9883E-05 9.9883E-05 9.9883E-05 9.9883E-05 0.934465 9.9883E-05 9.9883E-05 9.9883E-05 9.9883E-05 9.9883E-05 9.9883E-05 0.0201067 9.9883E-05 9.9883E-05 0.0441299
0.00870471 0.00627247 9.9964E-05 0.0211678 0.0268804 0.0487206 0.0652948 0.0380009 9.9964E-05 9.9964E-05 0.0124104 0.17846 0.00289317 0.0400686 9.9964E-05 0.550727
0.046635 9.9901E-05 0.013264 0.00252394 9.9901E-05 0.934514 9.9901E-05 0.0019643 9.9901E-05 9.9901E-05 9.9901E-05 9.9901E-05 9.9901E-05 9.9901E-05 9.9901E-05 9.9901E-05
0.0350468 9.9919E-05 9.9919E-05 9.9919E-05 9.9919E-05 0.119866 0.0363411 0.0249007 9.9919E-05 9.9919E-05 0.0467033 9.9919E-05 9.9919E-05 9.9919E-05 0.134461 0.601782
9.9901E-05 0.0408976 9.9901E-05 0.0168922 9.9901E-05 9.9901E-05 9.9901E-05 9.9901E-05 0.124393 9.9901E-05 9.9901E-05 9.9901E-05 9.9901E-05 0.00901244 9.9901E-05 0.807706
0.00235277 9.9919E-05 9.9919E-05 0.0003867 0.00136478 0.796087 9.9919E-05 9.9919E-05 9.9919E-05 9.9919E-05 9.9919E-05 9.9919E-05 0.0184269 0.00465421 9.9919E-05 0.175829
0.0215997 0.0212993 9.9928E-05 9.9928E-05 0.0449826 0.0767279 9.9928E-05 9.9928E-05 9.9928E-05 0.0184647 9.9928E-05 9.9928E-05 0.0179541 0.0321363 9.9928E-05 0.766036
0.00273898 9.9937E-05 9.9937E-05 9.9937E-05 0.000826958 9.9937E-05 0.0137055 0.057299 9.9937E-05 0.0200668 9.9937E-05 0.105187 0.0195526 0.0173246 9.9937E-05 0.762599
9.9865E-05 9.9865E-05 9.9865E-05 9.9865E-05 9.9865E-05 0.998502 9.9865E-05 9.9865E-05 9.9865E-05 9.9865E-05 9.9865E-05 9.9865E-05 9.9865E-05 9.9865E-05 9.9865E-05 9.9865E-05
0.000954789 0.0188242 9.9937E-05 9.9937E-05 0.0240924 9.9937E-05 0.00658141 0.00641993 9.9937E-05 0.00694763 9.9937E-05 9.9937E-05 0.0342622 0.0255288 9.9937E-05 0.875689
9.98919E-05 9.98919E-05 9.98919E-05 0.0590106 9.98919E-05 9.98919E-05 9.98919E-05 9.98919E-05 9.98919E-05 9.98919E-05 9.98919E-05 9.98919E-05 9.98919E-05 0.0577656 0.0758472 0.806178
0.0249547 0.0262128 9.99369E-05 0.00457379 0.020998 0.35306 9.99369E-05 0.0144761 9.99369E-05 9.99369E-05 0.0584107 9.99369E-05 0.0139079 9.99369E-05 9.99369E-05 0.482707
9.9955E-05 0.0240598 9.9955E-05 0.0218152 0.000498868 0.293438 0.0381503 0.0369817 0.0445155 0.0170756 0.0356513 9.9955E-05 9.9955E-05 0.0143928 9.9955E-05 0.472921
0.00296907 0.00287475 9.991E-05 9.991E-05 9.991E-05 0.894902 9.991E-05 9.991E-05 9.991E-05 0.00440726 9.991E-05 0.0704315 0.0234162 9.991E-05 9.991E-05 9.991E-05
9.9928E-05 9.9928E-05 0.00828858 0.0286927 9.9928E-05 0.496136 9.9928E-05 9.9928E-05 0.0376483 0.0168875 0.0638476 9.9928E-05 9.9928E-05 9.9928E-05 0.00783823 0.339862
9.9928E-05 9.9928E-05 9.9928E-05 9.9928E-05 9.9928E-05 0.0976373 9.9928E-05 0.139475 0.236809 0.00882444 9.9928E-05 0.458305 0.0226888 0.00979296 0.0256677 9.9928E-05
9.98648E-05 9.98648E-05 9.98648E-05 9.98648E-05 9.98648E-05 9.98648E-05 9.98648E-05 9.98648E-05 9.98648E-05 9.98648E-05 9.98648E-05 9.98648E-05 0.998502 9.98648E-05 9.98648E-05 9.98648E-05
9.9928E-05 9.9928E-05 9.9928E-05 0.023836 0.00994374 0.0368237 9.9928E-05 0.107171 0.308516 0.00742344 9.9928E-05 0.478123 9.9928E-05 0.0273643 9.9928E-05 9.9928E-05
0.0520628 9.9946E-05 9.9946E-05 0.0106717 0.032846 0.15794 9.9946E-05 9.9946E-05 0.43883 0.00111044 9.9946E-05 0.212627 0.00253475 0.0390743 0.0517041 9.9946E-05
0.045866 0.00485649 9.9937E-05 9.9937E-05 0.00308827 9.9937E-05 0.0154201 0.0371548 0.737953 9.9937E-05 9.9937E-05 9.9937E-05 0.0443763 9.9937E-05 0.0760769 0.0345085
0.00363845 0.0103014 9.991E-05 9.991E-05 9.991E-05 9.991E-05 9.991E-05 9.991E-05 0.814275 0.00830152 0.00903324 9.991E-05 9.991E-05 9.991E-05 9.991E-05 0.153451
9.98648E-05 9.98648E-05 9.98648E-05 9.98648E-05 9.98648E-05 9.98648E-05 9.98648E-05 9.98648E-05 9.98648E-05 9.98648E-05 9.98648E-05 9.98648E-05 9.98648E-05 0.998502 9.98648E-05 9.98648E-05
9.98648E-05 9.98648E-05 9.98648E-05 9.98648E-05 9.98648E-05 9.98648E-05 9.98648E-05 9.98648E-05 9.98648E-05 9.98648E-05 9.98648E-05 9.98648E-05 0.998502 9.98648E-05 9.98648E-05 9.98648E-05
0.00360135 0.025599 9.9955E-05 0.012075 0.00483991 0.0334364 9.9955E-05 9.9955E-05 0.338253 9.9955E-05 0.0471857 0.430991 0.00438611 0.0549194 0.0442131 9.9955E-05
9.9973E-05 0.0270505 0.144313 0.024574 0.0172104 0.023457 0.0188839 0.0990042 0.574136 0.0107471 0.00444331 9.9973E-05 0.00134399 0.0432969 9.9973E-05 0.0112395
0.03116 0.0379691 0.024719 0.0139727 9.9964E-05 9.9964E-05 0.0173352 0.127645 0.576815 9.9964E-05 0.0165558 9.9964E-05 0.0505197 0.0190707 0.0577369 0.0261001
0.0341906 0.0133575 0.0470237 0.0302463 9.9946E-05 0.0183247 9.9946E-05 0.0860267 0.702537 0.0320845 9.9946E-05 9.9946E-05 0.0163783 0.0192313 9.9946E-05 9.9946E-05
9.9955E-05 0.0272472 0.0654503 0.0477443 0.0209375 9.9955E-05 0.0252442 0.0787112 0.529818 0.00384558 9.9955E-05 0.0700838 0.0950631 0.0353554 9.9955E-05 9.9955E-05
9.9937E-05 0.0112209 0.0448295 0.0042283 0.0418405 0.0447949 9.9937E-05 0.0639136 0.74655 9.9937E-05 9.9937E-05 9.9937E-05 0.0342915 0.00763098 9.9937E-05 9.9937E-05
0.00631225 0.0149961 9.9928E-05 9.9928E-05 0.0227468 9.9928E-05 9.9928E-05 9.9928E-05 0.736231 0.00361011 9.9928E-05 9.9928E-05 9.9928E-05 0.0362385 0.0931683 0.0858979
0.0853311 0.0149295 0.043235 9.9955E-05 0.00220303 9.9955E-05 9.9955E-05 0.0917055 0.487836 0.0139673 9.9955E-05 0.0516479 0.104543 0.0139556 0.0901462 9.9955E-05
0.0182548 0.0369726 9.9919E-05 0.00206076 9.9919E-05 9.9919E-05 9.9919E-05 9.9919E-05 0.102092 9.9919E-05 9.9919E-05 0.36956 0.0488483 9.9919E-05 0.421312 9.9919E-05
0.0017404 0.0396541 9.9937E-05 9.9937E-05 9.9937E-05 0.432614 9.9937E-05 0.163376 0.0920551 0.0353605 9.9937E-05 9.9937E-05 0.0343736 0.0278884 0.172238 9.9937E-05
0.0146136 0.0169753 9.9937E-05 9.9937E-05 9.9937E-05 0.139716 9.9937E-05 0.0614616 0.556286 9.9937E-05 0.0550574 9.9937E-05 0.00951332 0.00884788 9.9937E-05 0.136829
0.0210215 0.0487667 9.9919E-05 9.9919E-05 9.9919E-05 9.9919E-05 9.9919E-05 0.0161069 0.28407 9.9919E-05 0.103989 9.9919E-05 0.0637026 9.9919E-05 9.9919E-05 0.461444
9.98648E-05 9.98648E-05 9.98648E-05 9.98648E-05 9.98648E-05 9.98648E-05 9.98648E-05 9.98648E-05 9.98648E-05 9.98648E-05 9.98648E-05 9.98648E-05 9.98648E-05 0.998502 9.98648E-05 9.98648E-05
9.9955E-05 0.0502114 9.9955E-05 0.0624576 9.9955E-05 9.9955E-05 0.00305981 9.9955E-05 0.394956 0.0461062 0.0551137 0.052931 0.0534854 0.000206027 0.0745474 0.206426
0.0618004 0.039923 0.0103683 0.00618184 9.9964E-05 0.0825748 9.9964E-05 0.0862569 0.505034 9.9964E-05 9.9964E-05 0.0513238 0.0296682 0.0506743 0.00897329 0.0668216
9.98648E-05 9.98648E-05 9.98648E-05 9.98648E-05 9.98648E-05 9.98648E-05 9.98648E-05 0.998502 9.98648E-05 9.98648E-05 9.98648E-05 9.98648E-05 9.98648E-05 9.98648E-05 9.98648E-05 9.98648E-05
9.9937E-05 9.9937E-05 0.0188338 0.0516379 0.0162457 0.0123633 9.9937E-05 0.124732 0.421078 9.9937E-05 9.9937E-05 0.305279 0.0346597 0.0144716 9.9937E-05 9.9937E-05
0.0169412 9.9928E-05 9.9928E-05 0.00815247 9.9928E-05 0.210062 9.9928E-05 0.0271896 0.633475 9.9928E-05 0.0587459 9.9928E-05 0.0122383 0.032396 9.9928E-05 9.9928E-05
0.00879322 0.0287971 0.0167039 0.0424408 9.9955E-05 0.345079 0.148888 9.9955E-05 0.217157 0.00717227 0.0347757 0.13942 0.0102736 9.9955E-05 9.9955E-05 9.9955E-05
0.00868131 0.0296521 9.9928E-05 9.9928E-05 9.9928E-05 0.248243 0.455399 9.9928E-05 9.9928E-05 9.9928E-05 0.00913193 0.150143 0.0405842 0.0573659 9.9928E-05 9.9928E-05
9.9955E-05 0.0113342 0.00737498 9.9955E-05 0.0191512 0.0925917 0.0869368 0.0971069 0.196164 9.9955E-05 9.9955E-05 0.209996 0.0651284 9.9955E-05 0.139167 0.0745499
0.000386096 9.98829E-05 9.98829E-05 9.98829E-05 9.98829E-05 9.98829E-05 9.98829E-05 0.996982 9.98829E-05 9.98829E-05 9.98829E-05 9.98829E-05 9.98829E-05 0.00133323 9.98829E-05 9.98829E-05
9.98649E-05 9.98649E-05 9.98649E-05 9.98649E-05 9.98649E-05 9.98649E-05 9.98649E-05 0.998502 9.98649E-05 9.98649E-05 9.98649E-05 9.98649E-05 9.98649E-05 9.98649E-05 9.98649E-05 9.98649E-05
0.0133075 9.9946E-05 0.0297833 0.0113666 0.0100392 9.9946E-05 0.0628005 0.058262 0.698189 9.9946E-05 9.9946E-05 9.9946E-05 0.0197501 9.9946E-05 0.027796 0.0681063
0.998502 9.98649E-05 9.98649E-05 9.98649E-05 9.98649E-05 9.98649E-05 9.98649E-05 9.98649E-05 9.98649E-05 9.98649E-05 9.98649E-05 9.98649E-05 9.98649E-05 9.98649E-05 9.98649E-05 9.98649E-05
0.00698297 0.0181306 9.9964E-05 0.017955 9.9964E-05 0.130038 9.9964E-05 9.9964E-05 0.445985 0.00832857 0.00207162 0.109265 0.0221606 0.144139 0.0269958 0.0675484
9.991E-05 9.991E-05 9.991E-05 9.991E-05 0.0145707 0.203239 9.991E-05 0.0080763 0.63466 9.991E-05 9.991E-05 0.0693988 9.991E-05 0.0690563 9.991E-05 9.991E-05
0.0265039 0.00907288 9.9928E-05 0.0215402 9.9928E-05 9.9928E-05 9.9928E-05 0.0408353 0.0903488 0.00143737 9.9928E-05 0.807693 9.9928E-05 0.00176914 9.9928E-05 9.9928E-05
0.0178292 0.0141269 9.991E-05 9.991E-05 9.991E-05 9.991E-05 9.991E-05 0.0302655 9.991E-05 9.991E-05 9.991E-05 0.901097 9.991E-05 0.0137955 0.0218873 9.991E-05
9.9892E-05 9.9892E-05 9.9892E-05 0.00322886 9.9892E-05 9.9892E-05 9.9892E-05 9.9892E-05 0.28303 9.9892E-05 9.9892E-05 0.65922 9.9892E-05 0.0533219 9.9892E-05 9.9892E-05
0.000931751 9.9937E-05 9.9937E-05 0.00069587 0.0143501 9.9937E-05 9.9937E-05 0.134428 0.166827 9.9937E-05 9.9937E-05 0.603393 0.0487376 0.0297606 0.000177059 9.9937E-05
0.0313294 0.0573093 9.9937E-05 9.9937E-05 9.9937E-05 0.0241484 9.9937E-05 9.9937E-05 0.14239 9.9937E-05 9.9937E-05 0.452809 0.0236029 0.0162807 0.239973 0.0114569
0.0152738 0.0498788 9.9937E-05 9.9937E-05 9.9937E-05 0.237509 9.9937E-05 0.0739492 0.407746 9.9937E-05 0.0365935 0.115324 0.039388 0.0236386 9.9937E-05 9.9937E-05
0.0249953 0.0374204 0.0819471 0.00159111 9.9955E-05 9.9955E-05 9.9955E-05 0.234495 0.422228 9.9955E-05 0.0152377 9.9955E-05 0.0185014 0.00210812 0.148313 0.0126621
0.0163245 0.0605366 9.9946E-05 0.0287842 9.9946E-05 0.111088 9.9946E-05 9.9946E-05 0.570078 9.9946E-05 0.0320805 0.101438 0.069483 9.9946E-05 0.00105083 0.00853633
9.9937E-05 0.00640331 0.0491838 0.0194136 0.00716736 0.0228719 9.9937E-05 0.0534728 0.502787 0.0241525 9.9937E-05 0.313848 9.9937E-05 9.9937E-05 9.9937E-05 9.9937E-05
0.0277043 0.032127 9.9973E-05 0.0793252 0.0124304 9.9973E-05 0.0551659 0.0354152 0.440791 0.0349303 9.9973E-05 0.0810565 0.0890959 0.0697853 0.0371269 0.00474644
0.0119026 9.9928E-05 9.9928E-05 9.9928E-05 0.000676308 9.9928E-05 0.0544123 9.9928E-05 0.868167 0.0212765 9.9928E-05 0.00598539 9.9928E-05 0.00722057 9.9928E-05 0.0295602
9.98649E-05 9.98649E-05 9.98649E-05 0.998502 9.98649E-05 9.98649E-05 9.98649E-05 9.98649E-05 9.98649E-05 9.98649E-05 9.98649E-05 9.98649E-05 9.98649E-05 9.98649E-05 9.98649E-05 9.98649E-05
0.0171926 0.0370281 9.9955E-05 0.0168027 0.0147954 0.111958 9.9955E-05 0.056365 0.252947 9.9955E-05 9.9955E-05 0.299457 0.062156 0.00691938 0.123879 9.9955E-05
0.0439186 9.9919E-05 9.9919E-05 0.0122469 0.0204635 9.9919E-05 9.9919E-05 0.112523 0.437926 9.9919E-05 9.9919E-05 0.295782 9.9919E-05 0.0762411 9.9919E-05 9.9919E-05
0.0442716 0.0022687 9.9955E-05 0.0219229 0.00849033 0.0226899 0.0812865 0.0631024 0.485484 9.9955E-05 0.0287921 0.200432 9.9955E-05 0.0407591 9.9955E-05 9.9955E-05
0.0404966 9.99099E-05 9.99099E-05 9.99099E-05 9.99099E-05 9.99099E-05 0.0192907 9.99099E-05 0.772159 0.000826224 9.99099E-05 9.99099E-05 0.000669862 9.99099E-05 9.99099E-05 0.165559
0.0211925 0.0447737 9.99407E-05 9.99407E-05 0.0155517 0.101327 9.99407E-05 0.0822478 0.342118 9.99407E-05 9.99407E-05 0.255935 9.99407E-05 0.0263708 0.109785 9.99407E-05
9.99279E-05 0.0028109 9.99279E-05 0.00493854 9.99279E-05 9.99279E-05 9.99279E-05 0.105348 0.476033 0.00371925 0.014933 0.294047 9.99279E-05 9.99279E-05 0.0973712 9.99279E-05
9.98649E-05 0.998502 9.98649E-05 9.98649E-05 9.98649E-05 9.98649E-05 9.98649E-05 9.98649E-05 9.98649E-05 9.98649E-05 9.98649E-05 9.98649E-05 9.98649E-05 9.98649E-05 9.98649E-05 9.98649E-05
9.98649E-05 9.98649E-05 9.98649E-05 0.998502 9.98649E-05 9.98649E-05 9.98649E-05 9.98649E-05 9.98649E-05 9.98649E-05 9.98649E-05 9.98649E-05 9.98649E-05 9.98649E-05 9.98649E-05 9.98649E-05
9.98649E-05 0.998502 9.98649E-05 9.98649E-05 9.98649E-05 9.98649E-05 9.98649E-05 9.98649E-05 9.98649E-05 9.98649E-05 9.98649E-05 9.98649E-05 9.98649E-05 9.98649E-05 9.98649E-05 9.98649E-05
0.0463091 9.991E-05 9.991E-05 0.0215815 9.991E-05 9.991E-05 9.991E-05 9.991E-05 0.194267 9.991E-05 9.991E-05 0.682651 0.0266073 0.0275849 9.991E-05 9.991E-05
0.0502254 0.0543774 0.0159056 0.0343954 0.014287 9.9955E-05 9.9955E-05 9.9955E-05 0.287349 0.0172931 9.9955E-05 0.470555 0.0367703 0.0182132 9.9955E-05 0.0001294
0.0187365 0.0214542 0.049954 0.0215086 9.9946E-05 9.9946E-05 9.9946E-05 0.0290415 0.327724 9.9946E-05 0.0287778 0.336353 0.0269786 9.9946E-05 0.138872 9.9946E-05
9.99343E-05 0.0384832 9.99343E-05 0.00911921 0.0145613 9.99343E-05 9.99343E-05 9.99343E-05 0.780645 0.0203845 0.0137987 0.0565703 9.99343E-05 9.99343E-05 9.99343E-05 0.0656386
9.9946E-05 0.00945206 0.0158226 0.0237459 9.9946E-05 0.190392 9.9946E-05 0.0125474 0.6842 0.0231749 0.0082984 9.9946E-05 0.00465328 0.0271133 9.9946E-05 9.9946E-05
0.998502 9.98649E-05 9.98649E-05 9.98649E-05 9.98649E-05 9.98649E-05 9.98649E-05 9.98649E-05 9.98649E-05 9.98649E-05 9.98649E-05 9.98649E-05 9.98649E-05 9.98649E-05 9.98649E-05 9.98649E-05
0.0284043 0.0258752 9.9937E-05 0.0295671 0.0550844 9.9937E-05 9.9937E-05 0.0325905 0.345594 9.9937E-05 9.9937E-05 0.382933 0.0022274 9.9937E-05 9.9937E-05 0.0970248
9.9892E-05 9.9892E-05 9.9892E-05 9.9892E-05 9.9892E-05 9.9892E-05 9.9892E-05 0.0359018 9.9892E-05 9.9892E-05 9.9892E-05 0.144556 0.0754698 9.9892E-05 0.742874 9.9892E-05
0.0134314 9.9901E-05 9.9901E-05 9.9901E-05 9.9901E-05 9.9901E-05 9.9901E-05 0.103035 9.9901E-05 9.9901E-05 9.9901E-05 9.9901E-05 0.00153352 0.0293981 0.851504 9.9901E-05
9.9919E-05 0.0326843 9.9919E-05 0.0221124 0.0198347 9.9919E-05 9.9919E-05 0.092671 9.9919E-05 0.0234796 9.9919E-05 0.0181028 9.9919E-05 9.9919E-05 0.790216 9.9919E-05
0.0307869 9.991E-05 9.991E-05 9.991E-05 9.991E-05 9.991E-05 9.991E-05 9.991E-05 9.991E-05 0.0169198 9.991E-05 0.157869 0.00529059 0.0168272 0.771307 9.991E-05
0.0254636 0.035155 0.0360701 0.016774 0.0181173 0.0334529 9.9946E-05 9.9946E-05 0.0224905 9.9946E-05 9.9946E-05 0.0540321 9.9946E-05 0.0117611 0.746084 9.9946E-05
0.026717 9.9919E-05 0.0209671 9.9919E-05 9.9919E-05 9.9919E-05 0.064188 9.9919E-05 9.9919E-05 0.0144281 9.9919E-05 9.9919E-05 0.0254313 0.00211162 0.845258 9.9919E-05
9.9883E-05 9.9883E-05 9.9883E-05 9.9883E-05 9.9883E-05 9.9883E-05 0.0440985 9.9883E-05 9.9883E-05 9.9883E-05 0.00521577 9.9883E-05 9.9883E-05 9.9883E-05 0.949387 9.9883E-05
0.0165133 9.9917E-05 9.9917E-05 0.0224629 9.9917E-05 9.9917E-05 9.9917E-05 0.0399278 9.9917E-05 9.9917E-05 0.0240374 0.0462628 9.9917E-05 9.9917E-05 0.849797 9.9917E-05
9.991E-05 0.0114977 9.991E-05 9.991E-05 0.00244951 9.991E-05 9.991E-05 9.991E-05 9.991E-05 0.00790959 9.991E-05 9.991E-05 0.0114758 9.991E-05 0.850532 0.115136
0.00793894 0.00491054 9.9955E-05 0.0333846 9.9955E-05 9.9955E-05 9.9955E-05 0.00329674 0.0462264 0.0348082 9.9955E-05 0.00204082 0.0279528 0.0254709 0.779514 0.0339564
0.0334693 0.0101654 0.0366208 9.9928E-05 0.0196472 0.0257477 9.9928E-05 9.9928E-05 9.9928E-05 0.0135983 9.9928E-05 9.9928E-05 0.030741 9.9928E-05 0.829211 9.9928E-05
0.0340858 0.0332897 0.0531984 0.0145721 0.00688046 9.9937E-05 0.674695 9.9937E-05 9.9937E-05 9.9937E-05 9.9937E-05 9.9937E-05 9.9937E-05 0.00582245 0.10798 0.068777
0.00309037 9.9946E-05 9.9946E-05 0.012024 0.0511194 9.9946E-05 0.675688 0.0143344 9.9946E-05 0.0451829 9.9946E-05 9.9946E-05 0.00365793 0.0377676 0.146836 0.00970019
9.996E-05 0.00962168 0.052228 0.00323658 0.0115424 9.996E-05 0.629694 0.121602 0.0147962 0.00979987 0.0180661 0.0331176 9.996E-05 0.00791241 9.996E-05 0.0879835
9.9919E-05 0.0262257 0.0185965 9.9919E-05 9.9919E-05 0.162737 0.676974 0.0642019 9.9919E-05 0.000887639 0.0494784 9.9919E-05 9.9919E-05 9.9919E-05 9.9919E-05 9.9919E-05
0.0207619 9.9937E-05 9.9937E-05 9.9937E-05 0.0488377 9.9937E-05 0.60354 0.0160322 9.9937E-05 0.0357218 9.9937E-05 0.0947751 9.9937E-05 0.0492056 0.0173785 0.113048
9.9928E-05 9.9928E-05 9.9928E-05 9.9928E-05 0.0130021 0.0662667 0.642855 9.9928E-05 0.0727265 0.0356623 0.0103106 0.0337034 9.9928E-05 9.9928E-05 0.124674 9.9928E-05
9.9919E-05 9.9919E-05 0.0989091 0.0611511 9.9919E-05 9.9919E-05 0.666339 9.9919E-05 9.9919E-05 9.9919E-05 0.0154477 9.9919E-05 9.9919E-05 0.01487 0.000190657 0.142194
9.9937E-05 9.9937E-05 0.00952263 0.00952769 0.00999173 0.0969359 0.713742 0.0884564 9.9937E-05 0.0205678 9.9937E-05 9.9937E-05 9.9937E-05 0.0120979 0.0384589 9.9937E-05
9.99342E-05 0.0613806 0.0430905 0.00845925 0.0153014 0.133596 0.368566 0.00926525 9.99342E-05 9.99342E-05 9.99342E-05 0.359542 9.99342E-05 9.99342E-05 9.99342E-05 9.99342E-05
9.991E-05 9.991E-05 9.991E-05 0.0144304 9.991E-05 9.991E-05 0.568544 0.00848276 9.991E-05 0.000683866 9.991E-05 9.991E-05 9.991E-05 9.991E-05 0.168084 0.238776
9.9946E-05 0.00887535 0.00301192 9.9946E-05 0.00615487 0.15019 0.704535 0.0141952 9.9946E-05 0.0160235 9.9946E-05 9.9946E-05 0.0163402 0.0470779 0.0329968 9.9946E-05
0.0111441 9.9919E-05 9.9919E-05 9.9919E-05 9.9919E-05 9.9919E-05 0.67071 9.9919E-05 9.9919E-05 0.0213503 0.0670376 0.0441608 0.03412 9.9919E-05 9.9919E-05 0.150578
9.9937E-05 0.0205871 0.0310132 9.9937E-05 9.9937E-05 9.9937E-05 0.599156 0.0520341 0.0734356 0.0132144 9.9937E-05 0.090552 9.9937E-05 9.9937E-05 0.0457185 0.0735897
9.99189E-05 9.99189E-05 9.99189E-05 9.99189E-05 0.0190477 9.99189E-05 0.482921 9.99189E-05 0.0433592 9.99189E-05 9.99189E-05 0.269924 0.0227582 9.99189E-05 0.0810324 0.0800588
0.018496 0.00968272 0.072805 9.9928E-05 0.0371727 9.9928E-05 0.609185 9.9928E-05 0.0598248 9.9928E-05 9.9928E-05 0.148699 0.0433349 9.9928E-05 9.9928E-05 9.9928E-05
0.00919781 9.9946E-05 9.9946E-05 0.00260672 0.0419234 9.9946E-05 0.633261 9.9946E-05 9.9946E-05 0.0195647 0.0378596 0.194018 0.0295686 0.000479411 9.9946E-05 0.0309206
0.0147376 0.00983155 9.9937E-05 9.9937E-05 9.9937E-05 0.0241161 0.76158 9.9937E-05 0.036884 9.9937E-05 9.9937E-05 9.9937E-05 0.0426512 0.000960561 0.0782171 0.0303221
9.9928E-05 0.0265718 9.9928E-05 9.9928E-05 0.0564555 0.00291754 0.682964 9.9928E-05 0.0728884 9.9928E-05 9.9928E-05 0.124718 0.0135147 9.9928E-05 9.9928E-05 0.0191705
0.0389521 0.0221176 0.015627 9.99371E-05 0.0274175 0.0734782 0.793371 9.99371E-05 0.00949035 0.018645 0.000201282 9.99371E-05 9.99371E-05 9.99371E-05 9.99371E-05 9.99371E-05
0.0278425 9.9928E-05 9.9928E-05 9.9928E-05 0.0503307 9.9928E-05 0.609766 9.9928E-05 0.0134563 0.02279 9.9928E-05 0.162429 9.9928E-05 0.0169344 9.9928E-05 0.0956522
9.9937E-05 0.00900119 0.039555 0.0175278 0.00872882 0.0794815 0.438504 9.9937E-05 9.9937E-05 9.9937E-05 0.0237406 0.339969 9.9937E-05 0.0427919 9.9937E-05 9.9937E-05
9.9928E-05 0.0191511 0.00967104 0.0147808 9.9928E-05 9.9928E-05 0.724408 0.0290101 0.1507 0.0183337 9.9928E-05 9.9928E-05 9.9928E-05 9.9928E-05 9.9928E-05 0.0331457
9.9919E-05 0.0259021 9.9919E-05 0.0255894 9.9919E-05 9.9919E-05 0.681347 9.9919E-05 9.9919E-05 9.9919E-05 0.0102272 0.234195 9.9919E-05 0.0216134 0.000227107 9.9919E-05
0.0384743 0.00326707 9.9955E-05 9.9955E-05 9.9955E-05 9.9955E-05 0.67006 0.00148499 9.9955E-05 0.00114248 0.072148 0.131598 0.00150294 0.0155289 0.0474676 0.0168263
0.00280383 9.9919E-05 0.0273052 0.0485274 9.9919E-05 9.9919E-05 0.562831 9.9919E-05 9.9919E-05 9.9919E-05 0.00104829 0.339314 9.9919E-05 0.0172714 9.9919E-05 9.9919E-05
0.00541307 9.9928E-05 0.00658516 9.9928E-05 9.9928E-05 0.0342571 0.542749 9.9928E-05 9.9928E-05 0.00968102 9.9928E-05 0.316379 9.9928E-05 0.00405878 0.0800772 9.9928E-05
0.0450128 0.0339411 0.0125381 9.99459E-05 0.000930347 9.99459E-05 0.564127 9.99459E-05 9.99459E-05 0.0355131 0.0115739 0.174538 0.0123212 9.99459E-05 9.99459E-05 0.108905
9.9919E-05 9.9919E-05 9.9919E-05 0.0191172 9.9919E-05 9.9919E-05 0.489783 9.9919E-05 9.9919E-05 9.9919E-05 0.0102943 0.339493 0.0341904 0.00888828 9.9919E-05 0.0973343
0.00798464 9.99369E-05 9.99369E-05 9.99369E-05 0.0292922 9.99369E-05 0.546074 0.0630105 9.99369E-05 0.0109819 0.0111041 0.287097 0.0178889 9.99369E-05 9.99369E-05 0.0258676
0.0588235 0.0172955 0.0488634 0.0228397 9.9937E-05 0.141761 0.683844 0.00323794 9.9937E-05 9.9937E-05 9.9937E-05 9.9937E-05 0.0187254 0.00391011 9.9937E-05 9.9937E-05
9.991E-05 0.0266102 9.991E-05 0.0196032 9.991E-05 0.214075 0.710098 9.991E-05 9.991E-05 9.991E-05 9.991E-05 9.991E-05 0.0280081 9.991E-05 0.000607367 9.991E-05
0.00744766 9.9946E-05 0.0202295 0.00794709 0.0437199 9.9946E-05 0.568994 9.9946E-05 0.0735848 0.00903344 0.000399241 0.101905 9.9946E-05 9.9946E-05 9.9946E-05 0.16614
9.991E-05 9.991E-05 0.107759 9.991E-05 0.0154119 0.101608 0.598362 0.106132 9.991E-05 9.991E-05 9.991E-05 0.0697291 9.991E-05 9.991E-05 9.991E-05 9.991E-05
9.9946E-05 0.0492035 0.0529092 0.0390111 0.0184382 9.9946E-05 0.735894 0.069576 9.9946E-05 0.00997898 9.9946E-05 0.00916118 0.0139202 0.00130801 9.9946E-05 9.9946E-05
0.0238183 9.9955E-05 0.0160398 9.9955E-05 0.0302013 0.0480216 0.706675 0.00688341 0.0763573 0.0475682 0.00387278 9.9955E-05 9.9955E-05 0.0135884 0.0264744 9.9955E-05
9.991E-05 9.991E-05 9.991E-05 9.991E-05 9.991E-05 9.991E-05 0.0145637 9.991E-05 9.991E-05 0.00526952 9.991E-05 0.364826 0.0279629 0.00991463 9.991E-05 0.576464
0.0232647 9.99009E-05 0.00261653 9.99009E-05 9.99009E-05 0.0187742 9.99009E-05 9.99009E-05 9.99009E-05 9.99009E-05 9.99009E-05 0.474523 9.99009E-05 9.99009E-05 9.99009E-05 0.479723
9.9883E-05 9.9883E-05 9.9883E-05 9.9883E-05 9.9883E-05 0.288923 9.9883E-05 9.9883E-05 9.9883E-05 9.9883E-05 9.9883E-05 0.597135 9.9883E-05 9.9883E-05 9.9883E-05 0.112643
9.99009E-05 9.99009E-05 9.99009E-05 0.0039082 9.99009E-05 9.99009E-05 0.00234997 9.99009E-05 9.99009E-05 0.0162476 9.99009E-05 0.527421 9.99009E-05 9.99009E-05 9.99009E-05 0.448974
9.9874E-05 9.9874E-05 9.9874E-05 9.9874E-05 9.9874E-05 9.9874E-05 9.9874E-05 9.9874E-05 9.9874E-05 9.9874E-05 9.9874E-05 0.455025 9.9874E-05 9.9874E-05 9.9874E-05 0.543577
0.0420432 0.0156032 0.0810425 0.0067491 9.9937E-05 9.9937E-05 0.0147992 9.9937E-05 9.9937E-05 0.00830375 9.9937E-05 9.9937E-05 9.9937E-05 0.0300549 0.0386777 0.762027
9.9892E-05 9.9892E-05 9.9892E-05 9.9892E-05 9.9892E-05 0.0445254 9.9892E-05 9.9892E-05 9.9892E-05 9.9892E-05 9.9892E-05 0.261183 9.9892E-05 9.9892E-05 0.0220266 0.671066
9.9901E-05 9.9901E-05 0.167904 9.9901E-05 9.9901E-05 9.9901E-05 9.9901E-05 9.9901E-05 9.9901E-05 9.9901E-05 0.0567971 0.223569 9.9901E-05 9.9901E-05 0.0122792 0.538352
