9.9991E-05 0.0154651 0.984435
0.021631 0.143327 0.835042
0.00423014 0.133639 0.862131
9.999E-05 0.1302 0.8697
0.00776503 0.090972 0.901263
9.999E-05 0.0884519 0.911448
9.999E-05 0.059311 0.940589
0.00235254 0.0920862 0.905561
0.0551793 0.10026 0.844561
0.0166597 0.110557 0.872783
0.0100269 0.125315 0.864658
9.9991E-05 0.136781 0.863119
0.0276204 0.115552 0.856827
0.0199686 0.165059 0.814973
9.9991E-05 0.105695 0.894205
9.9991E-05 0.105386 0.894514
0.0104616 9.9991E-05 0.989438
0.0501187 9.9991E-05 0.949781
0.0352458 9.9991E-05 0.964654
0.0816817 9.9991E-05 0.918218
0.242684 0.675715 0.0816002
0.206448 0.735087 0.0584643
0.222408 0.700704 0.0768881
0.263858 0.714677 0.0214649
0.230046 0.690976 0.0789779
0.266967 0.656598 0.0764346
0.259297 0.738924 0.00177902
0.20883 0.728061 0.063109
0.267473 0.72184 0.0106864
0.318825 0.616366 0.0648087
0.241057 0.73408 0.0248631
0.32912 0.64809 0.0227895
0.310521 0.607528 0.0819515
0.389207 0.599744 0.0110492
0.379467 0.573859 0.0466738
0.293167 0.634733 0.0720994
0.396683 0.58144 0.0218771
0.390843 0.569046 0.0401117
0.509897 0.473006 0.0170978
0.403168 0.552219 0.044613
0.394094 0.584254 0.0216518
0.433482 0.50991 0.0566083
0.423415 0.526104 0.0504813
0.361047 0.543813 0.0951408
0.450722 0.530526 0.0187525
0.323524 0.617835 0.058641
0.462493 0.500431 0.0370766
0.445474 0.530044 0.0244824
0.391416 0.543146 0.0654388
0.377759 0.591523 0.0307174
0.384169 0.557089 0.0587416
0.396221 0.576067 0.0277124
0.43009 0.535194 0.0347155
0.436978 0.488793 0.0742287
0.408535 0.527138 0.0643263
0.34731 0.565167 0.0875233
0.350559 0.538085 0.111356
0.769632 0.208348 0.0220204
0.935881 9.9991E-05 0.0640186
0.838347 0.112862 0.0487912
0.907809 0.0324837 0.0597071
0.954288 0.0456115 9.9991E-05
0.885272 0.0401976 0.07453
0.949328 0.0283008 0.0223714
0.9998 9.999E-05 9.999E-05
0.770524 0.121446 0.108029
0.83039 0.101561 0.0680488
0.887618 0.0677808 0.0446008
0.939407 0.0377236 0.0228698
0.885452 0.039551 0.0749966
0.98602 9.9991E-05 0.0138803
0.924198 0.0538719 0.0219304
0.92921 0.0424346 0.0283551
0.757482 0.206175 0.0363438
0.725672 0.274228 9.9991E-05
0.793092 0.161719 0.0451893
0.712837 0.184959 0.102204
0.969946 9.9991E-05 0.029954
0.794918 0.125299 0.0797824
0.883741 0.116159 9.9991E-05
0.814297 0.104743 0.0809605
0.812973 0.140235 0.0467913
0.960144 9.9991E-05 0.0397559
0.56975 0.382828 0.0474229
0.270153 0.702815 0.027032
0.644033 0.324166 0.0318016
0.79468 0.158545 0.0467748
0.799495 0.169475 0.0310303
0.862829 0.106984 0.0301874
0.947138 0.00343855 0.0494232
0.827683 0.13201 0.0403064
0.886115 0.113785 9.9991E-05
0.649106 0.288971 0.0619235
0.683454 0.224976 0.0915695
0.777635 0.196384 0.0259815
0.692299 0.199465 0.108236
0.795772 0.18616 0.0180683
0.879907 0.056281 0.0638117
0.938987 0.0376934 0.0233201
0.950024 9.9991E-05 0.0498759
0.85077 0.114112 0.0351177
0.82618 0.156067 0.0177535
0.959094 0.030911 0.00999526
0.946595 9.9991E-05 0.0533053
0.815425 0.0885169 0.0960584
0.926521 0.0679521 0.00552698
0.788177 0.114813 0.0970097
0.866293 0.116418 0.0172889
0.847568 0.0865031 0.0659294
0.850135 0.131868 0.0179974
0.96083 0.0301577 0.00901204
0.959081 9.9991E-05 0.0408188
0.998072 0.00182753 9.9991E-05
0.829054 0.132162 0.0387832
0.772477 0.158453 0.0690694
0.76983 0.148158 0.0820115
0.916431 0.00351813 0.0800512
0.971226 9.9991E-05 0.0286736
0.835742 0.109693 0.0545658
0.745952 0.135513 0.118535
0.601156 0.337573 0.0612715
0.631754 0.368146 9.9991E-05
0.607342 0.361749 0.0309095
0.560694 0.38471 0.0545963
0.588622 0.359398 0.0519807
0.560628 0.389553 0.0498186
0.537674 0.392601 0.0697247
0.603041 0.32597 0.0709892
0.506293 0.439061 0.0546459
0.556245 0.397685 0.04607
0.643372 0.356528 9.9991E-05
0.0434397 0.920815 0.0357455
0.032562 0.920128 0.04731
0.012974 0.907518 0.0795078
9.9991E-05 0.912412 0.0874885
0.0211996 0.891338 0.0874622
0.083396 0.871812 0.0447919
0.0164119 0.962958 0.0206306
0.0948373 0.905063 9.9991E-05
0.00913269 0.914253 0.076614
0.130866 0.869034 9.9991E-05
0.0655146 0.875934 0.0585511
0.0276579 0.903231 0.069111
0.0117746 0.946052 0.042173
0.0733169 0.885445 0.0412382
9.9991E-05 0.90444 0.0954597
9.9991E-05 0.935726 0.0641738
0.0472713 0.902502 0.0502263
0.0463637 0.852897 0.10074
9.9991E-05 0.944902 0.0549984
9.9991E-05 0.924466 0.0754342
9.9991E-05 0.889531 0.110369
0.0541455 0.906021 0.0398332
9.9991E-05 0.958042 0.0418576
0.0025835 0.942383 0.0550331
9.9991E-05 0.949659 0.0502414
0.00227084 0.932257 0.0654722
9.9991E-05 0.943491 0.0564087
0.00566391 0.898485 0.0958506
0.0216826 0.910196 0.0681217
0.0333079 0.966592 9.9991E-05
0.0394532 0.960447 9.9991E-05
9.9991E-05 0.907782 0.0921178
0.0101196 0.961875 0.0280049
0.0529881 0.928344 0.0186675
9.9991E-05 0.937729 0.0621708
0.193993 0.758043 0.0479643
0.204472 0.737729 0.0577989
0.184798 0.688412 0.12679
0.123549 0.717331 0.159121
0.220296 0.630649 0.149054
0.23682 0.697191 0.0659896
0.214975 0.742672 0.0423529
0.187346 0.704454 0.1082
