0.9998 9.999E-05 9.999E-05
0.780844 0.129167 0.0899892
0.882548 0.0788522 0.0385999
0.863618 0.122846 0.0135367
0.863801 0.109219 0.0269806
0.937045 0.0628547 9.9991E-05
0.957687 0.0422127 9.9991E-05
0.897091 0.0861637 0.0167456
0.859024 0.140876 9.9991E-05
0.887991 0.111909 9.9991E-05
0.80417 0.141673 0.0541576
0.804977 0.105066 0.089957
0.842015 0.0755023 0.0824823
0.747648 0.207227 0.045125
0.869656 0.0666437 0.0637003
0.924257 0.075643 9.9991E-05
0.9998 9.999E-05 9.999E-05
0.9998 9.999E-05 9.999E-05
0.9998 9.999E-05 9.999E-05
0.986873 9.9991E-05 0.0130273
0.0650117 0.729835 0.205153
0.0493388 0.655903 0.294759
0.0886609 0.648003 0.263337
0.0359815 0.700054 0.263965
0.0504085 0.685545 0.264046
0.0562185 0.640522 0.303259
9.9991E-05 0.683821 0.316079
0.050228 0.762279 0.187493
9.9991E-05 0.659297 0.340603
0.0428897 0.593174 0.363937
9.9991E-05 0.706062 0.293838
9.9991E-05 0.702121 0.297779
0.049605 0.666739 0.283656
9.9991E-05 0.616415 0.383485
0.0683131 0.520161 0.411525
0.120483 0.549263 0.330255
0.0249178 0.569897 0.405185
0.0261467 0.591531 0.382323
0.0147408 0.558116 0.427143
0.0386488 0.562562 0.398789
0.0661281 0.613897 0.319974
0.0466923 0.532674 0.420633
0.0540514 0.587779 0.35817
0.118898 0.62179 0.259312
0.0186773 0.547314 0.434009
0.0955123 0.621686 0.282801
0.000583753 0.59037 0.409046
0.0417152 0.596854 0.361431
0.0670005 0.60495 0.32805
0.0405122 0.623024 0.336464
0.0346518 0.61355 0.351798
0.0323739 0.632857 0.334769
0.034491 0.564593 0.400916
0.11823 0.519741 0.362029
0.0561344 0.560326 0.38354
0.0649863 0.563376 0.371637
0.121995 0.589933 0.288072
0.0621562 0.217287 0.720557
0.0622157 9.9991E-05 0.937684
0.0335142 0.121476 0.84501
0.0161965 0.0468384 0.936965
9.9991E-05 0.0523205 0.947579
0.0532723 0.0610352 0.885693
0.0113536 9.9991E-05 0.988546
9.9991E-05 0.00634101 0.993559
0.131504 0.0610733 0.807423
0.0591863 0.119623 0.821191
0.0584794 0.0537572 0.887763
9.9991E-05 0.00810767 0.991792
0.0690125 0.0410159 0.889972
0.0409901 9.9991E-05 0.95891
9.9991E-05 0.033097 0.966803
0.0372542 0.0476911 0.915055
0.033633 0.213651 0.752716
0.0222083 0.266562 0.71123
0.114611 0.129299 0.75609
0.139205 0.179439 0.681355
9.999E-05 9.999E-05 0.9998
0.08582 0.189358 0.724822
9.9991E-05 0.0823502 0.91755
0.0958558 0.119721 0.784423
0.0346881 0.0468647 0.918447
0.108009 9.9991E-05 0.891891
0.0340332 0.445059 0.520908
0.0336329 0.749597 0.21677
0.0388161 0.332893 0.628291
0.0673115 0.0959534 0.836735
0.0218258 0.207417 0.770757
0.0205838 0.136928 0.842488
0.0088894 9.9991E-05 0.991011
0.030317 0.0821649 0.887518
9.9991E-05 0.101296 0.898604
0.14562 0.222459 0.631921
0.099733 0.203071 0.697196
0.0832212 0.0988409 0.817938
0.123271 0.101603 0.775126
0.0568582 0.26756 0.675582
0.0821038 0.0510514 0.866845
0.0436339 0.0322928 0.924073
0.0538016 0.0738964 0.872302
0.0570013 0.0967792 0.84622
0.0479026 0.121709 0.830388
0.0222523 0.0388845 0.938863
0.0225023 9.9991E-05 0.977398
0.11294 0.113122 0.773938
0.0687369 0.041971 0.889292
0.0964807 0.131457 0.772062
0.0515246 0.0999048 0.848571
0.0427545 0.0975676 0.859678
0.0908642 0.110421 0.798715
0.0161321 9.9991E-05 0.983768
0.0115925 9.9991E-05 0.988308
0.00296259 0.0167813 0.980256
0.0535691 0.106216 0.840215
0.0712778 0.116432 0.81229
0.0789798 0.0810086 0.840012
0.0897389 9.9991E-05 0.910161
0.0334307 0.0424342 0.924135
0.0815402 0.0758457 0.842614
0.115581 0.114892 0.769527
0.0280622 0.297886 0.674051
9.9991E-05 0.305922 0.693978
0.0093969 0.278612 0.711991
0.0618708 0.259553 0.678576
0.0219772 0.338348 0.639675
0.0256864 0.458211 0.516103
0.0694163 0.365292 0.565292
0.121834 0.225037 0.653128
0.0332229 0.391606 0.575171
0.0418711 0.307478 0.650651
0.0319003 0.288082 0.680018
0.0127562 0.96476 0.0224837
0.052853 0.923715 0.0234319
0.0268089 0.899091 0.0741
0.0698312 0.930069 9.9991E-05
0.0902335 0.898709 0.0110574
0.0604066 0.898502 0.0410913
0.035314 0.964586 9.9991E-05
9.9991E-05 0.957305 0.0425946
0.127007 0.702591 0.170403
0.0332739 0.966626 9.9991E-05
0.0634619 0.936438 9.9991E-05
0.0638933 0.936007 9.9991E-05
0.0517878 0.849367 0.098845
0.0594914 0.754713 0.185796
0.101594 0.811087 0.0873191
0.130832 0.839443 0.0297245
9.9991E-05 0.970221 0.0296791
0.0858729 0.891603 0.0225244
0.0610121 0.938888 9.9991E-05
0.0410523 0.891129 0.0678185
0.0895131 0.842445 0.0680417
9.9991E-05 0.936066 0.0638337
0.0529104 0.919808 0.0272811
0.0706817 0.915384 0.0139345
0.082417 0.834601 0.0829817
0.0447611 0.851358 0.103881
0.0651094 0.921743 0.0131476
0.0989386 0.825968 0.0750939
0.114837 0.846841 0.0383211
0.00954082 0.966913 0.0235463
9.9991E-05 0.954944 0.0449558
0.0981918 0.876457 0.0253511
0.0231275 0.930824 0.046048
0.00763035 0.929467 0.0629026
0.0742989 0.919986 0.00571528
0.0642733 0.674226 0.2615
0.0851496 0.664057 0.250793
0.135187 0.590426 0.274386
0.13899 0.553827 0.307183
0.165324 0.56875 0.265926
9.9991E-05 0.719919 0.279981
0.0440463 0.668728 0.287226
0.118149 0.658225 0.223626
