9.9937E-05 9.9937E-05 0.913409 0.026043 9.9937E-05 9.9937E-05 9.9937E-05 9.9937E-05 0.00273016 0.0571187 9.9937E-05
9.99611E-05 0.0107039 0.727336 0.151846 9.99611E-05 0.0315651 9.99611E-05 9.99611E-05 0.0316991 9.99611E-05 0.0463508
0.0888575 9.9946E-05 0.772797 0.0907511 9.9946E-05 9.9946E-05 0.0446889 9.9946E-05 0.00230572 9.9946E-05 9.9946E-05
0.0297353 9.9955E-05 0.75301 0.113819 9.9955E-05 9.9955E-05 0.0167096 9.9955E-05 0.0366696 9.9955E-05 0.0495563
9.9964E-05 0.00979958 0.784173 9.9964E-05 9.9964E-05 0.0513841 0.00287083 9.9964E-05 0.0254357 0.0152936 0.110643
9.9946E-05 0.053989 0.847164 0.0470051 9.9946E-05 9.9946E-05 9.9946E-05 0.0115192 9.9946E-05 9.9946E-05 0.039723
9.9946E-05 9.9946E-05 0.864091 9.9946E-05 0.0452156 9.9946E-05 9.9946E-05 0.0145184 9.9946E-05 0.0056912 0.0698842
0.0418852 0.0100832 0.81978 0.0706855 0.0405016 9.9955E-05 9.9955E-05 0.0165643 9.9955E-05 9.9955E-05 9.9955E-05
9.9946E-05 9.9946E-05 0.773381 9.9946E-05 0.0405344 9.9946E-05 0.0727672 9.9946E-05 0.0271 9.9946E-05 0.0856181
0.0390578 9.9946E-05 0.81388 0.0844746 9.9946E-05 9.9946E-05 9.9946E-05 0.0254903 9.9946E-05 9.9946E-05 0.0364979
0.0791729 0.0268781 0.687651 0.161565 0.0289047 9.9955E-05 9.9955E-05 9.9955E-05 0.0153288 9.9955E-05 9.9955E-05
0.0406388 0.0230106 0.730994 0.086341 0.0528375 0.0177367 0.0200799 0.00686012 0.0213012 9.9982E-05 9.9982E-05
0.0233615 0.0484022 0.774297 0.020691 0.012461 0.0137486 0.1013 0.00543851 9.9973E-05 9.9973E-05 9.9973E-05
0.0392632 0.0176005 0.663197 0.14927 0.11551 9.9955E-05 9.9955E-05 0.0146583 9.9955E-05 9.9955E-05 9.9955E-05
0.0730871 9.9955E-05 0.774094 0.0750797 9.9955E-05 0.0586961 0.00120748 9.9955E-05 0.017336 9.9955E-05 9.9955E-05
9.9937E-05 0.0216365 0.88945 9.9937E-05 9.9937E-05 9.9937E-05 0.00106828 9.9937E-05 9.9937E-05 9.9937E-05 0.0871462
9.9937E-05 0.0053098 0.949357 9.9937E-05 9.9937E-05 9.9937E-05 9.9937E-05 0.0201628 9.9937E-05 0.0244707 9.9937E-05
9.9928E-05 9.9928E-05 0.955694 9.9928E-05 9.9928E-05 0.0147734 9.9928E-05 9.9928E-05 9.9928E-05 0.0287333 9.9928E-05
9.99191E-05 9.99191E-05 0.93484 9.99191E-05 9.99191E-05 9.99191E-05 9.99191E-05 9.99191E-05 9.99191E-05 0.0642605 9.99191E-05
0.0149141 0.0191119 0.919962 0.00207792 9.9955E-05 9.9955E-05 9.9955E-05 0.0109229 0.0325116 9.9955E-05 9.9955E-05
0.999001 9.99101E-05 9.99101E-05 9.99101E-05 9.99101E-05 9.99101E-05 9.99101E-05 9.99101E-05 9.99101E-05 9.99101E-05 9.99101E-05
0.553811 9.9919E-05 9.9919E-05 0.44529 9.9919E-05 9.9919E-05 9.9919E-05 9.9919E-05 9.9919E-05 9.9919E-05 9.9919E-05
0.615317 9.9964E-05 0.00709839 0.171998 9.9964E-05 0.0390439 9.9964E-05 0.0222474 9.9964E-05 0.0671534 0.0767423
0.736171 0.0170455 9.9973E-05 0.015003 0.0311934 9.9973E-05 0.0119451 0.00874534 0.0426565 0.13694 9.9973E-05
0.865211 9.995E-05 9.995E-05 0.0297769 0.0326453 0.0451215 0.011731 0.0150148 9.995E-05 9.995E-05 9.995E-05
0.805456 0.00426517 0.0125968 0.0609879 9.9964E-05 9.9964E-05 0.102783 0.0113576 9.9964E-05 9.9964E-05 0.00215362
0.701735 9.9964E-05 9.9964E-05 0.0583484 0.0644499 0.100643 0.0143843 9.9964E-05 9.9964E-05 0.0514407 0.00859835
0.997653 9.99188E-05 9.99188E-05 9.99188E-05 9.99188E-05 9.99188E-05 9.99188E-05 9.99188E-05 0.00144809 9.99188E-05 9.99188E-05
0.679581 9.9955E-05 9.9955E-05 9.9955E-05 9.9955E-05 0.0348305 0.0810433 0.0140778 0.0366163 9.9955E-05 0.153351
0.558803 0.0234612 9.9982E-05 0.0772392 9.9982E-05 0.125354 0.0364601 0.00818138 0.00646686 0.0645195 0.0993157
0.652868 9.9964E-05 9.9964E-05 0.140631 0.012303 0.0163963 0.0671318 9.9964E-05 0.0402177 9.9964E-05 0.0700531
0.702471 0.0532613 9.9955E-05 9.9955E-05 9.9955E-05 9.9955E-05 0.0298528 0.00731102 9.9955E-05 0.14437 0.0622347
0.655173 0.0133582 0.0426748 9.9955E-05 9.9955E-05 9.9955E-05 0.0913223 9.9955E-05 9.9955E-05 0.108479 0.0884928
0.584577 0.0687218 9.9955E-05 0.198227 0.101522 9.9955E-05 9.9955E-05 0.025166 0.0212866 9.9955E-05 9.9955E-05
0.547742 0.0144979 0.0192679 0.150781 0.025832 0.0376482 0.148297 0.0360025 9.9982E-05 0.0197316 9.9982E-05
0.306554 0.0122546 0.0239654 0.400322 9.9964E-05 9.9964E-05 0.140586 9.9964E-05 0.0538452 9.9964E-05 0.0620726
0.601938 9.9955E-05 9.9955E-05 9.9955E-05 9.9955E-05 0.186622 9.9955E-05 0.00928482 0.018908 0.153477 0.0292706
0.0352707 9.9955E-05 9.9955E-05 0.0133835 0.0943027 0.0604909 9.9955E-05 9.9955E-05 0.0571112 0.738941 9.9955E-05
9.996E-05 9.996E-05 9.996E-05 0.00619603 0.146336 0.0861032 0.071117 0.000937089 0.0442521 0.644659 9.996E-05
9.996E-05 0.0398842 0.0412306 0.00965684 9.996E-05 9.996E-05 0.1574 0.00277282 9.996E-05 0.691076 0.0575795
9.9937E-05 0.00440526 9.9937E-05 9.9937E-05 0.13252 0.117643 9.9937E-05 9.9937E-05 9.9937E-05 0.744732 9.9937E-05
9.9982E-05 0.018228 0.0190863 0.104877 9.9982E-05 0.00453347 0.0118552 0.0275521 0.039914 0.716726 0.057028
9.996E-05 9.996E-05 0.00122214 9.996E-05 9.996E-05 0.0539772 0.021566 0.00441404 0.0405318 0.783353 0.0945356
9.997E-05 0.0393742 0.0146984 0.224614 0.0958106 9.997E-05 0.0411162 0.00692219 9.997E-05 0.546076 0.0310888
0.0597521 0.0297896 9.9973E-05 9.9973E-05 0.0647938 0.0317857 0.0128498 9.9973E-05 0.0688468 0.72227 0.00961238
0.0253261 9.9973E-05 0.0458552 9.9973E-05 0.0322959 9.9973E-05 0.0416796 0.0178243 0.0300253 0.698768 0.107926
0.00382894 0.0706403 9.9964E-05 0.0213156 9.9964E-05 0.0167945 9.9964E-05 0.0487791 9.9964E-05 0.81265 0.0255922
9.9964E-05 9.9964E-05 0.000463583 0.0186243 0.135542 9.9964E-05 0.0406072 0.00225319 0.0406238 0.761486 9.9964E-05
0.0445665 0.0262249 0.00535237 9.9946E-05 9.9946E-05 9.9946E-05 9.9946E-05 9.9946E-05 0.0156144 0.907642 9.9946E-05
9.9946E-05 0.000979256 9.9946E-05 0.317118 0.060886 9.9946E-05 9.9946E-05 0.00960695 9.9946E-05 0.61081 9.9946E-05
9.9973E-05 0.00763578 0.00106939 0.0354714 0.096897 9.9973E-05 0.0729777 0.00678801 0.0129905 0.76587 9.9973E-05
0.0150804 0.0372703 9.9946E-05 9.9946E-05 9.9946E-05 0.022986 9.9946E-05 9.9946E-05 9.9946E-05 0.826144 0.0979198
9.99369E-05 0.0303234 9.99369E-05 9.99369E-05 0.0883908 9.99369E-05 9.99369E-05 0.0691401 9.99369E-05 0.811446 9.99369E-05
0.00507899 0.0221595 0.103518 0.0221432 9.9973E-05 0.0838042 9.9973E-05 9.9973E-05 0.00783076 0.738654 0.0165114
9.995E-05 0.0602905 0.0330019 9.995E-05 9.995E-05 0.0302605 9.995E-05 0.0285442 9.995E-05 0.691964 0.155439
9.9982E-05 0.045649 0.00953377 0.22495 0.0403283 0.00550902 0.0642683 9.9982E-05 0.00556635 0.589714 0.014281
0.0675604 9.9955E-05 0.0783306 9.9955E-05 9.9955E-05 9.9955E-05 0.0227997 0.0331032 9.9955E-05 0.7184 0.0793063
9.9964E-05 0.0217453 9.9964E-05 0.301868 9.9964E-05 0.535246 0.0053545 0.0134156 0.00556015 0.11641 9.9964E-05
9.99101E-05 9.99101E-05 9.99101E-05 9.99101E-05 9.99101E-05 9.99101E-05 0.999001 9.99101E-05 9.99101E-05 9.99101E-05 9.99101E-05
9.996E-05 0.0337408 9.996E-05 0.198135 0.0694055 0.596666 0.000741908 0.0764413 0.02447 9.996E-05 9.996E-05
9.9982E-05 0.0392239 0.00142053 0.149081 0.000126597 0.49698 0.145483 0.0299819 0.087196 0.0503071 9.9982E-05
9.9946E-05 9.9946E-05 9.9946E-05 0.147009 9.9946E-05 0.732341 0.0712049 0.0145711 0.0342745 9.9946E-05 9.9946E-05
9.995E-05 9.995E-05 0.00385184 9.995E-05 0.038332 0.796898 9.995E-05 0.0268251 0.0176241 0.115969 9.995E-05
0.0132038 0.980513 9.9937E-05 0.00237866 9.9937E-05 9.9937E-05 9.9937E-05 0.00320488 9.9937E-05 9.9937E-05 9.9937E-05
9.99189E-05 0.00850629 9.99189E-05 9.99189E-05 9.99189E-05 9.99189E-05 0.990594 9.99189E-05 9.99189E-05 9.99189E-05 9.99189E-05
9.9964E-05 0.120724 0.0854732 0.280536 9.9964E-05 0.309514 0.179206 0.00373963 0.0204076 9.9964E-05 9.9964E-05
0.10229 0.0829339 0.0220238 9.9964E-05 0.0765067 0.622572 9.9964E-05 0.0474859 9.9964E-05 0.0457876 9.9964E-05
0.0211832 0.111723 0.000295627 0.00629814 0.0527664 0.580894 0.133808 0.0578268 9.9982E-05 0.0350053 9.9982E-05
0.0873779 0.0631897 9.9955E-05 9.9955E-05 9.9955E-05 0.672104 0.0904625 0.0638432 0.0225226 9.9955E-05 9.9955E-05
0.0669307 0.078969 0.039027 0.0381659 9.9982E-05 0.490108 0.148301 0.0556577 0.0360718 9.9982E-05 0.0465695
0.000665559 0.0646271 0.0032374 9.9973E-05 0.0170214 0.753534 0.0424609 0.0464096 9.9973E-05 0.0717436 9.9973E-05
0.0118058 0.0977724 9.9973E-05 9.9973E-05 9.9973E-05 0.704677 0.0664581 0.0315546 0.00118804 0.0811713 0.00507322
0.0644033 0.0245318 9.9982E-05 0.0299289 0.00411409 0.585699 0.179891 0.0185237 0.050499 0.0422092 9.9982E-05
0.0150904 0.0128429 9.9964E-05 0.309581 9.9964E-05 0.188005 0.408846 0.0192474 0.0459875 9.9964E-05 9.9964E-05
0.0578147 0.109681 9.9973E-05 9.9973E-05 9.9973E-05 0.260651 0.219794 0.0127648 0.0176663 0.257911 0.0634167
9.9964E-05 0.0394545 0.0509794 9.9964E-05 0.103433 0.575191 9.9964E-05 0.00709874 0.0266131 0.19683 9.9964E-05
9.997E-05 0.0184112 0.068927 0.0689373 9.997E-05 0.216471 0.158156 0.0149757 0.0288132 0.425009 9.997E-05
0.00770831 0.933878 9.9955E-05 9.9955E-05 9.9955E-05 0.0488897 9.9955E-05 0.00305782 0.00494579 0.00102096 9.9955E-05
0.0225275 0.120258 0.0253492 0.0904674 9.9982E-05 0.320383 0.127897 0.0767198 9.9982E-05 0.124506 0.0916926
9.9973E-05 0.16047 9.9973E-05 9.9973E-05 0.0181228 0.553068 0.0327085 0.0362657 0.0368612 0.151924 0.0102795
0.0593469 0.0108905 0.0409594 9.9973E-05 9.9973E-05 0.699939 9.9973E-05 0.0277431 0.00739897 0.13244 0.0209828
0.05475 0.0373757 0.00896111 0.164573 0.00239628 0.661629 0.00644349 0.0635715 9.9973E-05 9.9973E-05 9.9973E-05
9.9964E-05 0.071221 0.0730268 9.9964E-05 0.0409674 0.681198 9.9964E-05 0.0308909 0.0501353 0.0521609 9.9964E-05
0.0208431 0.0354422 0.037925 9.9982E-05 0.297766 0.23393 0.0285353 0.0710723 0.0211156 0.253171 9.9982E-05
9.9955E-05 0.0643072 9.9955E-05 9.9955E-05 0.60859 0.00716874 9.9955E-05 9.9955E-05 0.0493197 0.126363 0.143752
0.011023 9.9973E-05 9.9973E-05 0.116938 0.0157183 0.454608 0.156578 0.000108916 9.9973E-05 0.112172 0.132553
9.9964E-05 0.0309472 0.00689209 9.9964E-05 9.9964E-05 0.724664 9.9964E-05 0.00617272 0.0417896 0.0562333 0.132901
9.9955E-05 0.00911796 9.9955E-05 9.9955E-05 9.9955E-05 0.626223 0.111032 9.9955E-05 0.0187389 0.0368841 0.197504
9.9955E-05 9.9955E-05 9.9955E-05 0.0442562 9.9955E-05 0.732684 0.0489356 0.0443217 9.9955E-05 0.011463 0.117839
9.99101E-05 9.99101E-05 9.99101E-05 9.99101E-05 9.99101E-05 9.99101E-05 9.99101E-05 9.99101E-05 0.999001 9.99101E-05 9.99101E-05
0.0195563 0.195716 9.9973E-05 0.0858409 9.9973E-05 0.47454 0.062495 0.0348217 0.00120034 0.12553 9.9973E-05
0.0021846 0.094293 9.9973E-05 0.0629248 0.0648868 0.673013 9.9973E-05 0.0159035 0.00907394 0.0774199 9.9973E-05
0.0227082 9.9955E-05 0.055802 0.455639 9.9955E-05 0.378622 9.9955E-05 0.0173036 0.069425 9.9955E-05 9.9955E-05
0.0433503 0.0532831 0.00359478 0.566403 9.9964E-05 0.28827 9.9964E-05 0.00573929 0.0389596 9.9964E-05 9.9964E-05
9.9937E-05 0.0532628 9.9937E-05 0.504275 9.9937E-05 0.434846 9.9937E-05 0.00691735 9.9937E-05 9.9937E-05 9.9937E-05
0.0424417 0.0347469 0.0445965 0.289626 9.996E-05 0.461186 0.0793128 9.996E-05 0.0476908 9.996E-05 9.996E-05
9.9964E-05 0.100337 9.9964E-05 0.407308 0.0432345 0.141978 0.250882 0.0264744 0.0293857 9.9964E-05 9.9964E-05
9.9973E-05 0.125264 0.0543562 0.102607 9.9973E-05 0.473785 0.13186 0.0197902 0.0225574 0.0694803 9.9973E-05
0.03957 0.06183 0.0182044 9.9973E-05 9.9973E-05 0.728011 0.0284872 0.0140783 0.0139741 0.0955448 9.9973E-05
9.9973E-05 0.10021 0.0153752 0.158205 9.9973E-05 0.536496 0.0720216 0.0463272 0.0461533 0.0249113 9.9973E-05
9.9946E-05 9.9946E-05 9.9946E-05 0.288215 0.0199973 0.640466 0.00384043 0.0468818 9.9946E-05 9.9946E-05 9.9946E-05
9.9973E-05 0.141453 0.00226468 0.135894 9.9973E-05 0.292995 0.205203 0.104463 0.0186428 9.9973E-05 0.098785
9.9955E-05 0.0102375 9.9955E-05 9.9955E-05 9.9955E-05 0.813881 0.034835 0.00641175 0.0367725 9.9955E-05 0.0973627
9.99101E-05 9.99101E-05 9.99101E-05 9.99101E-05 9.99101E-05 9.99101E-05 9.99101E-05 0.999001 9.99101E-05 9.99101E-05 9.99101E-05
9.9973E-05 0.0928433 0.0515641 9.9973E-05 0.150081 0.321046 0.284138 0.0370907 0.0494448 0.0134929 9.9973E-05
9.9955E-05 0.0819821 0.00572548 0.198589 9.9955E-05 0.653682 9.9955E-05 0.0355652 0.0239569 9.9955E-05 9.9955E-05
9.9964E-05 0.0459049 0.0348754 0.144965 0.0795858 0.635637 9.9964E-05 0.0154358 0.0431965 9.9964E-05 9.9964E-05
9.995E-05 0.0202867 0.00949672 9.995E-05 9.995E-05 0.749452 9.995E-05 9.995E-05 0.0552585 0.0923302 0.0726762
9.9964E-05 0.0898605 0.0241143 0.127734 9.9964E-05 0.38797 0.279046 9.9964E-05 0.0614648 0.0294108 9.9964E-05
0.0533749 0.0345945 0.0302042 0.186155 9.9964E-05 0.65325 0.0196343 0.0223875 9.9964E-05 9.9964E-05 9.9964E-05
9.99101E-05 0.999001 9.99101E-05 9.99101E-05 9.99101E-05 9.99101E-05 9.99101E-05 9.99101E-05 9.99101E-05 9.99101E-05 9.99101E-05
9.99101E-05 9.99101E-05 9.99101E-05 9.99101E-05 9.99101E-05 9.99101E-05 9.99101E-05 0.999001 9.99101E-05 9.99101E-05 9.99101E-05
9.99101E-05 0.999001 9.99101E-05 9.99101E-05 9.99101E-05 9.99101E-05 9.99101E-05 9.99101E-05 9.99101E-05 9.99101E-05 9.99101E-05
9.9946E-05 0.0453885 9.9946E-05 0.446038 9.9946E-05 0.406539 9.9946E-05 0.00786127 0.0935738 9.9946E-05 9.9946E-05
0.029212 0.195991 0.00855797 0.357469 9.9973E-05 0.203626 0.0803627 0.0271274 0.0973534 9.9973E-05 9.9973E-05
9.9973E-05 0.0400802 0.0364934 0.193515 0.0147143 0.453456 0.172749 0.0287473 0.059944 9.9973E-05 9.9973E-05
9.9973E-05 0.0861243 0.00432288 0.0666869 9.9973E-05 0.674687 0.0284472 0.0531111 0.0245769 0.0617433 9.9973E-05
0.02683 0.0922064 0.00575982 9.9982E-05 0.0728618 0.619391 0.0547516 0.0372759 0.00275578 0.087968 9.9982E-05
9.99101E-05 9.99101E-05 9.99101E-05 9.99101E-05 9.99101E-05 9.99101E-05 9.99101E-05 9.99101E-05 0.999001 9.99101E-05 9.99101E-05
9.997E-05 0.00487555 0.0171639 0.310549 0.0446451 0.514689 9.997E-05 0.0535268 0.0425241 0.0117271 9.997E-05
0.0208561 9.9946E-05 9.9946E-05 0.0740629 9.9946E-05 0.020799 0.816459 9.9946E-05 9.9946E-05 9.9946E-05 0.0672232
9.9973E-05 9.9973E-05 9.9973E-05 0.118941 0.0526781 0.044075 0.714254 0.0150252 0.030866 0.00140711 0.0224537
0.0550095 0.0330702 9.9964E-05 0.0477065 9.9964E-05 0.0083683 0.713154 0.056884 9.9964E-05 9.9964E-05 0.0854077
0.0245934 9.9937E-05 9.9937E-05 0.235456 9.9937E-05 9.9937E-05 0.72668 9.9937E-05 0.0125705 9.9937E-05 9.9937E-05
0.0828423 0.0486077 9.997E-05 0.0877918 9.997E-05 0.0467746 0.554926 0.0393096 0.00658711 9.997E-05 0.132861
0.103393 9.9946E-05 9.9946E-05 9.9946E-05 0.0707168 9.9946E-05 0.702427 9.9946E-05 0.0110481 9.9946E-05 0.111815
0.039879 9.9955E-05 9.9955E-05 9.9955E-05 0.0870459 9.9955E-05 0.774506 0.00196795 9.9955E-05 0.0202087 0.0758923
0.0536746 9.996E-05 0.0391723 0.0600424 9.996E-05 0.0205481 0.758433 0.0169339 9.996E-05 9.996E-05 0.0507961
0.0809606 9.995E-05 9.995E-05 9.995E-05 0.154233 0.011415 0.633267 0.0158419 9.995E-05 0.103783 9.995E-05
9.9964E-05 0.000238175 9.9964E-05 0.0491689 9.9964E-05 9.9964E-05 0.739678 0.0218354 0.00501815 0.106749 0.0769121
0.108003 9.9955E-05 9.9955E-05 9.9955E-05 0.0585904 0.0732376 0.680017 9.9955E-05 0.0134825 0.0661706 9.9955E-05
0.0489707 0.0702492 9.9955E-05 9.9955E-05 9.9955E-05 9.9955E-05 9.9955E-05 0.0190265 0.0291159 0.0146812 0.817457
9.9964E-05 9.9964E-05 0.0045547 9.9964E-05 0.217447 9.9964E-05 0.112451 0.0192699 0.00675054 0.00261739 0.636509
0.0224815 0.00320551 0.0291241 9.9982E-05 0.0339447 0.0547188 9.9982E-05 0.0013826 0.00644017 0.106405 0.742098
9.9946E-05 9.9946E-05 0.0450543 9.9946E-05 0.130628 0.00748427 9.9946E-05 9.9946E-05 9.9946E-05 0.10987 0.706363
9.997E-05 0.0331334 0.0463882 0.059837 0.0513639 9.997E-05 9.997E-05 0.00308794 0.00517695 0.100815 0.699897
0.0108488 0.00659978 9.9964E-05 0.297849 0.11593 9.9964E-05 0.0211888 0.0248025 9.9964E-05 9.9964E-05 0.522381
0.0208652 0.0170265 9.9955E-05 9.9955E-05 0.16397 9.9955E-05 9.9955E-05 0.0707276 9.9955E-05 0.0941491 0.632762
9.9946E-05 9.9946E-05 9.9946E-05 9.9946E-05 0.21011 0.0681741 9.9946E-05 0.0189288 0.00544917 9.9946E-05 0.696738
9.997E-05 0.067558 0.0606282 0.290148 9.997E-05 0.0192501 9.997E-05 0.0133244 0.00528833 0.0082715 0.535232
9.9946E-05 9.9946E-05 0.0152967 9.9946E-05 9.9946E-05 9.9946E-05 0.0435873 0.0252808 9.9946E-05 0.183364 0.731871
0.00337788 0.0364662 0.0130037 9.9955E-05 9.9955E-05 9.9955E-05 0.067777 9.9955E-05 9.9955E-05 0.0984038 0.780472
0.00141403 9.9955E-05 0.0331146 9.9955E-05 0.503198 9.9955E-05 9.9955E-05 9.9955E-05 0.0117431 0.161368 0.288662
0.0248506 9.998E-05 0.0153647 0.116243 0.0960845 0.0354885 0.0150232 9.998E-05 0.0164925 0.0726726 0.607581
9.9973E-05 0.0101142 0.00458368 0.238465 0.286776 0.133165 9.9973E-05 9.9973E-05 0.0298869 0.0407412 0.255969
0.0159269 9.9946E-05 0.017532 0.0556634 0.820324 9.9946E-05 0.0899538 9.9946E-05 9.9946E-05 9.9946E-05 9.9946E-05
9.9937E-05 9.9937E-05 0.0207041 0.213349 0.749574 9.9937E-05 9.9937E-05 9.9937E-05 0.0156736 9.9937E-05 9.9937E-05
9.9919E-05 9.9919E-05 9.9919E-05 9.9919E-05 0.996636 9.9919E-05 0.00246464 9.9919E-05 9.9919E-05 9.9919E-05 9.9919E-05
9.9964E-05 9.9964E-05 0.0103008 9.9964E-05 0.889329 0.0483452 0.0116378 0.0072709 9.9964E-05 0.0190872 0.0136296
9.99101E-05 9.99101E-05 9.99101E-05 9.99101E-05 0.999001 9.99101E-05 9.99101E-05 9.99101E-05 9.99101E-05 9.99101E-05 9.99101E-05
9.9928E-05 9.9928E-05 9.9928E-05 0.291866 0.629709 9.9928E-05 9.9928E-05 9.9928E-05 9.9928E-05 9.9928E-05 0.0776251
0.0330418 0.023556 0.00549861 0.0829259 0.821894 9.9955E-05 9.9955E-05 9.9955E-05 0.0325839 9.9955E-05 9.9955E-05
0.0177242 0.011504 9.9955E-05 9.9955E-05 0.874871 9.9955E-05 9.9955E-05 0.0416782 9.9955E-05 0.0332955 0.0204278
9.9946E-05 0.0302999 9.9946E-05 0.247644 0.0723068 9.9946E-05 9.9946E-05 0.0186301 9.9946E-05 9.9946E-05 0.630519
9.9946E-05 9.9946E-05 0.0257673 0.193061 9.9946E-05 0.00272974 9.9946E-05 9.9946E-05 0.0486565 9.9946E-05 0.729186
9.9946E-05 9.9946E-05 9.9946E-05 0.337135 0.0192883 9.9946E-05 9.9946E-05 0.0247941 0.0343755 9.9946E-05 0.583807
0.0114841 9.9955E-05 9.9955E-05 0.176448 0.12042 0.127541 0.000232156 9.9955E-05 9.9955E-05 9.9955E-05 0.563375
0.0344323 0.0441237 0.00326678 0.200707 9.9955E-05 9.9955E-05 9.9955E-05 9.9955E-05 0.0138907 9.9955E-05 0.70308
9.9937E-05 9.9937E-05 0.0113982 0.536165 9.9937E-05 9.9937E-05 9.9937E-05 0.00325821 9.9937E-05 9.9937E-05 0.448479
9.9964E-05 9.9964E-05 0.0351994 0.226312 0.351499 9.9964E-05 0.0593315 0.0117803 9.9964E-05 0.0221558 0.293323
9.9955E-05 0.0298903 9.9955E-05 9.9955E-05 0.058547 9.9955E-05 9.9955E-05 0.0104144 0.0420032 0.0891878 0.769457
9.9946E-05 0.0350018 9.9946E-05 9.9946E-05 9.9946E-05 9.9946E-05 0.0641085 0.00792568 9.9946E-05 0.0758906 0.816474
9.996E-05 9.996E-05 0.0216897 0.135248 0.0315905 0.0617118 9.996E-05 0.0149215 9.996E-05 0.0929178 0.641521
0.0668097 9.9964E-05 9.9964E-05 0.0512225 0.137341 0.0286056 9.9964E-05 9.9964E-05 0.0160612 0.111 0.58856
0.052215 0.0302894 9.9973E-05 0.0253191 0.229518 9.9973E-05 0.0094014 0.0302277 0.00396206 9.9973E-05 0.618767
9.9955E-05 0.0287797 0.0235738 9.9955E-05 9.9955E-05 0.0031992 9.9955E-05 0.00369021 0.0424184 9.9955E-05 0.897839
9.9919E-05 9.9919E-05 9.9919E-05 0.723672 9.9919E-05 9.9919E-05 9.9919E-05 9.9919E-05 9.9919E-05 0.275429 9.9919E-05
9.99279E-05 9.99279E-05 9.99279E-05 0.767427 9.99279E-05 9.99279E-05 9.99279E-05 9.99279E-05 0.00372073 0.228053 9.99279E-05
9.9919E-05 9.9919E-05 9.9919E-05 0.830913 9.9919E-05 9.9919E-05 9.9919E-05 9.9919E-05 9.9919E-05 0.168188 9.9919E-05
9.99279E-05 9.99279E-05 0.00684672 0.786669 9.99279E-05 9.99279E-05 9.99279E-05 9.99279E-05 9.99279E-05 0.205685 9.99279E-05
9.9937E-05 9.9937E-05 9.9937E-05 0.671853 9.9937E-05 0.0289295 9.9937E-05 0.00416932 9.9937E-05 0.294349 9.9937E-05
0.0658444 0.0121898 9.9955E-05 0.360899 9.9955E-05 9.9955E-05 9.9955E-05 0.0192403 0.0116588 0.529668 9.9955E-05
9.9928E-05 9.9928E-05 9.9928E-05 0.571487 9.9928E-05 9.9928E-05 9.9928E-05 9.9928E-05 0.000982729 0.426731 9.9928E-05
0.135037 9.9946E-05 0.0323283 0.432235 9.9946E-05 9.9946E-05 0.0229366 9.9946E-05 9.9946E-05 0.376864 9.9946E-05
