0.0251219 9.9937E-05 9.9937E-05 0.00764456 0.0147534 9.9937E-05 9.9937E-05 0.026423 0.905945 9.9937E-05 0.00995328 9.9937E-05 9.9937E-05 0.00945932
9.9937E-05 0.0334633 0.017608 0.0170098 0.0298124 9.9937E-05 9.9937E-05 0.202803 0.690155 9.9937E-05 0.00844959 9.9937E-05 9.9937E-05 9.9937E-05
9.9928E-05 0.0394402 0.0694429 9.9928E-05 0.00867238 9.9928E-05 9.9928E-05 0.0884768 0.767032 9.9928E-05 0.0261358 9.9928E-05 9.9928E-05 9.9928E-05
9.9955E-05 0.0451491 0.0402115 9.9955E-05 0.0256352 0.0210962 0.0170758 9.9955E-05 0.812242 0.00928023 0.00786245 0.020948 9.9955E-05 9.9955E-05
0.00439075 0.0683022 0.0734591 0.00847705 0.0264528 0.0096572 9.9955E-05 9.9955E-05 0.775871 0.024413 0.00847681 9.9955E-05 9.9955E-05 9.9955E-05
9.9928E-05 0.0189193 9.9928E-05 0.0250337 9.9928E-05 9.9928E-05 0.058541 9.9928E-05 0.845809 0.0398121 9.9928E-05 9.9928E-05 0.0110855 9.9928E-05
0.00824143 0.0680562 0.0270544 0.0234499 9.9928E-05 9.9928E-05 9.9928E-05 9.9928E-05 0.86813 9.9928E-05 9.9928E-05 9.9928E-05 0.00426866 9.9928E-05
9.99371E-05 9.99371E-05 0.0193265 0.0167595 9.99371E-05 9.99371E-05 0.0886897 9.99371E-05 0.783607 0.000829118 9.99371E-05 9.99371E-05 0.0481966 0.0418921
9.9937E-05 0.0905896 0.0416017 0.0141045 0.0053743 9.9937E-05 0.0280528 9.9937E-05 0.789641 9.9937E-05 0.0299366 9.9937E-05 9.9937E-05 9.9937E-05
9.9919E-05 9.9919E-05 9.9919E-05 9.9919E-05 9.9919E-05 9.9919E-05 0.0748048 9.9919E-05 0.763582 9.9919E-05 9.9919E-05 0.0696375 0.0343775 0.0566986
9.9955E-05 0.0396685 9.9955E-05 0.00604601 0.0312738 9.9955E-05 0.101137 0.102046 0.67919 0.0198104 9.9955E-05 0.00169888 9.9955E-05 0.0186295
9.9937E-05 0.00576188 9.9937E-05 9.9937E-05 9.9937E-05 9.9937E-05 0.0944749 0.132628 0.707051 0.009913 0.0272422 0.0222298 9.9937E-05 9.9937E-05
9.9937E-05 9.9937E-05 0.0689711 0.0459391 9.9937E-05 9.9937E-05 0.102352 0.0278976 0.733562 9.9937E-05 9.9937E-05 9.9937E-05 0.00877145 0.0118065
0.00239056 0.132783 9.9946E-05 0.0171593 9.9946E-05 9.9946E-05 9.9946E-05 0.142827 0.665344 9.9946E-05 0.00179085 0.0327749 0.00433074 9.9946E-05
9.9919E-05 0.0246097 9.9919E-05 9.9919E-05 0.00222804 9.9919E-05 9.9919E-05 0.180045 0.758656 9.9919E-05 9.9919E-05 0.0335619 9.9919E-05 9.9919E-05
9.99191E-05 0.0896756 9.99191E-05 0.0078912 9.99191E-05 0.0310299 9.99191E-05 9.99191E-05 0.847494 0.0230096 9.99191E-05 9.99191E-05 9.99191E-05 9.99191E-05
0.00428569 9.9919E-05 9.9919E-05 9.9919E-05 9.9919E-05 0.0598578 9.9919E-05 9.9919E-05 0.9122 0.0171187 9.9919E-05 9.9919E-05 0.00563805 9.9919E-05
0.0437606 9.9919E-05 9.9919E-05 9.9919E-05 9.9919E-05 0.0462594 9.9919E-05 9.9919E-05 0.904707 0.00419387 0.000179373 9.9919E-05 9.9919E-05 9.9919E-05
0.0380809 9.9919E-05 9.9919E-05 0.0177181 9.9919E-05 0.0426155 9.9919E-05 9.9919E-05 0.894915 9.9919E-05 0.00577167 9.9919E-05 9.9919E-05 9.9919E-05
0.00576788 9.9937E-05 9.9937E-05 9.9937E-05 0.00639998 9.9937E-05 9.9937E-05 0.0611719 0.847955 0.0356956 9.9937E-05 0.020954 0.0213557 9.9937E-05
9.98828E-05 9.98828E-05 9.98828E-05 9.98828E-05 9.98828E-05 9.98828E-05 9.98828E-05 9.98828E-05 9.98828E-05 9.98828E-05 9.98828E-05 0.998702 9.98828E-05 9.98828E-05
9.991E-05 9.991E-05 9.991E-05 0.0336625 9.991E-05 9.991E-05 0.242932 0.12772 9.991E-05 9.991E-05 9.991E-05 0.594686 9.991E-05 9.991E-05
9.9946E-05 0.0218693 9.9946E-05 9.9946E-05 9.9946E-05 0.0790074 0.157454 0.0968197 0.0256752 9.9946E-05 9.9946E-05 0.580682 0.0207704 0.0171229
0.0889095 9.9946E-05 0.0351103 9.9946E-05 0.0249749 0.0459962 0.0712904 9.9946E-05 9.9946E-05 0.0269608 9.9946E-05 0.702429 0.00372947 9.9946E-05
9.9928E-05 9.9928E-05 0.0645072 0.000570004 9.9928E-05 9.9928E-05 9.9928E-05 0.0890721 0.0111781 9.9928E-05 9.9928E-05 0.824172 0.00970131 9.9928E-05
9.9937E-05 9.9937E-05 0.157372 9.9937E-05 9.9937E-05 9.9937E-05 0.00190648 9.9937E-05 0.0326666 0.0234328 0.0165924 0.763955 0.00337584 9.9937E-05
0.0493527 0.0533165 0.0338864 9.9937E-05 9.9937E-05 0.14612 0.0704988 9.9937E-05 9.9937E-05 9.9937E-05 0.00875446 0.637371 9.9937E-05 9.9937E-05
9.98828E-05 9.98828E-05 9.98828E-05 9.98828E-05 9.98828E-05 9.98828E-05 9.98828E-05 9.98828E-05 9.98828E-05 9.98828E-05 9.98828E-05 0.998702 9.98828E-05 9.98828E-05
0.00874832 0.102252 0.0926804 9.9937E-05 0.0145346 9.9937E-05 9.9937E-05 0.151474 9.9937E-05 9.9937E-05 9.9937E-05 0.623301 0.00631039 9.9937E-05
9.9937E-05 0.0238365 0.11332 0.020498 9.9937E-05 0.182604 0.118635 9.9937E-05 9.9937E-05 9.9937E-05 9.9937E-05 0.539736 0.000671381 9.9937E-05
9.9946E-05 0.00122846 0.197826 9.9946E-05 0.0169894 0.00816385 9.9946E-05 9.9946E-05 9.9946E-05 0.0100071 0.00575326 0.657812 9.9946E-05 0.10162
0.124993 0.0537107 0.139209 0.00846178 0.00490071 0.00848296 9.9946E-05 9.9946E-05 9.9946E-05 0.0311356 9.9946E-05 0.628507 9.9946E-05 9.9946E-05
0.0616251 0.0817961 0.203921 0.00554424 0.000649606 9.9955E-05 9.9955E-05 9.9955E-05 0.0375186 9.9955E-05 0.0071366 0.592171 9.9955E-05 0.00913824
9.99369E-05 9.99369E-05 9.99369E-05 0.0511776 0.000120026 9.99369E-05 9.99369E-05 0.134483 9.99369E-05 9.99369E-05 0.0563229 0.612816 0.0188552 0.125526
0.0722277 0.00589397 0.164054 0.0180003 9.9964E-05 9.9964E-05 9.9964E-05 0.169956 0.0140896 9.9964E-05 0.0220679 0.478276 0.0149747 0.0400597
9.99459E-05 0.138596 9.99459E-05 9.99459E-05 0.0561067 9.99459E-05 0.0956342 0.2269 0.0216588 0.0106481 0.0700532 0.379804 9.99459E-05 9.99459E-05
0.181035 0.00838638 9.9928E-05 9.9928E-05 0.0195521 0.198923 9.9928E-05 9.9928E-05 9.9928E-05 9.9928E-05 0.0260208 0.565283 9.9928E-05 9.9928E-05
0.717618 9.9964E-05 0.0841932 0.0123527 0.0347985 0.0138343 0.0226116 0.0570956 9.9964E-05 0.0153008 0.00450576 9.9964E-05 9.9964E-05 0.0372901
0.741498 0.00417155 0.0568995 0.0223644 0.0340319 0.0232626 9.9937E-05 0.117072 9.9937E-05 9.9937E-05 9.9937E-05 9.9937E-05 9.9937E-05 9.9937E-05
0.692407 0.0299392 0.0987142 0.00580223 9.9946E-05 9.9946E-05 0.0743241 0.0647723 0.00310318 9.9946E-05 0.030338 9.9946E-05 9.9946E-05 9.9946E-05
0.825826 9.9919E-05 9.9919E-05 9.9919E-05 9.9919E-05 0.0176297 9.9919E-05 0.100091 9.9919E-05 9.9919E-05 0.0110702 9.9919E-05 9.9919E-05 0.0444834
0.648847 0.0148132 9.9973E-05 0.0333154 0.0367026 9.9973E-05 0.158081 0.0149563 0.0161579 0.00389598 0.049119 0.010698 0.0131141 9.9973E-05
0.775683 0.00131988 0.0907438 0.00584151 0.00120351 0.0456008 0.0550651 0.0135866 9.9964E-05 9.9964E-05 0.00593071 9.9964E-05 0.0046256 9.9964E-05
0.564304 0.0380415 9.9955E-05 0.0188584 0.0192277 9.9955E-05 0.181955 0.109676 0.0376924 0.00247329 0.027272 9.9955E-05 9.9955E-05 9.9955E-05
0.688229 0.0462415 9.9955E-05 0.0245127 0.0178496 0.167851 0.0223016 9.9955E-05 9.9955E-05 0.00519263 0.00440437 0.0229175 9.9955E-05 9.9955E-05
0.695914 0.0476386 0.0232529 9.9964E-05 0.0329039 0.0779254 0.0429547 9.9964E-05 0.0355559 9.9964E-05 9.9964E-05 0.0232476 0.0153337 0.00487319
0.844852 9.9919E-05 9.9919E-05 0.0112914 9.9919E-05 9.9919E-05 9.9919E-05 0.0985544 9.9919E-05 0.030336 9.9919E-05 9.9919E-05 0.0140665 9.9919E-05
0.773741 9.9964E-05 0.0149424 0.0121489 0.0107914 9.9964E-05 0.0491469 0.0199282 0.0121307 9.9964E-05 0.0342364 9.9964E-05 0.00379495 0.0687392
0.887277 9.9946E-05 9.9946E-05 0.00887271 0.0229904 9.9946E-05 9.9946E-05 9.9946E-05 0.0192197 0.010311 0.0196963 0.026255 0.00477835 9.9946E-05
0.478771 9.9937E-05 9.9937E-05 0.0346617 9.9937E-05 0.0296202 0.353378 9.9937E-05 9.9937E-05 0.00066595 0.0142599 9.9937E-05 9.9937E-05 0.0879436
0.797296 9.9946E-05 0.00714896 9.9946E-05 0.00263201 9.9946E-05 9.9946E-05 0.09782 9.9946E-05 0.034875 0.0116242 9.9946E-05 0.00270918 0.0452954
0.86655 0.00718356 9.9937E-05 0.00733292 9.9937E-05 9.9937E-05 9.9937E-05 9.9937E-05 9.9937E-05 0.0207851 0.035267 0.0512814 9.9937E-05 0.0109009
0.80814 9.9928E-05 0.0573173 0.0612031 9.9928E-05 9.9928E-05 0.00133092 9.9928E-05 9.9928E-05 9.9928E-05 9.9928E-05 9.9928E-05 0.0451292 0.0260798
0.773347 9.9955E-05 9.9955E-05 9.9955E-05 0.00777097 0.0360722 0.0161472 0.0256525 0.0756785 0.0232224 0.0154213 0.026188 9.9955E-05 9.9955E-05
0.728504 0.0450296 9.9964E-05 0.0111181 9.9964E-05 0.113808 0.0099906 9.9964E-05 0.0183773 0.0167373 0.00674391 0.0232861 0.0260053 9.9964E-05
0.50587 0.0248055 0.0866497 0.00514858 0.000233225 9.9982E-05 0.174669 0.0630766 0.00501733 0.0319877 0.0166065 0.0237619 9.9982E-05 0.0619736
0.75917 0.00804948 0.00488282 9.9946E-05 0.0189732 9.9946E-05 9.9946E-05 9.9946E-05 0.0780671 9.9946E-05 0.00311744 0.0802696 0.0468705 9.9946E-05
0.180368 9.9955E-05 0.0179978 0.0129006 9.9955E-05 0.0731507 9.9955E-05 0.643957 9.9955E-05 0.00181488 0.0317253 0.0119092 9.9955E-05 0.0256769
9.98828E-05 9.98828E-05 9.98828E-05 9.98828E-05 9.98828E-05 9.98828E-05 9.98828E-05 9.98828E-05 9.98828E-05 9.98828E-05 0.998702 9.98828E-05 9.98828E-05 9.98828E-05
9.9955E-05 9.9955E-05 9.9955E-05 0.017983 0.0319272 0.2848 0.0549089 0.483942 9.9955E-05 0.0135053 9.9955E-05 0.0102937 0.0593916 0.0427485
9.9946E-05 9.9946E-05 0.165653 0.0314512 0.0381856 0.331569 0.0867152 0.304097 9.9946E-05 9.9946E-05 0.0155879 9.9946E-05 0.0261423 9.9946E-05
9.993E-05 9.993E-05 0.114298 0.0102446 0.0349547 0.335727 9.993E-05 0.458879 9.993E-05 0.0150427 0.0301542 9.993E-05 9.993E-05 9.993E-05
0.0248945 9.9973E-05 0.0107879 0.00348119 0.00811038 0.760888 9.9973E-05 0.0718392 0.0108949 0.0254926 0.00361172 0.0108222 9.9973E-05 0.0688771
9.98829E-05 9.98829E-05 9.98829E-05 0.998702 9.98829E-05 9.98829E-05 9.98829E-05 9.98829E-05 9.98829E-05 9.98829E-05 9.98829E-05 9.98829E-05 9.98829E-05 9.98829E-05
9.98828E-05 9.98828E-05 9.98828E-05 9.98828E-05 9.98828E-05 9.98828E-05 9.98828E-05 9.98828E-05 9.98828E-05 9.98828E-05 0.998702 9.98828E-05 9.98828E-05 9.98828E-05
9.9964E-05 9.9964E-05 0.0460593 0.0278997 0.0110028 9.9964E-05 0.10014 0.618552 0.066242 0.0148296 0.0341055 9.9964E-05 0.012323 0.0684459
9.9937E-05 9.9937E-05 9.9937E-05 0.0301381 9.9937E-05 0.740695 9.9937E-05 9.9937E-05 0.0107262 0.0132578 9.9937E-05 0.137148 0.0153853 0.05195
9.9964E-05 9.9964E-05 0.108378 0.0308074 0.0127237 0.602299 0.0676615 0.0667399 9.9964E-05 0.0384499 0.0280357 9.9964E-05 0.0435813 0.0009244
9.9955E-05 9.9955E-05 0.0284513 0.0321537 0.00996828 0.646326 9.9955E-05 0.117715 9.9955E-05 0.0253178 0.0233093 0.0809725 0.0352859 9.9955E-05
9.9973E-05 0.0351902 0.0104589 0.0503833 0.0228354 0.457192 9.9973E-05 0.170678 0.0206659 0.0207072 0.11787 0.0593826 0.0343363 9.9973E-05
9.9946E-05 9.9946E-05 0.0413775 0.0291708 9.9946E-05 0.681752 9.9946E-05 0.137863 0.0258009 0.0191856 0.0477905 9.9946E-05 0.0164606 9.9946E-05
0.027048 0.0438617 0.0849068 0.0570082 0.0322887 0.70053 9.9955E-05 9.9955E-05 9.9955E-05 0.0313912 0.0209292 9.9955E-05 0.00153695 9.9955E-05
9.9964E-05 9.9964E-05 0.0795128 0.0257041 0.0439807 0.32394 0.00179145 0.387001 9.9964E-05 0.00466673 0.0933593 0.0383339 0.00131017 9.9964E-05
9.9946E-05 0.00835727 0.378787 9.9946E-05 0.0299845 9.9946E-05 0.01617 0.457662 9.9946E-05 0.0372205 0.0602622 0.0109573 9.9946E-05 9.9946E-05
0.233446 9.9946E-05 0.21585 0.0228029 0.0264228 0.377709 9.9946E-05 9.9946E-05 9.9946E-05 0.0421269 0.0368879 0.0441545 9.9946E-05 9.9946E-05
0.177229 9.9937E-05 9.9937E-05 0.00304442 9.9937E-05 0.639113 9.9937E-05 9.9937E-05 0.0378823 0.0153339 0.0421188 9.9937E-05 9.9937E-05 0.0845783
0.395269 9.9946E-05 9.9946E-05 9.9946E-05 0.00154575 0.139756 0.0352728 0.325458 0.0454687 0.00738619 0.0492446 9.9946E-05 9.9946E-05 9.9946E-05
9.98829E-05 9.98829E-05 9.98829E-05 0.998702 9.98829E-05 9.98829E-05 9.98829E-05 9.98829E-05 9.98829E-05 9.98829E-05 9.98829E-05 9.98829E-05 9.98829E-05 9.98829E-05
0.16498 9.9964E-05 0.127677 0.0154674 9.9964E-05 0.111091 9.9964E-05 0.241822 0.0384165 0.0714923 0.0775597 0.0760002 0.0750938 9.9964E-05
0.0878826 9.9964E-05 9.9964E-05 0.0861532 0.0269056 0.468313 0.000764193 0.239355 9.9964E-05 0.031198 0.03058 9.9964E-05 0.0172795 0.0111694
0.0385991 0.00462453 9.9946E-05 9.9946E-05 9.9946E-05 0.853049 9.9946E-05 9.9946E-05 0.0174318 0.0294513 9.9946E-05 0.0280007 0.0189394 0.00930449
0.0528972 9.99542E-05 9.99542E-05 0.0255623 9.99542E-05 0.170797 9.99542E-05 0.665566 9.99542E-05 0.017315 0.00871641 9.99542E-05 0.0373864 0.0211601
9.9946E-05 9.9946E-05 9.9946E-05 0.0441254 0.0331972 0.725954 0.0521164 0.0733635 0.028622 9.9946E-05 0.0137545 9.9946E-05 0.0282678 9.9946E-05
0.269818 0.159724 9.9964E-05 9.9964E-05 0.0193295 0.0692816 9.9964E-05 0.31912 9.9964E-05 0.030707 0.0234659 0.0330022 0.0556288 0.019523
0.15372 0.121488 9.9946E-05 0.023029 0.0278265 9.9946E-05 9.9946E-05 0.137781 9.9946E-05 0.008911 0.0290938 9.9946E-05 9.9946E-05 0.497551
0.119034 0.102238 0.16755 9.9955E-05 9.9955E-05 0.176628 9.9955E-05 0.309939 9.9955E-05 0.00916411 0.0598784 0.0365061 9.9955E-05 0.0185619
9.9901E-05 0.0316537 9.9901E-05 9.9901E-05 0.00902049 0.958227 9.9901E-05 9.9901E-05 9.9901E-05 9.9901E-05 9.9901E-05 9.9901E-05 9.9901E-05 9.9901E-05
9.9901E-05 0.16054 9.9901E-05 9.9901E-05 9.9901E-05 0.808305 9.9901E-05 9.9901E-05 9.9901E-05 0.0300561 9.9901E-05 9.9901E-05 9.9901E-05 9.9901E-05
9.995E-05 0.0585213 0.0543163 0.00616045 0.0149252 0.622747 0.0169754 0.148724 9.995E-05 9.995E-05 0.0415257 9.995E-05 0.0356048 9.995E-05
9.98919E-05 9.98919E-05 9.98919E-05 9.98919E-05 0.994632 9.98919E-05 9.98919E-05 9.98919E-05 9.98919E-05 9.98919E-05 9.98919E-05 9.98919E-05 0.0041696 9.98919E-05
0.142231 9.9946E-05 0.0720362 0.111343 0.0129144 9.9946E-05 9.9946E-05 0.598621 9.9946E-05 0.010903 0.0226158 9.9946E-05 0.028736 9.9946E-05
9.9937E-05 0.0350938 9.9937E-05 0.044789 9.9937E-05 0.709667 0.0374423 0.155848 9.9937E-05 0.0136443 9.9937E-05 9.9937E-05 0.00281663 9.9937E-05
9.995E-05 0.061071 9.995E-05 9.995E-05 0.029646 0.0676574 0.0729247 0.622674 0.080272 0.00623265 0.0149341 0.0440881 9.995E-05 9.995E-05
9.9955E-05 9.9955E-05 0.0981391 0.0280508 0.0117147 9.9955E-05 0.138272 0.612871 0.00845351 0.0378677 9.9955E-05 0.050319 0.0138125 9.9955E-05
9.9901E-05 9.9901E-05 9.9901E-05 0.000647602 9.9901E-05 9.9901E-05 9.9901E-05 0.983233 9.9901E-05 9.9901E-05 9.9901E-05 9.9901E-05 0.0150205 9.9901E-05
9.9955E-05 9.9955E-05 0.0920908 0.0481856 0.0475826 0.0957304 0.0891196 0.491349 0.0648403 9.9955E-05 0.0597275 0.0108747 9.9955E-05 9.9955E-05
9.9964E-05 9.9964E-05 0.19399 0.0271413 0.0502259 0.0227889 0.12055 0.382805 9.9964E-05 0.0803061 0.0129178 9.9964E-05 0.0052796 0.103595
0.108837 9.9955E-05 0.00568646 0.0238394 9.9955E-05 0.232058 9.9955E-05 0.521553 0.025997 0.0353571 0.031981 9.9955E-05 0.0141904 9.9955E-05
0.0427479 9.9928E-05 0.160611 0.0190574 9.9928E-05 0.381247 9.9928E-05 0.351758 9.9928E-05 0.04378 9.9928E-05 9.9928E-05 9.9928E-05 9.9928E-05
9.9946E-05 9.9946E-05 0.0104892 9.9946E-05 0.0188757 0.434128 0.150246 0.234412 9.9946E-05 0.0618286 0.0562935 9.9946E-05 0.0331274 9.9946E-05
9.9928E-05 9.9928E-05 9.9928E-05 0.0112339 9.9928E-05 0.254006 0.0934555 0.620529 9.9928E-05 9.9928E-05 9.9928E-05 0.0192657 0.000710929 9.9928E-05
9.9955E-05 0.042783 9.9955E-05 0.0559633 9.9955E-05 0.297 9.9955E-05 0.336075 0.0013807 0.0204626 0.0778599 9.9955E-05 0.0941918 0.0737845
9.9946E-05 0.00643006 0.058219 0.00606664 0.0151115 0.725383 0.0388242 0.14816 9.9946E-05 9.9946E-05 9.9946E-05 9.9946E-05 0.00120584 9.9946E-05
9.98829E-05 9.98829E-05 9.98829E-05 9.98829E-05 9.98829E-05 9.98829E-05 9.98829E-05 9.98829E-05 9.98829E-05 9.98829E-05 9.98829E-05 9.98829E-05 0.998702 9.98829E-05
0.0955767 9.9973E-05 0.110768 0.0149797 0.0504461 0.185055 9.9973E-05 0.365291 0.00698635 0.0396395 0.0621672 9.9973E-05 0.0256425 0.0431487
0.039583 9.9928E-05 9.9928E-05 0.0602419 0.0445379 0.0808774 9.9928E-05 0.757679 9.9928E-05 9.9928E-05 9.9928E-05 9.9928E-05 0.0162814 9.9928E-05
9.9946E-05 0.0623128 9.9946E-05 0.0372599 0.037832 0.381117 0.0842121 0.358549 0.0100114 9.9946E-05 9.9946E-05 9.9946E-05 0.0281067 9.9946E-05
9.9955E-05 0.0743391 9.9955E-05 0.0221327 0.023568 0.703508 0.0587625 0.0780614 9.9955E-05 0.0208121 0.0108864 9.9955E-05 0.00742963 9.9955E-05
0.0451059 9.9946E-05 0.200356 0.00973069 0.00269663 0.185379 9.9946E-05 0.498652 9.9946E-05 0.0476385 0.00984202 9.9946E-05 9.9946E-05 9.9946E-05
0.0331781 9.9946E-05 0.0554836 0.00857306 9.9946E-05 0.235529 9.9946E-05 0.617983 0.0151926 0.0227141 9.9946E-05 0.0107459 9.9946E-05 9.9946E-05
9.98829E-05 9.98829E-05 9.98829E-05 9.98829E-05 9.98829E-05 9.98829E-05 9.98829E-05 9.98829E-05 9.98829E-05 0.998702 9.98829E-05 9.98829E-05 9.98829E-05 9.98829E-05
9.98829E-05 9.98829E-05 9.98829E-05 9.98829E-05 9.98829E-05 9.98829E-05 9.98829E-05 9.98829E-05 9.98829E-05 9.98829E-05 9.98829E-05 9.98829E-05 0.998702 9.98829E-05
9.98829E-05 9.98829E-05 9.98829E-05 9.98829E-05 9.98829E-05 9.98829E-05 9.98829E-05 9.98829E-05 9.98829E-05 0.998702 9.98829E-05 9.98829E-05 9.98829E-05 9.98829E-05
0.0165058 9.9946E-05 9.9946E-05 0.0381871 0.057475 9.9946E-05 0.0175215 0.815946 0.0126914 9.9946E-05 0.0312551 9.9946E-05 0.00981807 9.9946E-05
0.0100596 0.0065404 9.9964E-05 0.0126806 0.0606861 9.9964E-05 0.0376497 0.630643 9.9964E-05 0.0665549 0.0518431 0.10402 0.0189233 9.9964E-05
0.03034 9.9955E-05 0.0528914 9.9955E-05 0.00228971 9.9955E-05 9.9955E-05 0.741257 0.0329075 0.0109347 0.0513936 9.9955E-05 0.0443894 0.033097
0.00268017 9.9937E-05 9.9937E-05 9.9937E-05 0.0129783 0.614158 9.9937E-05 0.270469 0.0263164 0.0559279 9.9937E-05 9.9937E-05 0.0167706 9.9937E-05
0.0314085 9.9937E-05 9.9937E-05 0.0244393 9.9937E-05 0.836019 9.9937E-05 9.9937E-05 9.9937E-05 9.9937E-05 0.00282144 0.0401043 0.0282501 0.0362575
9.98829E-05 9.98829E-05 9.98829E-05 9.98829E-05 0.998702 9.98829E-05 9.98829E-05 9.98829E-05 9.98829E-05 9.98829E-05 9.98829E-05 9.98829E-05 9.98829E-05 9.98829E-05
0.0619993 9.9964E-05 9.9964E-05 0.00156467 0.029746 0.262272 0.116106 0.418912 0.0489579 0.0176149 9.9964E-05 9.9964E-05 0.0376879 0.00473911
9.991E-05 0.0117763 0.753357 9.991E-05 9.991E-05 9.991E-05 9.991E-05 0.175912 9.991E-05 9.991E-05 0.0579559 9.991E-05 9.991E-05 9.991E-05
9.9928E-05 9.9928E-05 0.869021 0.0281611 9.9928E-05 9.9928E-05 0.088559 9.9928E-05 9.9928E-05 0.00398425 0.00552474 9.9928E-05 0.00395064 9.9928E-05
9.9919E-05 9.9919E-05 0.923075 9.9919E-05 9.9919E-05 9.9919E-05 9.9919E-05 9.9919E-05 0.00526688 0.0310694 9.9919E-05 0.0119369 0.0277529 9.9919E-05
9.9937E-05 9.9937E-05 0.855948 0.00401998 0.0335675 9.9937E-05 0.0350748 0.0491414 0.0026218 9.9937E-05 9.9937E-05 9.9937E-05 9.9937E-05 0.0189268
0.0194547 0.0851462 0.779779 9.9955E-05 0.00583944 9.9955E-05 9.9955E-05 0.0490946 9.9955E-05 0.0269906 0.000405513 0.0132539 0.0195363 9.9955E-05
9.99314E-05 0.0933476 0.878135 0.00924717 0.00736027 9.99314E-05 9.99314E-05 9.99314E-05 9.99314E-05 9.99314E-05 0.00836828 9.99314E-05 0.00274264 9.99314E-05
0.0236569 9.991E-05 0.889601 9.991E-05 9.991E-05 9.991E-05 9.991E-05 9.991E-05 0.00473293 9.991E-05 9.991E-05 9.991E-05 9.991E-05 0.0810099
9.9937E-05 9.9937E-05 0.84708 9.9937E-05 0.0074008 0.0466462 9.9937E-05 0.00864047 0.0712295 9.9937E-05 9.9937E-05 0.0107198 0.007584 9.9937E-05
0.0469991 9.9937E-05 0.792309 9.9937E-05 9.9937E-05 9.9937E-05 0.00913235 9.9937E-05 9.9937E-05 0.0123766 9.9937E-05 0.0249331 0.00950182 0.104048
0.0840437 9.9928E-05 0.774458 0.00985826 0.00629203 9.9928E-05 9.9928E-05 0.100197 9.9928E-05 0.0243509 9.9928E-05 9.9928E-05 9.9928E-05 9.9928E-05
0.0253047 9.9946E-05 0.699061 9.9946E-05 0.0203154 0.137795 0.0254467 9.9946E-05 9.9946E-05 9.9946E-05 0.0102486 0.0572831 9.9946E-05 0.0239463
0.00238071 0.804745 0.0391553 0.00815422 0.0424327 9.9964E-05 9.9964E-05 9.9964E-05 0.00194 0.028938 0.00774745 0.0558598 0.00824695 9.9964E-05
9.9937E-05 0.712555 0.10441 0.000731169 9.9937E-05 0.061398 0.0985911 9.9937E-05 9.9937E-05 9.9937E-05 0.000468738 9.9937E-05 0.0211464 9.9937E-05
0.0015502 0.717676 9.9964E-05 0.00253477 9.9964E-05 0.133365 0.100033 9.9964E-05 0.00482941 0.0043816 0.00570948 0.0147273 0.0147933 9.9964E-05
0.134257 0.776235 9.99371E-05 9.99371E-05 0.00146118 0.00393881 9.99371E-05 9.99371E-05 0.0272042 0.0418863 9.99371E-05 0.0143181 9.99371E-05 9.99371E-05
0.131015 0.656936 9.9919E-05 0.0553156 0.0171663 9.9919E-05 9.9919E-05 0.138667 9.9919E-05 9.9919E-05 9.9919E-05 9.9919E-05 9.9919E-05 9.9919E-05
9.9946E-05 0.540016 0.033957 9.9946E-05 9.9946E-05 9.9946E-05 9.9946E-05 0.162866 0.0155747 9.9946E-05 0.0139859 0.00478511 0.00190096 0.226315
0.0477761 0.782111 0.0478067 9.9937E-05 9.9937E-05 9.9937E-05 0.0627304 9.9937E-05 0.00159178 0.00226655 9.9937E-05 9.9937E-05 0.0550176 9.9937E-05
9.9937E-05 0.714184 9.9937E-05 0.0201793 0.00461613 0.168524 9.9937E-05 9.9937E-05 9.9937E-05 9.9937E-05 9.9937E-05 0.012286 0.0039523 0.0755585
9.99639E-05 0.428174 9.99639E-05 9.99639E-05 9.99639E-05 0.0238794 0.176242 0.142352 0.0188249 0.0546142 0.0139671 0.0206832 0.00364142 0.117222
0.155895 0.703256 0.132986 9.991E-05 9.991E-05 9.991E-05 9.991E-05 9.991E-05 9.991E-05 9.991E-05 9.991E-05 9.991E-05 0.0068639 9.991E-05
0.129781 0.791583 9.9919E-05 0.0389555 9.9919E-05 9.9919E-05 9.9919E-05 9.9919E-05 9.9919E-05 0.0123316 0.0264491 9.9919E-05 9.9919E-05 9.9919E-05
0.166161 0.465942 9.9946E-05 0.0010641 9.9946E-05 9.9946E-05 9.9946E-05 9.9946E-05 0.0199323 0.00417634 0.0355071 0.0144771 9.9946E-05 0.292141
0.0987512 0.350704 9.9946E-05 9.9946E-05 9.9946E-05 0.0441992 0.0885122 0.109362 9.9946E-05 0.00538962 0.0143228 9.9946E-05 9.9946E-05 0.288159
9.9937E-05 0.468671 9.9937E-05 9.9937E-05 0.00595184 9.9937E-05 0.0742004 0.316643 9.9937E-05 0.0271585 0.00527058 9.9937E-05 9.9937E-05 0.101405
9.994E-05 0.244675 9.994E-05 9.994E-05 0.0116345 9.994E-05 9.994E-05 0.0507058 0.00310001 9.994E-05 0.0584448 0.0167793 0.00353285 0.610528
9.9928E-05 9.9928E-05 9.9928E-05 0.0160355 0.0164482 9.9928E-05 9.9928E-05 0.0176467 9.9928E-05 9.9928E-05 0.00502957 9.9928E-05 0.00354987 0.940491
9.991E-05 9.991E-05 0.0833217 9.991E-05 9.991E-05 9.991E-05 9.991E-05 9.991E-05 9.991E-05 0.00311971 0.00824097 9.991E-05 9.991E-05 0.904319
9.9937E-05 0.0647142 0.0119827 9.9937E-05 9.9937E-05 0.0747308 9.9937E-05 9.9937E-05 0.0129005 0.00733754 0.0178525 9.9937E-05 9.9937E-05 0.809782
9.9883E-05 9.9883E-05 9.9883E-05 9.9883E-05 9.9883E-05 9.9883E-05 9.9883E-05 9.9883E-05 9.9883E-05 9.9883E-05 9.9883E-05 9.9883E-05 9.9883E-05 0.998702
9.99189E-05 0.0152795 9.99189E-05 0.0206588 9.99189E-05 9.99189E-05 0.13445 0.0845643 9.99189E-05 9.99189E-05 9.99189E-05 9.99189E-05 9.99189E-05 0.744148
9.9919E-05 9.9919E-05 9.9919E-05 0.0218776 0.0115171 9.9919E-05 0.0263991 0.169208 9.9919E-05 9.9919E-05 9.9919E-05 9.9919E-05 9.9919E-05 0.770099
0.0222043 9.9919E-05 9.9919E-05 9.9919E-05 9.9919E-05 0.0612716 9.9919E-05 9.9919E-05 9.9919E-05 0.00187379 9.9919E-05 9.9919E-05 0.0184734 0.895278
9.9955E-05 0.68949 0.0123116 0.0150587 9.9955E-05 9.9955E-05 0.07217 0.125652 0.00405861 0.0268 9.9955E-05 9.9955E-05 0.0178734 0.0360856
9.9964E-05 0.720439 0.0662476 0.0212007 0.0188175 0.0283614 0.12752 0.000808821 0.0121662 0.000318139 9.9964E-05 9.9964E-05 9.9964E-05 0.00372123
9.9955E-05 0.664136 9.9955E-05 9.9955E-05 0.00561888 9.9955E-05 0.0528488 0.147523 0.0440282 0.0109367 0.0091828 0.0244331 0.0407937 9.9955E-05
9.9919E-05 0.611089 9.9919E-05 9.9919E-05 9.9919E-05 9.9919E-05 0.115588 0.256409 9.9919E-05 9.9919E-05 9.9919E-05 0.00639855 9.9919E-05 0.00961619
9.9937E-05 0.741734 9.9937E-05 0.0192241 0.0280652 9.9937E-05 0.124546 9.9937E-05 0.0259789 0.0501218 9.9937E-05 0.00963029 9.9937E-05 9.9937E-05
9.9955E-05 0.426146 0.00241352 0.0347805 9.9955E-05 9.9955E-05 0.180036 0.0913245 0.0008516 9.9955E-05 0.0549176 9.9955E-05 0.0052091 0.203822
9.9973E-05 0.560177 0.00224817 0.0030065 0.00432395 0.111485 0.109327 0.0248442 0.0471638 0.00749329 0.0195874 9.9973E-05 9.9973E-05 0.110045
0.0692449 0.799687 9.99371E-05 0.0335524 0.0257941 9.99371E-05 9.99371E-05 9.99371E-05 9.99371E-05 0.0152384 0.028414 9.99371E-05 0.0273694 9.99371E-05
0.0864308 0.797516 0.047999 0.00483489 9.9937E-05 9.9937E-05 9.9937E-05 9.9937E-05 9.9937E-05 0.0115476 0.0392169 9.9937E-05 0.0117553 9.9937E-05
0.120716 0.677512 9.9928E-05 9.9928E-05 9.9928E-05 9.9928E-05 9.9928E-05 0.164939 0.0225257 9.9928E-05 9.9928E-05 0.00720844 0.00629927 9.9928E-05
0.0666322 0.658462 0.0344241 9.9937E-05 9.9937E-05 9.9937E-05 0.0290767 0.0843804 9.9937E-05 9.9937E-05 9.9937E-05 0.0435012 9.9937E-05 0.0828238
9.9946E-05 0.689913 9.9946E-05 9.9946E-05 0.00362737 9.9946E-05 9.9946E-05 0.0621906 9.9946E-05 0.0299678 0.00765966 0.0456222 0.037547 0.122872
9.9937E-05 0.872458 0.0107307 0.00780951 0.0389046 9.9937E-05 9.9937E-05 0.0657286 0.00183188 0.00183676 9.9937E-05 9.9937E-05 9.9937E-05 9.9937E-05
9.9928E-05 0.0588877 9.9928E-05 0.0209099 0.00786981 9.9928E-05 0.87811 9.9928E-05 9.9928E-05 0.0242477 0.00917558 9.9928E-05 9.9928E-05 9.9928E-05
9.9928E-05 0.0329565 9.9928E-05 0.0014299 0.0323096 9.9928E-05 0.921552 9.9928E-05 9.9928E-05 9.9928E-05 0.00372283 9.9928E-05 0.00722924 9.9928E-05
9.9928E-05 9.9928E-05 9.9928E-05 9.9928E-05 0.0104734 9.9928E-05 0.926021 9.9928E-05 0.0273673 0.0123061 9.9928E-05 9.9928E-05 0.00929542 0.0137368
9.9928E-05 0.0229081 9.9928E-05 0.0107074 9.9928E-05 9.9928E-05 0.899254 9.9928E-05 0.0388594 0.0106095 9.9928E-05 9.9928E-05 0.0168618 9.9928E-05
9.991E-05 9.991E-05 9.991E-05 9.991E-05 9.991E-05 0.0424297 0.935029 9.991E-05 0.006297 0.0152457 9.991E-05 9.991E-05 9.991E-05 9.991E-05
0.278888 9.9946E-05 9.9946E-05 0.0118037 0.0121428 9.9946E-05 0.577241 9.9946E-05 9.9946E-05 0.0154259 9.9946E-05 0.0336292 0.016779 0.0534904
9.9883E-05 9.9883E-05 9.9883E-05 9.9883E-05 9.9883E-05 9.9883E-05 0.998702 9.9883E-05 9.9883E-05 9.9883E-05 9.9883E-05 9.9883E-05 9.9883E-05 9.9883E-05
0.187944 9.9937E-05 0.00497968 9.9937E-05 9.9937E-05 9.9937E-05 0.538956 0.110012 0.0412617 9.9937E-05 9.9937E-05 0.0948851 9.9937E-05 0.0212621
