9.9901E-05 9.9901E-05 0.0236885 0.900032 9.9901E-05 9.9901E-05 0.00353874 9.9901E-05 9.9901E-05 9.9901E-05 9.9901E-05 0.0165747 0.0240049 0.0310621 9.9901E-05 9.9901E-05 9.9901E-05
0.00360413 9.9919E-05 0.115841 0.671263 9.9919E-05 0.0846847 9.9919E-05 9.9919E-05 9.9919E-05 9.9919E-05 9.9919E-05 0.0435727 0.0544407 9.9919E-05 0.000431179 9.9919E-05 0.0252633
0.0353883 0.0583616 0.0298628 0.746766 0.0428383 9.9919E-05 0.00221372 0.00167902 9.9919E-05 9.9919E-05 9.9919E-05 9.9919E-05 9.9919E-05 9.9919E-05 0.0819914 9.9919E-05 9.9919E-05
9.9928E-05 0.0336369 0.00453344 0.743839 0.112189 0.0204323 9.9928E-05 9.9928E-05 0.0178491 0.00925403 9.9928E-05 0.0240689 9.9928E-05 0.033398 9.9928E-05 9.9928E-05 9.9928E-05
0.130868 0.0176531 9.9928E-05 0.749888 9.9928E-05 0.0394476 9.9928E-05 0.00489326 9.9928E-05 0.00635808 0.0352072 9.9928E-05 9.9928E-05 9.9928E-05 0.0132601 0.00162558 9.9928E-05
0.016139 9.9901E-05 9.9901E-05 0.799606 9.9901E-05 9.9901E-05 9.9901E-05 9.9901E-05 9.9901E-05 0.00186122 0.0768657 9.9901E-05 9.9901E-05 9.9901E-05 0.0875711 0.0168583 9.9901E-05
9.9892E-05 9.9892E-05 9.9892E-05 0.861196 9.9892E-05 9.9892E-05 9.9892E-05 0.0147752 9.9892E-05 0.00342612 9.9892E-05 9.9892E-05 0.0431067 9.9892E-05 0.0762972 9.9892E-05 9.9892E-05
9.9928E-05 0.0384087 9.9928E-05 0.750535 9.9928E-05 9.9928E-05 0.0102421 9.9928E-05 0.00730683 0.0112654 9.9928E-05 0.0281258 0.0462561 0.0932819 9.9928E-05 0.0137788 9.9928E-05
9.9901E-05 0.0991755 9.9901E-05 0.714539 9.9901E-05 0.0953468 9.9901E-05 9.9901E-05 0.0598149 9.9901E-05 9.9901E-05 0.00614003 9.9901E-05 9.9901E-05 0.0238852 9.9901E-05 9.9901E-05
9.9946E-05 0.053625 0.0183567 0.76105 9.9946E-05 0.00255308 0.00268139 0.04726 0.0233436 0.0060059 9.9946E-05 9.9946E-05 0.00401482 0.079352 9.9946E-05 0.00115766 9.9946E-05
9.9937E-05 0.0792641 0.073889 0.662101 9.9937E-05 0.00229557 0.000647342 0.00918951 0.0517512 9.9937E-05 9.9937E-05 0.0312256 9.9937E-05 9.9937E-05 0.0865557 0.00238149 9.9937E-05
9.991E-05 0.045057 0.0384581 0.714135 0.115838 9.991E-05 9.991E-05 9.991E-05 9.991E-05 9.991E-05 9.991E-05 0.0433387 9.991E-05 9.991E-05 0.0414139 0.000760208 9.991E-05
0.108956 0.0586219 9.99191E-05 0.751092 9.99191E-05 9.99191E-05 0.00467645 9.99191E-05 9.99191E-05 0.000562643 9.99191E-05 0.040776 0.0220926 9.99191E-05 9.99191E-05 0.0123232 9.99191E-05
9.991E-05 9.991E-05 0.0613904 0.630881 0.0658317 9.991E-05 9.991E-05 0.0100159 9.991E-05 9.991E-05 9.991E-05 9.991E-05 0.0598423 0.0260754 0.144964 9.991E-05 9.991E-05
9.9901E-05 9.9901E-05 9.9901E-05 0.769207 9.9901E-05 9.9901E-05 9.9901E-05 0.0996627 0.0291582 9.9901E-05 0.0564762 9.9901E-05 9.9901E-05 0.02588 9.9901E-05 9.9901E-05 0.0185168
0.00536827 9.98921E-05 9.98921E-05 0.812533 9.98921E-05 9.98921E-05 9.98921E-05 9.98921E-05 9.98921E-05 9.98921E-05 0.0517182 9.98921E-05 9.98921E-05 9.98921E-05 0.126215 0.00296741 9.98921E-05
9.99011E-05 9.99011E-05 9.99011E-05 0.919567 9.99011E-05 9.99011E-05 9.99011E-05 9.99011E-05 0.0104692 0.0144634 9.99011E-05 9.99011E-05 0.0042563 9.99011E-05 9.99011E-05 0.027375 0.0227697
9.98831E-05 9.98831E-05 9.98831E-05 0.895398 9.98831E-05 9.98831E-05 9.98831E-05 9.98831E-05 9.98831E-05 0.00392143 0.0772551 9.98831E-05 9.98831E-05 9.98831E-05 9.98831E-05 9.98831E-05 0.0221274
9.98921E-05 9.98921E-05 9.98921E-05 0.89303 9.98921E-05 0.00581843 0.00484979 9.98921E-05 9.98921E-05 9.98921E-05 9.98921E-05 9.98921E-05 0.0250066 9.98921E-05 9.98921E-05 9.98921E-05 0.0700963
9.9874E-05 9.9874E-05 9.9874E-05 0.787059 0.197675 9.9874E-05 9.9874E-05 9.9874E-05 9.9874E-05 9.9874E-05 9.9874E-05 9.9874E-05 9.9874E-05 9.9874E-05 9.9874E-05 0.013868 9.9874E-05
9.9856E-05 9.9856E-05 9.9856E-05 9.9856E-05 9.9856E-05 9.9856E-05 0.998402 9.9856E-05 9.9856E-05 9.9856E-05 9.9856E-05 9.9856E-05 9.9856E-05 9.9856E-05 9.9856E-05 9.9856E-05 9.9856E-05
9.9892E-05 0.0554091 0.115654 9.9892E-05 9.9892E-05 9.9892E-05 9.9892E-05 0.714301 9.9892E-05 9.9892E-05 9.9892E-05 0.00218845 9.9892E-05 0.11125 9.9892E-05 9.9892E-05 9.9892E-05
9.9919E-05 0.0433883 9.9919E-05 0.0124637 0.270514 9.9919E-05 0.0186384 0.555463 9.9919E-05 0.00696001 9.9919E-05 9.9919E-05 9.9919E-05 0.0106309 9.9919E-05 9.9919E-05 0.081042
9.98738E-05 9.98738E-05 9.98738E-05 9.98738E-05 0.782568 9.98738E-05 0.006879 0.209155 9.98738E-05 9.98738E-05 9.98738E-05 9.98738E-05 9.98738E-05 9.98738E-05 9.98738E-05 9.98738E-05 9.98738E-05
9.98651E-05 9.98651E-05 9.98651E-05 9.98651E-05 9.98651E-05 9.98651E-05 9.98651E-05 0.990789 9.98651E-05 0.00771346 9.98651E-05 9.98651E-05 9.98651E-05 9.98651E-05 9.98651E-05 9.98651E-05 9.98651E-05
9.9874E-05 9.9874E-05 9.9874E-05 9.9874E-05 0.0612083 9.9874E-05 9.9874E-05 0.935783 9.9874E-05 9.9874E-05 9.9874E-05 9.9874E-05 9.9874E-05 9.9874E-05 9.9874E-05 0.00161004 9.9874E-05
0.00458224 9.9919E-05 9.9919E-05 9.9919E-05 9.9919E-05 9.9919E-05 0.0121103 0.8234 9.9919E-05 9.9919E-05 0.0904394 0.0009008 0.0173769 9.9919E-05 0.00740835 9.9919E-05 0.0428829
9.98739E-05 9.98739E-05 9.98739E-05 9.98739E-05 0.00802392 9.98739E-05 0.980563 9.98739E-05 9.98739E-05 9.98739E-05 9.98739E-05 9.98739E-05 9.98739E-05 0.0100147 9.98739E-05 9.98739E-05 9.98739E-05
0.102543 9.9892E-05 0.0146195 9.9892E-05 9.9892E-05 9.9892E-05 9.9892E-05 0.775955 9.9892E-05 0.0198137 9.9892E-05 9.9892E-05 9.9892E-05 9.9892E-05 0.0858697 9.9892E-05 9.9892E-05
9.99099E-05 0.0561171 9.99099E-05 9.99099E-05 9.99099E-05 9.99099E-05 9.99099E-05 0.735177 0.0401564 0.00773659 9.99099E-05 9.99099E-05 0.0255374 0.0782091 9.99099E-05 9.99099E-05 0.0560673
9.991E-05 9.991E-05 0.0365194 9.991E-05 9.991E-05 0.088241 0.0082413 0.840579 9.991E-05 9.991E-05 9.991E-05 9.991E-05 0.00394619 9.991E-05 9.991E-05 0.00383164 0.0176422
9.98739E-05 9.98739E-05 9.98739E-05 9.98739E-05 0.71749 9.98739E-05 0.0344211 0.24669 9.98739E-05 9.98739E-05 9.98739E-05 9.98739E-05 9.98739E-05 9.98739E-05 9.98739E-05 9.98739E-05 9.98739E-05
9.991E-05 9.991E-05 9.991E-05 0.0238937 9.991E-05 0.097255 0.0238766 0.719997 9.991E-05 9.991E-05 9.991E-05 0.0170636 0.111274 9.991E-05 9.991E-05 0.00564125 9.991E-05
9.99099E-05 9.99099E-05 0.0792482 9.99099E-05 9.99099E-05 0.024316 0.0291879 0.714212 9.99099E-05 9.99099E-05 0.0506126 0.0744482 9.99099E-05 0.0269758 9.99099E-05 9.99099E-05 9.99099E-05
9.98919E-05 9.98919E-05 9.98919E-05 9.98919E-05 0.3075 9.98919E-05 9.98919E-05 0.510882 9.98919E-05 0.0269879 0.112073 0.0413579 9.98919E-05 9.98919E-05 9.98919E-05 9.98919E-05 9.98919E-05
9.99279E-05 0.0702989 0.256685 0.00249032 0.0652464 9.99279E-05 0.00464554 0.360962 9.99279E-05 9.99279E-05 9.99279E-05 0.0165982 9.99279E-05 0.0619643 0.16031 9.99279E-05 9.99279E-05
9.98648E-05 9.98648E-05 9.98648E-05 9.98648E-05 0.809986 9.98648E-05 9.98648E-05 0.188516 9.98648E-05 9.98648E-05 9.98648E-05 9.98648E-05 9.98648E-05 9.98648E-05 9.98648E-05 9.98648E-05 9.98648E-05
9.991E-05 0.0606427 9.991E-05 9.991E-05 0.138577 9.991E-05 0.00579967 9.991E-05 9.991E-05 9.991E-05 0.0568836 9.991E-05 0.568742 0.0319704 9.991E-05 9.991E-05 0.136385
0.0559197 9.99099E-05 0.151575 9.99099E-05 0.0650797 9.99099E-05 9.99099E-05 9.99099E-05 9.99099E-05 9.99099E-05 0.0645461 9.99099E-05 0.581142 9.99099E-05 0.0768438 9.99099E-05 0.00389492
0.0310716 9.9883E-05 9.9883E-05 9.9883E-05 9.9883E-05 9.9883E-05 9.9883E-05 0.00481205 9.9883E-05 9.9883E-05 0.961139 9.9883E-05 9.9883E-05 0.00167927 9.9883E-05 9.9883E-05 9.9883E-05
9.98649E-05 9.98649E-05 9.98649E-05 9.98649E-05 0.0743632 9.98649E-05 9.98649E-05 9.98649E-05 9.98649E-05 9.98649E-05 0.924139 9.98649E-05 9.98649E-05 9.98649E-05 9.98649E-05 9.98649E-05 9.98649E-05
9.9937E-05 0.0289273 0.0248858 9.9937E-05 0.0906079 9.9937E-05 0.0269064 9.9937E-05 9.9937E-05 0.00707258 0.291182 0.0390877 0.434164 9.9937E-05 0.0549163 9.9937E-05 0.00154973
9.9892E-05 9.9892E-05 9.9892E-05 9.9892E-05 9.9892E-05 9.9892E-05 9.9892E-05 0.0216087 0.0124021 0.017517 9.9892E-05 9.9892E-05 0.900513 0.0467609 9.9892E-05 9.9892E-05 9.9892E-05
0.01871 0.121523 0.00183751 0.0324816 9.9946E-05 0.0414842 0.0132184 9.9946E-05 9.9946E-05 0.00580687 0.144822 0.0436767 0.45122 9.9946E-05 0.12462 9.9946E-05 9.9946E-05
9.991E-05 9.991E-05 0.0862086 9.991E-05 9.991E-05 9.991E-05 0.00614087 9.991E-05 0.00845311 0.00990214 9.991E-05 9.991E-05 0.817078 9.991E-05 0.0590114 9.991E-05 0.0122072
0.0704176 9.991E-05 9.991E-05 0.0110613 9.991E-05 9.991E-05 9.991E-05 0.0377185 9.991E-05 9.991E-05 0.0451978 9.991E-05 0.657327 9.991E-05 0.121888 9.991E-05 0.05539
9.9856E-05 9.9856E-05 9.9856E-05 9.9856E-05 9.9856E-05 9.9856E-05 9.9856E-05 9.9856E-05 9.9856E-05 9.9856E-05 0.998402 9.9856E-05 9.9856E-05 9.9856E-05 9.9856E-05 9.9856E-05 9.9856E-05
9.9901E-05 0.0492462 0.0459206 9.9901E-05 9.9901E-05 9.9901E-05 9.9901E-05 9.9901E-05 9.9901E-05 0.00409037 9.9901E-05 0.0129947 0.844242 0.0424073 9.9901E-05 9.9901E-05 9.9901E-05
9.991E-05 9.991E-05 9.991E-05 0.00654823 9.991E-05 0.0122466 0.0258723 9.991E-05 9.991E-05 9.991E-05 0.102932 9.991E-05 0.837769 9.991E-05 9.991E-05 0.0117553 0.0018776
9.98919E-05 0.296102 9.98919E-05 9.98919E-05 9.98919E-05 0.0840928 0.00637802 9.98919E-05 9.98919E-05 9.98919E-05 0.595547 9.98919E-05 9.98919E-05 9.98919E-05 9.98919E-05 9.98919E-05 0.0166816
9.9874E-05 9.9874E-05 9.9874E-05 9.9874E-05 0.193624 9.9874E-05 9.9874E-05 9.9874E-05 9.9874E-05 9.9874E-05 9.9874E-05 9.9874E-05 0.785879 9.9874E-05 9.9874E-05 0.0190991 9.9874E-05
9.9874E-05 9.9874E-05 9.9874E-05 9.9874E-05 9.9874E-05 9.9874E-05 9.9874E-05 9.9874E-05 9.9874E-05 9.9874E-05 0.545593 9.9874E-05 0.384537 9.9874E-05 0.0684713 9.9874E-05 9.9874E-05
9.98919E-05 9.98919E-05 9.98919E-05 9.98919E-05 9.98919E-05 0.0444112 9.98919E-05 9.98919E-05 9.98919E-05 0.0598428 0.213102 0.011474 0.669971 9.98919E-05 9.98919E-05 9.98919E-05 9.98919E-05
9.9892E-05 9.9892E-05 9.9892E-05 0.0764991 0.178569 9.9892E-05 9.9892E-05 9.9892E-05 9.9892E-05 9.9892E-05 9.9892E-05 9.9892E-05 0.725557 9.9892E-05 9.9892E-05 0.0161227 0.00205301
9.99459E-05 9.99459E-05 9.99459E-05 0.0113085 9.99459E-05 9.99459E-05 0.00272616 9.99459E-05 0.000229474 0.00592321 0.41739 0.00348 0.436769 0.0124567 0.0596459 0.00674034 0.0427314
0.00446058 0.14028 0.0620605 9.991E-05 0.210327 9.991E-05 9.991E-05 9.991E-05 9.991E-05 9.991E-05 9.991E-05 9.991E-05 0.560469 0.00294199 9.991E-05 0.0184632 9.991E-05
9.991E-05 9.991E-05 9.991E-05 0.0509382 9.991E-05 0.0314094 0.00432805 0.0564252 9.991E-05 0.0303943 9.991E-05 9.991E-05 0.821657 9.991E-05 0.00384849 9.991E-05 9.991E-05
9.99279E-05 9.99279E-05 0.4244 9.99279E-05 0.108698 9.99279E-05 9.99279E-05 9.99279E-05 0.145136 9.99279E-05 0.0235782 0.00169923 0.0961212 9.99279E-05 0.0886934 0.00710984 0.103765
9.9856E-05 9.9856E-05 9.9856E-05 9.9856E-05 9.9856E-05 9.9856E-05 9.9856E-05 9.9856E-05 9.9856E-05 9.9856E-05 9.9856E-05 0.998402 9.9856E-05 9.9856E-05 9.9856E-05 9.9856E-05 9.9856E-05
0.00538673 9.99243E-05 0.647382 9.99243E-05 0.182238 9.99243E-05 9.99243E-05 9.99243E-05 9.99243E-05 0.00691172 0.00966419 0.0268696 9.99243E-05 0.0542329 9.99243E-05 9.99243E-05 0.0664153
0.143688 9.9919E-05 0.364784 0.0246404 9.9919E-05 9.9919E-05 0.00120134 9.9919E-05 0.286878 0.0179206 0.156388 0.00360087 9.9919E-05 9.9919E-05 9.9919E-05 9.9919E-05 9.9919E-05
0.0862933 0.123586 0.00942925 9.991E-05 9.991E-05 0.0193711 9.991E-05 9.991E-05 0.700521 9.991E-05 9.991E-05 0.0509186 9.991E-05 9.991E-05 9.991E-05 0.00888125 9.991E-05
9.991E-05 9.991E-05 9.991E-05 9.991E-05 0.0123477 0.061962 0.0149034 9.991E-05 0.761094 9.991E-05 0.0772032 9.991E-05 0.0540618 9.991E-05 9.991E-05 0.0174288 9.991E-05
9.9883E-05 9.9883E-05 9.9883E-05 9.9883E-05 9.9883E-05 9.9883E-05 9.9883E-05 0.00323777 9.9883E-05 0.000304795 9.9883E-05 0.933868 9.9883E-05 9.9883E-05 9.9883E-05 0.0612913 9.9883E-05
9.9856E-05 9.9856E-05 9.9856E-05 9.9856E-05 9.9856E-05 9.9856E-05 9.9856E-05 9.9856E-05 9.9856E-05 9.9856E-05 9.9856E-05 0.998402 9.9856E-05 9.9856E-05 9.9856E-05 9.9856E-05 9.9856E-05
0.0721161 9.99189E-05 0.656778 0.0483999 9.99189E-05 0.105738 9.99189E-05 9.99189E-05 0.00579185 9.99189E-05 0.00854079 0.0713523 9.99189E-05 9.99189E-05 9.99189E-05 0.0303845 9.99189E-05
9.9919E-05 9.9919E-05 9.9919E-05 9.9919E-05 9.9919E-05 9.9919E-05 0.0156872 0.112878 0.530927 0.016891 9.9919E-05 0.0150534 9.9919E-05 0.119154 9.9919E-05 0.0478468 0.140664
0.096086 0.0669134 0.0288908 9.9937E-05 9.9937E-05 9.9937E-05 9.9937E-05 9.9937E-05 0.484963 0.0358717 0.0135151 0.0906853 9.9937E-05 0.0512794 9.9937E-05 0.00725687 0.123839
0.0246271 9.9937E-05 9.9937E-05 9.9937E-05 9.9937E-05 9.9937E-05 0.0194593 0.0581988 0.676251 0.0268486 0.0723465 0.0638536 9.9937E-05 9.9937E-05 0.0123763 0.0342346 0.0111046
9.993E-05 9.993E-05 0.101577 0.0333253 9.993E-05 0.0704486 0.00739218 0.0713974 0.487309 0.0376185 9.993E-05 0.132524 9.993E-05 9.993E-05 9.993E-05 0.0317659 0.0259436
9.9928E-05 9.9928E-05 9.9928E-05 0.00239818 9.9928E-05 0.0252439 9.9928E-05 0.0229703 0.726821 0.00950978 0.103375 0.0363878 9.9928E-05 9.9928E-05 9.9928E-05 0.0332631 0.0392322
0.109154 9.991E-05 9.991E-05 9.991E-05 9.991E-05 9.991E-05 0.00306803 9.991E-05 0.720824 9.991E-05 0.123336 0.0184899 9.991E-05 9.991E-05 0.00966073 0.0144684 9.991E-05
9.98919E-05 9.98919E-05 0.0724127 9.98919E-05 0.485846 9.98919E-05 9.98919E-05 9.98919E-05 0.330963 9.98919E-05 9.98919E-05 0.0832045 9.98919E-05 9.98919E-05 9.98919E-05 9.98919E-05 0.0263755
0.380712 0.0293536 0.412767 9.9919E-05 0.0388468 9.9919E-05 9.9919E-05 9.9919E-05 0.0315948 9.9919E-05 0.0935902 0.000301058 9.9919E-05 9.9919E-05 9.9919E-05 0.0119359 9.9919E-05
0.209764 9.9919E-05 0.0519449 9.9919E-05 9.9919E-05 9.9919E-05 0.0413947 9.9919E-05 0.226195 9.9919E-05 9.9919E-05 0.0376362 0.352017 9.9919E-05 9.9919E-05 0.0278205 0.0523286
0.0725321 9.9928E-05 0.0339843 0.0501312 9.9928E-05 9.9928E-05 9.9928E-05 9.9928E-05 0.35816 0.00446568 0.45503 9.9928E-05 9.9928E-05 0.000560676 9.9928E-05 0.00896057 0.0153762
9.98919E-05 9.98919E-05 0.104308 0.0254792 9.98919E-05 9.98919E-05 9.98919E-05 9.98919E-05 0.0258753 9.98919E-05 0.826107 0.0170317 9.98919E-05 9.98919E-05 9.98919E-05 9.98919E-05 9.98919E-05
9.9883E-05 9.9883E-05 9.9883E-05 9.9883E-05 9.9883E-05 9.9883E-05 9.9883E-05 9.9883E-05 9.9883E-05 9.9883E-05 9.9883E-05 0.932814 0.0134046 9.9883E-05 9.9883E-05 0.0372227 0.0152598
9.9928E-05 0.0221443 9.9928E-05 0.0329313 0.46572 9.9928E-05 0.00550148 9.9928E-05 0.311646 0.0479196 9.9928E-05 0.0544951 0.0231696 9.9928E-05 9.9928E-05 0.0356734 9.9928E-05
9.9928E-05 9.9928E-05 0.21789 9.9928E-05 0.0104495 0.0108788 9.9928E-05 9.9928E-05 0.371484 0.0114822 0.211125 0.0714342 9.9928E-05 9.9928E-05 9.9928E-05 0.0251859 0.0692708
9.98559E-05 9.98559E-05 9.98559E-05 9.98559E-05 9.98559E-05 9.98559E-05 9.98559E-05 9.98559E-05 9.98559E-05 9.98559E-05 9.98559E-05 9.98559E-05 9.98559E-05 9.98559E-05 9.98559E-05 9.98559E-05 0.998402
0.0668684 9.9928E-05 0.201056 0.00793925 0.203347 9.9928E-05 9.9928E-05 9.9928E-05 0.3232 0.0189288 9.9928E-05 0.0528087 9.9928E-05 0.0329645 9.9928E-05 9.9928E-05 0.0920886
9.991E-05 9.991E-05 0.0165012 0.0621525 9.991E-05 9.991E-05 9.991E-05 9.991E-05 0.727762 0.021247 9.991E-05 0.00634509 0.155875 9.991E-05 9.991E-05 9.991E-05 0.00911849
9.98558E-05 9.98558E-05 9.98558E-05 9.98558E-05 0.998402 9.98558E-05 9.98558E-05 9.98558E-05 9.98558E-05 9.98558E-05 9.98558E-05 9.98558E-05 9.98558E-05 9.98558E-05 9.98558E-05 9.98558E-05 9.98558E-05
9.9892E-05 9.9892E-05 0.193569 9.9892E-05 9.9892E-05 0.620207 9.9892E-05 9.9892E-05 9.9892E-05 9.9892E-05 9.9892E-05 0.0357117 0.13434 9.9892E-05 9.9892E-05 0.0149741 9.9892E-05
0.00783845 9.99393E-05 0.111813 9.99393E-05 9.99393E-05 0.172712 9.99393E-05 0.0871322 0.310616 9.99393E-05 9.99393E-05 0.0394876 0.127591 0.0628608 9.99393E-05 0.00317271 0.0760766
9.9856E-05 9.9856E-05 9.9856E-05 9.9856E-05 9.9856E-05 9.9856E-05 9.9856E-05 9.9856E-05 9.9856E-05 9.9856E-05 9.9856E-05 9.9856E-05 9.9856E-05 9.9856E-05 9.9856E-05 9.9856E-05 0.998402
9.9865E-05 9.9865E-05 9.9865E-05 9.9865E-05 9.9865E-05 9.9865E-05 9.9865E-05 9.9865E-05 9.9865E-05 9.9865E-05 9.9865E-05 9.9865E-05 9.9865E-05 9.9865E-05 0.000208172 9.9865E-05 0.998294
9.9928E-05 0.0596882 9.9928E-05 9.9928E-05 9.9928E-05 0.0537006 0.00354574 0.00846516 0.711237 0.0271449 9.9928E-05 9.9928E-05 0.0763298 9.9928E-05 0.0144611 9.9928E-05 0.0446278
9.98648E-05 9.98648E-05 0.904542 9.98648E-05 9.98648E-05 9.98648E-05 9.98648E-05 9.98648E-05 9.98648E-05 0.0939602 9.98648E-05 9.98648E-05 9.98648E-05 9.98648E-05 9.98648E-05 9.98648E-05 9.98648E-05
0.0267353 9.99279E-05 0.298094 9.99279E-05 9.99279E-05 0.0236928 9.99279E-05 0.0667436 0.260119 0.0053959 9.99279E-05 0.104406 0.185938 9.99279E-05 9.99279E-05 0.0280753 9.99279E-05
9.98921E-05 9.98921E-05 9.98921E-05 9.98921E-05 9.98921E-05 9.98921E-05 9.98921E-05 9.98921E-05 0.780351 0.00824406 0.103993 9.98921E-05 0.0723019 0.0339107 9.98921E-05 9.98921E-05 9.98921E-05
9.991E-05 0.109562 0.364422 0.000519421 9.991E-05 9.991E-05 0.0198908 9.991E-05 0.293724 9.991E-05 9.991E-05 9.991E-05 9.991E-05 9.991E-05 0.205966 0.00491624 9.991E-05
0.000546252 0.0771568 0.608852 0.0332183 9.9937E-05 9.9937E-05 9.9937E-05 0.130998 0.0394465 9.9937E-05 0.0545192 9.9937E-05 9.9937E-05 0.0213355 9.9937E-05 0.023501 0.00972668
0.0451216 0.227837 0.315063 9.9937E-05 0.0788946 9.9937E-05 0.00270671 0.0105968 0.270619 9.9937E-05 9.9937E-05 9.9937E-05 9.9937E-05 9.9937E-05 0.00979822 0.0285811 0.0100823
0.047461 9.9928E-05 0.461566 0.0602718 9.9928E-05 9.9928E-05 0.010091 9.9928E-05 0.134563 9.9928E-05 0.0129343 0.0665414 9.9928E-05 0.156796 9.9928E-05 9.9928E-05 0.048976
9.99189E-05 0.115539 0.074691 9.99189E-05 0.357019 0.082374 9.99189E-05 9.99189E-05 0.280043 0.00534105 9.99189E-05 0.0369169 9.99189E-05 9.99189E-05 9.99189E-05 0.0471767 9.99189E-05
0.0578165 9.9937E-05 0.422385 0.031775 9.9937E-05 9.9937E-05 9.9937E-05 0.00427311 0.175123 9.9937E-05 0.114274 0.0389839 0.0645309 9.9937E-05 9.9937E-05 0.0293542 0.0607844
0.142683 9.9946E-05 0.103353 0.0166534 0.0529244 9.9946E-05 9.9946E-05 0.0471266 0.321569 0.00877231 9.9946E-05 0.0364311 0.0988507 9.9946E-05 9.9946E-05 0.0346754 0.136361
0.0176325 0.131812 0.304511 9.9919E-05 9.9919E-05 9.9919E-05 9.9919E-05 9.9919E-05 0.353632 9.9919E-05 0.0640772 0.0618887 9.9919E-05 9.9919E-05 9.9919E-05 0.0581827 0.00736466
0.0135704 0.101768 0.0516399 9.9928E-05 9.9928E-05 9.9928E-05 0.0276342 0.0158376 0.686885 0.0235841 9.9928E-05 9.9928E-05 9.9928E-05 0.00497533 0.0733057 9.9928E-05 9.9928E-05
9.9928E-05 9.9928E-05 0.248712 9.9928E-05 9.9928E-05 9.9928E-05 0.0134262 9.9928E-05 0.227988 0.0689143 0.144948 0.139709 9.9928E-05 0.0994349 9.9928E-05 0.0112911 0.0447763
9.9883E-05 9.9883E-05 9.9883E-05 9.9883E-05 9.9883E-05 0.00956407 9.9883E-05 9.9883E-05 0.889535 9.9883E-05 0.0266182 9.9883E-05 9.9883E-05 9.9883E-05 0.0729837 9.9883E-05 9.9883E-05
9.9856E-05 9.9856E-05 9.9856E-05 9.9856E-05 9.9856E-05 9.9856E-05 9.9856E-05 9.9856E-05 9.9856E-05 0.998402 9.9856E-05 9.9856E-05 9.9856E-05 9.9856E-05 9.9856E-05 9.9856E-05 9.9856E-05
0.0828712 9.9955E-05 0.267048 0.0184628 0.166441 9.9955E-05 9.9955E-05 9.9955E-05 0.205615 0.0173057 9.9955E-05 0.0444646 0.0296419 0.0464727 0.0311236 0.0464173 0.043637
9.9919E-05 9.9919E-05 0.424383 9.9919E-05 0.0480481 0.0195104 0.00723265 9.9919E-05 0.39567 9.9919E-05 9.9919E-05 0.0149983 0.0820414 9.9919E-05 9.9919E-05 9.9919E-05 0.00721727
9.9928E-05 0.0774076 0.175593 0.0295578 0.0499037 0.0583816 0.00940916 9.9928E-05 0.567752 0.030723 9.9928E-05 0.00047333 9.9928E-05 9.9928E-05 9.9928E-05 9.9928E-05 9.9928E-05
9.9892E-05 0.00608793 9.9892E-05 9.9892E-05 9.9892E-05 9.9892E-05 9.9892E-05 9.9892E-05 0.792661 9.9892E-05 9.9892E-05 9.9892E-05 0.133593 9.9892E-05 0.0588982 0.00756143 9.9892E-05
0.180244 9.9892E-05 0.412463 9.9892E-05 9.9892E-05 9.9892E-05 9.9892E-05 9.9892E-05 0.260391 9.9892E-05 9.9892E-05 9.9892E-05 0.108371 9.9892E-05 9.9892E-05 0.0373329 9.9892E-05
0.0986932 0.0551771 0.146928 0.0208574 9.9937E-05 9.9937E-05 0.00969134 0.0544391 0.438904 9.9937E-05 0.0167487 9.9937E-05 9.9937E-05 9.9937E-05 9.9937E-05 0.0163886 0.141473
9.9856E-05 9.9856E-05 9.9856E-05 9.9856E-05 9.9856E-05 9.9856E-05 9.9856E-05 9.9856E-05 9.9856E-05 9.9856E-05 9.9856E-05 9.9856E-05 9.9856E-05 9.9856E-05 9.9856E-05 0.998402 9.9856E-05
9.9856E-05 9.9856E-05 9.9856E-05 9.9856E-05 9.9856E-05 9.9856E-05 9.9856E-05 9.9856E-05 9.9856E-05 0.998402 9.9856E-05 9.9856E-05 9.9856E-05 9.9856E-05 9.9856E-05 9.9856E-05 9.9856E-05
9.98559E-05 9.98559E-05 9.98559E-05 9.98559E-05 9.98559E-05 9.98559E-05 9.98559E-05 9.98559E-05 9.98559E-05 9.98559E-05 9.98559E-05 9.98559E-05 9.98559E-05 9.98559E-05 9.98559E-05 0.998402 9.98559E-05
9.9892E-05 9.9892E-05 0.560211 9.9892E-05 9.9892E-05 9.9892E-05 9.9892E-05 9.9892E-05 0.203441 9.9892E-05 0.0691494 0.0991009 9.9892E-05 9.9892E-05 0.0668996 9.9892E-05 9.9892E-05
9.9919E-05 9.9919E-05 0.693025 9.9919E-05 9.9919E-05 0.097145 0.0370881 0.00997292 9.9919E-05 9.9919E-05 0.0434916 0.0794688 9.9919E-05 9.9919E-05 0.00451859 0.0343911 9.9919E-05
0.00797338 9.9946E-05 0.380886 0.0127083 0.223297 9.9946E-05 9.9946E-05 9.9946E-05 0.18583 0.0220688 9.9946E-05 0.0554928 9.9946E-05 0.0765555 0.0127262 0.00152983 0.0203328
9.991E-05 9.991E-05 0.268481 0.0122563 9.991E-05 9.991E-05 0.0207009 9.991E-05 0.419158 0.0101974 0.236574 9.991E-05 9.991E-05 9.991E-05 9.991E-05 0.0316321 9.991E-05
0.0548565 9.9919E-05 9.9919E-05 9.9919E-05 9.9919E-05 9.9919E-05 0.00361415 0.0395531 0.581212 0.0287211 0.277595 0.0104749 9.9919E-05 0.00307365 9.9919E-05 9.9919E-05 9.9919E-05
9.98648E-05 9.98648E-05 0.976013 9.98648E-05 9.98648E-05 9.98648E-05 9.98648E-05 9.98648E-05 9.98648E-05 0.0224893 9.98648E-05 9.98648E-05 9.98648E-05 9.98648E-05 9.98648E-05 9.98648E-05 9.98648E-05
9.99189E-05 9.99189E-05 0.443402 0.0385757 9.99189E-05 0.0715806 9.99189E-05 0.0399817 0.189752 0.0167298 0.175001 9.99189E-05 9.99189E-05 9.99189E-05 9.99189E-05 0.0240783 9.99189E-05
0.826042 9.9892E-05 0.0902491 9.9892E-05 9.9892E-05 0.0373627 0.00897277 9.9892E-05 9.9892E-05 9.9892E-05 9.9892E-05 0.0361749 9.9892E-05 9.9892E-05 9.9892E-05 9.9892E-05 9.9892E-05
0.906535 0.00829463 9.9892E-05 9.9892E-05 9.9892E-05 9.9892E-05 9.9892E-05 9.9892E-05 9.9892E-05 0.00197325 0.0226687 9.9892E-05 9.9892E-05 9.9892E-05 9.9892E-05 9.9892E-05 0.0593301
0.870727 9.991E-05 0.0190866 9.991E-05 9.991E-05 9.991E-05 0.0406611 9.991E-05 9.991E-05 0.0167591 0.00607427 9.991E-05 9.991E-05 9.991E-05 9.991E-05 0.0230731 0.0226199
0.834313 0.0227136 0.113496 0.000109133 0.0174119 9.991E-05 0.00771702 9.991E-05 9.991E-05 9.991E-05 9.991E-05 9.991E-05 9.991E-05 9.991E-05 9.991E-05 0.00324024 9.991E-05
0.663619 9.9919E-05 0.0508962 9.9919E-05 9.9919E-05 0.00510183 9.9919E-05 0.0976797 0.0124906 0.011771 9.9919E-05 9.9919E-05 0.116845 9.9919E-05 9.9919E-05 0.0406979 9.9919E-05
0.76933 9.9874E-05 9.9874E-05 9.9874E-05 0.184834 9.9874E-05 9.9874E-05 9.9874E-05 9.9874E-05 9.9874E-05 9.9874E-05 9.9874E-05 9.9874E-05 0.0444377 9.9874E-05 9.9874E-05 9.9874E-05
0.979999 9.9874E-05 9.9874E-05 9.9874E-05 9.9874E-05 9.9874E-05 9.9874E-05 9.9874E-05 9.9874E-05 9.9874E-05 9.9874E-05 9.9874E-05 0.00600067 9.9874E-05 0.0126017 9.9874E-05 9.9874E-05
0.878421 9.991E-05 0.00423546 0.0282199 0.0236039 9.991E-05 9.991E-05 9.991E-05 9.991E-05 0.018079 9.991E-05 9.991E-05 9.991E-05 0.0147674 9.991E-05 9.991E-05 0.0316746
0.720649 0.0538311 9.9919E-05 9.9919E-05 9.9919E-05 0.0261482 9.9919E-05 0.0356574 0.0081513 0.0035919 9.9919E-05 9.9919E-05 0.145419 9.9919E-05 9.9919E-05 0.00565233 9.9919E-05
0.704354 0.0171953 9.9928E-05 9.9928E-05 0.111274 9.9928E-05 0.0248433 9.9928E-05 9.9928E-05 0.0187567 9.9928E-05 0.0341846 9.9928E-05 9.9928E-05 0.00721907 0.000373909 0.0810002
0.639788 9.9892E-05 9.9892E-05 9.9892E-05 0.199372 9.9892E-05 9.9892E-05 0.00016507 0.124564 9.9892E-05 9.9892E-05 9.9892E-05 0.0349125 9.9892E-05 9.9892E-05 9.9892E-05 9.9892E-05
9.9883E-05 9.9883E-05 9.9883E-05 9.9883E-05 0.188489 0.39466 9.9883E-05 9.9883E-05 9.9883E-05 9.9883E-05 9.9883E-05 9.9883E-05 9.9883E-05 9.9883E-05 0.403332 0.0122214 9.9883E-05
0.13779 9.991E-05 9.991E-05 9.991E-05 9.991E-05 0.294616 0.0163421 9.991E-05 9.991E-05 0.0153997 9.991E-05 0.00196658 9.991E-05 0.258013 0.274873 9.991E-05 9.991E-05
9.9928E-05 0.0176721 9.9928E-05 0.000935426 9.9928E-05 0.129063 0.0164059 0.0315969 9.9928E-05 9.9928E-05 0.0393157 9.9928E-05 0.0327414 9.9928E-05 0.649336 9.9928E-05 0.0821343
9.9919E-05 0.00248556 9.9919E-05 9.9919E-05 0.00788381 9.9919E-05 9.9919E-05 9.9919E-05 9.9919E-05 9.9919E-05 0.0369924 9.9919E-05 0.0767207 0.0490682 0.813569 0.0122469 0.000134175
9.9901E-05 9.9901E-05 9.9901E-05 0.0102566 9.9901E-05 0.098355 0.0366594 9.9901E-05 9.9901E-05 9.9901E-05 0.147399 0.004578 9.9901E-05 9.9901E-05 0.701653 9.9901E-05 9.9901E-05
0.041537 0.0120552 0.0455066 9.991E-05 0.0625839 0.813531 0.020183 9.991E-05 9.991E-05 9.991E-05 9.991E-05 9.991E-05 9.991E-05 9.991E-05 9.991E-05 0.00360401 9.991E-05
9.9883E-05 9.9883E-05 9.9883E-05 9.9883E-05 0.0417303 0.86237 9.9883E-05 0.0592807 9.9883E-05 0.0353205 9.9883E-05 9.9883E-05 9.9883E-05 9.9883E-05 9.9883E-05 9.9883E-05 9.9883E-05
9.9901E-05 9.9901E-05 9.9901E-05 9.9901E-05 9.9901E-05 0.178496 0.0374091 9.9901E-05 0.0496061 9.9901E-05 9.9901E-05 9.9901E-05 9.9901E-05 0.0592921 0.639918 9.9901E-05 0.0341793
9.99279E-05 0.0707217 0.0424315 0.0350666 9.99279E-05 9.99279E-05 9.99279E-05 0.0177388 9.99279E-05 0.0215509 9.99279E-05 0.00107185 0.00683044 9.99279E-05 0.754258 0.0495304 9.99279E-05
9.98831E-05 9.98831E-05 9.98831E-05 9.98831E-05 0.000941465 0.881881 9.98831E-05 9.98831E-05 9.98831E-05 9.98831E-05 9.98831E-05 9.98831E-05 0.104469 9.98831E-05 9.98831E-05 9.98831E-05 0.0114101
9.9883E-05 9.9883E-05 9.9883E-05 9.9883E-05 9.9883E-05 9.9883E-05 0.0121545 9.9883E-05 9.9883E-05 9.9883E-05 9.9883E-05 0.0383714 0.0800572 9.9883E-05 0.868118 9.9883E-05 9.9883E-05
9.9883E-05 9.9883E-05 9.9883E-05 0.0542804 9.9883E-05 0.897448 0.000652254 9.9883E-05 9.9883E-05 9.9883E-05 9.9883E-05 9.9883E-05 0.0463211 9.9883E-05 9.9883E-05 9.9883E-05 9.9883E-05
0.0594709 9.9937E-05 9.9937E-05 0.0516755 0.144388 0.278465 0.014085 9.9937E-05 9.9937E-05 0.000353708 0.0973766 9.9937E-05 9.9937E-05 0.126513 0.205121 9.9937E-05 0.0218519
9.991E-05 9.991E-05 0.188033 9.991E-05 9.991E-05 0.0324203 9.991E-05 9.991E-05 0.0209995 9.991E-05 9.991E-05 9.991E-05 0.107581 0.0838169 0.560454 0.00569703 9.991E-05
0.0305984 9.9883E-05 9.9883E-05 9.9883E-05 0.104587 9.9883E-05 9.9883E-05 9.9883E-05 9.9883E-05 9.9883E-05 9.9883E-05 0.0217721 9.9883E-05 0.841744 9.9883E-05 9.9883E-05 9.9883E-05
9.98829E-05 9.98829E-05 0.0622295 9.98829E-05 9.98829E-05 9.98829E-05 0.00299865 9.98829E-05 9.98829E-05 9.98829E-05 9.98829E-05 0.0223086 9.98829E-05 0.911165 9.98829E-05 9.98829E-05 9.98829E-05
9.9874E-05 9.9874E-05 9.9874E-05 9.9874E-05 9.9874E-05 0.318927 9.9874E-05 9.9874E-05 9.9874E-05 9.9874E-05 9.9874E-05 0.0222031 9.9874E-05 0.657471 9.9874E-05 9.9874E-05 9.9874E-05
9.98739E-05 9.98739E-05 9.98739E-05 9.98739E-05 9.98739E-05 9.98739E-05 9.98739E-05 9.98739E-05 0.0226358 9.98739E-05 9.98739E-05 9.98739E-05 9.98739E-05 0.97403 9.98739E-05 0.00193616 9.98739E-05
9.98561E-05 9.98561E-05 9.98561E-05 9.98561E-05 9.98561E-05 9.98561E-05 9.98561E-05 9.98561E-05 9.98561E-05 9.98561E-05 9.98561E-05 9.98561E-05 9.98561E-05 0.998402 9.98561E-05 9.98561E-05 9.98561E-05
9.9892E-05 0.0451736 0.0292063 9.9892E-05 9.9892E-05 9.9892E-05 0.0185223 9.9892E-05 9.9892E-05 9.9892E-05 9.9892E-05 9.9892E-05 9.9892E-05 0.853336 0.0525628 9.9892E-05 9.9892E-05
9.9928E-05 0.233213 0.118149 0.00560478 9.9928E-05 0.0471143 9.9928E-05 0.0441114 9.9928E-05 0.0153439 9.9928E-05 9.9928E-05 9.9928E-05 0.523434 0.00311812 0.0091123 9.9928E-05
9.9901E-05 9.9901E-05 9.9901E-05 9.9901E-05 0.00148083 0.913168 9.9901E-05 9.9901E-05 9.9901E-05 0.0122556 9.9901E-05 9.9901E-05 9.9901E-05 0.0480942 9.9901E-05 0.0083395 0.0155631
0.0450088 9.9919E-05 9.9919E-05 9.9919E-05 0.0884905 0.0183025 9.9919E-05 9.9919E-05 9.9919E-05 0.00515966 9.9919E-05 9.9919E-05 9.9919E-05 0.436395 0.37546 0.0234346 0.00684986
0.00518967 0.034724 0.0411028 0.00976564 9.9928E-05 0.195013 9.9928E-05 0.0076956 9.9928E-05 9.9928E-05 9.9928E-05 9.9928E-05 9.9928E-05 0.244975 0.42677 9.9928E-05 0.0339656
9.991E-05 0.0118731 0.0396584 0.00463122 0.258053 9.991E-05 9.991E-05 9.991E-05 9.991E-05 0.00987631 9.991E-05 9.991E-05 9.991E-05 0.21956 0.455349 9.991E-05 9.991E-05
9.9919E-05 0.0056014 0.107245 0.00362273 9.9919E-05 0.516583 0.0111074 0.0986466 0.0454304 9.9919E-05 9.9919E-05 9.9919E-05 9.9919E-05 9.9919E-05 0.210865 9.9919E-05 9.9919E-05
9.9928E-05 0.114336 9.9928E-05 0.0263904 0.00603476 0.280189 0.0306268 9.9928E-05 9.9928E-05 9.9928E-05 9.9928E-05 9.9928E-05 9.9928E-05 0.0351382 0.449318 0.0347363 0.0224313
9.9901E-05 0.159784 0.0229788 0.0378401 9.9901E-05 0.328486 9.9901E-05 9.9901E-05 9.9901E-05 9.9901E-05 9.9901E-05 0.0840628 9.9901E-05 9.9901E-05 0.365749 9.9901E-05 9.9901E-05
9.99369E-05 9.99369E-05 0.0972317 0.0195074 0.0653319 0.126039 0.00845916 9.99369E-05 9.99369E-05 0.00849097 0.0251456 9.99369E-05 9.99369E-05 0.233877 0.373996 9.99369E-05 0.0412205
9.98831E-05 9.98831E-05 9.98831E-05 9.98831E-05 9.98831E-05 9.98831E-05 9.98831E-05 9.98831E-05 9.98831E-05 0.0263885 9.98831E-05 0.00682011 0.0657943 9.98831E-05 0.899699 9.98831E-05 9.98831E-05
9.9892E-05 9.9892E-05 9.9892E-05 9.9892E-05 9.9892E-05 0.835251 9.9892E-05 9.9892E-05 9.9892E-05 9.9892E-05 9.9892E-05 0.036638 0.0601769 9.9892E-05 0.0641093 0.00262609 9.9892E-05
0.00594254 0.00082203 9.9937E-05 0.0197194 9.9937E-05 0.235983 0.00519798 0.0447387 9.9937E-05 0.0056192 0.193422 9.9937E-05 9.9937E-05 0.0681839 0.419672 9.9937E-05 9.9937E-05
9.9901E-05 9.9901E-05 9.9901E-05 9.9901E-05 9.9901E-05 9.9901E-05 9.9901E-05 0.0394978 9.9901E-05 9.9901E-05 0.0935188 9.9901E-05 0.0148635 0.141994 0.634572 9.9901E-05 0.0744544
9.99099E-05 9.99099E-05 0.0166244 9.99099E-05 9.99099E-05 0.799087 9.99099E-05 0.0797543 9.99099E-05 0.0116902 9.99099E-05 9.99099E-05 9.99099E-05 9.99099E-05 0.0566277 0.00931875 0.0258984
9.9874E-05 9.9874E-05 9.9874E-05 9.9874E-05 9.9874E-05 9.9874E-05 0.010953 9.9874E-05 9.9874E-05 9.9874E-05 9.9874E-05 9.9874E-05 9.9874E-05 9.9874E-05 0.983029 0.00461975 9.9874E-05
9.9883E-05 0.954841 9.9883E-05 9.9883E-05 9.9883E-05 9.9883E-05 9.9883E-05 9.9883E-05 9.9883E-05 9.9883E-05 9.9883E-05 0.0133473 9.9883E-05 9.9883E-05 0.0261809 0.0043318 9.9883E-05
9.9874E-05 0.827186 0.0224941 9.9874E-05 0.148922 9.9874E-05 9.9874E-05 9.9874E-05 9.9874E-05 9.9874E-05 9.9874E-05 9.9874E-05 9.9874E-05 9.9874E-05 9.9874E-05 9.9874E-05 9.9874E-05
9.9883E-05 0.962716 0.0172439 0.0164937 9.9883E-05 9.9883E-05 9.9883E-05 9.9883E-05 9.9883E-05 9.9883E-05 9.9883E-05 9.9883E-05 9.9883E-05 9.9883E-05 9.9883E-05 9.9883E-05 0.00224751
9.9919E-05 0.819697 0.0347895 0.0353825 9.9919E-05 9.9919E-05 9.9919E-05 9.9919E-05 9.9919E-05 0.00347845 0.0190242 9.9919E-05 9.9919E-05 9.9919E-05 0.0608119 0.0145347 0.0113822
9.9892E-05 0.829904 9.9892E-05 0.0146235 9.9892E-05 9.9892E-05 9.9892E-05 9.9892E-05 9.9892E-05 0.00844349 0.0837206 9.9892E-05 9.9892E-05 9.9892E-05 9.9892E-05 9.9892E-05 0.0621095
9.991E-05 0.554033 9.991E-05 9.991E-05 9.991E-05 0.0149911 0.0204186 0.0573245 9.991E-05 0.00647656 9.991E-05 9.991E-05 0.333704 9.991E-05 9.991E-05 0.0120529 9.991E-05
9.9865E-05 0.940329 9.9865E-05 9.9865E-05 9.9865E-05 9.9865E-05 9.9865E-05 9.9865E-05 9.9865E-05 9.9865E-05 9.9865E-05 9.9865E-05 0.0581728 9.9865E-05 9.9865E-05 9.9865E-05 9.9865E-05
0.0498014 0.606188 9.9901E-05 0.0332365 9.9901E-05 9.9901E-05 9.9901E-05 0.148761 9.9901E-05 9.9901E-05 9.9901E-05 9.9901E-05 0.146964 9.9901E-05 9.9901E-05 9.9901E-05 0.0139498
