9.99641E-05 9.99641E-05 9.99641E-05 0.0175312 0.223432 0.0131139 9.99641E-05 0.745523
0.0790107 9.9955E-05 9.9955E-05 9.9955E-05 9.9955E-05 0.0346011 9.9955E-05 0.885888
9.99551E-05 9.99551E-05 9.99551E-05 9.99551E-05 0.6202 0.0169085 9.99551E-05 0.362392
0.927355 9.99461E-05 9.99461E-05 9.99461E-05 9.99461E-05 9.99461E-05 0.0720455 9.99461E-05
0.00393695 9.9955E-05 0.96717 9.9955E-05 0.0283933 9.9955E-05 9.9955E-05 9.9955E-05
9.9973E-05 0.000388093 9.9973E-05 0.0120924 0.0782304 9.9973E-05 0.775287 0.133702
0.154329 0.717799 9.9964E-05 0.0159503 0.111522 9.9964E-05 9.9964E-05 9.9964E-05
9.99551E-05 0.0280608 9.99551E-05 9.99551E-05 0.0634654 9.99551E-05 9.99551E-05 0.907974
9.99461E-05 9.99461E-05 9.99461E-05 0.667489 9.99461E-05 9.99461E-05 0.331911 9.99461E-05
9.9946E-05 0.579416 0.419984 9.9946E-05 9.9946E-05 9.9946E-05 9.9946E-05 9.9946E-05
9.994E-05 0.9993 9.994E-05 9.994E-05 9.994E-05 9.994E-05 9.994E-05 9.994E-05
0.00961441 9.9964E-05 9.9964E-05 9.9964E-05 9.9964E-05 0.013802 0.129254 0.84693
9.9973E-05 0.347397 0.114165 0.144695 0.151556 0.241887 9.9973E-05 9.9973E-05
0.273653 0.0506268 0.169231 9.99641E-05 0.506089 9.99641E-05 9.99641E-05 9.99641E-05
9.994E-05 9.994E-05 0.9993 9.994E-05 9.994E-05 9.994E-05 9.994E-05 9.994E-05
9.99462E-05 9.99462E-05 9.99462E-05 0.977189 0.0222115 9.99462E-05 9.99462E-05 9.99462E-05
0.405654 9.99551E-05 9.99551E-05 9.99551E-05 9.99551E-05 9.99551E-05 0.0938856 0.49996
9.996E-05 0.335477 0.0719778 0.443425 9.996E-05 9.996E-05 0.14872 9.996E-05
9.994E-05 9.994E-05 9.994E-05 9.994E-05 9.994E-05 9.994E-05 0.9993 9.994E-05
0.0108856 9.99551E-05 9.99551E-05 0.560338 9.99551E-05 0.428277 9.99551E-05 9.99551E-05
9.99641E-05 9.99641E-05 9.99641E-05 0.452038 9.99641E-05 0.475957 0.0466186 0.0249864
9.99641E-05 9.99641E-05 0.0244247 0.527734 9.99641E-05 9.99641E-05 0.297437 0.150004
9.9973E-05 0.0288107 0.155517 0.770912 9.9973E-05 0.0370245 9.9973E-05 0.00743591
0.80107 9.99551E-05 9.99551E-05 0.124599 9.99551E-05 0.0738315 9.99551E-05 9.99551E-05
0.0117008 9.9964E-05 9.9964E-05 9.9964E-05 0.911338 0.0499099 0.0266514 9.9964E-05
9.99551E-05 9.99551E-05 0.815372 0.181595 9.99551E-05 0.00253317 9.99551E-05 9.99551E-05
0.958518 9.99461E-05 9.99461E-05 9.99461E-05 0.040882 9.99461E-05 9.99461E-05 9.99461E-05
0.14946 0.0646172 0.129369 0.0847127 9.99821E-05 0.0454683 0.526173 9.99821E-05
9.99462E-05 9.99462E-05 9.99462E-05 0.00671412 9.99462E-05 9.99462E-05 9.99462E-05 0.992686
0.14952 9.99641E-05 9.99641E-05 0.0231753 9.99641E-05 9.99641E-05 0.725861 0.101044
9.99461E-05 0.361107 9.99461E-05 9.99461E-05 0.638293 9.99461E-05 9.99461E-05 9.99461E-05
9.994E-05 9.994E-05 0.00737022 9.994E-05 0.99203 9.994E-05 9.994E-05 9.994E-05
9.9964E-05 0.768948 0.139197 9.9964E-05 0.0872139 0.00424141 9.9964E-05 9.9964E-05
9.99551E-05 9.99551E-05 9.99551E-05 0.111241 0.0301464 9.99551E-05 0.858113 9.99551E-05
0.863125 9.9955E-05 9.9955E-05 9.9955E-05 9.9955E-05 9.9955E-05 0.015579 0.120796
9.99461E-05 9.99461E-05 9.99461E-05 0.946797 9.99461E-05 9.99461E-05 9.99461E-05 0.052603
9.99551E-05 9.99551E-05 9.99551E-05 0.242262 9.99551E-05 0.0243289 0.732909 9.99551E-05
0.00713592 9.9973E-05 9.9973E-05 0.0651563 0.00265707 0.0579255 0.866825 9.9973E-05
9.99551E-05 0.882573 9.99551E-05 9.99551E-05 9.99551E-05 9.99551E-05 0.0765474 0.0403799
0.279303 9.99551E-05 9.99551E-05 9.99551E-05 9.99551E-05 0.0629661 0.657231 9.99551E-05
9.99461E-05 9.99461E-05 9.99461E-05 9.99461E-05 9.99461E-05 9.99461E-05 0.869038 0.130362
9.99461E-05 9.99461E-05 9.99461E-05 9.99461E-05 9.99461E-05 9.99461E-05 0.307469 0.691931
9.99461E-05 9.99461E-05 9.99461E-05 0.105326 9.99461E-05 0.894074 9.99461E-05 9.99461E-05
9.994E-05 9.994E-05 9.994E-05 9.994E-05 0.9993 9.994E-05 9.994E-05 9.994E-05
9.99461E-05 9.99461E-05 0.19281 9.99461E-05 9.99461E-05 0.80659 9.99461E-05 9.99461E-05
0.249746 9.99551E-05 9.99551E-05 0.0454533 9.99551E-05 9.99551E-05 9.99551E-05 0.704301
0.00225405 9.9964E-05 9.9964E-05 0.905956 9.9964E-05 0.0294949 0.0618954 9.9964E-05
9.99462E-05 9.99462E-05 9.99462E-05 0.16927 9.99462E-05 9.99462E-05 0.830131 9.99462E-05
9.99461E-05 0.0178277 9.99461E-05 9.99461E-05 9.99461E-05 0.981573 9.99461E-05 9.99461E-05
9.995E-05 9.995E-05 9.995E-05 0.426596 9.995E-05 0.302174 0.270731 9.995E-05
