9.9892E-05 0.0119185 0.000751859 9.9892E-05 9.9892E-05 9.9892E-05 0.00532294 9.9892E-05 9.9892E-05 0.00672706 9.9892E-05 0.0917416 9.9892E-05 0.882339 9.9892E-05 9.9892E-05 9.9892E-05 9.9892E-05
9.991E-05 0.0211531 0.00312559 0.011703 9.991E-05 9.991E-05 9.991E-05 9.991E-05 9.991E-05 0.0174694 0.101485 0.0639084 9.991E-05 0.688248 9.991E-05 9.991E-05 0.0919082 9.991E-05
9.991E-05 0.0383744 9.991E-05 9.991E-05 0.0528818 0.0147104 9.991E-05 9.991E-05 9.991E-05 9.991E-05 0.0255434 9.991E-05 0.022095 0.740706 9.991E-05 9.991E-05 0.100607 0.0040834
9.9919E-05 0.0189195 9.9919E-05 9.9919E-05 0.0795447 0.040328 9.9919E-05 9.9919E-05 0.00390556 9.9919E-05 0.0495203 0.0262267 0.00369767 0.742911 9.9919E-05 9.9919E-05 9.9919E-05 0.0340476
9.9928E-05 0.011472 0.000348446 0.0193861 0.0712865 9.9928E-05 0.059127 0.018737 9.9928E-05 9.9928E-05 0.00237829 0.00472139 9.9928E-05 0.746863 9.9928E-05 9.9928E-05 9.9928E-05 0.0648814
9.9901E-05 0.00356525 0.0341749 0.0185149 9.9901E-05 9.9901E-05 9.9901E-05 9.9901E-05 9.9901E-05 0.0109627 0.0387834 9.9901E-05 9.9901E-05 0.79152 9.9901E-05 0.10138 9.9901E-05 9.9901E-05
9.9856E-05 9.9856E-05 9.9856E-05 9.9856E-05 9.9856E-05 9.9856E-05 9.9856E-05 9.9856E-05 9.9856E-05 9.9856E-05 9.9856E-05 0.148075 9.9856E-05 0.850327 9.9856E-05 9.9856E-05 9.9856E-05 9.9856E-05
9.99371E-05 0.00669617 0.00282194 9.99371E-05 0.0149562 9.99371E-05 9.99371E-05 0.027629 0.0167094 0.0204182 0.110298 9.99371E-05 0.00368811 0.760595 0.011213 9.99371E-05 9.99371E-05 0.0242757
0.0918838 0.0187071 9.991E-05 9.991E-05 0.0176291 9.991E-05 9.991E-05 0.0395078 9.991E-05 0.0159718 9.991E-05 9.991E-05 9.991E-05 0.744396 9.991E-05 0.0632638 0.00764116 9.991E-05
9.9892E-05 9.9892E-05 9.9892E-05 9.9892E-05 9.9892E-05 0.0222471 9.9892E-05 9.9892E-05 0.0133127 9.9892E-05 0.0849007 9.9892E-05 0.0284789 0.779457 9.9892E-05 0.0704044 9.9892E-05 9.9892E-05
9.9928E-05 9.9928E-05 0.00964968 9.9928E-05 9.9928E-05 9.9928E-05 9.9928E-05 0.0629048 0.00506295 0.00200459 0.0784058 9.9928E-05 0.0157546 0.712347 0.0824793 0.022647 0.00794438 9.9928E-05
9.991E-05 0.0405338 0.0212124 9.991E-05 9.991E-05 0.103295 9.991E-05 0.038829 0.023279 9.991E-05 0.0710377 0.0226212 9.991E-05 0.678193 9.991E-05 9.991E-05 9.991E-05 9.991E-05
9.98921E-05 9.98921E-05 9.98921E-05 9.98921E-05 9.98921E-05 9.98921E-05 9.98921E-05 9.98921E-05 9.98921E-05 0.0378831 0.146673 9.98921E-05 9.98921E-05 0.720789 0.00979625 9.98921E-05 0.0380018 0.045658
9.9937E-05 9.9937E-05 9.9937E-05 9.9937E-05 9.9937E-05 0.015036 0.00774667 0.0997868 0.00963237 0.00351373 0.0177206 0.0611684 0.0159979 0.665317 9.9937E-05 0.00166901 0.101712 9.9937E-05
0.00331634 9.991E-05 9.991E-05 9.991E-05 9.991E-05 0.0495347 9.991E-05 9.991E-05 9.991E-05 9.991E-05 0.0331356 9.991E-05 9.991E-05 0.792574 0.000886788 0.0274606 0.0522201 0.039873
9.99011E-05 9.99011E-05 9.99011E-05 9.99011E-05 0.0387914 9.99011E-05 9.99011E-05 0.00476058 9.99011E-05 0.0111624 9.99011E-05 0.0958669 0.0108841 0.754543 0.0828924 9.99011E-05 9.99011E-05 9.99011E-05
9.99011E-05 9.99011E-05 0.0249064 0.00816823 9.99011E-05 9.99011E-05 0.0162552 9.99011E-05 0.0146463 0.00446369 9.99011E-05 9.99011E-05 9.99011E-05 0.908803 0.0216584 9.99011E-05 9.99011E-05 9.99011E-05
0.0512061 9.99011E-05 0.00389907 0.00189575 9.99011E-05 9.99011E-05 0.016624 9.99011E-05 9.99011E-05 9.99011E-05 9.99011E-05 9.99011E-05 0.0122392 0.904215 0.00882227 9.99011E-05 9.99011E-05 9.99011E-05
9.98741E-05 9.98741E-05 9.98741E-05 0.064402 9.98741E-05 9.98741E-05 0.0674118 9.98741E-05 9.98741E-05 0.0103544 9.98741E-05 9.98741E-05 9.98741E-05 0.856434 9.98741E-05 9.98741E-05 9.98741E-05 9.98741E-05
0.0156657 9.9901E-05 0.0159558 9.9901E-05 9.9901E-05 0.0228667 0.0338243 9.9901E-05 0.0250557 9.9901E-05 9.9901E-05 9.9901E-05 9.9901E-05 0.84545 0.0400827 9.9901E-05 9.9901E-05 9.9901E-05
9.9847E-05 9.9847E-05 9.9847E-05 9.9847E-05 9.9847E-05 9.9847E-05 9.9847E-05 9.9847E-05 9.9847E-05 9.9847E-05 9.9847E-05 9.9847E-05 0.998303 9.9847E-05 9.9847E-05 9.9847E-05 9.9847E-05 9.9847E-05
9.9883E-05 0.0184192 9.9883E-05 9.9883E-05 9.9883E-05 0.713091 9.9883E-05 9.9883E-05 9.9883E-05 0.00625173 0.109643 0.151296 9.9883E-05 9.9883E-05 9.9883E-05 9.9883E-05 9.9883E-05 9.9883E-05
0.0211254 9.991E-05 9.991E-05 0.0845233 9.991E-05 0.772886 9.991E-05 9.991E-05 9.991E-05 0.0125811 0.0595028 9.991E-05 9.991E-05 0.0374055 9.991E-05 0.00281755 0.00815883 9.991E-05
9.9892E-05 9.9892E-05 0.0227609 0.00722791 9.9892E-05 0.849505 0.0571976 9.9892E-05 0.00210351 9.9892E-05 0.0600062 9.9892E-05 9.9892E-05 9.9892E-05 9.9892E-05 9.9892E-05 9.9892E-05 9.9892E-05
9.98831E-05 9.98831E-05 9.98831E-05 9.98831E-05 9.98831E-05 0.965334 9.98831E-05 0.00275292 0.00406877 9.98831E-05 9.98831E-05 9.98831E-05 0.0161327 0.0104134 9.98831E-05 9.98831E-05 9.98831E-05 9.98831E-05
9.9892E-05 9.9892E-05 0.00887931 0.0198895 9.9892E-05 0.939135 9.9892E-05 9.9892E-05 0.00272451 9.9892E-05 9.9892E-05 9.9892E-05 9.9892E-05 0.0119479 9.9892E-05 9.9892E-05 9.9892E-05 0.0162248
0.126392 9.98921E-05 9.98921E-05 0.0254158 9.98921E-05 0.76139 9.98921E-05 0.0314251 9.98921E-05 9.98921E-05 9.98921E-05 9.98921E-05 0.0250562 9.98921E-05 9.98921E-05 9.98921E-05 9.98921E-05 0.0291221
9.9847E-05 9.9847E-05 9.9847E-05 9.9847E-05 9.9847E-05 9.9847E-05 9.9847E-05 9.9847E-05 9.9847E-05 9.9847E-05 9.9847E-05 9.9847E-05 0.998303 9.9847E-05 9.9847E-05 9.9847E-05 9.9847E-05 9.9847E-05
0.00147698 9.9901E-05 0.00669538 0.00141802 0.11275 0.782853 9.9901E-05 9.9901E-05 9.9901E-05 9.9901E-05 9.9901E-05 9.9901E-05 0.0159637 9.9901E-05 9.9901E-05 9.9901E-05 0.0777436 9.9901E-05
9.9937E-05 9.9937E-05 0.00447916 0.00509801 0.00593673 0.695297 0.0300001 9.9937E-05 0.000414723 0.0149816 0.00689034 0.14909 9.9937E-05 9.9937E-05 0.0441935 9.9937E-05 9.9937E-05 0.0429197
9.9901E-05 0.016228 0.0132301 9.9901E-05 9.9901E-05 0.76181 9.9901E-05 0.000617409 9.9901E-05 9.9901E-05 9.9901E-05 0.142418 0.0127738 9.9901E-05 0.0518237 9.9901E-05 9.9901E-05 9.9901E-05
9.98921E-05 9.98921E-05 0.0144835 0.066386 0.0827322 0.73768 0.0697362 9.98921E-05 9.98921E-05 9.98921E-05 9.98921E-05 9.98921E-05 0.0277829 9.98921E-05 9.98921E-05 9.98921E-05 9.98921E-05 9.98921E-05
0.0119088 9.9928E-05 9.9928E-05 9.9928E-05 0.0335233 0.651308 0.00418481 9.9928E-05 0.00554533 0.0218149 9.9928E-05 9.9928E-05 0.0684085 0.0235326 9.9928E-05 0.119197 9.9928E-05 0.0597777
9.991E-05 0.0476889 9.991E-05 9.991E-05 0.02994 0.728149 9.991E-05 9.991E-05 0.0297424 0.0592808 9.991E-05 0.0721259 0.0192339 9.991E-05 9.991E-05 0.0128402 9.991E-05 9.991E-05
0.0299037 0.012334 0.00653709 9.9946E-05 9.9946E-05 0.64329 9.9946E-05 0.0380205 0.00609296 0.0142951 9.9946E-05 0.0742157 0.00912017 9.9946E-05 0.0601794 9.9946E-05 0.0968027 0.00860874
9.99369E-05 0.0459395 0.00391825 9.99369E-05 9.99369E-05 0.429373 9.99369E-05 0.00839775 9.99369E-05 0.0103223 0.00697877 0.351857 0.00632777 0.0495565 0.00405554 9.99369E-05 0.0825741 9.99369E-05
0.00243457 0.0384373 9.9919E-05 0.0166656 0.0178042 0.712791 0.0917092 0.0161932 0.00522718 9.9919E-05 9.9919E-05 9.9919E-05 9.9919E-05 9.9919E-05 0.097839 9.9919E-05 9.9919E-05 9.9919E-05
0.933189 9.9865E-05 9.9865E-05 0.0635933 9.9865E-05 9.9865E-05 9.9865E-05 9.9865E-05 9.9865E-05 9.9865E-05 9.9865E-05 9.9865E-05 9.9865E-05 9.9865E-05 9.9865E-05 0.00171952 9.9865E-05 9.9865E-05
9.99009E-05 9.99009E-05 9.99009E-05 9.99009E-05 9.99009E-05 9.99009E-05 0.584378 9.99009E-05 0.0126968 0.0239812 9.99009E-05 0.252931 9.99009E-05 9.99009E-05 0.0511913 9.99009E-05 0.0147722 0.0589505
0.998303 9.9847E-05 9.9847E-05 9.9847E-05 9.9847E-05 9.9847E-05 9.9847E-05 9.9847E-05 9.9847E-05 9.9847E-05 9.9847E-05 9.9847E-05 9.9847E-05 9.9847E-05 9.9847E-05 9.9847E-05 9.9847E-05 9.9847E-05
0.998303 9.98469E-05 9.98469E-05 9.98469E-05 9.98469E-05 9.98469E-05 9.98469E-05 9.98469E-05 9.98469E-05 9.98469E-05 9.98469E-05 9.98469E-05 9.98469E-05 9.98469E-05 9.98469E-05 9.98469E-05 9.98469E-05 9.98469E-05
9.991E-05 0.0259812 9.991E-05 0.031837 9.991E-05 9.991E-05 0.785286 0.101425 0.00548197 0.0174288 9.991E-05 9.991E-05 0.017416 0.0141448 9.991E-05 9.991E-05 9.991E-05 9.991E-05
0.0124517 9.9892E-05 9.9892E-05 9.9892E-05 0.0296476 9.9892E-05 0.758881 0.0523103 9.9892E-05 9.9892E-05 9.9892E-05 9.9892E-05 0.00859247 9.9892E-05 0.136918 9.9892E-05 9.9892E-05 9.9892E-05
0.219241 0.00553796 0.000169538 0.00992542 0.00216106 9.99459E-05 0.390268 0.0589149 0.0152386 0.0270484 0.0748752 0.1837 9.99459E-05 0.0123204 9.99459E-05 9.99459E-05 9.99459E-05 9.99459E-05
9.9937E-05 0.00611848 9.9937E-05 0.0101759 0.031453 0.0118831 0.762894 9.9937E-05 0.00504774 0.0113447 9.9937E-05 0.0456159 0.0173063 9.9937E-05 0.0954134 0.00204741 9.9937E-05 9.9937E-05
9.991E-05 9.991E-05 9.991E-05 0.0217633 9.991E-05 0.00496058 0.664351 0.163446 0.0109783 9.991E-05 0.0665638 9.991E-05 9.991E-05 0.00660564 9.991E-05 9.991E-05 9.991E-05 0.0603329
0.0599277 9.99011E-05 0.027493 9.99011E-05 0.0229599 9.99011E-05 0.790618 0.0229615 0.00390374 9.99011E-05 9.99011E-05 9.99011E-05 9.99011E-05 9.99011E-05 9.99011E-05 9.99011E-05 0.0710377 9.99011E-05
9.9874E-05 9.9874E-05 9.9874E-05 9.9874E-05 9.9874E-05 9.9874E-05 0.745311 9.9874E-05 9.9874E-05 9.9874E-05 0.0379461 9.9874E-05 9.9874E-05 9.9874E-05 9.9874E-05 0.184525 0.0308206 9.9874E-05
0.112709 0.00385663 0.0181294 9.9901E-05 0.0188323 9.9901E-05 0.804901 9.9901E-05 9.9901E-05 0.0107918 9.9901E-05 9.9901E-05 0.0296808 9.9901E-05 9.9901E-05 9.9901E-05 9.9901E-05 9.9901E-05
0.797356 9.9865E-05 9.9865E-05 0.0177589 9.9865E-05 9.9865E-05 9.9865E-05 9.9865E-05 9.9865E-05 9.9865E-05 0.183387 9.9865E-05 9.9865E-05 9.9865E-05 9.9865E-05 9.9865E-05 9.9865E-05 9.9865E-05
9.9874E-05 9.9874E-05 0.0185616 9.9874E-05 9.9874E-05 9.9874E-05 0.744989 9.9874E-05 9.9874E-05 9.9874E-05 9.9874E-05 0.224587 9.9874E-05 9.9874E-05 9.9874E-05 9.9874E-05 9.9874E-05 0.0104641
9.98651E-05 0.00783677 9.98651E-05 9.98651E-05 9.98651E-05 9.98651E-05 0.855602 0.135063 9.98651E-05 9.98651E-05 9.98651E-05 9.98651E-05 9.98651E-05 9.98651E-05 9.98651E-05 9.98651E-05 9.98651E-05 9.98651E-05
0.252741 9.98919E-05 9.98919E-05 9.98919E-05 9.98919E-05 9.98919E-05 0.529859 9.98919E-05 0.0546624 0.0463212 9.98919E-05 9.98919E-05 9.98919E-05 9.98919E-05 9.98919E-05 0.103697 9.98919E-05 0.0115215
0.0539862 0.00247697 0.020785 0.0114643 9.99279E-05 0.0114146 0.688701 9.99279E-05 9.99279E-05 9.99279E-05 0.00249089 0.140056 9.99279E-05 0.054081 0.0137447 9.99279E-05 9.99279E-05 9.99279E-05
0.536467 9.99099E-05 9.99099E-05 0.000610019 0.0502824 9.99099E-05 0.332788 9.99099E-05 0.00507587 0.00272045 9.99099E-05 0.0708194 0.000238072 9.99099E-05 9.99099E-05 9.99099E-05 9.99099E-05 9.99099E-05
0.0369628 0.00741024 0.0379564 9.9928E-05 9.9928E-05 0.0121006 0.457992 0.0910744 9.9928E-05 0.000643797 0.255826 9.9928E-05 9.9928E-05 9.9928E-05 9.9928E-05 9.9928E-05 0.0459607 0.053274
9.9901E-05 9.9901E-05 9.9901E-05 9.9901E-05 9.9901E-05 9.9901E-05 0.755406 0.0040056 0.0191375 9.9901E-05 9.9901E-05 0.156617 0.0208079 0.0251075 9.9901E-05 0.0178196 9.9901E-05 9.9901E-05
9.9919E-05 9.9919E-05 0.0169684 0.0514266 9.9919E-05 9.9919E-05 0.0627821 9.9919E-05 0.00382235 9.9919E-05 0.0117804 0.329408 9.9919E-05 9.9919E-05 0.33571 9.9919E-05 0.161363 0.0258392
9.98469E-05 0.998303 9.98469E-05 9.98469E-05 9.98469E-05 9.98469E-05 9.98469E-05 9.98469E-05 9.98469E-05 9.98469E-05 9.98469E-05 9.98469E-05 9.98469E-05 9.98469E-05 9.98469E-05 9.98469E-05 9.98469E-05 9.98469E-05
9.991E-05 9.991E-05 9.991E-05 0.039749 9.991E-05 9.991E-05 9.991E-05 0.0307012 0.0440193 0.0251542 0.103168 0.0755351 9.991E-05 9.991E-05 0.583257 9.991E-05 0.0974166 9.991E-05
0.00798294 0.00176232 0.00306234 0.012915 0.00535482 9.9955E-05 0.00438973 9.9955E-05 0.0444646 0.0177945 0.0603968 9.9955E-05 9.9955E-05 0.00673598 0.392547 9.9955E-05 0.266106 0.175988
9.9883E-05 0.0158456 9.9883E-05 9.9883E-05 9.9883E-05 9.9883E-05 9.9883E-05 9.9883E-05 9.9883E-05 9.9883E-05 9.9883E-05 9.9883E-05 9.9883E-05 9.9883E-05 0.00264642 0.0833988 0.884008 0.012803
9.9901E-05 9.9901E-05 0.0166651 9.9901E-05 0.091635 9.9901E-05 0.0277589 9.9901E-05 9.9901E-05 9.9901E-05 9.9901E-05 9.9901E-05 0.0139654 9.9901E-05 0.772009 0.015972 0.0608961 9.9901E-05
9.98469E-05 9.98469E-05 9.98469E-05 9.98469E-05 9.98469E-05 9.98469E-05 9.98469E-05 9.98469E-05 9.98469E-05 0.998303 9.98469E-05 9.98469E-05 9.98469E-05 9.98469E-05 9.98469E-05 9.98469E-05 9.98469E-05 9.98469E-05
9.98469E-05 0.998303 9.98469E-05 9.98469E-05 9.98469E-05 9.98469E-05 9.98469E-05 9.98469E-05 9.98469E-05 9.98469E-05 9.98469E-05 9.98469E-05 9.98469E-05 9.98469E-05 9.98469E-05 9.98469E-05 9.98469E-05 9.98469E-05
9.9928E-05 0.0139613 0.0429426 9.9928E-05 9.9928E-05 9.9928E-05 9.9928E-05 9.9928E-05 0.0284671 0.0198628 0.11562 0.159526 9.9928E-05 0.0738443 0.40968 9.9928E-05 0.0806029 0.0546931
0.00981882 0.0225067 0.0248106 0.058713 9.9946E-05 0.0325065 0.0341497 9.9946E-05 0.000362138 0.0117398 9.9946E-05 9.9946E-05 0.0223147 0.0148145 0.673708 0.093956 9.9946E-05 9.9946E-05
9.9928E-05 0.031249 0.027153 0.153438 9.9928E-05 9.9928E-05 0.0798813 9.9928E-05 0.0530061 0.0294598 9.9928E-05 0.0913561 9.9928E-05 9.9928E-05 0.230878 9.9928E-05 0.273754 0.029025
0.034692 0.0212714 0.0157435 0.102903 9.9937E-05 0.0501696 9.9937E-05 9.9937E-05 0.0746487 0.0243084 9.9937E-05 9.9937E-05 0.0166568 9.9937E-05 0.436644 9.9937E-05 0.15525 0.0670125
9.9946E-05 0.104989 0.0161769 0.0477292 9.9946E-05 0.0171154 9.9946E-05 0.0676077 0.0275414 0.0358089 9.9946E-05 9.9946E-05 0.0134681 0.0144002 0.502446 0.0401059 0.112011 9.9946E-05
0.18081 0.0238811 0.0189091 0.0524871 9.991E-05 9.991E-05 9.991E-05 9.991E-05 0.00108083 9.991E-05 9.991E-05 9.991E-05 9.991E-05 0.00085472 0.60564 9.991E-05 0.115338 9.991E-05
0.0179665 0.000606562 0.0253426 9.9901E-05 9.9901E-05 9.9901E-05 0.0201194 9.9901E-05 9.9901E-05 0.0476809 9.9901E-05 9.9901E-05 9.9901E-05 9.9901E-05 0.863606 9.9901E-05 9.9901E-05 0.0235794
9.9937E-05 0.0545907 9.9937E-05 0.0459197 0.0126974 0.0494495 0.0429895 9.9937E-05 0.0333898 0.00214317 9.9937E-05 9.9937E-05 0.0192531 9.9937E-05 0.0726769 0.0177365 0.648454 9.9937E-05
0.0121423 0.0245199 9.9919E-05 9.9919E-05 9.9919E-05 9.9919E-05 9.9919E-05 0.0802491 0.0186509 9.9919E-05 0.0912245 0.00198806 0.00147105 9.9919E-05 9.9919E-05 9.9919E-05 0.519071 0.249784
9.9937E-05 0.0336928 0.0482318 0.0681637 9.9937E-05 9.9937E-05 0.202256 0.0395891 9.9937E-05 0.0400748 0.0328383 9.9937E-05 0.0520638 9.9937E-05 0.25378 0.00703886 9.9937E-05 0.221571
0.0458211 0.0215137 0.0186268 0.0797371 9.9928E-05 9.9928E-05 0.163911 9.9928E-05 9.9928E-05 0.00890294 9.9928E-05 9.9928E-05 9.9928E-05 0.0391904 0.455649 0.111227 0.0546218 9.9928E-05
9.9901E-05 0.0468918 9.9901E-05 9.9901E-05 0.0355264 9.9901E-05 0.4529 9.9901E-05 0.00958366 9.9901E-05 9.9901E-05 9.9901E-05 9.9901E-05 0.0619452 0.00501814 9.9901E-05 0.387036 9.9901E-05
9.98469E-05 9.98469E-05 9.98469E-05 9.98469E-05 9.98469E-05 9.98469E-05 9.98469E-05 9.98469E-05 9.98469E-05 0.998303 9.98469E-05 9.98469E-05 9.98469E-05 9.98469E-05 9.98469E-05 9.98469E-05 9.98469E-05 9.98469E-05
0.110116 0.0464665 0.0321318 9.9937E-05 0.188474 9.9937E-05 0.0704411 9.9937E-05 0.0639056 0.025382 9.9937E-05 9.9937E-05 0.0303977 0.0400209 0.14619 9.9937E-05 0.245774 9.9937E-05
9.9928E-05 0.0296404 0.0275741 0.0552013 0.0675752 0.0273543 0.126561 9.9928E-05 0.0366503 0.0666587 9.9928E-05 9.9928E-05 9.9928E-05 9.9928E-05 0.185419 9.9928E-05 0.376566 9.9928E-05
9.98469E-05 9.98469E-05 9.98469E-05 0.998303 9.98469E-05 9.98469E-05 9.98469E-05 9.98469E-05 9.98469E-05 9.98469E-05 9.98469E-05 9.98469E-05 9.98469E-05 9.98469E-05 9.98469E-05 9.98469E-05 9.98469E-05 9.98469E-05
9.9928E-05 0.00583268 9.9928E-05 0.0625779 9.9928E-05 9.9928E-05 0.0248615 9.9928E-05 0.0127396 0.0249343 9.9928E-05 0.153266 0.0165401 0.0315629 0.141983 9.9928E-05 0.524903 9.9928E-05
9.991E-05 0.00760518 9.991E-05 0.0217271 9.991E-05 9.991E-05 0.0760745 9.991E-05 0.0351264 0.0229409 9.991E-05 0.000151887 9.991E-05 0.0402216 0.795153 9.991E-05 9.991E-05 9.991E-05
9.9901E-05 0.00380381 0.0226453 9.9901E-05 9.9901E-05 9.9901E-05 0.192147 9.9901E-05 0.0387085 9.9901E-05 0.0101234 0.459071 9.9901E-05 9.9901E-05 0.272402 9.9901E-05 9.9901E-05 9.9901E-05
0.107292 0.0155245 0.022665 9.9919E-05 0.061257 9.9919E-05 0.0302148 9.9919E-05 0.00986712 0.0426139 9.9919E-05 0.419633 9.9919E-05 9.9919E-05 9.9919E-05 0.290033 9.9919E-05 9.9919E-05
0.0469174 0.0361008 0.00819546 0.0176744 9.9946E-05 0.00368733 0.0932919 0.0355982 9.9946E-05 9.9946E-05 9.9946E-05 0.0137685 9.9946E-05 0.000546599 9.9946E-05 0.199327 0.485156 0.0591367
9.9856E-05 9.9856E-05 9.9856E-05 0.995221 9.9856E-05 9.9856E-05 9.9856E-05 9.9856E-05 9.9856E-05 0.0031818 9.9856E-05 9.9856E-05 9.9856E-05 9.9856E-05 9.9856E-05 9.9856E-05 9.9856E-05 9.9856E-05
9.9847E-05 9.9847E-05 9.9847E-05 0.998303 9.9847E-05 9.9847E-05 9.9847E-05 9.9847E-05 9.9847E-05 9.9847E-05 9.9847E-05 9.9847E-05 9.9847E-05 9.9847E-05 9.9847E-05 9.9847E-05 9.9847E-05 9.9847E-05
0.02603 0.0264173 9.99369E-05 0.0749506 0.0623713 9.99369E-05 0.0266482 9.99369E-05 0.0206239 9.99369E-05 0.0136601 9.99369E-05 9.99369E-05 9.99369E-05 0.356866 0.0984617 0.288809 0.00446254
9.9901E-05 9.9901E-05 9.9901E-05 9.9901E-05 9.9901E-05 0.0365818 9.9901E-05 9.9901E-05 0.727444 0.00490013 0.0814635 9.9901E-05 9.9901E-05 9.9901E-05 0.0440175 9.9901E-05 0.0944061 0.0100883
9.9901E-05 9.9901E-05 0.00130743 9.9901E-05 9.9901E-05 0.00853443 0.158663 9.9901E-05 0.00507763 0.0843819 9.9901E-05 9.9901E-05 0.0105476 9.9901E-05 9.9901E-05 9.9901E-05 0.730389 9.9901E-05
9.98831E-05 9.98831E-05 0.00750892 9.98831E-05 9.98831E-05 9.98831E-05 0.061392 0.0801376 9.98831E-05 0.0299627 9.98831E-05 9.98831E-05 9.98831E-05 9.98831E-05 0.8197 9.98831E-05 9.98831E-05 9.98831E-05
9.9928E-05 0.0131341 9.9928E-05 9.9928E-05 9.9928E-05 9.9928E-05 9.9928E-05 0.00574593 0.0096817 0.00314256 0.0500505 0.323954 0.0248884 0.0437517 0.0551029 9.9928E-05 0.469749 9.9928E-05
9.9919E-05 9.9919E-05 0.0200027 9.9919E-05 9.9919E-05 0.0506352 9.9919E-05 9.9919E-05 0.0212194 0.0213749 0.146076 0.186999 9.9919E-05 0.0218534 0.136884 9.9919E-05 0.394057 9.9919E-05
9.9883E-05 9.9883E-05 0.00418593 9.9883E-05 9.9883E-05 9.9883E-05 9.9883E-05 0.0568172 9.9883E-05 9.9883E-05 0.0757081 0.0799661 9.9883E-05 9.9883E-05 9.9883E-05 9.9883E-05 0.782024 9.9883E-05
9.9928E-05 0.0508632 9.9928E-05 0.0256914 9.9928E-05 9.9928E-05 9.9928E-05 9.9928E-05 9.9928E-05 0.040243 0.0768418 0.250728 0.00317156 0.0320342 0.455557 9.9928E-05 0.0326589 0.0314112
9.9937E-05 0.015341 0.0494378 0.00222452 9.9937E-05 9.9937E-05 9.9937E-05 9.9937E-05 0.0277442 0.0253558 0.216268 0.0184152 9.9937E-05 9.9937E-05 0.203344 0.153298 0.252486 0.0353861
9.9946E-05 0.0194812 0.0330743 0.0488586 0.0325226 9.9946E-05 0.123231 9.9946E-05 0.00670976 0.0188384 0.00611283 9.9946E-05 9.9946E-05 0.038847 0.121452 9.9946E-05 0.526074 0.0241993
0.0447239 0.0036975 0.0363185 0.124442 9.9928E-05 0.0221587 0.0293406 9.9928E-05 9.9928E-05 0.0108059 9.9928E-05 9.9928E-05 9.9928E-05 9.9928E-05 9.9928E-05 0.0218455 0.636471 0.0693973
9.991E-05 0.0612152 0.0758828 0.0104129 0.0585938 9.991E-05 9.991E-05 9.991E-05 0.013617 9.991E-05 0.156376 9.991E-05 9.991E-05 9.991E-05 0.413494 9.991E-05 0.209409 9.991E-05
9.9919E-05 9.9919E-05 9.9919E-05 0.00215331 9.9919E-05 9.9919E-05 9.9919E-05 0.0333931 0.000264767 9.9919E-05 0.0264605 9.9919E-05 0.023207 0.0210423 0.204873 0.0475641 0.640143 9.9919E-05
0.107499 0.0436887 0.0201488 0.0388386 0.0746631 9.9937E-05 9.9937E-05 0.039975 0.0826295 0.0482559 9.9937E-05 9.9937E-05 0.0146087 9.9937E-05 0.241474 9.9937E-05 0.287519 9.9937E-05
9.9874E-05 9.9874E-05 9.9874E-05 9.9874E-05 0.0294271 0.0180531 9.9874E-05 0.0098349 9.9874E-05 9.9874E-05 9.9874E-05 9.9874E-05 9.9874E-05 9.9874E-05 0.941287 9.9874E-05 9.9874E-05 9.9874E-05
9.98466E-05 9.98466E-05 9.98466E-05 9.98466E-05 9.98466E-05 9.98466E-05 9.98466E-05 9.98466E-05 0.998303 9.98466E-05 9.98466E-05 9.98466E-05 9.98466E-05 9.98466E-05 9.98466E-05 9.98466E-05 9.98466E-05 9.98466E-05
9.994E-05 0.0592857 0.023888 0.0374144 9.994E-05 9.994E-05 0.082023 9.994E-05 0.0283531 0.00523689 9.994E-05 0.192614 0.00688792 0.031178 0.135809 9.994E-05 0.323473 0.0732371
0.121603 9.99009E-05 9.99009E-05 0.00611268 9.99009E-05 9.99009E-05 9.99009E-05 0.00331079 9.99009E-05 0.0239619 9.99009E-05 9.99009E-05 0.00595594 9.99009E-05 0.0443629 9.99009E-05 0.793594 9.99009E-05
0.150209 9.991E-05 9.991E-05 0.0359382 9.991E-05 9.991E-05 9.991E-05 0.0824544 0.042409 0.0065856 9.991E-05 9.991E-05 9.991E-05 0.0398949 0.520384 9.991E-05 0.121125 9.991E-05
0.126944 9.98649E-05 9.98649E-05 9.98649E-05 0.0748032 9.98649E-05 9.98649E-05 9.98649E-05 9.98649E-05 9.98649E-05 9.98649E-05 9.98649E-05 9.98649E-05 9.98649E-05 0.796755 9.98649E-05 9.98649E-05 9.98649E-05
9.9928E-05 0.010973 0.0203728 0.0267647 9.9928E-05 9.9928E-05 0.0855183 0.032206 9.9928E-05 0.00174142 9.9928E-05 9.9928E-05 9.9928E-05 0.00355645 0.230053 9.9928E-05 0.490544 0.0974704
0.078185 9.99369E-05 0.00803871 0.105834 0.0375753 0.00189625 9.99369E-05 9.99369E-05 9.99369E-05 9.99369E-05 0.0146182 9.99369E-05 0.0228559 0.0426786 0.0171421 9.99369E-05 0.632529 0.0379477
9.9847E-05 9.9847E-05 0.998303 9.9847E-05 9.9847E-05 9.9847E-05 9.9847E-05 9.9847E-05 9.9847E-05 9.9847E-05 9.9847E-05 9.9847E-05 9.9847E-05 9.9847E-05 9.9847E-05 9.9847E-05 9.9847E-05 9.9847E-05
9.98466E-05 9.98466E-05 9.98466E-05 9.98466E-05 9.98466E-05 9.98466E-05 9.98466E-05 9.98466E-05 0.998303 9.98466E-05 9.98466E-05 9.98466E-05 9.98466E-05 9.98466E-05 9.98466E-05 9.98466E-05 9.98466E-05 9.98466E-05
9.9847E-05 9.9847E-05 0.998303 9.9847E-05 9.9847E-05 9.9847E-05 9.9847E-05 9.9847E-05 9.9847E-05 9.9847E-05 9.9847E-05 9.9847E-05 9.9847E-05 9.9847E-05 9.9847E-05 9.9847E-05 9.9847E-05 9.9847E-05
9.991E-05 0.0420646 9.991E-05 9.991E-05 9.991E-05 9.991E-05 9.991E-05 0.111552 0.0494164 0.0360279 0.0741829 9.991E-05 0.00912885 9.991E-05 0.00402103 9.991E-05 0.672607 9.991E-05
9.9901E-05 0.0338858 0.0182491 9.9901E-05 9.9901E-05 9.9901E-05 9.9901E-05 9.9901E-05 0.041564 0.0235625 9.9901E-05 0.327855 0.0414707 9.9901E-05 9.9901E-05 9.9901E-05 0.512314 9.9901E-05
9.9937E-05 0.0163524 0.00980791 0.0234118 9.9937E-05 0.0189261 0.0234655 0.0103898 0.0420449 9.9937E-05 0.0405463 9.9937E-05 9.9937E-05 0.0362223 9.9937E-05 0.0407279 0.737405 9.9937E-05
9.9928E-05 0.0098376 0.0269808 0.00472237 9.9928E-05 9.9928E-05 0.0747974 9.9928E-05 0.0231302 9.9928E-05 9.9928E-05 9.9928E-05 0.02165 0.0378059 0.290658 0.0303853 0.479233 9.9928E-05
9.9892E-05 0.00759937 9.9892E-05 0.00291482 9.9892E-05 0.00581257 0.100841 9.9892E-05 9.9892E-05 9.9892E-05 9.9892E-05 9.9892E-05 0.0156599 9.9892E-05 0.865973 9.9892E-05 9.9892E-05 9.9892E-05
9.9892E-05 0.00227743 9.9892E-05 0.000986689 9.9892E-05 9.9892E-05 9.9892E-05 9.9892E-05 0.670812 9.9892E-05 0.161735 0.131981 9.9892E-05 9.9892E-05 9.9892E-05 9.9892E-05 0.0310092 9.9892E-05
9.9946E-05 0.0144834 0.00497281 0.0476099 9.9946E-05 0.0119878 0.0322387 9.9946E-05 0.0593199 9.9946E-05 0.0771598 0.196826 9.9946E-05 0.0274761 0.167613 9.9946E-05 0.334229 0.0254841
9.991E-05 0.0724559 9.991E-05 0.00114399 0.0249676 9.991E-05 9.991E-05 0.00982688 9.991E-05 9.991E-05 9.991E-05 0.0513588 0.0217047 9.991E-05 9.991E-05 9.991E-05 0.122804 0.694739
9.9883E-05 9.9883E-05 9.9883E-05 0.0640336 0.0112452 9.9883E-05 9.9883E-05 9.9883E-05 9.9883E-05 0.0287861 0.00705286 9.9883E-05 9.9883E-05 9.9883E-05 9.9883E-05 9.9883E-05 9.9883E-05 0.887584
9.9892E-05 9.9892E-05 0.0244364 0.0203522 9.9892E-05 9.9892E-05 9.9892E-05 9.9892E-05 0.00939673 0.0258392 9.9892E-05 9.9892E-05 0.0150021 9.9892E-05 9.9892E-05 9.9892E-05 9.9892E-05 0.903775
9.9892E-05 9.9892E-05 9.9892E-05 9.9892E-05 9.9892E-05 9.9892E-05 9.9892E-05 0.0228426 9.9892E-05 0.00107606 0.0221312 9.9892E-05 0.00720942 9.9892E-05 9.9892E-05 9.9892E-05 0.0797508 0.865791
0.0882984 9.991E-05 0.013347 9.991E-05 0.00552481 0.00827653 9.991E-05 9.991E-05 0.018158 9.991E-05 9.991E-05 0.156727 9.991E-05 9.991E-05 9.991E-05 9.991E-05 0.142688 0.565981
0.0295043 0.028223 9.98921E-05 9.98921E-05 0.0736844 0.037074 9.98921E-05 9.98921E-05 9.98921E-05 0.000491119 9.98921E-05 9.98921E-05 9.98921E-05 9.98921E-05 9.98921E-05 9.98921E-05 9.98921E-05 0.829824
9.9874E-05 9.9874E-05 9.9874E-05 9.9874E-05 9.9874E-05 9.9874E-05 0.000698077 9.9874E-05 9.9874E-05 9.9874E-05 9.9874E-05 9.9874E-05 9.9874E-05 0.0148581 9.9874E-05 0.01543 9.9874E-05 0.967616
9.9883E-05 9.9883E-05 9.9883E-05 0.0386536 9.9883E-05 9.9883E-05 9.9883E-05 9.9883E-05 0.010757 9.9883E-05 9.9883E-05 9.9883E-05 9.9883E-05 0.0289202 0.0251454 9.9883E-05 9.9883E-05 0.895225
0.0834063 0.0051397 0.014937 9.9919E-05 9.9919E-05 0.0136285 0.0401826 9.9919E-05 9.9919E-05 9.9919E-05 9.9919E-05 9.9919E-05 0.019379 0.00264626 9.9919E-05 9.9919E-05 0.0475439 0.772237
9.9901E-05 9.9901E-05 9.9901E-05 9.9901E-05 0.0247839 9.9901E-05 0.0649295 9.9901E-05 0.0113864 0.0320007 9.9901E-05 9.9901E-05 0.0412785 9.9901E-05 9.9901E-05 9.9901E-05 0.160593 0.663929
0.000766839 0.0189391 0.00713945 9.99099E-05 9.99099E-05 0.0945328 0.0218642 9.99099E-05 9.99099E-05 9.99099E-05 9.99099E-05 9.99099E-05 9.99099E-05 9.99099E-05 0.166487 0.00623608 9.99099E-05 0.683035
9.9901E-05 9.9901E-05 0.0157134 9.9901E-05 0.0696688 0.00141261 9.9901E-05 0.798084 0.000447762 9.9901E-05 9.9901E-05 9.9901E-05 9.9901E-05 9.9901E-05 9.9901E-05 0.0450871 9.9901E-05 0.0684878
0.000352349 9.9883E-05 9.9883E-05 9.9883E-05 0.966275 9.9883E-05 9.9883E-05 9.9883E-05 0.00514191 9.9883E-05 9.9883E-05 9.9883E-05 0.0167268 9.9883E-05 9.9883E-05 0.0102053 9.9883E-05 9.9883E-05
0.156818 0.00678138 9.9892E-05 0.0322826 9.9892E-05 9.9892E-05 9.9892E-05 0.799391 0.00137501 9.9892E-05 9.9892E-05 9.9892E-05 0.00215404 9.9892E-05 9.9892E-05 9.9892E-05 9.9892E-05 9.9892E-05
9.9892E-05 9.9892E-05 9.9892E-05 0.00657043 9.9892E-05 9.9892E-05 0.133959 0.354687 9.9892E-05 9.9892E-05 9.9892E-05 9.9892E-05 0.00524315 0.0205498 9.9892E-05 0.477792 9.9892E-05 9.9892E-05
0.0065678 9.9883E-05 9.9883E-05 9.9883E-05 9.9883E-05 9.9883E-05 9.9883E-05 0.911212 9.9883E-05 0.0447069 9.9883E-05 9.9883E-05 0.0324583 9.9883E-05 9.9883E-05 9.9883E-05 0.00375599 9.9883E-05
9.991E-05 9.991E-05 0.00142636 9.991E-05 0.326583 9.991E-05 9.991E-05 0.2384 9.991E-05 9.991E-05 0.00184325 0.274912 0.0340817 9.991E-05 9.991E-05 0.0470424 9.991E-05 0.0747122
0.175731 9.9892E-05 9.9892E-05 9.9892E-05 0.331585 0.00885038 9.9892E-05 0.452608 0.0218436 9.9892E-05 9.9892E-05 9.9892E-05 9.9892E-05 9.9892E-05 9.9892E-05 0.00818367 9.9892E-05 9.9892E-05
9.9901E-05 9.9901E-05 9.9901E-05 0.0580651 0.233315 9.9901E-05 9.9901E-05 0.184312 9.9901E-05 0.0140576 9.9901E-05 0.113124 0.00671335 9.9901E-05 9.9901E-05 0.389314 9.9901E-05 9.9901E-05
9.99369E-05 0.0362492 0.066226 0.0411991 9.99369E-05 0.051729 0.0139675 0.62358 0.0213229 9.99369E-05 0.104487 9.99369E-05 9.99369E-05 0.00995776 0.0028142 0.0277672 9.99369E-05 9.99369E-05
9.9847E-05 9.9847E-05 9.9847E-05 9.9847E-05 0.998303 9.9847E-05 9.9847E-05 9.9847E-05 9.9847E-05 9.9847E-05 9.9847E-05 9.9847E-05 9.9847E-05 9.9847E-05 9.9847E-05 9.9847E-05 9.9847E-05 9.9847E-05
9.9919E-05 0.00407789 9.9919E-05 9.9919E-05 0.0535687 9.9919E-05 0.0827063 0.386934 9.9919E-05 0.0207685 9.9919E-05 0.188974 0.00706939 9.9919E-05 9.9919E-05 0.210322 9.9919E-05 0.044681
0.148965 0.0140542 9.9892E-05 9.9892E-05 0.230204 9.9892E-05 9.9892E-05 9.9892E-05 9.9892E-05 9.9892E-05 9.9892E-05 9.9892E-05 0.00196102 0.0177989 9.9892E-05 0.585818 9.9892E-05 9.9892E-05
9.99459E-05 0.00444621 0.0187149 0.0168107 0.268484 0.0302714 0.0894997 0.0694581 9.99459E-05 9.99459E-05 0.0299381 9.99459E-05 0.000404945 0.019276 0.0239992 0.428097 9.99459E-05 9.99459E-05
9.9883E-05 9.9883E-05 9.9883E-05 9.9883E-05 0.101838 9.9883E-05 0.0748497 9.9883E-05 9.9883E-05 9.9883E-05 9.9883E-05 0.702927 9.9883E-05 9.9883E-05 0.0302617 9.9883E-05 9.9883E-05 0.0888253
9.98559E-05 9.98559E-05 9.98559E-05 9.98559E-05 9.98559E-05 9.98559E-05 9.98559E-05 9.98559E-05 9.98559E-05 9.98559E-05 9.98559E-05 0.987686 9.98559E-05 9.98559E-05 9.98559E-05 0.0107166 9.98559E-05 9.98559E-05
9.99189E-05 0.0156423 9.99189E-05 9.99189E-05 9.99189E-05 9.99189E-05 9.99189E-05 9.99189E-05 0.00877748 0.0246976 0.0579362 0.179924 0.00268341 0.0474987 9.99189E-05 0.661166 0.000775101 9.99189E-05
9.9856E-05 0.0135288 9.9856E-05 9.9856E-05 9.9856E-05 9.9856E-05 9.9856E-05 9.9856E-05 9.9856E-05 9.9856E-05 9.9856E-05 9.9856E-05 9.9856E-05 9.9856E-05 9.9856E-05 0.984874 9.9856E-05 9.9856E-05
9.98829E-05 9.98829E-05 9.98829E-05 9.98829E-05 0.158194 9.98829E-05 9.98829E-05 9.98829E-05 9.98829E-05 9.98829E-05 9.98829E-05 0.308409 9.98829E-05 0.0133204 0.0722783 0.4465 9.98829E-05 9.98829E-05
9.9847E-05 9.9847E-05 9.9847E-05 9.9847E-05 9.9847E-05 9.9847E-05 9.9847E-05 9.9847E-05 9.9847E-05 9.9847E-05 9.9847E-05 9.9847E-05 9.9847E-05 9.9847E-05 9.9847E-05 0.998303 9.9847E-05 9.9847E-05
9.98919E-05 9.98919E-05 9.98919E-05 9.98919E-05 9.98919E-05 9.98919E-05 9.98919E-05 0.0682472 9.98919E-05 0.0164558 0.137389 0.319797 0.00763669 9.98919E-05 9.98919E-05 0.449275 9.98919E-05 9.98919E-05
9.98649E-05 9.98649E-05 9.98649E-05 9.98649E-05 9.98649E-05 9.98649E-05 9.98649E-05 9.98649E-05 9.98649E-05 0.0283441 9.98649E-05 0.684661 9.98649E-05 9.98649E-05 9.98649E-05 0.285497 9.98649E-05 9.98649E-05
9.98604E-05 9.98604E-05 9.98604E-05 0.0175957 9.98604E-05 9.98604E-05 9.98604E-05 9.98604E-05 9.98604E-05 9.98604E-05 9.98604E-05 9.98604E-05 9.98604E-05 9.98604E-05 9.98604E-05 0.980807 9.98604E-05 9.98604E-05
9.9865E-05 9.9865E-05 0.0254232 9.9865E-05 0.936717 9.9865E-05 9.9865E-05 9.9865E-05 9.9865E-05 9.9865E-05 9.9865E-05 0.0363614 9.9865E-05 9.9865E-05 9.9865E-05 9.9865E-05 9.9865E-05 9.9865E-05
9.9847E-05 9.9847E-05 9.9847E-05 9.9847E-05 0.998303 9.9847E-05 9.9847E-05 9.9847E-05 9.9847E-05 9.9847E-05 9.9847E-05 9.9847E-05 9.9847E-05 9.9847E-05 9.9847E-05 9.9847E-05 9.9847E-05 9.9847E-05
9.9865E-05 9.9865E-05 9.9865E-05 9.9865E-05 9.9865E-05 9.9865E-05 9.9865E-05 0.0821591 0.028741 9.9865E-05 9.9865E-05 0.887602 9.9865E-05 9.9865E-05 9.9865E-05 9.9865E-05 9.9865E-05 9.9865E-05
9.9874E-05 9.9874E-05 9.9874E-05 9.9874E-05 9.9874E-05 9.9874E-05 9.9874E-05 0.700321 9.9874E-05 9.9874E-05 0.0522652 9.9874E-05 9.9874E-05 9.9874E-05 9.9874E-05 0.10544 0.140576 9.9874E-05
9.99189E-05 0.00691008 0.0324626 0.0442441 0.0450703 9.99189E-05 9.99189E-05 0.756698 0.00192659 9.99189E-05 0.102267 0.00331986 0.00620238 9.99189E-05 9.99189E-05 9.99189E-05 9.99189E-05 9.99189E-05
0.0819665 0.0445128 9.991E-05 9.991E-05 0.000813297 9.991E-05 9.991E-05 0.712883 9.991E-05 0.0255269 0.0825149 9.991E-05 9.991E-05 0.0318258 0.0189574 9.991E-05 9.991E-05 9.991E-05
0.0479006 9.99009E-05 9.99009E-05 0.0179402 0.0956876 9.99009E-05 9.99009E-05 0.00124248 9.99009E-05 9.99009E-05 0.0190952 0.81109 0.00594497 9.99009E-05 9.99009E-05 9.99009E-05 9.99009E-05 9.99009E-05
0.0143351 9.9883E-05 9.9883E-05 9.9883E-05 9.9883E-05 9.9883E-05 0.0318751 0.484799 0.00260668 9.9883E-05 9.9883E-05 0.465085 9.9883E-05 9.9883E-05 9.9883E-05 9.9883E-05 9.9883E-05 9.9883E-05
9.9892E-05 0.0341492 0.0059938 9.9892E-05 0.231365 9.9892E-05 0.0722161 0.415618 9.9892E-05 9.9892E-05 9.9892E-05 9.9892E-05 9.9892E-05 9.9892E-05 9.9892E-05 0.239459 9.9892E-05 9.9892E-05
9.99014E-05 9.99014E-05 9.99014E-05 9.99014E-05 0.556055 0.0382067 0.0885639 0.214241 9.99014E-05 9.99014E-05 9.99014E-05 0.0585386 9.99014E-05 0.026023 9.99014E-05 9.99014E-05 0.0172729 9.99014E-05
9.9901E-05 9.9901E-05 9.9901E-05 0.022623 0.00821468 0.083711 0.0556212 0.243353 9.9901E-05 9.9901E-05 9.9901E-05 0.411686 9.9901E-05 9.9901E-05 9.9901E-05 0.173692 9.9901E-05 9.9901E-05
0.0296488 0.0134309 0.00425834 0.0413465 0.137211 0.0429225 9.99279E-05 0.346451 0.0167227 9.99279E-05 9.99279E-05 9.99279E-05 9.99279E-05 9.99279E-05 9.99279E-05 0.354609 0.0125993 9.99279E-05
9.9859E-05 9.9859E-05 9.9859E-05 9.9859E-05 9.9859E-05 9.9859E-05 9.9859E-05 0.986212 9.9859E-05 9.9859E-05 9.9859E-05 9.9859E-05 0.0121905 9.9859E-05 9.9859E-05 9.9859E-05 9.9859E-05 9.9859E-05
9.9892E-05 0.00322656 9.9892E-05 9.9892E-05 9.9892E-05 9.9892E-05 0.0116322 0.0614312 9.9892E-05 0.0166001 0.902099 9.9892E-05 0.00381217 9.9892E-05 9.9892E-05 9.9892E-05 9.9892E-05 9.9892E-05
0.15638 9.991E-05 9.991E-05 9.991E-05 9.991E-05 0.000507423 9.991E-05 0.0396259 0.0326933 0.00593616 0.713899 0.0283273 9.991E-05 9.991E-05 9.991E-05 9.991E-05 9.991E-05 0.0216319
9.9865E-05 0.0148341 0.00422643 9.9865E-05 9.9865E-05 9.9865E-05 9.9865E-05 9.9865E-05 9.9865E-05 9.9865E-05 0.979442 9.9865E-05 9.9865E-05 9.9865E-05 9.9865E-05 9.9865E-05 9.9865E-05 9.9865E-05
9.9892E-05 9.9892E-05 0.012886 0.000170669 9.9892E-05 9.9892E-05 9.9892E-05 9.9892E-05 0.00152166 9.9892E-05 0.970496 0.00274733 9.9892E-05 0.0109792 9.9892E-05 9.9892E-05 9.9892E-05 9.9892E-05
0.208642 9.98741E-05 9.98741E-05 0.0172271 9.98741E-05 9.98741E-05 9.98741E-05 9.98741E-05 9.98741E-05 9.98741E-05 0.742767 9.98741E-05 9.98741E-05 9.98741E-05 9.98741E-05 0.0299652 9.98741E-05 9.98741E-05
0.588934 9.9883E-05 0.0028493 9.9883E-05 9.9883E-05 9.9883E-05 9.9883E-05 9.9883E-05 9.9883E-05 9.9883E-05 0.335934 9.9883E-05 0.00414177 9.9883E-05 9.9883E-05 0.0668421 9.9883E-05 9.9883E-05
9.9856E-05 9.9856E-05 9.9856E-05 9.9856E-05 9.9856E-05 9.9856E-05 0.0291125 9.9856E-05 9.9856E-05 9.9856E-05 0.96929 9.9856E-05 9.9856E-05 9.9856E-05 9.9856E-05 9.9856E-05 9.9856E-05 9.9856E-05
9.9901E-05 9.9901E-05 9.9901E-05 9.9901E-05 9.9901E-05 0.0700116 0.145961 0.0131592 9.9901E-05 9.9901E-05 0.653641 9.9901E-05 9.9901E-05 0.0118618 9.9901E-05 0.0329968 0.0712701 9.9901E-05
