9.9829E-05 9.9829E-05 9.9829E-05 9.9829E-05 9.9829E-05 9.9829E-05 9.9829E-05 9.9829E-05 9.9829E-05 9.9829E-05 9.9829E-05 9.9829E-05 9.9829E-05 9.9829E-05 9.9829E-05 9.9829E-05 9.9829E-05 9.9829E-05 0.998103 9.9829E-05
9.9892E-05 9.9892E-05 0.00387241 0.00161133 9.9892E-05 0.0086049 0.130401 0.647486 9.9892E-05 9.9892E-05 9.9892E-05 0.141787 9.9892E-05 9.9892E-05 9.9892E-05 9.9892E-05 9.9892E-05 9.9892E-05 0.0408619 0.0241769
9.991E-05 0.0599056 0.0346719 9.991E-05 9.991E-05 9.991E-05 9.991E-05 0.697634 9.991E-05 0.0390435 9.991E-05 9.991E-05 0.00799849 0.00361883 9.991E-05 0.0772736 9.991E-05 0.00794343 0.0701036 0.000807442
9.9892E-05 9.9892E-05 0.033039 0.0485186 9.9892E-05 9.9892E-05 0.0385419 0.776919 9.9892E-05 9.9892E-05 9.9892E-05 9.9892E-05 9.9892E-05 0.00306484 9.9892E-05 9.9892E-05 0.0783234 0.0188065 9.9892E-05 0.00158842
0.0165839 0.0196361 0.00560732 0.100099 9.99322E-05 9.99322E-05 0.0236592 0.762534 9.99322E-05 0.0259589 0.0080361 9.99322E-05 9.99322E-05 9.99322E-05 9.99322E-05 9.99322E-05 0.00527607 0.00375881 0.00723967 0.0208125
9.98831E-05 9.98831E-05 0.00448621 9.98831E-05 9.98831E-05 0.00505833 9.98831E-05 0.87401 9.98831E-05 9.98831E-05 0.00554516 9.98831E-05 9.98831E-05 0.0251636 9.98831E-05 9.98831E-05 0.0464554 0.0379833 9.98831E-05 9.98831E-05
9.9829E-05 9.9829E-05 9.9829E-05 9.9829E-05 9.9829E-05 9.9829E-05 9.9829E-05 9.9829E-05 9.9829E-05 9.9829E-05 9.9829E-05 9.9829E-05 9.9829E-05 9.9829E-05 9.9829E-05 9.9829E-05 9.9829E-05 9.9829E-05 0.998103 9.9829E-05
9.99011E-05 9.99011E-05 0.00566573 9.99011E-05 9.99011E-05 0.0233475 9.99011E-05 0.74894 9.99011E-05 0.0361459 0.00391 0.0448359 9.99011E-05 9.99011E-05 9.99011E-05 9.99011E-05 0.059049 0.0411844 0.035823 9.99011E-05
9.9883E-05 9.9883E-05 0.00152511 9.9883E-05 9.9883E-05 9.9883E-05 0.00211685 0.701637 9.9883E-05 9.9883E-05 9.9883E-05 9.9883E-05 9.9883E-05 9.9883E-05 9.9883E-05 0.109276 9.9883E-05 0.130872 0.0462814 0.00699335
9.9901E-05 0.00179619 9.9901E-05 9.9901E-05 9.9901E-05 0.0110097 9.9901E-05 0.727803 0.032315 9.9901E-05 0.0071895 9.9901E-05 0.00508706 9.9901E-05 9.9901E-05 0.0637296 0.128267 9.9901E-05 0.0217048 9.9901E-05
9.9883E-05 9.9883E-05 9.9883E-05 9.9883E-05 0.0168696 0.00335512 0.135925 0.729588 9.9883E-05 9.9883E-05 9.9883E-05 9.9883E-05 0.01767 9.9883E-05 9.9883E-05 9.9883E-05 0.0834488 9.9883E-05 9.9883E-05 0.0118452
9.991E-05 0.0388347 0.00806054 9.991E-05 0.00319963 9.991E-05 0.0896865 0.699264 9.991E-05 9.991E-05 0.00668018 9.991E-05 9.991E-05 9.991E-05 0.00164976 9.991E-05 0.0649344 9.991E-05 0.0583137 0.028378
9.99011E-05 0.00529892 9.99011E-05 0.0869832 9.99011E-05 0.0453496 0.0199681 0.71932 9.99011E-05 9.99011E-05 0.0150026 9.99011E-05 9.99011E-05 9.99011E-05 9.99011E-05 0.0472122 0.0506496 9.99011E-05 0.00911688 9.99011E-05
0.00993759 0.0749014 0.00684323 9.9919E-05 9.9919E-05 0.0268274 9.9919E-05 0.687384 0.0065075 0.0215099 9.9919E-05 0.0178464 0.00545497 9.9919E-05 0.0229038 9.9919E-05 9.9919E-05 0.118984 9.9919E-05 9.9919E-05
0.00659678 0.0238868 9.9892E-05 9.9892E-05 0.0357812 9.9892E-05 0.0717527 0.791816 9.9892E-05 9.9892E-05 9.9892E-05 0.012959 9.9892E-05 9.9892E-05 9.9892E-05 0.0555841 9.9892E-05 9.9892E-05 0.000424541 9.9892E-05
0.00522756 9.98741E-05 9.98741E-05 9.98741E-05 9.98741E-05 0.0107752 9.98741E-05 0.850849 9.98741E-05 9.98741E-05 9.98741E-05 9.98741E-05 9.98741E-05 0.00619031 9.98741E-05 0.0214815 9.98741E-05 0.104079 9.98741E-05 9.98741E-05
0.0388696 9.98741E-05 9.98741E-05 9.98741E-05 9.98741E-05 9.98741E-05 9.98741E-05 0.880491 9.98741E-05 9.98741E-05 0.0124533 0.00845571 9.98741E-05 0.0162302 9.98741E-05 9.98741E-05 9.98741E-05 9.98741E-05 0.0421023 9.98741E-05
9.98741E-05 9.98741E-05 0.00104234 9.98741E-05 9.98741E-05 9.98741E-05 9.98741E-05 0.923827 9.98741E-05 0.0203945 9.98741E-05 9.98741E-05 9.98741E-05 0.00616181 0.0361891 9.98741E-05 9.98741E-05 9.98741E-05 0.010987 9.98741E-05
0.0678176 9.98561E-05 9.98561E-05 9.98561E-05 9.98561E-05 9.98561E-05 9.98561E-05 0.832625 9.98561E-05 9.98561E-05 9.98561E-05 9.98561E-05 9.98561E-05 9.98561E-05 0.0502045 9.98561E-05 9.98561E-05 9.98561E-05 0.0477553 9.98561E-05
0.0896299 0.0139087 9.9883E-05 9.9883E-05 9.9883E-05 9.9883E-05 9.9883E-05 0.871934 9.9883E-05 9.9883E-05 0.0120661 9.9883E-05 0.000940676 0.00688173 9.9883E-05 9.9883E-05 9.9883E-05 9.9883E-05 9.9883E-05 0.00334014
9.98291E-05 9.98291E-05 9.98291E-05 9.98291E-05 9.98291E-05 9.98291E-05 9.98291E-05 9.98291E-05 9.98291E-05 9.98291E-05 9.98291E-05 9.98291E-05 0.998103 9.98291E-05 9.98291E-05 9.98291E-05 9.98291E-05 9.98291E-05 9.98291E-05 9.98291E-05
9.9892E-05 0.845663 0.0148934 9.9892E-05 9.9892E-05 0.0044283 9.9892E-05 9.9892E-05 9.9892E-05 9.9892E-05 9.9892E-05 0.0457524 0.00418158 9.9892E-05 9.9892E-05 9.9892E-05 0.057395 9.9892E-05 0.0205879 0.00589926
9.98741E-05 0.726298 9.98741E-05 9.98741E-05 9.98741E-05 9.98741E-05 9.98741E-05 9.98741E-05 9.98741E-05 9.98741E-05 0.0167376 0.0836772 9.98741E-05 9.98741E-05 0.0252944 9.98741E-05 0.117722 9.98741E-05 0.0288726 9.98741E-05
9.9856E-05 0.899021 9.9856E-05 9.9856E-05 9.9856E-05 9.9856E-05 9.9856E-05 9.9856E-05 9.9856E-05 0.0489425 9.9856E-05 9.9856E-05 9.9856E-05 0.018351 9.9856E-05 9.9856E-05 9.9856E-05 9.9856E-05 9.9856E-05 0.0320875
9.98471E-05 0.948268 9.98471E-05 9.98471E-05 0.0498482 9.98471E-05 9.98471E-05 9.98471E-05 9.98471E-05 9.98471E-05 9.98471E-05 9.98471E-05 0.000186145 9.98471E-05 9.98471E-05 9.98471E-05 9.98471E-05 9.98471E-05 9.98471E-05 9.98471E-05
9.9874E-05 0.921323 0.00870573 9.9874E-05 9.9874E-05 9.9874E-05 9.9874E-05 9.9874E-05 9.9874E-05 9.9874E-05 0.00900622 9.9874E-05 9.9874E-05 0.0244203 0.00914217 9.9874E-05 9.9874E-05 9.9874E-05 0.0260041 9.9874E-05
9.9892E-05 0.787892 9.9892E-05 0.0629518 0.0632355 9.9892E-05 9.9892E-05 9.9892E-05 9.9892E-05 0.0408333 9.9892E-05 9.9892E-05 0.00196245 9.9892E-05 0.00748843 9.9892E-05 0.00918861 9.9892E-05 0.0252495 9.9892E-05
9.9838E-05 9.9838E-05 9.9838E-05 9.9838E-05 9.9838E-05 9.9838E-05 0.00485325 9.9838E-05 9.9838E-05 9.9838E-05 9.9838E-05 9.9838E-05 0.99335 9.9838E-05 9.9838E-05 9.9838E-05 9.9838E-05 9.9838E-05 9.9838E-05 9.9838E-05
9.9874E-05 0.702756 9.9874E-05 9.9874E-05 0.00303991 9.9874E-05 0.080599 9.9874E-05 9.9874E-05 9.9874E-05 0.0158808 9.9874E-05 0.0299575 9.9874E-05 9.9874E-05 0.166369 9.9874E-05 9.9874E-05 9.9874E-05 9.9874E-05
9.9874E-05 0.619601 9.9874E-05 9.9874E-05 9.9874E-05 0.0168571 0.0243363 0.00310279 9.9874E-05 0.0632258 9.9874E-05 9.9874E-05 9.9874E-05 9.9874E-05 9.9874E-05 0.271478 9.9874E-05 9.9874E-05 9.9874E-05 9.9874E-05
9.9892E-05 0.630239 0.00910293 9.9892E-05 9.9892E-05 9.9892E-05 0.106042 9.9892E-05 9.9892E-05 9.9892E-05 9.9892E-05 9.9892E-05 0.0327057 0.00136943 9.9892E-05 0.177142 0.0241295 9.9892E-05 9.9892E-05 0.0180713
0.087185 0.739621 9.9901E-05 0.0225551 9.9901E-05 0.00851813 9.9901E-05 9.9901E-05 9.9901E-05 9.9901E-05 9.9901E-05 9.9901E-05 0.0194552 0.0159361 0.044497 9.9901E-05 9.9901E-05 0.0573308 0.00380229 9.9901E-05
9.9883E-05 0.553694 9.9883E-05 9.9883E-05 9.9883E-05 0.0228374 9.9883E-05 9.9883E-05 0.043107 0.0973325 9.9883E-05 9.9883E-05 0.0524947 9.9883E-05 9.9883E-05 0.216062 9.9883E-05 9.9883E-05 0.0131741 9.9883E-05
9.9892E-05 0.505924 0.0320573 9.9892E-05 9.9892E-05 0.0605344 9.9892E-05 9.9892E-05 0.126474 9.9892E-05 0.00950391 0.0607154 0.0499815 9.9892E-05 9.9892E-05 0.153611 9.9892E-05 9.9892E-05 9.9892E-05 9.9892E-05
0.0381287 0.591656 0.00966025 0.0271643 9.99549E-05 0.00487442 0.0272876 0.00628459 9.99549E-05 9.99549E-05 0.0178366 0.178363 0.000879253 0.00124181 0.0119644 0.0592411 9.99549E-05 9.99549E-05 0.00214095 0.0227782
9.99099E-05 0.446622 0.0400849 9.99099E-05 9.99099E-05 0.000460202 0.165499 0.0456612 9.99099E-05 9.99099E-05 9.99099E-05 0.0618072 0.0108849 0.0116737 9.99099E-05 9.99099E-05 0.05972 9.99099E-05 9.99099E-05 0.156587
0.116157 0.688501 0.0466259 9.9892E-05 0.0463624 9.9892E-05 9.9892E-05 9.9892E-05 9.9892E-05 0.024962 9.9892E-05 9.9892E-05 9.9892E-05 0.00308844 0.0442518 9.9892E-05 9.9892E-05 9.9892E-05 9.9892E-05 0.0288531
0.835899 9.9856E-05 9.9856E-05 9.9856E-05 9.9856E-05 9.9856E-05 9.9856E-05 9.9856E-05 9.9856E-05 9.9856E-05 9.9856E-05 9.9856E-05 0.00278857 9.9856E-05 0.0876509 0.0720635 9.9856E-05 9.9856E-05 9.9856E-05 9.9856E-05
9.9892E-05 9.9892E-05 9.9892E-05 0.0723956 0.0183757 0.00749082 9.9892E-05 9.9892E-05 9.9892E-05 0.788327 0.0110542 9.9892E-05 9.9892E-05 9.9892E-05 0.0295978 9.9892E-05 9.9892E-05 9.9892E-05 0.0203055 0.051255
9.98741E-05 9.98741E-05 0.0207429 9.98741E-05 9.98741E-05 0.0120704 0.00990313 0.0284793 9.98741E-05 0.784985 9.98741E-05 9.98741E-05 9.98741E-05 9.98741E-05 9.98741E-05 0.142421 9.98741E-05 9.98741E-05 9.98741E-05 9.98741E-05
0.597101 0.00682136 9.9874E-05 9.9874E-05 0.0667832 9.9874E-05 9.9874E-05 9.9874E-05 0.0550608 0.239821 9.9874E-05 9.9874E-05 9.9874E-05 9.9874E-05 9.9874E-05 9.9874E-05 9.9874E-05 9.9874E-05 0.0330144 9.9874E-05
0.854258 9.99189E-05 0.0250167 0.00328115 9.99189E-05 0.00691789 0.0251574 9.99189E-05 9.99189E-05 9.99189E-05 0.00445902 0.015805 0.0258387 9.99189E-05 9.99189E-05 9.99189E-05 0.0175078 9.99189E-05 0.0064163 0.0144433
9.9874E-05 9.9874E-05 0.0175839 9.9874E-05 9.9874E-05 9.9874E-05 9.9874E-05 0.00182127 9.9874E-05 0.96234 9.9874E-05 9.9874E-05 0.00337828 9.9874E-05 9.9874E-05 0.00168909 9.9874E-05 9.9874E-05 9.9874E-05 0.0117896
0.457543 9.99279E-05 0.00810616 9.99279E-05 9.99279E-05 0.0254889 9.99279E-05 0.00240512 0.0529054 0.00878205 9.99279E-05 9.99279E-05 9.99279E-05 0.0126461 9.99279E-05 0.0166176 0.282229 0.0736663 0.0101439 0.0486666
0.0372825 9.9901E-05 9.9901E-05 9.9901E-05 9.9901E-05 0.0286224 9.9901E-05 9.9901E-05 9.9901E-05 0.709529 9.9901E-05 9.9901E-05 0.0128872 9.9901E-05 0.00725535 0.105351 0.0438301 9.9901E-05 0.00800962 0.0461342
0.0768818 0.0232648 9.9901E-05 0.0892072 9.9901E-05 9.9901E-05 9.9901E-05 0.0641509 9.9901E-05 0.599879 0.011133 9.9901E-05 9.9901E-05 9.9901E-05 0.00750999 9.9901E-05 0.0674212 0.0594532 9.9901E-05 9.9901E-05
0.988622 9.98471E-05 9.98471E-05 9.98471E-05 9.98471E-05 9.98471E-05 9.98471E-05 9.98471E-05 9.98471E-05 9.98471E-05 0.000247927 9.98471E-05 9.98471E-05 0.00943234 9.98471E-05 9.98471E-05 9.98471E-05 9.98471E-05 9.98471E-05 9.98471E-05
9.9892E-05 9.9892E-05 0.00509432 9.9892E-05 9.9892E-05 0.00555035 9.9892E-05 9.9892E-05 0.0262252 0.928656 0.0139026 9.9892E-05 0.00286182 9.9892E-05 9.9892E-05 9.9892E-05 0.00204863 9.9892E-05 9.9892E-05 0.0144621
0.795831 9.98743E-05 9.98743E-05 9.98743E-05 9.98743E-05 9.98743E-05 9.98743E-05 9.98743E-05 9.98743E-05 0.152802 9.98743E-05 9.98743E-05 0.0174758 0.000456999 9.98743E-05 0.0208281 9.98743E-05 9.98743E-05 0.0112083 9.98743E-05
0.3387 9.9892E-05 0.00451196 9.9892E-05 0.0283194 0.0131762 9.9892E-05 9.9892E-05 0.0442952 0.00655358 9.9892E-05 9.9892E-05 9.9892E-05 9.9892E-05 0.0378937 9.9892E-05 0.525352 9.9892E-05 9.9892E-05 9.9892E-05
0.0268689 9.9865E-05 9.9865E-05 9.9865E-05 9.9865E-05 9.9865E-05 0.0256352 9.9865E-05 9.9865E-05 0.8426 9.9865E-05 0.0877732 9.9865E-05 9.9865E-05 9.9865E-05 9.9865E-05 9.9865E-05 9.9865E-05 0.0156243 9.9865E-05
9.98561E-05 9.98561E-05 0.00190003 9.98561E-05 9.98561E-05 9.98561E-05 9.98561E-05 9.98561E-05 9.98561E-05 0.911816 9.98561E-05 9.98561E-05 9.98561E-05 9.98561E-05 9.98561E-05 9.98561E-05 9.98561E-05 0.0780395 0.00664669 9.98561E-05
0.358521 9.98829E-05 9.98829E-05 0.0101702 9.98829E-05 0.0311039 9.98829E-05 9.98829E-05 0.00536454 0.483856 0.0637163 9.98829E-05 9.98829E-05 9.98829E-05 9.98829E-05 0.0459701 9.98829E-05 9.98829E-05 9.98829E-05 9.98829E-05
0.857925 9.98649E-05 9.98649E-05 9.98649E-05 9.98649E-05 9.98649E-05 9.98649E-05 9.98649E-05 9.98649E-05 9.98649E-05 9.98649E-05 0.0926617 9.98649E-05 0.000778246 9.98649E-05 9.98649E-05 0.0120889 9.98649E-05 0.035048 9.98649E-05
0.0793853 9.99189E-05 9.99189E-05 9.99189E-05 0.0186557 0.0131426 9.99189E-05 0.0374785 9.99189E-05 0.726045 0.0194767 9.99189E-05 0.00199849 0.00588393 0.010321 0.0740269 9.99189E-05 0.0126868 9.99189E-05 9.99189E-05
0.0659541 9.9892E-05 0.00633721 9.9892E-05 9.9892E-05 9.9892E-05 9.9892E-05 9.9892E-05 9.9892E-05 0.484669 9.9892E-05 9.9892E-05 9.9892E-05 0.0196728 9.9892E-05 0.114304 0.174551 0.123979 9.9892E-05 0.00933428
0.923376 9.9865E-05 9.9865E-05 9.9865E-05 9.9865E-05 9.9865E-05 0.0208363 9.9865E-05 9.9865E-05 9.9865E-05 0.0105375 9.9865E-05 0.00930895 9.9865E-05 9.9865E-05 0.0344436 9.9865E-05 9.9865E-05 9.9865E-05 9.9865E-05
0.159534 0.0539895 9.991E-05 0.0295468 0.168522 0.00473177 0.00904168 9.991E-05 9.991E-05 9.991E-05 9.991E-05 0.45688 9.991E-05 9.991E-05 0.0597172 9.991E-05 9.991E-05 0.0275718 9.991E-05 0.0294659
9.98289E-05 9.98289E-05 0.998103 9.98289E-05 9.98289E-05 9.98289E-05 9.98289E-05 9.98289E-05 9.98289E-05 9.98289E-05 9.98289E-05 9.98289E-05 9.98289E-05 9.98289E-05 9.98289E-05 9.98289E-05 9.98289E-05 9.98289E-05 9.98289E-05 9.98289E-05
9.9919E-05 9.9919E-05 9.9919E-05 0.089753 0.243995 0.0275385 9.9919E-05 9.9919E-05 9.9919E-05 0.1151 0.0176517 0.302256 0.0136687 9.9919E-05 0.0390123 9.9919E-05 0.0192817 9.9919E-05 0.0335975 0.097246
9.9928E-05 9.9928E-05 0.00842939 0.0705433 0.174778 0.0464605 9.9928E-05 0.00746573 9.9928E-05 0.150861 0.00761129 0.23771 0.00909586 9.9928E-05 0.0370766 0.103129 9.9928E-05 9.9928E-05 9.9928E-05 0.14604
9.9874E-05 9.9874E-05 0.0290544 9.9874E-05 0.472705 9.9874E-05 9.9874E-05 9.9874E-05 9.9874E-05 9.9874E-05 9.9874E-05 0.062604 9.9874E-05 0.00746453 9.9874E-05 0.403724 9.9874E-05 9.9874E-05 9.9874E-05 0.0230505
0.131598 9.9892E-05 9.9892E-05 9.9892E-05 0.790758 9.9892E-05 9.9892E-05 9.9892E-05 0.00659685 9.9892E-05 0.00410416 9.9892E-05 9.9892E-05 0.0220652 9.9892E-05 0.0221321 0.00212973 9.9892E-05 9.9892E-05 0.0194181
9.98289E-05 9.98289E-05 9.98289E-05 9.98289E-05 9.98289E-05 0.998103 9.98289E-05 9.98289E-05 9.98289E-05 9.98289E-05 9.98289E-05 9.98289E-05 9.98289E-05 9.98289E-05 9.98289E-05 9.98289E-05 9.98289E-05 9.98289E-05 9.98289E-05 9.98289E-05
9.98289E-05 9.98289E-05 0.998103 9.98289E-05 9.98289E-05 9.98289E-05 9.98289E-05 9.98289E-05 9.98289E-05 9.98289E-05 9.98289E-05 9.98289E-05 9.98289E-05 9.98289E-05 9.98289E-05 9.98289E-05 9.98289E-05 9.98289E-05 9.98289E-05 9.98289E-05
9.9928E-05 9.9928E-05 0.0310151 0.194202 0.333558 0.0473182 9.9928E-05 0.0382101 0.0420314 9.9928E-05 0.00105057 0.0521726 9.9928E-05 0.0292933 9.9928E-05 9.9928E-05 0.120647 9.9928E-05 0.0100429 0.0996598
0.044696 0.0798361 0.00112361 9.9928E-05 0.544233 0.0288554 9.9928E-05 9.9928E-05 0.0984568 9.9928E-05 0.0271747 9.9928E-05 0.00843728 0.0192957 0.116968 0.0145469 9.9928E-05 9.9928E-05 0.0155778 9.9928E-05
0.00460631 9.9919E-05 0.0485476 0.123557 0.507961 0.0448903 9.9919E-05 0.0171272 0.0847337 9.9919E-05 0.0253317 9.9919E-05 9.9919E-05 0.0223194 0.0963876 9.9919E-05 9.9919E-05 9.9919E-05 9.9919E-05 0.0236396
9.9919E-05 0.0441689 0.0209666 0.0546135 0.422849 0.0352512 9.9919E-05 9.9919E-05 9.9919E-05 9.9919E-05 0.0219449 0.217142 0.036032 0.0100932 0.0599508 9.9919E-05 9.9919E-05 9.9919E-05 9.9919E-05 0.0760882
9.9919E-05 0.0397034 0.089686 9.9919E-05 0.20464 0.0148718 9.9919E-05 9.9919E-05 9.9919E-05 9.9919E-05 0.0240887 0.543646 0.00348909 0.0258163 0.0175285 9.9919E-05 9.9919E-05 9.9919E-05 0.0154879 0.0201426
9.9919E-05 9.9919E-05 0.0297242 9.9919E-05 0.688979 0.0332047 9.9919E-05 9.9919E-05 9.9919E-05 0.0294153 0.00993386 9.9919E-05 9.9919E-05 0.00560451 0.0742425 0.0723403 9.9919E-05 0.00668248 0.0367701 0.0122041
9.9883E-05 9.9883E-05 9.9883E-05 0.0140899 0.863282 0.0088857 9.9883E-05 9.9883E-05 9.9883E-05 0.0467781 9.9883E-05 9.9883E-05 0.00213254 0.0197183 9.9883E-05 9.9883E-05 9.9883E-05 9.9883E-05 0.0438148 9.9883E-05
9.99279E-05 9.99279E-05 0.062833 9.99279E-05 0.236651 0.0247528 9.99279E-05 9.99279E-05 9.99279E-05 0.00974882 0.00400076 0.16953 0.0119708 0.00166502 0.0727684 0.2709 9.99279E-05 9.99279E-05 0.00752502 0.126855
9.9874E-05 9.9874E-05 0.0175834 9.9874E-05 9.9874E-05 9.9874E-05 9.9874E-05 9.9874E-05 9.9874E-05 9.9874E-05 9.9874E-05 0.749811 9.9874E-05 0.00262399 9.9874E-05 0.177149 0.00546112 9.9874E-05 9.9874E-05 0.0459731
9.9883E-05 9.9883E-05 9.9883E-05 0.0436769 9.9883E-05 0.0126926 9.9883E-05 9.9883E-05 9.9883E-05 0.372721 9.9883E-05 0.371374 0.0264538 0.0267922 0.144992 9.9883E-05 9.9883E-05 9.9883E-05 9.9883E-05 9.9883E-05
0.281275 9.9901E-05 0.0140107 0.094691 0.509432 0.000147001 9.9901E-05 0.0318994 0.0260057 9.9901E-05 9.9901E-05 9.9901E-05 9.9901E-05 0.0011684 0.0402722 9.9901E-05 9.9901E-05 9.9901E-05 9.9901E-05 9.9901E-05
0.447523 9.9874E-05 0.0325624 9.9874E-05 9.9874E-05 9.9874E-05 9.9874E-05 0.04525 9.9874E-05 9.9874E-05 9.9874E-05 0.462732 9.9874E-05 0.00366962 0.00686432 9.9874E-05 9.9874E-05 9.9874E-05 9.9874E-05 9.9874E-05
9.98289E-05 9.98289E-05 9.98289E-05 9.98289E-05 9.98289E-05 0.998103 9.98289E-05 9.98289E-05 9.98289E-05 9.98289E-05 9.98289E-05 9.98289E-05 9.98289E-05 9.98289E-05 9.98289E-05 9.98289E-05 9.98289E-05 9.98289E-05 9.98289E-05 9.98289E-05
0.185465 9.9928E-05 0.0499046 0.00144349 0.24881 0.00824841 9.9928E-05 0.0321055 9.9928E-05 9.9928E-05 0.0663882 0.240159 0.0255621 0.0318346 9.9928E-05 0.0741241 9.9928E-05 0.0351559 9.9928E-05 9.9928E-05
0.0545725 0.0116657 0.0476705 0.0107511 0.496166 0.0561417 9.9937E-05 9.9937E-05 0.00822662 0.10351 0.00982346 9.9937E-05 9.9937E-05 0.0212039 0.0737864 9.9937E-05 9.9937E-05 9.9937E-05 0.00438445 0.101399
9.98379E-05 9.98379E-05 9.98379E-05 9.98379E-05 9.98379E-05 9.98379E-05 9.98379E-05 9.98379E-05 9.98379E-05 9.98379E-05 0.00399625 9.98379E-05 9.98379E-05 9.98379E-05 0.994207 9.98379E-05 9.98379E-05 9.98379E-05 9.98379E-05 9.98379E-05
9.9856E-05 9.9856E-05 9.9856E-05 9.9856E-05 9.9856E-05 9.9856E-05 9.9856E-05 9.9856E-05 9.9856E-05 9.9856E-05 0.0228457 0.950343 9.9856E-05 9.9856E-05 0.0190003 9.9856E-05 9.9856E-05 9.9856E-05 0.00621308 9.9856E-05
9.9892E-05 9.9892E-05 9.9892E-05 9.9892E-05 0.70162 0.0350641 9.9892E-05 0.0479172 9.9892E-05 0.130973 0.0131476 9.9892E-05 9.9892E-05 0.00911408 0.00322841 9.9892E-05 9.9892E-05 9.9892E-05 9.9892E-05 0.0577368
0.0445554 0.0149719 9.9937E-05 9.9937E-05 0.107135 9.9937E-05 0.119801 0.0069964 0.0577467 0.294365 0.04252 0.234321 0.00180829 0.0252113 9.9937E-05 9.9937E-05 9.9937E-05 9.9937E-05 0.000247149 0.0496214
9.9883E-05 9.9883E-05 0.00916749 9.9883E-05 9.9883E-05 0.0364239 0.146782 9.9883E-05 0.42542 0.237709 9.9883E-05 9.9883E-05 9.9883E-05 9.9883E-05 9.9883E-05 9.9883E-05 9.9883E-05 0.0316562 9.9883E-05 0.111543
0.188398 0.019357 0.0609832 0.133887 0.231014 9.9937E-05 0.183513 9.9937E-05 9.9937E-05 9.9937E-05 0.0142102 0.0353608 9.9937E-05 0.0104366 0.0644672 0.0204762 9.9937E-05 9.9937E-05 0.0329689 0.00422698
9.9838E-05 9.9838E-05 9.9838E-05 9.9838E-05 9.9838E-05 0.00399061 9.9838E-05 9.9838E-05 9.9838E-05 9.9838E-05 9.9838E-05 9.9838E-05 9.9838E-05 9.9838E-05 0.994212 9.9838E-05 9.9838E-05 9.9838E-05 9.9838E-05 9.9838E-05
9.98291E-05 9.98291E-05 9.98291E-05 9.98291E-05 9.98291E-05 9.98291E-05 9.98291E-05 9.98291E-05 9.98291E-05 9.98291E-05 9.98291E-05 9.98291E-05 9.98291E-05 9.98291E-05 0.998103 9.98291E-05 9.98291E-05 9.98291E-05 9.98291E-05 9.98291E-05
0.00582364 9.9919E-05 0.0286277 0.0527209 0.611826 9.9919E-05 0.0335928 9.9919E-05 9.9919E-05 9.9919E-05 0.0380212 0.0315762 9.9919E-05 9.9919E-05 0.0672648 0.0113784 0.0823566 0.0359122 9.9919E-05 9.9919E-05
9.98284E-05 9.98284E-05 9.98284E-05 9.98284E-05 9.98284E-05 9.98284E-05 9.98284E-05 9.98284E-05 9.98284E-05 9.98284E-05 9.98284E-05 9.98284E-05 9.98284E-05 9.98284E-05 9.98284E-05 9.98284E-05 9.98284E-05 9.98284E-05 9.98284E-05 0.998103
0.103246 9.9919E-05 0.00789412 0.106279 0.2146 0.141651 9.9919E-05 9.9919E-05 9.9919E-05 0.0455898 0.00690322 0.279233 0.00934087 0.0162449 9.9919E-05 9.9919E-05 9.9919E-05 9.9919E-05 9.9919E-05 0.0681196
9.9856E-05 9.9856E-05 9.9856E-05 9.9856E-05 0.103906 0.0538397 9.9856E-05 9.9856E-05 9.9856E-05 0.130784 9.9856E-05 0.709872 9.9856E-05 9.9856E-05 9.9856E-05 9.9856E-05 9.9856E-05 9.9856E-05 9.9856E-05 9.9856E-05
9.9919E-05 0.0278415 0.0128142 9.9919E-05 0.193472 0.0119399 0.170114 9.9919E-05 9.9919E-05 9.9919E-05 9.9919E-05 0.240294 0.0302749 9.9919E-05 0.015555 9.9919E-05 0.0324717 9.9919E-05 0.0501357 0.214188
9.9937E-05 0.144938 9.9937E-05 9.9937E-05 0.027503 0.0348985 0.00555828 9.9937E-05 9.9937E-05 0.0232092 9.9937E-05 0.249666 0.00363641 0.0199482 0.0370476 0.0136411 0.0880111 9.9937E-05 0.0200864 0.331157
9.99099E-05 0.0449733 9.99099E-05 9.99099E-05 0.306243 0.0391496 0.0350384 9.99099E-05 9.99099E-05 9.99099E-05 9.99099E-05 0.299329 9.99099E-05 0.0207718 9.99099E-05 9.99099E-05 0.0473049 0.0758222 0.034261 0.0961078
9.99369E-05 0.0370747 0.0471972 0.0591305 0.277681 0.0327565 0.0279139 9.99369E-05 0.030749 9.99369E-05 9.99369E-05 0.156055 0.0062136 9.99369E-05 0.039708 9.99369E-05 0.115616 9.99369E-05 0.0646371 0.104569
9.99099E-05 9.99099E-05 9.99099E-05 9.99099E-05 9.99099E-05 0.0312409 0.0459708 9.99099E-05 0.0174411 0.00458029 9.99099E-05 0.359548 9.99099E-05 0.0559873 9.99099E-05 0.300579 0.0676972 9.99099E-05 0.0187214 0.0972349
9.9919E-05 9.9919E-05 0.0389644 0.0783919 0.200333 0.0167637 9.9919E-05 0.0148418 9.9919E-05 0.169544 0.0204075 0.370594 9.9919E-05 0.0320867 0.0475104 9.9919E-05 9.9919E-05 9.9919E-05 0.00966227 9.9919E-05
0.0845329 9.99172E-05 0.0278739 9.99172E-05 0.276131 0.0203388 9.99172E-05 0.00697767 9.99172E-05 9.99172E-05 9.99172E-05 0.0398499 9.99172E-05 0.0423518 0.128471 0.313636 9.99172E-05 9.99172E-05 9.99172E-05 0.058838
9.991E-05 9.991E-05 0.0672433 9.991E-05 0.345476 9.991E-05 9.991E-05 0.0175269 9.991E-05 0.0352394 0.0216987 0.109385 9.991E-05 0.0633217 9.991E-05 0.182293 0.0220098 9.991E-05 9.991E-05 0.134806
9.9919E-05 0.011474 9.9919E-05 0.145226 0.542671 9.9919E-05 0.111849 9.9919E-05 9.9919E-05 9.9919E-05 0.0195324 0.102873 0.0106956 9.9919E-05 0.0085081 9.9919E-05 0.0127332 9.9919E-05 0.0135961 0.0199417
0.0394076 9.9955E-05 0.0773855 0.0709911 0.211255 0.0621353 9.9955E-05 0.00653628 0.00632812 9.9955E-05 0.0794046 0.1885 0.0293486 0.0390589 0.0286319 9.9955E-05 9.9955E-05 0.0733165 0.0107646 0.0764366
9.9847E-05 9.9847E-05 9.9847E-05 9.9847E-05 0.974552 9.9847E-05 9.9847E-05 9.9847E-05 9.9847E-05 9.9847E-05 9.9847E-05 9.9847E-05 0.00863106 9.9847E-05 9.9847E-05 9.9847E-05 9.9847E-05 0.0151197 9.9847E-05 9.9847E-05
9.9829E-05 9.9829E-05 9.9829E-05 9.9829E-05 9.9829E-05 9.9829E-05 9.9829E-05 9.9829E-05 9.9829E-05 9.9829E-05 0.998103 9.9829E-05 9.9829E-05 9.9829E-05 9.9829E-05 9.9829E-05 9.9829E-05 9.9829E-05 9.9829E-05 9.9829E-05
0.135342 9.9955E-05 0.0440499 0.0802665 0.0374852 0.00611259 0.0447062 0.0020968 0.00467968 9.9955E-05 0.00624084 0.366346 0.00669925 0.0515507 9.9955E-05 0.0799178 9.9955E-05 9.9955E-05 0.0150814 0.118925
0.0398321 9.9892E-05 9.9892E-05 9.9892E-05 0.578034 0.0686717 9.9892E-05 9.9892E-05 9.9892E-05 9.9892E-05 9.9892E-05 9.9892E-05 9.9892E-05 9.9892E-05 0.0199074 0.125224 9.9892E-05 0.0403707 0.0220159 0.104746
9.9883E-05 9.9883E-05 9.9883E-05 9.9883E-05 0.614494 0.0245391 0.190989 9.9883E-05 9.9883E-05 9.9883E-05 0.0070803 9.9883E-05 9.9883E-05 9.9883E-05 0.0111011 9.9883E-05 9.9883E-05 9.9883E-05 0.0250737 0.125424
0.0385981 9.9874E-05 9.9874E-05 9.9874E-05 0.865957 9.9874E-05 0.0179422 9.9874E-05 9.9874E-05 9.9874E-05 9.9874E-05 9.9874E-05 9.9874E-05 9.9874E-05 9.9874E-05 0.00258167 0.0431191 9.9874E-05 9.9874E-05 0.0304034
0.00459598 9.99459E-05 0.00303412 0.143815 0.279488 0.00113084 9.99459E-05 0.0146036 9.99459E-05 0.0602284 9.99459E-05 0.0950389 9.99459E-05 0.0654291 0.0230851 0.201035 9.99459E-05 0.00669152 0.0191614 0.0820637
9.98868E-05 9.98868E-05 0.00326511 9.98868E-05 0.123864 9.98868E-05 9.98868E-05 0.0293296 9.98868E-05 9.98868E-05 9.98868E-05 0.228915 9.98868E-05 0.0054789 0.0503402 0.510699 0.0469096 9.98868E-05 9.98868E-05 9.98868E-05
9.9829E-05 9.9829E-05 9.9829E-05 9.9829E-05 9.9829E-05 9.9829E-05 9.9829E-05 9.9829E-05 9.9829E-05 9.9829E-05 9.9829E-05 9.9829E-05 9.9829E-05 0.998103 9.9829E-05 9.9829E-05 9.9829E-05 9.9829E-05 9.9829E-05 9.9829E-05
9.9829E-05 9.9829E-05 9.9829E-05 9.9829E-05 9.9829E-05 9.9829E-05 9.9829E-05 9.9829E-05 9.9829E-05 9.9829E-05 0.998103 9.9829E-05 9.9829E-05 9.9829E-05 9.9829E-05 9.9829E-05 9.9829E-05 9.9829E-05 9.9829E-05 9.9829E-05
9.9829E-05 9.9829E-05 9.9829E-05 9.9829E-05 9.9829E-05 9.9829E-05 9.9829E-05 9.9829E-05 9.9829E-05 9.9829E-05 9.9829E-05 9.9829E-05 9.9829E-05 0.998103 9.9829E-05 9.9829E-05 9.9829E-05 9.9829E-05 9.9829E-05 9.9829E-05
0.0448674 9.9865E-05 9.9865E-05 9.9865E-05 9.9865E-05 0.0318223 9.9865E-05 9.9865E-05 9.9865E-05 9.9865E-05 9.9865E-05 0.753221 0.00970609 9.9865E-05 9.9865E-05 9.9865E-05 9.9865E-05 9.9865E-05 9.9865E-05 0.158885
0.0662711 0.0265047 0.0347952 9.9928E-05 0.187633 0.0351836 9.9928E-05 9.9928E-05 9.9928E-05 9.9928E-05 0.00636102 0.234295 0.0155338 0.0496931 9.9928E-05 9.9928E-05 9.9928E-05 0.0662094 0.0467074 0.230013
9.9874E-05 9.9874E-05 9.9874E-05 9.9874E-05 9.9874E-05 9.9874E-05 0.000137095 0.00644268 0.0141706 9.9874E-05 0.000810319 0.954278 9.9874E-05 9.9874E-05 9.9874E-05 9.9874E-05 9.9874E-05 9.9874E-05 9.9874E-05 0.0227631
0.0291918 9.9901E-05 0.00540354 9.9901E-05 0.306472 9.9901E-05 9.9901E-05 0.00952889 9.9901E-05 9.9901E-05 0.0217434 0.546515 0.00830801 0.0428556 9.9901E-05 9.9901E-05 9.9901E-05 9.9901E-05 9.9901E-05 0.028883
9.9883E-05 9.9883E-05 0.00909362 9.9883E-05 0.349066 0.00852101 9.9883E-05 9.9883E-05 9.9883E-05 0.242578 0.0305739 0.340959 0.0179103 9.9883E-05 9.9883E-05 9.9883E-05 9.9883E-05 9.9883E-05 9.9883E-05 9.9883E-05
9.98284E-05 9.98284E-05 9.98284E-05 9.98284E-05 9.98284E-05 9.98284E-05 9.98284E-05 9.98284E-05 9.98284E-05 9.98284E-05 9.98284E-05 9.98284E-05 9.98284E-05 9.98284E-05 9.98284E-05 9.98284E-05 9.98284E-05 9.98284E-05 9.98284E-05 0.998103
0.136326 9.9937E-05 9.9937E-05 0.0271238 0.126159 0.000910485 0.00297946 9.9937E-05 0.055161 9.9937E-05 0.0392406 0.448952 9.9937E-05 0.0159289 0.0416792 9.9937E-05 0.0245148 9.9937E-05 0.026493 0.0538328
9.98561E-05 9.98561E-05 0.0486043 0.895645 9.98561E-05 9.98561E-05 9.98561E-05 9.98561E-05 9.98561E-05 9.98561E-05 9.98561E-05 0.0131342 9.98561E-05 9.98561E-05 9.98561E-05 9.98561E-05 9.98561E-05 0.0410185 9.98561E-05 9.98561E-05
9.98561E-05 9.98561E-05 9.98561E-05 0.928201 9.98561E-05 0.0150132 9.98561E-05 9.98561E-05 9.98561E-05 9.98561E-05 9.98561E-05 9.98561E-05 9.98561E-05 0.0146465 0.0405415 9.98561E-05 9.98561E-05 9.98561E-05 9.98561E-05 9.98561E-05
9.9901E-05 9.9901E-05 9.9901E-05 0.648428 9.9901E-05 9.9901E-05 0.0058983 9.9901E-05 9.9901E-05 9.9901E-05 0.0263974 0.172228 0.0278202 0.00931884 0.0451779 0.0568964 9.9901E-05 9.9901E-05 0.00673623 9.9901E-05
9.9892E-05 9.9892E-05 0.0176899 0.826629 9.9892E-05 0.00537699 9.9892E-05 9.9892E-05 9.9892E-05 9.9892E-05 9.9892E-05 0.0874512 0.00400421 9.9892E-05 9.9892E-05 0.0327321 9.9892E-05 9.9892E-05 0.000923034 0.023995
9.98289E-05 9.98289E-05 9.98289E-05 9.98289E-05 9.98289E-05 9.98289E-05 9.98289E-05 9.98289E-05 9.98289E-05 9.98289E-05 9.98289E-05 9.98289E-05 9.98289E-05 9.98289E-05 9.98289E-05 0.998103 9.98289E-05 9.98289E-05 9.98289E-05 9.98289E-05
9.98289E-05 9.98289E-05 9.98289E-05 9.98289E-05 9.98289E-05 9.98289E-05 9.98289E-05 9.98289E-05 9.98289E-05 9.98289E-05 9.98289E-05 9.98289E-05 9.98289E-05 9.98289E-05 9.98289E-05 0.998103 9.98289E-05 9.98289E-05 9.98289E-05 9.98289E-05
9.98291E-05 9.98291E-05 9.98291E-05 0.998103 9.98291E-05 9.98291E-05 9.98291E-05 9.98291E-05 9.98291E-05 9.98291E-05 9.98291E-05 9.98291E-05 9.98291E-05 9.98291E-05 9.98291E-05 9.98291E-05 9.98291E-05 9.98291E-05 9.98291E-05 9.98291E-05
9.98651E-05 9.98651E-05 9.98651E-05 0.947214 9.98651E-05 9.98651E-05 9.98651E-05 0.0089642 9.98651E-05 9.98651E-05 0.0198966 9.98651E-05 9.98651E-05 9.98651E-05 0.0186981 9.98651E-05 9.98651E-05 9.98651E-05 0.00372918 9.98651E-05
9.98289E-05 9.98289E-05 9.98289E-05 9.98289E-05 9.98289E-05 9.98289E-05 9.98289E-05 9.98289E-05 9.98289E-05 9.98289E-05 9.98289E-05 9.98289E-05 9.98289E-05 9.98289E-05 9.98289E-05 0.998103 9.98289E-05 9.98289E-05 9.98289E-05 9.98289E-05
0.101953 9.9883E-05 0.00281112 0.792005 9.9883E-05 9.9883E-05 9.9883E-05 9.9883E-05 9.9883E-05 9.9883E-05 0.0184933 9.9883E-05 0.0299159 9.9883E-05 0.0159565 9.9883E-05 9.9883E-05 9.9883E-05 9.9883E-05 0.0375665
9.9901E-05 0.0258859 0.0261321 0.761861 0.0859617 9.9901E-05 9.9901E-05 9.9901E-05 9.9901E-05 0.00738393 9.9901E-05 9.9901E-05 0.0123132 0.023858 9.9901E-05 9.9901E-05 9.9901E-05 9.9901E-05 0.0123668 0.0431381
9.98471E-05 9.98471E-05 9.98471E-05 9.98471E-05 9.98471E-05 9.98471E-05 9.98471E-05 9.98471E-05 9.98471E-05 9.98471E-05 9.98471E-05 9.98471E-05 9.98471E-05 0.016057 9.98471E-05 0.0891773 9.98471E-05 0.893068 9.98471E-05 9.98471E-05
9.9892E-05 9.9892E-05 9.9892E-05 0.042803 9.9892E-05 0.0198365 9.9892E-05 9.9892E-05 0.0228027 9.9892E-05 0.0131045 9.9892E-05 0.00135645 9.9892E-05 0.0215812 0.0104126 9.9892E-05 0.866904 9.9892E-05 9.9892E-05
9.9874E-05 0.00238999 9.9874E-05 9.9874E-05 0.0467648 9.9874E-05 9.9874E-05 9.9874E-05 9.9874E-05 9.9874E-05 9.9874E-05 9.9874E-05 0.0164722 0.00613998 0.0670704 9.9874E-05 9.9874E-05 0.859764 9.9874E-05 9.9874E-05
9.98561E-05 9.98561E-05 9.98561E-05 9.98561E-05 9.98561E-05 9.98561E-05 0.767717 0.0213798 9.98561E-05 0.174475 9.98561E-05 9.98561E-05 9.98561E-05 9.98561E-05 0.0348304 9.98561E-05 9.98561E-05 9.98561E-05 9.98561E-05 9.98561E-05
0.0306952 9.9883E-05 9.9883E-05 9.9883E-05 9.9883E-05 0.0377109 9.9883E-05 9.9883E-05 9.9883E-05 9.9883E-05 9.9883E-05 0.0197052 0.0272021 9.9883E-05 9.9883E-05 9.9883E-05 9.9883E-05 0.849925 0.00351586 0.0299475
9.9874E-05 9.9874E-05 9.9874E-05 9.9874E-05 9.9874E-05 9.9874E-05 9.9874E-05 9.9874E-05 0.24657 9.9874E-05 9.9874E-05 0.103818 0.0163417 9.9874E-05 9.9874E-05 0.0527113 9.9874E-05 0.561778 0.0173831 9.9874E-05
0.0369337 9.98651E-05 9.98651E-05 9.98651E-05 9.98651E-05 0.00398262 0.844294 9.98651E-05 9.98651E-05 9.98651E-05 0.047941 9.98651E-05 9.98651E-05 9.98651E-05 9.98651E-05 0.0653504 9.98651E-05 9.98651E-05 9.98651E-05 9.98651E-05
9.98927E-05 9.98927E-05 9.98927E-05 9.98927E-05 9.98927E-05 9.98927E-05 0.742746 9.98927E-05 0.105668 9.98927E-05 0.000981658 9.98927E-05 0.0208374 9.98927E-05 0.0450233 0.0545488 9.98927E-05 9.98927E-05 0.0136566 0.0153399
9.99189E-05 9.99189E-05 0.00667421 0.0237827 9.99189E-05 9.99189E-05 0.426372 9.99189E-05 9.99189E-05 9.99189E-05 0.0135469 0.00271205 9.99189E-05 0.0552793 0.0357726 9.99189E-05 0.209465 0.16384 0.0239331 0.0377234
0.0425703 9.98471E-05 9.98471E-05 9.98471E-05 9.98471E-05 9.98471E-05 9.98471E-05 9.98471E-05 9.98471E-05 9.98471E-05 9.98471E-05 9.98471E-05 9.98471E-05 9.98471E-05 9.98471E-05 0.223767 9.98471E-05 0.731965 9.98471E-05 9.98471E-05
9.9865E-05 9.9865E-05 0.0153553 9.9865E-05 9.9865E-05 0.0232387 0.852058 9.9865E-05 9.9865E-05 0.081432 9.9865E-05 9.9865E-05 0.0264185 9.9865E-05 9.9865E-05 9.9865E-05 9.9865E-05 9.9865E-05 9.9865E-05 9.9865E-05
0.0511824 0.0228909 0.0206607 9.9883E-05 9.9883E-05 9.9883E-05 9.9883E-05 0.0469582 0.392707 0.000869706 9.9883E-05 9.9883E-05 9.9883E-05 9.9883E-05 9.9883E-05 9.9883E-05 9.9883E-05 0.463433 9.9883E-05 9.9883E-05
9.9928E-05 0.0197198 9.9928E-05 0.0146868 0.0807734 9.9928E-05 0.721716 9.9928E-05 9.9928E-05 0.0560322 9.9928E-05 0.000114138 0.00469489 0.00563439 0.0135008 9.9928E-05 0.0284282 0.0163616 9.9928E-05 0.0375385
0.0343974 9.9946E-05 9.9946E-05 0.034918 0.0200067 0.00300322 0.493763 9.9946E-05 0.0673869 0.04257 9.9946E-05 0.0277767 0.000163797 9.9946E-05 9.9946E-05 0.0423261 0.0452706 0.0708406 0.0109672 0.10601
9.9901E-05 0.018276 0.0124728 9.9901E-05 0.0806992 9.9901E-05 0.151581 0.0131688 0.686539 9.9901E-05 9.9901E-05 9.9901E-05 9.9901E-05 0.00915613 9.9901E-05 9.9901E-05 9.9901E-05 9.9901E-05 0.0253078 0.00170095
9.9856E-05 9.9856E-05 0.0116152 9.9856E-05 9.9856E-05 9.9856E-05 9.9856E-05 9.9856E-05 0.804457 9.9856E-05 9.9856E-05 0.131973 9.9856E-05 9.9856E-05 9.9856E-05 9.9856E-05 9.9856E-05 9.9856E-05 0.0503565 9.9856E-05
9.9856E-05 9.9856E-05 0.0267085 9.9856E-05 9.9856E-05 9.9856E-05 9.9856E-05 9.9856E-05 0.943206 9.9856E-05 9.9856E-05 9.9856E-05 9.9856E-05 0.00376044 9.9856E-05 0.0247273 9.9856E-05 9.9856E-05 9.9856E-05 9.9856E-05
0.0356073 9.9892E-05 9.9892E-05 9.9892E-05 0.0510629 9.9892E-05 0.0939786 9.9892E-05 0.753644 0.0120408 0.00309379 9.9892E-05 9.9892E-05 0.00517979 9.9892E-05 9.9892E-05 9.9892E-05 9.9892E-05 0.0441946 9.9892E-05
9.9837E-05 9.9837E-05 9.9837E-05 9.9837E-05 9.9837E-05 9.9837E-05 9.9837E-05 9.9837E-05 0.998103 9.9837E-05 9.9837E-05 9.9837E-05 9.9837E-05 9.9837E-05 9.9837E-05 9.9837E-05 9.9837E-05 9.9837E-05 9.9837E-05 9.9837E-05
9.9883E-05 9.9883E-05 9.9883E-05 9.9883E-05 9.9883E-05 0.0154336 9.9883E-05 9.9883E-05 0.815999 0.0248407 9.9883E-05 0.0174279 0.0122932 9.9883E-05 9.9883E-05 9.9883E-05 0.0918124 9.9883E-05 9.9883E-05 0.0208947
9.9874E-05 9.9874E-05 9.9874E-05 9.9874E-05 9.9874E-05 0.0327865 9.9874E-05 9.9874E-05 0.801664 9.9874E-05 0.0169308 0.0667274 9.9874E-05 9.9874E-05 9.9874E-05 9.9874E-05 0.0265984 9.9874E-05 9.9874E-05 0.053895
0.0333426 9.98741E-05 9.98741E-05 9.98741E-05 9.98741E-05 9.98741E-05 9.98741E-05 9.98741E-05 0.883676 9.98741E-05 0.0159083 9.98741E-05 9.98741E-05 0.0492135 0.00598688 0.0104744 9.98741E-05 9.98741E-05 9.98741E-05 9.98741E-05
9.9883E-05 9.9883E-05 9.9883E-05 0.0341408 9.9883E-05 9.9883E-05 0.360998 0.00447565 0.181925 9.9883E-05 9.9883E-05 0.145177 9.9883E-05 0.0155079 9.9883E-05 9.9883E-05 9.9883E-05 0.256477 9.9883E-05 9.9883E-05
9.9901E-05 9.9901E-05 9.9901E-05 9.9901E-05 9.9901E-05 0.00664021 0.301002 0.0425436 9.9901E-05 9.9901E-05 9.9901E-05 9.9901E-05 9.9901E-05 0.00118205 9.9901E-05 0.0440939 0.0314124 0.500736 0.00198578 0.0693057
9.9883E-05 0.00840776 0.00041132 9.9883E-05 9.9883E-05 9.9883E-05 0.789617 0.0247047 9.9883E-05 9.9883E-05 0.00334592 9.9883E-05 9.9883E-05 9.9883E-05 9.9883E-05 0.0818625 9.9883E-05 9.9883E-05 9.9883E-05 0.090352
9.9865E-05 9.9865E-05 9.9865E-05 9.9865E-05 9.9865E-05 9.9865E-05 0.64278 9.9865E-05 0.0444625 9.9865E-05 9.9865E-05 0.250627 9.9865E-05 9.9865E-05 9.9865E-05 9.9865E-05 9.9865E-05 0.0565546 9.9865E-05 0.00407796
9.98829E-05 9.98829E-05 9.98829E-05 9.98829E-05 9.98829E-05 0.00329132 0.123591 9.98829E-05 9.98829E-05 9.98829E-05 9.98829E-05 9.98829E-05 0.0328257 0.0187331 9.98829E-05 9.98829E-05 0.114763 0.634417 9.98829E-05 0.0710806
9.9874E-05 9.9874E-05 0.0284674 9.9874E-05 9.9874E-05 0.0163366 0.664276 9.9874E-05 9.9874E-05 9.9874E-05 9.9874E-05 0.0972255 9.9874E-05 9.9874E-05 9.9874E-05 9.9874E-05 0.178541 9.9874E-05 0.0137552 9.9874E-05
9.991E-05 9.991E-05 0.0245974 9.991E-05 9.991E-05 9.991E-05 0.184358 9.991E-05 0.202307 9.991E-05 9.991E-05 0.00761853 0.0067855 9.991E-05 0.0680113 9.991E-05 0.176645 0.281225 0.0380722 0.00938126
0.126303 9.98562E-05 9.98562E-05 9.98562E-05 9.98562E-05 0.0112074 0.839994 9.98562E-05 9.98562E-05 9.98562E-05 0.0208983 9.98562E-05 9.98562E-05 9.98562E-05 9.98562E-05 9.98562E-05 9.98562E-05 9.98562E-05 9.98562E-05 9.98562E-05
9.98561E-05 9.98561E-05 0.0495741 9.98561E-05 9.98561E-05 9.98561E-05 9.98561E-05 9.98561E-05 9.98561E-05 0.0325823 9.98561E-05 9.98561E-05 9.98561E-05 0.0256621 9.98561E-05 9.98561E-05 9.98561E-05 0.890584 9.98561E-05 9.98561E-05
9.9901E-05 0.00986433 9.9901E-05 0.0313442 0.0387809 9.9901E-05 9.9901E-05 9.9901E-05 9.9901E-05 9.9901E-05 0.00149597 0.0131623 9.9901E-05 0.00649653 9.9901E-05 9.9901E-05 0.0753858 0.801955 0.0204156 9.9901E-05
0.0782747 0.105236 9.9883E-05 9.9883E-05 9.9883E-05 9.9883E-05 0.248582 9.9883E-05 0.0848098 9.9883E-05 9.9883E-05 9.9883E-05 0.000389724 9.9883E-05 0.0827921 9.9883E-05 9.9883E-05 0.398618 9.9883E-05 9.9883E-05
0.0290838 9.9892E-05 0.0181921 9.9892E-05 9.9892E-05 0.00818941 0.882305 9.9892E-05 9.9892E-05 9.9892E-05 0.0218333 9.9892E-05 9.9892E-05 0.00562654 0.0237316 9.9892E-05 9.9892E-05 9.9892E-05 0.00983992 9.9892E-05
9.9874E-05 9.9874E-05 9.9874E-05 9.9874E-05 9.9874E-05 0.014271 0.129957 9.9874E-05 9.9874E-05 9.9874E-05 9.9874E-05 0.0777472 0.0108904 0.000208431 9.9874E-05 9.9874E-05 9.9874E-05 0.765528 9.9874E-05 9.9874E-05
9.98651E-05 9.98651E-05 0.0165749 9.98651E-05 9.98651E-05 9.98651E-05 9.98651E-05 9.98651E-05 9.98651E-05 9.98651E-05 9.98651E-05 0.0339615 9.98651E-05 0.00343482 9.98651E-05 9.98651E-05 0.851039 0.0934919 9.98651E-05 9.98651E-05
9.9865E-05 0.0142556 9.9865E-05 9.9865E-05 9.9865E-05 9.9865E-05 0.00503686 9.9865E-05 0.028718 9.9865E-05 9.9865E-05 9.9865E-05 9.9865E-05 9.9865E-05 9.9865E-05 9.9865E-05 0.877837 9.9865E-05 9.9865E-05 0.0726544
9.9883E-05 0.013839 0.0312866 9.9883E-05 9.9883E-05 0.0313567 9.9883E-05 0.0157138 0.0183496 9.9883E-05 9.9883E-05 9.9883E-05 9.9883E-05 9.9883E-05 9.9883E-05 9.9883E-05 0.867085 9.9883E-05 9.9883E-05 0.0210705
9.9892E-05 9.9892E-05 9.9892E-05 0.0359368 0.00629739 0.0246492 0.00282941 9.9892E-05 9.9892E-05 9.9892E-05 0.017024 9.9892E-05 0.00763968 9.9892E-05 9.9892E-05 9.9892E-05 0.87271 9.9892E-05 0.0317145 9.9892E-05
9.98651E-05 9.98651E-05 9.98651E-05 9.98651E-05 0.0138797 9.98651E-05 9.98651E-05 9.98651E-05 9.98651E-05 9.98651E-05 9.98651E-05 9.98651E-05 0.00708609 9.98651E-05 9.98651E-05 0.0379558 0.938937 9.98651E-05 0.000643671 9.98651E-05
0.126233 0.0056912 9.9919E-05 0.00757258 9.9919E-05 0.00899134 9.9919E-05 9.9919E-05 0.0898125 0.173401 0.00943878 9.9919E-05 0.0257715 0.0139786 9.9919E-05 9.9919E-05 0.525716 9.9919E-05 9.9919E-05 0.0124937
9.98381E-05 9.98381E-05 9.98381E-05 9.98381E-05 9.98381E-05 9.98381E-05 9.98381E-05 9.98381E-05 9.98381E-05 9.98381E-05 9.98381E-05 9.98381E-05 9.98381E-05 9.98381E-05 9.98381E-05 0.0148168 0.983386 9.98381E-05 9.98381E-05 9.98381E-05
9.98651E-05 0.126455 9.98651E-05 0.0133722 9.98651E-05 9.98651E-05 9.98651E-05 0.0731963 9.98651E-05 0.0461444 9.98651E-05 9.98651E-05 9.98651E-05 9.98651E-05 9.98651E-05 9.98651E-05 0.739334 9.98651E-05 9.98651E-05 9.98651E-05
