9.98918E-05 0.998801 9.98918E-05 9.98918E-05 9.98918E-05 9.98918E-05 9.98918E-05 9.98918E-05 9.98918E-05 9.98918E-05 9.98918E-05 9.98918E-05 9.98918E-05
9.9964E-05 0.000566423 0.0202306 0.0326708 0.0210665 9.9964E-05 0.00144867 0.335446 9.9964E-05 0.0709208 0.0106431 9.9964E-05 0.506607
0.016131 0.0276674 9.9919E-05 0.0197423 9.9919E-05 9.9919E-05 9.9919E-05 9.9919E-05 9.9919E-05 9.9919E-05 9.9919E-05 9.9919E-05 0.93556
9.99189E-05 9.99189E-05 0.0584726 0.0118362 9.99189E-05 0.0707982 9.99189E-05 0.857994 9.99189E-05 9.99189E-05 9.99189E-05 9.99189E-05 9.99189E-05
0.00625307 0.0373867 0.0398297 0.0153578 0.00302137 0.0734792 9.9946E-05 0.824072 9.9946E-05 9.9946E-05 9.9946E-05 9.9946E-05 9.9946E-05
9.9892E-05 9.9892E-05 9.9892E-05 9.9892E-05 9.9892E-05 9.9892E-05 9.9892E-05 9.9892E-05 9.9892E-05 9.9892E-05 9.9892E-05 9.9892E-05 0.998801
9.98918E-05 0.998801 9.98918E-05 9.98918E-05 9.98918E-05 9.98918E-05 9.98918E-05 9.98918E-05 9.98918E-05 9.98918E-05 9.98918E-05 9.98918E-05 9.98918E-05
9.9919E-05 0.0219656 9.9919E-05 0.00590457 9.9919E-05 9.9919E-05 9.9919E-05 9.9919E-05 0.0149758 9.9919E-05 9.9919E-05 9.9919E-05 0.956255
9.9928E-05 0.024173 0.0535969 0.0111275 9.9928E-05 9.9928E-05 9.9928E-05 0.0799011 9.9928E-05 9.9928E-05 9.9928E-05 9.9928E-05 0.830402
9.99099E-05 0.00346994 9.99099E-05 9.99099E-05 9.99099E-05 9.99099E-05 9.99099E-05 9.99099E-05 0.0136956 9.99099E-05 9.99099E-05 9.99099E-05 0.981835
0.00252438 9.9937E-05 0.0104643 9.9937E-05 9.9937E-05 9.9937E-05 9.9937E-05 0.225715 0.0245699 0.0609196 9.9937E-05 9.9937E-05 0.675107
9.9955E-05 0.0496818 0.0675805 0.0297133 9.9955E-05 0.00679523 9.9955E-05 0.667046 0.00275122 9.9955E-05 9.9955E-05 0.0778456 0.0980866
0.00332881 0.0542939 9.9955E-05 0.0103156 0.0263581 0.0558276 0.00126639 0.132491 9.9955E-05 9.9955E-05 9.9955E-05 9.9955E-05 0.715619
0.00787441 9.9955E-05 0.0690384 9.9955E-05 0.000214835 9.9955E-05 9.9955E-05 0.361259 9.9955E-05 0.0603658 0.00956814 0.0275173 0.463662
9.9937E-05 0.0177641 9.9937E-05 0.00589444 9.9937E-05 9.9937E-05 9.9937E-05 0.543809 9.9937E-05 0.022299 9.9937E-05 0.0754697 0.334064
9.9928E-05 0.00594974 9.9928E-05 9.9928E-05 9.9928E-05 0.0145834 0.0104298 0.295465 9.9928E-05 9.9928E-05 9.9928E-05 9.9928E-05 0.672772
9.9901E-05 0.0161198 9.9901E-05 9.9901E-05 9.9901E-05 9.9901E-05 9.9901E-05 0.982781 9.9901E-05 9.9901E-05 9.9901E-05 9.9901E-05 9.9901E-05
9.9901E-05 0.0265106 9.9901E-05 9.9901E-05 9.9901E-05 9.9901E-05 9.9901E-05 0.972391 9.9901E-05 9.9901E-05 9.9901E-05 9.9901E-05 9.9901E-05
9.991E-05 0.0668205 9.991E-05 0.00149435 9.991E-05 9.991E-05 9.991E-05 0.930686 9.991E-05 9.991E-05 9.991E-05 9.991E-05 9.991E-05
9.9901E-05 9.9901E-05 9.9901E-05 9.9901E-05 9.9901E-05 9.9901E-05 9.9901E-05 0.992353 0.00654802 9.9901E-05 9.9901E-05 9.9901E-05 9.9901E-05
0.998801 9.98919E-05 9.98919E-05 9.98919E-05 9.98919E-05 9.98919E-05 9.98919E-05 9.98919E-05 9.98919E-05 9.98919E-05 9.98919E-05 9.98919E-05 9.98919E-05
9.9946E-05 0.0335089 0.0219686 0.00718193 9.9946E-05 9.9946E-05 0.0306664 9.9946E-05 9.9946E-05 0.0303761 0.0162622 0.859436 9.9946E-05
0.0153965 0.028784 0.000968561 0.00826043 0.107771 9.9964E-05 9.9964E-05 0.0350309 0.0011298 9.9964E-05 0.0555958 0.746663 9.9964E-05
0.00593959 9.9937E-05 9.9937E-05 9.9937E-05 0.0201819 9.9937E-05 9.9937E-05 0.0195287 0.0346075 9.9937E-05 0.0308574 0.888185 9.9937E-05
0.0422161 0.00267013 9.9919E-05 9.9919E-05 9.9919E-05 9.9919E-05 9.9919E-05 9.9919E-05 9.9919E-05 9.9919E-05 9.9919E-05 0.942407 0.0118079
9.9919E-05 0.0458906 9.9919E-05 9.9919E-05 9.9919E-05 0.0186141 9.9919E-05 9.9919E-05 0.00304957 9.9919E-05 9.9919E-05 0.931546 9.9919E-05
0.026148 0.0373618 9.9937E-05 9.9937E-05 0.0358483 9.9937E-05 9.9937E-05 9.9937E-05 9.9937E-05 0.0446235 0.0628497 0.792469 9.9937E-05
0.998801 9.98919E-05 9.98919E-05 9.98919E-05 9.98919E-05 9.98919E-05 9.98919E-05 9.98919E-05 9.98919E-05 9.98919E-05 9.98919E-05 9.98919E-05 9.98919E-05
0.0328994 9.9937E-05 0.0713093 9.9937E-05 9.9937E-05 0.0886916 9.9937E-05 9.9937E-05 0.00469682 0.0599842 9.9937E-05 0.741719 9.9937E-05
9.9937E-05 9.9937E-05 9.9937E-05 9.9937E-05 0.0180323 0.0644059 9.9937E-05 9.9937E-05 9.9937E-05 0.0784825 0.00689428 0.773976 0.0575097
0.0316984 9.9946E-05 0.0507702 0.0166743 0.0115105 0.0569756 9.9946E-05 9.9946E-05 9.9946E-05 0.039627 9.9946E-05 0.792144 9.9946E-05
0.0442431 0.013774 9.9955E-05 0.0107596 0.0798293 0.0359027 0.0176631 9.9955E-05 9.9955E-05 9.9955E-05 0.0583694 0.738959 9.9955E-05
0.0657059 0.0233134 0.00901817 9.9946E-05 9.9946E-05 0.158 9.9946E-05 0.0413812 9.9946E-05 9.9946E-05 0.0450439 0.656938 9.9946E-05
0.0433137 0.00340207 0.1053 0.0624277 9.9964E-05 0.0329418 0.0327498 9.9964E-05 0.0180715 0.000956504 9.9964E-05 0.700437 9.9964E-05
0.00718816 0.0105861 9.9964E-05 0.0128828 9.9964E-05 0.0970354 9.9964E-05 0.0544056 0.0106808 0.136296 0.000288284 0.670237 9.9964E-05
9.99459E-05 0.0118911 0.111254 0.059055 9.99459E-05 9.99459E-05 0.00945073 0.0652882 9.99459E-05 0.136694 9.99459E-05 0.605768 9.99459E-05
9.9937E-05 9.9937E-05 9.9937E-05 0.0197191 0.027903 9.9937E-05 9.9937E-05 0.0480246 9.9937E-05 0.0928938 0.0711011 0.739659 9.9937E-05
0.0158448 9.9946E-05 0.0184848 0.0134535 0.0989799 0.039006 9.9946E-05 0.0923519 9.9946E-05 9.9946E-05 0.721279 9.9946E-05 9.9946E-05
9.995E-05 0.0506615 0.0169822 9.995E-05 0.0188531 0.0296269 0.0285664 0.0641258 9.995E-05 0.108078 0.682606 9.995E-05 9.995E-05
9.9937E-05 9.9937E-05 9.9937E-05 0.0234523 9.9937E-05 0.057437 0.0173744 9.9937E-05 9.9937E-05 0.083195 0.65372 9.9937E-05 0.164122
9.9955E-05 0.0682547 0.00629685 0.0254474 9.9955E-05 9.9955E-05 0.0125402 0.0476289 9.9955E-05 0.0482495 0.728106 0.0629766 9.9955E-05
0.0170171 9.9946E-05 9.9946E-05 0.0419755 0.00642434 9.9946E-05 0.0352999 0.161681 0.011396 9.9946E-05 0.725607 9.9946E-05 9.9946E-05
9.9946E-05 0.00744948 9.9946E-05 0.00473706 9.9946E-05 0.0273754 9.9946E-05 9.9946E-05 0.0124517 0.0104172 0.799047 9.9946E-05 0.137922
0.0105552 0.0149566 0.120423 0.0185911 0.0136252 9.9964E-05 0.0138201 9.9964E-05 0.0258478 9.9964E-05 0.6166 9.9964E-05 0.165181
0.0107208 0.0277755 9.9973E-05 0.00346544 0.0630252 0.00336951 0.00708004 0.0834665 0.0512367 9.9973E-05 0.701835 0.0477259 9.9973E-05
9.9946E-05 9.9946E-05 0.0494838 9.9946E-05 0.0701153 0.0284536 9.9946E-05 0.143952 0.000818959 9.9946E-05 0.647444 0.0591323 9.9946E-05
9.9928E-05 0.000792675 9.9928E-05 9.9928E-05 9.9928E-05 9.9928E-05 0.0250487 0.088627 9.9928E-05 0.107518 0.777214 9.9928E-05 9.9928E-05
0.00973182 0.0465031 9.9955E-05 0.0211898 9.9955E-05 0.0371899 0.00158794 9.9955E-05 0.00980599 9.9955E-05 0.792841 9.9955E-05 0.0806507
0.0552011 0.0265276 9.9937E-05 0.0124084 9.9937E-05 9.9937E-05 0.0226023 0.103696 9.9937E-05 9.9937E-05 0.778865 9.9937E-05 9.9937E-05
0.00927069 0.0113433 0.0668937 0.0263582 0.0208988 9.99682E-05 9.99682E-05 9.99682E-05 0.0064774 0.0234891 0.731541 9.99682E-05 0.103328
0.00634281 0.0304075 9.9937E-05 9.9937E-05 9.9937E-05 0.0442344 0.0555024 9.9937E-05 9.9937E-05 9.9937E-05 0.7623 9.9937E-05 0.100513
0.00218876 0.0632279 0.0206115 0.0292861 9.9955E-05 9.9955E-05 0.0119954 0.0258317 9.9955E-05 9.9955E-05 0.797589 0.0487702 9.9955E-05
9.9946E-05 9.9946E-05 9.9946E-05 9.9946E-05 0.0104 0.0127259 0.0548272 0.024729 0.0628001 9.9946E-05 0.754728 9.9946E-05 0.07919
9.9946E-05 0.0247258 9.9946E-05 0.00107164 0.0180089 9.9946E-05 9.9946E-05 0.194604 9.9946E-05 0.043673 0.702508 0.0148088 9.9946E-05
0.0157776 9.9955E-05 0.0320225 9.9955E-05 0.0193276 9.9955E-05 0.0343274 9.9955E-05 0.0187305 0.0211201 0.725832 9.9955E-05 0.132362
0.00535664 9.9973E-05 0.0392763 0.0188689 0.0121627 0.0386825 9.9973E-05 0.0481078 9.9973E-05 0.0784181 0.658297 0.0124793 0.0880507
0.0290209 9.9946E-05 0.0168736 9.9946E-05 9.9946E-05 0.0826527 9.9946E-05 0.198013 0.0104738 9.9946E-05 0.643583 0.0187837 9.9946E-05
9.9964E-05 9.9964E-05 0.0498714 0.00953178 0.143836 9.9964E-05 9.9964E-05 0.0011595 0.0435635 0.504905 0.0876154 0.0491349 0.109982
9.98918E-05 9.98918E-05 9.98918E-05 0.998801 9.98918E-05 9.98918E-05 9.98918E-05 9.98918E-05 9.98918E-05 9.98918E-05 9.98918E-05 9.98918E-05 9.98918E-05
0.0070487 0.0679648 0.0259639 0.0142412 0.0465513 9.9973E-05 0.0286184 9.9973E-05 0.0871417 0.650112 0.0155779 0.0564804 9.9973E-05
9.9973E-05 0.0432117 9.9973E-05 0.0375328 0.10488 0.0853115 0.0120551 0.00220014 0.0804816 0.517401 0.0641876 9.9973E-05 0.052438
9.99346E-05 9.99346E-05 9.99346E-05 0.055744 0.0902477 0.214432 9.99346E-05 9.99346E-05 0.0318143 0.606963 9.99346E-05 9.99346E-05 9.99346E-05
0.00538461 9.9955E-05 9.9955E-05 9.9955E-05 0.0367546 0.067851 0.0242391 0.0904862 0.0275141 0.673209 0.0740621 9.9955E-05 9.9955E-05
9.991E-05 9.991E-05 9.991E-05 0.0197001 9.991E-05 9.991E-05 0.942197 9.991E-05 9.991E-05 9.991E-05 9.991E-05 0.0371034 9.991E-05
9.98918E-05 9.98918E-05 9.98918E-05 0.998801 9.98918E-05 9.98918E-05 9.98918E-05 9.98918E-05 9.98918E-05 9.98918E-05 9.98918E-05 9.98918E-05 9.98918E-05
0.00528539 0.0218236 0.0244637 0.0516793 9.9973E-05 0.0139167 0.0538375 9.9973E-05 0.0429112 0.580128 0.0211061 9.9973E-05 0.184549
0.04673 0.0327601 9.9964E-05 0.023822 0.170563 9.9964E-05 0.0555587 0.0450427 0.00151293 0.519465 9.9964E-05 0.104146 9.9964E-05
0.0122706 0.0126357 9.9973E-05 0.0787648 0.119936 0.0766248 0.0966362 0.0596596 0.0414287 0.485062 9.9973E-05 0.016682 9.9973E-05
0.049576 9.9955E-05 9.9955E-05 0.0506846 0.113854 0.0417899 0.0581572 0.0595351 0.0799763 0.545927 9.9955E-05 9.9955E-05 9.9955E-05
0.00719147 0.00489067 9.9964E-05 0.135553 0.0913195 9.9964E-05 0.0752403 0.0787021 0.0685292 0.46672 9.9964E-05 0.0714536 9.9964E-05
9.9955E-05 0.0648456 9.9955E-05 0.0504541 0.100744 9.9955E-05 0.00669294 0.00364826 0.0141455 0.75527 9.9955E-05 0.00369998 9.9955E-05
0.00647842 0.0468528 9.9973E-05 0.0255362 0.00128948 0.0871208 0.102981 9.9973E-05 0.0103834 0.656902 0.0548664 9.9973E-05 0.00728881
0.00374766 0.0263711 9.9973E-05 0.0851681 0.0813552 0.0455679 0.0259164 9.9973E-05 0.067908 0.573906 9.9973E-05 0.0551066 0.0346532
9.9946E-05 9.9946E-05 0.00894139 0.0417305 9.9946E-05 0.410386 9.9946E-05 9.9946E-05 0.0410548 0.379351 0.018974 9.9946E-05 0.0989632
0.0438151 0.0259388 9.9964E-05 0.0420299 0.210941 0.17901 0.0844864 0.0164078 9.9964E-05 0.134952 0.262019 9.9964E-05 9.9964E-05
0.000813525 9.9973E-05 9.9973E-05 0.0308971 0.102029 0.00312306 0.0440152 0.172422 0.00548904 0.433172 0.191989 0.0157497 9.9973E-05
9.9937E-05 9.9937E-05 9.9937E-05 0.0560018 0.0571602 9.9937E-05 9.9937E-05 0.174017 0.0215715 0.304333 0.386217 9.9937E-05 9.9937E-05
9.9928E-05 0.0106332 9.9928E-05 0.0428263 0.000436602 9.9928E-05 0.936068 9.9928E-05 0.00923601 9.9928E-05 9.9928E-05 9.9928E-05 9.9928E-05
0.0266111 9.9973E-05 0.0544375 0.0767146 9.9973E-05 0.0462678 0.0490761 0.135466 0.101061 0.349789 0.120549 0.0397284 9.9973E-05
9.9964E-05 9.9964E-05 9.9964E-05 0.0686984 0.0668717 0.0192463 0.0991141 0.0265844 0.0906987 0.518908 0.086005 0.023474 9.9964E-05
9.98918E-05 9.98918E-05 9.98918E-05 9.98918E-05 0.998801 9.98918E-05 9.98918E-05 9.98918E-05 9.98918E-05 9.98918E-05 9.98918E-05 9.98918E-05 9.98918E-05
0.00387043 0.0237257 9.9964E-05 0.0274636 0.100343 9.9964E-05 0.000523179 9.9964E-05 0.0522687 0.649282 9.9964E-05 0.0264474 0.115676
9.9955E-05 9.9955E-05 9.9955E-05 0.0298716 0.10033 9.9955E-05 0.0563364 0.00487623 0.0789346 0.532187 0.0552846 9.9955E-05 0.14168
0.00629991 9.9982E-05 0.168066 0.0173952 0.00203534 9.9982E-05 0.0132931 0.05876 0.104619 0.273338 0.225688 0.0650016 0.0653032
9.9955E-05 9.9955E-05 0.556818 0.0386264 9.9955E-05 9.9955E-05 0.0854865 0.0090239 0.0296328 0.0670111 0.151561 9.9955E-05 0.0613412
9.9964E-05 0.0839874 0.138225 0.0657479 0.076758 0.0886197 9.9964E-05 9.9964E-05 9.9964E-05 0.380845 0.0958881 0.063795 0.00573401
9.98919E-05 9.98919E-05 9.98919E-05 9.98919E-05 0.998801 9.98919E-05 9.98919E-05 9.98919E-05 9.98919E-05 9.98919E-05 9.98919E-05 9.98919E-05 9.98919E-05
9.98919E-05 9.98919E-05 9.98919E-05 9.98919E-05 0.998801 9.98919E-05 9.98919E-05 9.98919E-05 9.98919E-05 9.98919E-05 9.98919E-05 9.98919E-05 9.98919E-05
0.0110562 9.9982E-05 0.0433322 0.0457259 0.126242 0.0576201 9.9982E-05 0.0348879 0.0624839 0.542833 0.0312472 0.00355052 0.0408214
9.9937E-05 9.9937E-05 9.9937E-05 9.9937E-05 0.0215543 9.9937E-05 9.9937E-05 9.9937E-05 0.848585 0.0680364 0.014463 0.0340463 0.0126158
0.00133306 9.9964E-05 9.9964E-05 0.0300981 9.9964E-05 0.0473928 0.156622 0.0372465 0.0470246 0.508297 0.104741 9.9964E-05 0.0668458
9.9946E-05 0.0545886 9.9946E-05 0.000565529 0.0428268 9.9946E-05 0.0617158 9.9946E-05 0.00584422 0.764371 0.0694883 9.9946E-05 9.9946E-05
0.0191254 0.0280247 0.0852517 0.0101543 9.9955E-05 9.9955E-05 9.9955E-05 9.9955E-05 0.0569371 0.591514 9.9955E-05 0.0316015 0.176892
0.00684017 0.0538269 0.0129973 9.9964E-05 0.0206039 9.9964E-05 0.0413688 9.9964E-05 0.0486396 0.529225 9.9964E-05 0.239606 0.046493
9.9946E-05 0.0829657 0.108319 9.9946E-05 0.0124701 9.9946E-05 0.0883176 9.9946E-05 0.012827 0.652711 9.9946E-05 0.0417897 9.9946E-05
0.0279916 0.0675716 0.0791752 0.0806029 0.0135389 0.0476564 0.0525018 0.0740967 0.0509883 0.46735 9.9982E-05 0.0383268 9.9982E-05
9.9955E-05 9.9955E-05 0.0929349 0.00745856 9.9955E-05 0.200647 0.0858381 9.9955E-05 0.0764747 0.35997 0.0513261 9.9955E-05 0.124851
9.9964E-05 0.00742039 9.9964E-05 0.0504576 0.0553562 0.0679564 0.0717836 0.122649 0.0192723 0.519951 0.0847543 9.9964E-05 9.9964E-05
0.00234166 0.0462386 9.9973E-05 0.0194464 0.209945 0.103541 0.0638054 0.00525477 0.00766303 0.495339 9.9973E-05 0.0461251 9.9973E-05
9.9955E-05 9.9955E-05 9.9955E-05 0.0809466 0.0319947 0.00180354 0.0700045 0.0992987 0.0609541 0.577599 0.0768991 9.9955E-05 9.9955E-05
0.0163613 0.0219436 9.9973E-05 0.018667 0.0492043 0.0559278 0.00588857 9.9973E-05 0.0268481 0.680177 9.9973E-05 0.0256566 0.099026
0.0211797 0.00047982 0.0497822 0.0770704 0.0555992 9.9973E-05 0.0635147 9.9973E-05 0.121235 0.519787 0.0252345 9.9973E-05 0.0658172
0.00944063 9.9955E-05 0.0100877 0.00310666 9.9955E-05 0.071722 0.00191519 0.102903 0.028478 0.771847 9.9955E-05 9.9955E-05 9.9955E-05
9.98917E-05 9.98917E-05 9.98917E-05 9.98917E-05 9.98917E-05 9.98917E-05 9.98917E-05 9.98917E-05 0.998801 9.98917E-05 9.98917E-05 9.98917E-05 9.98917E-05
0.021035 0.032211 0.0568196 0.0794374 0.0265445 0.0863453 0.0603226 0.0477842 0.0946746 0.446113 0.0113233 9.99996E-05 0.0372891
9.9928E-05 9.9928E-05 9.9928E-05 9.9928E-05 0.0561757 9.9928E-05 0.0273737 9.9928E-05 0.0439297 0.716996 9.9928E-05 9.9928E-05 0.154726
0.00246367 0.014926 0.0607209 0.00826119 0.0531415 9.9964E-05 0.0384464 0.126364 0.0568376 0.638438 9.9964E-05 9.9964E-05 9.9964E-05
9.9946E-05 9.9946E-05 9.9946E-05 0.0425903 0.0497843 0.0338084 9.9946E-05 0.107845 0.0438906 0.611451 0.110031 9.9946E-05 9.9946E-05
9.9946E-05 0.0111886 9.9946E-05 0.0113509 0.0491344 0.127499 0.0495576 9.9946E-05 9.9946E-05 0.64746 9.9946E-05 9.9946E-05 0.103209
9.9937E-05 9.9937E-05 9.9937E-05 9.9937E-05 0.0437182 0.200684 0.00700039 9.9937E-05 9.9937E-05 0.544202 9.9937E-05 0.0450352 0.15866
9.9892E-05 9.9892E-05 9.9892E-05 9.9892E-05 9.9892E-05 9.9892E-05 0.998801 9.9892E-05 9.9892E-05 9.9892E-05 9.9892E-05 9.9892E-05 9.9892E-05
9.98917E-05 9.98917E-05 9.98917E-05 9.98917E-05 9.98917E-05 9.98917E-05 9.98917E-05 9.98917E-05 0.998801 9.98917E-05 9.98917E-05 9.98917E-05 9.98917E-05
9.98919E-05 9.98919E-05 9.98919E-05 9.98919E-05 9.98919E-05 9.98919E-05 0.998801 9.98919E-05 9.98919E-05 9.98919E-05 9.98919E-05 9.98919E-05 9.98919E-05
0.00703639 0.0349385 0.0600324 0.0497146 9.9955E-05 9.9955E-05 0.0102622 0.0820725 0.0262606 0.729183 9.9955E-05 9.9955E-05 9.9955E-05
0.0334934 0.0191535 0.0904474 0.0502167 9.9964E-05 9.9964E-05 0.0893956 0.109785 0.0914017 0.496889 9.9964E-05 0.0188187 9.9964E-05
0.000145146 0.00485282 0.0313641 0.035797 0.0387197 0.050622 0.024045 0.0960591 0.115771 0.51846 9.9991E-05 0.0605395 0.0235247
0.0388713 0.0189801 9.9964E-05 0.0273508 0.0543452 9.9964E-05 0.0569963 0.0692268 0.0437464 0.679218 0.0108657 9.9964E-05 9.9964E-05
0.0319032 9.9955E-05 9.9955E-05 0.0241255 0.0305226 9.9955E-05 0.0324609 0.100626 0.044772 0.673312 0.0617781 9.9955E-05 9.9955E-05
0.0190878 9.9955E-05 9.9955E-05 0.005323 0.0283631 9.9955E-05 9.9955E-05 9.9955E-05 0.790425 0.0443656 0.0268769 0.0272444 0.0578143
9.9964E-05 0.0375773 9.9964E-05 0.00544057 0.0460263 9.9964E-05 0.0142384 0.10551 0.0974245 0.578761 0.100923 0.0136984 9.9964E-05
0.00229962 0.00101397 9.9937E-05 0.0672314 9.9937E-05 0.7897 9.9937E-05 9.9937E-05 9.9937E-05 0.0923924 9.9937E-05 9.9937E-05 0.0466625
9.991E-05 9.991E-05 9.991E-05 9.991E-05 0.0566717 0.914582 0.0277473 9.991E-05 9.991E-05 9.991E-05 9.991E-05 9.991E-05 9.991E-05
0.0302072 0.0198821 9.9937E-05 9.9937E-05 0.0736109 0.812454 0.0431256 9.9937E-05 0.0200206 9.9937E-05 9.9937E-05 9.9937E-05 9.9937E-05
0.0141068 9.9937E-05 9.9937E-05 0.0197118 9.9937E-05 0.827593 0.0159514 9.9937E-05 9.9937E-05 0.0517115 9.9937E-05 9.9937E-05 0.0702258
0.0113585 0.0126154 0.0269775 9.9964E-05 9.9964E-05 0.8352 0.018778 9.9964E-05 0.0327941 0.0470356 9.9964E-05 0.00216725 0.0126739
9.9928E-05 9.9928E-05 0.0435492 0.0414774 9.9928E-05 0.878069 9.9928E-05 9.9928E-05 0.00155194 9.9928E-05 9.9928E-05 0.0345534 9.9928E-05
9.9919E-05 0.00743612 0.0119383 9.9919E-05 9.9919E-05 0.92141 9.9919E-05 0.0583162 9.9919E-05 9.9919E-05 9.9919E-05 9.9919E-05 9.9919E-05
9.9946E-05 0.0243087 9.9946E-05 9.9946E-05 0.0102899 0.860124 9.9946E-05 0.0510793 0.000869267 0.00326978 9.9946E-05 0.0494595 9.9946E-05
0.00622662 9.9919E-05 9.9919E-05 9.9919E-05 9.9919E-05 0.871753 9.9919E-05 9.9919E-05 9.9919E-05 9.9919E-05 0.0625838 9.9919E-05 0.0585377
0.0366372 9.9964E-05 9.9964E-05 0.0365133 0.0222024 0.704146 0.00435368 0.0390513 0.0367141 0.0078747 0.112108 9.9964E-05 9.9964E-05
0.0139489 9.9964E-05 9.9964E-05 0.025093 0.00822407 0.70663 0.0101621 0.0509271 9.9964E-05 0.0873391 0.0403064 0.0569693 9.9964E-05
9.9955E-05 0.0212283 0.728387 9.9955E-05 9.9955E-05 0.0934817 0.048249 0.0135069 0.0242688 9.9955E-05 9.9955E-05 0.0671414 0.00323719
0.025545 0.0194381 0.721382 0.00284568 0.02156 0.139153 9.9964E-05 0.032974 0.0332743 9.9964E-05 0.00342845 9.9964E-05 9.9964E-05
0.0270956 0.0185145 0.653578 0.0189071 0.0252687 0.032236 0.0240772 0.0659877 0.00969898 0.029823 0.0692649 0.0254483 9.9991E-05
9.9928E-05 9.9928E-05 0.688976 9.9928E-05 0.0828571 9.9928E-05 9.9928E-05 0.122251 9.9928E-05 9.9928E-05 0.0407928 0.0643241 9.9928E-05
0.0504542 0.0773774 0.680169 9.9955E-05 9.9955E-05 0.00731885 0.0560609 0.0108 9.9955E-05 9.9955E-05 0.0859637 9.9955E-05 0.0313566
0.021733 9.9955E-05 0.675739 0.0158787 9.9955E-05 0.146046 0.00116237 0.0214182 9.9955E-05 0.0672031 9.9955E-05 9.9955E-05 0.0503193
9.9946E-05 9.9946E-05 0.694038 9.9946E-05 9.9946E-05 0.0330316 0.0110038 0.0902422 0.0394449 9.9946E-05 0.0628499 0.0687898 9.9946E-05
0.0152196 0.0124021 0.734853 9.9937E-05 0.0922164 0.125312 9.9937E-05 9.9937E-05 0.0192972 9.9937E-05 9.9937E-05 9.9937E-05 9.9937E-05
9.9973E-05 0.0678723 0.598236 0.0119938 0.0830728 9.9973E-05 0.0707023 0.0527143 0.010691 0.0544297 0.0358096 0.0141779 9.9973E-05
9.9937E-05 0.00933532 0.584198 9.9937E-05 9.9937E-05 0.208137 9.9937E-05 0.0394183 0.0069165 9.9937E-05 0.151296 9.9937E-05 9.9937E-05
0.0235874 0.0185937 0.696305 0.0485324 0.00912231 0.0600793 0.048578 9.9964E-05 9.9964E-05 9.9964E-05 0.00589435 9.9964E-05 0.0889072
0.0115209 9.9928E-05 0.685854 0.034002 9.9928E-05 9.9928E-05 9.9928E-05 9.9928E-05 9.9928E-05 9.9928E-05 0.0806918 9.9928E-05 0.187132
0.0154497 9.9973E-05 0.598401 9.9973E-05 0.0046389 0.0559752 0.0475392 0.130173 0.000896706 0.0503602 0.0470987 0.0491676 9.9973E-05
0.00113722 0.0181618 0.60167 0.0290237 9.9955E-05 9.9955E-05 9.9955E-05 0.0776791 0.0364813 0.128516 0.106832 9.9955E-05 9.9955E-05
9.9964E-05 0.0382089 0.649902 0.0502239 9.9964E-05 0.0401666 0.0130059 0.0669246 0.0247852 0.0608384 9.9964E-05 0.0555451 9.9964E-05
0.0139455 0.0671043 0.671 0.0304982 0.00428056 9.9955E-05 9.9955E-05 0.0750572 0.019127 0.118488 9.9955E-05 9.9955E-05 9.9955E-05
9.99372E-05 9.99372E-05 0.820449 0.0424178 9.99372E-05 0.046859 0.0346007 9.99372E-05 0.0180127 9.99372E-05 9.99372E-05 9.99372E-05 0.0369609
0.0234599 0.03821 0.715057 0.0361386 9.9937E-05 9.9937E-05 9.9937E-05 9.9937E-05 9.9937E-05 0.136041 9.9937E-05 9.9937E-05 0.0503937
0.0103056 9.99461E-05 0.777629 9.99461E-05 0.0311465 9.99461E-05 0.00652545 0.099577 9.99461E-05 9.99461E-05 0.0138492 0.0603671 9.99461E-05
0.00505106 0.0441008 0.696761 9.9955E-05 9.9955E-05 9.9955E-05 0.0104761 9.9955E-05 9.9955E-05 0.0918051 0.0417174 0.020288 0.0893007
0.00549152 0.0621533 0.653515 9.9982E-05 0.0352087 9.9982E-05 0.0507105 0.0302414 0.069105 0.0105548 0.00629843 0.0259159 0.0506054
0.00653826 9.9955E-05 0.709308 0.0100893 0.135973 9.9955E-05 0.0254388 0.04061 0.00920986 9.9955E-05 9.9955E-05 0.0623336 9.9955E-05
9.9973E-05 0.00388499 0.727107 0.0129452 0.0360002 0.0933075 0.0312002 0.0648623 0.0141575 0.0146437 9.9973E-05 0.00159134 9.9973E-05
0.010384 9.9955E-05 0.723216 9.9955E-05 0.00159742 0.0280098 0.000586994 9.9955E-05 0.0119659 0.116741 9.9955E-05 9.9955E-05 0.106999
9.9946E-05 0.00295032 0.576286 0.011335 0.0176186 9.9946E-05 9.9946E-05 9.9946E-05 0.0577464 9.9946E-05 9.9946E-05 0.224585 0.10888
9.9937E-05 9.9937E-05 0.604331 9.9937E-05 9.9937E-05 0.103353 9.9937E-05 9.9937E-05 0.00433477 0.0646452 9.9937E-05 0.100317 0.12232
0.0405381 0.00733146 0.654933 0.013855 0.00382362 9.9964E-05 0.0571326 9.9964E-05 9.9964E-05 9.9964E-05 0.0673581 0.0330828 0.121545
0.00343289 9.9955E-05 0.62502 0.0673337 9.9955E-05 9.9955E-05 0.0162213 9.9955E-05 9.9955E-05 0.040128 0.0505774 0.0717353 0.125051
0.0403694 0.023769 0.661459 0.0347395 0.0563069 0.046376 9.9964E-05 0.0527188 9.9964E-05 0.0787079 0.00515382 9.9964E-05 9.9964E-05
9.9955E-05 9.9955E-05 0.710819 0.0420012 0.0125705 0.00205309 9.9955E-05 0.0686379 0.039089 9.9955E-05 0.0472523 0.0770778 9.9955E-05
9.9937E-05 9.9937E-05 0.76253 0.0424537 9.9937E-05 0.04614 0.0333991 9.9937E-05 0.0178693 9.9937E-05 0.096908 9.9937E-05 9.9937E-05
9.9955E-05 0.0407025 0.586019 9.9955E-05 9.9955E-05 0.02029 9.9955E-05 0.0207718 9.9955E-05 0.0995836 0.151601 0.0343755 0.0461572
0.0211337 0.00458961 0.68198 9.9955E-05 0.0745377 9.9955E-05 9.9955E-05 9.9955E-05 9.9955E-05 0.0563284 0.0192702 0.116546 0.0251148
0.00398083 0.00647828 0.715353 0.0295333 0.0338005 9.9964E-05 0.014415 9.9964E-05 0.0499735 9.9964E-05 9.9964E-05 0.110541 0.0355246
0.0407113 0.0292575 0.734279 9.9937E-05 0.0222855 9.9937E-05 9.9937E-05 9.9937E-05 9.9937E-05 0.112824 9.9937E-05 9.9937E-05 0.0599438
0.00837407 9.9955E-05 0.0735779 0.0033949 9.9955E-05 0.0186014 0.0175643 9.9955E-05 9.9955E-05 9.9955E-05 0.630229 0.0855326 0.162226
9.9937E-05 0.00407134 0.155955 9.9937E-05 9.9937E-05 9.9937E-05 9.9937E-05 9.9937E-05 0.0435297 9.9937E-05 0.487543 0.107928 0.200273
0.0148497 0.0274689 0.103755 0.0263624 9.9982E-05 0.0231365 0.0155312 9.9982E-05 0.027154 0.0534238 0.522873 0.0217028 0.163543
9.9946E-05 9.9946E-05 0.0798422 0.0312399 9.9946E-05 9.9946E-05 9.9946E-05 9.9946E-05 0.025436 0.0201674 0.557344 0.0285057 0.256865
0.0198772 9.9964E-05 0.100129 0.00978902 0.00069012 9.9964E-05 0.0062403 9.9964E-05 9.9964E-05 0.0989878 0.456775 0.0147347 0.292377
0.00325498 0.0121206 0.0700186 0.00406106 9.9973E-05 0.0473063 0.0102494 9.9973E-05 0.0335795 9.9973E-05 0.667848 0.0633344 0.0879277
0.00376152 9.99453E-05 0.00603483 9.99453E-05 9.99453E-05 0.060274 9.99453E-05 9.99453E-05 9.99453E-05 9.99453E-05 0.742396 0.0316487 0.155186
9.9919E-05 9.9919E-05 9.9919E-05 9.9919E-05 9.9919E-05 0.0559522 9.9919E-05 9.9919E-05 9.9919E-05 9.9919E-05 0.491346 0.207489 0.244313
