9.9829E-05 9.9829E-05 9.9829E-05 9.9829E-05 9.9829E-05 9.9829E-05 9.9829E-05 9.9829E-05 9.9829E-05 9.9829E-05 9.9829E-05 9.9829E-05 9.9829E-05 9.9829E-05 9.9829E-05 9.9829E-05 9.9829E-05 0.998103 9.9829E-05 9.9829E-05
0.824538 9.9883E-05 9.9883E-05 9.9883E-05 9.9883E-05 0.00770657 9.9883E-05 9.9883E-05 9.9883E-05 0.0254382 0.114791 0.00445149 9.9883E-05 9.9883E-05 0.00295454 9.9883E-05 9.9883E-05 0.0188222 9.9883E-05 9.9883E-05
0.839374 9.9892E-05 9.9892E-05 9.9892E-05 9.9892E-05 0.0100147 0.00648858 0.00235479 9.9892E-05 9.9892E-05 9.9892E-05 9.9892E-05 0.0312069 9.9892E-05 9.9892E-05 9.9892E-05 9.9892E-05 0.0336896 0.0152758 0.0603966
9.9883E-05 9.9883E-05 9.9883E-05 0.0143905 9.9883E-05 9.9883E-05 9.9883E-05 0.0717783 9.9883E-05 0.0671031 9.9883E-05 9.9883E-05 9.9883E-05 0.00450462 9.9883E-05 9.9883E-05 9.9883E-05 0.00378479 0.00902708 0.828113
9.9883E-05 9.9883E-05 9.9883E-05 0.0751409 9.9883E-05 0.00054486 9.9883E-05 0.0389595 9.9883E-05 9.9883E-05 9.9883E-05 9.9883E-05 9.9883E-05 9.9883E-05 9.9883E-05 0.000562534 9.9883E-05 0.0525763 0.0240506 0.806867
0.998103 9.98291E-05 9.98291E-05 9.98291E-05 9.98291E-05 9.98291E-05 9.98291E-05 9.98291E-05 9.98291E-05 9.98291E-05 9.98291E-05 9.98291E-05 9.98291E-05 9.98291E-05 9.98291E-05 9.98291E-05 9.98291E-05 9.98291E-05 9.98291E-05 9.98291E-05
9.9829E-05 9.9829E-05 9.9829E-05 9.9829E-05 9.9829E-05 9.9829E-05 9.9829E-05 9.9829E-05 9.9829E-05 9.9829E-05 9.9829E-05 9.9829E-05 9.9829E-05 9.9829E-05 9.9829E-05 9.9829E-05 9.9829E-05 0.998103 9.9829E-05 9.9829E-05
0.900128 0.0359858 9.98651E-05 9.98651E-05 9.98651E-05 9.98651E-05 9.98651E-05 9.98651E-05 9.98651E-05 9.98651E-05 9.98651E-05 0.0065068 9.98651E-05 0.0124199 9.98651E-05 9.98651E-05 9.98651E-05 0.0434615 9.98651E-05 9.98651E-05
0.686001 9.9865E-05 9.9865E-05 0.124972 9.9865E-05 9.9865E-05 9.9865E-05 9.9865E-05 9.9865E-05 9.9865E-05 9.9865E-05 9.9865E-05 9.9865E-05 9.9865E-05 9.9865E-05 9.9865E-05 9.9865E-05 0.0571519 0.00230545 0.128071
0.951907 9.98471E-05 9.98471E-05 9.98471E-05 9.98471E-05 9.98471E-05 9.98471E-05 9.98471E-05 9.98471E-05 9.98471E-05 9.98471E-05 9.98471E-05 9.98471E-05 9.98471E-05 9.98471E-05 9.98471E-05 9.98471E-05 0.00823882 0.0381571 9.98471E-05
0.883236 9.9883E-05 9.9883E-05 9.9883E-05 9.9883E-05 9.9883E-05 9.9883E-05 9.9883E-05 9.9883E-05 9.9883E-05 0.0256268 9.9883E-05 0.0456447 9.9883E-05 0.00611072 0.0100487 0.0242563 9.9883E-05 0.00377849 9.9883E-05
0.079638 9.9892E-05 9.9892E-05 9.9892E-05 9.9892E-05 9.9892E-05 9.9892E-05 9.9892E-05 0.0705932 9.9892E-05 0.109209 9.9892E-05 0.0700022 0.000121102 9.9892E-05 9.9892E-05 9.9892E-05 0.0570198 0.0114645 0.600754
0.959525 9.98562E-05 9.98562E-05 9.98562E-05 9.98562E-05 9.98562E-05 9.98562E-05 0.00255788 9.98562E-05 9.98562E-05 9.98562E-05 0.0298608 9.98562E-05 9.98562E-05 9.98562E-05 9.98562E-05 9.98562E-05 0.00645854 9.98562E-05 9.98562E-05
9.9883E-05 9.9883E-05 0.114914 9.9883E-05 9.9883E-05 9.9883E-05 0.0394644 9.9883E-05 0.0266079 9.9883E-05 0.117224 0.012141 9.9883E-05 9.9883E-05 0.00729712 9.9883E-05 9.9883E-05 9.9883E-05 9.9883E-05 0.681053
0.282212 9.9892E-05 9.9892E-05 9.9892E-05 9.9892E-05 9.9892E-05 0.0870959 9.9892E-05 0.00665944 0.0144273 9.9892E-05 9.9892E-05 0.0111805 9.9892E-05 9.9892E-05 9.9892E-05 0.0309252 0.0394775 9.9892E-05 0.526823
0.052081 9.98741E-05 9.98741E-05 0.0565441 9.98741E-05 9.98741E-05 9.98741E-05 9.98741E-05 9.98741E-05 0.0144284 9.98741E-05 9.98741E-05 0.0199384 9.98741E-05 0.000682725 9.98741E-05 9.98741E-05 9.98741E-05 9.98741E-05 0.854927
9.98561E-05 9.98561E-05 9.98561E-05 9.98561E-05 9.98561E-05 9.98561E-05 9.98561E-05 9.98561E-05 9.98561E-05 9.98561E-05 9.98561E-05 9.98561E-05 9.98561E-05 0.00209913 9.98561E-05 0.013644 9.98561E-05 0.0332927 9.98561E-05 0.949366
9.98561E-05 0.0069805 9.98561E-05 9.98561E-05 0.00977522 9.98561E-05 9.98561E-05 9.98561E-05 9.98561E-05 9.98561E-05 9.98561E-05 9.98561E-05 9.98561E-05 9.98561E-05 9.98561E-05 9.98561E-05 9.98561E-05 0.0110169 9.98561E-05 0.97063
9.98471E-05 9.98471E-05 9.98471E-05 9.98471E-05 0.0272438 9.98471E-05 9.98471E-05 9.98471E-05 9.98471E-05 9.98471E-05 9.98471E-05 9.98471E-05 9.98471E-05 9.98471E-05 9.98471E-05 9.98471E-05 9.98471E-05 0.0480164 9.98471E-05 0.923042
9.9856E-05 9.9856E-05 9.9856E-05 9.9856E-05 9.9856E-05 9.9856E-05 9.9856E-05 9.9856E-05 9.9856E-05 9.9856E-05 9.9856E-05 9.9856E-05 0.0263985 9.9856E-05 9.9856E-05 0.00564204 9.9856E-05 9.9856E-05 0.00861527 0.957746
9.98291E-05 9.98291E-05 9.98291E-05 9.98291E-05 9.98291E-05 9.98291E-05 9.98291E-05 9.98291E-05 9.98291E-05 9.98291E-05 9.98291E-05 9.98291E-05 9.98291E-05 9.98291E-05 0.998103 9.98291E-05 9.98291E-05 9.98291E-05 9.98291E-05 9.98291E-05
9.9874E-05 9.9874E-05 9.9874E-05 9.9874E-05 9.9874E-05 9.9874E-05 0.714116 9.9874E-05 0.114734 0.0372842 0.0953543 0.0229242 9.9874E-05 9.9874E-05 9.9874E-05 9.9874E-05 9.9874E-05 0.0141893 9.9874E-05 9.9874E-05
0.00618321 9.9901E-05 9.9901E-05 9.9901E-05 0.0739404 9.9901E-05 0.724873 9.9901E-05 0.131235 9.9901E-05 9.9901E-05 9.9901E-05 0.00754119 0.0115484 0.0134973 9.9901E-05 9.9901E-05 0.0241822 9.9901E-05 0.00590046
9.9865E-05 9.9865E-05 9.9865E-05 9.9865E-05 9.9865E-05 0.139143 0.820733 9.9865E-05 9.9865E-05 9.9865E-05 9.9865E-05 9.9865E-05 9.9865E-05 9.9865E-05 0.0158876 0.00872561 9.9865E-05 9.9865E-05 0.0140132 9.9865E-05
9.98472E-05 9.98472E-05 9.98472E-05 9.98472E-05 9.98472E-05 9.98472E-05 0.975096 9.98472E-05 9.98472E-05 9.98472E-05 9.98472E-05 9.98472E-05 9.98472E-05 0.0031189 0.0200877 9.98472E-05 9.98472E-05 9.98472E-05 9.98472E-05 9.98472E-05
9.98471E-05 9.98471E-05 9.98471E-05 9.98471E-05 9.98471E-05 9.98471E-05 0.951243 9.98471E-05 9.98471E-05 9.98471E-05 9.98471E-05 9.98471E-05 9.98471E-05 9.98471E-05 9.98471E-05 0.0139562 9.98471E-05 0.0331034 9.98471E-05 9.98471E-05
9.991E-05 0.0795874 0.000654927 0.010418 0.00985479 9.991E-05 0.716891 0.030361 0.0859887 9.991E-05 9.991E-05 9.991E-05 9.991E-05 9.991E-05 0.0249367 9.991E-05 0.0124829 0.0278249 9.991E-05 9.991E-05
9.9838E-05 9.9838E-05 9.9838E-05 9.9838E-05 9.9838E-05 9.9838E-05 9.9838E-05 9.9838E-05 9.9838E-05 9.9838E-05 9.9838E-05 9.9838E-05 0.0114663 9.9838E-05 0.986737 9.9838E-05 9.9838E-05 9.9838E-05 9.9838E-05 9.9838E-05
9.9901E-05 0.0161931 9.9901E-05 0.0690676 9.9901E-05 9.9901E-05 0.771279 0.0620377 9.9901E-05 9.9901E-05 0.018657 9.9901E-05 0.0321184 0.0149093 0.00455698 9.9901E-05 9.9901E-05 9.9901E-05 0.0100821 9.9901E-05
9.9926E-05 0.0263084 9.9926E-05 9.9926E-05 0.0613579 9.9926E-05 0.716251 0.0244736 0.057552 0.00730889 9.9926E-05 0.0342859 0.0430773 0.00568098 9.9926E-05 9.9926E-05 9.9926E-05 9.9926E-05 0.00291496 0.0198903
9.9892E-05 9.9892E-05 0.0219135 9.9892E-05 9.9892E-05 9.9892E-05 0.82511 0.0582504 0.0472195 9.9892E-05 9.9892E-05 9.9892E-05 9.9892E-05 9.9892E-05 0.0105876 0.0109236 0.023099 9.9892E-05 0.00169754 9.9892E-05
9.98469E-05 9.98469E-05 9.98469E-05 9.98469E-05 9.98469E-05 9.98469E-05 0.0291049 9.98469E-05 9.98469E-05 9.98469E-05 9.98469E-05 9.98469E-05 0.943341 9.98469E-05 0.0258563 9.98469E-05 9.98469E-05 9.98469E-05 9.98469E-05 9.98469E-05
9.991E-05 0.042763 0.0727687 9.991E-05 9.991E-05 9.991E-05 0.652458 0.111105 9.991E-05 9.991E-05 9.991E-05 0.0275465 0.000975489 9.991E-05 0.04497 0.0138765 9.991E-05 0.0308504 9.991E-05 0.00168678
9.991E-05 9.991E-05 0.0349603 9.991E-05 9.991E-05 9.991E-05 0.706608 9.991E-05 9.991E-05 0.0731986 0.00365956 0.0354605 0.0165969 0.00528437 0.0306608 9.991E-05 0.0787877 9.991E-05 0.0137839 9.991E-05
9.99101E-05 9.99101E-05 9.99101E-05 9.99101E-05 9.99101E-05 0.055659 0.692217 0.0711525 9.99101E-05 9.99101E-05 0.0654806 0.012908 9.99101E-05 0.024908 9.99101E-05 0.00556863 0.0196619 0.0179392 0.00796523 0.0256408
9.98919E-05 9.98919E-05 0.0262395 0.039596 9.98919E-05 9.98919E-05 0.516813 9.98919E-05 9.98919E-05 0.116734 0.207764 9.98919E-05 9.98919E-05 9.98919E-05 9.98919E-05 9.98919E-05 0.0154734 9.98919E-05 0.048577 0.027605
9.9928E-05 0.0392386 9.9928E-05 0.0209093 0.0588864 0.0795977 0.669883 9.9928E-05 9.9928E-05 0.0053964 0.0235906 0.000499937 0.0169931 9.9928E-05 0.00215262 9.9928E-05 0.0806039 9.9928E-05 9.9928E-05 0.0014487
9.9883E-05 9.9883E-05 9.9883E-05 9.9883E-05 0.183808 0.525188 9.9883E-05 0.000372477 0.227667 0.0433395 9.9883E-05 9.9883E-05 9.9883E-05 9.9883E-05 0.0115822 9.9883E-05 9.9883E-05 9.9883E-05 9.9883E-05 0.00674458
9.98379E-05 0.880856 9.98379E-05 9.98379E-05 9.98379E-05 9.98379E-05 9.98379E-05 9.98379E-05 9.98379E-05 9.98379E-05 0.117347 9.98379E-05 9.98379E-05 9.98379E-05 9.98379E-05 9.98379E-05 9.98379E-05 9.98379E-05 9.98379E-05 9.98379E-05
0.0444304 9.9892E-05 0.106932 9.9892E-05 9.9892E-05 0.783759 9.9892E-05 0.0226128 9.9892E-05 9.9892E-05 9.9892E-05 0.0155565 9.9892E-05 0.0114241 9.9892E-05 0.0100745 0.00401152 9.9892E-05 9.9892E-05 9.9892E-05
9.9874E-05 0.0114092 9.9874E-05 9.9874E-05 9.9874E-05 0.88258 9.9874E-05 9.9874E-05 9.9874E-05 0.0322111 9.9874E-05 9.9874E-05 0.0111777 9.9874E-05 9.9874E-05 9.9874E-05 0.00561829 0.0556053 9.9874E-05 9.9874E-05
9.991E-05 9.991E-05 9.991E-05 0.0398642 9.991E-05 0.812418 9.991E-05 9.991E-05 0.00636793 9.991E-05 9.991E-05 0.0160761 9.991E-05 0.0219622 0.0211697 0.00900267 9.991E-05 0.00336734 0.0227165 0.0460566
9.9838E-05 0.994817 9.9838E-05 9.9838E-05 9.9838E-05 9.9838E-05 9.9838E-05 9.9838E-05 9.9838E-05 9.9838E-05 9.9838E-05 9.9838E-05 9.9838E-05 9.9838E-05 9.9838E-05 9.9838E-05 0.00338575 9.9838E-05 9.9838E-05 9.9838E-05
0.0769199 9.9892E-05 0.0346665 9.9892E-05 9.9892E-05 0.719633 9.9892E-05 9.9892E-05 9.9892E-05 0.0644092 0.0459615 0.020305 0.0278176 9.9892E-05 0.00908804 9.9892E-05 9.9892E-05 9.9892E-05 9.9892E-05 9.9892E-05
9.9928E-05 0.204977 0.0118086 0.010436 9.9928E-05 0.575854 0.0247603 9.9928E-05 0.0159956 9.9928E-05 9.9928E-05 0.000230425 9.9928E-05 0.0135541 0.0139499 9.9928E-05 0.0737559 0.0101453 0.0437333 9.9928E-05
0.0603112 9.9892E-05 9.9892E-05 0.0426197 0.0367261 0.729506 0.0121717 0.0810797 0.00512571 9.9892E-05 9.9892E-05 9.9892E-05 9.9892E-05 9.9892E-05 9.9892E-05 9.9892E-05 9.9892E-05 9.9892E-05 0.0312615 9.9892E-05
9.98651E-05 9.98651E-05 0.033605 9.98651E-05 9.98651E-05 0.920619 9.98651E-05 9.98651E-05 9.98651E-05 9.98651E-05 9.98651E-05 9.98651E-05 9.98651E-05 0.0194652 9.98651E-05 0.00549518 0.0193179 9.98651E-05 9.98651E-05 9.98651E-05
0.000464845 0.817799 9.9865E-05 9.9865E-05 9.9865E-05 9.9865E-05 9.9865E-05 9.9865E-05 0.141488 0.0145764 9.9865E-05 9.9865E-05 9.9865E-05 9.9865E-05 9.9865E-05 9.9865E-05 9.9865E-05 9.9865E-05 0.0241744 9.9865E-05
9.9874E-05 0.00391113 9.9874E-05 9.9874E-05 9.9874E-05 0.895615 9.9874E-05 9.9874E-05 9.9874E-05 9.9874E-05 9.9874E-05 9.9874E-05 0.041749 9.9874E-05 0.0296389 0.020097 9.9874E-05 0.00759077 9.9874E-05 9.9874E-05
0.00879037 9.9892E-05 9.9892E-05 9.9892E-05 0.00491361 0.695931 9.9892E-05 9.9892E-05 0.180744 0.0345764 9.9892E-05 9.9892E-05 9.9892E-05 9.9892E-05 9.9892E-05 9.9892E-05 0.0425039 0.0108772 0.0204647 9.9892E-05
0.00660953 0.946051 9.9865E-05 9.9865E-05 9.9865E-05 0.0200665 9.9865E-05 9.9865E-05 9.9865E-05 9.9865E-05 9.9865E-05 9.9865E-05 9.9865E-05 9.9865E-05 9.9865E-05 0.0197927 9.9865E-05 0.00598196 9.9865E-05 9.9865E-05
9.98651E-05 0.0600225 9.98651E-05 0.0849836 9.98651E-05 0.822237 9.98651E-05 9.98651E-05 9.98651E-05 9.98651E-05 9.98651E-05 9.98651E-05 9.98651E-05 9.98651E-05 9.98651E-05 9.98651E-05 0.0164249 0.0148344 9.98651E-05 9.98651E-05
9.98919E-05 0.503209 9.98919E-05 9.98919E-05 0.0143989 0.203208 9.98919E-05 9.98919E-05 0.168243 9.98919E-05 9.98919E-05 0.0429002 0.00575902 0.0571727 9.98919E-05 9.98919E-05 9.98919E-05 0.00391092 9.98919E-05 9.98919E-05
9.99009E-05 0.234037 9.99009E-05 9.99009E-05 9.99009E-05 0.562555 0.0072492 9.99009E-05 0.0145147 9.99009E-05 0.0461719 9.99009E-05 0.0128267 9.99009E-05 9.99009E-05 0.0134638 9.99009E-05 0.0150653 9.99009E-05 0.0930174
9.99189E-05 0.620614 0.0174488 0.0508741 0.0313013 0.180053 9.99189E-05 9.99189E-05 9.99189E-05 9.99189E-05 9.99189E-05 0.0207841 0.0369946 0.00942637 9.99189E-05 0.011067 9.99189E-05 9.99189E-05 0.000752853 0.019785
9.9892E-05 9.9892E-05 0.0308022 9.9892E-05 9.9892E-05 0.653231 9.9892E-05 0.0646623 0.0948786 0.0166724 0.121581 9.9892E-05 9.9892E-05 9.9892E-05 9.9892E-05 0.000333302 9.9892E-05 9.9892E-05 9.9892E-05 0.0166414
9.9856E-05 0.930792 9.9856E-05 9.9856E-05 9.9856E-05 9.9856E-05 9.9856E-05 9.9856E-05 9.9856E-05 9.9856E-05 9.9856E-05 9.9856E-05 9.9856E-05 0.00767907 0.00760261 9.9856E-05 9.9856E-05 9.9856E-05 9.9856E-05 0.0523284
0.0073177 9.99002E-05 9.99002E-05 9.99002E-05 0.100895 0.135878 0.0120844 9.99002E-05 9.99002E-05 9.99002E-05 0.691428 9.99002E-05 0.00797986 9.99002E-05 9.99002E-05 0.0138322 0.0293858 9.99002E-05 9.99002E-05 9.99002E-05
9.98288E-05 9.98288E-05 9.98288E-05 9.98288E-05 9.98288E-05 9.98288E-05 9.98288E-05 9.98288E-05 9.98288E-05 9.98288E-05 9.98288E-05 9.98288E-05 9.98288E-05 9.98288E-05 9.98288E-05 9.98288E-05 0.998103 9.98288E-05 9.98288E-05 9.98288E-05
9.9937E-05 0.000950115 9.9937E-05 9.9937E-05 0.0839425 9.9937E-05 9.9937E-05 0.00867805 9.9937E-05 0.0244431 0.603391 0.0383368 0.0271558 0.0413122 0.000626012 9.9937E-05 0.0828087 0.0209764 0.0419193 0.02476
9.991E-05 0.143122 9.991E-05 9.991E-05 0.0401615 9.991E-05 9.991E-05 0.145865 0.00253542 9.991E-05 0.365057 0.0379591 9.991E-05 0.0224125 9.991E-05 9.991E-05 0.165223 0.0209118 0.0557545 9.991E-05
9.9892E-05 0.043897 9.9892E-05 9.9892E-05 0.0644705 9.9892E-05 9.9892E-05 0.16642 0.0101875 9.9892E-05 0.162408 9.9892E-05 9.9892E-05 9.9892E-05 9.9892E-05 0.0228035 0.496751 9.9892E-05 0.0318639 9.9892E-05
9.99099E-05 0.107741 9.99099E-05 0.096025 0.0919596 9.99099E-05 9.99099E-05 9.99099E-05 9.99099E-05 9.99099E-05 9.99099E-05 9.99099E-05 0.0055524 0.00294083 0.0163654 0.0518152 0.54877 9.99099E-05 0.0348944 0.0429371
9.98289E-05 9.98289E-05 9.98289E-05 9.98289E-05 9.98289E-05 9.98289E-05 9.98289E-05 9.98289E-05 9.98289E-05 9.98289E-05 9.98289E-05 0.998103 9.98289E-05 9.98289E-05 9.98289E-05 9.98289E-05 9.98289E-05 9.98289E-05 9.98289E-05 9.98289E-05
9.98287E-05 9.98287E-05 9.98287E-05 9.98287E-05 9.98287E-05 9.98287E-05 9.98287E-05 9.98287E-05 9.98287E-05 9.98287E-05 9.98287E-05 9.98287E-05 9.98287E-05 9.98287E-05 9.98287E-05 9.98287E-05 0.998103 9.98287E-05 9.98287E-05 9.98287E-05
0.123406 9.9919E-05 0.0177422 9.9919E-05 9.9919E-05 9.9919E-05 9.9919E-05 0.0153259 0.0212288 9.9919E-05 0.667208 0.0302963 9.9919E-05 0.00593633 9.9919E-05 0.024357 0.072551 0.00988122 0.0111681 9.9919E-05
9.9928E-05 0.00134807 9.9928E-05 9.9928E-05 0.229134 9.9928E-05 0.139033 0.0235709 9.9928E-05 0.0887253 0.0860241 0.0506513 9.9928E-05 0.032222 0.00786448 0.0375263 0.259136 9.9928E-05 9.9928E-05 0.0439649
9.9919E-05 9.9919E-05 9.9919E-05 9.9919E-05 0.187645 9.9919E-05 9.9919E-05 0.129508 9.9919E-05 0.0418864 0.103133 0.0426772 0.0497623 0.0322879 9.9919E-05 0.0183536 0.342815 9.9919E-05 0.00817543 0.0428571
9.9937E-05 9.9937E-05 9.9937E-05 0.0112154 0.109567 0.015226 0.0169008 0.0863436 9.9937E-05 0.0218284 0.0547438 0.0306078 9.9937E-05 0.0329129 0.0307579 0.0334433 0.515558 9.9937E-05 0.040195 9.9937E-05
0.0380116 9.99369E-05 9.99369E-05 0.0427939 0.0666205 9.99369E-05 0.0954362 0.00537655 9.99369E-05 9.99369E-05 0.0386862 0.0171783 9.99369E-05 0.0322863 0.00399673 0.0440807 0.586136 0.0228996 0.00579794 9.99369E-05
9.9901E-05 0.0805716 9.9901E-05 9.9901E-05 0.144393 9.9901E-05 9.9901E-05 9.9901E-05 9.9901E-05 9.9901E-05 0.0100665 0.0138039 0.0327011 0.00179932 9.9901E-05 0.0408843 0.6242 0.0504808 9.9901E-05 9.9901E-05
9.9901E-05 0.142011 9.9901E-05 9.9901E-05 0.0635024 9.9901E-05 9.9901E-05 0.190556 9.9901E-05 9.9901E-05 9.9901E-05 0.0360163 9.9901E-05 0.00059167 9.9901E-05 0.0303756 0.49388 0.00994957 0.0320183 9.9901E-05
9.9919E-05 9.9919E-05 9.9919E-05 9.9919E-05 0.100988 0.0178285 0.0252277 9.9919E-05 9.9919E-05 9.9919E-05 0.234107 0.0295996 0.0621703 0.00791992 0.0123875 9.9919E-05 0.452538 0.022513 0.0338212 9.9919E-05
9.9901E-05 9.9901E-05 9.9901E-05 9.9901E-05 9.9901E-05 0.0427103 9.9901E-05 0.314458 0.0474503 9.9901E-05 0.333066 9.9901E-05 0.0260687 0.00635816 9.9901E-05 0.0277526 0.147587 9.9901E-05 0.05345 9.9901E-05
9.9901E-05 0.334368 9.9901E-05 9.9901E-05 0.111975 9.9901E-05 9.9901E-05 0.21558 9.9901E-05 9.9901E-05 9.9901E-05 0.0170101 9.9901E-05 9.9901E-05 0.0398998 0.0527955 0.21622 0.00982532 0.0012262 9.9901E-05
9.991E-05 0.0256097 0.0282528 9.991E-05 0.0515197 0.283205 9.991E-05 0.106036 9.991E-05 9.991E-05 9.991E-05 9.991E-05 9.991E-05 0.00356877 9.991E-05 0.0259996 0.299979 9.991E-05 0.0700218 0.104808
9.9901E-05 9.9901E-05 9.9901E-05 9.9901E-05 0.00806195 0.447311 9.9901E-05 9.9901E-05 0.0498308 9.9901E-05 0.0616224 9.9901E-05 9.9901E-05 0.0114325 9.9901E-05 0.0130075 0.26661 9.9901E-05 0.0118319 0.129193
9.98289E-05 9.98289E-05 9.98289E-05 9.98289E-05 9.98289E-05 9.98289E-05 9.98289E-05 9.98289E-05 9.98289E-05 9.98289E-05 9.98289E-05 0.998103 9.98289E-05 9.98289E-05 9.98289E-05 9.98289E-05 9.98289E-05 9.98289E-05 9.98289E-05 9.98289E-05
9.9946E-05 0.0158697 0.0271779 0.00559437 9.9946E-05 0.0968688 9.9946E-05 0.0326488 0.0273784 9.9946E-05 0.0562377 0.0249919 0.0730038 0.0641529 0.0341855 0.0550689 0.418803 9.9946E-05 9.9946E-05 0.0674185
9.9919E-05 9.9919E-05 0.00112725 9.9919E-05 0.132701 0.112104 9.9919E-05 0.0586369 9.9919E-05 9.9919E-05 0.160546 0.0786246 0.0442961 0.0200487 9.9919E-05 0.0350783 0.331724 9.9919E-05 0.0242139 9.9919E-05
9.98289E-05 9.98289E-05 9.98289E-05 9.98289E-05 0.998103 9.98289E-05 9.98289E-05 9.98289E-05 9.98289E-05 9.98289E-05 9.98289E-05 9.98289E-05 9.98289E-05 9.98289E-05 9.98289E-05 9.98289E-05 9.98289E-05 9.98289E-05 9.98289E-05 9.98289E-05
0.0174741 0.0243943 9.9937E-05 9.9937E-05 0.083699 9.9937E-05 9.9937E-05 0.0391175 9.9937E-05 0.0345438 0.414601 0.0446477 0.0167598 0.0362667 0.00645371 0.00726411 0.24536 0.028719 9.9937E-05 9.9937E-05
0.111681 0.192007 9.9901E-05 9.9901E-05 0.108696 9.9901E-05 9.9901E-05 9.9901E-05 9.9901E-05 9.9901E-05 0.16083 0.0361708 9.9901E-05 0.0280039 9.9901E-05 0.019894 0.323221 9.9901E-05 0.0183975 9.9901E-05
9.99011E-05 0.380595 9.99011E-05 0.101214 9.99011E-05 9.99011E-05 9.99011E-05 9.99011E-05 9.99011E-05 0.0530795 0.246448 9.99011E-05 0.0636022 0.0466041 9.99011E-05 0.0222224 0.0549029 9.99011E-05 9.99011E-05 0.0302325
9.99011E-05 0.137384 0.173671 0.079383 9.99011E-05 0.101843 9.99011E-05 9.99011E-05 9.99011E-05 0.284763 0.158787 0.0179411 0.0195845 9.99011E-05 9.99011E-05 0.025545 9.99011E-05 9.99011E-05 9.99011E-05 9.99011E-05
9.991E-05 0.0714245 9.991E-05 0.195453 0.0196002 0.0563602 0.0587099 0.0354061 9.991E-05 9.991E-05 0.343944 9.991E-05 9.991E-05 9.991E-05 9.991E-05 0.00222961 0.1863 0.0295733 9.991E-05 9.991E-05
9.98289E-05 9.98289E-05 9.98289E-05 9.98289E-05 0.998103 9.98289E-05 9.98289E-05 9.98289E-05 9.98289E-05 9.98289E-05 9.98289E-05 9.98289E-05 9.98289E-05 9.98289E-05 9.98289E-05 9.98289E-05 9.98289E-05 9.98289E-05 9.98289E-05 9.98289E-05
9.9829E-05 9.9829E-05 9.9829E-05 9.9829E-05 0.998103 9.9829E-05 9.9829E-05 9.9829E-05 9.9829E-05 9.9829E-05 9.9829E-05 9.9829E-05 9.9829E-05 9.9829E-05 9.9829E-05 9.9829E-05 9.9829E-05 9.9829E-05 9.9829E-05 9.9829E-05
0.0650493 0.0733653 0.0297071 0.0450382 0.0953441 9.99099E-05 9.99099E-05 0.0343184 9.99099E-05 9.99099E-05 0.177049 9.99099E-05 9.99099E-05 0.0440533 0.000460782 9.99099E-05 0.434615 9.99099E-05 9.99099E-05 9.99099E-05
9.98289E-05 9.98289E-05 9.98289E-05 9.98289E-05 9.98289E-05 9.98289E-05 9.98289E-05 9.98289E-05 9.98289E-05 9.98289E-05 9.98289E-05 9.98289E-05 9.98289E-05 9.98289E-05 9.98289E-05 9.98289E-05 9.98289E-05 9.98289E-05 0.998103 9.98289E-05
0.0107772 9.9928E-05 9.9928E-05 9.9928E-05 9.9928E-05 0.143853 0.016203 0.077022 9.9928E-05 9.9928E-05 0.397644 0.120392 0.0163386 0.00952971 0.00111746 0.0173649 0.173666 9.9928E-05 0.0152929 9.9928E-05
9.9919E-05 0.117826 9.9919E-05 0.0265035 0.0608024 9.9919E-05 9.9919E-05 9.9919E-05 0.000759151 0.0406811 0.259252 0.0504046 9.9919E-05 0.000209352 9.9919E-05 0.0266483 0.407906 0.00810861 9.9919E-05 9.9919E-05
9.98651E-05 9.98651E-05 9.98651E-05 0.0448105 9.98651E-05 9.98651E-05 9.98651E-05 9.98651E-05 9.98651E-05 9.98651E-05 0.883557 9.98651E-05 0.0422514 9.98651E-05 0.0229191 9.98651E-05 9.98651E-05 9.98651E-05 0.00496444 9.98651E-05
9.9901E-05 9.9901E-05 0.0300924 9.9901E-05 9.9901E-05 9.9901E-05 0.0707596 9.9901E-05 9.9901E-05 9.9901E-05 0.81665 0.00724665 0.0055833 9.9901E-05 9.9901E-05 0.0153035 9.9901E-05 0.00613049 0.0225435 0.0245913
9.9865E-05 9.9865E-05 9.9865E-05 9.9865E-05 9.9865E-05 9.9865E-05 9.9865E-05 9.9865E-05 9.9865E-05 9.9865E-05 0.898379 0.0196449 0.017881 9.9865E-05 9.9865E-05 0.00700719 9.9865E-05 0.0555898 9.9865E-05 9.9865E-05
9.9919E-05 9.9919E-05 9.9919E-05 9.9919E-05 0.0524037 9.9919E-05 0.0192847 0.030715 9.9919E-05 0.0855951 0.509051 0.0181914 0.039123 9.9919E-05 9.9919E-05 9.9919E-05 0.136505 0.0504682 0.0294765 0.0282873
9.99001E-05 9.99001E-05 0.11834 9.99001E-05 9.99001E-05 9.99001E-05 9.99001E-05 0.159661 0.106399 9.99001E-05 0.310536 0.0128318 9.99001E-05 0.0165967 9.99001E-05 0.0577193 0.138809 9.99001E-05 0.04214 0.0359691
0.0082814 0.159902 0.0105846 9.9946E-05 0.0853426 9.9946E-05 0.00532966 0.0117076 9.9946E-05 9.9946E-05 0.262621 0.0321427 9.9946E-05 0.0201035 9.9946E-05 0.0426878 0.293358 0.0103384 0.0161876 0.0408136
9.9919E-05 9.9919E-05 9.9919E-05 9.9919E-05 0.184182 0.0571346 0.00897216 0.165357 9.9919E-05 9.9919E-05 0.276961 0.0147593 0.0246494 0.0186826 9.9919E-05 0.0408861 0.204408 0.00310935 9.9919E-05 9.9919E-05
9.9919E-05 9.9919E-05 9.9919E-05 9.9919E-05 0.0168358 9.9919E-05 9.9919E-05 0.00255221 0.110401 9.9919E-05 0.30188 0.00717572 0.0202532 0.0153629 9.9919E-05 0.0785368 0.375185 9.9919E-05 0.0264663 0.0444518
0.0603582 0.0565944 9.9919E-05 9.9919E-05 0.0701154 9.9919E-05 0.0259155 0.104259 9.9919E-05 9.9919E-05 0.524933 0.00489156 9.9919E-05 0.0242076 0.012673 9.9919E-05 0.106102 9.9919E-05 0.00905178 9.9919E-05
0.0658468 9.9937E-05 0.00643907 9.9937E-05 0.0575364 0.0664115 9.9937E-05 0.00165675 9.9937E-05 0.0974384 0.075688 0.0488856 9.9937E-05 0.0778838 0.0198861 0.00345962 0.472857 9.9937E-05 0.00531167 9.9937E-05
9.99189E-05 0.0293013 0.0573124 9.99189E-05 0.0256873 9.99189E-05 9.99189E-05 0.145668 9.99189E-05 9.99189E-05 0.0137237 0.0117857 0.0218197 9.99189E-05 9.99189E-05 0.0180848 0.584806 9.99189E-05 0.0548996 0.0360122
9.9829E-05 9.9829E-05 9.9829E-05 9.9829E-05 9.9829E-05 9.9829E-05 9.9829E-05 9.9829E-05 9.9829E-05 9.9829E-05 9.9829E-05 9.9829E-05 9.9829E-05 0.998103 9.9829E-05 9.9829E-05 9.9829E-05 9.9829E-05 9.9829E-05 9.9829E-05
0.0282291 9.9946E-05 0.044934 9.9946E-05 0.0220295 0.102277 9.9946E-05 0.130561 9.9946E-05 0.00869589 0.415639 9.9946E-05 9.9946E-05 0.0231005 0.00597622 0.0395391 0.138469 0.00515811 0.0181836 0.0166085
0.0291231 9.9901E-05 9.9901E-05 9.9901E-05 0.0456805 9.9901E-05 9.9901E-05 9.9901E-05 9.9901E-05 9.9901E-05 0.578874 0.0556668 0.0487178 0.0153337 9.9901E-05 9.9901E-05 0.198477 0.00631181 0.0207165 9.9901E-05
9.9919E-05 9.9919E-05 9.9919E-05 0.113543 0.0521141 9.9919E-05 9.9919E-05 9.9919E-05 0.0183708 9.9919E-05 0.26741 0.0445375 0.00509866 0.0277912 0.00333383 9.9919E-05 0.315673 9.9919E-05 0.0597754 0.0914536
9.99009E-05 0.0350508 9.99009E-05 9.99009E-05 0.091946 9.99009E-05 9.99009E-05 0.0536622 0.0779267 9.99009E-05 9.99009E-05 9.99009E-05 0.0649425 9.99009E-05 9.99009E-05 0.0380055 0.489802 9.99009E-05 0.0699877 0.0775779
0.077814 0.0325252 9.991E-05 9.991E-05 0.0286453 0.00677245 9.991E-05 0.1337 9.991E-05 9.991E-05 0.606335 0.0178096 9.991E-05 9.991E-05 9.991E-05 0.0595072 0.0355594 9.991E-05 0.000333563 9.991E-05
0.0642236 9.99189E-05 9.99189E-05 9.99189E-05 0.102182 9.99189E-05 0.0246661 0.138495 0.000679613 9.99189E-05 0.480463 0.000773632 0.0274581 0.00522557 9.99189E-05 0.0192759 0.135657 9.99189E-05 9.99189E-05 9.99189E-05
9.98289E-05 9.98289E-05 9.98289E-05 9.98289E-05 9.98289E-05 9.98289E-05 9.98289E-05 9.98289E-05 9.98289E-05 9.98289E-05 9.98289E-05 9.98289E-05 9.98289E-05 9.98289E-05 9.98289E-05 0.998103 9.98289E-05 9.98289E-05 9.98289E-05 9.98289E-05
9.9829E-05 9.9829E-05 9.9829E-05 9.9829E-05 9.9829E-05 9.9829E-05 9.9829E-05 9.9829E-05 9.9829E-05 9.9829E-05 9.9829E-05 9.9829E-05 9.9829E-05 0.998103 9.9829E-05 9.9829E-05 9.9829E-05 9.9829E-05 9.9829E-05 9.9829E-05
9.98289E-05 9.98289E-05 9.98289E-05 9.98289E-05 9.98289E-05 9.98289E-05 9.98289E-05 9.98289E-05 9.98289E-05 9.98289E-05 9.98289E-05 9.98289E-05 9.98289E-05 9.98289E-05 9.98289E-05 0.998103 9.98289E-05 9.98289E-05 9.98289E-05 9.98289E-05
9.9883E-05 9.9883E-05 9.9883E-05 0.0343564 9.9883E-05 9.9883E-05 9.9883E-05 9.9883E-05 9.9883E-05 9.9883E-05 0.817508 0.00970398 9.9883E-05 0.00933827 0.0123716 9.9883E-05 0.0911235 9.9883E-05 0.0242999 9.9883E-05
9.991E-05 9.991E-05 0.0560545 9.991E-05 9.991E-05 9.991E-05 0.0685933 9.991E-05 9.991E-05 9.991E-05 0.446836 0.0458026 9.991E-05 0.00557704 0.0104631 0.0652254 0.189175 9.991E-05 0.0663547 0.0449202
0.0455773 9.9937E-05 0.0200411 0.0397516 0.0140016 9.9937E-05 0.0207021 0.0368831 9.9937E-05 9.9937E-05 0.521918 9.9937E-05 9.9937E-05 0.0382326 0.00207557 0.0202836 0.212881 9.9937E-05 0.0142599 0.0126927
9.991E-05 9.991E-05 9.991E-05 9.991E-05 0.0224458 0.107399 9.991E-05 9.991E-05 9.991E-05 9.991E-05 0.323649 0.000881611 9.991E-05 0.0423965 0.0206865 0.0631084 0.385925 0.0171773 9.991E-05 0.0153311
9.9928E-05 0.0699988 9.9928E-05 9.9928E-05 0.0740664 0.0536122 0.0332127 0.109141 9.9928E-05 0.0310084 9.9928E-05 0.0239186 9.9928E-05 0.0218779 0.0131986 0.0338696 0.478148 9.9928E-05 9.9928E-05 0.0571483
9.98289E-05 9.98289E-05 9.98289E-05 9.98289E-05 9.98289E-05 9.98289E-05 9.98289E-05 9.98289E-05 9.98289E-05 9.98289E-05 9.98289E-05 9.98289E-05 9.98289E-05 9.98289E-05 9.98289E-05 9.98289E-05 9.98289E-05 9.98289E-05 0.998103 9.98289E-05
9.9928E-05 9.9928E-05 0.0153163 9.9928E-05 0.0077691 0.142179 9.9928E-05 0.00959922 9.9928E-05 0.00546182 0.463875 9.9928E-05 9.9928E-05 0.0366641 9.9928E-05 0.0396746 0.17107 0.0291249 0.038705 0.0397607
0.00717826 9.9892E-05 9.9892E-05 0.0292257 9.9892E-05 9.9892E-05 9.9892E-05 0.712499 9.9892E-05 9.9892E-05 0.172868 9.9892E-05 0.00179498 9.9892E-05 0.0137229 9.9892E-05 0.0539942 0.00751785 9.9892E-05 9.9892E-05
9.98561E-05 9.98561E-05 9.98561E-05 9.98561E-05 0.0877388 9.98561E-05 9.98561E-05 0.887697 9.98561E-05 9.98561E-05 9.98561E-05 0.0213763 9.98561E-05 0.00159062 9.98561E-05 9.98561E-05 9.98561E-05 9.98561E-05 9.98561E-05 9.98561E-05
9.9883E-05 9.9883E-05 9.9883E-05 9.9883E-05 0.034052 9.9883E-05 9.9883E-05 0.856082 0.0263872 9.9883E-05 9.9883E-05 9.9883E-05 9.9883E-05 0.02619 0.0292033 0.0244917 9.9883E-05 0.00229552 9.9883E-05 9.9883E-05
0.0387743 9.9892E-05 0.00290253 9.9892E-05 9.9892E-05 9.9892E-05 9.9892E-05 0.802771 9.9892E-05 0.0141807 0.082158 9.9892E-05 9.9892E-05 9.9892E-05 0.00708664 9.9892E-05 0.00401732 9.9892E-05 0.0469109 9.9892E-05
0.00953397 0.0548427 9.9919E-05 0.00105298 9.9919E-05 9.9919E-05 0.00924895 0.701621 9.9919E-05 9.9919E-05 0.123687 9.9919E-05 0.0365759 0.0157623 0.00486926 0.0372984 9.9919E-05 0.00460808 9.9919E-05 9.9919E-05
9.9901E-05 9.9901E-05 0.0565823 9.9901E-05 9.9901E-05 9.9901E-05 0.0264345 0.800956 9.9901E-05 0.00521674 9.9901E-05 9.9901E-05 0.0207962 0.00360108 0.00905176 9.9901E-05 0.0685056 9.9901E-05 0.0077564 9.9901E-05
9.9847E-05 9.9847E-05 9.9847E-05 9.9847E-05 9.9847E-05 9.9847E-05 9.9847E-05 0.970416 9.9847E-05 9.9847E-05 9.9847E-05 9.9847E-05 0.0196212 9.9847E-05 9.9847E-05 9.9847E-05 9.9847E-05 9.9847E-05 9.9847E-05 0.00826512
0.00622749 9.9874E-05 9.9874E-05 9.9874E-05 0.0518936 9.9874E-05 0.0499649 0.841487 9.9874E-05 9.9874E-05 9.9874E-05 9.9874E-05 9.9874E-05 0.0125567 9.9874E-05 9.9874E-05 9.9874E-05 0.0364723 9.9874E-05 9.9874E-05
0.0102434 0.0428783 9.9892E-05 0.128702 9.9892E-05 9.9892E-05 9.9892E-05 0.744865 0.026285 9.9892E-05 9.9892E-05 9.9892E-05 9.9892E-05 9.9892E-05 9.9892E-05 0.00820963 0.0263619 0.0112554 9.9892E-05 9.9892E-05
9.9901E-05 9.9901E-05 9.9901E-05 9.9901E-05 0.0348408 0.08942 9.9901E-05 0.686843 9.9901E-05 9.9901E-05 0.114743 0.00179538 9.9901E-05 0.0218933 0.0463096 0.00154681 9.9901E-05 9.9901E-05 0.00150961 9.9901E-05
0.0101949 9.9901E-05 9.9901E-05 9.9901E-05 9.9901E-05 0.0157861 0.0979767 0.672841 9.9901E-05 9.9901E-05 9.9901E-05 9.9901E-05 0.0172849 9.9901E-05 9.9901E-05 0.00469256 0.124125 0.0139867 0.0420133 9.9901E-05
9.9847E-05 9.9847E-05 9.9847E-05 0.919273 9.9847E-05 9.9847E-05 0.0420651 9.9847E-05 9.9847E-05 9.9847E-05 9.9847E-05 9.9847E-05 9.9847E-05 9.9847E-05 9.9847E-05 0.0369647 9.9847E-05 9.9847E-05 9.9847E-05 9.9847E-05
9.9883E-05 9.9883E-05 9.9883E-05 0.806258 9.9883E-05 9.9883E-05 9.9883E-05 0.0421373 9.9883E-05 0.103293 9.9883E-05 9.9883E-05 9.9883E-05 0.0257057 0.000590086 9.9883E-05 9.9883E-05 0.0122982 0.00841871 9.9883E-05
9.9883E-05 9.9883E-05 0.274714 0.533191 0.0869568 9.9883E-05 0.0542702 9.9883E-05 0.0316231 9.9883E-05 9.9883E-05 9.9883E-05 9.9883E-05 9.9883E-05 0.00836987 0.00957695 9.9883E-05 9.9883E-05 9.9883E-05 9.9883E-05
9.98651E-05 0.212391 0.730018 9.98651E-05 9.98651E-05 9.98651E-05 9.98651E-05 9.98651E-05 9.98651E-05 0.0363305 9.98651E-05 9.98651E-05 9.98651E-05 9.98651E-05 9.98651E-05 0.00272458 9.98651E-05 9.98651E-05 9.98651E-05 0.0170383
9.9856E-05 9.9856E-05 9.9856E-05 0.9032 9.9856E-05 9.9856E-05 9.9856E-05 9.9856E-05 9.9856E-05 9.9856E-05 9.9856E-05 0.0301439 9.9856E-05 9.9856E-05 0.0218431 9.9856E-05 9.9856E-05 0.0432155 9.9856E-05 9.9856E-05
0.00910377 9.9919E-05 0.52371 0.179145 9.9919E-05 9.9919E-05 9.9919E-05 0.0205935 0.00534093 0.0547298 0.11474 9.9919E-05 0.0530782 9.9919E-05 0.0101475 0.00594833 9.9919E-05 0.0225641 9.9919E-05 9.9919E-05
9.98288E-05 9.98288E-05 9.98288E-05 9.98288E-05 9.98288E-05 9.98288E-05 9.98288E-05 9.98288E-05 9.98288E-05 9.98288E-05 9.98288E-05 9.98288E-05 0.998103 9.98288E-05 9.98288E-05 9.98288E-05 9.98288E-05 9.98288E-05 9.98288E-05 9.98288E-05
9.9892E-05 0.0829155 0.48388 0.35817 0.0454275 9.9892E-05 0.00585434 9.9892E-05 9.9892E-05 9.9892E-05 9.9892E-05 9.9892E-05 9.9892E-05 9.9892E-05 0.0127107 9.9892E-05 9.9892E-05 0.00973922 0.000104049 9.9892E-05
9.99099E-05 9.99099E-05 0.245236 0.370179 0.0376271 0.00869559 0.0439133 9.99099E-05 0.0882544 9.99099E-05 0.122728 9.99099E-05 9.99099E-05 9.99099E-05 9.99099E-05 0.0491196 9.99099E-05 0.0331438 9.99099E-05 0.000103067
9.98651E-05 9.98651E-05 9.98651E-05 0.887824 9.98651E-05 0.0697874 9.98651E-05 9.98651E-05 9.98651E-05 9.98651E-05 9.98651E-05 9.98651E-05 0.0299177 0.00802233 9.98651E-05 9.98651E-05 0.00295066 9.98651E-05 9.98651E-05 9.98651E-05
9.9856E-05 0.108663 9.9856E-05 0.872724 9.9856E-05 9.9856E-05 9.9856E-05 9.9856E-05 9.9856E-05 9.9856E-05 9.9856E-05 0.0116153 9.9856E-05 9.9856E-05 0.00540021 9.9856E-05 9.9856E-05 9.9856E-05 9.9856E-05 9.9856E-05
0.0477197 0.0889238 9.98561E-05 0.712386 9.98561E-05 9.98561E-05 9.98561E-05 9.98561E-05 9.98561E-05 0.149373 9.98561E-05 9.98561E-05 9.98561E-05 9.98561E-05 9.98561E-05 9.98561E-05 9.98561E-05 9.98561E-05 9.98561E-05 9.98561E-05
9.9874E-05 9.9874E-05 9.9874E-05 0.824352 9.9874E-05 9.9874E-05 9.9874E-05 9.9874E-05 9.9874E-05 9.9874E-05 0.0214778 9.9874E-05 9.9874E-05 9.9874E-05 0.0205325 0.0341048 0.0599424 9.9874E-05 9.9874E-05 0.0381923
9.9892E-05 9.9892E-05 0.00651189 0.440123 9.9892E-05 9.9892E-05 9.9892E-05 0.0540206 0.155803 0.14502 0.167894 9.9892E-05 9.9892E-05 9.9892E-05 9.9892E-05 9.9892E-05 9.9892E-05 0.0222289 0.00720092 9.9892E-05
9.9874E-05 9.9874E-05 0.185125 9.9874E-05 9.9874E-05 9.9874E-05 0.0405784 9.9874E-05 9.9874E-05 0.610282 9.9874E-05 9.9874E-05 9.9874E-05 9.9874E-05 9.9874E-05 9.9874E-05 0.121664 0.031821 9.9874E-05 0.00913045
9.9865E-05 9.9865E-05 9.9865E-05 9.9865E-05 9.9865E-05 9.9865E-05 9.9865E-05 9.9865E-05 9.9865E-05 0.945756 9.9865E-05 0.00150618 9.9865E-05 9.9865E-05 9.9865E-05 9.9865E-05 9.9865E-05 0.0124996 0.00639794 0.0323421
9.98471E-05 9.98471E-05 9.98471E-05 9.98471E-05 9.98471E-05 9.98471E-05 9.98471E-05 9.98471E-05 9.98471E-05 0.974133 9.98471E-05 9.98471E-05 0.0106145 9.98471E-05 9.98471E-05 9.98471E-05 0.013555 9.98471E-05 9.98471E-05 9.98471E-05
0.0501839 9.9883E-05 9.9883E-05 0.0109129 0.0462324 9.9883E-05 9.9883E-05 0.0047711 9.9883E-05 0.868841 9.9883E-05 9.9883E-05 9.9883E-05 0.00825651 9.9883E-05 9.9883E-05 0.00950325 9.9883E-05 9.9883E-05 9.9883E-05
9.98291E-05 9.98291E-05 9.98291E-05 9.98291E-05 9.98291E-05 9.98291E-05 9.98291E-05 9.98291E-05 9.98291E-05 0.998103 9.98291E-05 9.98291E-05 9.98291E-05 9.98291E-05 9.98291E-05 9.98291E-05 9.98291E-05 9.98291E-05 9.98291E-05 9.98291E-05
9.98829E-05 9.98829E-05 9.98829E-05 9.98829E-05 0.00454381 9.98829E-05 9.98829E-05 9.98829E-05 0.0775869 0.851727 0.0215714 0.0255508 9.98829E-05 9.98829E-05 0.0105567 9.98829E-05 9.98829E-05 0.00716532 9.98829E-05 9.98829E-05
9.9892E-05 0.0241025 9.9892E-05 9.9892E-05 9.9892E-05 9.9892E-05 9.9892E-05 9.9892E-05 0.00107447 0.727332 0.1681 0.0108897 0.0326076 0.00746496 9.9892E-05 9.9892E-05 9.9892E-05 9.9892E-05 9.9892E-05 0.0272306
9.98831E-05 9.98831E-05 0.632749 9.98831E-05 0.0129013 0.0447394 9.98831E-05 0.0448196 9.98831E-05 0.216156 9.98831E-05 9.98831E-05 9.98831E-05 0.021844 9.98831E-05 0.0254916 9.98831E-05 9.98831E-05 9.98831E-05 9.98831E-05
9.9901E-05 9.9901E-05 0.813174 9.9901E-05 9.9901E-05 9.9901E-05 9.9901E-05 9.9901E-05 9.9901E-05 0.0234556 0.0834587 0.0083478 0.00218261 0.00448688 9.9901E-05 0.0206447 9.9901E-05 9.9901E-05 0.00125182 0.041899
0.0425157 0.000749553 0.795403 9.9901E-05 0.0425384 9.9901E-05 9.9901E-05 9.9901E-05 0.0157052 0.0259703 9.9901E-05 9.9901E-05 0.0270088 9.9901E-05 9.9901E-05 9.9901E-05 9.9901E-05 0.00168326 0.0473267 9.9901E-05
9.98857E-05 9.98857E-05 0.577757 0.149425 9.98857E-05 9.98857E-05 0.0704302 9.98857E-05 9.98857E-05 9.98857E-05 0.113602 9.98857E-05 9.98857E-05 0.0310464 9.98857E-05 9.98857E-05 9.98857E-05 9.98857E-05 0.00786054 0.0485809
0.0332218 0.0151378 0.729599 9.9883E-05 9.9883E-05 9.9883E-05 0.0350475 0.000832547 9.9883E-05 9.9883E-05 0.178583 9.9883E-05 9.9883E-05 9.9883E-05 0.00628032 9.9883E-05 9.9883E-05 9.9883E-05 9.9883E-05 9.9883E-05
0.0318066 9.98829E-05 0.383832 0.439313 9.98829E-05 9.98829E-05 9.98829E-05 9.98829E-05 0.0628508 9.98829E-05 9.98829E-05 9.98829E-05 9.98829E-05 9.98829E-05 0.0128224 0.00889048 9.98829E-05 9.98829E-05 0.0591856 9.98829E-05
0.0632399 9.9919E-05 0.496884 0.168395 9.9919E-05 0.00216638 9.9919E-05 9.9919E-05 0.11429 0.0191199 0.0425639 0.0459271 0.00187211 9.9919E-05 9.9919E-05 9.9919E-05 0.0357373 0.00890537 9.9919E-05 9.9919E-05
9.9901E-05 9.9901E-05 0.26366 0.17119 9.9901E-05 0.0688993 9.9901E-05 9.9901E-05 9.9901E-05 0.318098 0.149014 9.9901E-05 0.00150222 9.9901E-05 0.00195288 9.9901E-05 9.9901E-05 0.0106894 9.9901E-05 0.013896
9.99011E-05 0.102304 0.6839 0.111141 9.99011E-05 9.99011E-05 0.00170381 9.99011E-05 9.99011E-05 9.99011E-05 9.99011E-05 0.0152887 0.0317313 0.00493211 9.99011E-05 0.00308512 9.99011E-05 9.99011E-05 0.0448159 9.99011E-05
9.9865E-05 0.0410524 0.836425 9.9865E-05 9.9865E-05 9.9865E-05 9.9865E-05 9.9865E-05 9.9865E-05 9.9865E-05 9.9865E-05 9.9865E-05 0.0134744 0.00319392 9.9865E-05 9.9865E-05 0.104356 9.9865E-05 9.9865E-05 9.9865E-05
9.991E-05 9.991E-05 0.628099 0.127301 9.991E-05 0.131765 9.991E-05 9.991E-05 0.00783854 9.991E-05 0.0338779 9.991E-05 0.00470666 0.0114755 9.991E-05 0.00920885 9.991E-05 0.00772604 9.991E-05 0.0370026
9.9856E-05 0.105438 0.798812 9.9856E-05 0.0725111 9.9856E-05 0.0216412 9.9856E-05 9.9856E-05 9.9856E-05 9.9856E-05 9.9856E-05 9.9856E-05 9.9856E-05 9.9856E-05 9.9856E-05 9.9856E-05 9.9856E-05 9.9856E-05 9.9856E-05
0.0198555 9.9901E-05 0.888438 9.9901E-05 0.0400946 9.9901E-05 0.025132 9.9901E-05 9.9901E-05 9.9901E-05 9.9901E-05 0.00164798 9.9901E-05 0.0120256 0.00200167 0.0095484 9.9901E-05 9.9901E-05 0.000157239 9.9901E-05
9.9892E-05 9.9892E-05 0.860467 0.0415232 9.9892E-05 9.9892E-05 9.9892E-05 9.9892E-05 9.9892E-05 9.9892E-05 9.9892E-05 0.00259148 0.00241689 9.9892E-05 0.0327068 9.9892E-05 9.9892E-05 0.0119307 0.0288094 0.0183563
9.98831E-05 9.98831E-05 9.98831E-05 0.0529281 9.98831E-05 9.98831E-05 9.98831E-05 9.98831E-05 0.914916 9.98831E-05 9.98831E-05 0.00179691 9.98831E-05 9.98831E-05 0.00726131 9.98831E-05 0.0132795 0.0012879 0.00723151 9.98831E-05
9.9865E-05 9.9865E-05 9.9865E-05 9.9865E-05 9.9865E-05 9.9865E-05 9.9865E-05 9.9865E-05 0.916902 9.9865E-05 0.0263271 9.9865E-05 9.9865E-05 0.00452732 9.9865E-05 9.9865E-05 9.9865E-05 9.9865E-05 0.0246137 0.0261322
9.9874E-05 9.9874E-05 9.9874E-05 9.9874E-05 9.9874E-05 9.9874E-05 9.9874E-05 9.9874E-05 0.734627 9.9874E-05 0.200013 9.9874E-05 9.9874E-05 9.9874E-05 0.00709084 9.9874E-05 9.9874E-05 0.0186762 0.0201717 0.0180228
0.0778845 9.9865E-05 0.0768973 9.9865E-05 9.9865E-05 9.9865E-05 9.9865E-05 9.9865E-05 0.799676 9.9865E-05 0.020722 9.9865E-05 9.9865E-05 9.9865E-05 9.9865E-05 0.023322 9.9865E-05 9.9865E-05 9.9865E-05 9.9865E-05
9.9892E-05 9.9892E-05 9.9892E-05 9.9892E-05 0.0791591 9.9892E-05 9.9892E-05 9.9892E-05 0.790006 0.0326058 0.03339 0.00575061 9.9892E-05 0.00731741 9.9892E-05 0.0036181 9.9892E-05 9.9892E-05 9.9892E-05 0.0469541
9.9874E-05 9.9874E-05 9.9874E-05 0.0495929 9.9874E-05 9.9874E-05 9.9874E-05 9.9874E-05 0.890491 9.9874E-05 9.9874E-05 0.0338614 9.9874E-05 0.0105979 0.0109182 0.00314086 9.9874E-05 9.9874E-05 9.9874E-05 9.9874E-05
9.98291E-05 9.98291E-05 9.98291E-05 9.98291E-05 9.98291E-05 9.98291E-05 9.98291E-05 9.98291E-05 0.998103 9.98291E-05 9.98291E-05 9.98291E-05 9.98291E-05 9.98291E-05 9.98291E-05 9.98291E-05 9.98291E-05 9.98291E-05 9.98291E-05 9.98291E-05
0.0821312 0.0510618 9.98741E-05 9.98741E-05 0.0392188 9.98741E-05 0.0777496 9.98741E-05 0.736874 9.98741E-05 9.98741E-05 9.98741E-05 9.98741E-05 9.98741E-05 0.0115668 9.98741E-05 9.98741E-05 9.98741E-05 9.98741E-05 9.98741E-05
