9.999E-05 0.9998 9.999E-05
0.106661 0.773757 0.119582
0.0137147 0.876772 0.109513
0.0892964 0.837093 0.0736102
0.0809645 0.855257 0.0637781
9.999E-05 0.927117 0.0727832
9.999E-05 0.967689 0.0322108
0.0147664 0.868848 0.116385
0.0536106 0.811448 0.134942
0.0406307 0.901299 0.0580705
0.0691237 0.820672 0.110205
0.081326 0.843103 0.0755712
0.110235 0.823794 0.0659711
0.0103221 0.813584 0.176094
9.9991E-05 0.929932 0.0699675
9.9991E-05 0.939924 0.0599755
0.00219805 0.997702 9.9991E-05
9.999E-05 0.9998 9.999E-05
9.999E-05 0.9998 9.999E-05
0.0249484 0.974952 9.9991E-05
0.219537 0.0332875 0.747175
0.284895 0.0398022 0.675303
0.282063 0.0865487 0.631388
0.300387 0.0211734 0.678439
0.316503 0.0104759 0.673021
0.280728 0.0718837 0.647388
0.259537 9.9991E-05 0.740363
0.192149 0.0306685 0.777182
0.308965 9.9991E-05 0.690935
0.376812 0.0410753 0.582113
0.266916 9.9991E-05 0.732984
0.290797 0.01005 0.699153
0.250265 0.0566707 0.693065
0.363193 9.9991E-05 0.636707
0.484139 0.0543341 0.461526
0.374011 0.12261 0.503379
0.416196 9.9991E-05 0.583704
0.459998 0.00494448 0.535058
0.469083 0.0220701 0.508847
0.356843 0.0617956 0.581361
0.352598 0.0811088 0.566294
0.402876 0.0678436 0.52928
0.384715 0.0373092 0.577975
0.289264 0.117894 0.592841
0.379043 0.0143054 0.606652
0.262292 0.0785981 0.65911
0.443453 9.9991E-05 0.556447
0.391286 0.0591895 0.549524
0.361395 0.0319962 0.606609
0.391386 0.0488475 0.559767
0.419008 9.9991E-05 0.580892
0.37461 0.0502144 0.575176
0.441753 0.0462727 0.511974
0.393691 0.120007 0.486302
0.38655 0.045784 0.567666
0.402042 0.0473552 0.550603
0.325399 0.0640242 0.610577
0.71964 0.0580418 0.222318
0.864118 0.135782 9.9991E-05
0.817001 0.0817607 0.101238
0.914466 0.0483153 0.0372192
0.996128 9.9991E-05 0.00377197
0.864154 0.0793327 0.0565134
0.911459 0.0536202 0.0349203
0.946501 0.0364052 0.0170936
0.785884 0.122999 0.0911177
0.776745 0.102017 0.121239
0.904811 0.0631743 0.0320145
0.944844 0.011833 0.0433229
0.924367 0.0709825 0.00465045
0.948455 0.0488313 0.00271391
0.930364 0.0222511 0.0473848
0.916564 0.0367152 0.0467204
0.804795 0.0263494 0.168856
0.779492 0.0130608 0.207447
0.716849 0.0615359 0.221615
0.632427 0.110417 0.257156
0.970819 0.0290812 9.9991E-05
0.695934 0.048153 0.255913
0.874838 9.9991E-05 0.125062
0.816775 0.0327856 0.15044
0.832873 0.119173 0.0479536
0.875536 0.124364 9.9991E-05
0.511802 0.0322645 0.455933
0.260173 0.0465327 0.693295
0.62845 0.0667281 0.304822
0.853772 0.0146207 0.131608
0.775834 0.00128143 0.222885
0.862103 0.0206835 0.117213
0.980424 0.0194758 9.9991E-05
0.884652 0.0339328 0.081415
0.912081 9.9991E-05 0.0878195
0.705106 0.0786717 0.216222
0.72636 0.116833 0.156807
0.753591 0.0917985 0.15461
0.733453 0.134089 0.132458
0.72427 0.0603293 0.215401
0.870766 0.106439 0.0227955
0.924439 0.0468343 0.0287271
0.873557 0.0663457 0.0600974
0.867636 0.0630356 0.0693283
0.814043 0.0650512 0.120906
0.955706 0.0396141 0.00467963
0.9998 9.999E-05 9.999E-05
0.79194 0.0799106 0.12815
0.903687 0.0500805 0.0462328
0.835703 0.0735897 0.0907071
0.900113 0.012968 0.0869187
0.815663 0.0925672 0.0917694
0.803785 0.105137 0.0910782
0.911139 0.0887613 9.9991E-05
0.9998 9.999E-05 9.999E-05
0.988267 0.0116331 9.9991E-05
0.846691 0.0746878 0.0786207
0.796411 0.0624209 0.141168
0.777106 0.124997 0.0978972
0.909066 0.0882466 0.00268781
0.859638 0.0423764 0.0979854
0.922671 0.0772285 9.9991E-05
0.759229 0.120783 0.119987
0.664381 0.0754342 0.260185
0.657105 0.013008 0.329887
0.709661 9.9991E-05 0.290239
0.610861 0.10732 0.281819
0.627199 0.0188199 0.353981
0.559062 0.0252483 0.415689
0.538979 0.078804 0.382217
0.670673 0.108979 0.220348
0.549338 0.0545396 0.396122
0.660727 9.9991E-05 0.339173
0.607967 0.0389924 0.353041
0.101693 0.0264011 0.871906
0.0170523 0.0669427 0.916005
0.0485123 0.0619812 0.889507
9.9991E-05 0.0875194 0.912381
0.0546229 0.0569462 0.888431
0.0777458 0.0220455 0.900209
0.0190733 9.9991E-05 0.980827
0.033079 0.000452251 0.966469
0.215496 0.0864871 0.698017
0.107437 0.0112141 0.881348
9.9991E-05 0.0408247 0.959075
9.9991E-05 0.0689964 0.930904
0.1165 0.0519542 0.831546
0.233713 0.0718498 0.694437
0.10429 0.0849234 0.810787
0.058604 0.129416 0.81198
0.00832957 0.00863912 0.983031
0.104427 0.0754596 0.820114
9.9991E-05 0.0698453 0.930055
0.110715 0.0323045 0.85698
0.0954096 0.0894254 0.815165
0.0660733 0.00432657 0.9296
0.0770493 0.0446289 0.878322
0.0960415 0.0129142 0.891044
0.130505 0.0566273 0.812867
0.0842165 0.0375606 0.878223
9.9991E-05 0.085749 0.914151
0.0821874 0.123769 0.794044
0.0823926 0.0815997 0.836008
0.0919173 0.0137361 0.894347
0.00503177 9.9991E-05 0.994868
0.0660522 0.0533926 0.880555
0.0358645 0.0468445 0.917291
0.0707869 0.0133535 0.91586
0.0432685 0.0551929 0.901539
0.281024 0.0784107 0.640565
0.295497 0.104632 0.599871
0.309829 0.159448 0.530723
0.321498 0.114044 0.564458
0.263168 0.166988 0.569844
0.26254 0.0296109 0.707849
0.312778 0.0426261 0.644595
0.243952 0.134792 0.621256
