9.999E-05 0.9998 9.999E-05
0.0738339 0.796791 0.129375
0.143145 0.856755 9.9991E-05
0.159423 0.818661 0.0219156
0.0632177 0.84607 0.0907126
0.0833962 0.916504 9.9991E-05
0.0453866 0.954513 9.9991E-05
0.0635322 0.917316 0.019152
0.137568 0.862332 9.9991E-05
0.148454 0.851446 9.9991E-05
0.0603703 0.859518 0.0801118
0.0646459 0.833004 0.10235
0.0515841 0.865174 0.0832421
0.18512 0.779489 0.0353916
0.0426759 0.884272 0.0730525
0.0447106 0.929473 0.0258165
9.999E-05 0.9998 9.999E-05
9.999E-05 0.9998 9.999E-05
9.999E-05 0.9998 9.999E-05
0.00821185 0.974403 0.0173854
0.764141 0.0188053 0.217053
0.658304 0.0372013 0.304495
0.693979 0.0717254 0.234296
0.700816 9.9991E-05 0.299084
0.696266 0.0294159 0.274318
0.674859 0.0447218 0.280419
0.722101 9.9991E-05 0.277799
0.792079 0.0191531 0.188768
0.65246 9.9991E-05 0.34744
0.620609 0.00370359 0.375687
0.764563 9.9991E-05 0.235337
0.718895 0.0038843 0.277221
0.708457 0.0566232 0.23492
0.627587 0.000696241 0.371717
0.527976 0.0521293 0.419895
0.572934 0.0838897 0.343177
0.630942 9.9991E-05 0.368958
0.52393 0.0659372 0.410133
0.49848 9.9991E-05 0.50142
0.520059 0.0441914 0.435749
0.563045 0.0155146 0.42144
0.447796 0.0918691 0.460335
0.51819 0.0387864 0.443023
0.585066 0.0979189 0.317015
0.522496 0.0608031 0.416701
0.609702 0.087805 0.302493
0.486358 0.00312284 0.510519
0.573275 0.078804 0.347921
0.533897 0.048358 0.417745
0.565843 0.0524274 0.381729
0.64644 0.0115834 0.341977
0.635515 0.0144625 0.350023
0.497026 0.0282233 0.474751
0.464481 0.139231 0.396288
0.551867 0.0689032 0.37923
0.551195 0.0749746 0.37383
0.570203 0.115451 0.314346
0.246902 0.0674844 0.685614
0.0143875 0.12068 0.864932
0.103878 0.0738003 0.822321
0.0217545 0.0388015 0.939444
0.0455357 9.9991E-05 0.954364
0.109672 0.0484972 0.841831
0.00111527 0.0392802 0.959605
0.053494 0.0134458 0.93306
0.109066 0.142917 0.748017
0.140101 0.0845458 0.775353
0.0976648 0.0744681 0.827867
0.0161121 0.0472616 0.936626
9.9991E-05 0.12412 0.87578
0.0277911 0.0492305 0.922978
0.0321181 0.0349794 0.932903
0.00153604 0.102403 0.896061
0.247027 0.0153979 0.737575
0.223986 0.0407681 0.735246
0.163383 0.12543 0.711187
0.21687 0.120172 0.662959
0.00961134 9.9991E-05 0.990289
0.176707 0.0912928 0.732
0.095638 9.9991E-05 0.904262
0.183177 0.051979 0.764844
0.0639774 0.0681246 0.867898
9.9991E-05 0.115462 0.884438
0.41497 0.0610166 0.524013
0.73636 0.0440435 0.219596
0.334624 0.0160999 0.649276
0.0952011 0.0296524 0.875147
0.196752 0.0185446 0.784703
0.173786 0.0208151 0.805399
9.9991E-05 0.0409752 0.958925
0.0467606 0.0288401 0.924399
0.109162 9.9991E-05 0.890738
0.258721 0.133053 0.608226
0.222054 0.0983851 0.679561
0.170563 0.0622707 0.767166
0.17897 0.138262 0.682768
0.239175 0.126577 0.634248
0.0742369 0.128996 0.796767
0.0462844 0.0765624 0.877153
0.0420365 0.0722625 0.885701
0.131413 0.0703071 0.79828
0.134417 0.0635149 0.802068
0.0475628 0.0384142 0.914023
9.999E-05 9.999E-05 0.9998
0.11871 0.09183 0.78946
0.0240398 0.0670035 0.908957
0.072959 0.119588 0.807453
0.12431 0.0465506 0.829139
0.100623 0.0637667 0.83561
0.0983942 0.119412 0.782194
9.9991E-05 0.0375702 0.96233
9.9991E-05 0.000175904 0.999724
9.999E-05 9.999E-05 0.9998
0.0859377 0.0657265 0.848336
0.146297 0.0639876 0.789716
0.104608 0.111504 0.783888
0.00131812 0.119387 0.879295
0.0812934 0.0475039 0.871203
0.0594872 0.0744727 0.86604
0.147707 0.126076 0.726217
0.267883 0.0241298 0.707987
0.335979 0.00235787 0.661664
0.29276 0.0144288 0.692811
0.310052 0.0505478 0.6394
0.3722 0.0282494 0.599551
0.389484 0.032489 0.578027
0.37338 0.0634125 0.563208
0.300226 0.092419 0.607355
0.343946 0.0427456 0.613308
0.33169 9.9991E-05 0.66821
0.343232 0.0243566 0.632412
0.883146 0.0300813 0.0867728
0.926779 0.0358856 0.0373355
0.928554 0.054897 0.0165494
0.939052 0.0608482 9.9991E-05
0.840594 0.0968675 0.0625383
0.87396 0.0434234 0.0826161
0.965416 0.0344843 9.9991E-05
0.944371 0.0212274 0.0344018
0.685323 0.131638 0.183039
0.982535 0.0145977 0.00286719
0.954471 0.0454293 9.9991E-05
0.948311 0.0515889 9.9991E-05
0.864378 0.0859361 0.0496858
0.702433 0.100269 0.197298
0.803189 0.113373 0.083438
0.817713 0.114582 0.0677048
0.937573 0.0339284 0.0284982
0.836092 0.0777669 0.0861407
0.887004 0.112896 9.9991E-05
0.918224 0.0261995 0.0555763
0.8077 0.11149 0.0808106
0.902938 0.0241677 0.0728948
0.898706 0.0187714 0.0825223
0.866976 0.0699094 0.0631144
0.83134 0.106755 0.0619051
0.829467 0.0700075 0.100526
0.878185 0.0965721 0.0252432
0.799816 0.107514 0.0926703
0.841041 0.0708369 0.0881223
0.949156 0.0131783 0.037666
0.990274 9.9991E-05 0.00962615
0.865092 0.115641 0.0192667
0.950287 0.0154326 0.0342808
0.94224 0.0256612 0.0320983
0.923282 0.0564263 0.0202922
0.605993 0.120906 0.273101
0.664668 0.0724591 0.262873
0.547474 0.181944 0.270582
0.655173 0.109503 0.235325
0.559998 0.118626 0.321376
0.678624 9.9991E-05 0.321276
0.700812 0.0675822 0.231606
0.63593 0.109908 0.254162
