0.991348 0.000876368 0.0077758
0.786862 0.0875851 0.125553
0.886252 0.038356 0.0753916
0.854878 0.0418283 0.103293
0.854176 0.048406 0.0974182
0.918413 9.9991E-05 0.0814875
0.979225 9.9991E-05 0.0206755
0.865293 0.0400951 0.0946122
0.852564 0.0204588 0.126978
0.890545 0.00911614 0.100339
0.841819 0.116445 0.0417359
0.805642 0.0859111 0.108447
0.879052 0.0921385 0.0288092
0.765055 9.9991E-05 0.234845
0.900015 0.0578869 0.0420981
0.926236 9.9991E-05 0.0736639
0.9998 9.999E-05 9.999E-05
0.9998 9.999E-05 9.999E-05
0.9998 9.999E-05 9.999E-05
0.980432 0.0194677 9.9991E-05
0.0345378 0.215209 0.750253
0.0949055 0.242434 0.66266
0.0620019 0.271057 0.666941
0.0122867 0.284286 0.703427
0.0335504 0.262255 0.704194
0.0569677 0.254033 0.688999
0.00182644 0.310751 0.687423
0.01557 0.230447 0.753983
0.0310397 0.295328 0.673632
0.0554098 0.308198 0.636392
9.9991E-05 0.260509 0.739391
9.9991E-05 0.231001 0.768899
0.082299 0.255964 0.661737
9.9991E-05 0.334009 0.665891
0.0803172 0.457379 0.462304
0.0963951 0.33038 0.573225
9.9991E-05 0.400356 0.599544
0.0327785 0.446581 0.520641
0.00429667 0.478977 0.516726
0.0595668 0.410126 0.530307
0.0408398 0.389474 0.569686
0.0982048 0.434207 0.467588
0.0281311 0.420678 0.551191
0.0944959 0.295149 0.610355
0.0167062 0.401426 0.581868
0.0544932 0.276318 0.669189
9.9991E-05 0.45056 0.54934
0.0789696 0.363003 0.558028
0.102271 0.328119 0.56961
0.0480126 0.376158 0.575829
0.0545199 0.366119 0.579361
0.0142976 0.386007 0.599696
0.0590043 0.425225 0.515771
0.152832 0.355712 0.491455
0.0580964 0.382503 0.559401
0.0575707 0.345663 0.596767
0.110537 0.336547 0.552916
0.053942 0.774182 0.171876
0.0850557 0.914844 9.9991E-05
0.056327 0.864447 0.0792263
0.0783658 0.887124 0.0345104
9.9991E-05 0.954615 0.045285
0.0522136 0.890028 0.0577586
0.0126461 0.987254 9.9991E-05
0.00952906 0.983317 0.0071538
0.155437 0.79373 0.0508337
0.0655301 0.770676 0.163794
0.0684688 0.930579 0.000952105
9.9991E-05 0.96947 0.0304296
0.0693818 0.914868 0.0157502
0.0461621 0.953738 9.9991E-05
9.9991E-05 0.945137 0.0547635
0.0265882 0.960349 0.0130626
0.0333933 0.77937 0.187237
9.9991E-05 0.734203 0.265697
0.0690761 0.748823 0.182101
0.1293 0.690013 0.180687
9.999E-05 0.9998 9.999E-05
0.0867867 0.665317 0.247896
9.9991E-05 0.93344 0.0664595
0.0240961 0.824304 0.1516
0.0856347 0.87835 0.0360149
0.0901484 0.905959 0.00389263
0.0314193 0.532837 0.435744
0.0267073 0.267435 0.705858
0.11643 0.599425 0.284146
0.038783 0.815278 0.145939
0.00117683 0.787758 0.211065
0.0793286 0.856409 0.0642629
0.0255383 0.974362 9.9991E-05
9.9991E-05 0.903064 0.0968356
9.9991E-05 0.931603 0.0682966
0.103427 0.699284 0.197288
0.091292 0.71482 0.193888
0.0922413 0.813565 0.0941933
0.099959 0.765954 0.134087
0.0515687 0.797728 0.150703
0.0829186 0.916234 0.000847587
0.0811218 0.886371 0.0325069
0.0312984 0.950525 0.0181768
0.0929597 0.833463 0.0735773
0.0208802 0.842149 0.136971
0.0680258 0.915793 0.0161812
0.0113897 0.98851 9.9991E-05
0.0947282 0.79332 0.111952
0.0545051 0.908442 0.0370525
0.0700178 0.832958 0.0970247
0.0364562 0.873187 0.0903569
0.0799512 0.880149 0.0398996
0.0761316 0.815829 0.108039
0.0236483 0.976252 9.9991E-05
0.0222692 0.977631 9.9991E-05
0.013761 0.986139 9.9991E-05
0.0955318 0.83988 0.0645878
0.02317 0.840803 0.136027
0.129117 0.817254 0.0536289
0.109012 0.890888 9.9991E-05
0.0548827 0.928656 0.0164616
0.0715857 0.866838 0.0615763
0.10634 0.751208 0.142452
0.0465342 0.686031 0.267435
9.9991E-05 0.653074 0.346826
0.00614819 0.720241 0.273611
0.0538522 0.633171 0.312977
0.0562699 0.60681 0.33692
0.0645118 0.565295 0.370193
0.0539006 0.538598 0.407501
0.0859396 0.636487 0.277574
0.0110228 0.629071 0.359906
0.0465861 0.628772 0.324642
0.00108122 0.633345 0.365574
0.0275974 0.0869731 0.885429
0.0354089 0.0173045 0.947287
0.0724304 0.00360012 0.92397
0.117601 9.9991E-05 0.882299
0.0606213 0.0406825 0.898696
0.0716721 0.060414 0.867914
0.0223501 0.01045 0.9672
0.0304536 9.9991E-05 0.969446
0.10677 0.180254 0.712976
0.0843991 0.0127768 0.902824
0.0550672 9.9991E-05 0.944833
0.103626 9.9991E-05 0.896274
0.054328 0.0904717 0.8552
0.0628443 0.221104 0.716051
0.112724 0.0109407 0.876335
0.127937 0.00989972 0.862163
0.0198877 9.9991E-05 0.980012
0.0723686 0.0733467 0.854285
0.0915384 9.9991E-05 0.908362
0.0500401 0.0390037 0.910956
0.151306 0.1224 0.726295
9.9991E-05 0.0593485 0.940551
0.0731265 0.0578819 0.868992
0.0666952 0.06255 0.870755
0.0612966 0.0156972 0.923006
0.0763238 0.0418996 0.881777
0.0885426 0.00234446 0.909113
0.105533 0.168946 0.725521
0.0973914 0.0338076 0.868801
0.0150833 0.0645911 0.920326
9.999E-05 9.999E-05 0.9998
0.102166 0.0818278 0.816006
0.0159918 0.0633591 0.920649
0.0311979 0.054836 0.913966
0.0932924 9.9991E-05 0.906608
0.0959391 0.267381 0.63668
0.101038 0.232804 0.666158
0.188312 0.307902 0.503786
0.104657 0.284842 0.610502
0.117716 0.254749 0.627534
0.00404693 0.333397 0.662556
0.0799786 0.269179 0.650842
0.13598 0.24779 0.616229
