0.00307407 9.9991E-05 0.996826
0.0273304 0.158891 0.813779
0.121631 0.0029549 0.875415
0.128523 0.0064071 0.86507
0.0749507 0.109459 0.815591
0.0567668 9.9991E-05 0.943133
0.021442 9.9991E-05 0.978458
0.0695605 0.0125848 0.917855
0.0741254 0.0797052 0.846169
0.116806 9.9991E-05 0.883094
0.142994 0.0676455 0.78936
0.0886558 0.0640102 0.847334
0.0437206 0.10157 0.854709
0.222938 0.0553304 0.721731
0.0582272 0.0465511 0.895222
0.0489087 9.9991E-05 0.950991
9.999E-05 9.999E-05 0.9998
9.999E-05 9.999E-05 0.9998
9.999E-05 9.999E-05 0.9998
9.9991E-05 0.0404139 0.959486
0.690865 0.211475 0.09766
0.598341 0.341307 0.0603517
0.651486 0.271133 0.0773812
0.688543 0.269681 0.0417754
0.693645 0.306255 9.9991E-05
0.651002 0.302572 0.0464268
0.686138 0.313762 9.9991E-05
0.749052 0.190708 0.0602403
0.680037 0.318767 0.00119594
0.613497 0.378561 0.00794234
0.709771 0.290129 9.9991E-05
0.70227 0.29763 9.9991E-05
0.703363 0.246609 0.0500275
0.623717 0.376183 9.999E-05
0.49551 0.500417 0.00407336
0.494816 0.383195 0.121989
0.586606 0.407953 0.00544041
0.591374 0.40827 0.00035649
0.576376 0.389747 0.0338765
0.559634 0.398753 0.0416126
0.63347 0.331814 0.0347164
0.520025 0.37088 0.109095
0.624255 0.310029 0.0657161
0.610073 0.272532 0.117395
0.63285 0.331374 0.0357758
0.65941 0.233153 0.107437
0.536008 0.431745 0.0322477
0.578818 0.306741 0.114441
0.571632 0.370144 0.0582239
0.571279 0.349229 0.0794918
0.620596 0.316476 0.0629279
0.636911 0.316601 0.0464884
0.563329 0.402392 0.0342787
0.477165 0.366716 0.156119
0.604756 0.321662 0.073582
0.557125 0.378211 0.0646635
0.565296 0.327503 0.107201
0.204793 0.722025 0.0731817
0.0119508 0.901477 0.0865719
0.131199 0.858842 0.00995882
0.0185206 0.893269 0.0882108
0.031064 0.968836 9.9991E-05
0.0586099 0.930249 0.0111415
0.0236334 0.947143 0.029224
0.0964929 0.88735 0.0161573
0.085589 0.777098 0.137313
0.139273 0.738892 0.121836
0.0655959 0.888699 0.0457048
0.0684414 0.931459 9.9991E-05
0.0167861 0.890285 0.0929285
0.00962171 0.943635 0.0467433
0.0445583 0.912714 0.0427277
0.0481597 0.910176 0.041664
0.222614 0.739914 0.0374716
0.243124 0.756776 9.9991E-05
0.158689 0.719448 0.121864
0.200172 0.698709 0.101119
0.0247018 0.975198 9.9991E-05
0.19606 0.698399 0.10554
0.121746 0.878154 9.9991E-05
0.153618 0.769311 0.0770711
0.108524 0.847723 0.0437535
9.9991E-05 0.904997 0.094903
0.379153 0.585117 0.0357299
0.74771 0.184905 0.0673853
0.327897 0.586263 0.0858407
0.163272 0.79805 0.0386784
0.23752 0.716376 0.0461044
0.13062 0.850636 0.018744
9.9991E-05 0.955566 0.0443336
0.0897778 0.870601 0.0396211
0.103034 0.891692 0.00527425
0.197131 0.673323 0.129545
0.200775 0.693361 0.105864
0.131599 0.762837 0.105564
0.164726 0.702205 0.133068
0.213471 0.706963 0.0795663
0.0881878 0.822292 0.0895198
0.0461313 0.90146 0.052409
0.0506212 0.918127 0.0312521
0.119404 0.819404 0.0611912
0.137788 0.836585 0.025627
0.0548933 0.931617 0.0134897
9.999E-05 0.9998 9.999E-05
0.0890449 0.810366 0.100589
0.0245931 0.953196 0.0222112
0.111517 0.805425 0.0830575
0.0860123 0.856316 0.057672
0.109605 0.825079 0.0653154
0.116996 0.802042 0.0809621
9.9991E-05 0.992583 0.00731661
9.999E-05 0.9998 9.999E-05
9.999E-05 0.9998 9.999E-05
0.120894 0.770696 0.10841
0.125742 0.770032 0.104226
0.0791217 0.818343 0.102536
0.0384546 0.872481 0.089064
0.0590374 0.929367 0.0115953
0.0532119 0.870879 0.0759087
0.114394 0.751726 0.133879
0.25661 0.713121 0.0302691
0.316559 0.683341 9.9991E-05
0.301372 0.698528 9.9991E-05
0.287579 0.664802 0.0476192
0.323721 0.620691 0.0555883
0.386689 0.592597 0.0207132
0.402818 0.561741 0.0354408
0.268796 0.637 0.0942044
0.364174 0.621905 0.0139212
0.33066 0.662061 0.00727904
0.323658 0.668502 0.00783971
0.853931 0.0879057 0.0581633
0.95933 0.0258059 0.0148641
0.885209 0.0515688 0.0632221
0.895428 9.9991E-05 0.104472
0.886799 0.0469683 0.0662323
0.868726 0.0681062 0.0631673
0.99431 0.00558957 9.9991E-05
0.911854 0.0816018 0.0065442
0.75489 0.159882 0.0852276
0.93076 0.0215576 0.0476826
0.968739 9.9991E-05 0.031161
0.947012 9.9991E-05 0.0528885
0.843143 0.0923341 0.0645234
0.744888 0.197743 0.0573695
0.777768 0.103194 0.119038
0.86157 0.0306186 0.107811
0.947513 0.030345 0.0221416
0.864349 0.0615316 0.0741195
0.931541 9.9991E-05 0.068359
0.89242 0.100713 0.00686672
0.807904 0.0930748 0.0990212
0.931852 0.0653124 0.00283602
0.882649 0.0711994 0.0461519
0.85274 0.0843634 0.0628969
0.838928 0.049313 0.111759
0.858403 0.0890267 0.0525701
0.950555 9.9991E-05 0.0493449
0.796188 0.105216 0.0985961
0.867481 0.0632229 0.0692959
0.987371 0.000389696 0.0122391
0.991435 0.00846498 9.9991E-05
0.839313 0.0164706 0.144216
0.906817 0.0603675 0.0328155
0.854845 0.110901 0.034254
0.943252 0.0202532 0.0364951
0.718577 0.167425 0.113998
0.597081 0.290248 0.112672
0.603129 0.24037 0.156501
0.630637 0.268841 0.100523
0.572815 0.247515 0.17967
0.698191 0.286354 0.0154552
0.693918 0.254502 0.05158
0.58642 0.219005 0.194575
