9.993E-05 9.993E-05 9.993E-05 9.993E-05 9.993E-05 9.993E-05 9.993E-05 9.993E-05 0.999201
9.9982E-05 0.00840122 0.036076 0.0273361 0.106026 9.9982E-05 0.716971 0.0709735 0.0340167
0.000774378 9.9973E-05 9.9973E-05 0.0412514 0.0410162 0.0651996 0.797283 9.9973E-05 0.0541751
9.9973E-05 9.9973E-05 9.9973E-05 0.00727299 0.0245689 0.0763126 0.818767 0.0498591 0.0229197
0.0016878 0.00569161 0.00998349 0.0694054 9.9991E-05 0.00233401 0.787472 0.0587877 0.064538
0.00765356 9.9955E-05 0.0536506 9.9955E-05 9.9955E-05 9.9955E-05 0.904895 0.0333012 9.9955E-05
9.993E-05 9.993E-05 9.993E-05 9.993E-05 9.993E-05 9.993E-05 9.993E-05 9.993E-05 0.999201
0.012142 0.0114387 0.0451984 0.0126762 9.9991E-05 0.0188881 0.847257 0.0168856 0.0354136
0.00895002 9.9982E-05 0.0086754 0.0069256 9.9982E-05 0.0205199 0.779089 0.0998846 0.0757558
0.0178706 9.9964E-05 9.9964E-05 9.9964E-05 0.0391612 0.105168 0.823301 9.9964E-05 0.0141001
9.9955E-05 9.9955E-05 9.9955E-05 9.9955E-05 0.262339 0.006396 0.702771 0.027994 9.9955E-05
0.0119097 9.9973E-05 9.9973E-05 9.9973E-05 0.175061 0.0903139 0.605748 0.0125868 0.104081
9.9973E-05 0.0048569 0.0702822 9.9973E-05 0.0463314 0.0528736 0.796029 9.9973E-05 0.0293271
9.9964E-05 9.9964E-05 9.9964E-05 9.9964E-05 0.15753 0.0649906 0.699775 0.0546736 0.0226304
9.9964E-05 9.9964E-05 9.9964E-05 9.9964E-05 0.0907705 0.046989 0.838028 0.0159132 0.00789933
0.00371495 9.9964E-05 0.023971 9.9964E-05 9.9964E-05 9.9964E-05 0.921719 0.0388362 0.0113594
0.0019221 9.9955E-05 0.0215836 9.9955E-05 9.9955E-05 9.9955E-05 0.935537 9.9955E-05 0.0404577
9.9946E-05 0.00475403 9.9946E-05 9.9946E-05 9.9946E-05 9.9946E-05 0.954102 9.9946E-05 0.0405447
9.9964E-05 0.0252573 0.00641388 0.000252846 9.9964E-05 9.9964E-05 0.884758 9.9964E-05 0.0829186
0.0197767 9.99556E-05 0.0218945 9.99556E-05 0.0246399 9.99556E-05 0.933189 9.99556E-05 9.99556E-05
9.993E-05 9.993E-05 9.993E-05 9.993E-05 9.993E-05 0.999201 9.993E-05 9.993E-05 9.993E-05
9.9973E-05 0.0424521 0.00543912 9.9973E-05 0.28009 0.626084 9.9973E-05 0.0398879 0.00574748
0.0307318 0.076987 9.9991E-05 0.0996802 0.00279645 0.66884 0.0568003 0.0489687 0.0150953
0.0151564 0.155639 0.0302998 9.9973E-05 0.0265091 0.764615 0.0074809 9.9973E-05 9.9973E-05
0.0234492 9.9964E-05 9.9964E-05 0.0667127 9.9964E-05 0.853828 0.048789 0.00682109 9.9964E-05
0.0301286 0.00932857 0.012653 0.0438776 9.9973E-05 0.845634 9.9973E-05 9.9973E-05 0.0580784
9.9955E-05 0.131401 9.9955E-05 0.150609 9.9955E-05 0.688403 9.9955E-05 9.9955E-05 0.0290876
9.993E-05 9.993E-05 9.993E-05 9.993E-05 9.993E-05 0.999201 9.993E-05 9.993E-05 9.993E-05
0.0397727 9.9982E-05 9.9982E-05 0.129151 0.0214118 0.706338 0.00599681 0.0862998 0.0108295
0.045306 0.12946 0.00685882 0.127351 9.9982E-05 0.611287 0.0470908 0.0324466 9.9982E-05
9.9955E-05 9.9955E-05 9.9955E-05 0.0730646 0.106331 0.728246 9.9955E-05 0.0918583 9.9955E-05
0.0232209 0.133311 0.0288612 0.0510144 9.9982E-05 0.694072 9.9982E-05 0.0410967 0.0282245
0.01313 0.085421 9.9973E-05 0.059219 9.9973E-05 0.716827 9.9973E-05 0.0558724 0.0692306
0.0219144 9.9973E-05 0.0653443 0.026938 0.165738 0.619702 9.9973E-05 0.100064 9.9973E-05
0.0347454 0.0563528 9.9982E-05 0.0843333 0.181394 0.589545 0.0254952 0.0279341 9.9982E-05
9.9964E-05 9.9964E-05 0.0224326 9.9964E-05 0.448992 0.402305 9.9964E-05 0.123325 0.00254546
0.0272496 0.161218 0.0220877 0.109002 0.0484383 0.602964 0.0288406 9.9982E-05 9.9982E-05
9.9982E-05 0.759732 0.0805004 0.0287322 0.0659049 0.0282772 0.0334534 0.00319965 9.9982E-05
9.9973E-05 0.656477 0.0488869 0.0266163 0.223488 9.9973E-05 9.9973E-05 0.000258942 0.0439725
0.0147281 0.738019 0.0769695 0.0589005 9.9982E-05 0.0107723 0.0642413 0.0361697 9.9982E-05
0.00912311 0.763488 0.044554 0.0777519 0.000189773 9.9982E-05 9.9982E-05 0.0324085 0.0722851
0.0212998 0.731745 0.059793 9.9982E-05 0.121284 0.0273076 0.0038874 9.9982E-05 0.0344835
0.0222682 0.840179 0.0175745 0.0876046 9.9964E-05 9.9964E-05 9.9964E-05 9.9964E-05 0.031974
0.00523511 0.62708 0.0583163 9.9982E-05 0.102391 9.9982E-05 0.0283768 0.128615 0.0497867
0.0210505 0.72729 0.077688 0.0281986 0.0663573 0.039022 9.9991E-05 0.0114299 0.0288639
0.0271092 0.72678 9.9973E-05 0.0694121 9.9973E-05 0.0244402 0.0905669 0.0613915 9.9973E-05
0.0248137 0.819802 0.0842627 0.0538858 9.9964E-05 9.9964E-05 0.0168356 9.9964E-05 9.9964E-05
0.0165147 0.8093 0.031677 0.053382 0.0425936 9.9982E-05 0.0105962 9.9982E-05 0.0357363
0.00253101 0.862634 0.0547909 9.9973E-05 9.9973E-05 0.0201357 0.0162853 9.9973E-05 0.0433229
0.00774918 0.693542 0.0589171 9.9973E-05 0.0750257 9.9973E-05 0.0380166 0.12645 9.9973E-05
9.9973E-05 0.767658 0.0534354 0.00926705 0.102744 0.0148165 9.9973E-05 9.9973E-05 0.0517796
9.9955E-05 0.872287 0.0733533 9.9955E-05 9.9955E-05 0.00370832 9.9955E-05 9.9955E-05 0.0501517
0.0677835 0.834154 0.0646953 9.9955E-05 9.9955E-05 9.9955E-05 0.0328672 9.9955E-05 9.9955E-05
9.9964E-05 0.729986 0.031774 9.9964E-05 0.145119 9.9964E-05 0.0827713 9.9964E-05 0.00994968
0.0486933 0.750539 0.0643917 0.0499735 9.9982E-05 9.9982E-05 0.0570638 0.00306857 0.02607
9.9982E-05 0.688905 0.0495009 0.0582996 0.0784829 0.0284163 0.0357969 0.0603985 9.9982E-05
0.0532338 0.7409 9.9982E-05 0.0166779 9.9982E-05 0.0750056 0.103225 0.00518104 0.00557722
9.9982E-05 0.114338 0.058641 0.294139 0.439601 0.0157547 0.0398429 0.0374838 9.9982E-05
0.0152534 9.9946E-05 9.9946E-05 0.91259 9.9946E-05 9.9946E-05 0.0715569 9.9946E-05 9.9946E-05
0.0547329 0.0115228 0.0587293 0.313477 0.497548 0.0157266 9.9991E-05 0.0342268 0.0139365
0.0257672 0.0398257 0.0491744 0.398422 0.463211 9.9973E-05 9.9973E-05 9.9973E-05 0.0232994
0.0245875 9.9964E-05 0.0693887 0.685663 0.207513 0.0124478 9.9964E-05 9.9964E-05 9.9964E-05
0.0277145 0.0738323 0.116998 0.547245 0.16767 0.00864883 0.0576908 9.9982E-05 9.9982E-05
9.9946E-05 9.9946E-05 0.973424 9.9946E-05 9.9946E-05 0.00742239 9.9946E-05 9.9946E-05 0.018554
0.0512248 9.9955E-05 0.000830657 0.913864 9.9955E-05 9.9955E-05 9.9955E-05 9.9955E-05 0.0335807
9.9973E-05 9.9973E-05 0.0886409 0.306484 0.457969 9.9973E-05 0.0812414 0.0579782 0.00738664
0.0459304 9.9973E-05 0.159832 0.535055 9.9973E-05 0.150476 0.0820715 0.0263353 9.9973E-05
0.0950773 0.0300375 0.114794 0.591743 0.0993591 0.0328212 0.0178002 9.9991E-05 0.018268
0.0815377 9.9973E-05 0.152988 0.543811 0.103223 0.0731205 0.0450209 9.9973E-05 9.9973E-05
0.0758306 9.9991E-05 0.136207 0.49023 0.152068 0.0652169 0.0323991 0.0374467 0.0105023
0.0478025 9.9973E-05 0.0910752 0.68253 0.101481 9.9973E-05 0.0233222 9.9973E-05 0.0534893
0.0393785 0.0319903 0.162986 0.596966 0.114776 9.9973E-05 9.9973E-05 9.9973E-05 0.0536027
0.0447764 9.9982E-05 0.0826974 0.595092 0.18824 0.0659534 0.0223483 9.9982E-05 0.000692561
0.0179267 9.9982E-05 0.0374638 0.467056 0.36668 0.0519659 9.9982E-05 0.037882 0.0208257
0.0209208 0.227638 0.153178 0.427243 0.0550576 0.0718679 9.9982E-05 9.9982E-05 0.0438941
0.025098 0.227032 0.0723294 0.520481 0.0321727 9.9973E-05 0.122586 9.9973E-05 9.9973E-05
0.0116802 0.408753 0.028624 0.295316 0.18063 9.9973E-05 0.0746968 9.9973E-05 9.9973E-05
0.00863271 9.9955E-05 0.936273 0.0326579 9.9955E-05 9.9955E-05 9.9955E-05 9.9955E-05 0.0219368
0.0918806 0.191492 0.153109 0.254303 0.159804 0.0698762 0.0793363 9.9982E-05 9.9982E-05
0.043416 0.0885621 0.162567 0.473363 0.231692 9.9964E-05 9.9964E-05 9.9964E-05 9.9964E-05
0.0552693 0.0900551 0.109482 0.621137 9.9982E-05 0.0600836 0.055612 9.9982E-05 0.00816024
0.0593356 9.9973E-05 0.0968175 0.473797 0.257161 0.0497693 9.9973E-05 9.9973E-05 0.0628201
0.0661979 0.0372521 0.113459 0.512046 0.165549 9.9982E-05 0.105012 9.9982E-05 0.000282863
0.0457149 0.22347 0.0672863 0.0986184 0.352778 0.0555439 0.0140149 0.142474 9.9991E-05
9.9964E-05 0.186617 0.0327437 9.9964E-05 0.216351 9.9964E-05 0.023954 0.539934 9.9964E-05
0.0243361 0.104965 0.0108814 0.479805 0.152075 0.058813 9.9991E-05 0.126541 0.0424828
0.0472759 0.0727972 0.110857 0.650538 9.9973E-05 9.9973E-05 0.0683282 0.0499038 9.9973E-05
0.0150021 0.0580823 0.0967832 0.604087 0.023273 9.9991E-05 0.00807087 0.153184 0.0414177
0.0950807 0.0327814 0.0090469 0.68405 0.0530417 9.9982E-05 0.0703821 0.0554176 9.9982E-05
0.18786 9.99369E-05 9.99369E-05 9.99369E-05 0.811441 9.99369E-05 9.99369E-05 9.99369E-05 9.99369E-05
0.0333595 0.0942806 0.2014 0.415085 0.202731 0.0314629 0.0214809 9.9982E-05 9.9982E-05
0.0477027 0.0393585 0.14377 0.63666 0.0541098 0.00827222 9.9991E-05 0.0345903 0.0354362
9.9973E-05 9.9973E-05 9.9973E-05 0.0745897 0.828289 0.0271365 0.0445944 0.0124518 0.0126387
0.00151203 9.9973E-05 0.0709103 0.0536135 0.74803 0.102198 9.9973E-05 9.9973E-05 0.0234359
9.9973E-05 9.9973E-05 0.0665309 0.226789 0.626621 0.0159098 9.9973E-05 0.0307167 0.0331328
9.9982E-05 9.9982E-05 0.053449 0.262478 0.585455 0.0304902 0.0243369 0.00718116 0.03641
0.00432495 0.00819945 0.144468 0.282496 0.419327 9.9991E-05 0.031279 0.0934155 0.0163894
0.0214344 0.102544 0.122687 0.511971 0.190953 9.9982E-05 0.0367413 9.9982E-05 0.0134701
0.0218736 9.9982E-05 0.147762 0.653788 0.103374 0.0480551 0.00370174 9.9982E-05 0.0212454
0.0542511 0.0443635 0.112155 0.444639 0.290222 9.9973E-05 0.0540702 9.9973E-05 9.9973E-05
0.0306336 9.9973E-05 0.0234872 0.466707 0.390626 0.0713446 9.9973E-05 9.9973E-05 0.0169016
0.101895 9.9982E-05 0.155064 0.450014 0.197348 9.9982E-05 0.0190532 0.074559 0.00186626
0.0223484 9.9982E-05 0.0543721 0.682678 0.178392 9.9982E-05 0.0285629 0.0225298 0.0109168
0.999201 9.993E-05 9.993E-05 9.993E-05 9.993E-05 9.993E-05 9.993E-05 9.993E-05 9.993E-05
0.034 0.0399216 0.0901477 0.326202 0.425457 0.0110951 0.0186667 0.0262762 0.0282336
0.038059 0.0118345 0.140188 0.423911 0.351975 9.9982E-05 0.0275511 9.9982E-05 0.00628192
0.0513526 9.9973E-05 0.0783855 0.386096 0.346602 9.9973E-05 0.0707929 0.0664713 9.9973E-05
0.0316069 0.12668 0.0644218 0.599471 0.120179 9.9982E-05 0.0550931 0.00234824 9.9982E-05
9.9973E-05 0.00327699 0.129333 0.49337 0.331573 9.9973E-05 0.0306446 9.9973E-05 0.0115027
0.0218183 0.034651 0.0487891 0.469657 0.259653 0.0721488 0.0930824 9.9982E-05 9.9982E-05
9.993E-05 9.993E-05 0.999201 9.993E-05 9.993E-05 9.993E-05 9.993E-05 9.993E-05 9.993E-05
0.999201 9.993E-05 9.993E-05 9.993E-05 9.993E-05 9.993E-05 9.993E-05 9.993E-05 9.993E-05
9.993E-05 9.993E-05 0.999201 9.993E-05 9.993E-05 9.993E-05 9.993E-05 9.993E-05 9.993E-05
0.0368428 9.9964E-05 0.036399 0.142001 0.775672 9.9964E-05 9.9964E-05 9.9964E-05 0.00868497
0.0337573 0.0411663 0.122895 0.110326 0.631031 0.057217 9.9991E-05 0.000941156 0.00256721
0.0455331 0.00218561 0.0368327 0.405281 0.421691 0.0498928 0.038383 9.9982E-05 9.9982E-05
0.0314338 9.9973E-05 0.146057 0.471658 0.285122 9.9973E-05 0.0538467 9.9973E-05 0.0115823
0.0767407 0.0117757 0.104633 0.691025 9.9982E-05 0.0505145 0.0519445 9.9982E-05 0.0131674
0.0904117 9.99369E-05 9.99369E-05 9.99369E-05 0.908889 9.99369E-05 9.99369E-05 9.99369E-05 9.99369E-05
0.0293191 0.0755254 0.0313628 0.330482 0.425119 9.9991E-05 0.0595048 0.0227763 0.0258105
0.0402073 9.9973E-05 9.9973E-05 0.628689 0.0452309 0.133097 9.9973E-05 0.109269 0.0432065
0.0668104 9.9982E-05 0.0791853 0.55976 0.00384468 0.0468009 9.9982E-05 0.21595 0.0274482
0.0769828 9.9982E-05 0.0527004 0.499281 0.0200514 0.214534 9.9982E-05 0.0931387 0.0431117
0.00853419 9.9973E-05 9.9973E-05 0.562414 0.213253 0.126036 9.9973E-05 0.0597699 0.0296934
0.0682882 0.00618487 0.0615292 0.501125 9.9982E-05 0.176562 9.9982E-05 0.13747 0.0486409
0.0475456 9.9955E-05 9.9955E-05 0.581558 9.9955E-05 0.182046 9.9955E-05 0.18835 9.9955E-05
0.0436629 0.0264634 9.9982E-05 0.532056 9.9982E-05 0.162558 0.0145216 0.187178 0.0333601
0.0609983 9.9973E-05 9.9973E-05 0.558666 9.9973E-05 0.208915 0.0294794 0.0649268 0.0767141
0.0595254 0.0662746 9.9973E-05 0.529174 9.9973E-05 0.163562 9.9973E-05 0.133203 0.0479612
0.0638635 0.111432 0.00896293 0.505664 0.0612186 0.147921 0.00653115 0.0943077 9.9991E-05
0.0513958 0.0132638 0.00837462 0.563492 9.9982E-05 0.198947 9.9982E-05 0.108382 0.0559456
0.0300536 0.0353784 0.0586109 0.00617626 9.9991E-05 0.065706 0.0324873 0.765401 0.00608677
0.0625527 0.0683824 9.9973E-05 0.0620128 9.9973E-05 0.0101847 9.9973E-05 0.744236 0.0523315
0.0185663 0.116284 0.0250287 0.069664 9.9982E-05 0.0402563 9.9982E-05 0.68426 0.0457408
9.9964E-05 0.10098 9.9964E-05 0.014268 9.9964E-05 0.0276875 0.108994 0.747671 9.9964E-05
9.9973E-05 0.110726 0.0454733 9.9973E-05 0.10253 0.0187894 9.9973E-05 0.631579 0.0906026
0.0288943 9.9982E-05 9.9982E-05 0.0974291 0.0420356 0.00555628 0.0477813 0.75706 0.0210432
0.0899663 0.0906371 9.9973E-05 9.9973E-05 0.0109253 0.0321417 0.0342178 0.741812 9.9973E-05
0.0563382 9.9973E-05 0.000518262 0.0667156 9.9973E-05 0.0801586 9.9973E-05 0.754016 0.0419532
0.00397066 0.105968 0.0447636 9.9982E-05 0.257103 0.00746431 9.9982E-05 0.50697 0.0735599
0.0299323 0.271569 9.9973E-05 0.02412 9.9973E-05 0.00417552 9.9973E-05 0.637463 0.0324405
0.0235111 0.061643 0.0607279 9.9982E-05 9.9982E-05 0.0400797 0.00633338 0.781913 0.0255918
0.000518054 0.158625 0.0013502 9.9973E-05 9.9973E-05 0.0294604 0.109238 0.700508 9.9973E-05
9.9982E-05 0.110509 0.0108144 0.0117238 0.168778 0.0774698 9.9982E-05 0.592719 0.0277864
9.9964E-05 0.113534 9.9964E-05 0.0794708 0.251894 9.9964E-05 9.9964E-05 0.53323 0.0214717
0.0234587 9.9973E-05 9.9973E-05 0.0202945 0.148993 0.0447171 9.9973E-05 0.688141 0.0740953
9.9955E-05 9.9955E-05 9.9955E-05 9.9955E-05 0.233239 9.9955E-05 0.0130933 0.681532 0.0716358
0.0125742 0.00742058 0.035465 0.0751227 0.0124967 9.9982E-05 9.9982E-05 0.82686 0.0298606
0.0112777 9.9973E-05 9.9973E-05 0.145719 0.00349373 9.9973E-05 0.0187108 0.766458 0.0540406
0.0154932 0.0281724 0.0167112 9.9982E-05 9.9982E-05 0.0162103 0.0408819 0.830846 0.0514848
9.9964E-05 0.0128981 9.9964E-05 9.9964E-05 0.244102 0.00644231 9.9964E-05 0.693458 0.042699
0.00241315 9.9982E-05 0.0602895 9.9982E-05 0.255761 0.0340522 0.0304497 0.614581 0.00225328
0.0397631 0.06558 0.0113711 0.120771 9.9982E-05 0.0345538 9.9982E-05 0.722433 0.00532807
0.0131836 9.9964E-05 9.9964E-05 9.9964E-05 0.294476 0.00120307 0.0126399 0.678098 9.9964E-05
9.9964E-05 9.9964E-05 0.0080894 9.9964E-05 0.203775 9.9964E-05 0.0407979 0.745357 0.0015803
0.0204971 9.9964E-05 9.9964E-05 9.9964E-05 0.274794 0.0449622 0.039609 0.619738 9.9964E-05
9.9973E-05 9.9973E-05 9.9973E-05 0.015222 0.238424 0.0666119 0.0222685 0.632946 0.0242277
9.9973E-05 0.0428942 0.0647904 9.9973E-05 0.0799307 0.0545312 0.0487445 0.708809 9.9973E-05
9.9964E-05 0.0895494 0.00375999 9.9964E-05 0.218015 9.9964E-05 0.0997548 0.588521 9.9964E-05
9.9982E-05 0.0333617 9.9982E-05 0.00835588 0.240781 0.0163597 0.0463178 0.6273 0.0273241
0.0550711 0.0117808 0.064494 9.9973E-05 0.0624419 0.0285144 9.9973E-05 0.777398 9.9973E-05
0.0327816 0.132207 0.0269335 0.0503611 9.9973E-05 9.9973E-05 9.9973E-05 0.756712 0.00070456
0.0168107 0.129034 9.9991E-05 0.0122491 0.129791 0.000207208 0.0375565 0.631227 0.0430235
9.9973E-05 0.109499 9.9973E-05 0.0979315 0.0273377 0.0387567 9.9973E-05 0.697164 0.0290108
0.0632023 9.9973E-05 0.0207053 9.9973E-05 0.0652512 0.0434472 9.9973E-05 0.768425 0.0386695
9.9973E-05 9.9973E-05 0.0124194 9.9973E-05 0.12679 0.0385437 0.00514001 0.790779 0.0260285
9.9973E-05 0.592432 9.9973E-05 9.9973E-05 0.216663 0.0525687 0.00181801 0.103043 0.0331756
9.9964E-05 0.455996 9.9964E-05 9.9964E-05 0.409685 0.0158787 9.9964E-05 0.104152 0.0138886
9.9973E-05 0.501117 9.9973E-05 9.9973E-05 0.391711 0.0422747 0.040582 0.00245948 0.021556
9.9964E-05 0.448697 9.9964E-05 9.9964E-05 0.316161 0.00439299 0.0706038 0.159746 9.9964E-05
9.9964E-05 0.529226 9.9964E-05 9.9964E-05 0.291104 0.0575209 0.0800666 0.0416831 9.9964E-05
0.0309841 0.731 0.0466091 9.9977E-05 9.9977E-05 0.112254 9.9977E-05 0.0583065 0.0205458
9.9946E-05 0.725842 9.9946E-05 9.9946E-05 0.259887 9.9946E-05 9.9946E-05 0.0136712 9.9946E-05
9.9955E-05 0.594074 9.9955E-05 9.9955E-05 0.139528 0.177727 0.0881716 9.9955E-05 9.9955E-05
