9.99461E-05 9.99461E-05 9.99461E-05 9.99461E-05 9.99461E-05 9.99461E-05 0.284461 0.664612 0.0503272
0.135275 9.9946E-05 9.9946E-05 9.9946E-05 0.0271572 9.9946E-05 9.9946E-05 0.836969 9.9946E-05
9.9964E-05 9.9964E-05 9.9964E-05 9.9964E-05 0.0529456 0.00127296 0.529211 0.394597 0.0215739
0.911348 9.99371E-05 9.99371E-05 9.99371E-05 0.0879529 9.99371E-05 9.99371E-05 9.99371E-05 9.99371E-05
0.0213689 9.9946E-05 9.9946E-05 9.9946E-05 9.9946E-05 0.905991 0.07204 9.9946E-05 9.9946E-05
9.99461E-05 9.99461E-05 9.99461E-05 9.99461E-05 0.977464 9.99461E-05 0.0161782 0.00575776 9.99461E-05
0.20463 9.9964E-05 0.645214 9.9964E-05 0.016213 9.9964E-05 0.035416 9.9964E-05 0.0981269
0.0893326 9.9955E-05 0.0108692 9.9955E-05 9.9955E-05 9.9955E-05 0.0478927 0.851406 9.9955E-05
9.99372E-05 9.99372E-05 9.99372E-05 9.99372E-05 0.624959 9.99372E-05 9.99372E-05 9.99372E-05 0.374341
9.9937E-05 9.9937E-05 0.370553 9.9937E-05 9.9937E-05 0.628748 9.9937E-05 9.9937E-05 9.9937E-05
9.993E-05 9.993E-05 0.999201 9.993E-05 9.993E-05 9.993E-05 9.993E-05 9.993E-05 9.993E-05
9.9937E-05 9.9937E-05 9.9937E-05 0.189437 9.9937E-05 9.9937E-05 9.9937E-05 0.809863 9.9937E-05
9.99551E-05 0.745717 9.99551E-05 9.99551E-05 0.0276977 9.99551E-05 0.199307 0.0267787 9.99551E-05
0.224793 9.99551E-05 0.209967 9.99551E-05 9.99551E-05 0.0420744 0.522666 9.99551E-05 9.99551E-05
9.993E-05 9.993E-05 9.993E-05 9.993E-05 9.993E-05 0.999201 9.993E-05 9.993E-05 9.993E-05
9.99461E-05 9.99461E-05 9.99461E-05 0.0106127 9.99461E-05 9.99461E-05 0.0969703 9.99461E-05 0.891817
0.216233 9.9946E-05 9.9946E-05 0.293619 9.9946E-05 9.9946E-05 9.9946E-05 0.489548 9.9946E-05
9.99549E-05 9.99549E-05 0.328599 9.99549E-05 0.209866 0.0963512 9.99549E-05 9.99549E-05 0.364684
9.99371E-05 9.99371E-05 9.99371E-05 9.99371E-05 0.938768 9.99371E-05 9.99371E-05 0.0605322 9.99371E-05
0.030369 9.99372E-05 9.99372E-05 9.99372E-05 9.99372E-05 9.99372E-05 9.99372E-05 9.99372E-05 0.968931
9.99461E-05 0.0542361 9.99461E-05 0.205327 9.99461E-05 9.99461E-05 9.99461E-05 9.99461E-05 0.739837
9.99371E-05 9.99371E-05 9.99371E-05 0.694555 9.99371E-05 9.99371E-05 9.99371E-05 9.99371E-05 0.304746
9.9973E-05 0.22794 0.00669813 9.9973E-05 0.0843146 0.034641 0.0304475 9.9973E-05 0.615658
0.752289 9.99461E-05 0.104088 9.99461E-05 9.99461E-05 9.99461E-05 9.99461E-05 9.99461E-05 0.143024
9.993E-05 9.993E-05 9.993E-05 0.147922 9.993E-05 9.993E-05 0.851379 9.993E-05 9.993E-05
9.99371E-05 9.99371E-05 9.99371E-05 9.99371E-05 9.99371E-05 0.759724 9.99371E-05 9.99371E-05 0.239576
0.995741 9.99371E-05 9.99371E-05 9.99371E-05 9.99371E-05 9.99371E-05 0.00355974 9.99371E-05 9.99371E-05
9.9946E-05 0.284357 9.9946E-05 0.652553 9.9946E-05 9.9946E-05 0.0624899 9.9946E-05 9.9946E-05
9.99463E-05 0.00596875 9.99463E-05 9.99463E-05 9.99463E-05 9.99463E-05 9.99463E-05 0.946993 0.0464385
9.99372E-05 9.99372E-05 9.99372E-05 0.978617 9.99372E-05 9.99372E-05 9.99372E-05 0.020683 9.99372E-05
9.9946E-05 9.9946E-05 0.532525 9.9946E-05 9.9946E-05 9.9946E-05 0.445081 0.0217948 9.9946E-05
9.993E-05 9.993E-05 9.993E-05 9.993E-05 9.993E-05 9.993E-05 0.999201 9.993E-05 9.993E-05
9.9946E-05 0.267307 0.651097 9.9946E-05 9.9946E-05 9.9946E-05 0.080996 9.9946E-05 9.9946E-05
9.99461E-05 0.00612988 9.99461E-05 9.99461E-05 0.952173 0.0410975 9.99461E-05 9.99461E-05 9.99461E-05
0.681741 9.9946E-05 9.9946E-05 0.225327 9.9946E-05 9.9946E-05 9.9946E-05 0.0923329 9.9946E-05
9.99371E-05 9.99371E-05 9.99371E-05 9.99371E-05 0.118881 9.99371E-05 9.99371E-05 9.99371E-05 0.880419
9.99461E-05 9.99461E-05 9.99461E-05 0.282124 0.54027 9.99461E-05 9.99461E-05 9.99461E-05 0.177007
9.9955E-05 9.9955E-05 0.0441958 0.432126 0.497984 9.9955E-05 9.9955E-05 9.9955E-05 0.0251943
9.99461E-05 9.99461E-05 0.851079 9.99461E-05 0.0494824 9.99461E-05 9.99461E-05 0.0988392 9.99461E-05
0.00199955 9.99461E-05 9.99461E-05 0.848083 0.149318 9.99461E-05 9.99461E-05 9.99461E-05 9.99461E-05
9.9946E-05 9.9946E-05 9.9946E-05 0.484071 0.442459 9.9946E-05 9.9946E-05 0.0728703 9.9946E-05
9.9937E-05 9.9937E-05 9.9937E-05 0.367393 9.9937E-05 9.9937E-05 9.9937E-05 0.631907 9.9937E-05
0.00618843 0.00972982 9.99552E-05 9.99552E-05 9.99552E-05 0.254727 9.99552E-05 9.99552E-05 0.728855
9.993E-05 9.993E-05 9.993E-05 9.993E-05 9.993E-05 9.993E-05 0.999201 9.993E-05 9.993E-05
9.993E-05 0.999201 9.993E-05 9.993E-05 9.993E-05 9.993E-05 9.993E-05 9.993E-05 9.993E-05
0.192894 9.99551E-05 9.99551E-05 0.0388279 9.99551E-05 9.99551E-05 9.99551E-05 0.716701 0.0510772
9.99372E-05 9.99372E-05 9.99372E-05 9.99372E-05 0.218256 9.99372E-05 9.99372E-05 9.99372E-05 0.781045
9.99552E-05 0.0300271 9.99552E-05 0.085524 0.758183 9.99552E-05 9.99552E-05 9.99552E-05 0.125767
9.993E-05 0.999201 9.993E-05 9.993E-05 9.993E-05 9.993E-05 9.993E-05 9.993E-05 9.993E-05
9.99551E-05 9.99551E-05 0.0167174 0.236996 9.99551E-05 0.0360456 9.99551E-05 9.99551E-05 0.709741
