9.99461E-05 9.99461E-05 0.764341 9.99461E-05 0.179603 9.99461E-05 0.0554566 9.99461E-05 9.99461E-05
9.9937E-05 9.9937E-05 0.954819 9.9937E-05 9.9937E-05 0.0444817 9.9937E-05 9.9937E-05 9.9937E-05
9.99461E-05 9.99461E-05 0.380935 9.99461E-05 0.602701 9.99461E-05 9.99461E-05 0.0157651 9.99461E-05
0.0952939 9.99371E-05 9.99371E-05 9.99371E-05 9.99371E-05 0.904007 9.99371E-05 9.99371E-05 9.99371E-05
9.99461E-05 0.934969 9.99461E-05 9.99461E-05 0.00386159 0.0605693 9.99461E-05 9.99461E-05 9.99461E-05
0.774405 9.9946E-05 0.167197 9.9946E-05 0.0577981 9.9946E-05 9.9946E-05 9.9946E-05 9.9946E-05
9.9946E-05 9.9946E-05 9.9946E-05 0.805964 9.9946E-05 0.153324 9.9946E-05 0.0401117 9.9946E-05
9.99461E-05 9.99461E-05 0.697653 9.99461E-05 0.024587 9.99461E-05 9.99461E-05 9.99461E-05 0.27716
0.555688 9.99372E-05 9.99372E-05 9.99372E-05 9.99372E-05 9.99372E-05 9.99372E-05 0.443612 9.99372E-05
9.99371E-05 0.527336 9.99371E-05 0.471964 9.99371E-05 9.99371E-05 9.99371E-05 9.99371E-05 9.99371E-05
9.993E-05 9.993E-05 9.993E-05 0.999201 9.993E-05 9.993E-05 9.993E-05 9.993E-05 9.993E-05
0.0600439 9.99461E-05 0.152833 9.99461E-05 9.99461E-05 9.99461E-05 9.99461E-05 9.99461E-05 0.786524
0.0161802 9.9955E-05 9.9955E-05 0.0463134 0.116074 9.9955E-05 0.820932 9.9955E-05 9.9955E-05
9.99551E-05 0.0108024 9.99551E-05 0.482432 0.187822 0.318444 9.99551E-05 9.99551E-05 9.99551E-05
9.993E-05 0.999201 9.993E-05 9.993E-05 9.993E-05 9.993E-05 9.993E-05 9.993E-05 9.993E-05
9.99372E-05 9.99372E-05 9.99372E-05 9.99372E-05 0.104122 9.99372E-05 9.99372E-05 0.895179 9.99372E-05
9.993E-05 9.993E-05 9.993E-05 9.993E-05 9.993E-05 0.113631 9.993E-05 9.993E-05 0.88567
0.192263 0.177908 9.9955E-05 0.31715 9.9955E-05 9.9955E-05 9.9955E-05 0.312179 9.9955E-05
0.946353 9.9937E-05 0.0529479 9.9937E-05 9.9937E-05 9.9937E-05 9.9937E-05 9.9937E-05 9.9937E-05
9.99372E-05 9.99372E-05 9.99372E-05 9.99372E-05 9.99372E-05 0.0674323 9.99372E-05 0.931868 9.99372E-05
9.99551E-05 9.99551E-05 0.0624252 9.99551E-05 9.99551E-05 0.0382008 0.0781434 0.820731 9.99551E-05
0.134613 9.9946E-05 9.9946E-05 9.9946E-05 9.9946E-05 9.9946E-05 9.9946E-05 0.51338 0.351408
9.99641E-05 0.196115 9.99641E-05 0.0284739 0.0116408 9.99641E-05 0.031754 0.731617 9.99641E-05
9.99461E-05 9.99461E-05 9.99461E-05 0.015623 9.99461E-05 0.827512 9.99461E-05 0.156265 9.99461E-05
0.0289235 9.99461E-05 9.99461E-05 9.99461E-05 0.939156 0.031321 9.99461E-05 9.99461E-05 9.99461E-05
9.9946E-05 0.747937 9.9946E-05 9.9946E-05 9.9946E-05 9.9946E-05 0.0911206 0.160343 9.9946E-05
9.993E-05 9.993E-05 9.993E-05 9.993E-05 9.993E-05 0.999201 9.993E-05 9.993E-05 9.993E-05
0.527212 9.99551E-05 9.99551E-05 0.171767 9.99551E-05 0.0638344 0.236687 9.99551E-05 9.99551E-05
9.993E-05 9.993E-05 0.999201 9.993E-05 9.993E-05 9.993E-05 9.993E-05 9.993E-05 9.993E-05
0.536358 9.99552E-05 9.99552E-05 9.99552E-05 9.99552E-05 9.99552E-05 0.0156173 0.0265865 0.420938
9.99371E-05 9.99371E-05 9.99371E-05 0.38772 0.611581 9.99371E-05 9.99371E-05 9.99371E-05 9.99371E-05
9.993E-05 9.993E-05 9.993E-05 9.993E-05 0.999201 9.993E-05 9.993E-05 9.993E-05 9.993E-05
9.9937E-05 9.9937E-05 9.9937E-05 0.840147 9.9937E-05 9.9937E-05 0.159154 9.9937E-05 9.9937E-05
0.887599 0.0191284 9.99551E-05 9.99551E-05 0.0790224 9.99551E-05 9.99551E-05 9.99551E-05 0.0137501
9.99371E-05 9.99371E-05 9.99371E-05 9.99371E-05 9.99371E-05 0.496548 9.99371E-05 9.99371E-05 0.502753
0.0815589 9.99461E-05 9.99461E-05 9.99461E-05 0.00120171 9.99461E-05 9.99461E-05 0.91664 9.99461E-05
0.693965 9.9946E-05 0.041604 9.9946E-05 9.9946E-05 9.9946E-05 9.9946E-05 0.263831 9.9946E-05
0.884561 9.99551E-05 9.99551E-05 0.0628377 0.0182538 9.99551E-05 0.0338476 9.99551E-05 9.99551E-05
0.0637782 9.99551E-05 0.112714 0.807365 9.99551E-05 9.99551E-05 0.0156428 9.99551E-05 9.99551E-05
0.777097 0.019615 9.99551E-05 9.99551E-05 9.99551E-05 0.201696 0.00109216 9.99551E-05 9.99551E-05
0.561215 9.9937E-05 9.9937E-05 9.9937E-05 9.9937E-05 9.9937E-05 9.9937E-05 9.9937E-05 0.438085
9.993E-05 9.993E-05 9.993E-05 9.993E-05 9.993E-05 9.993E-05 9.993E-05 9.993E-05 0.999201
9.99372E-05 9.99372E-05 9.99372E-05 9.99372E-05 9.99372E-05 9.99372E-05 0.265355 0.733946 9.99372E-05
9.993E-05 9.993E-05 9.993E-05 9.993E-05 0.999201 9.993E-05 9.993E-05 9.993E-05 9.993E-05
9.99371E-05 0.0677029 9.99371E-05 9.99371E-05 9.99371E-05 9.99371E-05 0.931598 9.99371E-05 9.99371E-05
9.99461E-05 9.99461E-05 0.200179 0.012436 9.99461E-05 9.99461E-05 9.99461E-05 9.99461E-05 0.786785
0.197412 9.99461E-05 0.00820826 9.99461E-05 9.99461E-05 9.99461E-05 9.99461E-05 0.79378 9.99461E-05
0.89051 9.99462E-05 9.99462E-05 9.99462E-05 9.99462E-05 9.99462E-05 0.0471277 0.0617621 9.99462E-05
9.993E-05 9.993E-05 9.993E-05 9.993E-05 9.993E-05 9.993E-05 0.999201 9.993E-05 9.993E-05
0.220491 9.99461E-05 9.99461E-05 0.0426799 9.99461E-05 9.99461E-05 9.99461E-05 0.736229 9.99461E-05
