0.00665733 9.9946E-05 9.9946E-05 9.9946E-05 9.9946E-05 0.0658923 0.926851 9.9946E-05 9.9946E-05
0.00140849 0.0462035 9.9973E-05 0.0252063 0.07088 0.157343 0.698659 9.9973E-05 9.9973E-05
0.0128201 9.9964E-05 9.9964E-05 0.0387527 9.9964E-05 0.113364 0.779451 0.0552122 9.9964E-05
9.9964E-05 0.00673123 9.9964E-05 9.9964E-05 0.0316634 0.164087 0.777399 0.0197189 9.9964E-05
9.9964E-05 9.9964E-05 0.0536975 9.9964E-05 0.044279 0.0471974 0.819571 9.9964E-05 0.0348556
9.9955E-05 0.0374035 9.9955E-05 9.9955E-05 0.0588277 9.9955E-05 0.882306 0.0209628 9.9955E-05
0.00519215 9.9964E-05 0.0287722 9.9964E-05 0.0673341 9.9964E-05 0.897913 0.000388897 9.9964E-05
0.00791579 0.0631492 9.9982E-05 0.0219968 0.0276382 0.0208821 0.827579 9.9982E-05 0.030639
9.9964E-05 9.9964E-05 0.0118459 0.0165583 0.102686 9.9964E-05 0.800504 0.068006 9.9964E-05
9.9964E-05 9.9964E-05 0.0262817 9.9964E-05 0.0547246 0.0160917 0.817854 0.0846476 9.9964E-05
0.026488 0.00033959 9.9964E-05 9.9964E-05 9.9964E-05 0.248971 0.705206 0.0185948 9.9964E-05
9.9964E-05 9.9964E-05 9.9964E-05 0.00849659 0.00068083 0.23721 0.720289 0.032923 9.9964E-05
0.00929566 0.0723529 0.0497591 0.00585677 0.00198219 0.0382936 0.786957 0.00990521 0.0255979
0.0236317 0.0263004 9.9973E-05 9.9973E-05 0.0940757 0.169706 0.664962 0.0210237 9.9973E-05
9.9973E-05 9.9973E-05 0.00156473 0.0261357 0.00533201 0.0262901 0.815273 0.125104 9.9973E-05
0.00295381 0.0174882 0.0420176 9.9964E-05 0.0905588 9.9964E-05 0.846582 9.9964E-05 9.9964E-05
9.9946E-05 0.0301289 0.0255776 9.9946E-05 9.9946E-05 9.9946E-05 0.943694 9.9946E-05 9.9946E-05
0.0101318 0.0164316 9.9964E-05 0.0214131 9.9964E-05 9.9964E-05 0.933084 9.9964E-05 0.0185393
0.0161958 0.0254482 0.0129812 0.0203681 9.9964E-05 9.9964E-05 0.924607 9.9964E-05 9.9964E-05
9.9955E-05 0.0173747 0.0326788 9.9955E-05 9.9955E-05 9.9955E-05 0.889316 0.0601302 9.9955E-05
0.999201 9.993E-05 9.993E-05 9.993E-05 9.993E-05 9.993E-05 9.993E-05 9.993E-05 9.993E-05
0.0120344 9.9946E-05 9.9946E-05 9.9946E-05 9.9946E-05 0.30822 9.9946E-05 0.679145 9.9946E-05
0.0333976 9.9982E-05 0.0472334 9.9982E-05 0.00523892 0.0321306 0.0408966 0.766656 0.0742466
0.0166735 0.00386839 9.9955E-05 9.9955E-05 9.9955E-05 9.9955E-05 9.9955E-05 0.84521 0.133748
0.0388682 9.9937E-05 9.9937E-05 9.9937E-05 9.9937E-05 9.9937E-05 9.9937E-05 0.960432 9.9937E-05
9.9946E-05 9.9946E-05 9.9946E-05 0.0123096 9.9946E-05 9.9946E-05 0.00799502 0.979096 9.9946E-05
0.0352009 0.000155992 0.0416877 0.00778829 0.0170447 9.9982E-05 9.9982E-05 0.799142 0.0987805
0.999201 9.993E-05 9.993E-05 9.993E-05 9.993E-05 9.993E-05 9.993E-05 9.993E-05 9.993E-05
0.0150522 9.9964E-05 0.0303818 9.9964E-05 0.00978677 0.0739415 9.9964E-05 0.870438 9.9964E-05
9.9973E-05 0.0476627 0.0485855 9.9973E-05 0.0566577 9.9973E-05 0.00467568 0.787502 0.0546168
0.0263317 9.9964E-05 9.9964E-05 0.032662 0.0448773 0.030016 9.9964E-05 0.865713 9.9964E-05
0.0479226 0.0440027 9.9964E-05 0.00242833 9.9964E-05 9.9964E-05 9.9964E-05 0.779077 0.126169
0.0615355 0.0653621 9.99825E-05 0.00781729 0.0435814 9.99825E-05 0.0357552 0.725734 0.060014
0.0455809 0.0374974 9.9973E-05 0.0435058 0.0176977 0.176137 9.9973E-05 0.679281 9.9973E-05
9.9982E-05 0.00981303 0.0771224 0.0225898 9.9982E-05 0.190579 0.0165992 0.682639 0.000457234
0.00627823 9.9964E-05 9.9964E-05 0.0395117 0.0898216 0.452436 9.9964E-05 0.411552 9.9964E-05
0.0133111 0.0425978 0.0437981 0.0681432 0.0205986 9.9982E-05 9.9982E-05 0.746281 0.0650707
0.0088933 0.03885 0.0338852 0.0317946 0.0093873 0.114158 9.9991E-05 0.0219063 0.741026
9.9955E-05 0.0116802 0.128481 9.9955E-05 9.9955E-05 0.217969 9.9955E-05 9.9955E-05 0.641371
9.9982E-05 0.0900097 0.069305 0.03462 0.0447427 9.9982E-05 0.012643 0.0319558 0.716524
0.000227709 0.0389226 0.0349535 0.0323275 9.9991E-05 0.0378282 0.0218896 0.0645701 0.769181
0.0397691 0.0687437 9.9973E-05 0.0700844 9.9973E-05 0.0421495 0.00933098 9.9973E-05 0.769622
0.0179471 0.0295299 0.104977 0.0287141 0.000584902 9.9982E-05 0.0218004 9.9982E-05 0.796247
0.0356067 0.0543692 9.9982E-05 0.0362597 0.137512 0.115905 0.0324835 9.9982E-05 0.587665
0.0164793 0.0324546 0.104324 0.0354441 9.9982E-05 0.0452455 9.9982E-05 0.0425404 0.723312
9.9973E-05 0.000936544 0.0926736 9.9973E-05 0.0827153 9.9973E-05 0.0335125 0.0782435 0.711619
9.9973E-05 0.102961 0.0660411 0.00954776 0.00492001 9.9973E-05 9.9973E-05 0.00394075 0.812289
0.00911026 0.0226251 0.0184858 0.0393705 9.9982E-05 0.0573091 0.0226225 9.9982E-05 0.830277
0.0380297 0.0577868 9.9964E-05 0.0310137 9.9964E-05 9.9964E-05 0.0224655 9.9964E-05 0.850304
0.0143951 0.00556575 9.9973E-05 0.0486031 0.0382011 0.201356 9.9973E-05 9.9973E-05 0.691579
0.00379589 0.0580074 9.9964E-05 0.0290623 9.9964E-05 0.12416 9.9964E-05 9.9964E-05 0.784575
0.0104609 0.054494 9.9982E-05 0.0346321 0.0328887 0.0114285 9.9982E-05 0.0123398 0.843556
9.99459E-05 0.0645084 0.137852 9.99459E-05 9.99459E-05 9.99459E-05 9.99459E-05 9.99459E-05 0.79704
0.00841975 0.0111516 9.9982E-05 0.043451 9.9982E-05 0.0918233 0.0865478 0.0215885 0.736818
0.0103756 0.0762315 0.0993579 0.00986092 0.033484 9.9982E-05 0.00747599 9.9982E-05 0.763014
0.00212018 0.01412 9.9991E-05 0.0315676 0.000212488 0.239543 0.000377799 0.00859949 0.703359
0.0255538 0.0116543 0.0922759 0.00580444 0.0568111 9.9991E-05 0.0675991 0.0289318 0.71127
9.9964E-05 0.0732115 0.177628 0.0371411 9.9964E-05 0.636889 9.9964E-05 9.9964E-05 0.0747306
9.993E-05 9.993E-05 9.993E-05 0.999201 9.993E-05 9.993E-05 9.993E-05 9.993E-05 9.993E-05
9.9973E-05 0.0765878 0.357527 0.0189417 9.9973E-05 0.498192 0.0115737 9.9973E-05 0.0368787
9.9973E-05 0.106583 0.451089 0.0226942 9.9973E-05 0.34086 0.00725798 9.9973E-05 0.0712155
9.9964E-05 0.128927 0.414646 0.0880158 9.9964E-05 0.31655 9.9964E-05 0.0514609 9.9964E-05
0.0310436 0.191693 0.444223 0.036766 0.0251045 0.139852 0.0164546 0.01546 0.0994026
9.993E-05 0.999201 9.993E-05 9.993E-05 9.993E-05 9.993E-05 9.993E-05 9.993E-05 9.993E-05
9.993E-05 9.993E-05 9.993E-05 0.999201 9.993E-05 9.993E-05 9.993E-05 9.993E-05 9.993E-05
9.9973E-05 0.136151 0.229205 0.0269435 9.9973E-05 0.501469 0.0818807 9.9973E-05 0.0240499
0.0346641 0.222165 0.405502 0.0259827 0.0348759 0.0474881 0.064295 0.159021 0.00600668
9.9982E-05 0.206394 0.44007 0.0699 9.9982E-05 0.190878 0.0145492 0.0709989 0.00700988
0.0168113 0.179389 0.477204 0.0651105 9.9973E-05 0.135823 9.9973E-05 0.125362 9.9973E-05
0.0178728 0.171061 0.351311 0.160252 0.014949 0.180839 0.00835524 0.09526 9.9991E-05
9.9982E-05 0.212584 0.494548 0.0832396 9.9982E-05 0.120317 0.0410878 0.0369 0.0111238
0.00890787 0.191769 0.534332 0.0411737 0.00295319 0.128103 9.9991E-05 0.0288418 0.0638199
0.00811024 0.120434 0.378615 0.105505 9.9982E-05 0.252084 9.9982E-05 0.117477 0.0175744
0.00128059 0.0162109 0.301472 0.0374147 9.9982E-05 0.530469 9.9982E-05 0.10301 0.00994355
0.0591899 0.152149 0.284655 0.0441206 9.9982E-05 0.130779 9.9982E-05 0.0642013 0.264705
9.9982E-05 0.158381 0.295511 0.0589078 9.9982E-05 0.179272 0.0677638 0.049293 0.190671
9.9973E-05 0.0590319 0.21857 0.0738586 9.9973E-05 0.151479 0.0950425 9.9973E-05 0.401718
9.99369E-05 0.968294 9.99369E-05 0.0310069 9.99369E-05 9.99369E-05 9.99369E-05 9.99369E-05 9.99369E-05
0.0510673 0.153202 0.338628 0.0935372 0.0118485 0.119072 0.0384891 0.0362959 0.157859
9.9964E-05 0.222971 0.366998 0.0918418 9.9964E-05 0.208703 9.9964E-05 9.9964E-05 0.109086
0.00512159 0.189725 0.467664 0.0344599 9.9991E-05 0.0101275 0.0548217 0.0964645 0.141516
0.0136511 0.0827935 0.290684 0.0551854 9.9982E-05 0.528604 0.0177447 0.0111365 9.9982E-05
9.9973E-05 0.174875 0.441161 0.0468776 9.9973E-05 0.148731 0.107335 9.9973E-05 0.0807205
0.0243833 0.048034 0.263543 0.029722 0.169418 0.187886 0.0149192 0.0439582 0.218136
9.9964E-05 0.0744637 9.9964E-05 0.0379179 0.519355 0.236627 9.9964E-05 9.9964E-05 0.131237
9.9982E-05 0.0209438 0.19286 0.10462 0.164383 0.320787 9.9982E-05 0.0804928 0.115713
0.00431359 0.231378 0.4714 0.0289786 0.0667779 9.9991E-05 0.0675364 0.0180465 0.111469
9.9991E-05 0.173843 0.410117 0.0403995 0.122932 0.055057 0.014894 0.0246078 0.158049
0.0123341 0.0323424 0.492293 0.063468 0.0922521 0.226976 0.0213124 9.9991E-05 0.0589227
0.00817839 9.9946E-05 0.711969 9.9946E-05 9.9946E-05 0.279253 9.9946E-05 9.9946E-05 9.9946E-05
0.00201631 0.240158 0.226034 0.0376277 9.9982E-05 0.406021 9.9982E-05 0.0420152 0.0459275
9.9964E-05 0.191878 0.480968 0.00597807 9.9964E-05 0.209533 9.9964E-05 9.9964E-05 0.111243
0.0455271 9.9964E-05 0.116791 0.0156068 9.9964E-05 0.81215 0.00952527 9.9964E-05 9.9964E-05
9.9955E-05 0.0291814 0.0759791 9.9955E-05 9.9955E-05 0.864754 9.9955E-05 0.0295855 9.9955E-05
9.9946E-05 0.0758956 0.0562377 9.9946E-05 9.9946E-05 0.867267 9.9946E-05 9.9946E-05 9.9946E-05
9.9973E-05 0.0428242 0.26429 0.0844747 9.9973E-05 0.544222 0.060322 0.00356678 9.9973E-05
9.9982E-05 0.0988744 0.253414 0.056231 0.110172 0.474535 0.00231193 9.9982E-05 0.0042628
9.9982E-05 0.172457 0.290574 0.0563171 9.9982E-05 0.337498 0.0394777 0.0104474 0.0930291
9.99728E-05 0.202498 0.357585 0.0314013 9.99728E-05 0.27282 9.99728E-05 0.135297 9.99728E-05
9.9964E-05 0.158279 0.347428 0.0762378 9.9964E-05 0.356482 9.9964E-05 9.9964E-05 0.0611733
0.0221049 0.0169164 0.35024 9.9955E-05 9.9955E-05 0.610239 9.9955E-05 9.9955E-05 9.9955E-05
0.013946 0.187459 0.397006 0.106001 0.110811 0.184478 9.9973E-05 9.9973E-05 9.9973E-05
0.00513747 0.115676 0.467316 0.0374614 0.0251431 0.332063 9.9982E-05 9.9982E-05 0.0170021
9.993E-05 9.993E-05 0.999201 9.993E-05 9.993E-05 9.993E-05 9.993E-05 9.993E-05 9.993E-05
0.0123794 0.0895873 0.300988 0.0737187 0.0435687 0.376929 0.0330983 0.0604545 0.00927653
0.0101903 0.116921 0.318881 0.0117679 9.9973E-05 0.509699 9.9973E-05 9.9973E-05 0.0322413
0.0162484 0.0987012 0.405676 0.015145 0.0732998 0.338543 0.0474759 9.9991E-05 0.00481035
9.9973E-05 0.106924 0.434738 0.0390283 9.9973E-05 0.239357 0.00536649 9.9973E-05 0.174287
9.9973E-05 0.175322 0.271441 0.0374256 9.9973E-05 0.461236 0.0221831 0.0320919 9.9973E-05
0.0139768 0.0954278 0.273269 0.0126652 9.9982E-05 0.528662 0.00343483 0.0723647 9.9982E-05
9.993E-05 0.999201 9.993E-05 9.993E-05 9.993E-05 9.993E-05 9.993E-05 9.993E-05 9.993E-05
9.993E-05 9.993E-05 0.999201 9.993E-05 9.993E-05 9.993E-05 9.993E-05 9.993E-05 9.993E-05
9.993E-05 0.999201 9.993E-05 9.993E-05 9.993E-05 9.993E-05 9.993E-05 9.993E-05 9.993E-05
9.9955E-05 0.062109 0.183566 0.0553244 9.9955E-05 0.6985 9.9955E-05 9.9955E-05 9.9955E-05
0.0507493 0.137769 0.274885 0.060657 0.00165971 0.456992 9.9982E-05 0.0170875 9.9982E-05
0.0110681 0.0303427 0.300922 0.0441979 9.9991E-05 0.535225 0.0120659 0.0588097 0.00726913
0.0137563 0.166983 0.433328 0.0355142 9.9982E-05 0.318394 0.0241592 9.9982E-05 0.00766441
0.0359958 0.188463 0.499501 0.0587239 9.9982E-05 9.9982E-05 0.0466093 0.0472704 0.123237
0.00265009 9.9973E-05 0.553433 0.00670085 9.9973E-05 0.413825 0.0170988 9.9973E-05 0.00599174
9.9973E-05 0.059681 0.296453 0.0339668 9.9973E-05 0.564936 0.0153977 9.9973E-05 0.0292659
0.0149632 9.9973E-05 0.339953 0.0723075 0.0749381 0.321598 9.9973E-05 0.175941 9.9973E-05
9.9973E-05 0.108261 0.484999 0.0219804 0.15207 0.0615196 9.9973E-05 0.170869 9.9973E-05
0.0360785 0.063207 0.443142 0.00447206 0.0522198 0.118336 9.9991E-05 0.271541 0.0109031
0.010661 0.0344343 0.322193 0.00209111 0.0628762 0.286188 0.0327141 0.248743 9.9991E-05
9.9973E-05 0.0692505 0.371362 0.00154888 0.134186 0.141158 9.9973E-05 0.282195 9.9973E-05
9.9955E-05 9.9955E-05 0.44975 0.0344718 0.158729 9.9955E-05 9.9955E-05 0.35655 9.9955E-05
9.9973E-05 9.9973E-05 0.454891 0.00514999 0.147987 9.9973E-05 0.0306824 0.338769 0.0222201
9.9973E-05 9.9973E-05 0.518752 0.011867 0.0455892 0.00485274 0.0775597 0.341079 9.9973E-05
0.00859477 9.9982E-05 0.412257 0.0217435 0.113939 9.9982E-05 0.0222296 0.26772 0.153317
0.0345804 0.0512113 0.471592 0.0097048 0.0806215 0.0990131 0.0207679 0.155938 0.076571
9.9982E-05 9.9982E-05 0.463387 0.0411139 0.06567 0.0456682 0.0207266 0.349326 0.0139075
9.9964E-05 0.0437231 0.0718965 9.9964E-05 0.756496 9.9964E-05 0.000863155 0.126621 9.9964E-05
0.0288926 9.9982E-05 0.134087 0.0151821 0.753952 9.9982E-05 0.0221255 0.032214 0.013346
0.0350113 0.0148585 0.0489819 0.0156591 0.701075 0.0782685 9.9991E-05 0.0200999 0.0859463
0.0162319 0.00422723 9.9991E-05 0.00786545 0.745073 0.000956462 0.0564236 0.0204596 0.148663
0.0675206 0.0174836 9.9973E-05 9.9973E-05 0.640751 0.155404 0.0181108 9.9973E-05 0.100431
0.0319937 0.0200204 0.0416348 0.0207312 0.725033 0.125004 0.0353825 9.9982E-05 9.9982E-05
9.9964E-05 9.9964E-05 0.0519886 0.012437 0.712448 9.9964E-05 9.9964E-05 0.129728 0.0929987
0.0349039 0.00173534 0.126924 9.9964E-05 0.823971 9.9964E-05 9.9964E-05 0.0120659 9.9964E-05
0.0280304 0.0342946 9.9991E-05 0.00584342 0.486634 0.327517 0.0339587 0.0251537 0.0584679
0.0143603 0.00359689 0.0832812 9.9973E-05 0.631201 9.9973E-05 9.9973E-05 0.0551718 0.212089
0.0316839 0.024231 9.9982E-05 0.0495406 0.714251 9.9982E-05 0.0345551 0.0430442 0.102494
9.9955E-05 9.9955E-05 9.9955E-05 0.0562194 0.735402 9.9955E-05 0.0518546 9.9955E-05 0.156025
0.0225457 0.00526525 0.0354687 0.0365577 0.607132 0.111032 0.046096 0.0569283 0.0789747
0.00969107 9.9973E-05 0.0197833 0.0146369 0.514355 0.30832 9.9973E-05 9.9973E-05 0.132915
0.00350298 9.9973E-05 9.9973E-05 0.0624774 0.609041 0.20813 0.0297633 0.0867858 9.9973E-05
0.015475 9.9964E-05 9.9964E-05 0.0197886 0.667091 0.26723 0.0300157 9.9964E-05 9.9964E-05
9.9973E-05 0.0674906 0.00346994 0.0447425 0.808147 9.9973E-05 9.9973E-05 0.0262802 0.0495698
9.9991E-05 0.0217021 0.0381768 0.0389221 0.752171 0.100476 0.0330355 0.00644066 0.00897583
0.0230216 0.0487847 0.0154521 9.9982E-05 0.830828 9.9982E-05 0.0647422 0.0111072 0.00586382
0.028522 9.9955E-05 9.9955E-05 9.9955E-05 0.632212 0.337718 9.9955E-05 9.9955E-05 0.0010477
9.9955E-05 0.0405046 9.9955E-05 9.9955E-05 0.619349 0.292302 0.0473453 9.9955E-05 9.9955E-05
0.0148574 0.0775678 0.0587263 0.012638 0.734462 9.9982E-05 9.9982E-05 0.0598441 0.041704
0.0105651 0.0368807 9.9973E-05 0.0102871 0.684182 0.242622 9.9973E-05 0.0151635 9.9973E-05
9.9973E-05 0.0121008 9.9973E-05 0.0040539 0.673241 0.273528 0.0308175 9.9973E-05 0.00595858
9.9964E-05 9.9964E-05 9.9964E-05 0.0437963 0.622226 0.277197 0.0111245 0.0452566 9.9964E-05
0.0128168 9.9955E-05 9.9955E-05 9.9955E-05 0.570452 0.338376 9.9955E-05 0.0778553 9.9955E-05
0.0328352 9.9973E-05 9.9973E-05 0.000981441 0.675861 0.275478 0.00290254 9.9973E-05 0.0116425
9.9964E-05 0.00669222 9.9964E-05 0.0534903 0.66407 0.24551 0.0298367 9.9964E-05 9.9964E-05
0.0135164 9.9973E-05 9.9973E-05 0.030607 0.672339 0.264981 0.00640609 9.9973E-05 0.0118511
0.0129344 0.0149216 0.0498497 0.0461968 0.76772 9.9982E-05 9.9982E-05 0.0403131 0.0678644
0.0132336 0.0243818 0.0107108 0.0654115 0.765176 9.9973E-05 9.9973E-05 9.9973E-05 0.120786
0.00208208 9.9982E-05 0.0194779 9.9982E-05 0.631796 0.185305 0.0493208 0.021577 0.090241
9.9955E-05 9.9955E-05 9.9955E-05 9.9955E-05 0.647502 0.181566 9.9955E-05 0.0685219 0.101911
0.0147249 0.0439028 0.00188192 0.0196234 0.774815 0.0799006 9.9982E-05 0.0649519 9.9982E-05
0.0411809 0.0369811 0.0176022 9.9973E-05 0.784295 0.0888689 0.0307719 9.9973E-05 9.9973E-05
0.0196863 9.9955E-05 9.9955E-05 9.9955E-05 0.107945 0.352259 9.9955E-05 9.9955E-05 0.51961
9.9964E-05 9.9964E-05 9.9964E-05 9.9964E-05 0.0617949 0.374463 0.000580997 0.0895619 0.4732
0.019478 9.9964E-05 9.9964E-05 9.9964E-05 9.9964E-05 0.46933 0.0312721 0.0344146 0.445105
0.00179225 9.9964E-05 9.9964E-05 9.9964E-05 0.100499 0.389361 0.0402574 9.9964E-05 0.467691
9.9955E-05 9.9955E-05 9.9955E-05 9.9955E-05 9.9955E-05 0.367085 0.0249401 0.00999573 0.59748
0.0148458 0.0317146 0.0270545 0.00215928 0.0991192 9.9982E-05 9.9982E-05 0.142306 0.682601
0.00227516 9.9946E-05 9.9946E-05 9.9946E-05 9.9946E-05 0.258451 9.9946E-05 9.9946E-05 0.738674
9.9964E-05 9.9964E-05 9.9964E-05 9.9964E-05 0.0405447 0.27977 0.0318996 0.166219 0.481166
