0.0918299 9.9955E-05 9.9955E-05 0.90767 9.9955E-05 9.9955E-05 9.9955E-05
0.108439 0.0958852 0.0138703 0.708514 9.9991E-05 0.0145583 0.0586333
0.159814 9.9964E-05 9.9964E-05 0.788339 0.0514476 9.9964E-05 9.9964E-05
0.0778383 9.9982E-05 0.0264622 0.788812 0.0982799 0.00840814 9.9982E-05
9.999E-05 0.00816859 0.0601282 0.821749 0.00998405 0.0573326 0.0425378
0.0825112 9.9964E-05 0.0642845 0.852805 9.9964E-05 9.9964E-05 9.9964E-05
0.0231828 9.9982E-05 0.0511795 0.887946 0.0237916 9.9982E-05 0.0136999
0.116462 0.000184103 9.9973E-05 0.830027 9.9973E-05 9.9973E-05 0.0530275
9.9991E-05 0.0230427 0.111748 0.753286 0.0454063 0.0201961 0.0462204
0.0987752 9.9973E-05 0.0251102 0.833565 0.04225 9.9973E-05 9.9973E-05
0.113713 9.9982E-05 0.0433632 0.758129 9.9982E-05 0.0794479 0.00514673
0.236516 9.9964E-05 9.9964E-05 0.691211 0.071873 9.9964E-05 9.9964E-05
9.9982E-05 0.0541501 0.0376054 0.777413 0.0419338 0.0886981 9.9982E-05
0.281191 0.0046287 0.00278981 0.693015 0.0181753 9.9982E-05 9.9982E-05
0.0429811 9.9982E-05 0.0873338 0.820785 0.0273742 0.0213258 9.9982E-05
9.9964E-05 9.9964E-05 0.12151 0.861291 9.9964E-05 0.0167989 9.9964E-05
9.9955E-05 9.9955E-05 9.9955E-05 0.986045 9.9955E-05 0.0134548 9.9955E-05
9.9955E-05 0.0651891 9.9955E-05 0.934311 9.9955E-05 9.9955E-05 9.9955E-05
9.99553E-05 0.0332347 9.99553E-05 0.966266 9.99553E-05 9.99553E-05 9.99553E-05
9.9982E-05 0.0370442 9.9982E-05 0.899719 0.0230891 0.0145526 0.0253956
9.995E-05 9.995E-05 9.995E-05 9.995E-05 0.9994 9.995E-05 9.995E-05
0.411255 9.9955E-05 9.9955E-05 9.9955E-05 0.588245 9.9955E-05 9.9955E-05
0.211165 0.152668 9.9973E-05 0.0232084 0.612658 9.9973E-05 9.9973E-05
9.9973E-05 0.179373 0.064006 9.9973E-05 0.716493 9.9973E-05 0.0398283
0.0489889 9.9964E-05 9.9964E-05 9.9964E-05 0.91509 9.9964E-05 0.0355211
0.0498231 9.9982E-05 0.0521823 0.0100053 0.836438 0.0513511 9.9982E-05
0.0664534 0.126941 0.0892322 9.9991E-05 0.666103 0.041635 0.00953535
9.995E-05 9.995E-05 9.995E-05 9.995E-05 0.9994 9.995E-05 9.995E-05
9.9982E-05 0.00484341 0.126618 9.9982E-05 0.764798 0.0395074 0.0640325
0.139298 0.0539505 0.0428091 9.9991E-05 0.617778 0.129828 0.0162371
0.122623 9.9973E-05 0.187496 9.9973E-05 0.685284 9.9973E-05 0.00429715
0.0157665 0.119811 0.158431 0.00354869 0.669306 0.0330367 9.9991E-05
9.9982E-05 0.13857 0.0927062 0.0561236 0.672969 9.9982E-05 0.0394311
0.178918 9.9982E-05 0.122217 9.9982E-05 0.611856 0.0573716 0.0294383
9.999E-05 0.0178138 0.10511 0.0481413 0.578758 0.125991 0.124085
0.619272 9.9973E-05 9.9973E-05 0.00888052 0.347141 0.0244067 9.9973E-05
9.999E-05 0.125324 0.0887529 0.0195192 0.60376 0.138705 0.0238384
0.0656147 0.718473 0.0381837 9.9991E-05 0.0831943 0.0864485 0.0079858
0.148787 0.726245 0.0361929 9.9982E-05 9.9982E-05 0.0608172 0.0277576
0.0938354 0.725726 0.0536414 0.0380231 0.0065349 0.056895 0.0253438
9.9982E-05 0.75511 0.139093 0.0104429 0.00349427 0.0916598 9.9982E-05
0.102922 0.728848 0.0151473 0.0639457 0.00381412 9.9991E-05 0.0852228
9.9982E-05 0.806006 0.0696109 0.0306253 9.9982E-05 0.0683243 0.0252338
0.184845 0.577252 0.131944 0.0467926 9.9982E-05 0.0589665 9.9982E-05
9.9991E-05 0.76928 0.0423252 0.0379034 0.0319402 0.0651528 0.0532982
9.9982E-05 0.728286 0.137258 0.0612349 0.00702612 9.9982E-05 0.0659952
9.9973E-05 0.753396 0.0854809 9.9973E-05 9.9973E-05 0.148142 0.0126806
0.0236244 0.882632 0.0305561 0.00589278 0.0268145 9.99991E-05 0.0303806
9.9964E-05 0.944025 9.9964E-05 0.0352702 0.0203051 9.9964E-05 9.9964E-05
0.0377947 0.804446 0.0517801 9.9982E-05 9.9982E-05 0.0565435 0.0492361
0.11419 0.854712 9.9964E-05 9.9964E-05 9.9964E-05 0.0306987 9.9964E-05
9.9982E-05 0.878412 0.0736894 0.00225338 0.025519 0.0199261 9.9982E-05
9.9973E-05 0.826567 0.0173569 0.0524797 9.9973E-05 9.9973E-05 0.103297
0.125195 0.751102 9.9973E-05 0.0724293 9.9973E-05 0.0509736 9.9973E-05
0.0016054 0.778774 0.0655907 0.028129 0.0101414 0.100101 0.0156581
0.226376 0.655431 9.9973E-05 9.9973E-05 0.0625084 0.055385 9.9973E-05
0.0364948 0.69528 0.0856242 0.0475067 0.0841216 9.9991E-05 0.0508724
0.554451 0.0489081 9.9991E-05 0.0050888 0.0136794 0.321344 0.0564289
0.50216 9.9973E-05 9.9973E-05 9.9973E-05 0.0167077 0.117259 0.363573
0.339975 0.0487775 0.00165869 9.9982E-05 9.9982E-05 0.365619 0.243769
0.173541 0.132572 9.9973E-05 9.9973E-05 9.9973E-05 0.466426 0.227162
0.0709288 0.0461122 0.0238385 0.0144418 0.0242234 0.603792 0.216663
9.9982E-05 0.234208 9.9982E-05 0.0608392 0.0239967 0.485448 0.195308
0.0843717 9.9964E-05 9.9964E-05 9.9964E-05 9.9964E-05 0.830775 0.0844538
0.38352 9.9973E-05 9.9973E-05 9.9973E-05 0.0107048 0.201894 0.403581
0.43643 0.0116266 9.9982E-05 0.061586 9.9982E-05 0.440836 0.0493218
9.9991E-05 0.177708 0.0188114 0.0554565 0.146494 0.464604 0.136827
0.0423928 0.029839 0.0699105 0.0729995 0.0495167 0.509548 0.225794
0.00132941 0.0144258 0.0306262 9.9991E-05 0.138676 0.621455 0.193388
9.9982E-05 9.9982E-05 0.0708914 0.0877962 0.112175 0.48201 0.246927
0.0278432 0.00657736 0.113031 0.0351609 9.9991E-05 0.62031 0.196978
0.0257387 0.0740005 0.0201396 9.9991E-05 0.0731672 0.600314 0.20654
0.0570509 0.0604764 9.9991E-05 0.00623404 0.136244 0.421322 0.318572
0.458518 9.9982E-05 0.0179086 9.9982E-05 0.0187266 0.332645 0.172002
9.9991E-05 0.327911 0.00593503 0.0083186 0.114198 0.464144 0.0793939
0.0290784 0.231897 0.0579643 0.0917397 0.0148077 0.433819 0.140693
0.0910103 0.494322 9.9982E-05 0.0699261 9.9982E-05 0.255029 0.0895131
9.9964E-05 9.9964E-05 0.0261069 9.9964E-05 9.9964E-05 0.855272 0.118221
0.325946 0.185174 9.9991E-05 0.0503891 0.0360792 0.243172 0.15914
0.00538285 0.132765 0.102891 9.9982E-05 9.9982E-05 0.541024 0.217738
9.9991E-05 0.113004 0.0491062 0.0506955 0.136135 0.533345 0.117615
0.182927 9.9991E-05 0.0121521 0.0539084 0.0463793 0.559776 0.144758
0.11072 0.112619 9.9982E-05 0.0951441 9.9982E-05 0.443439 0.237878
0.244383 0.222665 0.163295 0.026431 0.0185728 0.174723 0.14993
0.334321 0.125298 0.400217 9.9982E-05 9.9982E-05 0.119708 0.020256
0.257117 0.171901 0.0774665 0.0596581 0.108749 0.276837 0.048272
9.9982E-05 0.10479 0.135661 0.0473802 9.9982E-05 0.533883 0.178086
0.0283462 0.184365 0.12777 0.0368824 0.0259398 0.529351 0.0673458
0.112587 0.13394 0.0876526 0.0127276 0.0287631 0.430695 0.193635
9.9955E-05 9.9955E-05 9.9955E-05 9.9955E-05 0.0612218 9.9955E-05 0.938278
0.0222266 0.17543 9.9991E-05 0.0673043 0.0665863 0.554132 0.114221
0.0754142 0.0919767 0.0617061 9.9991E-05 0.0170737 0.643899 0.10983
0.79703 9.9964E-05 9.9964E-05 9.9964E-05 9.9964E-05 0.0478113 0.154759
0.609132 9.9973E-05 9.9973E-05 9.9973E-05 0.0806092 0.303415 0.00654398
0.593825 9.9964E-05 9.9964E-05 9.9964E-05 9.9964E-05 0.337086 0.0686891
0.501251 9.9982E-05 9.9982E-05 0.0346536 0.0493008 0.273864 0.140731
0.370375 0.0547638 0.0186983 0.0318301 0.0135687 0.370416 0.140349
0.182383 0.106629 9.9991E-05 0.0949246 0.00867202 0.511485 0.0958065
9.9991E-05 0.14281 0.00664775 0.0442867 0.11246 0.525214 0.168482
0.312353 0.0681209 9.9973E-05 9.9973E-05 9.9973E-05 0.508602 0.110624
0.33163 9.9982E-05 9.9982E-05 0.00303649 0.071989 0.456585 0.136559
0.244388 0.0272875 0.0212931 0.0356757 0.0162095 0.408611 0.246535
0.00441844 9.9991E-05 0.121755 0.000692451 0.0494261 0.598054 0.225553
9.995E-05 9.995E-05 9.995E-05 9.995E-05 9.995E-05 9.995E-05 0.9994
0.102174 0.0616282 0.0430774 0.0992948 0.100982 0.400838 0.192006
0.394074 9.9964E-05 9.9964E-05 9.9964E-05 9.9964E-05 0.424394 0.181132
0.250619 0.0815719 0.0402058 0.0180857 9.9991E-05 0.385736 0.223682
9.9973E-05 0.169226 0.114623 9.9973E-05 9.9973E-05 0.498107 0.217745
0.199075 0.0690887 9.9991E-05 0.0613437 0.00855356 0.559307 0.102532
0.133868 0.00998534 9.9991E-05 0.068515 0.174997 0.492513 0.120021
9.995E-05 9.995E-05 9.995E-05 9.995E-05 9.995E-05 0.9994 9.995E-05
9.995E-05 9.995E-05 9.995E-05 9.995E-05 9.995E-05 9.995E-05 0.9994
9.995E-05 9.995E-05 9.995E-05 9.995E-05 9.995E-05 0.9994 9.995E-05
0.525026 9.9964E-05 9.9964E-05 9.9964E-05 9.9964E-05 0.293163 0.181411
0.449997 0.00444894 9.9982E-05 9.9982E-05 0.0951022 0.294881 0.155371
0.337949 9.9982E-05 9.9982E-05 0.0433382 0.0652593 0.391958 0.161295
0.0959217 0.101732 9.9982E-05 0.0576293 9.9982E-05 0.561518 0.182998
9.9982E-05 0.107105 9.9982E-05 0.0647805 0.0789663 0.586632 0.162316
0.196096 9.99549E-05 9.99549E-05 9.99549E-05 9.99549E-05 9.99549E-05 0.803404
0.418741 9.9973E-05 9.9973E-05 0.0541418 9.9973E-05 0.351132 0.175685
0.182707 0.0157742 0.110741 0.0087861 0.214922 0.359393 0.107677
9.9982E-05 0.0148483 0.248021 9.9982E-05 0.166659 0.450668 0.119604
9.9982E-05 0.0168085 0.136451 9.9982E-05 0.30698 0.37116 0.168401
0.0570363 9.9991E-05 0.170069 0.05898 0.189568 0.36053 0.163717
0.000696305 0.0579845 0.238545 0.0234625 0.17505 0.345399 0.158863
9.9973E-05 9.9973E-05 0.286452 9.9973E-05 0.240332 0.258333 0.214584
9.9982E-05 9.9982E-05 0.261413 0.0345003 0.228248 0.346654 0.128985
0.0388795 9.9991E-05 0.133286 0.048099 0.264385 0.352926 0.162325
9.9991E-05 0.0809815 0.2649 0.00100611 0.192537 0.313225 0.147251
9.9991E-05 0.0475252 0.191567 0.0218729 0.196436 0.372899 0.1696
9.9982E-05 0.038327 0.153761 9.9982E-05 0.282161 0.395318 0.130233
9.9991E-05 0.0629561 0.800785 0.0630398 0.0263861 0.00758333 0.0391492
9.9982E-05 0.0240155 0.805882 0.0141295 0.0619332 9.9982E-05 0.0938401
0.232622 0.070578 0.631233 0.0386559 0.0267104 9.9982E-05 9.9982E-05
0.0538809 0.0882451 0.725975 0.131599 9.9973E-05 9.9973E-05 9.9973E-05
0.26082 0.0735216 0.627967 0.0259919 9.9982E-05 0.0114996 9.9982E-05
0.233891 9.9982E-05 0.646303 0.0337632 0.0773409 0.00850144 9.9982E-05
0.0922472 0.177709 0.705881 0.0162564 0.00136019 9.9991E-05 0.00644583
9.9973E-05 9.9973E-05 0.801505 9.9973E-05 0.095292 0.0712818 0.0316213
0.59338 0.0332094 0.335679 9.9982E-05 0.0208597 0.0166728 9.9982E-05
9.9973E-05 0.229918 0.719867 0.0466645 9.9973E-05 9.9973E-05 0.00325007
0.0893787 0.124592 0.720877 0.0648525 9.9973E-05 9.9973E-05 9.9973E-05
0.186866 0.0638867 0.690689 0.0582584 9.9973E-05 9.9973E-05 9.9973E-05
0.201955 0.177391 0.546614 0.0452916 9.9982E-05 0.0285489 9.9982E-05
0.598122 0.0165246 0.35302 9.9973E-05 9.9973E-05 9.9973E-05 0.0320336
0.454469 9.9982E-05 0.525525 0.01599 0.00323834 9.9982E-05 0.000577779
0.509249 9.9955E-05 0.490251 9.9955E-05 9.9955E-05 9.9955E-05 9.9955E-05
0.19614 0.035026 0.747891 0.00991297 9.9982E-05 0.0108295 9.9982E-05
0.329417 0.004741 0.59016 0.0509954 9.9982E-05 0.0244867 9.9982E-05
0.0946819 0.0534502 0.767618 0.0585802 0.0254699 9.9982E-05 9.9982E-05
0.520812 0.00982518 0.468963 9.9964E-05 9.9964E-05 9.9964E-05 9.9964E-05
0.636063 9.9955E-05 0.363437 9.9955E-05 9.9955E-05 9.9955E-05 9.9955E-05
9.9982E-05 9.9982E-05 0.824985 0.0192954 0.0475233 0.0872127 0.020783
0.415542 9.9964E-05 0.581783 9.9964E-05 9.9964E-05 9.9964E-05 0.00227544
0.23018 0.00011738 0.666607 0.0298498 0.0420374 9.9991E-05 0.0311085
0.503113 9.9955E-05 0.496387 9.9955E-05 9.9955E-05 9.9955E-05 9.9955E-05
0.299861 0.0652766 0.572045 0.0166811 0.0459354 9.9982E-05 9.9982E-05
0.367576 9.9973E-05 0.587934 0.0150689 0.0291207 9.9973E-05 9.9973E-05
0.541754 9.9955E-05 0.457747 9.9955E-05 9.9955E-05 9.9955E-05 9.9955E-05
0.390558 9.9964E-05 0.598081 0.0109608 9.9964E-05 9.9964E-05 9.9964E-05
0.177867 0.0491184 0.675103 9.9982E-05 0.0562582 9.9982E-05 0.0414531
0.00433642 0.132722 0.833815 9.9982E-05 9.9982E-05 0.00955881 0.0193677
0.219421 0.0865037 0.611645 0.0459737 0.0229191 0.0134378 9.9991E-05
0.2572 0.102993 0.57795 9.9973E-05 0.061556 9.9973E-05 9.9973E-05
0.000813456 9.9982E-05 0.860177 9.9982E-05 0.0305641 0.0614983 0.0467476
0.222538 9.9982E-05 0.734116 0.0106574 0.0259793 9.9982E-05 0.00650932
0.504466 0.495034 9.9955E-05 9.9955E-05 9.9955E-05 9.9955E-05 9.9955E-05
0.589535 0.382584 9.9964E-05 9.9964E-05 9.9964E-05 9.9964E-05 0.0274816
0.436854 0.496178 9.9964E-05 0.066568 9.9964E-05 9.9964E-05 9.9964E-05
0.540348 0.397108 0.000677987 0.027151 0.00454234 9.9991E-05 0.0300724
0.397073 0.423064 0.0600226 0.0615752 0.0123423 0.0458227 9.9991E-05
0.112099 0.711275 0.103802 9.9982E-05 0.0592942 9.9982E-05 0.0133305
0.290091 0.687639 9.9964E-05 9.9964E-05 0.0218693 9.9964E-05 9.9964E-05
0.208455 0.513987 0.0370157 0.0600923 0.144507 0.0358434 9.9991E-05
