0.0027415 9.9964E-05 0.041883 9.9964E-05 0.954976 9.9964E-05 9.9964E-05
0.0664789 0.0588994 0.00672145 0.119333 0.726059 0.0224085 9.9991E-05
9.9982E-05 0.0165205 9.9982E-05 0.0559345 0.822289 0.00309072 0.101966
9.9982E-05 0.0055841 9.9982E-05 0.105884 0.81681 0.0570121 0.0145092
0.0147819 0.0597685 9.9991E-05 0.081991 0.815207 0.0207759 0.00737534
0.0460198 9.9982E-05 0.0234576 0.0415779 0.881946 9.9982E-05 0.00679846
9.9973E-05 9.9973E-05 9.9973E-05 0.0294016 0.953325 0.0151996 0.00177348
0.0419055 9.9973E-05 9.9973E-05 0.089718 0.849444 0.0186329 9.9973E-05
0.0275588 0.0488066 9.9973E-05 0.10825 0.815084 9.9973E-05 9.9973E-05
9.9973E-05 9.9973E-05 9.9973E-05 0.0893039 0.815714 0.0606048 0.0340773
0.0448181 0.0458248 9.9991E-05 0.0790933 0.783903 0.0412561 0.00500508
0.0364439 0.0210578 0.0346399 0.0346086 0.766698 9.9991E-05 0.106451
0.0934952 0.0237781 0.1182 0.00066631 0.763661 9.9982E-05 9.9982E-05
0.0145929 0.003817 0.00180685 0.0882078 0.728075 9.9991E-05 0.1634
9.9982E-05 0.0660254 9.9982E-05 0.0250716 0.860215 0.00900928 0.0394785
0.0187779 9.9973E-05 9.9973E-05 0.0706599 0.881233 9.9973E-05 0.0290289
0.0360428 9.9964E-05 9.9964E-05 9.9964E-05 0.951071 0.0124859 9.9964E-05
0.026427 9.9955E-05 9.9955E-05 9.9955E-05 0.973073 9.9955E-05 9.9955E-05
0.00436809 9.9964E-05 0.0261524 9.9964E-05 0.96908 9.9964E-05 9.9964E-05
0.019846 9.9973E-05 9.9973E-05 9.9973E-05 0.915202 0.0256176 0.0390344
9.995E-05 9.995E-05 9.995E-05 9.995E-05 9.995E-05 9.995E-05 0.9994
0.0722034 0.0160721 0.110429 0.0603909 0.0469242 0.00392177 0.690058
9.999E-05 0.0477076 0.0989103 0.0491492 0.0922247 0.00188497 0.710023
0.0155263 9.9973E-05 0.152407 9.9973E-05 9.9973E-05 0.0320139 0.799753
9.9973E-05 0.0449296 9.9973E-05 9.9973E-05 0.0272978 0.0132868 0.914186
0.0227789 0.0750418 9.9973E-05 9.9973E-05 0.020391 9.9973E-05 0.881488
9.9973E-05 0.0884752 0.147137 0.0237411 9.9973E-05 9.9973E-05 0.740347
9.995E-05 9.995E-05 9.995E-05 9.995E-05 9.995E-05 9.995E-05 0.9994
9.9973E-05 0.0862763 9.9973E-05 0.0641313 9.9973E-05 0.0254986 0.823794
0.067276 0.0869307 0.13566 0.0416297 9.9991E-05 0.0199683 0.648435
9.9964E-05 0.106191 9.9964E-05 0.100012 9.9964E-05 9.9964E-05 0.793397
9.9973E-05 0.0747657 0.195395 0.0341118 9.9973E-05 9.9973E-05 0.695428
0.0180448 0.00944808 0.0778551 0.0768945 0.0615963 9.9991E-05 0.756061
0.0904085 0.124192 0.011125 0.104376 9.9991E-05 0.0148942 0.654904
0.059116 0.164687 0.0259798 0.0163833 0.0410485 0.101648 0.591138
0.016542 0.258053 9.9991E-05 0.178536 0.0866032 0.0229534 0.437212
0.0378548 0.0835058 0.166804 0.0344106 9.9991E-05 0.0561957 0.621129
0.00200155 0.0664726 0.761291 0.0107676 9.9991E-05 0.0733711 0.085996
0.0544441 0.126576 0.75607 9.9973E-05 9.9973E-05 0.0626104 9.9973E-05
0.0875523 0.0137298 0.747702 0.0333628 0.0306137 0.0124932 0.0745464
0.0454132 0.105063 0.758905 0.0382531 9.9991E-05 0.0206814 0.0315848
0.0790579 0.0387094 0.787522 9.9991E-05 0.0229481 0.0645565 0.0071057
0.0617235 0.00890601 0.893719 0.0148929 0.00876278 9.9991E-05 0.0118955
0.0587799 9.9991E-05 0.676456 0.145798 0.0774965 0.0382206 0.0031486
0.00279544 0.0959426 0.716149 0.057468 9.9991E-05 0.0838988 0.0436465
9.9982E-05 9.9982E-05 0.709079 0.0914832 0.0780442 0.057774 0.0634194
0.102279 9.9964E-05 0.85654 9.9964E-05 9.9964E-05 0.0407815 9.9964E-05
0.0248734 0.0404674 0.849002 0.0404641 0.0291828 0.0159098 9.9991E-05
0.0661158 9.9973E-05 0.919414 9.9973E-05 9.9973E-05 0.00915613 0.00501441
0.0369435 0.0498008 0.789527 0.0678293 0.0100995 0.0370943 0.00870591
0.0534729 9.9973E-05 0.899064 9.9973E-05 9.9973E-05 0.0356793 0.0114841
0.0877826 9.9973E-05 0.806985 0.0476343 9.9973E-05 9.9973E-05 0.0572979
0.0417979 9.9982E-05 0.773581 9.9982E-05 0.0137203 0.131221 0.0394805
0.0502374 9.9973E-05 0.827489 9.9973E-05 0.0790112 0.0429624 9.9973E-05
0.102677 0.0364095 0.766945 0.0613437 0.0165872 0.0130952 0.00294248
0.061216 0.0894905 0.731049 0.0525753 9.9991E-05 0.0116277 0.0539418
9.9982E-05 0.0189846 0.795992 9.9982E-05 0.0902882 0.0472754 0.0472599
0.0835 0.581846 0.116835 0.0669705 0.00455601 0.0814584 0.0648343
0.117495 0.552811 0.030672 9.9991E-05 0.0966757 0.184437 0.0178084
0.0650839 0.569464 0.0501319 0.0775412 0.0290448 0.208634 9.9991E-05
0.0875913 0.497651 0.132426 9.9982E-05 0.0413588 0.240773 9.9982E-05
0.126374 0.744048 0.000230535 9.9982E-05 9.9982E-05 0.103837 0.0253101
0.123108 0.551044 0.133778 9.9982E-05 0.0266401 0.16523 9.9982E-05
0.995728 9.9955E-05 9.9955E-05 9.9955E-05 9.9955E-05 0.00377189 9.9955E-05
0.095707 0.533536 0.117367 9.9973E-05 9.9973E-05 0.25309 9.9973E-05
0.131167 0.510473 0.00335287 0.0856676 0.138296 0.130943 9.9991E-05
0.199621 0.455926 0.0623528 0.00991139 0.0537418 0.069988 0.148459
0.156649 0.668806 0.0321628 9.9982E-05 9.9982E-05 0.122811 0.0193721
0.105413 0.638159 9.9973E-05 9.9973E-05 9.9973E-05 0.164608 0.0915203
0.169473 0.540235 9.9991E-05 0.000113487 0.0501484 0.192731 0.047199
0.160038 0.726179 9.9973E-05 9.9973E-05 0.0264046 0.087078 9.9973E-05
0.176657 0.632148 0.0582404 9.9973E-05 9.9973E-05 0.132655 9.9973E-05
0.0689386 0.605949 0.00765922 0.0259718 9.9991E-05 0.244308 0.047074
0.0287398 0.61609 0.0525178 0.0801868 9.9991E-05 0.174909 0.0474571
0.146736 0.475738 0.292605 9.9982E-05 9.9982E-05 0.046557 0.0381649
0.133735 0.42372 0.268081 9.9991E-05 0.040291 0.0893465 0.0447261
0.121118 0.241761 0.480722 9.9982E-05 0.0624149 0.0937838 9.9982E-05
0.957864 9.99549E-05 9.99549E-05 9.99549E-05 9.99549E-05 0.0416359 9.99549E-05
0.104583 0.350997 0.202778 9.9991E-05 0.055707 0.18077 0.105064
0.179252 0.490821 0.135893 0.014107 9.9982E-05 0.179727 9.9982E-05
0.100743 0.622385 0.110962 9.9991E-05 0.0679122 0.0787746 0.0191232
0.115519 0.652076 9.9991E-05 0.0641325 0.062338 0.104571 0.00126295
0.159462 0.505396 0.0876557 9.9982E-05 0.0724217 0.174865 9.9982E-05
0.120477 0.106583 0.263256 0.204183 0.0161933 0.203359 0.0859497
0.0935051 0.120009 0.203188 0.538548 9.9982E-05 0.0445509 9.9982E-05
9.9991E-05 0.579165 0.170871 0.0840056 0.0229666 0.0649175 0.0779744
0.111442 0.667815 0.0679895 0.0480828 0.0237427 0.0808272 9.9991E-05
0.0767364 0.67826 0.0990925 0.125687 9.9982E-05 0.0200244 9.9982E-05
0.0593089 0.632072 0.0807215 9.9982E-05 0.0476003 0.180097 9.9982E-05
9.9964E-05 0.0635466 9.9964E-05 9.9964E-05 9.9964E-05 0.926088 0.00996516
0.166315 0.485436 0.210177 9.9982E-05 0.0406598 0.0972115 9.9982E-05
0.18289 0.612969 0.0956739 9.9973E-05 9.9973E-05 0.108168 9.9973E-05
0.0321859 0.631626 9.9991E-05 0.112701 0.0664098 0.107305 0.0496724
0.0850322 0.490722 9.9991E-05 0.0490673 0.105818 0.119975 0.149286
0.0648615 0.671634 9.9991E-05 0.116476 0.0250198 0.0877891 0.0341192
0.0866212 0.419963 0.0144954 0.111867 0.130844 0.177995 0.0582135
0.167693 0.414778 0.0472364 0.216371 0.0312192 0.122602 9.9991E-05
0.158175 0.495803 0.125478 9.9982E-05 0.104228 0.116116 9.9982E-05
0.0909204 0.718837 0.0271169 9.9991E-05 0.00304479 0.118531 0.04145
0.177836 0.464219 0.151123 9.9982E-05 0.0206402 0.185981 9.9982E-05
0.0546935 0.701207 9.9991E-05 0.045157 0.0375643 0.0871272 0.0741508
0.163104 0.484963 9.9982E-05 0.0796085 0.0352964 0.236828 9.9982E-05
0.113497 0.67816 0.0165857 9.9991E-05 0.0434224 0.148018 0.000217192
9.995E-05 9.995E-05 9.995E-05 9.995E-05 9.995E-05 0.9994 9.995E-05
0.13768 0.438287 0.047426 0.0464577 0.101534 0.226115 0.00250097
0.146861 0.600045 0.0546673 9.9991E-05 0.0344339 0.155493 0.00839981
0.103614 0.599977 0.0251102 0.0723408 0.0412524 0.157606 9.9991E-05
0.0890211 0.573622 0.15218 0.00583158 0.0323155 0.14693 9.9991E-05
0.108706 0.751573 0.025658 9.9982E-05 0.0320663 0.0817968 9.9982E-05
0.0921645 0.633799 0.0304671 9.9991E-05 0.050495 0.0838317 0.109143
0.9994 9.995E-05 9.995E-05 9.995E-05 9.995E-05 9.995E-05 9.995E-05
9.995E-05 9.995E-05 9.995E-05 9.995E-05 9.995E-05 0.9994 9.995E-05
0.9994 9.995E-05 9.995E-05 9.995E-05 9.995E-05 9.995E-05 9.995E-05
0.0991382 0.639605 9.9982E-05 0.0524721 0.0396346 0.16895 9.9982E-05
0.216627 0.28101 0.000285409 0.0751787 0.0730887 0.257164 0.0966464
0.097248 0.59056 0.0124812 0.0283285 0.0822945 0.139803 0.0492848
0.170739 0.478706 0.094387 9.9991E-05 0.0800256 0.133645 0.0423975
0.167443 0.516819 0.1322 9.9991E-05 0.00542666 0.117332 0.0606793
9.9982E-05 0.0823842 0.0103237 0.00909598 0.0314881 0.866508 9.9982E-05
0.125458 0.44296 0.132195 0.0450844 0.0803974 0.173805 9.9991E-05
0.00130482 0.69061 9.9991E-05 0.109799 0.00636479 0.0575287 0.134293
0.0610182 0.57504 0.00939031 0.146235 9.9991E-05 0.103252 0.104965
0.0752636 0.51673 0.0525706 0.0273449 9.9991E-05 0.0690291 0.258962
9.9982E-05 0.627965 9.9982E-05 0.0989408 0.0282466 0.0816478 0.163
0.012478 0.524054 9.9982E-05 0.141842 9.9982E-05 0.099544 0.221882
9.9982E-05 0.418111 9.9982E-05 0.191446 0.0276157 0.163339 0.199289
9.9991E-05 0.523927 0.00703441 0.17148 0.0253253 0.109876 0.162257
9.9982E-05 0.591694 9.9982E-05 0.0475146 0.0569291 0.0880502 0.215612
9.9991E-05 0.48991 0.0601002 0.175293 0.000740743 0.0993886 0.174467
0.0113366 0.555198 0.109652 0.0501568 9.9991E-05 0.0932298 0.180326
9.9982E-05 0.556294 9.9982E-05 0.0852313 0.00318971 0.109952 0.245132
0.029541 0.0179236 0.0454428 0.772524 0.0013 0.0826802 0.0505885
9.9973E-05 9.9973E-05 9.9973E-05 0.825501 0.00985126 0.136396 0.0279516
0.0261004 9.9991E-05 0.083076 0.662166 0.0323618 0.0711215 0.125074
9.9982E-05 0.0344499 0.0404362 0.807621 0.0603365 9.9982E-05 0.0569563
0.0978534 9.9991E-05 0.107136 0.730648 0.0406554 0.00204267 0.021564
0.0185719 9.9991E-05 0.00958582 0.77083 0.01325 0.0950421 0.0926205
9.9973E-05 9.9973E-05 0.0891926 0.796508 9.9973E-05 0.0783426 0.0356569
0.0645047 9.9973E-05 9.9973E-05 0.817296 9.9973E-05 0.044746 0.073153
0.121089 0.00653176 0.129872 0.529715 0.0740479 0.0595188 0.0792259
9.9982E-05 9.9982E-05 0.182992 0.702761 0.000639855 0.0854295 0.0279774
0.0264125 0.00169407 0.127504 0.796701 0.00184183 9.9991E-05 0.0457473
9.9991E-05 0.00608353 0.162641 0.766455 0.0453183 0.0175984 0.00180403
0.00885695 0.0614668 0.231483 0.590736 0.0565351 0.00184694 0.0490749
0.00731931 0.248262 0.121787 0.558948 0.00650753 0.0570765 9.9991E-05
0.0265003 0.0426184 9.9991E-05 0.662199 0.0793949 0.0878262 0.101361
0.00508168 0.00734554 0.0204776 0.769059 0.0828423 0.115094 9.9991E-05
9.9973E-05 0.0263015 0.0474282 0.865735 9.9973E-05 0.0602356 9.9973E-05
9.9964E-05 0.16127 9.9964E-05 0.76143 0.0768996 9.9964E-05 9.9964E-05
0.0133357 9.9991E-05 0.036419 0.786276 0.0822462 0.0583952 0.0232281
0.0350353 0.041686 0.0603208 0.784319 0.0330796 0.0398521 0.00570692
0.0240208 0.0262207 9.9991E-05 0.718065 0.056186 0.104748 0.07066
0.000608452 0.0144569 0.0223028 0.852424 0.0131963 0.0843869 0.0126249
0.0398113 0.0569434 9.9991E-05 0.786902 0.0121284 0.0755319 0.0285833
0.0120631 0.0755336 0.0121747 0.829949 0.0253181 0.0448619 9.9991E-05
0.000324218 0.0820403 9.9991E-05 0.678061 0.0496039 0.0896208 0.100249
9.9991E-05 0.181476 0.00274303 0.714918 0.0314768 0.00652784 0.0627584
9.9991E-05 0.0068553 0.0608819 0.767896 0.0482182 0.0459453 0.0701036
0.0628261 0.0970522 0.0733747 0.610982 0.107938 0.047727 9.9991E-05
0.00283116 0.110239 0.0513242 0.691848 0.0443528 0.0606488 0.0387552
9.9973E-05 9.9973E-05 0.0793773 0.777214 9.9973E-05 0.102325 0.0407829
9.9964E-05 9.9964E-05 0.0625371 0.842997 9.9964E-05 0.0940657 9.9964E-05
0.0217159 9.9982E-05 0.169842 0.682091 0.0825282 0.0436225 9.9982E-05
9.9982E-05 0.0926165 0.0949809 0.716545 9.9982E-05 0.0235775 0.07208
0.0272135 9.9973E-05 9.9973E-05 0.81405 9.9973E-05 0.0782838 0.0801526
0.0301789 0.0299432 9.9991E-05 0.80341 0.0260815 0.0774669 0.0328198
0.0311932 9.9991E-05 0.636347 0.190284 0.0585266 0.0338633 0.0496863
9.9982E-05 9.9982E-05 0.596318 0.137403 0.0543516 0.0999325 0.111795
0.022449 0.0605852 0.627293 0.0553559 0.106469 0.0462812 0.081567
9.9991E-05 0.0584558 0.575128 0.0893962 0.116637 0.0503067 0.109975
9.9991E-05 0.0933462 0.679323 0.0576172 0.094195 0.0140503 0.061368
0.0348908 9.9982E-05 0.680515 0.103625 9.9982E-05 0.0598682 0.120901
9.9973E-05 9.9973E-05 0.855514 0.0399048 9.9973E-05 0.0510552 0.0532258
0.00669971 0.00713456 0.592913 0.154736 0.0833725 9.9991E-05 0.155044
