9.9964E-05 0.0357953 9.9964E-05 9.9964E-05 0.0150529 0.948752 9.9964E-05
0.0626331 0.0340342 0.0920258 9.9991E-05 0.0490564 0.737288 0.024863
9.9973E-05 9.9973E-05 0.0520138 0.0468284 0.0950563 0.805802 9.9973E-05
0.00161067 9.9991E-05 0.0830314 0.0663402 0.00442361 0.809781 0.0347134
9.9973E-05 0.062723 0.0819733 9.9973E-05 9.9973E-05 0.825097 0.029907
0.0851168 9.9973E-05 0.0144451 0.0190266 9.9973E-05 0.881112 9.9973E-05
9.9955E-05 9.9955E-05 0.0580976 9.9955E-05 9.9955E-05 0.941403 9.9955E-05
0.00432707 0.0231155 0.0593182 0.0209368 0.0273132 0.818728 0.0462614
0.00480955 9.9973E-05 0.160513 9.9973E-05 9.9973E-05 0.825556 0.00882188
9.9973E-05 9.9973E-05 0.0198634 0.0214179 9.9973E-05 0.891984 0.0664346
0.0450009 9.9991E-05 0.0983704 0.0283524 0.00633933 0.778943 0.0428938
9.9964E-05 9.9964E-05 9.9964E-05 0.164295 0.0605494 0.774756 9.9964E-05
0.091919 9.9982E-05 9.9982E-05 0.0790098 0.0723054 0.755607 0.000958594
9.999E-05 0.0328498 0.116493 0.103889 0.0504292 0.671941 0.0242975
9.9973E-05 9.9973E-05 0.0308159 0.0264 0.103108 0.839376 9.9973E-05
0.041331 0.00174883 0.084542 9.9982E-05 9.9982E-05 0.866246 0.00593223
0.0484182 9.9964E-05 9.9964E-05 9.9964E-05 9.9964E-05 0.942262 0.00891986
9.9955E-05 0.0247895 9.9955E-05 9.9955E-05 9.9955E-05 0.974711 9.9955E-05
0.000110028 0.0167954 9.9964E-05 9.9964E-05 9.9964E-05 0.982695 9.9964E-05
0.0373411 9.9982E-05 9.9982E-05 0.020561 0.00876621 0.903683 0.0294486
9.995E-05 9.995E-05 9.995E-05 0.9994 9.995E-05 9.995E-05 9.995E-05
0.0157303 0.0624055 0.0458341 0.735241 0.104969 0.0357209 9.9991E-05
9.999E-05 0.185806 0.0322973 0.649043 0.0862765 0.0321367 0.0143403
0.0186632 0.143129 9.9973E-05 0.817713 9.9973E-05 9.9973E-05 0.0201945
9.9955E-05 9.9955E-05 9.9955E-05 0.915002 0.0844978 9.9955E-05 9.9955E-05
9.9982E-05 0.0373708 9.9982E-05 0.888407 0.00355941 0.0453531 0.0251095
9.9982E-05 0.0945422 0.058284 0.735416 0.100503 9.9982E-05 0.0110551
9.995E-05 9.995E-05 9.995E-05 0.9994 9.995E-05 9.995E-05 9.995E-05
9.9973E-05 9.9973E-05 0.0486707 0.80653 0.0852341 9.9973E-05 0.0592655
0.0894242 0.0384459 0.115616 0.660932 0.0362426 0.0116089 0.0477305
9.9973E-05 9.9973E-05 0.127901 0.742838 0.0929212 9.9973E-05 0.0360406
0.0769624 0.0872408 0.115312 0.720185 9.9973E-05 9.9973E-05 9.9973E-05
9.9991E-05 0.0769721 0.0831948 0.744389 0.0377412 0.0476483 0.00995445
0.1344 9.9982E-05 0.111579 0.670952 0.0388709 9.9982E-05 0.0439979
0.0387549 0.079861 9.9991E-05 0.625621 0.149844 0.0144626 0.0913564
9.9982E-05 9.9982E-05 0.188424 0.453595 0.188239 0.129873 0.0396699
9.9982E-05 0.0954445 0.0517101 0.671034 0.113578 9.9982E-05 0.0680327
0.0112846 0.74101 9.9982E-05 0.069801 0.160801 9.9982E-05 0.016904
0.0930189 0.692831 0.0629884 9.9991E-05 0.0918777 0.00537176 0.0538123
0.0150293 0.7857 0.067108 9.9991E-05 0.0923469 0.020305 0.0194105
0.00764849 0.784977 0.0165283 0.082871 0.107775 9.9982E-05 9.9982E-05
0.0551806 0.772673 9.9991E-05 0.0517833 0.0389159 0.0412007 0.0401468
0.0376702 0.913189 9.9973E-05 9.9973E-05 0.0298356 0.019005 9.9973E-05
0.0667382 0.643801 0.177583 9.9982E-05 9.9982E-05 0.0760226 0.0356548
0.0200869 0.761863 0.0228795 0.0936231 9.9982E-05 9.9982E-05 0.101347
9.9982E-05 0.730251 0.0736115 0.063158 9.9982E-05 0.0750428 0.0577366
0.0759584 0.837119 0.0495843 9.9973E-05 9.9973E-05 9.9973E-05 0.0370388
0.0348604 0.851788 0.0273277 0.0456878 0.0182823 9.9991E-05 0.0219538
0.0440727 0.903009 9.9973E-05 0.0507061 9.9973E-05 9.9973E-05 0.00191242
9.9982E-05 0.737654 0.12025 9.9982E-05 0.105079 0.00463932 0.0321784
0.0785682 0.834613 0.00424297 9.9982E-05 0.0554122 9.9982E-05 0.0269642
0.0514494 0.816412 0.0676062 0.0579674 9.9982E-05 9.9982E-05 0.00636521
0.0463049 0.863438 9.9964E-05 9.9964E-05 9.9964E-05 9.9964E-05 0.0898571
0.0359977 0.75193 9.9991E-05 0.0105642 0.0991345 0.0919411 0.0103327
0.0690078 0.791443 0.0621457 9.9982E-05 9.9982E-05 0.0385539 0.0386498
0.0562359 0.730153 0.0131859 0.0945316 0.040966 0.0342332 0.0306943
0.00162302 0.76071 0.109848 0.032691 9.9991E-05 0.0361889 0.0588391
0.0370274 0.20257 0.00710066 0.0885847 0.459363 0.0523898 0.152964
9.9964E-05 9.9964E-05 9.9964E-05 9.9964E-05 0.859681 0.0676402 0.0722794
0.100286 0.0591442 0.070357 0.0252573 0.522912 0.0192325 0.202811
0.103347 0.0918754 9.9982E-05 9.9982E-05 0.626567 0.0164095 0.161602
0.0630992 9.9973E-05 0.00609448 9.9973E-05 0.790671 9.9973E-05 0.139836
0.111355 0.131168 9.9982E-05 0.0151786 0.626611 9.9982E-05 0.115487
0.9994 9.995E-05 9.995E-05 9.995E-05 9.995E-05 9.995E-05 9.995E-05
0.00831864 9.9964E-05 9.9964E-05 9.9964E-05 0.884621 9.9964E-05 0.10666
0.165188 0.100533 0.0699259 9.9991E-05 0.40626 0.127622 0.130371
0.21564 0.00975449 0.0522993 0.154196 0.389192 0.0668151 0.112103
0.18585 0.0218428 0.0195673 0.0676966 0.537079 0.053742 0.114222
0.142149 9.9973E-05 9.9973E-05 0.0646706 0.61909 9.9973E-05 0.17379
0.145084 9.9982E-05 9.9982E-05 0.067449 0.561207 0.0491701 0.17689
0.19938 0.00948971 9.9982E-05 9.9982E-05 0.638596 0.0276253 0.124709
0.18224 0.0502692 0.0163335 9.9982E-05 0.634832 9.9982E-05 0.116125
0.145122 9.9982E-05 9.9982E-05 0.0543572 0.64036 0.0108059 0.149155
0.0590934 0.034942 0.105807 0.110549 0.543104 0.00667728 0.139826
0.0970117 0.347652 9.9973E-05 9.9973E-05 0.507164 9.9973E-05 0.047872
0.144928 0.288859 9.9982E-05 9.9982E-05 0.39921 0.0601182 0.106685
0.0964303 0.43972 9.9982E-05 9.9982E-05 0.337645 0.0786522 0.0473534
0.970625 9.99549E-05 9.99549E-05 9.99549E-05 9.99549E-05 9.99549E-05 0.0288757
0.140648 0.208502 9.9991E-05 0.0821533 0.311265 0.0936766 0.163656
0.235006 0.148262 0.00250976 9.9982E-05 0.515642 9.9982E-05 0.0983796
0.0543569 0.112698 9.9991E-05 0.0858795 0.569605 0.0528713 0.124489
0.101946 0.0262852 0.0034457 0.00255448 0.684717 0.0750523 0.105999
0.239592 0.0483996 0.00187736 9.9991E-05 0.496407 0.107298 0.106326
0.0713507 0.266954 0.190243 0.0570981 0.243913 0.0438514 0.12659
0.125678 0.215728 0.583894 9.9982E-05 0.0394958 9.9982E-05 0.0350037
0.0196387 0.245688 0.115309 9.9991E-05 0.591398 0.00170607 0.0261593
0.106822 0.169514 9.9982E-05 9.9982E-05 0.568753 0.0365637 0.118148
0.0480141 0.147035 0.105075 9.9991E-05 0.614597 0.0131217 0.0720568
0.0478078 0.120347 0.0644124 9.9991E-05 0.605917 0.0134678 0.147948
9.9964E-05 9.9964E-05 9.9964E-05 0.066345 0.12995 9.9964E-05 0.803305
0.364273 0.139384 0.00773831 0.0040551 0.344609 0.0348929 0.105048
0.204771 0.126603 0.0530124 9.9982E-05 0.506542 9.9982E-05 0.108872
0.0738617 9.9991E-05 0.117083 0.092012 0.488908 0.0936886 0.134346
0.0907477 0.0541945 0.0932341 0.174475 0.449782 0.0469727 0.0905942
0.13082 0.0932776 0.0511183 0.0467192 0.457323 0.0549574 0.165784
0.0493889 9.9991E-05 0.105248 0.0485024 0.582457 0.100166 0.114138
0.187422 9.9991E-05 0.208982 0.00905018 0.400228 0.0592211 0.134997
0.227361 0.170551 9.9982E-05 9.9982E-05 0.405517 0.107121 0.0892504
0.139211 0.0217032 9.9991E-05 0.0292254 0.654675 0.0364363 0.118649
0.169427 0.0776722 0.0281653 9.9991E-05 0.52372 0.053207 0.147709
0.0582619 9.9991E-05 0.0707678 0.056156 0.64723 0.0310828 0.136401
0.182756 9.9982E-05 0.118586 9.9982E-05 0.450705 0.0595845 0.188169
0.138255 9.9982E-05 0.0194672 9.9982E-05 0.69583 0.01756 0.128688
9.995E-05 9.995E-05 9.995E-05 9.995E-05 9.995E-05 9.995E-05 0.9994
0.143658 0.0740129 0.0297809 9.9991E-05 0.532197 0.0700716 0.15018
0.169071 0.0703016 0.00819662 0.0218473 0.532777 0.0307436 0.167063
0.17068 0.0399035 0.0555667 0.00220951 0.519318 0.0319059 0.180416
0.14094 0.147819 0.0473931 9.9982E-05 0.535085 9.9982E-05 0.128563
0.117192 0.0420836 9.9991E-05 0.00626157 0.723239 0.0453231 0.0658007
0.0986338 0.0233815 9.9991E-05 0.0755224 0.660084 0.0280789 0.114199
0.9994 9.995E-05 9.995E-05 9.995E-05 9.995E-05 9.995E-05 9.995E-05
9.995E-05 9.995E-05 9.995E-05 9.995E-05 9.995E-05 9.995E-05 0.9994
0.9994 9.995E-05 9.995E-05 9.995E-05 9.995E-05 9.995E-05 9.995E-05
0.100494 9.9982E-05 0.0662776 9.9982E-05 0.588412 0.0727597 0.171857
0.281776 0.0340464 0.0409243 0.108543 0.358162 0.0542574 0.122291
0.1637 0.00204123 0.0169717 0.119493 0.477179 0.0781395 0.142476
0.18458 0.104477 9.9982E-05 9.9982E-05 0.537617 0.0599437 0.113183
0.179812 0.130184 9.9991E-05 0.0382798 0.50484 0.021182 0.125603
9.9991E-05 0.0314682 0.0607444 0.0417797 0.140373 0.0127996 0.712735
0.0551513 0.116534 0.0342502 0.0182412 0.458985 0.133846 0.182992
9.9973E-05 9.9973E-05 0.100167 0.112497 0.713224 9.9973E-05 0.0738123
0.0349563 0.0347693 0.175329 0.0654902 0.566958 0.0137647 0.108732
0.0709174 0.00693493 0.101 0.217805 0.456265 9.9991E-05 0.146977
0.0257422 0.00648365 0.137934 0.138874 0.550914 0.0182529 0.1218
0.11192 0.0410116 0.174392 0.165956 0.403965 9.9991E-05 0.102655
0.0245932 9.9991E-05 0.280948 0.147313 0.369654 0.0223796 0.155013
9.9991E-05 0.0758404 0.190977 0.1565 0.473009 0.0251985 0.0783753
9.9991E-05 0.00513068 0.107421 0.21167 0.508945 0.0631314 0.103602
0.04006 0.126594 0.147473 0.110561 0.460239 0.00352649 0.111546
0.0231263 0.162489 9.9991E-05 0.193924 0.481139 0.0212308 0.117991
9.9991E-05 0.111112 0.0585659 0.20707 0.519367 0.0223698 0.0814145
0.0408714 0.0676794 0.796333 0.0327954 9.9982E-05 9.9982E-05 0.0621204
9.9982E-05 0.0306582 0.849679 9.9982E-05 0.0415974 0.0158889 0.0619762
0.0474082 0.0620157 0.74672 0.0666569 0.0575338 0.0195655 9.9991E-05
0.0102389 0.106334 0.75884 0.0754872 0.00524482 0.0167589 0.0270968
0.0852711 0.0724533 0.713666 0.0638857 9.9991E-05 0.0607591 0.00386442
0.0810236 9.9982E-05 0.735404 0.105403 9.9982E-05 0.0312698 0.046699
9.9982E-05 0.162307 0.726837 0.0282339 9.9982E-05 0.0139046 0.0685172
0.0758262 9.9973E-05 0.82787 0.0720336 9.9973E-05 9.9973E-05 0.0239699
0.0354431 0.0834963 0.560883 0.0917192 0.101659 0.061603 0.0651973
9.9973E-05 0.266532 0.661924 9.9973E-05 9.9973E-05 0.0293402 0.0419043
0.0565376 0.075987 0.754625 0.10289 9.9991E-05 0.00467371 0.00518688
9.9973E-05 0.15344 0.795724 9.9973E-05 0.00699099 0.043545 9.9973E-05
0.0383196 0.15098 0.636071 0.0942606 0.00214727 0.0651087 0.0131136
0.0478746 0.19658 0.563462 9.9991E-05 0.125764 0.0372638 0.0289553
9.9982E-05 9.9982E-05 0.704088 0.0457626 0.147283 0.0702691 0.0323966
9.9982E-05 0.025889 0.732904 9.9982E-05 0.094574 0.115553 0.0308804
0.0574631 0.0432391 0.8146 0.0232328 9.9982E-05 9.9982E-05 0.0612654
0.0232394 0.0170347 0.768861 9.9991E-05 0.120698 0.0468033 0.0232637
0.000602689 0.0645786 0.771587 0.0724934 9.9991E-05 0.0480973 0.042541
0.0458128 0.0489426 0.798253 0.0519734 0.0363938 0.00779689 0.0108274
0.0255441 0.0378407 0.682926 0.0789959 0.0384213 0.103261 0.0330118
0.0529664 9.9991E-05 0.771513 0.0272855 0.0977602 0.0114047 0.0389703
0.105952 9.9973E-05 0.829064 9.9973E-05 9.9973E-05 0.0471163 0.0175684
0.0573769 9.9982E-05 0.765957 0.0455397 9.9982E-05 0.0423942 0.0885325
9.9982E-05 9.9982E-05 0.74193 0.0280142 0.024159 0.0549 0.150797
9.9982E-05 0.0553962 0.735854 0.079687 0.086954 0.0419087 9.9982E-05
0.0540882 0.0120449 0.747518 0.0789988 9.9991E-05 0.064048 0.0432021
0.0925922 9.9982E-05 0.664316 9.9982E-05 0.123878 0.103466 0.0155479
0.0697899 0.105333 0.674991 0.0478026 0.0253723 0.0766111 9.9991E-05
0.0221695 0.0323153 0.797522 0.0435658 0.0343389 0.0115537 0.0585348
0.104342 0.132985 0.75403 9.9973E-05 9.9973E-05 9.9973E-05 0.00834281
0.0123467 0.145628 0.695697 0.0484761 9.9991E-05 0.0685764 0.0291754
0.0312473 0.102999 0.721303 0.0859392 0.0583117 9.9982E-05 9.9982E-05
0.0143766 9.9982E-05 0.837554 0.033706 0.0535104 9.9982E-05 0.060653
0.0695544 9.9982E-05 0.865224 0.0102462 9.9982E-05 0.0429013 0.0118744
0.0547463 0.676801 0.192831 0.0214069 9.9982E-05 0.0540151 9.9982E-05
9.9982E-05 0.554733 0.126604 0.161142 9.9982E-05 0.0292236 0.128097
0.032144 0.524239 0.0832098 0.125767 0.0722644 0.156565 0.00581109
0.0252558 0.59877 0.142756 0.0944403 9.9991E-05 0.0933064 0.0453715
0.0213708 0.667911 0.128639 0.0281874 0.0618007 0.0697791 0.0223116
0.0162709 0.749678 0.0602913 0.150707 9.9982E-05 9.9982E-05 0.0228531
9.9982E-05 0.792882 0.0728361 0.0487401 0.0561954 9.9982E-05 0.0291467
9.9973E-05 0.568758 9.9973E-05 0.235622 0.0868274 0.108492 9.9973E-05
