9.9955E-05 9.9955E-05 0.0340969 9.9955E-05 9.9955E-05 9.9955E-05 0.965403
0.00543623 0.0507952 9.9982E-05 0.145496 9.9982E-05 0.0856728 0.7124
0.0468573 9.9982E-05 9.9982E-05 0.050157 0.000427265 0.0561174 0.846241
0.0853207 9.9982E-05 9.9982E-05 0.017402 0.0276883 0.0944904 0.774899
0.0541187 0.00232866 0.0181657 0.0276954 0.0280729 0.0378689 0.83175
0.00187289 0.0458717 9.9973E-05 9.9973E-05 9.9973E-05 0.0753634 0.876592
9.9982E-05 0.00591505 9.9982E-05 0.00363343 0.00405125 0.076119 0.910081
0.0202804 9.9982E-05 0.0306955 9.9982E-05 0.03265 0.0844621 0.831712
0.0110091 9.9982E-05 9.9982E-05 0.0415539 0.0371045 0.101872 0.808261
0.00268045 0.000744561 9.9982E-05 9.9982E-05 0.0197998 0.136487 0.840088
0.0404295 0.0471863 9.9982E-05 0.0200639 9.9982E-05 0.121888 0.770232
0.147649 0.0440894 9.9991E-05 0.0122201 0.0110529 0.015547 0.769342
0.07983 0.0633889 9.9982E-05 0.0424196 9.9982E-05 0.00747523 0.806686
0.0496836 9.9982E-05 0.0240041 9.9982E-05 0.0326301 0.174443 0.71904
0.0602949 0.00305436 9.9973E-05 0.099014 9.9973E-05 9.9973E-05 0.837337
9.9964E-05 9.9964E-05 9.9964E-05 9.9964E-05 0.000809608 0.118962 0.879829
9.9964E-05 0.0170971 9.9964E-05 9.9964E-05 0.0201213 9.9964E-05 0.962382
9.9955E-05 0.026718 9.9955E-05 9.9955E-05 9.9955E-05 9.9955E-05 0.972782
9.9955E-05 9.9955E-05 0.0425808 9.9955E-05 9.9955E-05 9.9955E-05 0.956919
0.0382842 9.9964E-05 9.9964E-05 9.9964E-05 0.0404442 9.9964E-05 0.920872
0.9994 9.995E-05 9.995E-05 9.995E-05 9.995E-05 9.995E-05 9.995E-05
0.751789 0.0480873 0.0593124 0.0432706 9.9991E-05 0.0633416 0.0340993
0.689764 9.9991E-05 0.128557 0.0721233 0.0199171 0.0240157 0.0655226
0.775981 0.0357336 0.17364 9.9973E-05 0.014346 9.9973E-05 9.9973E-05
0.909058 9.9964E-05 9.9964E-05 0.0709139 9.9964E-05 0.019628 9.9964E-05
0.898608 0.0292569 0.0239201 0.00576473 0.00381847 9.9991E-05 0.0385317
0.80906 9.9973E-05 0.102647 0.0863895 9.9973E-05 0.00160343 9.9973E-05
0.9994 9.995E-05 9.995E-05 9.995E-05 9.995E-05 9.995E-05 9.995E-05
0.765094 0.00700575 9.9982E-05 0.112573 0.0298093 0.0853183 9.9982E-05
0.672847 0.106845 0.0407039 0.0654242 9.9991E-05 0.108152 0.00592704
0.739831 9.9973E-05 9.9973E-05 0.0714382 0.00950251 0.178928 9.9973E-05
0.748181 0.0262405 0.163102 0.00190028 0.00521913 0.0552573 9.9991E-05
0.718311 9.9991E-05 0.101982 0.0265597 0.0295422 0.075381 0.0481244
0.605258 0.0943265 9.9982E-05 0.109481 0.0170468 0.173687 9.9982E-05
0.623394 0.0455805 0.0131975 0.16625 0.0628955 0.0494817 0.0392003
0.413231 0.0593478 0.016398 0.230006 0.0276254 0.190733 0.0626596
0.657726 0.0709031 0.13549 0.0868199 0.0465593 0.00240192 9.9991E-05
0.0646525 0.0737586 0.699039 0.119376 0.00152058 0.0267879 0.014866
9.9982E-05 0.0653877 0.742502 0.0853656 0.0500233 0.0565217 9.9982E-05
0.0273716 0.0872935 0.76039 0.056414 0.0140108 0.0457047 0.00881516
0.0424563 0.103589 0.768547 0.0425819 0.00457838 0.0256677 0.0125793
0.0167661 0.0921755 0.785262 9.9982E-05 0.0517393 9.9982E-05 0.0538573
9.999E-05 0.00805046 0.887761 0.0226198 0.0517651 0.0118418 0.017862
0.00264795 0.108974 0.641825 9.9991E-05 0.00961092 0.17098 0.0658629
0.0152706 0.0779826 0.872518 9.9982E-05 0.0332041 9.9982E-05 0.000824365
0.050523 9.9982E-05 0.753075 9.9982E-05 0.0412266 0.09873 0.0562453
9.9973E-05 0.0927826 0.790819 0.0920101 0.0240881 9.9973E-05 9.9973E-05
9.9973E-05 0.00733396 0.944433 9.9973E-05 0.0237955 9.9973E-05 0.0241378
9.9955E-05 0.0847116 0.914789 9.9955E-05 9.9955E-05 9.9955E-05 9.9955E-05
9.9991E-05 0.0605101 0.805229 0.00740999 0.0279256 0.0766853 0.0221405
0.0260107 0.0919611 0.805099 0.0382876 9.9991E-05 0.024288 0.0142538
0.0453991 0.0552507 0.89895 9.9964E-05 9.9964E-05 9.9964E-05 9.9964E-05
0.00388302 0.0370646 0.875471 0.00592409 0.0774568 9.9982E-05 9.9982E-05
9.9973E-05 0.0251837 0.815233 0.0513519 9.9973E-05 9.9973E-05 0.107932
0.0085339 0.103182 0.734377 9.9991E-05 0.0268676 0.0753751 0.0515634
0.0366423 0.0968455 0.831084 0.0295796 9.9982E-05 0.00564882 9.9982E-05
0.0510242 9.9991E-05 0.725267 0.000245815 0.0716022 0.0806418 0.0711192
0.0239993 0.101423 0.21649 0.496895 0.0308288 0.0834627 0.046901
9.9973E-05 0.0401035 9.9973E-05 0.8274 0.0841299 9.9973E-05 0.0480665
9.9991E-05 0.0959605 0.0250219 0.586374 0.155806 0.101359 0.0353776
9.9982E-05 0.122723 0.121695 0.531583 0.178483 9.9982E-05 0.0453172
9.9964E-05 0.0499128 9.9964E-05 0.805698 0.143989 9.9964E-05 9.9964E-05
9.9982E-05 0.0889662 0.110795 0.643615 0.141486 9.9982E-05 0.0149374
9.995E-05 0.9994 9.995E-05 9.995E-05 9.995E-05 9.995E-05 9.995E-05
9.9964E-05 0.0883186 9.9964E-05 0.794562 0.11672 9.9964E-05 9.9964E-05
9.9991E-05 0.141136 0.0521964 0.558818 0.088007 0.0310637 0.128679
0.174939 0.150627 0.043099 0.51764 0.0778755 9.9991E-05 0.0357182
9.9991E-05 0.161198 0.00151552 0.60836 0.102864 0.079136 0.0468265
0.140475 0.153116 9.9982E-05 0.545008 0.160563 9.9982E-05 0.000638168
0.0529679 0.237864 9.9982E-05 0.508973 0.130477 9.9982E-05 0.0695176
0.00471989 0.17597 0.0177603 0.669686 0.0907785 9.9991E-05 0.0409853
0.0141603 0.152886 0.000490797 0.723088 0.0880799 9.9991E-05 0.021195
0.0453707 0.138113 9.9991E-05 0.635018 0.12192 0.0276105 0.0318678
0.0804647 0.0584657 0.0782109 0.573317 0.127233 0.082209 9.9991E-05
0.0516504 0.123323 0.299761 0.477332 0.0477333 9.9982E-05 9.9982E-05
0.04543 0.0808107 0.231406 0.497822 0.0559529 9.9991E-05 0.0884783
9.9982E-05 0.0841273 0.446544 0.354505 0.050919 9.9982E-05 0.063705
9.9955E-05 0.998486 9.9955E-05 9.9955E-05 0.00101451 9.9955E-05 9.9955E-05
0.041459 0.137631 0.256535 0.400904 0.123212 0.00171079 0.0385495
9.9982E-05 0.22624 0.0873952 0.508558 0.157739 0.0198673 9.9982E-05
0.0544133 0.157537 0.0927055 0.516119 0.0955396 9.9991E-05 0.0835851
0.0193875 0.146394 9.9991E-05 0.660206 0.0930682 0.0320076 0.0488366
9.9982E-05 0.217821 0.0139117 0.534875 0.125727 9.9982E-05 0.107465
0.135397 0.0932416 0.24881 0.195761 0.124684 0.174029 0.0280781
9.9991E-05 0.123538 0.187395 0.0284684 0.0365604 0.588726 0.0352127
9.9991E-05 0.029444 0.165151 0.569511 0.0277149 0.138495 0.069584
0.00355613 0.128905 0.0705113 0.599428 0.0872895 0.0478422 0.0624678
0.0429519 0.133013 0.112025 0.521368 0.0545496 0.074831 0.0612618
0.0163534 9.9991E-05 0.0896758 0.718493 0.135461 0.0275427 0.012374
0.06072 9.9973E-05 0.0122175 0.0585135 0.868249 9.9973E-05 9.9973E-05
0.0174832 0.197942 0.20408 0.461332 0.0839209 9.9991E-05 0.0351417
9.9973E-05 0.217514 0.15406 0.513098 0.115028 9.9973E-05 9.9973E-05
0.0830176 0.0772014 0.040715 0.514234 0.122097 0.110976 0.0517587
0.119635 0.194736 0.0375722 0.363512 0.125086 0.0526954 0.106763
9.9982E-05 0.147134 9.9982E-05 0.683742 0.0560165 0.0851809 0.027726
0.0759067 0.0867797 0.00183168 0.526115 0.121419 0.0650793 0.122869
9.9991E-05 0.229413 0.0198028 0.381654 0.110148 0.169997 0.088885
0.0311284 0.201978 0.121981 0.508961 0.0524797 9.9991E-05 0.0833718
0.00624748 0.110685 0.062752 0.746459 0.0630344 9.9991E-05 0.0107228
9.9982E-05 0.155183 0.14955 0.552177 0.139114 9.9982E-05 0.00377598
0.059258 0.0238742 0.0148095 0.653036 0.133584 0.0748888 0.0405495
9.9982E-05 0.181044 9.9982E-05 0.442314 0.16648 0.136146 0.0738161
0.00818151 0.0552911 0.0161732 0.82485 0.0953046 9.9982E-05 9.9982E-05
9.995E-05 9.995E-05 9.995E-05 9.995E-05 0.9994 9.995E-05 9.995E-05
9.9991E-05 0.134034 0.0831031 0.603295 0.100124 0.0321906 0.0471534
0.0137619 0.172139 9.9982E-05 0.654905 0.114129 9.9982E-05 0.0448653
9.9991E-05 0.14979 0.0569348 0.529249 0.145377 0.0571182 0.0614311
9.9982E-05 0.126576 0.109093 0.635108 0.107829 0.0211938 9.9982E-05
9.9982E-05 0.151478 0.0754436 0.650096 0.0506887 9.9982E-05 0.0720933
0.0644854 0.061302 0.0230795 0.706325 0.0645709 9.9991E-05 0.0801376
9.995E-05 0.9994 9.995E-05 9.995E-05 9.995E-05 9.995E-05 9.995E-05
9.995E-05 9.995E-05 9.995E-05 9.995E-05 0.9994 9.995E-05 9.995E-05
9.995E-05 0.9994 9.995E-05 9.995E-05 9.995E-05 9.995E-05 9.995E-05
9.9982E-05 0.139674 9.9982E-05 0.608055 0.114438 0.0761918 0.0614411
0.0811877 0.180903 0.0206987 0.424347 0.173663 0.0879527 0.0312485
0.0610495 0.116813 9.9991E-05 0.619778 0.115326 0.0253507 0.0615836
0.0256765 0.139595 0.0550916 0.620767 0.101908 9.9991E-05 0.0568621
0.0326034 0.176873 0.111552 0.502301 0.0867622 9.9991E-05 0.0898082
0.0480586 9.9991E-05 0.0682734 0.072926 0.775804 0.00337775 0.0314607
0.0258894 0.0796809 0.0941653 0.513501 0.132028 0.0612665 0.0934685
0.131434 9.9982E-05 9.9982E-05 0.653544 0.0581259 0.147563 0.0091322
0.0666179 0.0337402 9.9982E-05 0.651751 0.0432997 0.204392 9.9982E-05
0.247603 0.138647 9.9982E-05 0.458109 0.0966087 0.0588318 9.9982E-05
0.196905 0.0170341 9.9991E-05 0.570659 0.0704568 0.126742 0.0181025
0.213743 0.0395289 9.9982E-05 0.53031 0.0565505 0.159668 9.9982E-05
0.252416 0.00966865 9.9991E-05 0.377458 0.138566 0.214258 0.00753305
0.206565 9.9982E-05 9.9982E-05 0.502083 0.0708346 0.210788 0.0095291
0.200245 9.9982E-05 9.9982E-05 0.579563 0.0868152 0.0437434 0.0894335
0.148337 0.00952844 0.0843695 0.511256 0.0535005 0.18706 0.00594927
0.147171 0.0178123 0.0442936 0.528938 0.103312 0.158374 9.9991E-05
0.175452 0.0128312 0.0113978 0.626746 0.0312595 0.142213 9.9991E-05
0.062592 0.0413703 0.0704267 0.00116405 0.05264 0.736334 0.0354727
0.0259314 9.9982E-05 0.0932535 0.0316582 0.0465735 0.802383 9.9982E-05
0.0500761 0.0389236 0.0216174 0.0977662 9.9991E-05 0.757932 0.0335844
0.0488753 0.00379926 0.146617 0.0044435 9.9991E-05 0.753736 0.0424293
0.0399743 0.0623502 0.102005 9.9982E-05 9.9982E-05 0.756987 0.0384837
0.120768 0.0572697 0.0230788 0.00425752 0.0586984 0.710506 0.0254218
0.0616121 0.0321124 0.0452743 9.9982E-05 0.0563957 0.804406 9.9982E-05
0.0920203 0.0815344 9.9982E-05 0.0215906 0.0307939 0.773861 9.9982E-05
0.054656 0.123368 0.238038 9.9991E-05 0.0174907 0.520693 0.0456549
0.0111748 9.9982E-05 0.25803 0.0216053 0.0318674 0.677122 9.9982E-05
0.0537791 0.0741849 0.0528044 9.9982E-05 9.9982E-05 0.768078 0.0509534
9.9973E-05 9.9973E-05 0.134762 0.0394573 9.9973E-05 0.788916 0.0365648
0.0607578 0.0338285 0.106024 0.102299 0.00497146 0.658516 0.0336033
9.9982E-05 0.0944514 0.132915 0.104538 0.028278 0.639618 9.9982E-05
0.0522567 0.0183756 9.9991E-05 0.135489 0.0307767 0.733117 0.0298848
9.9982E-05 9.9982E-05 0.00778413 0.02985 0.0314779 0.818742 0.111946
9.9973E-05 0.0959822 0.0765647 9.9973E-05 0.0315093 0.795644 9.9973E-05
9.9964E-05 9.9964E-05 9.9964E-05 0.153823 9.9964E-05 0.796291 0.0494861
0.094863 0.0137287 0.0450067 9.9991E-05 0.0295498 0.768997 0.0477551
0.00577763 0.105648 0.0673192 9.9991E-05 0.0172926 0.785117 0.0187462
0.0604831 0.123161 9.9982E-05 9.9982E-05 0.0846315 0.631115 0.10041
0.0801881 0.112664 9.9973E-05 0.0476779 9.9973E-05 0.75917 9.9973E-05
0.0175942 0.0706492 9.9973E-05 9.9973E-05 0.0746592 0.836797 9.9973E-05
0.00222879 0.0541188 9.9991E-05 0.00225287 0.0626655 0.816859 0.0617753
0.109791 9.9982E-05 9.9982E-05 0.0148041 0.0784794 0.735331 0.0613951
0.0950851 9.9982E-05 0.0366844 0.14985 9.9982E-05 0.712251 0.00592986
0.00677053 0.0449165 0.130715 9.9991E-05 0.000223076 0.750936 0.0663396
9.9991E-05 0.0489574 0.0927378 0.0186364 0.0497042 0.711389 0.078475
0.0184458 9.9991E-05 0.0693939 0.139405 0.0288338 0.685581 0.0582404
0.0950188 0.0825038 0.0738362 9.9982E-05 0.0398746 0.708567 9.9982E-05
9.9973E-05 9.9973E-05 0.0965014 0.00454348 0.0476086 0.851047 9.9973E-05
0.0230127 9.9991E-05 0.147364 0.0593088 0.0465564 0.679624 0.044035
0.101174 0.00781127 0.0888068 0.100427 9.9982E-05 0.701581 9.9982E-05
0.0592413 0.0623404 9.9973E-05 9.9973E-05 0.0735991 0.804519 9.9973E-05
0.0319792 0.0621665 9.9982E-05 9.9982E-05 0.0254078 0.832609 0.0476372
0.0435015 0.0326872 0.689395 9.9991E-05 0.0145043 0.16514 0.0546716
0.062078 9.9991E-05 0.590362 0.0796142 0.0618038 0.191832 0.01421
0.0675098 9.9982E-05 0.681928 9.9982E-05 0.0456354 0.0662035 0.138523
0.0705116 0.0190469 0.517236 0.0350867 0.0688966 0.187809 0.101413
0.0491738 9.9991E-05 0.617494 0.114836 0.00561766 0.114217 0.0985621
0.122722 0.0421192 0.758955 9.9982E-05 0.0533524 0.0226507 9.9982E-05
0.0891681 9.9973E-05 0.757618 9.9973E-05 0.0375083 0.115405 9.9973E-05
0.201239 9.9973E-05 0.626903 0.0306577 9.9973E-05 9.9973E-05 0.140901
