0.0315572 0.701089 0.267354
9.999E-05 0.942855 0.0570453
9.999E-05 0.45547 0.54443
0.00207909 0.841429 0.156491
0.184803 9.9991E-05 0.815097
0.410131 0.589769 9.9991E-05
0.0431463 0.0983751 0.858479
9.999E-05 0.9569 0.0429995
0.856377 0.143523 9.9991E-05
0.0918282 9.9991E-05 0.908072
9.999E-05 9.999E-05 0.9998
9.999E-05 0.9998 9.999E-05
0.394339 9.9991E-05 0.605561
9.9991E-05 0.185331 0.814569
0.331661 9.9991E-05 0.668239
0.880128 9.9991E-05 0.119772
9.9991E-05 0.955783 0.0441173
0.596378 0.00854295 0.395079
0.314816 0.685084 9.9991E-05
0.9998 9.999E-05 9.999E-05
0.985469 9.9991E-05 0.014431
0.702254 0.297646 9.9991E-05
0.826161 9.9991E-05 0.173739
0.193685 0.53737 0.268945
9.9991E-05 0.185753 0.814147
0.512766 9.9991E-05 0.487134
9.9991E-05 0.70408 0.29582
0.455907 0.316202 0.227891
9.99911E-05 0.951623 0.0482766
0.233456 0.766444 9.9991E-05
9.999E-05 9.999E-05 0.9998
9.999E-05 9.999E-05 0.9998
9.999E-05 9.999E-05 0.9998
0.495189 0.504711 9.9991E-05
9.9991E-05 0.945373 0.054527
0.94545 9.9991E-05 0.0544503
0.659286 0.340614 9.9991E-05
0.455471 0.544429 9.9991E-05
0.0828549 0.146493 0.770652
0.452345 0.547555 9.9991E-05
0.108836 0.891064 9.9991E-05
9.999E-05 0.9998 9.999E-05
0.994355 9.99911E-05 0.00554538
9.9991E-05 0.140906 0.858994
0.463796 9.9991E-05 0.536104
9.9991E-05 0.92448 0.0754203
0.9998 9.999E-05 9.999E-05
0.693025 0.306875 9.9991E-05
0.62554 9.9991E-05 0.37436
0.929415 0.0704848 9.9991E-05
