9.9982E-05 0.999053 9.9982E-05 0.000747439
0.0751652 0.768696 0.156039 9.9991E-05
0.0280171 0.850499 0.121384 9.9991E-05
9.9982E-05 0.844729 0.155071 9.9982E-05
0.0605767 0.849246 0.0456499 0.0445276
9.9991E-05 0.935505 0.0343658 0.0300295
9.9982E-05 0.951739 0.048061 9.9982E-05
0.0272521 0.888552 0.0840963 9.9991E-05
0.0075953 0.856403 0.135902 9.9991E-05
9.9982E-05 0.881303 0.118497 9.9982E-05
0.0859222 0.773564 0.140414 9.9991E-05
0.0536186 0.831374 0.114908 9.9991E-05
0.0575182 0.862119 0.028829 0.0515341
0.0306537 0.739361 0.149269 0.0807164
0.0218634 0.840883 0.137154 9.9991E-05
9.9982E-05 0.938187 0.0616133 9.9982E-05
9.998E-05 0.9997 9.998E-05 9.998E-05
9.998E-05 0.9997 9.998E-05 9.998E-05
9.998E-05 0.9997 9.998E-05 9.998E-05
0.0472031 0.952597 9.9982E-05 9.9982E-05
0.210054 9.9982E-05 0.789746 9.9982E-05
0.303109 0.00645571 0.672568 0.0178674
0.260886 0.0456823 0.649956 0.0434759
0.251313 0.000166431 0.646207 0.102314
0.240322 9.9982E-05 0.759478 9.9982E-05
0.251829 0.0326163 0.715455 9.9991E-05
0.243721 9.9991E-05 0.711224 0.0449553
0.154863 0.0271092 0.817928 9.9991E-05
0.280886 9.9982E-05 0.718914 9.9982E-05
0.301988 0.000185476 0.596459 0.101368
0.270666 9.9982E-05 0.729134 9.9982E-05
0.264195 9.9991E-05 0.633344 0.102361
0.250999 0.0624732 0.686428 9.9991E-05
0.323569 9.9982E-05 0.676231 9.9982E-05
0.439881 0.0112538 0.548765 9.9991E-05
0.31738 0.0643146 0.618205 9.9991E-05
0.360482 0.0142261 0.512285 0.113006
0.0764272 0.000946293 0.0245218 0.898105
0.17775 9.9991E-05 0.0577878 0.764362
0.095112 0.0512069 0.0288728 0.824808
0.0788828 0.0227079 0.0443589 0.854051
0.0926136 0.036201 9.9991E-05 0.871085
0.0633467 0.0195516 0.0377882 0.879314
0.0577127 0.0553988 0.140254 0.746635
0.099043 9.9991E-05 0.0430258 0.857831
0.0217106 0.0455529 0.130212 0.802524
0.111035 9.9982E-05 9.9982E-05 0.888765
0.0449034 0.0293401 0.028465 0.897292
9.9982E-05 0.00807912 9.9982E-05 0.991721
0.0249719 0.0216166 0.0781387 0.875273
0.0255238 0.0216424 0.0291406 0.923693
0.00834358 9.9991E-05 0.0696572 0.921899
0.0553661 0.0178747 0.0118556 0.914904
0.0596607 0.0981676 9.9991E-05 0.842072
0.0736177 0.0374411 0.048541 0.8404
0.0948293 0.0278258 0.097373 0.779972
0.0436557 0.0858151 0.0976382 0.772891
0.596172 0.0469107 0.112962 0.243956
0.890306 0.0964934 0.0131009 9.9991E-05
0.758822 0.0485276 0.101426 0.0912249
0.804819 0.0423124 0.0588676 0.0940013
0.858 9.9991E-05 0.070629 0.0712713
0.76066 0.0458645 0.0344873 0.158989
0.802729 0.0268927 0.0575875 0.112791
0.906529 0.0213264 0.0430032 0.0291416
0.686564 0.123745 0.0629658 0.126726
0.695067 0.0511248 0.154817 0.0989906
0.83318 0.0282044 0.0724649 0.0661512
0.86701 0.00146673 0.131423 9.9991E-05
0.782559 0.0621216 0.155219 9.9991E-05
0.848985 0.0250312 9.9991E-05 0.125883
0.814189 9.9991E-05 0.0378546 0.147856
0.807971 0.0460174 0.0780875 0.0679239
0.708588 9.9991E-05 0.224181 0.0671305
0.546455 9.9991E-05 0.101453 0.351991
0.610651 0.0869182 0.0316189 0.270811
0.401619 0.106585 9.9991E-05 0.491696
0.843417 0.00180788 9.9991E-05 0.154675
0.627329 0.0632198 0.114873 0.194578
0.782434 9.9982E-05 9.9982E-05 0.217366
0.670625 0.0938557 0.0356029 0.199916
0.764893 0.0653604 0.138722 0.0310245
0.767597 0.0968424 9.9991E-05 0.135461
0.347155 0.0600939 0.226698 0.366053
0.0758224 0.0100855 0.504181 0.409911
0.504807 9.9991E-05 0.29268 0.202413
0.669272 0.0538187 0.065393 0.211516
0.627866 0.0125884 0.164443 0.195102
0.726255 0.0298812 0.119474 0.12439
0.971099 0.0164641 9.9991E-05 0.0123369
0.752285 0.019538 0.0213004 0.206877
0.771762 9.9991E-05 0.0747742 0.153364
0.645106 0.0925469 0.217921 0.044427
0.625806 0.0589316 0.199152 0.11611
0.653898 0.0542527 0.186669 0.10518
0.703397 0.109235 0.159042 0.028326
0.613142 0.067383 0.170681 0.148794
0.741847 0.0962005 0.00775537 0.154198
0.828518 0.0485992 0.0360099 0.0868727
0.783781 0.0477987 9.9991E-05 0.168321
0.737026 0.0545812 0.178199 0.0301936
0.761237 0.0595154 0.179148 9.9991E-05
0.79858 0.0445152 0.095586 0.0613192
0.976003 0.0237972 9.9982E-05 9.9982E-05
0.681124 0.0989194 0.14523 0.0747264
0.791205 0.0664137 0.0416664 0.100715
0.712088 0.116509 0.101253 0.0701505
0.685685 0.0459202 0.050118 0.218277
0.779805 0.0459368 0.0528867 0.121371
0.697836 0.0684253 0.124615 0.109123
0.781307 9.9982E-05 9.9982E-05 0.218493
0.986327 0.00639043 9.9991E-05 0.00718305
0.770995 9.9982E-05 9.9982E-05 0.228805
0.751489 0.0617164 0.0976843 0.08911
0.696453 0.0722036 0.181089 0.0502543
0.731114 0.100441 0.0973061 0.0711392
0.796709 0.0885357 9.9991E-05 0.114655
0.769277 0.00822993 0.0559794 0.166514
0.821247 0.0773738 0.0575637 0.0438159
0.654413 0.0990057 0.0763347 0.170247
0.63345 0.0263499 0.3401 9.9991E-05
0.640058 9.9991E-05 0.288292 0.0715508
0.673747 0.0177305 0.296419 0.0121031
0.611374 0.0704599 0.298113 0.0200534
0.595219 0.0119918 0.358733 0.0340553
0.56416 9.9991E-05 0.434857 0.000883155
0.530637 0.0371226 0.407851 0.0243898
0.6259 0.0755511 0.298449 9.9991E-05
0.488823 0.0290449 0.311145 0.170987
0.60016 0.0187117 0.313987 0.0671414
0.604144 0.0370089 0.314628 0.0442196
9.9991E-05 0.00146139 0.769788 0.228651
9.9991E-05 0.0284836 0.746456 0.224961
0.0134686 0.00885086 0.725837 0.251844
9.9991E-05 0.0200354 0.673268 0.306597
9.9991E-05 0.0560573 0.652699 0.291144
0.0698025 0.0488752 0.731908 0.149415
9.9982E-05 9.9982E-05 0.720912 0.278888
9.9982E-05 9.9982E-05 0.818584 0.181216
0.131223 0.0416704 0.560474 0.266633
9.9991E-05 0.016425 0.627592 0.355883
9.9991E-05 0.00336722 0.74972 0.246813
9.9991E-05 0.0349249 0.643231 0.321744
0.00919734 0.0493102 0.62443 0.317062
0.100663 0.0604079 0.484012 0.354917
0.0730374 0.0763636 0.743891 0.106708
9.9991E-05 0.143217 0.679893 0.17679
9.9982E-05 9.9982E-05 0.711348 0.288452
9.9991E-05 0.0533141 0.692635 0.253951
9.9991E-05 0.0437146 0.776895 0.179291
9.9991E-05 0.0151072 0.736772 0.248021
0.0922943 0.0742182 0.673873 0.159614
9.9991E-05 0.0191292 0.767533 0.213238
0.0415657 0.021419 0.753558 0.183457
9.9991E-05 0.0741908 0.728556 0.197154
0.104778 0.0591604 0.74667 0.089392
0.0638725 0.029152 0.770958 0.136017
9.9991E-05 0.0188185 0.740481 0.2406
0.0328009 0.0985026 0.680499 0.188198
0.0435768 0.0581363 0.652169 0.246118
9.9982E-05 9.9982E-05 0.739862 0.259938
9.9982E-05 9.9982E-05 0.70026 0.29954
9.9991E-05 0.0424911 0.665845 0.291564
9.9982E-05 9.9982E-05 0.729213 0.270587
0.066231 9.9991E-05 0.803857 0.129812
0.00221713 0.018515 0.827825 0.151443
9.9991E-05 0.0156014 0.173397 0.810902
0.0498998 0.0453764 0.177788 0.726936
0.065703 0.133692 0.16875 0.631855
0.107717 0.0860962 0.189029 0.617158
0.0824871 0.11906 0.167012 0.631442
0.0502851 9.9991E-05 0.158502 0.791113
9.9991E-05 0.0203141 0.0683724 0.911214
0.0307169 0.127857 0.200303 0.641124
