9.9973E-05 9.9973E-05 0.0237954 0.975905 9.9973E-05
0.0927169 0.00931671 9.9991E-05 0.775229 0.122638
0.0612447 0.0978996 9.9982E-05 0.840656 9.9982E-05
0.0949991 0.06081 9.9991E-05 0.82379 0.020301
0.0803526 9.9991E-05 0.0194354 0.833616 0.0664958
0.0637199 9.9973E-05 9.9973E-05 0.93598 9.9973E-05
0.0242583 0.0283923 9.9982E-05 0.947149 9.9982E-05
0.0834569 0.00455587 0.0390892 0.87099 0.00190805
0.130364 0.0416477 9.9982E-05 0.827788 9.9982E-05
0.0711218 0.0542054 9.9982E-05 0.874473 9.9982E-05
0.0651773 0.0373158 9.9991E-05 0.813638 0.0837688
0.0194756 0.141343 9.9991E-05 0.798581 0.0405008
9.9991E-05 0.0916215 0.0178284 0.83633 0.0541197
0.14159 0.112913 9.9991E-05 0.696697 0.0487006
0.041548 0.0909579 9.9991E-05 0.806319 0.0610748
0.106062 9.9973E-05 9.9973E-05 0.893638 9.9973E-05
9.9973E-05 9.9973E-05 9.9973E-05 0.974605 0.0250954
9.9973E-05 9.9973E-05 0.0188794 0.980821 9.9973E-05
9.9973E-05 9.9973E-05 0.0207748 0.978925 9.9973E-05
9.999E-05 0.0207452 0.0106403 0.951361 0.0171536
9.997E-05 0.9996 9.997E-05 9.997E-05 9.997E-05
0.054788 0.769913 0.0559884 0.00298975 0.116321
0.0635429 0.707618 0.14388 0.0221866 0.0627723
9.9973E-05 0.825177 0.174523 9.9973E-05 9.9973E-05
9.9973E-05 0.991419 9.9973E-05 9.9973E-05 0.00828073
9.9982E-05 0.918275 9.9982E-05 0.0316346 0.0498905
0.0422402 0.759909 0.180788 9.9991E-05 0.0169621
9.997E-05 0.9996 9.997E-05 9.997E-05 9.997E-05
0.136232 0.765773 0.0097618 9.9991E-05 0.0881331
0.0940513 0.704633 0.0593404 0.00513343 0.136842
0.199096 0.723525 9.9982E-05 9.9982E-05 0.0771784
0.0750752 0.756754 0.148084 9.9991E-05 0.0199871
0.0804585 0.760505 0.101564 0.0537101 0.00376258
0.193676 0.642374 9.9982E-05 9.9982E-05 0.163749
0.0619692 0.668186 0.023563 0.0250473 0.221234
0.205915 0.508322 9.9991E-05 0.034051 0.251611
0.0344333 0.637098 0.156805 9.9991E-05 0.171564
0.0363813 0.0582007 0.844937 0.00695325 0.0535274
0.029335 9.9982E-05 0.856871 9.9982E-05 0.113594
0.0538715 0.0144283 0.802416 0.0522513 0.077033
0.0431001 0.059761 0.846698 0.0285746 0.0218664
0.00088534 0.0228646 0.855305 0.0487986 0.0721461
0.0149906 0.00923993 0.928013 0.00227213 0.0454838
0.171776 0.000870222 0.72023 0.0717902 0.0353341
9.9991E-05 0.0675689 0.874698 0.0129711 0.0446623
0.0957227 0.0517153 0.810205 0.0422568 9.9991E-05
0.0097558 0.0227041 0.883104 9.9991E-05 0.0843362
0.0358014 0.016614 0.935277 0.00958635 0.0027214
9.9982E-05 0.0398414 0.956176 0.00378263 9.9982E-05
0.109418 9.9982E-05 0.876201 0.0141814 9.9982E-05
0.0216145 0.0645192 0.906702 0.00706401 9.9991E-05
0.036834 0.0416499 0.921316 9.9982E-05 9.9982E-05
9.9982E-05 9.9982E-05 0.912867 0.00157762 0.0853556
9.9982E-05 9.9982E-05 0.87319 0.0984062 0.0282035
0.0776904 9.9991E-05 0.85828 0.0419922 0.0219374
0.0982806 0.0381965 0.766084 0.024709 0.0727297
0.0557231 0.0894437 0.772446 0.0822872 9.9991E-05
0.0793541 0.082647 0.188004 0.0406138 0.609381
0.023764 0.0313501 9.9991E-05 0.0861946 0.858591
0.0785346 0.0923428 0.0789797 0.0114728 0.73867
0.0429151 0.0372912 0.0971517 0.044672 0.77797
0.0964497 0.0230567 9.9982E-05 9.9982E-05 0.880294
0.0126222 0.071211 0.116176 0.0269119 0.773079
0.0246196 0.0492498 0.046059 0.0320876 0.847984
0.0311731 0.0250283 0.0248111 9.9991E-05 0.918888
0.109336 0.0141463 0.00456163 0.149781 0.722175
0.0447658 0.164164 0.0390598 0.0628646 0.689146
0.0689943 0.0688178 0.0086147 0.0275495 0.826024
9.9982E-05 0.135474 0.000870419 9.9982E-05 0.863456
0.0310219 0.115734 9.9991E-05 0.0227795 0.830365
9.9991E-05 0.02718 0.0621395 0.0571475 0.853433
0.020002 0.0614178 0.077016 0.00982188 0.831742
0.0127661 0.0830612 0.0721705 0.0176784 0.814324
0.160027 0.121986 9.9991E-05 0.0352615 0.682626
9.9982E-05 0.114333 0.36721 9.9982E-05 0.518257
9.9991E-05 0.0479298 0.275998 0.100798 0.575174
9.9982E-05 9.9982E-05 0.473124 0.0938921 0.432784
9.9991E-05 0.00511269 0.10352 0.0157695 0.875498
0.0271807 0.11618 0.186925 0.0781327 0.591582
0.0565179 9.9982E-05 0.137259 9.9982E-05 0.806023
0.0323327 0.0701631 0.149672 0.0698275 0.678005
0.0719658 0.0949818 0.0271271 0.0593739 0.746551
9.9982E-05 9.9982E-05 0.121486 0.0878597 0.790455
0.237513 0.0375841 0.292303 0.0524837 0.380116
0.644702 9.9991E-05 0.209303 0.01818 0.127715
0.217804 0.0893077 0.145648 0.043035 0.504205
0.0784253 9.9991E-05 0.163417 0.0558847 0.702173
0.180551 9.9982E-05 0.143437 9.9982E-05 0.675813
0.0947633 0.0529237 0.0925511 0.0246094 0.735152
9.9991E-05 0.0142513 0.0496998 0.00658539 0.929363
9.9991E-05 0.0717168 0.17009 0.0194307 0.738662
0.0820336 0.0260703 0.13162 9.9991E-05 0.760177
0.137775 0.149244 9.9991E-05 0.101898 0.610983
0.0762327 0.187403 0.0415959 0.080047 0.614721
0.151064 0.0275434 0.0559484 0.0491982 0.716246
0.124127 0.122222 0.00189009 0.112793 0.638968
0.230819 0.060378 9.9991E-05 0.0299061 0.678797
9.9991E-05 0.00722673 0.172847 0.100548 0.719278
9.9991E-05 0.136474 0.0431709 0.0356477 0.784607
0.0188082 9.9991E-05 0.136492 0.0418713 0.802728
0.0832354 0.0709212 0.0334163 0.0625205 0.749907
0.100903 0.0664315 0.0346611 0.0379814 0.760023
0.0108523 0.0667701 0.051036 0.0408332 0.830508
9.9973E-05 9.9973E-05 9.9973E-05 0.00975383 0.989946
0.100274 0.0613488 0.0605111 0.0609843 0.716882
0.0416399 0.0239784 0.0838799 0.041386 0.809116
0.0707429 0.0282545 0.0537212 0.0721523 0.775129
0.0308942 9.9991E-05 0.183491 0.0431608 0.742354
0.0280687 0.0410673 0.117784 0.0417844 0.771296
0.0188319 0.147497 0.0526603 0.0673113 0.713699
9.9982E-05 9.9982E-05 0.118382 0.022084 0.859334
9.997E-05 9.997E-05 9.997E-05 9.997E-05 0.9996
9.9991E-05 0.00319821 0.168125 0.0217019 0.806875
0.10337 9.9982E-05 9.9982E-05 0.0957544 0.800675
0.105713 0.115063 9.9991E-05 0.0609238 0.718201
0.103016 0.0797011 9.9991E-05 0.0740367 0.743146
9.9991E-05 0.034996 0.0498759 0.0863373 0.828691
9.9991E-05 0.104478 0.133155 0.0225686 0.739699
0.0843938 9.9991E-05 0.023924 0.0716396 0.819943
0.0605996 0.063085 0.109497 0.0865434 0.680275
0.135356 0.241062 9.9991E-05 0.0170277 0.606455
0.220545 0.152841 9.9982E-05 9.9982E-05 0.626413
0.0636404 0.303566 0.0181695 0.0134625 0.601162
0.11223 0.247385 9.9991E-05 0.0714369 0.568848
0.199508 0.233696 0.028048 0.0187211 0.520027
0.224767 0.279943 9.9982E-05 9.9982E-05 0.49509
0.20971 0.229959 0.0421178 0.0419673 0.476246
0.105079 0.281889 9.9991E-05 0.0827582 0.530174
0.10727 0.286302 0.151585 0.0371088 0.417734
0.082798 0.286306 0.08618 0.00641439 0.538302
0.0557386 0.285968 0.105067 0.0125508 0.540676
0.837858 0.0945647 0.028327 0.0279394 0.0113113
0.808775 0.0530597 0.0882287 0.0248445 0.0250918
0.762099 0.0880361 0.106903 0.042862 9.9991E-05
0.800573 9.9982E-05 0.139552 0.0596755 9.9982E-05
0.786872 0.0289542 0.117759 0.0662581 0.000156961
0.815474 0.0395196 0.0656445 0.037758 0.0416038
0.805131 0.0482807 0.137554 0.00893415 9.9991E-05
0.887183 0.059665 0.00664354 9.9991E-05 0.0464085
0.60818 0.0567737 0.13397 0.0467216 0.154354
0.726746 0.0383892 0.22445 0.0103154 9.9991E-05
0.810853 0.00844345 0.159688 0.0209155 9.9991E-05
0.803578 9.9982E-05 0.127259 0.0689629 9.9982E-05
0.69141 0.0932185 0.0831285 0.0546308 0.077612
0.654585 9.9991E-05 0.13451 0.056126 0.154679
0.777799 0.0694922 9.9991E-05 0.073391 0.0792179
0.830479 9.9991E-05 0.00942334 0.110026 0.0499721
0.930051 9.9982E-05 0.00510998 9.9982E-05 0.0646387
0.856917 9.9982E-05 9.9982E-05 0.057068 0.085815
0.858857 0.0490927 0.0255405 0.0664098 9.9991E-05
0.803013 0.0702065 0.0785882 0.0128384 0.0353542
0.747266 0.0145887 0.038191 0.0868922 0.113062
0.79793 0.0576275 0.0940178 9.9991E-05 0.0503252
0.862223 0.00414894 9.9991E-05 0.0363274 0.0972002
0.833559 9.9991E-05 0.0147013 0.0650305 0.086609
0.787255 0.0689725 9.9991E-05 0.0965601 0.0471126
0.759962 0.106435 0.00624818 0.0631586 0.0641962
0.768134 0.0497036 0.102361 0.0797009 9.9991E-05
0.753905 0.0190594 0.0781076 0.0802254 0.0687026
0.74966 0.0577584 0.0685876 0.0851449 0.0388491
0.836262 0.0494095 0.114129 9.9982E-05 9.9982E-05
0.833856 9.9982E-05 0.147244 9.9982E-05 0.0187001
0.671998 0.0583579 0.181922 0.0876218 9.9991E-05
0.797654 0.105068 0.097078 9.9982E-05 9.9982E-05
0.850296 0.0809076 9.9982E-05 9.9982E-05 0.0685967
0.892827 0.0425717 9.9991E-05 0.0385843 0.0259167
0.233906 0.0618226 0.649898 0.0542737 9.9991E-05
0.175122 0.0660938 0.643755 0.0639943 0.0510344
0.15213 0.111335 0.534893 0.102972 0.09867
0.161629 0.0715795 0.6071 0.111664 0.0480273
0.136069 0.0504733 0.644091 0.101397 0.0679693
0.0260263 0.14342 0.830353 9.9982E-05 9.9982E-05
0.0573567 0.105451 0.835535 0.00155741 9.9991E-05
0.0608216 0.228296 0.629708 0.0810743 9.9991E-05
