9.9937E-05 9.9937E-05 9.9937E-05 9.9937E-05 0.0195565 0.00919875 9.9937E-05 9.9937E-05 9.9937E-05 0.899019 0.00368738 0.043002 0.0248364
9.9955E-05 0.013651 9.9955E-05 0.0935679 0.00401414 0.00162312 9.9955E-05 0.0621081 9.9955E-05 0.714173 0.00049818 9.9955E-05 0.109865
0.0532479 9.9937E-05 9.9937E-05 9.9937E-05 0.0295872 9.9937E-05 9.9937E-05 9.9937E-05 0.0651875 0.771951 0.00368817 9.9937E-05 0.0756384
9.9946E-05 9.9946E-05 0.013504 0.0649344 0.0135708 9.9946E-05 9.9946E-05 0.052605 0.0365407 0.775185 9.9946E-05 9.9946E-05 0.0430601
0.0818591 0.00199849 0.00261838 9.9964E-05 0.00422484 9.9964E-05 0.0375392 0.0297712 0.027657 0.800647 0.0132848 9.9964E-05 9.9964E-05
9.9937E-05 9.9937E-05 9.9937E-05 0.0454926 9.9937E-05 0.0256407 0.0254327 0.053286 9.9937E-05 0.843257 0.00619185 9.9937E-05 9.9937E-05
0.0533454 9.9919E-05 9.9919E-05 9.9919E-05 9.9919E-05 0.027753 9.9919E-05 0.0492287 9.9919E-05 0.868774 9.9919E-05 9.9919E-05 9.9919E-05
0.0594267 9.99474E-05 0.0420453 0.0408337 9.99474E-05 0.000867491 9.99474E-05 0.0328584 9.99474E-05 0.806 0.0173691 9.99474E-05 9.99474E-05
0.0483417 9.9946E-05 0.0118378 0.0558998 9.9946E-05 0.00102942 0.0616993 0.0792297 9.9946E-05 0.741363 9.9946E-05 9.9946E-05 9.9946E-05
9.9937E-05 9.9937E-05 9.9937E-05 0.0309552 9.9937E-05 0.0107027 0.0497691 0.081913 0.041064 0.784896 9.9937E-05 9.9937E-05 9.9937E-05
9.9955E-05 9.9955E-05 9.9955E-05 0.122903 0.00430342 0.00539787 0.0595207 0.00408894 9.9955E-05 0.726406 0.0101428 9.9955E-05 0.0667371
9.9946E-05 9.9946E-05 0.0191202 0.115753 0.01775 9.9946E-05 0.020211 9.9946E-05 0.0199031 0.7062 9.9946E-05 9.9946E-05 0.100463
0.0827825 9.9937E-05 9.9937E-05 0.126025 0.00329176 0.043751 9.9937E-05 9.9937E-05 9.9937E-05 0.741261 0.00218917 9.9937E-05 9.9937E-05
9.9937E-05 9.9937E-05 9.9937E-05 0.00601846 9.9937E-05 0.0207351 9.9937E-05 0.126072 0.0249948 0.652496 9.9937E-05 9.9937E-05 0.168984
0.0660896 0.00330611 9.9955E-05 9.9955E-05 0.0222147 9.9955E-05 0.028974 0.0546244 0.0135118 0.780376 9.9955E-05 9.9955E-05 0.0304038
9.9937E-05 9.9937E-05 9.9937E-05 9.9937E-05 0.0105142 0.0119095 0.0459847 0.0975121 9.9937E-05 0.831023 0.00235716 9.9937E-05 9.9937E-05
9.9928E-05 0.0233751 0.016977 9.9928E-05 9.9928E-05 9.9928E-05 9.9928E-05 9.9928E-05 9.9928E-05 0.918397 0.0111973 0.0292541 9.9928E-05
9.9919E-05 0.00716627 9.9919E-05 9.9919E-05 9.9919E-05 9.9919E-05 9.9919E-05 9.9919E-05 9.9919E-05 0.905165 0.0186109 0.0681583 9.9919E-05
9.9919E-05 0.0454117 9.9919E-05 9.9919E-05 0.00140605 9.9919E-05 9.9919E-05 9.9919E-05 9.9919E-05 0.890413 9.9919E-05 0.0618701 9.9919E-05
9.9946E-05 0.00850374 0.0185348 9.9946E-05 9.9946E-05 9.9946E-05 9.9946E-05 9.9946E-05 0.0215816 0.88114 0.0143994 0.00268519 0.0525556
9.98919E-05 9.98919E-05 9.98919E-05 9.98919E-05 9.98919E-05 9.98919E-05 9.98919E-05 9.98919E-05 0.998801 9.98919E-05 9.98919E-05 9.98919E-05 9.98919E-05
9.9928E-05 9.9928E-05 9.9928E-05 0.269749 0.0104077 0.0152918 9.9928E-05 9.9928E-05 0.543086 9.9928E-05 9.9928E-05 9.9928E-05 0.160667
0.0480743 0.0998553 9.9955E-05 0.224771 0.000878265 0.00668614 9.9955E-05 9.9955E-05 0.553318 0.0393461 9.9955E-05 9.9955E-05 0.0265712
0.0260005 0.0599768 0.0315531 0.186926 9.9946E-05 9.9946E-05 9.9946E-05 9.9946E-05 0.646689 9.9946E-05 0.0224567 0.0257978 9.9946E-05
0.0206023 9.9919E-05 0.010885 9.9919E-05 9.9919E-05 9.9919E-05 0.126883 9.9919E-05 0.840731 9.9919E-05 9.9919E-05 9.9919E-05 9.9919E-05
0.107396 0.053709 9.9955E-05 0.0334432 0.0174943 9.9955E-05 9.9955E-05 9.9955E-05 0.745807 0.0047991 0.0246578 0.012194 9.9955E-05
0.110726 0.0289981 9.9955E-05 0.097663 0.0105733 9.9955E-05 0.0382712 0.00545107 0.602964 9.9955E-05 9.9955E-05 0.104853 9.9955E-05
9.98918E-05 9.98918E-05 9.98918E-05 9.98918E-05 9.98918E-05 9.98918E-05 9.98918E-05 9.98918E-05 0.998801 9.98918E-05 9.98918E-05 9.98918E-05 9.98918E-05
0.161766 0.00810363 0.0145112 9.9946E-05 9.9946E-05 9.9946E-05 9.9946E-05 0.0143746 0.669782 9.9946E-05 9.9946E-05 0.0819168 0.0489463
0.00914312 0.00429387 0.00565264 0.067992 0.00416013 0.0451255 0.0374121 0.082403 0.554528 9.9982E-05 9.9982E-05 0.0732011 0.115889
0.0568339 9.9946E-05 9.9946E-05 0.0169435 0.0121876 9.9946E-05 0.0556106 0.101512 0.674835 9.9946E-05 9.9946E-05 9.9946E-05 0.081477
0.0629512 0.111429 9.9946E-05 9.9946E-05 9.9946E-05 0.00798429 9.9946E-05 0.038759 0.634238 9.9946E-05 0.0127963 0.131242 9.9946E-05
0.189162 9.9937E-05 9.9937E-05 9.9937E-05 9.9937E-05 0.0208226 9.9937E-05 0.109092 0.597326 0.0112018 9.9937E-05 0.0716964 9.9937E-05
0.0831522 9.9964E-05 0.00360714 0.0065234 0.0345632 0.0655478 0.022158 0.0943126 0.636617 9.9964E-05 9.9964E-05 9.9964E-05 0.0531193
0.060228 0.0360367 0.0321152 9.9982E-05 0.00521758 0.00605872 0.0489979 0.0172138 0.560717 0.00614695 9.9982E-05 0.073463 0.153605
9.99459E-05 9.99459E-05 9.99459E-05 0.147936 0.0476006 0.00270807 9.99459E-05 0.118639 0.356256 9.99459E-05 0.0109892 9.99459E-05 0.315272
9.9937E-05 0.0882711 9.9937E-05 9.9937E-05 0.0308398 9.9937E-05 0.116053 0.0320956 0.545178 9.9937E-05 9.9937E-05 0.186863 9.9937E-05
9.9946E-05 0.212384 9.9946E-05 0.178637 0.021094 0.00856379 9.9946E-05 0.0201961 0.000515302 9.9946E-05 9.9946E-05 0.55801 9.9946E-05
0.000520058 0.0682761 0.00808974 9.99279E-05 9.99279E-05 9.99279E-05 9.99279E-05 9.99279E-05 9.99279E-05 9.99279E-05 9.99279E-05 0.685089 0.237226
0.0972766 0.0220565 9.9964E-05 0.115311 0.0276856 0.0294132 9.9964E-05 0.0230243 9.9964E-05 9.9964E-05 0.0234227 0.601644 0.0597664
9.9946E-05 0.0559456 9.9946E-05 9.9946E-05 0.0162136 0.00402027 0.0858313 0.0202498 0.0181988 9.9946E-05 9.9946E-05 0.798941 9.9946E-05
9.9937E-05 0.0984797 0.0265033 0.270855 0.0601037 0.0260261 9.9937E-05 9.9937E-05 9.9937E-05 9.9937E-05 9.9937E-05 0.517333 9.9937E-05
9.9946E-05 9.9946E-05 0.00573633 0.0524827 0.00713184 9.9946E-05 0.11661 9.9946E-05 9.9946E-05 0.00684686 0.000972748 0.80962 9.9946E-05
9.9973E-05 0.0887156 0.0281792 0.407795 0.01839 0.0295726 9.9973E-05 0.0818575 9.9973E-05 0.0231135 0.00817462 0.307062 0.00684024
9.9973E-05 0.0869382 0.0246609 0.0379116 9.9973E-05 0.00308489 0.0935171 0.0336223 0.0334817 0.000355102 0.00142513 0.684703 9.9973E-05
0.0908174 0.116725 0.015982 0.182819 9.9946E-05 9.9946E-05 9.9946E-05 0.00947672 9.9946E-05 0.043466 9.9946E-05 0.540114 9.9946E-05
9.9946E-05 9.9946E-05 0.0127824 9.9946E-05 9.9946E-05 0.0291657 0.0387105 0.000267293 9.9946E-05 9.9946E-05 0.0172608 0.844338 0.0568754
9.9937E-05 9.9937E-05 9.9937E-05 0.107982 0.0215225 0.0079717 9.9937E-05 0.0010143 9.9937E-05 9.9937E-05 9.9937E-05 0.801474 0.059336
9.9955E-05 0.0087036 0.00868316 9.9955E-05 0.00986398 0.00885742 9.9955E-05 9.9955E-05 0.00436211 0.00269518 0.0335426 0.922792 9.9955E-05
9.9946E-05 0.0935918 0.00145661 0.555548 0.00473417 0.024091 0.0305806 9.9946E-05 9.9946E-05 9.9946E-05 9.9946E-05 0.289398 9.9946E-05
0.0120718 9.9937E-05 9.9937E-05 0.0334654 0.015744 9.9937E-05 9.9937E-05 9.9937E-05 9.9937E-05 9.9937E-05 0.034807 0.815202 0.0880099
9.9937E-05 9.9937E-05 9.9937E-05 9.9937E-05 0.0326982 0.0125625 9.9937E-05 0.022546 0.0361301 9.9937E-05 0.0395485 0.855815 9.9937E-05
0.0153893 9.99279E-05 0.0644671 0.114478 9.99279E-05 0.0421004 9.99279E-05 9.99279E-05 9.99279E-05 9.99279E-05 9.99279E-05 0.762765 9.99279E-05
9.9946E-05 0.0385197 9.9946E-05 0.0575122 0.0103691 9.9946E-05 9.9946E-05 9.9946E-05 9.9946E-05 0.0659915 0.0351132 0.723551 0.0683436
9.9964E-05 0.0620711 0.0212684 0.00167779 0.00613785 0.0130375 0.0466378 0.0511953 9.9964E-05 9.9964E-05 0.0338119 0.763762 9.9964E-05
0.0319586 0.0150323 9.9973E-05 0.116899 0.00487395 9.9973E-05 9.9973E-05 0.0381099 0.0225209 0.021309 0.0327529 0.562315 0.153929
9.9946E-05 9.9946E-05 0.0254426 9.9946E-05 0.000392086 9.9946E-05 0.0327323 0.0111618 0.0561244 0.0403738 9.9946E-05 0.833173 9.9946E-05
0.0480354 0.177417 0.00725654 9.9964E-05 0.0287117 0.0236745 0.061914 9.9964E-05 9.9964E-05 9.9964E-05 0.006975 0.139042 0.506573
9.98918E-05 9.98918E-05 9.98918E-05 9.98918E-05 0.998801 9.98918E-05 9.98918E-05 9.98918E-05 9.98918E-05 9.98918E-05 9.98918E-05 9.98918E-05 9.98918E-05
0.00198971 0.0622704 0.0896451 0.00628282 9.9973E-05 0.0194172 0.162781 0.0236506 0.0005044 9.9973E-05 9.9973E-05 0.0267976 0.606362
0.124479 0.0493433 0.0746892 9.9964E-05 0.0213304 0.0222407 0.177907 9.9964E-05 9.9964E-05 9.9964E-05 0.0138432 0.0583495 0.457418
0.0781134 0.0845628 0.0233252 0.0256023 0.0341585 0.0109136 0.543647 9.9964E-05 9.9964E-05 9.9964E-05 0.0315289 9.9964E-05 0.167749
9.9928E-05 9.9928E-05 9.9928E-05 0.0115311 9.9928E-05 9.9928E-05 0.920781 9.9928E-05 9.9928E-05 0.000101954 0.0209647 0.0458213 9.9928E-05
9.98919E-05 9.98919E-05 9.98919E-05 9.98919E-05 9.98919E-05 0.998801 9.98919E-05 9.98919E-05 9.98919E-05 9.98919E-05 9.98919E-05 9.98919E-05 9.98919E-05
9.98918E-05 9.98918E-05 9.98918E-05 9.98918E-05 0.998801 9.98918E-05 9.98918E-05 9.98918E-05 9.98918E-05 9.98918E-05 9.98918E-05 9.98918E-05 9.98918E-05
0.0903969 9.9964E-05 0.0242358 0.0161616 0.0473712 0.0219085 0.0899904 9.9964E-05 9.9964E-05 0.0620597 0.0396135 9.9964E-05 0.607863
9.9955E-05 0.160686 0.0111553 9.9955E-05 0.00500535 0.0251056 0.649987 0.0109838 0.125901 9.9955E-05 0.0106768 9.9955E-05 9.9955E-05
0.0800633 0.166551 0.0427341 0.0183423 0.0658698 0.0431048 0.287362 9.9982E-05 0.0184904 0.0367849 0.0625057 9.9982E-05 0.177991
0.0397968 0.157828 0.0412911 9.9964E-05 0.0292209 0.0275599 0.535679 9.9964E-05 0.0534864 9.9964E-05 0.0317974 9.9964E-05 0.0829403
9.996E-05 0.0505382 0.0565649 9.996E-05 0.0912836 0.0301441 0.520795 9.996E-05 0.077875 0.0238421 0.020645 9.996E-05 0.127913
9.9955E-05 0.116399 9.9955E-05 9.9955E-05 0.0294907 0.0168136 0.705775 9.9955E-05 9.9955E-05 0.00218687 0.0190584 0.0177445 0.0920321
0.0130556 0.00125892 0.0100307 9.9946E-05 0.000585168 0.0308615 0.937367 9.9946E-05 9.9946E-05 9.9946E-05 0.00624129 9.9946E-05 9.9946E-05
0.0989053 0.10842 0.0459501 9.9964E-05 0.0946007 0.030303 0.306423 9.9964E-05 0.0445426 9.9964E-05 0.0102185 9.9964E-05 0.260237
0.29349 0.0120324 0.0495018 0.0325854 0.043812 9.9946E-05 9.9946E-05 9.9946E-05 9.9946E-05 9.9946E-05 0.0136448 9.9946E-05 0.554334
0.209228 0.200351 9.9964E-05 9.9964E-05 0.0198583 0.0326093 0.0878272 9.9964E-05 0.0268346 9.9964E-05 0.0463684 0.260915 0.115609
9.9964E-05 0.127611 0.00390118 9.9964E-05 0.0312631 9.9964E-05 0.426986 9.9964E-05 0.0208073 0.0619405 0.0285895 0.231858 0.0666424
0.0143254 0.0284494 0.030788 0.0199473 0.0822006 9.9973E-05 0.0148691 9.9973E-05 9.9973E-05 0.058338 0.036898 0.419788 0.294096
9.98919E-05 9.98919E-05 9.98919E-05 9.98919E-05 9.98919E-05 0.998801 9.98919E-05 9.98919E-05 9.98919E-05 9.98919E-05 9.98919E-05 9.98919E-05 9.98919E-05
0.0608006 9.9964E-05 0.0796135 9.9964E-05 0.0661334 0.0179253 0.448167 9.9964E-05 0.0770457 0.0372984 0.0449702 0.167647 9.9964E-05
0.00547879 0.122886 0.0530077 9.9964E-05 0.0561622 0.0938538 0.329333 9.9964E-05 9.9964E-05 9.9964E-05 0.0372302 0.073647 0.228002
9.98918E-05 0.998801 9.98918E-05 9.98918E-05 9.98918E-05 9.98918E-05 9.98918E-05 9.98918E-05 9.98918E-05 9.98918E-05 9.98918E-05 9.98918E-05 9.98918E-05
0.0525755 0.0922769 0.0548152 9.9973E-05 0.0278507 0.015889 0.270903 9.9973E-05 0.0211972 0.00791807 0.014684 9.9973E-05 0.44159
9.9955E-05 0.00915052 0.0369677 9.9955E-05 9.9955E-05 0.0283603 0.656 9.9955E-05 9.9955E-05 0.062106 0.0189752 0.0244172 0.163524
9.9973E-05 0.0119036 0.0637145 9.9973E-05 0.0169227 9.9973E-05 0.0114079 0.148275 0.0323992 0.0198379 0.0682139 0.294448 0.332577
9.9964E-05 0.0169775 0.0173042 0.0523075 0.0147144 0.0485963 9.9964E-05 0.515168 9.9964E-05 9.9964E-05 0.0179766 0.146324 0.170231
0.163295 0.0673776 9.9955E-05 9.9955E-05 0.0832711 9.9955E-05 0.0248292 0.0994656 9.9955E-05 9.9955E-05 0.0111591 0.144196 0.405906
9.98919E-05 0.998801 9.98919E-05 9.98919E-05 9.98919E-05 9.98919E-05 9.98919E-05 9.98919E-05 9.98919E-05 9.98919E-05 9.98919E-05 9.98919E-05 9.98919E-05
9.98919E-05 0.998801 9.98919E-05 9.98919E-05 9.98919E-05 9.98919E-05 9.98919E-05 9.98919E-05 9.98919E-05 9.98919E-05 9.98919E-05 9.98919E-05 9.98919E-05
0.0891738 0.127363 0.0238263 0.0557851 0.0298862 9.9955E-05 0.573204 0.0062385 9.9955E-05 9.9955E-05 9.9955E-05 9.9955E-05 0.0940234
9.99189E-05 9.99189E-05 0.557027 0.0321462 9.99189E-05 0.00235093 9.99189E-05 9.99189E-05 9.99189E-05 9.99189E-05 9.99189E-05 9.99189E-05 0.407577
0.0884519 9.9964E-05 0.0419919 9.9964E-05 0.0252228 0.0964042 0.139101 9.9964E-05 9.9964E-05 0.000701364 0.0479876 0.114099 0.445641
0.137059 0.0446164 0.0127434 9.9955E-05 9.9955E-05 0.0681427 0.290704 9.9955E-05 9.9955E-05 9.9955E-05 0.0161146 0.0829144 0.347206
9.9937E-05 9.9937E-05 0.0439264 9.9937E-05 9.9937E-05 9.9937E-05 0.054963 0.0632123 0.0775701 0.023614 9.9937E-05 9.9937E-05 0.736015
0.0264674 0.0152436 0.0503066 0.0696824 9.9964E-05 0.0220332 9.9964E-05 9.9964E-05 0.0646825 0.0294586 0.013245 9.9964E-05 0.708481
9.9937E-05 9.9937E-05 0.00730719 0.0463671 9.9937E-05 0.0258642 9.9937E-05 0.025254 9.9937E-05 9.9937E-05 0.020092 9.9937E-05 0.874416
0.000863788 0.0693415 0.0353123 0.0195939 0.072188 0.0315442 0.13654 0.0729837 0.0374891 0.0594312 9.9982E-05 9.9982E-05 0.464513
0.0958173 9.9973E-05 0.0639467 0.118101 0.0358227 0.0341176 0.168565 0.0411597 9.9973E-05 0.0218099 0.0936338 9.9973E-05 0.326726
0.0252325 0.100776 0.0291241 9.9973E-05 0.0528306 0.0250188 0.0932252 9.9973E-05 9.9973E-05 0.0403131 0.054658 0.0928446 0.485677
0.131047 0.264683 0.0121733 9.9964E-05 0.0212738 9.9964E-05 0.215504 9.9964E-05 0.000234975 9.9964E-05 0.0367436 0.0313758 0.286565
0.0650341 9.9955E-05 0.0396545 0.0627328 0.0649972 9.9955E-05 0.387895 9.9955E-05 9.9955E-05 9.9955E-05 0.0892771 0.0252334 0.264676
9.9964E-05 0.0873535 0.058932 9.9964E-05 0.0017851 0.0339788 0.111663 9.9964E-05 0.0292053 9.9964E-05 0.0160782 0.0463578 0.614246
0.0876198 0.0808779 0.132433 0.0108286 0.0777911 0.0634602 0.320688 0.0686766 9.9982E-05 0.0246543 0.024459 9.9982E-05 0.108311
9.98919E-05 9.98919E-05 9.98919E-05 9.98919E-05 9.98919E-05 9.98919E-05 0.998801 9.98919E-05 9.98919E-05 9.98919E-05 9.98919E-05 9.98919E-05 9.98919E-05
9.98916E-05 9.98916E-05 0.998801 9.98916E-05 9.98916E-05 9.98916E-05 9.98916E-05 9.98916E-05 9.98916E-05 9.98916E-05 9.98916E-05 9.98916E-05 9.98916E-05
0.0638034 0.0325017 0.0640882 9.9982E-05 0.0567947 0.00675966 0.100716 0.0266342 9.9982E-05 0.0424488 0.0653093 0.0573442 0.4834
9.99369E-05 0.0393107 0.0773141 9.99369E-05 0.00752755 0.0719183 0.124394 9.99369E-05 9.99369E-05 9.99369E-05 9.99369E-05 9.99369E-05 0.678836
9.9955E-05 0.0101961 0.0645501 0.00472306 9.9955E-05 0.0204964 0.534412 0.108926 9.9955E-05 0.026928 9.9955E-05 9.9955E-05 0.229269
9.99009E-05 9.99009E-05 9.99009E-05 0.0472731 9.99009E-05 9.99009E-05 0.951628 9.99009E-05 9.99009E-05 9.99009E-05 9.99009E-05 9.99009E-05 9.99009E-05
0.158533 0.0640734 9.9946E-05 9.9946E-05 9.9946E-05 0.00737483 0.124017 9.9946E-05 9.9946E-05 9.9946E-05 0.0303406 0.036387 0.578675
0.0646882 0.191759 0.0284704 0.0194884 9.9964E-05 9.9964E-05 0.209267 9.9964E-05 0.0538552 0.0204454 0.014103 9.9964E-05 0.397523
9.98919E-05 9.98919E-05 9.98919E-05 9.98919E-05 9.98919E-05 9.98919E-05 9.98919E-05 9.98919E-05 9.98919E-05 9.98919E-05 0.998801 9.98919E-05 9.98919E-05
9.98916E-05 9.98916E-05 0.998801 9.98916E-05 9.98916E-05 9.98916E-05 9.98916E-05 9.98916E-05 9.98916E-05 9.98916E-05 9.98916E-05 9.98916E-05 9.98916E-05
9.98919E-05 9.98919E-05 9.98919E-05 9.98919E-05 9.98919E-05 9.98919E-05 9.98919E-05 9.98919E-05 9.98919E-05 9.98919E-05 0.998801 9.98919E-05 9.98919E-05
9.9937E-05 9.9937E-05 0.0717474 9.9937E-05 0.0434317 0.0282959 9.9937E-05 9.9937E-05 9.9937E-05 0.0086047 0.0188946 9.9937E-05 0.828326
9.9973E-05 9.9973E-05 0.0948547 0.0768343 0.0425952 0.0138576 0.0345913 0.0339144 0.0131252 0.0235124 0.0735077 9.9973E-05 0.592907
0.0250279 9.9955E-05 0.0648111 0.0724848 0.046771 9.9955E-05 0.126827 9.9955E-05 9.9955E-05 0.0248826 0.0334212 9.9955E-05 0.605275
9.9973E-05 0.0364044 0.0242058 9.9973E-05 0.0236443 0.0071081 0.425951 9.9973E-05 0.0162141 0.0172017 0.0622529 0.0265722 0.360145
0.123406 0.0803124 0.0297579 9.9982E-05 0.0230867 0.0399466 0.42316 9.9982E-05 0.0256137 0.00216012 0.0123236 0.112461 0.127572
9.9919E-05 9.9919E-05 0.51146 0.030905 0.00539333 9.9919E-05 9.9919E-05 9.9919E-05 9.9919E-05 9.9919E-05 9.9919E-05 9.9919E-05 0.451342
9.9973E-05 0.113934 0.113238 0.120801 0.00366761 9.9973E-05 0.213375 0.000456705 0.0249075 0.0432865 0.033267 9.9973E-05 0.332767
0.678816 9.991E-05 9.991E-05 9.991E-05 0.0576596 9.991E-05 9.991E-05 9.991E-05 9.991E-05 9.991E-05 9.991E-05 9.991E-05 0.262525
0.833747 0.0906063 9.9928E-05 9.9928E-05 9.9928E-05 0.0370388 9.9928E-05 9.9928E-05 9.9928E-05 9.9928E-05 0.00319136 9.9928E-05 0.0346172
0.875824 0.0337551 0.0252377 9.9946E-05 0.00325728 0.0169174 9.9946E-05 9.9946E-05 0.0171466 9.9946E-05 0.0272619 9.9946E-05 9.9946E-05
0.747645 9.9901E-05 9.9901E-05 9.9901E-05 9.9901E-05 9.9901E-05 9.9901E-05 9.9901E-05 9.9901E-05 9.9901E-05 9.9901E-05 9.9901E-05 0.251256
0.680181 9.9964E-05 0.0440836 9.9964E-05 9.9964E-05 0.00353964 0.0114852 0.0513427 0.0299696 9.9964E-05 0.0502412 0.0281158 0.100642
0.858561 9.9955E-05 0.00564107 9.9955E-05 0.0143326 0.00633346 0.0363376 0.0607379 0.010976 9.9955E-05 0.00658066 9.9955E-05 9.9955E-05
0.985067 9.991E-05 9.991E-05 9.991E-05 9.991E-05 9.991E-05 9.991E-05 0.00708593 9.991E-05 0.00684765 9.991E-05 9.991E-05 9.991E-05
0.854462 0.0794084 9.9919E-05 9.9919E-05 9.9919E-05 9.9919E-05 9.9919E-05 9.9919E-05 9.9919E-05 0.0334099 9.9919E-05 9.9919E-05 0.0318207
0.863547 9.9919E-05 9.9919E-05 0.105655 0.0103755 9.9919E-05 9.9919E-05 9.9919E-05 9.9919E-05 9.9919E-05 0.0195222 9.9919E-05 9.9919E-05
0.613692 0.055928 0.0610805 9.9937E-05 9.9937E-05 0.00680683 9.9937E-05 9.9937E-05 9.9937E-05 9.9937E-05 9.9937E-05 0.0831326 0.17866
0.795303 0.010223 9.9955E-05 0.0267211 0.0310194 9.9955E-05 0.0909458 9.9955E-05 0.0180483 9.9955E-05 0.0269147 0.00032466 9.9955E-05
0.17382 9.9955E-05 0.0094256 9.9955E-05 9.9955E-05 0.0259566 0.0114505 0.689288 9.9955E-05 0.0148298 0.0276503 0.0470789 9.9955E-05
0.250796 0.000860017 0.0131847 0.061501 9.9946E-05 0.0144608 0.00748196 0.651116 9.9946E-05 9.9946E-05 9.9946E-05 9.9946E-05 9.9946E-05
0.0405595 0.0866459 0.00871354 0.0638351 0.0182422 0.018285 0.0170212 0.607956 0.0561653 0.049578 0.0214842 0.0114139 9.9991E-05
9.9946E-05 0.0822976 9.9946E-05 9.9946E-05 9.9946E-05 9.9946E-05 0.0200431 0.650795 0.0476989 0.0291753 0.0206919 0.148698 9.9946E-05
9.9928E-05 9.9928E-05 9.9928E-05 9.9928E-05 9.9928E-05 0.0520626 9.9928E-05 0.597004 0.00156141 9.9928E-05 9.9928E-05 0.169419 0.179154
0.158452 9.9973E-05 0.00924656 0.118799 0.00214073 0.0165505 0.0154215 0.605999 9.9973E-05 0.0097601 0.0132898 9.9973E-05 0.0500414
0.0588831 9.9955E-05 0.0689848 0.0503364 0.0101004 9.9955E-05 9.9955E-05 0.7146 0.0258932 9.9955E-05 0.00703769 0.0636649 9.9955E-05
0.0153038 0.114061 9.9946E-05 9.9946E-05 9.9946E-05 0.0183933 0.0792878 0.721696 0.0496362 9.9946E-05 9.9946E-05 0.00102215 9.9946E-05
9.99459E-05 0.13506 9.99459E-05 0.160586 9.99459E-05 9.99459E-05 9.99459E-05 0.434468 0.00516041 0.0806367 0.0374498 9.99459E-05 0.146039
0.173797 9.9928E-05 0.0214131 9.9928E-05 9.9928E-05 0.00370778 9.9928E-05 0.567689 9.9928E-05 9.9928E-05 9.9928E-05 0.232594 9.9928E-05
0.08346 0.0394056 9.9955E-05 9.9955E-05 0.019851 0.0444772 9.9955E-05 0.662814 9.9955E-05 0.0107477 0.010903 0.127842 9.9955E-05
0.0368036 9.9937E-05 9.9937E-05 9.9937E-05 0.0499171 9.9937E-05 9.9937E-05 0.650287 0.0114929 0.055074 9.9937E-05 0.195726 9.9937E-05
0.0851195 0.0414267 9.9982E-05 0.0715572 0.00278027 9.9982E-05 0.0497657 0.538641 0.0495732 0.0092088 0.00961963 0.0781176 0.0639904
0.0131713 9.9946E-05 9.9946E-05 0.184121 0.00704326 9.9946E-05 0.0410797 0.495643 9.9946E-05 9.9946E-05 0.0311182 9.9946E-05 0.227225
9.9955E-05 9.9955E-05 0.00600265 9.9955E-05 0.00798725 9.9955E-05 0.159884 0.639345 0.0306481 0.0786421 0.0114132 9.9955E-05 0.0655778
9.9946E-05 0.0476138 0.00579668 0.0472726 0.0312804 9.9946E-05 9.9946E-05 0.669364 9.9946E-05 0.0522608 9.9946E-05 9.9946E-05 0.145812
0.0604095 9.9955E-05 0.0201363 0.0447424 0.0436464 9.9955E-05 0.0728154 0.733869 9.9955E-05 9.9955E-05 0.00365734 0.0202241 9.9955E-05
9.9946E-05 0.0173987 9.9946E-05 0.0249244 9.9946E-05 9.9946E-05 0.154129 0.671517 9.9946E-05 0.0375728 0.0366528 0.0572055 9.9946E-05
9.9964E-05 0.0360613 0.0186388 0.121096 9.9964E-05 9.9964E-05 0.000212006 0.70907 0.0368741 0.0469002 0.00828309 0.0224649 9.9964E-05
9.9946E-05 9.9946E-05 9.9946E-05 0.125245 9.9946E-05 0.0133203 0.0249461 0.669657 0.0390494 0.0191263 9.9946E-05 9.9946E-05 0.108056
9.9955E-05 0.0256732 0.00713184 0.162604 9.9955E-05 0.0506247 9.9955E-05 0.480379 0.0407122 0.0437673 9.9955E-05 9.9955E-05 0.188608
9.9946E-05 0.0964737 0.0262694 0.153728 0.00318648 9.9946E-05 0.0534309 0.647027 9.9946E-05 9.9946E-05 0.0192845 9.9946E-05 9.9946E-05
0.0582524 9.9928E-05 0.0256721 9.9928E-05 9.9928E-05 9.9928E-05 9.9928E-05 0.675628 9.9928E-05 9.9928E-05 0.0201719 9.9928E-05 0.219476
0.0961697 0.0456544 0.0018711 9.9964E-05 9.9964E-05 0.00989959 9.9964E-05 0.720474 9.9964E-05 0.0322569 0.00398664 0.0253013 0.0639868
9.9946E-05 9.9946E-05 0.049232 0.0174204 0.0192211 9.9946E-05 9.9946E-05 0.626483 0.0675597 9.9946E-05 0.018837 9.9946E-05 0.200647
9.9928E-05 0.014376 9.9928E-05 0.0373498 9.9928E-05 9.9928E-05 9.9928E-05 0.590279 0.071292 9.9928E-05 9.9928E-05 9.9928E-05 0.285904
9.9955E-05 0.0660177 9.9955E-05 0.221539 0.0101854 0.0114047 9.9955E-05 0.635486 0.0106829 0.0177376 0.0264461 9.9955E-05 9.9955E-05
9.9946E-05 9.9946E-05 0.0204127 0.091854 0.0565401 0.0154528 9.9946E-05 0.616451 9.9946E-05 0.0805644 9.9946E-05 9.9946E-05 0.118126
9.9964E-05 0.0742206 0.0134163 0.0246167 0.0306386 9.9964E-05 9.9964E-05 0.613864 0.0259651 0.0579711 0.0169046 9.9964E-05 0.142003
9.9964E-05 0.0219112 0.0415474 9.9964E-05 0.0223059 0.00049166 9.9964E-05 0.654128 0.0682961 9.9964E-05 0.0114281 0.127337 0.0521548
0.0571018 9.9946E-05 0.0316552 9.9946E-05 0.0138925 9.9946E-05 0.03498 0.728089 9.9946E-05 9.9946E-05 0.0143835 0.119299 9.9946E-05
0.0470291 9.9955E-05 0.0194519 9.9955E-05 9.9955E-05 9.9955E-05 0.00316058 0.595816 0.00558596 0.0482225 9.9955E-05 0.165861 0.114374
9.9928E-05 0.0757007 9.9928E-05 9.9928E-05 9.9928E-05 9.9928E-05 9.9928E-05 0.604584 0.0641646 9.9928E-05 9.9928E-05 0.0901011 0.164651
9.9955E-05 0.121005 0.0435659 9.9955E-05 0.00668349 0.000733368 9.9955E-05 0.747764 0.0440946 9.9955E-05 0.0206035 9.9955E-05 0.0150506
0.0294242 9.9955E-05 9.9955E-05 9.9955E-05 0.0069529 0.0190759 0.04553 0.765162 0.0301681 0.0113032 9.9955E-05 9.9955E-05 0.0918838
0.0263246 9.9928E-05 9.9928E-05 0.929093 0.0111137 0.0125518 9.9928E-05 0.020117 9.9928E-05 9.9928E-05 9.9928E-05 9.9928E-05 9.9928E-05
0.0421782 9.9937E-05 0.049004 0.875172 0.00349198 9.9937E-05 9.9937E-05 0.00250556 9.9937E-05 9.9937E-05 9.9937E-05 9.9937E-05 0.026949
9.9937E-05 0.0291707 0.0101328 0.721682 9.9937E-05 9.9937E-05 9.9937E-05 9.9937E-05 9.9937E-05 0.0675329 9.9937E-05 0.0095041 0.161278
9.9955E-05 9.9955E-05 0.0175901 0.859302 0.0142886 0.0128256 0.0265148 9.9955E-05 9.9955E-05 0.0312257 0.00699224 9.9955E-05 0.0307614
9.9928E-05 0.0645017 9.9928E-05 0.861854 0.00214044 9.9928E-05 9.9928E-05 9.9928E-05 9.9928E-05 0.0535867 0.0171182 9.9928E-05 9.9928E-05
0.0199757 9.9946E-05 0.0262879 0.85563 9.9946E-05 0.019129 9.9946E-05 9.9946E-05 0.0285058 9.9946E-05 0.0220472 0.027825 9.9946E-05
9.9892E-05 9.9892E-05 9.9892E-05 0.998801 9.9892E-05 9.9892E-05 9.9892E-05 9.9892E-05 9.9892E-05 9.9892E-05 9.9892E-05 9.9892E-05 9.9892E-05
0.0484032 0.0148888 9.9946E-05 0.743147 9.9946E-05 9.9946E-05 9.9946E-05 9.9946E-05 0.0613823 0.0502019 0.0100618 0.0713158 9.9946E-05
