0.764929 0.00467004 0.0562418 0.174059 9.9991E-05
0.952177 9.9973E-05 0.0475232 9.9973E-05 9.9973E-05
0.419278 9.9982E-05 0.0133086 0.567214 9.9982E-05
0.69802 9.99821E-05 9.99821E-05 0.0898982 0.211882
9.9973E-05 0.988671 9.9973E-05 9.9973E-05 0.0110291
0.0206276 9.9982E-05 9.9982E-05 0.0954294 0.883743
0.00509126 0.100441 0.125199 0.769169 9.999E-05
0.940572 9.9982E-05 0.0379489 0.0212789 9.9982E-05
9.997E-05 9.997E-05 0.343641 9.997E-05 0.65606
9.9973E-05 0.854656 9.9973E-05 0.145044 9.9973E-05
9.99731E-05 0.479748 9.99731E-05 0.519952 9.99731E-05
0.84946 9.9973E-05 9.9973E-05 9.9973E-05 0.15024
9.9991E-05 0.604412 0.0704816 0.167417 0.15759
9.9982E-05 0.122043 9.9982E-05 0.809655 0.0681016
9.99731E-05 0.977369 0.0223311 9.99731E-05 9.99731E-05
9.99731E-05 9.99731E-05 0.861947 0.137753 9.99731E-05
0.908621 9.9973E-05 9.9973E-05 9.9973E-05 0.0910787
9.999E-05 0.194187 0.402681 0.149659 0.253373
0.0395096 9.9973E-05 9.9973E-05 9.9973E-05 0.960191
9.997E-05 9.997E-05 0.9996 9.997E-05 9.997E-05
0.0157179 0.0404593 0.855734 9.9991E-05 0.0879884
0.176862 0.000356954 0.413925 9.9991E-05 0.408756
9.9982E-05 0.0823209 0.870915 0.0465643 9.9982E-05
0.554667 0.0567819 0.18151 0.159047 0.0479951
9.99731E-05 9.99731E-05 9.99731E-05 0.902079 0.0976215
0.00489347 0.741225 0.253681 9.9982E-05 9.9982E-05
0.590895 9.99821E-05 9.99821E-05 0.298393 0.110512
9.99821E-05 0.276596 9.99821E-05 0.075199 0.648005
0.963927 9.99732E-05 0.0357731 9.99732E-05 9.99732E-05
0.369919 9.99731E-05 9.99731E-05 9.99731E-05 0.629781
9.997E-05 9.997E-05 9.997E-05 0.9996 9.997E-05
9.997E-05 9.997E-05 9.997E-05 0.9996 9.997E-05
9.9973E-05 0.61142 9.9973E-05 0.38828 9.9973E-05
9.9973E-05 9.9973E-05 9.9973E-05 0.0687407 0.930959
0.760354 9.9982E-05 9.9982E-05 0.0431172 0.196329
9.99731E-05 9.99731E-05 0.997611 9.99731E-05 0.00208918
0.00599621 9.9982E-05 0.146215 9.9982E-05 0.847589
9.9991E-05 0.0147208 0.0409821 0.0539374 0.89026
0.139226 0.0779554 0.0550923 0.638523 0.0892035
0.0898874 0.0808721 9.99821E-05 9.99821E-05 0.829041
0.291738 9.9973E-05 9.9973E-05 9.9973E-05 0.707963
0.863227 9.9973E-05 9.9973E-05 9.9973E-05 0.136473
9.99731E-05 0.130402 0.869298 9.99731E-05 9.99731E-05
9.997E-05 9.997E-05 9.997E-05 0.9996 9.997E-05
9.997E-05 0.841011 0.158689 9.997E-05 9.997E-05
0.969488 9.99731E-05 0.0302124 9.99731E-05 9.99731E-05
9.9973E-05 9.9973E-05 0.774394 9.9973E-05 0.225306
9.99731E-05 9.99731E-05 0.164585 9.99731E-05 0.835115
0.102061 0.571318 0.297288 9.9991E-05 0.0292339
0.00557036 0.0542035 0.722711 9.999E-05 0.217415
