9.9973E-05 0.99734 9.9973E-05 0.00236029 9.9973E-05
9.9982E-05 0.774973 0.0868515 9.9982E-05 0.137976
0.110761 0.842816 9.9982E-05 9.9982E-05 0.0462229
0.0261007 0.811209 0.0512909 9.9991E-05 0.1113
0.0472316 0.816609 0.0124161 0.0920151 0.0317282
9.9973E-05 0.929605 9.9973E-05 9.9973E-05 0.0700948
9.9973E-05 0.942655 9.9973E-05 9.9973E-05 0.0570447
9.999E-05 0.892972 0.0364724 0.00698909 0.063467
0.0151104 0.795467 0.0331625 9.9991E-05 0.15616
0.0669899 0.848467 9.9982E-05 9.9982E-05 0.0843433
0.077283 0.787163 0.0338762 0.0105788 0.0910994
0.0763036 0.810403 0.0298112 0.0398875 0.0435948
0.046128 0.821335 0.023319 0.0580914 0.051127
0.0717406 0.749163 0.0553881 9.9991E-05 0.123608
0.0805647 0.852557 0.0198269 9.9991E-05 0.0469519
9.9973E-05 0.896873 9.9973E-05 9.9973E-05 0.102827
9.997E-05 0.9996 9.997E-05 9.997E-05 9.997E-05
9.9973E-05 0.996283 9.9973E-05 0.00341694 9.9973E-05
9.9973E-05 0.987197 9.9973E-05 0.0125033 9.9973E-05
0.0244318 0.949228 9.9982E-05 0.0261398 9.9982E-05
0.9996 9.997E-05 9.997E-05 9.997E-05 9.997E-05
0.762043 0.0381493 0.0354682 0.102685 0.061654
0.706886 0.0429595 0.0199873 0.135348 0.0948198
0.779607 9.9973E-05 9.9973E-05 0.220093 9.9973E-05
0.949895 0.0281392 0.0217654 9.9982E-05 9.9982E-05
0.872183 0.0441002 0.034017 0.0345579 0.015142
0.754447 9.9991E-05 0.0340401 0.181889 0.0295235
0.9996 9.997E-05 9.997E-05 9.997E-05 9.997E-05
0.814942 9.9982E-05 0.069376 9.9982E-05 0.115482
0.656869 0.0219099 0.111016 0.134194 0.0760113
0.788191 9.9982E-05 0.0732011 9.9982E-05 0.138408
0.762456 9.9991E-05 0.000537885 0.160954 0.075952
0.729162 0.0428686 0.0304293 0.0779335 0.119607
0.703059 9.9982E-05 0.140048 9.9982E-05 0.156693
0.650139 0.0138917 0.253266 9.9991E-05 0.0826028
0.489977 0.0646262 0.21003 9.9991E-05 0.235267
0.617499 0.00128215 0.15358 0.189398 0.038241
0.0238421 9.9991E-05 0.0682579 0.82918 0.0786197
9.9982E-05 9.9982E-05 0.180868 0.690752 0.12818
0.0359977 0.0320698 0.106624 0.749662 0.0756458
0.0335271 0.0286232 0.0166512 0.862321 0.0588776
0.0575597 0.0547347 0.0840058 0.8036 9.9991E-05
0.0263182 9.99963E-05 0.0156783 0.932902 0.0250012
0.0120411 0.0816596 0.0717023 0.668195 0.166402
0.0569145 9.9991E-05 0.0778458 0.805735 0.0594045
0.0666402 0.0678915 9.9991E-05 0.765877 0.0994915
9.9982E-05 9.9982E-05 0.0547315 0.917721 0.0273473
0.0123565 0.0141628 9.9991E-05 0.919874 0.0535065
9.9973E-05 0.0161844 9.9973E-05 0.983516 9.9973E-05
9.9991E-05 0.0186195 0.00121695 0.857534 0.12253
0.0152876 0.0316124 0.0250806 0.908376 0.019643
0.069459 9.9982E-05 9.9982E-05 0.919397 0.0109437
9.9991E-05 0.0210699 0.0339064 0.925493 0.0194308
0.0147393 0.0839505 0.0349138 0.866296 9.9991E-05
0.0177627 0.0342303 0.0248262 0.830728 0.0924533
0.0539883 0.0285102 0.0777045 0.75473 0.0850669
0.10119 0.0399781 0.000554816 0.782339 0.0759375
0.0981441 0.0452434 0.563002 0.219649 0.0739611
0.00525459 0.0896158 0.837171 9.9991E-05 0.0678586
0.0647548 0.024068 0.731216 0.0769498 0.103012
0.0651672 0.0479529 0.735677 0.151102 9.9991E-05
0.0614381 9.9991E-05 0.819557 0.111011 0.007894
0.0412794 0.0350254 0.719135 0.187375 0.0171851
0.0605765 0.0314924 0.85054 0.0486681 0.00872281
0.00515616 9.9991E-05 0.889198 0.066038 0.0395078
0.00785031 0.125347 0.656623 0.0715008 0.13868
0.179374 0.0245263 0.658804 0.114823 0.022473
0.0362213 0.0343439 0.768231 0.149198 0.0120054
0.126462 9.9982E-05 0.834347 0.0389916 9.9982E-05
0.0985938 0.0806399 0.775134 9.9991E-05 0.0455324
0.0255829 0.0575777 0.811563 0.105176 9.9991E-05
0.0770239 0.00462165 0.747428 0.170827 9.9991E-05
0.108117 0.034178 0.785852 0.0662285 0.00562505
0.129548 0.0231519 0.658247 0.0258636 0.16319
0.0977536 9.9991E-05 0.489889 0.357918 0.0543398
0.00758279 0.0521041 0.548662 0.373972 0.0176792
9.9982E-05 0.0858545 0.398958 0.514987 9.9982E-05
9.9982E-05 0.0161336 0.873578 0.110089 9.9982E-05
0.0596818 0.0910728 0.61203 0.203987 0.0332281
0.0153255 9.9991E-05 0.731248 0.249955 0.00337149
0.0820301 0.0667834 0.604821 0.246266 9.9991E-05
0.0543116 0.0706899 0.726517 0.0998669 0.0486143
9.9982E-05 0.0954252 0.756012 0.148363 9.9982E-05
0.0205147 0.0454515 0.401067 0.26298 0.269988
9.9991E-05 0.0310328 0.11289 0.213818 0.642159
0.119951 0.0188489 0.483183 0.187345 0.190671
9.9991E-05 0.0633384 0.655401 0.216208 0.0649527
0.011511 9.9991E-05 0.638352 0.207378 0.142658
0.0430217 0.0212779 0.683205 0.158686 0.0938098
0.0341623 0.010432 0.909649 0.0456571 9.9991E-05
0.0767682 0.0251704 0.765398 0.132564 9.9991E-05
0.0249986 9.9991E-05 0.710394 0.206958 0.0575501
0.0640542 0.135633 0.577838 0.0344428 0.188032
0.169925 0.0731709 0.609232 0.0783892 0.0692831
0.0646581 0.0410513 0.67762 0.0271199 0.189551
0.111915 0.106583 0.632723 0.0211159 0.127663
9.9991E-05 0.0692497 0.61782 0.184522 0.128308
0.0250609 0.0739425 0.703086 0.197811 9.9991E-05
0.0992743 0.0451329 0.698398 0.157095 9.9991E-05
9.9991E-05 0.03691 0.755568 0.195638 0.0117835
0.107022 0.0874149 0.669833 0.0652 0.0705303
0.0361103 0.064869 0.740132 0.0289872 0.129902
0.0373967 0.00399827 0.78176 0.120073 0.0567722
9.9982E-05 0.00861853 0.97054 9.9982E-05 0.0206412
0.11267 0.0481416 0.66871 0.132793 0.0376857
0.0337122 0.0469925 0.804528 0.093308 0.0214593
9.9991E-05 0.0753044 0.687984 0.0848798 0.151732
9.9982E-05 9.9982E-05 0.694746 0.245727 0.0593272
0.0360529 0.0518968 0.720464 0.162385 0.0292021
0.139555 0.0677254 0.675315 0.117305 9.9991E-05
9.9973E-05 9.9973E-05 0.803106 0.196594 9.9973E-05
9.9973E-05 9.9973E-05 0.989615 9.9973E-05 0.0100854
9.9973E-05 9.9973E-05 0.748019 0.251682 9.9973E-05
9.9991E-05 0.0631 0.765463 0.0557425 0.115595
0.114268 0.0634705 0.701717 9.9991E-05 0.120444
0.0881842 0.0721795 0.680405 0.0517435 0.107488
0.0569444 0.0744806 0.772174 0.0963006 9.9991E-05
0.0562855 0.0276611 0.708356 0.207598 9.9991E-05
0.00383097 0.0668321 0.81913 0.0386748 0.0715317
0.0597537 0.0887337 0.610654 0.165849 0.0750097
0.202364 0.0223512 0.563599 9.9991E-05 0.211586
0.134249 9.9991E-05 0.58551 0.0720375 0.208103
0.273356 0.0105367 0.581561 0.0123728 0.122173
0.236171 0.0583616 0.54071 9.9991E-05 0.164657
0.229877 9.9991E-05 0.516331 0.0696334 0.184059
0.298543 0.00103928 0.45556 0.0183463 0.226511
0.265753 0.0389586 0.433535 0.052873 0.20888
0.305278 0.0672939 0.519406 0.0226587 0.0853627
0.243748 0.019338 0.399651 0.186681 0.150582
0.184233 0.0144036 0.582105 0.0829687 0.136289
0.274884 0.0126921 0.510591 0.132214 0.0696193
0.0898655 0.00190847 0.0496765 0.0361369 0.822413
0.0537654 0.0196423 0.0792834 0.0320053 0.815304
0.072732 0.0649472 0.0216285 0.096941 0.743751
0.05375 0.038482 9.9991E-05 0.142506 0.765162
0.0519539 0.0509614 9.9991E-05 0.0980883 0.798896
0.103158 0.0280942 0.0517658 0.016695 0.800287
0.077925 0.0084262 9.9991E-05 0.119275 0.794274
0.0878431 9.9982E-05 9.9982E-05 0.0332398 0.878717
0.0457313 0.107071 0.0994729 0.137915 0.60981
0.0513676 9.9982E-05 9.9982E-05 0.220049 0.728383
0.056283 0.00791076 9.9991E-05 0.12164 0.814066
0.0138277 0.0521688 9.9991E-05 0.120437 0.813467
0.0913515 0.0307796 0.062436 0.137609 0.677824
9.9982E-05 9.9982E-05 0.175366 0.168386 0.656048
0.0487594 0.0716511 0.0969371 9.9991E-05 0.782552
9.9991E-05 0.114992 0.0711994 0.022123 0.791585
0.0174527 9.9982E-05 0.0576974 9.9982E-05 0.92465
9.9991E-05 0.0687352 0.0603773 0.0577933 0.812994
0.0782047 0.0258843 9.9991E-05 0.0831165 0.812695
0.0642029 0.0353292 0.0178149 0.0663682 0.816285
0.0590466 0.0539647 0.137424 9.9991E-05 0.749465
0.0729925 9.9991E-05 0.0674203 0.115815 0.743673
0.0207301 0.0611308 0.0855103 0.0157877 0.816841
0.0429579 0.0411043 0.0721505 0.0108219 0.832965
0.103883 0.0438402 0.0850062 9.9991E-05 0.767171
0.0919245 0.0340948 0.10152 9.9991E-05 0.772361
0.110653 0.0147585 0.00974384 0.126703 0.738142
0.0110669 0.0783588 0.12805 0.106266 0.676258
0.0229232 0.0854132 0.0751574 0.0426304 0.773876
0.0532791 9.9991E-05 0.0614608 0.0566161 0.828544
9.9982E-05 9.9982E-05 0.0013487 0.14727 0.851181
0.0483643 0.0875409 0.0357085 0.0953081 0.733078
0.104106 9.9991E-05 0.0139325 0.133952 0.747909
0.0737848 9.9982E-05 0.0770245 9.9982E-05 0.848991
0.0851077 0.0285017 0.0408586 9.9991E-05 0.845432
0.082965 0.0551913 9.9991E-05 0.686081 0.175663
0.0761838 0.0459774 0.0664616 0.587351 0.224027
0.111553 0.0993103 0.0487942 0.610406 0.129936
0.0236262 0.100963 0.0856859 0.555754 0.233971
0.0643424 0.113415 0.0319835 0.657557 0.132702
0.0706473 9.9991E-05 0.00226429 0.794171 0.132817
0.0342955 0.00721791 9.9991E-05 0.875125 0.0832615
0.253378 0.0891344 9.9991E-05 0.631296 0.0260909
