0.9997 9.998E-05 9.998E-05 9.998E-05
0.807528 0.0981224 0.0898677 0.00448208
0.858059 9.9991E-05 0.0105852 0.131256
0.831316 0.0158119 0.0416704 0.111201
0.85546 0.0570022 0.0567296 0.030808
0.926894 9.9982E-05 0.0729062 9.9982E-05
0.930182 9.9991E-05 0.0580282 0.0116898
0.894978 0.0293933 0.0614581 0.0141706
0.849135 0.0011378 0.0579748 0.091752
0.858312 9.9991E-05 0.0162312 0.125357
0.795068 0.0582827 0.04522 0.101429
0.82327 0.0294802 0.0352174 0.112033
0.806123 0.0919276 0.0178128 0.0841366
0.789245 0.042116 0.0879521 0.0806871
0.870018 0.00329252 0.0293525 0.0973369
0.912284 9.9982E-05 0.0875162 9.9982E-05
0.9997 9.998E-05 9.998E-05 9.998E-05
0.9997 9.998E-05 9.998E-05 9.998E-05
0.978726 9.9982E-05 0.0210742 9.9982E-05
0.964137 0.016161 9.9991E-05 0.0196017
9.998E-05 9.998E-05 9.998E-05 0.9997
0.0418 0.0507683 0.147326 0.760105
0.0547285 0.0483892 0.141909 0.754974
9.9991E-05 0.070628 0.127966 0.801306
0.0416653 0.00618823 9.9991E-05 0.952046
0.0369494 0.0383195 9.9991E-05 0.924631
9.9991E-05 0.0863636 0.145774 0.767762
9.998E-05 9.998E-05 9.998E-05 0.9997
9.9991E-05 0.0932328 0.0455789 0.861088
0.0123546 0.164599 0.135406 0.68764
9.9991E-05 0.0723508 0.123836 0.803713
9.9991E-05 0.0769804 0.14486 0.778059
0.0361016 0.0579022 0.128373 0.777623
9.9991E-05 0.148284 0.103877 0.747739
0.0336753 0.22035 0.0682903 0.677685
0.0884541 0.177384 0.20296 0.531202
0.00339326 0.216069 0.120816 0.659722
0.0105402 0.356328 0.571922 0.0612104
9.9982E-05 0.449974 0.549826 9.9982E-05
0.0231285 0.362677 0.594903 0.0192918
0.0120333 0.36001 0.627856 9.9991E-05
0.0564784 0.376239 0.556654 0.0106285
0.00168393 0.376644 0.621572 9.9991E-05
0.0783652 0.301108 0.615635 0.0048913
9.9991E-05 0.40494 0.562495 0.0324654
0.0770483 0.246848 0.649596 0.0265075
9.9982E-05 0.377552 0.622248 9.9982E-05
0.0168919 0.366551 0.616457 9.9991E-05
0.0361333 0.353442 0.610325 9.9991E-05
0.0254613 0.323187 0.651251 9.9991E-05
0.0166575 0.346691 0.636552 9.9991E-05
9.9991E-05 0.33519 0.63254 0.0321697
0.0178681 0.401124 0.580908 9.9991E-05
0.124619 0.343088 0.526959 0.00533441
0.0416293 0.381526 0.576744 9.9991E-05
0.0267328 0.353784 0.577072 0.0424109
0.0896666 0.282303 0.575819 0.0522114
0.0760999 0.705622 0.112628 0.10565
0.0957068 0.84667 9.9991E-05 0.0575228
0.0314225 0.77738 0.0831532 0.108044
0.0578495 0.837159 0.0431344 0.0618572
9.9982E-05 0.876106 9.9982E-05 0.123694
0.0649225 0.818605 0.0188246 0.0976481
9.9982E-05 0.937718 9.9982E-05 0.0620824
0.0248464 0.930308 9.9991E-05 0.0447453
0.160248 0.750324 0.0885708 0.000857304
0.0625751 0.691403 0.0106649 0.235357
0.0538098 0.854058 0.0181728 0.0739598
9.9982E-05 0.822326 9.9982E-05 0.177474
0.0612087 0.798991 9.9991E-05 0.1397
0.0661052 0.87691 0.0133889 0.043596
9.9991E-05 0.907759 0.0233324 0.0688085
0.00364843 0.850417 9.9991E-05 0.145834
0.0156934 0.719158 0.0567265 0.208422
9.9991E-05 0.686502 0.164825 0.148574
0.101563 0.68914 0.159804 0.0494925
0.114384 0.648765 0.236752 9.9991E-05
9.9982E-05 0.960264 9.9982E-05 0.0395359
0.0631808 0.694573 0.100648 0.141599
9.9991E-05 0.873158 0.105224 0.0215176
0.0619705 0.782845 0.0498211 0.105364
0.053423 0.811896 0.0291133 0.105568
0.0802945 0.882784 0.036822 9.9991E-05
0.0332934 0.479241 0.386368 0.101098
0.010216 0.235787 0.753897 9.9991E-05
0.0443703 0.551227 0.215884 0.188518
0.0563664 0.809183 0.102355 0.0320957
0.00686203 0.705239 0.182745 0.105154
0.0398857 0.787692 0.0771071 0.0953149
0.00262681 0.972839 9.9991E-05 0.0244343
0.0194017 0.817751 0.0493037 0.113544
9.9991E-05 0.84978 0.0912365 0.0588833
0.17432 0.564079 0.108709 0.152893
0.0995001 0.645827 0.0591873 0.195486
0.0468374 0.750007 0.0750808 0.128075
0.113187 0.67495 0.0448415 0.167021
0.0680312 0.686113 0.146418 0.0994382
0.0739983 0.865901 0.0328597 0.0272412
0.00282391 0.857563 9.9991E-05 0.139513
0.0452549 0.905648 0.040719 0.00837779
0.034426 0.778671 0.035821 0.151082
0.0226306 0.799742 0.0956062 0.0820211
0.0238785 0.874633 9.9991E-05 0.101389
0.00843822 0.991362 9.9982E-05 9.9982E-05
0.0644996 0.753157 0.0765065 0.105837
0.0435765 0.867539 0.00690248 0.0819819
0.0807748 0.796175 0.0176595 0.105391
0.0258077 0.825542 0.126171 0.0224797
0.0613583 0.813937 0.0374396 0.0872648
0.0515172 0.745872 0.0292178 0.173393
0.00698777 0.986689 0.00622349 9.9991E-05
9.998E-05 0.9997 9.998E-05 9.998E-05
9.9982E-05 0.984813 9.9982E-05 0.0149869
0.0824961 0.793526 0.0784548 0.0455228
0.0480742 0.73123 0.054145 0.166551
0.0372705 0.772399 0.0283257 0.162004
0.0571233 0.899208 9.9991E-05 0.0435688
0.0170779 0.836706 0.0100606 0.136156
0.0539263 0.899895 0.036221 0.00995778
0.115789 0.702908 0.115813 0.0654902
0.0277177 0.592751 0.0941687 0.285362
9.9991E-05 0.601605 0.159729 0.238566
9.9991E-05 0.57442 0.059345 0.366135
0.0490232 0.566921 0.0931821 0.290874
0.00653852 0.528973 0.1396 0.324888
0.00701969 0.46214 0.157236 0.373604
0.0447516 0.473635 0.161602 0.320012
0.0819242 0.525962 0.0366861 0.355427
0.00673824 0.486592 0.199318 0.307351
0.00617312 0.60344 0.127019 0.263367
9.9991E-05 0.563578 0.107399 0.328922
9.9982E-05 9.9982E-05 0.755653 0.244147
0.0381102 0.0170317 0.725082 0.219777
0.0135041 0.0460563 0.7494 0.19104
0.0500029 9.9991E-05 0.784515 0.165383
0.0428094 0.000349477 0.79165 0.165191
0.0338503 0.031118 0.759493 0.175539
9.9982E-05 9.9982E-05 0.812496 0.187304
9.9982E-05 9.9982E-05 0.785013 0.214787
0.0557875 0.197533 0.599866 0.146813
0.0114078 0.0150007 0.819654 0.153938
0.00637415 9.9991E-05 0.795627 0.197898
0.032616 9.9991E-05 0.836109 0.131175
0.0444816 0.0806533 0.675973 0.198892
0.0245322 0.197668 0.692314 0.0854857
0.0986851 0.0229295 0.641602 0.236784
0.118665 0.0263328 0.760612 0.0943904
9.9982E-05 9.9982E-05 0.844417 0.155383
0.0542444 0.0382322 0.769079 0.138445
0.0298412 9.9991E-05 0.807491 0.162568
0.0558702 0.0221084 0.779306 0.142715
0.0976608 0.0145181 0.735163 0.152658
9.9991E-05 0.0305679 0.811284 0.158048
0.0715396 0.0197717 0.763272 0.145417
0.0386983 0.0321194 0.789652 0.139531
0.099073 0.0269106 0.702676 0.17134
0.0171467 0.0809263 0.665617 0.23631
0.0446091 9.9991E-05 0.754242 0.201049
0.0835973 0.0580799 0.719384 0.138939
0.0935498 0.048259 0.683819 0.174372
9.9982E-05 9.9982E-05 0.798018 0.201782
9.9991E-05 0.0116504 0.898232 0.0900172
0.0885837 0.0329853 0.729081 0.14935
0.024341 9.9991E-05 0.771679 0.20388
0.00481903 0.00723467 0.768265 0.219681
0.0283365 9.9991E-05 0.764821 0.206743
0.0374719 0.273063 0.591877 0.0975875
0.0769352 0.239563 0.616732 0.0667701
0.120769 0.27963 0.509329 0.0902716
0.100983 0.26805 0.540707 0.0902607
0.11233 0.285339 0.519517 0.0828132
9.9991E-05 0.27655 0.608596 0.114754
0.0332823 0.278831 0.655979 0.0319077
0.118256 0.177425 0.495832 0.208487
