0.976139 9.9973E-05 9.9973E-05 9.9973E-05 0.0235614
0.758847 0.114284 0.111744 9.9991E-05 0.0150255
0.831241 0.0255465 0.029659 0.113454 9.9991E-05
0.84487 0.042242 0.0825794 0.030209 9.9991E-05
0.827702 0.0215262 0.0240744 0.0557955 0.0709014
0.919118 9.9982E-05 0.0380727 9.9982E-05 0.0426093
0.983686 9.9982E-05 0.0129517 0.00316263 9.9982E-05
0.883777 0.0205275 0.0899387 0.00565682 9.9991E-05
0.828255 0.0125431 0.10987 0.0492316 9.9991E-05
0.885577 9.9982E-05 0.0640392 0.0501839 9.9982E-05
0.759414 0.0588935 0.103014 0.0785787 9.9991E-05
0.803151 0.0773739 0.0381769 0.0454711 0.0358268
0.841755 0.0392794 0.0196787 0.0261658 0.0731216
0.761631 0.0485831 0.0980481 0.0823355 0.00940261
0.833215 0.0459921 0.0241562 0.0965362 9.9991E-05
0.900027 9.9973E-05 0.0996729 9.9973E-05 9.9973E-05
0.9996 9.997E-05 9.997E-05 9.997E-05 9.997E-05
0.9996 9.997E-05 9.997E-05 9.997E-05 9.997E-05
0.996755 9.9973E-05 9.9973E-05 9.9973E-05 0.00294519
0.954001 9.9973E-05 9.9973E-05 9.9973E-05 0.0456991
9.997E-05 9.997E-05 9.997E-05 0.9996 9.997E-05
9.999E-05 0.0846697 0.0672733 0.747602 0.100355
0.0298045 0.0713323 0.0326791 0.736518 0.129666
9.9982E-05 0.00497616 9.9982E-05 0.805457 0.189366
0.00479406 9.9973E-05 9.9973E-05 0.994906 9.9973E-05
0.0189919 0.00724239 9.9991E-05 0.912426 0.0612395
9.9991E-05 0.0238563 0.0571363 0.781362 0.137545
9.997E-05 9.997E-05 9.997E-05 0.9996 9.997E-05
9.9982E-05 0.0933364 0.0939939 0.81247 9.9982E-05
0.0202518 0.0888754 0.0649443 0.676844 0.149085
9.9982E-05 0.0687674 0.173144 0.757889 9.9982E-05
9.9991E-05 0.0432331 0.0635552 0.768439 0.124673
0.050932 9.9991E-05 0.113693 0.741099 0.0941753
9.9982E-05 0.158037 0.170939 0.670824 9.9982E-05
0.0358407 0.223315 0.0598333 0.61341 0.0676012
0.0812263 0.203947 0.247222 0.454217 0.0133879
9.9991E-05 0.155287 0.0517532 0.632308 0.160552
9.9991E-05 0.0512721 0.0871423 0.0345008 0.826985
9.9982E-05 0.15577 0.0652098 9.9982E-05 0.77882
0.0241653 0.0820517 0.0407424 0.0264118 0.826629
0.00486532 0.0406466 0.0639991 9.9991E-05 0.890389
0.0308814 0.0923764 9.9991E-05 0.0448908 0.831751
0.0107385 0.0330669 0.0646023 9.9991E-05 0.891492
0.0774352 0.0203261 0.164516 0.0411834 0.696539
9.9991E-05 0.0498317 0.0571322 0.0271049 0.865831
0.0510392 9.9991E-05 0.0912924 0.0475129 0.810055
9.9982E-05 0.0330358 0.0212209 9.9982E-05 0.945543
0.00706252 0.0201745 0.0638061 0.00826846 0.900688
0.0209087 9.9982E-05 9.9982E-05 0.029008 0.949883
9.9982E-05 0.0204908 0.116169 9.9982E-05 0.863141
0.0141857 9.9991E-05 0.00178959 0.0453361 0.938589
9.9982E-05 9.9982E-05 0.0708102 0.0316708 0.897319
0.0199175 0.0147291 0.0265705 0.0165902 0.922193
0.0887705 0.0128551 9.9982E-05 9.9982E-05 0.898174
0.0288705 0.0587605 0.10867 9.9991E-05 0.803599
0.000966681 0.0659602 0.0670405 0.0525453 0.813487
0.0534764 9.9991E-05 0.0917773 0.0616815 0.792965
0.0447279 0.580028 0.0777244 0.0772764 0.220244
0.0555171 0.838985 0.0883394 0.0170581 9.9991E-05
0.0324021 0.751546 0.121304 0.0552956 0.0394518
0.0357211 0.742354 0.0109213 0.0619908 0.149013
9.9991E-05 0.807689 0.0627251 0.0612829 0.068203
0.0142402 0.724305 9.9991E-05 0.0546506 0.206704
0.0315781 0.800958 9.9991E-05 0.0585226 0.108842
0.0118236 0.825396 0.0366386 0.0201111 0.106031
0.123295 0.683511 0.0944995 9.9991E-05 0.0985948
0.0632879 0.645236 9.9991E-05 0.154509 0.136867
0.0175806 0.781482 0.0183914 0.103017 0.0795284
0.0263818 0.782113 9.9991E-05 0.138307 0.0530986
0.0514234 0.764836 0.042472 0.141169 9.9991E-05
0.0628881 0.790241 9.9982E-05 9.9982E-05 0.146671
9.9982E-05 0.786727 9.9982E-05 0.0474181 0.165655
0.0144205 0.804055 0.002331 0.120891 0.058302
0.0370705 0.65023 0.107329 0.131801 0.0735686
9.9991E-05 0.498098 0.0119459 0.125693 0.364163
0.0793088 0.528638 9.9991E-05 0.0313112 0.360642
0.051083 0.413644 9.9982E-05 9.9982E-05 0.535073
9.9973E-05 0.822311 9.9973E-05 9.9973E-05 0.177389
0.0766763 0.583367 0.0757946 0.0748693 0.189292
9.9991E-05 0.706584 0.00740322 0.00755106 0.278361
0.0591511 0.625697 9.9991E-05 0.107285 0.207766
0.0407481 0.718344 0.0748653 0.0714069 0.0946362
0.0969009 0.75759 9.9982E-05 9.9982E-05 0.145309
0.0350934 0.34806 0.267199 0.068263 0.281385
0.013663 0.135145 0.636792 9.9991E-05 0.2143
0.03946 0.478507 0.19296 0.0891209 0.199952
0.0567313 0.708018 0.082019 0.000670808 0.152561
0.0261453 0.611138 0.141225 0.037329 0.184163
0.0275984 0.680081 0.120204 0.0562473 0.115869
9.9982E-05 0.886192 9.9982E-05 0.0553804 0.0582282
0.0196834 0.697691 9.9991E-05 0.0701917 0.212334
9.9991E-05 0.72312 0.0518177 0.0127193 0.212243
0.0994255 0.610004 0.171594 0.118876 9.9991E-05
0.107819 0.570009 0.0850524 0.151491 0.0856284
0.0512934 0.743386 0.14947 0.04135 0.0144999
0.149476 0.622344 0.10196 0.12612 9.9991E-05
0.0820125 0.6144 0.124558 0.031862 0.147168
0.0592281 0.703559 9.9991E-05 0.00252239 0.23459
0.00995913 0.731434 9.9991E-05 0.1179 0.140607
0.0287 0.799765 0.00759163 9.9991E-05 0.163843
0.0447314 0.683013 0.0536988 0.125477 0.0930804
0.0352983 0.746852 0.135994 0.0188033 0.0630524
0.0358278 0.795738 0.0561456 0.0481774 0.0641113
0.01566 0.976506 0.00763452 9.9982E-05 9.9982E-05
0.0629631 0.643727 0.0924121 0.102592 0.0983056
0.0552816 0.754439 9.9991E-05 0.0716769 0.118503
0.109777 0.689669 0.129603 0.0208501 0.0501018
0.0377828 0.715651 0.0226078 9.9991E-05 0.223859
0.0492695 0.727888 9.9991E-05 0.0540815 0.168661
0.0529505 0.692813 0.0219809 0.137245 0.0950103
9.9973E-05 0.82474 9.9973E-05 9.9973E-05 0.17496
0.0197869 0.947492 0.0325212 9.9982E-05 9.9982E-05
9.9973E-05 0.762897 9.9973E-05 9.9973E-05 0.236803
0.0811906 0.728748 0.0976792 9.9991E-05 0.0922827
0.0564424 0.679475 0.134819 0.118697 0.0105665
0.0874354 0.720516 0.0616378 0.086703 0.0437074
0.0627208 0.795651 9.9991E-05 0.0624695 0.0790584
0.0346881 0.696062 9.9991E-05 0.0547773 0.214372
0.0582091 0.810636 0.0475735 9.9991E-05 0.0834815
0.11256 0.636938 0.0525757 0.0631831 0.134743
0.0280535 0.582668 0.136838 0.25234 9.9991E-05
9.9991E-05 0.573942 0.211461 0.194432 0.0200661
9.9991E-05 0.53965 0.129842 0.298888 0.0315199
0.0195431 0.551896 0.172484 0.255976 9.9991E-05
0.00724793 0.482256 0.185363 0.221421 0.103711
9.9982E-05 0.496808 0.201875 0.301117 9.9982E-05
0.0292764 0.378167 0.218712 0.314788 0.0590561
0.0699107 0.547216 0.116866 0.265494 0.000513013
0.022337 0.403189 0.161147 0.268338 0.144989
0.0100625 0.513624 0.0808021 0.294868 0.100644
9.9991E-05 0.476402 0.0923713 0.300584 0.130542
0.00229059 0.0323273 0.851432 0.0561057 0.0578439
0.0322076 0.0265541 0.818378 0.079456 0.0434043
0.0500661 0.00146414 0.717029 0.123572 0.107869
0.0557081 9.9991E-05 0.769453 0.0450014 0.129737
0.0372854 0.0133131 0.707318 0.0948024 0.147281
0.0170987 0.0918626 0.787675 0.103264 9.9991E-05
9.9982E-05 9.9982E-05 0.835324 0.074473 0.0900034
9.9991E-05 0.0452536 0.85679 0.0956629 0.00219303
0.045124 0.105643 0.59172 0.101443 0.15607
9.9982E-05 9.9982E-05 0.7276 0.0499679 0.222233
0.0133958 9.9991E-05 0.814581 0.0725629 0.0993601
0.0681205 9.9991E-05 0.770328 0.030874 0.130577
0.0754492 0.057376 0.636193 0.120752 0.11023
0.00896826 0.169347 0.632571 9.9991E-05 0.189014
0.0855652 0.126687 0.735134 0.0525141 9.9991E-05
0.153748 0.0602757 0.780821 9.9991E-05 0.00505483
0.00650945 0.0529088 0.897706 9.9991E-05 0.0427757
0.0585465 0.039356 0.863688 9.9991E-05 0.0383093
0.0782611 9.9982E-05 0.863553 0.0579863 9.9982E-05
0.0294386 0.0572985 0.812207 0.0590558 0.0419999
0.0675176 0.103661 0.781443 0.0289845 0.0183936
9.9991E-05 0.0429467 0.823372 0.0588182 0.0747632
0.0223214 0.0833216 0.80981 0.0844472 9.9991E-05
0.0406708 0.0434466 0.857506 0.0582771 9.9991E-05
0.0692072 0.106448 0.723546 0.100699 9.9991E-05
0.0478002 0.0765327 0.751885 0.123682 9.9991E-05
0.0435487 9.9991E-05 0.760852 0.1156 0.0798997
0.100773 0.0572685 0.734844 0.035486 0.0716282
0.0352998 0.0559579 0.73697 0.101655 0.0701174
9.9991E-05 0.0374496 0.828475 0.0423175 0.0916577
9.9982E-05 0.0325563 0.860945 9.9982E-05 0.106298
0.0632631 0.0269296 0.691153 0.0820208 0.136634
9.9991E-05 0.0196368 0.739706 0.118606 0.121951
9.9982E-05 0.0723456 0.829469 0.0979855 9.9982E-05
0.043683 0.0433834 0.842484 0.0703501 9.9991E-05
0.0560187 9.9991E-05 0.18713 0.0839068 0.672845
0.0536509 0.0619928 0.253324 0.0870621 0.54397
0.132101 0.015443 0.112284 0.110004 0.630169
0.0864519 0.0743067 0.248857 0.023754 0.56663
0.131811 0.0840671 0.0978125 0.0889108 0.597399
9.9991E-05 0.014457 0.149535 0.087642 0.748266
9.9982E-05 9.9982E-05 0.0725204 0.0456438 0.881636
0.0833379 9.9991E-05 0.0726787 0.210468 0.633415
