9.98918E-05 9.98918E-05 9.98918E-05 9.98918E-05 9.98918E-05 9.98918E-05 0.998801 9.98918E-05 9.98918E-05 9.98918E-05 9.98918E-05 9.98918E-05 9.98918E-05
0.0962538 0.689746 0.0477286 0.0376003 9.9955E-05 0.0707062 0.037706 0.0115868 9.9955E-05 9.9955E-05 9.9955E-05 9.9955E-05 0.00817238
0.0444795 0.73606 9.9937E-05 0.0698428 9.9937E-05 9.9937E-05 0.0742218 0.0302789 9.9937E-05 9.9937E-05 9.9937E-05 9.9937E-05 0.044417
0.041756 0.775761 0.0204511 0.101386 0.0226294 9.9955E-05 9.9955E-05 0.0125255 9.9955E-05 9.9955E-05 0.0108452 9.9955E-05 0.0141455
0.0550031 0.763333 0.0025027 0.0918072 9.9946E-05 9.9946E-05 0.0573794 9.9946E-05 0.0176965 9.9946E-05 0.0116783 9.9946E-05 9.9946E-05
0.0404736 0.862146 0.0101598 0.0192163 9.9946E-05 9.9946E-05 0.0285631 9.9946E-05 9.9946E-05 0.00349393 0.0353475 9.9946E-05 9.9946E-05
9.98919E-05 9.98919E-05 9.98919E-05 9.98919E-05 9.98919E-05 9.98919E-05 0.998801 9.98919E-05 9.98919E-05 9.98919E-05 9.98919E-05 9.98919E-05 9.98919E-05
9.9964E-05 0.751523 0.0184712 0.0870098 0.0415867 9.9964E-05 0.0647808 0.00955841 0.00404102 9.9964E-05 0.00824324 0.0143861 9.9964E-05
0.0951949 0.761 0.0375799 0.0490594 9.9946E-05 9.9946E-05 0.0277499 0.0196891 9.9946E-05 9.9946E-05 9.9946E-05 9.9946E-05 0.00912677
0.00013641 0.829149 0.00383566 9.9955E-05 0.0789992 0.0269779 0.0378669 9.9955E-05 9.9955E-05 0.0133474 9.9955E-05 9.9955E-05 0.00918801
0.0621629 0.780942 9.9937E-05 9.9937E-05 0.0539788 0.0554263 9.9937E-05 9.9937E-05 9.9937E-05 9.9937E-05 0.0132267 9.9937E-05 0.0335637
9.9955E-05 0.703264 9.9955E-05 9.9955E-05 9.9955E-05 9.9955E-05 0.0835577 0.0220671 0.0315362 0.00222496 0.00109456 0.0136397 0.142116
9.9964E-05 0.78952 0.0473821 0.0483305 0.0540108 0.00100432 0.0279297 9.9964E-05 0.00122134 9.9964E-05 0.0133193 0.0168821 9.9964E-05
0.0974779 0.739392 0.0449106 9.9955E-05 0.0282884 0.0143092 0.00720735 9.9955E-05 9.9955E-05 0.0180623 9.9955E-05 9.9955E-05 0.0498521
9.9937E-05 0.807115 9.9937E-05 0.0416988 9.9937E-05 0.0326327 0.0219336 0.0208984 9.9937E-05 9.9937E-05 9.9937E-05 9.9937E-05 0.075022
0.0934989 0.86225 0.0265205 0.00552944 9.9937E-05 9.9937E-05 9.9937E-05 9.9937E-05 9.9937E-05 0.00758374 0.00391801 9.9937E-05 9.9937E-05
9.9919E-05 0.912088 9.9919E-05 9.9919E-05 9.9919E-05 9.9919E-05 0.0592167 9.9919E-05 0.000122052 9.9919E-05 0.0276743 9.9919E-05 9.9919E-05
9.9919E-05 0.927155 9.9919E-05 9.9919E-05 9.9919E-05 9.9919E-05 0.0258512 9.9919E-05 9.9919E-05 9.9919E-05 0.00976352 0.0363306 9.9919E-05
9.9919E-05 0.896774 0.017919 9.9919E-05 9.9919E-05 9.9919E-05 0.0520515 9.9919E-05 9.9919E-05 9.9919E-05 9.9919E-05 0.0323558 9.9919E-05
9.9919E-05 0.931188 9.9919E-05 9.9919E-05 9.9919E-05 9.9919E-05 9.9919E-05 9.9919E-05 0.0117686 9.9919E-05 0.0211743 9.9919E-05 0.0349699
9.98919E-05 9.98919E-05 9.98919E-05 9.98919E-05 9.98919E-05 9.98919E-05 9.98919E-05 9.98919E-05 9.98919E-05 0.998801 9.98919E-05 9.98919E-05 9.98919E-05
9.9937E-05 9.9937E-05 0.0515465 9.9937E-05 0.0770942 9.9937E-05 0.0112269 9.9937E-05 9.9937E-05 0.00335413 9.9937E-05 0.030533 0.825546
9.9955E-05 0.00923519 0.00240629 9.9955E-05 0.0118481 0.0294235 0.0348318 9.9955E-05 9.9955E-05 0.00457253 9.9955E-05 0.0764192 0.830764
9.991E-05 9.991E-05 9.991E-05 9.991E-05 9.991E-05 9.991E-05 9.991E-05 9.991E-05 9.991E-05 9.991E-05 0.0199979 0.100566 0.878437
9.99011E-05 9.99011E-05 9.99011E-05 9.99011E-05 9.99011E-05 9.99011E-05 9.99011E-05 9.99011E-05 9.99011E-05 0.0150495 9.99011E-05 9.99011E-05 0.983852
9.9919E-05 9.9919E-05 9.9919E-05 9.9919E-05 9.9919E-05 9.9919E-05 0.00627968 0.00879304 9.9919E-05 9.9919E-05 0.0206827 9.9919E-05 0.963345
0.0355405 9.9937E-05 9.9937E-05 0.0897636 9.9937E-05 9.9937E-05 0.0266051 9.9937E-05 9.9937E-05 0.0250249 9.9937E-05 0.0539477 0.768419
9.98919E-05 9.98919E-05 9.98919E-05 9.98919E-05 9.98919E-05 9.98919E-05 9.98919E-05 9.98919E-05 9.98919E-05 0.998801 9.98919E-05 9.98919E-05 9.98919E-05
0.0924816 9.9946E-05 9.9946E-05 0.0822658 9.9946E-05 9.9946E-05 9.9946E-05 0.00220974 0.027386 0.0180584 0.00830719 9.9946E-05 0.768692
0.0420532 0.0195474 0.0295078 9.9946E-05 9.9946E-05 0.077333 9.9946E-05 9.9946E-05 9.9946E-05 9.9946E-05 0.00391232 0.0471188 0.779928
0.0487154 9.9946E-05 9.9946E-05 0.0994808 9.9946E-05 0.0118148 9.9946E-05 0.023171 9.9946E-05 0.0316607 0.015681 9.9946E-05 0.768877
0.0407829 9.9928E-05 9.9928E-05 9.9928E-05 9.9928E-05 9.9928E-05 9.9928E-05 9.9928E-05 9.9928E-05 0.0211807 0.0381594 0.0699962 0.829081
9.9964E-05 0.0146187 0.0175544 0.0952998 0.0709023 9.9964E-05 0.0128312 9.9964E-05 0.00563347 0.0591334 9.9964E-05 0.010443 0.713184
9.9946E-05 9.9946E-05 0.0640497 0.0346169 0.0862947 9.9946E-05 9.9946E-05 0.0320656 0.0485906 0.0274429 9.9946E-05 9.9946E-05 0.70634
0.0121041 9.9982E-05 0.0217921 0.031481 0.0247004 0.0987927 0.00452161 0.0218646 0.0405863 0.00204211 0.00453769 9.9982E-05 0.737378
0.161418 0.0044882 0.0177269 9.9973E-05 0.0536756 0.155073 0.0228773 0.0658723 9.9973E-05 0.00363544 0.00594844 9.9973E-05 0.508986
9.9955E-05 9.9955E-05 0.000417241 9.9955E-05 0.00758378 0.0245697 9.9955E-05 0.0434231 0.0378703 9.9955E-05 0.0254142 0.114823 0.745399
9.9964E-05 9.9964E-05 0.0216453 0.0613484 0.116055 0.0357173 0.0202976 0.000810323 9.9964E-05 0.0182555 0.0342362 0.691234 9.9964E-05
0.0524458 9.9955E-05 0.0213523 0.0754373 9.9955E-05 0.125273 0.0340124 9.9955E-05 0.0275237 9.9955E-05 0.00262418 0.660832 9.9955E-05
0.07405 0.0384417 0.0310061 0.1572 9.9955E-05 0.0113769 9.9955E-05 0.00869338 9.9955E-05 9.9955E-05 0.0120618 0.666671 9.9955E-05
0.0456086 9.9955E-05 0.0063129 9.9955E-05 0.0275037 0.105655 0.051143 0.00895973 9.9955E-05 9.9955E-05 9.9955E-05 0.717748 0.0365696
0.0998137 0.000405159 0.0375733 9.9973E-05 9.9973E-05 0.0102272 0.04674 0.0419533 0.0123431 0.0230404 0.00515327 0.722451 9.9973E-05
0.04747 0.0128557 0.00811037 0.052156 9.9982E-05 0.0154142 0.016592 0.0121225 0.0147763 0.0243556 0.000623194 0.795324 9.9982E-05
0.0471613 0.036093 0.0281679 0.00306823 0.212251 9.9982E-05 0.020426 0.0258921 0.041792 0.00201804 0.0176687 0.565262 9.9982E-05
0.106477 0.0103597 0.00199798 0.0537509 9.9973E-05 0.00465205 0.0313452 9.9973E-05 0.0510932 0.0104329 0.0180634 0.711528 9.9973E-05
0.0978916 0.0524001 9.9937E-05 0.0755674 9.9937E-05 9.9937E-05 9.9937E-05 9.9937E-05 0.054353 9.9937E-05 9.9937E-05 0.707101 0.0119877
0.06988 0.00733554 0.0208183 9.9955E-05 9.9955E-05 0.0585312 9.9955E-05 9.9955E-05 0.0153462 9.9955E-05 0.0499774 0.768193 0.00941811
9.9937E-05 9.9937E-05 0.0382013 9.9937E-05 0.134746 9.9937E-05 0.013952 0.00771678 9.9937E-05 0.000203048 9.9937E-05 0.804482 9.9937E-05
9.9946E-05 0.0212591 0.0381278 0.00651626 9.9946E-05 9.9946E-05 0.0286123 9.9946E-05 9.9946E-05 0.0352658 0.0211581 0.848461 9.9946E-05
9.9955E-05 0.00751475 0.0116071 9.9955E-05 0.239693 0.0626768 9.9955E-05 0.0248461 9.9955E-05 0.0210572 0.00203009 0.630075 9.9955E-05
0.00607244 9.9946E-05 9.9946E-05 0.0977351 9.9946E-05 9.9946E-05 0.0325964 9.9946E-05 0.0089706 9.9946E-05 0.0249934 0.817892 0.0111403
0.0987768 9.9946E-05 0.0211388 9.9946E-05 9.9946E-05 0.0232119 0.0436538 9.9946E-05 9.9946E-05 0.0155237 0.00990008 0.787195 9.9946E-05
9.9946E-05 0.0101728 0.0533373 0.0385851 0.107732 9.9946E-05 9.9946E-05 9.9946E-05 0.0469817 0.000891958 9.9946E-05 0.741699 9.9946E-05
9.9964E-05 0.0609418 9.9964E-05 9.9964E-05 9.9964E-05 0.0936266 0.0518981 0.00329712 0.00787531 0.00595554 0.0146654 0.741602 0.0197387
0.161433 0.0357925 0.0187142 9.9955E-05 9.9955E-05 0.0507287 9.9955E-05 9.9955E-05 0.0383318 0.00963042 0.0229018 0.661968 9.9955E-05
0.049703 0.0553477 0.028254 0.0212496 0.0618029 0.0579342 9.9973E-05 0.0144274 9.9973E-05 9.9973E-05 0.0212415 0.631772 0.0579678
0.0883508 0.0839691 0.00238797 0.0706021 9.9946E-05 9.9946E-05 9.9946E-05 9.9946E-05 0.0432386 0.019783 9.9946E-05 0.691069 9.9946E-05
0.0459597 0.0243904 0.0149489 0.0258221 9.99782E-05 0.595968 9.99782E-05 0.0270064 0.0287758 9.99782E-05 0.0280175 0.160257 0.0485541
9.98918E-05 9.98918E-05 9.98918E-05 9.98918E-05 9.98918E-05 9.98918E-05 9.98918E-05 0.998801 9.98918E-05 9.98918E-05 9.98918E-05 9.98918E-05 9.98918E-05
9.9982E-05 9.9982E-05 0.0723432 0.0181011 0.0731225 0.615877 0.0470881 0.0109346 0.0976824 0.0089082 0.0125513 0.0092237 0.0339681
9.9964E-05 9.9964E-05 0.0671992 0.128639 9.9964E-05 0.564122 0.0346759 0.00986364 0.114593 0.00519795 0.0195562 0.0557533 9.9964E-05
9.9937E-05 9.9937E-05 0.068664 0.0972891 9.9937E-05 0.711006 9.9937E-05 0.0507638 0.0512312 9.9937E-05 0.0203462 9.9937E-05 9.9937E-05
9.9955E-05 0.0509036 0.0249174 9.9955E-05 0.059284 0.727965 9.9955E-05 9.9955E-05 0.0606145 0.0159183 0.0363645 0.0235331 9.9955E-05
9.98918E-05 9.98918E-05 0.998801 9.98918E-05 9.98918E-05 9.98918E-05 9.98918E-05 9.98918E-05 9.98918E-05 9.98918E-05 9.98918E-05 9.98918E-05 9.98918E-05
9.98918E-05 9.98918E-05 9.98918E-05 9.98918E-05 9.98918E-05 9.98918E-05 9.98918E-05 0.998801 9.98918E-05 9.98918E-05 9.98918E-05 9.98918E-05 9.98918E-05
9.9973E-05 0.0890126 0.040905 0.0523159 0.110437 0.466655 0.026612 0.0501178 0.0957008 0.0175612 0.0503833 9.9973E-05 9.9973E-05
9.9982E-05 0.0146791 0.0788888 9.9982E-05 0.0721211 0.562374 0.00436798 0.033277 0.0399724 0.029247 0.0425235 0.0224998 0.0998491
9.9973E-05 0.0186488 0.0761248 0.0998141 0.0440499 0.542594 9.9973E-05 0.0558757 0.0954664 0.0209167 0.0256043 0.0206059 9.9973E-05
9.9955E-05 9.9955E-05 0.0594115 0.018012 9.9955E-05 0.672824 9.9955E-05 0.0412159 0.104961 0.0253024 0.0278621 9.9955E-05 0.0499117
0.0126142 0.0448726 0.0787538 0.0204759 9.9973E-05 0.475414 0.000992399 0.140678 0.0886422 9.9973E-05 0.0394041 9.9973E-05 0.0978529
9.9937E-05 9.9937E-05 0.0571478 9.9937E-05 9.9937E-05 0.728219 0.0561959 0.071811 0.0563875 9.9937E-05 0.0295394 9.9937E-05 9.9937E-05
9.9964E-05 9.9964E-05 0.100489 0.0759474 9.9964E-05 0.587 0.0245242 0.0382115 0.0845104 0.0103774 0.0395971 0.0389436 9.9964E-05
9.9955E-05 9.9955E-05 0.0588053 0.0335294 9.9955E-05 0.591295 0.017369 0.0942158 0.106794 9.9955E-05 0.000138593 9.9955E-05 0.0973534
0.00295065 9.9973E-05 0.00798794 0.491168 9.9973E-05 0.340577 0.0222383 0.0419598 0.067153 0.000722894 0.0136769 0.0112649 9.9973E-05
9.9973E-05 9.9973E-05 0.0555839 0.21296 0.00552539 0.289199 0.0117766 0.0313391 0.0277891 0.060833 0.0404085 0.264285 9.9973E-05
9.9955E-05 0.0923507 0.0281369 9.9955E-05 0.0872242 0.529471 9.9955E-05 0.0113831 0.0290528 9.9955E-05 0.0415041 0.180377 9.9955E-05
9.9946E-05 0.11256 0.013193 9.9946E-05 9.9946E-05 0.306136 9.9946E-05 0.0771306 0.0309832 9.9946E-05 0.0334085 0.425989 9.9946E-05
9.98918E-05 9.98918E-05 0.998801 9.98918E-05 9.98918E-05 9.98918E-05 9.98918E-05 9.98918E-05 9.98918E-05 9.98918E-05 9.98918E-05 9.98918E-05 9.98918E-05
0.0745585 0.125894 0.0716881 0.0473771 9.9982E-05 0.240885 9.9982E-05 0.0861315 0.115731 0.0311554 0.0519777 0.15233 0.00207096
9.9946E-05 9.9946E-05 0.125285 9.9946E-05 9.9946E-05 0.490299 9.9946E-05 0.0374931 0.111104 9.9946E-05 0.0526599 0.140376 0.0421845
0.0415617 0.0568188 0.00935828 9.9973E-05 9.9973E-05 0.627196 9.9973E-05 0.00358121 0.0584948 0.00244427 0.0641987 0.0741636 0.0618826
9.9973E-05 0.0415981 0.0626419 9.9973E-05 0.0392299 0.640586 0.0300298 0.0551687 0.0728879 0.0185503 0.0220904 9.9973E-05 0.0169171
9.9955E-05 0.0616388 0.095431 9.9955E-05 9.9955E-05 0.602002 0.0181385 0.0424221 0.123361 9.9955E-05 0.00242264 0.0540839 9.9955E-05
0.134763 0.0220364 9.9973E-05 0.0223204 0.0821423 0.237856 9.9973E-05 0.0183916 0.129847 0.0168272 0.0414768 0.29404 9.9973E-05
0.00839018 9.9946E-05 0.0587977 9.9946E-05 0.726852 9.9946E-05 9.9946E-05 0.0292495 0.0158872 9.9946E-05 0.0415741 0.11865 9.9946E-05
0.00245307 9.9964E-05 9.9964E-05 0.0680352 0.221431 0.487765 0.0103901 0.0646464 9.9964E-05 0.00529863 9.9964E-05 0.0695519 0.0700293
0.0783788 0.014722 0.0520782 9.9964E-05 9.9964E-05 0.677759 9.9964E-05 0.0224229 0.0631683 0.00963103 0.0401497 0.0412904 9.9964E-05
0.180336 9.9937E-05 9.9937E-05 9.9937E-05 9.9937E-05 0.700073 0.0200971 0.0248613 9.9937E-05 0.0143448 0.0595882 9.9937E-05 9.9937E-05
0.0203798 0.0273678 0.0317421 0.0478641 0.0518261 0.640267 9.9964E-05 0.0317255 0.096248 9.9964E-05 9.9964E-05 0.0521802 9.9964E-05
9.9955E-05 9.9955E-05 0.00996888 0.0634136 9.9955E-05 0.0795774 9.9955E-05 0.000771079 0.811946 0.0030659 0.0110778 9.9955E-05 0.0196794
9.9982E-05 0.025288 0.167338 0.033439 9.9982E-05 0.475072 0.00355155 0.0213124 0.063575 0.00804098 0.0359485 0.13438 0.0318544
0.000100604 9.9964E-05 0.109849 9.9964E-05 9.9964E-05 0.695931 0.00252983 0.00458629 0.0509885 0.00258195 0.0206582 0.112375 9.9964E-05
0.150799 0.0702347 0.0121149 9.9973E-05 9.9973E-05 0.508966 0.0114135 0.0388738 0.124894 0.0626276 0.0133394 9.9973E-05 0.00643719
0.00970154 0.0462637 0.0551659 0.0601947 0.040992 0.435716 0.0335705 0.00198398 0.0958581 9.9991E-05 0.0556434 0.0206111 0.144199
0.0753483 9.9955E-05 0.0908656 9.9955E-05 0.0493029 0.633899 0.0523175 0.00868064 0.0311876 9.9955E-05 9.9955E-05 9.9955E-05 0.0578986
9.9973E-05 0.0268699 0.0719498 0.040814 0.089894 0.540765 0.0643366 0.0728193 0.0377581 0.0159165 9.9973E-05 9.9973E-05 0.0385771
0.0820886 0.0124567 0.0339893 0.187134 0.0334716 0.401158 0.0319174 0.0110181 0.0943388 9.9991E-05 0.0716267 0.0339087 0.00679197
9.9955E-05 0.0551228 0.0859197 0.0094519 9.9955E-05 0.616337 9.9955E-05 0.0402232 0.053663 9.9955E-05 0.0322328 0.10655 9.9955E-05
9.9964E-05 9.9964E-05 0.042551 0.138969 9.9964E-05 0.643129 0.035333 0.0243097 0.0213416 9.9964E-05 0.0727977 0.00161542 0.0195533
9.9964E-05 0.0297119 0.0415814 9.9964E-05 0.0413237 0.596199 9.9964E-05 0.0721463 0.0837067 0.00456372 0.0859679 0.0443994 9.9964E-05
0.0208073 9.9964E-05 0.0315499 9.9964E-05 0.016818 0.721564 0.0494067 0.0177764 0.0837891 0.0276721 9.9964E-05 9.9964E-05 0.0302168
0.0963264 9.9973E-05 0.10662 9.9973E-05 0.00875878 0.482028 0.0231594 0.068816 0.129989 0.0342159 0.0442627 0.00552388 9.9973E-05
0.0255369 9.9955E-05 0.0633732 0.0574005 9.9955E-05 0.738458 9.9955E-05 0.0271185 0.0673258 0.0104007 0.00988694 9.9955E-05 9.9955E-05
9.98917E-05 9.98917E-05 9.98917E-05 9.98917E-05 9.98917E-05 9.98917E-05 9.98917E-05 9.98917E-05 0.998801 9.98917E-05 9.98917E-05 9.98917E-05 9.98917E-05
0.0821324 0.084516 0.0401964 0.111274 9.9982E-05 0.398011 0.0127038 0.0641304 0.0960444 0.004996 0.0587694 0.0470266 9.9982E-05
9.9964E-05 0.000923617 0.091034 9.9964E-05 9.9964E-05 0.7349 0.0229125 0.0177003 0.0836614 0.00986551 0.00446037 0.0341424 9.9964E-05
0.0257123 0.0584157 0.0844071 9.9955E-05 0.0908353 0.622638 9.9955E-05 0.0119059 0.101967 9.9955E-05 0.00361951 9.9955E-05 9.9955E-05
0.0361102 0.0183685 0.0602566 0.0182987 9.9964E-05 0.64561 9.9964E-05 0.0130928 0.0814067 9.9964E-05 0.0177704 0.108687 9.9964E-05
0.0306823 0.0186881 0.04949 0.203991 9.9964E-05 0.588122 9.9964E-05 0.0272601 0.00932391 9.9964E-05 0.0505091 0.0215335 9.9964E-05
9.9955E-05 0.0375277 0.0346855 0.0948642 0.0227262 0.662707 9.9955E-05 9.9955E-05 0.0200441 9.9955E-05 0.0359229 9.9955E-05 0.0910229
9.98919E-05 9.98919E-05 9.98919E-05 9.98919E-05 9.98919E-05 9.98919E-05 9.98919E-05 9.98919E-05 9.98919E-05 9.98919E-05 0.998801 9.98919E-05 9.98919E-05
9.98917E-05 9.98917E-05 9.98917E-05 9.98917E-05 9.98917E-05 9.98917E-05 9.98917E-05 9.98917E-05 0.998801 9.98917E-05 9.98917E-05 9.98917E-05 9.98917E-05
9.98919E-05 9.98919E-05 9.98919E-05 9.98919E-05 9.98919E-05 9.98919E-05 9.98919E-05 9.98919E-05 9.98919E-05 9.98919E-05 0.998801 9.98919E-05 9.98919E-05
0.0615357 9.9964E-05 0.0678485 9.9964E-05 0.0218284 0.621149 0.016003 0.0898682 0.09412 0.013066 0.0141808 9.9964E-05 9.9964E-05
0.0833855 9.9964E-05 0.0694027 9.9964E-05 9.9964E-05 0.403267 0.0227419 0.0545637 0.15763 0.0448309 0.0710383 9.9964E-05 0.0927402
9.999E-05 0.047207 0.0611568 0.0363445 0.0833096 0.502876 0.0207237 0.0519287 0.104368 0.0130921 0.0323026 0.00248531 0.0441053
9.9964E-05 0.0792323 0.0183144 9.9964E-05 9.9964E-05 0.66765 0.00599365 0.0368891 0.0734294 0.022137 0.0607658 0.0351889 9.9964E-05
9.9964E-05 0.0296506 0.0546038 0.0160269 9.9964E-05 0.640926 9.9964E-05 0.0374446 0.0893153 0.0290735 0.0150553 0.0875039 9.9964E-05
9.9937E-05 0.000861717 9.9937E-05 9.9937E-05 0.0903106 0.104868 0.0142214 9.9937E-05 0.782421 0.0066172 9.9937E-05 9.9937E-05 9.9937E-05
9.9973E-05 9.9973E-05 0.0442233 0.0543992 0.0601456 0.489098 0.0627729 0.0341836 0.112167 0.0114869 0.0508773 0.0803464 9.9973E-05
0.00850077 9.9928E-05 9.9928E-05 0.764597 9.9928E-05 0.171466 9.9928E-05 0.0480742 9.9928E-05 0.00656322 9.9928E-05 9.9928E-05 9.9928E-05
9.9919E-05 9.9919E-05 0.0343009 0.924227 0.0295978 9.9919E-05 9.9919E-05 9.9919E-05 9.9919E-05 9.9919E-05 0.0109751 9.9919E-05 9.9919E-05
9.9937E-05 9.9937E-05 0.0281982 0.876437 9.9937E-05 9.9937E-05 0.0217474 9.9937E-05 0.0195546 0.0274592 0.0259041 9.9937E-05 9.9937E-05
9.9919E-05 9.9919E-05 0.0341034 0.897906 9.9919E-05 0.0573565 0.00973477 9.9919E-05 9.9919E-05 9.9919E-05 9.9919E-05 9.9919E-05 9.9919E-05
0.0604485 0.000667875 0.0290752 0.792781 9.99815E-05 0.0186899 9.99815E-05 9.99815E-05 0.033345 0.0060465 0.0368612 0.00245005 0.0193352
0.033498 9.9928E-05 0.0282305 0.896431 9.9928E-05 9.9928E-05 9.9928E-05 0.0293149 9.9928E-05 0.0117267 9.9928E-05 9.9928E-05 9.9928E-05
9.9919E-05 0.00218982 9.9919E-05 0.95843 0.0297083 9.9919E-05 0.0087724 9.9919E-05 9.9919E-05 9.9919E-05 9.9919E-05 9.9919E-05 9.9919E-05
9.9937E-05 0.0375767 9.9937E-05 0.84149 9.9937E-05 0.0853582 0.00904124 9.9937E-05 0.0249785 9.9937E-05 9.9937E-05 9.9937E-05 0.000855968
9.9928E-05 9.9928E-05 9.9928E-05 0.920131 9.9928E-05 9.9928E-05 0.0114322 9.9928E-05 9.9928E-05 0.0152687 0.0168839 0.0354849 9.9928E-05
0.0441195 9.99606E-05 0.0528026 0.739227 9.99606E-05 0.0673974 9.99606E-05 9.99606E-05 0.02413 0.0409849 0.00877636 0.0220623 9.99606E-05
9.9973E-05 9.9973E-05 9.9973E-05 0.691003 0.00631153 0.138089 0.00913908 0.0161698 0.00484338 0.00416002 0.0226713 0.0027808 0.104532
0.816377 0.00967886 0.0107895 0.108997 9.9946E-05 9.9946E-05 9.9946E-05 0.00106914 9.9946E-05 9.9946E-05 0.0286598 9.9946E-05 0.023829
0.550414 9.9955E-05 0.00035319 0.122015 0.245799 9.9955E-05 0.0309918 0.0094637 0.020541 0.0199221 9.9955E-05 9.9955E-05 9.9955E-05
0.704043 9.9964E-05 9.9964E-05 9.9964E-05 0.0650143 0.0721981 0.00634568 0.0251849 9.9964E-05 0.0187623 0.0148881 0.0610906 0.032073
0.604825 0.0405142 9.9937E-05 9.9937E-05 0.151875 9.9937E-05 9.9937E-05 9.9937E-05 9.9937E-05 9.9937E-05 0.0154494 0.177783 0.00885378
0.745413 9.9928E-05 0.0793837 9.9928E-05 9.9928E-05 9.9928E-05 0.0690459 9.9928E-05 9.9928E-05 0.0458479 9.9928E-05 0.0595103 9.9928E-05
0.654805 9.9955E-05 0.0309705 0.150116 0.105238 9.9955E-05 0.0118593 0.020734 9.9955E-05 0.0225326 0.00324389 9.9955E-05 9.9955E-05
0.624492 0.0130205 0.0135054 0.0308428 0.122056 9.9955E-05 9.9955E-05 9.9955E-05 0.0327256 9.9955E-05 9.9955E-05 0.0858042 0.0770541
0.756417 9.99669E-05 0.00640681 9.99669E-05 0.0971451 0.0774549 0.0250655 9.99669E-05 0.00533528 0.0198156 0.00716109 9.99669E-05 0.00479893
0.652609 0.00506186 9.99639E-05 9.99639E-05 9.99639E-05 0.147993 0.0284319 0.0385369 0.0297174 0.000626738 0.0430439 0.0535796 9.99639E-05
0.709861 9.9928E-05 9.9928E-05 0.0823743 9.9928E-05 9.9928E-05 0.00931938 9.9928E-05 0.0188612 9.9928E-05 9.9928E-05 0.178785 9.9928E-05
0.791381 0.0298358 0.0463331 0.0295957 9.9964E-05 9.9964E-05 0.00140715 0.0304481 9.9964E-05 0.0126709 0.000183794 0.0577449 9.9964E-05
0.170167 0.0560697 9.9928E-05 9.9928E-05 0.689336 9.9928E-05 9.9928E-05 0.0188676 9.9928E-05 9.9928E-05 9.9928E-05 0.0647601 9.9928E-05
0.374637 0.0343236 9.9973E-05 0.0605193 0.359293 0.0161345 9.9973E-05 0.00830103 9.9973E-05 0.0113407 0.0329285 0.0913087 0.0109132
0.329546 9.9964E-05 9.9964E-05 0.0729531 0.269408 0.188451 0.0301214 0.0274456 0.00166217 9.9964E-05 0.00922944 0.070784 9.9964E-05
9.9955E-05 0.00410248 9.9955E-05 0.00133561 0.751844 9.9955E-05 0.031945 0.0443874 0.00359806 9.9955E-05 0.0273746 9.9955E-05 0.134913
0.0135156 9.9955E-05 0.00742934 9.9955E-05 0.871448 0.00191455 0.0444777 0.0440539 0.0154601 0.00120134 9.9955E-05 9.9955E-05 9.9955E-05
9.9919E-05 9.9919E-05 9.9919E-05 0.022904 0.935196 9.9919E-05 9.9919E-05 0.0309297 9.9919E-05 9.9919E-05 0.0100711 9.9919E-05 9.9919E-05
0.0971594 9.9946E-05 9.9946E-05 9.9946E-05 0.760998 0.0802247 0.0348531 0.0104694 9.9946E-05 0.0016424 0.0140527 9.9946E-05 9.9946E-05
9.98921E-05 9.98921E-05 9.98921E-05 9.98921E-05 0.998801 9.98921E-05 9.98921E-05 9.98921E-05 9.98921E-05 9.98921E-05 9.98921E-05 9.98921E-05 9.98921E-05
0.096072 9.9937E-05 0.0242126 9.9937E-05 0.776047 0.0650384 9.9937E-05 9.9937E-05 9.9937E-05 0.0133488 9.9937E-05 9.9937E-05 0.0245811
9.9946E-05 9.9946E-05 0.0573327 9.9946E-05 0.825704 0.0310957 0.0126253 9.9946E-05 0.0289656 9.9946E-05 0.0105392 9.9946E-05 0.0331377
0.00228666 9.9937E-05 9.9937E-05 0.0680486 0.861048 9.9937E-05 9.9937E-05 9.9937E-05 9.9937E-05 9.9937E-05 0.0334082 0.0202305 0.0142786
0.698167 0.0299682 0.00702739 0.114165 0.103111 9.9955E-05 9.9955E-05 0.0055425 0.018254 9.9955E-05 0.023265 9.9955E-05 9.9955E-05
0.812502 0.00985929 9.9955E-05 9.9955E-05 0.0178128 0.105437 0.0162551 0.0280162 0.00845764 9.9955E-05 0.0011603 9.9955E-05 9.9955E-05
0.765566 0.0396477 9.9937E-05 9.9937E-05 9.9937E-05 9.9937E-05 0.011071 0.0275083 0.0944758 9.9937E-05 9.9937E-05 9.9937E-05 0.0610315
0.690877 0.00212984 9.9937E-05 9.9937E-05 0.0365612 0.211294 9.9937E-05 9.9937E-05 0.0141743 9.9937E-05 9.9937E-05 9.9937E-05 0.044264
0.806569 0.000832226 9.9964E-05 9.9964E-05 9.9964E-05 0.0405351 0.0225188 0.00664782 0.0113723 0.0336615 0.0457913 0.0316726 9.9964E-05
0.62946 0.0420078 0.0285168 9.9955E-05 0.147506 0.0421037 9.9955E-05 0.0796826 0.00492592 9.9955E-05 9.9955E-05 0.0252968 9.9955E-05
0.542105 0.0300599 9.9973E-05 9.9973E-05 0.2419 0.0864904 0.021894 0.0184842 0.015307 0.0161224 0.000711398 9.9973E-05 0.0266254
0.833632 9.9937E-05 0.0135276 9.9937E-05 9.9937E-05 9.9937E-05 9.9937E-05 0.0315936 0.0371955 9.9937E-05 9.9937E-05 0.0542385 0.029113
0.584228 9.9946E-05 9.9946E-05 0.0287329 0.242053 9.9946E-05 0.00204685 0.0553207 9.9946E-05 9.9946E-05 0.017347 0.0696718 9.9946E-05
0.600882 0.0242389 9.9973E-05 0.0506895 0.064847 0.0219248 0.0284173 9.9973E-05 9.9973E-05 0.0199803 0.0119094 0.122115 0.0546955
0.517297 9.9955E-05 9.9955E-05 0.0142109 0.205008 0.0582453 9.9955E-05 0.0174083 9.9955E-05 0.0144574 9.9955E-05 0.0801733 0.0926996
0.615992 9.9946E-05 9.9946E-05 9.9946E-05 0.192254 9.9946E-05 0.0440272 0.00926566 0.029739 9.9946E-05 0.0232304 9.9946E-05 0.0848915
0.860911 9.9937E-05 0.00752607 9.9937E-05 9.9937E-05 0.0466293 0.052536 9.9937E-05 9.9937E-05 0.0283531 0.00334456 9.9937E-05 9.9937E-05
0.0912413 9.9964E-05 9.9964E-05 0.104476 0.0913589 9.9964E-05 0.0171598 0.0279241 9.9964E-05 0.0208261 0.00846092 0.619943 0.01821
0.117729 0.0458735 0.000347152 0.0911692 0.12107 9.9964E-05 0.0142359 9.9964E-05 0.0637022 9.9964E-05 9.9964E-05 0.472297 0.0731771
9.9982E-05 0.076353 0.0314082 9.9982E-05 0.21341 0.0333688 0.0169805 0.00136145 0.055408 0.01172 0.00339349 0.465574 0.0908223
0.191044 0.08461 0.00291731 9.9982E-05 0.0761752 0.0867194 0.00967244 0.0216542 0.0275423 0.0104682 0.0165157 0.472481 9.9982E-05
9.9946E-05 0.0963824 9.9946E-05 9.9946E-05 0.169183 0.117598 9.9946E-05 0.000493572 9.9946E-05 0.00790755 9.9946E-05 0.509297 0.098538
9.9964E-05 9.9964E-05 0.0128024 0.0375656 0.186834 9.9964E-05 0.0185243 9.9964E-05 0.0266644 0.0234988 0.0160618 0.628828 0.0488214
9.9946E-05 9.9946E-05 9.9946E-05 0.0801203 0.147774 9.9946E-05 0.0163315 9.9946E-05 0.000876184 0.00643725 9.9946E-05 0.722663 0.0251978
9.9928E-05 0.108294 9.9928E-05 9.9928E-05 0.0977843 0.0700877 9.9928E-05 9.9928E-05 9.9928E-05 9.9928E-05 9.9928E-05 0.5292 0.193834
