0.9997 9.998E-05 9.998E-05 9.998E-05
0.77637 0.0643961 0.159134 9.9991E-05
0.847276 9.9991E-05 0.0327332 0.11989
0.857464 0.0661907 9.9991E-05 0.0762458
0.869064 0.0299322 0.0590044 0.0419998
0.932513 0.0356982 0.00902122 0.0227676
0.969138 0.0150784 9.9991E-05 0.0156837
0.886336 0.0547636 0.0354535 0.0234473
0.834866 0.0730239 9.9991E-05 0.0920101
0.875904 0.00865017 9.9991E-05 0.115346
0.811844 0.0332695 0.0929649 0.0619215
0.814606 0.0660444 9.9991E-05 0.11925
0.8303 0.0337648 0.111235 0.0247003
0.750353 0.148562 0.0240419 0.0770434
0.838567 0.0540569 0.0546211 0.0527546
0.913326 0.078468 9.9991E-05 0.00810632
0.9997 9.998E-05 9.998E-05 9.998E-05
0.9997 9.998E-05 9.998E-05 9.998E-05
0.9997 9.998E-05 9.998E-05 9.998E-05
0.951773 9.9991E-05 0.0178938 0.0302337
9.998E-05 9.998E-05 9.998E-05 0.9997
0.0213675 0.117765 0.0806712 0.780196
0.051322 0.12343 0.120286 0.704963
0.0101229 0.108421 0.0828368 0.798619
0.0089186 9.9991E-05 0.00118955 0.989792
0.0350937 9.9991E-05 0.0584317 0.906375
9.9991E-05 0.139822 0.0804081 0.77967
9.998E-05 9.998E-05 9.998E-05 0.9997
9.9991E-05 0.0708579 0.0879026 0.841139
0.00947969 0.14506 0.15741 0.68805
9.9991E-05 0.0945687 0.0637169 0.841614
9.9991E-05 0.165703 0.0668919 0.767305
0.0544984 0.119635 0.0298735 0.795993
0.0011409 0.0866859 0.155275 0.756898
0.0464491 0.0312929 0.232146 0.690112
0.0667095 0.174284 0.205374 0.553632
0.0103148 0.146024 0.207905 0.635756
9.9991E-05 0.58503 0.379468 0.0354021
0.0245459 0.49743 0.477924 9.9991E-05
0.0322395 0.5575 0.395849 0.0144107
0.0325675 0.57011 0.394216 0.00310703
0.0638427 0.518416 0.417641 9.9991E-05
0.0322398 0.620252 0.347408 9.9991E-05
0.0926848 0.600199 0.303471 0.00364479
0.044511 0.533251 0.421436 0.000801431
0.0767344 0.600447 0.265744 0.0570745
9.9982E-05 0.560027 0.439773 9.9982E-05
0.0346976 0.615999 0.349203 9.9991E-05
0.0562252 0.580399 0.363276 9.9991E-05
0.0264185 0.623479 0.350003 9.9991E-05
0.0305829 0.618131 0.351186 9.9991E-05
0.0121894 0.636384 0.336739 0.0146876
0.0418692 0.586052 0.371979 9.9991E-05
0.137051 0.471111 0.391738 9.9991E-05
0.0349914 0.582529 0.382379 9.9991E-05
0.0460968 0.562036 0.35021 0.0416574
0.107398 0.573639 0.260555 0.058408
0.0212403 0.156256 0.726648 0.095856
0.0525115 9.9991E-05 0.883636 0.0637525
0.0490953 0.0385591 0.78653 0.125816
0.0588442 0.0707119 0.870344 9.9991E-05
9.9991E-05 0.0168894 0.902957 0.0800532
0.0660303 0.0545292 0.801218 0.0782223
0.0233645 9.9991E-05 0.91042 0.066115
9.9982E-05 9.9982E-05 0.921125 0.0786746
0.125136 0.0817409 0.778784 0.0143395
0.0672277 0.00620191 0.734332 0.192238
0.0231002 9.9991E-05 0.871525 0.105275
9.9982E-05 9.9982E-05 0.859039 0.140761
0.0838972 9.9991E-05 0.775786 0.140217
0.0450812 9.9991E-05 0.886688 0.068131
9.9991E-05 0.0233023 0.914289 0.0623087
0.0293522 9.9991E-05 0.823673 0.146875
0.0230844 0.0672319 0.719877 0.189807
0.012935 0.149824 0.705322 0.131919
0.0804728 0.143295 0.706745 0.0694874
0.136375 0.228924 0.634601 9.9991E-05
0.0121424 9.9991E-05 0.986387 0.00137077
0.0701931 0.118316 0.667004 0.144487
9.9991E-05 0.0460581 0.895586 0.0582557
0.0556955 0.0706444 0.800869 0.0727906
0.0402642 0.0243611 0.841719 0.0936555
0.127555 0.0115832 0.860762 9.9991E-05
0.0500964 0.405988 0.498921 0.0449948
0.0539364 0.728389 0.217575 9.9991E-05
0.0362451 0.224625 0.584776 0.154355
0.0467507 0.135298 0.791263 0.0266884
0.0336279 0.189441 0.712444 0.0644876
0.0287231 0.113352 0.771048 0.0868771
0.00291087 9.9991E-05 0.989804 0.00718525
0.0643386 0.00373371 0.813393 0.118535
9.9991E-05 0.114959 0.857904 0.0270369
0.11886 0.0802651 0.644883 0.155991
0.102289 0.12771 0.6448 0.125201
0.0546427 0.104026 0.681562 0.15977
0.107227 0.0802367 0.6842 0.128336
0.0323431 0.136756 0.701666 0.129234
0.102532 0.018525 0.830415 0.0485279
0.0305627 9.9991E-05 0.847349 0.121988
0.0343897 0.0840269 0.881483 9.9991E-05
0.0211955 0.075698 0.799716 0.10339
0.038877 0.0829207 0.819256 0.0589468
0.0388055 0.0343299 0.804458 0.122407
0.00352182 9.9982E-05 0.996278 9.9982E-05
0.121564 0.040555 0.699537 0.138344
0.0541099 0.00970889 0.885376 0.050805
0.085752 0.0925324 0.787488 0.0342279
0.0255958 0.141933 0.813465 0.0190058
0.0537174 0.0469931 0.841047 0.058243
0.071827 9.9991E-05 0.735765 0.192308
9.9982E-05 0.0107648 0.989035 9.9982E-05
9.998E-05 9.998E-05 0.9997 9.998E-05
9.9982E-05 9.9982E-05 0.993138 0.00666221
0.0904718 0.0343426 0.845935 0.0292503
0.064726 0.104831 0.747951 0.0824914
0.0505114 0.0647417 0.74633 0.138417
0.0664537 9.9991E-05 0.870346 0.0631006
0.0474425 0.0170155 0.863726 0.0718165
0.0416574 0.0525686 0.905674 9.9991E-05
0.129081 0.0920886 0.697148 0.0816829
0.0178252 0.0732972 0.591081 0.317797
9.9991E-05 0.126315 0.63254 0.241045
9.9991E-05 0.0353073 0.62003 0.344562
0.0226148 0.0851179 0.58187 0.310397
0.0337516 0.14131 0.523573 0.301365
9.9991E-05 0.136625 0.471631 0.391644
0.0267282 0.180578 0.473052 0.319642
0.0798488 0.0290477 0.591079 0.300025
0.00492375 0.189994 0.505236 0.299846
0.0553249 0.0952237 0.570989 0.278463
0.0211557 0.0384926 0.569545 0.370807
0.0289463 0.77835 9.9991E-05 0.192603
0.0513476 0.76189 0.013974 0.172788
0.0572466 0.700197 0.0310335 0.211523
0.0708468 0.787836 9.9991E-05 0.141217
0.0391127 0.80383 0.043775 0.113282
0.0345701 0.731001 0.077977 0.156451
9.9982E-05 0.814978 9.9982E-05 0.184822
9.9991E-05 0.782013 0.0209986 0.196889
0.0731504 0.632265 0.197197 0.0973868
0.0212158 0.792913 0.0139593 0.171912
0.0384538 0.80638 9.9991E-05 0.155066
0.0574185 0.838793 9.9991E-05 0.103689
0.031357 0.711012 0.116241 0.141389
9.9991E-05 0.730595 0.220936 0.0483693
0.143535 0.625677 0.0534946 0.177293
0.113266 0.761345 0.0671341 0.0582554
9.9991E-05 0.811574 0.0231592 0.165167
0.0722812 0.794014 0.0422406 0.091464
0.0413996 0.834108 9.9991E-05 0.124392
0.0147232 0.784021 0.053698 0.147558
0.0809253 0.718167 0.0703267 0.130581
9.9991E-05 0.794028 0.0883641 0.117508
0.0402761 0.748589 0.0255915 0.185544
0.0574215 0.738129 0.0242804 0.180169
0.077246 0.643251 0.0779683 0.201535
0.052354 0.645805 0.0431022 0.258739
0.032192 0.787601 9.9991E-05 0.180107
0.10754 0.706336 0.0688078 0.117316
0.11181 0.704552 0.0145677 0.169071
9.9991E-05 0.784819 0.00758139 0.2075
9.9991E-05 0.896231 0.0157298 0.0879392
0.0938143 0.749968 0.00985027 0.146367
9.9982E-05 0.783362 9.9982E-05 0.216438
0.0104832 0.758527 0.019052 0.211937
0.0407191 0.786756 0.00145145 0.171074
0.0440282 0.620959 0.250356 0.0846564
0.0668556 0.595927 0.259397 0.0778206
0.115705 0.526911 0.281745 0.0756398
0.133282 0.551462 0.276995 0.0382601
0.0964693 0.524639 0.286467 0.0924247
9.9991E-05 0.63076 0.266385 0.102754
0.0540826 0.620638 0.303006 0.0222731
0.128999 0.464676 0.217883 0.188442
