0.0903305 9.9973E-05 9.9973E-05 0.622617 9.9973E-05 0.286752
9.9964E-05 9.9964E-05 0.0789138 0.920686 9.9964E-05 9.9964E-05
9.9964E-05 9.9964E-05 9.9964E-05 0.433394 9.9964E-05 0.566206
9.99731E-05 9.99731E-05 0.924568 0.0212012 0.0539312 9.99731E-05
9.9964E-05 0.928786 0.0708143 9.9964E-05 9.9964E-05 9.9964E-05
0.0517503 9.9982E-05 9.9982E-05 0.0916087 0.806898 0.0495427
0.0657804 0.319664 0.181597 9.9982E-05 9.9982E-05 0.432759
9.9982E-05 0.0110621 0.0150311 0.87699 9.9982E-05 0.096717
0.459204 9.99641E-05 9.99641E-05 9.99641E-05 0.540396 9.99641E-05
9.996E-05 0.9995 9.996E-05 9.996E-05 9.996E-05 9.996E-05
9.996E-05 0.70137 9.996E-05 9.996E-05 9.996E-05 0.298231
9.9964E-05 9.9964E-05 9.9964E-05 0.818662 0.180938 9.9964E-05
0.219066 0.351117 9.9982E-05 9.9982E-05 0.142496 0.287121
9.997E-05 0.1821 0.152914 9.997E-05 9.997E-05 0.664686
0.0795609 0.896071 9.99731E-05 9.99731E-05 0.0240685 9.99731E-05
0.895526 9.99641E-05 9.99641E-05 9.99641E-05 9.99641E-05 0.104075
9.9982E-05 0.0113455 0.453373 0.38391 0.151171 9.9982E-05
0.364334 0.296313 9.9982E-05 9.9982E-05 0.221965 0.117189
9.9964E-05 9.9964E-05 0.0164324 9.9964E-05 0.983168 9.9964E-05
0.998211 9.99641E-05 0.00138923 9.99641E-05 9.99641E-05 9.99641E-05
0.813918 0.00995507 0.0803848 0.0507864 0.0448555 9.9991E-05
0.458977 9.99731E-05 0.165496 9.99731E-05 0.375226 9.99731E-05
0.848662 0.0911707 9.9973E-05 9.9973E-05 9.9973E-05 0.0598672
0.134472 0.0268491 0.838379 9.9973E-05 9.9973E-05 9.9973E-05
9.9973E-05 9.9973E-05 0.00359846 9.9973E-05 0.0362654 0.959836
0.341229 0.658371 9.9964E-05 9.9964E-05 9.9964E-05 9.9964E-05
9.99641E-05 9.99641E-05 0.967782 9.99641E-05 9.99641E-05 0.0318183
0.0716543 0.315447 0.112592 9.9982E-05 0.500106 9.9982E-05
9.996E-05 9.996E-05 9.996E-05 0.9995 9.996E-05 9.996E-05
0.00700408 9.99821E-05 0.140987 0.274492 0.577317 9.99821E-05
9.99641E-05 0.0237969 9.99641E-05 9.99641E-05 9.99641E-05 0.975803
9.996E-05 9.996E-05 9.996E-05 9.996E-05 9.996E-05 0.9995
9.997E-05 0.746432 0.0357002 9.997E-05 9.997E-05 0.217568
9.99641E-05 9.99641E-05 9.99641E-05 9.99641E-05 0.896785 0.102815
9.9973E-05 9.9973E-05 0.866147 0.115688 0.0178653 9.9973E-05
0.873408 9.99731E-05 9.99731E-05 0.0153531 0.110939 9.99731E-05
0.150701 9.9973E-05 9.9973E-05 0.00209194 0.846908 9.9973E-05
9.99731E-05 0.00772472 9.99731E-05 9.99731E-05 0.959872 0.0321029
9.99821E-05 0.349081 9.99821E-05 0.133765 0.0742181 0.442736
9.99731E-05 0.0101193 0.2763 9.99731E-05 0.71328 9.99731E-05
9.9964E-05 9.9964E-05 9.9964E-05 0.170072 0.829528 9.9964E-05
9.9973E-05 9.9973E-05 0.0838048 0.660236 0.255659 9.9973E-05
0.958697 0.0192151 0.0217877 9.99731E-05 9.99731E-05 9.99731E-05
9.996E-05 9.996E-05 9.996E-05 9.996E-05 9.996E-05 0.9995
0.244221 0.755379 9.99641E-05 9.99641E-05 9.99641E-05 9.99641E-05
0.0123091 9.9973E-05 0.114005 0.873386 9.9973E-05 9.9973E-05
0.777417 9.9964E-05 9.9964E-05 9.9964E-05 0.222183 9.9964E-05
0.183687 9.99642E-05 9.99642E-05 9.99642E-05 0.815913 9.99642E-05
0.481768 0.33976 0.178172 9.99731E-05 9.99731E-05 9.99731E-05
0.642712 0.0554399 9.99731E-05 9.99731E-05 0.301548 9.99731E-05
