0.016494 0.0122632 0.971243
0.0257442 0.135688 0.838568
0.0195671 0.0882456 0.892187
9.999E-05 0.134612 0.865288
0.00781178 0.10584 0.886348
9.999E-05 0.114852 0.885048
9.999E-05 0.0652161 0.934684
0.0141718 0.127727 0.858101
9.9991E-05 0.174211 0.825689
0.00672188 0.111248 0.88203
9.9991E-05 0.147555 0.852345
9.9991E-05 0.151603 0.848297
0.0445109 0.12259 0.832899
9.9991E-05 0.180749 0.819151
9.9991E-05 0.0931509 0.906749
0.0204213 0.0714346 0.908144
0.0447871 9.9991E-05 0.955113
0.0575254 9.9991E-05 0.942375
0.0625911 9.9991E-05 0.937309
0.090739 9.9991E-05 0.909161
0.201759 0.717271 0.0809701
0.190173 0.784282 0.0255442
0.191412 0.720759 0.0878289
0.239893 0.712077 0.0480303
0.228434 0.73489 0.0366763
0.286445 0.662159 0.051396
0.264958 0.734942 9.9991E-05
0.187175 0.740184 0.0726412
0.256265 0.729267 0.0144679
0.327013 0.623046 0.0499411
0.231296 0.765339 0.00336472
0.338371 0.653134 0.00849533
0.329885 0.623663 0.046452
0.389247 0.610653 9.9991E-05
0.385004 0.569138 0.0458581
0.311601 0.613635 0.0747635
0.39502 0.598739 0.00624103
0.402954 0.559443 0.0376031
0.479486 0.50021 0.0203036
0.382326 0.579665 0.038009
0.409258 0.545801 0.0449408
0.424209 0.534055 0.0417363
0.392124 0.570647 0.0372292
0.296339 0.608147 0.0955135
0.428619 0.559612 0.0117681
0.292122 0.63454 0.0733377
0.483949 0.515951 9.9991E-05
0.445371 0.542798 0.0118308
0.359164 0.57864 0.0621958
0.359334 0.614121 0.0265448
0.381081 0.596646 0.022273
0.394083 0.589681 0.016236
0.485687 0.514213 9.9991E-05
0.439462 0.490145 0.0703936
0.396853 0.546688 0.0564589
0.363648 0.5891 0.0472516
0.345019 0.5735 0.0814801
0.782727 0.190237 0.0270358
0.929779 0.0243251 0.0458957
0.838083 0.0915293 0.0703881
0.922518 0.0441857 0.0332967
0.946163 0.053737 9.9991E-05
0.879918 0.069864 0.0502185
0.991465 9.9991E-05 0.00843505
0.970829 0.0290713 9.9991E-05
0.794364 0.0924825 0.113153
0.851345 0.113635 0.03502
0.896505 0.103395 9.9991E-05
0.918588 0.0813122 9.9991E-05
0.884403 0.0624471 0.0531503
0.985172 0.00141844 0.0134097
0.917065 0.056834 0.0261007
0.909032 0.0694198 0.0215486
0.750153 0.213926 0.0359212
0.745331 0.254569 9.9991E-05
0.744534 0.184274 0.0711914
0.694845 0.211277 0.0938781
0.998541 9.9991E-05 0.00135864
0.786185 0.148515 0.0652997
0.895819 0.104081 9.9991E-05
0.833605 0.10074 0.0656557
0.818141 0.11696 0.0648986
0.965628 9.9991E-05 0.0342717
0.609618 0.372458 0.0179246
0.248824 0.716903 0.0342732
0.64029 0.339795 0.0199147
0.796754 0.174945 0.0283008
0.78144 0.195704 0.0228562
0.876082 0.100906 0.0230117
0.985486 9.9991E-05 0.014414
0.844057 0.112389 0.0435535
0.903142 0.0967583 9.9991E-05
0.693119 0.273535 0.0333457
0.734259 0.19062 0.0751204
0.797503 0.182042 0.0204551
0.737326 0.160801 0.101873
0.780557 0.1448 0.0746422
0.880065 0.0826606 0.0372744
0.937467 0.0603726 0.00216057
0.970004 9.9991E-05 0.0298956
0.862337 0.127728 0.00993447
0.828861 0.148873 0.0222656
0.948346 0.0420947 0.0095597
0.96509 9.9991E-05 0.0348098
0.768543 0.142097 0.0893598
0.939218 0.0357724 0.0250098
0.816406 0.107556 0.0760381
0.875948 0.0943384 0.0297139
0.847562 0.0912117 0.0612267
0.858721 0.135143 0.0061361
0.986339 0.00816843 0.00549223
0.9998 9.999E-05 9.999E-05
0.9998 9.999E-05 9.999E-05
0.846015 0.143518 0.0104672
0.772951 0.16613 0.0609193
0.818706 0.145046 0.0362485
0.879683 0.0637329 0.0565839
0.978711 9.9991E-05 0.0211885
0.856911 0.0839031 0.0591858
0.753687 0.161081 0.085232
0.621154 0.330108 0.0487379
0.631066 0.368834 9.9991E-05
0.594818 0.371294 0.0338874
0.539212 0.398376 0.0624123
0.568715 0.37918 0.0521049
0.528196 0.438211 0.0335928
0.524487 0.420171 0.0553425
0.553589 0.335133 0.111278
0.548986 0.418022 0.0329923
0.592393 0.381038 0.0265687
0.639392 0.35162 0.00898753
0.0591896 0.905809 0.0350012
0.0738898 0.873141 0.0529688
0.0130725 0.926266 0.0606618
9.9991E-05 0.882648 0.117252
0.0434877 0.908027 0.0484852
0.0561426 0.866417 0.0774409
0.036034 0.954354 0.00961212
0.103866 0.862374 0.0337597
0.0543001 0.83499 0.11071
0.0932858 0.880718 0.0259966
0.0442986 0.898199 0.057502
0.0331829 0.88379 0.0830269
0.015881 0.923904 0.0602154
0.118419 0.843789 0.0377919
0.0171259 0.860665 0.122209
9.9991E-05 0.919569 0.0803308
0.0389634 0.93372 0.0273164
0.0461723 0.846973 0.106855
9.9991E-05 0.89908 0.10082
0.00865348 0.940297 0.0510495
9.9991E-05 0.900596 0.0993038
0.055022 0.903768 0.0412102
0.0161912 0.926461 0.0573475
0.0203297 0.91382 0.0658503
9.9991E-05 0.907012 0.092888
0.0570219 0.895437 0.0475407
9.9991E-05 0.923587 0.0763133
0.00428127 0.88412 0.111599
0.0251075 0.887499 0.0873932
0.0174706 0.982429 9.9991E-05
0.0183909 0.981509 9.9991E-05
9.9991E-05 0.894248 0.105652
0.0406573 0.938412 0.0209309
0.0287235 0.932452 0.0388246
9.9991E-05 0.942173 0.0577274
0.153837 0.785655 0.0605082
0.170343 0.747206 0.0824518
0.179589 0.716456 0.103954
0.124892 0.691392 0.183716
0.188437 0.69265 0.118912
0.262431 0.687606 0.0499633
0.200627 0.76597 0.0334026
0.149782 0.704064 0.146154
