9.9991E-05 0.982531 0.0173694
0.0459176 0.809315 0.144768
9.999E-05 0.845793 0.154107
9.999E-05 0.881594 0.118306
0.0182218 0.87356 0.108218
9.999E-05 0.903228 0.0966722
9.999E-05 0.921332 0.0785685
0.0287879 0.842802 0.128411
0.0201792 0.864179 0.115642
9.9991E-05 0.869383 0.130517
0.018859 0.841739 0.139402
9.9991E-05 0.856647 0.143253
0.0404545 0.838319 0.121226
9.9991E-05 0.826613 0.173287
9.9991E-05 0.889081 0.110819
9.9991E-05 0.911824 0.0880756
0.0524001 0.9475 9.9991E-05
0.0742202 0.92568 9.9991E-05
0.0756152 0.924285 9.9991E-05
0.10198 0.89792 9.9991E-05
0.22116 0.0704873 0.708353
0.20273 0.042905 0.754365
0.198615 0.109744 0.691641
0.264212 0.0410929 0.694695
0.241937 0.0629759 0.695088
0.26954 0.0587385 0.671721
0.287276 0.0107988 0.701925
0.199091 0.0657229 0.735186
0.296707 9.9991E-05 0.703193
0.318235 0.0706601 0.611105
0.274581 9.9991E-05 0.725319
0.306287 0.0418389 0.651874
0.281096 0.0700348 0.64887
0.367419 0.00301547 0.629565
0.431725 0.0173001 0.550975
0.296178 0.0904504 0.613372
0.397322 0.0417064 0.560971
0.432767 0.043887 0.523346
0.503076 9.9991E-05 0.496824
0.425218 0.0477459 0.527036
0.422364 0.0169145 0.560722
0.44945 0.0650887 0.485461
0.429468 0.0429135 0.527618
0.326855 0.0835655 0.58958
0.431338 0.00103718 0.567625
0.333563 0.0846752 0.581762
0.478173 0.0168031 0.505024
0.463036 0.0158685 0.521095
0.386519 0.0780998 0.535381
0.38691 0.0279497 0.58514
0.420951 0.0186779 0.560371
0.409551 0.0444969 0.545952
0.449004 0.0266881 0.524308
0.45306 0.0789418 0.467998
0.432869 0.0503754 0.516755
0.406485 0.0464192 0.547096
0.364902 0.0835319 0.551566
0.76031 0.0278667 0.211823
0.931482 0.068418 9.9991E-05
0.842349 0.0577161 0.0999353
0.877263 0.0512173 0.0715195
0.965817 9.9991E-05 0.0340829
0.92045 0.0307852 0.0487643
0.93887 0.0379698 0.0231597
0.997458 0.00244211 9.9991E-05
0.803863 0.129552 0.0665857
0.868356 0.0399649 0.0916789
0.883282 0.0189265 0.0977912
0.911746 0.0139875 0.0742666
0.900948 0.0866382 0.012414
0.991182 0.00871846 9.9991E-05
0.93498 0.0221406 0.0428796
0.934709 0.0210755 0.0442159
0.747373 0.0431325 0.209494
0.713689 0.0065959 0.279715
0.76811 0.0734244 0.158466
0.715569 0.110259 0.174172
0.998518 0.00138162 9.9991E-05
0.77893 0.030652 0.190418
0.890971 9.9991E-05 0.108929
0.851633 0.021352 0.127015
0.799976 0.0793167 0.120707
0.951284 0.0486162 9.9991E-05
0.58559 0.0469592 0.367451
0.264853 9.9991E-05 0.735047
0.666718 0.0162607 0.317022
0.764203 0.0274838 0.208313
0.764347 0.00119955 0.234453
0.884634 0.0222839 0.0930817
0.970664 0.0292364 9.9991E-05
0.846726 0.0301275 0.123146
0.873082 9.9991E-05 0.126818
0.713283 0.0620545 0.224663
0.728876 0.044403 0.226721
0.78922 0.0275235 0.183256
0.73041 0.082756 0.186834
0.75673 0.0608968 0.182374
0.89881 0.0618565 0.0393331
0.93779 0.0455136 0.0166963
0.963238 0.0366623 9.9991E-05
0.796345 0.0530959 0.150559
0.833238 0.02631 0.140452
0.950217 9.9991E-05 0.0496832
0.968092 0.0318084 9.9991E-05
0.790516 0.0904369 0.119047
0.927132 0.0253323 0.0475358
0.807566 0.0952646 0.0971698
0.875234 9.9991E-05 0.124666
0.845226 0.0475876 0.107186
0.841002 0.0443357 0.114663
0.989503 0.0103967 9.9991E-05
0.985039 0.0148607 9.9991E-05
0.95829 0.00222482 0.039485
0.819104 0.0534572 0.127438
0.789776 0.0580682 0.152156
0.805521 0.053299 0.14118
0.897415 0.0481258 0.0544589
0.95056 0.00560063 0.0438395
0.901932 0.0556316 0.0424362
0.757009 0.101345 0.141645
0.579377 0.0557257 0.364898
0.646724 0.00763769 0.345639
0.603839 0.0297957 0.366365
0.5564 0.0895273 0.354073
0.576903 0.0637387 0.359359
0.578711 0.0258427 0.395446
0.571555 0.0331626 0.395283
0.587756 0.0831722 0.329072
0.535359 0.0463951 0.418246
0.561695 0.030406 0.407899
0.646713 0.00178054 0.351506
0.0678546 0.00313023 0.929015
0.0843399 0.0220746 0.893585
0.0523338 0.0557395 0.891927
9.9991E-05 0.0961843 0.903716
0.0530731 0.0727396 0.874187
0.05783 0.0707011 0.871469
0.0602334 0.00946966 0.930297
0.067086 0.015656 0.917258
0.0511176 0.0872994 0.861583
0.0938185 0.038692 0.867489
0.0522687 0.0401691 0.907562
0.0241257 0.0626448 0.913229
0.0313207 0.0598655 0.908814
0.0804177 0.0406816 0.878901
0.00782467 0.120245 0.87193
9.9991E-05 0.100642 0.899258
0.0765676 0.0101315 0.913301
0.0287393 0.096941 0.87432
9.9991E-05 0.0790199 0.92088
9.9991E-05 0.0707823 0.929118
9.9991E-05 0.0898167 0.910083
0.0869713 0.0311033 0.881925
9.9991E-05 0.0582765 0.941624
9.9991E-05 0.0679168 0.931983
9.9991E-05 0.0648192 0.935081
0.033507 0.0484917 0.918001
9.9991E-05 0.0661738 0.933726
9.9991E-05 0.0876389 0.912261
0.0110504 0.0687252 0.920224
0.0420004 9.9991E-05 0.9579
0.0388236 9.9991E-05 0.961076
9.9991E-05 0.0853488 0.914551
0.0563378 0.0129936 0.930669
0.0177351 0.0351493 0.947116
9.9991E-05 0.0776127 0.922287
0.189765 0.0659502 0.744284
0.215997 0.0659121 0.718091
0.165471 0.106537 0.727992
0.157993 0.151907 0.690099
0.176981 0.130303 0.692716
0.274558 0.0523684 0.673073
0.212464 0.0571968 0.730339
0.214475 0.125064 0.660461
