0.00724467 0.0045461 0.908958 9.9928E-05 9.9928E-05 9.9928E-05 0.00299505 9.9928E-05 9.9928E-05 9.9928E-05 0.0219647 9.9928E-05 0.0182642 9.9928E-05 0.0352279
9.9937E-05 9.9937E-05 0.720598 9.9937E-05 9.9937E-05 0.0403473 9.9937E-05 0.0122645 9.9937E-05 0.133247 0.0120497 9.9937E-05 0.001908 0.00830502 0.0705807
9.9946E-05 9.9946E-05 0.7552 0.0187717 0.0428335 9.9946E-05 0.0517732 0.023165 9.9946E-05 9.9946E-05 9.9946E-05 0.0411363 0.0377404 0.00445282 0.0243279
9.9928E-05 9.9928E-05 0.724613 0.0615036 9.9928E-05 9.9928E-05 0.054556 9.9928E-05 9.9928E-05 0.0984604 9.9928E-05 0.012179 0.0378736 0.0100153 9.9928E-05
9.9928E-05 9.9928E-05 0.747823 0.091747 9.9928E-05 0.00849551 0.0820576 9.9928E-05 0.0111701 0.0373687 0.0205386 9.9928E-05 9.9928E-05 9.9928E-05 9.9928E-05
9.9928E-05 0.013378 0.825572 0.0352414 0.0505111 0.0299246 0.0113182 9.9928E-05 9.9928E-05 9.9928E-05 9.9928E-05 9.9928E-05 9.9928E-05 0.0332552 9.9928E-05
9.9901E-05 0.000641927 0.86561 0.0164051 9.9901E-05 9.9901E-05 9.9901E-05 9.9901E-05 9.9901E-05 0.116244 9.9901E-05 9.9901E-05 9.9901E-05 9.9901E-05 9.9901E-05
9.9928E-05 0.0310831 0.783869 0.061136 9.9928E-05 0.000636003 0.0854762 9.9928E-05 9.9928E-05 9.9928E-05 9.9928E-05 9.9928E-05 9.9928E-05 0.00621804 0.0307817
9.9937E-05 9.9937E-05 0.752609 0.0221508 0.0630118 0.0337645 9.9937E-05 9.9937E-05 0.000640314 0.0748704 0.0264336 9.9937E-05 0.0258202 9.9937E-05 9.9937E-05
9.9937E-05 0.0148318 0.77325 9.9937E-05 0.013047 0.0229492 0.0556493 9.9937E-05 9.9937E-05 0.0254719 9.9937E-05 0.0750889 9.9937E-05 0.0190126 9.9937E-05
9.9937E-05 9.9937E-05 0.725271 9.9937E-05 0.0395475 0.017627 0.0899142 9.9937E-05 0.0210812 9.9937E-05 0.022994 0.0308431 9.9937E-05 9.9937E-05 0.0520223
9.9946E-05 0.015964 0.687018 0.0115305 0.00958078 9.9946E-05 0.170203 9.9946E-05 9.9946E-05 9.9946E-05 9.9946E-05 0.0408492 0.0117548 0.0101985 0.0423013
9.9937E-05 0.0296003 0.703993 0.0311204 9.9937E-05 0.0471247 0.103974 0.0135163 9.9937E-05 0.0555152 9.9937E-05 9.9937E-05 9.9937E-05 0.014457 9.9937E-05
9.9955E-05 0.00140449 0.651328 0.0430519 0.0565657 0.0217465 0.0540635 0.00409682 9.9955E-05 0.0123629 9.9955E-05 0.0442061 9.9955E-05 9.9955E-05 0.110674
9.9936E-05 9.9936E-05 0.717265 9.9936E-05 9.9936E-05 9.9936E-05 0.0339726 0.037123 0.0560751 0.0804353 9.9936E-05 0.0440756 9.9936E-05 9.9936E-05 0.030254
9.9919E-05 9.9919E-05 0.800393 0.0706737 0.0823464 0.0125832 0.023284 9.9919E-05 9.9919E-05 9.9919E-05 9.9919E-05 9.9919E-05 9.9919E-05 0.00982052 9.9919E-05
0.0369954 0.0110274 0.908736 9.991E-05 9.991E-05 9.991E-05 9.991E-05 9.991E-05 0.00318581 9.991E-05 9.991E-05 9.991E-05 9.991E-05 0.0390565 9.991E-05
0.0699454 9.99011E-05 0.917486 9.99011E-05 9.99011E-05 9.99011E-05 9.99011E-05 9.99011E-05 0.0046753 9.99011E-05 9.99011E-05 9.99011E-05 9.99011E-05 0.00679485 9.99011E-05
0.0458094 9.991E-05 0.880744 9.991E-05 9.991E-05 0.000498906 9.991E-05 0.0699931 9.991E-05 9.991E-05 9.991E-05 9.991E-05 0.0019558 9.991E-05 9.991E-05
0.0409805 9.9937E-05 0.850125 0.00833738 9.9937E-05 9.9937E-05 9.9937E-05 0.00140478 9.9937E-05 9.9937E-05 0.00938345 0.0219235 9.9937E-05 0.0361288 0.0310165
9.98738E-05 9.98738E-05 9.98738E-05 9.98738E-05 9.98738E-05 9.98738E-05 9.98738E-05 9.98738E-05 9.98738E-05 9.98738E-05 9.98738E-05 0.998602 9.98738E-05 9.98738E-05 9.98738E-05
9.991E-05 9.991E-05 9.991E-05 9.991E-05 9.991E-05 9.991E-05 0.202887 9.991E-05 9.991E-05 9.991E-05 0.00650593 0.650414 0.0223218 9.991E-05 0.116872
9.9946E-05 0.0181474 0.0135116 0.0246466 0.0093688 9.9946E-05 0.142113 0.0493606 9.9946E-05 0.0208426 9.9946E-05 0.59311 9.9946E-05 9.9946E-05 0.1283
0.0878114 9.9937E-05 9.9937E-05 0.0178114 9.9937E-05 9.9937E-05 0.100778 0.0264239 9.9937E-05 0.0406296 0.0381042 0.675573 9.9937E-05 0.0121695 9.9937E-05
9.99011E-05 9.99011E-05 9.99011E-05 0.0671208 0.0309774 9.99011E-05 9.99011E-05 9.99011E-05 0.0788389 9.99011E-05 9.99011E-05 0.821964 9.99011E-05 9.99011E-05 9.99011E-05
9.9946E-05 0.014683 0.0119794 0.153346 9.9946E-05 9.9946E-05 0.0392527 0.0296424 9.9946E-05 0.00361431 9.9946E-05 0.712185 0.0147442 0.0199538 9.9946E-05
0.000901427 9.9937E-05 9.9937E-05 0.0275383 9.9937E-05 9.9937E-05 0.0291067 0.0752724 0.0423978 0.223748 9.9937E-05 0.59962 0.000715506 9.9937E-05 9.9937E-05
9.98738E-05 9.98738E-05 9.98738E-05 9.98738E-05 9.98738E-05 9.98738E-05 9.98738E-05 9.98738E-05 9.98738E-05 9.98738E-05 9.98738E-05 0.998602 9.98738E-05 9.98738E-05 9.98738E-05
9.9919E-05 0.011375 9.9919E-05 0.162766 0.138871 9.9919E-05 9.9919E-05 9.9919E-05 0.0372513 9.9919E-05 0.013217 0.63562 9.9919E-05 9.9919E-05 9.9919E-05
0.0421425 9.99549E-05 0.00391579 0.0729807 0.0670134 0.0184038 0.0730569 9.99549E-05 0.165849 0.0490054 0.0151396 0.491993 9.99549E-05 9.99549E-05 9.99549E-05
9.9928E-05 9.9928E-05 9.9928E-05 0.164738 0.126588 9.9928E-05 0.0736959 9.9928E-05 9.9928E-05 9.9928E-05 9.9928E-05 0.592349 0.0170674 0.0161196 0.0086426
0.0136112 9.991E-05 9.991E-05 9.991E-05 9.991E-05 9.991E-05 9.991E-05 0.0892973 9.991E-05 0.276301 9.991E-05 0.605551 9.991E-05 0.0142403 9.991E-05
9.9937E-05 9.9937E-05 0.0361289 0.0579945 9.9937E-05 0.020576 9.9937E-05 0.0182676 9.9937E-05 0.325365 0.00043021 0.54006 9.9937E-05 0.000477992 9.9937E-05
9.9946E-05 0.012113 9.9946E-05 0.0417665 0.149889 0.0550792 0.0294937 9.9946E-05 0.0834056 9.9946E-05 9.9946E-05 0.548539 0.0483173 9.9946E-05 0.0307972
0.0329724 0.0134836 9.9964E-05 0.148569 0.040478 0.0235057 9.9964E-05 0.0387101 0.0286898 9.9964E-05 0.0303269 0.479406 0.0107916 9.9964E-05 0.152667
9.99459E-05 9.99459E-05 0.0152824 0.0499166 0.0689323 9.99459E-05 0.116009 9.99459E-05 9.99459E-05 0.0580574 0.0395244 0.366344 0.0274434 9.99459E-05 0.257891
0.12103 0.00293296 9.9937E-05 9.9937E-05 9.9937E-05 9.9937E-05 9.9937E-05 0.141114 0.0645957 0.0671463 0.0197011 0.542595 0.0401862 9.9937E-05 9.9937E-05
0.6341 9.9928E-05 9.9928E-05 9.9928E-05 0.0399933 9.9928E-05 0.0719267 0.198639 9.9928E-05 9.9928E-05 0.0236658 0.0257908 0.0050844 9.9928E-05 9.9928E-05
0.630623 9.99279E-05 9.99279E-05 0.0245957 0.0660108 0.0122632 9.99279E-05 0.117808 9.99279E-05 9.99279E-05 0.0355748 9.99279E-05 9.99279E-05 9.99279E-05 0.112325
0.617172 0.00197184 9.99444E-05 0.0233202 9.99444E-05 0.0179028 9.99444E-05 9.99444E-05 9.99444E-05 0.206385 9.99444E-05 9.99444E-05 0.0267925 0.020669 0.0850865
0.756254 9.991E-05 9.991E-05 9.991E-05 0.0951984 9.991E-05 9.991E-05 0.0959109 0.0424738 9.991E-05 9.991E-05 9.991E-05 0.00916394 9.991E-05 9.991E-05
0.672338 0.00979307 0.026758 0.00564257 9.9955E-05 0.0356465 0.104138 0.0473538 9.9955E-05 9.9955E-05 0.0321239 0.039077 0.02663 9.9955E-05 9.9955E-05
0.665271 9.991E-05 9.991E-05 9.991E-05 9.991E-05 9.991E-05 9.991E-05 9.991E-05 0.0898696 0.214964 0.0118993 9.991E-05 0.0169963 9.991E-05 9.991E-05
0.28797 0.00260428 0.00144961 9.9964E-05 9.9964E-05 0.0161438 0.260725 0.0126139 9.9964E-05 0.377267 0.00870954 9.9964E-05 0.0077969 0.0232452 0.00107464
0.561511 9.9928E-05 9.9928E-05 9.9928E-05 9.9928E-05 0.00881328 9.9928E-05 0.0537362 9.9928E-05 0.332662 0.0287992 9.9928E-05 0.0104404 0.00323923 9.9928E-05
0.662913 9.9946E-05 0.0367263 0.132285 0.0320658 9.9946E-05 0.00435862 0.00122381 9.9946E-05 0.0873711 0.0289448 0.0135116 9.9946E-05 9.9946E-05 9.9946E-05
0.782273 0.0238511 9.9928E-05 9.9928E-05 9.9928E-05 0.00641625 9.9928E-05 9.9928E-05 0.00884783 0.118501 9.9928E-05 9.9928E-05 9.9928E-05 0.0188435 0.0404678
0.799313 0.00127628 9.9946E-05 9.9946E-05 0.0818063 0.00573645 9.9946E-05 9.9946E-05 0.00544967 9.9946E-05 0.0206534 9.9946E-05 0.0186229 0.00487312 0.061669
0.795822 9.9928E-05 0.00454702 9.9928E-05 9.9928E-05 9.9928E-05 9.9928E-05 9.9928E-05 9.9928E-05 0.142412 0.00141795 0.0146504 0.0143681 0.025983 9.9928E-05
0.391533 9.9928E-05 9.9928E-05 9.9928E-05 9.9928E-05 0.0204273 0.41411 0.032104 0.00780931 0.129179 9.9928E-05 9.9928E-05 0.00403835 9.9928E-05 9.9928E-05
0.760736 9.9919E-05 9.9919E-05 0.0782551 0.0457471 9.9919E-05 0.0156242 9.9919E-05 9.9919E-05 9.9919E-05 9.9919E-05 9.9919E-05 9.9919E-05 0.00394251 0.0947962
0.852673 9.9928E-05 9.9928E-05 9.9928E-05 0.0533992 9.9928E-05 9.9928E-05 9.9928E-05 0.0215753 0.0122606 9.9928E-05 0.0396817 0.0147591 0.00485214 9.9928E-05
0.755893 0.0655971 9.99279E-05 0.038011 0.0166379 0.0455246 0.0685209 0.00901641 9.99279E-05 9.99279E-05 9.99279E-05 9.99279E-05 9.99279E-05 9.99279E-05 9.99279E-05
0.729718 9.99369E-05 0.0434939 9.99369E-05 9.99369E-05 9.99369E-05 0.0114581 9.99369E-05 9.99369E-05 0.0119369 9.99369E-05 0.00694254 0.000136315 0.00383524 0.191779
0.570182 0.0240081 9.99189E-05 9.99189E-05 9.99189E-05 0.00704383 9.99189E-05 9.99189E-05 0.0791286 0.296635 9.99189E-05 9.99189E-05 9.99189E-05 0.0221033 9.99189E-05
0.532826 9.9937E-05 9.9937E-05 0.0273171 9.9937E-05 9.9937E-05 0.199984 9.9937E-05 9.9937E-05 0.108829 0.0105448 9.9937E-05 0.00366171 0.0252976 0.0908403
0.712053 0.0365152 0.0177255 9.9937E-05 0.0147938 9.9937E-05 9.9937E-05 9.9937E-05 0.0645604 0.102074 0.00469682 0.0468815 9.9937E-05 9.9937E-05 9.9937E-05
0.0167792 9.9946E-05 9.9946E-05 9.9946E-05 0.0518441 0.023885 0.102637 0.369391 0.0546044 9.9946E-05 9.9946E-05 0.0187399 0.0147737 9.9946E-05 0.346746
9.98739E-05 9.98739E-05 9.98739E-05 9.98739E-05 9.98739E-05 9.98739E-05 9.98739E-05 9.98739E-05 9.98739E-05 9.98739E-05 9.98739E-05 9.98739E-05 0.998602 9.98739E-05 9.98739E-05
9.9937E-05 0.0241589 9.9937E-05 9.9937E-05 9.9937E-05 0.033951 0.0820288 0.464014 0.000730406 9.9937E-05 0.0453132 0.0120592 9.9937E-05 9.9937E-05 0.337045
0.0567235 0.0282333 9.9955E-05 0.108023 9.9955E-05 0.0475975 0.0215464 0.196141 0.117179 9.9955E-05 0.0633471 9.9955E-05 0.0148693 9.9955E-05 0.34584
9.9928E-05 9.9928E-05 9.9928E-05 0.0290302 9.9928E-05 9.9928E-05 0.0409331 0.032572 0.825902 9.9928E-05 0.0200836 9.9928E-05 0.030505 9.9928E-05 0.020175
0.0546092 9.9937E-05 0.00134523 0.00067354 9.9937E-05 9.9937E-05 0.039799 0.0169587 0.869441 9.9937E-05 0.0161919 9.9937E-05 9.9937E-05 0.000282408 9.9937E-05
9.98739E-05 9.98739E-05 9.98739E-05 9.98739E-05 9.98739E-05 0.998602 9.98739E-05 9.98739E-05 9.98739E-05 9.98739E-05 9.98739E-05 9.98739E-05 9.98739E-05 9.98739E-05 9.98739E-05
9.98738E-05 9.98738E-05 9.98738E-05 9.98738E-05 9.98738E-05 9.98738E-05 9.98738E-05 9.98738E-05 9.98738E-05 9.98738E-05 9.98738E-05 9.98738E-05 0.998602 9.98738E-05 9.98738E-05
0.00999605 0.0201185 0.0691088 0.00837628 0.0291826 0.0232106 9.9982E-05 0.129263 0.0662259 0.0217902 0.0240244 9.9982E-05 0.0289432 0.0162187 0.553342
0.00537517 0.0277945 0.0309258 9.9955E-05 0.0410691 0.0389206 9.9955E-05 0.0899168 0.644412 9.9955E-05 9.9955E-05 0.0960593 0.00574793 0.019279 9.9955E-05
9.99548E-05 0.0346744 0.0187344 0.134034 0.028565 0.0543369 9.99548E-05 0.231032 0.417104 9.99548E-05 9.99548E-05 9.99548E-05 0.0481287 0.0327908 9.99548E-05
9.9955E-05 0.0351612 9.9955E-05 0.111915 9.9955E-05 0.0347231 9.9955E-05 0.314875 0.382689 9.9955E-05 0.0019982 0.0502343 0.0344916 0.00444324 0.0289697
9.9973E-05 0.0531378 0.0267369 9.9973E-05 0.0125225 0.0385957 0.00981322 0.219639 0.361868 9.9973E-05 0.000377161 0.0628834 0.0936174 0.0193281 0.101181
9.9928E-05 0.00217654 9.9928E-05 9.9928E-05 9.9928E-05 0.0148136 9.9928E-05 0.438317 0.43488 0.0625984 9.9928E-05 9.9928E-05 0.0353243 0.0110912 9.9928E-05
0.0256292 9.991E-05 9.991E-05 0.036953 9.991E-05 0.0216325 9.991E-05 9.991E-05 0.896774 9.991E-05 9.991E-05 9.991E-05 9.991E-05 0.0180125 9.991E-05
0.0137835 0.0102327 9.9955E-05 0.00951244 9.9955E-05 0.00595741 9.9955E-05 0.165006 0.223326 9.9955E-05 0.0665784 0.058961 0.0781632 9.9955E-05 0.367979
9.991E-05 9.991E-05 9.991E-05 0.347491 9.991E-05 9.991E-05 9.991E-05 9.991E-05 9.991E-05 9.991E-05 0.0546094 9.991E-05 0.0486822 0.0196755 0.528543
0.212401 9.9964E-05 9.9964E-05 0.233341 0.00512114 0.023364 0.0212765 0.258263 0.148815 9.9964E-05 0.00666056 0.0242356 0.0271935 0.0389293 9.9964E-05
0.2278 0.00682038 0.0223912 0.0769372 0.021061 0.0123457 9.9955E-05 0.16131 0.447338 9.9955E-05 9.9955E-05 9.9955E-05 0.0116109 0.0118859 9.9955E-05
0.398866 0.00206247 0.070631 9.9955E-05 9.9955E-05 9.9955E-05 9.9955E-05 0.0310345 0.0951159 0.034004 0.0139951 9.9955E-05 0.0509797 0.0233318 0.27948
9.98739E-05 9.98739E-05 9.98739E-05 9.98739E-05 9.98739E-05 0.998602 9.98739E-05 9.98739E-05 9.98739E-05 9.98739E-05 9.98739E-05 9.98739E-05 9.98739E-05 9.98739E-05 9.98739E-05
0.0790692 0.0643417 0.0364985 9.9964E-05 9.9964E-05 0.00954163 9.9964E-05 0.00177088 0.360298 0.205023 9.9964E-05 0.0171552 0.0574834 0.03999 0.128428
0.124928 0.014569 9.9946E-05 9.9946E-05 9.9946E-05 0.0539931 9.9946E-05 0.0719835 0.462001 9.9946E-05 0.0455094 9.9946E-05 0.0387368 0.0558653 0.131814
9.98738E-05 9.98738E-05 9.98738E-05 9.98738E-05 9.98738E-05 9.98738E-05 9.98738E-05 0.998602 9.98738E-05 9.98738E-05 9.98738E-05 9.98738E-05 9.98738E-05 9.98738E-05 9.98738E-05
0.0112013 0.0461759 9.9937E-05 9.9937E-05 9.9937E-05 0.0166961 9.9937E-05 0.0429652 0.223892 9.9937E-05 9.9937E-05 0.0224577 0.0112998 9.9937E-05 0.624612
0.0330867 0.000917544 0.0741341 9.9946E-05 9.9946E-05 0.0358948 9.9946E-05 0.0243111 0.660193 9.9946E-05 0.0524809 9.9946E-05 9.9946E-05 0.0073849 0.110997
0.260879 0.060687 9.9937E-05 9.9937E-05 0.193289 9.9937E-05 9.9937E-05 9.9937E-05 0.0576927 9.9937E-05 0.00985982 0.0189739 9.9937E-05 0.0336108 0.364308
0.190396 9.9928E-05 9.9928E-05 9.9928E-05 0.49895 0.0395213 9.9928E-05 9.9928E-05 9.9928E-05 9.9928E-05 0.0229771 9.9928E-05 0.0185547 0.0150342 0.213767
0.14094 9.9928E-05 9.9928E-05 0.173441 0.132335 9.9928E-05 9.9928E-05 0.19063 0.0309506 9.9928E-05 9.9928E-05 9.9928E-05 0.0608089 9.9928E-05 0.270095
9.98739E-05 9.98739E-05 9.98739E-05 9.98739E-05 9.98739E-05 9.98739E-05 9.98739E-05 0.998602 9.98739E-05 9.98739E-05 9.98739E-05 9.98739E-05 9.98739E-05 9.98739E-05 9.98739E-05
9.98739E-05 9.98739E-05 9.98739E-05 9.98739E-05 9.98739E-05 9.98739E-05 9.98739E-05 0.998602 9.98739E-05 9.98739E-05 9.98739E-05 9.98739E-05 9.98739E-05 9.98739E-05 9.98739E-05
9.99459E-05 0.0176502 9.99459E-05 0.0467846 9.99459E-05 9.99459E-05 0.0273506 0.199612 0.538548 0.128082 0.00244409 9.99459E-05 0.00868092 9.99459E-05 0.030247
9.98739E-05 9.98739E-05 9.98739E-05 9.98739E-05 9.98739E-05 9.98739E-05 9.98739E-05 9.98739E-05 9.98739E-05 9.98739E-05 0.998602 9.98739E-05 9.98739E-05 9.98739E-05 9.98739E-05
0.124066 0.0299542 9.9946E-05 0.104012 9.9946E-05 0.115137 9.9946E-05 0.0836858 0.0280974 9.9946E-05 9.9946E-05 9.9946E-05 0.0163165 0.0136793 0.484453
0.0679985 0.000509475 9.9946E-05 0.0441679 9.9946E-05 0.0703073 9.9946E-05 0.00971741 0.363195 0.0374108 9.9946E-05 9.9946E-05 9.9946E-05 0.00973709 0.396357
9.9937E-05 9.9937E-05 0.0472336 9.9937E-05 9.9937E-05 9.9937E-05 9.9937E-05 9.9937E-05 0.170465 0.0641043 0.0827123 0.029482 0.00874119 0.0114316 0.58513
9.9946E-05 9.9946E-05 9.9946E-05 0.00397586 9.9946E-05 0.000118845 0.034552 0.00454079 9.9946E-05 0.00097054 0.0461665 0.0610772 9.9946E-05 0.015606 0.832393
9.99099E-05 9.99099E-05 9.99099E-05 9.99099E-05 0.00098117 0.0242409 9.99099E-05 0.0440213 9.99099E-05 9.99099E-05 9.99099E-05 9.99099E-05 9.99099E-05 0.00010295 0.929655
9.9964E-05 9.9964E-05 0.0410856 0.0321184 0.0156737 0.0383939 0.0227695 0.306425 0.0891856 9.9964E-05 0.0382437 0.0827776 0.055729 9.9964E-05 0.277198
9.9964E-05 9.9964E-05 0.00325871 0.115793 0.0394792 0.0258189 0.181929 0.0463388 0.0534368 9.9964E-05 0.0690341 9.9964E-05 0.0412208 0.0856766 0.337614
0.0804916 0.0209891 0.0285078 0.149118 9.9964E-05 0.0286318 9.9964E-05 0.184734 0.0562841 9.9964E-05 0.0248513 9.9964E-05 0.0301022 0.0380858 0.357804
9.9955E-05 9.9955E-05 9.9955E-05 0.0527291 9.9955E-05 0.0167306 9.9955E-05 0.658714 0.118765 0.00503577 0.0355435 0.0292691 0.0328943 0.033779 0.0160396
9.9955E-05 0.0182029 0.00858721 9.9955E-05 9.9955E-05 9.9955E-05 0.0473223 0.0618107 0.367011 0.0696556 0.0429233 9.9955E-05 0.0629573 0.0798686 0.241161
9.994E-05 0.0177069 9.994E-05 9.994E-05 0.0521865 9.994E-05 0.00813605 0.086468 0.306038 9.994E-05 9.994E-05 0.0420751 0.00415301 0.0291114 0.453525
9.9955E-05 0.0837449 0.0261875 9.9955E-05 9.9955E-05 0.0815653 9.9955E-05 0.201894 0.149463 0.12593 0.00710498 9.9955E-05 0.0458525 0.031409 0.246349
9.98739E-05 9.98739E-05 9.98739E-05 9.98739E-05 9.98739E-05 9.98739E-05 9.98739E-05 9.98739E-05 0.998602 9.98739E-05 9.98739E-05 9.98739E-05 9.98739E-05 9.98739E-05 9.98739E-05
9.98739E-05 0.998602 9.98739E-05 9.98739E-05 9.98739E-05 9.98739E-05 9.98739E-05 9.98739E-05 9.98739E-05 9.98739E-05 9.98739E-05 9.98739E-05 9.98739E-05 9.98739E-05 9.98739E-05
0.0549101 0.0384416 0.0102282 0.127098 0.0311416 0.0110285 9.9982E-05 0.0890941 0.0511591 9.9982E-05 0.0154831 0.0146117 0.0509156 0.049921 0.455767
9.99279E-05 0.00550429 9.99279E-05 9.99279E-05 9.99279E-05 0.0525415 9.99279E-05 0.151785 0.175866 0.0341446 0.0165659 9.99279E-05 9.99279E-05 9.99279E-05 0.562793
9.9955E-05 0.030397 0.0371026 9.9955E-05 0.0783534 0.0453947 0.0617209 0.132811 0.464187 0.00154891 0.0386118 9.9955E-05 9.9955E-05 9.9955E-05 0.109373
9.99009E-05 9.99009E-05 9.99009E-05 9.99009E-05 9.99009E-05 9.99009E-05 0.0606615 9.99009E-05 0.874422 0.0436478 0.0201698 9.99009E-05 9.99009E-05 9.99009E-05 9.99009E-05
0.00793899 9.9955E-05 0.00605152 0.0506425 9.9955E-05 9.9955E-05 9.9955E-05 0.365304 0.0904297 0.0393403 0.0395877 9.9955E-05 0.00321912 0.0583933 0.338594
9.99549E-05 0.0163204 0.0188949 0.0531453 9.99549E-05 9.99549E-05 9.99549E-05 0.302605 0.150858 0.0209773 9.99549E-05 0.0327408 0.0096491 0.00480147 0.389508
9.98739E-05 9.98739E-05 9.98739E-05 9.98739E-05 9.98739E-05 9.98739E-05 9.98739E-05 9.98739E-05 9.98739E-05 9.98739E-05 9.98739E-05 9.98739E-05 9.98739E-05 0.998602 9.98739E-05
9.98739E-05 0.998602 9.98739E-05 9.98739E-05 9.98739E-05 9.98739E-05 9.98739E-05 9.98739E-05 9.98739E-05 9.98739E-05 9.98739E-05 9.98739E-05 9.98739E-05 9.98739E-05 9.98739E-05
9.98739E-05 9.98739E-05 9.98739E-05 9.98739E-05 9.98739E-05 9.98739E-05 9.98739E-05 9.98739E-05 9.98739E-05 9.98739E-05 9.98739E-05 9.98739E-05 9.98739E-05 0.998602 9.98739E-05
9.991E-05 0.00756929 9.991E-05 9.991E-05 9.991E-05 0.0428872 9.991E-05 9.991E-05 9.991E-05 9.991E-05 0.0449295 9.991E-05 0.0304939 9.991E-05 0.873121
9.9946E-05 0.0207481 9.9946E-05 9.9946E-05 9.9946E-05 0.00936453 0.00915766 9.9946E-05 0.0748162 9.9946E-05 0.0346632 0.0866926 0.0120257 0.0364307 0.715502
9.9946E-05 0.0280936 9.9946E-05 0.0714126 0.0365467 9.9946E-05 9.9946E-05 0.0584156 9.9946E-05 9.9946E-05 0.00588375 0.0188695 0.035547 0.0154348 0.729197
0.00513534 0.0235604 0.04488 0.0397699 9.9973E-05 0.00929435 9.9973E-05 0.150075 0.378892 9.9973E-05 0.00567347 0.00546477 0.0230449 0.0658406 0.248069
0.149781 0.0364999 0.00909108 0.119239 9.9955E-05 0.0381036 9.9955E-05 9.9955E-05 0.46651 9.9955E-05 9.9955E-05 0.010712 0.00699654 0.00252966 0.160037
9.98739E-05 9.98739E-05 9.98739E-05 9.98739E-05 9.98739E-05 9.98739E-05 9.98739E-05 9.98739E-05 9.98739E-05 9.98739E-05 0.998602 9.98739E-05 9.98739E-05 9.98739E-05 9.98739E-05
9.9955E-05 0.0328349 0.0681961 9.9955E-05 0.00672291 9.9955E-05 0.0710998 0.386923 0.0228795 0.00351809 0.025776 9.9955E-05 9.9955E-05 0.0210003 0.36055
9.9919E-05 9.9919E-05 9.9919E-05 0.692902 9.9919E-05 0.0135795 9.9919E-05 0.0524576 9.9919E-05 0.125516 9.9919E-05 9.9919E-05 0.0701836 9.9919E-05 0.0444625
9.9901E-05 9.9901E-05 9.9901E-05 0.92451 9.9901E-05 0.0138605 9.9901E-05 0.0525253 9.9901E-05 9.9901E-05 9.9901E-05 9.9901E-05 9.9901E-05 0.00800507 9.9901E-05
9.9937E-05 0.0433948 0.00551696 0.896277 9.9937E-05 0.000808987 0.0135839 0.0114592 9.9937E-05 9.9937E-05 9.9937E-05 0.0138103 9.9937E-05 0.0144494 9.9937E-05
9.9901E-05 9.9901E-05 9.9901E-05 0.925525 0.0216029 0.0180614 9.9901E-05 9.9901E-05 9.9901E-05 9.9901E-05 0.0337119 9.9901E-05 9.9901E-05 9.9901E-05 9.9901E-05
9.9928E-05 0.0208377 9.9928E-05 0.598881 9.9928E-05 9.9928E-05 9.9928E-05 9.9928E-05 9.9928E-05 0.170909 0.0165877 0.0258783 9.9928E-05 0.0225707 0.143536
9.9919E-05 9.9919E-05 9.9919E-05 0.604428 9.9919E-05 9.9919E-05 9.9919E-05 9.9919E-05 0.0621527 0.27684 0.0269621 0.0120917 0.0166268 9.9919E-05 9.9919E-05
9.9883E-05 9.9883E-05 9.9883E-05 0.95212 0.0465814 9.9883E-05 9.9883E-05 9.9883E-05 9.9883E-05 9.9883E-05 9.9883E-05 9.9883E-05 9.9883E-05 9.9883E-05 9.9883E-05
9.9928E-05 0.0277913 0.0469283 0.807419 9.9928E-05 9.9928E-05 0.00910134 0.0592195 9.9928E-05 9.9928E-05 0.0239373 0.0248034 9.9928E-05 9.9928E-05 9.9928E-05
0.00154214 0.00215872 9.99189E-05 0.589028 9.99189E-05 9.99189E-05 9.99189E-05 9.99189E-05 0.0283132 0.365307 9.99189E-05 9.99189E-05 9.99189E-05 0.012751 9.99189E-05
0.0284799 0.0292843 9.9946E-05 0.663995 0.00555211 9.9946E-05 0.0119428 0.193838 9.9946E-05 9.9946E-05 9.9946E-05 0.00600563 0.000275431 9.9946E-05 0.0600273
0.0461563 9.9946E-05 9.9946E-05 0.741504 9.9946E-05 9.9946E-05 9.9946E-05 0.029384 0.0333884 0.0315443 0.017862 0.042005 0.0389034 0.0186527 9.9946E-05
9.99189E-05 9.99189E-05 9.99189E-05 0.0355502 0.27926 0.00233829 9.99189E-05 9.99189E-05 9.99189E-05 0.658075 0.0089552 9.99189E-05 9.99189E-05 0.0149228 9.99189E-05
9.98739E-05 9.98739E-05 9.98739E-05 9.98739E-05 9.98739E-05 9.98739E-05 9.98739E-05 9.98739E-05 9.98739E-05 0.998602 9.98739E-05 9.98739E-05 9.98739E-05 9.98739E-05 9.98739E-05
0.00498885 0.00343013 9.9946E-05 9.9946E-05 0.497948 0.00263154 0.0258417 0.222494 9.9946E-05 0.191632 9.9946E-05 0.0430703 9.9946E-05 0.00736389 9.9946E-05
0.115906 9.9919E-05 0.0189327 9.9919E-05 0.713053 9.9919E-05 9.9919E-05 0.117669 9.9919E-05 9.9919E-05 9.9919E-05 0.0256882 9.9919E-05 0.00785183 9.9919E-05
0.153094 9.9937E-05 0.0114939 9.9937E-05 0.55999 0.0496871 9.9937E-05 9.9937E-05 9.9937E-05 0.0735976 0.0068016 0.0416395 9.9937E-05 9.9937E-05 0.102996
9.9919E-05 9.9919E-05 0.000944348 9.9919E-05 0.27118 9.9919E-05 0.00230354 9.9919E-05 9.9919E-05 0.587646 9.9919E-05 9.9919E-05 9.9919E-05 0.0109801 0.126047
0.0475358 0.063546 9.9937E-05 0.0569535 0.482234 0.0136288 0.0767532 9.9937E-05 9.9937E-05 0.247292 9.9937E-05 0.0113574 9.9937E-05 9.9937E-05 9.9937E-05
9.9937E-05 0.00574082 9.9937E-05 9.9937E-05 0.572431 0.00689171 9.9937E-05 0.0213609 0.113388 0.260708 0.012464 0.00631661 9.9937E-05 9.9937E-05 9.9937E-05
9.99369E-05 0.00175909 0.0255761 9.99369E-05 0.378953 9.99369E-05 0.219808 0.141616 9.99369E-05 0.127715 9.99369E-05 9.99369E-05 9.99369E-05 0.0737474 0.0301262
9.98739E-05 9.98739E-05 9.98739E-05 9.98739E-05 9.98739E-05 9.98739E-05 9.98739E-05 9.98739E-05 9.98739E-05 0.998602 9.98739E-05 9.98739E-05 9.98739E-05 9.98739E-05 9.98739E-05
0.0998863 9.9928E-05 9.9928E-05 0.0505194 0.713085 0.0534356 9.9928E-05 9.9928E-05 9.9928E-05 9.9928E-05 9.9928E-05 0.0315264 0.0393341 0.0114134 9.9928E-05
0.155444 9.9946E-05 0.0358934 0.00638302 0.72985 0.00330036 9.9946E-05 9.9946E-05 9.9946E-05 0.000142784 0.00920423 0.0111618 0.0480208 9.9946E-05 9.9946E-05
0.0257989 9.9973E-05 9.9973E-05 0.0564511 0.485212 9.9973E-05 0.083574 0.0466589 0.0509064 0.149673 0.00224154 0.0226094 0.0151182 0.0179821 0.0434746
9.9946E-05 9.9946E-05 9.9946E-05 9.9946E-05 0.32796 9.9946E-05 0.138927 0.0116143 0.0774355 0.298408 0.0176879 9.9946E-05 0.0131676 0.00295806 0.111242
9.9928E-05 9.9928E-05 0.0474007 9.9928E-05 0.684835 9.9928E-05 9.9928E-05 9.9928E-05 0.161978 9.9928E-05 0.0435526 0.0213262 0.036102 0.00400608 9.9928E-05
9.9964E-05 0.00699371 0.0586767 9.9964E-05 0.636606 0.0124748 0.100741 0.0320003 0.000441738 0.028506 0.0223372 9.9964E-05 0.032661 9.9964E-05 0.0681608
0.0765654 9.9928E-05 9.9928E-05 0.0888423 0.758129 0.00930741 9.9928E-05 9.9928E-05 9.9928E-05 9.9928E-05 0.0128006 9.9928E-05 0.0422061 0.0113496 9.9928E-05
0.062932 0.0189508 0.012042 0.0139757 0.7523 9.9946E-05 9.9946E-05 0.0064626 0.0828014 9.9946E-05 9.9946E-05 9.9946E-05 0.0247965 0.0251392 9.9946E-05
0.0452786 0.00738775 0.00188685 9.99191E-05 0.841563 9.99191E-05 9.99191E-05 9.99191E-05 0.0833942 9.99191E-05 0.0195906 9.99191E-05 9.99191E-05 9.99191E-05 9.99191E-05
0.0829974 9.9937E-05 9.9937E-05 9.9937E-05 0.690846 0.0156919 0.0501759 0.00864182 0.103689 9.9937E-05 0.0193721 0.0278854 9.9937E-05 9.9937E-05 9.9937E-05
9.9946E-05 0.0110998 0.0387393 0.00724846 0.558329 0.0228517 0.131392 9.9946E-05 9.9946E-05 9.9946E-05 0.0396914 0.0154073 9.9946E-05 9.9946E-05 0.174641
9.9928E-05 0.0205491 9.9928E-05 9.9928E-05 0.678336 9.9928E-05 0.109039 0.038385 0.124764 9.9928E-05 9.9928E-05 9.9928E-05 0.000158173 0.02797 9.9928E-05
9.9937E-05 0.0314869 9.9937E-05 9.9937E-05 0.524267 0.00659177 0.0355594 9.9937E-05 9.9937E-05 0.225914 0.00799139 9.9937E-05 9.9937E-05 0.0317691 0.135721
9.995E-05 9.995E-05 0.0270983 0.0255508 0.517188 0.0103663 0.0584425 9.995E-05 0.0193268 0.282619 0.0287653 9.995E-05 9.995E-05 0.00251523 0.0276286
9.9955E-05 0.023613 0.0120057 9.9955E-05 0.580558 9.9955E-05 0.0726728 0.0236646 9.9955E-05 0.0797104 0.00981461 0.0491434 0.00229637 9.9955E-05 0.146021
9.9928E-05 9.9928E-05 9.9928E-05 0.0318234 0.633498 9.9928E-05 0.0323969 0.0183817 0.0151696 9.9928E-05 9.9928E-05 0.0438138 9.9928E-05 9.9928E-05 0.224118
9.99279E-05 9.99279E-05 9.99279E-05 9.99279E-05 0.221811 9.99279E-05 0.203726 0.0105272 9.99279E-05 0.473656 0.0515869 0.027251 9.99279E-05 0.0106419 9.99279E-05
9.99189E-05 9.99189E-05 9.99189E-05 9.99189E-05 0.252273 0.00223723 0.169046 9.99189E-05 9.99189E-05 0.418745 9.99189E-05 9.99189E-05 0.0215356 9.99189E-05 0.135265
9.9955E-05 9.9955E-05 0.0222243 9.9955E-05 0.633607 9.9955E-05 0.105892 0.0574547 0.018717 9.9955E-05 0.0067678 0.00622251 0.0307886 0.0132695 0.104557
0.0340835 0.0293396 9.9955E-05 9.9955E-05 0.506134 0.028991 9.9955E-05 9.9955E-05 9.9955E-05 0.321265 0.0236283 0.0159232 0.0205357 0.00176887 0.0178317
9.9901E-05 9.9901E-05 9.9901E-05 9.9901E-05 0.26572 9.9901E-05 9.9901E-05 9.9901E-05 9.9901E-05 0.699977 9.9901E-05 9.9901E-05 0.0120497 0.0211545 9.9901E-05
0.0317423 0.00547611 0.0406068 9.99369E-05 0.42292 9.99369E-05 9.99369E-05 9.99369E-05 0.069132 0.31622 9.99369E-05 0.00218167 9.99369E-05 9.99369E-05 0.111022
0.0989701 9.9937E-05 9.9937E-05 0.0295002 0.559125 9.9937E-05 9.9937E-05 0.0596587 9.9937E-05 0.126069 9.9937E-05 0.0668461 0.00344294 9.9937E-05 0.0556891
9.9928E-05 0.0337209 9.9928E-05 9.9928E-05 0.768651 0.0165222 9.9928E-05 0.104131 9.9928E-05 9.9928E-05 9.9928E-05 0.0301346 0.0216085 0.0244317 9.9928E-05
9.9928E-05 9.9928E-05 9.9928E-05 9.9928E-05 0.454425 0.0230481 9.9928E-05 9.9928E-05 0.0478755 0.370196 0.0126657 0.0544243 9.9928E-05 9.9928E-05 0.0365659
9.98921E-05 9.98921E-05 9.98921E-05 9.98921E-05 9.98921E-05 0.0107076 0.974685 9.98921E-05 9.98921E-05 9.98921E-05 9.98921E-05 9.98921E-05 0.0134089 9.98921E-05 9.98921E-05
0.0124662 0.0167452 9.9919E-05 9.9919E-05 0.0383442 9.9919E-05 0.793186 9.9919E-05 9.9919E-05 9.9919E-05 0.0212232 9.9919E-05 9.9919E-05 9.9919E-05 0.117136
9.9919E-05 9.9919E-05 0.0242298 9.9919E-05 9.9919E-05 9.9919E-05 0.914615 9.9919E-05 9.9919E-05 9.9919E-05 0.0172638 9.9919E-05 0.0135834 0.000129266 0.0292796
9.9919E-05 0.00948801 9.9919E-05 9.9919E-05 9.9919E-05 0.0142193 0.930603 0.0351647 9.9919E-05 9.9919E-05 9.9919E-05 9.9919E-05 0.00811025 0.00151544 9.9919E-05
9.9901E-05 9.9901E-05 0.0165912 9.9901E-05 9.9901E-05 9.9901E-05 0.920182 0.0609876 9.9901E-05 9.9901E-05 9.9901E-05 9.9901E-05 9.9901E-05 0.00114019 9.9901E-05
0.208895 0.0295463 9.9937E-05 9.9937E-05 9.9937E-05 0.00875346 0.637698 9.9937E-05 0.0218902 0.0227892 0.00621043 0.0635175 9.9937E-05 9.9937E-05 9.9937E-05
0.028871 9.9901E-05 9.9901E-05 9.9901E-05 9.9901E-05 9.9901E-05 0.921025 9.9901E-05 0.048703 0.000302166 9.9901E-05 9.9901E-05 9.9901E-05 9.9901E-05 9.9901E-05
0.143058 9.9919E-05 0.0493383 0.0595648 9.9919E-05 9.9919E-05 0.557833 0.047331 9.9919E-05 9.9919E-05 9.9919E-05 0.141975 9.9919E-05 9.9919E-05 9.9919E-05
