0.00133271 0.998367 9.9973E-05 9.9973E-05 9.9973E-05
0.0134322 0.750618 9.9991E-05 0.0970357 0.138814
9.9982E-05 0.843135 0.0853474 0.0713174 9.9982E-05
9.999E-05 0.786908 0.0682001 0.075749 0.0690429
0.09317 0.828017 0.024954 0.0537595 9.9991E-05
9.9982E-05 0.91731 0.0386347 0.0438558 9.9982E-05
9.9973E-05 0.914174 9.9973E-05 0.0855257 9.9973E-05
9.9982E-05 0.853208 9.9982E-05 0.108473 0.0381186
9.9982E-05 0.832165 0.0314249 0.13621 9.9982E-05
0.00265974 0.840114 0.0649137 0.0922122 9.9991E-05
9.999E-05 0.766136 0.0232844 0.0976905 0.112789
9.999E-05 0.785462 0.131429 0.0163014 0.0667073
0.0479053 0.822495 0.0298564 9.9991E-05 0.0996432
9.999E-05 0.729644 0.0862722 0.129473 0.0545109
9.999E-05 0.864373 0.0406743 0.0402236 0.0546292
0.00397089 0.8963 9.9982E-05 0.0995292 9.9982E-05
9.997E-05 0.9996 9.997E-05 9.997E-05 9.997E-05
0.0300141 0.969686 9.9973E-05 9.9973E-05 9.9973E-05
0.0558802 0.94382 9.9973E-05 9.9973E-05 9.9973E-05
0.0519133 0.920039 0.0273076 9.9991E-05 0.000639773
9.997E-05 9.997E-05 0.9996 9.997E-05 9.997E-05
0.101888 9.9991E-05 0.759165 0.112896 0.0259516
0.168242 0.0583515 0.699592 0.0308943 0.0429204
0.18735 9.9973E-05 0.81235 9.9973E-05 9.9973E-05
9.9982E-05 0.0139943 0.953065 9.9982E-05 0.0327409
0.0313976 0.029755 0.894467 9.9991E-05 0.0442805
0.208555 9.9991E-05 0.731217 0.0356111 0.0245174
9.997E-05 9.997E-05 0.9996 9.997E-05 9.997E-05
9.9982E-05 9.9982E-05 0.792894 0.113987 0.0929197
0.0891625 0.0161433 0.650144 0.107334 0.137217
0.0175763 9.9991E-05 0.764839 0.13504 0.0824449
0.165512 9.9991E-05 0.758778 0.0720867 0.00352303
0.0793197 0.043217 0.751733 0.0984845 0.0272459
9.9991E-05 0.00442564 0.674486 0.148406 0.172582
9.9991E-05 0.0457429 0.635506 0.0576727 0.260978
9.9991E-05 0.0659058 0.459824 0.255286 0.218884
0.191811 9.9991E-05 0.648827 0.0289384 0.130323
0.839613 9.9991E-05 0.0461026 0.0376287 0.0765556
0.782926 9.9982E-05 9.9982E-05 0.0553441 0.16153
0.815152 0.0337659 0.0194045 0.0608895 0.0707884
0.854953 0.029552 0.0206144 0.0726959 0.0221844
0.888338 0.03421 0.0483843 9.9991E-05 0.0289682
0.899844 0.0315636 9.9991E-05 0.0316523 0.0368399
0.759105 0.0838629 0.0202367 0.136696 9.9991E-05
0.86602 0.0173333 0.058792 0.0151656 0.0426891
0.830472 0.0366628 0.0541013 0.0786643 9.9991E-05
0.927869 9.9982E-05 9.9982E-05 0.00251744 0.0694133
0.917546 0.0179449 0.00369706 0.0420863 0.0187258
0.966746 0.0329543 9.9973E-05 9.9973E-05 9.9973E-05
0.841162 0.032129 0.00570268 0.0825239 0.0384823
0.88899 0.0177034 0.0682268 9.9991E-05 0.0249799
0.917085 9.9982E-05 0.0538602 0.0288549 9.9982E-05
0.94993 0.0131732 9.9982E-05 9.9982E-05 0.0366971
0.897691 0.090623 0.00351026 9.9991E-05 0.00807617
0.85209 0.0298164 9.9991E-05 0.0554729 0.0625207
0.772775 0.0331705 0.0709601 0.0741322 0.0489619
0.780954 0.0759106 0.0726126 0.0704231 9.9991E-05
0.22641 0.0493535 0.0591139 0.0652986 0.599824
9.9991E-05 0.0573188 0.0332439 0.0253096 0.884028
0.11801 0.0372343 0.0394898 0.0502445 0.755021
0.127928 0.0490038 0.0421634 9.9991E-05 0.780805
0.00398249 9.9991E-05 0.0445061 0.0607341 0.890677
0.14748 0.0570716 0.0520184 0.00791676 0.735514
0.0281858 0.0364934 0.0613128 0.0146794 0.859329
9.9982E-05 9.9982E-05 0.0457087 0.0452016 0.90889
0.0535508 0.117156 0.0161726 0.118322 0.694798
0.117325 0.061677 0.165852 0.000651019 0.654495
0.0509715 0.0174874 0.0965615 0.0269833 0.807996
0.00111725 9.9982E-05 0.151916 9.9982E-05 0.846767
9.9991E-05 0.0506962 0.103258 0.0487768 0.797169
0.101355 0.0362318 0.0282675 9.9991E-05 0.834046
0.108492 0.00533723 0.0255412 0.0250999 0.83553
0.0453113 9.9982E-05 0.138586 9.9982E-05 0.815903
0.0255794 0.0246823 0.119389 0.157075 0.673275
0.369573 9.9982E-05 0.141 9.9982E-05 0.489227
0.280713 0.0885537 0.0538336 0.0388978 0.538002
0.495657 0.105464 9.9982E-05 9.9982E-05 0.398679
0.123989 0.0323701 0.00117297 9.9991E-05 0.842368
0.182785 0.0805438 0.111577 0.0487762 0.576318
0.217385 9.9982E-05 9.9982E-05 0.0250669 0.757348
0.191537 0.0586246 0.0942759 0.00642956 0.649133
0.0575913 0.0900323 0.0933775 9.9991E-05 0.758899
0.128443 0.092637 9.9982E-05 9.9982E-05 0.77872
0.241182 0.056772 0.0309479 0.295442 0.375657
0.187294 0.00333324 9.9991E-05 0.661864 0.147409
0.115605 0.0395131 0.0919623 0.233162 0.519757
0.182296 0.0522509 0.0310756 0.0356017 0.698775
0.149265 0.0112397 0.0490092 0.134262 0.656224
0.125624 0.0175057 0.0123743 0.106188 0.738308
9.9982E-05 0.0231596 0.0782628 9.9982E-05 0.898378
0.171846 9.9982E-05 0.0956513 9.9982E-05 0.732303
0.133133 9.9991E-05 0.0198221 0.066406 0.780539
9.9991E-05 0.103071 0.120046 0.195837 0.580946
0.0854983 0.0751792 0.138692 0.113071 0.587559
9.9991E-05 0.0504201 0.0828406 0.179532 0.687107
9.9991E-05 0.099966 0.0812767 0.151725 0.666932
0.0395074 0.0685216 0.0193204 0.201076 0.671574
0.178046 0.0763969 9.9982E-05 9.9982E-05 0.745357
0.0974963 0.0326979 0.107105 9.9991E-05 0.762601
0.149675 0.0374457 9.9991E-05 0.0250547 0.787725
9.9991E-05 0.062859 0.077826 0.107766 0.75145
0.040642 0.0448943 9.9991E-05 0.152658 0.761705
0.0356027 0.0199999 0.0910977 0.0262332 0.827067
9.9982E-05 0.00796535 9.9982E-05 0.00227314 0.989562
0.0140438 0.0709796 0.029851 0.140335 0.744791
0.120338 0.0386656 0.0576939 9.9991E-05 0.783203
0.0307718 0.0868011 9.9991E-05 0.159724 0.722603
0.227828 0.039483 9.9991E-05 0.023251 0.709338
0.12151 0.0182861 0.0387879 0.0278661 0.79355
0.105299 0.0763417 0.122726 9.9991E-05 0.695533
0.157477 9.9973E-05 9.9973E-05 9.9973E-05 0.842223
9.997E-05 9.997E-05 9.997E-05 9.997E-05 0.9996
0.196477 9.9973E-05 9.9973E-05 9.9973E-05 0.803223
9.9991E-05 0.0212835 0.0151995 0.144948 0.818469
0.0474237 0.0385046 0.137554 0.0936569 0.682861
0.028504 0.0539342 0.0899194 0.0667717 0.760871
0.0949763 0.0683914 0.0448214 9.9991E-05 0.791711
0.157795 0.0130217 0.111897 9.9991E-05 0.717187
0.00494203 0.0654743 0.0144426 0.0869239 0.828217
0.0959654 0.103946 0.0160359 0.094671 0.689382
9.9982E-05 9.9982E-05 0.188625 0.205884 0.605292
0.0236334 9.9991E-05 0.149687 0.203783 0.622797
0.0308646 0.0230205 0.268801 0.131859 0.545455
9.9991E-05 0.0483259 0.211451 0.18511 0.555012
0.0290102 0.0173276 0.209885 0.226403 0.517375
9.9982E-05 9.9982E-05 0.25611 0.233068 0.510622
0.0832698 0.046432 0.241917 0.165259 0.463122
9.9991E-05 0.103573 0.242855 0.110681 0.542791
0.156935 0.0203414 0.224467 0.177526 0.42073
0.113078 0.0086885 0.219432 0.144512 0.514289
0.0730878 9.9991E-05 0.291917 0.10017 0.534725
0.0429768 0.0293792 0.055832 0.840265 0.031547
0.0658932 0.02103 0.0595227 0.822886 0.0306679
0.0861069 0.0402943 0.0961237 0.764855 0.0126198
0.165192 0.0427051 0.0272748 0.764728 9.9991E-05
0.108742 0.0607734 0.027805 0.790049 0.012631
9.9991E-05 0.047107 0.0693304 0.805489 0.0779739
0.126594 0.00896473 0.0715688 0.792772 9.9991E-05
0.00852462 9.9991E-05 0.0502265 0.867602 0.0735472
0.0926873 0.0573096 0.075029 0.5952 0.179774
0.181398 0.00276274 0.0403273 0.775412 9.9991E-05
0.0822259 0.032741 0.0744656 0.810467 9.9991E-05
0.137117 0.0613167 0.00567015 0.795797 9.9991E-05
0.14227 0.0300605 0.0130954 0.723695 0.0908787
0.153498 0.0317371 9.9991E-05 0.62483 0.189835
9.9991E-05 0.118933 0.0750061 0.742216 0.063745
0.0774739 0.100455 9.9991E-05 0.775048 0.0469239
0.0902481 0.00504747 0.0173327 0.857632 0.0297398
0.072502 0.0563335 9.9991E-05 0.823914 0.0471503
0.043406 0.0546148 0.100827 0.801052 9.9991E-05
0.0823274 0.0151107 0.0481662 0.805506 0.0488895
0.00797001 0.0677896 0.0852703 0.725541 0.113429
0.164614 9.9991E-05 0.0953898 0.734813 0.00508315
9.9982E-05 0.0159895 9.9982E-05 0.885514 0.0982967
9.9982E-05 0.0611115 9.9982E-05 0.852454 0.0862349
9.9991E-05 0.0641133 0.0913263 0.743387 0.101073
9.9991E-05 0.0389049 0.0902834 0.786652 0.0840601
0.0994611 0.0451965 0.0608968 0.794346 9.9991E-05
0.110829 0.0753492 9.9991E-05 0.735474 0.0782482
0.100654 0.0640125 0.0916704 0.684025 0.0596382
0.119304 9.9991E-05 0.0761963 0.78165 0.0227492
0.14358 9.9973E-05 9.9973E-05 0.85612 9.9973E-05
0.190807 0.0468292 0.0772378 0.659414 0.0257117
0.105337 9.9991E-05 0.113258 0.748512 0.0327928
9.9991E-05 0.00702198 0.0770914 0.844332 0.0714547
9.9991E-05 0.061387 0.0592029 0.843738 0.0355725
0.6803 0.0786964 0.0620644 0.178839 9.9991E-05
0.615321 0.0796991 0.114354 0.181632 0.00899374
0.603952 0.115208 0.0399322 0.193483 0.0474243
0.571386 0.112465 0.0245414 0.219599 0.0720086
0.642771 0.11268 0.056762 0.126788 0.0609994
0.780264 9.9982E-05 0.118942 0.100594 9.9982E-05
0.863442 9.9982E-05 0.0560383 0.08032 9.9982E-05
0.607762 0.120678 0.212752 0.0587081 9.9991E-05
