9.99731E-05 0.212083 0.0986357 0.0608432 9.99731E-05 0.628138 9.99731E-05
0.158299 9.9964E-05 9.9964E-05 0.0576071 9.9964E-05 0.783694 9.9964E-05
9.996E-05 0.691974 9.996E-05 0.0197048 9.996E-05 0.287921 9.996E-05
0.911842 9.99551E-05 9.99551E-05 9.99551E-05 0.0876585 9.99551E-05 9.99551E-05
0.00333612 0.134737 0.803418 9.9973E-05 9.9973E-05 9.9973E-05 0.0582093
9.996E-05 0.151298 9.996E-05 0.0110309 0.837271 9.996E-05 9.996E-05
0.174855 0.0857329 9.9973E-05 0.0448367 9.9973E-05 9.9973E-05 0.694276
0.0859297 0.0566674 9.99731E-05 0.0109428 9.99731E-05 0.84616 9.99731E-05
9.99551E-05 9.99551E-05 9.99551E-05 0.537434 0.462066 9.99551E-05 9.99551E-05
9.9955E-05 9.9955E-05 0.204044 9.9955E-05 9.9955E-05 9.9955E-05 0.795456
9.995E-05 9.995E-05 9.995E-05 9.995E-05 9.995E-05 9.995E-05 0.9994
9.9955E-05 9.9955E-05 9.9955E-05 9.9955E-05 0.134293 0.865207 9.9955E-05
0.0168313 0.109795 0.529612 0.0641901 0.059755 9.9991E-05 0.219717
0.407814 0.174469 0.0656272 9.99731E-05 9.99731E-05 9.99731E-05 0.35179
9.99551E-05 9.99551E-05 0.934755 9.99551E-05 9.99551E-05 9.99551E-05 0.0647448
9.99551E-05 0.0851115 9.99551E-05 0.914389 9.99551E-05 9.99551E-05 9.99551E-05
0.113084 9.99731E-05 9.99731E-05 9.99731E-05 0.00198142 0.817215 0.0674196
9.997E-05 0.045931 9.997E-05 0.364083 0.210281 9.997E-05 0.379404
9.995E-05 9.995E-05 9.995E-05 9.995E-05 0.9994 9.995E-05 9.995E-05
0.0688933 9.99641E-05 0.115152 0.815555 9.99641E-05 9.99641E-05 9.99641E-05
0.104375 9.99551E-05 9.99551E-05 0.895125 9.99551E-05 9.99551E-05 9.99551E-05
9.9982E-05 9.9982E-05 0.0253871 0.44053 0.290913 0.171106 0.0718636
9.9964E-05 9.9964E-05 0.142898 0.756691 9.9964E-05 9.9964E-05 0.100011
0.802569 0.0381839 9.9964E-05 0.158848 9.9964E-05 9.9964E-05 9.9964E-05
9.99551E-05 0.975413 9.99551E-05 9.99551E-05 0.0240875 9.99551E-05 9.99551E-05
9.9955E-05 9.9955E-05 0.946436 0.0530644 9.9955E-05 9.9955E-05 9.9955E-05
0.9994 9.995E-05 9.995E-05 9.995E-05 9.995E-05 9.995E-05 9.995E-05
0.204696 9.99641E-05 0.356656 9.99641E-05 0.438248 9.99641E-05 9.99641E-05
9.99552E-05 9.99552E-05 9.99552E-05 0.0424931 9.99552E-05 0.957007 9.99552E-05
0.0782033 9.99642E-05 9.99642E-05 9.99642E-05 0.601275 0.320122 9.99642E-05
9.9955E-05 0.562552 9.9955E-05 9.9955E-05 9.9955E-05 9.9955E-05 0.436949
9.995E-05 0.9994 9.995E-05 9.995E-05 9.995E-05 9.995E-05 9.995E-05
0.0324852 0.00524433 0.0876507 9.9973E-05 9.9973E-05 9.9973E-05 0.87432
9.99641E-05 0.0958214 9.99641E-05 0.0156981 0.888081 9.99641E-05 9.99641E-05
0.703017 9.9964E-05 9.9964E-05 9.9964E-05 0.058301 0.238282 9.9964E-05
9.9964E-05 9.9964E-05 9.9964E-05 0.961507 0.0162259 0.021867 9.9964E-05
9.99551E-05 9.99551E-05 9.99551E-05 0.286819 0.712682 9.99551E-05 9.99551E-05
9.996E-05 9.996E-05 9.996E-05 0.0439128 0.856923 9.996E-05 0.0987644
9.998E-05 0.381594 9.998E-05 0.0611675 0.0854957 0.0282892 0.443254
0.0679138 9.99641E-05 0.0765034 9.99641E-05 0.855183 9.99641E-05 9.99641E-05
9.9955E-05 9.9955E-05 9.9955E-05 9.9955E-05 0.787537 0.211963 9.9955E-05
9.99551E-05 9.99551E-05 9.99551E-05 9.99551E-05 0.155616 0.843885 9.99551E-05
9.99552E-05 9.99552E-05 0.31673 0.68277 9.99552E-05 9.99552E-05 9.99552E-05
9.995E-05 0.9994 9.995E-05 9.995E-05 9.995E-05 9.995E-05 9.995E-05
9.995E-05 9.995E-05 0.9994 9.995E-05 9.995E-05 9.995E-05 9.995E-05
0.0197791 9.99641E-05 9.99641E-05 9.99641E-05 9.99641E-05 0.932431 0.0473898
9.9955E-05 9.9955E-05 9.9955E-05 0.906587 0.0929131 9.9955E-05 9.9955E-05
9.99552E-05 9.99552E-05 9.99552E-05 0.172196 0.827304 9.99552E-05 9.99552E-05
9.99641E-05 9.99641E-05 0.792005 0.143854 9.99641E-05 0.0637415 9.99641E-05
9.99641E-05 9.99641E-05 9.99641E-05 0.781372 0.185592 9.99641E-05 0.0326357
