9.9955E-05 9.9955E-05 9.9955E-05 0.0673242 9.9955E-05 0.00964311 9.9955E-05 0.000205299 0.00316505 0.919163
9.9946E-05 9.9946E-05 0.0248787 0.276203 9.9946E-05 9.9946E-05 9.9946E-05 9.9946E-05 0.0113723 0.686946
9.9955E-05 9.9955E-05 0.0016925 0.160098 9.9955E-05 0.011884 0.0579358 9.9955E-05 9.9955E-05 0.76789
9.9982E-05 0.00416543 0.0549394 0.0587754 0.0648962 0.00251832 0.0354019 9.9982E-05 0.00498381 0.77412
0.0195423 0.0131008 0.0271393 0.00217737 0.105828 0.00378456 9.9991E-05 0.0111994 0.0162264 0.800902
9.9955E-05 0.0349345 0.0507638 9.9955E-05 9.9955E-05 9.9955E-05 9.9955E-05 0.00209933 0.0262599 0.885443
0.0294495 0.0117368 0.0762609 9.9946E-05 9.9946E-05 9.9946E-05 9.9946E-05 9.9946E-05 9.9946E-05 0.881953
0.0452907 0.0031237 0.0362536 9.9982E-05 0.0071549 0.00475297 9.9982E-05 0.0210349 0.0194455 0.862744
9.9946E-05 9.9946E-05 0.0985128 9.9946E-05 0.102811 0.0190222 9.9946E-05 9.9946E-05 9.9946E-05 0.779054
9.9955E-05 0.034419 0.0407968 0.0283678 9.9955E-05 9.9955E-05 0.0638303 9.9955E-05 9.9955E-05 0.832086
9.9946E-05 9.9946E-05 0.0848338 0.200483 9.9946E-05 9.9946E-05 9.9946E-05 9.9946E-05 0.00818403 0.7059
9.9964E-05 9.9964E-05 9.9964E-05 0.1906 9.9964E-05 0.0140534 0.0553938 0.025975 0.00879941 0.704779
0.127697 0.02418 9.9955E-05 9.9955E-05 0.0472505 9.9955E-05 0.0225939 9.9955E-05 9.9955E-05 0.777779
9.9973E-05 0.00590962 0.119665 0.0957773 0.0851208 0.00633843 0.00428573 9.9973E-05 9.9973E-05 0.682603
9.9964E-05 9.9964E-05 0.0318901 0.0783666 0.017163 0.0417558 0.0211857 9.9964E-05 9.9964E-05 0.809239
0.104787 9.9937E-05 0.03323 9.9937E-05 9.9937E-05 9.9937E-05 9.9937E-05 9.9937E-05 9.9937E-05 0.861283
0.0295141 0.0112476 9.9946E-05 9.9946E-05 9.9946E-05 9.9946E-05 9.9946E-05 9.9946E-05 0.031215 0.927424
0.0473089 9.9946E-05 9.9946E-05 9.9946E-05 9.9946E-05 0.00599821 9.9946E-05 9.9946E-05 0.00816159 0.937932
0.0548142 9.9946E-05 9.9946E-05 9.9946E-05 9.9946E-05 0.022484 9.9946E-05 0.00493438 9.9946E-05 0.917168
0.0181739 0.0271174 9.9964E-05 0.0118034 9.9964E-05 9.9964E-05 0.0273519 9.9964E-05 0.0354857 0.879668
9.99201E-05 9.99201E-05 9.99201E-05 9.99201E-05 9.99201E-05 9.99201E-05 0.999101 9.99201E-05 9.99201E-05 9.99201E-05
9.9955E-05 9.9955E-05 0.0190178 0.217163 9.9955E-05 0.0069338 0.677051 0.079334 9.9955E-05 9.9955E-05
9.9964E-05 0.0144829 9.9964E-05 0.0639286 0.183081 9.9964E-05 0.607431 0.088903 9.9964E-05 0.0417738
9.9964E-05 0.00477438 0.00175466 9.9964E-05 0.123317 9.9964E-05 0.709183 0.127213 0.0333586 9.9964E-05
0.00120263 0.0105454 9.9964E-05 0.0398838 0.11384 9.9964E-05 0.828841 9.9964E-05 9.9964E-05 0.00528682
9.9955E-05 9.9955E-05 9.9955E-05 9.9955E-05 0.233825 0.0165613 0.72039 9.9955E-05 0.0093427 0.0193808
0.084659 9.9964E-05 0.014391 9.9964E-05 0.133097 0.0203952 0.652644 0.0944142 9.9964E-05 9.9964E-05
9.99201E-05 9.99201E-05 9.99201E-05 9.99201E-05 9.99201E-05 9.99201E-05 0.999101 9.99201E-05 9.99201E-05 9.99201E-05
9.9964E-05 0.0122614 0.0271442 0.129452 0.190587 9.9964E-05 0.631934 0.00822179 9.9964E-05 9.9964E-05
0.16828 0.0115379 0.0596283 0.0453911 0.117265 9.9973E-05 0.52243 0.0751672 9.9973E-05 9.9973E-05
9.9964E-05 9.9964E-05 0.106749 0.0973799 0.145364 0.00918991 0.629483 9.9964E-05 0.0114341 9.9964E-05
0.0408497 9.9964E-05 0.00832388 9.9964E-05 0.174449 9.9964E-05 0.645313 0.109083 0.0215812 9.9964E-05
0.015606 0.00461587 0.0747351 9.9973E-05 0.249499 9.9973E-05 0.575075 0.0381083 9.9973E-05 0.0420608
0.133435 0.00386581 0.10284 0.0939552 9.9964E-05 0.038055 0.62745 9.9964E-05 9.9964E-05 9.9964E-05
0.0318794 0.0243105 0.0758604 0.187155 0.146712 0.0278118 0.49245 0.0110224 0.00269915 9.9991E-05
9.99549E-05 9.99549E-05 0.140961 0.383312 9.99549E-05 0.0604831 0.410067 9.99549E-05 0.0046768 9.99549E-05
0.195987 9.9964E-05 0.000304265 9.9964E-05 9.9964E-05 0.041617 0.606111 0.151353 0.00422775 9.9964E-05
0.0393891 9.9964E-05 9.9964E-05 0.107906 0.110182 9.9964E-05 0.0118262 0.715416 0.0148804 9.9964E-05
0.144619 9.9964E-05 0.00854653 0.138266 0.0763372 9.9964E-05 9.9964E-05 0.629099 0.00273224 9.9964E-05
0.160214 9.9982E-05 0.0163937 9.9982E-05 0.0619408 0.0181748 0.00110642 0.720995 0.00339732 0.0175782
0.232406 9.9955E-05 0.0704024 9.9955E-05 9.9955E-05 0.0116222 9.9955E-05 0.681059 0.00401055 9.9955E-05
0.0914986 0.0137864 9.9982E-05 0.0242418 9.9982E-05 0.0686903 0.041754 0.728865 0.00961665 0.0213476
0.120463 0.0172776 9.9946E-05 9.9946E-05 0.073987 9.9946E-05 9.9946E-05 0.787673 9.9946E-05 9.9946E-05
0.0466236 0.013828 0.103762 0.0891499 0.0250791 0.0301406 9.9991E-05 0.625062 0.00999157 0.0562623
0.251406 0.00520743 0.0140527 9.9955E-05 9.9955E-05 9.9955E-05 0.0228828 0.705951 9.9955E-05 9.9955E-05
0.00831385 0.0255533 9.9955E-05 9.9955E-05 0.156178 9.9955E-05 9.9955E-05 0.76232 9.9955E-05 0.0471343
0.18668 0.0170168 0.0015823 9.9955E-05 9.9955E-05 9.9955E-05 9.9955E-05 0.769239 0.0249816 9.9955E-05
0.146412 0.00271353 0.0258089 0.00893568 0.00716194 0.0197869 9.9973E-05 0.788882 9.9973E-05 9.9973E-05
0.00563161 0.0119923 9.9973E-05 9.9973E-05 9.9973E-05 0.051551 0.0234382 0.839358 0.0424323 0.0252963
0.0930953 0.00515652 0.0644071 0.0670679 9.9982E-05 0.050238 0.00238109 0.716418 9.9982E-05 0.00103597
9.9964E-05 0.000124339 9.9964E-05 0.092892 0.0661376 0.0219693 9.9964E-05 0.771006 0.0474714 9.9964E-05
0.0844873 9.9964E-05 0.00872857 9.9964E-05 9.9964E-05 0.0424885 0.0253272 0.815136 0.0234326 9.9964E-05
0.162703 0.0619513 9.9946E-05 9.9946E-05 9.9946E-05 9.9946E-05 9.9946E-05 0.769492 9.9946E-05 0.00525333
0.106949 9.9964E-05 9.9964E-05 0.0729839 9.9964E-05 0.0136246 9.9964E-05 0.721914 0.0173012 0.0668279
0.19929 0.031691 0.0354803 9.9964E-05 9.9964E-05 9.9964E-05 9.9964E-05 0.691157 0.0151253 0.0268566
0.0742821 9.9982E-05 0.0866829 0.107697 0.0738193 0.0122959 9.9982E-05 0.625282 0.0160607 0.00368066
0.0977574 0.0484215 0.00904394 9.9982E-05 9.9982E-05 0.0135497 0.0592034 0.715662 0.000815706 0.0553468
0.198735 9.9973E-05 9.9973E-05 0.467348 0.137074 0.042891 0.00496325 0.141972 0.00671587 9.9973E-05
9.99201E-05 9.99201E-05 9.99201E-05 9.99201E-05 9.99201E-05 0.999101 9.99201E-05 9.99201E-05 9.99201E-05 9.99201E-05
0.385672 0.0499013 0.00329979 0.45685 0.0893383 9.9982E-05 0.00783272 0.00436431 0.00254083 9.9982E-05
0.244197 0.0245347 9.9973E-05 0.511826 0.176672 0.0217898 9.9973E-05 0.0170591 0.00362135 9.9973E-05
0.327262 9.9955E-05 9.9955E-05 0.350442 0.2375 0.0682342 9.9955E-05 9.9955E-05 0.0160622 9.9955E-05
0.530263 0.0197215 9.9991E-05 0.274591 0.0686163 0.0224085 0.00402507 0.0260249 0.0297708 0.0244791
0.999101 9.99201E-05 9.99201E-05 9.99201E-05 9.99201E-05 9.99201E-05 9.99201E-05 9.99201E-05 9.99201E-05 9.99201E-05
9.99201E-05 9.99201E-05 9.99201E-05 9.99201E-05 9.99201E-05 0.999101 9.99201E-05 9.99201E-05 9.99201E-05 9.99201E-05
0.325302 0.00862651 0.0897942 0.434777 0.0127275 0.0487256 9.9982E-05 9.9982E-05 0.0270354 0.0528125
0.655229 0.0147707 0.0240059 0.0164279 0.0471693 0.0278773 0.135388 9.9991E-05 0.0168084 0.0622235
0.544905 0.0413637 9.9973E-05 0.129814 0.222583 0.0322658 9.9973E-05 0.00384511 0.0249236 9.9973E-05
0.519419 0.0383831 9.9973E-05 0.121735 0.222269 0.043501 0.0273941 9.9973E-05 0.0269991 9.9973E-05
0.392502 0.0582891 0.0344634 0.252161 0.0612985 0.123838 0.0487544 9.9991E-05 0.0205293 0.0080647
0.584955 0.0165839 9.9973E-05 0.127847 0.180487 0.0619326 9.9973E-05 9.9973E-05 0.00708631 0.0208085
0.616985 0.00216355 9.9973E-05 0.158412 0.157372 0.0298001 9.9973E-05 0.0300927 0.00487406 9.9973E-05
0.402835 0.00978801 9.9973E-05 0.32077 0.127567 0.0982644 0.0371081 9.9973E-05 0.00336728 9.9973E-05
0.0707402 9.9973E-05 9.9973E-05 0.464305 0.318831 0.0672895 0.0205055 0.0183425 0.0396865 9.9973E-05
0.331602 9.9964E-05 9.9964E-05 9.9964E-05 0.329202 0.035159 0.0195378 0.229526 0.054573 9.9964E-05
0.481428 0.00844112 9.9991E-05 0.0731673 0.10251 0.0496216 0.00664296 0.203875 0.00601597 0.0681981
0.233103 9.9964E-05 9.9964E-05 0.198869 9.9964E-05 0.0839294 9.9964E-05 0.419883 0.0157176 0.0480979
0.999101 9.99201E-05 9.99201E-05 9.99201E-05 9.99201E-05 9.99201E-05 9.99201E-05 9.99201E-05 9.99201E-05 9.99201E-05
0.235264 0.06671 9.9991E-05 0.189159 0.0677603 0.0878699 0.0829986 0.16584 0.0689069 0.0353912
0.6192 0.0293323 0.00318526 0.168362 0.0258833 0.0466536 9.9982E-05 0.076771 0.0304118 9.9982E-05
0.382769 0.0203727 9.9991E-05 0.0302851 0.325093 0.0413547 0.0122555 0.0843157 0.0612054 0.0422488
0.286364 0.0303618 9.9991E-05 0.435795 0.119505 0.0437247 0.0212197 0.0211623 0.0204743 0.0212938
0.623612 0.0367664 9.9964E-05 0.237368 9.9964E-05 0.0247763 9.9964E-05 0.0126235 9.9964E-05 0.0644547
0.118454 0.0641539 0.14424 0.34425 9.9982E-05 0.0103474 0.0354759 0.261897 0.020982 9.9982E-05
0.0412525 9.9964E-05 0.53862 0.203554 9.9964E-05 0.0236843 9.9964E-05 0.15241 0.0400802 9.9964E-05
0.163723 9.99876E-05 0.12368 0.220565 0.241157 0.0763144 0.0252047 0.118307 0.030849 9.99876E-05
0.529235 0.0270636 0.0310396 0.0262437 0.271936 0.0235336 9.9991E-05 0.028809 0.0221843 0.0398545
0.308262 9.9973E-05 0.104821 9.9973E-05 0.468746 0.0404835 9.9973E-05 0.000870912 0.0673225 0.00919364
0.409527 0.0460823 0.0339505 0.221862 0.224536 0.0422757 9.9973E-05 9.9973E-05 9.9973E-05 0.021467
9.99279E-05 0.235905 9.99279E-05 0.763295 9.99279E-05 9.99279E-05 9.99279E-05 9.99279E-05 9.99279E-05 9.99279E-05
0.487342 0.0211234 9.9973E-05 0.201122 0.16027 0.0145198 9.9973E-05 0.0957772 0.0195455 9.9973E-05
0.689553 9.9964E-05 0.0368881 0.138605 0.0824917 9.9964E-05 9.9964E-05 0.025551 0.0265121 9.9964E-05
9.9955E-05 9.9955E-05 0.0795642 0.898795 9.9955E-05 0.00424205 9.9955E-05 9.9955E-05 0.00863406 0.0082653
0.0443599 0.0177404 9.9982E-05 0.719579 0.0603052 9.9982E-05 0.0709513 0.00447576 0.0505659 0.0318225
0.236098 0.00319841 0.0797984 0.652797 0.00670656 9.9964E-05 9.9964E-05 9.9964E-05 0.0210019 9.9964E-05
0.258048 0.00170864 0.0141602 0.50445 0.0674424 0.061021 0.0460873 9.9982E-05 9.9982E-05 0.0468828
0.0382727 0.0123583 0.0820516 0.475174 0.192849 0.0149545 0.0115224 0.0874224 0.0852951 9.9991E-05
0.381465 0.00694741 9.9982E-05 0.320124 0.0663602 0.0257791 9.9982E-05 0.114747 0.0541831 0.030194
0.415966 0.0168482 9.9964E-05 0.214904 0.29544 0.0123651 9.9964E-05 9.9964E-05 0.0440778 9.9964E-05
0.312283 0.0411419 9.997E-05 0.341706 0.0910302 0.0931168 9.997E-05 0.0510444 0.0693773 9.997E-05
0.322164 0.0131226 0.0203268 0.48098 0.129461 9.9973E-05 0.0288019 9.9973E-05 9.9973E-05 0.00484361
0.42613 0.0834778 0.0990055 0.251735 0.0282685 0.0864032 9.9973E-05 9.9973E-05 0.0246804 9.9973E-05
0.557735 9.9946E-05 9.9946E-05 0.330585 0.10357 0.00750995 9.9946E-05 9.9946E-05 9.9946E-05 9.9946E-05
9.99201E-05 0.999101 9.99201E-05 9.99201E-05 9.99201E-05 9.99201E-05 9.99201E-05 9.99201E-05 9.99201E-05 9.99201E-05
0.191963 0.0422613 0.0225123 0.436767 0.12273 0.0591447 0.0162081 0.0280325 0.0394736 0.0409074
0.578592 0.0174473 9.9937E-05 0.403261 9.9937E-05 9.9937E-05 9.9937E-05 9.9937E-05 9.9937E-05 9.9937E-05
0.454725 0.0308893 0.038249 0.374725 0.0725879 0.00613929 9.9973E-05 9.9973E-05 9.9973E-05 0.0223845
0.495847 0.0105719 0.00403209 0.306256 0.0238121 0.0233094 9.9982E-05 0.133646 0.002325 9.9982E-05
0.226071 9.9955E-05 9.9955E-05 0.519002 0.195164 0.00692874 9.9955E-05 9.9955E-05 0.0523341 9.9955E-05
0.259855 9.99753E-05 9.99753E-05 0.400042 0.269277 9.99753E-05 0.0210119 0.00700433 0.034861 0.00764909
9.99201E-05 9.99201E-05 9.99201E-05 9.99201E-05 9.99201E-05 9.99201E-05 9.99201E-05 9.99201E-05 0.999101 9.99201E-05
9.99201E-05 0.999101 9.99201E-05 9.99201E-05 9.99201E-05 9.99201E-05 9.99201E-05 9.99201E-05 9.99201E-05 9.99201E-05
9.99201E-05 9.99201E-05 9.99201E-05 9.99201E-05 9.99201E-05 9.99201E-05 9.99201E-05 9.99201E-05 0.999101 9.99201E-05
0.07918 0.0220135 9.9955E-05 0.839733 9.9955E-05 0.0503356 9.9955E-05 9.9955E-05 0.00823772 9.9955E-05
0.180346 0.045923 0.0129404 0.563813 9.9973E-05 0.0450933 0.0953329 9.9973E-05 0.0562517 9.9973E-05
0.154365 0.0482132 9.9982E-05 0.528989 0.140269 0.0700298 0.031222 9.9982E-05 0.0226096 0.00410185
0.573225 0.00821227 9.9964E-05 0.315169 9.9964E-05 0.0265072 9.9964E-05 9.9964E-05 0.0351598 0.0413265
0.764353 0.0172757 9.9973E-05 9.9973E-05 0.0964564 0.0382513 0.0267894 0.0381097 9.9973E-05 0.018465
9.99279E-05 0.146335 9.99279E-05 0.852866 9.99279E-05 9.99279E-05 9.99279E-05 9.99279E-05 9.99279E-05 9.99279E-05
0.248414 0.0513288 0.0236452 0.503706 0.00532362 0.0249684 9.9991E-05 0.0648268 0.0298443 0.0478432
9.9946E-05 9.9946E-05 0.0119654 0.13624 0.7791 0.0720947 9.9946E-05 9.9946E-05 9.9946E-05 9.9946E-05
9.99471E-05 0.028034 9.99471E-05 9.99471E-05 0.939859 0.000280742 9.99471E-05 9.99471E-05 0.0312262 9.99471E-05
9.9955E-05 0.030803 9.9955E-05 9.9955E-05 0.87778 0.00403568 0.0473849 9.9955E-05 0.0394962 9.9955E-05
9.9964E-05 9.9964E-05 9.9964E-05 0.216968 0.758987 0.00112737 0.00183353 9.9964E-05 0.000553188 0.0201308
0.0491719 0.0326831 0.0432526 0.0826297 0.694091 9.9982E-05 0.0388625 9.9982E-05 0.0434201 0.0156895
0.0367778 0.0135732 0.0682633 9.9964E-05 0.839417 0.0179635 0.0236052 9.9964E-05 9.9964E-05 9.9964E-05
9.99479E-05 0.00548361 0.00189706 9.99479E-05 0.964643 9.99479E-05 9.99479E-05 9.99479E-05 9.99479E-05 0.0273762
9.9955E-05 0.0127333 9.9955E-05 0.104112 0.812175 9.9955E-05 0.0100384 9.9955E-05 9.9955E-05 0.0604412
9.9946E-05 0.0155223 9.9946E-05 9.9946E-05 0.876719 9.9946E-05 9.9946E-05 0.0883784 0.0187802 9.9946E-05
0.0517467 0.0306424 0.00853121 0.0278764 0.74789 0.0349478 0.0341678 0.0386668 0.0254306 9.9991E-05
0.0128282 0.0147708 9.9982E-05 0.0605355 0.76504 0.0217698 0.0628114 0.0451259 0.016918 9.9982E-05
0.044006 0.0211426 0.772075 9.9991E-05 0.0504168 0.0169616 0.0645167 0.0116805 0.0122573 0.00684379
9.9973E-05 0.0392945 0.673982 9.9973E-05 0.163478 0.0135743 0.0221044 0.041974 9.9973E-05 0.045293
0.0317393 0.0153108 0.681238 0.068891 9.9991E-05 0.0271013 0.0566497 0.0794134 0.0246896 0.0148668
9.9973E-05 9.9973E-05 0.710066 0.016319 9.9973E-05 0.0185479 0.0148136 0.14137 0.0484483 0.050135
0.0734912 0.0038609 0.631646 0.118584 9.9973E-05 9.9973E-05 0.0242177 0.146365 9.9973E-05 0.00153497
9.9973E-05 0.0163193 0.710633 0.105081 0.114602 0.014912 9.9973E-05 9.9973E-05 0.0116425 0.0265102
0.0186253 0.0841657 0.714142 9.9964E-05 0.0690561 9.9964E-05 0.0238503 0.0897611 9.9964E-05 9.9964E-05
0.124042 0.0379877 0.772399 9.9955E-05 0.0309696 9.9955E-05 0.0341013 9.9955E-05 9.9955E-05 9.9955E-05
9.9982E-05 0.00776858 0.532335 0.245242 9.9982E-05 0.0283526 0.00489014 0.0548297 0.0978712 0.0285109
9.9946E-05 0.00288795 0.607592 9.9946E-05 0.222683 9.9946E-05 9.9946E-05 0.166237 9.9946E-05 9.9946E-05
0.00510396 9.9973E-05 0.725887 9.9973E-05 0.0868204 0.0361119 9.9973E-05 0.11422 0.00970128 0.0218548
9.9973E-05 9.9973E-05 0.681128 0.0312452 9.9973E-05 0.0363974 0.0373201 0.156946 0.00194831 0.0547157
9.9973E-05 9.9973E-05 0.59808 0.167952 0.0130283 0.0386522 0.0522992 0.103902 0.025787 9.9973E-05
9.9955E-05 9.9955E-05 0.533669 0.306241 0.0551137 9.9955E-05 9.9955E-05 0.0824029 0.0220735 9.9955E-05
9.9964E-05 9.9964E-05 0.65002 0.143036 9.9964E-05 0.0548494 0.0729119 9.9964E-05 0.025359 0.0534232
9.9946E-05 9.9946E-05 0.670609 0.22302 9.9946E-05 0.0351163 9.9946E-05 9.9946E-05 9.9946E-05 0.0706548
9.9964E-05 0.00476398 0.773789 9.9964E-05 0.0850718 0.0440656 9.9964E-05 0.0594889 0.0324207 9.9964E-05
0.0135362 9.9982E-05 0.718227 0.0632409 0.0410108 0.0160473 9.9982E-05 0.0513469 0.0293019 0.0670887
0.0293464 0.0203798 0.780506 9.9973E-05 9.9973E-05 9.9973E-05 0.0214706 0.0608327 0.0326307 0.0545335
0.0444999 9.9964E-05 0.679777 0.199533 9.9964E-05 0.000760795 0.0367379 0.038291 9.9964E-05 9.9964E-05
9.9973E-05 0.0237464 0.668653 0.217044 9.9973E-05 9.9973E-05 0.010387 0.00397227 0.0202504 0.0556472
0.076273 0.0296109 0.692619 9.9982E-05 0.0647146 0.0124509 0.0263911 0.0501396 0.0476005 9.9982E-05
9.9973E-05 0.0131557 0.685117 0.139556 0.0930338 0.00578856 9.9973E-05 9.9973E-05 0.0304906 0.0325589
0.0161998 9.9964E-05 0.735223 0.210216 0.0126636 9.9964E-05 0.0113091 9.9964E-05 9.9964E-05 0.0139887
9.9973E-05 0.043847 0.640552 0.148351 9.9973E-05 0.0238926 0.0996823 9.9973E-05 0.00709464 0.0362805
9.9937E-05 9.9937E-05 0.676479 0.267831 9.9937E-05 9.9937E-05 0.0549906 9.9937E-05 9.9937E-05 9.9937E-05
0.0197889 9.9982E-05 0.673803 0.0383884 9.9982E-05 0.000725959 0.09709 0.0812707 0.0606982 0.0280349
9.9973E-05 0.00899132 0.603971 0.258902 9.9973E-05 0.034833 0.0138169 0.0674789 9.9973E-05 0.0117065
9.9982E-05 9.9982E-05 0.601157 0.139032 0.0349173 0.0186802 0.0319029 0.0685687 0.00704634 0.0984954
0.02632 0.052508 0.790546 0.028265 0.0306063 0.0120823 0.0103334 0.0280587 0.0211806 9.9991E-05
0.0459523 0.0231029 0.767245 9.9973E-05 0.0146488 0.0472467 9.9973E-05 0.077425 0.024079 9.9973E-05
9.9982E-05 9.9982E-05 0.634689 0.119115 0.0146549 0.0151255 0.0311495 0.112406 0.016997 0.0556632
9.9964E-05 9.9964E-05 0.640858 0.0949311 0.107498 0.008772 0.05289 0.0946509 9.9964E-05 9.9964E-05
0.0113403 0.056196 0.766154 0.0350628 9.9973E-05 0.0274757 0.0673283 9.9973E-05 0.0361429 9.9973E-05
0.0402155 0.00972854 0.77 0.0688647 0.0614443 9.9991E-05 0.0229681 0.000545882 0.0109009 0.0152324
9.9964E-05 9.9964E-05 0.0949591 0.186724 9.9964E-05 0.0309414 0.0482264 0.617053 0.0216961 9.9964E-05
9.9955E-05 0.00748222 0.102037 0.34835 9.9955E-05 9.9955E-05 0.0517121 0.489919 9.9955E-05 9.9955E-05
9.9973E-05 9.9973E-05 0.0501383 0.367545 9.9973E-05 0.0265657 0.0392467 0.468692 0.000672287 0.0468408
9.9964E-05 9.9964E-05 0.0973062 0.303132 9.9964E-05 0.00821055 0.0523684 0.498875 9.9964E-05 0.0397077
9.9964E-05 9.9964E-05 0.0828358 0.274482 9.9964E-05 9.9964E-05 0.0291935 0.537426 0.00413318 0.0715294
0.0537744 0.0318044 0.0274816 9.9982E-05 0.0279365 0.00117076 0.131375 0.689183 0.0370739 9.9982E-05
9.9937E-05 9.9937E-05 9.9937E-05 0.264912 0.00377035 9.9937E-05 9.9937E-05 0.730618 9.9937E-05 9.9937E-05
9.9955E-05 9.9955E-05 9.9955E-05 0.174363 0.0683292 9.9955E-05 0.126777 0.568731 9.9955E-05 0.0612989
