0.0223218 9.9982E-05 9.9982E-05 0.977478
0.00824663 0.048628 0.13254 0.810585
0.0894384 9.9991E-05 0.0666159 0.843846
0.0426845 9.9991E-05 0.0936414 0.863574
0.0266248 0.0186237 0.0748573 0.879894
9.9982E-05 9.9982E-05 0.0727113 0.927089
0.016721 9.9991E-05 0.0393464 0.943833
0.0212173 0.0147071 0.0758859 0.88819
0.0680805 0.0270918 0.0831468 0.821681
0.0764473 9.9991E-05 0.0468958 0.876557
9.9991E-05 0.0570131 0.120136 0.822751
9.9982E-05 9.9982E-05 0.142708 0.857092
0.070231 0.0388872 0.0820087 0.808873
0.0713912 9.9991E-05 0.119797 0.808712
0.0452121 9.9991E-05 0.0775774 0.877111
0.00291762 9.9991E-05 0.0800111 0.916971
9.9982E-05 0.0455601 9.9982E-05 0.95424
9.9982E-05 0.0676277 9.9982E-05 0.932172
9.9982E-05 0.0828148 9.9982E-05 0.916985
0.00380559 0.0888198 9.9991E-05 0.907275
0.9997 9.998E-05 9.998E-05 9.998E-05
0.896556 0.0156138 0.0877298 9.9991E-05
0.79803 0.0415337 0.103707 0.0567295
0.846408 0.0554776 0.095591 0.00252339
0.968833 9.9991E-05 0.0100966 0.0209701
0.988134 9.9982E-05 9.9982E-05 0.0116665
0.857825 0.0380347 0.10404 9.9991E-05
0.9997 9.998E-05 9.998E-05 9.998E-05
0.708517 0.06561 0.225773 9.9991E-05
0.599361 0.182127 0.209419 0.00909335
0.715591 0.0403962 0.243913 9.9991E-05
0.679446 0.130425 0.190029 9.9991E-05
0.654471 0.121405 0.178362 0.0457623
0.599551 0.183724 0.216625 9.9991E-05
0.587477 0.230542 0.12974 0.0522417
0.53589 0.190867 0.21606 0.0571832
0.554667 0.265421 0.179813 9.9991E-05
0.0356132 0.395525 0.540964 0.0278978
9.9991E-05 0.481651 0.488606 0.029643
0.0135645 0.406625 0.54803 0.0317803
0.0448442 0.366208 0.556143 0.032805
0.0315363 0.387989 0.509872 0.0706025
0.0157979 0.416964 0.532884 0.0343546
0.00784141 0.33777 0.568872 0.0855163
0.0643665 0.412257 0.511015 0.0123616
0.0523649 0.298114 0.585853 0.0636683
9.9991E-05 0.424806 0.553725 0.0213696
9.9991E-05 0.443024 0.548966 0.0079102
0.0261958 0.352579 0.56816 0.0530651
0.0351188 0.382035 0.549048 0.0337983
0.0217271 0.426397 0.520446 0.0314302
0.0345806 0.386426 0.534709 0.0442848
0.0214932 0.439 0.525536 0.0139702
0.0653929 0.416052 0.445737 0.0728175
0.0433831 0.404464 0.521793 0.0303602
0.00655845 0.373872 0.56181 0.0577591
0.0301635 0.383157 0.500534 0.0861446
0.0548329 0.747205 0.169897 0.0280645
0.030194 0.908474 9.9991E-05 0.0612324
0.075228 0.820306 0.0495602 0.0549054
0.0525862 0.86722 0.0137106 0.0664826
0.0196425 0.948248 0.0320099 9.9991E-05
0.0533443 0.856809 0.0147399 0.0751067
0.0152033 0.955204 0.0111654 0.0184271
0.0568027 0.942997 9.9982E-05 9.9982E-05
9.9991E-05 0.784307 0.0928934 0.122699
0.140707 0.812285 0.0209046 0.0261033
0.0468669 0.851131 0.0687924 0.0332094
0.10295 0.884685 9.9991E-05 0.0122654
0.0891678 0.847184 9.9991E-05 0.063548
0.00980136 0.959153 9.9991E-05 0.0309461
0.0515378 0.89947 0.0488925 9.9991E-05
0.104841 0.877915 9.9991E-05 0.017144
0.145821 0.7138 0.0976671 0.0427119
0.105424 0.716428 0.175785 0.00236269
0.0715065 0.772034 0.0924099 0.0640496
9.9991E-05 0.728247 0.175861 0.0957922
9.998E-05 0.9997 9.998E-05 9.998E-05
0.0561655 0.791821 0.107858 0.0441552
0.0171198 0.864755 0.118025 9.9991E-05
0.0737033 0.835139 0.0556222 0.0355357
0.0483018 0.793349 0.107024 0.0513255
9.9982E-05 0.949119 9.9982E-05 0.0506806
0.0122745 0.56266 0.383266 0.0418004
9.9991E-05 0.222709 0.767914 0.00927708
0.0953175 0.640419 0.231152 0.0331119
0.0194503 0.768529 0.143626 0.0683945
9.9991E-05 0.79517 0.190358 0.014372
0.0853248 0.82742 0.0584041 0.028851
0.0231013 0.927658 9.9991E-05 0.0491402
0.0448912 0.820364 0.0860514 0.0486937
9.9982E-05 0.887013 0.112787 9.9982E-05
0.0890707 0.669035 0.193529 0.048365
0.127582 0.690137 0.109981 0.0722999
0.0970008 0.745595 0.138194 0.0192102
0.0824026 0.681205 0.140386 0.0960062
9.9991E-05 0.779111 0.199295 0.021494
0.00903105 0.9027 0.0382354 0.0500336
0.0933049 0.893492 9.9991E-05 0.0131031
9.9982E-05 0.967278 9.9982E-05 0.0325223
0.0969874 0.86394 0.0389727 9.9991E-05
0.0381618 0.838148 0.123591 9.9991E-05
0.0637012 0.932091 0.0041079 9.9991E-05
9.9982E-05 0.944684 9.9982E-05 0.0551161
0.0608304 0.818017 0.0724606 0.0486924
0.0218841 0.898272 0.0486 0.0312438
0.0125497 0.751192 0.139 0.0972587
9.9991E-05 0.856192 0.105612 0.0380967
0.052449 0.832478 0.090387 0.0246861
0.153672 0.803028 0.0168248 0.0264755
9.9982E-05 0.971134 0.0286658 9.9982E-05
9.9982E-05 0.969987 9.9982E-05 0.0298133
9.9982E-05 0.968568 0.0312321 9.9982E-05
0.0342418 0.809824 0.123874 0.0320606
0.082316 0.754557 0.109394 0.0537334
0.0949296 0.764499 0.0924124 0.048159
9.9991E-05 0.897537 0.0401123 0.062251
0.0346646 0.929481 9.9991E-05 0.035754
9.9991E-05 0.840471 0.0653151 0.094114
0.0410764 0.754633 0.1116 0.0926902
0.218157 0.580236 0.179198 0.0224077
0.169252 0.595473 0.228566 0.00670882
0.231622 0.552726 0.17401 0.0416412
0.235819 0.495474 0.189091 0.0796165
0.167669 0.520309 0.252826 0.0591972
0.302484 0.488738 0.188313 0.0204652
0.270124 0.444928 0.235953 0.0489941
0.24972 0.491013 0.15755 0.101717
0.191198 0.48467 0.287993 0.0361389
0.211828 0.506808 0.272789 0.00857495
0.258902 0.559146 0.181852 9.9991E-05
0.0872567 0.0451314 0.863581 0.00403116
0.0830341 0.070378 0.826969 0.0196191
0.083134 0.0261517 0.867275 0.0234395
0.0827625 9.9991E-05 0.859022 0.058116
0.0617384 0.0465481 0.845567 0.046147
0.0848347 0.0476147 0.814766 0.0527848
0.0815458 0.00302654 0.903559 0.0118691
0.13008 0.0533375 0.816482 9.9991E-05
0.0794242 0.0478327 0.794616 0.0781273
0.0663551 0.110762 0.822783 9.9991E-05
0.132143 0.0392351 0.791573 0.0370489
0.0499264 0.00667298 0.878314 0.0650862
0.0508303 0.0109658 0.897021 0.0411834
9.9991E-05 0.0664949 0.877223 0.0561822
0.0751904 0.00305902 0.829372 0.0923783
0.0375651 9.9991E-05 0.920768 0.0415665
0.0369681 0.035023 0.914325 0.0136842
0.0590636 0.00248588 0.840306 0.098145
0.0666293 9.9991E-05 0.875168 0.0581025
0.0834715 9.9991E-05 0.885762 0.0306669
0.0959574 9.9991E-05 0.841603 0.06234
0.0641093 0.0857058 0.844171 0.00601393
0.0060131 0.00508017 0.95793 0.0309763
0.0566485 9.9991E-05 0.894193 0.0490582
0.111013 9.9991E-05 0.815671 0.0732162
0.13887 0.0147869 0.835403 0.0109405
0.0964551 9.9991E-05 0.873745 0.0297001
9.9991E-05 0.0246548 0.870349 0.104896
0.0368284 0.0488335 0.859807 0.0545309
0.0866967 9.9982E-05 0.913103 9.9982E-05
0.0666039 0.0211959 0.9121 9.9991E-05
0.055518 9.9991E-05 0.871314 0.0730679
0.113878 0.00747887 0.863702 0.0149419
0.0979717 9.9991E-05 0.870367 0.0315612
0.0947617 9.9991E-05 0.868111 0.0370269
0.100921 0.129519 0.710699 0.0588614
0.140446 0.19058 0.597696 0.0712786
0.158156 0.139171 0.590731 0.111942
0.145357 0.14098 0.565349 0.148315
0.160632 0.202671 0.521158 0.115538
0.16734 0.223606 0.560279 0.0487753
0.159793 0.192924 0.620546 0.0267374
0.241224 0.131555 0.497592 0.129629
