0.00747493 0.96553 0.00924029 0.0177543
0.0361459 0.829279 0.0917294 0.0428452
0.112732 0.839958 0.0472096 9.9991E-05
0.0377182 0.91065 0.0515317 9.9991E-05
0.0562046 0.867779 0.0759163 9.9991E-05
9.9982E-05 0.922274 0.0775262 9.9982E-05
0.000960862 0.952661 0.0462782 9.9991E-05
0.00317475 0.84302 0.143995 0.00981027
0.0345398 0.819503 0.109308 0.0366488
0.00547105 0.860131 0.109771 0.0246272
0.0338434 0.827099 0.138957 9.9991E-05
0.0127743 0.882648 0.0841081 0.0204693
0.0289087 0.857952 0.103501 0.00963855
0.069101 0.818662 0.112138 9.9991E-05
0.0630711 0.889266 0.047563 9.9991E-05
9.9982E-05 0.912941 0.0868591 9.9982E-05
9.9982E-05 0.965855 9.9982E-05 0.0339452
9.9982E-05 0.949498 9.9982E-05 0.0503022
9.9982E-05 0.93885 9.9982E-05 0.0609498
0.0300191 0.899271 9.9991E-05 0.0706103
0.9997 9.998E-05 9.998E-05 9.998E-05
0.890804 9.9982E-05 0.108996 9.9982E-05
0.855374 0.0503033 0.0942223 9.9991E-05
0.888949 9.9991E-05 0.0621221 0.048829
0.981706 0.0180944 9.9982E-05 9.9982E-05
0.986869 0.0129306 9.9982E-05 9.9982E-05
0.853875 9.9991E-05 0.122231 0.0237935
0.9997 9.998E-05 9.998E-05 9.998E-05
0.729416 9.9991E-05 0.196648 0.0738359
0.619857 0.0231907 0.196851 0.1601
0.738897 9.9991E-05 0.19687 0.0641327
0.661044 9.9991E-05 0.20704 0.131816
0.67023 0.0146366 0.17675 0.138383
0.641961 0.00276666 0.170693 0.184579
0.660866 0.0122194 0.11816 0.208755
0.56892 0.0610928 0.200053 0.169934
0.574465 9.9991E-05 0.186997 0.238438
0.0703017 0.0231155 0.501685 0.404897
9.9991E-05 0.00811491 0.472212 0.519573
0.0763579 0.036626 0.513044 0.373972
0.0433969 0.0271564 0.510784 0.418663
0.0536136 0.0322047 0.497443 0.416739
0.024014 0.0551032 0.52035 0.400533
0.00035617 0.0773412 0.590183 0.33212
0.0852039 0.0378323 0.484739 0.392225
0.0627011 0.068976 0.572417 0.295906
9.9991E-05 0.00496198 0.511958 0.48298
0.0123417 0.0250506 0.51123 0.451377
9.9991E-05 0.0639165 0.553971 0.382013
0.0208373 0.0289248 0.558781 0.391457
0.0420121 0.0214379 0.538001 0.39855
0.087216 0.0170691 0.517052 0.378663
9.9991E-05 0.0253821 0.521171 0.453347
0.0478417 0.0921766 0.422458 0.437523
0.0113854 0.0517185 0.523114 0.413782
0.0577473 0.0450735 0.513879 0.3833
0.0623137 0.102929 0.485448 0.349309
0.0955069 0.0432992 0.136817 0.724377
0.0429274 0.0278706 9.9991E-05 0.929102
0.0809505 0.0720985 0.0323345 0.814617
0.0251179 0.0445829 0.0432917 0.887008
0.000854638 9.9991E-05 0.0472339 0.951811
0.02394 0.0505576 0.070819 0.854683
9.9991E-05 0.0240093 0.00286367 0.973027
0.0562898 9.9982E-05 9.9982E-05 0.94351
0.00952188 0.113813 0.0559016 0.820763
0.0880532 0.0557821 0.0655417 0.790623
0.0886762 0.034145 0.029866 0.847313
0.150572 0.00726544 9.9991E-05 0.842063
0.0594265 0.0760583 0.0284048 0.83611
9.9982E-05 0.0202129 9.9982E-05 0.979587
0.029086 0.0303076 0.0439436 0.896663
0.100516 0.0235673 9.9991E-05 0.875817
0.153736 0.024575 0.126612 0.695077
0.137307 9.9991E-05 0.152623 0.70997
0.0754215 0.0391775 0.0930344 0.792367
9.9991E-05 0.109941 0.179884 0.710075
9.9982E-05 0.0174416 9.9982E-05 0.982358
0.0415493 0.0778993 0.12311 0.757441
0.00729386 9.9991E-05 0.0901739 0.902432
0.0459699 0.0694716 0.0402903 0.844268
0.0931268 0.0408444 0.0812503 0.784779
9.9982E-05 0.0486873 9.9982E-05 0.951113
0.00456482 0.0391805 0.375531 0.580724
9.9982E-05 9.9982E-05 0.761565 0.238235
0.0574714 9.9991E-05 0.289953 0.652476
0.0163114 0.0533693 0.144412 0.785908
0.0186041 9.9991E-05 0.184012 0.797284
0.0311092 0.0318183 0.0881647 0.848908
9.9991E-05 0.0295852 0.043597 0.926718
0.0414117 0.0426149 0.0728682 0.843105
0.00480173 9.9991E-05 0.120188 0.874911
0.0988674 0.0661287 0.179573 0.655431
0.142245 0.0900577 0.105547 0.66215
0.0738668 0.033715 0.14093 0.751488
0.129536 0.0900081 0.118093 0.662363
9.9991E-05 0.0455255 0.164582 0.789793
0.018289 0.0563195 0.0387212 0.88667
0.0897703 0.010297 9.9991E-05 0.899833
9.9982E-05 0.0487076 9.9982E-05 0.951092
0.114321 0.022611 0.0608532 0.802215
0.0183739 0.00712418 0.147305 0.827197
0.0703405 0.0134226 9.9991E-05 0.916137
9.9982E-05 0.0689081 9.9982E-05 0.930892
0.0878133 0.0674858 0.0572659 0.787435
0.025419 0.012881 0.0360427 0.925657
0.0626609 0.0817068 0.0594794 0.796153
9.9991E-05 0.0183127 0.13044 0.851147
0.0242365 0.0561192 0.102724 0.81692
0.140519 0.0500588 0.0370786 0.772344
9.9991E-05 0.00221099 0.00973041 0.987959
9.9982E-05 0.0273087 9.9982E-05 0.972491
0.0217261 9.9991E-05 0.0175418 0.960632
9.9991E-05 0.028208 0.140592 0.8311
0.139468 0.0454494 0.068656 0.746427
0.101144 0.0484636 0.0804206 0.769971
0.0252924 0.0605309 0.0422672 0.871909
0.0397855 0.0398314 9.9991E-05 0.920283
9.9991E-05 0.0627354 0.0890011 0.848163
9.9991E-05 0.088123 0.141509 0.770268
0.217891 0.04019 0.174301 0.567618
0.228948 9.9991E-05 0.183481 0.587471
0.291717 0.0464915 0.151548 0.510243
0.217009 0.074005 0.222235 0.486751
0.172995 0.0519332 0.231108 0.543965
0.291381 0.0165503 0.230984 0.461085
0.283073 0.0378633 0.208225 0.470839
0.285858 0.0896657 0.140105 0.484372
0.200952 0.0559865 0.271091 0.471971
0.226283 0.029045 0.207545 0.537127
0.291364 9.9991E-05 0.141003 0.567533
0.041441 0.00955976 0.862403 0.0865967
0.0679815 0.0159688 0.802293 0.113757
0.0429237 0.0542594 0.86898 0.0338372
0.0772537 0.0852506 0.837396 9.9991E-05
0.0588229 0.037864 0.851966 0.0513473
0.060423 0.0439584 0.799273 0.0963455
0.112442 0.00982683 0.877631 9.9991E-05
0.105491 9.9991E-05 0.821845 0.072564
0.124886 0.0975023 0.766281 0.0113299
0.0594118 0.0267481 0.814966 0.0988743
0.137868 0.0278958 0.788202 0.0460338
0.0263445 0.0831658 0.866458 0.0240313
0.0640022 0.0384039 0.873308 0.0242859
9.9991E-05 0.0523702 0.844489 0.103041
0.0913879 0.100878 0.807634 9.9991E-05
0.0239681 0.0776902 0.898242 9.9991E-05
0.0341645 0.000676297 0.876151 0.0890078
0.00633843 0.0903258 0.809965 0.0933704
0.0334848 0.0851352 0.88128 9.9991E-05
0.0664996 0.0505056 0.846876 0.0361183
0.0673145 0.0735365 0.859049 9.9991E-05
0.0750423 0.0268793 0.808423 0.0896557
0.00713483 0.0361958 0.956569 9.9991E-05
0.0314847 0.064584 0.884445 0.0194859
0.105091 0.0619537 0.832856 9.9991E-05
0.153083 0.0435303 0.803287 9.9991E-05
0.0733703 0.0311655 0.895364 9.9991E-05
0.0277101 0.0925948 0.878274 0.00142115
0.104087 0.0499442 0.845868 9.9991E-05
0.0998141 9.9991E-05 0.891399 0.00868681
0.0332842 9.9991E-05 0.928352 0.0382638
0.0809637 0.062597 0.84114 0.0152996
0.0949422 9.9991E-05 0.855628 0.0493303
0.0876216 0.00893764 0.864508 0.0389327
0.0742892 0.0312714 0.86215 0.032289
0.135297 0.061584 0.621834 0.181285
0.180063 0.070049 0.572209 0.177679
0.188137 0.118815 0.536524 0.156524
0.14378 0.155585 0.565889 0.134746
0.161644 0.146383 0.51302 0.178953
0.180833 0.0371604 0.570418 0.211588
0.168331 0.0641106 0.585118 0.18244
0.267475 0.127305 0.441646 0.163574
