0.281706 0.718194 9.9991E-05
0.0042974 0.995603 9.9991E-05
0.512602 0.487298 9.9991E-05
0.127081 0.872819 9.9991E-05
0.785615 9.9991E-05 0.214285
9.999E-05 0.571234 0.428666
0.860427 0.0310625 0.108511
0.0698166 0.930083 9.9991E-05
9.9991E-05 0.0973637 0.902536
0.953346 9.9991E-05 0.0465541
0.9998 9.999E-05 9.999E-05
0.000281807 0.999618 9.9991E-05
0.617985 9.9991E-05 0.381915
0.823722 0.176178 9.9991E-05
0.572213 9.9991E-05 0.427687
0.203885 9.9991E-05 0.796015
0.0136867 0.986213 9.9991E-05
0.3039 0.0566863 0.639414
9.9991E-05 0.708446 0.291454
0.0335209 9.9991E-05 0.966379
0.0199573 0.0301072 0.949935
9.9991E-05 0.339965 0.659935
0.195819 9.9991E-05 0.804081
0.269164 0.537851 0.192985
0.758423 0.241477 9.9991E-05
0.493896 9.9991E-05 0.506004
0.239703 0.760197 9.9991E-05
0.164609 0.390663 0.444728
0.0238442 0.976056 9.99911E-05
9.9991E-05 0.797423 0.202477
0.934218 0.0656822 9.9991E-05
0.9998 9.999E-05 9.999E-05
0.9998 9.999E-05 9.999E-05
9.9991E-05 0.516016 0.483884
0.0580522 0.941848 9.9991E-05
0.0122622 9.9991E-05 0.987638
9.9991E-05 0.471543 0.528357
9.9991E-05 0.52778 0.47212
0.679635 0.29353 0.0268355
9.9991E-05 0.551688 0.448212
9.9991E-05 0.893638 0.106262
9.999E-05 0.9998 9.999E-05
0.0307645 9.9991E-05 0.969136
0.87741 0.12249 9.9991E-05
0.569633 9.9991E-05 0.430267
0.042955 0.956945 9.9991E-05
9.999E-05 9.999E-05 0.9998
9.9991E-05 0.281548 0.718352
0.430334 9.9991E-05 0.569566
0.0985254 0.0503683 0.851106
