9.98649E-05 9.98649E-05 9.98649E-05 9.98649E-05 9.98649E-05 9.98649E-05 9.98649E-05 9.98649E-05 9.98649E-05 9.98649E-05 9.98649E-05 9.98649E-05 9.98649E-05 9.98649E-05 0.998502 9.98649E-05
9.9928E-05 9.9928E-05 0.0137731 9.9928E-05 9.9928E-05 0.14884 0.679717 0.00954805 0.0362897 9.9928E-05 9.9928E-05 0.0616615 9.9928E-05 0.0100726 0.0392986 9.9928E-05
9.991E-05 9.991E-05 0.0234312 0.0163029 9.991E-05 0.167356 0.697948 9.991E-05 9.991E-05 9.991E-05 9.991E-05 0.0418559 9.991E-05 9.991E-05 0.0521066 9.991E-05
9.99396E-05 9.99396E-05 0.0132191 0.01357 0.0564971 0.0207646 0.796123 9.99396E-05 0.0669647 9.99396E-05 0.0232089 0.00558494 9.99396E-05 9.99396E-05 0.00336774 9.99396E-05
0.0843552 0.0240138 9.9928E-05 9.9928E-05 9.9928E-05 0.00950719 0.719544 0.000527392 9.9928E-05 9.9928E-05 0.0482399 0.0546031 9.9928E-05 9.9928E-05 0.0584096 9.9928E-05
9.9919E-05 9.9919E-05 9.9919E-05 9.9919E-05 9.9919E-05 9.9919E-05 0.856323 0.00974665 0.0274141 0.0189296 9.9919E-05 0.0645143 9.9919E-05 9.9919E-05 0.0105969 0.0115765
9.98649E-05 9.98649E-05 9.98649E-05 9.98649E-05 9.98649E-05 9.98649E-05 9.98649E-05 9.98649E-05 9.98649E-05 9.98649E-05 9.98649E-05 9.98649E-05 9.98649E-05 9.98649E-05 0.998502 9.98649E-05
0.0804701 9.9928E-05 9.9928E-05 9.9928E-05 0.0350915 9.9928E-05 0.759776 0.00872851 9.9928E-05 0.00507323 0.0440337 9.9928E-05 9.9928E-05 9.9928E-05 0.0515547 0.0144731
9.9919E-05 9.9919E-05 9.9919E-05 9.9919E-05 9.9919E-05 9.9919E-05 0.707723 0.0180006 0.132953 0.0124828 0.0241361 0.0535763 9.9919E-05 9.9919E-05 0.0502288 9.9919E-05
0.043621 9.991E-05 9.991E-05 0.0699365 0.0622983 9.991E-05 0.793595 0.00906886 9.991E-05 9.991E-05 9.991E-05 9.991E-05 9.991E-05 9.991E-05 9.991E-05 0.0204816
9.991E-05 9.991E-05 0.0184214 9.991E-05 9.991E-05 0.0268128 0.741212 9.991E-05 0.120877 9.991E-05 9.991E-05 0.0556592 0.0360184 9.991E-05 9.991E-05 9.991E-05
9.9937E-05 9.9937E-05 0.00718789 0.0254587 9.9937E-05 0.0552845 0.621692 9.9937E-05 0.135248 0.0269865 9.9937E-05 0.043637 9.9937E-05 9.9937E-05 0.0777055 0.00610054
9.9919E-05 9.9919E-05 9.9919E-05 0.034214 0.0632776 9.9919E-05 0.717099 0.0619992 0.0471608 9.9919E-05 0.0431706 9.9919E-05 9.9919E-05 9.9919E-05 0.0321791 9.9919E-05
9.9937E-05 9.9937E-05 0.0237862 0.0173484 9.9937E-05 0.0958871 0.65727 9.9937E-05 0.0192052 9.9937E-05 9.9937E-05 0.116839 9.9937E-05 0.0386367 0.0276441 0.00268394
9.9928E-05 9.9928E-05 9.9928E-05 0.098154 0.0294257 0.0242776 0.761831 9.9928E-05 9.9928E-05 9.9928E-05 0.00242217 9.9928E-05 0.0344498 0.0217047 0.0269353 9.9928E-05
9.99092E-05 9.99092E-05 9.99092E-05 9.99092E-05 9.99092E-05 9.99092E-05 0.835116 9.99092E-05 9.99092E-05 9.99092E-05 9.99092E-05 0.0874062 0.0347839 0.0309479 0.0106472 9.99092E-05
9.9892E-05 9.9892E-05 9.9892E-05 9.9892E-05 9.9892E-05 9.9892E-05 0.872052 9.9892E-05 9.9892E-05 9.9892E-05 9.9892E-05 9.9892E-05 9.9892E-05 0.0841251 0.0377567 0.00486722
9.9892E-05 0.0175149 9.9892E-05 9.9892E-05 9.9892E-05 9.9892E-05 0.896147 9.9892E-05 9.9892E-05 9.9892E-05 9.9892E-05 9.9892E-05 9.9892E-05 0.0495417 0.0355973 9.9892E-05
9.9892E-05 0.0229209 9.9892E-05 9.9892E-05 9.9892E-05 9.9892E-05 0.84196 9.9892E-05 9.9892E-05 9.9892E-05 9.9892E-05 9.9892E-05 9.9892E-05 0.0949004 0.0390196 9.9892E-05
9.9892E-05 9.9892E-05 9.9892E-05 0.0233719 9.9892E-05 9.9892E-05 0.88036 9.9892E-05 9.9892E-05 9.9892E-05 9.9892E-05 9.9892E-05 9.9892E-05 0.0781788 9.9892E-05 0.0168905
9.9865E-05 9.9865E-05 0.998502 9.9865E-05 9.9865E-05 9.9865E-05 9.9865E-05 9.9865E-05 9.9865E-05 9.9865E-05 9.9865E-05 9.9865E-05 9.9865E-05 9.9865E-05 9.9865E-05 9.9865E-05
9.9901E-05 9.9901E-05 9.9901E-05 0.688245 0.0835474 0.137492 9.9901E-05 0.0090241 0.0805918 9.9901E-05 9.9901E-05 9.9901E-05 9.9901E-05 9.9901E-05 9.9901E-05 9.9901E-05
9.9919E-05 0.0857273 0.00976128 0.724861 9.9919E-05 9.9919E-05 0.0195829 9.9919E-05 0.130176 9.9919E-05 9.9919E-05 9.9919E-05 9.9919E-05 9.9919E-05 0.0145983 0.0143936
9.9901E-05 0.0316368 9.9901E-05 0.891386 9.9901E-05 9.9901E-05 9.9901E-05 9.9901E-05 0.00268242 0.0226893 9.9901E-05 9.9901E-05 9.9901E-05 0.0505068 9.9901E-05 9.9901E-05
9.991E-05 9.991E-05 0.00678671 0.949223 9.991E-05 9.991E-05 9.991E-05 0.00579762 9.991E-05 9.991E-05 9.991E-05 9.991E-05 0.0214137 9.991E-05 0.0039333 0.0118466
9.9892E-05 9.9892E-05 9.9892E-05 0.93275 9.9892E-05 9.9892E-05 9.9892E-05 9.9892E-05 9.9892E-05 0.0300506 9.9892E-05 9.9892E-05 9.9892E-05 9.9892E-05 0.0303206 0.00567992
0.0234003 0.0590176 0.00538294 0.823501 9.99101E-05 9.99101E-05 9.99101E-05 9.99101E-05 0.0688681 9.99101E-05 9.99101E-05 9.99101E-05 9.99101E-05 9.99101E-05 0.0188308 9.99101E-05
9.9874E-05 9.9874E-05 0.997828 9.9874E-05 9.9874E-05 0.000773887 9.9874E-05 9.9874E-05 9.9874E-05 9.9874E-05 9.9874E-05 9.9874E-05 9.9874E-05 9.9874E-05 9.9874E-05 9.9874E-05
9.9919E-05 9.9919E-05 0.0170307 0.772582 9.9919E-05 0.0677231 9.9919E-05 9.9919E-05 9.9919E-05 9.9919E-05 0.0401077 0.0866553 9.9919E-05 0.00966247 9.9919E-05 0.00533908
0.000229358 0.0332255 9.9928E-05 0.699589 0.0170244 9.9928E-05 9.9928E-05 0.0294525 0.137809 9.9928E-05 9.9928E-05 9.9928E-05 0.0754203 9.9928E-05 9.9928E-05 0.0064503
9.991E-05 9.991E-05 0.0312981 0.815022 9.991E-05 0.0298396 9.991E-05 9.991E-05 9.991E-05 0.0524313 0.0144959 0.0559143 9.991E-05 9.991E-05 9.991E-05 9.991E-05
9.9919E-05 0.0673421 0.0227988 0.786639 9.9919E-05 9.9919E-05 9.9919E-05 0.00216295 9.9919E-05 9.9919E-05 0.00556125 9.9919E-05 9.9919E-05 0.113975 0.000621075 9.9919E-05
0.0952855 9.9919E-05 0.0674343 0.705184 9.9919E-05 9.9919E-05 9.9919E-05 0.0177295 9.9919E-05 9.9919E-05 0.0716846 0.00834865 9.9919E-05 9.9919E-05 0.0334338 9.9919E-05
9.9928E-05 9.9928E-05 0.0274151 0.714764 0.0863567 0.0709197 9.9928E-05 0.0364746 9.9928E-05 0.0542531 9.9928E-05 9.9928E-05 0.000394045 9.9928E-05 9.9928E-05 0.00862384
9.9919E-05 9.9919E-05 9.9919E-05 0.654276 9.9919E-05 0.0795223 9.9919E-05 9.9919E-05 9.9919E-05 0.0260282 0.11387 9.9919E-05 9.9919E-05 0.122162 0.00223992 0.00100225
9.99279E-05 9.99279E-05 0.00987139 0.466822 0.0341972 0.301082 0.0395597 0.012625 9.99279E-05 0.0474408 9.99279E-05 0.0876027 9.99279E-05 9.99279E-05 9.99279E-05 9.99279E-05
9.9901E-05 0.032622 9.9901E-05 0.724188 9.9901E-05 9.9901E-05 9.9901E-05 9.9901E-05 9.9901E-05 0.0393116 9.9901E-05 9.9901E-05 0.0511194 0.15166 9.9901E-05 9.9901E-05
0.406354 0.100294 0.00828773 9.9919E-05 0.109541 0.00971446 9.9919E-05 9.9919E-05 0.142402 9.9919E-05 9.9919E-05 9.9919E-05 9.9919E-05 0.222508 9.9919E-05 9.9919E-05
0.804007 0.0370533 9.99009E-05 9.99009E-05 9.99009E-05 0.12134 9.99009E-05 0.0176993 9.99009E-05 9.99009E-05 9.99009E-05 9.99009E-05 9.99009E-05 9.99009E-05 0.0188016 9.99009E-05
0.891821 9.9919E-05 9.9919E-05 0.000108862 9.9919E-05 9.9919E-05 0.0367008 9.9919E-05 0.00778401 0.0207139 0.0296009 0.012371 9.9919E-05 9.9919E-05 9.9919E-05 9.9919E-05
0.614859 9.9901E-05 9.9901E-05 9.9901E-05 0.0292072 9.9901E-05 9.9901E-05 9.9901E-05 9.9901E-05 9.9901E-05 9.9901E-05 9.9901E-05 0.00776772 0.308802 0.0382656 9.9901E-05
9.99099E-05 9.99099E-05 9.99099E-05 9.99099E-05 9.99099E-05 0.0532247 9.99099E-05 0.00748401 0.0754971 0.00226605 9.99099E-05 9.99099E-05 9.99099E-05 0.859963 9.99099E-05 0.000566274
0.982533 9.9883E-05 9.9883E-05 9.9883E-05 9.9883E-05 9.9883E-05 9.9883E-05 9.9883E-05 9.9883E-05 9.9883E-05 9.9883E-05 9.9883E-05 9.9883E-05 9.9883E-05 0.00651519 0.00965348
0.175203 0.0212487 9.9964E-05 9.9964E-05 0.0186028 0.00470218 0.0230669 0.0277862 0.310009 0.0168364 0.0330551 0.0614665 9.9964E-05 0.284817 0.0228069 9.9964E-05
0.930346 0.0281816 0.000979271 0.0171026 9.9928E-05 9.9928E-05 9.9928E-05 0.0020747 9.9928E-05 9.9928E-05 9.9928E-05 9.9928E-05 0.0080682 9.9928E-05 0.00969706 0.00275137
0.303746 0.0553336 9.9937E-05 0.00152909 9.9937E-05 9.9937E-05 0.0427632 9.9937E-05 0.131722 9.9937E-05 0.0675689 0.0316931 9.9937E-05 0.36344 9.9937E-05 0.00150514
9.9865E-05 9.9865E-05 9.9865E-05 9.9865E-05 9.9865E-05 9.9865E-05 9.9865E-05 9.9865E-05 9.9865E-05 9.9865E-05 9.9865E-05 9.9865E-05 9.9865E-05 0.998502 9.9865E-05 9.9865E-05
0.0570549 9.9928E-05 0.000534798 9.9928E-05 0.0829716 9.9928E-05 9.9928E-05 0.00315918 0.224257 9.9928E-05 0.00736002 9.9928E-05 9.9928E-05 0.619838 9.9928E-05 0.00402547
0.0937117 9.9883E-05 0.0241059 9.9883E-05 9.9883E-05 9.9883E-05 9.9883E-05 9.9883E-05 9.9883E-05 9.9883E-05 9.9883E-05 9.9883E-05 9.9883E-05 0.880884 9.9883E-05 9.9883E-05
0.23677 0.0358641 0.00293871 9.9937E-05 0.111592 9.9937E-05 9.9937E-05 0.0292546 0.310493 0.00203859 9.9937E-05 9.9937E-05 9.9937E-05 0.268532 0.00181849 9.9937E-05
0.841305 9.9901E-05 9.9901E-05 9.9901E-05 9.9901E-05 9.9901E-05 9.9901E-05 9.9901E-05 9.9901E-05 0.0108376 0.00639511 9.9901E-05 9.9901E-05 0.10788 0.0324839 9.9901E-05
9.9865E-05 9.9865E-05 9.9865E-05 9.9865E-05 9.9865E-05 9.9865E-05 9.9865E-05 9.9865E-05 9.9865E-05 9.9865E-05 9.9865E-05 9.9865E-05 9.9865E-05 0.998502 9.9865E-05 9.9865E-05
0.269803 9.99009E-05 9.99009E-05 9.99009E-05 0.0301857 9.99009E-05 9.99009E-05 0.0429038 9.99009E-05 9.99009E-05 9.99009E-05 9.99009E-05 9.99009E-05 0.615539 9.99009E-05 0.0404692
0.275493 9.99099E-05 9.99099E-05 9.99099E-05 9.99099E-05 0.0390106 0.0381581 9.99099E-05 0.0117419 9.99099E-05 9.99099E-05 9.99099E-05 9.99099E-05 0.606704 0.0278934 9.99099E-05
0.929619 9.991E-05 0.00235235 9.991E-05 9.991E-05 9.991E-05 0.0265091 0.00115629 9.991E-05 9.991E-05 9.991E-05 0.00529089 9.991E-05 9.991E-05 9.991E-05 0.0340735
0.734272 0.0305296 9.9919E-05 0.0144061 0.0106015 0.105334 9.9919E-05 9.9919E-05 0.100127 0.00383078 9.9919E-05 9.9919E-05 9.9919E-05 9.9919E-05 9.9919E-05 9.9919E-05
0.896901 9.991E-05 0.00697744 0.00389205 9.991E-05 9.991E-05 0.0500215 9.991E-05 9.991E-05 9.991E-05 9.991E-05 9.991E-05 9.991E-05 0.0154886 9.991E-05 0.0257208
0.243217 0.104654 0.00280893 0.0269718 9.9928E-05 0.476997 9.9928E-05 0.0051225 9.9928E-05 9.9928E-05 9.9928E-05 9.9928E-05 0.124144 9.9928E-05 0.0152845 9.9928E-05
9.98741E-05 9.98741E-05 9.98741E-05 9.98741E-05 9.98741E-05 9.98741E-05 0.0202342 9.98741E-05 9.98741E-05 0.978368 9.98741E-05 9.98741E-05 9.98741E-05 9.98741E-05 9.98741E-05 9.98741E-05
0.165643 0.0705203 9.9919E-05 9.9919E-05 9.9919E-05 0.452178 9.9919E-05 0.0229369 9.9919E-05 9.9919E-05 9.9919E-05 9.9919E-05 0.249208 9.9919E-05 0.0110702 0.0275449
9.9928E-05 0.0332171 0.00250391 9.9928E-05 9.9928E-05 0.454889 9.9928E-05 0.0297239 9.9928E-05 0.00646876 0.140908 9.9928E-05 0.209051 0.122439 9.9928E-05 9.9928E-05
0.00906311 0.0310001 9.9919E-05 9.9919E-05 9.9919E-05 0.278426 9.9919E-05 9.9919E-05 0.0306216 0.0461386 0.0974259 9.9919E-05 0.506425 9.9919E-05 9.9919E-05 9.9919E-05
9.99279E-05 0.0204236 0.00854956 9.99279E-05 0.0504586 0.0338747 0.0407968 9.99279E-05 9.99279E-05 0.00568952 9.99279E-05 9.99279E-05 0.704664 0.134744 9.99279E-05 9.99279E-05
9.98649E-05 9.98649E-05 9.98649E-05 9.98649E-05 9.98649E-05 9.98649E-05 9.98649E-05 0.998502 9.98649E-05 9.98649E-05 9.98649E-05 9.98649E-05 9.98649E-05 9.98649E-05 9.98649E-05 9.98649E-05
9.99099E-05 9.99099E-05 0.000636973 0.0183022 9.99099E-05 9.99099E-05 9.99099E-05 9.99099E-05 9.99099E-05 0.951369 9.99099E-05 9.99099E-05 0.00563524 9.99099E-05 0.0164691 0.00658854
0.149197 9.9946E-05 9.9946E-05 9.9946E-05 0.0542523 0.433055 0.0166093 0.0289401 9.9946E-05 0.0309926 0.0190416 9.9946E-05 0.211017 9.9946E-05 0.0495946 0.00670108
9.9937E-05 0.11664 0.0242405 0.11075 0.0467772 9.9937E-05 0.0361678 0.0258432 9.9937E-05 9.9937E-05 9.9937E-05 9.9937E-05 0.622555 9.9937E-05 0.012705 0.00362253
9.9955E-05 0.111172 9.9955E-05 0.0186047 0.0168595 9.9955E-05 0.0231386 0.0233624 0.059462 0.0461845 0.0414047 9.9955E-05 0.600329 0.0222957 9.9955E-05 0.0366877
0.0415422 0.0797357 0.0223077 0.0415803 9.9946E-05 9.9946E-05 0.0121354 0.024024 9.9946E-05 0.0703195 0.0371809 9.9946E-05 0.643303 9.9946E-05 9.9946E-05 0.0272714
9.9946E-05 0.0392104 9.9946E-05 0.0570605 0.0181708 0.191987 0.0509942 0.0414156 0.0381598 0.144721 9.9946E-05 9.9946E-05 0.382899 9.9946E-05 9.9946E-05 0.0347816
0.077869 0.0683753 9.991E-05 9.991E-05 9.991E-05 9.991E-05 9.991E-05 9.991E-05 9.991E-05 0.0443527 9.991E-05 9.991E-05 0.732514 9.991E-05 0.0601417 0.0157482
0.113606 9.9919E-05 0.0033606 9.9919E-05 9.9919E-05 9.9919E-05 9.9919E-05 0.0136078 9.9919E-05 0.0248497 9.9919E-05 0.0141858 0.784624 9.9919E-05 0.0448675 9.9919E-05
9.9946E-05 0.0447237 9.9946E-05 0.0387433 9.9946E-05 0.14013 9.9946E-05 0.014701 9.9946E-05 0.0757715 0.0575086 9.9946E-05 0.490219 0.121458 0.00516868 0.0109768
9.9928E-05 9.9928E-05 9.9928E-05 0.0351267 9.9928E-05 0.409027 9.9928E-05 9.9928E-05 0.00913621 0.0850581 0.30536 0.0346935 0.0704933 0.0503062 9.9928E-05 9.9928E-05
0.412608 0.137592 0.0333928 9.9928E-05 9.9928E-05 0.0151217 9.9928E-05 0.0104493 9.9928E-05 0.0766862 0.122431 9.9928E-05 0.190919 9.9928E-05 9.9928E-05 9.9928E-05
0.0319634 0.0693 0.00368594 0.0115542 0.037038 0.00868391 0.0694887 0.0025267 9.9964E-05 0.0540045 0.00427336 9.9964E-05 0.486143 0.220938 9.9964E-05 9.9964E-05
9.9901E-05 9.9901E-05 9.9901E-05 9.9901E-05 9.9901E-05 0.100228 0.043607 9.9901E-05 9.9901E-05 0.0424927 9.9901E-05 9.9901E-05 0.188252 0.62432 9.9901E-05 9.9901E-05
9.98649E-05 9.98649E-05 9.98649E-05 9.98649E-05 9.98649E-05 9.98649E-05 9.98649E-05 0.998502 9.98649E-05 9.98649E-05 9.98649E-05 9.98649E-05 9.98649E-05 9.98649E-05 9.98649E-05 9.98649E-05
0.0300216 9.9955E-05 0.0353905 0.0165837 9.9955E-05 0.00254339 0.0611313 0.00213162 9.9955E-05 0.144677 9.9955E-05 0.0358658 0.407516 0.204941 9.9955E-05 0.0586973
9.9919E-05 0.0591667 9.9919E-05 9.9919E-05 9.9919E-05 0.143742 9.9919E-05 0.0739218 9.9919E-05 0.0455258 9.9919E-05 9.9919E-05 0.471079 0.184038 9.9919E-05 0.0216271
9.98649E-05 0.998502 9.98649E-05 9.98649E-05 9.98649E-05 9.98649E-05 9.98649E-05 9.98649E-05 9.98649E-05 9.98649E-05 9.98649E-05 9.98649E-05 9.98649E-05 9.98649E-05 9.98649E-05 9.98649E-05
9.9937E-05 0.0660268 9.9937E-05 9.9937E-05 0.0460446 0.225057 9.9937E-05 0.0129384 9.9937E-05 9.9937E-05 0.0148989 9.9937E-05 0.468774 0.122006 0.022837 0.0207179
0.113455 0.0738929 9.9937E-05 9.9937E-05 9.9937E-05 0.0303454 0.0625773 0.034652 0.00353102 9.9937E-05 9.9937E-05 9.9937E-05 0.623933 9.9937E-05 0.0175902 0.0393238
0.148013 9.9946E-05 0.00902829 0.0283896 0.0327312 0.252752 9.9946E-05 9.9946E-05 9.9946E-05 0.0538536 9.9946E-05 0.111492 0.0939452 0.214368 9.9946E-05 0.0548276
0.159762 0.0292676 9.9928E-05 9.9928E-05 0.521906 0.0671962 9.9928E-05 0.0292662 9.9928E-05 0.0377862 9.9928E-05 0.127578 9.9928E-05 0.0264378 9.9928E-05 9.9928E-05
9.9946E-05 0.110508 9.9946E-05 0.0493512 0.017305 0.292755 9.9946E-05 9.9946E-05 9.9946E-05 0.0318753 0.170807 0.0691609 0.0445974 0.20448 0.00856115 9.9946E-05
9.9874E-05 0.99458 9.9874E-05 9.9874E-05 9.9874E-05 9.9874E-05 9.9874E-05 0.00402206 9.9874E-05 9.9874E-05 9.9874E-05 9.9874E-05 9.9874E-05 9.9874E-05 9.9874E-05 9.9874E-05
9.9865E-05 0.998502 9.9865E-05 9.9865E-05 9.9865E-05 9.9865E-05 9.9865E-05 9.9865E-05 9.9865E-05 9.9865E-05 9.9865E-05 9.9865E-05 9.9865E-05 9.9865E-05 9.9865E-05 9.9865E-05
9.994E-05 0.0799966 0.00781169 9.994E-05 9.994E-05 0.0273892 0.0114555 9.994E-05 0.100655 9.994E-05 0.0579057 0.0591353 0.61992 9.994E-05 0.00289877 0.0322322
9.98739E-05 9.98739E-05 9.98739E-05 9.98739E-05 9.98739E-05 0.850754 9.98739E-05 9.98739E-05 9.98739E-05 9.98739E-05 9.98739E-05 9.98739E-05 9.98739E-05 9.98739E-05 9.98739E-05 0.147848
9.99201E-05 9.99201E-05 0.00712272 9.99201E-05 9.99201E-05 0.274544 9.99201E-05 0.1041 9.99201E-05 0.0230573 0.0759423 9.99201E-05 0.292047 0.218883 9.99201E-05 0.00350469
0.0414373 0.00483571 0.00909785 9.9937E-05 0.00566707 9.9937E-05 9.9937E-05 0.0276033 0.0264684 9.9937E-05 9.9937E-05 0.0438913 0.815211 9.9937E-05 0.0250885 9.9937E-05
9.9928E-05 0.018702 0.0293636 0.0102574 9.9928E-05 0.688476 9.9928E-05 9.9928E-05 9.9928E-05 0.00598318 9.9928E-05 0.146248 0.085053 9.9928E-05 0.0151174 9.9928E-05
0.0501374 9.9928E-05 9.9928E-05 0.129454 9.9928E-05 0.742192 9.9928E-05 0.020327 9.9928E-05 0.0318466 9.9928E-05 0.0171679 9.9928E-05 9.9928E-05 0.00537516 0.00270116
9.991E-05 0.0493339 9.991E-05 9.991E-05 9.991E-05 0.797167 9.991E-05 0.0285963 9.991E-05 9.991E-05 9.991E-05 0.0802001 0.0361791 9.991E-05 0.00752448 9.991E-05
9.9955E-05 0.027891 0.0172864 9.9955E-05 0.0743102 0.583926 0.0249862 0.0691172 9.9955E-05 0.0249463 0.0186618 9.9955E-05 0.115462 0.0163625 0.0265509 9.9955E-05
9.9937E-05 9.9937E-05 9.9937E-05 9.9937E-05 0.114481 0.250901 0.0252315 0.0318753 0.0631129 0.120286 0.196432 9.9937E-05 0.141223 0.055757 9.9937E-05 9.9937E-05
0.174071 0.0856238 9.9937E-05 9.9937E-05 9.9937E-05 0.376913 0.0321669 0.0402621 9.9937E-05 0.0599014 0.0157916 9.9937E-05 0.211674 9.9937E-05 9.9937E-05 0.00289617
9.9937E-05 0.157626 9.9937E-05 0.0181899 9.9937E-05 0.132674 9.9937E-05 0.00666922 9.9937E-05 0.0627921 0.133056 9.9937E-05 0.36545 0.111195 0.0116479 9.9937E-05
0.00605621 0.00563055 9.9928E-05 9.9928E-05 9.9928E-05 0.113761 0.0345797 9.9928E-05 0.154085 0.146249 9.9928E-05 9.9928E-05 0.518395 9.9928E-05 9.9928E-05 0.0204437
9.994E-05 0.031115 0.0202915 0.0275353 0.0741452 0.218102 9.994E-05 0.0065311 0.0493421 9.994E-05 0.054881 0.00948347 0.507973 9.994E-05 9.994E-05 9.994E-05
9.995E-05 0.0378247 0.0112746 9.995E-05 0.0722497 0.129511 0.00444949 0.043147 9.995E-05 0.130529 0.0855152 9.995E-05 0.271093 0.130769 9.995E-05 0.0831373
9.98919E-05 9.98919E-05 0.00711487 9.98919E-05 9.98919E-05 9.98919E-05 9.98919E-05 9.98919E-05 0.0585312 9.98919E-05 9.98919E-05 0.0429686 0.890187 9.98919E-05 9.98919E-05 9.98919E-05
9.98648E-05 9.98648E-05 9.98648E-05 9.98648E-05 9.98648E-05 9.98648E-05 9.98648E-05 9.98648E-05 9.98648E-05 9.98648E-05 9.98648E-05 9.98648E-05 9.98648E-05 9.98648E-05 9.98648E-05 0.998502
0.0732263 0.0253676 0.0230708 9.9973E-05 0.0114409 0.382462 0.0288845 0.0170239 9.9973E-05 0.0994876 0.0954237 9.9973E-05 0.17787 0.0329272 0.0181141 0.0144014
9.9937E-05 0.0554642 0.0118302 0.00762597 9.9937E-05 0.490184 9.9937E-05 0.0729678 9.9937E-05 9.9937E-05 9.9937E-05 9.9937E-05 0.300216 0.047453 0.00019593 0.0133636
9.9928E-05 9.9928E-05 9.9928E-05 9.9928E-05 0.143747 0.164023 0.0243115 0.0350305 0.0636544 9.9928E-05 9.9928E-05 9.9928E-05 0.543305 9.9928E-05 0.0053743 0.0197551
9.9892E-05 9.9892E-05 9.9892E-05 9.9892E-05 9.9892E-05 9.9892E-05 9.9892E-05 9.9892E-05 0.116894 9.9892E-05 9.9892E-05 0.0245949 0.845174 9.9892E-05 9.9892E-05 0.0121388
0.123001 0.0225005 9.9928E-05 9.9928E-05 9.9928E-05 0.417081 0.0159441 9.9928E-05 9.9928E-05 0.0447499 0.142495 9.9928E-05 0.231779 9.9928E-05 0.00164971 9.9928E-05
0.0636188 0.0772856 0.00341678 0.0437644 9.9937E-05 0.234997 0.0621339 9.9937E-05 9.9937E-05 0.00198231 0.11818 9.9937E-05 0.393922 9.9937E-05 9.9937E-05 9.9937E-05
9.9865E-05 9.9865E-05 9.9865E-05 9.9865E-05 9.9865E-05 9.9865E-05 9.9865E-05 9.9865E-05 9.9865E-05 0.998502 9.9865E-05 9.9865E-05 9.9865E-05 9.9865E-05 9.9865E-05 9.9865E-05
9.98649E-05 9.98649E-05 9.98649E-05 9.98649E-05 9.98649E-05 9.98649E-05 9.98649E-05 9.98649E-05 9.98649E-05 9.98649E-05 9.98649E-05 9.98649E-05 9.98649E-05 9.98649E-05 9.98649E-05 0.998502
9.98739E-05 9.98739E-05 9.98739E-05 9.98739E-05 9.98739E-05 9.98739E-05 9.98739E-05 0.00617941 9.98739E-05 0.992422 9.98739E-05 9.98739E-05 9.98739E-05 9.98739E-05 9.98739E-05 9.98739E-05
9.9901E-05 9.9901E-05 9.9901E-05 9.9901E-05 9.9901E-05 0.792769 9.9901E-05 0.02874 9.9901E-05 9.9901E-05 9.9901E-05 9.9901E-05 0.0283266 0.146188 9.9901E-05 0.00287804
9.9946E-05 9.9946E-05 0.0359897 0.00947674 9.9946E-05 0.553307 9.9946E-05 0.0191961 9.9946E-05 0.0763542 9.9946E-05 0.0294732 0.106492 0.136065 0.00391526 0.0291309
9.994E-05 0.00481793 9.994E-05 0.0158371 0.0189705 0.418552 0.053681 9.994E-05 9.994E-05 0.0283166 0.0790495 9.994E-05 0.23734 0.115398 9.994E-05 0.027438
9.9937E-05 0.00462145 0.0187127 9.9937E-05 9.9937E-05 0.190311 0.0239322 0.0105795 9.9937E-05 0.0640766 9.9937E-05 9.9937E-05 0.625742 0.0587571 9.9937E-05 0.00256744
9.991E-05 9.991E-05 0.0264839 0.00244044 9.991E-05 9.991E-05 9.991E-05 9.991E-05 9.991E-05 9.991E-05 9.991E-05 9.991E-05 0.818228 0.129514 0.0146271 0.00770808
9.98739E-05 9.98739E-05 9.98739E-05 9.98739E-05 9.98739E-05 0.916623 9.98739E-05 9.98739E-05 9.98739E-05 9.98739E-05 9.98739E-05 9.98739E-05 9.98739E-05 9.98739E-05 9.98739E-05 0.0819783
9.9937E-05 0.00776907 9.9937E-05 9.9937E-05 0.052202 0.355715 0.0415136 9.9937E-05 0.0033081 9.9937E-05 9.9937E-05 9.9937E-05 0.314674 0.187032 0.018765 0.018322
9.9919E-05 0.003614 0.00204965 9.9919E-05 9.9919E-05 0.129171 9.9919E-05 9.9919E-05 9.9919E-05 0.0792864 0.763231 0.00478331 9.9919E-05 9.9919E-05 0.0169649 9.9919E-05
9.9901E-05 0.0243953 9.9901E-05 9.9901E-05 9.9901E-05 9.9901E-05 9.9901E-05 0.0175045 0.0354343 9.9901E-05 0.919387 9.9901E-05 9.9901E-05 9.9901E-05 9.9901E-05 0.00217993
9.991E-05 0.0395103 0.0163365 9.991E-05 9.991E-05 9.991E-05 9.991E-05 0.00301215 9.991E-05 0.0222011 0.910945 9.991E-05 9.991E-05 9.991E-05 9.991E-05 0.00699589
9.98741E-05 9.98741E-05 9.98741E-05 9.98741E-05 9.98741E-05 0.144812 9.98741E-05 9.98741E-05 9.98741E-05 9.98741E-05 0.85379 9.98741E-05 9.98741E-05 9.98741E-05 9.98741E-05 9.98741E-05
0.190962 9.9928E-05 9.9928E-05 0.0464372 9.9928E-05 0.00950737 0.00132242 9.9928E-05 9.9928E-05 9.9928E-05 0.616855 0.0302557 0.101178 9.9928E-05 9.9928E-05 0.00268303
0.0315675 9.991E-05 9.991E-05 0.0744943 9.991E-05 9.991E-05 9.991E-05 9.991E-05 9.991E-05 9.991E-05 0.768433 0.0306916 0.093546 9.991E-05 9.991E-05 0.000268858
0.00138235 9.9892E-05 9.9892E-05 9.9892E-05 0.0608294 9.9892E-05 0.0188011 9.9892E-05 9.9892E-05 9.9892E-05 0.917788 9.9892E-05 9.9892E-05 9.9892E-05 9.9892E-05 9.9892E-05
9.991E-05 0.0107784 9.991E-05 0.0512478 9.991E-05 0.0672795 0.013329 9.991E-05 9.991E-05 9.991E-05 0.840309 9.991E-05 9.991E-05 9.991E-05 0.0160569 9.991E-05
0.0268072 9.9937E-05 0.0109919 0.0243036 0.00845599 9.9937E-05 9.9937E-05 9.9937E-05 0.0640774 9.9937E-05 0.829534 9.9937E-05 9.9937E-05 0.026968 0.00291178 0.00525038
9.991E-05 9.991E-05 0.024323 9.991E-05 9.991E-05 0.0960847 9.991E-05 0.0074721 9.991E-05 9.991E-05 0.707916 9.991E-05 9.991E-05 0.152288 9.991E-05 0.0109174
9.9928E-05 0.00770689 9.9928E-05 0.122743 9.9928E-05 9.9928E-05 9.9928E-05 9.9928E-05 0.00974707 0.0290743 0.694772 9.9928E-05 0.0791071 0.0532612 0.00278859 9.9928E-05
9.9919E-05 9.9919E-05 9.9919E-05 0.0709024 9.9919E-05 9.9919E-05 9.9919E-05 0.00899474 9.9919E-05 0.0437751 9.9919E-05 0.779468 9.9919E-05 0.0630439 0.007767 0.0251498
0.052527 0.0107338 0.0116479 9.9937E-05 0.0824761 9.9937E-05 9.9937E-05 0.00443483 9.9937E-05 9.9937E-05 0.167659 0.61621 9.9937E-05 9.9937E-05 0.00569167 0.0479195
9.9928E-05 0.017717 0.0232957 0.0204036 9.9928E-05 9.9928E-05 9.9928E-05 9.9928E-05 0.0768264 9.9928E-05 9.9928E-05 0.700812 0.110941 0.0238775 0.0253273 9.9928E-05
0.134441 0.029684 0.00670868 9.99191E-05 9.99191E-05 9.99191E-05 0.0627422 9.99191E-05 9.99191E-05 0.000955136 9.99191E-05 0.740152 0.024418 9.99191E-05 9.99191E-05 9.99191E-05
9.991E-05 9.991E-05 0.0351184 9.991E-05 9.991E-05 0.0682213 9.991E-05 0.0459804 9.991E-05 9.991E-05 9.991E-05 0.627075 9.991E-05 0.180637 0.0419688 9.991E-05
9.9946E-05 9.9946E-05 0.0222698 9.9946E-05 0.140896 0.0712912 9.9946E-05 0.00385435 0.0621325 0.0223409 0.0855992 0.576814 9.9946E-05 9.9946E-05 0.0116624 0.00253949
0.00206251 9.9928E-05 9.9928E-05 0.0589183 9.9928E-05 9.9928E-05 9.9928E-05 0.00643052 0.0532001 9.9928E-05 9.9928E-05 0.781409 0.0324541 0.0240498 9.9928E-05 0.0406763
9.9928E-05 0.0546029 0.0219848 9.9928E-05 0.141715 9.9928E-05 9.9928E-05 0.0228917 9.9928E-05 9.9928E-05 9.9928E-05 0.694036 0.0325558 9.9928E-05 0.00568143 0.025733
9.99369E-05 0.0474049 0.0105699 0.00205893 9.99369E-05 0.152583 9.99369E-05 9.99369E-05 0.0613774 0.114929 9.99369E-05 0.564581 9.99369E-05 9.99369E-05 0.0389316 0.00686462
9.98921E-05 9.98921E-05 9.98921E-05 9.98921E-05 9.98921E-05 9.98921E-05 9.98921E-05 9.98921E-05 9.98921E-05 9.98921E-05 0.146205 0.608165 9.98921E-05 0.243725 9.98921E-05 0.000706042
9.9937E-05 0.0102203 0.0277513 9.9937E-05 9.9937E-05 9.9937E-05 9.9937E-05 0.025596 0.019696 0.046698 9.9937E-05 0.77068 9.9937E-05 0.0858406 0.0117513 0.00106707
0.034296 9.99304E-05 9.99304E-05 0.0188462 0.40078 9.99304E-05 0.0483387 0.0117391 9.99304E-05 0.011661 9.99304E-05 0.367764 9.99304E-05 0.105775 9.99304E-05 9.99304E-05
9.9937E-05 0.025573 0.016874 9.9937E-05 0.371268 9.9937E-05 0.00438421 0.00408515 9.9937E-05 9.9937E-05 0.115676 0.219195 0.00190175 0.240343 9.9937E-05 9.9937E-05
0.144077 9.9919E-05 9.9919E-05 9.9919E-05 0.29766 0.230444 9.9919E-05 9.9919E-05 9.9919E-05 0.0218332 0.0290826 0.255821 9.9919E-05 9.9919E-05 0.0201829 9.9919E-05
9.991E-05 9.991E-05 9.991E-05 0.0441209 0.831292 9.991E-05 9.991E-05 9.991E-05 9.991E-05 0.0327869 9.991E-05 9.991E-05 0.0449984 9.991E-05 0.0349048 0.0108976
9.9892E-05 9.9892E-05 9.9892E-05 9.9892E-05 0.842128 0.134014 0.0160358 9.9892E-05 9.9892E-05 9.9892E-05 9.9892E-05 9.9892E-05 9.9892E-05 9.9892E-05 0.00662346 9.9892E-05
9.9883E-05 9.9883E-05 9.9883E-05 9.9883E-05 0.921127 9.9883E-05 9.9883E-05 9.9883E-05 9.9883E-05 0.0193383 0.0582364 9.9883E-05 9.9883E-05 9.9883E-05 9.9883E-05 9.9883E-05
0.0510613 0.0212069 9.9928E-05 9.9928E-05 0.759009 9.9928E-05 9.9928E-05 9.9928E-05 9.9928E-05 0.0227626 0.00485871 0.0888156 0.0473898 9.9928E-05 0.00409719 9.9928E-05
9.98651E-05 9.98651E-05 9.98651E-05 9.98651E-05 0.998502 9.98651E-05 9.98651E-05 9.98651E-05 9.98651E-05 9.98651E-05 9.98651E-05 9.98651E-05 9.98651E-05 9.98651E-05 9.98651E-05 9.98651E-05
9.99279E-05 9.99279E-05 0.0118381 9.99279E-05 0.687315 0.0817935 9.99279E-05 0.0239646 0.0436161 9.99279E-05 9.99279E-05 0.0725293 9.99279E-05 0.056365 0.0217787 9.99279E-05
0.0713897 9.9901E-05 9.9901E-05 9.9901E-05 0.728303 0.168676 9.9901E-05 0.0238095 9.9901E-05 9.9901E-05 9.9901E-05 9.9901E-05 9.9901E-05 9.9901E-05 9.9901E-05 0.00672322
9.991E-05 0.0522983 0.00230396 9.991E-05 0.879209 9.991E-05 9.991E-05 9.991E-05 9.991E-05 9.991E-05 0.00162673 9.991E-05 9.991E-05 0.0604363 9.991E-05 0.0031266
9.9901E-05 9.9901E-05 9.9901E-05 9.9901E-05 0.23875 0.182517 9.9901E-05 0.00543182 9.9901E-05 0.0413294 9.9901E-05 0.530873 9.9901E-05 9.9901E-05 9.9901E-05 9.9901E-05
9.9955E-05 9.9955E-05 0.00388653 0.00106618 0.0806258 0.0955465 0.0191824 0.00469315 0.0146279 9.9955E-05 9.9955E-05 0.696888 0.0660385 9.9955E-05 0.00637536 0.0105697
9.991E-05 0.00884109 9.991E-05 0.0782372 9.991E-05 0.210387 0.01131 9.991E-05 9.991E-05 9.991E-05 9.991E-05 0.669327 9.991E-05 9.991E-05 9.991E-05 0.0208987
0.00838385 9.9901E-05 9.9901E-05 0.077165 9.9901E-05 0.251663 9.9901E-05 9.9901E-05 9.9901E-05 9.9901E-05 9.9901E-05 0.643737 9.9901E-05 9.9901E-05 0.0179517 9.9901E-05
9.99189E-05 9.99189E-05 0.0107498 9.99189E-05 9.99189E-05 0.0851117 0.0327162 9.99189E-05 0.0841131 0.0468624 9.99189E-05 0.710359 9.99189E-05 0.0291885 9.99189E-05 9.99189E-05
9.9928E-05 9.9928E-05 9.9928E-05 9.9928E-05 0.0143779 9.9928E-05 0.016246 0.0129796 0.268428 0.0525874 0.0579258 0.569722 9.9928E-05 9.9928E-05 0.00693341 9.9928E-05
9.9946E-05 0.0387378 0.0263322 9.9946E-05 0.116423 0.0993612 0.00760438 9.9946E-05 0.106986 0.0205092 9.9946E-05 0.544765 0.0184117 9.9946E-05 0.0202699 9.9946E-05
0.115553 0.00475541 9.99281E-05 0.00189987 9.99281E-05 0.047358 9.99281E-05 0.00716791 9.99281E-05 0.0269899 9.99281E-05 0.754312 9.99281E-05 9.99281E-05 9.99281E-05 0.0411645
9.9901E-05 9.9901E-05 9.9901E-05 9.9901E-05 9.9901E-05 9.9901E-05 9.9901E-05 9.9901E-05 9.9901E-05 0.062706 0.00686682 0.808621 9.9901E-05 0.101601 9.9901E-05 0.0191066
9.9928E-05 9.9928E-05 9.9928E-05 9.9928E-05 9.9928E-05 0.0145585 0.0584463 9.9928E-05 0.0041056 9.9928E-05 0.00843347 0.68969 0.0816563 0.136067 9.9928E-05 0.00624341
9.9928E-05 0.0360778 0.0106756 0.0772519 0.179411 0.067316 9.9928E-05 9.9928E-05 9.9928E-05 9.9928E-05 0.0170595 0.477007 9.9928E-05 0.134402 9.9928E-05 9.9928E-05
9.9919E-05 0.0649693 9.9919E-05 0.0601752 0.251086 9.9919E-05 9.9919E-05 9.9919E-05 9.9919E-05 0.0373633 9.9919E-05 0.540832 9.9919E-05 9.9919E-05 0.00730382 0.0373711
9.9892E-05 9.9892E-05 0.00384914 9.9892E-05 9.9892E-05 0.183202 9.9892E-05 9.9892E-05 9.9892E-05 9.9892E-05 9.9892E-05 0.804254 9.9892E-05 9.9892E-05 0.00749524 9.9892E-05
9.9892E-05 9.9892E-05 9.9892E-05 9.9892E-05 9.9892E-05 9.9892E-05 9.9892E-05 0.0147274 0.915741 0.0308069 9.9892E-05 0.037526 9.9892E-05 9.9892E-05 9.9892E-05 9.9892E-05
9.991E-05 9.991E-05 9.991E-05 0.0196605 0.0362097 0.0723279 9.991E-05 9.991E-05 0.841495 9.991E-05 9.991E-05 9.991E-05 9.991E-05 9.991E-05 0.00400718 0.025301
9.9919E-05 9.9919E-05 0.00275969 9.9919E-05 9.9919E-05 0.101453 0.00484317 0.00248193 0.862983 0.00890381 9.9919E-05 9.9919E-05 9.9919E-05 9.9919E-05 0.0156756 9.9919E-05
9.991E-05 9.991E-05 9.991E-05 9.991E-05 9.991E-05 0.153827 0.0488978 9.991E-05 0.698412 9.991E-05 9.991E-05 0.0286385 9.991E-05 0.0655158 9.991E-05 0.00370929
9.9901E-05 0.0196299 9.9901E-05 9.9901E-05 0.037186 9.9901E-05 0.0332481 9.9901E-05 0.840148 9.9901E-05 9.9901E-05 9.9901E-05 0.068689 9.9901E-05 9.9901E-05 9.9901E-05
9.9928E-05 9.9928E-05 0.00420489 0.0282248 9.9928E-05 9.9928E-05 9.9928E-05 0.0217226 0.846781 9.9928E-05 9.9928E-05 0.00733941 0.016025 0.0512274 9.9928E-05 0.0236758
9.9865E-05 9.9865E-05 9.9865E-05 9.9865E-05 9.9865E-05 9.9865E-05 9.9865E-05 9.9865E-05 0.998502 9.9865E-05 9.9865E-05 9.9865E-05 9.9865E-05 9.9865E-05 9.9865E-05 9.9865E-05
9.98921E-05 0.0126867 9.98921E-05 0.0647102 9.98921E-05 9.98921E-05 0.0576771 9.98921E-05 0.863727 9.98921E-05 9.98921E-05 9.98921E-05 9.98921E-05 9.98921E-05 9.98921E-05 9.98921E-05
