9.98559E-05 9.98559E-05 9.98559E-05 9.98559E-05 9.98559E-05 9.98559E-05 9.98559E-05 9.98559E-05 9.98559E-05 9.98559E-05 9.98559E-05 9.98559E-05 0.998402 9.98559E-05 9.98559E-05 9.98559E-05 9.98559E-05
0.0151779 0.0587717 0.0112134 9.9937E-05 0.640586 0.000574962 9.9937E-05 0.0314698 9.9937E-05 9.9937E-05 9.9937E-05 0.00811513 0.0529712 0.101396 9.9937E-05 0.0790241 9.9937E-05
0.0195131 9.991E-05 0.0157279 9.991E-05 0.716645 9.991E-05 0.0553727 9.991E-05 9.991E-05 9.991E-05 0.0140503 0.119716 0.0579759 9.991E-05 9.991E-05 9.991E-05 9.991E-05
0.0501867 9.991E-05 9.991E-05 9.991E-05 0.782328 9.991E-05 0.0904976 0.00267927 9.991E-05 0.0428258 9.991E-05 9.991E-05 9.991E-05 9.991E-05 9.991E-05 0.030176 0.00030785
0.00195008 9.9928E-05 0.0542951 9.9928E-05 0.7816 9.9928E-05 9.9928E-05 9.9928E-05 0.0100906 0.00941731 9.9928E-05 0.039362 0.0163508 9.9928E-05 0.0526519 9.9928E-05 0.0334829
0.00540467 9.9901E-05 9.9901E-05 0.00292997 0.863788 9.9901E-05 9.9901E-05 0.0239345 9.9901E-05 9.9901E-05 0.0134082 0.0894358 9.9901E-05 9.9901E-05 9.9901E-05 9.9901E-05 9.9901E-05
9.98559E-05 9.98559E-05 9.98559E-05 9.98559E-05 9.98559E-05 9.98559E-05 9.98559E-05 9.98559E-05 9.98559E-05 9.98559E-05 9.98559E-05 9.98559E-05 0.998402 9.98559E-05 9.98559E-05 9.98559E-05 9.98559E-05
0.0149249 9.9937E-05 9.9937E-05 9.9937E-05 0.681321 9.9937E-05 9.9937E-05 0.0116105 0.0102135 0.0425536 0.016272 9.9937E-05 0.0982721 0.0770112 0.0449357 9.9937E-05 0.00218631
0.0151263 0.00957583 9.9919E-05 9.9919E-05 0.730413 0.0335077 9.9919E-05 9.9919E-05 9.9919E-05 0.152118 9.9919E-05 9.9919E-05 0.0336985 9.9919E-05 0.0180511 9.9919E-05 0.00661052
9.9928E-05 9.9928E-05 9.9928E-05 9.9928E-05 0.787811 0.0601598 0.00542038 0.0079858 9.9928E-05 0.0520822 9.9928E-05 9.9928E-05 0.000852857 0.0343245 9.9928E-05 0.0398177 0.0107459
0.00469254 0.0597208 9.9928E-05 9.9928E-05 0.709893 9.9928E-05 0.0488298 0.0185064 0.00575728 9.9928E-05 0.0141277 0.0347024 9.9928E-05 0.102971 9.9928E-05 9.9928E-05 9.9928E-05
0.0211422 0.00221196 9.9937E-05 9.9937E-05 0.666498 0.028294 0.0581329 0.00198587 9.9937E-05 9.9937E-05 0.0157222 9.9937E-05 0.0180751 0.185539 9.9937E-05 9.9937E-05 0.00169956
9.99101E-05 9.99101E-05 9.99101E-05 9.99101E-05 0.708382 0.0454219 9.99101E-05 0.0236192 9.99101E-05 9.99101E-05 0.0321477 9.99101E-05 0.0400323 0.0440224 0.105375 9.99101E-05 9.99101E-05
0.00685986 9.99189E-05 9.99189E-05 0.0414394 0.65216 0.0444725 9.99189E-05 0.0251453 0.0308742 9.99189E-05 9.99189E-05 0.184593 0.0135569 9.99189E-05 9.99189E-05 9.99189E-05 9.99189E-05
9.9919E-05 0.0490229 0.0239735 9.9919E-05 0.792947 0.0113572 0.0810333 9.9919E-05 9.9919E-05 0.0200569 9.9919E-05 0.00505823 9.9919E-05 9.9919E-05 0.0156514 9.9919E-05 9.9919E-05
9.98831E-05 9.98831E-05 9.98831E-05 9.98831E-05 0.863097 9.98831E-05 9.98831E-05 9.98831E-05 9.98831E-05 0.0904332 9.98831E-05 0.0351953 9.98831E-05 9.98831E-05 0.00997586 9.98831E-05 9.98831E-05
9.9901E-05 9.9901E-05 0.0244256 0.0202723 0.890851 9.9901E-05 9.9901E-05 9.9901E-05 9.9901E-05 9.9901E-05 0.00576534 9.9901E-05 0.0560137 9.9901E-05 9.9901E-05 9.9901E-05 0.00157263
9.9892E-05 9.9892E-05 0.036143 0.0234846 0.905081 9.9892E-05 9.9892E-05 9.9892E-05 9.9892E-05 9.9892E-05 0.0123541 9.9892E-05 0.0217391 9.9892E-05 9.9892E-05 9.9892E-05 9.9892E-05
9.9883E-05 9.9883E-05 0.0527728 0.0423238 0.839822 9.9883E-05 9.9883E-05 9.9883E-05 9.9883E-05 9.9883E-05 9.9883E-05 9.9883E-05 0.0637831 9.9883E-05 9.9883E-05 9.9883E-05 9.9883E-05
9.9883E-05 9.9883E-05 9.9883E-05 9.9883E-05 0.913601 9.9883E-05 0.0602217 9.9883E-05 9.9883E-05 9.9883E-05 0.0153969 9.9883E-05 9.9883E-05 9.9883E-05 9.9883E-05 9.9883E-05 0.00948203
9.9856E-05 9.9856E-05 9.9856E-05 9.9856E-05 9.9856E-05 9.9856E-05 9.9856E-05 9.9856E-05 0.998402 9.9856E-05 9.9856E-05 9.9856E-05 9.9856E-05 9.9856E-05 9.9856E-05 9.9856E-05 9.9856E-05
0.00457504 9.9883E-05 9.9883E-05 9.9883E-05 9.9883E-05 0.889689 9.9883E-05 0.0183105 9.9883E-05 9.9883E-05 9.9883E-05 9.9883E-05 9.9883E-05 0.0861271 9.9883E-05 9.9883E-05 9.9883E-05
9.991E-05 9.991E-05 0.073721 9.991E-05 0.00449674 0.823685 9.991E-05 0.00208174 9.991E-05 9.991E-05 9.991E-05 0.0495293 0.0140087 9.991E-05 9.991E-05 9.991E-05 0.0314783
9.9883E-05 9.9883E-05 0.00399286 0.0183919 9.9883E-05 0.970665 9.9883E-05 9.9883E-05 9.9883E-05 9.9883E-05 9.9883E-05 9.9883E-05 9.9883E-05 9.9883E-05 9.9883E-05 9.9883E-05 0.00565141
9.9874E-05 9.9874E-05 9.9874E-05 9.9874E-05 9.9874E-05 0.902146 0.0819624 9.9874E-05 0.0144935 9.9874E-05 9.9874E-05 9.9874E-05 9.9874E-05 9.9874E-05 9.9874E-05 9.9874E-05 9.9874E-05
0.0125146 9.9883E-05 9.9883E-05 9.9883E-05 9.9883E-05 0.975581 9.9883E-05 9.9883E-05 9.9883E-05 9.9883E-05 0.00752351 9.9883E-05 0.0030827 9.9883E-05 9.9883E-05 9.9883E-05 9.9883E-05
9.9883E-05 9.9883E-05 0.00682278 0.0473992 9.9883E-05 0.905249 9.9883E-05 9.9883E-05 9.9883E-05 9.9883E-05 9.9883E-05 9.9883E-05 9.9883E-05 9.9883E-05 0.0392302 9.9883E-05 9.9883E-05
9.9856E-05 9.9856E-05 9.9856E-05 9.9856E-05 9.9856E-05 9.9856E-05 9.9856E-05 9.9856E-05 0.998402 9.9856E-05 9.9856E-05 9.9856E-05 9.9856E-05 9.9856E-05 9.9856E-05 9.9856E-05 9.9856E-05
9.9892E-05 9.9892E-05 9.9892E-05 9.9892E-05 9.9892E-05 0.0351941 0.936966 9.9892E-05 0.00958613 0.0162173 9.9892E-05 9.9892E-05 9.9892E-05 9.9892E-05 9.9892E-05 9.9892E-05 0.000837813
9.9883E-05 9.9883E-05 0.0183217 9.9883E-05 9.9883E-05 9.9883E-05 0.89665 0.0075533 9.9883E-05 9.9883E-05 9.9883E-05 9.9883E-05 9.9883E-05 0.0761769 9.9883E-05 9.9883E-05 9.9883E-05
9.9856E-05 9.9856E-05 9.9856E-05 9.9856E-05 9.9856E-05 9.9856E-05 0.998402 9.9856E-05 9.9856E-05 9.9856E-05 9.9856E-05 9.9856E-05 9.9856E-05 9.9856E-05 9.9856E-05 9.9856E-05 9.9856E-05
9.9919E-05 9.9919E-05 0.0284269 0.0628936 9.9919E-05 0.589132 0.181438 9.9919E-05 0.0351569 0.072817 0.0258666 9.9919E-05 0.00336988 9.9919E-05 9.9919E-05 9.9919E-05 9.9919E-05
9.9928E-05 9.9928E-05 9.9928E-05 0.00622078 9.9928E-05 0.0779146 0.714686 0.0234691 0.0530992 9.9928E-05 9.9928E-05 0.00840852 0.0239166 9.9928E-05 0.0480341 0.0434516 9.9928E-05
0.0138252 9.9883E-05 9.9883E-05 9.9883E-05 9.9883E-05 9.9883E-05 0.930854 0.0423331 0.011689 9.9883E-05 9.9883E-05 9.9883E-05 9.9883E-05 9.9883E-05 9.9883E-05 9.9883E-05 9.9883E-05
0.00511059 0.0223837 9.9928E-05 9.9928E-05 9.9928E-05 0.0424888 0.81833 0.00944574 9.9928E-05 9.9928E-05 0.00632167 9.9928E-05 0.0290281 9.9928E-05 0.0380052 9.9928E-05 0.0280871
0.061026 0.0841028 0.00287736 9.99549E-05 0.0390464 0.289264 0.214429 0.00632748 0.00610585 9.99549E-05 0.00960839 0.103018 9.99549E-05 0.113658 9.99549E-05 0.0700365 9.99549E-05
0.0248486 9.991E-05 0.0485056 0.117044 0.00778895 0.0414476 0.758868 9.991E-05 9.991E-05 9.991E-05 0.000498254 9.991E-05 9.991E-05 9.991E-05 9.991E-05 9.991E-05 9.991E-05
0.00520343 9.991E-05 0.16082 0.637748 9.991E-05 9.991E-05 0.0374496 9.991E-05 0.0218013 9.991E-05 9.991E-05 9.991E-05 9.991E-05 0.0320951 9.991E-05 0.103883 9.991E-05
9.9937E-05 0.0982364 0.0289328 0.640556 9.9937E-05 9.9937E-05 9.9937E-05 0.0105484 9.9937E-05 9.9937E-05 0.0105297 0.0392519 0.0342489 9.9937E-05 0.0826082 0.0521908 0.00219705
0.0261397 0.0121272 9.9937E-05 0.658399 0.0429398 9.9937E-05 0.040898 0.00387901 9.9937E-05 9.9937E-05 0.00634515 0.126685 9.9937E-05 0.0249741 0.056914 9.9937E-05 9.9937E-05
9.9901E-05 0.0412657 0.0343765 0.724533 9.9901E-05 0.122591 9.9901E-05 9.9901E-05 9.9901E-05 9.9901E-05 9.9901E-05 9.9901E-05 0.0482299 9.9901E-05 9.9901E-05 0.0279051 9.9901E-05
0.0435952 9.9937E-05 0.0704422 0.576958 9.9937E-05 9.9937E-05 9.9937E-05 0.0203216 0.0281552 9.9937E-05 0.00134466 0.0807814 0.0461668 0.107365 9.9937E-05 9.9937E-05 0.0241711
0.00140609 9.99324E-05 9.99324E-05 0.827839 9.99324E-05 9.99324E-05 0.0251068 9.99324E-05 0.00982756 0.0573283 0.00796603 9.99324E-05 0.0241554 9.99324E-05 0.0211276 9.99324E-05 0.0244432
0.00735254 9.9955E-05 0.0693173 0.482771 0.0443959 0.0587788 9.9955E-05 0.0219366 0.00482824 9.9955E-05 9.9955E-05 0.0682924 0.000612424 0.174765 9.9955E-05 0.0536193 0.0128301
0.00781306 0.0401856 0.0247658 0.709596 9.9955E-05 9.9955E-05 0.108734 0.00354028 9.9955E-05 0.0100461 0.00290128 9.9955E-05 0.0265618 0.0285573 9.9955E-05 0.0164962 0.0203027
9.9919E-05 9.9919E-05 0.0814458 0.623527 0.0523301 9.9919E-05 0.0939859 9.9919E-05 9.9919E-05 0.000911105 9.9919E-05 0.0797629 9.9919E-05 0.0470669 9.9919E-05 9.9919E-05 0.020071
9.991E-05 0.033172 9.991E-05 0.79611 9.991E-05 0.06725 9.991E-05 0.00238856 9.991E-05 9.991E-05 0.0233174 0.0622848 9.991E-05 9.991E-05 9.991E-05 9.991E-05 0.0144785
0.00868556 9.9919E-05 9.9919E-05 0.675978 9.9919E-05 9.9919E-05 9.9919E-05 0.00456785 0.0005961 9.9919E-05 9.9919E-05 9.9919E-05 0.0341191 0.140155 0.0366623 0.0983372 9.9919E-05
9.991E-05 9.991E-05 9.991E-05 0.922899 0.00977148 9.991E-05 9.991E-05 0.00622316 0.0269431 0.00104767 0.00200608 9.991E-05 0.03011 9.991E-05 9.991E-05 9.991E-05 9.991E-05
9.99123E-05 0.0103265 0.0675398 0.437885 9.99123E-05 9.99123E-05 9.99123E-05 0.0103944 0.0163303 9.99123E-05 9.99123E-05 9.99123E-05 9.99123E-05 0.398979 9.99123E-05 0.0575451 9.99123E-05
0.0133752 9.9928E-05 9.9928E-05 0.745289 9.9928E-05 0.020032 9.9928E-05 9.9928E-05 0.00459254 9.9928E-05 0.0445581 0.0707107 0.0483794 0.0354717 0.0167916 9.9928E-05 9.9928E-05
0.0037195 9.9919E-05 0.0117064 0.792982 9.9919E-05 9.9919E-05 0.0605628 9.9919E-05 0.00517781 9.9919E-05 0.0121488 0.0891714 0.0236321 9.9919E-05 9.9919E-05 9.9919E-05 9.9919E-05
9.99189E-05 9.99189E-05 9.99189E-05 0.818068 0.0224944 9.99189E-05 9.99189E-05 0.0315644 9.99189E-05 9.99189E-05 9.99189E-05 9.99189E-05 0.000388009 0.0136705 0.0494991 0.0148432 0.0485729
9.99244E-05 0.00547168 0.0581408 0.67783 0.0579972 9.99244E-05 0.0709354 9.99244E-05 9.99244E-05 9.99244E-05 0.0171734 9.99244E-05 0.0387033 0.0728491 9.99244E-05 9.99244E-05 9.99244E-05
0.00321779 9.9946E-05 0.0126558 0.776266 0.0512425 9.9946E-05 0.00206656 0.0112964 0.0115281 0.0787134 0.0127113 9.9946E-05 9.9946E-05 9.9946E-05 9.9946E-05 0.00779012 0.0319121
0.0261382 0.0113739 9.9937E-05 0.556193 0.0547035 0.0435168 9.9937E-05 9.9937E-05 0.000100272 9.9937E-05 0.0209285 0.116559 9.9937E-05 0.108925 0.0608625 9.9937E-05 9.9937E-05
9.991E-05 0.00271658 9.991E-05 0.773204 0.0408715 9.991E-05 0.0510123 9.991E-05 0.0100641 9.991E-05 9.991E-05 0.0985202 9.991E-05 9.991E-05 9.991E-05 9.991E-05 0.0226124
0.0301168 0.462203 0.120744 0.124645 9.9919E-05 0.0685484 9.9919E-05 0.00444812 9.9919E-05 9.9919E-05 9.9919E-05 0.176509 9.9919E-05 9.9919E-05 0.0118871 9.9919E-05 9.9919E-05
0.998402 9.98558E-05 9.98558E-05 9.98558E-05 9.98558E-05 9.98558E-05 9.98558E-05 9.98558E-05 9.98558E-05 9.98558E-05 9.98558E-05 9.98558E-05 9.98558E-05 9.98558E-05 9.98558E-05 9.98558E-05 9.98558E-05
9.9937E-05 0.622459 0.00204084 9.9937E-05 9.9937E-05 0.0645997 9.9937E-05 0.0339069 0.0115003 0.115672 9.9937E-05 9.9937E-05 0.038017 0.0287569 9.9937E-05 0.00730151 0.0750461
0.0109867 0.586992 0.0378324 0.120696 0.0100705 9.9955E-05 9.9955E-05 0.0139825 0.00615169 9.9955E-05 0.00394293 9.9955E-05 0.0452563 0.0184752 0.0947606 9.9955E-05 0.0503535
0.0442442 0.64707 0.0653729 0.0104573 9.9946E-05 0.028515 0.00142801 0.012185 9.9946E-05 0.0632534 0.0166105 9.9946E-05 9.9946E-05 9.9946E-05 0.0844744 9.9946E-05 0.0257898
9.9928E-05 0.652139 0.0317644 0.11213 0.0273858 9.9928E-05 0.0701519 9.9928E-05 0.000626781 0.0628252 0.0269701 9.9928E-05 9.9928E-05 9.9928E-05 9.9928E-05 9.9928E-05 0.015207
9.98559E-05 9.98559E-05 9.98559E-05 9.98559E-05 9.98559E-05 9.98559E-05 9.98559E-05 0.998402 9.98559E-05 9.98559E-05 9.98559E-05 9.98559E-05 9.98559E-05 9.98559E-05 9.98559E-05 9.98559E-05 9.98559E-05
0.998402 9.98558E-05 9.98558E-05 9.98558E-05 9.98558E-05 9.98558E-05 9.98558E-05 9.98558E-05 9.98558E-05 9.98558E-05 9.98558E-05 9.98558E-05 9.98558E-05 9.98558E-05 9.98558E-05 9.98558E-05 9.98558E-05
0.0359428 0.575024 9.9928E-05 9.9928E-05 0.0737701 9.9928E-05 9.9928E-05 0.0323026 9.9928E-05 9.9928E-05 0.0350716 0.133403 0.00854488 0.083378 9.9928E-05 9.9928E-05 0.0217631
9.9955E-05 0.350898 0.21647 0.0321427 0.0369524 9.9955E-05 0.187031 0.0432029 0.0235922 9.9955E-05 0.0262138 9.9955E-05 0.000739799 9.9955E-05 0.0261361 0.0354212 0.0207001
0.0533038 0.38689 0.170996 0.0126286 0.0282132 9.9964E-05 0.0451763 0.0348466 0.00561359 9.9964E-05 0.0309174 9.9964E-05 9.9964E-05 0.0337672 0.107414 0.0445649 0.0452682
0.0481493 0.527706 0.173587 0.0124882 0.0115039 0.0381318 9.9955E-05 0.031241 0.0305931 9.9955E-05 0.0206958 9.9955E-05 9.9955E-05 9.9955E-05 0.0357289 0.0274228 0.0422522
0.0983176 0.469859 0.07301 9.9964E-05 0.0234325 0.0577206 0.0170864 0.0422369 0.00473761 0.0789207 0.0352211 9.9964E-05 0.014464 9.9964E-05 9.9964E-05 0.0221818 0.0624122
0.0569918 0.629684 0.0821811 0.0409955 9.9937E-05 0.022242 9.9937E-05 0.0366878 9.9937E-05 0.0608245 0.0266148 9.9937E-05 0.0339065 9.9937E-05 9.9937E-05 9.9937E-05 0.0091727
0.0166453 0.648502 0.010801 0.0919159 9.9946E-05 9.9946E-05 9.9946E-05 0.0516512 0.0177925 0.0337285 0.0156581 9.9946E-05 0.0319373 9.9946E-05 0.0475566 9.9946E-05 0.0332121
0.104881 0.553912 0.0633779 0.0454817 9.9964E-05 0.0285207 0.0551268 0.0268903 0.00880088 9.9964E-05 0.0136922 9.9964E-05 0.0282838 9.9964E-05 0.029102 0.0208609 0.0206701
0.0256605 0.407281 9.9919E-05 9.9919E-05 9.9919E-05 9.9919E-05 0.0110972 9.9919E-05 9.9919E-05 9.9919E-05 0.0400548 0.173513 9.9919E-05 0.0686249 0.257004 9.9919E-05 0.0158648
0.0359556 0.162393 0.177625 0.283015 9.9946E-05 9.9946E-05 9.9946E-05 0.0309951 0.0355219 9.9946E-05 0.0525324 0.0545117 0.0201476 9.9946E-05 0.138963 9.9946E-05 0.00773967
0.0135635 0.408472 0.110697 0.242624 0.0656819 9.9919E-05 0.0623754 9.9919E-05 9.9919E-05 9.9919E-05 0.024164 9.9919E-05 9.9919E-05 9.9919E-05 9.9919E-05 0.0715224 9.9919E-05
0.0636731 0.273017 0.0494416 0.409258 0.102267 9.9919E-05 9.9919E-05 9.9919E-05 9.9919E-05 0.0555373 0.0278874 9.9919E-05 9.9919E-05 9.9919E-05 9.9919E-05 9.9919E-05 0.0180194
9.98559E-05 9.98559E-05 9.98559E-05 9.98559E-05 9.98559E-05 9.98559E-05 9.98559E-05 0.998402 9.98559E-05 9.98559E-05 9.98559E-05 9.98559E-05 9.98559E-05 9.98559E-05 9.98559E-05 9.98559E-05 9.98559E-05
0.0796176 0.385605 9.9946E-05 0.102929 0.0546267 0.0252085 9.9946E-05 0.0146585 0.0505098 0.153952 0.0409231 9.9946E-05 9.9946E-05 9.9946E-05 0.0205224 9.9946E-05 0.0708477
0.0607816 0.479872 0.0618559 0.146203 9.9955E-05 0.00141268 0.0178541 0.0923477 9.9955E-05 9.9955E-05 0.0206042 0.0376597 9.9955E-05 0.0130274 0.0320215 9.9955E-05 0.0358607
9.98558E-05 9.98558E-05 0.998402 9.98558E-05 9.98558E-05 9.98558E-05 9.98558E-05 9.98558E-05 9.98558E-05 9.98558E-05 9.98558E-05 9.98558E-05 9.98558E-05 9.98558E-05 9.98558E-05 9.98558E-05 9.98558E-05
0.0131457 0.613629 0.105502 9.9937E-05 9.9937E-05 9.9937E-05 0.0826041 0.0165707 0.0125753 9.9937E-05 0.00225454 9.9937E-05 0.033035 9.9937E-05 9.9937E-05 0.0703487 0.0496359
0.0189064 0.508939 0.0967645 0.0895997 0.0919599 0.0105201 9.9937E-05 0.060844 9.9937E-05 0.0447245 0.0278295 9.9937E-05 9.9937E-05 9.9937E-05 9.9937E-05 9.9937E-05 0.0492135
0.00681127 0.251448 9.9937E-05 0.236665 0.024143 0.111593 9.9937E-05 9.9937E-05 9.9937E-05 0.24065 0.0580221 9.9937E-05 0.00977183 9.9937E-05 9.9937E-05 0.00204361 0.0581528
0.0248015 0.062224 0.0279258 0.150826 0.0161049 9.9937E-05 9.9937E-05 0.0512522 9.9937E-05 0.141145 0.0102775 0.0413171 9.9937E-05 9.9937E-05 9.9937E-05 0.473427 9.9937E-05
0.0626895 0.256541 0.144258 0.0557469 9.9928E-05 9.9928E-05 0.14471 9.9928E-05 9.9928E-05 0.192127 0.013784 9.9928E-05 0.0317662 9.9928E-05 0.097578 9.9928E-05 9.9928E-05
9.98559E-05 9.98559E-05 0.998402 9.98559E-05 9.98559E-05 9.98559E-05 9.98559E-05 9.98559E-05 9.98559E-05 9.98559E-05 9.98559E-05 9.98559E-05 9.98559E-05 9.98559E-05 9.98559E-05 9.98559E-05 9.98559E-05
9.98559E-05 9.98559E-05 0.998402 9.98559E-05 9.98559E-05 9.98559E-05 9.98559E-05 9.98559E-05 9.98559E-05 9.98559E-05 9.98559E-05 9.98559E-05 9.98559E-05 9.98559E-05 9.98559E-05 9.98559E-05 9.98559E-05
0.0230051 0.489084 0.120992 0.0756533 0.0375791 9.9955E-05 9.9955E-05 0.00195665 0.00684734 0.0256073 9.9955E-05 9.9955E-05 9.9955E-05 0.000600882 0.100731 0.0763477 0.0410952
9.9901E-05 0.428555 9.9901E-05 9.9901E-05 9.9901E-05 9.9901E-05 0.0233628 0.016927 0.0112949 9.9901E-05 9.9901E-05 9.9901E-05 9.9901E-05 0.145918 9.9901E-05 9.9901E-05 0.372843
0.0179486 0.53348 9.9937E-05 0.139561 0.0429247 0.0310366 9.9937E-05 0.113428 0.0106438 9.9937E-05 0.0361867 0.0509737 9.9937E-05 9.9937E-05 9.9937E-05 9.9937E-05 0.0231173
9.99101E-05 0.654403 0.0376051 0.151333 9.99101E-05 9.99101E-05 9.99101E-05 0.0640539 9.99101E-05 0.0785932 9.99101E-05 9.99101E-05 0.00662415 9.99101E-05 9.99101E-05 0.00638797 9.99101E-05
0.05351 0.499069 9.99281E-05 9.99281E-05 0.037236 9.99281E-05 0.0550893 9.99281E-05 0.0257964 9.99281E-05 9.99281E-05 0.228985 0.052877 0.00820612 9.99281E-05 9.99281E-05 0.0384327
0.00280046 0.481313 0.0101183 9.9946E-05 0.00957922 9.9946E-05 0.142763 0.00499137 9.9946E-05 9.9946E-05 0.0329842 0.109249 0.0373712 0.133714 9.9946E-05 9.9946E-05 0.0345157
0.0090194 0.605801 0.00247125 9.9919E-05 9.9919E-05 0.0687893 9.9919E-05 0.03533 9.9919E-05 9.9919E-05 9.9919E-05 0.160251 0.0586999 0.0587393 9.9919E-05 9.9919E-05 9.9919E-05
0.0536389 0.463582 0.0616212 9.9946E-05 9.9946E-05 9.9946E-05 0.127713 0.0276448 0.0121401 9.9946E-05 9.9946E-05 9.9946E-05 0.0906724 0.118295 0.0204332 0.00392775 0.0197321
0.0288395 0.304523 9.9937E-05 9.9937E-05 9.9937E-05 9.9937E-05 9.9937E-05 0.0426317 9.9937E-05 0.00617328 0.0951842 9.9937E-05 0.0415274 0.188736 0.204804 0.0605307 0.0263505
0.0310603 0.539865 0.0986431 0.137345 0.0412509 0.012669 9.9937E-05 0.0385408 9.9937E-05 9.9937E-05 0.0470462 0.0365295 0.0163503 9.9937E-05 9.9937E-05 9.9937E-05 9.9937E-05
0.0238028 0.471056 0.167048 0.055046 9.9946E-05 9.9946E-05 0.086434 0.00916892 9.9946E-05 9.9946E-05 0.0295424 9.9946E-05 0.0244569 9.9946E-05 0.123778 0.00271884 0.00634821
0.0735557 0.576813 9.9946E-05 0.00996482 0.0116218 9.9946E-05 9.9946E-05 0.0105345 9.9946E-05 0.0711226 0.0826852 9.9946E-05 9.9946E-05 0.103941 0.0172783 0.00659728 0.0352866
9.9946E-05 0.628728 0.00918201 9.9946E-05 9.9946E-05 9.9946E-05 0.0617377 0.012419 0.0251355 9.9946E-05 0.00767954 0.110093 0.0323788 0.0648975 0.0255656 9.9946E-05 0.0215838
0.0861208 0.395698 0.0338218 0.0714455 9.9955E-05 0.0444133 9.9955E-05 0.0729398 0.016623 9.9955E-05 0.0104022 0.124007 0.0179438 9.9955E-05 0.0143374 9.9955E-05 0.111748
0.00640188 0.769803 9.9928E-05 9.9928E-05 0.0227831 0.00446428 9.9928E-05 0.0142112 0.00875587 0.169066 0.00192171 9.9928E-05 9.9928E-05 9.9928E-05 0.0017934 9.9928E-05 9.9928E-05
9.98556E-05 9.98556E-05 9.98556E-05 9.98556E-05 9.98556E-05 9.98556E-05 9.98556E-05 9.98556E-05 9.98556E-05 9.98556E-05 9.98556E-05 9.98556E-05 9.98556E-05 9.98556E-05 9.98556E-05 9.98556E-05 0.998402
0.0464131 0.383286 0.0382417 0.0549916 0.0366795 9.9964E-05 0.0337609 0.000142838 0.0157592 9.9964E-05 0.0458345 0.13282 0.0240287 9.9964E-05 0.121707 9.9964E-05 0.0659346
9.994E-05 0.658368 0.0518863 9.994E-05 0.00240914 9.994E-05 0.0500803 0.0616232 0.00830285 0.0355056 9.994E-05 0.0187035 0.0208211 0.0531887 9.994E-05 9.994E-05 0.0385119
9.9928E-05 0.576088 0.0484363 9.9928E-05 0.0420691 9.9928E-05 9.9928E-05 0.0450315 0.0175932 9.9928E-05 9.9928E-05 9.9928E-05 0.0128987 0.0670719 9.9928E-05 0.136697 0.0533152
0.0154997 0.663151 0.0218953 0.116253 0.0283012 9.9928E-05 9.9928E-05 0.0154021 9.9928E-05 0.123717 0.00215671 9.9928E-05 9.9928E-05 9.9928E-05 9.9928E-05 9.9928E-05 0.0128251
9.9937E-05 0.570054 0.0395212 0.025427 9.9937E-05 0.0418936 9.9937E-05 0.0230513 9.9937E-05 0.00816159 0.0383859 9.9937E-05 0.0157541 0.0774079 0.159644 9.9937E-05 9.9937E-05
9.9955E-05 0.511213 0.0848904 0.00959362 0.031922 9.9955E-05 0.204283 0.00661597 9.9955E-05 0.000592089 0.0159006 9.9955E-05 9.9955E-05 0.0395889 0.072451 0.00262897 0.01982
9.98559E-05 9.98559E-05 9.98559E-05 9.98559E-05 9.98559E-05 9.98559E-05 9.98559E-05 9.98559E-05 9.98559E-05 9.98559E-05 0.998402 9.98559E-05 9.98559E-05 9.98559E-05 9.98559E-05 9.98559E-05 9.98559E-05
9.98556E-05 9.98556E-05 9.98556E-05 9.98556E-05 9.98556E-05 9.98556E-05 9.98556E-05 9.98556E-05 9.98556E-05 9.98556E-05 9.98556E-05 9.98556E-05 9.98556E-05 9.98556E-05 9.98556E-05 9.98556E-05 0.998402
9.98559E-05 9.98559E-05 9.98559E-05 9.98559E-05 9.98559E-05 9.98559E-05 9.98559E-05 9.98559E-05 9.98559E-05 9.98559E-05 0.998402 9.98559E-05 9.98559E-05 9.98559E-05 9.98559E-05 9.98559E-05 9.98559E-05
0.0481736 0.580952 9.9937E-05 9.9937E-05 0.0023551 9.9937E-05 9.9937E-05 0.0222928 0.0107672 9.9937E-05 0.00383101 0.150233 0.00410643 0.13927 9.9937E-05 9.9937E-05 0.037319
0.0334821 0.525788 9.9946E-05 9.9946E-05 9.9946E-05 0.0140065 0.0214681 0.0295526 0.0217415 9.9946E-05 0.0580527 0.174058 0.0307608 0.0377136 9.9946E-05 9.9946E-05 0.0527763
0.0411156 0.565685 9.9919E-05 9.9919E-05 0.0322321 0.144768 9.9919E-05 9.9919E-05 9.9919E-05 9.9919E-05 0.0232303 0.0756226 9.9919E-05 9.9919E-05 9.9919E-05 0.06907 0.0473772
0.0269809 0.670796 0.0160994 0.0971633 0.0532532 9.9946E-05 9.9946E-05 0.00103849 0.025462 9.9946E-05 0.0636016 9.9946E-05 0.000153325 9.9946E-05 9.9946E-05 0.00556979 0.0392819
0.0227341 0.458439 0.0916848 0.141749 0.0360399 9.9946E-05 0.0708513 0.0383155 0.0144995 9.9946E-05 0.0221359 9.9946E-05 9.9946E-05 9.9946E-05 0.0572219 9.9946E-05 0.0457296
9.9892E-05 0.434483 9.9892E-05 9.9892E-05 9.9892E-05 9.9892E-05 9.9892E-05 9.9892E-05 0.011071 9.9892E-05 9.9892E-05 9.9892E-05 0.018359 0.222443 9.9892E-05 9.9892E-05 0.312445
0.00908295 0.511824 0.0785397 9.9946E-05 0.00668543 9.9946E-05 0.00350421 9.9946E-05 9.9946E-05 9.9946E-05 0.0471435 0.0835726 0.0433513 0.0708206 9.9946E-05 0.0746534 0.0702229
0.0741993 0.0483749 0.00636939 9.9919E-05 9.9919E-05 0.0111431 9.9919E-05 9.9919E-05 0.0121424 0.023632 9.9919E-05 9.9919E-05 0.00567315 9.9919E-05 0.817567 9.9919E-05 9.9919E-05
9.98831E-05 9.98831E-05 0.0613875 9.98831E-05 9.98831E-05 9.98831E-05 9.98831E-05 0.0397493 9.98831E-05 9.98831E-05 0.00325712 9.98831E-05 9.98831E-05 9.98831E-05 0.894308 9.98831E-05 9.98831E-05
0.00409966 9.9928E-05 0.0994469 9.9928E-05 9.9928E-05 9.9928E-05 0.0468098 0.0102906 0.0187059 9.9928E-05 0.0285809 0.0126119 9.9928E-05 9.9928E-05 0.742057 9.9928E-05 0.0365982
0.0042053 9.98741E-05 9.98741E-05 9.98741E-05 9.98741E-05 9.98741E-05 9.98741E-05 9.98741E-05 9.98741E-05 9.98741E-05 9.98741E-05 9.98741E-05 9.98741E-05 0.0841272 0.910269 9.98741E-05 9.98741E-05
9.9937E-05 0.0366505 9.9937E-05 0.0476191 0.0176425 9.9937E-05 0.123671 0.012673 0.00412685 9.9937E-05 0.0371313 9.9937E-05 9.9937E-05 9.9937E-05 0.646255 0.0448462 0.0286857
0.0084622 9.9919E-05 9.9919E-05 9.9919E-05 9.9919E-05 0.00487051 0.0454714 0.00274536 0.00343761 0.0610564 9.9919E-05 9.9919E-05 9.9919E-05 9.9919E-05 0.851369 9.9919E-05 0.0216885
9.9874E-05 9.9874E-05 9.9874E-05 9.9874E-05 9.9874E-05 9.9874E-05 9.9874E-05 9.9874E-05 9.9874E-05 9.9874E-05 9.9874E-05 9.9874E-05 0.00635729 9.9874E-05 0.956972 0.0352725 9.9874E-05
9.9892E-05 0.00934217 0.0340769 9.9892E-05 0.0136511 9.9892E-05 9.9892E-05 9.9892E-05 9.9892E-05 9.9892E-05 9.9892E-05 9.9892E-05 0.0122582 9.9892E-05 0.929473 9.9892E-05 9.9892E-05
0.00436631 9.9919E-05 9.9919E-05 0.115226 9.9919E-05 9.9919E-05 0.0272415 9.9919E-05 0.00458903 0.0476363 0.0236154 9.9919E-05 9.9919E-05 9.9919E-05 0.771276 9.9919E-05 0.00515024
0.0191752 0.0495793 0.027694 0.0581611 9.9928E-05 9.9928E-05 9.9928E-05 0.00543229 0.0147126 9.9928E-05 9.9928E-05 0.0839397 9.9928E-05 9.9928E-05 0.726778 9.9928E-05 0.013728
0.0138681 9.9919E-05 0.0376233 0.0179978 9.9919E-05 0.0599214 0.0358176 9.9919E-05 9.9919E-05 9.9919E-05 0.0159256 9.9919E-05 0.0161916 9.9919E-05 0.801755 9.9919E-05 9.9919E-05
9.9883E-05 9.9883E-05 9.9883E-05 9.9883E-05 9.9883E-05 0.0536032 9.9883E-05 9.9883E-05 9.9883E-05 0.90006 0.0321981 9.9883E-05 0.0128407 9.9883E-05 9.9883E-05 9.9883E-05 9.9883E-05
9.9901E-05 9.9901E-05 9.9901E-05 9.9901E-05 9.9901E-05 9.9901E-05 9.9901E-05 0.00571452 0.0193236 0.899815 9.9901E-05 9.9901E-05 0.0206066 9.9901E-05 0.0380901 9.9901E-05 0.0153516
9.9946E-05 9.9946E-05 0.0598191 0.00228953 9.9946E-05 0.0726506 9.9946E-05 0.00757504 0.0167277 0.330782 0.022342 0.462076 0.00790977 0.012098 9.9946E-05 9.9946E-05 0.00513018
9.99011E-05 9.99011E-05 0.0223469 0.127585 0.0304597 9.99011E-05 9.99011E-05 9.99011E-05 9.99011E-05 9.99011E-05 0.0166909 0.705415 9.99011E-05 9.99011E-05 9.99011E-05 0.0964037 9.99011E-05
9.9919E-05 9.9919E-05 9.9919E-05 0.0425253 9.9919E-05 9.9919E-05 9.9919E-05 0.064855 0.0397606 0.302594 9.9919E-05 0.42272 0.0405509 0.0638908 9.9919E-05 0.0222036 9.9919E-05
9.994E-05 0.0122765 9.994E-05 9.994E-05 0.0135114 9.994E-05 0.0311144 0.00288267 0.00898904 0.173148 0.0149642 0.328611 0.00475475 9.994E-05 0.126456 0.282693 9.994E-05
9.9892E-05 9.9892E-05 9.9892E-05 9.9892E-05 9.9892E-05 9.9892E-05 0.103823 9.9892E-05 9.9892E-05 0.789706 9.9892E-05 0.0495672 9.9892E-05 0.0179648 9.9892E-05 9.9892E-05 0.0377395
9.9901E-05 9.9901E-05 0.0682358 9.9901E-05 9.9901E-05 9.9901E-05 0.00091387 0.000355252 0.024068 0.900195 9.9901E-05 9.9901E-05 9.9901E-05 9.9901E-05 9.9901E-05 0.00513302 9.9901E-05
0.0119429 0.0710751 0.0763936 9.99369E-05 9.99369E-05 9.99369E-05 9.99369E-05 9.99369E-05 9.99369E-05 0.0663669 0.0358735 0.489424 0.0705211 0.144167 9.99369E-05 0.0273739 0.00616249
9.9892E-05 9.9892E-05 0.0171573 0.0747745 9.9892E-05 9.9892E-05 9.9892E-05 9.9892E-05 9.9892E-05 0.89253 9.9892E-05 9.9892E-05 9.9892E-05 9.9892E-05 0.00227082 9.9892E-05 0.0120683
0.00968802 9.991E-05 0.0120262 9.991E-05 9.991E-05 9.991E-05 9.991E-05 0.01417 0.0117856 0.907559 0.00446978 9.991E-05 0.0393025 9.991E-05 9.991E-05 9.991E-05 9.991E-05
0.0077866 9.9892E-05 9.9892E-05 0.0397054 0.040755 9.9892E-05 9.9892E-05 9.9892E-05 9.9892E-05 0.73031 9.9892E-05 9.9892E-05 9.9892E-05 9.9892E-05 9.9892E-05 0.180244 9.9892E-05
9.9928E-05 0.0786515 0.00202548 9.9928E-05 0.0427822 9.9928E-05 0.0429228 9.9928E-05 0.00998608 0.73421 0.00379956 9.9928E-05 9.9928E-05 0.0780107 9.9928E-05 0.0068124 9.9928E-05
9.991E-05 0.185193 9.991E-05 9.991E-05 9.991E-05 9.991E-05 9.991E-05 9.991E-05 9.991E-05 0.59446 0.0197464 9.991E-05 0.0319322 0.0124745 9.991E-05 0.152986 0.00220944
0.0181687 0.0203162 9.9919E-05 9.9919E-05 0.0376535 9.9919E-05 0.0246799 9.9919E-05 9.9919E-05 9.9919E-05 0.0116939 0.000814698 0.00920354 9.9919E-05 9.9919E-05 0.87657 9.9919E-05
0.0230302 0.000705825 0.0299479 9.9919E-05 0.0167208 9.9919E-05 9.9919E-05 0.00576709 0.00709106 9.9919E-05 9.9919E-05 9.9919E-05 9.9919E-05 0.00835537 9.9919E-05 0.907482 9.9919E-05
0.0216371 9.9892E-05 9.9892E-05 0.0140043 9.9892E-05 9.9892E-05 0.00573646 9.9892E-05 9.9892E-05 0.00762103 9.9892E-05 9.9892E-05 9.9892E-05 9.9892E-05 9.9892E-05 0.949802 9.9892E-05
9.9928E-05 9.9928E-05 0.0236026 9.9928E-05 9.9928E-05 0.0234836 9.9928E-05 9.9928E-05 0.00414074 0.0630661 0.00746885 0.0557107 0.0407069 9.9928E-05 9.9928E-05 0.779591 0.00143041
9.98561E-05 9.98561E-05 9.98561E-05 9.98561E-05 9.98561E-05 9.98561E-05 9.98561E-05 9.98561E-05 9.98561E-05 9.98561E-05 9.98561E-05 9.98561E-05 9.98561E-05 9.98561E-05 9.98561E-05 0.998402 9.98561E-05
9.9892E-05 9.9892E-05 9.9892E-05 9.9892E-05 9.9892E-05 9.9892E-05 9.9892E-05 0.0233288 0.0242061 9.9892E-05 9.9892E-05 0.154154 9.9892E-05 0.048937 9.9892E-05 0.748175 9.9892E-05
9.9928E-05 9.9928E-05 9.9928E-05 0.00659173 0.00307346 0.105201 9.9928E-05 0.0305377 9.9928E-05 9.9928E-05 0.00111584 9.9928E-05 0.0417436 9.9928E-05 0.0043121 0.784148 0.0224771
9.9892E-05 9.9892E-05 0.0372883 9.9892E-05 9.9892E-05 9.9892E-05 9.9892E-05 9.9892E-05 0.0029879 9.9892E-05 0.0123861 9.9892E-05 9.9892E-05 9.9892E-05 0.01409 0.932049 9.9892E-05
0.00721156 9.991E-05 9.991E-05 9.991E-05 9.991E-05 9.991E-05 9.991E-05 0.00428862 9.991E-05 9.991E-05 0.0266506 0.882886 9.991E-05 9.991E-05 0.0519852 0.010318 0.0156608
9.9937E-05 9.9937E-05 0.0459078 9.9937E-05 0.0194317 9.9937E-05 0.0357403 0.00370491 9.9937E-05 0.136591 0.00393357 0.673784 9.9937E-05 0.00851019 0.0465605 0.0251366 9.9937E-05
0.0257076 9.9928E-05 9.9928E-05 9.9928E-05 0.0148506 0.0257232 9.9928E-05 9.9928E-05 0.00207339 9.9928E-05 0.000976954 0.818773 0.00592938 0.0670055 9.9928E-05 9.9928E-05 0.0381608
9.991E-05 0.0755645 9.991E-05 9.991E-05 9.991E-05 0.0109012 0.0346533 9.991E-05 9.991E-05 9.991E-05 9.991E-05 0.798733 0.00907373 0.00550952 0.0645653 9.991E-05 9.991E-05
9.99279E-05 9.99279E-05 9.99279E-05 9.99279E-05 0.0117014 0.0171189 9.99279E-05 9.99279E-05 0.0314714 0.35947 0.0297306 0.409145 0.00856664 0.0572795 9.99279E-05 0.0747177 9.99279E-05
0.0644862 9.9883E-05 9.9883E-05 9.9883E-05 0.0467133 9.9883E-05 9.9883E-05 9.9883E-05 9.9883E-05 9.9883E-05 9.9883E-05 0.744951 9.9883E-05 0.142551 9.9883E-05 9.9883E-05 9.9883E-05
0.00192446 9.9928E-05 0.0170836 9.9928E-05 0.0243521 9.9928E-05 9.9928E-05 9.9928E-05 0.0265101 0.13383 9.9928E-05 0.589852 0.0379514 0.164248 9.9928E-05 0.00344858 9.9928E-05
9.98831E-05 9.98831E-05 9.98831E-05 0.128823 9.98831E-05 0.034632 9.98831E-05 9.98831E-05 9.98831E-05 9.98831E-05 9.98831E-05 0.802596 9.98831E-05 9.98831E-05 9.98831E-05 9.98831E-05 0.03265
0.0230635 9.991E-05 9.991E-05 0.0437992 9.991E-05 9.991E-05 9.991E-05 9.991E-05 9.991E-05 0.690426 0.0266763 0.167598 9.991E-05 9.991E-05 9.991E-05 0.0412087 0.00622859
9.9901E-05 0.00465263 9.9901E-05 0.121809 9.9901E-05 9.9901E-05 9.9901E-05 9.9901E-05 9.9901E-05 9.9901E-05 0.00572995 0.821173 0.0327878 9.9901E-05 0.0127488 9.9901E-05 9.9901E-05
9.9892E-05 9.9892E-05 0.0621607 0.0957924 9.9892E-05 0.0344006 9.9892E-05 9.9892E-05 9.9892E-05 9.9892E-05 9.9892E-05 0.789479 0.0169686 9.9892E-05 9.9892E-05 9.9892E-05 9.9892E-05
9.991E-05 9.991E-05 0.0714183 9.991E-05 9.991E-05 9.991E-05 0.0412803 9.991E-05 0.00555168 0.0159082 9.991E-05 0.663638 9.991E-05 9.991E-05 9.991E-05 0.174339 0.026865
9.9892E-05 9.9892E-05 9.9892E-05 9.9892E-05 9.9892E-05 9.9892E-05 9.9892E-05 0.0173271 0.0197511 0.168987 9.9892E-05 0.788136 0.00460042 9.9892E-05 9.9892E-05 9.9892E-05 9.9892E-05
0.0112787 9.9901E-05 9.9901E-05 9.9901E-05 9.9901E-05 9.9901E-05 9.9901E-05 0.0181403 9.9901E-05 9.9901E-05 0.0100521 0.0203596 0.00549332 0.933577 9.9901E-05 9.9901E-05 9.9901E-05
9.98901E-05 9.98901E-05 9.98901E-05 9.98901E-05 9.98901E-05 9.98901E-05 9.98901E-05 9.98901E-05 9.98901E-05 0.0357383 9.98901E-05 9.98901E-05 9.98901E-05 0.915394 0.0276549 9.98901E-05 0.0199137
0.00466085 9.991E-05 9.991E-05 9.991E-05 0.0430788 9.991E-05 0.0192409 0.00473003 9.991E-05 9.991E-05 0.007249 9.991E-05 0.00889066 0.911151 9.991E-05 9.991E-05 9.991E-05
0.0441231 0.0479148 9.9919E-05 9.9919E-05 0.0257 0.00465778 9.9919E-05 9.9919E-05 9.9919E-05 9.9919E-05 0.00274254 0.0677001 9.9919E-05 0.803704 9.9919E-05 9.9919E-05 0.00255815
9.9892E-05 9.9892E-05 0.0660073 9.9892E-05 0.0522604 0.0440976 9.9892E-05 9.9892E-05 9.9892E-05 9.9892E-05 0.00786163 9.9892E-05 9.9892E-05 0.828574 9.9892E-05 9.9892E-05 9.9892E-05
9.9937E-05 9.9937E-05 0.00345433 0.151386 9.9937E-05 0.0410853 9.9937E-05 0.00936973 0.000424967 0.164245 0.0117399 9.9937E-05 9.9937E-05 0.599742 0.00718773 9.9937E-05 0.0106652
9.98561E-05 9.98561E-05 9.98561E-05 9.98561E-05 9.98561E-05 9.98561E-05 9.98561E-05 9.98561E-05 9.98561E-05 9.98561E-05 9.98561E-05 9.98561E-05 9.98561E-05 0.998402 9.98561E-05 9.98561E-05 9.98561E-05
9.991E-05 9.991E-05 9.991E-05 0.112574 0.0446961 0.103322 9.991E-05 9.991E-05 9.991E-05 9.991E-05 9.991E-05 0.00409102 9.991E-05 0.677663 0.0482802 0.00837458 9.991E-05
