0.0171186 9.9973E-05 0.00785283 9.9973E-05 9.9973E-05 0.974729
0.0928152 9.9982E-05 9.9982E-05 0.0882148 0.0542548 0.764515
9.9982E-05 0.0754795 9.9982E-05 0.0585513 0.0280119 0.837757
9.9982E-05 0.0565718 9.9982E-05 0.0741989 0.0587195 0.81031
9.999E-05 0.00294137 0.0557841 0.0387591 0.0826021 0.819813
9.9964E-05 9.9964E-05 9.9964E-05 0.132069 9.9964E-05 0.867531
0.0530808 9.9982E-05 9.9982E-05 0.0292539 0.000220984 0.917244
0.00653232 9.9982E-05 9.9982E-05 0.0830733 0.0562445 0.85395
9.9982E-05 0.0114356 9.9982E-05 0.164933 0.0220568 0.801375
0.0247878 0.0757687 0.00442193 0.0509369 9.9991E-05 0.843985
0.0672011 9.9982E-05 9.9982E-05 0.103455 0.0318508 0.797293
9.9982E-05 0.106899 9.9982E-05 0.0172721 0.0724865 0.803142
0.0734413 0.0730621 0.0282172 0.0222375 9.9991E-05 0.802942
9.999E-05 0.066526 0.0390649 0.144335 0.0178451 0.732129
0.00717605 0.0387027 9.9991E-05 0.0391498 0.0343349 0.880537
0.00138118 9.9973E-05 9.9973E-05 0.123979 9.9973E-05 0.87434
0.00014954 9.9982E-05 0.0168015 9.9982E-05 0.000397501 0.982452
9.996E-05 9.996E-05 9.996E-05 9.996E-05 9.996E-05 0.9995
9.9964E-05 9.9964E-05 0.0107019 9.9964E-05 9.9964E-05 0.988898
9.9973E-05 0.029686 9.9973E-05 9.9973E-05 0.050057 0.919957
9.996E-05 0.9995 9.996E-05 9.996E-05 9.996E-05 9.996E-05
0.0551307 0.632957 0.075123 0.148217 0.0329431 0.0556297
9.999E-05 0.684993 0.150345 0.0272107 0.0897512 0.0476003
9.9973E-05 0.787471 0.211936 0.000292704 9.9973E-05 9.9973E-05
0.0224888 0.9619 9.9973E-05 9.9973E-05 0.0153114 9.9973E-05
0.00226214 0.911525 0.0306798 9.9982E-05 9.9982E-05 0.0553327
9.9982E-05 0.750459 0.156691 0.0186061 0.0740442 9.9982E-05
9.996E-05 0.9995 9.996E-05 9.996E-05 9.996E-05 9.996E-05
0.0642731 0.743393 9.9982E-05 0.143775 0.0483581 9.9982E-05
0.145277 0.622558 0.0843328 0.100223 0.0475098 9.9991E-05
9.9973E-05 0.699032 9.9973E-05 0.207743 0.0929251 9.9973E-05
0.0635227 0.77419 0.161987 9.9973E-05 9.9973E-05 9.9973E-05
0.00487547 0.731652 0.154779 0.0323632 9.9991E-05 0.0762301
0.0831354 0.61347 9.9982E-05 0.215401 0.087794 9.9982E-05
0.135702 0.622821 0.0230535 9.9991E-05 0.185461 0.0328632
0.102554 0.40077 0.0532666 0.227948 0.104077 0.111384
0.0853517 0.627331 0.0954904 0.101253 0.0904738 9.9991E-05
0.165455 0.0250822 0.728939 0.0803235 9.9982E-05 9.9982E-05
0.181644 9.9982E-05 0.777356 0.0127134 0.0280864 9.9982E-05
0.148601 0.00473901 0.715732 0.0653676 0.0163208 0.04924
0.115957 0.0275836 0.773608 0.0575031 0.0252484 9.9991E-05
0.113233 9.9982E-05 0.810675 9.9982E-05 0.0246731 0.0512188
0.120269 9.9991E-05 0.716564 0.118918 0.0341019 0.0100474
0.104098 0.00977019 0.664445 0.159418 9.9991E-05 0.0621688
0.0484137 9.9982E-05 0.81021 0.0573342 0.0838422 9.9982E-05
9.9991E-05 0.0921856 0.718402 0.0370562 0.0801139 0.0721422
0.126809 0.0228666 0.850025 9.9973E-05 9.9973E-05 9.9973E-05
0.081158 0.00142756 0.908744 9.9982E-05 9.9982E-05 0.00847047
0.0200433 0.0316044 0.926957 9.9982E-05 9.9982E-05 0.0211952
0.107503 0.0418525 0.754825 0.0395258 9.9991E-05 0.0561939
0.0411654 0.0277036 0.914915 9.9982E-05 9.9982E-05 0.0160161
0.087201 0.06449 0.796127 0.0153469 9.9991E-05 0.0367347
0.0816842 9.9982E-05 0.842444 9.9982E-05 0.0500231 0.0256486
0.0796111 9.9973E-05 0.815459 9.9973E-05 9.9973E-05 0.10463
0.137683 9.9982E-05 0.8232 0.0202442 9.9982E-05 0.0186727
0.153986 0.0403244 0.718068 0.0539721 9.9991E-05 0.0335492
9.9991E-05 0.0458218 0.720653 0.0545686 0.10754 0.0713164
0.378903 0.0958023 0.155296 0.0437736 0.258207 0.0680172
9.9973E-05 9.9973E-05 0.0138804 9.9973E-05 0.939672 0.0461476
0.41872 0.0876154 0.065521 0.0870848 0.283396 0.057663
0.360674 0.00938029 0.160352 9.9991E-05 0.434482 0.0350114
0.565074 0.0405486 0.0290829 0.0230691 0.342126 9.9991E-05
0.53873 0.0303608 0.0936414 0.0168404 0.292418 0.0280094
0.976772 0.0103806 9.9973E-05 9.9973E-05 9.9973E-05 0.0125472
9.9973E-05 0.03132 0.0724512 9.9973E-05 0.895929 9.9973E-05
0.431497 9.9982E-05 9.9982E-05 0.146468 0.28936 0.132475
0.56582 0.180961 0.0470092 9.9991E-05 0.146317 0.0597926
0.508001 0.0738617 0.0272436 0.0284906 0.308272 0.0541307
0.492628 0.11094 9.9973E-05 9.9973E-05 0.396132 9.9973E-05
0.414063 0.103074 9.9991E-05 0.0331703 0.383601 0.0659913
0.551803 0.0302935 9.9982E-05 9.9982E-05 0.388369 0.0293342
0.630417 0.0268978 0.0385858 9.9991E-05 0.271776 0.0322227
0.380471 0.10791 0.0271386 9.9991E-05 0.454701 0.0296794
0.355493 0.0738419 9.9991E-05 0.195259 0.366112 0.00919359
0.45324 0.151071 0.306225 9.9982E-05 0.0892633 9.9982E-05
0.37031 0.0656354 0.255666 9.9991E-05 0.197288 0.111001
0.23938 9.9982E-05 0.479636 9.9982E-05 0.164743 0.116041
0.990807 9.9964E-05 9.9964E-05 9.9964E-05 0.00879296 9.9964E-05
0.233049 0.107615 0.212045 0.0294884 0.339398 0.0784057
0.605421 0.0243319 0.110311 0.016887 0.242948 9.9991E-05
0.535 0.137176 0.11322 0.024138 0.136299 0.0541662
0.52886 0.0534908 0.0334282 0.0558862 0.263287 0.0650486
0.554007 9.9982E-05 0.0310491 9.9982E-05 0.291261 0.123483
0.195039 9.9991E-05 0.24437 0.276712 0.270987 0.0127926
0.220342 9.9991E-05 0.0949612 0.642856 0.0237956 0.0179449
0.304074 0.0504708 0.108021 0.238435 0.258678 0.0403225
0.565704 9.9991E-05 0.130465 0.0853103 0.211505 0.00691487
0.586296 0.0796591 0.0700403 0.135482 0.128422 9.9991E-05
0.289541 0.0854782 0.113448 0.057677 0.414729 0.0391269
9.9982E-05 0.0481175 0.00104697 9.9982E-05 0.927759 0.0228765
0.531927 0.0784267 0.116715 9.9991E-05 0.232961 0.0398695
0.642547 0.0271112 0.0085373 0.067826 0.253879 9.9991E-05
0.340993 0.071671 9.9991E-05 0.169102 0.317258 0.100876
0.45117 0.111033 0.0302995 0.0624274 0.228475 0.116595
0.550914 0.0654451 9.9991E-05 0.0947174 0.192236 0.0965882
0.391408 0.103562 9.9991E-05 0.129649 0.300596 0.0746852
0.343632 0.0181931 0.0423459 0.206314 0.317723 0.071793
0.453169 0.0125274 0.138437 9.9991E-05 0.319778 0.0759887
0.597458 0.15593 0.0292504 9.9991E-05 0.17853 0.0387311
0.417633 9.9991E-05 0.100762 0.0609112 0.37743 0.0431647
0.459992 0.107123 0.0999224 9.9991E-05 0.312446 0.0204165
0.383041 0.0371475 9.9991E-05 0.130122 0.400716 0.0488732
0.472236 0.0876604 0.034311 9.9991E-05 0.346514 0.0591781
9.996E-05 9.996E-05 9.996E-05 9.996E-05 0.9995 9.996E-05
0.441483 0.103541 9.9991E-05 0.0657768 0.310278 0.0788208
0.60203 0.088569 9.9991E-05 0.0166753 0.250191 0.0424348
0.405413 0.0219062 0.0754266 0.113687 0.319362 0.0642059
0.541902 9.9982E-05 0.196229 9.9982E-05 0.248059 0.0136104
0.636528 0.0993254 0.0498391 9.9991E-05 0.163693 0.0505142
0.473789 0.146723 9.9991E-05 0.0502953 0.24174 0.0873514
0.9995 9.996E-05 9.996E-05 9.996E-05 9.996E-05 9.996E-05
9.996E-05 9.996E-05 9.996E-05 9.996E-05 0.9995 9.996E-05
0.9995 9.996E-05 9.996E-05 9.996E-05 9.996E-05 9.996E-05
0.463187 9.9982E-05 9.9982E-05 0.0989816 0.373403 0.0642281
0.399824 0.148167 9.9991E-05 0.0956327 0.274591 0.0816847
0.358942 0.10466 9.9991E-05 0.0258913 0.421149 0.0892569
0.457567 0.101097 0.0125893 9.9991E-05 0.334966 0.0936814
0.434723 0.0616243 0.0784359 9.9991E-05 0.351065 0.0740517
9.9991E-05 0.0593685 0.0367015 0.0106407 0.845093 0.0480958
0.40098 0.0635377 0.0828749 0.0685384 0.278464 0.105605
0.256828 0.244137 9.9991E-05 0.12604 0.338613 0.0342812
0.351043 0.161632 0.0120889 0.251051 0.224086 9.9991E-05
0.276504 0.282084 0.0495069 0.101598 0.273473 0.0168349
0.258933 0.286635 9.9991E-05 0.097371 0.302701 0.0542604
0.273291 0.223068 9.9991E-05 0.19672 0.2944 0.0124221
0.194268 0.259565 9.9991E-05 0.242307 0.27576 0.0279999
0.239809 0.283498 0.00926389 0.208706 0.192089 0.0666331
0.235973 0.331405 0.0259408 0.0396375 0.281369 0.0856748
0.253676 0.264469 0.0735984 0.152419 0.230447 0.0253902
0.255626 0.283535 0.195906 0.0504943 0.20873 0.00570966
0.284876 0.279251 0.0566855 0.125732 0.253297 0.000158187
0.0599087 0.0834874 0.0871766 0.767418 9.9991E-05 0.00190958
0.00689679 0.063305 0.0653388 0.77953 0.0845379 0.000391021
0.0721451 0.0146166 0.0692533 0.786757 9.9991E-05 0.057128
0.0373388 0.0459873 0.110217 0.743502 9.9991E-05 0.0628552
0.0977651 0.00853846 0.14487 0.70299 9.9991E-05 0.0457361
0.0281238 0.0562766 9.9991E-05 0.768934 0.0833564 0.0632094
9.9973E-05 0.0129759 0.145941 0.840784 9.9973E-05 9.9973E-05
0.0793093 0.0539317 9.9982E-05 0.861366 0.00519272 9.9982E-05
0.184184 0.0667436 0.163146 0.517658 0.0410489 0.0272201
0.0541692 9.9973E-05 0.213331 0.7322 9.9973E-05 9.9973E-05
9.9973E-05 9.9973E-05 0.155149 0.799388 9.9973E-05 0.0451631
9.9982E-05 9.9982E-05 0.146851 0.752181 0.0648281 0.0359401
0.0900286 0.04525 0.101558 0.670593 0.0425318 0.0500386
0.0958569 0.0613424 0.142758 0.584922 0.0643403 0.0507795
9.9982E-05 0.0702053 9.9982E-05 0.73319 0.0854492 0.110956
9.9973E-05 9.9973E-05 9.9973E-05 0.820679 0.0911552 0.0878663
0.0188711 0.0492738 0.0508813 0.84512 0.0357541 9.9991E-05
0.0722105 9.9991E-05 0.0129919 0.798266 0.0561194 0.0603119
9.9982E-05 0.0432295 0.0547302 0.822199 9.9982E-05 0.0796416
0.0444905 0.0872709 0.0945203 0.70896 0.00878932 0.0559693
0.101667 0.0216174 0.0813936 0.685468 9.9991E-05 0.109754
0.146064 9.9982E-05 0.0827365 0.767593 0.00340662 9.9982E-05
0.0605008 9.9982E-05 9.9982E-05 0.86048 0.0419643 0.0368547
0.0423512 9.9982E-05 9.9982E-05 0.814746 0.0563281 0.0863745
9.9982E-05 0.040374 9.9982E-05 0.739034 0.162019 0.058373
0.104913 0.0802486 0.01039 0.744157 9.9991E-05 0.060191
0.0285044 0.0335543 0.0530919 0.783508 0.0477062 0.0536351
9.9991E-05 0.0246319 0.00224925 0.754989 0.127155 0.090875
0.0835943 9.9991E-05 0.116346 0.694794 0.0290237 0.0761422
0.011724 0.00178782 0.114525 0.807507 0.0558373 0.00861909
0.0730449 9.9973E-05 0.105878 0.820777 9.9973E-05 9.9973E-05
0.0692082 0.0862266 0.0921489 0.69031 9.9991E-05 0.0620063
0.0637737 0.0744686 0.1392 0.722358 9.9982E-05 9.9982E-05
0.0257513 0.0658906 9.9982E-05 0.821007 0.0871508 9.9982E-05
0.108479 0.0691731 9.9982E-05 0.770109 9.9982E-05 0.0520387
0.0746149 9.9991E-05 0.64258 0.247727 0.0293135 0.00566461
9.9991E-05 0.0701387 0.649134 0.148108 0.0775173 0.0550013
0.0374042 0.113248 0.638875 0.0399215 0.0442586 0.126292
9.9991E-05 0.115009 0.648475 0.114266 0.0485922 0.0735585
0.0635612 0.109379 0.573742 0.073343 0.0430718 0.136902
0.0325487 0.0927146 0.727548 0.0885899 0.0584987 9.9991E-05
9.9982E-05 0.0221959 0.918923 0.0330993 0.0255815 9.9982E-05
0.0460982 0.228354 0.614802 0.0238964 9.9991E-05 0.0867494
