0.0214631 0.959224 0.0190126 9.9973E-05 9.9973E-05 9.9973E-05
9.9982E-05 0.720607 9.9982E-05 0.164765 0.111564 0.00286324
9.9982E-05 0.809841 0.0361657 0.0894763 0.0643166 9.9982E-05
9.999E-05 0.820137 0.0277839 0.0513998 0.0991379 0.00144144
0.0591449 0.804525 9.9991E-05 0.0558322 0.0626509 0.0177468
9.9973E-05 0.844599 9.9973E-05 9.9973E-05 0.103881 0.0512199
9.9973E-05 0.913818 0.0126831 9.9973E-05 0.073199 9.9973E-05
0.00193047 0.81787 9.9991E-05 0.0450351 0.084717 0.0503479
9.9982E-05 0.786528 0.0427926 9.9982E-05 0.134168 0.0363115
9.999E-05 0.82581 0.0399875 0.0310282 0.0908024 0.0122717
9.999E-05 0.788341 0.0457896 0.0444286 0.0786515 0.0426896
9.999E-05 0.803125 0.0495793 0.034774 0.0951006 0.0173212
0.0267055 0.780987 0.0689771 0.0728747 0.0359032 0.014553
9.9982E-05 0.683604 0.143787 9.9982E-05 0.0909737 0.0814354
9.9982E-05 0.803654 0.0511919 0.0964446 0.0485095 9.9982E-05
9.9973E-05 0.893055 9.9973E-05 9.9973E-05 0.0983174 0.00832755
9.9964E-05 0.955155 9.9964E-05 9.9964E-05 9.9964E-05 0.0444448
0.0258335 0.973767 9.9964E-05 9.9964E-05 9.9964E-05 9.9964E-05
0.0233781 0.976222 9.9964E-05 9.9964E-05 9.9964E-05 9.9964E-05
0.0161438 0.939097 0.0425299 9.9982E-05 9.9982E-05 0.0020292
9.996E-05 9.996E-05 0.9995 9.996E-05 9.996E-05 9.996E-05
0.0829616 0.00861252 0.692088 0.0670918 0.101232 0.0480139
0.170291 0.0526719 0.682592 0.0626791 0.0316658 9.9991E-05
0.160774 9.9973E-05 0.796271 9.9973E-05 9.9973E-05 0.0426554
9.9973E-05 0.0150663 0.911469 0.0731651 9.9973E-05 9.9973E-05
0.00612477 9.9973E-05 0.895949 0.0976262 9.9973E-05 9.9973E-05
0.130938 9.9982E-05 0.762208 0.0692651 0.0373882 9.9982E-05
9.996E-05 9.996E-05 0.9995 9.996E-05 9.996E-05 9.996E-05
9.9973E-05 9.9973E-05 0.730984 0.190391 0.0783246 9.9973E-05
0.102414 0.0130797 0.627629 0.140524 0.0954311 0.0209224
9.9973E-05 9.9973E-05 0.760328 0.113995 0.125377 9.9973E-05
0.162068 9.9982E-05 0.764062 0.0449813 0.0286892 9.9982E-05
0.133348 0.0499291 0.730856 0.0252613 0.0354194 0.0251859
9.9982E-05 9.9982E-05 0.642683 0.131036 0.128708 0.0973726
0.0749072 0.0100836 0.575157 0.305785 0.0120517 0.0220151
0.00886431 0.0746299 0.434888 0.269924 0.185769 0.0259251
0.162583 9.9991E-05 0.61982 0.134422 0.0145693 0.0685053
0.69989 9.9991E-05 0.0659177 0.191064 0.0294417 0.0135867
0.724077 9.9982E-05 9.9982E-05 0.0992079 0.091535 0.0849799
0.792214 9.9991E-05 0.000227205 0.109793 0.0262949 0.0713702
0.80927 9.9982E-05 0.0586732 0.0929744 0.0388823 9.9982E-05
0.853411 0.0311926 0.00338581 9.9991E-05 0.0103059 0.101604
0.822104 9.9982E-05 0.00380473 0.128641 0.0452504 9.9982E-05
0.577119 0.0454945 0.0164006 9.9991E-05 0.207156 0.15373
0.825792 9.9991E-05 0.0992628 0.064934 0.00191946 0.00799162
0.754983 0.0561825 0.0198944 0.0568253 0.112015 9.9991E-05
0.832236 0.00204112 9.9991E-05 0.0148136 0.00698876 0.143821
0.876581 0.0315142 9.9991E-05 0.0437185 0.0409237 0.00716295
0.936354 9.9973E-05 0.0327193 9.9973E-05 9.9973E-05 0.0306267
0.809223 0.00890113 0.00296354 0.0648154 0.0783033 0.035794
0.922989 0.0286722 9.9982E-05 0.03649 9.9982E-05 0.011649
0.899986 9.9973E-05 0.0344886 9.9973E-05 9.9973E-05 0.0652259
0.84614 9.9964E-05 9.9964E-05 9.9964E-05 9.9964E-05 0.15346
0.857251 0.0702324 9.9973E-05 9.9973E-05 9.9973E-05 0.0722169
0.781962 0.0114228 0.0288695 0.0130856 0.0218366 0.142823
0.750437 0.00935907 0.0523732 0.0976053 0.046475 0.0437502
0.751369 0.0519522 0.0660232 9.9991E-05 0.0395612 0.0909946
0.208513 0.0499677 0.0230027 0.567767 0.0373893 0.113361
9.9991E-05 0.0920524 0.0209556 0.64512 0.00862499 0.233147
0.00894622 9.9991E-05 0.0293346 0.622309 0.0797654 0.259545
0.0899533 0.0466657 9.9982E-05 0.631296 9.9982E-05 0.231885
0.012491 9.9982E-05 9.9982E-05 0.815143 0.00496331 0.167202
0.171956 0.0288255 0.00069968 0.569612 9.9991E-05 0.228807
9.9964E-05 9.9964E-05 0.0667607 9.9964E-05 9.9964E-05 0.932839
0.0405032 9.9982E-05 9.9982E-05 0.647546 0.0233737 0.288377
0.0928176 0.0971945 9.9991E-05 0.542574 0.036982 0.230332
0.071946 0.0647857 0.116659 0.469591 9.9991E-05 0.276919
9.9982E-05 0.0520812 0.0937126 0.588612 9.9982E-05 0.265394
9.9973E-05 9.9973E-05 0.0757952 0.727559 9.9973E-05 0.196346
9.9991E-05 0.0412853 0.0903825 0.498571 0.0101229 0.359539
0.0498209 9.9982E-05 0.015707 0.667007 9.9982E-05 0.267265
0.113195 9.9973E-05 9.9973E-05 0.646956 9.9973E-05 0.239549
9.9991E-05 0.0281722 0.0677052 0.671341 0.0184601 0.214222
0.0101721 0.0372934 0.0723862 0.710814 0.0534063 0.115928
0.343128 9.9982E-05 0.0448997 0.46153 9.9982E-05 0.150242
0.237661 0.0711034 0.0184263 0.543916 0.00010678 0.128786
0.523479 0.0903069 9.9982E-05 0.259358 9.9982E-05 0.126656
9.9973E-05 9.9973E-05 0.0550643 0.0552088 9.9973E-05 0.889427
0.162148 0.0305787 0.0495225 0.388194 0.0481282 0.321429
0.115656 9.9982E-05 9.9982E-05 0.576766 0.00975528 0.297623
0.208171 0.0597733 0.0126121 0.625205 9.9991E-05 0.0941379
0.0381951 0.0653611 0.00530634 0.629043 0.0225398 0.239554
0.0391155 0.0770072 9.9982E-05 0.606008 9.9982E-05 0.277669
0.307316 0.014529 0.00774523 0.219136 0.192757 0.258517
0.195727 0.0274839 9.9982E-05 9.9982E-05 0.613265 0.163325
0.195522 0.0629636 0.0441877 0.519428 0.164802 0.0130972
0.171473 0.0227385 9.9991E-05 0.647726 0.0446181 0.113345
0.140793 0.0361202 9.9991E-05 0.673756 0.0965423 0.0526886
0.102933 0.0177665 9.9991E-05 0.613952 0.0980062 0.167242
0.0421107 0.0029443 0.0426618 0.487718 9.9991E-05 0.424465
0.151585 0.0152044 0.0143874 0.511649 0.00991899 0.297255
0.0223962 9.9982E-05 9.9982E-05 0.644414 0.0656662 0.267323
0.0483517 0.115346 0.0449065 0.537036 0.123941 0.130418
0.0226099 0.0618537 0.121685 0.428406 0.106081 0.259364
9.9991E-05 0.0383067 0.0393292 0.591477 0.107419 0.223368
0.0483932 0.0824097 0.0373579 0.562394 0.132103 0.137342
0.0860753 0.0682774 9.9991E-05 0.527014 0.119262 0.199272
0.113544 0.0472097 9.9982E-05 0.62948 9.9982E-05 0.209566
0.0718956 0.0419387 0.0568359 0.686228 9.9991E-05 0.143002
0.116763 0.0150826 9.9991E-05 0.534924 0.0178227 0.315307
0.0400582 0.0348621 0.0517164 0.702928 0.0221309 0.148305
9.9982E-05 0.0308051 9.9982E-05 0.414335 0.174857 0.379803
9.9991E-05 0.000466967 0.0163436 0.818004 0.0305766 0.134508
9.996E-05 9.996E-05 9.996E-05 9.996E-05 9.996E-05 0.9995
0.00083694 0.0755387 9.9991E-05 0.594277 0.0983208 0.230927
9.9991E-05 0.0405281 0.0329623 0.66721 0.00551087 0.253689
9.9982E-05 0.0341415 9.9982E-05 0.735814 0.0908775 0.138967
0.110797 0.00815768 0.00886783 0.660989 0.0229959 0.188193
0.0912483 0.0561009 9.9991E-05 0.766885 0.000311322 0.0853543
0.0257847 0.0355525 0.124828 0.706495 9.9991E-05 0.107239
9.9964E-05 0.00924061 9.9964E-05 9.9964E-05 9.9964E-05 0.99036
9.996E-05 9.996E-05 9.996E-05 9.996E-05 9.996E-05 0.9995
9.9964E-05 9.9964E-05 0.0250414 9.9964E-05 9.9964E-05 0.974559
9.9982E-05 0.0475058 9.9982E-05 0.656039 0.109627 0.186629
9.9991E-05 0.0820387 0.0920895 0.356221 0.121526 0.348025
0.0327113 0.103889 0.0374085 0.634844 9.9991E-05 0.191048
0.132805 0.0271563 0.0111829 0.545845 9.9991E-05 0.282911
0.0646967 0.0463639 0.0321435 0.561324 9.9991E-05 0.295372
9.9991E-05 0.0511161 0.0313217 0.515875 0.0190183 0.382569
0.117152 0.0855746 9.9991E-05 0.490234 0.0935888 0.21335
9.9973E-05 9.9973E-05 0.137642 0.669732 0.192326 9.9973E-05
0.0336493 0.0191734 0.108289 0.596432 0.17986 0.0625952
0.0190927 9.9991E-05 0.226958 0.590818 0.085456 0.077575
9.9982E-05 0.0557873 0.169857 0.613143 0.161013 9.9982E-05
9.9991E-05 0.0135129 0.207169 0.500216 0.173859 0.105144
0.00503523 0.00340455 0.260017 0.531089 0.195747 0.00470795
0.0107029 0.0524914 0.164953 0.577339 0.194414 9.9991E-05
9.9982E-05 0.0634018 0.232285 0.645363 0.05875 9.9982E-05
0.103536 0.0129815 0.207932 0.468694 0.150507 0.0563507
0.167676 9.9982E-05 0.174983 0.611589 0.0455512 9.9982E-05
0.0723759 0.0390725 0.221429 0.618884 0.0481389 9.9991E-05
0.0704363 0.00838598 0.0645794 0.0273125 0.752728 0.0765582
0.0202151 9.9991E-05 0.00130771 0.0281477 0.871508 0.0787213
0.0667189 0.0277334 0.0734102 0.056205 0.734282 0.0416503
0.159147 0.0782206 0.0110472 0.0126877 0.738798 9.9991E-05
0.0736685 0.0272246 0.0631656 9.9991E-05 0.718846 0.116995
9.9991E-05 0.0295525 0.136256 0.0574543 0.754285 0.0223518
0.134171 9.9982E-05 0.109308 9.9982E-05 0.691668 0.0646531
9.9982E-05 9.9982E-05 0.14783 0.0868362 0.732082 0.0330523
0.0642678 0.0481212 0.00487012 0.0743252 0.663291 0.145125
0.237917 0.00746897 0.0129446 0.0130802 0.72849 9.9991E-05
0.0275946 0.0163918 0.0973479 9.9991E-05 0.827207 0.0313589
0.101587 0.039154 9.9982E-05 0.0331738 0.825885 9.9982E-05
0.219624 0.0310362 0.0699859 0.048031 0.631223 9.9991E-05
0.102755 0.0153797 9.9982E-05 0.206623 0.675042 9.9982E-05
9.9991E-05 0.0741084 0.0423211 0.0554717 0.760289 0.0677101
0.000813522 0.126051 9.9991E-05 0.038732 0.793139 0.0411638
0.084872 9.9991E-05 0.0483303 0.0693302 0.789959 0.00740812
9.9982E-05 0.0611769 9.9982E-05 0.101478 0.819232 0.017913
0.0445173 0.0558507 0.0518704 9.9991E-05 0.843652 0.0040099
0.0774754 0.0148099 0.048925 9.9991E-05 0.761099 0.0975903
0.0131351 0.096986 0.0392065 0.076691 0.691546 0.082435
0.0362611 9.9973E-05 9.9973E-05 9.9973E-05 0.813193 0.150246
0.0444664 9.9982E-05 0.0650734 9.9982E-05 0.792952 0.0973083
9.9982E-05 0.0665402 0.0383533 0.092712 0.802195 9.9982E-05
9.9982E-05 0.069127 0.0993048 9.9982E-05 0.698002 0.133366
0.0238057 0.0503903 0.0917247 0.149416 0.684563 9.9991E-05
0.112543 0.0465189 0.103209 9.9991E-05 0.707115 0.0305133
0.0329173 0.107451 9.9991E-05 0.0570952 0.736938 0.0654988
0.0562115 0.0538496 0.0162039 0.0366351 0.789973 0.0471273
0.0488006 0.014131 9.9982E-05 9.9982E-05 0.821607 0.115262
0.116914 9.9973E-05 9.9973E-05 9.9973E-05 0.847058 0.0357284
0.121611 0.0410195 0.0421162 0.0693691 0.70273 0.0231539
0.151246 9.9982E-05 0.0919996 0.0484644 0.70809 9.9982E-05
9.9973E-05 9.9973E-05 0.129897 9.9973E-05 0.786163 0.0836398
9.9991E-05 0.0568782 0.0011013 0.00928397 0.866141 0.0664954
0.611925 0.0654717 0.015751 9.9991E-05 0.239421 0.067331
0.575195 0.0743455 0.0954515 0.00651624 0.240909 0.0075833
0.584871 0.124285 0.0246644 0.100485 0.165594 9.9991E-05
0.579305 0.0876479 0.0731024 0.0776711 0.147922 0.0343516
0.66115 0.119849 0.0925007 0.0487634 0.0444639 0.0332726
0.725345 9.9982E-05 0.142598 9.9982E-05 0.086102 0.0457543
0.785017 9.9982E-05 0.0251277 0.0839243 0.105731 9.9982E-05
0.614156 0.104499 0.170127 0.0352304 0.0758867 9.9991E-05
