0.952649 9.9964E-05 9.9964E-05 0.046951 9.9964E-05 9.9964E-05
0.704551 9.9982E-05 0.046019 9.9982E-05 0.0737926 0.175438
0.850043 0.107903 0.00449075 9.9982E-05 9.9982E-05 0.0373641
0.799921 0.0353935 0.0155896 9.9991E-05 0.0520514 0.0969448
0.821527 9.9973E-05 9.9973E-05 9.9973E-05 0.0508643 0.127309
0.916974 9.9973E-05 9.9973E-05 0.0277661 9.9973E-05 0.0549605
0.959286 9.9964E-05 9.9964E-05 9.9964E-05 9.9964E-05 0.0403137
0.83764 0.0213881 0.0882586 9.9982E-05 9.9982E-05 0.0525135
0.804413 0.0133066 9.9982E-05 9.9982E-05 0.0506914 0.131389
0.833106 0.0270526 9.9982E-05 9.9982E-05 0.019441 0.120201
0.76379 0.0528683 0.0639898 9.9982E-05 9.9982E-05 0.119152
0.830609 0.114111 0.0307583 9.9991E-05 0.0196083 0.00481296
0.797443 0.024117 0.0638856 0.0815565 9.9991E-05 0.0328982
0.721699 0.120982 9.9982E-05 9.9982E-05 0.0673581 0.0897603
0.816789 0.060629 0.0381257 9.9982E-05 9.9982E-05 0.0842565
0.858899 0.0504488 0.0316987 9.9982E-05 9.9982E-05 0.0587539
0.957413 9.9964E-05 0.0421872 9.9964E-05 9.9964E-05 9.9964E-05
0.941866 9.9964E-05 9.9964E-05 0.0577339 9.9964E-05 9.9964E-05
0.974109 9.9964E-05 9.9964E-05 0.0254914 9.9964E-05 9.9964E-05
0.898691 0.0409176 9.9982E-05 0.0162496 0.0439416 9.9982E-05
9.996E-05 0.9995 9.996E-05 9.996E-05 9.996E-05 9.996E-05
0.0405987 0.671817 0.155821 0.0618562 9.9991E-05 0.0698062
0.0652961 0.724904 9.9991E-05 0.0746731 0.0477175 0.0873095
9.9973E-05 0.809043 9.9973E-05 0.16652 0.024137 9.9973E-05
9.9964E-05 0.947548 9.9964E-05 9.9964E-05 0.0520517 9.9964E-05
9.9973E-05 0.903993 0.0391173 0.05659 9.9973E-05 9.9973E-05
9.9982E-05 0.725664 0.0986919 0.0832935 9.9982E-05 0.0921502
9.996E-05 0.9995 9.996E-05 9.996E-05 9.996E-05 9.996E-05
9.9982E-05 0.779632 0.0236666 9.9982E-05 0.0788769 0.117624
9.999E-05 0.6228 0.146595 0.0370156 0.0505011 0.142988
9.9973E-05 0.744119 0.0643668 9.9973E-05 9.9973E-05 0.191214
9.9982E-05 0.773317 0.06212 0.0677417 9.9982E-05 0.0966211
0.0445145 0.779226 0.0246351 9.9991E-05 0.00597999 0.145544
9.999E-05 0.577895 0.104629 0.0517793 0.0939693 0.171628
0.0391968 0.548362 0.195271 9.9991E-05 0.091094 0.125976
0.0898219 0.432107 0.229188 9.9991E-05 0.0507672 0.198016
9.9991E-05 0.63554 0.13622 0.210769 0.0069194 0.010452
9.9991E-05 0.11412 0.107246 0.709773 0.00373423 0.0650276
9.9982E-05 9.9982E-05 0.0712454 0.708839 0.113965 0.105751
0.0280855 0.0395972 0.122183 0.72006 0.0201099 0.0699641
0.0379246 0.0354711 0.113978 0.774691 9.9991E-05 0.0378358
0.0449919 0.0463123 0.0514302 0.827987 0.0291788 9.9991E-05
9.9982E-05 9.9982E-05 0.105069 0.795285 0.0253819 0.0740647
0.0712041 0.0194805 9.9991E-05 0.598112 0.0739275 0.237176
0.0394966 0.00875406 0.0103424 0.770601 0.0968758 0.0739303
0.0596988 0.0642518 9.9991E-05 0.705805 0.0612977 0.108846
9.9973E-05 0.0286805 0.177191 0.793829 9.9973E-05 9.9973E-05
0.00833281 0.0367896 9.9982E-05 0.904959 0.0497187 9.9982E-05
9.9973E-05 0.0212199 9.9973E-05 0.951698 0.0267825 9.9973E-05
0.00694563 9.9982E-05 9.9982E-05 0.829732 0.0808095 0.0823131
9.9991E-05 0.0179382 0.0435613 0.887396 0.0351072 0.0158973
9.9982E-05 0.0287321 0.0409224 0.848257 9.9982E-05 0.0818883
9.9982E-05 0.0301309 0.0223051 0.865544 0.0818205 9.9982E-05
0.0958666 0.045393 0.0505765 0.807964 9.9982E-05 9.9982E-05
0.0196273 0.0186282 0.103657 0.807004 0.0364626 0.0146209
0.00520777 0.029173 0.130197 0.690128 9.9991E-05 0.145194
0.0680511 0.092535 9.9991E-05 0.753884 0.0428022 0.042628
0.0500536 0.00240976 0.584153 0.161263 0.0863516 0.115769
0.0544275 0.046463 0.810285 9.9982E-05 0.088625 9.9982E-05
0.100253 0.0104377 0.544204 0.0821574 0.211317 0.0516302
0.0381192 0.0147805 0.619619 0.138011 0.189371 9.9991E-05
9.9982E-05 0.0279009 0.809456 9.9982E-05 0.136574 0.0258696
0.0316154 0.0317585 0.668002 0.159488 0.109036 9.9991E-05
0.00613258 9.9991E-05 0.73234 0.069628 0.190514 0.00128496
9.9991E-05 0.0292736 0.833909 0.00359981 0.128798 0.00432035
0.114685 9.9991E-05 0.633922 0.0997907 0.11914 0.0323622
0.0693581 0.151591 0.608033 0.0615297 0.0972769 0.0122107
0.0567695 0.0420524 0.696009 0.0191309 0.162528 0.0235105
0.00270927 0.138371 0.692931 9.9982E-05 0.165789 9.9982E-05
0.0820976 0.046183 0.613823 9.9991E-05 0.214491 0.043305
0.0399634 0.00980935 0.7921 0.00393677 0.126696 0.0274945
0.00232844 9.9982E-05 0.759495 0.122949 0.115027 9.9982E-05
0.0142685 0.0532589 0.659255 0.0280939 0.221819 0.0233049
0.00416324 0.159497 0.515375 0.0488402 0.19055 0.0815747
9.9982E-05 0.0730312 0.540055 0.346592 0.0401219 9.9982E-05
0.0709405 0.0533117 0.549705 0.244365 0.0815783 9.9991E-05
0.0891745 9.9982E-05 0.332944 0.507231 0.0704505 9.9982E-05
9.9973E-05 9.9973E-05 0.748315 0.108469 0.142916 9.9973E-05
0.0636468 0.10914 0.414014 0.195067 0.190548 0.0275848
9.9982E-05 9.9982E-05 0.63964 0.133181 0.213325 0.013654
0.0675581 0.0229999 0.650424 0.131412 0.091398 0.0362086
0.0322227 0.0127704 0.63715 0.0827871 0.185243 0.0498269
0.120489 9.9991E-05 0.684164 0.0273366 0.162788 0.0051223
0.0357847 0.0435169 0.206652 0.308069 0.212176 0.193801
0.0219062 9.9991E-05 0.099538 0.189276 0.0873386 0.601841
0.0407455 0.0450737 0.547805 0.179944 0.0317943 0.154637
0.0230963 9.9991E-05 0.714329 0.0941316 0.117426 0.0509171
0.0155508 9.9991E-05 0.689967 0.0982517 0.0470892 0.149041
0.016021 0.07118 0.575847 0.111027 0.151326 0.0745984
9.9964E-05 0.0426412 9.9964E-05 9.9964E-05 0.956959 9.9964E-05
0.0327023 0.0448237 0.60458 0.143652 0.174142 9.9991E-05
9.9991E-05 0.00907117 0.725521 0.10293 0.135596 0.0267813
0.0752587 0.105377 0.483425 9.9991E-05 0.164663 0.171177
0.0781923 0.130048 0.495375 0.0429398 0.156155 0.097289
0.0155636 0.0611547 0.603599 9.9991E-05 0.177603 0.14198
0.098247 0.0477613 0.542757 0.029615 0.163564 0.118055
0.0745352 0.00146754 0.477176 0.109731 0.175042 0.162049
0.0951258 9.9982E-05 0.607162 0.16025 0.137262 9.9982E-05
0.0231453 0.0830885 0.756186 0.0537199 0.0837602 9.9991E-05
0.0235163 9.9991E-05 0.672716 0.0987706 0.204526 0.000370681
0.0685033 0.0792532 0.557191 0.0783817 0.179765 0.0369057
0.0355112 0.0219017 0.611995 0.00576568 0.2234 0.101426
0.0357852 0.048351 0.705988 0.0463157 0.16346 9.9991E-05
9.996E-05 9.996E-05 9.996E-05 9.996E-05 0.9995 9.996E-05
0.0655613 0.0466342 0.510036 0.0957551 0.172208 0.109806
0.0305043 0.0737184 0.707493 9.9982E-05 0.188084 9.9982E-05
0.0747198 0.0239857 0.632382 0.00794608 0.195694 0.0652721
0.00889585 9.9991E-05 0.633075 0.128199 0.155901 0.0738291
0.0636224 0.0779077 0.710667 0.037397 0.0637857 0.0466206
0.0370071 0.0981657 0.618855 0.0635062 0.166784 0.0156822
9.9973E-05 9.9973E-05 0.9188 0.0529818 0.0279182 9.9973E-05
9.996E-05 9.996E-05 9.996E-05 9.996E-05 0.9995 9.996E-05
9.9973E-05 9.9973E-05 0.881293 0.0940647 0.0243422 9.9973E-05
0.0538693 9.9982E-05 0.701249 9.9982E-05 0.176551 0.0681314
0.0480891 0.0788875 0.597964 0.0355626 0.199976 0.0395209
0.102846 0.0644574 0.599227 0.0250219 0.148561 0.0598861
0.10816 9.9982E-05 0.649778 0.0651745 0.176687 9.9982E-05
0.0283361 0.0559053 0.710205 0.0897306 0.115724 9.9991E-05
0.0515313 0.0234291 9.9982E-05 0.0633225 0.861517 9.9982E-05
0.100944 0.00285267 0.525103 0.140591 0.18102 0.0494896
0.0350035 0.23811 0.580001 9.9991E-05 0.0607133 0.0860715
9.9991E-05 0.114001 0.505395 0.0174059 0.157931 0.205166
0.0106707 0.261471 0.438626 9.9991E-05 0.15461 0.134522
0.0173699 0.248229 0.413854 9.9991E-05 0.155617 0.16483
0.0169364 0.205988 0.435094 9.9991E-05 0.165751 0.176131
9.9982E-05 0.229218 0.363624 9.9982E-05 0.151884 0.255074
0.0518583 0.214964 0.318843 0.0532826 0.127592 0.23346
0.083876 0.284895 0.440461 9.9991E-05 0.101172 0.0894953
9.9991E-05 0.250504 0.362884 0.145469 0.129662 0.11138
9.9991E-05 0.232835 0.418596 0.128838 0.122138 0.0974936
0.0136472 0.233503 0.481967 0.0643076 0.089426 0.117149
0.0481438 0.0517563 0.0089001 0.0173687 0.0607834 0.813048
9.9982E-05 0.0509787 9.9982E-05 0.0643712 0.0760078 0.808442
0.0579572 0.116324 0.0442457 0.035542 0.0154103 0.73052
0.0574406 0.00636693 9.9982E-05 0.132717 9.9982E-05 0.803275
0.0556649 0.0405345 9.9991E-05 0.18885 0.00340898 0.711441
0.0902097 0.140314 0.036168 0.00186714 0.0353993 0.696042
9.9982E-05 0.0559651 9.9982E-05 0.10242 0.114815 0.7266
9.9982E-05 0.137007 9.9982E-05 0.0386626 0.0473196 0.776811
0.0983222 0.0552071 0.0927876 0.0917373 0.0726078 0.589338
0.0156644 0.0268958 9.9991E-05 0.166543 0.0475894 0.743207
0.0395123 0.0810229 9.9982E-05 0.134658 9.9982E-05 0.744607
0.0258603 0.0360791 9.9991E-05 0.175291 0.00286287 0.759807
0.0279533 0.0142706 0.137498 0.18578 9.9991E-05 0.634398
0.0112422 9.9991E-05 0.241715 0.0406612 0.0452661 0.661016
0.0763566 0.0821928 0.0808786 9.9991E-05 0.0534143 0.707058
0.0728904 9.9982E-05 0.0332277 9.9982E-05 0.0766034 0.817078
0.0181631 9.9991E-05 0.0295415 0.0773644 0.0114816 0.863349
0.0829402 9.9991E-05 0.0765561 0.128896 0.00641579 0.705092
0.0862519 0.0560617 9.9991E-05 0.0668246 0.0306312 0.760131
9.9991E-05 0.0199528 0.0642875 0.143294 0.0438402 0.728526
0.0863705 0.0481162 9.9991E-05 0.0413967 0.104884 0.719133
0.00342408 0.0597543 9.9991E-05 0.0868586 0.0999374 0.749926
0.065669 9.9982E-05 0.0544892 9.9982E-05 0.0742674 0.805374
0.0564297 0.0399393 9.9982E-05 9.9982E-05 0.0943999 0.809031
0.0437613 0.0854438 9.9982E-05 9.9982E-05 0.128905 0.74169
0.0600227 0.083462 0.0903729 0.0876492 0.00144087 0.677052
0.0310291 0.0714735 0.0124657 0.0583911 0.0356317 0.791009
0.0939651 0.0100547 0.0373624 0.0791007 0.0660579 0.713459
0.0253174 0.0656493 0.138624 0.098402 0.00317929 0.668829
9.9982E-05 0.039651 9.9982E-05 0.0749811 0.0690546 0.816113
9.9982E-05 0.00834306 9.9982E-05 0.192634 0.0459075 0.752916
0.0519372 0.0586331 9.9991E-05 0.175638 0.0769083 0.636784
9.9991E-05 0.0875825 0.0311507 0.151406 0.0219572 0.707804
9.9982E-05 0.0747363 0.0313853 9.9982E-05 0.0682445 0.825434
0.0624264 0.075198 9.9982E-05 9.9982E-05 0.0463875 0.815788
0.0271507 0.0750026 9.9982E-05 0.709846 9.9982E-05 0.1878
0.0683428 0.0794958 9.9991E-05 0.553937 0.124027 0.174097
0.137236 0.0690512 9.9991E-05 0.595542 0.0701001 0.12797
0.0601154 0.110917 0.0329206 0.60077 0.0689365 0.12634
0.121534 0.0579497 0.0589604 0.58682 0.0391448 0.135591
9.9991E-05 0.123669 0.0235314 0.717575 0.019467 0.115657
9.9982E-05 0.0172679 9.9982E-05 0.751499 0.09481 0.136223
0.0937279 0.265577 0.00391279 0.617086 9.9991E-05 0.0195965
