9.9964E-05 9.9964E-05 0.988263 0.0113372 9.9964E-05 9.9964E-05
9.9982E-05 0.144549 0.722207 0.00673078 0.126314 9.9982E-05
9.9982E-05 0.0245834 0.801163 0.107743 0.0663098 9.9982E-05
9.9982E-05 0.059972 0.805655 0.074257 0.0599164 9.9982E-05
0.0747664 0.0619028 0.825386 9.9991E-05 0.0192961 0.0185483
9.9982E-05 9.9982E-05 0.893344 0.0228655 0.075353 0.00823754
9.9973E-05 9.9973E-05 0.920765 9.9973E-05 0.0720717 0.00686349
0.0205901 9.9991E-05 0.836204 0.0239737 0.0904334 0.0286987
9.9982E-05 0.0360717 0.814339 0.0295346 0.119855 9.9982E-05
0.00688028 9.9991E-05 0.828741 0.0862159 0.0617444 0.016318
9.9982E-05 0.104291 0.764875 0.0447812 0.0858528 9.9982E-05
0.0831706 9.9982E-05 0.756431 0.126738 9.9982E-05 0.0334606
0.0367712 0.0742865 0.826361 0.0306138 0.0147443 0.0172237
0.00511772 0.0485253 0.715898 0.0654004 0.164958 9.9991E-05
9.9982E-05 0.120338 0.851811 0.0107196 0.0169308 9.9982E-05
9.9964E-05 9.9964E-05 0.885857 9.9964E-05 0.113744 9.9964E-05
9.9964E-05 9.9964E-05 0.960198 9.9964E-05 9.9964E-05 0.0394018
0.0185942 9.9964E-05 0.981006 9.9964E-05 9.9964E-05 9.9964E-05
0.0142874 9.9964E-05 0.985313 9.9964E-05 9.9964E-05 9.9964E-05
9.9973E-05 9.9973E-05 0.930578 0.00815766 9.9973E-05 0.0609647
9.996E-05 9.996E-05 9.996E-05 0.9995 9.996E-05 9.996E-05
0.104131 0.0675386 0.0144152 0.688603 0.0942377 0.0310749
0.1123 0.0161914 0.0549627 0.75621 0.0602361 9.9991E-05
0.176766 0.0215336 0.00937213 0.792129 9.9982E-05 9.9982E-05
9.9982E-05 0.0744988 9.9982E-05 0.918492 0.00311914 0.00369043
9.9982E-05 0.041726 0.0173152 0.900957 9.9982E-05 0.0398018
0.084308 0.0704155 9.9982E-05 0.807063 0.0380135 9.9982E-05
9.996E-05 9.996E-05 9.996E-05 0.9995 9.996E-05 9.996E-05
9.9982E-05 0.0827575 9.9982E-05 0.795663 0.0841246 0.0372549
0.114285 0.158719 9.9991E-05 0.587976 0.105078 0.0338426
0.00108915 0.0417546 9.9982E-05 0.858724 0.0982322 9.9982E-05
0.150873 0.00554793 9.9991E-05 0.779092 0.0204012 0.0439855
0.0434874 0.0864538 0.0171229 0.778787 0.0692226 0.00492674
9.9982E-05 0.167648 9.9982E-05 0.648811 0.152926 0.0304146
0.0202674 0.244804 0.024725 0.59589 0.0507355 0.0635777
9.9991E-05 0.257031 0.0461201 0.486429 0.184234 0.026086
0.139125 0.0920116 9.9991E-05 0.667712 0.0379193 0.0631318
0.728191 0.141512 9.9991E-05 0.0444857 0.0648951 0.020816
0.717423 0.124524 9.9982E-05 9.9982E-05 0.101016 0.056838
0.788201 0.0715733 0.00285032 0.0449397 0.0807346 0.0117007
0.815293 9.9991E-05 0.0322212 0.0604979 0.0502644 0.0416238
0.81805 0.0369229 0.0481274 0.0302772 9.9991E-05 0.0665226
0.826432 0.108157 0.00667398 9.9982E-05 0.058537 9.9982E-05
0.696449 9.9982E-05 0.0856009 9.9982E-05 0.18725 0.0305
0.801924 0.0617328 0.0127942 0.0379092 0.0352729 0.0503669
0.752353 9.9991E-05 0.0312989 0.0669577 0.11731 0.0319802
0.87592 0.011335 9.9982E-05 9.9982E-05 0.00715333 0.105392
0.941703 0.0292604 0.0287369 9.9973E-05 9.9973E-05 9.9973E-05
0.928105 9.9973E-05 9.9973E-05 0.023296 9.9973E-05 0.0482987
0.849087 0.0275822 0.0269071 0.0116372 0.0623654 0.0224213
0.859813 0.0176169 9.9991E-05 0.00589795 0.0352675 0.0813046
0.917855 9.9982E-05 0.0100693 0.0710501 9.9982E-05 0.000825583
0.915166 9.9982E-05 0.00515306 0.0258836 9.9982E-05 0.0535969
0.831413 9.9982E-05 0.0720032 0.0477731 9.9982E-05 0.0486109
0.886626 0.0309074 0.030777 0.0128189 0.0212431 0.0176279
0.739324 0.0562818 0.0457108 0.0972112 0.0561969 0.00527499
0.722393 9.9991E-05 0.0391919 0.0536157 0.0801131 0.104586
0.128646 0.58976 0.00776816 0.0340167 0.113315 0.126495
9.9964E-05 0.948396 0.0512041 9.9964E-05 9.9964E-05 9.9964E-05
0.0327095 0.683836 0.0335561 9.9991E-05 0.079591 0.170207
0.126468 0.606649 0.0254559 9.9991E-05 0.0375716 0.203756
9.9973E-05 0.785075 9.9973E-05 9.9973E-05 0.0301674 0.184458
0.212708 0.583348 0.0132899 0.0145383 9.9991E-05 0.176017
0.0388642 0.482417 0.0107674 0.0383604 0.0509505 0.37864
0.00308682 0.911017 9.9982E-05 9.9982E-05 0.0390339 0.0466626
0.101397 0.558929 0.129199 9.9991E-05 0.0540572 0.156318
0.122543 0.448196 0.0639285 0.107575 0.0458895 0.211868
0.0215526 0.628821 0.0890354 0.0227936 0.0299488 0.207849
9.9973E-05 0.586113 9.9973E-05 0.134063 9.9973E-05 0.279524
9.9991E-05 0.649119 0.0450212 0.110637 0.000615843 0.194508
0.0500008 0.702617 9.9991E-05 0.0386899 0.00300647 0.205586
0.0684268 0.676453 9.9982E-05 0.0112042 9.9982E-05 0.243716
9.9991E-05 0.679432 0.0272107 0.0531286 0.0330945 0.207034
0.0783603 0.548679 9.9991E-05 0.123986 0.0888496 0.160025
0.322033 0.452106 9.9991E-05 0.0847959 0.0130707 0.127894
0.324525 0.454014 0.0540227 0.0197845 9.9991E-05 0.147555
0.518247 0.303482 0.0371237 9.9982E-05 9.9982E-05 0.140947
0.127647 0.4931 9.99903E-05 9.99903E-05 0.00506442 0.373988
0.26541 0.298384 0.0592947 0.107103 9.9991E-05 0.269708
0.202435 0.548026 9.9973E-05 9.9973E-05 9.9973E-05 0.249239
0.134257 0.504992 0.0612029 0.117642 0.0139047 0.168001
0.0307915 0.568901 0.0768241 0.0256136 0.0602614 0.237608
0.156443 0.615988 0.0639951 9.9982E-05 9.9982E-05 0.163374
0.301898 0.138805 9.9991E-05 0.0861956 0.215403 0.257598
0.198285 0.0893137 0.00507098 9.9991E-05 0.655242 0.0519883
0.187454 0.535184 0.0469942 0.0450344 0.147415 0.0379177
0.190176 0.623178 0.0155467 9.9991E-05 0.0384954 0.132504
0.139795 0.629096 0.00954346 9.9991E-05 0.144131 0.077334
0.144724 0.666705 9.9991E-05 0.0106601 0.0531708 0.12464
9.9982E-05 0.349717 0.0381472 0.0310556 9.9982E-05 0.580881
0.145182 0.592313 0.0119381 0.0332008 9.9991E-05 0.217267
0.130864 0.623969 9.9982E-05 9.9982E-05 0.0180575 0.226909
9.9991E-05 0.552642 0.0805728 0.047257 0.212713 0.106716
0.0977483 0.46874 0.0762106 0.0544791 0.129096 0.173726
0.0312867 0.605298 0.0344767 0.0569372 0.100442 0.171559
9.9991E-05 0.584531 0.0822035 0.124602 0.105572 0.102992
0.0357226 0.489229 0.0764317 0.067556 0.158406 0.172654
0.167441 0.604373 0.0605267 9.9982E-05 9.9982E-05 0.16746
0.0779116 0.668818 0.0232615 0.050893 9.9991E-05 0.179016
0.197749 0.55688 0.0129941 9.9982E-05 9.9982E-05 0.232177
0.0782317 0.702429 0.0494367 0.0540643 0.0386665 0.0771717
9.9991E-05 0.533159 0.0417905 0.00192266 0.133875 0.289153
0.0710176 0.693433 0.0221564 0.0218569 0.0122582 0.179278
9.996E-05 9.996E-05 9.996E-05 9.996E-05 9.996E-05 0.9995
0.042121 0.515816 0.0908395 0.0400405 0.0513972 0.259786
0.0599714 0.716853 0.023671 0.0540839 9.9991E-05 0.145321
0.0402311 0.642639 0.0513089 0.0657949 0.0227918 0.177235
0.197415 0.61571 0.00303312 9.9991E-05 0.0285507 0.155191
0.123568 0.707585 0.046905 0.0379428 9.9991E-05 0.0838995
0.0505161 0.593985 0.060742 0.127285 0.0402026 0.127269
9.996E-05 9.996E-05 9.996E-05 9.996E-05 9.996E-05 0.9995
9.996E-05 9.996E-05 9.996E-05 9.996E-05 9.996E-05 0.9995
0.0211089 9.9973E-05 9.9973E-05 0.0217874 9.9973E-05 0.956804
0.0361504 0.80397 0.0676844 9.9991E-05 0.00869852 0.0833962
0.0431488 0.445994 0.0447653 0.0953631 0.0897527 0.280976
9.9991E-05 0.567826 0.0811802 0.0599201 0.0675627 0.223411
0.0625873 0.556682 0.058842 0.0325509 9.9991E-05 0.289237
0.14912 0.583114 0.0225579 0.0549434 9.9991E-05 0.190165
0.0366714 0.3602 0.0573332 9.9991E-05 0.0662567 0.479439
0.184081 0.476755 0.0690287 9.9991E-05 0.039715 0.230321
9.9991E-05 0.660612 0.00674067 0.175875 0.148651 0.00802165
9.9982E-05 0.54852 9.9982E-05 0.115161 0.227369 0.10875
0.0709163 0.417376 0.00524611 0.27725 0.0535923 0.175619
9.9991E-05 0.513719 0.0108584 0.238913 0.146098 0.0903121
0.0404303 0.406748 9.9991E-05 0.205636 0.152182 0.194903
9.9982E-05 0.439848 9.9982E-05 0.225078 0.216884 0.11799
0.0382508 0.460802 9.9991E-05 0.224859 0.201864 0.0741255
9.9991E-05 0.501763 0.0944088 0.248178 0.0879282 0.0676227
0.116283 0.45126 9.9991E-05 0.230163 0.122973 0.0792212
0.0899331 0.502634 9.9991E-05 0.185947 0.104916 0.116471
0.0413477 0.544697 9.9991E-05 0.2968 0.0634412 0.0536138
9.9973E-05 9.9973E-05 9.9973E-05 0.125612 0.781468 0.0926196
9.9991E-05 0.0275449 0.0164904 0.0722443 0.824639 0.0589812
0.0751748 0.0405082 0.034434 0.118633 0.73115 9.9991E-05
0.13336 0.0106765 0.0780776 0.0236672 0.750617 0.003602
0.0804253 9.9991E-05 0.0305648 0.0927217 0.755701 0.0404877
0.00320573 0.024879 0.0357152 0.0618827 0.792562 0.081755
0.103951 9.9991E-05 0.0108468 0.1088 0.761847 0.0144555
0.0162563 0.0171909 9.9991E-05 0.121901 0.781508 0.0630433
0.0712275 0.0208763 0.0784804 0.105355 0.585337 0.138725
0.255954 9.9973E-05 9.9973E-05 0.0821065 0.66164 9.9973E-05
0.088341 0.00995609 0.022793 0.0430337 0.829601 0.00627554
0.118991 9.9982E-05 0.061592 0.0415776 0.77764 9.9982E-05
0.163304 0.125345 0.00140989 0.109096 0.600745 9.9991E-05
0.10657 0.278014 9.9991E-05 0.0195893 0.578926 0.0168014
9.9991E-05 0.0525906 0.0873811 0.0189466 0.77163 0.0693514
0.0246044 0.107007 0.0666044 9.9991E-05 0.801348 0.000336466
0.0536555 0.036202 9.9982E-05 9.9982E-05 0.86932 0.0406228
0.0159933 0.0540948 0.0762759 9.9991E-05 0.803518 0.0500182
0.0483119 9.9991E-05 0.0625605 0.0932084 0.756149 0.0396699
0.072172 9.9991E-05 0.0426597 0.0679522 0.757908 0.0592085
9.9991E-05 0.0854701 0.0609429 0.0371326 0.737154 0.0792003
0.0403103 9.9982E-05 9.9982E-05 0.0225341 0.781266 0.15569
9.9991E-05 0.00451596 0.0222103 0.101604 0.759561 0.112008
0.0332487 0.0182324 0.0479745 0.0367863 0.807851 0.055907
9.9991E-05 0.0417989 0.0791829 0.09618 0.674194 0.108544
0.0418085 0.10711 0.00749386 0.164528 0.678959 9.9991E-05
0.0525266 9.9991E-05 0.0369899 0.0958348 0.736684 0.0778645
0.0380116 0.108176 0.0991445 9.9991E-05 0.746579 0.00798956
0.0476854 0.109815 0.0251717 0.0302649 0.767388 0.0196753
0.0367859 0.0381195 0.00219074 0.0374069 0.831581 0.0539164
0.114838 9.9973E-05 9.9973E-05 9.9973E-05 0.837269 0.0475925
0.147559 9.9991E-05 0.056213 0.0731337 0.651191 0.0718032
0.126364 0.0474489 9.9982E-05 0.136649 0.689338 9.9982E-05
9.9982E-05 0.00952285 9.9982E-05 0.062629 0.810619 0.11703
9.9982E-05 9.9982E-05 0.0344581 0.137191 0.786112 0.0420395
0.652781 0.00759993 0.0395914 0.0756634 0.207356 0.0170088
0.601714 0.0604502 0.0388749 0.117863 0.162696 0.0184025
0.584672 0.0771612 0.0887459 0.103011 0.119058 0.0273529
0.483415 9.9991E-05 0.146714 0.11107 0.171898 0.0868018
0.644779 0.0113986 0.123472 0.120323 0.0999281 9.9991E-05
0.674091 9.9982E-05 9.9982E-05 0.155117 0.104219 0.0663734
0.842701 9.9973E-05 9.9973E-05 0.0306862 0.126313 9.9973E-05
0.668447 9.9982E-05 0.101016 0.196584 0.033753 9.9982E-05
