0.234802 9.9982E-05 0.692383 9.9982E-05 0.0173441 0.0552714
9.9964E-05 9.9964E-05 0.929036 9.9964E-05 9.9964E-05 0.0705642
0.533478 9.9973E-05 0.434549 9.9973E-05 9.9973E-05 0.0316725
0.0916771 0.279819 0.531927 0.0963765 9.99821E-05 9.99821E-05
0.135668 9.9964E-05 9.9964E-05 9.9964E-05 0.863932 9.9964E-05
0.0733769 0.856704 9.9973E-05 9.9973E-05 9.9973E-05 0.0696194
9.9973E-05 0.0358984 9.9973E-05 0.960094 9.9973E-05 0.00370751
0.0293259 9.99731E-05 0.929194 0.0411805 9.99731E-05 9.99731E-05
9.99641E-05 0.446411 9.99641E-05 9.99641E-05 9.99641E-05 0.553189
9.996E-05 9.996E-05 9.996E-05 0.465775 0.533825 9.996E-05
9.996E-05 9.996E-05 9.996E-05 0.9995 9.996E-05 9.996E-05
9.996E-05 0.0943465 0.905254 9.996E-05 9.996E-05 9.996E-05
0.11601 0.0685464 0.0681376 9.9982E-05 0.747106 9.9982E-05
0.625691 0.0776121 0.0129595 0.217219 0.0664181 9.9991E-05
9.996E-05 9.996E-05 9.996E-05 9.996E-05 0.9995 9.996E-05
0.052565 9.99731E-05 9.99731E-05 0.0612926 9.99731E-05 0.885842
9.99641E-05 0.0298693 0.969731 9.99641E-05 9.99641E-05 9.99641E-05
9.9973E-05 0.16452 9.9973E-05 0.43157 9.9973E-05 0.40361
9.996E-05 0.9995 9.996E-05 9.996E-05 9.996E-05 9.996E-05
9.99642E-05 9.99642E-05 9.99642E-05 9.99642E-05 0.0507914 0.948809
9.997E-05 9.997E-05 0.0751955 9.997E-05 0.0455737 0.878931
9.9982E-05 0.389135 0.116705 0.0617441 9.9982E-05 0.432215
0.0382575 9.9982E-05 9.9982E-05 0.0395004 0.222485 0.699558
0.0440717 0.091892 0.518162 0.123989 0.100486 0.121399
0.965636 9.99641E-05 9.99641E-05 9.99641E-05 9.99641E-05 0.0339637
9.9964E-05 9.9964E-05 9.9964E-05 9.9964E-05 0.790704 0.208896
0.32919 0.0365662 0.633944 9.99731E-05 9.99731E-05 9.99731E-05
0.0798048 0.648439 9.99731E-05 9.99731E-05 0.271456 9.99731E-05
9.99643E-05 9.99643E-05 0.980372 9.99643E-05 9.99643E-05 0.0192284
9.99731E-05 0.742793 0.200502 0.0564052 9.99731E-05 9.99731E-05
0.584444 9.99731E-05 0.0419245 0.373331 9.99731E-05 9.99731E-05
0.9995 9.996E-05 9.996E-05 9.996E-05 9.996E-05 9.996E-05
0.0334248 9.9973E-05 9.9973E-05 0.662114 0.304161 9.9973E-05
0.1371 0.821426 9.99731E-05 9.99731E-05 9.99731E-05 0.0411739
0.0656826 0.163653 0.770364 9.9973E-05 9.9973E-05 9.9973E-05
9.9964E-05 0.0362094 9.9964E-05 9.9964E-05 9.9964E-05 0.963391
9.9964E-05 0.757345 9.9964E-05 9.9964E-05 9.9964E-05 0.242255
0.0322235 0.92486 9.998E-05 0.0155489 9.998E-05 0.0271675
9.99731E-05 9.99731E-05 0.062119 0.899343 9.99731E-05 0.0382377
9.99731E-05 0.889408 0.048676 9.99731E-05 0.0616158 9.99731E-05
9.9964E-05 0.87073 0.12887 9.9964E-05 9.9964E-05 9.9964E-05
9.99641E-05 0.206712 0.792888 9.99641E-05 9.99641E-05 9.99641E-05
9.99641E-05 9.99641E-05 9.99641E-05 9.99641E-05 0.275513 0.724088
0.9995 9.996E-05 9.996E-05 9.996E-05 9.996E-05 9.996E-05
9.996E-05 9.996E-05 9.996E-05 9.996E-05 0.977624 0.0219764
9.99641E-05 9.99641E-05 0.998724 9.99641E-05 9.99641E-05 0.000876092
9.996E-05 0.125316 9.996E-05 9.996E-05 9.996E-05 0.874285
9.99641E-05 0.772767 9.99641E-05 9.99641E-05 9.99641E-05 0.226833
9.99821E-05 0.00308645 0.0904003 9.99821E-05 0.696493 0.209821
9.99821E-05 0.197933 9.99821E-05 0.000486153 0.00704308 0.794338
