0.957958 9.9964E-05 9.9964E-05 9.9964E-05 9.9964E-05 0.0416418
0.766487 0.0651144 9.9991E-05 0.118795 0.0377899 0.0117136
0.826939 0.0349886 0.110518 0.0273539 9.9982E-05 9.9982E-05
0.828417 0.0154918 0.0430396 0.0796901 0.0332614 9.9991E-05
0.832633 0.0546154 0.0158362 0.0710789 0.0257366 9.9991E-05
0.892636 9.9973E-05 9.9973E-05 0.0889613 0.0181024 9.9973E-05
0.933512 9.9973E-05 9.9973E-05 0.0461307 0.0200571 9.9973E-05
0.851037 0.0359164 0.00757637 0.102186 0.0031842 9.9991E-05
0.827816 0.00493136 9.9982E-05 0.15476 0.012293 9.9982E-05
0.857335 9.9982E-05 0.0719699 0.0380462 0.0324487 9.9982E-05
0.800698 0.0307336 0.0502274 0.0796164 0.0386251 9.9991E-05
0.767455 0.0803303 0.0488755 0.0636124 9.9991E-05 0.0396264
0.797576 0.0391813 0.0378769 0.0297115 0.0418255 0.0538292
0.698409 0.0224291 0.0458628 0.189991 9.9991E-05 0.0432078
0.809166 0.0681932 0.060909 0.0615324 9.9982E-05 9.9982E-05
0.873415 9.9973E-05 9.9973E-05 0.113005 0.0132796 9.9973E-05
0.9995 9.996E-05 9.996E-05 9.996E-05 9.996E-05 9.996E-05
0.974695 9.9964E-05 9.9964E-05 9.9964E-05 9.9964E-05 0.0249051
0.97284 9.9964E-05 9.9964E-05 9.9964E-05 9.9964E-05 0.02676
0.936674 9.9973E-05 0.0470726 9.9973E-05 0.0159531 9.9973E-05
9.996E-05 9.996E-05 0.9995 9.996E-05 9.996E-05 9.996E-05
9.9982E-05 0.0937067 0.728833 0.0731586 9.9982E-05 0.104102
0.0412928 0.11297 0.684459 0.0796264 0.00789508 0.0737572
0.011836 9.9982E-05 0.788507 9.9982E-05 0.0624942 0.136962
0.00974321 0.0575324 0.932424 9.9973E-05 9.9973E-05 9.9973E-05
0.0186417 0.0821712 0.844762 9.9991E-05 0.0176389 0.0366859
9.9973E-05 0.101607 0.7319 9.9973E-05 9.9973E-05 0.166193
9.996E-05 9.996E-05 0.9995 9.996E-05 9.996E-05 9.996E-05
9.9991E-05 0.117039 0.779549 0.0856985 0.0078112 0.00980226
9.999E-05 0.100293 0.643558 0.0870102 0.0330366 0.136002
9.9973E-05 0.127914 0.734264 0.137522 9.9973E-05 9.9973E-05
9.999E-05 0.00950203 0.735036 0.0200949 0.0269603 0.208306
0.0348248 0.0887898 0.69922 0.125112 9.9991E-05 0.051954
9.9982E-05 0.104716 0.703549 0.108949 0.0825861 9.9982E-05
0.0096335 0.194106 0.62389 0.0610364 0.0903172 0.0210165
0.0605167 0.252085 0.459575 0.213143 0.0145802 9.9991E-05
9.9991E-05 0.166892 0.626607 0.0252451 0.0042028 0.176953
9.9982E-05 0.12131 0.040243 0.0336344 9.9982E-05 0.804613
9.9982E-05 0.161778 9.9982E-05 0.0151226 0.0918419 0.731057
0.0212629 0.106569 0.0316843 0.0545456 0.0262605 0.759678
9.9982E-05 0.115286 0.00399001 0.0591683 9.9982E-05 0.821356
0.0222485 0.0307577 0.0460914 9.9991E-05 0.0565753 0.844227
0.015106 9.9991E-05 0.0215032 0.0266674 0.0837487 0.852875
0.0639068 9.9991E-05 0.0521175 0.151973 0.0844109 0.647492
0.00664114 0.0567496 0.0707629 0.00182473 0.0829955 0.781026
0.0523779 9.9991E-05 0.0893775 0.0694116 0.0375417 0.751191
9.9991E-05 0.00994208 0.00370061 0.00260162 0.0868406 0.896815
0.0248559 0.0434812 9.9982E-05 0.0319951 9.9982E-05 0.899468
0.0089512 9.9982E-05 0.0353234 9.9982E-05 0.0353472 0.920178
0.0233675 0.0570926 0.0179568 0.111297 0.0117921 0.778494
0.0247875 9.9991E-05 0.032793 0.0180906 0.0730416 0.851187
9.9973E-05 0.0111721 0.0716925 9.9973E-05 9.9973E-05 0.916835
0.0218261 9.9973E-05 9.9973E-05 9.9973E-05 0.0725091 0.905365
0.0984456 0.0319264 0.0307072 9.9991E-05 0.013071 0.82575
9.9982E-05 9.9982E-05 0.0210327 0.0496984 0.138118 0.790951
0.024952 0.109074 0.100416 0.0524107 9.9991E-05 0.713047
0.0671233 9.9982E-05 0.085638 9.9982E-05 0.0416569 0.805382
0.0160891 0.642393 0.0107865 0.0507115 0.0745823 0.205438
0.00689998 0.9927 9.9964E-05 9.9964E-05 9.9964E-05 9.9964E-05
0.00570725 0.545679 0.0186659 0.0782392 0.262821 0.0888874
0.0234636 0.634816 9.9982E-05 9.9982E-05 0.243514 0.0980063
9.9982E-05 0.83161 0.0112867 0.0381393 0.118764 9.9982E-05
0.0249215 0.650597 0.0185501 9.9991E-05 0.141477 0.164355
9.9982E-05 0.00442948 0.0548147 0.0230337 0.917522 9.9982E-05
9.9964E-05 0.973688 9.9964E-05 9.9964E-05 0.0259126 9.9964E-05
0.107029 0.579957 9.9991E-05 0.0685875 0.181389 0.0629373
0.0336276 0.535115 0.109298 0.0150407 0.213239 0.0936801
0.0320147 0.615957 0.0415842 0.0129992 0.237123 0.0603218
0.00420583 0.692036 0.0769196 9.9982E-05 0.226639 9.9982E-05
0.0505183 0.613154 0.0598412 0.0170286 0.259358 9.9991E-05
0.0280449 0.738024 9.9982E-05 9.9982E-05 0.147361 0.0863698
9.9973E-05 0.638669 9.9973E-05 9.9973E-05 0.253616 0.107415
0.00158235 0.723544 0.0881165 9.9991E-05 0.155019 0.0316376
0.00676192 0.659171 0.0658384 0.123038 0.145091 9.9991E-05
9.9982E-05 0.455421 0.0861283 9.9982E-05 0.123681 0.334569
0.0527385 0.534041 0.0123361 9.9991E-05 0.0989774 0.301807
0.0809385 0.381363 9.9982E-05 9.9982E-05 0.0514678 0.486031
9.9973E-05 0.0991083 0.0210524 9.9973E-05 0.879539 9.9973E-05
0.0810056 0.421321 0.0953455 0.029725 0.231587 0.141016
9.9973E-05 0.554723 9.9973E-05 9.9973E-05 0.309859 0.135118
0.0198663 0.618034 0.0303231 0.00786471 0.146369 0.177543
0.0148507 0.66724 0.0774795 0.0454356 0.192289 0.00270522
0.0980492 0.545387 9.9982E-05 9.9982E-05 0.243736 0.112628
0.00717271 0.218191 0.0357525 0.235428 0.232911 0.270545
0.0238598 0.0668043 9.9991E-05 0.576383 0.12311 0.209742
0.022601 0.594787 0.0628151 0.171082 9.9991E-05 0.148615
0.0316154 0.616298 9.9991E-05 0.0417118 0.157466 0.152809
0.00356616 0.664693 9.9991E-05 0.119062 0.0504496 0.162129
0.0167323 0.730807 9.9991E-05 0.0733197 0.0593476 0.119694
9.9973E-05 0.214659 0.0254665 9.9973E-05 0.759574 9.9973E-05
0.0402246 0.501031 0.030545 9.9991E-05 0.310221 0.117878
9.9982E-05 0.584776 9.9982E-05 0.0635909 0.218586 0.132847
0.108377 0.563118 0.0875316 0.143897 0.0969757 9.9991E-05
0.0860224 0.383838 0.134301 0.0979662 0.267188 0.0306844
0.0263996 0.588032 0.0585327 0.109116 0.217819 9.9991E-05
0.0951252 0.64379 0.0414509 0.100902 0.118633 9.9991E-05
0.0567904 0.416192 0.0186862 0.18069 0.287198 0.0404429
0.0914348 0.613244 9.9982E-05 9.9982E-05 0.172413 0.122709
0.00294124 0.693104 0.0562595 9.9991E-05 0.154801 0.0927943
0.0240718 0.607367 9.9991E-05 0.0126521 0.268976 0.086833
0.0246372 0.66801 0.0530634 0.0288135 0.119238 0.106237
0.0282356 0.50183 9.9991E-05 0.128049 0.333499 0.00828611
0.0347143 0.795217 0.0316862 0.0486887 0.083317 0.00637656
9.996E-05 9.996E-05 9.996E-05 9.996E-05 0.9995 9.996E-05
0.0821372 0.522724 0.0422538 0.0900093 0.259863 0.00301288
0.0115711 0.598788 0.0351499 9.9991E-05 0.296276 0.0581158
0.070641 0.593205 0.00117366 0.0852195 0.177725 0.0720354
0.0215312 0.63894 9.9982E-05 9.9982E-05 0.146094 0.193235
0.0164377 0.687477 9.99936E-05 0.0326285 0.171901 0.0914556
0.045053 0.686158 0.11235 9.9991E-05 0.0943731 0.0619651
9.996E-05 9.996E-05 9.996E-05 9.996E-05 0.9995 9.996E-05
9.996E-05 9.996E-05 9.996E-05 9.996E-05 0.9995 9.996E-05
9.9973E-05 9.9973E-05 0.00692643 9.9973E-05 0.985099 0.00767427
0.0645309 0.635021 9.9991E-05 0.107759 0.180312 0.0122768
0.0305503 0.338831 0.118763 0.114347 0.397409 9.9991E-05
0.0801233 0.627171 0.0206019 0.100553 0.162034 0.00951672
0.0333106 0.621078 0.00370982 9.9991E-05 0.271507 0.0702946
0.0309821 0.593741 0.0476319 9.9991E-05 0.216506 0.11104
0.0420181 0.249051 0.0154668 0.0373905 0.643445 0.0126286
0.0752192 0.563641 9.9991E-05 0.0650495 0.182518 0.113473
9.9973E-05 0.734117 0.153402 0.112181 9.9973E-05 9.9973E-05
9.9991E-05 0.580198 0.0982937 0.173768 0.0961703 0.05147
0.0119183 0.523407 0.252533 0.0551971 0.156844 9.9991E-05
0.0155833 0.678401 0.176738 0.124232 0.00494598 9.9991E-05
0.0262642 0.383472 0.195609 0.187528 0.207027 9.9991E-05
9.9982E-05 0.468743 0.261909 0.198952 0.0701964 9.9982E-05
0.0357152 0.504009 0.211475 0.183918 9.9991E-05 0.0647823
0.0891614 0.626756 0.204883 0.0739213 9.9991E-05 0.0051775
0.0014795 0.489282 0.210427 0.110952 9.9991E-05 0.187759
9.9991E-05 0.539916 0.134959 0.156578 0.0967665 0.071681
0.00738682 0.606016 0.244276 0.0697742 0.0181147 0.0544315
0.00965123 9.9991E-05 0.0582813 0.812023 0.0510186 0.0689261
0.0331987 0.0833964 0.0420759 0.78031 9.9991E-05 0.0609187
0.057712 0.0785121 0.0420951 0.772149 0.0494316 9.99909E-05
0.0562094 9.9982E-05 0.0257265 0.756789 9.9982E-05 0.161075
0.0536335 9.9991E-05 0.0135641 0.727306 0.0336248 0.171771
0.0550112 0.0682583 0.0116697 0.801473 0.0634874 9.9991E-05
9.9982E-05 9.9982E-05 0.0665738 0.761797 0.0279985 0.143431
9.9982E-05 0.0635384 0.0683869 0.826399 9.9982E-05 0.0414757
0.0431159 0.154674 9.9991E-05 0.618732 0.0724663 0.110911
9.9982E-05 0.00696407 0.0204666 0.75624 9.9982E-05 0.216129
0.0244575 0.0124021 0.0100608 0.803567 9.9991E-05 0.149413
0.0643383 9.9973E-05 9.9973E-05 0.787463 9.9973E-05 0.147899
0.0496748 0.123296 0.0244361 0.685242 9.9991E-05 0.117251
9.9982E-05 0.164303 9.9982E-05 0.631915 0.0714135 0.132169
0.0649867 0.0982079 0.00382258 0.786281 0.0466015 9.9991E-05
0.0857907 0.0988334 9.9982E-05 0.76341 9.9982E-05 0.0517663
0.0122085 0.0757568 9.9991E-05 0.856174 0.00686904 0.0488917
0.0595125 0.0965915 9.9982E-05 0.773082 9.9982E-05 0.0706139
0.0479416 9.9991E-05 0.00654204 0.836538 0.0134605 0.0954176
0.040744 9.9982E-05 9.9982E-05 0.811541 0.0831973 0.0643174
0.0945096 9.9991E-05 0.0545155 0.684152 0.148031 0.0186915
9.9991E-05 0.036303 0.0379713 0.794707 0.0458838 0.0850347
0.0224458 0.000320817 0.00403456 0.862473 0.110626 9.9991E-05
0.0381123 0.0972916 0.00334679 0.828701 0.0124798 0.0200687
0.0524005 0.0334661 0.0634258 0.760098 0.0905097 9.9991E-05
0.0412342 0.13906 0.0871404 0.732366 9.9982E-05 9.9982E-05
0.0397874 9.9991E-05 0.0749332 0.784347 0.0672498 0.0335831
0.10688 0.0841664 0.00662077 0.732202 9.9991E-05 0.070031
0.0678564 0.14398 0.0220232 0.744529 9.9991E-05 0.0215115
9.9982E-05 9.9982E-05 0.0378799 0.793136 0.0775867 0.091198
9.9973E-05 9.9973E-05 9.9973E-05 0.786004 0.0448505 0.168846
0.0528735 0.0438391 0.0287754 0.681445 9.9991E-05 0.192967
9.9982E-05 0.0899057 0.066748 0.710663 9.9982E-05 0.132483
9.9973E-05 9.9973E-05 0.0382674 0.868413 0.0930197 9.9973E-05
0.00757027 0.076456 9.9982E-05 0.869915 0.0458585 9.9982E-05
0.0621378 0.0223681 0.117698 0.17349 9.9991E-05 0.624206
0.0613748 0.0099167 0.0849405 0.206837 0.0377295 0.599201
0.153502 9.9991E-05 0.0489807 0.128843 0.0675743 0.601
0.10504 0.0317931 0.0935014 0.171662 0.0256682 0.572335
0.105234 0.10494 0.0496106 0.124946 0.0352677 0.580002
9.9982E-05 9.9982E-05 0.138631 0.110547 0.0372747 0.713347
0.00860262 0.0380467 0.0791109 0.0584387 9.9991E-05 0.815701
0.0726419 0.0178032 0.230733 0.0428521 9.9991E-05 0.63587
