0.637663 0.346842 0.0154949
0.998604 0.0012965 9.9991E-05
0.4128 0.5871 9.9991E-05
0.838637 0.161263 9.9991E-05
9.9991E-05 0.770146 0.229754
0.659593 9.9991E-05 0.340307
0.0243202 0.857448 0.118232
0.949072 0.0508275 9.9991E-05
0.157956 9.9991E-05 0.841944
9.9991E-05 0.842925 0.156975
9.999E-05 0.9998 9.999E-05
0.9998 9.999E-05 9.999E-05
9.9991E-05 0.640405 0.359495
0.139911 0.859989 9.9991E-05
9.9991E-05 0.59298 0.40692
9.9991E-05 0.151516 0.848384
0.967717 0.0321827 9.9991E-05
9.9991E-05 0.348822 0.651078
0.681995 9.9991E-05 0.317905
9.9991E-05 0.0601425 0.939757
9.9991E-05 0.00314596 0.996754
0.318755 9.9991E-05 0.681145
9.9991E-05 0.156766 0.843134
0.558265 0.319838 0.121897
0.146584 0.853316 9.9991E-05
9.9991E-05 0.476329 0.523571
0.673336 0.326564 9.9991E-05
0.352155 0.219164 0.428681
0.960929 0.0389708 9.99911E-05
0.836762 9.9991E-05 0.163138
9.999E-05 0.9998 9.999E-05
9.999E-05 0.9998 9.999E-05
9.999E-05 0.9998 9.999E-05
0.485171 9.9991E-05 0.514729
0.961622 0.0382781 9.9991E-05
9.9991E-05 0.0124891 0.987411
0.427114 9.9991E-05 0.572786
0.551611 9.9991E-05 0.448289
0.163685 0.761275 0.0750404
0.636355 9.9991E-05 0.363545
0.870581 9.9991E-05 0.129319
0.9998 9.999E-05 9.999E-05
9.9991E-05 0.000516663 0.999383
0.171201 0.828699 9.9991E-05
9.9991E-05 0.534193 0.465707
0.953892 0.046008 9.9991E-05
9.999E-05 9.999E-05 0.9998
0.316123 9.9991E-05 0.683777
9.9991E-05 0.396459 0.603441
0.040873 0.0629669 0.89616
