9.991E-05 9.991E-05 9.991E-05 0.0516829 0.00116536 9.991E-05 9.991E-05 9.991E-05 0.012793 0.0123609 9.991E-05 9.991E-05 9.991E-05 0.0129413 0.908057 9.991E-05
0.123152 9.9946E-05 0.00639926 0.0458118 9.9946E-05 0.0334576 0.022915 9.9946E-05 0.0137199 0.020313 9.9946E-05 0.0503919 9.9946E-05 0.0137956 0.669445 9.9946E-05
9.9928E-05 0.0124156 9.9928E-05 0.020534 9.9928E-05 9.9928E-05 0.153529 9.9928E-05 0.00329 0.0101443 0.0186347 9.9928E-05 9.9928E-05 9.9928E-05 0.736861 0.0437924
9.99189E-05 9.99189E-05 0.0102415 0.0650858 9.99189E-05 9.99189E-05 0.114101 9.99189E-05 0.021445 0.0216739 9.99189E-05 9.99189E-05 9.99189E-05 9.99189E-05 0.704624 0.0619291
0.0866975 9.9919E-05 0.00995757 9.9919E-05 0.0130444 9.9919E-05 9.9919E-05 9.9919E-05 0.066034 9.9919E-05 9.9919E-05 9.9919E-05 0.0472445 9.9919E-05 0.740995 0.0351275
9.9901E-05 0.00226078 0.0276711 0.00563214 9.9901E-05 9.9901E-05 0.163365 9.9901E-05 9.9901E-05 9.9901E-05 9.9901E-05 9.9901E-05 9.9901E-05 9.9901E-05 0.799972 9.9901E-05
9.9892E-05 9.9892E-05 9.9892E-05 9.9892E-05 0.0195428 9.9892E-05 9.9892E-05 0.117185 9.9892E-05 9.9892E-05 9.9892E-05 9.9892E-05 9.9892E-05 0.00232997 0.859744 9.9892E-05
0.0346711 0.00769515 9.9937E-05 0.0513939 0.00828839 9.9937E-05 9.9937E-05 0.0635616 9.9937E-05 0.0209737 9.9937E-05 0.0345097 9.9937E-05 0.00503415 0.773173 9.9937E-05
0.11821 9.9937E-05 9.9937E-05 0.0764439 0.00821905 9.9937E-05 9.9937E-05 0.0224278 0.0102746 0.0104277 0.0350774 0.018024 9.9937E-05 9.9937E-05 0.700196 9.9937E-05
9.991E-05 9.991E-05 9.991E-05 9.991E-05 0.0190166 9.991E-05 9.991E-05 0.141804 9.991E-05 0.000432797 0.0579938 9.991E-05 9.991E-05 0.0182321 0.761522 9.991E-05
0.0368657 0.0227073 0.0130489 0.0106625 0.00664235 9.9964E-05 0.0827349 9.9964E-05 0.00625632 0.012463 0.0351216 0.0894033 9.9964E-05 0.0194388 0.664255 9.9964E-05
9.9928E-05 0.00199165 0.024378 0.136466 9.9928E-05 9.9928E-05 0.0149166 9.9928E-05 0.0184602 0.028804 0.0662944 9.9928E-05 9.9928E-05 9.9928E-05 0.70789 9.9928E-05
9.99191E-05 9.99191E-05 0.000701259 0.117001 0.00337385 9.99191E-05 9.99191E-05 9.99191E-05 9.99191E-05 9.99191E-05 0.0921337 0.0180138 9.99191E-05 0.0467951 0.721082 9.99191E-05
9.991E-05 0.0189568 9.991E-05 9.991E-05 0.00199018 9.991E-05 0.327983 9.991E-05 9.991E-05 9.991E-05 0.0173884 9.991E-05 9.991E-05 0.00885089 0.623832 9.991E-05
0.066472 9.9928E-05 9.9928E-05 9.9928E-05 9.9928E-05 9.9928E-05 0.000427376 9.9928E-05 0.0247071 0.00909811 0.0978413 0.0377157 9.9928E-05 9.9928E-05 0.756639 0.00629965
0.134926 9.99011E-05 0.00728124 9.99011E-05 9.99011E-05 9.99011E-05 9.99011E-05 9.99011E-05 9.99011E-05 9.99011E-05 9.99011E-05 9.99011E-05 9.99011E-05 0.00992072 0.816374 0.0303991
9.99101E-05 9.99101E-05 0.0268611 9.99101E-05 0.018856 0.00543209 9.99101E-05 9.99101E-05 9.99101E-05 9.99101E-05 9.99101E-05 0.0174825 0.0101111 9.99101E-05 0.920258 9.99101E-05
9.98831E-05 9.98831E-05 9.98831E-05 9.98831E-05 9.98831E-05 0.0461604 9.98831E-05 9.98831E-05 9.98831E-05 9.98831E-05 9.98831E-05 9.98831E-05 0.0549004 9.98831E-05 0.897641 9.98831E-05
9.99011E-05 9.99011E-05 9.99011E-05 9.99011E-05 9.99011E-05 0.0434023 9.99011E-05 9.99011E-05 0.0154511 9.99011E-05 9.99011E-05 9.99011E-05 0.0575816 0.018363 0.864103 9.99011E-05
9.991E-05 9.991E-05 0.0219147 9.991E-05 0.0102399 9.991E-05 9.991E-05 9.991E-05 9.991E-05 9.991E-05 0.00519908 0.0348231 0.0591277 9.991E-05 0.867696 9.991E-05
9.9865E-05 0.998502 9.9865E-05 9.9865E-05 9.9865E-05 9.9865E-05 9.9865E-05 9.9865E-05 9.9865E-05 9.9865E-05 9.9865E-05 9.9865E-05 9.9865E-05 9.9865E-05 9.9865E-05 9.9865E-05
9.991E-05 9.991E-05 9.991E-05 0.10155 9.991E-05 9.991E-05 0.0577317 9.991E-05 9.991E-05 0.00201312 0.794785 0.0173945 9.991E-05 0.025527 9.991E-05 9.991E-05
0.016049 0.0162806 9.9928E-05 0.148868 0.00907009 0.0915853 9.9928E-05 9.9928E-05 9.9928E-05 9.9928E-05 0.699788 9.9928E-05 9.9928E-05 0.00378139 0.0137781 9.9928E-05
9.9919E-05 0.012041 0.0119465 0.0165814 9.9919E-05 0.0677473 9.9919E-05 9.9919E-05 0.0232023 9.9919E-05 0.813918 9.9919E-05 0.0536644 9.9919E-05 9.9919E-05 9.9919E-05
9.98921E-05 0.00115141 9.98921E-05 9.98921E-05 9.98921E-05 9.98921E-05 9.98921E-05 0.00438918 9.98921E-05 9.98921E-05 0.99008 9.98921E-05 9.98921E-05 9.98921E-05 0.00318077 9.98921E-05
9.991E-05 9.991E-05 0.0203982 9.991E-05 0.00225694 0.0353918 9.991E-05 9.991E-05 9.991E-05 0.0106475 0.926974 9.991E-05 9.991E-05 9.991E-05 0.00333229 9.991E-05
9.9919E-05 0.0295347 9.9919E-05 9.9919E-05 9.9919E-05 0.0379353 9.9919E-05 9.9919E-05 9.9919E-05 9.9919E-05 0.785056 0.0133619 0.127193 0.00459842 9.9919E-05 0.0014215
9.9874E-05 0.994966 9.9874E-05 9.9874E-05 9.9874E-05 9.9874E-05 9.9874E-05 0.00363601 9.9874E-05 9.9874E-05 9.9874E-05 9.9874E-05 9.9874E-05 9.9874E-05 9.9874E-05 9.9874E-05
0.0984357 0.0187693 9.9928E-05 9.9928E-05 0.00455865 0.00221256 0.0114948 9.9928E-05 0.0113379 9.9928E-05 0.769252 9.9928E-05 9.9928E-05 9.9928E-05 9.9928E-05 0.0831393
9.9937E-05 9.9937E-05 0.000345171 9.9937E-05 9.9937E-05 0.00607664 0.150447 9.9937E-05 0.0176903 9.9937E-05 0.732795 0.00607722 0.0588917 0.0241386 9.9937E-05 0.00283914
9.991E-05 0.0324231 0.0270031 9.991E-05 9.991E-05 9.991E-05 0.188988 9.991E-05 0.00959408 9.991E-05 0.719702 9.991E-05 9.991E-05 9.991E-05 9.991E-05 0.0212905
0.0716796 0.0357434 0.0209947 9.991E-05 9.991E-05 0.0727864 9.991E-05 9.991E-05 9.991E-05 9.991E-05 0.732776 9.991E-05 0.0650207 9.991E-05 9.991E-05 9.991E-05
0.00869808 0.0538925 9.9928E-05 9.9928E-05 9.9928E-05 9.9928E-05 9.9928E-05 0.0833865 9.9928E-05 9.9928E-05 0.682759 9.9928E-05 0.0481072 0.0118174 0.0380682 0.0724714
9.99189E-05 0.0342884 9.99189E-05 9.99189E-05 0.012767 9.99189E-05 9.99189E-05 0.124622 9.99189E-05 0.0447506 0.697012 0.0353564 9.99189E-05 0.0503042 9.99189E-05 9.99189E-05
9.9946E-05 9.9946E-05 0.0332186 0.0334011 0.0256636 9.9946E-05 9.9946E-05 0.0327022 0.0337551 0.0034712 0.693144 0.0752779 9.9946E-05 0.000361787 9.9946E-05 0.0684048
9.99549E-05 0.0104832 0.00126519 0.096081 9.99549E-05 0.00936362 0.268174 9.99549E-05 0.0559259 0.0537073 0.459946 0.022466 9.99549E-05 0.0205055 0.00158309 9.99549E-05
0.00711576 9.9928E-05 0.0206125 9.9928E-05 9.9928E-05 0.026462 9.9928E-05 9.9928E-05 0.00588433 0.0329508 0.746021 0.0314292 0.128725 9.9928E-05 9.9928E-05 9.9928E-05
9.9919E-05 0.0247626 9.9919E-05 0.182749 9.9919E-05 0.125552 9.9919E-05 0.0794212 0.0126666 0.0183561 9.9919E-05 9.9919E-05 0.555594 9.9919E-05 9.9919E-05 9.9919E-05
9.99189E-05 9.99189E-05 0.00707215 9.99189E-05 9.99189E-05 0.00401567 0.0874132 9.99189E-05 0.0354192 9.99189E-05 9.99189E-05 9.99189E-05 0.665193 0.0263021 9.99189E-05 0.173685
9.9919E-05 9.9919E-05 0.0074616 9.9919E-05 9.9919E-05 9.9919E-05 0.125278 9.9919E-05 9.9919E-05 0.0303178 9.9919E-05 9.9919E-05 0.740561 0.0358985 0.0101664 0.0494173
9.9919E-05 9.9919E-05 9.9919E-05 9.9919E-05 9.9919E-05 0.0116939 9.9919E-05 0.0985437 9.9919E-05 0.0296033 0.0282645 0.0398194 0.781026 0.0101496 9.9919E-05 9.9919E-05
0.0587526 0.0201971 9.9946E-05 0.076412 0.0194415 0.0241779 9.9946E-05 9.9946E-05 0.00962515 0.0516629 9.9946E-05 9.9946E-05 0.697976 0.0192921 0.0218629 9.9946E-05
0.0844512 0.00824281 9.9937E-05 9.9937E-05 0.0062001 9.9937E-05 9.9937E-05 9.9937E-05 0.0397742 0.0296688 9.9937E-05 0.0241936 0.78094 9.9937E-05 0.00207596 0.0237534
9.9946E-05 0.0113632 9.9946E-05 0.361415 0.000799341 9.9946E-05 0.110328 0.0115945 0.00548071 0.0195267 9.9946E-05 9.9946E-05 0.401683 0.0518381 0.0253716 9.9946E-05
0.0567368 0.00501456 0.000123712 9.9964E-05 0.00266055 0.0277581 9.9964E-05 9.9964E-05 0.0541968 0.011521 0.0417741 0.0206037 0.743676 0.0189121 0.0166224 9.9964E-05
0.0997551 9.9937E-05 9.9937E-05 0.0792453 9.9937E-05 0.0343085 9.9937E-05 0.0495478 0.0391588 9.9937E-05 0.0251199 9.9937E-05 0.595797 9.9937E-05 0.0110879 0.06528
9.991E-05 9.991E-05 0.0184581 9.991E-05 0.0142748 9.991E-05 0.172325 9.991E-05 9.991E-05 9.991E-05 9.991E-05 0.00169756 0.786933 0.0053132 9.991E-05 9.991E-05
0.0140788 0.00601334 9.9955E-05 0.134525 0.00846907 9.9955E-05 0.018761 0.0197883 0.0194721 0.0300722 9.9955E-05 9.9955E-05 0.726845 0.0152056 9.9955E-05 0.00627024
9.991E-05 0.0351228 0.0170002 9.991E-05 9.991E-05 9.991E-05 9.991E-05 9.991E-05 0.0318522 0.0144045 9.991E-05 9.991E-05 0.868834 9.991E-05 0.0317874 9.991E-05
9.9919E-05 0.0177288 9.9919E-05 0.563257 9.9919E-05 0.0613301 9.9919E-05 0.045309 9.9919E-05 0.011561 9.9919E-05 9.9919E-05 0.274834 0.0250813 9.9919E-05 9.9919E-05
9.9928E-05 0.00912263 0.0336984 0.186304 0.00600982 9.9928E-05 0.0800299 9.9928E-05 9.9928E-05 0.0189197 9.9928E-05 9.9928E-05 0.627085 9.9928E-05 9.9928E-05 0.0380316
9.9901E-05 0.00779817 9.9901E-05 9.9901E-05 9.9901E-05 9.9901E-05 0.0976855 9.9901E-05 9.9901E-05 0.0279883 9.9901E-05 9.9901E-05 0.845606 0.0198229 9.9901E-05 9.9901E-05
9.99099E-05 9.99099E-05 9.99099E-05 0.0693896 0.0616608 0.0183495 9.99099E-05 0.0353684 9.99099E-05 9.99099E-05 9.99099E-05 9.99099E-05 0.761647 0.0525852 9.99099E-05 9.99099E-05
0.0269781 0.00147521 0.0249608 0.0959311 9.9955E-05 0.0223416 9.9955E-05 9.9955E-05 0.000868523 0.0119457 0.00607545 0.035152 0.703149 9.9955E-05 0.070623 9.9955E-05
0.143199 0.00635491 9.99459E-05 0.0228106 0.0100351 0.0171284 9.99459E-05 9.99459E-05 0.00504205 9.99459E-05 9.99459E-05 0.0428458 0.709587 0.0197483 0.022649 9.99459E-05
9.9937E-05 9.9937E-05 0.0336152 0.37392 9.9937E-05 9.9937E-05 9.9937E-05 0.0649747 9.9937E-05 0.0415821 0.00711655 0.00335049 0.405322 9.9937E-05 0.0055479 0.0638707
0.00472191 9.9937E-05 9.9937E-05 9.9937E-05 0.0452115 9.9937E-05 0.057592 0.0054949 0.00780714 9.9937E-05 0.045737 0.0295936 0.761036 9.9937E-05 0.0421067 9.9937E-05
9.9937E-05 9.9937E-05 9.9937E-05 0.043337 9.9937E-05 0.0958593 0.189588 9.9937E-05 0.0322563 0.0203439 0.0472869 0.462141 0.097299 0.0111885 9.9937E-05 9.9937E-05
9.98648E-05 9.98648E-05 9.98648E-05 9.98648E-05 9.98648E-05 9.98648E-05 9.98648E-05 9.98648E-05 9.98648E-05 0.998502 9.98648E-05 9.98648E-05 9.98648E-05 9.98648E-05 9.98648E-05 9.98648E-05
9.9946E-05 0.00344075 9.9946E-05 0.11867 0.0554497 0.0468422 0.103008 9.9946E-05 0.00284573 0.0224331 0.0253413 0.580878 9.9946E-05 0.0404921 9.9946E-05 9.9946E-05
9.995E-05 9.995E-05 0.0218621 9.995E-05 0.0276629 0.00554059 0.105013 9.995E-05 0.11044 0.010936 9.995E-05 0.526372 0.0581791 0.0310621 0.00870705 0.0937255
9.9946E-05 9.9946E-05 0.0210087 0.0341351 0.00908927 0.0244823 9.9946E-05 0.0561201 0.0561736 0.0455095 9.9946E-05 0.637175 9.9946E-05 0.0101134 9.9946E-05 0.105594
9.9919E-05 0.0134319 0.0159196 9.9919E-05 0.0132318 9.9919E-05 9.9919E-05 0.0650534 0.00408976 9.9919E-05 9.9919E-05 0.772654 0.11472 9.9919E-05 9.9919E-05 9.9919E-05
9.98648E-05 9.98648E-05 9.98648E-05 9.98648E-05 9.98648E-05 9.98648E-05 9.98648E-05 9.98648E-05 9.98648E-05 9.98648E-05 9.98648E-05 9.98648E-05 9.98648E-05 0.998502 9.98648E-05 9.98648E-05
9.98648E-05 9.98648E-05 9.98648E-05 9.98648E-05 9.98648E-05 9.98648E-05 9.98648E-05 9.98648E-05 9.98648E-05 0.998502 9.98648E-05 9.98648E-05 9.98648E-05 9.98648E-05 9.98648E-05 9.98648E-05
9.9946E-05 0.000906778 0.035437 0.146479 0.0100486 9.9946E-05 0.176217 9.9946E-05 0.0209309 0.0296679 9.9946E-05 0.476627 9.9946E-05 0.0309256 0.0721595 9.9946E-05
9.9964E-05 0.0180871 0.0499512 9.9964E-05 0.0299494 0.0964292 0.111955 0.0341846 9.9964E-05 0.00208019 0.0766865 0.450592 0.0747456 0.0519516 0.00298862 9.9964E-05
9.9955E-05 0.00406111 0.0345382 9.9955E-05 0.03792 0.167741 0.0711515 0.000714279 9.9955E-05 0.0629133 9.9955E-05 0.454414 9.9955E-05 0.0364334 0.0176445 0.111969
0.00795435 0.0195668 0.0268111 9.9973E-05 0.0341681 0.0523438 9.9973E-05 0.0200868 0.0346314 0.0244455 0.0740922 0.573234 0.0223978 0.0568522 9.9973E-05 0.0531158
9.9955E-05 0.0183989 0.0337387 9.9955E-05 0.0447739 0.046526 9.9955E-05 0.079147 0.0283092 0.140394 0.0600244 0.500253 9.9955E-05 0.0262242 0.0217112 9.9955E-05
0.0158683 9.9937E-05 0.0208046 9.9937E-05 0.0145 0.0677978 9.9937E-05 9.9937E-05 9.9937E-05 0.0458525 9.9937E-05 0.738322 0.0609547 0.00866386 0.0265368 9.9937E-05
9.9937E-05 0.0109504 0.0258229 9.9937E-05 0.0159708 9.9937E-05 9.9937E-05 9.9937E-05 0.0180324 0.00868459 9.9937E-05 0.601554 0.133462 0.0668347 9.9937E-05 0.117988
0.0211683 0.0113561 0.00448987 9.9964E-05 0.01053 0.037782 9.9964E-05 9.9964E-05 0.0843296 0.112987 0.0625486 0.572313 0.0367996 0.0257663 9.9964E-05 0.0195297
0.0627168 0.0215817 0.0183122 0.090953 9.9937E-05 9.9937E-05 0.0247193 9.9937E-05 0.0494696 0.036809 9.9937E-05 0.359399 9.9937E-05 9.9937E-05 9.9937E-05 0.33534
9.9946E-05 0.0287731 0.0532518 0.0235556 9.9946E-05 0.0858343 9.9946E-05 9.9946E-05 0.00615581 0.0199619 9.9946E-05 0.272699 0.279649 0.0423009 9.9946E-05 0.187219
9.9955E-05 9.9955E-05 0.0146553 9.9955E-05 0.00593385 0.0638439 0.0651469 0.00476883 9.9955E-05 0.041871 9.9955E-05 0.444223 0.302694 0.00890709 0.0295726 0.0178836
9.9937E-05 9.9937E-05 0.0118498 0.110894 0.00749231 0.031264 9.9937E-05 9.9937E-05 0.012907 0.0616568 9.9937E-05 0.316899 0.400728 9.9937E-05 0.0456087 9.9937E-05
9.98648E-05 9.98648E-05 9.98648E-05 9.98648E-05 9.98648E-05 9.98648E-05 9.98648E-05 9.98648E-05 9.98648E-05 9.98648E-05 9.98648E-05 9.98648E-05 9.98648E-05 0.998502 9.98648E-05 9.98648E-05
0.174999 0.0303602 0.0487434 9.9955E-05 0.0720886 9.9955E-05 0.0219036 9.9955E-05 9.9955E-05 0.0664374 9.9955E-05 0.399508 0.107651 0.0228178 0.0406078 0.0143842
0.0192045 9.9955E-05 0.0457853 9.9955E-05 0.0300768 0.0961064 9.9955E-05 9.9955E-05 0.0748694 0.0628317 0.0274622 0.447524 0.128588 0.066216 9.9955E-05 0.000835791
9.98649E-05 9.98649E-05 9.98649E-05 9.98649E-05 9.98649E-05 0.998502 9.98649E-05 9.98649E-05 9.98649E-05 9.98649E-05 9.98649E-05 9.98649E-05 9.98649E-05 9.98649E-05 9.98649E-05 9.98649E-05
9.9955E-05 0.0101448 0.00835296 0.0460776 0.0462072 0.084751 0.0969223 9.9955E-05 9.9955E-05 0.0289963 0.0239335 0.604138 9.9955E-05 0.0338848 0.0160918 9.9955E-05
0.0141438 9.9946E-05 0.0135131 9.9946E-05 0.0291784 0.0346833 9.9946E-05 9.9946E-05 0.0386804 0.00706211 9.9946E-05 0.629849 0.106664 0.0548495 0.0707762 9.9946E-05
9.9928E-05 0.0107911 0.0567855 9.9928E-05 0.0480705 9.9928E-05 0.377287 9.9928E-05 0.0249581 0.0111699 9.9928E-05 0.194855 0.275284 9.9928E-05 9.9928E-05 9.9928E-05
0.0848126 9.9946E-05 0.0174694 9.9946E-05 9.9946E-05 0.00196915 0.0401739 0.596931 0.0516956 0.0243794 9.9946E-05 0.0272703 0.125321 0.029378 9.9946E-05 9.9946E-05
0.0618873 0.00387689 0.00768424 9.9964E-05 0.00376524 0.0549954 9.9964E-05 0.142612 9.9964E-05 0.0605299 0.0118084 0.363617 0.135887 9.9964E-05 0.000252158 0.152685
9.98919E-05 9.98919E-05 9.98919E-05 9.98919E-05 0.00134864 0.978228 9.98919E-05 9.98919E-05 0.00531421 9.98919E-05 9.98919E-05 9.98919E-05 9.98919E-05 0.0139104 9.98919E-05 9.98919E-05
9.9865E-05 9.9865E-05 9.9865E-05 9.9865E-05 9.9865E-05 0.998502 9.9865E-05 9.9865E-05 9.9865E-05 9.9865E-05 9.9865E-05 9.9865E-05 9.9865E-05 9.9865E-05 9.9865E-05 9.9865E-05
0.00700493 0.00423068 9.9946E-05 0.0394088 0.0428122 0.0325664 9.9946E-05 0.144494 9.9946E-05 0.0376366 9.9946E-05 0.634627 0.0366347 9.9946E-05 9.9946E-05 0.0199851
9.98648E-05 9.98648E-05 9.98648E-05 9.98648E-05 9.98648E-05 9.98648E-05 9.98648E-05 9.98648E-05 0.998502 9.98648E-05 9.98648E-05 9.98648E-05 9.98648E-05 9.98648E-05 9.98648E-05 9.98648E-05
9.9946E-05 9.9946E-05 0.0355864 9.9946E-05 0.0182107 9.9946E-05 9.9946E-05 0.0373347 0.0324105 0.0361032 0.0320042 0.466822 0.132624 0.125762 9.9946E-05 0.0825426
0.0594878 9.9919E-05 0.0311432 9.9919E-05 9.9919E-05 9.9919E-05 9.9919E-05 0.00251375 0.00125322 9.9919E-05 9.9919E-05 0.676862 0.155424 0.0724164 9.9919E-05 9.9919E-05
9.9937E-05 0.0228083 0.00283757 0.0336097 9.9937E-05 0.0358975 0.380316 9.9937E-05 0.0943415 0.0124455 9.9937E-05 0.403776 9.9937E-05 9.9937E-05 0.0132676 9.9937E-05
9.9946E-05 0.00573857 0.0591144 0.190718 0.000297138 9.9946E-05 0.122439 9.9946E-05 0.0705394 9.9946E-05 0.079118 0.404838 9.9946E-05 0.0301818 0.036416 9.9946E-05
9.9919E-05 9.9919E-05 9.9919E-05 0.189835 0.0150091 9.9919E-05 0.119133 0.0099751 9.9919E-05 0.016682 9.9919E-05 0.595952 9.9919E-05 0.0525148 9.9919E-05 9.9919E-05
9.99369E-05 9.99369E-05 9.99369E-05 0.0447399 9.99369E-05 0.053849 0.219667 9.99369E-05 0.060738 0.05192 9.99369E-05 0.361525 9.99369E-05 0.0517967 0.0445985 0.110467
9.9955E-05 9.9955E-05 0.0749396 0.120883 0.0166728 0.0624003 0.14789 9.9955E-05 0.0522852 0.0241145 9.9955E-05 0.247417 9.9955E-05 0.0463787 0.024125 0.182394
9.9955E-05 9.9955E-05 0.0578505 9.9955E-05 0.0155163 0.0245914 0.102689 9.9955E-05 0.00237363 0.0571432 9.9955E-05 0.60245 0.103053 0.00458181 0.0226451 0.00660624
9.9946E-05 9.9946E-05 0.0308197 9.9946E-05 0.0211281 0.141379 9.9946E-05 9.9946E-05 9.9946E-05 0.0176795 0.0645189 0.512431 0.0759151 0.0121207 0.0323885 0.0910197
0.0857434 9.9964E-05 0.0865256 0.0876709 0.0252489 0.0168297 9.9964E-05 0.00017308 0.055547 0.0568149 9.9964E-05 0.556235 0.00897165 9.9964E-05 0.00329362 0.016546
9.9919E-05 0.0205935 9.9919E-05 9.9919E-05 0.00430801 0.0618596 0.246351 9.9919E-05 0.0162697 9.9919E-05 9.9919E-05 0.538464 9.9919E-05 9.9919E-05 9.9919E-05 0.111255
9.9955E-05 0.0130246 0.0182049 9.9955E-05 0.0798226 0.103223 0.212347 0.0136989 0.0117848 0.0892188 9.9955E-05 0.328101 9.9955E-05 0.071465 9.9955E-05 0.0586087
0.134608 0.00987547 9.99099E-05 0.00427799 0.0111966 9.99099E-05 9.99099E-05 9.99099E-05 9.99099E-05 9.99099E-05 9.99099E-05 0.825722 0.0133205 9.99099E-05 9.99099E-05 9.99099E-05
9.98649E-05 9.98649E-05 9.98649E-05 9.98649E-05 0.998502 9.98649E-05 9.98649E-05 9.98649E-05 9.98649E-05 9.98649E-05 9.98649E-05 9.98649E-05 9.98649E-05 9.98649E-05 9.98649E-05 9.98649E-05
9.9946E-05 0.0132787 0.0572208 9.9946E-05 0.0438348 0.0280671 0.251151 9.9946E-05 0.049 0.0655929 9.9946E-05 0.347372 9.9946E-05 0.0198571 9.9946E-05 0.124026
0.0589355 9.9928E-05 9.9928E-05 0.0751641 0.0135879 0.0205309 9.9928E-05 9.9928E-05 0.0248883 9.9928E-05 0.0163073 0.720428 9.9928E-05 0.0693583 9.9928E-05 9.9928E-05
0.0768816 9.9937E-05 9.9937E-05 0.0201538 0.0262173 0.0371703 9.9937E-05 0.0799107 0.0437031 9.9937E-05 9.9937E-05 0.635928 9.9937E-05 0.0411789 0.0381564 9.9937E-05
0.155005 9.9919E-05 0.0274081 9.9919E-05 0.00370115 9.9919E-05 9.9919E-05 9.9919E-05 0.0460499 0.0206648 9.9919E-05 0.63407 0.112202 9.9919E-05 9.9919E-05 9.9919E-05
0.079502 9.9946E-05 0.0619148 9.9946E-05 9.9946E-05 0.00407791 9.9946E-05 0.0125697 0.0206342 0.00230537 9.9946E-05 0.703111 0.0143053 0.0262674 9.9946E-05 0.0747125
9.9955E-05 0.0148762 0.0187872 0.0678352 0.00673642 0.0851624 0.0365893 0.000778804 9.9955E-05 9.9955E-05 0.0245183 0.638457 9.9955E-05 9.9955E-05 0.055262 0.0504977
9.98649E-05 9.98649E-05 0.998502 9.98649E-05 9.98649E-05 9.98649E-05 9.98649E-05 9.98649E-05 9.98649E-05 9.98649E-05 9.98649E-05 9.98649E-05 9.98649E-05 9.98649E-05 9.98649E-05 9.98649E-05
9.98649E-05 9.98649E-05 9.98649E-05 9.98649E-05 0.998502 9.98649E-05 9.98649E-05 9.98649E-05 9.98649E-05 9.98649E-05 9.98649E-05 9.98649E-05 9.98649E-05 9.98649E-05 9.98649E-05 9.98649E-05
9.98649E-05 9.98649E-05 0.998502 9.98649E-05 9.98649E-05 9.98649E-05 9.98649E-05 9.98649E-05 9.98649E-05 9.98649E-05 9.98649E-05 9.98649E-05 9.98649E-05 9.98649E-05 9.98649E-05 9.98649E-05
9.9928E-05 0.00743587 9.9928E-05 0.0296741 0.000349121 9.9928E-05 0.251733 9.9928E-05 0.0659222 0.0496306 9.9928E-05 0.564366 9.9928E-05 0.0300899 9.9928E-05 9.9928E-05
9.9955E-05 0.0394214 0.0666281 0.0641608 0.0248985 9.9955E-05 0.247138 9.9955E-05 0.0555488 0.0178434 0.00876362 0.431041 9.9955E-05 0.0436056 0.000451061 9.9955E-05
9.9955E-05 9.9955E-05 0.031289 0.0311434 0.0339813 9.9955E-05 0.219438 9.9955E-05 0.0232212 0.0439959 0.00780289 0.593894 9.9955E-05 0.00207065 0.00100471 0.0116592
9.9937E-05 0.0367771 0.0605359 9.9937E-05 0.0293202 0.0447552 9.9937E-05 0.0324076 9.9937E-05 0.00408971 9.9937E-05 0.693961 0.0684475 9.9937E-05 0.0290064 9.9937E-05
9.9946E-05 0.0248348 0.0300986 9.9946E-05 0.0338882 0.0139794 9.9946E-05 0.0387764 9.9946E-05 0.0311697 9.9946E-05 0.596744 0.183481 0.0347599 9.9946E-05 0.0116686
9.98648E-05 9.98648E-05 9.98648E-05 9.98648E-05 9.98648E-05 9.98648E-05 9.98648E-05 9.98648E-05 0.998502 9.98648E-05 9.98648E-05 9.98648E-05 9.98648E-05 9.98648E-05 9.98648E-05 9.98648E-05
9.9946E-05 9.9946E-05 0.0201126 0.132681 0.0221223 0.0283477 0.142449 0.00324062 0.0382646 9.9946E-05 9.9946E-05 0.540224 0.0298015 9.9946E-05 0.0421571 9.9946E-05
9.9901E-05 9.9901E-05 9.9901E-05 9.9901E-05 9.9901E-05 9.9901E-05 0.09719 9.9901E-05 9.9901E-05 0.062383 9.9901E-05 0.0468354 9.9901E-05 0.010695 9.9901E-05 0.781798
9.9892E-05 9.9892E-05 9.9892E-05 0.0429777 9.9892E-05 0.066846 9.9892E-05 9.9892E-05 9.9892E-05 9.9892E-05 9.9892E-05 9.9892E-05 9.9892E-05 0.0262174 9.9892E-05 0.86276
9.9919E-05 0.0130979 0.000558222 0.0389688 0.0369933 0.0100213 9.9919E-05 9.9919E-05 9.9919E-05 9.9919E-05 9.9919E-05 9.9919E-05 9.9919E-05 0.00846908 9.9919E-05 0.890992
9.9901E-05 9.9901E-05 9.9901E-05 9.9901E-05 9.9901E-05 9.9901E-05 0.0777119 9.9901E-05 0.0446502 0.00398995 9.9901E-05 9.9901E-05 9.9901E-05 9.9901E-05 0.00690324 0.865646
0.0919612 0.00476634 0.00557985 9.9955E-05 0.0338188 9.9955E-05 9.9955E-05 0.0980414 0.0161503 9.9955E-05 0.0498901 0.164365 0.00238208 0.00622173 9.9955E-05 0.526323
0.13404 0.00519255 9.9919E-05 9.9919E-05 9.9919E-05 9.9919E-05 9.9919E-05 9.9919E-05 0.0205746 0.0245879 0.0339232 9.9919E-05 9.9919E-05 0.00223697 9.9919E-05 0.778545
0.062337 9.9883E-05 9.9883E-05 9.9883E-05 9.9883E-05 9.9883E-05 9.9883E-05 9.9883E-05 9.9883E-05 9.9883E-05 9.9883E-05 9.9883E-05 9.9883E-05 9.9883E-05 0.0023123 0.934052
9.9892E-05 9.9892E-05 9.9892E-05 9.9892E-05 0.0133996 0.0194291 9.9892E-05 9.9892E-05 9.9892E-05 9.9892E-05 9.9892E-05 9.9892E-05 9.9892E-05 9.9892E-05 0.0396079 0.926365
9.9919E-05 0.0123639 0.00526581 0.0517871 0.0107801 9.9919E-05 9.9919E-05 0.0636116 9.9919E-05 9.9919E-05 9.9919E-05 9.9919E-05 0.0594203 9.9919E-05 9.9919E-05 0.795872
9.9955E-05 0.0411236 0.00922606 9.9955E-05 0.0045533 0.0640876 0.0229373 9.9955E-05 0.0251451 0.0175983 9.9955E-05 0.00963369 0.010594 0.0117809 9.9955E-05 0.78282
9.9928E-05 9.9928E-05 0.0369144 9.9928E-05 9.9928E-05 0.0180097 9.9928E-05 0.0244748 9.9928E-05 0.00466343 0.0997542 0.0064466 0.0150343 9.9928E-05 9.9928E-05 0.793903
0.694608 9.9928E-05 0.024225 9.9928E-05 9.9928E-05 9.9928E-05 9.9928E-05 0.156399 0.00741386 0.00183879 0.0230662 9.9928E-05 9.9928E-05 0.0083353 9.9928E-05 0.0833141
0.505799 0.0144987 9.9937E-05 9.9937E-05 0.0320317 0.00546816 9.9937E-05 0.341464 0.011186 0.00745763 9.9937E-05 9.9937E-05 9.9937E-05 0.00472386 9.9937E-05 0.0766715
0.298826 0.010696 0.00231251 0.0853902 0.00508947 0.0393583 9.9937E-05 0.421079 9.9937E-05 0.0227292 0.11382 9.9937E-05 9.9937E-05 9.9937E-05 9.9937E-05 9.9937E-05
0.3373 9.9928E-05 0.0268331 9.9928E-05 9.9928E-05 0.00270949 0.159028 0.284196 9.9928E-05 9.9928E-05 0.0187952 9.9928E-05 0.159651 9.9928E-05 0.0106883 9.9928E-05
0.433329 0.0361807 9.9928E-05 9.9928E-05 9.9928E-05 0.00612847 9.9928E-05 0.336817 0.00270528 9.9928E-05 9.9928E-05 9.9928E-05 0.0989596 0.0674946 0.0175855 9.9928E-05
0.208668 0.0143977 9.9937E-05 0.0207689 0.00332577 9.9937E-05 0.0679893 0.57269 0.00167302 9.9937E-05 9.9937E-05 9.9937E-05 9.9937E-05 9.9937E-05 0.00197738 0.107811
0.850881 9.9892E-05 9.9892E-05 0.0427843 0.0631288 9.9892E-05 9.9892E-05 9.9892E-05 9.9892E-05 9.9892E-05 0.0420068 9.9892E-05 9.9892E-05 9.9892E-05 9.9892E-05 9.9892E-05
0.578447 0.010931 9.991E-05 9.991E-05 0.0108326 0.0689088 9.991E-05 0.328054 0.00182759 9.991E-05 9.991E-05 9.991E-05 9.991E-05 9.991E-05 9.991E-05 9.991E-05
0.444879 0.00618083 0.0601653 0.0975214 0.00790765 9.99369E-05 0.239177 9.99369E-05 9.99369E-05 9.99369E-05 0.0364827 0.0634564 9.99369E-05 9.99369E-05 0.0435302 9.99369E-05
0.894699 9.9901E-05 9.9901E-05 9.9901E-05 0.0104936 0.0133422 9.9901E-05 9.9901E-05 0.0119199 9.9901E-05 9.9901E-05 9.9901E-05 0.0684466 9.9901E-05 9.9901E-05 9.9901E-05
0.922897 9.9892E-05 9.9892E-05 9.9892E-05 9.9892E-05 0.00534051 9.9892E-05 9.9892E-05 9.9892E-05 0.0230188 9.9892E-05 9.9892E-05 9.9892E-05 0.0475452 9.9892E-05 9.9892E-05
0.0720856 9.991E-05 9.991E-05 9.991E-05 9.991E-05 9.991E-05 0.107758 0.710553 9.991E-05 0.0173011 9.991E-05 9.991E-05 0.0856879 9.991E-05 0.00561548 9.991E-05
0.669385 0.0153382 0.00369111 0.0909256 9.9964E-05 0.0147311 0.0152602 0.08404 9.9964E-05 0.0288951 0.0132893 0.0513627 9.9964E-05 9.9964E-05 0.00693116 0.00575082
0.513298 0.00629212 9.9937E-05 0.0388752 9.9937E-05 9.9937E-05 0.00493832 0.167328 0.0510164 0.0182402 9.9937E-05 0.183761 0.0155505 9.9937E-05 9.9937E-05 9.9937E-05
9.9901E-05 9.9901E-05 9.9901E-05 9.9901E-05 9.9901E-05 9.9901E-05 0.541548 0.406073 9.9901E-05 0.0418401 0.000385044 9.9901E-05 9.9901E-05 9.9901E-05 0.00905403 9.9901E-05
9.9883E-05 9.9883E-05 9.9883E-05 9.9883E-05 9.9883E-05 9.9883E-05 0.918109 0.077363 9.9883E-05 9.9883E-05 9.9883E-05 9.9883E-05 9.9883E-05 0.00323 9.9883E-05 9.9883E-05
9.98828E-05 9.98828E-05 9.98828E-05 9.98828E-05 9.98828E-05 9.98828E-05 9.98828E-05 0.98197 9.98828E-05 0.0166319 9.98828E-05 9.98828E-05 9.98828E-05 9.98828E-05 9.98828E-05 9.98828E-05
9.9919E-05 9.9919E-05 0.000885842 9.9919E-05 9.9919E-05 9.9919E-05 0.0239053 0.836311 9.9919E-05 9.9919E-05 9.9919E-05 0.0362761 0.0363562 9.9919E-05 0.0303348 0.0350315
9.98741E-05 9.98741E-05 9.98741E-05 9.98741E-05 9.98741E-05 9.98741E-05 9.98741E-05 0.998181 0.000421207 9.98741E-05 9.98741E-05 9.98741E-05 9.98741E-05 9.98741E-05 9.98741E-05 9.98741E-05
9.9901E-05 9.9901E-05 9.9901E-05 0.124345 9.9901E-05 9.9901E-05 0.163734 0.671992 9.9901E-05 0.000764881 9.9901E-05 9.9901E-05 9.9901E-05 0.0380654 9.9901E-05 9.9901E-05
9.9946E-05 0.00414267 9.9946E-05 0.0852163 0.00776912 0.00459974 0.00407261 0.775415 0.0269468 9.9946E-05 0.0437335 9.9946E-05 9.9946E-05 0.0341139 0.0133907 9.9946E-05
9.9892E-05 9.9892E-05 0.00142518 9.9892E-05 0.0120716 0.0482527 9.9892E-05 0.937052 9.9892E-05 9.9892E-05 9.9892E-05 9.9892E-05 9.9892E-05 9.9892E-05 9.9892E-05 9.9892E-05
0.510776 9.9919E-05 0.0149038 9.9919E-05 0.00442108 9.9919E-05 0.400352 9.9919E-05 9.9919E-05 0.00079079 9.9919E-05 9.9919E-05 9.9919E-05 0.0141504 9.9919E-05 0.0537068
0.70692 0.001763 9.9919E-05 9.9919E-05 0.00913538 0.014111 0.247976 9.9919E-05 0.0150025 9.9919E-05 9.9919E-05 9.9919E-05 9.9919E-05 9.9919E-05 0.004193 9.9919E-05
9.98739E-05 9.98739E-05 9.98739E-05 9.98739E-05 0.0146259 9.98739E-05 0.983976 9.98739E-05 9.98739E-05 9.98739E-05 9.98739E-05 9.98739E-05 9.98739E-05 9.98739E-05 9.98739E-05 9.98739E-05
0.528017 9.9901E-05 9.9901E-05 9.9901E-05 9.9901E-05 9.9901E-05 0.219682 0.108531 9.9901E-05 9.9901E-05 0.0202513 0.12242 9.9901E-05 9.9901E-05 9.9901E-05 9.9901E-05
0.828868 0.034208 0.0561233 0.051253 9.99099E-05 0.00469541 9.99099E-05 9.99099E-05 0.0238534 9.99099E-05 9.99099E-05 9.99099E-05 9.99099E-05 9.99099E-05 9.99099E-05 9.99099E-05
0.104088 9.991E-05 0.00439667 0.0706558 9.991E-05 9.991E-05 0.788163 9.991E-05 9.991E-05 0.0138077 9.991E-05 9.991E-05 9.991E-05 0.0178894 9.991E-05 9.991E-05
0.0557797 0.03341 9.99279E-05 0.0943071 9.99279E-05 0.0543479 0.30238 0.427165 9.99279E-05 0.0160669 9.99279E-05 9.99279E-05 9.99279E-05 9.99279E-05 9.99279E-05 0.0157438
0.658643 9.9919E-05 9.9919E-05 9.9919E-05 9.9919E-05 9.9919E-05 0.22113 9.9919E-05 0.00640764 0.0213375 0.0056238 9.9919E-05 0.0812081 0.00475084 9.9919E-05 9.9919E-05
0.633825 9.9919E-05 0.0268196 0.00723876 0.00717865 9.9919E-05 0.0666067 0.227846 9.9919E-05 0.0295867 9.9919E-05 9.9919E-05 9.9919E-05 9.9919E-05 9.9919E-05 9.9919E-05
0.00184468 9.98919E-05 9.98919E-05 9.98919E-05 9.98919E-05 9.98919E-05 0.853597 9.98919E-05 9.98919E-05 9.98919E-05 0.00541902 9.98919E-05 0.137941 9.98919E-05 9.98919E-05 9.98919E-05
0.00361698 0.0058372 9.99189E-05 9.99189E-05 9.99189E-05 0.0233438 0.709604 0.10432 9.99189E-05 9.99189E-05 0.0239627 9.99189E-05 0.128416 9.99189E-05 9.99189E-05 9.99189E-05
0.354066 0.00137114 0.00653819 9.9919E-05 0.0244395 0.056021 0.317368 0.239297 9.9919E-05 9.9919E-05 9.9919E-05 9.9919E-05 9.9919E-05 9.9919E-05 9.9919E-05 9.9919E-05
0.648296 0.0239919 0.00964014 9.9919E-05 9.9919E-05 9.9919E-05 0.279226 0.0138378 9.9919E-05 9.9919E-05 9.9919E-05 0.0196881 9.9919E-05 0.00442105 9.9919E-05 9.9919E-05
0.0143467 0.0131461 9.99011E-05 0.946163 9.99011E-05 9.99011E-05 9.99011E-05 9.99011E-05 9.99011E-05 0.0153119 9.99011E-05 9.99011E-05 9.99011E-05 0.00993326 9.99011E-05 9.99011E-05
9.9892E-05 9.9892E-05 9.9892E-05 0.955155 0.00870976 9.9892E-05 0.0237033 9.9892E-05 0.0112335 9.9892E-05 9.9892E-05 9.9892E-05 9.9892E-05 9.9892E-05 9.9892E-05 9.9892E-05
9.991E-05 9.991E-05 9.991E-05 0.920999 9.991E-05 9.991E-05 9.991E-05 9.991E-05 0.0118344 0.0259953 0.00424879 9.991E-05 9.991E-05 0.0148169 0.0211063 9.991E-05
9.99189E-05 9.99189E-05 0.0279672 0.693336 0.000582866 9.99189E-05 0.229929 9.99189E-05 0.00130398 9.99189E-05 9.99189E-05 9.99189E-05 9.99189E-05 0.0138739 0.0321074 9.99189E-05
9.9901E-05 9.9901E-05 0.012506 0.944478 0.0223974 9.9901E-05 9.9901E-05 0.000524272 9.9901E-05 9.9901E-05 9.9901E-05 9.9901E-05 9.9901E-05 9.9901E-05 0.0189957 9.9901E-05
9.9937E-05 0.0226569 0.00990842 0.651848 0.00818731 0.00657157 9.9937E-05 0.0973976 9.9937E-05 9.9937E-05 0.0174679 9.9937E-05 0.181692 0.00357095 9.9937E-05 9.9937E-05
9.98741E-05 9.98741E-05 9.98741E-05 0.923222 9.98741E-05 9.98741E-05 9.98741E-05 9.98741E-05 9.98741E-05 9.98741E-05 9.98741E-05 9.98741E-05 0.0753796 9.98741E-05 9.98741E-05 9.98741E-05
9.9901E-05 9.9901E-05 9.9901E-05 0.65339 9.9901E-05 9.9901E-05 9.9901E-05 9.9901E-05 9.9901E-05 9.9901E-05 0.118709 9.9901E-05 0.173875 9.9901E-05 0.0339783 0.0189487
