0.00857147 9.9964E-05 0.00275874 9.9964E-05 9.9964E-05 9.9964E-05 0.0154528 0.972817
9.9955E-05 9.9955E-05 9.9955E-05 9.9955E-05 0.142137 0.12197 9.9955E-05 0.735393
0.0607347 0.00783983 9.9973E-05 9.9973E-05 0.0920148 0.0145088 9.9973E-05 0.824602
0.031264 0.00297876 9.9973E-05 9.9973E-05 0.0594505 0.0910791 9.9973E-05 0.814928
9.9982E-05 0.0160959 0.00153892 0.126741 9.9982E-05 0.0325255 0.0234587 0.79944
9.9955E-05 9.9955E-05 0.0496454 9.9955E-05 9.9955E-05 0.082603 9.9955E-05 0.867252
9.9964E-05 0.000331208 9.9964E-05 0.0465028 9.9964E-05 0.0196939 9.9964E-05 0.933072
0.0201249 0.0254671 0.0358124 0.0251435 0.00635074 0.0469298 9.9991E-05 0.840071
9.9964E-05 9.9964E-05 9.9964E-05 0.027688 0.0251931 0.113009 9.9964E-05 0.83371
0.0390601 0.0358569 9.9973E-05 0.0407614 9.9973E-05 0.0745514 9.9973E-05 0.80947
0.0483217 9.9973E-05 0.00897835 9.9973E-05 0.120841 0.064892 9.9973E-05 0.756667
0.0988063 0.00421723 9.9973E-05 9.9973E-05 0.102427 0.0575203 9.9973E-05 0.736729
9.9982E-05 9.9982E-05 0.00890162 0.122378 0.0381521 0.0129802 0.0352214 0.782167
0.0712254 0.0122249 0.0177677 9.9982E-05 0.0466135 0.134948 9.9982E-05 0.717021
0.0286505 9.9982E-05 9.9982E-05 0.0583373 0.0505085 0.0358228 0.0359427 0.790538
9.9964E-05 0.0112067 9.9964E-05 0.0205088 9.9964E-05 0.0983103 9.9964E-05 0.869574
9.9955E-05 0.00137284 0.0155606 9.9955E-05 9.9955E-05 9.9955E-05 9.9955E-05 0.982567
9.9946E-05 9.9946E-05 9.9946E-05 9.9946E-05 9.9946E-05 9.9946E-05 0.0303331 0.969067
9.9946E-05 9.9946E-05 9.9946E-05 9.9946E-05 9.9946E-05 9.9946E-05 0.0303587 0.969042
0.033481 0.0184018 0.0239891 9.9964E-05 9.9964E-05 9.9964E-05 9.9964E-05 0.923728
0.9993 9.994E-05 9.994E-05 9.994E-05 9.994E-05 9.994E-05 9.994E-05 9.994E-05
0.657597 9.9964E-05 9.9964E-05 9.9964E-05 0.215782 0.018036 0.108185 9.9964E-05
0.648786 0.0177976 9.9991E-05 0.135925 0.0536594 0.0393634 0.0753492 0.0290193
0.760505 0.044134 0.0367674 0.042583 9.9973E-05 9.9973E-05 0.11571 9.9973E-05
0.867352 0.0227973 9.9973E-05 0.102279 0.00647496 9.9973E-05 9.9973E-05 0.000796717
0.78198 9.9973E-05 0.0279914 0.171136 9.9973E-05 9.9973E-05 0.0170854 0.00150788
0.651732 9.9964E-05 9.9964E-05 0.214079 0.024151 9.9964E-05 0.109638 9.9964E-05
0.9993 9.994E-05 9.994E-05 9.994E-05 9.994E-05 9.994E-05 9.994E-05 9.994E-05
0.679027 0.0205634 9.9973E-05 0.232399 9.9973E-05 0.0591716 0.00853953 9.9973E-05
0.573859 9.9991E-05 0.0523294 0.140436 0.0567486 0.0720661 0.10112 0.00334105
0.677032 9.9964E-05 9.9964E-05 0.0187256 0.186121 0.117721 9.9964E-05 9.9964E-05
0.639822 9.9973E-05 0.0532647 0.155064 9.9973E-05 0.0390873 0.112462 9.9973E-05
0.617328 0.00973797 0.0263057 0.220248 9.9982E-05 0.109598 9.9982E-05 0.0165822
0.635661 0.00994084 0.0275345 9.9973E-05 0.205381 0.121183 9.9973E-05 9.9973E-05
0.583562 0.0666749 0.0224085 0.0807671 0.16115 0.0343904 0.0425584 0.00848921
0.4594 9.9973E-05 0.019687 9.9973E-05 0.303215 0.147468 9.9973E-05 0.0699304
0.549698 0.0177964 9.9982E-05 0.0186743 0.19741 0.0553817 0.160839 9.9982E-05
0.0486867 9.9973E-05 0.0425806 0.0477488 0.0903944 9.9973E-05 0.77029 9.9973E-05
9.9973E-05 0.0432497 0.0624259 0.1491 0.0726555 9.9973E-05 0.67227 9.9973E-05
0.00494107 9.9991E-05 0.0815687 0.0561295 0.076614 0.0609624 0.70714 0.0125443
0.0168611 9.9974E-05 0.0326342 9.9974E-05 0.146999 0.0658647 0.737341 9.9974E-05
0.0342604 0.0240418 0.0592083 9.9982E-05 0.0877305 9.9982E-05 0.784421 0.0101378
9.9982E-05 0.0111468 0.0682527 0.0932121 9.9982E-05 0.0071954 0.812703 0.00728981
0.0354418 0.0299115 0.0939344 0.0358393 9.9991E-05 0.148556 0.60907 0.0471462
0.0479995 0.0329277 0.0630526 0.0792672 0.0543298 9.9982E-05 0.722223 9.9982E-05
0.0165746 0.0396297 9.9982E-05 0.110176 9.9982E-05 0.0710743 0.728648 0.0336975
9.9955E-05 9.9955E-05 0.117069 9.9955E-05 0.064768 9.9955E-05 0.817663 9.9955E-05
9.999E-05 0.0111489 0.0316357 0.0389262 0.0256387 0.0144794 0.869932 0.00813871
0.0024514 9.9964E-05 0.0567991 9.9964E-05 9.9964E-05 9.9964E-05 0.923211 0.0171386
0.00225187 0.00406796 0.0099694 9.9982E-05 0.168005 0.0804363 0.73507 9.9982E-05
0.021797 0.016173 0.0788304 0.00191722 9.9991E-05 0.00691712 0.854842 0.0194235
0.0207861 9.9973E-05 0.0969719 9.9973E-05 0.0312999 0.0360468 0.814595 9.9973E-05
9.9964E-05 0.0716773 0.04545 0.0523474 9.9964E-05 9.9964E-05 0.830125 9.9964E-05
9.9964E-05 9.9964E-05 0.0421287 9.9964E-05 0.148099 9.9964E-05 0.727545 0.0818276
9.9982E-05 0.0588755 0.108707 0.0399568 9.9982E-05 0.0734126 0.716776 0.00207185
0.0244599 9.9991E-05 0.0533977 0.0293987 0.146774 0.0378999 0.692273 0.0156966
0.0554379 0.0338045 0.0156378 0.0279034 9.9982E-05 9.9982E-05 0.81372 0.053296
0.0121032 0.0350928 0.120892 0.122783 0.496318 0.0201656 0.192546 9.9991E-05
9.994E-05 9.994E-05 9.994E-05 9.994E-05 0.9993 9.994E-05 9.994E-05 9.994E-05
0.0301891 0.118993 0.114338 0.181266 0.474791 0.0566051 0.023717 9.9991E-05
9.9982E-05 0.128207 0.117527 0.171876 0.479233 9.9982E-05 0.0611622 0.0417953
9.9964E-05 0.0575565 0.085821 0.246601 0.609622 9.9964E-05 9.9964E-05 9.9964E-05
9.9982E-05 0.0456672 0.0891267 0.169635 0.577396 9.9982E-05 0.091058 0.0269172
0.0173908 9.99459E-05 0.98201 9.99459E-05 9.99459E-05 9.99459E-05 9.99459E-05 9.99459E-05
9.99459E-05 0.0225418 9.99459E-05 9.99459E-05 0.976859 9.99459E-05 9.99459E-05 9.99459E-05
9.9982E-05 0.0965674 0.10428 0.107239 0.541437 0.0447998 9.9982E-05 0.105478
0.104182 0.0485572 0.199042 0.281949 0.313243 0.00194059 0.00136045 0.0497264
9.9973E-05 0.0491596 0.199346 0.351871 0.370869 9.9973E-05 9.9973E-05 0.028454
0.0752184 0.10483 0.147718 0.195795 0.476138 9.9973E-05 9.9973E-05 9.9973E-05
0.0750533 0.105386 0.124084 0.0507757 0.579576 0.0351019 9.9991E-05 0.0299231
9.9973E-05 0.0598034 0.133441 0.208824 0.584067 9.9973E-05 9.9973E-05 0.0135654
9.9973E-05 0.0552765 0.175281 0.303925 0.397622 9.9973E-05 0.067595 9.9973E-05
0.0468717 0.0853639 0.107969 0.214468 0.501525 9.9991E-05 0.0410009 0.00270172
0.00815456 0.0758454 0.05222 0.319153 0.497239 0.0351003 0.00161783 0.0106701
0.0329252 0.0321626 0.186149 0.356156 0.136021 9.9982E-05 0.256387 9.9982E-05
9.9982E-05 0.0230616 0.113281 0.123628 0.450763 9.9982E-05 0.236763 0.0523038
9.9973E-05 0.0449145 0.0499113 9.9973E-05 0.402435 9.9973E-05 0.43084 0.0715989
9.9955E-05 0.0109588 0.982561 9.9955E-05 0.00598072 9.9955E-05 9.9955E-05 9.9955E-05
0.0504484 0.100546 0.101627 0.138686 0.361349 0.0075052 0.163897 0.0759421
9.9973E-05 0.0918712 0.20718 0.0944434 0.509784 9.9973E-05 0.0964214 9.9973E-05
9.9982E-05 0.0655999 0.167673 0.363103 0.2529 9.9982E-05 0.133635 0.0168884
0.0521804 0.106402 0.108276 0.156868 0.539228 0.0128669 9.9991E-05 0.0240789
9.9982E-05 0.110423 0.161699 0.114797 0.463716 9.9982E-05 0.06802 0.0811444
0.0237804 0.0959354 0.0670146 9.9991E-05 0.325974 0.192672 0.281322 0.0132021
9.9982E-05 0.0167412 0.095916 9.9982E-05 0.162403 0.566359 0.156437 0.00194405
0.0121701 0.00281574 9.9982E-05 0.137932 0.567745 0.143137 0.136001 9.9982E-05
9.9982E-05 0.0577617 0.161562 0.414282 0.297374 9.9982E-05 0.0501206 0.0186993
9.9973E-05 9.9973E-05 0.137006 0.493346 0.236074 0.0616936 0.0715807 9.9973E-05
9.9982E-05 0.0830233 9.9982E-05 0.256407 0.558783 0.0126967 0.0831686 0.00572105
0.0258233 0.827016 0.0050828 9.9964E-05 0.141679 9.9964E-05 9.9964E-05 9.9964E-05
0.0209482 0.103299 0.241449 0.0890112 0.406337 9.9991E-05 0.114856 0.0239991
9.9973E-05 0.0339352 0.17047 0.268912 0.459203 9.9973E-05 0.0671799 9.9973E-05
0.126319 0.0825946 0.00498943 9.9982E-05 0.622172 0.0983248 9.9982E-05 0.0653996
0.177154 0.0975735 0.109039 9.9982E-05 0.489173 0.0532073 9.9982E-05 0.073653
0.0115793 0.0494648 0.111661 0.0649897 0.615098 0.116726 9.9991E-05 0.0303806
0.0689325 0.0862942 0.0172557 0.0377322 0.617269 0.0638096 9.9991E-05 0.108607
0.0312282 0.0741161 0.190767 0.137995 0.360465 0.122462 0.0474215 0.0355454
9.9982E-05 0.043306 0.166443 0.146031 0.494968 9.9982E-05 0.0892757 0.0597772
0.0130672 0.0318981 0.164145 0.356728 0.404644 9.9991E-05 0.0271077 0.00231056
9.9982E-05 0.0853958 0.158038 0.0776677 0.575485 9.9982E-05 0.0791139 0.0240993
0.0779323 0.0742461 0.0601625 0.159889 0.599411 0.00825107 9.9991E-05 0.0200081
9.9982E-05 0.132683 0.137948 0.177389 0.456386 0.0778674 9.9982E-05 0.017526
0.00596644 0.0489535 0.129209 0.268503 0.498995 0.007114 0.0126844 0.0285744
9.994E-05 0.9993 9.994E-05 9.994E-05 9.994E-05 9.994E-05 9.994E-05 9.994E-05
0.025726 0.103157 0.126361 0.163078 0.434994 0.0592252 0.0129579 0.0745009
0.019363 0.128891 0.177634 0.0111188 0.583942 9.9991E-05 0.0629432 0.0160085
9.9982E-05 0.115242 0.123837 0.0727909 0.509165 0.115086 9.9982E-05 0.0636796
9.9973E-05 0.0562063 0.115762 0.279377 0.436924 9.9973E-05 0.11143 9.9973E-05
9.9973E-05 9.9973E-05 0.14711 0.345392 0.463344 9.9973E-05 0.0222976 0.0215566
0.0477393 0.0381017 0.0526495 0.315009 0.49113 9.9991E-05 0.0238718 0.0313984
9.994E-05 9.994E-05 0.9993 9.994E-05 9.994E-05 9.994E-05 9.994E-05 9.994E-05
9.994E-05 0.9993 9.994E-05 9.994E-05 9.994E-05 9.994E-05 9.994E-05 9.994E-05
9.994E-05 9.994E-05 0.9993 9.994E-05 9.994E-05 9.994E-05 9.994E-05 9.994E-05
0.0274185 0.125502 0.0778654 9.9982E-05 0.719957 0.0473759 0.00168084 9.9982E-05
0.0849046 0.126775 0.197794 9.9991E-05 0.444112 0.0713518 0.0293985 0.0455634
0.0455092 0.11082 0.101732 0.152881 0.488862 0.0224973 0.00862796 0.0690704
0.00815443 0.0856375 0.154466 0.0940732 0.552517 9.9991E-05 0.0689894 0.0360621
0.00523749 0.0731672 0.186893 0.28089 0.368764 9.9991E-05 0.0553827 0.0295655
0.0398632 0.758043 9.9964E-05 9.9964E-05 0.196198 0.00549669 9.9964E-05 9.9964E-05
9.9991E-05 0.120953 0.0635228 0.0896403 0.535825 0.0598678 0.0716976 0.0583944
0.0365466 9.9964E-05 9.9964E-05 0.67967 0.271371 9.9964E-05 9.9964E-05 0.0120134
9.9955E-05 0.0111043 0.0740207 0.914375 9.9955E-05 9.9955E-05 9.9955E-05 9.9955E-05
0.0346413 0.0527591 0.0632329 0.846013 0.00305364 9.9973E-05 9.9973E-05 9.9973E-05
0.0280271 9.9973E-05 0.00821213 0.759391 0.18662 0.0174498 9.9973E-05 9.9973E-05
0.0558462 0.0504725 0.0849019 0.681269 0.0231006 0.0738991 9.9991E-05 0.0304103
0.0779296 0.00266351 9.9964E-05 0.892549 9.9964E-05 0.026458 9.9964E-05 9.9964E-05
9.9964E-05 9.9964E-05 9.9964E-05 0.955307 9.9964E-05 0.0188134 0.00466188 0.0208181
9.9964E-05 0.0266013 9.9964E-05 0.856278 0.0772415 9.9964E-05 9.9964E-05 0.0394789
9.9955E-05 9.9955E-05 9.9955E-05 0.912477 9.9955E-05 0.00669498 0.0803285 9.9955E-05
0.0387714 0.0361229 9.9973E-05 0.763519 0.116477 9.9973E-05 0.0448101 9.9973E-05
0.108514 9.9964E-05 0.020581 0.773467 0.0970375 9.9964E-05 9.9964E-05 9.9964E-05
9.9973E-05 0.0114177 0.0444743 0.20093 9.9973E-05 0.711164 0.0317144 9.9973E-05
9.9973E-05 0.0154546 9.9973E-05 0.319851 9.9973E-05 0.656699 0.00400951 0.00368635
0.0499952 0.0232081 0.0279509 0.0166645 0.0684975 0.713704 0.0721621 0.0278175
0.0256126 9.9982E-05 0.0161646 0.0454957 9.9982E-05 0.681102 0.189068 0.0423574
9.9991E-05 0.0101693 0.0457335 0.0105205 0.0665791 0.703064 0.103953 0.0598808
0.0298988 0.00571382 0.00194755 0.162791 0.0732592 0.694788 9.9991E-05 0.0315019
0.0536799 0.0397813 0.00340727 0.0655693 9.9982E-05 0.752697 0.0846655 9.9982E-05
0.0500137 9.9964E-05 0.0429008 0.164397 9.9964E-05 0.742288 9.9964E-05 9.9964E-05
0.0288019 0.0400924 0.0583523 9.9991E-05 0.1737 0.560983 0.0771447 0.0608256
9.9964E-05 0.0118563 9.9964E-05 0.174373 9.9964E-05 0.661398 0.151972 9.9964E-05
0.0326402 9.9982E-05 0.0431084 0.0904123 9.9982E-05 0.71799 0.0635039 0.0521455
0.0158525 9.9973E-05 9.9973E-05 9.9973E-05 0.0903718 0.755883 0.092771 0.0448222
0.0705932 9.9991E-05 0.0126901 0.0607618 0.128567 0.599108 0.0972061 0.030974
9.9973E-05 0.0232074 9.9973E-05 0.130631 0.201255 0.573571 0.0710363 9.9973E-05
0.032103 0.00786251 0.00774844 9.9982E-05 0.179973 0.710275 9.9982E-05 0.0618374
9.9964E-05 0.0361513 9.9964E-05 9.9964E-05 0.195465 0.712774 9.9964E-05 0.0552097
9.9973E-05 0.00703524 0.0180483 0.043698 0.114313 0.816605 9.9973E-05 9.9973E-05
9.9973E-05 9.9973E-05 0.00973988 0.0526427 0.106675 0.755826 9.9973E-05 0.0748165
0.0443936 0.0143148 0.027731 0.000616878 9.9991E-05 0.811188 0.0483529 0.0533025
0.0983512 0.00900191 0.0188747 9.9982E-05 0.107177 0.732924 9.9982E-05 0.0334718
0.0857915 0.0784517 0.0164241 9.9982E-05 0.129485 0.638689 9.9982E-05 0.0509584
9.9982E-05 0.0278317 0.0262347 0.121474 0.0312527 0.721388 0.0716195 9.9982E-05
9.9982E-05 0.0234381 0.0479765 0.104079 0.0399564 0.76536 9.9982E-05 0.0189898
0.0316608 9.9982E-05 0.0270396 0.0986638 0.0486359 0.758818 9.9982E-05 0.0349819
0.0669867 0.0521196 0.0108112 9.9982E-05 0.133401 0.674234 9.9982E-05 0.062248
0.0517239 9.9973E-05 9.9973E-05 0.0767885 0.169466 0.676646 9.9973E-05 0.0250758
0.0939568 0.00426725 0.0420153 9.9991E-05 0.0490011 0.694402 0.0509581 0.0652993
9.9973E-05 0.0132558 9.9973E-05 9.9973E-05 0.226263 0.641229 0.0640497 0.054902
0.051984 9.9982E-05 9.9982E-05 0.0163427 0.169078 0.693111 0.0266863 0.0425977
0.0837907 0.0332551 0.0537286 0.00374419 9.9982E-05 0.716257 0.109025 9.9982E-05
9.9973E-05 0.0312131 0.0090599 0.0699575 9.9973E-05 0.763766 0.125703 9.9973E-05
0.0348947 0.0028418 0.00639105 0.0193463 0.0908218 0.663827 0.118395 0.0634823
0.0716737 9.9973E-05 9.9973E-05 0.055494 0.100802 0.694097 0.0776333 9.9973E-05
0.0470666 0.0383967 0.0197427 0.0296422 0.0644664 0.800485 9.9982E-05 9.9982E-05
0.00415895 0.0256675 0.0147716 0.00626754 0.123659 0.798822 9.9991E-05 0.0265542
0.0874823 0.0107963 9.9973E-05 9.9973E-05 0.109607 0.172887 0.618928 9.9973E-05
0.0542144 0.0659567 9.9982E-05 9.9982E-05 0.130993 0.161305 0.55358 0.0337505
0.0962987 0.0127357 0.0107473 9.9991E-05 0.176571 0.0495825 0.546546 0.107418
0.0560142 0.00121481 9.9982E-05 9.9982E-05 0.145458 0.113442 0.603109 0.0805614
0.0390787 0.00149607 9.9982E-05 9.9982E-05 0.190092 0.121092 0.558692 0.0893487
0.0627898 9.9973E-05 0.0386852 0.127013 9.9973E-05 0.0894178 0.681794 9.9973E-05
0.0494077 0.00136188 9.9982E-05 0.037235 0.094547 0.0181077 0.799141 9.9982E-05
0.130877 9.9973E-05 9.9973E-05 0.12813 9.9973E-05 0.0442067 0.617284 0.0792025
