9.9973E-05 0.0172109 9.9973E-05 9.9973E-05 0.982489
0.130884 0.0328614 9.9991E-05 0.10782 0.728334
0.0529054 9.9991E-05 0.0880403 0.0249358 0.834018
0.0431126 9.9991E-05 0.032252 0.0787983 0.845737
0.057503 0.0365761 9.9991E-05 0.0553235 0.850498
9.999E-05 0.016644 0.0160309 0.0855312 0.881694
9.9973E-05 9.9973E-05 9.9973E-05 0.0439208 0.955779
0.0401896 9.9991E-05 0.0241148 0.0748225 0.860773
0.00219314 9.9991E-05 0.0115628 0.147446 0.838698
9.9982E-05 9.9982E-05 0.0722128 0.0568518 0.870736
0.0711706 9.9991E-05 0.0469049 0.0867704 0.795054
0.0142699 0.0519837 0.0880553 0.054654 0.791037
0.0998168 0.044518 0.00380457 0.0576907 0.79417
0.0193614 0.00233555 0.073064 0.180872 0.724367
0.0175193 9.9991E-05 0.0485962 0.0817845 0.852
0.00675124 9.9982E-05 9.9982E-05 0.111327 0.881722
9.997E-05 9.997E-05 9.997E-05 9.997E-05 0.9996
9.997E-05 9.997E-05 9.997E-05 9.997E-05 0.9996
9.9973E-05 0.0162686 9.9973E-05 9.9973E-05 0.983432
0.0195218 0.00817237 0.0452708 9.9991E-05 0.926935
9.997E-05 9.997E-05 0.9996 9.997E-05 9.997E-05
0.0844733 0.124982 0.719577 0.0708677 9.9991E-05
0.068739 0.0866672 0.714414 0.10555 0.0246298
0.0140476 0.175459 0.800142 9.9991E-05 0.0102519
0.0375646 9.9982E-05 0.960338 9.9982E-05 0.00189704
0.0743629 0.0104441 0.887767 9.9991E-05 0.0273265
0.0385496 0.13053 0.746859 0.083961 9.9991E-05
9.997E-05 9.997E-05 0.9996 9.997E-05 9.997E-05
0.0653388 0.043881 0.818608 0.0720723 9.9991E-05
0.141075 0.0901815 0.647988 0.11362 0.00713481
0.0590773 9.9982E-05 0.767653 0.17307 9.9982E-05
0.042389 0.128106 0.768085 0.0613198 9.9991E-05
0.0585286 0.0517618 0.736712 0.117461 0.0355362
0.158938 9.9982E-05 0.666803 0.174059 9.9982E-05
0.225657 0.0387997 0.67638 0.0378589 0.0213041
0.21365 0.022618 0.488314 0.196013 0.0794057
0.142569 0.177977 0.634052 0.0453015 9.9991E-05
0.087076 0.81575 0.0520916 0.0449827 9.9991E-05
0.201183 0.785181 9.9982E-05 0.0134361 9.9982E-05
0.102523 0.771575 0.0126272 0.0946937 0.0185813
0.0863377 0.808571 0.0486863 0.0543069 0.00209766
0.0726977 0.866956 0.0220339 9.9991E-05 0.0382128
0.0457634 0.901845 0.00869182 0.0207659 0.0229335
0.0512997 0.735039 0.00986703 0.133625 0.0701696
0.0813285 0.835945 0.0543723 0.0282542 9.9991E-05
9.9991E-05 0.776467 0.0867917 0.0758741 0.0607676
0.0819917 0.876837 9.9982E-05 0.0409713 9.9982E-05
0.0210393 0.942839 9.9991E-05 0.0261478 0.00987443
9.9973E-05 0.982574 9.9973E-05 9.9973E-05 0.017126
0.0477624 0.824813 0.0128162 0.104753 0.00985482
0.00223249 0.984118 9.9991E-05 0.0128463 0.000702852
9.9982E-05 0.920272 0.0432362 0.0362919 9.9982E-05
0.0456851 0.936816 9.9982E-05 9.9982E-05 0.0172985
0.046467 0.853115 9.9982E-05 9.9982E-05 0.100218
0.0691402 0.823684 0.0307472 0.056028 0.0204004
0.0738954 0.775629 0.0489944 0.0640779 0.0374028
9.9991E-05 0.804128 0.0872759 0.037372 0.0711244
0.616227 0.172569 0.0893263 0.0941693 0.0277091
0.879906 9.9991E-05 0.00694475 0.00957572 0.103474
0.771882 0.0863777 0.0500412 0.0590028 0.0326962
0.798498 0.116626 0.0273621 9.9991E-05 0.0574139
0.846343 0.0431938 0.0626312 0.0477318 9.9991E-05
0.725214 0.16101 0.0680591 9.9991E-05 0.0456173
0.847608 0.0826533 0.061993 9.9991E-05 0.00764572
0.880961 0.0286586 0.0339361 0.0381207 0.0183232
0.67509 0.0620501 9.9991E-05 0.156576 0.106183
0.672704 0.0617155 0.161269 0.0347456 0.0695658
0.763595 0.0958997 0.0874674 9.9991E-05 0.0529381
0.852577 0.00484376 0.127371 9.9991E-05 0.0151085
0.785117 9.9991E-05 0.104199 0.0372468 0.0733363
0.823985 0.0687797 0.038709 9.9991E-05 0.0684261
0.793216 0.151243 0.0553406 9.9982E-05 9.9982E-05
0.785719 0.0487458 0.104828 0.035329 0.0253782
0.7234 0.0152519 0.121672 0.100162 0.0395136
0.512387 0.370525 0.116888 9.9982E-05 9.9982E-05
0.561008 0.337226 0.0319547 9.9991E-05 0.0697115
0.428829 0.456543 9.9982E-05 9.9982E-05 0.114428
0.908356 0.0913437 9.9973E-05 9.9973E-05 9.9973E-05
0.605057 0.136676 0.135906 0.0407881 0.0815727
0.777718 0.171304 0.0439972 0.00688064 9.9991E-05
0.660878 0.195357 0.10367 0.000781995 0.0393135
0.786949 9.9991E-05 0.120145 0.051998 0.0408084
0.765325 0.106941 9.9982E-05 9.9982E-05 0.127533
0.402155 0.280083 0.0181469 0.249727 0.0498875
0.166313 0.182992 9.9982E-05 0.650495 9.9982E-05
0.516201 0.111871 0.108985 0.23394 0.0290039
0.721976 0.0996536 9.9991E-05 0.125578 0.0526923
0.618199 0.186884 0.0153609 0.168787 0.0107681
0.706378 0.0976411 0.0436511 0.105014 0.0473154
0.918035 0.0363731 0.0327494 9.9991E-05 0.0127426
0.732491 0.200115 0.0417234 9.9991E-05 0.02557
0.790441 0.124141 0.0109763 0.0743423 9.9991E-05
0.572189 9.9991E-05 0.127466 0.158904 0.14134
0.612383 0.0584196 0.165608 0.0932932 0.0702966
0.695075 9.9991E-05 0.0576874 0.204703 0.042435
0.654065 9.9991E-05 0.100495 0.140385 0.104955
0.648155 0.124985 0.0369447 0.121383 0.0685319
0.774616 0.128192 0.000101325 9.9991E-05 0.0969904
0.78769 0.0939849 0.107303 9.9991E-05 0.0109222
0.809158 0.131168 9.9991E-05 0.0135465 0.0460278
0.740823 0.0359741 0.126874 0.0520087 0.0443196
0.781874 0.034099 0.0228205 0.134459 0.0267475
0.782397 0.0615221 0.0563304 0.0559102 0.04384
0.974797 9.9973E-05 9.9973E-05 9.9973E-05 0.0249033
0.679273 0.051119 0.0640463 0.107537 0.0980253
0.811354 0.00959614 0.0734081 0.0567186 0.0489231
0.723863 0.0267903 0.0366585 0.133227 0.0794606
0.717932 0.166951 9.9991E-05 0.0624619 0.052555
0.755167 0.089655 0.0629016 0.0161076 0.0761684
0.715258 0.0485673 0.162479 9.9991E-05 0.0735956
0.902538 0.0971625 9.9973E-05 9.9973E-05 9.9973E-05
0.968168 9.9982E-05 9.9982E-05 0.0174099 0.0142223
0.87682 0.122881 9.9973E-05 9.9973E-05 9.9973E-05
0.813234 0.0101364 9.9991E-05 0.0928674 0.0836622
0.717759 0.0519646 0.089806 0.0883758 0.0520946
0.719351 0.00417932 0.106465 0.0853084 0.0846959
0.810354 0.0711692 0.0601995 9.9991E-05 0.0581774
0.752728 0.132735 0.0708816 9.9991E-05 0.0435555
0.825931 0.0785151 9.9991E-05 0.0653894 0.0300646
0.678193 0.0898536 0.0183595 0.107552 0.106042
0.603582 9.9991E-05 0.227883 0.141141 0.0272936
0.631766 0.0526653 0.151599 0.16387 9.9991E-05
0.579605 9.9991E-05 0.265851 0.107392 0.0470526
0.573813 9.9991E-05 0.237668 0.150892 0.0375278
0.536236 9.9991E-05 0.209309 0.216031 0.0383248
0.482686 9.9982E-05 0.322938 0.194177 9.9982E-05
0.418176 0.0762997 0.256672 0.213071 0.0357816
0.526694 9.9991E-05 0.250344 0.108834 0.114028
0.43414 0.151686 0.226131 0.165143 0.0228998
0.508354 0.113898 0.228664 0.117825 0.0312586
0.520309 0.0519878 0.295283 0.110932 0.0214887
0.00408172 0.108875 0.0806957 0.789625 0.0167225
0.0159038 0.07805 0.0561655 0.820916 0.0289644
0.0613269 0.0587251 0.104257 0.732307 0.0433843
9.9991E-05 0.181431 0.0136516 0.733971 0.0708457
9.9991E-05 0.177916 0.0436055 0.726196 0.0521821
0.0580414 0.0326743 0.0781253 0.779336 0.0518226
9.9982E-05 0.131798 0.0436154 0.824386 9.9982E-05
0.0319508 0.0163203 0.126602 0.825027 9.9991E-05
0.101037 0.144613 0.064717 0.587624 0.10201
9.9991E-05 0.179748 0.0603209 0.759216 0.000615128
9.9991E-05 0.114006 0.0629831 0.783008 0.039903
9.9991E-05 0.119494 0.00804462 0.816483 0.0558792
0.0708749 0.135318 0.114456 0.654111 0.0252401
0.185661 0.15065 9.9991E-05 0.632165 0.0314237
0.0774024 9.9991E-05 0.0698213 0.735974 0.116703
0.111555 0.00278682 9.9991E-05 0.796199 0.0893586
0.0360612 0.092117 0.00428143 0.86744 9.9991E-05
0.0445579 0.0556989 0.00421369 0.825677 0.0698524
9.9991E-05 0.095358 0.0269304 0.840254 0.0373577
0.0589575 0.117028 0.0776259 0.729239 0.0171494
0.182342 0.0862192 9.9991E-05 0.682375 0.0489633
0.0219085 0.135336 0.0334162 0.809239 9.9991E-05
0.0947814 9.9991E-05 0.029263 0.865646 0.0102092
0.0794998 9.9991E-05 0.0350379 0.823987 0.0613755
0.125481 9.9991E-05 0.0525356 0.769309 0.0525743
0.0902401 9.9991E-05 0.11158 0.773085 0.0249947
9.9991E-05 0.10139 0.0771451 0.762608 0.0587565
0.0831383 0.0561473 9.9991E-05 0.750119 0.110495
0.0741446 0.0578168 0.0473594 0.72298 0.0976997
0.00955503 0.131936 0.0670554 0.791354 9.9991E-05
9.9973E-05 0.172466 9.9973E-05 0.827234 9.9973E-05
0.0327214 0.160054 0.0337874 0.72344 0.0499968
0.0163452 0.158567 0.0997084 0.712095 0.0132836
0.0668413 9.9982E-05 0.0504927 0.882466 9.9982E-05
0.0302255 9.9991E-05 0.0283038 0.907627 0.0337441
9.9991E-05 0.665915 0.104679 0.170568 0.058738
0.0302874 0.611493 0.088713 0.203568 0.0659388
0.104563 0.591923 0.0985194 0.0846383 0.120356
0.0647048 0.613106 0.0245508 0.196496 0.101142
0.0601976 0.636523 0.0749071 0.119399 0.108974
9.9982E-05 0.746847 0.139398 0.113555 9.9982E-05
9.9991E-05 0.873462 0.050162 0.062274 0.0140018
9.9991E-05 0.661455 0.192798 0.0372951 0.108353
