9.99821E-05 0.242641 0.0492092 9.99821E-05 0.70795
9.9973E-05 9.9973E-05 0.0319298 9.9973E-05 0.96777
9.9982E-05 0.574766 0.0617754 9.9982E-05 0.363259
9.9982E-05 0.186789 9.9982E-05 0.264076 0.548935
0.901504 0.0811653 9.9982E-05 9.9982E-05 0.0171303
9.999E-05 0.0480689 0.0344761 0.891802 0.0255532
0.0839402 0.734916 0.0962575 0.0847858 9.9991E-05
9.9973E-05 0.0663825 9.9973E-05 9.9973E-05 0.933318
9.9973E-05 9.9973E-05 0.541895 0.457805 9.9973E-05
0.81758 0.182121 9.9973E-05 9.9973E-05 9.9973E-05
0.300266 0.699434 9.99731E-05 9.99731E-05 9.99731E-05
9.9982E-05 9.9982E-05 0.0146899 0.0482772 0.936833
0.545166 0.24038 0.154633 0.0484055 0.0114165
0.00192105 0.922474 9.9991E-05 0.0655617 0.00994315
0.9996 9.997E-05 9.997E-05 9.997E-05 9.997E-05
9.99731E-05 0.0739051 0.925795 9.99731E-05 9.99731E-05
9.99731E-05 9.99731E-05 9.99731E-05 0.128374 0.871326
0.227947 0.171279 0.434085 0.166589 9.9991E-05
9.997E-05 9.997E-05 9.997E-05 0.9996 9.997E-05
0.0572325 9.99731E-05 0.942468 9.99731E-05 9.99731E-05
0.0917666 9.99821E-05 0.825496 0.0825379 9.99821E-05
9.99821E-05 9.99821E-05 0.536146 0.368317 0.0953368
0.238705 9.9973E-05 0.760995 9.9973E-05 9.9973E-05
0.0722715 0.168298 0.17658 0.0884036 0.494447
9.9973E-05 0.92202 9.9973E-05 0.0776805 9.9973E-05
0.777809 9.9973E-05 0.221891 9.9973E-05 9.9973E-05
9.99731E-05 0.242093 9.99731E-05 9.99731E-05 0.757607
0.208503 0.127724 0.0567653 0.606908 9.9991E-05
9.99821E-05 0.00534958 0.0665283 9.99821E-05 0.927922
9.99731E-05 9.99731E-05 9.99731E-05 0.739646 0.260054
9.997E-05 0.9996 9.997E-05 9.997E-05 9.997E-05
9.997E-05 0.9996 9.997E-05 9.997E-05 9.997E-05
0.429355 0.570346 9.9973E-05 9.9973E-05 9.9973E-05
9.9982E-05 0.0640415 0.0333724 0.902386 9.9982E-05
9.99731E-05 9.99731E-05 9.99731E-05 0.160622 0.839078
9.997E-05 9.997E-05 0.9996 9.997E-05 9.997E-05
9.9973E-05 9.9973E-05 0.298006 0.701695 9.9973E-05
9.9973E-05 9.9973E-05 0.101308 0.898392 9.9973E-05
0.119817 0.665335 0.0395759 0.125169 0.0501033
0.0123278 9.99731E-05 9.99731E-05 0.987372 9.99731E-05
9.9973E-05 9.9973E-05 9.9973E-05 0.834493 0.165207
9.99731E-05 9.99731E-05 9.99731E-05 0.187953 0.811747
0.310207 9.99731E-05 0.689493 9.99731E-05 9.99731E-05
9.997E-05 0.9996 9.997E-05 9.997E-05 9.997E-05
0.91612 9.99731E-05 0.08358 9.99731E-05 9.99731E-05
9.99731E-05 9.99731E-05 0.0456132 9.99731E-05 0.954087
9.99731E-05 9.99731E-05 0.961409 0.0382906 9.99731E-05
9.99731E-05 9.99731E-05 0.221096 0.778604 9.99731E-05
0.763834 9.99821E-05 0.100531 9.99821E-05 0.135435
0.0747042 9.9982E-05 0.7649 0.160196 9.9982E-05
