9.98469E-05 9.98469E-05 9.98469E-05 9.98469E-05 9.98469E-05 9.98469E-05 9.98469E-05 9.98469E-05 9.98469E-05 9.98469E-05 9.98469E-05 9.98469E-05 9.98469E-05 9.98469E-05 9.98469E-05 0.998303 9.98469E-05 9.98469E-05
0.0562407 0.0215603 0.147834 9.9919E-05 0.000883302 0.0663271 0.647456 0.0139934 9.9919E-05 9.9919E-05 9.9919E-05 9.9919E-05 0.000613158 9.9919E-05 9.9919E-05 0.0441927 9.9919E-05 9.9919E-05
0.0281658 0.0301674 0.1232 0.00124094 9.991E-05 9.991E-05 0.721316 9.991E-05 0.0239715 9.991E-05 9.991E-05 9.991E-05 9.991E-05 9.991E-05 9.991E-05 0.0443892 0.0265509 9.991E-05
0.0629816 0.0094393 9.9919E-05 0.0671081 0.0106323 9.9919E-05 0.789396 9.9919E-05 0.016524 0.0358605 9.9919E-05 9.9919E-05 9.9919E-05 9.9919E-05 9.9919E-05 0.00419273 0.00296631 9.9919E-05
9.9928E-05 9.9928E-05 9.9928E-05 9.9928E-05 0.00245091 0.128137 0.700619 9.9928E-05 9.9928E-05 0.0269655 0.0428429 0.0209372 0.00852357 9.9928E-05 9.9928E-05 0.0600455 0.00533843 0.00334007
0.0285715 9.9892E-05 9.9892E-05 9.9892E-05 9.9892E-05 9.9892E-05 0.844043 0.0141442 9.9892E-05 9.9892E-05 9.9892E-05 9.9892E-05 0.0158005 9.9892E-05 0.0735586 9.9892E-05 9.9892E-05 0.0226838
9.98469E-05 9.98469E-05 9.98469E-05 9.98469E-05 9.98469E-05 9.98469E-05 9.98469E-05 9.98469E-05 9.98469E-05 9.98469E-05 9.98469E-05 9.98469E-05 9.98469E-05 9.98469E-05 9.98469E-05 0.998303 9.98469E-05 9.98469E-05
9.9937E-05 0.0169995 9.9937E-05 0.00576183 9.9937E-05 9.9937E-05 0.735809 0.00785164 9.9937E-05 0.0888305 9.9937E-05 0.0186163 9.9937E-05 0.00593652 0.0441148 0.0576802 0.010603 0.00709685
9.9919E-05 0.0067196 9.9919E-05 9.9919E-05 0.00201238 0.110551 0.743545 0.00125708 9.9919E-05 0.0637127 0.0315884 9.9919E-05 9.9919E-05 9.9919E-05 0.0108785 0.0288363 9.9919E-05 9.9919E-05
0.0770877 9.9901E-05 9.9901E-05 9.9901E-05 9.9901E-05 9.9901E-05 0.780724 0.0015225 0.0153958 9.9901E-05 9.9901E-05 0.0130405 9.9901E-05 9.9901E-05 0.0868787 0.0242514 9.9901E-05 9.9901E-05
0.0764685 9.9892E-05 0.173228 9.9892E-05 9.9892E-05 0.054487 0.671124 9.9892E-05 9.9892E-05 9.9892E-05 9.9892E-05 9.9892E-05 9.9892E-05 9.9892E-05 9.9892E-05 9.9892E-05 0.0164061 0.00708799
0.0857269 9.9901E-05 0.132477 9.9901E-05 9.9901E-05 0.0343931 0.691523 9.9901E-05 9.9901E-05 9.9901E-05 9.9901E-05 9.9901E-05 9.9901E-05 9.9901E-05 0.00323548 0.0361953 0.0153511 9.9901E-05
0.107386 0.00733588 0.0725952 9.99101E-05 9.99101E-05 9.99101E-05 0.687079 0.0691145 9.99101E-05 9.99101E-05 9.99101E-05 9.99101E-05 9.99101E-05 9.99101E-05 9.99101E-05 0.0400429 0.00835705 0.00709037
9.991E-05 9.991E-05 0.117273 0.174071 9.991E-05 9.991E-05 0.675151 0.00785359 9.991E-05 9.991E-05 9.991E-05 0.00745984 0.00353733 9.991E-05 9.991E-05 0.00746358 0.0061922 9.991E-05
9.991E-05 0.038977 0.00425979 0.0333071 0.00385318 9.991E-05 0.780127 9.991E-05 0.0596474 0.0585959 9.991E-05 9.991E-05 9.991E-05 9.991E-05 9.991E-05 0.0202338 9.991E-05 9.991E-05
9.98831E-05 9.98831E-05 9.98831E-05 9.98831E-05 9.98831E-05 0.126934 0.842076 0.0177717 9.98831E-05 9.98831E-05 0.0103817 9.98831E-05 9.98831E-05 9.98831E-05 9.98831E-05 9.98831E-05 9.98831E-05 0.00153865
9.98831E-05 9.98831E-05 9.98831E-05 9.98831E-05 9.98831E-05 9.98831E-05 0.887075 9.98831E-05 9.98831E-05 9.98831E-05 9.98831E-05 0.0159193 9.98831E-05 0.0194796 9.98831E-05 0.053618 9.98831E-05 0.0226096
9.98831E-05 9.98831E-05 9.98831E-05 9.98831E-05 9.98831E-05 9.98831E-05 0.912035 9.98831E-05 9.98831E-05 9.98831E-05 0.0121597 9.98831E-05 0.0250619 0.0165639 9.98831E-05 0.0328811 9.98831E-05 9.98831E-05
9.98831E-05 9.98831E-05 9.98831E-05 9.98831E-05 9.98831E-05 9.98831E-05 0.83475 0.0236384 9.98831E-05 9.98831E-05 9.98831E-05 9.98831E-05 0.0237695 0.0341834 9.98831E-05 0.08236 9.98831E-05 9.98831E-05
9.9892E-05 9.9892E-05 9.9892E-05 9.9892E-05 0.00165106 9.9892E-05 0.912538 9.9892E-05 9.9892E-05 9.9892E-05 0.0577564 0.000471046 9.9892E-05 0.0138284 9.9892E-05 9.9892E-05 9.9892E-05 0.0125569
9.9847E-05 9.9847E-05 9.9847E-05 9.9847E-05 9.9847E-05 9.9847E-05 9.9847E-05 9.9847E-05 9.9847E-05 9.9847E-05 9.9847E-05 9.9847E-05 9.9847E-05 9.9847E-05 9.9847E-05 9.9847E-05 0.998303 9.9847E-05
0.049063 9.991E-05 0.0731223 9.991E-05 0.00843606 9.991E-05 9.991E-05 0.0286736 0.750817 9.991E-05 9.991E-05 9.991E-05 9.991E-05 9.991E-05 0.0599638 0.021252 0.00767271 9.991E-05
0.109284 9.991E-05 9.991E-05 9.991E-05 9.991E-05 9.991E-05 0.00191012 0.00363707 0.780213 9.991E-05 9.991E-05 0.0260582 0.0414486 9.991E-05 0.0108401 0.0256106 9.991E-05 9.991E-05
9.9892E-05 9.9892E-05 9.9892E-05 9.9892E-05 0.0311316 9.9892E-05 9.9892E-05 9.9892E-05 0.874217 9.9892E-05 9.9892E-05 9.9892E-05 0.00114046 0.0707996 9.9892E-05 9.9892E-05 0.00126517 0.0202478
9.98651E-05 9.98651E-05 9.98651E-05 9.98651E-05 9.98651E-05 9.98651E-05 9.98651E-05 9.98651E-05 0.950599 9.98651E-05 9.98651E-05 0.0209586 9.98651E-05 9.98651E-05 9.98651E-05 9.98651E-05 0.0269448 9.98651E-05
9.9892E-05 0.00708565 9.9892E-05 9.9892E-05 9.9892E-05 9.9892E-05 9.9892E-05 9.9892E-05 0.950284 9.9892E-05 9.9892E-05 0.00673693 0.00627369 9.9892E-05 9.9892E-05 0.0183571 9.9892E-05 0.010064
0.0879863 9.9901E-05 9.9901E-05 9.9901E-05 9.9901E-05 9.9901E-05 9.9901E-05 0.00219891 0.786603 9.9901E-05 0.0274149 9.9901E-05 0.0572287 9.9901E-05 9.9901E-05 0.011591 0.0258786 9.9901E-05
9.9856E-05 9.9856E-05 9.9856E-05 9.9856E-05 9.9856E-05 9.9856E-05 9.9856E-05 9.9856E-05 9.9856E-05 9.9856E-05 9.9856E-05 9.9856E-05 9.9856E-05 9.9856E-05 0.00150166 9.9856E-05 0.996901 9.9856E-05
9.991E-05 9.991E-05 0.01688 0.0681955 0.0326606 9.991E-05 9.991E-05 9.991E-05 0.770886 0.0768274 9.991E-05 0.00863977 9.991E-05 9.991E-05 9.991E-05 9.991E-05 0.016723 0.0081888
0.0400753 9.9928E-05 9.9928E-05 9.9928E-05 0.0156568 0.0230918 0.0163417 0.0310507 0.749753 9.9928E-05 0.0779546 0.00489975 0.0309774 0.00939962 9.9928E-05 9.9928E-05 9.9928E-05 9.9928E-05
9.9892E-05 9.9892E-05 9.9892E-05 0.0904888 0.0275726 9.9892E-05 9.9892E-05 9.9892E-05 0.763764 0.0616541 9.9892E-05 9.9892E-05 9.9892E-05 9.9892E-05 9.9892E-05 9.9892E-05 0.027218 0.0281038
9.99101E-05 9.99101E-05 9.99101E-05 0.0177452 9.99101E-05 0.0297535 9.99101E-05 0.0121048 0.702746 9.99101E-05 9.99101E-05 9.99101E-05 0.0844099 0.0873691 9.99101E-05 9.99101E-05 0.0489792 0.0158935
9.9919E-05 9.9919E-05 9.9919E-05 0.169344 9.9919E-05 9.9919E-05 0.0192349 0.0264774 0.631321 0.053132 9.9919E-05 0.000369237 9.9919E-05 0.0111914 9.9919E-05 0.0190801 0.068951 9.9919E-05
9.9919E-05 0.0508659 0.0518666 0.0502595 9.9919E-05 9.9919E-05 9.9919E-05 0.053386 0.659899 9.9919E-05 0.0131509 0.0101499 9.9919E-05 9.9919E-05 0.0683748 9.9919E-05 0.0411478 9.9919E-05
9.9928E-05 0.0140995 0.0846515 9.9928E-05 0.0193029 9.9928E-05 0.00023465 9.9928E-05 0.725763 0.0633767 0.0556859 0.0186956 9.9928E-05 0.000985018 9.9928E-05 9.9928E-05 9.9928E-05 0.0164055
0.0266611 0.051375 0.191096 9.99189E-05 0.0585687 0.11765 9.99189E-05 0.021638 0.458545 9.99189E-05 9.99189E-05 9.99189E-05 9.99189E-05 9.99189E-05 0.0679497 0.00561669 9.99189E-05 9.99189E-05
9.9892E-05 0.0154005 9.9892E-05 9.9892E-05 0.0194293 9.9892E-05 9.9892E-05 9.9892E-05 0.642699 9.9892E-05 0.159345 9.9892E-05 0.00600966 0.155918 9.9892E-05 9.9892E-05 9.9892E-05 9.9892E-05
9.9901E-05 0.0154206 0.0376225 9.9901E-05 0.00654995 9.9901E-05 9.9901E-05 9.9901E-05 9.9901E-05 9.9901E-05 9.9901E-05 9.9901E-05 0.107728 0.678371 0.147247 9.9901E-05 0.00596274 9.9901E-05
9.99099E-05 9.99099E-05 0.173628 9.99099E-05 0.0158425 0.100174 9.99099E-05 0.0160712 9.99099E-05 0.024847 9.99099E-05 9.99099E-05 9.99099E-05 0.646941 9.99099E-05 0.0162452 9.99099E-05 0.00525168
9.98921E-05 0.0259226 9.98921E-05 0.0817708 9.98921E-05 9.98921E-05 0.0553875 0.0402469 9.98921E-05 0.0965015 9.98921E-05 9.98921E-05 9.98921E-05 0.698972 9.98921E-05 9.98921E-05 9.98921E-05 9.98921E-05
9.9919E-05 0.024448 9.9919E-05 9.9919E-05 9.9919E-05 0.0554347 9.9919E-05 0.00534556 0.0143041 9.9919E-05 0.0282953 9.9919E-05 9.9919E-05 0.776843 0.0517571 0.040325 9.9919E-05 0.00234755
0.0202934 0.0395811 9.9937E-05 9.9937E-05 0.0128957 0.166705 9.9937E-05 0.00762156 9.9937E-05 9.9937E-05 9.9937E-05 0.0230994 0.00810191 0.662594 9.9937E-05 0.0357295 0.0168438 0.00583475
9.991E-05 0.0121361 9.991E-05 0.0422615 0.0250189 9.991E-05 9.991E-05 0.000488978 9.991E-05 9.991E-05 0.0992587 9.991E-05 9.991E-05 0.790307 9.991E-05 0.0288015 0.000728068 9.991E-05
0.28836 0.0138204 0.0400291 0.103682 0.0117025 9.9955E-05 0.0219991 0.0327217 9.9955E-05 9.9955E-05 9.9955E-05 0.00192065 0.0268374 0.382807 0.0275412 0.018403 0.0296765 9.9955E-05
9.991E-05 9.991E-05 9.991E-05 0.0660212 0.0487065 0.0182346 9.991E-05 0.00540116 0.0244743 9.991E-05 0.124038 9.991E-05 9.991E-05 0.696124 9.991E-05 0.0160017 9.991E-05 9.991E-05
0.104331 9.9919E-05 9.9919E-05 9.9919E-05 0.0306856 0.0706351 0.0496812 9.9919E-05 0.00836045 0.0646778 9.9919E-05 9.9919E-05 0.0345662 0.595468 0.0406945 9.9919E-05 9.9919E-05 9.9919E-05
9.99011E-05 9.99011E-05 0.0403826 0.0380491 9.99011E-05 9.99011E-05 9.99011E-05 0.00773942 9.99011E-05 9.99011E-05 0.0365134 0.0181646 9.99011E-05 0.836851 9.99011E-05 9.99011E-05 9.99011E-05 0.0212015
0.244935 0.0303958 9.98982E-05 9.98982E-05 0.0204728 9.98982E-05 9.98982E-05 0.0153456 9.98982E-05 9.98982E-05 9.98982E-05 9.98982E-05 9.98982E-05 0.671818 0.0158334 9.98982E-05 9.98982E-05 9.98982E-05
9.9892E-05 0.0371425 9.9892E-05 9.9892E-05 0.0102228 9.9892E-05 9.9892E-05 9.9892E-05 9.9892E-05 9.9892E-05 9.9892E-05 9.9892E-05 9.9892E-05 0.895845 9.9892E-05 0.0203615 0.0326103 0.00261934
0.394741 0.023801 9.991E-05 9.991E-05 9.991E-05 9.991E-05 9.991E-05 0.0147617 9.991E-05 9.991E-05 9.991E-05 9.991E-05 0.0489932 0.442903 0.0577515 9.991E-05 0.0138069 0.00224254
0.0116337 9.991E-05 0.10142 0.036811 9.991E-05 9.991E-05 9.991E-05 9.991E-05 9.991E-05 0.0477314 9.991E-05 9.991E-05 9.991E-05 0.760999 9.991E-05 0.0291239 0.00353124 0.00775083
9.99011E-05 0.017314 9.99011E-05 9.99011E-05 9.99011E-05 0.138417 9.99011E-05 0.0114508 9.99011E-05 9.99011E-05 9.99011E-05 9.99011E-05 9.99011E-05 0.775727 9.99011E-05 0.040288 0.00622462 0.00947972
0.0385558 9.991E-05 9.991E-05 9.991E-05 9.991E-05 9.991E-05 9.991E-05 0.0584743 9.991E-05 0.0227396 9.991E-05 0.0498876 0.0172084 0.808737 0.00307265 9.991E-05 0.000325122 9.991E-05
0.076458 0.0104791 9.9946E-05 9.9946E-05 0.0263227 0.00343396 0.0623942 9.9946E-05 0.00789525 9.9946E-05 0.0391276 9.9946E-05 0.00584896 0.722761 9.9946E-05 0.0284733 0.000744721 0.0154618
9.9928E-05 9.9928E-05 9.9928E-05 0.114662 0.00834373 9.9928E-05 0.0229055 0.0186595 9.9928E-05 9.9928E-05 0.0791907 0.0103014 0.00082322 0.723747 9.9928E-05 9.9928E-05 0.00699499 0.0135732
0.239168 0.0308756 0.0416261 0.0318376 0.0214528 9.9937E-05 0.0216325 9.9937E-05 0.0087148 0.0153842 9.9937E-05 9.9937E-05 0.00795273 0.55518 9.9937E-05 9.9937E-05 9.9937E-05 0.0254755
9.9919E-05 9.9919E-05 9.9919E-05 0.00688971 9.9919E-05 9.9919E-05 0.0564071 9.9919E-05 0.0393298 9.9919E-05 0.0507985 0.0359875 9.9919E-05 0.789505 0.0138589 0.00292988 0.00339448 9.9919E-05
9.9928E-05 0.0149015 0.704192 9.9928E-05 0.00925933 0.0641094 9.9928E-05 0.00294689 9.9928E-05 0.0158474 9.9928E-05 9.9928E-05 0.00707287 0.175217 9.9928E-05 9.9928E-05 0.00424372 0.0014103
9.98469E-05 0.998303 9.98469E-05 9.98469E-05 9.98469E-05 9.98469E-05 9.98469E-05 9.98469E-05 9.98469E-05 9.98469E-05 9.98469E-05 9.98469E-05 9.98469E-05 9.98469E-05 9.98469E-05 9.98469E-05 9.98469E-05 9.98469E-05
0.00880905 9.9937E-05 0.575985 9.9937E-05 0.020711 9.9937E-05 9.9937E-05 0.0270299 9.9937E-05 9.9937E-05 0.17186 0.0459116 0.0169287 0.00223593 0.0773222 0.0286674 0.0238398 9.9937E-05
9.9937E-05 0.0112656 0.41537 9.9937E-05 0.0427544 9.9937E-05 9.9937E-05 0.0159039 9.9937E-05 0.157149 0.211743 0.0210471 0.0194635 0.0687269 9.9937E-05 0.0273438 9.9937E-05 0.00853363
9.9928E-05 0.0434133 0.477772 0.000299103 0.0509122 9.9928E-05 9.9928E-05 0.00119682 9.9928E-05 0.0680579 0.294031 9.9928E-05 0.0444173 9.9928E-05 0.00793674 9.9928E-05 9.9928E-05 0.0111652
0.00347439 9.9919E-05 9.9919E-05 9.9919E-05 0.00707848 9.9919E-05 0.017676 9.9919E-05 0.00522174 9.9919E-05 0.88159 9.9919E-05 0.000735985 0.0382773 0.0274024 9.9919E-05 0.0176444 9.9919E-05
9.98469E-05 9.98469E-05 9.98469E-05 9.98469E-05 9.98469E-05 9.98469E-05 9.98469E-05 0.998303 9.98469E-05 9.98469E-05 9.98469E-05 9.98469E-05 9.98469E-05 9.98469E-05 9.98469E-05 9.98469E-05 9.98469E-05 9.98469E-05
9.98468E-05 0.998303 9.98468E-05 9.98468E-05 9.98468E-05 9.98468E-05 9.98468E-05 9.98468E-05 9.98468E-05 9.98468E-05 9.98468E-05 9.98468E-05 9.98468E-05 9.98468E-05 9.98468E-05 9.98468E-05 9.98468E-05 9.98468E-05
0.0127426 0.0243886 0.754904 9.9937E-05 9.9937E-05 9.9937E-05 0.0290691 0.0180498 9.9937E-05 0.0446022 0.031127 9.9937E-05 9.9937E-05 9.9937E-05 0.048083 0.00345403 0.0133642 0.0195163
9.9937E-05 9.9937E-05 0.0862846 0.0895539 9.9937E-05 9.9937E-05 0.0104781 0.0695409 0.0737238 9.9937E-05 0.495159 0.0210135 0.106482 9.9937E-05 9.9937E-05 0.00999996 0.0181359 0.0189285
9.9946E-05 0.0499765 0.108643 9.9946E-05 0.0063736 9.9946E-05 0.00836718 0.0439132 9.9946E-05 0.0500578 0.479667 0.0437582 0.0988584 9.9946E-05 0.0747078 0.00734533 9.9946E-05 0.0277325
9.9946E-05 0.0146873 0.129806 9.9946E-05 0.0133922 0.0187748 9.9946E-05 0.0474164 0.0680132 0.0394387 0.552061 0.0350323 0.0391307 9.9946E-05 9.9946E-05 9.9946E-05 0.0178314 0.0238169
9.9955E-05 0.104782 0.181545 9.9955E-05 0.007831 0.00419308 0.032911 0.0264792 0.0824237 9.9955E-05 0.440874 0.0438948 0.0291064 9.9955E-05 9.9955E-05 0.00182417 0.00609558 0.0375401
9.9928E-05 0.0277215 0.0397474 9.9928E-05 0.00142915 9.9928E-05 0.0162482 0.0131425 9.9928E-05 9.9928E-05 0.79318 0.0040803 0.0731027 9.9928E-05 9.9928E-05 0.0254593 9.9928E-05 0.00508917
9.9919E-05 0.00232614 9.9919E-05 9.9919E-05 0.000817636 0.0560886 9.9919E-05 0.0578705 9.9919E-05 0.0394994 0.801672 9.9919E-05 9.9919E-05 9.9919E-05 9.9919E-05 0.0248841 0.000466194 0.0154758
9.9928E-05 0.0840269 0.151674 9.9928E-05 0.0732659 9.9928E-05 9.9928E-05 0.00700455 0.101685 0.0486858 0.440708 9.9928E-05 0.0555954 9.9928E-05 9.9928E-05 0.0338058 9.9928E-05 0.00274967
0.0338933 0.0428272 0.293356 0.0151029 0.076118 9.9919E-05 9.9919E-05 9.9919E-05 9.9919E-05 0.495528 9.9919E-05 9.9919E-05 9.9919E-05 0.0152671 9.9919E-05 9.9919E-05 0.00793106 0.0190772
0.059905 0.00352356 9.9937E-05 9.9937E-05 0.00548764 9.9937E-05 9.9937E-05 0.0375644 9.9937E-05 0.105053 0.38369 9.9937E-05 0.141795 0.164655 9.9937E-05 0.0122041 0.0495751 0.0358466
9.9928E-05 0.0235597 9.9928E-05 9.9928E-05 0.0141517 9.9928E-05 0.0819558 0.000599826 9.9928E-05 9.9928E-05 0.512469 0.0034081 0.0666849 0.195374 0.0820303 9.9928E-05 9.9928E-05 0.0189671
0.124387 0.0666783 0.133173 9.9928E-05 0.0102064 9.9928E-05 0.0834398 9.9928E-05 9.9928E-05 9.9928E-05 0.204376 0.00112459 0.0337978 0.307349 9.9928E-05 9.9928E-05 9.9928E-05 0.0346686
9.98469E-05 9.98469E-05 9.98469E-05 9.98469E-05 9.98469E-05 9.98469E-05 9.98469E-05 0.998303 9.98469E-05 9.98469E-05 9.98469E-05 9.98469E-05 9.98469E-05 9.98469E-05 9.98469E-05 9.98469E-05 9.98469E-05 9.98469E-05
9.9946E-05 0.0405408 0.0797134 0.117218 0.00222922 9.9946E-05 0.0672455 0.0202731 9.9946E-05 0.0316908 0.359582 0.0727701 9.9946E-05 0.126095 9.9946E-05 9.9946E-05 0.0383 0.0437428
9.9919E-05 0.0411527 0.276403 9.9919E-05 0.0520914 9.9919E-05 9.9919E-05 0.0636896 9.9919E-05 9.9919E-05 0.36194 0.0220639 0.0455548 0.104318 9.9919E-05 9.9919E-05 9.9919E-05 0.0318875
9.98469E-05 9.98469E-05 9.98469E-05 9.98469E-05 9.98469E-05 9.98469E-05 9.98469E-05 9.98469E-05 9.98469E-05 9.98469E-05 9.98469E-05 9.98469E-05 0.998303 9.98469E-05 9.98469E-05 9.98469E-05 9.98469E-05 9.98469E-05
0.0140132 0.00701089 0.59385 9.9937E-05 9.9937E-05 9.9937E-05 0.0022044 0.00635001 0.0499337 9.9937E-05 0.218835 0.0299039 0.0706841 9.9937E-05 9.9937E-05 0.00529056 0.00122423 9.9937E-05
9.9937E-05 0.00591489 0.141144 9.9937E-05 0.0378734 0.00915368 0.0644631 0.0355541 9.9937E-05 9.9937E-05 0.670243 0.016319 0.0168499 0.000893001 9.9937E-05 0.000892274 9.9937E-05 9.9937E-05
9.9937E-05 0.0139363 0.310593 0.147212 9.9937E-05 9.9937E-05 0.0192833 9.9937E-05 0.00241526 9.9937E-05 0.0586058 0.047751 9.9937E-05 0.250702 0.105904 0.00771391 9.9937E-05 0.0351842
9.9946E-05 0.0302782 0.0899883 0.130163 0.0397153 0.0784651 0.00343326 0.0255437 9.9946E-05 9.9946E-05 9.9946E-05 0.00148205 0.00048624 0.149564 0.437118 9.9946E-05 9.9946E-05 0.0131622
9.9946E-05 0.0651079 0.507723 0.00657992 9.9946E-05 0.00460684 9.9946E-05 9.9946E-05 0.0194059 0.0671325 9.9946E-05 0.00180477 0.0625584 0.134456 0.107266 0.0209068 0.0018521 9.9946E-05
9.9865E-05 9.9865E-05 9.9865E-05 9.9865E-05 0.000361931 9.9865E-05 9.9865E-05 0.0126408 9.9865E-05 9.9865E-05 9.9865E-05 9.9865E-05 0.985499 9.9865E-05 9.9865E-05 9.9865E-05 9.9865E-05 9.9865E-05
9.9847E-05 9.9847E-05 9.9847E-05 9.9847E-05 9.9847E-05 9.9847E-05 9.9847E-05 9.9847E-05 9.9847E-05 9.9847E-05 9.9847E-05 9.9847E-05 0.998303 9.9847E-05 9.9847E-05 9.9847E-05 9.9847E-05 9.9847E-05
0.0183173 0.0372132 0.0658276 0.117422 0.0203059 9.9937E-05 9.9937E-05 0.0022082 9.9937E-05 0.0108906 0.621406 0.0233757 0.0672583 9.9937E-05 9.9937E-05 9.9937E-05 0.0150758 9.9937E-05
9.98469E-05 9.98469E-05 9.98469E-05 9.98469E-05 0.998303 9.98469E-05 9.98469E-05 9.98469E-05 9.98469E-05 9.98469E-05 9.98469E-05 9.98469E-05 9.98469E-05 9.98469E-05 9.98469E-05 9.98469E-05 9.98469E-05 9.98469E-05
9.9928E-05 0.00443402 0.610311 9.9928E-05 9.9928E-05 9.9928E-05 9.9928E-05 0.0871906 0.00335412 0.0561864 0.0575683 0.0335822 9.9928E-05 0.107271 9.9928E-05 9.9928E-05 0.016661 0.0226421
9.98741E-05 9.98741E-05 9.98741E-05 9.98741E-05 9.98741E-05 0.0760268 9.98741E-05 0.0288159 9.98741E-05 9.98741E-05 0.87466 9.98741E-05 9.98741E-05 9.98741E-05 9.98741E-05 0.019099 9.98741E-05 9.98741E-05
9.99101E-05 0.0115818 0.557128 9.99101E-05 0.0694336 0.193908 9.99101E-05 9.99101E-05 9.99101E-05 9.99101E-05 0.0836069 9.99101E-05 9.99101E-05 9.99101E-05 9.99101E-05 0.0397706 0.0331042 0.0104677
0.0290374 9.9937E-05 0.684877 0.0443172 0.0198468 9.9937E-05 0.0307447 0.00540117 0.0844576 0.0526967 9.9937E-05 9.9937E-05 9.9937E-05 9.9937E-05 9.9937E-05 0.0155077 0.0158531 0.0165616
9.9883E-05 9.9883E-05 0.921059 0.0342609 9.9883E-05 0.0190181 9.9883E-05 0.0196114 9.9883E-05 9.9883E-05 9.9883E-05 9.9883E-05 9.9883E-05 9.9883E-05 9.9883E-05 0.00475168 9.9883E-05 9.9883E-05
9.9928E-05 0.0531693 0.584178 9.9928E-05 0.0344608 9.9928E-05 0.0211552 0.046293 9.9928E-05 0.0831816 9.9928E-05 9.9928E-05 0.015482 9.9928E-05 0.105709 0.0308052 0.0247664 9.9928E-05
0.177651 0.0309311 0.223291 9.9946E-05 0.0481961 9.9946E-05 9.9946E-05 0.0260192 9.9946E-05 0.313474 0.0141579 0.0161567 0.0122284 9.9946E-05 0.0170952 0.035375 9.9946E-05 0.0848248
0.0296888 0.0358363 0.472055 9.9946E-05 0.00308537 9.9946E-05 0.0273589 0.00388374 9.9946E-05 9.9946E-05 0.233397 0.023446 0.075838 0.0589185 9.9946E-05 0.00169218 9.9946E-05 0.0342006
9.9937E-05 0.001458 0.463323 9.9937E-05 0.0022423 9.9937E-05 9.9937E-05 0.00549182 0.0627865 0.0827393 0.172603 0.0127963 0.123656 0.0498397 9.9937E-05 9.9937E-05 9.9937E-05 0.0223646
0.0380422 0.0592286 0.283149 9.9937E-05 0.0331595 9.9937E-05 0.0375146 0.0213447 9.9937E-05 0.0413079 0.388515 0.0183248 9.9937E-05 0.0362031 9.9937E-05 9.9937E-05 9.9937E-05 0.0425105
0.0694451 9.9928E-05 0.558958 9.9928E-05 9.9928E-05 9.9928E-05 9.9928E-05 9.9928E-05 0.0482495 0.0084739 0.219428 0.0142263 0.029909 9.9928E-05 9.9928E-05 0.0275416 0.0149189 0.00804979
9.9955E-05 0.0927309 0.193989 0.0452616 0.00778848 9.9955E-05 0.00429566 0.0356482 9.9955E-05 0.0290905 0.324638 0.0946529 0.0858993 9.9955E-05 0.0679341 9.9955E-05 0.0169699 0.000601768
9.9865E-05 9.9865E-05 9.9865E-05 0.0273068 9.9865E-05 9.9865E-05 9.9865E-05 9.9865E-05 9.9865E-05 9.9865E-05 0.960004 9.9865E-05 9.9865E-05 9.9865E-05 9.9865E-05 9.9865E-05 0.011191 9.9865E-05
9.98469E-05 9.98469E-05 9.98469E-05 9.98469E-05 9.98469E-05 9.98469E-05 9.98469E-05 9.98469E-05 9.98469E-05 9.98469E-05 9.98469E-05 0.998303 9.98469E-05 9.98469E-05 9.98469E-05 9.98469E-05 9.98469E-05 9.98469E-05
9.9964E-05 0.0654047 0.465773 0.0324354 0.0312895 9.9964E-05 0.0109818 0.00017935 9.9964E-05 0.0679659 0.0545302 0.0494686 0.0267275 0.114989 9.9964E-05 0.0290893 0.00976652 0.0409993
9.991E-05 9.991E-05 0.788095 9.991E-05 0.0182086 9.991E-05 9.991E-05 0.0497064 9.991E-05 9.991E-05 0.04014 0.0120981 0.0772472 0.00834986 9.991E-05 0.00515605 9.991E-05 9.991E-05
0.027413 9.9937E-05 0.137009 0.0329236 0.0536038 9.9937E-05 0.0557689 0.0213498 9.9937E-05 9.9937E-05 0.585205 0.00178315 0.0330717 9.9937E-05 0.043884 0.00728924 9.9937E-05 9.9937E-05
0.0325002 0.00179327 9.9892E-05 0.0868435 0.0138214 9.9892E-05 9.9892E-05 9.9892E-05 9.9892E-05 9.9892E-05 0.857207 9.9892E-05 9.9892E-05 0.00663565 9.9892E-05 9.9892E-05 9.9892E-05 9.9892E-05
9.9892E-05 9.9892E-05 0.719551 9.9892E-05 9.9892E-05 9.9892E-05 9.9892E-05 9.9892E-05 9.9892E-05 0.118019 0.0851026 9.9892E-05 9.9892E-05 0.0357086 9.9892E-05 0.00237178 9.9892E-05 0.0380474
9.99189E-05 9.99189E-05 0.537189 9.99189E-05 9.99189E-05 9.99189E-05 0.052839 9.99189E-05 0.00954146 0.114147 0.162612 0.0172185 0.0890128 9.99189E-05 9.99189E-05 9.99189E-05 0.0055 0.0110412
9.9847E-05 9.9847E-05 9.9847E-05 9.9847E-05 9.9847E-05 9.9847E-05 9.9847E-05 9.9847E-05 9.9847E-05 9.9847E-05 9.9847E-05 9.9847E-05 9.9847E-05 9.9847E-05 9.9847E-05 9.9847E-05 9.9847E-05 0.998303
9.98469E-05 9.98469E-05 9.98469E-05 9.98469E-05 9.98469E-05 9.98469E-05 9.98469E-05 9.98469E-05 9.98469E-05 9.98469E-05 9.98469E-05 0.998303 9.98469E-05 9.98469E-05 9.98469E-05 9.98469E-05 9.98469E-05 9.98469E-05
9.98469E-05 9.98469E-05 9.98469E-05 9.98469E-05 9.98469E-05 9.98469E-05 9.98469E-05 9.98469E-05 9.98469E-05 9.98469E-05 9.98469E-05 9.98469E-05 9.98469E-05 9.98469E-05 9.98469E-05 9.98469E-05 9.98469E-05 0.998303
9.9919E-05 0.0444199 0.868468 0.00187324 0.0316552 0.0122334 0.0178743 0.00458786 9.9919E-05 9.9919E-05 9.9919E-05 0.014429 9.9919E-05 9.9919E-05 9.9919E-05 9.9919E-05 0.00355999 9.9919E-05
0.0404532 0.0295464 0.533047 0.101511 0.0714408 9.9937E-05 9.9937E-05 0.031967 9.9937E-05 9.9937E-05 0.0645757 0.0209668 9.9937E-05 9.9937E-05 9.9937E-05 0.0282779 0.0414425 0.0360718
9.9946E-05 0.0232532 0.70251 9.9946E-05 0.00966724 9.9946E-05 0.0214541 9.9946E-05 0.0107858 0.052401 0.0316588 0.0439578 0.0044715 9.9946E-05 0.051231 9.9946E-05 0.0299514 0.0180587
9.9919E-05 0.014737 0.308926 9.9919E-05 9.9919E-05 9.9919E-05 0.0528711 9.9919E-05 9.9919E-05 9.9919E-05 0.429056 0.0356649 9.9919E-05 0.0343156 9.9919E-05 0.0250383 0.039079 0.0594128
9.991E-05 0.0152321 9.991E-05 9.991E-05 9.991E-05 9.991E-05 0.0461993 0.0194932 9.991E-05 9.991E-05 0.873477 0.0127693 9.991E-05 9.991E-05 0.00490935 9.991E-05 0.0246677 0.00225291
9.98469E-05 9.98469E-05 9.98469E-05 9.98469E-05 0.998303 9.98469E-05 9.98469E-05 9.98469E-05 9.98469E-05 9.98469E-05 9.98469E-05 9.98469E-05 9.98469E-05 9.98469E-05 9.98469E-05 9.98469E-05 9.98469E-05 9.98469E-05
0.0501721 9.9946E-05 0.487288 0.0142372 0.0354984 9.9946E-05 0.0387926 9.9946E-05 9.9946E-05 9.9946E-05 0.223334 0.0333154 0.000129325 0.0218486 0.0727872 0.0085007 9.9946E-05 0.0134966
9.98741E-05 0.0374301 0.173714 9.98741E-05 9.98741E-05 9.98741E-05 9.98741E-05 9.98741E-05 9.98741E-05 0.781434 9.98741E-05 9.98741E-05 9.98741E-05 9.98741E-05 0.0060235 9.98741E-05 9.98741E-05 9.98741E-05
0.000639147 9.9883E-05 9.9883E-05 9.9883E-05 9.9883E-05 9.9883E-05 9.9883E-05 0.031716 9.9883E-05 0.892933 9.9883E-05 9.9883E-05 0.070012 9.9883E-05 9.9883E-05 9.9883E-05 9.9883E-05 0.0034012
0.000974212 9.991E-05 9.991E-05 9.991E-05 9.991E-05 9.991E-05 9.991E-05 0.00238204 9.991E-05 0.869173 9.991E-05 0.019233 0.0250828 9.991E-05 9.991E-05 0.0365894 0.019377 0.0261897
9.98831E-05 9.98831E-05 0.0918531 9.98831E-05 0.0357001 9.98831E-05 9.98831E-05 9.98831E-05 9.98831E-05 0.858516 9.98831E-05 9.98831E-05 9.98831E-05 9.98831E-05 0.00187429 0.0107582 9.98831E-05 9.98831E-05
9.994E-05 9.994E-05 0.0990604 0.101178 0.0251916 9.994E-05 9.994E-05 0.00499779 0.0305256 0.560624 0.0719543 0.0294312 9.994E-05 0.0274148 9.994E-05 0.0127409 0.024702 0.0115795
9.9892E-05 0.0233565 9.9892E-05 0.059096 0.00762455 9.9892E-05 9.9892E-05 0.00434184 0.0528108 0.851572 9.9892E-05 9.9892E-05 9.9892E-05 9.9892E-05 9.9892E-05 9.9892E-05 9.9892E-05 9.9892E-05
9.9865E-05 9.9865E-05 9.9865E-05 9.9865E-05 9.9865E-05 9.9865E-05 9.9865E-05 9.9865E-05 9.9865E-05 0.986903 9.9865E-05 9.9865E-05 9.9865E-05 9.9865E-05 0.000983816 0.0106151 9.9865E-05 9.9865E-05
9.9892E-05 9.9892E-05 9.9892E-05 9.9892E-05 9.9892E-05 9.9892E-05 0.0170193 9.9892E-05 9.9892E-05 0.836669 0.0613496 0.00403472 0.0438673 9.9892E-05 9.9892E-05 0.0358611 9.9892E-05 9.9892E-05
0.0574525 0.00678842 9.9901E-05 9.9901E-05 9.9901E-05 9.9901E-05 9.9901E-05 9.9901E-05 9.9901E-05 0.826259 9.9901E-05 9.9901E-05 9.9901E-05 0.0687952 0.0323346 9.9901E-05 0.00387086 0.00340062
9.991E-05 0.00467658 0.184948 9.991E-05 9.991E-05 0.101407 9.991E-05 9.991E-05 9.991E-05 0.57355 9.991E-05 0.0406403 0.060983 0.00336893 9.991E-05 9.991E-05 0.0294277 9.991E-05
0.0033399 9.9901E-05 9.9901E-05 9.9901E-05 0.0199283 9.9901E-05 9.9901E-05 9.9901E-05 0.119182 0.721698 0.0924071 9.9901E-05 9.9901E-05 0.0230974 9.9901E-05 9.9901E-05 9.9901E-05 0.0192487
9.9892E-05 9.9892E-05 9.9892E-05 0.314378 9.9892E-05 0.553242 9.9892E-05 9.9892E-05 0.00706718 0.0479806 0.0446594 9.9892E-05 9.9892E-05 9.9892E-05 9.9892E-05 9.9892E-05 9.9892E-05 0.0314739
9.9919E-05 9.9919E-05 9.9919E-05 0.347206 9.9919E-05 0.277327 9.9919E-05 0.00548705 9.9919E-05 0.166355 9.9919E-05 0.0216092 9.9919E-05 0.0123873 0.15286 0.00563341 0.0102363 9.9919E-05
0.0135017 0.00318202 9.9937E-05 0.179911 9.9937E-05 0.658823 0.0144514 9.9937E-05 0.0508032 9.9937E-05 0.0162819 0.0107435 0.026439 9.9937E-05 9.9937E-05 0.010931 0.0142321 9.9937E-05
9.99101E-05 9.99101E-05 9.99101E-05 0.645838 9.99101E-05 0.0820182 0.0423281 9.99101E-05 9.99101E-05 9.99101E-05 9.99101E-05 9.99101E-05 0.0608236 0.0806189 0.0709448 9.99101E-05 0.00379975 0.0126292
9.9856E-05 9.9856E-05 9.9856E-05 9.9856E-05 9.9856E-05 0.997666 9.9856E-05 9.9856E-05 9.9856E-05 9.9856E-05 9.9856E-05 9.9856E-05 9.9856E-05 9.9856E-05 9.9856E-05 0.00073637 9.9856E-05 9.9856E-05
0.0368808 0.00573102 0.0426319 0.800426 9.9928E-05 9.9928E-05 9.9928E-05 0.00406065 9.9928E-05 0.0763044 9.9928E-05 0.00397337 9.9928E-05 9.9928E-05 9.9928E-05 0.0141716 0.0106837 0.00433701
0.0164869 0.00259371 9.9901E-05 0.803281 9.9901E-05 9.9901E-05 9.9901E-05 0.017695 0.0510344 9.9901E-05 9.9901E-05 0.0635647 9.9901E-05 0.0442454 9.9901E-05 9.9901E-05 9.9901E-05 9.9901E-05
9.9901E-05 9.9901E-05 9.9901E-05 0.734873 0.00826018 0.0917408 9.9901E-05 9.9901E-05 9.9901E-05 9.9901E-05 0.0329024 9.9901E-05 0.0841356 9.9901E-05 0.0349424 9.9901E-05 0.0120467 9.9901E-05
0.162126 9.99459E-05 0.0626309 0.112518 0.00648152 0.49138 9.99459E-05 9.99459E-05 0.00243997 9.99459E-05 0.00424154 0.0210987 0.0612395 9.99459E-05 9.99459E-05 0.0450742 0.00125184 0.0289186
9.98741E-05 9.98741E-05 9.98741E-05 0.553517 9.98741E-05 0.142164 9.98741E-05 9.98741E-05 9.98741E-05 0.116891 9.98741E-05 9.98741E-05 9.98741E-05 0.186029 9.98741E-05 9.98741E-05 9.98741E-05 9.98741E-05
0.0183359 9.9865E-05 9.9865E-05 9.9865E-05 9.9865E-05 0.966802 9.9865E-05 0.0133644 9.9865E-05 9.9865E-05 9.9865E-05 9.9865E-05 9.9865E-05 9.9865E-05 9.9865E-05 9.9865E-05 9.9865E-05 9.9865E-05
9.9874E-05 0.0178487 9.9874E-05 9.9874E-05 9.9874E-05 0.188013 9.9874E-05 9.9874E-05 9.9874E-05 9.9874E-05 9.9874E-05 9.9874E-05 9.9874E-05 0.128711 0.664029 9.9874E-05 9.9874E-05 9.9874E-05
0.0532793 0.00843033 9.991E-05 9.991E-05 9.991E-05 0.802141 9.991E-05 9.991E-05 0.000873315 0.0153582 0.0578408 9.991E-05 9.991E-05 9.991E-05 0.0498781 9.991E-05 9.991E-05 0.0111995
9.9883E-05 0.00361407 0.259181 9.9883E-05 9.9883E-05 0.569525 9.9883E-05 9.9883E-05 9.9883E-05 9.9883E-05 9.9883E-05 9.9883E-05 9.9883E-05 0.0164451 0.149936 9.9883E-05 9.9883E-05 9.9883E-05
9.991E-05 0.0416262 9.991E-05 0.257583 9.991E-05 9.991E-05 9.991E-05 9.991E-05 0.0369274 9.991E-05 0.027521 9.991E-05 9.991E-05 9.991E-05 0.568328 0.0556488 0.00446407 0.00690267
9.9883E-05 0.0232915 9.9883E-05 9.9883E-05 9.9883E-05 9.9883E-05 0.000614581 9.9883E-05 9.9883E-05 9.9883E-05 9.9883E-05 9.9883E-05 0.0540741 9.9883E-05 0.885345 0.0353767 9.9883E-05 9.9883E-05
9.9883E-05 0.0191824 9.9883E-05 9.9883E-05 0.0144615 9.9883E-05 9.9883E-05 9.9883E-05 9.9883E-05 0.00569756 9.9883E-05 9.9883E-05 9.9883E-05 9.9883E-05 0.945897 9.9883E-05 9.9883E-05 0.013463
9.9892E-05 9.9892E-05 0.00279223 9.9892E-05 9.9892E-05 9.9892E-05 9.9892E-05 9.9892E-05 9.9892E-05 0.0388103 0.00876974 0.0112326 0.00214247 9.9892E-05 0.935054 9.9892E-05 9.9892E-05 9.9892E-05
9.98471E-05 9.98471E-05 9.98471E-05 9.98471E-05 9.98471E-05 9.98471E-05 9.98471E-05 9.98471E-05 9.98471E-05 9.98471E-05 9.98471E-05 9.98471E-05 9.98471E-05 9.98471E-05 0.998303 9.98471E-05 9.98471E-05 9.98471E-05
0.214729 9.9874E-05 9.9874E-05 9.9874E-05 9.9874E-05 9.9874E-05 9.9874E-05 0.031749 9.9874E-05 9.9874E-05 9.9874E-05 9.9874E-05 9.9874E-05 9.9874E-05 0.73985 0.0122738 9.9874E-05 9.9874E-05
9.9901E-05 9.9901E-05 0.0107702 9.9901E-05 0.0358748 0.0933786 9.9901E-05 0.0356396 0.0623587 9.9901E-05 9.9901E-05 9.9901E-05 9.9901E-05 9.9901E-05 0.759599 9.9901E-05 0.00128023 9.9901E-05
9.98831E-05 9.98831E-05 9.98831E-05 0.106201 9.98831E-05 9.98831E-05 9.98831E-05 9.98831E-05 9.98831E-05 9.98831E-05 9.98831E-05 0.0170895 0.0426937 9.98831E-05 0.795177 9.98831E-05 9.98831E-05 0.0375399
9.991E-05 0.0153737 0.0428567 0.855624 0.0205283 9.991E-05 0.00745373 9.991E-05 9.991E-05 0.0278928 9.991E-05 9.991E-05 9.991E-05 9.991E-05 0.0117005 9.991E-05 9.991E-05 0.0175711
9.991E-05 9.991E-05 0.0141355 0.849943 0.0344645 9.991E-05 0.0172241 0.0177106 9.991E-05 0.0380003 9.991E-05 9.991E-05 0.0220837 9.991E-05 9.991E-05 0.00543903 9.991E-05 9.991E-05
9.9928E-05 0.024885 0.0908149 0.679262 0.0256894 0.101469 9.9928E-05 0.0121021 0.00706275 9.9928E-05 9.9928E-05 0.0535113 9.9928E-05 9.9928E-05 9.9928E-05 9.9928E-05 0.0027715 0.00163291
0.111834 9.9883E-05 0.135069 0.590482 9.9883E-05 9.9883E-05 9.9883E-05 9.9883E-05 0.09091 9.9883E-05 9.9883E-05 9.9883E-05 9.9883E-05 9.9883E-05 0.0704075 9.9883E-05 9.9883E-05 9.9883E-05
0.013967 9.9892E-05 9.9892E-05 9.9892E-05 0.0189558 0.925558 0.00028505 9.9892E-05 9.9892E-05 9.9892E-05 9.9892E-05 9.9892E-05 9.9892E-05 9.9892E-05 9.9892E-05 9.9892E-05 0.0244788 0.0155571
0.232531 0.0497009 0.031475 0.544476 9.9892E-05 0.108346 0.032273 9.9892E-05 9.9892E-05 9.9892E-05 9.9892E-05 9.9892E-05 9.9892E-05 9.9892E-05 9.9892E-05 9.9892E-05 9.9892E-05 9.9892E-05
0.115414 0.0209201 0.0490729 0.553401 9.99279E-05 9.99279E-05 0.0183527 9.99279E-05 9.99279E-05 9.99279E-05 9.99279E-05 9.99279E-05 0.0741432 9.99279E-05 0.124183 0.00577359 0.0285265 0.00941348
9.98741E-05 9.98741E-05 9.98741E-05 9.98741E-05 0.0160006 0.949066 9.98741E-05 9.98741E-05 0.0141817 9.98741E-05 9.98741E-05 0.0193539 9.98741E-05 9.98741E-05 9.98741E-05 9.98741E-05 9.98741E-05 9.98741E-05
9.9892E-05 0.0228651 9.9892E-05 0.845599 9.9892E-05 9.9892E-05 9.9892E-05 9.9892E-05 9.9892E-05 9.9892E-05 0.0597986 0.00325186 9.9892E-05 0.0624661 9.9892E-05 9.9892E-05 9.9892E-05 0.0048209
9.9928E-05 0.0099368 0.124218 0.538865 9.9928E-05 0.187924 0.0242494 9.9928E-05 0.0264269 9.9928E-05 9.9928E-05 0.011214 9.9928E-05 0.0703692 0.000330685 0.00566611 9.9928E-05 9.9928E-05
9.9901E-05 9.9901E-05 0.0205471 0.697907 9.9901E-05 9.9901E-05 9.9901E-05 9.9901E-05 0.104208 9.9901E-05 9.9901E-05 9.9901E-05 0.0538626 0.0876639 9.9901E-05 0.0297774 0.00493597 9.9901E-05
9.9901E-05 0.0132924 9.9901E-05 0.796319 9.9901E-05 9.9901E-05 9.9901E-05 9.9901E-05 0.0226837 9.9901E-05 9.9901E-05 0.0171303 0.0775018 9.9901E-05 0.0585935 9.9901E-05 9.9901E-05 0.0133802
9.9901E-05 9.9901E-05 0.0334838 0.874532 9.9901E-05 9.9901E-05 9.9901E-05 0.0232209 9.9901E-05 9.9901E-05 9.9901E-05 9.9901E-05 0.0183094 9.9901E-05 9.9901E-05 0.0171712 0.0275525 0.0046309
0.958571 0.0180242 9.98831E-05 9.98831E-05 9.98831E-05 9.98831E-05 9.98831E-05 0.00963564 9.98831E-05 9.98831E-05 9.98831E-05 9.98831E-05 9.98831E-05 9.98831E-05 9.98831E-05 9.98831E-05 0.00660465 0.00586599
0.884006 9.9892E-05 0.0265575 9.9892E-05 0.0538591 9.9892E-05 9.9892E-05 0.00893135 9.9892E-05 9.9892E-05 9.9892E-05 0.00823927 9.9892E-05 9.9892E-05 9.9892E-05 0.0172077 9.9892E-05 9.9892E-05
0.914506 0.00722685 9.9883E-05 9.9883E-05 0.0501472 9.9883E-05 0.0114848 0.0153361 9.9883E-05 9.9883E-05 9.9883E-05 9.9883E-05 9.9883E-05 9.9883E-05 9.9883E-05 9.9883E-05 9.9883E-05 9.9883E-05
0.812658 0.0105449 0.0459212 9.9928E-05 9.9928E-05 0.0243099 0.0371824 0.00601606 9.9928E-05 9.9928E-05 9.9928E-05 0.0278752 0.0235507 9.9928E-05 9.9928E-05 9.9928E-05 0.00782154 0.0033202
0.857612 9.9901E-05 0.0341872 9.9901E-05 9.9901E-05 9.9901E-05 0.0304105 9.9901E-05 9.9901E-05 9.9901E-05 9.9901E-05 0.0146105 0.0310615 9.9901E-05 0.0307044 9.9901E-05 0.000314871 9.9901E-05
0.739049 9.9928E-05 9.9928E-05 9.9928E-05 9.9928E-05 0.0822719 9.9928E-05 0.0154072 0.00704455 9.9928E-05 0.0247717 0.0153914 0.00583256 0.0883513 9.9928E-05 9.9928E-05 0.00756824 0.0135125
0.990906 9.98561E-05 9.98561E-05 9.98561E-05 9.98561E-05 9.98561E-05 9.98561E-05 9.98561E-05 9.98561E-05 9.98561E-05 0.0074965 9.98561E-05 9.98561E-05 9.98561E-05 9.98561E-05 9.98561E-05 9.98561E-05 9.98561E-05
0.787377 9.98741E-05 9.98741E-05 9.98741E-05 9.98741E-05 9.98741E-05 0.0393546 9.98741E-05 0.171285 9.98741E-05 9.98741E-05 9.98741E-05 9.98741E-05 0.000584508 9.98741E-05 9.98741E-05 9.98741E-05 9.98741E-05
