0.0575795 9.9973E-05 9.9973E-05 0.942121 9.9973E-05
9.999E-05 0.115789 0.0535492 0.795027 0.0355353
0.0333595 0.0360367 9.9991E-05 0.821202 0.109302
9.9982E-05 0.091298 9.9982E-05 0.871721 0.0367809
9.9982E-05 0.0909756 9.9982E-05 0.864193 0.044631
9.9973E-05 0.0976815 9.9973E-05 0.902019 9.9973E-05
9.9973E-05 0.0725513 9.9973E-05 0.927149 9.9973E-05
0.00173549 0.111082 0.0284426 0.840617 0.0181233
0.0192682 0.0893432 0.0152718 0.827595 0.048522
9.9982E-05 0.0885184 9.9982E-05 0.848696 0.0625857
0.00458862 0.115243 0.022462 0.825308 0.0323984
9.9982E-05 0.125918 9.9982E-05 0.842402 0.0314795
0.0627557 0.0725779 0.0252466 0.793801 0.0456189
9.9982E-05 0.112082 9.9982E-05 0.805591 0.0821271
9.9982E-05 0.103211 9.9982E-05 0.861805 0.0347838
0.040451 0.0569426 0.00897519 0.893531 9.9991E-05
9.9973E-05 9.9973E-05 0.0632402 0.93646 9.9973E-05
0.0737397 9.9973E-05 9.9973E-05 0.92596 9.9973E-05
0.0366844 9.9982E-05 0.0455204 0.917595 9.9982E-05
0.0297857 9.9991E-05 0.070763 0.898219 0.0011321
9.997E-05 9.997E-05 9.997E-05 9.997E-05 0.9996
0.0795775 0.0506883 9.9982E-05 9.9982E-05 0.869534
0.0823623 0.085933 9.9991E-05 0.0223561 0.809249
0.104843 0.0120223 0.00858174 9.9991E-05 0.874453
9.9982E-05 0.00635064 9.9982E-05 0.0256451 0.967804
9.9973E-05 9.9973E-05 0.0318937 9.9973E-05 0.967806
0.127682 9.9973E-05 9.9973E-05 9.9973E-05 0.872018
9.9973E-05 0.0155929 9.9973E-05 9.9973E-05 0.984107
0.0337819 0.190389 0.073548 9.9991E-05 0.702181
0.131698 0.0806744 0.174077 0.0171269 0.596423
0.0135672 0.206861 0.046815 9.9991E-05 0.732657
0.0715843 0.117093 0.127956 0.0011069 0.68226
0.0702651 0.12932 0.130581 0.0287021 0.641131
0.0173467 0.228658 0.169044 9.9991E-05 0.584851
0.0263553 0.146776 0.222774 0.0169143 0.587181
9.9991E-05 0.263598 0.159253 0.0645329 0.512516
0.186075 0.104402 0.173861 0.00721484 0.528448
0.792763 0.0497252 0.128504 0.00119113 0.0278172
0.725653 0.0396244 0.234522 9.9982E-05 9.9982E-05
0.71669 0.0721433 0.169492 0.0245454 0.0171295
0.682337 0.116291 0.163397 0.00835952 0.0296151
0.796871 9.9991E-05 0.149032 0.0205263 0.0334713
0.85568 0.00490697 0.0986417 0.0145544 0.0262169
0.676453 0.157401 0.108188 0.0501928 0.00776544
0.828186 9.9982E-05 0.148235 9.9982E-05 0.0233791
0.78156 0.075421 0.0720653 0.0583852 0.0125687
0.860466 9.9973E-05 0.139234 9.9973E-05 9.9973E-05
0.860855 9.9973E-05 0.138845 9.9973E-05 9.9973E-05
0.919891 9.9982E-05 0.0331604 0.0467488 9.9982E-05
0.80778 0.0515089 0.130955 9.9991E-05 0.00965629
0.885313 9.9973E-05 0.114387 9.9973E-05 9.9973E-05
0.852139 0.0204005 0.0844101 9.9991E-05 0.04295
0.858139 9.9973E-05 0.141561 9.9973E-05 9.9973E-05
0.800545 9.9991E-05 0.119049 0.0710285 0.00927732
0.750944 0.0423168 0.166353 0.0316018 0.00878445
0.711554 0.0894286 0.125965 0.0287225 0.0443298
0.789688 0.0233691 0.133733 0.0454353 0.00777433
0.190889 0.0789968 0.661088 9.9991E-05 0.0689256
9.9991E-05 0.0137791 0.908085 0.0519769 0.0260584
0.0620614 0.0682644 0.754535 0.0302886 0.0848509
0.124332 0.0303722 0.801809 0.0264116 0.0170752
0.076189 0.029388 0.894223 9.9982E-05 9.9982E-05
0.0662354 0.0500892 0.805945 0.0639118 0.013819
0.0315604 0.029658 0.903792 0.0348892 9.9991E-05
0.0148836 0.0104337 0.901215 0.0056846 0.067783
0.0286144 0.137302 0.729538 0.104445 9.9991E-05
0.108421 0.02968 0.745862 0.0371352 0.0789023
0.0571458 0.0414276 0.831234 0.0166018 0.0535911
0.0173324 9.9991E-05 0.83652 0.0394566 0.106591
9.9991E-05 0.0453261 0.815432 0.0504521 0.0886895
0.0808434 9.9982E-05 0.913383 0.00557355 9.9982E-05
0.156516 9.9991E-05 0.789555 0.0262138 0.0276156
0.0536349 0.0341717 0.826717 0.0184647 0.0670112
0.00871895 0.193398 0.679778 0.0243777 0.0937271
0.282825 0.0523847 0.559557 9.9991E-05 0.105134
0.200708 0.0179338 0.700142 0.0283288 0.0528879
0.460054 9.9982E-05 0.470934 0.0688113 9.9982E-05
0.0324867 0.0176112 0.92703 0.0227721 9.9991E-05
0.158971 0.0440558 0.71423 0.0658352 0.016908
0.166129 0.0285923 0.80397 9.9991E-05 0.00120854
0.132772 0.0198371 0.732438 0.0657908 0.0491622
0.0719129 0.0519024 0.743321 0.0684022 0.0644611
0.0764605 9.9982E-05 0.886494 0.0368455 9.9982E-05
0.279158 0.193539 0.467151 0.0462721 0.0138804
0.232996 0.578876 0.168927 0.0191011 9.9991E-05
0.0979958 0.250263 0.597877 0.0206922 0.0331716
0.160154 0.119038 0.699453 0.021255 9.9991E-05
0.203387 0.118204 0.678209 9.9982E-05 9.9982E-05
0.14781 0.0624629 0.76281 0.00888501 0.0180321
0.0714363 9.9991E-05 0.88427 0.0063483 0.037845
0.142749 0.0360901 0.727973 0.037159 0.0560297
0.0996199 0.0739244 0.810324 9.9991E-05 0.0160312
9.9991E-05 0.253177 0.603181 0.0455556 0.0979868
0.0707223 0.0738976 0.630946 0.0810234 0.14341
9.9991E-05 0.17792 0.734277 0.0309419 0.056761
0.00597375 0.157128 0.696286 0.0897097 0.0509021
0.114324 0.149603 0.687069 0.0489039 9.9991E-05
0.15333 9.9991E-05 0.785295 0.0316615 0.0296142
0.0651672 9.9991E-05 0.809899 0.0397899 0.0850443
0.113549 9.9982E-05 0.847081 0.0391704 9.9982E-05
0.0122094 0.0887445 0.795508 0.0191179 0.0844201
0.0768816 0.131702 0.741234 0.0170134 0.0331693
0.0655822 0.0380605 0.862055 0.0223663 0.0119359
9.9982E-05 0.0466122 0.905219 0.0479687 9.9982E-05
0.00330934 0.103962 0.777394 0.0656827 0.0496516
0.0903871 9.9991E-05 0.842774 0.0119675 0.054771
0.0670354 0.0674438 0.726192 0.0957264 0.0436023
0.158856 0.0511526 0.780654 0.00923744 9.9991E-05
0.024627 0.130425 0.771247 0.0415971 0.0321037
0.0890833 0.0127296 0.726091 9.9991E-05 0.171996
0.102865 9.9973E-05 0.896836 9.9973E-05 9.9973E-05
9.9973E-05 0.0188193 0.980881 9.9973E-05 9.9973E-05
0.106207 9.9991E-05 0.875657 0.0159069 0.00212936
0.0674284 0.138525 0.743548 0.0503983 9.9991E-05
9.9991E-05 0.167447 0.722724 0.0262715 0.0834579
0.0407971 0.0856222 0.741029 0.0583866 0.0741648
0.0879875 0.0315014 0.818093 0.0623183 9.9991E-05
0.130776 9.9991E-05 0.82522 0.0131766 0.0307278
0.0758161 0.0931549 0.801506 0.0294231 9.9991E-05
0.0772313 0.0913086 0.702748 0.0948119 0.0338999
9.9991E-05 0.246307 0.519977 0.034983 0.198633
9.9982E-05 0.253817 0.551686 9.9982E-05 0.194297
9.9991E-05 0.216414 0.48694 0.029827 0.266719
9.9991E-05 0.258877 0.487241 0.07664 0.177142
9.9991E-05 0.234829 0.535902 0.0422468 0.186923
9.9991E-05 0.236949 0.451812 0.017168 0.293971
0.0118895 0.233265 0.447588 0.0417908 0.265467
0.0249225 0.180788 0.488217 0.0886117 0.21746
0.154023 0.209766 0.409139 0.0270107 0.200061
0.0152697 0.260885 0.50625 0.0254652 0.19213
0.0651 0.172311 0.528482 9.9991E-05 0.234007
0.0409609 0.87646 0.0656132 0.0125597 0.00440595
0.0918277 0.763466 0.065657 0.0285713 0.0504782
0.0128742 0.819176 0.0408411 0.0664454 0.0606629
0.203859 0.684656 9.9991E-05 0.0682594 0.0431256
0.152364 0.77668 0.0419363 0.0215434 0.00747581
0.0900539 0.781311 0.0511519 0.0320394 0.0454434
0.116965 0.787516 9.9991E-05 0.0129124 0.0825063
0.0908182 0.750461 0.0878615 9.9991E-05 0.0707594
0.0676643 0.743393 0.0321302 0.0932383 0.0635743
0.209697 0.668758 0.0606694 9.9991E-05 0.0607757
0.171945 0.7025 9.9991E-05 0.046361 0.0790937
0.154885 0.772345 0.0133984 0.0524319 0.00693942
0.0714088 0.818137 0.0529664 0.0298621 0.0276255
0.0351294 0.843863 0.101519 0.0193882 9.9991E-05
9.9991E-05 0.826984 0.0660224 0.101847 0.00504736
0.0147003 0.879031 9.9991E-05 0.0954671 0.0107019
0.17563 0.77046 0.0407962 0.0130141 9.9991E-05
0.0414613 0.82262 0.0453455 0.0904733 9.9991E-05
0.115234 0.802725 9.9991E-05 0.0442796 0.0376613
0.0924216 0.811631 0.0221538 0.034638 0.0391557
9.9991E-05 0.89108 0.0123897 0.058396 0.0380345
0.0980273 0.75215 0.0759367 0.0284666 0.0454193
9.9982E-05 0.913049 0.0528062 0.0339446 9.9982E-05
0.0568672 0.835573 0.0204907 0.0494767 0.0375922
9.9982E-05 0.928666 9.9982E-05 0.0521027 0.0190313
0.0218745 0.834863 0.0418638 0.0310864 0.0703127
0.0565812 0.839672 0.010271 0.0371958 0.0562795
9.9982E-05 0.873215 0.023685 0.1029 9.9982E-05
0.0422477 0.814374 0.0475082 0.0613051 0.0345654
0.145775 0.833961 9.9982E-05 9.9982E-05 0.0200645
0.164195 0.835506 9.9973E-05 9.9973E-05 9.9973E-05
0.127901 0.787934 9.9991E-05 0.0541197 0.0299454
0.121951 0.745196 0.0103444 0.0378012 0.0847068
0.00444255 0.851516 0.0374079 0.00411634 0.102517
0.0136102 0.869685 0.0162155 0.0506994 0.0497897
0.70148 0.206519 9.9982E-05 9.9982E-05 0.0918008
0.655533 0.167591 9.9991E-05 0.0381927 0.138583
0.651618 0.169734 9.9991E-05 0.0538965 0.124652
0.658157 0.172078 9.9991E-05 0.0885137 0.0811509
0.710137 0.0823806 9.9991E-05 0.103074 0.104309
0.779564 0.0398186 9.9991E-05 0.0034269 0.17709
0.815085 0.0556671 9.9982E-05 9.9982E-05 0.129048
0.60667 0.0925816 9.9991E-05 0.0786186 0.22203
