0.9998 9.999E-05 9.999E-05
0.783563 0.0977456 0.118692
0.877872 9.9991E-05 0.122028
0.882207 0.00252707 0.115266
0.851518 0.0416805 0.106801
0.94466 9.9991E-05 0.0552404
0.966057 9.9991E-05 0.0338431
0.918575 0.0480166 0.0334084
0.832357 9.9991E-05 0.167543
0.921279 0.0108167 0.0679041
0.831512 0.0735992 0.0948886
0.813647 0.0496431 0.13671
0.853489 0.0952353 0.0512756
0.769906 0.0470448 0.18305
0.890729 0.0368865 0.0723841
0.959259 9.9991E-05 0.0406405
0.9998 9.999E-05 9.999E-05
0.9998 9.999E-05 9.999E-05
0.9998 9.999E-05 9.999E-05
0.997639 0.00226077 9.9991E-05
0.0951895 0.184781 0.720029
0.0252887 0.352623 0.622088
0.0733808 0.298797 0.627822
0.0503196 0.287601 0.662079
0.0538337 0.259995 0.686172
0.0590629 0.319056 0.621881
0.000627395 0.31045 0.688922
0.073732 0.144743 0.781525
9.9991E-05 0.348391 0.651509
0.0422543 0.350479 0.607267
9.9991E-05 0.292681 0.707219
0.0170007 0.298941 0.684058
0.0838588 0.201956 0.714185
9.9991E-05 0.358214 0.641686
0.0583076 0.427077 0.514615
0.0729063 0.37605 0.551043
0.0142623 0.43719 0.548548
0.0332575 0.381687 0.585056
0.0183465 0.444107 0.537547
0.0634703 0.376824 0.559706
0.0689516 0.343083 0.587966
0.0729938 0.349627 0.577379
0.0220084 0.371063 0.606929
0.106007 0.271325 0.622668
0.058714 0.361797 0.579489
0.0828647 0.282583 0.634552
0.02197 0.399187 0.578843
0.0478749 0.321752 0.630373
0.0812296 0.323798 0.594972
0.0534765 0.295866 0.650658
0.0533624 0.308378 0.63826
0.0185144 0.313655 0.667831
0.0492485 0.415761 0.53499
0.141507 0.372377 0.486116
0.0711853 0.334221 0.594594
0.0529406 0.37027 0.57679
0.114214 0.281871 0.603915
0.0601746 0.752849 0.186976
0.0757955 0.924105 9.9991E-05
0.0532641 0.816376 0.13036
0.0609325 0.88006 0.0590074
9.9991E-05 0.948731 0.0511693
0.0156539 0.888704 0.0956425
0.0351561 0.945498 0.0193454
9.9991E-05 0.97244 0.02746
0.148839 0.747912 0.103249
0.0713185 0.81785 0.110831
0.0672532 0.907457 0.0252901
0.0103035 0.947458 0.0422385
0.0494266 0.882649 0.0679243
0.0284861 0.956276 0.0152381
0.0125281 0.923102 0.0643702
0.0322806 0.926881 0.0408379
0.047127 0.762219 0.190654
0.0056971 0.718068 0.276235
0.0880154 0.761819 0.150166
0.119699 0.675212 0.205089
0.0203013 0.979599 9.9991E-05
0.0812193 0.6965 0.222281
9.9991E-05 0.919859 0.0800408
0.0453788 0.821752 0.132869
0.0427683 0.872198 0.0850339
0.121239 0.878661 9.9991E-05
0.0505031 0.502928 0.446569
0.0211461 0.223526 0.755328
0.0350572 0.585548 0.379395
0.0516796 0.814741 0.13358
0.0133608 0.744715 0.241924
0.0272127 0.80905 0.163738
0.0308011 0.969099 9.9991E-05
0.0358496 0.854786 0.109365
9.9991E-05 0.865 0.1349
0.103316 0.666986 0.229697
0.113608 0.698513 0.187879
0.0434893 0.796693 0.159818
0.127357 0.725179 0.147464
0.0715704 0.701317 0.227113
0.0982147 0.810307 0.0914781
0.0340472 0.90637 0.0595829
0.0596413 0.87833 0.0620283
0.0513653 0.794687 0.153947
0.0503086 0.806362 0.14333
0.0289837 0.895554 0.0754619
0.0204682 0.979432 9.9991E-05
0.0922719 0.766482 0.141246
0.0556878 0.88313 0.0611819
0.105629 0.766996 0.127375
0.0541441 0.84349 0.102366
0.0730455 0.863988 0.0629666
0.0668825 0.793185 0.139933
9.999E-05 0.9998 9.999E-05
0.000617401 0.999283 9.9991E-05
9.999E-05 0.9998 9.999E-05
0.0748624 0.8577 0.0674375
0.0651734 0.78495 0.149876
0.0712972 0.815573 0.11313
0.0930718 0.906828 9.9991E-05
0.0208813 0.878305 0.100813
0.0723156 0.927584 9.9991E-05
0.0881547 0.78667 0.125176
0.0490886 0.677035 0.273876
9.9991E-05 0.691545 0.308355
0.0177066 0.696883 0.285411
0.0738683 0.619851 0.30628
0.0254304 0.623157 0.351412
0.0110299 0.577627 0.411343
0.0626867 0.524826 0.412488
0.07274 0.647048 0.280212
0.0209852 0.551251 0.427764
0.0367614 0.646762 0.316477
0.0257922 0.67891 0.295298
0.056165 0.0204424 0.923393
0.0424196 9.9991E-05 0.95748
0.0654118 0.0144142 0.920174
0.087696 9.9991E-05 0.912204
0.0799214 0.0267583 0.89332
0.0692689 0.0258214 0.90491
0.0384918 9.9991E-05 0.961408
9.9991E-05 0.0305034 0.969397
0.0738931 0.173984 0.752123
0.0226523 0.0394299 0.937918
0.0611209 9.9991E-05 0.938779
0.086669 9.9991E-05 0.913231
0.078173 0.0789037 0.842923
0.0417376 0.203445 0.754817
0.0971288 0.126804 0.776067
0.121405 0.0311291 0.847466
0.00300095 0.0327043 0.964295
0.0601113 0.0416997 0.898189
0.0527726 9.9991E-05 0.947127
0.0718936 0.0339414 0.894165
0.105851 0.1211 0.773049
0.0397791 0.0702705 0.88995
0.0498824 0.0508701 0.899247
0.0861553 0.010844 0.903001
0.0868664 0.0463125 0.866821
0.0791585 0.0408354 0.880006
0.0895643 0.0236231 0.886813
0.0912307 0.0668055 0.841964
0.111503 0.0496637 0.838834
9.9991E-05 0.0146147 0.985285
9.999E-05 9.999E-05 0.9998
0.0958011 0.0340357 0.870163
0.013892 0.0459653 0.940143
0.0419607 0.0228182 0.935221
0.0916465 9.9991E-05 0.908253
0.0855511 0.223166 0.691283
0.117871 0.238635 0.643493
0.123224 0.292239 0.584536
0.120885 0.265029 0.614086
0.14426 0.2897 0.56604
9.9991E-05 0.279054 0.720846
0.0683267 0.26408 0.667593
0.168229 0.217703 0.614068
