9.9982E-05 9.9982E-05 0.0498142 0.0093223 0.940664
0.131107 0.039104 9.9991E-05 0.0313253 0.798364
0.077185 9.9991E-05 0.00835213 0.0754242 0.838939
0.127107 9.9982E-05 9.9982E-05 0.000608253 0.872085
0.11812 0.00344775 9.9991E-05 0.0324249 0.845907
0.0967105 9.9973E-05 9.9973E-05 9.9973E-05 0.90299
0.079755 9.9973E-05 9.9973E-05 9.9973E-05 0.919945
0.0851293 0.00546773 0.0246051 0.0269289 0.857869
0.121321 0.00353247 9.9991E-05 0.0388384 0.836208
0.0722983 0.00520697 9.9991E-05 0.0604552 0.86194
0.121951 0.00101852 0.00375669 0.0292527 0.844021
0.138277 9.9973E-05 9.9973E-05 9.9973E-05 0.861423
0.091707 0.0490626 0.0212235 0.0279414 0.810066
0.180239 9.9982E-05 9.9982E-05 0.0327242 0.786837
0.104088 9.9982E-05 9.9982E-05 0.0411931 0.854519
0.0722668 9.9982E-05 9.9982E-05 0.00490146 0.922632
9.9973E-05 0.0494954 9.9973E-05 9.9973E-05 0.950205
9.9973E-05 9.9973E-05 0.0932951 9.9973E-05 0.906405
9.9982E-05 0.0343871 0.0516594 9.9982E-05 0.913753
9.9982E-05 0.0927524 0.0027592 9.9982E-05 0.904288
9.997E-05 9.997E-05 9.997E-05 0.9996 9.997E-05
0.017457 9.9982E-05 0.0674003 0.914943 9.9982E-05
0.0621224 9.9991E-05 0.0554659 0.827431 0.0548804
9.9982E-05 9.9982E-05 0.0964344 0.869443 0.0339231
9.9982E-05 0.0015079 9.9982E-05 0.990684 0.00760863
9.997E-05 9.997E-05 9.997E-05 0.9996 9.997E-05
9.9973E-05 9.9973E-05 0.138615 0.861085 9.9973E-05
0.0122438 9.9973E-05 9.9973E-05 0.987456 9.9973E-05
0.166054 0.0704057 0.0397499 0.72369 9.9991E-05
0.1278 0.110363 0.130459 0.609252 0.0221263
0.253341 0.0525274 9.9982E-05 0.693932 9.9982E-05
0.0957767 0.109647 0.0894469 0.692447 0.0126821
0.125814 0.081527 0.113916 0.657382 0.0213608
0.184249 0.176839 0.0604766 0.5676 0.0108356
0.173694 0.217166 9.9991E-05 0.578446 0.0305939
0.249436 0.149033 0.00345251 0.52473 0.0733489
0.127218 0.158484 0.12847 0.558835 0.026993
0.0483681 0.112613 0.796819 0.0295296 0.0126707
0.0191478 0.208756 0.753288 0.0187087 9.9991E-05
0.0614257 0.103341 0.784912 0.0335022 0.0168189
0.116338 0.140056 0.72226 0.0212467 9.9991E-05
0.0184631 0.131583 0.793946 0.0395272 0.0164812
9.9982E-05 0.130061 0.84797 0.0217697 9.9982E-05
0.149386 0.0869564 0.682804 0.0222505 0.0586037
0.00252609 0.14929 0.804151 0.0439326 9.9991E-05
0.063983 0.047909 0.817595 0.0201688 0.0503439
9.9973E-05 0.126062 0.873638 9.9973E-05 9.9973E-05
0.0311767 0.122255 0.846368 9.9982E-05 9.9982E-05
9.9982E-05 0.0309071 0.93148 9.9982E-05 0.0374132
0.0687079 0.0906412 0.805877 0.034674 9.9991E-05
0.030961 0.119675 0.849164 9.9982E-05 9.9982E-05
0.0128463 0.0640662 0.883603 0.0351376 0.00434667
9.9973E-05 0.142879 0.856821 9.9973E-05 9.9973E-05
9.9991E-05 0.0943118 0.820221 0.0369021 0.0484655
0.0730428 0.147392 0.745205 0.0097072 0.024653
0.130308 0.0961823 0.732774 0.0271776 0.0135575
9.9991E-05 0.117523 0.802076 0.0171557 0.0631453
0.12536 0.6591 0.156355 0.036231 0.0229543
0.0347888 0.896786 0.012014 9.9991E-05 0.0563116
0.105133 0.744663 0.0154147 0.0800132 0.0547755
0.00517028 0.771375 0.163844 0.0257064 0.0339041
0.00405494 0.856595 0.119465 0.0197846 9.9991E-05
0.0402091 0.765014 0.112484 0.043794 0.038498
0.0110913 0.890753 0.0225905 0.0239788 0.0515866
9.9982E-05 0.890573 0.0845418 0.0246854 9.9982E-05
0.0880789 0.723309 0.0806678 9.9991E-05 0.107844
0.0700591 0.712051 0.0780551 0.0834217 0.0564135
0.087358 0.806436 0.0692642 0.0199059 0.0170358
0.0253285 0.819273 0.0691741 0.0861243 9.9991E-05
0.0977017 0.806163 9.9991E-05 0.0477217 0.048314
9.9982E-05 0.855785 0.121514 9.9982E-05 0.0225007
9.9991E-05 0.785841 0.164524 0.0343154 0.01522
0.0113835 0.770197 0.0796034 0.102704 0.0361126
0.159447 0.676739 0.0473113 0.0907584 0.0257447
9.9982E-05 0.536723 0.336241 0.126836 9.9982E-05
0.0126321 0.633229 0.264502 0.0335522 0.0560843
9.9982E-05 0.458406 0.471444 9.9982E-05 0.0699499
0.0101458 0.903371 0.0576917 9.9991E-05 0.0286916
0.0992491 0.661959 0.152684 0.052577 0.0335316
0.0870875 0.789612 0.0980029 0.025198 9.9991E-05
9.9991E-05 0.710769 0.143902 0.071932 0.0732972
0.0835397 0.714276 0.0688393 0.0715932 0.061752
0.00454476 0.831438 0.1095 9.9991E-05 0.0544172
0.204514 0.459197 0.295922 0.00397081 0.0363965
0.611927 0.16152 0.226354 9.9982E-05 9.9982E-05
0.223369 0.565043 0.115058 0.0865319 0.00999831
0.110038 0.674667 0.15745 0.0185362 0.0393089
0.101352 0.649701 0.22124 0.018497 0.00921075
0.0752818 0.734511 0.157022 0.0108919 0.0222932
0.0267158 0.851021 0.0820887 9.9991E-05 0.0400743
0.0131896 0.735804 0.157239 0.0492973 0.0444702
0.100464 0.780323 0.114383 0.00452681 0.000304009
0.239969 0.640712 9.9991E-05 0.0892787 0.0299403
0.177187 0.643409 0.0145688 0.0964437 0.0683909
0.18717 0.730638 9.9991E-05 0.050114 0.0319783
0.134126 0.675265 0.00592853 0.097957 0.0867233
0.142074 0.672635 0.128921 9.9991E-05 0.0562699
0.00123055 0.798069 0.139463 9.9991E-05 0.0611376
9.9991E-05 0.782206 0.108375 0.101629 0.0076891
9.9982E-05 0.814936 0.161884 9.9982E-05 0.0229805
0.0577945 0.731879 0.0731672 0.0984967 0.038663
0.157164 0.755486 0.0217671 0.0208358 0.0447478
9.9982E-05 0.812354 0.127526 0.0599195 9.9982E-05
0.0523338 0.918558 9.9982E-05 9.9982E-05 0.028908
0.139934 0.731868 9.9991E-05 0.0662805 0.0618178
0.0338719 0.811226 0.134528 9.9991E-05 0.0202742
0.10347 0.714998 0.0613503 0.0213293 0.0988521
0.0530646 0.754164 0.188934 9.9991E-05 0.00373763
0.139278 0.77631 0.0434841 0.0125224 0.028406
0.0161377 0.741195 0.0856393 0.148799 0.00822852
0.0131371 0.875821 0.110842 9.9982E-05 9.9982E-05
0.0471633 0.93203 9.9982E-05 9.9982E-05 0.020607
9.9982E-05 0.849046 0.120134 0.0306198 9.9982E-05
0.157394 0.780712 0.0487733 0.0130208 9.9991E-05
0.17923 0.692845 9.9991E-05 0.0665158 0.0613091
0.117558 0.715284 0.0561215 0.0526602 0.0583762
9.9982E-05 0.822712 0.148947 9.9982E-05 0.0281411
9.9991E-05 0.803415 0.157741 0.0325217 0.00622236
0.13371 0.771805 0.0491992 0.00862458 0.0366619
0.127339 0.71913 0.059144 9.9991E-05 0.0942869
0.226964 0.534096 9.9991E-05 0.186094 0.0527461
0.2287 0.532927 0.0255131 0.212761 9.9991E-05
0.200783 0.472377 0.0253743 0.258291 0.0431748
0.25236 0.481734 9.9991E-05 0.209582 0.0562236
0.278414 0.518647 9.9991E-05 0.133601 0.0692383
0.240676 0.470644 0.0157649 0.264415 0.0085011
0.22398 0.475188 9.9991E-05 0.241577 0.0591548
0.18067 0.501957 9.9991E-05 0.234554 0.0827187
0.211464 0.465164 0.142036 0.166544 0.0147916
0.322169 0.485479 9.9991E-05 0.162087 0.0301654
0.141024 0.4792 0.101415 0.276815 0.00154639
0.79885 0.0706431 0.0486908 0.0638979 0.0179182
0.792427 0.0556077 0.0587012 0.0823359 0.0109279
0.799361 0.032375 0.0540515 0.0592034 0.0550093
0.723152 9.9991E-05 0.194349 0.0284323 0.0539664
0.732663 0.00310618 0.212267 0.0251149 0.026849
0.738911 0.0682248 0.0892615 0.0566358 0.0469669
0.76336 9.9991E-05 0.172678 0.0622448 0.00161686
0.779085 0.069816 0.0837967 0.0672026 9.9991E-05
0.712159 0.0533865 0.0633602 0.0881379 0.0829567
0.679287 0.0485292 0.237867 0.0342167 9.9991E-05
0.69018 0.052981 0.115101 0.101368 0.0403705
0.744829 0.00163816 0.180113 0.00494461 0.0684752
0.818736 0.0357485 0.0789773 0.0286677 0.0378705
0.839957 0.0723492 0.0572816 9.9991E-05 0.0303125
0.818871 0.0431162 9.9991E-05 0.0303438 0.107569
0.89399 0.00161637 0.0190919 9.9991E-05 0.0852014
0.840478 0.0171493 0.131652 0.0106207 9.9991E-05
0.806859 0.0613526 0.0285335 9.9991E-05 0.103155
0.853869 9.9982E-05 0.100778 9.9982E-05 0.0451529
0.847559 0.0352136 0.0461404 0.0073393 0.0637481
0.901858 0.029047 9.9982E-05 9.9982E-05 0.0688951
0.811659 0.0953166 0.0597991 0.0224578 0.0107674
0.905581 0.0248839 9.99893E-05 9.99893E-05 0.0693349
0.820862 9.9991E-05 0.123007 0.0294921 0.0265395
0.867031 9.9982E-05 9.9982E-05 0.0495756 0.0831932
0.844808 9.9982E-05 9.9982E-05 0.111073 0.0439184
0.842371 9.9991E-05 0.0497768 0.0769123 0.0308403
0.871614 0.0411085 9.9982E-05 9.9982E-05 0.0870772
0.812715 0.0269443 0.0312896 0.0561399 0.072911
0.882188 0.0118316 0.0608718 0.0450088 9.9991E-05
0.826656 0.0220674 0.135349 0.0158273 9.9991E-05
0.777808 9.9991E-05 0.117574 0.0530735 0.0514442
0.786508 0.0092465 0.112028 0.0861162 0.00610104
0.84203 0.042631 9.9991E-05 0.0826263 0.0326125
0.816551 0.014155 0.067847 0.0454131 0.0560338
0.18009 9.9991E-05 0.703376 0.104139 0.0122945
0.151866 9.9991E-05 0.65806 0.14142 0.0485546
0.157763 9.9991E-05 0.64162 0.103275 0.0972423
0.165615 9.9991E-05 0.619845 0.117417 0.0970234
0.0790735 9.9991E-05 0.69949 0.121179 0.100157
0.0493023 9.9991E-05 0.794038 0.152272 0.00428793
0.0829409 9.9982E-05 0.809606 0.107254 9.9982E-05
0.0909999 9.9991E-05 0.581366 0.232712 0.0948218
