9.9973E-05 9.9973E-05 0.068016 9.9973E-05 0.931684
0.0557055 0.0162236 0.0379956 0.0993499 0.790725
9.999E-05 0.0909881 0.00804739 0.0691834 0.831681
9.9982E-05 0.0217709 9.9982E-05 0.121495 0.856534
9.9982E-05 0.028438 9.9982E-05 0.117453 0.853909
9.9982E-05 9.9982E-05 0.00201576 0.122799 0.874985
9.9991E-05 0.0197073 0.0105028 0.0640052 0.905685
0.0161365 9.9991E-05 0.0217306 0.1326 0.829433
0.0352887 0.0135348 9.9991E-05 0.139762 0.811314
0.0147748 0.0582283 9.9991E-05 0.0753164 0.85158
0.00959734 0.0431032 9.9991E-05 0.147545 0.799655
9.999E-05 0.00849662 0.0293919 0.105183 0.856828
0.0612794 9.9991E-05 0.0384571 0.120226 0.779937
0.0260042 0.0598329 9.9991E-05 0.125987 0.788075
9.9982E-05 0.0406678 9.9982E-05 0.123685 0.835448
0.0195901 0.00691849 0.0544057 0.0514209 0.867665
0.014725 9.9982E-05 0.0455274 9.9982E-05 0.939548
9.9973E-05 9.9973E-05 0.0909589 9.9973E-05 0.908741
0.00872056 9.9982E-05 0.0705215 9.9982E-05 0.920558
0.0471684 0.0055517 0.0568801 9.9991E-05 0.8903
9.997E-05 0.9996 9.997E-05 9.997E-05 9.997E-05
9.9982E-05 0.91977 0.0641474 0.0158825 9.9982E-05
0.00471569 0.837968 0.0880542 0.0371736 0.0320885
0.0144238 0.870595 0.114781 9.9982E-05 9.9982E-05
0.00818398 0.971236 9.9982E-05 9.9982E-05 0.0203802
0.00409357 0.995607 9.9973E-05 9.9973E-05 9.9973E-05
0.0156953 0.851875 0.0963169 0.0360125 9.9991E-05
9.997E-05 0.9996 9.997E-05 9.997E-05 9.997E-05
0.0817308 0.766914 9.9991E-05 0.145524 0.00573168
0.122452 0.620386 0.173221 0.0364636 0.0474773
0.0658121 0.744594 9.9982E-05 0.189394 9.9982E-05
0.0981313 0.692586 0.117372 0.0859954 0.00591482
0.072943 0.705599 0.111268 0.0754401 0.0347503
0.198656 0.590735 0.0377934 0.172715 9.9991E-05
0.246947 0.644222 9.9991E-05 0.104629 0.00410178
0.165166 0.587435 0.0269221 0.169792 0.050684
0.150384 0.564118 0.173818 0.105583 0.00609707
0.0869741 0.0250102 0.803256 0.06839 0.0163699
0.178528 0.00551117 0.774344 0.0297704 0.0118465
0.126841 0.0214342 0.753199 0.0902095 0.00831677
0.110358 0.0535563 0.745173 0.0908136 9.9991E-05
0.121665 0.0292316 0.765642 0.0747305 0.00873074
0.0770931 0.00221539 0.839903 0.0485573 0.0322316
0.0535184 9.9991E-05 0.693993 0.194715 0.0576735
0.0988824 0.0685974 0.820028 0.0123924 9.9991E-05
9.9991E-05 0.0150044 0.841079 0.0851412 0.0586759
0.116245 9.9982E-05 0.860053 0.023502 9.9982E-05
0.115792 9.9982E-05 0.828215 0.0557936 9.9982E-05
9.9982E-05 9.9982E-05 0.944676 0.0304432 0.0246812
0.103117 0.00142987 0.765201 0.130152 9.9991E-05
0.0643367 0.000881483 0.864109 0.0577659 0.0129069
0.0657173 9.9991E-05 0.882413 0.0438882 0.00788201
0.140382 9.9982E-05 0.820716 0.0387018 9.9982E-05
0.0904987 0.0349776 0.832682 0.000626656 0.0412148
0.129024 9.9991E-05 0.724384 0.111395 0.0350966
0.0818757 0.0663577 0.675119 0.124123 0.0525249
0.0621555 0.0340849 0.796177 0.043146 0.0644364
0.605805 0.0790571 0.186117 0.101668 0.0273532
0.901256 0.00198835 9.9991E-05 0.018347 0.0783089
0.725686 0.0313965 0.0833234 0.104476 0.0551176
0.763062 0.0135016 0.154146 9.9991E-05 0.06919
0.829928 0.0277959 0.0900126 0.0521631 9.9991E-05
0.69063 0.0489404 0.172744 9.9991E-05 0.0875859
0.828772 0.0436367 0.0503865 0.0195869 0.0576181
0.867569 0.0398151 0.0745916 9.9991E-05 0.0179238
0.667791 9.9991E-05 0.144837 0.0854462 0.101826
0.70193 0.0895817 0.14899 9.9991E-05 0.0593985
0.757731 0.0955726 0.075693 0.019195 0.0518088
0.813602 0.115174 0.034152 0.00268149 0.0343905
0.779313 0.0833055 0.0118074 0.0368917 0.088682
0.822189 9.9982E-05 0.127774 9.9982E-05 0.0498374
0.727618 0.0221875 0.217202 9.9991E-05 0.0328918
0.780899 0.0888294 0.0508717 0.00562769 0.0737723
0.698036 0.128718 0.0112024 0.0899857 0.0720584
0.497162 0.10757 0.38968 9.9991E-05 0.0054873
0.590687 0.0396486 0.268286 0.0274611 0.0739174
0.442005 9.9982E-05 0.489584 9.9982E-05 0.068211
0.876967 9.9982E-05 0.0788053 9.9982E-05 0.0440274
0.628213 0.079419 0.161603 0.0528498 0.0779155
0.777948 0.0125184 0.151202 0.0582318 9.9991E-05
0.682567 0.0337429 0.169458 0.0181362 0.0960961
0.693717 0.0812853 0.0906527 0.0590374 0.0753074
0.768604 9.9982E-05 0.154723 9.9982E-05 0.0764724
0.428166 0.0452929 0.293584 0.18111 0.0518474
0.181454 9.9982E-05 0.237229 0.581117 9.9982E-05
0.551108 0.0762563 0.132243 0.190454 0.0499381
0.664377 9.9991E-05 0.187942 0.0741723 0.0734084
0.622801 0.0207653 0.235856 0.0786162 0.0419612
0.717348 0.0204124 0.138422 0.066138 0.0576793
0.865267 0.0193605 0.0302746 0.0306456 0.054452
0.706151 0.0358891 0.171589 0.0318354 0.0545352
0.714772 0.0164184 0.164879 0.0935608 0.0103693
0.631606 0.0790818 9.9991E-05 0.211792 0.0774196
0.601409 0.164241 0.00527162 0.139189 0.0898898
0.759972 0.0577892 9.9991E-05 0.121 0.0611385
0.617859 0.10776 0.0583378 0.106667 0.109376
0.677752 0.0143138 0.116282 0.124557 0.067096
0.717238 0.0154817 0.196089 9.9991E-05 0.0710917
0.752111 0.0863306 0.129964 9.9991E-05 0.0314942
0.768875 9.9982E-05 0.176906 9.9982E-05 0.0540197
0.74892 0.0914738 0.0630547 0.04688 0.0496716
0.747564 0.0135468 0.0660404 0.136473 0.0363758
0.733383 0.0501931 0.183719 9.9991E-05 0.0326049
0.889351 9.9982E-05 9.9982E-05 0.0550235 0.0554251
0.68317 0.0617481 0.0433392 0.0980641 0.113678
0.795418 9.9991E-05 0.13859 0.0150086 0.0508841
0.688695 9.9991E-05 0.109564 0.0966131 0.105028
0.688251 9.9991E-05 0.214791 0.0613521 0.0355064
0.701149 0.0380062 0.0568943 0.129247 0.0747031
0.695346 0.139878 0.132915 9.9991E-05 0.0317611
0.836474 9.9991E-05 0.126438 0.00230021 0.034688
0.910907 9.9982E-05 9.9982E-05 0.0292268 0.059666
0.806824 0.019836 0.17314 9.9982E-05 9.9982E-05
0.758836 0.028825 0.058772 0.115357 0.0382103
0.74859 0.0840233 9.9991E-05 0.104621 0.0626653
0.669802 0.0727428 0.117308 0.0466406 0.0935062
0.737465 9.9991E-05 0.180332 0.0277536 0.0543496
0.759929 0.0245388 0.176241 9.9991E-05 0.0391909
0.775916 9.9991E-05 0.025501 0.135374 0.0631094
0.684757 9.9991E-05 0.130491 0.0886234 0.0960284
0.518019 0.229406 9.9991E-05 0.197829 0.0546458
0.546884 0.249222 0.0374029 0.157048 0.00944231
0.491499 0.300282 0.0273668 0.132155 0.0486969
0.475561 0.249196 9.9991E-05 0.18395 0.0911931
0.497527 0.176515 9.9991E-05 0.245003 0.0808555
0.416133 0.328244 9.9991E-05 0.218657 0.0368654
0.439398 0.277172 0.0335339 0.177126 0.0727704
0.503772 0.282053 0.00259992 0.128747 0.0828285
0.415366 0.233657 0.113726 0.192885 0.0443659
0.49259 0.233026 0.0359973 0.220726 0.0176605
0.474494 0.308221 0.118464 0.0883804 0.0104415
0.0595542 0.157124 0.057919 0.723218 0.00218481
0.102082 0.128127 0.0294177 0.72566 0.0147138
0.0680874 0.139055 0.0349786 0.706256 0.051623
9.9991E-05 0.106846 0.19089 0.639868 0.0622964
0.0499425 0.0612461 0.197626 0.66032 0.0308658
0.0641246 0.143678 0.0420897 0.689418 0.0606898
0.0325018 0.113749 0.100555 0.743414 0.00977955
0.0749376 0.125911 0.0929821 0.706069 9.9991E-05
0.0632117 0.144859 0.0337706 0.690086 0.0680724
0.0372448 0.100929 0.202554 0.625209 0.034063
0.0604779 0.131875 0.137434 0.634194 0.0360198
0.0429769 0.0965153 0.11748 0.691069 0.0519583
0.0340703 0.0889209 0.0784545 0.775384 0.0231701
0.168494 9.9991E-05 0.0113168 0.782817 0.037272
0.0562431 0.129876 9.9991E-05 0.73358 0.0802009
0.0036925 0.0976891 9.9991E-05 0.81634 0.0821781
0.0533151 0.0869102 0.113092 0.736081 0.0106011
0.0775083 0.0679464 0.0594204 0.718514 0.0766109
9.9991E-05 0.0963552 0.0940037 0.758924 0.0506174
0.0273076 0.0567032 0.064834 0.810878 0.0402777
0.0224949 0.0998695 9.9991E-05 0.810146 0.0673899
0.109028 0.114745 0.0397888 0.723893 0.0125464
0.0584507 0.0746238 0.0113705 0.822775 0.0327804
0.0306428 0.0864059 0.0655599 0.762478 0.0549133
0.0215976 0.150811 9.9991E-05 0.793418 0.0340733
0.0699802 0.145261 9.9991E-05 0.752261 0.0323978
0.0475688 0.105406 9.9991E-05 0.803808 0.0431167
0.06762 0.0178671 9.9991E-05 0.837245 0.0771677
0.084839 0.0949612 0.056813 0.705364 0.058023
0.0335711 0.0989061 0.132808 0.734615 9.9991E-05
0.0183952 0.0719927 0.126191 0.783321 9.9991E-05
9.9991E-05 0.13422 0.136028 0.691152 0.0384988
0.0301602 0.137114 0.107869 0.724757 9.9991E-05
0.0772184 0.147957 0.0109591 0.739917 0.0239489
0.012183 0.125025 0.0313628 0.793416 0.0380134
9.9982E-05 0.12778 0.638629 0.233391 9.9982E-05
9.9991E-05 0.141316 0.577885 0.244493 0.0362056
9.9991E-05 0.122546 0.572615 0.211234 0.0935058
9.9991E-05 0.116829 0.53132 0.250021 0.10173
9.9991E-05 0.130104 0.618614 0.169202 0.0819803
9.9991E-05 0.153083 0.698629 0.140358 0.00783034
9.9982E-05 0.0634015 0.801397 0.135002 9.9982E-05
9.9991E-05 0.231179 0.586551 0.117368 0.0648008
