9.9838E-05 9.9838E-05 9.9838E-05 9.9838E-05 9.9838E-05 9.9838E-05 9.9838E-05 9.9838E-05 9.9838E-05 9.9838E-05 9.9838E-05 9.9838E-05 9.9838E-05 0.998203 9.9838E-05 9.9838E-05 9.9838E-05 9.9838E-05 9.9838E-05
9.9901E-05 9.9901E-05 9.9901E-05 0.0181793 9.9901E-05 0.0635146 0.162519 0.00035877 9.9901E-05 9.9901E-05 9.9901E-05 9.9901E-05 9.9901E-05 0.0475831 0.63109 9.9901E-05 9.9901E-05 0.0277589 0.0478978
9.9919E-05 9.9919E-05 9.9919E-05 0.0137696 0.0330052 0.0695524 0.0069801 0.0154171 0.0189555 9.9919E-05 9.9919E-05 0.0569681 9.9919E-05 0.0368002 0.739633 9.9919E-05 9.9919E-05 0.00801982 9.9919E-05
0.0145145 9.9901E-05 9.9901E-05 0.0301795 9.9901E-05 9.9901E-05 0.0517588 0.0186189 0.0033543 0.0211709 9.9901E-05 9.9901E-05 0.0990909 9.9901E-05 0.760213 9.9901E-05 9.9901E-05 9.9901E-05 9.9901E-05
9.9892E-05 0.0168034 0.00626428 9.9892E-05 9.9892E-05 9.9892E-05 9.9892E-05 0.00382701 9.9892E-05 9.9892E-05 9.9892E-05 9.9892E-05 9.9892E-05 0.0133093 0.742856 9.9892E-05 0.121811 0.0939308 9.9892E-05
0.00263375 9.9883E-05 0.0146217 0.0990825 9.9883E-05 9.9883E-05 9.9883E-05 9.9883E-05 9.9883E-05 9.9883E-05 0.021551 9.9883E-05 9.9883E-05 9.9883E-05 0.83956 9.9883E-05 9.9883E-05 0.021253 9.9883E-05
9.9838E-05 9.9838E-05 9.9838E-05 9.9838E-05 9.9838E-05 9.9838E-05 9.9838E-05 9.9838E-05 9.9838E-05 9.9838E-05 9.9838E-05 9.9838E-05 9.9838E-05 0.998203 9.9838E-05 9.9838E-05 9.9838E-05 9.9838E-05 9.9838E-05
9.9919E-05 9.9919E-05 0.0124033 0.0528112 0.0171178 9.9919E-05 9.9919E-05 9.9919E-05 0.00162924 0.0480315 0.00569082 9.9919E-05 0.0261065 0.0722389 0.715426 0.0476459 9.9919E-05 9.9919E-05 9.9919E-05
0.00865146 9.9928E-05 9.9928E-05 0.105039 0.0168959 9.9928E-05 9.9928E-05 0.00740618 9.9928E-05 0.0244658 0.0105537 0.0183061 9.9928E-05 0.0417349 0.697911 0.025523 9.9928E-05 0.0427136 9.9928E-05
9.9901E-05 9.9901E-05 0.0207533 0.0681672 9.9901E-05 9.9901E-05 9.9901E-05 9.9901E-05 0.00767548 0.0769061 9.9901E-05 0.0189562 9.9901E-05 0.0130103 0.790896 9.9901E-05 9.9901E-05 9.9901E-05 0.00253688
0.00133925 9.991E-05 9.991E-05 0.0614083 9.991E-05 0.166969 9.991E-05 0.0292605 0.011656 0.000732191 9.991E-05 9.991E-05 0.00220813 9.991E-05 0.687354 9.991E-05 9.991E-05 0.0380733 9.991E-05
0.00188422 9.98919E-05 0.00409887 9.98919E-05 0.00511171 9.98919E-05 0.214546 9.98919E-05 9.98919E-05 9.98919E-05 9.98919E-05 9.98919E-05 0.0827441 0.0310724 0.659344 9.98919E-05 9.98919E-05 9.98919E-05 9.98919E-05
9.99011E-05 9.99011E-05 0.00194657 0.0856741 9.99011E-05 9.99011E-05 9.99011E-05 9.99011E-05 9.99011E-05 9.99011E-05 0.0496662 0.00582627 9.99011E-05 0.0189488 0.722843 9.99011E-05 0.0674726 9.99011E-05 0.0465236
9.991E-05 9.991E-05 9.991E-05 0.0456088 9.991E-05 9.991E-05 0.120203 9.991E-05 0.0323923 0.0142218 0.0255659 0.0109665 9.991E-05 0.00802454 0.667874 9.991E-05 9.991E-05 0.074144 9.991E-05
9.9901E-05 0.0587667 9.9901E-05 9.9901E-05 0.0109802 0.0107966 9.9901E-05 0.0166395 9.9901E-05 9.9901E-05 9.9901E-05 9.9901E-05 0.095366 0.00257538 0.793879 9.9901E-05 9.9901E-05 0.00989773 9.9901E-05
9.98651E-05 0.0260244 9.98651E-05 9.98651E-05 9.98651E-05 9.98651E-05 9.98651E-05 9.98651E-05 9.98651E-05 9.98651E-05 0.0127576 9.98651E-05 9.98651E-05 9.98651E-05 0.888568 9.98651E-05 9.98651E-05 0.0711521 9.98651E-05
0.0129279 0.028783 0.0109788 9.9892E-05 9.9892E-05 9.9892E-05 9.9892E-05 9.9892E-05 9.9892E-05 9.9892E-05 0.000439162 9.9892E-05 0.00292305 0.0479304 0.894819 9.9892E-05 9.9892E-05 9.9892E-05 9.9892E-05
0.000451992 9.98741E-05 9.98741E-05 9.98741E-05 9.98741E-05 9.98741E-05 9.98741E-05 9.98741E-05 9.98741E-05 9.98741E-05 9.98741E-05 9.98741E-05 9.98741E-05 0.013654 0.907912 0.0179485 9.98741E-05 9.98741E-05 0.0586353
9.98921E-05 0.0217234 9.98921E-05 9.98921E-05 0.0182021 9.98921E-05 9.98921E-05 9.98921E-05 9.98921E-05 9.98921E-05 0.00510468 9.98921E-05 9.98921E-05 0.0460751 0.863806 9.98921E-05 0.0428398 9.98921E-05 0.00104988
0.0102969 0.0374407 0.00529754 9.9883E-05 9.9883E-05 9.9883E-05 0.0505573 0.0117205 9.9883E-05 9.9883E-05 9.9883E-05 9.9883E-05 9.9883E-05 9.9883E-05 0.883389 9.9883E-05 9.9883E-05 9.9883E-05 9.9883E-05
9.98381E-05 9.98381E-05 9.98381E-05 9.98381E-05 9.98381E-05 9.98381E-05 9.98381E-05 9.98381E-05 0.998203 9.98381E-05 9.98381E-05 9.98381E-05 9.98381E-05 9.98381E-05 9.98381E-05 9.98381E-05 9.98381E-05 9.98381E-05 9.98381E-05
9.9856E-05 9.9856E-05 9.9856E-05 9.9856E-05 9.9856E-05 9.9856E-05 0.258797 9.9856E-05 9.9856E-05 0.000304647 9.9856E-05 0.7393 9.9856E-05 9.9856E-05 9.9856E-05 9.9856E-05 9.9856E-05 9.9856E-05 9.9856E-05
9.9874E-05 9.9874E-05 0.0231101 0.100457 9.9874E-05 0.0447083 9.9874E-05 9.9874E-05 9.9874E-05 9.9874E-05 9.9874E-05 0.826879 9.9874E-05 0.00344748 9.9874E-05 9.9874E-05 9.9874E-05 9.9874E-05 9.9874E-05
0.0291503 0.0118479 0.00115904 0.00762053 9.9883E-05 9.9883E-05 9.9883E-05 0.0138805 9.9883E-05 9.9883E-05 9.9883E-05 0.935043 9.9883E-05 9.9883E-05 9.9883E-05 9.9883E-05 9.9883E-05 9.9883E-05 9.9883E-05
9.98651E-05 9.98651E-05 0.00492305 9.98651E-05 9.98651E-05 0.0211415 9.98651E-05 9.98651E-05 9.98651E-05 9.98651E-05 9.98651E-05 0.951416 0.0210214 9.98651E-05 9.98651E-05 9.98651E-05 9.98651E-05 9.98651E-05 9.98651E-05
0.0353782 9.9856E-05 9.9856E-05 9.9856E-05 9.9856E-05 9.9856E-05 9.9856E-05 9.9856E-05 9.9856E-05 9.9856E-05 9.9856E-05 0.959401 9.9856E-05 0.00362348 9.9856E-05 9.9856E-05 9.9856E-05 9.9856E-05 9.9856E-05
9.9874E-05 9.9874E-05 9.9874E-05 0.0361028 9.9874E-05 9.9874E-05 9.9874E-05 9.9874E-05 0.00422863 9.9874E-05 9.9874E-05 0.865217 9.9874E-05 9.9874E-05 9.9874E-05 0.0751399 9.9874E-05 0.0179135 9.9874E-05
9.9847E-05 9.9847E-05 9.9847E-05 9.9847E-05 9.9847E-05 9.9847E-05 9.9847E-05 9.9847E-05 0.982007 9.9847E-05 9.9847E-05 9.9847E-05 0.0162959 9.9847E-05 9.9847E-05 9.9847E-05 9.9847E-05 9.9847E-05 9.9847E-05
9.98919E-05 9.98919E-05 0.00707787 9.98919E-05 9.98919E-05 0.0585534 9.98919E-05 0.00907549 0.0155308 9.98919E-05 9.98919E-05 0.380606 0.460794 9.98919E-05 9.98919E-05 9.98919E-05 9.98919E-05 0.0671638 9.98919E-05
9.98829E-05 9.98829E-05 9.98829E-05 0.0753273 9.98829E-05 9.98829E-05 9.98829E-05 0.0204211 9.98829E-05 9.98829E-05 0.0288245 0.466606 0.345017 9.98829E-05 9.98829E-05 0.0625059 9.98829E-05 9.98829E-05 9.98829E-05
9.98378E-05 9.98378E-05 9.98378E-05 9.98378E-05 9.98378E-05 9.98378E-05 9.98378E-05 9.98378E-05 9.98378E-05 9.98378E-05 9.98378E-05 9.98378E-05 0.998203 9.98378E-05 9.98378E-05 9.98378E-05 9.98378E-05 9.98378E-05 9.98378E-05
0.0381393 9.98831E-05 9.98831E-05 9.98831E-05 9.98831E-05 9.98831E-05 9.98831E-05 9.98831E-05 0.0309167 9.98831E-05 9.98831E-05 0.760442 9.98831E-05 9.98831E-05 9.98831E-05 9.98831E-05 0.111307 0.000435603 0.0574603
9.98829E-05 9.98829E-05 9.98829E-05 9.98829E-05 9.98829E-05 9.98829E-05 9.98829E-05 9.98829E-05 0.0138644 9.98829E-05 0.0215922 0.133167 0.796506 0.0204985 9.98829E-05 9.98829E-05 9.98829E-05 9.98829E-05 0.0130735
9.98468E-05 9.98468E-05 9.98468E-05 9.98468E-05 9.98468E-05 9.98468E-05 9.98468E-05 9.98468E-05 9.98468E-05 9.98468E-05 0.0120565 9.98468E-05 0.986246 9.98468E-05 9.98468E-05 9.98468E-05 9.98468E-05 9.98468E-05 9.98468E-05
0.00689098 0.0693425 0.025298 9.99279E-05 0.000534927 0.0255376 0.10432 0.00147594 9.99279E-05 9.99279E-05 0.0174567 0.331652 0.409395 9.99279E-05 0.00729622 9.99279E-05 9.99279E-05 9.99279E-05 9.99279E-05
9.98829E-05 9.98829E-05 9.98829E-05 9.98829E-05 0.00790959 9.98829E-05 0.596519 9.98829E-05 0.00943986 0.0141401 9.98829E-05 0.191056 0.179637 9.98829E-05 9.98829E-05 9.98829E-05 9.98829E-05 9.98829E-05 9.98829E-05
0.00370549 0.0463933 9.98919E-05 9.98919E-05 0.0249436 9.98919E-05 9.98919E-05 0.0136584 9.98919E-05 9.98919E-05 9.98919E-05 0.71679 9.98919E-05 9.98919E-05 9.98919E-05 0.148958 9.98919E-05 9.98919E-05 0.044352
9.9892E-05 0.830162 9.9892E-05 0.0161305 9.9892E-05 9.9892E-05 9.9892E-05 0.0249833 0.0181017 0.0647893 9.9892E-05 0.00693842 9.9892E-05 9.9892E-05 9.9892E-05 9.9892E-05 0.037696 9.9892E-05 9.9892E-05
9.98829E-05 0.0428211 0.00105398 9.98829E-05 9.98829E-05 9.98829E-05 0.206333 9.98829E-05 9.98829E-05 9.98829E-05 0.00145482 9.98829E-05 9.98829E-05 9.98829E-05 9.98829E-05 9.98829E-05 0.0648555 9.98829E-05 0.682183
9.98741E-05 0.851198 9.98741E-05 9.98741E-05 0.0200494 9.98741E-05 9.98741E-05 9.98741E-05 9.98741E-05 9.98741E-05 0.00660748 9.98741E-05 0.0976996 9.98741E-05 0.0230475 9.98741E-05 9.98741E-05 9.98741E-05 9.98741E-05
9.9865E-05 0.876624 9.9865E-05 9.9865E-05 9.9865E-05 9.9865E-05 9.9865E-05 9.9865E-05 9.9865E-05 0.05058 0.0020704 9.9865E-05 9.9865E-05 0.0692272 9.9865E-05 9.9865E-05 9.9865E-05 9.9865E-05 9.9865E-05
9.9919E-05 0.806241 0.00120258 0.044086 0.0126327 9.9919E-05 9.9919E-05 0.0261119 0.0160099 9.9919E-05 0.0229878 9.9919E-05 9.9919E-05 0.0327587 9.9919E-05 9.9919E-05 0.01581 0.0212601 9.9919E-05
9.9865E-05 9.9865E-05 9.9865E-05 0.0197339 9.9865E-05 9.9865E-05 9.9865E-05 9.9865E-05 9.9865E-05 9.9865E-05 9.9865E-05 9.9865E-05 9.9865E-05 0.00727946 9.9865E-05 0.060571 9.9865E-05 9.9865E-05 0.910918
9.99369E-05 0.454122 9.99369E-05 0.107347 0.00519574 0.00477341 0.09934 0.000795686 9.99369E-05 0.101279 0.0343118 9.99369E-05 9.99369E-05 0.0216981 9.99369E-05 9.99369E-05 0.0449502 0.0317256 0.093761
9.9865E-05 0.00358234 9.9865E-05 9.9865E-05 9.9865E-05 9.9865E-05 9.9865E-05 0.0513227 9.9865E-05 9.9865E-05 9.9865E-05 9.9865E-05 0.128055 9.9865E-05 9.9865E-05 9.9865E-05 9.9865E-05 9.9865E-05 0.815542
9.991E-05 0.457264 0.00385098 0.0321868 9.991E-05 9.991E-05 9.991E-05 0.0127554 9.991E-05 9.991E-05 9.991E-05 9.991E-05 0.0496383 9.991E-05 0.0259545 9.991E-05 0.0703654 0.0948138 0.252171
9.98471E-05 0.99105 0.00725228 9.98471E-05 9.98471E-05 9.98471E-05 9.98471E-05 9.98471E-05 9.98471E-05 9.98471E-05 9.98471E-05 9.98471E-05 9.98471E-05 9.98471E-05 9.98471E-05 9.98471E-05 9.98471E-05 9.98471E-05 9.98471E-05
9.98471E-05 9.98471E-05 9.98471E-05 9.98471E-05 9.98471E-05 9.98471E-05 9.98471E-05 9.98471E-05 9.98471E-05 0.0335037 9.98471E-05 9.98471E-05 9.98471E-05 9.98471E-05 9.98471E-05 9.98471E-05 9.98471E-05 9.98471E-05 0.964799
0.0176502 0.781184 9.9874E-05 9.9874E-05 9.9874E-05 9.9874E-05 9.9874E-05 9.9874E-05 0.0302197 9.9874E-05 9.9874E-05 9.9874E-05 9.9874E-05 0.0138891 9.9874E-05 9.9874E-05 9.9874E-05 9.9874E-05 0.155659
9.9892E-05 0.64309 9.9892E-05 0.208705 0.0216511 9.9892E-05 9.9892E-05 0.0225218 0.00197789 0.0832901 0.017566 9.9892E-05 9.9892E-05 9.9892E-05 9.9892E-05 9.9892E-05 9.9892E-05 9.9892E-05 9.9892E-05
9.9865E-05 9.9865E-05 9.9865E-05 9.9865E-05 9.9865E-05 0.00974838 9.9865E-05 9.9865E-05 0.00892556 9.9865E-05 9.9865E-05 9.9865E-05 9.9865E-05 9.9865E-05 9.9865E-05 9.9865E-05 0.0177176 9.9865E-05 0.962111
9.98831E-05 0.0640754 9.98831E-05 9.98831E-05 0.0157242 9.98831E-05 9.98831E-05 9.98831E-05 9.98831E-05 9.98831E-05 0.00157497 9.98831E-05 9.98831E-05 0.00292562 9.98831E-05 9.98831E-05 9.98831E-05 0.0515715 0.86283
9.98919E-05 0.157393 0.0385071 0.0721337 9.98919E-05 9.98919E-05 9.98919E-05 9.98919E-05 9.98919E-05 0.0159616 0.0373662 9.98919E-05 9.98919E-05 9.98919E-05 9.98919E-05 9.98919E-05 0.0243622 9.98919E-05 0.653078
0.0109579 0.162277 9.99189E-05 9.99189E-05 0.00420934 0.0203683 0.0260877 0.0225444 9.99189E-05 9.99189E-05 9.99189E-05 0.0263159 9.99189E-05 0.0400539 0.00574886 9.99189E-05 9.99189E-05 9.99189E-05 0.680538
0.012923 0.794248 0.0168033 9.9888E-05 9.9888E-05 9.9888E-05 9.9888E-05 9.9888E-05 9.9888E-05 9.9888E-05 9.9888E-05 9.9888E-05 0.0888398 9.9888E-05 0.0238228 9.9888E-05 9.9888E-05 0.0620645 9.9888E-05
0.0137727 9.9919E-05 9.9919E-05 0.152541 0.0195525 0.0434377 9.9919E-05 0.00875773 9.9919E-05 0.0544505 9.9919E-05 0.00768652 0.0493509 9.9919E-05 0.0150422 9.9919E-05 9.9919E-05 9.9919E-05 0.634509
9.9883E-05 0.500434 0.0151803 9.9883E-05 9.9883E-05 9.9883E-05 9.9883E-05 9.9883E-05 9.9883E-05 9.9883E-05 9.9883E-05 9.9883E-05 0.152558 9.9883E-05 0.015627 0.00605839 9.9883E-05 9.9883E-05 0.308844
0.00729968 0.158152 9.98829E-05 9.98829E-05 9.98829E-05 0.0489594 0.649893 9.98829E-05 9.98829E-05 9.98829E-05 9.98829E-05 9.98829E-05 9.98829E-05 9.98829E-05 9.98829E-05 0.0149404 0.119457 9.98829E-05 9.98829E-05
9.98379E-05 9.98379E-05 9.98379E-05 9.98379E-05 0.998203 9.98379E-05 9.98379E-05 9.98379E-05 9.98379E-05 9.98379E-05 9.98379E-05 9.98379E-05 9.98379E-05 9.98379E-05 9.98379E-05 9.98379E-05 9.98379E-05 9.98379E-05 9.98379E-05
9.9928E-05 9.9928E-05 0.0489827 0.0245937 9.9928E-05 0.298971 0.328074 0.0488317 0.00547941 0.0216786 0.0189514 9.9928E-05 9.9928E-05 9.9928E-05 9.9928E-05 0.112054 0.0491269 9.9928E-05 0.0424579
9.9919E-05 9.9919E-05 0.0335199 0.0667738 9.9919E-05 0.709985 0.0111633 0.0281105 0.00435182 9.9919E-05 0.0166899 9.9919E-05 9.9919E-05 0.0171783 9.9919E-05 9.9919E-05 0.0259639 9.9919E-05 0.0853642
9.9883E-05 9.9883E-05 9.9883E-05 0.053189 0.0293673 0.835699 9.9883E-05 0.0169659 9.9883E-05 9.9883E-05 9.9883E-05 9.9883E-05 0.012046 9.9883E-05 9.9883E-05 0.0514345 9.9883E-05 9.9883E-05 9.9883E-05
0.00423109 0.0016488 9.9883E-05 9.9883E-05 9.9883E-05 9.9883E-05 9.9883E-05 9.9883E-05 0.000950642 0.0668446 9.9883E-05 9.9883E-05 9.9883E-05 9.9883E-05 0.00200104 0.923025 9.9883E-05 9.9883E-05 9.9883E-05
9.9838E-05 9.9838E-05 9.9838E-05 9.9838E-05 9.9838E-05 9.9838E-05 9.9838E-05 9.9838E-05 9.9838E-05 9.9838E-05 0.998203 9.9838E-05 9.9838E-05 9.9838E-05 9.9838E-05 9.9838E-05 9.9838E-05 9.9838E-05 9.9838E-05
9.98379E-05 9.98379E-05 9.98379E-05 9.98379E-05 0.998203 9.98379E-05 9.98379E-05 9.98379E-05 9.98379E-05 9.98379E-05 9.98379E-05 9.98379E-05 9.98379E-05 9.98379E-05 9.98379E-05 9.98379E-05 9.98379E-05 9.98379E-05 9.98379E-05
0.0211157 9.9928E-05 9.9928E-05 0.0798495 0.0121305 0.0758007 0.469465 0.0142348 9.9928E-05 9.9928E-05 0.00528163 9.9928E-05 9.9928E-05 0.000565095 0.0363175 0.277761 0.00667962 9.9928E-05 9.9928E-05
0.013258 0.0083814 0.0298806 9.9937E-05 9.9937E-05 0.124726 9.9937E-05 9.9937E-05 0.015465 0.0865862 0.0260612 0.0542417 0.0315193 0.0192442 9.9937E-05 0.568306 0.0216311 9.9937E-05 9.9937E-05
0.0490578 9.9919E-05 0.032596 0.0280754 0.015216 0.184507 9.9919E-05 9.9919E-05 0.00784553 0.0513431 0.0288648 9.9919E-05 9.9919E-05 9.9919E-05 9.9919E-05 0.465415 0.13618 9.9919E-05 9.9919E-05
0.0203666 9.9928E-05 0.0248956 9.9928E-05 0.0271951 0.250361 9.9928E-05 0.0194208 0.0266677 9.9928E-05 0.0259411 0.0461783 9.9928E-05 9.9928E-05 0.00929978 0.367628 0.181246 9.9928E-05 9.9928E-05
0.0283684 9.9946E-05 0.0487423 9.9946E-05 0.0917274 0.337625 0.0942798 0.0155708 0.00863047 9.9946E-05 0.0260694 0.0544503 0.0362735 9.9946E-05 0.0280518 0.229167 0.000443511 9.9946E-05 9.9946E-05
0.00107644 9.9874E-05 9.9874E-05 9.9874E-05 0.0237303 9.9874E-05 9.9874E-05 0.00726592 9.9874E-05 9.9874E-05 9.9874E-05 9.9874E-05 9.9874E-05 0.0286705 9.9874E-05 0.937859 9.9874E-05 9.9874E-05 9.9874E-05
0.00939568 9.9901E-05 9.9901E-05 9.9901E-05 9.9901E-05 9.9901E-05 0.0524731 9.9901E-05 9.9901E-05 9.9901E-05 0.0311754 0.00583941 9.9901E-05 0.021368 9.9901E-05 0.842901 0.0252002 9.9901E-05 0.010548
9.991E-05 0.0066306 9.991E-05 9.991E-05 0.0722408 0.776722 9.991E-05 0.0323612 0.00865587 9.991E-05 9.991E-05 0.0578692 9.991E-05 0.0168092 9.991E-05 9.991E-05 9.991E-05 0.0247104 0.00300221
0.00890118 0.0641635 0.0146158 9.991E-05 0.0297072 0.272549 0.271072 0.0578976 9.991E-05 9.991E-05 9.991E-05 9.991E-05 0.0954433 9.991E-05 9.991E-05 9.991E-05 0.184652 9.991E-05 9.991E-05
0.040355 9.9901E-05 9.9901E-05 9.9901E-05 0.0262737 9.9901E-05 0.0639504 9.9901E-05 0.0206668 9.9901E-05 0.0104166 9.9901E-05 9.9901E-05 9.9901E-05 9.9901E-05 0.24041 0.245289 9.9901E-05 0.35154
0.0191659 0.289022 9.991E-05 9.991E-05 0.00117344 9.991E-05 0.0795988 0.000722193 9.991E-05 0.0259972 9.991E-05 9.991E-05 9.991E-05 9.991E-05 0.0542246 0.494407 0.0346896 9.991E-05 9.991E-05
9.9883E-05 0.400074 9.9883E-05 0.0179871 0.0484131 0.452484 9.9883E-05 9.9883E-05 9.9883E-05 9.9883E-05 9.9883E-05 9.9883E-05 9.9883E-05 9.9883E-05 0.0740347 9.9883E-05 9.9883E-05 9.9883E-05 0.00570923
9.9838E-05 9.9838E-05 9.9838E-05 9.9838E-05 9.9838E-05 9.9838E-05 9.9838E-05 9.9838E-05 9.9838E-05 9.9838E-05 0.998203 9.9838E-05 9.9838E-05 9.9838E-05 9.9838E-05 9.9838E-05 9.9838E-05 9.9838E-05 9.9838E-05
0.0396212 0.0305718 0.051614 0.0249888 0.0386033 9.9937E-05 0.0700821 9.9937E-05 0.0279962 9.9937E-05 9.9937E-05 0.0561028 9.9937E-05 9.9937E-05 0.0325065 0.517202 9.9937E-05 0.0616085 0.0484036
0.0347581 0.105395 0.0185732 9.991E-05 0.054326 0.542034 9.991E-05 0.0213915 9.991E-05 9.991E-05 0.0602677 9.991E-05 9.991E-05 9.991E-05 9.991E-05 0.0934501 9.991E-05 9.991E-05 0.0688049
0.0529904 0.0744574 0.00223519 9.99086E-05 9.99086E-05 9.99086E-05 9.99086E-05 0.00209225 9.99086E-05 9.99086E-05 0.000385512 9.99086E-05 9.99086E-05 0.0047816 0.0283283 9.99086E-05 0.83363 9.99086E-05 9.99086E-05
0.00418947 9.9937E-05 0.0311637 9.9937E-05 9.9937E-05 0.591551 0.187607 9.9937E-05 0.00888542 9.9937E-05 0.00608417 0.0110042 9.9937E-05 0.0177774 9.9937E-05 0.0941982 0.00607846 0.00608083 0.0346809
9.9901E-05 9.9901E-05 0.0096739 9.9901E-05 9.9901E-05 0.0939854 0.0584257 0.0353308 9.9901E-05 9.9901E-05 0.0272452 9.9901E-05 9.9901E-05 9.9901E-05 0.0528269 0.645364 9.9901E-05 9.9901E-05 0.0760489
0.0149075 9.9928E-05 0.0535224 9.9928E-05 0.0150628 0.292299 0.0654994 9.9928E-05 0.00315942 0.095644 9.9928E-05 0.0644375 9.9928E-05 9.9928E-05 0.0254993 9.9928E-05 9.9928E-05 0.0428351 0.326334
0.00532006 9.9901E-05 9.9901E-05 9.9901E-05 0.0125032 9.9901E-05 0.0981322 0.0261608 9.9901E-05 0.583778 0.0203649 9.9901E-05 9.9901E-05 9.9901E-05 9.9901E-05 9.9901E-05 9.9901E-05 0.00737767 0.245264
0.000149002 0.0105459 0.0167405 9.9919E-05 0.026402 9.9919E-05 0.441042 9.9919E-05 9.9919E-05 0.0424787 9.9919E-05 9.9919E-05 0.0921927 9.9919E-05 9.9919E-05 0.0493184 0.164949 9.9919E-05 0.155283
0.025046 0.0455933 9.98919E-05 9.98919E-05 9.98919E-05 9.98919E-05 9.98919E-05 0.0243034 9.98919E-05 9.98919E-05 0.0136194 9.98919E-05 9.98919E-05 9.98919E-05 0.0197152 0.111286 0.759238 9.98919E-05 9.98919E-05
0.041651 0.0150865 9.9865E-05 9.9865E-05 9.9865E-05 9.9865E-05 0.0671396 9.9865E-05 9.9865E-05 9.9865E-05 9.9865E-05 9.9865E-05 9.9865E-05 9.9865E-05 9.9865E-05 9.9865E-05 0.874625 9.9865E-05 9.9865E-05
9.9919E-05 0.0274022 0.0118301 9.9919E-05 0.0329234 0.118536 9.9919E-05 0.0184485 9.9919E-05 0.0118122 9.9919E-05 0.0323015 9.9919E-05 9.9919E-05 9.9919E-05 0.595616 0.0923238 0.0579073 9.9919E-05
9.9838E-05 9.9838E-05 9.9838E-05 9.9838E-05 9.9838E-05 9.9838E-05 9.9838E-05 0.998203 9.9838E-05 9.9838E-05 9.9838E-05 9.9838E-05 9.9838E-05 9.9838E-05 9.9838E-05 9.9838E-05 9.9838E-05 9.9838E-05 9.9838E-05
0.0136209 0.0303686 0.0193743 9.9901E-05 9.9901E-05 0.737459 9.9901E-05 9.9901E-05 0.00770012 9.9901E-05 0.0765197 9.9901E-05 0.0314563 9.9901E-05 9.9901E-05 9.9901E-05 9.9901E-05 9.9901E-05 0.0824025
9.98741E-05 9.98741E-05 9.98741E-05 0.000784052 9.98741E-05 9.98741E-05 9.98741E-05 9.98741E-05 9.98741E-05 9.98741E-05 0.0128314 0.021085 9.98741E-05 9.98741E-05 9.98741E-05 0.959832 9.98741E-05 0.00406911 9.98741E-05
9.98561E-05 9.98561E-05 0.0155642 9.98561E-05 9.98561E-05 9.98561E-05 0.974373 9.98561E-05 0.00846501 9.98561E-05 9.98561E-05 9.98561E-05 9.98561E-05 9.98561E-05 9.98561E-05 9.98561E-05 9.98561E-05 9.98561E-05 9.98561E-05
9.9838E-05 9.9838E-05 9.9838E-05 9.9838E-05 9.9838E-05 9.9838E-05 0.998203 9.9838E-05 9.9838E-05 9.9838E-05 9.9838E-05 9.9838E-05 9.9838E-05 9.9838E-05 9.9838E-05 9.9838E-05 9.9838E-05 9.9838E-05 9.9838E-05
0.00235108 9.9883E-05 9.9883E-05 0.0134827 9.9883E-05 0.420651 0.527124 9.9883E-05 9.9883E-05 9.9883E-05 0.00679517 9.9883E-05 9.9883E-05 0.0282977 9.9883E-05 9.9883E-05 9.9883E-05 9.9883E-05 9.9883E-05
9.98919E-05 9.98919E-05 9.98919E-05 9.98919E-05 0.0351449 9.98919E-05 0.687023 9.98919E-05 9.98919E-05 9.98919E-05 0.0438652 9.98919E-05 0.0292741 0.00813875 9.98919E-05 0.079436 0.11592 9.98919E-05 9.98919E-05
0.0504975 9.9937E-05 0.00917298 0.104142 0.0205122 0.43944 0.104552 0.0207885 9.9937E-05 0.0639691 0.0093066 9.9937E-05 0.080314 0.0429364 9.9937E-05 9.9937E-05 0.05367 9.9937E-05 9.9937E-05
0.038601 9.9937E-05 0.00231595 9.9937E-05 0.0355206 0.414308 0.0475596 0.00623883 9.9937E-05 9.9937E-05 0.0199339 0.0380034 9.9937E-05 9.9937E-05 0.0277747 0.249676 0.0142813 9.9937E-05 0.105087
0.0292267 0.0368387 9.9901E-05 9.9901E-05 0.000258452 0.728813 9.9901E-05 9.9901E-05 9.9901E-05 9.9901E-05 0.00748604 0.0530903 9.9901E-05 0.0171881 9.9901E-05 9.9901E-05 0.126 9.9901E-05 9.9901E-05
0.0731696 9.991E-05 0.0215099 0.110146 0.0374441 0.427335 0.0625628 0.0324545 9.991E-05 9.991E-05 9.991E-05 9.991E-05 9.991E-05 9.991E-05 0.0208911 0.213488 9.991E-05 9.991E-05 9.991E-05
9.9892E-05 9.9892E-05 0.00691251 9.9892E-05 9.9892E-05 0.75767 0.11984 9.9892E-05 0.0207441 9.9892E-05 9.9892E-05 9.9892E-05 0.0177019 0.00837101 9.9892E-05 9.9892E-05 9.9892E-05 9.9892E-05 0.0675618
9.99208E-05 9.99208E-05 0.0516711 9.99208E-05 0.0725237 0.0661109 9.99208E-05 0.0331715 0.0205391 9.99208E-05 0.0394904 9.99208E-05 9.99208E-05 9.99208E-05 0.0233955 0.564977 0.0201679 0.107054 9.99208E-05
9.98919E-05 9.98919E-05 9.98919E-05 0.012831 9.98919E-05 0.531187 9.98919E-05 0.013987 0.00638877 9.98919E-05 9.98919E-05 9.98919E-05 0.0433885 9.98919E-05 9.98919E-05 0.365553 9.98919E-05 0.025466 9.98919E-05
9.9838E-05 9.9838E-05 0.998203 9.9838E-05 9.9838E-05 9.9838E-05 9.9838E-05 9.9838E-05 9.9838E-05 9.9838E-05 9.9838E-05 9.9838E-05 9.9838E-05 9.9838E-05 9.9838E-05 9.9838E-05 9.9838E-05 9.9838E-05 9.9838E-05
0.046287 0.0762195 0.0207911 9.9946E-05 0.0574798 0.308795 0.21569 0.0313195 0.0195727 0.0251117 9.9946E-05 9.9946E-05 9.9946E-05 9.9946E-05 0.0689113 9.9946E-05 0.117821 0.0106069 0.000795285
9.991E-05 0.0718017 9.991E-05 9.991E-05 0.00205877 0.765628 0.0891612 0.00798954 0.00157732 9.991E-05 0.0435009 9.991E-05 9.991E-05 0.00504206 0.0122418 9.991E-05 9.991E-05 9.991E-05 9.991E-05
9.991E-05 9.991E-05 0.0160378 0.109909 9.991E-05 0.0661024 0.130555 0.0247016 9.991E-05 0.0241464 0.0159576 9.991E-05 9.991E-05 9.991E-05 0.0283676 0.583224 9.991E-05 9.991E-05 9.991E-05
9.9874E-05 0.109137 9.9874E-05 9.9874E-05 9.9874E-05 0.442327 9.9874E-05 0.0353471 9.9874E-05 9.9874E-05 9.9874E-05 9.9874E-05 9.9874E-05 9.9874E-05 9.9874E-05 0.335263 9.9874E-05 0.076528 9.9874E-05
0.048368 9.99009E-05 9.99009E-05 9.99009E-05 9.99009E-05 0.607779 0.143628 9.99009E-05 9.99009E-05 9.99009E-05 0.000402335 9.99009E-05 9.99009E-05 0.00663061 9.99009E-05 0.0542214 0.0567354 9.99009E-05 0.0811358
0.00057999 0.0405287 0.00420148 9.99099E-05 9.99099E-05 0.843357 9.99099E-05 9.99099E-05 0.0318368 0.0124019 9.99099E-05 0.0230422 0.0105953 9.99099E-05 0.0324576 9.99099E-05 9.99099E-05 9.99099E-05 9.99099E-05
0.998203 9.9838E-05 9.9838E-05 9.9838E-05 9.9838E-05 9.9838E-05 9.9838E-05 9.9838E-05 9.9838E-05 9.9838E-05 9.9838E-05 9.9838E-05 9.9838E-05 9.9838E-05 9.9838E-05 9.9838E-05 9.9838E-05 9.9838E-05 9.9838E-05
9.9838E-05 9.9838E-05 0.998203 9.9838E-05 9.9838E-05 9.9838E-05 9.9838E-05 9.9838E-05 9.9838E-05 9.9838E-05 9.9838E-05 9.9838E-05 9.9838E-05 9.9838E-05 9.9838E-05 9.9838E-05 9.9838E-05 9.9838E-05 9.9838E-05
0.998203 9.9838E-05 9.9838E-05 9.9838E-05 9.9838E-05 9.9838E-05 9.9838E-05 9.9838E-05 9.9838E-05 9.9838E-05 9.9838E-05 9.9838E-05 9.9838E-05 9.9838E-05 9.9838E-05 9.9838E-05 9.9838E-05 9.9838E-05 9.9838E-05
0.00785528 9.9919E-05 0.0113689 9.9919E-05 0.0440942 0.199865 0.605106 0.0454001 0.0109563 9.9919E-05 0.0134563 9.9919E-05 9.9919E-05 9.9919E-05 9.9919E-05 0.0373649 9.9919E-05 9.9919E-05 0.0236336
0.0376124 0.0223491 0.0225436 9.9919E-05 0.0371695 0.105624 0.577829 0.0289342 0.011755 9.9919E-05 0.00390456 9.9919E-05 9.9919E-05 9.9919E-05 9.9919E-05 0.151379 9.9919E-05 9.9919E-05 9.9919E-05
9.991E-05 9.991E-05 0.0284659 9.991E-05 0.0397891 0.589056 0.18092 0.00455723 9.991E-05 9.991E-05 9.991E-05 0.0870131 9.991E-05 0.00653763 0.0200466 9.991E-05 9.991E-05 9.991E-05 0.0426152
0.0522889 0.0379916 0.0318514 9.9919E-05 0.00454405 0.404723 9.9919E-05 0.000515603 0.0158894 9.9919E-05 9.9919E-05 9.9919E-05 9.9919E-05 0.00208288 0.0114375 0.437776 9.9919E-05 9.9919E-05 9.9919E-05
9.9856E-05 9.9856E-05 9.9856E-05 9.9856E-05 9.9856E-05 9.9856E-05 9.9856E-05 9.9856E-05 0.00246314 9.9856E-05 9.9856E-05 9.9856E-05 0.0547743 9.9856E-05 9.9856E-05 0.941165 9.9856E-05 9.9856E-05 9.9856E-05
9.9838E-05 9.9838E-05 9.9838E-05 9.9838E-05 9.9838E-05 9.9838E-05 9.9838E-05 0.998203 9.9838E-05 9.9838E-05 9.9838E-05 9.9838E-05 9.9838E-05 9.9838E-05 9.9838E-05 9.9838E-05 9.9838E-05 9.9838E-05 9.9838E-05
0.0269232 0.113926 0.048189 9.9901E-05 9.9901E-05 0.366929 0.408375 0.0144118 9.9901E-05 9.9901E-05 9.9901E-05 9.9901E-05 9.9901E-05 0.000162372 0.019985 9.9901E-05 9.9901E-05 9.9901E-05 9.9901E-05
9.991E-05 9.991E-05 9.991E-05 0.00301877 0.057251 0.227985 0.12955 9.991E-05 0.0203049 9.991E-05 9.991E-05 0.00587617 0.00487519 9.991E-05 9.991E-05 9.991E-05 0.468495 0.0816437 9.991E-05
9.98471E-05 9.98471E-05 9.98471E-05 0.0693786 9.98471E-05 9.98471E-05 9.98471E-05 9.98471E-05 9.98471E-05 9.98471E-05 9.98471E-05 9.98471E-05 9.98471E-05 9.98471E-05 9.98471E-05 9.98471E-05 0.928924 9.98471E-05 9.98471E-05
0.0074021 9.9883E-05 0.0293005 0.0215608 9.9883E-05 9.9883E-05 9.9883E-05 9.9883E-05 9.9883E-05 9.9883E-05 9.9883E-05 9.9883E-05 0.140171 0.00926746 9.9883E-05 9.9883E-05 0.791 9.9883E-05 9.9883E-05
9.9892E-05 9.9892E-05 9.9892E-05 0.0823293 0.00724708 0.0817909 0.0347651 0.0240333 9.9892E-05 9.9892E-05 9.9892E-05 9.9892E-05 0.229648 9.9892E-05 9.9892E-05 9.9892E-05 0.538987 9.9892E-05 9.9892E-05
0.0101505 9.9901E-05 0.037291 9.9901E-05 9.9901E-05 0.293119 9.9901E-05 9.9901E-05 9.9901E-05 9.9901E-05 9.9901E-05 9.9901E-05 0.420428 0.017815 9.9901E-05 0.000312553 0.1681 9.9901E-05 0.0516856
9.9874E-05 9.9874E-05 9.9874E-05 9.9874E-05 0.0109486 0.20032 9.9874E-05 9.9874E-05 9.9874E-05 9.9874E-05 9.9874E-05 9.9874E-05 0.290646 9.9874E-05 9.9874E-05 9.9874E-05 0.444814 0.0518729 9.9874E-05
9.9874E-05 9.9874E-05 9.9874E-05 0.0160466 9.9874E-05 9.9874E-05 9.9874E-05 9.9874E-05 9.9874E-05 0.0184766 9.9874E-05 9.9874E-05 0.137733 9.9874E-05 9.9874E-05 9.9874E-05 0.803765 0.0225802 9.9874E-05
9.9883E-05 9.9883E-05 0.0135881 9.9883E-05 9.9883E-05 9.9883E-05 0.0952831 9.9883E-05 9.9883E-05 9.9883E-05 9.9883E-05 0.00502723 0.104744 0.00673796 9.9883E-05 9.9883E-05 0.773321 9.9883E-05 9.9883E-05
0.00742303 9.9883E-05 0.00900849 0.0704802 9.9883E-05 0.0926669 9.9883E-05 9.9883E-05 9.9883E-05 9.9883E-05 9.9883E-05 9.9883E-05 0.412586 9.9883E-05 9.9883E-05 9.9883E-05 0.406537 9.9883E-05 9.9883E-05
9.991E-05 0.0452132 0.00868478 0.0781313 9.991E-05 0.105998 9.991E-05 9.991E-05 0.0212295 9.991E-05 0.0339482 0.00326518 9.991E-05 9.991E-05 9.991E-05 9.991E-05 0.63708 0.0654513 9.991E-05
9.9946E-05 0.00331467 9.9946E-05 9.9946E-05 0.00496769 0.0896832 0.0354577 0.0168414 0.00137704 0.00463454 9.9946E-05 0.035856 0.202862 0.0171839 9.9946E-05 0.0502723 0.53545 9.9946E-05 0.00149977
0.0254245 9.991E-05 0.00281185 9.991E-05 0.00688395 9.991E-05 9.991E-05 0.0498354 9.991E-05 9.991E-05 0.0126329 0.0808242 9.991E-05 0.0124045 9.991E-05 9.991E-05 0.0180584 0.790125 9.991E-05
9.993E-05 9.993E-05 0.0140894 0.00174262 9.993E-05 9.993E-05 9.993E-05 0.0100332 0.00950306 0.152392 0.0191565 0.0646171 0.00146637 0.0418428 9.993E-05 0.0369271 0.0707698 0.57676 9.993E-05
0.0078199 0.0169864 0.00782256 0.0442526 0.0207085 0.070615 0.0121306 0.00320402 0.0110136 0.0884326 9.9955E-05 0.0535546 9.9955E-05 9.9955E-05 0.0244336 9.9955E-05 9.9955E-05 0.629909 0.00861706
0.0106498 9.98921E-05 9.98921E-05 9.98921E-05 9.98921E-05 9.98921E-05 9.98921E-05 9.98921E-05 0.00219452 0.141124 9.98921E-05 0.0251512 9.98921E-05 9.98921E-05 0.0551249 9.98921E-05 9.98921E-05 0.642145 0.122411
9.9892E-05 0.0677298 9.9892E-05 9.9892E-05 9.9892E-05 9.9892E-05 0.197784 9.9892E-05 0.0257027 0.0495839 0.0507179 9.9892E-05 9.9892E-05 0.0435083 9.9892E-05 9.9892E-05 9.9892E-05 0.563775 9.9892E-05
9.9919E-05 9.9919E-05 9.9919E-05 0.0789927 0.0125123 0.10033 9.9919E-05 9.9919E-05 0.0121012 0.103234 9.9919E-05 9.9919E-05 0.102962 0.0134972 0.00805096 0.00324392 9.9919E-05 0.564176 9.9919E-05
0.0122785 0.0332225 0.0641635 0.000953513 9.9919E-05 9.9919E-05 9.9919E-05 9.9919E-05 9.9919E-05 9.9919E-05 0.00217473 9.9919E-05 0.100979 9.9919E-05 0.0211798 0.0182938 9.9919E-05 0.743375 0.00248052
9.9901E-05 9.9901E-05 0.0258003 9.9901E-05 9.9901E-05 9.9901E-05 9.9901E-05 9.9901E-05 0.0285736 0.205872 9.9901E-05 9.9901E-05 0.0319224 0.0121155 9.9901E-05 9.9901E-05 0.082069 0.599096 0.0134518
0.0440739 9.99009E-05 9.99009E-05 0.000203583 9.99009E-05 9.99009E-05 0.375909 9.99009E-05 0.00557021 9.99009E-05 9.99009E-05 0.0111507 9.99009E-05 0.0276878 9.99009E-05 0.000131204 9.99009E-05 0.534175 9.99009E-05
9.9901E-05 0.0947045 0.0170259 9.9901E-05 9.9901E-05 0.0137549 9.9901E-05 9.9901E-05 9.9901E-05 9.9901E-05 9.9901E-05 9.9901E-05 0.12805 0.0149735 9.9901E-05 9.9901E-05 0.0273511 0.657868 0.0451727
0.0107926 9.9901E-05 9.9901E-05 9.9901E-05 0.0357752 9.9901E-05 9.9901E-05 9.9901E-05 0.0193046 9.9901E-05 0.0269764 9.9901E-05 9.9901E-05 0.019409 9.9901E-05 9.9901E-05 0.0408307 0.802487 0.0433252
9.9892E-05 0.128139 9.9892E-05 9.9892E-05 0.0327507 9.9892E-05 9.9892E-05 9.9892E-05 9.9892E-05 0.409469 9.9892E-05 0.018811 9.9892E-05 9.9892E-05 0.0444118 9.9892E-05 9.9892E-05 0.31633 0.0488891
0.0143087 0.118874 9.9946E-05 0.0266642 0.000566886 0.0180254 0.0861953 0.00349971 0.000860736 0.131626 9.9946E-05 9.9946E-05 0.0854903 9.9946E-05 0.027613 9.9946E-05 0.0103371 0.475339 9.9946E-05
9.9892E-05 9.9892E-05 9.9892E-05 0.0869849 0.00692956 0.026382 0.334239 9.9892E-05 9.9892E-05 0.184919 9.9892E-05 9.9892E-05 9.9892E-05 0.014011 9.9892E-05 9.9892E-05 9.9892E-05 0.345336 9.9892E-05
0.000430487 9.9892E-05 9.9892E-05 9.9892E-05 0.0487172 0.0844126 0.0316927 9.9892E-05 9.9892E-05 0.774461 9.9892E-05 0.0396738 9.9892E-05 0.0194134 9.9892E-05 9.9892E-05 9.9892E-05 9.9892E-05 9.9892E-05
9.9865E-05 9.9865E-05 9.9865E-05 9.9865E-05 9.9865E-05 9.9865E-05 0.185705 0.0240725 9.9865E-05 0.76132 9.9865E-05 9.9865E-05 9.9865E-05 0.0274041 9.9865E-05 9.9865E-05 9.9865E-05 9.9865E-05 9.9865E-05
9.9856E-05 9.9856E-05 9.9856E-05 9.9856E-05 0.027913 9.9856E-05 9.9856E-05 9.9856E-05 9.9856E-05 0.969332 9.9856E-05 9.9856E-05 9.9856E-05 9.9856E-05 9.9856E-05 9.9856E-05 9.9856E-05 9.9856E-05 0.00115692
9.9892E-05 0.0112691 9.9892E-05 9.9892E-05 0.0104884 9.9892E-05 0.0104299 9.9892E-05 9.9892E-05 0.896188 9.9892E-05 9.9892E-05 9.9892E-05 0.0180996 9.9892E-05 0.0386854 9.9892E-05 9.9892E-05 0.0136409
9.98471E-05 9.98471E-05 9.98471E-05 9.98471E-05 9.98471E-05 9.98471E-05 9.98471E-05 9.98471E-05 9.98471E-05 0.994842 0.00346107 9.98471E-05 9.98471E-05 9.98471E-05 9.98471E-05 9.98471E-05 9.98471E-05 9.98471E-05 9.98471E-05
9.98829E-05 9.98829E-05 9.98829E-05 0.121878 9.98829E-05 9.98829E-05 0.099043 9.98829E-05 0.017184 0.739537 0.0147288 9.98829E-05 9.98829E-05 9.98829E-05 9.98829E-05 9.98829E-05 9.98829E-05 0.0063308 9.98829E-05
0.0198641 9.9919E-05 0.0118784 0.0623051 9.9919E-05 9.9919E-05 0.00773828 0.0109378 0.00919713 0.760006 0.0218462 9.9919E-05 0.0808704 0.0144569 9.9919E-05 9.9919E-05 9.9919E-05 9.9919E-05 9.9919E-05
0.0181134 9.9901E-05 0.0258751 0.0246346 9.9901E-05 0.0129976 9.9901E-05 9.9901E-05 9.9901E-05 0.78015 9.9901E-05 9.9901E-05 0.119998 9.9901E-05 9.9901E-05 9.9901E-05 0.0117427 0.00538943 9.9901E-05
0.0254433 9.9883E-05 0.0143636 9.9883E-05 9.9883E-05 9.9883E-05 0.248761 9.9883E-05 9.9883E-05 0.161373 9.9883E-05 9.9883E-05 0.0337256 9.9883E-05 9.9883E-05 9.9883E-05 9.9883E-05 0.515035 9.9883E-05
9.9892E-05 9.9892E-05 9.9892E-05 0.031194 9.9892E-05 0.133927 9.9892E-05 0.0472699 9.9892E-05 9.9892E-05 9.9892E-05 9.9892E-05 0.0253346 0.00414395 0.0542232 9.9892E-05 9.9892E-05 0.702709 9.9892E-05
9.9883E-05 9.9883E-05 0.0344491 0.017012 9.9883E-05 9.9883E-05 0.382094 9.9883E-05 9.9883E-05 9.9883E-05 9.9883E-05 9.9883E-05 0.0550486 0.00442106 9.9883E-05 9.9883E-05 9.9883E-05 0.505677 9.9883E-05
9.9883E-05 9.9883E-05 9.9883E-05 0.0735634 9.9883E-05 0.0601505 0.130442 9.9883E-05 9.9883E-05 9.9883E-05 9.9883E-05 9.9883E-05 0.1307 0.00253209 9.9883E-05 9.9883E-05 9.9883E-05 0.601314 9.9883E-05
0.0344042 9.99183E-05 9.99183E-05 0.131896 0.00275892 0.053862 9.99183E-05 0.0315654 0.0280567 9.99183E-05 0.00137686 9.99183E-05 9.99183E-05 9.99183E-05 0.0198755 9.99183E-05 9.99183E-05 0.695206 9.99183E-05
9.9892E-05 9.9892E-05 0.00768994 0.100969 0.0249131 9.9892E-05 0.154719 9.9892E-05 9.9892E-05 9.9892E-05 9.9892E-05 9.9892E-05 0.127095 9.9892E-05 0.0272143 9.9892E-05 9.9892E-05 0.556201 9.9892E-05
9.98919E-05 0.0533806 9.98919E-05 9.98919E-05 9.98919E-05 9.98919E-05 0.293184 9.98919E-05 0.0190896 0.294669 9.98919E-05 9.98919E-05 9.98919E-05 0.0110932 9.98919E-05 9.98919E-05 0.0345993 0.292785 9.98919E-05
0.0065559 0.0861191 0.0186319 9.99011E-05 9.99011E-05 9.99011E-05 0.149481 0.0011514 9.99011E-05 9.99011E-05 0.00536144 9.99011E-05 0.0505845 9.99011E-05 9.99011E-05 9.99011E-05 9.99011E-05 0.681016 9.99011E-05
0.0108174 9.9883E-05 0.0127307 9.9883E-05 0.0493482 9.9883E-05 9.9883E-05 9.9883E-05 9.9883E-05 9.9883E-05 9.9883E-05 9.9883E-05 9.9883E-05 9.9883E-05 9.9883E-05 0.0470159 9.9883E-05 0.770848 0.107941
9.99217E-05 0.117344 0.0107029 0.000446504 9.99217E-05 0.0419554 0.128729 9.99217E-05 0.00541163 9.99217E-05 9.99217E-05 0.0345919 9.99217E-05 0.00524349 0.0308304 9.99217E-05 9.99217E-05 0.623846 9.99217E-05
9.9901E-05 0.170326 9.9901E-05 9.9901E-05 9.9901E-05 0.0294917 9.9901E-05 9.9901E-05 0.013434 0.198529 9.9901E-05 0.0766097 9.9901E-05 0.00886849 9.9901E-05 9.9901E-05 0.0407971 0.460845 9.9901E-05
0.0273211 0.00741524 0.0362857 9.9937E-05 0.0101881 0.0572891 9.9937E-05 0.00777645 0.0163678 0.21941 9.9937E-05 0.0137165 0.0528186 0.000776978 9.9937E-05 9.9937E-05 9.9937E-05 0.549934 9.9937E-05
0.00148199 9.991E-05 9.991E-05 9.991E-05 9.991E-05 0.0438227 9.991E-05 0.0176893 0.0305245 9.991E-05 0.0258786 9.991E-05 0.0250631 0.019089 9.991E-05 0.0401668 9.991E-05 0.795285 9.991E-05
0.010068 9.98741E-05 9.98741E-05 0.928508 9.98741E-05 9.98741E-05 9.98741E-05 9.98741E-05 0.00481158 9.98741E-05 0.00143518 9.98741E-05 9.98741E-05 9.98741E-05 9.98741E-05 9.98741E-05 9.98741E-05 9.98741E-05 0.0537788
9.9874E-05 9.9874E-05 0.0114553 0.924624 9.9874E-05 9.9874E-05 0.0396111 0.0213209 9.9874E-05 9.9874E-05 9.9874E-05 9.9874E-05 9.9874E-05 0.00159097 9.9874E-05 9.9874E-05 9.9874E-05 9.9874E-05 9.9874E-05
0.00996972 9.99144E-05 9.99144E-05 0.759104 9.99144E-05 9.99144E-05 0.140219 0.0248952 0.014565 0.00542298 9.99144E-05 9.99144E-05 9.99144E-05 0.0246068 0.0180725 9.99144E-05 9.99144E-05 9.99144E-05 0.0021456
0.0170589 9.99189E-05 0.0178339 0.843123 0.0282005 0.0162692 0.0139844 9.99189E-05 9.99189E-05 9.99189E-05 0.00374317 0.0107584 9.99189E-05 9.99189E-05 0.0263237 9.99189E-05 9.99189E-05 0.0218051 9.99189E-05
0.0115805 0.0162685 0.0283459 0.856476 9.9892E-05 9.9892E-05 9.9892E-05 9.9892E-05 9.9892E-05 9.9892E-05 9.9892E-05 9.9892E-05 0.0293842 9.9892E-05 0.0380136 0.0187325 9.9892E-05 9.9892E-05 9.9892E-05
0.0173463 0.121733 9.9892E-05 0.793995 9.9892E-05 9.9892E-05 9.9892E-05 9.9892E-05 0.00764331 9.9892E-05 0.00485056 0.0314955 9.9892E-05 9.9892E-05 9.9892E-05 0.0217377 9.9892E-05 9.9892E-05 9.9892E-05
9.98381E-05 9.98381E-05 9.98381E-05 0.998203 9.98381E-05 9.98381E-05 9.98381E-05 9.98381E-05 9.98381E-05 9.98381E-05 9.98381E-05 9.98381E-05 9.98381E-05 9.98381E-05 9.98381E-05 9.98381E-05 9.98381E-05 9.98381E-05 9.98381E-05
9.9919E-05 0.103757 9.9919E-05 0.574982 9.9919E-05 0.0367117 0.0491052 9.9919E-05 9.9919E-05 0.00894607 9.9919E-05 0.111899 9.9919E-05 0.00735702 0.0473559 9.9919E-05 0.00911022 9.9919E-05 0.0498762
