0.0451167 9.9973E-05 9.9973E-05 9.9973E-05 0.954583
0.0982384 0.0280041 0.109947 0.0156456 0.748165
9.9982E-05 0.140959 9.9982E-05 0.0323482 0.826493
9.999E-05 0.0847592 0.00116537 0.0825397 0.831436
0.0133237 0.0192304 0.070242 0.0825178 0.814686
9.9973E-05 9.9973E-05 9.9973E-05 0.134489 0.865211
9.9973E-05 9.9973E-05 9.9973E-05 0.0582046 0.941496
0.01236 9.9991E-05 0.0561478 0.0688354 0.862557
0.0326287 0.0260337 9.9991E-05 0.107785 0.833452
9.999E-05 0.0421825 0.0275054 0.0758674 0.854345
9.999E-05 0.00210608 0.0730092 0.0894996 0.835285
0.0326426 0.176234 0.00198055 0.00335077 0.785792
0.0374283 0.0853972 0.0368968 9.9991E-05 0.840178
0.00464341 0.0528012 0.0648006 0.129406 0.748349
9.999E-05 0.0288856 0.0452128 0.0618859 0.863916
9.9982E-05 0.0294359 9.9982E-05 0.098224 0.87214
9.997E-05 9.997E-05 9.997E-05 9.997E-05 0.9996
9.997E-05 9.997E-05 9.997E-05 9.997E-05 0.9996
0.00069674 9.9973E-05 9.9973E-05 9.9973E-05 0.999003
9.9982E-05 0.0512307 0.0388962 9.9982E-05 0.909673
9.997E-05 0.9996 9.997E-05 9.997E-05 9.997E-05
0.0933348 0.785232 0.0281092 0.0617269 0.031597
0.0583614 0.82482 0.03241 9.9991E-05 0.0843091
0.163832 0.835868 9.9973E-05 9.9973E-05 9.9973E-05
9.9982E-05 0.933142 0.0491432 9.9982E-05 0.0175146
9.9982E-05 0.91895 0.0592672 9.9982E-05 0.0215831
0.154017 0.782652 0.0377267 0.0255038 9.9991E-05
9.997E-05 0.9996 9.997E-05 9.997E-05 9.997E-05
9.9982E-05 0.807269 0.106972 0.0855599 9.9982E-05
0.0699029 0.622178 0.184789 0.105972 0.0171585
9.9982E-05 0.749127 0.0439586 0.206714 9.9982E-05
0.0344821 0.767659 0.0469199 0.112414 0.0385249
0.0436751 0.777855 0.0276434 0.0845112 0.0663149
0.0175628 0.664172 0.154508 0.163657 9.9991E-05
0.0851214 0.635182 0.211636 0.0362954 0.0317649
0.0417704 0.539039 0.241976 0.133511 0.0437034
0.2173 0.620181 0.130234 0.0321848 9.9991E-05
0.765414 0.0840422 0.078091 0.0723524 9.99934E-05
0.676118 9.9991E-05 0.226534 0.0858556 0.011392
0.78567 0.0222241 0.0834123 0.088329 0.0203646
0.86306 0.05773 0.0790099 9.9982E-05 9.9982E-05
0.849415 0.0488434 0.0641886 9.9991E-05 0.0374529
0.913837 0.00110583 0.0529382 0.0320185 9.9991E-05
0.631478 9.9991E-05 0.0770555 0.234831 0.056535
0.804123 0.0650775 0.0999505 0.0307486 9.9991E-05
0.806061 9.9991E-05 0.0141073 0.136156 0.0435756
0.868162 0.0241066 0.104588 0.00304277 9.9991E-05
0.917962 9.9991E-05 0.040977 0.0367856 0.00417538
0.973993 0.025707 9.9973E-05 9.9973E-05 9.9973E-05
0.836481 9.9991E-05 0.07147 0.074181 0.0177679
0.914119 0.0169436 9.9982E-05 0.0687372 9.9982E-05
0.921103 0.0710377 9.9982E-05 0.00765941 9.9982E-05
0.817707 9.9991E-05 0.126518 0.0303076 0.0253673
0.811991 0.0553146 0.0527146 9.9991E-05 0.0798794
0.823208 0.021379 0.081705 0.0573258 0.0163823
0.809349 0.0365936 0.0864752 0.0330881 0.0344937
0.829762 0.0191438 0.000721388 0.0635136 0.0868594
0.167504 0.0378666 0.590669 0.167515 0.0364452
0.0239297 0.0314525 0.83781 0.0153928 0.0914153
9.9982E-05 9.9982E-05 0.81893 0.137633 0.0432379
0.157635 0.0327303 0.768515 0.0107065 0.0304125
0.0226732 0.0498869 0.872297 0.055043 9.9991E-05
0.215944 0.0805698 0.68092 9.9991E-05 0.0224664
0.000241895 9.9991E-05 0.914521 0.0520555 0.0330814
0.091472 0.0279003 0.873602 0.00692575 9.9991E-05
0.0914184 9.9991E-05 0.67558 0.0611486 0.171753
0.102523 0.174826 0.645853 9.9991E-05 0.0766985
0.0682119 0.0784939 0.768132 0.02892 0.0562422
9.9982E-05 0.165466 0.812497 9.9982E-05 0.0218372
9.9991E-05 0.0578251 0.836711 0.00960792 0.0957563
0.0505764 0.023809 0.829475 0.0530629 0.0430767
0.0994011 0.0165972 0.855545 9.9991E-05 0.0283566
0.0603293 0.0764637 0.798441 9.9991E-05 0.0646658
0.057891 0.142111 0.650576 0.149322 9.9991E-05
0.33441 0.0895079 0.525309 9.9991E-05 0.0506739
0.313512 0.0119229 0.569758 0.0234892 0.0813178
0.586981 9.9982E-05 0.346545 9.9982E-05 0.0662742
0.0565345 0.00129924 0.912698 0.0293681 9.9991E-05
0.207108 0.074317 0.581012 0.0723947 0.0651681
0.168504 0.016521 0.778855 0.0360199 9.9991E-05
0.161494 0.0403065 0.621318 0.111272 0.0656099
0.0142221 0.0364052 0.792223 0.0629484 0.0942012
0.116848 9.9982E-05 0.772204 9.9982E-05 0.110749
0.221664 0.0306144 0.42703 0.306368 0.0143243
0.212313 9.9982E-05 0.15254 0.634947 9.9982E-05
0.156518 0.0976743 0.531634 0.214074 9.9991E-05
0.0852149 9.9982E-05 0.765136 0.149449 9.9982E-05
0.131562 9.9982E-05 0.696566 0.171672 9.9982E-05
0.132492 0.0895374 0.706142 0.0521587 0.0196692
0.0467061 0.0499911 0.858916 9.9991E-05 0.044287
0.155452 0.0629753 0.746144 9.9991E-05 0.0353294
0.183828 0.0575866 0.749974 0.00851085 9.9991E-05
0.00825341 0.143262 0.598627 0.168155 0.0817033
0.0804891 0.210937 0.577763 0.0906447 0.0401663
9.9991E-05 0.0734261 0.741441 0.161535 0.0234974
9.9991E-05 0.0968991 0.653068 0.113156 0.136777
0.183309 0.0252129 0.619416 0.118554 0.0535089
0.173724 9.9982E-05 0.735116 9.9982E-05 0.0909598
0.164182 0.0608555 0.754166 9.9991E-05 0.0206969
0.150548 9.9991E-05 0.790068 0.0173103 0.0419734
9.9991E-05 0.0930873 0.737174 0.100499 0.0691388
9.9991E-05 0.0598845 0.729386 0.148303 0.0623267
0.0676511 9.9991E-05 0.811428 0.0788357 0.0419854
9.9982E-05 9.9982E-05 0.984156 0.00791144 0.00773231
0.0693117 0.086224 0.720503 0.0457172 0.078244
0.0642582 0.0367345 0.8014 0.0710116 0.0265954
0.0331453 0.0571712 0.696417 0.131532 0.0817351
0.22456 9.9982E-05 0.697737 0.0775036 9.9982E-05
0.0961862 0.115002 0.696899 0.0232048 0.0687082
0.0507052 0.155287 0.709881 9.9991E-05 0.0840263
0.0972799 9.9982E-05 0.859023 9.9982E-05 0.0434973
9.997E-05 9.997E-05 0.9996 9.997E-05 9.997E-05
0.135559 9.9973E-05 0.864141 9.9973E-05 9.9973E-05
9.9982E-05 9.9982E-05 0.793959 0.15631 0.0495313
0.0157911 0.107263 0.717573 0.0937345 0.0656385
9.9991E-05 0.0253506 0.77777 0.101786 0.0949939
0.126779 0.0426519 0.722795 9.9991E-05 0.107674
0.192623 0.0831432 0.699623 9.9991E-05 0.024511
0.101206 9.9991E-05 0.776445 0.0538518 0.068397
0.16968 0.0501053 0.608502 0.095216 0.0764965
9.9991E-05 0.178371 0.635702 0.166734 0.0190938
9.9982E-05 0.138876 0.632865 0.228059 9.9982E-05
0.0323171 0.309941 0.571355 0.0862868 9.9991E-05
9.9991E-05 0.229169 0.59102 0.177596 0.0021153
9.9982E-05 0.178934 0.559096 0.26177 9.9982E-05
0.00348387 0.295857 0.437867 0.206985 0.0558075
0.0493285 0.237605 0.442918 0.187726 0.0824228
0.0481632 0.281905 0.489842 0.069353 0.110737
0.117706 0.216073 0.508758 0.129594 0.0278679
0.106906 0.205039 0.522678 0.145434 0.0199424
0.117095 0.299413 0.477243 0.106149 9.9991E-05
0.048621 0.0392873 0.0898763 0.814855 0.00736033
0.049145 0.0657522 0.0388961 0.828841 0.0173656
0.100269 0.0207373 9.9991E-05 0.817612 0.061282
0.109151 0.0257102 9.9991E-05 0.822215 0.0428236
0.120901 0.0066696 0.0484613 0.778822 0.045146
0.0874788 0.0454808 0.0901146 0.753738 0.0231874
0.181416 0.0735198 9.9982E-05 0.744864 9.9982E-05
0.00922526 0.103503 0.0247023 0.855476 0.00709351
0.0842902 0.0811716 0.182549 0.576646 0.0753429
0.194065 0.0151079 9.9982E-05 0.790627 9.9982E-05
0.087738 0.0417093 9.9991E-05 0.808138 0.0623147
0.165869 9.9982E-05 9.9982E-05 0.787898 0.0460334
0.157695 0.0857814 0.0469197 0.635767 0.0738361
0.160762 9.9991E-05 0.175979 0.616301 0.0468575
9.9991E-05 0.0319862 0.115086 0.798183 0.0546451
0.0493502 9.9991E-05 0.0636774 0.833 0.0538727
0.0882275 0.00395187 0.00631197 0.901409 9.9991E-05
9.9991E-05 0.0103277 0.0890142 0.855101 0.0454573
0.119888 0.0829389 9.9991E-05 0.759162 0.0379104
0.127114 0.065071 0.0149 0.782011 0.0109039
9.9991E-05 0.0428369 0.130236 0.777526 0.0493013
0.0672604 0.0674792 0.0888137 0.773901 0.002546
9.9982E-05 9.9982E-05 0.103594 0.888414 0.00779231
9.9982E-05 9.9982E-05 0.0768152 0.872189 0.0507963
9.9991E-05 0.112096 0.0977392 0.735429 0.0546355
0.00125844 0.130955 0.0927755 0.745197 0.0298139
0.0740143 0.132418 0.0138785 0.738955 0.0407336
0.133875 9.9991E-05 0.113697 0.6637 0.0886291
0.0843195 0.015063 0.0867448 0.796348 0.0175247
0.0753025 0.0326669 0.0239987 0.867932 9.9991E-05
0.142071 9.9973E-05 9.9973E-05 0.857629 9.9973E-05
0.181192 0.0450165 9.9991E-05 0.685409 0.0882822
0.116303 0.131198 9.9982E-05 0.752299 9.9982E-05
9.9982E-05 0.118893 0.0158889 0.865018 9.9982E-05
9.9991E-05 0.0622005 0.0446616 0.851399 0.0416393
0.802358 9.9982E-05 9.9982E-05 0.157697 0.0397448
0.620407 0.128099 0.00825403 0.186662 0.0565786
0.621993 0.0947939 0.017629 0.117782 0.147802
0.489785 0.0707433 0.0971411 0.263185 0.0791453
0.662332 0.0913056 0.0469845 0.106744 0.0926339
0.751173 0.122344 9.9982E-05 0.126283 9.9982E-05
0.839555 0.0602561 9.9991E-05 0.0740799 0.026009
0.706551 0.205003 9.9982E-05 9.9982E-05 0.0882467
