9.9973E-05 9.9973E-05 0.955688 9.9973E-05 0.0440124
0.0908438 0.0596757 0.708955 0.129517 0.0110085
0.0710207 0.0767326 0.852047 9.9982E-05 9.9982E-05
0.135712 0.0604287 0.790579 0.01318 9.9991E-05
0.0333991 0.0370487 0.796396 0.0794597 0.0536964
0.078425 9.9973E-05 0.921275 9.9973E-05 9.9973E-05
0.0719902 9.9973E-05 0.92771 9.9973E-05 9.9973E-05
0.118275 9.9982E-05 0.848973 0.0325521 9.9982E-05
0.151672 0.0259485 0.778031 0.0442492 9.9991E-05
0.118267 0.0425076 0.839026 9.9982E-05 9.9982E-05
0.05444 0.0487369 0.806287 0.0675379 0.022998
0.044884 0.13756 0.798036 0.0194202 9.9991E-05
0.0427837 0.0310534 0.84146 0.0846033 9.9991E-05
0.14558 0.131442 0.69983 9.9991E-05 0.0230481
0.0168131 0.0517606 0.883568 0.0477587 9.9991E-05
0.0909362 9.9973E-05 0.908764 9.9973E-05 9.9973E-05
9.9973E-05 9.9973E-05 0.990034 0.00966606 9.9973E-05
9.9973E-05 9.9973E-05 0.997887 9.9973E-05 0.00181285
9.9973E-05 9.9973E-05 0.985888 9.9973E-05 0.0138121
9.999E-05 0.0415586 0.894591 0.0271868 0.0365632
9.997E-05 0.9996 9.997E-05 9.997E-05 9.997E-05
9.999E-05 0.747961 0.0511665 0.0373458 0.163427
0.0249158 0.741729 0.0637602 0.018757 0.150838
9.9973E-05 0.835317 9.9973E-05 9.9973E-05 0.164384
9.9973E-05 0.960758 9.9973E-05 0.0389421 9.9973E-05
9.9991E-05 0.896877 0.0186939 0.0521615 0.0321679
0.0202033 0.820189 9.9991E-05 0.0146063 0.144901
9.997E-05 0.9996 9.997E-05 9.997E-05 9.997E-05
0.131246 0.790447 9.9982E-05 0.078108 9.9982E-05
0.0791605 0.680862 9.9991E-05 0.191068 0.0488101
0.18967 0.791395 9.9982E-05 0.0187346 9.9982E-05
0.0336988 0.751943 9.9991E-05 0.0481274 0.166131
0.0825909 0.727179 0.0492966 0.0423163 0.0986176
0.174485 0.679386 9.99893E-05 0.145929 9.99893E-05
0.0843818 0.646201 0.0401303 0.229187 9.9991E-05
0.23939 0.412009 0.104385 0.213147 0.0310689
0.0936827 0.622123 9.9991E-05 0.195289 0.088805
0.0576251 0.0492411 0.00491009 0.0980289 0.790195
0.123035 9.9982E-05 9.9982E-05 0.152228 0.724537
0.133297 0.0286106 0.0112253 0.072017 0.75485
0.0545696 0.0836561 9.9991E-05 0.0295373 0.832137
9.9991E-05 0.00756509 0.0443907 0.0659011 0.882043
0.148401 0.0263042 0.0226864 0.0477497 0.754859
0.22681 9.9991E-05 0.0808326 0.0374115 0.654846
0.0518639 0.0569867 9.9991E-05 0.0670926 0.823957
0.151713 0.00813772 0.0435936 0.00160429 0.794952
0.111268 9.9982E-05 9.9982E-05 0.0386632 0.849869
0.0684966 0.0292631 9.9982E-05 9.9982E-05 0.90204
9.9982E-05 0.0488938 0.00819807 9.9982E-05 0.942708
0.0471824 0.0176231 0.039914 0.010631 0.88465
0.0762439 9.9991E-05 0.0233112 0.00382078 0.896524
0.0481281 0.0646767 9.9982E-05 9.9982E-05 0.886995
9.9991E-05 0.0168055 0.0409902 0.0408089 0.901295
9.9991E-05 0.0498547 0.0993669 0.00918753 0.841491
0.0558745 9.9991E-05 0.0302179 0.107636 0.806171
0.0299561 0.0879032 0.0345758 0.055563 0.792002
0.0976855 0.0734008 0.0861004 0.0622266 0.680587
0.0931932 0.0651703 0.0340119 0.56223 0.245395
9.9991E-05 0.13273 0.0827516 0.720966 0.0634523
0.087694 0.0408111 0.0291295 0.729201 0.113164
0.0230036 9.9991E-05 0.0310644 0.759116 0.186716
0.011003 0.0319494 9.9991E-05 0.828049 0.128898
0.00947603 0.0263174 0.00707675 0.692815 0.264314
0.0559664 0.0164762 0.0180233 0.854564 0.0549697
0.0376228 0.105648 0.0200994 0.723968 0.112662
0.0767978 9.9991E-05 0.115025 0.693974 0.114103
0.00745421 0.176351 0.0492246 0.609396 0.157574
9.9991E-05 0.120521 0.0581111 0.727334 0.0939335
9.9991E-05 0.189683 0.00488518 0.778147 0.0271852
0.0437393 0.0979698 0.0660989 0.773574 0.0186178
9.9991E-05 0.0398232 0.0604292 0.809897 0.0897511
9.9991E-05 0.0207636 0.00903191 0.781201 0.188903
0.038682 0.0799561 0.0401869 0.779747 0.061428
0.184824 0.138357 0.0133147 0.639584 0.02392
0.00358343 0.0938972 9.9991E-05 0.546282 0.356137
9.9991E-05 0.0477474 0.0925791 0.569481 0.290093
9.9982E-05 9.9982E-05 0.0626821 0.385959 0.551158
9.9982E-05 0.0106524 9.9982E-05 0.840491 0.148656
0.0358375 0.131854 0.0980625 0.468084 0.266163
0.0747169 9.9982E-05 9.9982E-05 0.705997 0.219086
0.0295722 0.0646948 0.0542342 0.627831 0.223668
0.0699543 0.116365 0.0694403 0.642242 0.101998
9.9982E-05 9.9982E-05 0.0799616 0.743846 0.175992
0.205217 0.0800786 9.9991E-05 0.362885 0.351719
0.615093 9.9982E-05 9.9982E-05 0.0897201 0.294987
0.242641 0.0626766 0.0317347 0.47075 0.192198
0.0321217 0.0422102 0.0232741 0.662033 0.240361
0.13815 0.00429845 0.0185801 0.621866 0.217105
0.0553254 0.0979808 0.0198631 0.689638 0.137193
9.9991E-05 0.0962208 0.0277536 0.842789 0.0331364
0.0219331 0.0614378 0.0153684 0.718816 0.182444
9.9982E-05 0.0439723 9.9982E-05 0.780325 0.175503
0.176729 0.113175 0.0836872 0.595721 0.0306871
0.0925653 0.193014 0.0630718 0.606196 0.0451522
0.148485 0.0532959 0.0807492 0.685452 0.0320182
0.122918 0.106131 0.148939 0.621913 9.9991E-05
0.164761 0.0264821 0.037054 0.628889 0.142814
0.0392088 0.0129333 0.0699308 0.703697 0.17423
9.9991E-05 0.0848496 0.0735427 0.703473 0.138034
0.0328889 0.0334921 9.9991E-05 0.744187 0.189332
0.0485067 0.123009 0.0279872 0.666026 0.134471
0.182213 0.0226595 0.00668297 0.750788 0.0376559
0.0451928 0.0699235 0.0222721 0.778087 0.0845245
0.0341525 9.9982E-05 0.0136773 0.95197 9.9982E-05
0.087862 0.0686 0.0644831 0.645876 0.133179
0.034219 0.0568768 0.0042603 0.790208 0.114436
0.12207 0.0333439 0.038844 0.719718 0.0860249
0.048226 9.9991E-05 0.0123892 0.6673 0.271985
9.9991E-05 0.0269377 0.0385116 0.669772 0.264678
0.0501005 0.151358 0.0594543 0.705968 0.0331196
9.9973E-05 9.9973E-05 9.9973E-05 0.808515 0.191185
0.0110295 9.9982E-05 0.00624616 0.982524 9.9982E-05
9.9973E-05 9.9973E-05 9.9973E-05 0.810641 0.189059
0.1509 9.9991E-05 0.0691774 0.721223 0.0585995
0.060752 0.118584 0.0700027 0.667142 0.0835197
0.109738 0.0585134 0.0895212 0.683575 0.0586523
9.9991E-05 0.0594503 0.0769447 0.681138 0.182367
9.9991E-05 0.0848893 0.0149726 0.69114 0.208898
0.0327474 0.043087 0.0875665 0.756754 0.0798456
0.0601251 0.0317865 0.154885 0.57959 0.173614
0.2448 0.178556 9.9991E-05 0.568483 0.00806087
0.263693 0.0924612 9.9991E-05 0.581638 0.0621074
0.142825 0.240463 9.9991E-05 0.555203 0.0614094
0.207536 0.242404 0.0353972 0.514563 9.9991E-05
0.215254 0.244688 0.0105322 0.529426 9.9991E-05
0.283099 0.226918 0.00975244 0.480131 9.9991E-05
0.235782 0.20316 0.0591889 0.429292 0.0725775
0.136162 0.239442 0.0834393 0.494619 0.0463372
0.200673 0.207559 0.000244707 0.457011 0.134512
0.173705 0.223956 9.9991E-05 0.506 0.0962394
0.121232 0.282909 0.00203486 0.438551 0.155272
0.767952 0.0868228 0.00217952 0.0916346 0.0514113
0.851974 0.0278963 9.9991E-05 0.0484777 0.071552
0.749152 0.0958661 0.0226223 0.027988 0.104371
0.828153 9.9982E-05 0.0897193 9.9982E-05 0.0819275
0.789072 0.0597449 0.0487532 0.0724448 0.0299852
0.736878 0.110252 0.0405593 0.0819999 0.0303117
0.815165 0.0274836 0.025017 9.9991E-05 0.132235
0.829598 0.095999 0.00629098 0.0416332 0.0264787
0.601213 0.106839 0.0760682 0.173052 0.0428273
0.773834 0.00946667 9.9982E-05 9.9982E-05 0.216499
0.837228 0.0872804 9.9982E-05 9.9982E-05 0.0752914
0.818059 0.0183208 0.0217013 9.9991E-05 0.141819
0.752386 0.04295 0.0544525 0.0722781 0.0779337
0.649848 9.9991E-05 0.0361253 0.133817 0.180109
0.792474 0.0922716 0.0422849 0.0685977 0.00437196
0.78679 9.9991E-05 0.11754 0.0288373 0.0667337
0.872529 9.9982E-05 9.9982E-05 0.0841579 0.043113
0.809612 9.9991E-05 0.0718767 0.0717214 0.0466901
0.826537 0.0794891 0.0627737 9.9991E-05 0.0310998
0.813597 0.0663783 0.0319511 0.0879738 9.9991E-05
0.657156 0.0794937 0.0951974 0.129985 0.0381684
0.766065 0.0507231 9.9991E-05 0.0604947 0.122617
0.83742 0.0280605 0.0183499 0.11607 9.9991E-05
0.82676 9.9982E-05 0.0364978 0.136543 9.9982E-05
0.765262 0.0978282 0.0305789 0.106231 9.9991E-05
0.717823 0.140894 0.0194117 0.101223 0.0206487
0.786872 0.0773744 0.0233865 0.0224989 0.089868
0.748802 0.036715 0.0905716 0.0434083 0.0805033
0.761408 0.0694148 0.0357213 9.9991E-05 0.133356
0.810551 0.0864692 0.0208924 9.9991E-05 0.0819877
0.817941 9.9973E-05 9.9973E-05 9.9973E-05 0.18176
0.714017 0.00103971 0.113071 0.0411883 0.130684
0.763331 0.0953664 9.9991E-05 0.0140359 0.127166
0.829405 0.0573812 0.0174711 0.0956431 9.9991E-05
0.854365 0.0304239 0.0622478 0.0528629 9.9991E-05
0.180573 0.0525684 0.0693012 9.9991E-05 0.697458
0.159037 0.0550375 0.0839068 9.9991E-05 0.701919
0.107634 0.124134 0.127593 0.0167956 0.623843
0.123451 0.0775219 0.0956973 0.0908684 0.612461
0.114176 0.0602357 0.162167 0.0342835 0.629138
0.0207163 0.174594 9.9982E-05 9.9982E-05 0.80449
0.000376562 0.104593 0.0116629 9.9991E-05 0.883267
0.0435077 0.194438 0.109203 9.9991E-05 0.652752
