9.9973E-05 9.9973E-05 0.954472 0.0452284 9.9973E-05
0.0945994 0.0836914 0.724726 0.0968834 9.9991E-05
9.9982E-05 0.0662727 0.804795 9.9982E-05 0.128732
0.0395282 0.0426038 0.802963 9.9991E-05 0.114805
0.0702955 0.0264131 0.832731 9.9991E-05 0.07046
9.9973E-05 0.0798633 0.919837 9.9973E-05 9.9973E-05
9.9973E-05 0.0800152 0.919685 9.9973E-05 9.9973E-05
0.00322263 0.102177 0.869419 0.0198477 0.00533413
0.0258943 0.126947 0.823484 9.9991E-05 0.0235745
0.00114185 0.124957 0.830862 9.9991E-05 0.0429397
0.0523075 0.0724762 0.794476 9.9991E-05 0.0806405
0.0393748 0.0569914 0.765981 9.9991E-05 0.137553
0.0342286 9.99927E-05 0.820914 0.0545757 0.090182
9.9982E-05 0.10754 0.779138 9.9982E-05 0.113121
9.9982E-05 0.0210548 0.88425 9.9982E-05 0.0944949
9.9973E-05 0.0843427 0.915357 9.9973E-05 9.9973E-05
0.0173104 9.9973E-05 0.98239 9.9973E-05 9.9973E-05
9.9973E-05 9.9973E-05 0.984425 0.0152753 9.9973E-05
9.9973E-05 9.9973E-05 0.988447 0.0112531 9.9973E-05
9.9973E-05 9.9973E-05 0.959807 0.0398927 9.9973E-05
9.997E-05 9.997E-05 9.997E-05 9.997E-05 0.9996
0.0252587 0.00349127 0.0297014 0.117537 0.824012
0.0406124 0.0633544 0.0418363 0.150492 0.703705
9.9982E-05 0.0172761 9.9982E-05 0.18047 0.802054
0.0126095 9.9982E-05 0.00452452 9.9982E-05 0.982666
9.9982E-05 9.9982E-05 0.037361 0.0172108 0.945228
0.0105811 0.0741601 9.9991E-05 0.10053 0.814629
9.997E-05 9.997E-05 9.997E-05 9.997E-05 0.9996
0.0697521 0.102223 9.9982E-05 9.9982E-05 0.827825
0.157764 0.113578 0.0322613 0.0749834 0.621414
0.0428214 0.180895 9.9982E-05 9.9982E-05 0.776084
0.0342813 0.100201 9.9991E-05 0.125511 0.739907
0.00539779 0.0940903 0.0418679 0.0894564 0.769188
0.166371 0.157995 0.0192962 0.0117118 0.644626
0.268309 0.0179802 0.0601758 0.0509886 0.602547
0.244891 0.196124 0.0553788 9.9991E-05 0.503506
0.147192 0.0913502 0.000785272 0.103492 0.65718
0.0582511 9.9982E-05 9.9982E-05 0.864026 0.077523
0.140994 0.0846967 9.9982E-05 0.774109 9.9982E-05
0.0686639 0.146157 0.0220383 0.76304 9.9991E-05
0.0165576 0.0556803 0.0357888 0.891873 9.9991E-05
0.127253 0.0143369 0.0453699 0.81294 9.9991E-05
0.0369149 9.9991E-05 0.0109494 0.942417 0.00961891
0.0443545 0.15334 0.0830986 0.719107 9.9991E-05
0.0518594 0.0447221 0.00368843 0.846272 0.0534579
9.9991E-05 0.120691 0.0275715 0.796482 0.0551559
0.0396116 0.0156149 9.9991E-05 0.916069 0.0286041
9.9991E-05 0.0106073 0.0457062 0.935199 0.00838768
9.9973E-05 9.9973E-05 0.0453155 0.954385 9.9973E-05
0.00791053 0.0028179 0.0297253 0.9298 0.0297458
9.9973E-05 9.9973E-05 9.9973E-05 0.933985 0.0657149
9.9991E-05 0.0721058 0.00185839 0.921083 0.00485307
0.0442457 9.9982E-05 0.010626 0.944928 9.9982E-05
9.9982E-05 9.9982E-05 0.0889286 0.853103 0.0577685
0.0510331 0.0278147 0.00584284 0.873147 0.0421625
0.0546666 0.0296371 9.9991E-05 0.793514 0.122082
9.9991E-05 0.00185337 0.057805 0.816878 0.123364
0.590211 0.139013 0.0686045 0.113334 0.0888377
0.90897 9.9982E-05 0.0697157 9.9982E-05 0.0211141
0.801608 0.11373 0.045845 9.9991E-05 0.0387165
0.798633 0.059069 0.0194743 0.086944 0.0358795
0.887928 0.00808689 9.9991E-05 0.0107282 0.0931571
0.745123 0.0298057 0.0385486 0.178189 0.00833413
0.882322 0.0573524 0.0298717 9.9991E-05 0.0303543
0.901221 0.00994304 9.9991E-05 0.045845 0.0428906
0.682207 0.100823 0.113724 0.103145 9.9991E-05
0.645339 0.0235803 0.0677129 0.106956 0.156412
0.756524 0.0166305 0.0975919 0.0841985 0.0450548
0.812965 9.9982E-05 0.018993 9.9982E-05 0.167842
0.861304 0.0313626 0.0271408 9.9991E-05 0.0800926
0.83692 0.0348012 0.0203989 0.0923987 0.0154817
0.859436 0.0117195 9.9991E-05 0.0959414 0.0328031
0.816103 0.0323758 0.0283524 0.0439983 0.0791707
0.737976 0.168683 9.9991E-05 0.0025698 0.0906713
0.529087 9.9982E-05 9.9982E-05 0.368186 0.102527
0.526181 9.9991E-05 0.0666627 0.354698 0.0523586
0.381446 9.9982E-05 0.0754435 0.542911 9.9982E-05
0.943823 0.00290522 9.9982E-05 0.0530718 9.9982E-05
0.556112 0.070937 0.0832168 0.176085 0.113649
0.752464 0.0139726 9.9982E-05 0.233363 9.9982E-05
0.646475 0.0283916 0.0384775 0.238574 0.0480818
0.717166 0.0508539 0.0691923 0.100767 0.0620205
0.780997 9.9982E-05 0.0812918 0.137511 9.9982E-05
0.39021 0.190997 9.9991E-05 0.374801 0.0438915
0.16945 0.648037 9.9982E-05 0.182312 9.9982E-05
0.495815 0.189325 0.0306698 0.220536 0.0636545
0.701697 0.0213857 0.0241349 0.252683 9.9991E-05
0.651793 0.160321 0.000121094 0.187664 9.9991E-05
0.744716 0.0557199 0.0183842 0.151223 0.0299567
0.91882 9.9982E-05 0.0229684 9.9982E-05 0.0580114
0.726442 9.9991E-05 0.0347168 0.157602 0.0811393
0.793498 0.0612304 9.9982E-05 0.145072 9.9982E-05
0.604904 0.171938 0.0794459 9.9991E-05 0.143612
0.568324 0.0996309 0.0615157 0.096497 0.174033
0.733845 0.175068 0.0577066 9.9991E-05 0.0332799
0.675917 0.155403 0.109569 9.9991E-05 0.0590104
0.61343 0.213845 0.0627732 0.109851 9.9991E-05
0.691163 9.9991E-05 0.0740647 0.193924 0.0407482
0.809355 9.9991E-05 0.0350259 0.113275 0.0422439
0.766768 0.0511923 0.0226834 0.159256 9.9991E-05
0.761278 0.048613 0.0682951 0.0935978 0.0282156
0.791126 0.178625 0.030049 9.9982E-05 9.9982E-05
0.810126 0.0536929 9.9991E-05 0.0620726 0.0740087
0.987802 0.0118984 9.9973E-05 9.9973E-05 9.9973E-05
0.734858 0.131405 0.0495947 0.0137162 0.0704261
0.808931 0.0116262 0.0529095 0.0736227 0.0529105
0.714866 0.128185 0.0452091 0.091564 0.0201755
0.688716 0.064694 0.00585282 0.230987 0.00975045
0.73988 0.0103964 0.0563777 0.124244 0.0691022
0.666932 0.0392113 0.0915029 0.0553152 0.147039
0.848414 9.9982E-05 0.013603 0.137783 9.9982E-05
0.994057 0.00564263 9.9973E-05 9.9973E-05 9.9973E-05
0.869094 9.9973E-05 9.9973E-05 0.130607 9.9973E-05
0.749259 0.142789 0.0469264 0.0609262 9.9991E-05
0.75095 0.0617145 0.0361504 0.00807698 0.143108
0.679454 0.144896 0.100499 0.0331422 0.0420081
0.77241 9.9982E-05 0.0590009 0.168389 9.9982E-05
0.735511 9.9991E-05 0.0367518 0.183075 0.0445621
0.838005 0.0604296 0.0190645 0.0455125 0.0369886
0.646585 0.0877961 0.114141 0.111851 0.0396269
0.582199 0.193412 0.0371597 9.9991E-05 0.18713
0.600793 0.259731 9.9982E-05 9.9982E-05 0.139277
0.564532 0.0987328 9.9991E-05 0.0136204 0.323015
0.562761 0.201714 0.0234253 9.9991E-05 0.212
0.500119 0.239103 0.00963391 9.9991E-05 0.251044
0.436996 0.267204 0.0383057 0.0193251 0.23817
0.450277 0.214708 0.025698 0.078152 0.231165
0.533766 0.0784697 0.0721656 0.00141516 0.314184
0.449138 0.16848 0.0110926 0.175746 0.195544
0.560822 0.203469 0.0356277 0.0947542 0.105327
0.516929 0.122432 0.0368731 0.0418019 0.281964
0.0677292 0.841769 9.9982E-05 9.9982E-05 0.0903018
0.00997542 0.840366 0.0384303 0.0639037 0.0473246
0.0345113 0.762619 0.0482694 0.0595089 0.0950915
9.9991E-05 0.831374 0.0582643 0.098183 0.0120786
0.0306711 0.766895 0.0587619 0.124755 0.0189173
0.0510649 0.831458 0.0364436 0.00225895 0.0787746
9.9982E-05 0.821536 9.9982E-05 0.126355 0.0519093
0.0442285 0.835454 9.9991E-05 0.0129995 0.107218
0.163903 0.61324 0.0446841 0.0996881 0.0784843
0.0186906 0.781373 9.9982E-05 0.199736 9.9982E-05
9.9991E-05 0.789543 0.0267002 0.121993 0.0616632
9.9982E-05 0.853651 0.0602346 0.0859147 9.9982E-05
0.0463419 0.724682 0.0207412 0.208135 9.9991E-05
0.167044 0.628695 0.0191863 0.184974 9.9991E-05
0.0817457 0.759942 0.0384737 9.9991E-05 0.119738
0.0393087 0.823263 0.137228 9.9982E-05 9.9982E-05
0.00121156 0.998489 9.9973E-05 9.9973E-05 9.9973E-05
0.112273 0.778308 0.0914758 0.0150623 0.00288119
9.9991E-05 0.783492 0.0612548 0.0830018 0.0721513
0.0605088 0.81859 0.0533287 0.0674723 9.9991E-05
0.0848014 0.656661 0.111581 0.0132715 0.133685
0.0996411 0.825806 9.9982E-05 0.0743532 9.9982E-05
0.118673 0.875657 0.00337639 9.9991E-05 0.00219345
0.124922 0.833722 0.0354722 0.00578346 9.9991E-05
0.095823 0.738933 0.0520349 9.9991E-05 0.113109
0.0313626 0.779327 0.0334568 9.9991E-05 0.155754
9.9991E-05 0.753257 0.0673441 0.0602883 0.11901
0.116792 0.714958 0.0936492 0.0498544 0.024746
0.0292875 0.773154 0.055755 0.096887 0.0449165
0.00597595 0.788338 0.00246788 0.111921 0.0912973
9.9973E-05 0.863295 9.9973E-05 0.136405 9.9973E-05
0.0129546 0.693942 0.0405425 0.178509 0.0740521
0.017527 0.736265 0.0323569 0.0615977 0.152253
0.0637438 0.903457 9.9982E-05 9.9982E-05 0.0325995
0.0281098 0.810685 0.047988 9.9991E-05 0.113117
9.9991E-05 0.191582 0.0429416 0.69634 0.0690359
0.0163241 0.196572 0.068229 0.635028 0.0838471
0.0473297 0.0386048 0.152762 0.611529 0.149775
0.00432808 0.2011 0.101989 0.656676 0.0359072
9.9991E-05 0.12323 0.135115 0.688451 0.0531035
9.9982E-05 0.0630647 9.9982E-05 0.743826 0.192909
9.9991E-05 0.0124334 0.010439 0.864752 0.112275
9.9991E-05 0.0441585 0.124828 0.587719 0.243195
