0.963955 0.00470375 9.9982E-05 0.0311416 9.9982E-05
0.764679 0.00848429 0.135524 9.9991E-05 0.0912129
0.838364 0.0766472 0.0847893 9.9982E-05 9.9982E-05
0.808148 0.0666066 0.0877697 9.9991E-05 0.0373761
0.794266 0.0541871 0.0107077 0.0816833 0.0591554
0.915708 0.0268331 0.0489064 0.00845288 9.9991E-05
0.94206 9.9973E-05 0.0576406 9.9973E-05 9.9973E-05
0.844554 9.9991E-05 0.108509 0.0377118 0.00912454
0.804199 9.9973E-05 0.195501 9.9973E-05 9.9973E-05
0.873935 0.0815187 0.044346 9.9982E-05 9.9982E-05
0.820815 0.0217228 0.101175 9.9991E-05 0.0561871
0.828771 0.0378954 0.0864789 0.0151176 0.0317373
0.825483 0.0649218 0.0148779 0.0610963 0.0336206
0.725735 0.072667 0.159476 0.0193411 0.0227808
0.872681 0.0159262 0.0568931 9.9991E-05 0.0544001
0.903417 9.9973E-05 0.0962831 9.9973E-05 9.9973E-05
0.976361 9.9973E-05 9.9973E-05 9.9973E-05 0.023339
0.989557 9.9973E-05 9.9973E-05 0.0101431 9.9973E-05
0.9996 9.997E-05 9.997E-05 9.997E-05 9.997E-05
0.961505 0.0325382 9.9982E-05 9.9982E-05 0.00575671
9.997E-05 0.9996 9.997E-05 9.997E-05 9.997E-05
0.0361849 0.756314 0.0521405 0.0922343 0.0631268
0.073258 0.712636 0.0295719 0.130016 0.0545191
9.9982E-05 0.820373 0.038646 0.140781 9.9982E-05
0.000278704 0.918773 0.0555477 9.9991E-05 0.0253007
0.0307886 0.924001 9.9991E-05 0.0401855 0.00492486
9.9991E-05 0.755418 0.071519 0.153052 0.0199108
9.997E-05 0.9996 9.997E-05 9.997E-05 9.997E-05
0.0120659 0.789391 0.100168 9.9991E-05 0.0982748
0.0421806 0.674702 0.068276 0.119101 0.0957406
9.9982E-05 0.740289 0.21576 9.9982E-05 0.0437501
0.0103463 0.75347 0.133283 0.0778368 0.0250642
0.068994 0.770823 0.0130634 0.134634 0.0124859
0.0134409 0.64895 0.17504 9.9991E-05 0.16247
0.0605185 0.619767 0.0404458 0.0222466 0.257022
0.0921142 0.497545 0.219343 9.9991E-05 0.190898
9.9991E-05 0.687878 0.00172627 0.230954 0.0793409
9.9991E-05 0.0644343 0.0278753 0.752685 0.154905
9.9982E-05 9.9982E-05 0.0505478 0.832984 0.116268
0.0298561 0.00684762 0.0318203 0.818023 0.113453
9.9982E-05 9.9982E-05 0.0964645 0.820239 0.0830969
0.0590855 0.0302798 9.9991E-05 0.799885 0.11065
9.9982E-05 9.9982E-05 0.0149106 0.900644 0.0842453
0.0936364 0.018021 0.168681 0.687345 0.0323171
0.0311138 0.0727585 9.9991E-05 0.857379 0.0386483
0.0225591 0.0770122 0.13477 0.765559 9.9991E-05
9.9982E-05 0.00641541 9.9982E-05 0.868761 0.124624
0.038916 9.9991E-05 0.028327 0.929631 0.00302581
0.01847 0.0342081 9.9982E-05 0.947122 9.9982E-05
0.0519983 0.00404822 0.0465327 0.840708 0.0567131
0.0203069 0.0143688 0.040632 0.921347 0.00334532
0.0247525 0.076157 0.0076393 0.881418 0.0100331
9.9991E-05 0.0221965 0.006975 0.876931 0.0937979
0.125663 0.0102759 9.9982E-05 0.863861 9.9982E-05
0.00642246 9.9991E-05 0.0454232 0.888584 0.0594706
0.0327345 0.0976734 0.0523178 0.762277 0.054997
0.0957588 0.0288545 0.00771761 0.867569 9.9991E-05
0.0591523 0.114421 0.0527549 0.226062 0.547611
0.0889294 0.0586263 9.9991E-05 0.0203041 0.83204
0.0045576 0.0343873 0.0939044 0.120092 0.747059
0.0571392 9.9991E-05 0.0145376 0.247115 0.681108
9.9991E-05 0.0542844 0.083433 0.0267642 0.835418
0.0374681 0.00614123 9.9991E-05 0.221717 0.734574
0.0088964 0.0906476 0.0181662 0.0636005 0.818689
0.0129955 0.080611 9.9991E-05 0.0732841 0.833009
0.137015 9.9991E-05 0.122126 0.0944447 0.646314
0.05484 0.227872 0.0241981 0.0850691 0.60802
0.0528378 0.0607113 0.0346538 0.0677377 0.784059
9.9991E-05 0.138551 0.00605776 0.0253947 0.829897
0.0609206 0.0951418 0.0568273 9.9991E-05 0.78701
0.0251695 0.0116963 0.0628388 0.0401455 0.86015
9.9991E-05 0.0308242 0.0194797 0.158408 0.791188
0.0246375 0.127051 9.9991E-05 0.0775265 0.770685
0.00750924 0.120988 0.148311 0.0584944 0.664697
0.0105484 0.105841 0.0379324 0.33911 0.506568
0.0638616 0.0494883 0.0203011 0.298027 0.568322
0.0387395 9.9982E-05 9.9982E-05 0.52316 0.437901
9.9982E-05 0.0309094 9.9982E-05 0.143751 0.82514
0.0633735 0.0941771 0.0877325 0.198833 0.555884
9.9991E-05 0.0110661 0.0110289 0.219383 0.758422
0.0376908 0.0207958 0.10429 0.166725 0.670499
0.0289252 0.0763576 0.0192103 0.119507 0.756
0.0709292 9.9991E-05 0.0281682 0.144621 0.756181
0.0244006 0.0388269 0.204604 0.346366 0.385802
0.00139811 9.9991E-05 0.557544 0.211178 0.22978
0.061448 0.0693742 0.26356 0.153111 0.452506
0.0378181 0.0173124 0.107243 0.142157 0.69547
0.016755 0.0559846 0.174886 0.124516 0.627859
0.0449878 0.0156754 0.0796191 0.151486 0.708232
9.9982E-05 0.0382448 9.9982E-05 0.119936 0.841619
0.0173505 0.101523 0.0155363 0.14857 0.717021
9.9982E-05 9.9982E-05 0.0336428 0.209135 0.757022
0.0974881 0.129786 0.134554 0.0398322 0.59834
0.0565696 0.194461 0.0966482 0.104679 0.547643
0.0752923 0.0583857 0.181202 9.9991E-05 0.68502
0.0995012 0.06591 0.0990788 0.0805159 0.654994
0.0600517 9.9991E-05 0.197189 0.134848 0.607811
0.0469897 9.9982E-05 9.9982E-05 0.199078 0.753733
0.0395649 0.12856 9.9991E-05 0.0853838 0.746391
0.0415534 9.9991E-05 0.0184072 0.185761 0.754178
0.0721388 0.0242924 0.120124 0.0552708 0.728174
0.0690465 0.0270976 0.144165 0.0190275 0.740664
0.0313871 0.0184766 0.0490055 0.0992939 0.801837
0.0162398 9.9982E-05 0.0459639 9.9982E-05 0.937596
0.0911157 0.0932337 0.0655692 0.0521256 0.697956
0.0687812 0.0652905 0.00580722 0.0639658 0.796155
0.0454297 9.9991E-05 0.137484 0.110167 0.706819
9.9982E-05 9.9982E-05 0.0311305 0.237992 0.730678
0.0998541 0.0478078 0.0244671 0.159268 0.668603
0.0809223 0.143307 0.0319859 0.0516534 0.692131
9.9973E-05 9.9973E-05 9.9973E-05 0.186491 0.813209
0.0106873 9.9982E-05 0.0467308 9.9982E-05 0.942382
9.9973E-05 9.9973E-05 9.9973E-05 0.222376 0.777324
0.0723167 0.00448322 0.0648069 0.164391 0.694002
0.0457487 0.115396 0.117408 0.0704804 0.650968
0.0995131 0.0839868 0.0857517 9.9991E-05 0.730648
0.0758022 9.9982E-05 9.9982E-05 0.140353 0.783645
0.0142754 0.043683 9.9991E-05 0.191341 0.750601
0.0660779 0.057356 0.0384297 0.128298 0.709838
0.0567005 0.0602103 0.110625 0.185698 0.586766
0.0330222 0.225802 0.172115 9.9991E-05 0.56896
9.9991E-05 0.135973 0.29652 0.0235787 0.543828
9.9991E-05 0.315502 0.0947847 0.026859 0.562754
0.0428112 0.190651 0.228261 9.9991E-05 0.538177
0.0046373 0.235029 0.235683 0.0170961 0.507555
9.9982E-05 0.267062 0.246184 9.9982E-05 0.486554
0.0329207 0.202906 0.280618 0.0156225 0.467932
0.0663367 0.273804 0.14847 9.9991E-05 0.511289
9.9991E-05 0.20246 0.232116 0.0602479 0.505076
0.0203425 0.244459 0.133586 0.0166056 0.585006
0.00195378 0.308599 0.111249 0.10896 0.469238
0.00296655 0.0731579 0.836691 0.0218188 0.0653653
0.0266988 0.0837714 0.828481 0.0539509 0.00709759
0.0313997 0.0451969 0.837287 0.0766959 0.00942021
0.0521175 0.0135877 0.781188 0.153006 9.9991E-05
0.0464425 0.0731332 0.735441 0.141371 0.00361192
0.0605928 0.117926 0.768195 0.0458595 0.00742693
9.9991E-05 0.0516888 0.820206 0.101569 0.0264355
9.9982E-05 0.105657 0.868119 9.9982E-05 0.0260245
0.0747407 0.0419326 0.679988 0.141586 0.0617525
0.0708195 0.0818956 0.681938 0.165247 9.9991E-05
9.9982E-05 0.0657436 0.8168 0.117257 9.9982E-05
0.0239744 0.0685062 0.777889 0.129531 9.9991E-05
0.0600464 0.0996893 0.694417 0.10575 0.0400968
0.017482 9.9991E-05 0.615421 0.168758 0.198238
0.109855 0.0857997 0.731903 9.9991E-05 0.0723425
0.1393 9.9982E-05 0.844733 9.9982E-05 0.0157666
0.0175098 9.9991E-05 0.884575 0.068234 0.0295811
0.0823858 9.9991E-05 0.818339 0.0383931 0.0607821
0.0507882 0.0692939 0.829094 0.0507236 9.9991E-05
0.0227521 0.0152817 0.757511 0.149439 0.0550161
0.120349 0.0454247 0.680679 0.0693656 0.0841811
9.9991E-05 0.0503031 0.80761 0.0784456 0.0635409
0.050139 0.0717639 0.81649 9.9991E-05 0.0615068
0.0676578 9.9982E-05 0.859907 9.9982E-05 0.0722356
0.0687468 0.131509 0.766156 0.00923925 0.0243498
0.0589083 0.118223 0.760821 0.0418898 0.0201576
0.0428249 0.117512 0.747272 0.0922914 9.9991E-05
0.068499 0.0323204 0.734831 0.0505279 0.113821
0.0365287 0.0065331 0.772419 0.129596 0.0549234
9.9991E-05 0.054065 0.824962 0.109441 0.0114322
9.9982E-05 0.0120197 0.805533 0.182248 9.9982E-05
0.0879782 0.061447 0.663105 0.187369 9.9991E-05
9.9982E-05 0.122753 0.753562 0.123486 9.9982E-05
9.9982E-05 0.0788786 0.891651 9.9982E-05 0.0292703
0.0437504 0.0578429 0.875429 9.9991E-05 0.0228782
0.0578673 0.0690506 0.151283 0.707381 0.0144182
0.076572 0.157617 0.104198 0.661513 9.9991E-05
0.117896 0.191272 0.0901499 0.600582 9.9991E-05
0.099493 0.0326466 0.187171 0.633457 0.0472326
0.106205 0.169748 0.0410852 0.682862 9.9991E-05
9.9991E-05 0.0981602 0.0797228 0.79531 0.0267072
0.0565789 0.0690597 0.0426824 0.831579 9.9991E-05
0.120003 0.190689 0.0319703 0.657238 9.9991E-05
