9.9946E-05 9.9946E-05 9.9946E-05 9.9946E-05 9.9946E-05 0.0234577 0.00156137 0.866575 0.107806 9.9946E-05
9.9955E-05 9.9955E-05 9.9955E-05 0.0183102 0.00569296 0.107523 9.9955E-05 0.705394 0.16258 9.9955E-05
9.9946E-05 0.0452872 0.0969628 9.9946E-05 9.9946E-05 9.9946E-05 9.9946E-05 0.785774 0.0713763 9.9946E-05
9.9955E-05 9.9955E-05 9.9955E-05 0.114005 0.0117924 9.9955E-05 9.9955E-05 0.730699 0.13456 0.00844479
9.9973E-05 0.0505928 0.00303385 0.088368 0.00898266 9.9973E-05 0.03445 0.771012 0.0432605 9.9973E-05
9.9937E-05 9.9937E-05 0.145656 9.9937E-05 9.9937E-05 9.9937E-05 9.9937E-05 0.811697 9.9937E-05 0.0419478
9.9955E-05 0.0590773 0.0826606 9.9955E-05 9.9955E-05 9.9955E-05 0.0121378 0.835055 9.9955E-05 0.010569
9.9955E-05 0.037399 0.0592448 9.9955E-05 9.9955E-05 0.0429284 0.0393049 0.820623 9.9955E-05 9.9955E-05
9.9946E-05 0.0791664 0.212656 9.9946E-05 9.9946E-05 9.9946E-05 9.9946E-05 0.662033 0.0455452 9.9946E-05
0.0384926 9.9973E-05 9.9973E-05 0.0909836 0.0395124 9.9973E-05 0.0130715 0.816878 0.000131307 0.000630528
9.9946E-05 9.9946E-05 9.9946E-05 0.124715 9.9946E-05 9.9946E-05 9.9946E-05 0.735238 0.134644 0.0048044
9.9964E-05 9.9964E-05 0.0468007 9.9964E-05 0.0493598 0.0015096 9.9964E-05 0.748899 0.138829 0.0142029
0.0625913 0.0776469 9.9973E-05 0.0176031 0.0125759 0.0290257 9.9973E-05 0.722106 9.9973E-05 0.0781516
9.9955E-05 9.9955E-05 0.0946611 9.9955E-05 0.088225 0.0867396 0.0302033 0.699671 9.9955E-05 9.9955E-05
0.0468455 9.9946E-05 9.9946E-05 0.0860282 9.9946E-05 9.9946E-05 9.9946E-05 0.787386 0.0791406 9.9946E-05
9.995E-05 0.00515429 0.0910233 0.0566819 9.995E-05 9.995E-05 9.995E-05 0.843801 9.995E-05 0.00284019
0.018029 9.9946E-05 9.9946E-05 9.9946E-05 9.9946E-05 9.9946E-05 0.0167125 0.917414 9.9946E-05 0.0472452
9.9928E-05 9.9928E-05 9.9928E-05 9.9928E-05 9.9928E-05 0.06535 9.9928E-05 0.933851 9.9928E-05 9.9928E-05
9.99371E-05 9.99371E-05 9.99371E-05 9.99371E-05 9.99371E-05 0.0601636 9.99371E-05 0.927046 9.99371E-05 0.0120911
9.9955E-05 9.9955E-05 0.0364369 9.9955E-05 0.0148051 9.9955E-05 0.0250645 0.874994 9.9955E-05 0.0482
9.99201E-05 9.99201E-05 9.99201E-05 9.99201E-05 0.999101 9.99201E-05 9.99201E-05 9.99201E-05 9.99201E-05 9.99201E-05
9.995E-05 9.995E-05 9.995E-05 0.145545 0.62002 0.0199583 9.995E-05 9.995E-05 0.18066 0.0333161
0.00641572 9.9973E-05 9.9973E-05 0.0848591 0.614926 0.169419 0.0305649 0.0437178 0.049798 9.9973E-05
9.9955E-05 9.9955E-05 9.9955E-05 0.0652552 0.736821 0.118415 0.0203175 9.9955E-05 0.0586924 9.9955E-05
9.9955E-05 0.0075136 0.0536753 9.9955E-05 0.881619 9.9955E-05 0.0301777 9.9955E-05 0.0265144 9.9955E-05
9.9973E-05 0.126549 0.0350753 9.9973E-05 0.799602 9.9973E-05 0.0184151 0.00402708 0.0109274 0.0051043
0.152739 0.021052 9.9955E-05 0.0859019 0.672218 0.067589 9.9955E-05 9.9955E-05 9.9955E-05 9.9955E-05
9.99201E-05 9.99201E-05 9.99201E-05 9.99201E-05 0.999101 9.99201E-05 9.99201E-05 9.99201E-05 9.99201E-05 9.99201E-05
0.105747 0.110909 0.00350669 0.100198 0.654447 9.9964E-05 0.0247919 9.9964E-05 9.9964E-05 9.9964E-05
0.0884713 0.0590844 9.9982E-05 0.069018 0.600113 0.0824053 0.016614 9.9982E-05 0.0159289 0.0681647
0.0247983 0.0687436 0.0872095 0.0721342 0.66319 9.9964E-05 9.9964E-05 9.9964E-05 0.0835243 9.9964E-05
0.0120826 0.117104 0.0953395 0.00734837 0.626606 0.117015 9.9973E-05 9.9973E-05 9.9973E-05 0.024204
9.9964E-05 0.22553 9.9964E-05 0.0371524 0.572944 0.103984 9.9964E-05 0.0536019 9.9964E-05 0.00638756
9.9964E-05 0.0856747 9.9964E-05 0.15052 0.524207 9.9964E-05 0.0143637 9.9964E-05 0.177585 0.0472494
0.017433 0.0822192 0.00807371 0.0780814 0.524975 9.9982E-05 0.015854 0.0246231 0.24854 9.9982E-05
9.99639E-05 9.99639E-05 0.104376 0.114223 0.32328 9.99639E-05 9.99639E-05 0.0394511 0.40344 0.0148295
0.272462 9.9982E-05 0.0933904 0.00831941 0.540871 0.0613972 0.00355422 0.0111794 9.9982E-05 0.00862688
0.11822 0.0264264 9.9973E-05 0.0331329 0.0909748 0.678575 9.9973E-05 9.9973E-05 0.0412759 0.011095
0.130847 0.105967 0.141857 9.9964E-05 9.9964E-05 0.573607 0.0353225 9.9964E-05 9.9964E-05 0.012
0.037482 9.9982E-05 9.9982E-05 0.0913517 0.0014402 0.707933 0.0128511 0.0321099 0.0539775 0.0626549
0.178063 9.9946E-05 0.232991 9.9946E-05 9.9946E-05 0.584885 9.9946E-05 9.9946E-05 9.9946E-05 0.00346113
0.0956529 9.9964E-05 0.093195 9.9964E-05 9.9964E-05 0.661111 0.0337918 0.0518513 0.0639986 9.9964E-05
0.166203 9.9964E-05 9.9964E-05 0.117474 9.9964E-05 0.692388 0.00892725 0.000916893 9.9964E-05 0.0136907
9.9982E-05 0.039657 0.156067 0.0121997 0.0344251 0.614905 9.9982E-05 0.0320642 0.0772843 0.0331968
0.0632668 9.9973E-05 9.9973E-05 0.0735591 0.0314995 0.723503 0.00214004 9.9973E-05 0.0781085 0.0276227
9.9955E-05 0.107771 0.270403 9.9955E-05 9.9955E-05 0.574159 0.0280919 0.0190756 9.9955E-05 9.9955E-05
0.198018 9.9955E-05 9.9955E-05 0.0368448 9.9955E-05 0.671682 0.058359 9.9955E-05 9.9955E-05 0.0345958
0.0513212 0.00125271 9.9964E-05 0.173344 9.9964E-05 0.712123 0.0407247 9.9964E-05 9.9964E-05 0.0208342
0.013267 9.9964E-05 9.9964E-05 9.9964E-05 0.0237795 0.894621 0.0232867 0.00504175 9.9964E-05 0.039604
0.108723 9.9964E-05 9.9964E-05 0.0859838 0.00207587 0.743719 0.0103822 9.9964E-05 0.0487155 9.9964E-05
0.0149147 0.0464966 0.0202204 0.0192232 9.9982E-05 0.849108 0.0271464 9.9982E-05 0.0224152 0.000275977
9.9937E-05 9.9937E-05 0.24149 9.9937E-05 9.9937E-05 0.715039 9.9937E-05 9.9937E-05 9.9937E-05 0.0427715
0.0494121 0.0318281 9.9973E-05 9.9973E-05 0.0098194 0.777172 0.0860773 0.0120254 9.9973E-05 0.0333662
9.9955E-05 9.9955E-05 0.0265865 9.9955E-05 9.9955E-05 0.734637 9.9955E-05 0.0504237 0.144637 0.0432159
0.113318 9.9982E-05 0.0461972 0.0609603 0.00705839 0.651443 0.0168936 0.0155755 9.9982E-05 0.0883539
9.9973E-05 0.0631465 9.9973E-05 0.0953853 0.0510152 0.638572 9.9973E-05 0.0189311 0.112954 0.0196951
0.0174903 0.0500729 0.0762358 9.9973E-05 0.022958 0.747239 0.0754719 0.010232 9.9973E-05 9.9973E-05
0.54664 9.9973E-05 0.157204 9.9973E-05 0.00363786 0.0633029 0.000680352 0.0336566 0.194579 9.9973E-05
9.9928E-05 9.9928E-05 9.9928E-05 9.9928E-05 9.9928E-05 9.9928E-05 9.9928E-05 9.9928E-05 0.914043 0.0851574
0.470199 0.0947456 0.0343192 0.0310055 9.9991E-05 0.00921931 0.0462369 0.0125778 0.271106 0.0304902
0.549432 0.0862356 9.9955E-05 9.9955E-05 9.9955E-05 0.03391 0.015444 9.9955E-05 0.314478 9.9955E-05
0.505255 0.154224 9.9946E-05 9.9946E-05 9.9946E-05 9.9946E-05 0.0109021 9.9946E-05 0.32902 9.9946E-05
0.523357 0.108481 0.000383404 9.9982E-05 9.9982E-05 0.105427 0.0252849 0.0155876 0.155167 0.0661121
9.9937E-05 0.000867591 9.9937E-05 9.9937E-05 9.9937E-05 9.9937E-05 9.9937E-05 9.9937E-05 0.00635521 0.992078
9.99369E-05 9.99369E-05 9.99369E-05 0.042789 9.99369E-05 9.99369E-05 9.99369E-05 9.99369E-05 0.831535 0.124976
0.163477 0.150204 9.9982E-05 0.0785033 9.9982E-05 0.0760671 0.0021248 0.0741073 0.39661 0.0587068
0.570229 9.998E-05 9.998E-05 0.029269 0.111762 0.0277681 0.0270892 0.0733844 0.0241934 0.136105
0.631121 0.096805 9.9973E-05 0.0334793 9.9973E-05 9.9973E-05 0.0389472 0.034592 0.0758829 0.0888729
0.712846 0.0265154 9.9964E-05 9.9964E-05 0.0469018 9.9964E-05 0.0367011 9.9964E-05 0.120149 0.0564868
0.353897 9.9973E-05 9.9973E-05 0.0332538 0.0679831 9.9973E-05 0.0508676 0.0308994 0.377022 0.0857774
0.755886 0.0157447 9.9973E-05 9.9973E-05 0.00909188 9.9973E-05 0.0125756 0.0179316 0.160491 0.0279794
0.551775 0.194584 0.028028 9.9973E-05 9.9973E-05 0.00599115 0.0162604 9.9973E-05 0.119547 0.0835146
0.491946 0.0181078 9.9964E-05 9.9964E-05 0.0424859 9.9964E-05 0.0360483 9.9964E-05 0.392224 0.018788
9.9955E-05 0.391882 0.0654122 9.9955E-05 0.00450642 9.9955E-05 9.9955E-05 9.9955E-05 0.510797 0.0269035
0.236575 0.294736 0.00903864 9.9973E-05 0.0339528 0.219066 9.9973E-05 9.9973E-05 0.0149172 0.191414
0.544439 0.0615711 9.9982E-05 0.0332089 9.9982E-05 0.166873 0.0232745 0.0707408 0.0710373 0.0286555
0.101808 0.031138 9.9973E-05 9.9973E-05 9.9973E-05 0.497293 0.0105897 0.0262064 0.301291 0.0313738
0.00618572 9.9937E-05 9.9937E-05 9.9937E-05 9.9937E-05 9.9937E-05 0.0258969 9.9937E-05 9.9937E-05 0.967218
0.0771787 0.239243 0.0113402 9.9991E-05 0.0135781 0.130981 0.0600589 0.0294417 0.353211 0.0848677
0.391893 9.9964E-05 9.9964E-05 0.0645244 9.9964E-05 0.0256162 0.0307156 9.9964E-05 0.349833 0.137018
0.821831 9.9964E-05 0.0806462 9.9964E-05 0.0634871 9.9964E-05 0.010426 0.0139754 9.9964E-05 0.00923464
0.581768 0.0634103 0.0422892 9.9982E-05 0.00898102 9.9982E-05 0.0246105 0.00193757 0.239431 0.0373728
0.576518 9.9973E-05 0.0439159 9.9973E-05 9.9973E-05 0.0248367 0.014655 0.0987923 0.18132 0.0596626
0.139211 9.9982E-05 0.339129 9.9982E-05 0.0493886 0.126281 0.0690791 0.018389 0.18945 0.0688723
0.0138096 9.9973E-05 0.353725 0.28721 9.9973E-05 0.114031 9.9973E-05 0.00218937 0.159097 0.0696382
0.432266 0.114243 0.271371 9.9973E-05 0.0293582 0.0327723 0.0027907 9.9973E-05 0.116899 9.9973E-05
0.965648 9.9937E-05 9.9937E-05 0.0285144 9.9937E-05 9.9937E-05 0.00513774 9.9937E-05 9.9937E-05 9.9937E-05
0.744662 0.0992401 0.0900004 0.0392884 9.9964E-05 9.9964E-05 9.9964E-05 0.00386952 9.9964E-05 0.0225397
0.785248 0.0229236 0.09509 9.9973E-05 0.0115419 9.9973E-05 0.0373509 0.0385184 0.00902725 9.9973E-05
9.99279E-05 9.99279E-05 9.99279E-05 9.99279E-05 9.99279E-05 9.99279E-05 0.133624 9.99279E-05 0.865577 9.99279E-05
0.494422 9.9964E-05 9.9964E-05 9.9964E-05 9.9964E-05 0.131625 0.0320578 0.049954 0.169344 0.122197
0.659207 9.9964E-05 0.0490631 9.9964E-05 9.9964E-05 0.0599694 0.0161904 9.9964E-05 0.102342 0.112828
9.9973E-05 0.0794363 0.231663 9.9973E-05 0.040607 9.9973E-05 0.0280357 0.00840563 0.607553 0.0039998
0.0753634 0.0938549 9.9991E-05 0.0598985 0.0925185 0.0349248 0.00325682 0.032369 0.556148 0.051566
0.269357 9.9955E-05 0.171127 9.9955E-05 9.9955E-05 9.9955E-05 9.9955E-05 0.000395903 0.556879 0.00174171
0.245977 0.0859447 0.0558498 0.00929319 0.0379285 9.9973E-05 9.9973E-05 0.0559971 0.50871 9.9973E-05
9.9973E-05 0.241797 9.9973E-05 0.109358 0.00168896 0.0879694 9.9973E-05 0.00958189 0.407341 0.141964
0.466981 0.0467553 9.9973E-05 9.9973E-05 9.9973E-05 0.0715062 0.00901372 0.0973918 0.140131 0.167921
0.750854 0.158941 9.9973E-05 9.9973E-05 0.0139739 0.0375011 0.0138513 0.00689446 0.0176839 9.9973E-05
0.374838 0.00193756 9.9955E-05 9.9955E-05 9.9955E-05 0.0553008 9.9955E-05 9.9955E-05 0.430189 0.137234
0.499263 9.9982E-05 0.0476615 0.00938356 0.127493 9.9982E-05 0.0409845 0.0489731 0.203411 0.0226311
0.412153 0.120047 0.0377301 0.082945 9.998E-05 9.998E-05 0.087738 0.00167134 0.0927572 0.164758
0.425609 0.183059 9.9946E-05 9.9946E-05 9.9946E-05 9.9946E-05 9.9946E-05 9.9946E-05 0.370465 0.0202677
9.99201E-05 9.99201E-05 9.99201E-05 9.99201E-05 9.99201E-05 9.99201E-05 0.999101 9.99201E-05 9.99201E-05 9.99201E-05
0.299732 0.0889111 0.0490858 0.0322109 0.0295521 0.0074066 0.03712 0.0562811 0.302826 0.0968746
0.548302 9.9964E-05 0.110584 9.9964E-05 9.9964E-05 9.9964E-05 0.0218893 0.00833656 0.273384 0.0371047
0.588962 9.9982E-05 0.0463416 0.0338849 9.9982E-05 0.0105818 0.0293885 0.01368 0.276731 0.00022956
0.461519 0.123142 9.9973E-05 0.000117727 9.9973E-05 0.121475 0.0220773 9.9973E-05 0.263809 0.00756026
0.341282 0.242737 9.9955E-05 9.9955E-05 9.9955E-05 0.0430838 9.9955E-05 9.9955E-05 0.255614 0.116784
0.551821 9.9964E-05 9.9964E-05 9.9964E-05 0.148018 9.9964E-05 0.00385814 0.0932828 0.182342 0.0202781
9.99201E-05 9.99201E-05 9.99201E-05 9.99201E-05 9.99201E-05 9.99201E-05 9.99201E-05 9.99201E-05 9.99201E-05 0.999101
9.99201E-05 9.99201E-05 9.99201E-05 9.99201E-05 9.99201E-05 9.99201E-05 0.999101 9.99201E-05 9.99201E-05 9.99201E-05
9.99201E-05 9.99201E-05 9.99201E-05 9.99201E-05 9.99201E-05 9.99201E-05 9.99201E-05 9.99201E-05 9.99201E-05 0.999101
0.108244 9.9955E-05 0.130477 9.9955E-05 9.9955E-05 9.9955E-05 0.0265534 9.9955E-05 0.698149 0.0360775
9.9964E-05 0.0641263 0.0901506 9.9964E-05 0.0655724 0.0101449 9.9964E-05 9.9964E-05 0.641909 0.127697
0.289352 9.997E-05 0.122607 9.997E-05 0.0304381 9.997E-05 0.0286416 0.0476316 0.44091 0.0401202
0.610142 9.996E-05 9.996E-05 9.996E-05 9.996E-05 0.0696612 0.0453987 0.0329763 0.187794 0.0536279
0.795891 9.9964E-05 9.9964E-05 9.9964E-05 0.0141425 0.0366941 0.0444494 0.034915 9.9964E-05 0.0735086
9.99279E-05 9.99279E-05 9.99279E-05 9.99279E-05 9.99279E-05 9.99279E-05 0.0741896 9.99279E-05 0.925011 9.99279E-05
0.393448 9.9964E-05 9.9964E-05 0.0791134 9.9964E-05 0.0177075 0.0243904 0.027423 0.457518 9.9964E-05
9.9937E-05 0.838356 0.0888223 9.9937E-05 9.9937E-05 9.9937E-05 9.9937E-05 9.9937E-05 0.0721223 9.9937E-05
0.138578 0.699673 9.9946E-05 0.128987 9.9946E-05 9.9946E-05 9.9946E-05 9.9946E-05 9.9946E-05 0.0321625
9.9946E-05 0.922042 9.9946E-05 9.9946E-05 0.0238759 9.9946E-05 0.0218665 9.9946E-05 9.9946E-05 0.0316157
9.9937E-05 0.894297 0.0432602 9.9937E-05 9.9937E-05 9.9937E-05 9.9937E-05 9.9937E-05 0.0617431 9.9937E-05
0.0108283 0.776061 9.9982E-05 0.0705786 9.9982E-05 0.0659598 0.0234069 0.000244857 0.0220455 0.0306749
9.9964E-05 0.679837 9.9964E-05 0.125456 0.0792795 9.9964E-05 0.00993485 9.9964E-05 0.0824044 0.022688
9.9937E-05 0.992841 9.9937E-05 9.9937E-05 9.9937E-05 9.9937E-05 0.000184632 0.00627443 9.9937E-05 9.9937E-05
9.9955E-05 0.878272 9.9955E-05 9.9955E-05 0.0343599 9.9955E-05 0.0041897 0.0286078 0.0540712 9.9955E-05
9.9955E-05 0.840612 0.101919 9.9955E-05 9.9955E-05 0.0348035 0.0136117 9.9955E-05 9.9955E-05 0.0085545
9.9946E-05 0.823556 0.0149653 9.9946E-05 9.9946E-05 9.9946E-05 0.0351699 9.9946E-05 0.125709 9.9946E-05
0.135132 0.804487 9.9964E-05 0.00909918 0.00416672 0.0379127 0.00880247 9.9964E-05 9.9964E-05 9.9964E-05
9.9964E-05 0.0999693 0.865062 0.00952799 9.9964E-05 9.9964E-05 0.000143606 9.9964E-05 0.0130573 0.0118402
9.9955E-05 0.193346 0.140274 0.623131 9.9955E-05 0.0195038 0.0232457 9.9955E-05 9.9955E-05 9.9955E-05
0.0263101 9.9946E-05 0.947306 9.9946E-05 0.0089917 9.9946E-05 0.016793 9.9946E-05 9.9946E-05 9.9946E-05
0.0307011 9.9955E-05 0.513391 0.38651 9.9955E-05 0.0278755 9.9955E-05 0.0410226 9.9955E-05 9.9955E-05
9.99201E-05 9.99201E-05 0.999101 9.99201E-05 9.99201E-05 9.99201E-05 9.99201E-05 9.99201E-05 9.99201E-05 9.99201E-05
9.996E-05 0.0561157 0.708327 0.0995878 0.044869 9.996E-05 9.996E-05 0.00623892 0.084462 9.996E-05
9.9955E-05 9.9955E-05 0.511272 0.281547 0.0332471 0.117255 0.0561787 9.9955E-05 9.9955E-05 9.9955E-05
0.0498061 0.113008 0.0369194 0.762076 0.0363798 9.9964E-05 0.00141054 9.9964E-05 9.9964E-05 9.9964E-05
9.99639E-05 9.99639E-05 0.705993 0.0498609 9.99639E-05 9.99639E-05 0.0124813 0.0397575 0.0773981 0.114109
9.9955E-05 0.136027 0.469646 0.315352 9.9955E-05 0.0675325 0.0109434 9.9955E-05 9.9955E-05 9.9955E-05
9.9973E-05 0.0464622 0.54174 0.341297 0.0167531 9.9973E-05 0.00677249 0.00149932 9.9973E-05 0.0451767
0.0263002 9.9955E-05 0.444467 0.42052 9.9955E-05 0.0787642 9.9955E-05 0.0294483 9.9955E-05 9.9955E-05
0.0443223 0.0847659 0.142488 0.557569 9.9982E-05 0.0802421 9.9982E-05 0.0298245 0.0558795 0.00470887
9.9955E-05 9.9955E-05 0.462486 0.210832 9.9955E-05 0.0884565 9.9955E-05 9.9955E-05 0.22476 0.0129657
9.9946E-05 9.9946E-05 9.9946E-05 0.779299 0.0344461 9.9946E-05 9.9946E-05 0.0175458 0.16811 9.9946E-05
9.9955E-05 9.9955E-05 0.217889 0.583529 0.0280677 9.9955E-05 9.9955E-05 0.0152837 0.154731 9.9955E-05
9.9955E-05 0.00637401 9.9955E-05 0.881442 9.9955E-05 0.0437822 0.00477593 9.9955E-05 9.9955E-05 0.0631256
0.149876 9.9955E-05 9.9955E-05 0.804517 9.9955E-05 9.9955E-05 9.9955E-05 0.026677 0.013855 0.00457492
0.0592691 9.9964E-05 9.9964E-05 0.852632 0.0445195 0.00313439 0.000217458 0.0398274 9.9964E-05 9.9964E-05
0.0974114 9.997E-05 9.997E-05 0.751426 0.0431795 0.0832163 0.00683417 9.997E-05 0.00988347 0.00774889
9.9991E-05 0.0109146 0.431154 0.232716 0.0630208 0.0269706 0.010232 0.0334309 0.137695 0.0537665
0.0405459 0.0922064 0.400527 0.412654 0.0195246 0.0273624 0.0068802 9.99802E-05 9.99802E-05 9.99802E-05
9.9964E-05 0.0538925 9.9964E-05 0.824614 9.9964E-05 9.9964E-05 0.0193975 0.00589217 0.077347 0.0184574
0.0276328 0.0804567 0.112165 0.715722 0.00503283 9.9982E-05 0.00399606 0.0300726 9.9982E-05 0.0247215
9.9955E-05 9.9955E-05 0.106576 0.679556 0.0345232 9.9955E-05 0.00693089 9.9955E-05 0.171915 9.9955E-05
0.0575646 9.9973E-05 0.395106 0.432884 0.0231923 0.000798675 9.9973E-05 0.0044539 0.0857007 9.9973E-05
9.9964E-05 9.9964E-05 0.22312 0.488793 0.0383654 9.9964E-05 9.9964E-05 0.0186095 0.20619 0.0245227
9.9982E-05 9.9982E-05 0.299519 0.465899 0.00909995 0.0520598 0.00754526 0.0399791 0.096336 0.0293619
9.9973E-05 0.0470563 0.295227 0.437615 0.00247694 0.0376202 9.9973E-05 0.0323465 0.147358 9.9973E-05
9.9964E-05 9.9964E-05 0.14419 0.675009 0.0512828 0.0566004 0.0392084 9.9964E-05 0.0333096 9.9964E-05
9.9955E-05 0.0600597 0.202464 0.649136 9.9955E-05 0.0611113 0.026729 9.9955E-05 9.9955E-05 9.9955E-05
9.9964E-05 0.0628397 0.256581 0.471149 9.9964E-05 0.123208 9.9964E-05 0.0602983 0.0255239 9.9964E-05
0.0713402 9.9955E-05 0.238268 0.545878 0.0988216 0.0451924 9.9955E-05 9.9955E-05 9.9955E-05 9.9955E-05
0.00773057 9.9964E-05 0.218299 0.626246 0.0610739 9.9964E-05 0.0322564 9.9964E-05 0.053994 9.9964E-05
9.9928E-05 9.9928E-05 0.976372 9.9928E-05 9.9928E-05 9.9928E-05 0.0228285 9.9928E-05 9.9928E-05 9.9928E-05
9.9946E-05 0.0435511 0.211512 9.9946E-05 9.9946E-05 0.623497 9.9946E-05 9.9946E-05 0.12084 9.9946E-05
9.9964E-05 9.9964E-05 0.129358 0.0448751 0.0163288 0.497255 0.0185373 9.9964E-05 0.293246 9.9964E-05
9.9955E-05 9.9955E-05 9.9955E-05 0.152171 0.026301 0.483223 9.9955E-05 0.081098 0.256708 9.9955E-05
9.9973E-05 0.0506752 0.162625 0.0441799 9.9973E-05 0.478701 9.9973E-05 0.0169042 0.232925 0.0136907
0.0210956 0.0508525 9.9982E-05 0.154382 0.0263227 0.530413 0.018666 0.0741441 0.123924 9.9982E-05
9.9973E-05 0.138537 0.0783154 0.0246087 0.0922107 0.642836 0.00395409 9.9973E-05 9.9973E-05 0.0192377
9.9937E-05 9.9937E-05 9.9937E-05 0.103879 9.9937E-05 0.745723 9.9937E-05 9.9937E-05 0.149698 9.9937E-05
9.9964E-05 0.0906779 0.124293 9.9964E-05 0.133825 0.438797 9.9964E-05 0.0682833 0.143725 9.9964E-05
