9.9946E-05 9.9946E-05 0.926695 9.9946E-05 9.9946E-05 9.9946E-05 0.0225652 9.9946E-05 0.019635 0.0305049
9.9964E-05 9.9964E-05 0.713855 0.0518435 0.0290935 0.134123 9.9964E-05 9.9964E-05 0.00155184 0.0691329
9.9955E-05 0.0785277 0.767804 0.0430133 9.9955E-05 0.108562 9.9955E-05 9.9955E-05 9.9955E-05 0.00159348
9.9964E-05 0.0155063 0.77221 0.10022 0.00246372 0.0934515 9.9964E-05 0.0157484 9.9964E-05 9.9964E-05
9.999E-05 0.0307213 0.792838 0.0182349 0.014956 0.0256546 0.0140062 0.0109697 0.0265939 0.0659253
9.9946E-05 9.9946E-05 0.863548 9.9946E-05 0.0241547 9.9946E-05 9.9946E-05 0.0330543 9.9946E-05 0.0786434
0.00394411 9.9946E-05 0.912513 0.0412759 9.9946E-05 9.9946E-05 9.9946E-05 0.0416677 9.9946E-05 9.9946E-05
9.9973E-05 9.9973E-05 0.774893 0.00853493 0.0128096 0.0375874 9.9973E-05 0.0193668 0.0131799 0.133329
9.9955E-05 9.9955E-05 0.743462 0.0807172 0.0160751 0.0377484 9.9955E-05 9.9955E-05 9.9955E-05 0.121498
0.0278742 0.03166 0.783354 0.0686846 9.9964E-05 9.9964E-05 9.9964E-05 0.0285618 9.9964E-05 0.0594659
9.9946E-05 9.9946E-05 0.725554 9.9946E-05 0.0151417 9.9946E-05 9.9946E-05 9.9946E-05 0.0975455 0.161159
9.9982E-05 0.0986641 0.714186 0.0236301 0.0156593 0.0302613 9.9982E-05 0.00147405 0.0538747 0.0620506
0.0333687 0.00399877 0.694774 9.9982E-05 0.018769 0.000379856 9.9982E-05 0.0395824 0.0135114 0.195416
0.0111109 0.0925981 0.720147 0.0917543 9.9991E-05 0.00169394 0.0276683 0.0105432 0.0227596 0.0216251
0.011193 0.0425312 0.798368 0.0288376 9.9964E-05 0.0919581 9.9964E-05 9.9964E-05 0.0267125 9.9964E-05
9.9946E-05 9.9946E-05 0.838055 0.137562 0.00960573 9.9946E-05 9.9946E-05 0.014177 9.9946E-05 9.9946E-05
9.9955E-05 9.9955E-05 0.916652 9.9955E-05 0.0208394 9.9955E-05 0.0157705 0.0135613 0.0326774 9.9955E-05
0.0157613 9.9937E-05 0.935123 9.9937E-05 9.9937E-05 9.9937E-05 0.0484158 9.9937E-05 9.9937E-05 9.9937E-05
9.9937E-05 9.9937E-05 0.908816 9.9937E-05 9.9937E-05 9.9937E-05 0.0895078 9.9937E-05 0.000977165 9.9937E-05
9.9955E-05 0.0145808 0.879315 9.9955E-05 0.0263036 9.9955E-05 0.0611226 0.0181785 9.9955E-05 9.9955E-05
9.99201E-05 0.999101 9.99201E-05 9.99201E-05 9.99201E-05 9.99201E-05 9.99201E-05 9.99201E-05 9.99201E-05 9.99201E-05
0.0697097 0.665437 0.0184114 0.000952876 9.9964E-05 9.9964E-05 9.9964E-05 9.9964E-05 0.045396 0.199693
0.132547 0.665724 0.0369606 9.9955E-05 9.9955E-05 9.9955E-05 9.9955E-05 0.00666154 9.9955E-05 0.157607
0.0978115 0.767462 9.9964E-05 9.9964E-05 0.0249888 9.9964E-05 0.0343881 0.0187626 9.9964E-05 0.0561868
9.9937E-05 0.863168 9.9937E-05 9.9937E-05 9.9937E-05 0.133775 9.9937E-05 0.00235709 9.9937E-05 9.9937E-05
9.9955E-05 0.808748 0.0444519 9.9955E-05 0.0415545 0.103768 9.9955E-05 9.9955E-05 9.9955E-05 0.000977423
0.132838 0.6409 9.9937E-05 9.9937E-05 9.9937E-05 9.9937E-05 9.9937E-05 9.9937E-05 9.9937E-05 0.225563
9.99201E-05 0.999101 9.99201E-05 9.99201E-05 9.99201E-05 9.99201E-05 9.99201E-05 9.99201E-05 9.99201E-05 9.99201E-05
0.000684675 0.748673 9.9955E-05 0.0975164 9.9955E-05 0.134276 9.9955E-05 0.0183508 9.9955E-05 9.9955E-05
0.175294 0.627523 9.99559E-05 9.99559E-05 9.99559E-05 9.99559E-05 9.99559E-05 0.0111661 0.0231509 0.162366
0.0153026 0.705553 9.9955E-05 0.0667621 9.9955E-05 0.173909 9.9955E-05 9.9955E-05 9.9955E-05 0.0379734
0.0854352 0.670303 9.9964E-05 0.0210936 0.0147416 0.0677752 0.140251 9.9964E-05 9.9964E-05 9.9964E-05
9.9955E-05 0.677541 0.0253537 0.0740122 9.9955E-05 0.141782 0.0808111 9.9955E-05 9.9955E-05 9.9955E-05
9.9964E-05 0.597678 9.9964E-05 0.0753327 9.9964E-05 0.128831 0.00280328 9.9964E-05 0.139588 0.0553665
0.0389558 0.538046 0.0245044 0.0510079 9.9982E-05 0.27772 0.017267 0.0188277 0.0334714 9.9982E-05
9.9964E-05 0.438895 0.0508502 0.14395 9.9964E-05 0.199247 9.9964E-05 9.9964E-05 0.113823 0.0528344
0.147968 0.639582 9.9964E-05 0.0212081 9.9964E-05 0.0405473 0.13808 0.0122151 9.9964E-05 9.9964E-05
0.144753 0.0200506 9.9955E-05 9.9955E-05 9.9955E-05 9.9955E-05 0.667763 0.00935839 9.9955E-05 0.157575
0.160495 9.99459E-05 9.99459E-05 9.99459E-05 9.99459E-05 9.99459E-05 0.591387 9.99459E-05 0.100135 0.147383
0.0669052 9.9982E-05 0.0123071 0.0356159 0.0291991 9.9982E-05 0.764785 0.0195334 0.00265138 0.0688027
0.119389 0.0251723 9.9955E-05 0.0440867 9.9955E-05 0.00438609 0.806466 9.9955E-05 9.9955E-05 9.9955E-05
0.116367 9.9964E-05 0.0170756 9.9964E-05 0.00958599 9.9964E-05 0.799116 0.0265399 0.0309155 9.9964E-05
0.0517758 9.9946E-05 9.9946E-05 9.9946E-05 0.00573775 9.9946E-05 0.552621 9.9946E-05 9.9946E-05 0.389266
9.9964E-05 9.9964E-05 0.0654633 0.106765 0.00218845 9.9964E-05 0.583884 9.9964E-05 0.1533 0.0879989
0.0201873 0.0732613 0.0150544 0.0199067 0.00561411 9.9991E-05 0.690949 0.00227318 0.0991266 0.0735276
0.0308092 9.9964E-05 0.0796553 0.110832 9.9964E-05 9.9964E-05 0.653593 0.029218 9.9964E-05 0.0954934
9.9946E-05 9.9946E-05 9.9946E-05 9.9946E-05 0.0404918 0.0477004 0.886249 0.0249588 9.9946E-05 9.9946E-05
9.9973E-05 9.9973E-05 0.0439353 0.0399877 0.00744383 9.9973E-05 0.78017 0.0377732 0.014914 0.0754764
9.9946E-05 0.0157529 0.00654655 9.9946E-05 0.0243565 9.9946E-05 0.952744 9.9946E-05 9.9946E-05 9.9946E-05
0.0232233 9.9982E-05 0.00335049 0.00996952 0.0236559 0.0102746 0.665806 9.9982E-05 0.0383921 0.225128
9.9964E-05 9.9964E-05 9.9964E-05 0.0195733 0.031002 0.0308302 0.842298 0.0218374 9.9964E-05 0.0540588
9.9955E-05 0.0266296 9.9955E-05 0.0301351 0.0192303 0.0222801 0.901225 9.9955E-05 9.9955E-05 9.9955E-05
0.0967498 0.000401164 9.9955E-05 9.9955E-05 9.9955E-05 9.9955E-05 0.729441 0.0619322 9.9955E-05 0.110976
0.0139728 0.00924792 0.0934536 9.9973E-05 0.023784 9.9973E-05 0.823946 9.9973E-05 0.0298935 0.00540234
0.107502 9.9973E-05 9.9973E-05 0.0488742 0.0408769 9.9973E-05 0.655421 0.00145939 0.0132794 0.132287
9.9964E-05 0.0438907 9.9964E-05 9.9964E-05 0.0533012 0.106699 0.597593 0.0128456 9.9964E-05 0.18527
9.9946E-05 9.9946E-05 0.0676452 9.9946E-05 9.9946E-05 9.9946E-05 0.719183 0.0408994 9.9946E-05 0.171672
0.457822 0.0324402 9.9973E-05 0.0571142 9.9973E-05 0.262738 0.103782 0.000750292 0.0850534 9.9973E-05
9.9946E-05 9.9946E-05 0.0298066 9.9946E-05 9.9946E-05 0.856573 9.9946E-05 0.00404806 0.108973 9.9946E-05
0.50269 0.00955641 9.9964E-05 9.9964E-05 9.9964E-05 0.145566 9.9964E-05 0.047824 0.184858 0.109106
0.410557 9.9964E-05 9.9964E-05 9.9964E-05 0.0150904 0.248169 9.9964E-05 0.0350242 0.16692 0.12384
0.301967 9.9955E-05 9.9955E-05 9.9955E-05 0.0275108 0.456233 9.9955E-05 9.9955E-05 0.17267 0.0411192
0.322567 9.9982E-05 0.0311991 9.9982E-05 0.037679 0.335428 0.136042 0.0263646 0.110397 0.000122414
9.99201E-05 9.99201E-05 9.99201E-05 9.99201E-05 9.99201E-05 9.99201E-05 9.99201E-05 9.99201E-05 0.999101 9.99201E-05
9.99459E-05 9.99459E-05 9.99459E-05 9.99459E-05 9.99459E-05 0.83584 0.0536709 0.00487666 0.105013 9.99459E-05
0.151514 9.9982E-05 0.0830345 0.0160909 0.0166557 0.297666 9.9982E-05 0.0261441 0.242252 0.166444
0.538874 0.138278 0.0269035 0.016721 0.043226 0.0937957 0.0165687 0.0353706 0.0901627 9.9991E-05
0.473186 0.0303772 0.00270819 9.9973E-05 0.03453 0.282788 9.9973E-05 0.0211144 0.154997 9.9973E-05
0.440774 0.109029 9.9964E-05 9.9964E-05 0.00129524 0.278605 9.9964E-05 0.0273749 0.142522 9.9964E-05
0.271077 0.0396616 0.0521578 9.9973E-05 0.0295555 0.403128 9.9973E-05 0.0448515 0.159269 9.9973E-05
0.732243 9.9955E-05 9.9955E-05 9.9955E-05 0.00290547 0.104224 9.9955E-05 0.00232388 0.157804 9.9955E-05
0.122669 9.9964E-05 9.9964E-05 9.9964E-05 0.0419203 0.560958 0.107679 0.0296444 0.136729 9.9964E-05
0.221726 0.0409264 0.00556328 9.9973E-05 9.9973E-05 0.480792 0.0239415 0.0087305 0.21802 9.9973E-05
9.9955E-05 9.9955E-05 9.9955E-05 9.9955E-05 0.0200056 0.635169 9.9955E-05 0.0159773 0.102318 0.226031
0.357781 0.0607464 0.0144232 9.9982E-05 0.0238046 0.152123 0.319205 0.000426058 0.0712904 9.9982E-05
0.348982 0.0214018 0.0304623 9.9982E-05 0.0400867 0.209409 0.278549 0.0166299 0.0542789 9.9982E-05
0.10465 9.9973E-05 0.0322677 9.9973E-05 0.0611977 0.20377 0.500049 0.00229162 0.0954743 9.9973E-05
9.99201E-05 9.99201E-05 9.99201E-05 9.99201E-05 9.99201E-05 9.99201E-05 9.99201E-05 9.99201E-05 0.999101 9.99201E-05
0.126456 0.115747 0.0461944 9.9982E-05 0.021829 0.366135 0.18026 0.0782419 0.0649354 9.9982E-05
0.260618 9.9964E-05 9.9964E-05 9.9964E-05 0.0311673 0.264192 0.112361 0.0173432 0.313919 9.9964E-05
0.990481 9.99279E-05 9.99279E-05 9.99279E-05 0.00871965 9.99279E-05 9.99279E-05 9.99279E-05 9.99279E-05 9.99279E-05
0.318014 9.9973E-05 0.0660354 9.9973E-05 0.0012399 0.465099 0.0547579 0.00118081 0.0933731 9.9973E-05
0.43206 9.9973E-05 0.0774655 9.9973E-05 0.00702553 0.135384 0.0709319 0.0320822 0.24475 9.9973E-05
0.126642 0.0127737 0.0258897 0.191671 0.0403307 0.123801 0.323223 0.0855808 0.0699873 9.9991E-05
9.9964E-05 9.9964E-05 9.9964E-05 0.488659 0.00225243 0.143529 0.292167 0.00896431 0.0640284 9.9964E-05
0.201886 0.0844426 0.0562403 0.111982 0.0302356 0.354235 0.152554 0.00822505 9.9982E-05 9.9982E-05
0.999101 9.99201E-05 9.99201E-05 9.99201E-05 9.99201E-05 9.99201E-05 9.99201E-05 9.99201E-05 9.99201E-05 9.99201E-05
0.989684 9.99369E-05 9.99369E-05 0.00157684 0.00803973 9.99369E-05 9.99369E-05 9.99369E-05 9.99369E-05 9.99369E-05
0.599131 9.9973E-05 0.00636896 9.9973E-05 9.9973E-05 0.189333 0.0293771 0.0338704 0.0650425 0.0765778
9.99279E-05 9.99279E-05 9.99279E-05 9.99279E-05 9.99279E-05 9.99279E-05 9.99279E-05 0.108596 0.890605 9.99279E-05
0.112892 9.9973E-05 9.9973E-05 9.9973E-05 0.00904017 0.371924 0.189925 0.0207912 0.282085 0.0130434
0.440912 0.0252371 9.9982E-05 9.9982E-05 0.00373546 0.142699 0.0728455 0.0106994 0.218162 0.0855103
0.031214 0.0600869 0.0874719 0.00549067 9.9982E-05 0.404013 9.9982E-05 0.0021185 0.254103 0.155303
0.0918285 0.116376 0.0582786 9.9982E-05 0.0259843 0.299045 9.9982E-05 0.01949 0.201095 0.187703
0.275166 9.9964E-05 0.0222941 0.045226 9.9964E-05 0.2929 9.9964E-05 9.9964E-05 0.29728 0.0667336
0.158834 0.0365669 0.102272 0.0985644 9.9973E-05 0.364346 9.9973E-05 9.9973E-05 0.238918 0.000198282
0.0277199 9.9982E-05 0.00424363 0.0649434 0.0652675 0.570589 9.9982E-05 0.0132884 0.152985 0.100763
0.338245 9.9973E-05 0.0753138 9.9973E-05 0.0591664 0.272683 0.136683 0.00608057 0.111528 9.9973E-05
0.482988 0.00569857 9.9973E-05 9.9973E-05 0.0116386 0.393872 0.0530122 0.0186263 0.0338649 9.9973E-05
0.178305 9.9982E-05 0.00832714 9.9982E-05 0.0857626 0.370691 0.0680303 0.0181163 0.21527 0.0552984
0.451837 0.0758394 9.9964E-05 9.9964E-05 9.9964E-05 0.20403 9.9964E-05 0.0235927 0.101008 0.143293
0.324239 9.9973E-05 0.0465267 0.0334139 0.0373838 0.27325 9.9973E-05 0.0776581 0.207229 9.9973E-05
0.00696406 9.9955E-05 9.9955E-05 9.9955E-05 0.0176619 0.743697 0.0572201 9.9955E-05 0.173957 9.9955E-05
9.99201E-05 9.99201E-05 9.99201E-05 9.99201E-05 9.99201E-05 9.99201E-05 9.99201E-05 0.999101 9.99201E-05 9.99201E-05
0.0980803 0.0129899 0.0661052 9.9982E-05 0.0328964 0.482747 0.134776 0.0587836 0.113422 9.9982E-05
0.384738 9.9964E-05 0.00118084 9.9964E-05 9.9964E-05 0.225449 9.9964E-05 0.0129687 0.313085 0.0621789
0.48421 9.9955E-05 9.9955E-05 9.9955E-05 9.9955E-05 0.113511 9.9955E-05 0.0216302 0.251894 0.128256
0.180601 9.9964E-05 9.9964E-05 9.9964E-05 0.0152002 0.533956 0.109918 9.9964E-05 0.121375 0.0385489
0.193707 9.996E-05 0.0150134 9.996E-05 0.0395959 0.536225 9.996E-05 9.996E-05 0.130078 0.0849803
0.320443 0.0072457 0.0510643 9.9991E-05 0.0405494 0.446658 0.0138833 0.0125824 0.0860155 0.0214583
9.99201E-05 9.99201E-05 9.99201E-05 9.99201E-05 0.999101 9.99201E-05 9.99201E-05 9.99201E-05 9.99201E-05 9.99201E-05
9.99201E-05 9.99201E-05 9.99201E-05 9.99201E-05 9.99201E-05 9.99201E-05 9.99201E-05 0.999101 9.99201E-05 9.99201E-05
9.99201E-05 9.99201E-05 9.99201E-05 9.99201E-05 0.999101 9.99201E-05 9.99201E-05 9.99201E-05 9.99201E-05 9.99201E-05
0.0537079 9.9964E-05 0.0177125 0.0529337 9.9964E-05 0.38602 0.0425072 9.9964E-05 0.446718 9.9964E-05
9.9982E-05 0.0587981 0.0733781 0.0295137 0.0469049 0.375636 9.9982E-05 0.0377245 0.325097 0.0527477
0.327439 9.9973E-05 0.10264 9.9973E-05 0.0312699 0.302029 9.9973E-05 0.0306787 0.122212 0.0834318
0.477546 0.0257792 0.0501066 9.9991E-05 0.0467354 0.162628 0.0217431 0.0172273 0.156517 0.0416178
0.592775 0.0328629 0.0135616 9.9982E-05 0.00833935 0.109874 0.0956047 0.0250304 0.121753 9.9982E-05
9.99369E-05 9.99369E-05 9.99369E-05 9.99369E-05 9.99369E-05 9.99369E-05 9.99369E-05 0.0777934 0.87163 0.0498774
0.427423 9.9982E-05 0.0523337 0.0287817 0.0297221 0.159801 9.9982E-05 0.036426 0.122122 0.143191
9.9955E-05 0.0458543 0.0193201 0.131528 9.9955E-05 0.790269 9.9955E-05 9.9955E-05 9.9955E-05 0.012529
0.120856 0.0158142 9.9982E-05 0.128748 0.00960366 0.557935 9.9982E-05 0.0183496 0.0349138 0.11358
0.260071 0.181447 0.0087651 9.9973E-05 0.00223982 0.427792 9.9973E-05 0.028165 9.9973E-05 0.0912204
0.0250313 0.131121 0.0129018 0.0122885 0.00497671 0.710533 9.9973E-05 9.9973E-05 9.9973E-05 0.102848
9.9973E-05 0.134161 9.9973E-05 0.064336 0.0266202 0.596409 0.0267797 0.0412456 9.9973E-05 0.110149
9.9964E-05 0.143933 9.9964E-05 0.148713 9.9964E-05 0.653259 0.012664 0.0216714 0.0193596 9.9964E-05
9.9964E-05 0.0539692 0.00188232 0.0752501 9.9964E-05 0.665358 9.9964E-05 0.0239168 9.9964E-05 0.179224
0.068489 0.135032 0.0669862 0.0330636 0.000885113 0.646671 9.9982E-05 0.00673354 9.9982E-05 0.0419403
9.9964E-05 0.0961367 9.9964E-05 0.0570026 0.00770024 0.627071 9.9964E-05 0.0405642 9.9964E-05 0.171126
0.103643 0.137457 9.9982E-05 0.0605555 0.0248727 0.542571 0.00012948 0.0318488 9.9982E-05 0.0987233
0.0638321 0.182457 9.9973E-05 0.0300917 0.00668554 0.672016 0.0409341 0.00368331 9.9973E-05 9.9973E-05
9.9964E-05 0.00539066 9.9964E-05 0.746117 0.0452269 0.127701 9.9964E-05 0.0159165 9.9964E-05 0.0592476
0.043544 0.0373002 0.0181347 0.720646 9.9973E-05 9.9973E-05 9.9973E-05 0.0672074 0.00805591 0.104811
0.0861182 0.101497 9.9973E-05 0.664887 0.00941917 9.9973E-05 0.0840895 0.041975 0.0117136 9.9973E-05
0.154642 0.0252017 0.0436979 0.699855 9.9964E-05 9.9964E-05 0.0274814 9.9964E-05 9.9964E-05 0.0487224
9.9955E-05 0.0286539 0.0193783 0.640162 9.9955E-05 9.9955E-05 0.186897 9.9955E-05 0.124409 9.9955E-05
9.9982E-05 0.0461412 0.00105426 0.700893 0.00714311 0.21833 9.9982E-05 0.00855934 0.0169756 0.000703541
9.9973E-05 0.0488607 9.9973E-05 0.678096 0.00579651 0.0181163 0.00627781 0.0557548 9.9973E-05 0.186798
0.154879 0.0513075 9.9964E-05 0.755367 9.9964E-05 9.9964E-05 0.00232152 0.0249071 0.0108179 9.9964E-05
0.139092 0.0418168 0.0708816 0.491455 0.0448259 0.00221931 9.9991E-05 0.0222249 0.0437696 0.143615
9.9973E-05 0.0184817 0.0104469 0.618175 9.9973E-05 0.0513051 0.267706 0.0285126 9.9973E-05 0.00507224
0.0843734 0.0277254 9.9964E-05 0.744731 9.9964E-05 9.9964E-05 0.106872 0.0026232 9.9964E-05 0.0332746
0.012906 0.00430475 0.0190978 0.72005 9.9973E-05 0.0272919 0.190619 0.0254308 9.9973E-05 9.9973E-05
0.209827 0.0358707 9.9955E-05 0.555274 9.9955E-05 9.9955E-05 0.182908 9.9955E-05 9.9955E-05 0.0156203
0.0364771 9.9964E-05 9.9964E-05 0.44709 0.0210486 0.108126 9.9964E-05 9.9964E-05 0.0955887 0.291269
9.9964E-05 9.9964E-05 0.0557386 0.673791 0.0351436 0.191423 9.9964E-05 0.00147514 0.0420286 9.9964E-05
0.0569441 9.9955E-05 0.076989 0.652943 9.9955E-05 9.9955E-05 9.9955E-05 9.9955E-05 0.0987593 0.113864
0.0532091 9.9973E-05 9.9973E-05 0.729549 0.00980877 0.0506026 0.112242 0.0174488 9.9973E-05 0.0268402
0.226861 9.9964E-05 0.0386889 0.668009 0.0199188 9.9964E-05 9.9964E-05 0.00821387 9.9964E-05 0.0379086
0.0480025 9.9955E-05 0.0111893 0.691249 9.9955E-05 9.9955E-05 9.9955E-05 9.9955E-05 0.0349472 0.214112
0.0682842 0.0169342 9.9964E-05 0.697049 0.00569215 9.9964E-05 9.9964E-05 9.9964E-05 0.10008 0.111561
0.0261666 0.0213617 0.0648352 0.540748 9.9973E-05 9.9973E-05 9.9973E-05 0.0039835 0.124623 0.217982
0.0333987 9.9973E-05 0.00273731 0.746298 0.0248555 0.0659522 0.084425 0.0420335 9.9973E-05 9.9973E-05
0.0699513 0.00909957 9.9955E-05 0.670846 9.9955E-05 9.9955E-05 9.9955E-05 9.9955E-05 0.124229 0.125375
0.141098 0.00392021 0.015583 0.73418 9.9982E-05 0.00793725 9.9982E-05 0.0172249 0.0158201 0.0640366
0.17877 0.0600776 0.0163752 0.628535 9.9973E-05 9.9973E-05 9.9973E-05 0.0351113 0.0101552 0.0706759
0.151296 0.0543598 0.0312734 0.505251 9.9964E-05 0.0444614 9.9964E-05 9.9964E-05 9.9964E-05 0.212959
9.9964E-05 0.051535 0.0346716 0.687924 0.0502512 9.9964E-05 9.9964E-05 9.9964E-05 0.092918 0.0823002
9.9973E-05 9.9973E-05 0.0456753 0.610289 0.0141104 0.167128 9.9973E-05 0.0235592 0.0112315 0.127707
0.11302 0.047267 0.00472796 0.601592 0.0226673 0.0595066 9.9982E-05 0.0260269 9.9982E-05 0.124992
0.0128109 0.0285021 9.9973E-05 0.707445 0.0111445 9.9973E-05 0.164364 0.0335762 0.0418574 9.9973E-05
9.9955E-05 9.9955E-05 9.9955E-05 0.738576 0.0202837 0.108186 0.105276 0.0271782 9.9955E-05 9.9955E-05
0.037638 9.9973E-05 0.0606173 0.592988 0.000229301 0.0631492 0.233755 0.0113235 9.9973E-05 9.9973E-05
0.176531 0.0624652 9.9946E-05 0.631021 9.9946E-05 9.9946E-05 0.129383 9.9946E-05 9.9946E-05 9.9946E-05
0.0386906 0.0663509 9.9973E-05 0.78624 0.0232864 0.0131024 0.00244998 0.0695798 9.9973E-05 9.9973E-05
0.0409809 0.00122927 0.0152244 0.781573 9.9964E-05 9.9964E-05 9.9964E-05 0.0211228 0.13947 9.9964E-05
9.99201E-05 9.99201E-05 9.99201E-05 9.99201E-05 9.99201E-05 9.99201E-05 9.99201E-05 9.99201E-05 9.99201E-05 0.999101
9.9937E-05 9.9937E-05 9.9937E-05 9.9937E-05 9.9937E-05 9.9937E-05 9.9937E-05 0.0230186 0.0117835 0.964498
9.9955E-05 9.9955E-05 0.0551165 9.9955E-05 0.0325397 0.0725307 9.9955E-05 9.9955E-05 0.0451975 0.794116
0.0641632 9.9955E-05 0.0379273 9.9955E-05 9.9955E-05 9.9955E-05 0.00666293 0.0280843 9.9955E-05 0.862663
0.148652 9.9946E-05 0.0271138 9.9946E-05 9.9946E-05 9.9946E-05 0.015428 9.9946E-05 9.9946E-05 0.808206
9.9964E-05 0.0383259 9.9964E-05 0.0287392 0.0266948 9.9964E-05 0.30073 0.0140437 9.9964E-05 0.591067
9.9928E-05 9.9928E-05 9.9928E-05 9.9928E-05 9.9928E-05 9.9928E-05 0.152951 9.9928E-05 9.9928E-05 0.84625
9.9964E-05 0.0709449 0.0676398 9.9964E-05 0.0401607 0.0385083 0.101685 9.9964E-05 9.9964E-05 0.680662
