9.99201E-05 9.99201E-05 0.999101 9.99201E-05 9.99201E-05 9.99201E-05 9.99201E-05 9.99201E-05 9.99201E-05 9.99201E-05
0.0190218 0.0169072 0.00967748 0.753519 0.0298425 0.04825 0.0460325 9.9991E-05 0.0333565 0.0432928
0.0281576 0.039214 0.131259 0.68086 9.9982E-05 0.0585135 0.0376668 0.00229971 0.0218291 9.9982E-05
0.0152639 0.0665159 0.0025806 0.806466 0.0267698 0.0352205 0.0252225 0.0217611 9.9982E-05 9.9982E-05
0.0254939 0.0459787 0.0979636 0.743157 0.00138644 9.9982E-05 9.9982E-05 0.0167234 0.0525772 0.0165195
9.9946E-05 0.0602719 0.000309549 0.912749 9.9946E-05 9.9946E-05 9.9946E-05 9.9946E-05 9.9946E-05 0.0260696
9.99201E-05 9.99201E-05 0.999101 9.99201E-05 9.99201E-05 9.99201E-05 9.99201E-05 9.99201E-05 9.99201E-05 9.99201E-05
0.000881727 0.0378616 0.115327 0.761744 9.9973E-05 0.0492074 9.9973E-05 0.0229807 9.9973E-05 0.0116973
0.0564631 0.0972202 0.0690287 0.742521 9.9955E-05 9.9955E-05 0.0342676 9.9955E-05 9.9955E-05 9.9955E-05
9.9955E-05 0.11544 0.0661977 0.798393 9.9955E-05 9.9955E-05 0.0188953 0.000573714 9.9955E-05 9.9955E-05
0.00194211 0.0779725 9.9973E-05 0.79899 0.0832185 9.9973E-05 0.0260715 0.00596078 9.9973E-05 0.0055448
0.0375084 0.0473778 0.0877271 0.673933 0.0140702 9.9973E-05 0.10902 0.0300633 9.9973E-05 9.9973E-05
0.0103964 9.9964E-05 0.0491989 0.764284 9.9964E-05 0.13826 0.0222534 9.9964E-05 9.9964E-05 0.0152071
0.000688417 0.124472 0.057774 0.651061 0.00466625 9.9982E-05 0.0417936 0.0459906 0.0733539 9.9982E-05
0.0112767 0.0134441 0.0122916 0.852192 0.0845377 9.9964E-05 0.0258582 9.9964E-05 9.9964E-05 9.9964E-05
9.9946E-05 0.0927395 0.0134756 0.877085 9.9946E-05 0.0161004 9.9946E-05 9.9946E-05 9.9946E-05 9.9946E-05
9.9946E-05 9.9946E-05 0.0704624 0.903477 9.9946E-05 9.9946E-05 9.9946E-05 0.00784954 9.9946E-05 0.0176113
9.9946E-05 9.9946E-05 0.0593563 0.936072 9.9946E-05 9.9946E-05 9.9946E-05 9.9946E-05 0.00282832 0.00114345
0.00714727 9.9955E-05 0.0819493 0.874169 9.9955E-05 0.00332985 9.9955E-05 9.9955E-05 0.0329048 9.9955E-05
9.9937E-05 9.9937E-05 9.9937E-05 0.95836 9.9937E-05 9.9937E-05 0.0361932 0.00474721 9.9937E-05 9.9937E-05
9.99201E-05 9.99201E-05 9.99201E-05 9.99201E-05 9.99201E-05 9.99201E-05 0.999101 9.99201E-05 9.99201E-05 9.99201E-05
0.0262959 0.0783574 0.0600679 9.9964E-05 0.130546 9.9964E-05 0.698541 0.00579222 9.9964E-05 9.9964E-05
9.9982E-05 0.0739641 0.0400966 0.00466986 0.059078 0.0491312 0.654068 0.0300603 0.0887322 9.9982E-05
9.9946E-05 9.9946E-05 9.9946E-05 9.9946E-05 9.9946E-05 0.00168089 0.772513 0.0330152 0.192192 9.9946E-05
9.9937E-05 9.9937E-05 9.9937E-05 9.9937E-05 0.0606034 0.0618893 0.876808 9.9937E-05 9.9937E-05 9.9937E-05
0.0110676 9.9946E-05 0.0365148 9.9946E-05 9.9946E-05 0.138085 0.813733 9.9946E-05 9.9946E-05 9.9946E-05
9.9964E-05 9.9964E-05 0.0163745 9.9964E-05 0.0187442 0.102875 0.707003 0.0101559 0.144448 9.9964E-05
9.99201E-05 9.99201E-05 9.99201E-05 9.99201E-05 9.99201E-05 9.99201E-05 0.999101 9.99201E-05 9.99201E-05 9.99201E-05
9.9955E-05 0.0598721 9.9955E-05 9.9955E-05 0.0643144 0.173063 0.695424 0.00682668 9.9955E-05 9.9955E-05
9.9982E-05 0.0867686 9.9982E-05 0.0196514 0.144807 0.0808562 0.630136 0.00759618 0.00553308 0.0244514
9.9955E-05 0.0704867 9.9955E-05 9.9955E-05 0.10144 0.1152 0.711792 9.9955E-05 0.000581483 9.9955E-05
9.9964E-05 0.0527799 0.00733427 9.9964E-05 9.9964E-05 0.233943 0.548219 9.9964E-05 0.0967601 0.0605639
9.9973E-05 0.0642111 0.0674012 0.0154593 9.9973E-05 0.18148 0.586258 9.9973E-05 0.070482 0.0144087
0.073485 0.15482 0.00822845 0.00331967 0.0656875 0.0255011 0.586743 9.9982E-05 9.9982E-05 0.0820147
0.0245498 0.084114 9.9982E-05 0.0316361 0.213006 0.0465936 0.546584 0.0247801 9.9982E-05 0.0285364
0.0530914 0.195807 0.039151 0.0374726 0.177474 9.9982E-05 0.409532 9.9982E-05 0.0333757 0.0538973
0.0362079 0.0154564 9.9982E-05 0.00254497 0.158766 9.9982E-05 0.640708 0.0102394 0.0929543 0.0429238
0.0365763 0.034222 9.9982E-05 0.0200306 0.00767135 0.108627 0.0810669 9.9982E-05 0.622356 0.0892501
9.9973E-05 0.0638485 0.0377408 9.9973E-05 0.0819547 0.0796824 9.9973E-05 0.0444967 0.658056 0.0339215
0.0371135 0.0705571 9.9973E-05 0.0472733 0.037784 0.0236537 9.9973E-05 9.9973E-05 0.713453 0.0698653
0.0155371 0.103774 0.0290332 9.9973E-05 0.030183 9.9973E-05 0.0687742 9.9973E-05 0.681904 0.0704947
0.0471311 9.9973E-05 0.0010021 0.0717373 9.9973E-05 9.9973E-05 0.0475501 0.0374363 0.720804 0.0740397
0.00303425 9.9973E-05 0.00914226 0.0390823 0.109592 0.000208879 9.9973E-05 0.0114324 0.827208 9.9973E-05
0.0301774 0.136203 0.0373112 0.0735818 9.9982E-05 9.9982E-05 0.0356162 0.0131651 0.61437 0.0593752
0.00209218 9.9973E-05 0.0215464 9.9973E-05 0.00154088 9.9973E-05 0.0379209 0.0422796 0.821694 0.0726257
9.9964E-05 0.109377 9.9964E-05 0.068971 9.9964E-05 0.123651 0.0418472 0.0163236 0.63943 9.9964E-05
0.00390063 9.9973E-05 0.00262883 9.9973E-05 0.116327 9.9973E-05 0.0279012 0.0208193 0.769478 0.058645
0.0136759 9.9964E-05 9.9964E-05 0.0370893 9.9964E-05 0.0674915 9.9964E-05 0.0159828 0.822602 0.0427586
0.0264582 9.9964E-05 9.9964E-05 0.0506432 9.9964E-05 9.9964E-05 0.0123053 0.00213515 0.848227 0.0598313
0.0291438 0.028904 0.0341382 9.9973E-05 9.9973E-05 9.9973E-05 0.00553322 0.00226913 0.800498 0.099214
9.9946E-05 9.9946E-05 0.0487503 9.9946E-05 9.9946E-05 0.112067 9.9946E-05 9.9946E-05 0.76256 0.0760227
0.00889257 9.9955E-05 0.0356829 9.9955E-05 9.9955E-05 9.9955E-05 0.0623674 9.9955E-05 0.828559 0.0639985
9.9964E-05 9.9964E-05 0.00451797 0.00704946 9.9964E-05 0.129593 9.9964E-05 0.0547713 0.772593 0.0310759
0.0123029 9.9982E-05 0.0372501 0.0754887 0.0561021 9.9982E-05 0.0161039 0.00904836 0.771886 0.0216184
0.0296911 0.0461825 9.9973E-05 0.0598055 9.9973E-05 0.0341903 0.0334346 9.9973E-05 0.729691 0.0667047
9.9991E-05 0.00800342 0.00883516 0.0374879 0.0480873 0.0582028 0.0409889 0.00900357 0.743104 0.0461868
0.0105783 0.0411744 9.9982E-05 0.0923514 0.00174206 0.0149489 0.0763373 0.0525327 0.710135 9.9982E-05
0.0433329 0.0605968 0.0442179 0.0300522 0.524226 0.0242591 0.0618391 0.0617182 0.115992 0.0337662
0.999101 9.99201E-05 9.99201E-05 9.99201E-05 9.99201E-05 9.99201E-05 9.99201E-05 9.99201E-05 9.99201E-05 9.99201E-05
0.0114515 0.081883 0.0880343 9.9964E-05 0.672061 9.9964E-05 9.9964E-05 0.13911 9.9964E-05 0.00705991
0.0107662 9.9982E-05 0.00395667 0.0287924 0.63009 0.108122 9.9982E-05 0.108493 0.0718139 0.0377648
0.0478618 9.9955E-05 9.9955E-05 9.9955E-05 0.701934 0.10624 9.9955E-05 0.101073 9.9955E-05 0.0423909
9.9973E-05 9.9973E-05 0.00367918 0.031143 0.709361 9.9973E-05 0.0162464 0.10961 0.103439 0.0262216
9.99369E-05 9.99369E-05 9.99369E-05 9.99369E-05 9.99369E-05 9.99369E-05 0.0223046 0.0273176 9.99369E-05 0.949678
0.999101 9.99201E-05 9.99201E-05 9.99201E-05 9.99201E-05 9.99201E-05 9.99201E-05 9.99201E-05 9.99201E-05 9.99201E-05
0.041099 9.9982E-05 0.0237311 0.0874854 0.525212 0.166519 9.9982E-05 0.0737912 0.0229843 0.0589777
0.0191466 9.9973E-05 0.0534335 9.9973E-05 0.512303 9.9973E-05 0.167115 0.0888991 0.0468156 0.111987
0.0719459 0.0385467 0.0513499 0.0124601 0.466069 0.159816 0.000614327 0.0892866 0.00986533 0.100046
0.0522025 9.9973E-05 9.9973E-05 0.00791316 0.561852 0.0454771 0.136839 0.110662 9.9973E-05 0.0847542
0.104316 9.9982E-05 0.000678022 0.0686606 0.490012 0.000793562 0.0853075 0.12837 9.9982E-05 0.121663
0.0770366 9.9973E-05 0.0621628 9.9973E-05 0.61555 0.022192 9.9973E-05 0.071699 0.00564904 0.145411
0.0167317 9.9964E-05 0.0612479 9.9964E-05 0.555001 0.173892 9.9964E-05 0.0821281 9.9964E-05 0.1106
0.105441 0.00902055 0.0620838 9.9982E-05 0.472944 0.111464 0.0363044 0.114664 9.9982E-05 0.0878788
0.0593027 0.0578677 9.9973E-05 0.00638633 0.379186 0.419725 0.0174064 0.0598265 9.9973E-05 9.9973E-05
0.0241679 9.9973E-05 0.0479768 9.9973E-05 0.226323 0.348956 9.9973E-05 0.00682454 0.246909 0.0985425
0.042827 9.9991E-05 0.00770555 0.0692951 0.504791 0.033609 0.029438 0.0442624 0.212152 0.0558196
0.0767257 9.9973E-05 9.9973E-05 0.0548776 0.218743 0.0201669 9.9973E-05 0.0389923 0.509139 0.0810558
0.0373531 9.9946E-05 9.9946E-05 9.9946E-05 9.9946E-05 0.00815506 9.9946E-05 0.0292549 9.9946E-05 0.924637
0.0725222 9.9982E-05 9.9982E-05 0.085763 0.340508 0.0479328 0.0463879 0.0974306 0.212147 0.0971093
0.0205542 0.0101375 9.9973E-05 9.9973E-05 0.411622 0.173366 9.9973E-05 0.126027 0.103632 0.154361
9.9982E-05 9.9982E-05 0.0219852 0.03773 0.310986 0.373838 0.00791017 0.0529437 0.0722153 0.122191
0.0265902 0.0196778 0.0776535 0.023064 0.554426 0.0709096 0.0168223 0.0983992 9.9991E-05 0.112357
0.0401516 9.9973E-05 0.0403001 0.0807533 0.540429 9.9973E-05 9.9973E-05 0.121436 0.0479921 0.128637
0.0342535 0.185148 0.0386301 9.9982E-05 0.175908 9.9982E-05 0.114616 0.0867548 0.27799 0.0865001
0.0566709 0.576443 9.9973E-05 0.0288538 0.0464204 9.9973E-05 9.9973E-05 0.0401323 0.19703 0.0541501
0.0627819 0.0976083 0.0545297 0.00017563 0.503392 0.0569743 0.0352468 0.00477755 0.184414 9.9991E-05
0.0380433 9.9982E-05 0.00759888 0.0364098 0.348333 0.269348 9.9982E-05 0.0828348 0.0888733 0.128359
0.0146929 0.00437284 0.0803857 9.9982E-05 0.201303 0.448438 9.9982E-05 0.00735367 0.0939829 0.149271
0.0432579 0.0202082 0.0108233 9.9982E-05 0.607797 0.0741434 0.00218474 0.135168 0.106218 9.9982E-05
0.0110475 9.9982E-05 9.9982E-05 0.0115273 0.230758 0.0510423 0.0930781 0.528086 0.0495389 0.0247216
0.0119747 9.9982E-05 0.0242758 0.0208674 0.550557 9.9982E-05 0.0553631 0.0907154 0.103444 0.142603
0.00731034 9.9964E-05 0.0248307 9.9964E-05 0.644388 9.9964E-05 9.9964E-05 0.0642381 0.122202 0.136632
0.0337438 0.130577 0.0711281 0.0190128 0.613024 9.9982E-05 0.0478861 0.0796942 9.9982E-05 0.0047336
9.9982E-05 0.0231375 9.9982E-05 0.118256 0.434119 0.0960019 0.106383 0.0821331 0.0443289 0.0954396
0.0102318 0.0458968 0.112024 9.9973E-05 0.716926 9.9973E-05 0.0206068 0.0357103 9.9973E-05 0.0583038
0.0878685 0.0666515 0.0897234 0.0351328 0.440187 0.021488 0.113457 0.095611 9.9991E-05 0.0497805
0.0429429 0.114865 0.00350196 0.0528645 0.281554 0.247417 9.9991E-05 0.0652646 0.0480926 0.143398
0.056708 9.9973E-05 9.9973E-05 0.0756161 0.410125 0.194424 9.9973E-05 0.0669061 0.0743541 0.121567
0.0197325 9.9973E-05 0.0450247 9.9973E-05 0.520848 0.236049 9.9973E-05 0.0565176 0.0334976 0.0880308
0.0662837 0.0243904 9.9973E-05 0.0166258 0.649202 9.9973E-05 9.9973E-05 0.109224 0.0626779 0.0712961
0.0135795 9.9964E-05 0.011158 0.0345611 0.755916 9.9964E-05 0.0978091 0.0865764 9.9964E-05 9.9964E-05
0.108506 0.109813 0.0519494 0.00769218 0.343762 0.119992 0.00174197 0.136249 9.9991E-05 0.120194
9.9982E-05 0.00649065 0.0252741 0.000536968 0.831887 0.0169497 0.0137472 0.0996228 9.9982E-05 0.0052912
9.99201E-05 9.99201E-05 9.99201E-05 9.99201E-05 9.99201E-05 9.99201E-05 9.99201E-05 0.999101 9.99201E-05 9.99201E-05
0.0379361 0.0108755 0.0466723 0.0251985 0.355947 0.240935 0.019501 0.0756899 0.0452896 0.141955
0.00129312 9.9964E-05 0.0480218 9.9964E-05 0.75836 9.9964E-05 0.00447783 0.0910016 9.9964E-05 0.0964459
0.0170429 0.102309 9.9973E-05 0.10182 0.602239 9.9973E-05 9.9973E-05 0.11242 0.000168981 0.0637002
0.0238897 0.0230044 9.9973E-05 0.0234122 0.747745 9.9973E-05 9.9973E-05 0.0678217 0.0979912 0.0158356
9.9973E-05 9.9973E-05 0.0278622 0.0586121 0.620564 0.198763 9.9973E-05 0.00732821 0.0341978 0.0523732
0.0138526 9.9982E-05 9.9982E-05 0.110564 0.594891 0.150167 0.0147949 0.0326868 0.0305811 0.0522624
9.99201E-05 9.99201E-05 9.99201E-05 9.99201E-05 9.99201E-05 9.99201E-05 9.99201E-05 9.99201E-05 9.99201E-05 0.999101
9.99201E-05 9.99201E-05 9.99201E-05 9.99201E-05 9.99201E-05 9.99201E-05 9.99201E-05 0.999101 9.99201E-05 9.99201E-05
9.99201E-05 9.99201E-05 9.99201E-05 9.99201E-05 9.99201E-05 9.99201E-05 9.99201E-05 9.99201E-05 9.99201E-05 0.999101
0.0472132 0.0844598 0.0111277 0.0627684 0.653132 9.997E-05 9.997E-05 0.0908873 9.997E-05 0.0501117
0.0704726 0.00790384 0.104728 9.9982E-05 0.495903 9.9982E-05 0.0667886 0.100326 0.0483119 0.105366
0.0425484 0.0585363 0.010989 0.0942968 0.610896 0.0101761 0.0183669 0.100808 9.9991E-05 0.0532819
0.00264474 9.9982E-05 0.027511 0.0547832 0.611093 9.9982E-05 0.042917 0.0992079 0.0630596 0.0985836
0.0470157 9.9973E-05 0.0148249 0.0691671 0.596819 9.9973E-05 9.9973E-05 0.0783239 0.0851669 0.108383
0.02243 9.9973E-05 9.9973E-05 0.0444785 0.236951 0.00494503 0.118441 0.515311 0.0571435 9.9973E-05
0.041704 0.0124602 0.0974947 0.00641295 0.544295 9.9991E-05 0.0326174 0.108317 0.115801 0.0407978
0.0582692 0.0166888 9.9964E-05 0.00743036 0.0499048 0.841052 0.0262545 9.9964E-05 9.9964E-05 9.9964E-05
9.9946E-05 0.00503887 9.9946E-05 9.9946E-05 0.0120314 0.943474 9.9946E-05 9.9946E-05 9.9946E-05 0.0388563
0.00550179 9.9964E-05 0.00595685 9.9964E-05 9.9964E-05 0.788004 0.0681619 0.0221249 9.9964E-05 0.10985
0.0143359 0.0179225 0.0118282 0.00329585 0.0496773 0.861307 0.0413334 9.9973E-05 9.9973E-05 9.9973E-05
9.9964E-05 0.0473003 9.9964E-05 9.9964E-05 0.133084 0.672747 0.0918573 0.0170698 9.9964E-05 0.0375421
0.0146766 0.0551921 0.00583069 9.9964E-05 9.9964E-05 0.811831 0.0812809 0.030789 9.9964E-05 9.9964E-05
9.9928E-05 0.0410777 9.9928E-05 9.9928E-05 9.9928E-05 0.958123 9.9928E-05 9.9928E-05 9.9928E-05 9.9928E-05
9.9955E-05 9.9955E-05 0.0386309 0.0155998 9.9955E-05 0.912241 0.0185329 0.0144951 9.9955E-05 9.9955E-05
0.0148497 0.0406688 0.00431421 9.9964E-05 9.9964E-05 0.896805 9.9964E-05 9.9964E-05 0.0386107 0.00435209
0.0409462 9.9964E-05 9.9964E-05 0.00279649 9.9964E-05 0.797654 0.0298247 0.0467309 0.081648 9.9964E-05
0.0432745 9.9946E-05 9.9946E-05 9.9946E-05 9.9946E-05 0.931847 0.0235813 9.9946E-05 0.000697137 9.9946E-05
0.00306674 0.689788 9.9973E-05 0.0457417 9.9973E-05 0.181947 0.0362432 0.0273112 0.0156018 9.9973E-05
0.024985 0.680497 0.0289987 9.9973E-05 9.9973E-05 0.18753 0.00840339 0.0156202 0.0536653 9.9973E-05
0.0284581 0.668845 0.0151011 0.0467694 0.165589 9.9982E-05 0.00887574 9.9982E-05 0.0564347 0.00972748
9.99714E-05 0.715123 9.99714E-05 0.0793885 0.0735222 9.99714E-05 0.00504958 9.99714E-05 0.120273 0.0062436
9.9955E-05 0.725225 0.0904392 9.9955E-05 0.0170021 9.9955E-05 0.0786615 9.9955E-05 9.9955E-05 0.0881723
0.0262469 0.645189 0.0232397 0.0710565 9.9991E-05 0.156841 0.0581173 0.00417743 0.00419662 0.0108356
0.00358232 0.733569 9.9982E-05 0.0663568 9.9982E-05 0.00552763 0.0349462 0.0566744 0.0614519 0.0376922
9.9982E-05 0.702203 0.0341111 9.9982E-05 0.0493904 0.0334719 0.11541 0.0371031 0.019294 0.00881659
0.028043 0.518125 0.0530191 9.9982E-05 0.0960575 9.9982E-05 0.102366 0.0157587 0.0786978 0.107733
9.9955E-05 0.618547 0.0266359 9.9955E-05 9.9955E-05 0.216544 9.9955E-05 0.00236129 0.135412 9.9955E-05
0.0193929 0.708739 0.0299117 0.0267995 9.9973E-05 0.0653587 0.0704577 9.9973E-05 9.9973E-05 0.0790401
0.0376057 0.750145 9.995E-05 0.0791639 9.995E-05 0.0121364 9.995E-05 9.995E-05 0.120449 9.995E-05
0.0291065 0.624432 9.9982E-05 0.0235034 0.127457 0.0628623 0.0356415 9.9982E-05 0.0954558 0.00134092
0.0279003 0.557847 0.0408329 9.9964E-05 0.234061 9.9964E-05 9.9964E-05 0.0194526 0.119507 9.9964E-05
0.0688191 0.691273 0.0295216 0.0466977 0.0718344 9.9982E-05 0.060407 0.00326778 9.9982E-05 0.0279794
0.108053 0.679163 0.116601 0.0420048 0.00460706 9.9982E-05 0.0304576 0.00979394 9.9982E-05 0.00911958
0.045596 0.728736 0.015299 9.9973E-05 9.9973E-05 0.0910203 9.9973E-05 0.0140983 0.101332 0.00361827
0.0340601 0.709743 0.0619707 0.0085476 0.14544 9.9973E-05 0.0273144 0.0126244 9.9973E-05 9.9973E-05
9.9964E-05 0.780195 0.087699 9.9964E-05 9.9964E-05 9.9964E-05 0.059704 0.0398145 0.0129543 0.0192331
9.9973E-05 0.678153 0.0610027 9.9973E-05 0.115492 9.9973E-05 0.0489436 0.0192152 0.0496546 0.0272384
9.9973E-05 0.63973 0.108935 0.00535632 0.140268 9.9973E-05 0.0408473 0.04375 9.9973E-05 0.0208128
9.99885E-05 0.686583 0.0188957 9.99885E-05 0.0242895 0.123994 0.0341523 0.0286049 0.00159625 0.0816846
0.020273 0.739734 0.00765519 0.0384396 9.9973E-05 0.0786077 9.9973E-05 0.0285399 9.9973E-05 0.0864504
9.9973E-05 0.659354 0.0272471 0.0352262 0.0981368 0.0823661 0.0740499 0.0233202 9.9973E-05 9.9973E-05
0.02616 0.660703 0.00283089 0.0562237 9.9973E-05 0.120324 0.0729584 0.0605008 9.9973E-05 9.9973E-05
9.9955E-05 0.655024 0.0277503 0.0248925 0.233704 9.9955E-05 0.0581296 9.9955E-05 9.9955E-05 9.9955E-05
9.9973E-05 0.682541 0.0133615 0.0926654 0.104966 9.9973E-05 0.0794244 0.00328424 0.023457 9.9973E-05
0.0284307 0.665038 0.0119944 0.109066 9.9982E-05 0.0776409 0.00245305 9.9982E-05 0.0565152 0.0486611
0.0249753 0.630539 0.0458085 0.0129465 0.0470276 0.129013 0.0402202 9.9982E-05 0.0692704 9.9982E-05
0.0348337 0.737235 0.0147681 0.0229026 0.0392816 9.9991E-05 0.110495 0.0191931 0.0172959 0.00389435
0.0178643 0.80981 9.9964E-05 9.9964E-05 9.9964E-05 0.0907348 9.9964E-05 0.0252876 0.0497835 0.00611997
0.00964553 0.683685 0.0306919 0.0253759 0.0262547 0.103176 0.00579647 0.00148959 0.113785 9.9991E-05
9.9973E-05 0.639895 0.0272609 9.9973E-05 0.0439991 0.133779 0.100371 9.9973E-05 0.0338517 0.0205435
0.0257987 0.79752 0.0485904 0.00269285 0.0133271 0.0113979 0.0176556 0.0313253 9.9991E-05 0.0515926
9.9964E-05 0.743052 0.103077 9.9964E-05 0.0209406 9.9964E-05 0.0488971 0.0106991 9.9964E-05 0.0729343
0.0554538 0.198323 0.0507936 0.00993481 9.9973E-05 9.9973E-05 0.0537306 9.9973E-05 0.623787 0.00767784
0.00792635 0.186272 0.0116884 0.0540952 0.083533 9.9982E-05 0.0680343 0.0231808 0.56507 9.9982E-05
0.0317983 0.0328127 0.0492284 0.108897 0.0463741 9.9991E-05 0.088338 0.0220784 0.611256 0.00911709
0.027015 0.196352 0.0102026 0.0460981 0.0514508 0.0274885 0.0534722 0.0371373 0.535448 0.0153355
0.00619757 0.071874 0.0212216 0.0922413 0.103528 0.0705852 0.0345156 0.00512059 0.594616 9.9991E-05
9.9973E-05 0.122704 0.0186124 9.9973E-05 0.00238107 9.9973E-05 0.0850367 0.035768 0.732436 0.00276144
9.9973E-05 0.0765757 0.0250745 9.9973E-05 0.0142042 0.0063127 0.0870495 0.00484293 0.785641 9.9973E-05
9.9955E-05 0.00837075 9.9955E-05 0.167317 9.9955E-05 0.171204 0.174242 9.9955E-05 0.478367 9.9955E-05
