9.9955E-05 0.0228258 0.0101087 9.9955E-05 9.9955E-05 0.0149787 0.948157 0.00342992 9.9955E-05 9.9955E-05
9.9973E-05 9.9973E-05 0.00846271 0.0851808 0.0995511 0.0426486 0.753071 0.00176805 0.00901725 9.9973E-05
0.0318721 0.0163217 0.0327376 9.9982E-05 0.0477355 9.9982E-05 0.796098 0.00351107 0.00814212 0.063382
0.137098 9.9955E-05 9.9955E-05 9.9955E-05 0.0610851 0.00038146 0.777099 9.9955E-05 9.9955E-05 0.0238365
0.0602674 9.9955E-05 9.9955E-05 0.0558238 0.0653958 9.9955E-05 0.787 0.0310134 9.9955E-05 9.9955E-05
9.9964E-05 9.9964E-05 0.00513621 9.9964E-05 0.0286209 0.0209275 0.872736 9.9964E-05 0.0610834 0.0110959
9.9937E-05 9.9937E-05 9.9937E-05 9.9937E-05 0.0859184 9.9937E-05 0.910528 9.9937E-05 9.9937E-05 0.00285353
0.00359319 0.0328943 0.0146594 9.9982E-05 0.0332833 0.0281891 0.765042 0.0410925 0.0810465 9.9982E-05
0.0454173 9.9955E-05 9.9955E-05 9.9955E-05 0.0641202 0.0628915 0.778649 9.9955E-05 0.0484218 9.9955E-05
9.9973E-05 0.00184101 0.00293184 9.9973E-05 0.045436 0.0142694 0.850279 0.0267119 9.9973E-05 0.0582312
0.00963307 9.9982E-05 0.0161991 0.0415837 0.0459258 0.00763784 0.742259 9.9982E-05 0.0806871 0.0558749
0.0115968 0.0202368 0.00607366 9.9982E-05 0.00989384 0.0316861 0.723819 0.0159557 9.9982E-05 0.180538
0.144333 9.9946E-05 9.9946E-05 9.9946E-05 9.9946E-05 0.089058 0.728395 9.9946E-05 9.9946E-05 0.0376147
0.0277683 0.0248844 0.0245895 9.9982E-05 0.103921 9.9982E-05 0.71419 0.00476233 0.0202637 0.0794207
0.0946096 9.9946E-05 9.9946E-05 9.9946E-05 9.9946E-05 9.9946E-05 0.768771 9.9946E-05 0.0522118 0.0838079
0.0371959 9.9955E-05 9.9955E-05 0.0331195 0.0947365 9.9955E-05 0.824341 9.9955E-05 0.0101077 9.9955E-05
9.9937E-05 9.9937E-05 9.9937E-05 9.9937E-05 9.9937E-05 9.9937E-05 0.925044 0.0162911 0.0579657 9.9937E-05
9.9955E-05 0.00856377 0.00339332 0.0181624 9.9955E-05 9.9955E-05 0.951294 9.9955E-05 0.0180867 9.9955E-05
9.99371E-05 0.0331494 9.99371E-05 0.0285069 9.99371E-05 9.99371E-05 0.937644 9.99371E-05 9.99371E-05 9.99371E-05
9.9946E-05 9.9946E-05 9.9946E-05 9.9946E-05 9.9946E-05 9.9946E-05 0.873164 0.00712713 0.0994181 0.019691
9.99201E-05 9.99201E-05 0.999101 9.99201E-05 9.99201E-05 9.99201E-05 9.99201E-05 9.99201E-05 9.99201E-05 9.99201E-05
9.9955E-05 9.9955E-05 9.9955E-05 0.0662113 0.0177555 0.0501573 0.0185251 9.9955E-05 9.9955E-05 0.846851
9.9964E-05 0.1014 0.00622374 0.0344203 9.9964E-05 0.000307118 0.046093 9.9964E-05 9.9964E-05 0.811155
9.9946E-05 0.0220893 0.0139284 9.9946E-05 9.9946E-05 9.9946E-05 9.9946E-05 9.9946E-05 0.052906 0.910477
9.99201E-05 9.99201E-05 9.99201E-05 9.99201E-05 9.99201E-05 9.99201E-05 9.99201E-05 9.99201E-05 9.99201E-05 0.999101
9.99201E-05 9.99201E-05 9.99201E-05 9.99201E-05 9.99201E-05 9.99201E-05 9.99201E-05 9.99201E-05 9.99201E-05 0.999101
9.9955E-05 0.0533093 0.0191156 0.0785701 0.00110332 9.9955E-05 9.9955E-05 9.9955E-05 9.9955E-05 0.847402
9.99201E-05 9.99201E-05 0.999101 9.99201E-05 9.99201E-05 9.99201E-05 9.99201E-05 9.99201E-05 9.99201E-05 9.99201E-05
0.114251 9.9973E-05 0.0290204 0.00143458 9.9973E-05 9.9973E-05 0.000477468 0.0179348 0.0038673 0.832715
0.0327263 9.9964E-05 9.9964E-05 0.0830971 0.0609483 0.0260687 9.9964E-05 9.9964E-05 0.00341543 0.793344
0.0746139 9.9964E-05 0.0256582 9.9964E-05 0.126026 0.00975932 9.9964E-05 9.9964E-05 0.0121237 0.751419
0.0178877 0.0718964 0.0508731 0.0401111 0.0521471 9.9973E-05 9.9973E-05 9.9973E-05 0.00214401 0.764641
0.122841 0.0785177 0.0720865 9.9964E-05 9.9964E-05 0.0133538 0.0209665 9.9964E-05 9.9964E-05 0.691834
0.0820233 9.9964E-05 0.0584751 9.9964E-05 0.0150253 0.20166 9.9964E-05 0.00632335 9.9964E-05 0.636093
0.159717 0.0195667 0.00779542 0.0292219 9.9991E-05 0.0507488 0.0133876 0.0409587 0.0597167 0.618787
0.0631628 9.9973E-05 0.0146739 0.055832 0.171322 0.127536 0.0638759 9.9973E-05 9.9973E-05 0.503297
9.9973E-05 0.0379355 0.0106906 0.0968701 9.9973E-05 0.0449925 9.9973E-05 0.0335072 0.000415002 0.775289
9.9937E-05 0.682318 0.0357234 0.281259 9.9937E-05 9.9937E-05 9.9937E-05 9.9937E-05 9.9937E-05 9.9937E-05
0.0887659 0.60762 9.9964E-05 0.197321 0.0371221 9.9964E-05 9.9964E-05 0.0387011 0.0300697 9.9964E-05
0.105818 0.727461 9.9964E-05 9.9964E-05 0.00324407 0.0455957 0.0324193 9.9964E-05 0.0850619 9.9964E-05
9.9964E-05 0.663108 0.00203993 0.249726 9.9964E-05 0.022014 9.9964E-05 9.9964E-05 0.021531 0.041181
9.999E-05 0.699503 0.0271038 0.0177707 0.0114543 0.0738109 0.0334962 0.0591715 0.0528536 0.0247362
9.99686E-05 0.827443 0.00755445 0.0769002 9.99686E-05 0.031628 0.0113155 9.99686E-05 0.044759 9.99686E-05
9.9964E-05 0.625525 9.9964E-05 9.9964E-05 0.165574 0.0235596 0.0643463 0.0406519 0.0799437 9.9964E-05
9.9973E-05 0.726588 0.0233519 0.0428222 0.0431797 9.9973E-05 9.9973E-05 0.047809 0.0869078 0.0290411
0.096179 0.717026 9.9964E-05 9.9964E-05 9.9964E-05 9.9964E-05 0.0619031 0.0254855 0.0116433 0.0873636
9.9964E-05 0.738085 9.9964E-05 9.9964E-05 0.0220453 0.0112785 9.9964E-05 0.0366142 0.173202 0.0183757
0.0110514 0.883285 0.00319632 0.0104009 9.9982E-05 0.059335 0.00834051 9.9982E-05 0.00775173 0.0164388
9.9937E-05 0.852891 0.0386937 9.9937E-05 9.9937E-05 9.9937E-05 9.9937E-05 9.9937E-05 0.107716 9.9937E-05
9.9955E-05 0.669956 9.9955E-05 0.144601 0.106381 0.0440017 9.9955E-05 0.0345603 9.9955E-05 9.9955E-05
0.0501011 0.748138 9.9964E-05 9.9964E-05 0.0138802 0.0523584 0.000172469 9.9964E-05 0.13495 9.9964E-05
9.9955E-05 0.765172 0.0105941 9.9955E-05 9.9955E-05 0.0491445 9.9955E-05 9.9955E-05 0.0933928 0.0811973
0.0538406 0.81942 0.017304 9.9955E-05 9.9955E-05 0.0338668 9.9955E-05 0.0750691 9.9955E-05 9.9955E-05
9.9955E-05 0.72496 9.9955E-05 9.9955E-05 9.9955E-05 0.0170657 0.0594714 9.9955E-05 0.12789 0.0701126
0.0301684 0.726581 0.0187309 0.0698985 0.0488566 0.000732607 9.9982E-05 0.0207528 0.0840794 9.9982E-05
0.0637098 0.623003 9.9964E-05 0.0769111 0.0525879 9.9964E-05 9.9964E-05 9.9964E-05 0.0989863 0.0844021
0.0564603 0.697148 0.0126914 9.9991E-05 0.0795804 0.000918022 0.0820021 0.0394542 0.0292143 0.00243152
0.113433 0.104091 0.0062182 0.441588 0.0615811 0.0389641 0.0195806 0.0376408 0.149559 0.0273445
9.9928E-05 9.9928E-05 9.9928E-05 9.9928E-05 9.9928E-05 0.99636 0.00284053 9.9928E-05 9.9928E-05 9.9928E-05
9.9982E-05 0.0569801 0.00678753 0.638805 0.0158243 0.0391605 0.0327188 0.114157 0.0953669 9.9982E-05
0.152442 0.0861115 9.9973E-05 0.381696 9.9973E-05 0.105835 0.0148856 0.119983 0.138748 9.9973E-05
0.227396 9.9946E-05 9.9946E-05 0.537554 9.9946E-05 0.0289221 9.9946E-05 9.9946E-05 0.205528 9.9946E-05
9.9973E-05 0.0841075 9.9973E-05 0.545654 9.9973E-05 0.0963839 0.000846994 0.0320672 0.187778 0.0528623
9.99279E-05 9.99279E-05 9.99279E-05 9.99279E-05 9.99279E-05 0.99511 9.99279E-05 9.99279E-05 0.00409082 9.99279E-05
9.99201E-05 9.99201E-05 9.99201E-05 9.99201E-05 9.99201E-05 0.999101 9.99201E-05 9.99201E-05 9.99201E-05 9.99201E-05
0.29878 0.0427651 9.9973E-05 0.179568 9.9973E-05 0.14332 0.114742 0.0673202 0.153204 9.9973E-05
9.9973E-05 9.9973E-05 0.030124 0.472586 9.9973E-05 0.118725 0.0336209 0.0448624 0.18281 0.116972
0.143108 9.9982E-05 0.0011327 0.381453 9.9982E-05 0.0653952 0.0208111 0.0617182 0.277781 0.0484002
0.0921638 9.9964E-05 0.0209844 0.558967 9.9964E-05 0.113347 9.9964E-05 0.0432764 0.170861 9.9964E-05
0.0358235 9.9991E-05 0.0085312 0.387331 0.0288091 0.209679 0.0313581 0.111153 0.148966 0.0382499
9.9955E-05 9.9955E-05 9.9955E-05 0.536642 9.9955E-05 0.148352 9.9955E-05 0.0527445 0.216626 0.0451356
0.138807 0.0263338 9.9973E-05 0.4635 9.9973E-05 0.163936 9.9973E-05 0.0389359 0.150215 0.0179724
0.155068 9.9964E-05 9.9964E-05 0.322231 9.9964E-05 0.205392 9.9964E-05 0.0639517 0.171086 0.0818715
0.525212 9.9973E-05 9.9973E-05 0.0350581 0.0148935 0.052002 9.9973E-05 0.0640728 0.219172 0.0892895
0.0633811 0.327286 0.0395075 0.38594 9.9964E-05 0.0385061 9.9964E-05 9.9964E-05 0.14498 9.9964E-05
0.135645 0.164577 9.9964E-05 0.401484 9.9964E-05 0.0653827 0.0383551 9.9964E-05 0.194157 9.9964E-05
9.9955E-05 0.417688 9.9955E-05 9.9955E-05 9.9955E-05 0.0977553 0.087477 0.033122 0.363458 9.9955E-05
9.99201E-05 9.99201E-05 9.99201E-05 9.99201E-05 9.99201E-05 0.999101 9.99201E-05 9.99201E-05 9.99201E-05 9.99201E-05
0.0480847 0.167699 0.0372085 9.9991E-05 0.0644485 0.15006 0.0746843 0.129577 0.290741 0.0373965
0.0555675 0.136102 9.9964E-05 0.433573 9.9964E-05 0.0900135 9.9964E-05 0.0729444 0.2114 9.9964E-05
9.99369E-05 9.99369E-05 0.0171729 0.970702 9.99369E-05 9.99369E-05 9.99369E-05 0.0114257 9.99369E-05 9.99369E-05
0.129587 9.9973E-05 9.9973E-05 0.359521 9.9973E-05 0.100054 0.056876 0.0409324 0.245971 0.0667589
0.0243721 0.0231621 9.9982E-05 0.362773 9.9982E-05 0.117831 0.081685 0.0636928 0.276392 0.049892
0.0411131 0.221476 0.0254446 0.0631236 0.168609 0.0319861 0.0617483 0.106193 0.278741 0.00156535
9.9955E-05 0.190518 9.9955E-05 0.156542 0.473113 0.0939863 9.9955E-05 9.9955E-05 0.0853418 9.9955E-05
0.225281 0.176422 9.9982E-05 0.334713 0.0631423 0.139644 0.0247412 9.9982E-05 0.0177192 0.0181381
9.99459E-05 0.0250568 0.00384584 0.962336 9.99459E-05 9.99459E-05 9.99459E-05 0.00816117 9.99459E-05 9.99459E-05
9.9946E-05 9.9946E-05 0.00576858 0.924248 0.0665171 9.9946E-05 9.9946E-05 9.9946E-05 0.0028668 9.9946E-05
0.157361 0.0782483 9.9964E-05 0.520094 9.9964E-05 0.139064 9.9964E-05 0.0891423 0.0156908 9.9964E-05
9.9955E-05 9.9955E-05 0.00777792 0.177593 9.9955E-05 0.0100047 9.9955E-05 0.765041 9.9955E-05 0.0390832
0.222421 0.119971 9.9973E-05 0.249474 9.9973E-05 0.200613 0.00289648 0.0203964 0.183929 9.9973E-05
0.226885 0.048422 9.9973E-05 0.0784224 0.0155898 0.10006 9.9973E-05 0.0487521 0.481569 9.9973E-05
0.0156905 0.00626571 0.00038784 0.385607 0.16163 0.0381337 0.0857588 0.0710782 0.157898 0.0775496
0.0842682 0.0849013 0.01319 0.424469 9.9991E-05 0.0635987 0.0360211 0.0512663 0.104372 0.137814
0.0229234 9.9973E-05 9.9973E-05 0.448113 0.0960313 0.1108 9.9973E-05 0.0644802 0.151795 0.105558
0.11968 9.9982E-05 0.0167751 0.370081 0.10149 0.208759 0.0891078 0.0317511 0.0621558 9.9982E-05
0.338352 9.9973E-05 0.000649925 9.9973E-05 0.181 0.174787 0.0300874 0.0854007 0.189424 9.9973E-05
0.175832 0.0919715 9.9973E-05 0.0966129 9.9973E-05 0.195008 0.0530305 0.021705 0.36554 9.9973E-05
0.0234129 9.9964E-05 9.9964E-05 0.727056 9.9964E-05 0.016797 9.9964E-05 0.0109093 0.171574 0.0498508
0.0627561 0.0682798 9.9991E-05 0.275619 0.0111327 0.0377149 0.030188 0.0910642 0.421656 0.00148911
0.126886 9.9973E-05 9.9973E-05 0.454935 9.9973E-05 0.0735603 0.0375092 0.0766652 0.150713 0.0794319
0.130012 9.9982E-05 0.00972543 0.12782 0.126891 0.19974 0.0284812 0.111521 0.26561 9.9982E-05
0.105537 9.9973E-05 0.0133199 0.46494 9.9973E-05 0.0607284 0.0167058 0.0570119 0.281457 9.9973E-05
9.99201E-05 9.99201E-05 9.99201E-05 9.99201E-05 9.99201E-05 9.99201E-05 9.99201E-05 0.999101 9.99201E-05 9.99201E-05
0.341707 9.9982E-05 0.028847 0.088825 0.0284351 0.0744036 0.0833188 0.0640374 0.290226 9.9982E-05
0.0123849 9.9973E-05 9.9973E-05 0.565668 0.0226428 0.111276 9.9973E-05 0.0726648 0.174761 0.040303
9.9982E-05 9.9982E-05 0.0206348 0.571105 0.0399897 0.0664451 0.0586871 0.0902183 0.152346 0.000374211
0.00336469 0.117886 9.9964E-05 0.575528 9.9964E-05 9.9964E-05 9.9964E-05 0.0610822 0.241394 0.000344339
0.246274 9.9955E-05 9.9955E-05 0.469778 9.9955E-05 0.0216276 0.04966 9.9955E-05 0.21216 9.9955E-05
0.141371 9.9973E-05 0.0206225 0.478922 9.9973E-05 9.9973E-05 0.0449675 0.0687342 0.193583 0.0515006
9.99201E-05 9.99201E-05 9.99201E-05 9.99201E-05 9.99201E-05 9.99201E-05 9.99201E-05 9.99201E-05 0.999101 9.99201E-05
9.99201E-05 9.99201E-05 9.99201E-05 9.99201E-05 9.99201E-05 9.99201E-05 9.99201E-05 0.999101 9.99201E-05 9.99201E-05
9.99201E-05 9.99201E-05 9.99201E-05 9.99201E-05 9.99201E-05 9.99201E-05 9.99201E-05 9.99201E-05 0.999101 9.99201E-05
0.129112 0.0239463 0.00916694 0.327318 0.0270056 0.242143 0.0247235 0.069179 0.147305 9.9991E-05
0.0832601 9.9991E-05 0.0267966 0.0333434 0.0573439 0.118298 0.0539294 0.0801526 0.473842 0.0729335
0.279371 9.9982E-05 0.00621973 0.163189 9.9982E-05 0.11143 0.0700482 0.0613883 0.231327 0.0768262
0.00225934 0.0736591 0.0560048 0.193221 9.9982E-05 0.0980581 0.0528504 0.0521365 0.471611 9.9982E-05
0.193761 0.0744117 0.0255524 0.12641 9.9991E-05 0.128022 0.00769207 0.023214 0.41765 0.00318761
9.9964E-05 9.9964E-05 0.0194565 0.182143 0.0290379 9.9964E-05 0.0417834 0.704155 9.9964E-05 0.023025
0.0760246 0.0915948 9.9982E-05 0.311102 9.9982E-05 0.0256086 0.11036 0.0600533 0.249381 0.0756757
0.744028 9.9946E-05 0.036771 0.21825 9.9946E-05 0.000351081 9.9946E-05 9.9946E-05 9.9946E-05 9.9946E-05
0.66193 0.0255653 9.9964E-05 0.277436 0.00651773 9.9964E-05 9.9964E-05 0.0145401 0.0136105 9.9964E-05
0.830799 9.9964E-05 0.00797159 0.0672208 9.9964E-05 9.9964E-05 9.9964E-05 0.0500724 0.0341984 0.00933802
0.904839 9.9955E-05 0.0303476 9.9955E-05 9.9955E-05 0.0180891 9.9955E-05 0.0142994 0.0319249 9.9955E-05
0.815451 9.9955E-05 0.00589347 9.9955E-05 9.9955E-05 9.9955E-05 9.9955E-05 0.0257303 0.110306 0.0421196
0.916609 9.9955E-05 9.9955E-05 9.9955E-05 0.0334096 0.0288023 9.9955E-05 0.0136575 0.00702159 9.9955E-05
0.999101 9.99201E-05 9.99201E-05 9.99201E-05 9.99201E-05 9.99201E-05 9.99201E-05 9.99201E-05 9.99201E-05 9.99201E-05
0.877586 9.9955E-05 0.000283421 0.00337027 9.9955E-05 9.9955E-05 0.0456158 9.9955E-05 9.9955E-05 0.0726443
0.848063 0.140664 9.9946E-05 9.9946E-05 9.9946E-05 9.9946E-05 9.9946E-05 0.000429467 0.0102429 9.9946E-05
0.786374 0.0765739 0.0336419 0.00697957 9.9982E-05 0.015089 0.0134848 0.0538522 0.0138047 9.9982E-05
0.796256 0.0801252 0.00541347 0.0264619 9.9973E-05 0.0200315 9.9973E-05 9.9973E-05 0.0172075 0.0542043
0.156112 0.0796163 9.9964E-05 9.9964E-05 0.67032 9.9964E-05 9.9964E-05 0.0213239 0.0312389 0.0409895
0.0758061 0.0714888 0.0165888 0.0204925 0.740942 0.0328908 0.00449162 0.0370991 9.9982E-05 9.9982E-05
9.9973E-05 0.0418707 0.0438135 0.137339 0.658674 9.9973E-05 0.0456933 9.9973E-05 0.0186273 0.0536821
0.0279084 0.118667 0.00308514 9.9973E-05 0.700017 9.9973E-05 0.0484366 9.9973E-05 0.0700895 0.0314965
0.034815 0.0693954 0.0682982 9.9982E-05 0.674371 0.024042 0.0708571 0.0326069 0.0254146 9.9982E-05
0.161154 9.9982E-05 0.0398337 9.9982E-05 0.689925 0.0555634 0.00706612 0.0016144 0.0352366 0.00940661
9.9973E-05 0.1162 0.0110098 0.0338151 0.711335 9.9973E-05 0.00792563 0.0733404 9.9973E-05 0.0460746
0.134258 9.9964E-05 0.0510842 0.0623484 0.735928 9.9964E-05 9.9964E-05 0.000935897 0.0150458 9.9964E-05
9.9973E-05 0.11105 9.9973E-05 0.140092 0.498962 9.9973E-05 0.0900359 0.0301483 0.0563674 0.0730445
0.172726 0.214257 9.9946E-05 9.9946E-05 0.596694 9.9946E-05 9.9946E-05 0.0157238 9.9946E-05 9.9946E-05
0.129959 0.11626 0.0443459 9.9955E-05 0.679468 0.0294675 9.9955E-05 9.9955E-05 9.9955E-05 9.9955E-05
0.025082 0.14968 0.0203321 9.9964E-05 0.745556 0.042905 0.0160443 9.9964E-05 9.9964E-05 9.9964E-05
0.0438513 0.102885 9.9973E-05 0.101255 0.581473 9.9973E-05 0.0478428 9.9973E-05 0.053313 0.0690807
0.083515 0.153601 9.9964E-05 0.129388 0.480038 9.9964E-05 0.0269486 9.9964E-05 0.12611 9.9964E-05
0.00986718 9.9991E-05 0.00577184 0.0109938 0.706074 0.0183994 0.0512713 0.0149595 0.0930359 0.0895268
9.9973E-05 0.104009 0.0183773 0.0139425 0.693436 0.0620209 0.0956974 0.0122171 9.9973E-05 9.9973E-05
9.9973E-05 0.0397348 0.0057637 0.0393378 0.820322 0.0500548 9.9973E-05 0.0358123 0.00867444 9.9973E-05
9.9973E-05 0.0262761 0.0128538 0.219373 0.683729 9.9973E-05 0.0550634 0.000866856 0.00153876 9.9973E-05
9.9973E-05 0.0706723 0.00862496 9.9973E-05 0.717221 9.9973E-05 0.0326555 0.00489054 0.0399135 0.125722
9.9982E-05 0.122448 0.0239275 9.9982E-05 0.678294 0.0372219 0.00696222 0.00359733 0.0738222 0.053526
9.9973E-05 0.02958 0.0362354 0.165023 0.631344 9.9973E-05 0.0766228 0.0360631 0.0248317 9.9973E-05
0.0365409 9.9964E-05 0.00884984 0.0648398 0.737152 9.9964E-05 9.9964E-05 9.9964E-05 0.123017 0.0292005
0.134167 0.0171312 0.00978441 9.9982E-05 0.719026 0.0486019 0.0201379 0.0465872 0.00436515 9.9982E-05
0.0450179 0.0186439 9.9991E-05 0.0165398 0.759644 0.00556968 0.0128126 0.0149213 0.0842859 0.0424648
9.9955E-05 9.9955E-05 9.9955E-05 0.0588273 0.683584 9.9955E-05 0.071393 0.0787651 9.9955E-05 0.106931
0.0508839 9.9955E-05 9.9955E-05 0.019138 0.705667 9.9955E-05 9.9955E-05 9.9955E-05 0.0609007 0.162911
0.0284585 0.0803542 0.0299494 9.9982E-05 0.681725 0.0451836 0.0566465 9.9982E-05 0.0118622 0.0656205
0.0404126 0.130696 0.018856 9.9973E-05 0.604844 0.159952 0.0436272 0.0013127 9.9973E-05 9.9973E-05
0.0770137 0.0921139 0.0548576 0.12339 0.601812 0.0106427 0.0270351 0.0129351 9.9982E-05 9.9982E-05
0.0372856 0.0797437 0.00300877 9.9982E-05 0.678895 0.0807437 9.9982E-05 0.0322414 0.00145455 0.0864273
0.00213666 0.149131 0.0133695 9.9973E-05 0.677869 0.0227025 9.9973E-05 0.00317148 0.13132 9.9973E-05
0.0548019 0.153187 9.9973E-05 9.9973E-05 0.648813 9.9973E-05 0.0785437 0.015229 0.0185627 0.0305627
0.0469226 0.0617214 9.9964E-05 0.0219245 0.727693 0.0363163 9.9964E-05 9.9964E-05 9.9964E-05 0.105023
9.9955E-05 9.9955E-05 0.0220836 0.105411 0.799679 9.9955E-05 9.9955E-05 0.0542748 0.0180519 9.9955E-05
9.9955E-05 9.9955E-05 0.0511849 9.9955E-05 0.761016 9.9955E-05 0.0280719 9.9955E-05 0.159016 0.00021168
0.00521374 0.650636 9.9982E-05 9.9982E-05 0.102074 0.0729645 0.0366509 0.00513129 0.0492684 0.0778609
0.0950253 0.492349 9.9982E-05 9.9982E-05 0.10209 0.0128883 0.0451724 0.067947 0.0237245 0.160603
0.0361619 0.429403 0.0102117 0.0430998 0.0449663 0.0394306 0.159343 9.9991E-05 0.0253918 0.211892
9.9991E-05 0.483167 0.00375119 0.0275403 0.19877 0.0295569 0.119199 0.0455085 0.0170028 0.0754042
0.120041 0.568218 0.0132475 0.099905 0.00856397 9.9991E-05 0.108101 0.00257782 0.017023 0.0622214
9.9964E-05 0.720105 0.0170072 9.9964E-05 0.032447 9.9964E-05 9.9964E-05 0.0374112 0.0285245 0.164105
0.155906 0.684354 9.9955E-05 9.9955E-05 0.0738075 9.9955E-05 9.9955E-05 0.0325426 9.9955E-05 0.0528901
0.0452478 0.557067 9.9955E-05 0.0265589 9.9955E-05 9.9955E-05 0.109642 9.9955E-05 9.9955E-05 0.260985
