9.99551E-05 9.99551E-05 0.0680601 0.00336615 0.70898 0.219094 9.99551E-05 9.99551E-05 9.99551E-05
9.9955E-05 0.0612908 9.9955E-05 0.0718567 0.853346 0.0130067 9.9955E-05 9.9955E-05 9.9955E-05
9.99371E-05 9.99371E-05 9.99371E-05 9.99371E-05 0.379163 0.620138 9.99371E-05 9.99371E-05 9.99371E-05
9.99371E-05 0.941921 9.99371E-05 9.99371E-05 9.99371E-05 9.99371E-05 9.99371E-05 0.0573798 9.99371E-05
0.0051245 9.99371E-05 9.99371E-05 9.99371E-05 9.99371E-05 9.99371E-05 9.99371E-05 9.99371E-05 0.994176
9.99461E-05 9.99461E-05 9.99461E-05 9.99461E-05 0.0664772 0.124388 9.99461E-05 0.808536 9.99461E-05
0.0631617 0.180862 0.0286992 9.9973E-05 9.9973E-05 0.0554895 0.583076 9.9973E-05 0.0884111
9.99551E-05 0.0432601 9.99551E-05 9.99551E-05 0.858245 0.0503038 0.0476916 9.99551E-05 9.99551E-05
9.99371E-05 9.99371E-05 0.612872 9.99371E-05 9.99371E-05 9.99371E-05 9.99371E-05 0.386429 9.99371E-05
9.993E-05 9.993E-05 9.993E-05 9.993E-05 9.993E-05 9.993E-05 9.993E-05 9.993E-05 0.999201
9.993E-05 9.993E-05 9.993E-05 9.993E-05 9.993E-05 9.993E-05 0.999201 9.993E-05 9.993E-05
9.9955E-05 0.0427379 9.9955E-05 0.0197984 0.863302 9.9955E-05 9.9955E-05 0.0736618 9.9955E-05
0.194692 0.0367412 0.286028 0.120047 9.9982E-05 0.211818 0.0687307 9.9982E-05 0.0817435
0.137113 0.438139 9.99551E-05 9.99551E-05 9.99551E-05 0.278796 0.145453 9.99551E-05 9.99551E-05
0.932554 9.99371E-05 9.99371E-05 9.99371E-05 9.99371E-05 9.99371E-05 9.99371E-05 9.99371E-05 0.0667463
9.99372E-05 9.99372E-05 0.960338 9.99372E-05 9.99372E-05 0.0389626 9.99372E-05 9.99372E-05 9.99372E-05
9.9955E-05 0.371529 9.9955E-05 9.9955E-05 0.471231 0.0225533 9.9955E-05 0.134187 9.9955E-05
0.00842206 9.996E-05 0.450976 9.996E-05 9.996E-05 9.996E-05 0.234855 0.123241 0.182106
9.993E-05 9.993E-05 9.993E-05 9.993E-05 9.993E-05 9.993E-05 9.993E-05 0.999201 9.993E-05
9.993E-05 9.993E-05 9.993E-05 0.999201 9.993E-05 9.993E-05 9.993E-05 9.993E-05 9.993E-05
0.019556 0.0518344 0.691752 0.21641 0.0200474 9.99641E-05 9.99641E-05 9.99641E-05 9.99641E-05
9.99551E-05 9.99551E-05 0.577175 9.99551E-05 0.184979 9.99551E-05 9.99551E-05 0.235485 0.00186176
0.188165 9.9955E-05 0.490028 0.306145 9.9955E-05 0.0151629 9.9955E-05 9.9955E-05 9.9955E-05
9.9955E-05 0.756802 9.9955E-05 0.199554 9.9955E-05 9.9955E-05 0.0165101 0.0266344 9.9955E-05
9.99461E-05 9.99461E-05 9.99461E-05 0.022693 9.99461E-05 0.976004 9.99461E-05 0.000703058 9.99461E-05
0.0988244 9.99551E-05 0.00210814 0.414439 9.99551E-05 9.99551E-05 9.99551E-05 9.99551E-05 0.484129
9.993E-05 0.999201 9.993E-05 9.993E-05 9.993E-05 9.993E-05 9.993E-05 9.993E-05 9.993E-05
0.257856 0.212974 0.158112 9.99551E-05 9.99551E-05 9.99551E-05 9.99551E-05 0.370559 9.99551E-05
9.99373E-05 9.99373E-05 9.99373E-05 0.00219077 0.99711 9.99373E-05 9.99373E-05 9.99373E-05 9.99373E-05
9.99552E-05 0.0235809 9.99552E-05 9.99552E-05 0.296401 9.99552E-05 0.0042637 0.675255 9.99552E-05
9.99371E-05 9.99371E-05 9.99371E-05 9.99371E-05 9.99371E-05 0.376472 0.622829 9.99371E-05 9.99371E-05
9.99371E-05 9.99371E-05 9.99371E-05 9.99371E-05 9.99371E-05 0.935027 9.99371E-05 9.99371E-05 0.0642737
9.9946E-05 9.9946E-05 9.9946E-05 9.9946E-05 9.9946E-05 0.148284 0.197452 9.9946E-05 0.653664
9.99461E-05 9.99461E-05 0.0831687 9.99461E-05 9.99461E-05 0.0440693 9.99461E-05 0.872162 9.99461E-05
9.9946E-05 0.663561 9.9946E-05 9.9946E-05 0.308502 9.9946E-05 9.9946E-05 0.0273377 9.9946E-05
9.99461E-05 9.99461E-05 0.927741 9.99461E-05 0.0262493 9.99461E-05 9.99461E-05 9.99461E-05 0.0454103
9.99461E-05 9.99461E-05 0.0884785 0.156446 9.99461E-05 9.99461E-05 9.99461E-05 0.754476 9.99461E-05
9.99551E-05 9.99551E-05 9.99551E-05 0.0549429 9.99551E-05 0.0288917 9.99551E-05 0.913968 0.00169752
9.99461E-05 9.99461E-05 9.99461E-05 9.99461E-05 0.0597633 9.99461E-05 0.935413 0.00422368 9.99461E-05
9.99552E-05 0.128236 9.99552E-05 0.00253473 9.99552E-05 9.99552E-05 9.99552E-05 0.806875 0.0618553
9.99371E-05 9.99371E-05 9.99371E-05 9.99371E-05 0.220102 9.99371E-05 9.99371E-05 0.779198 9.99371E-05
9.99371E-05 9.99371E-05 9.99371E-05 9.99371E-05 0.837452 9.99371E-05 9.99371E-05 0.161849 9.99371E-05
9.993E-05 9.993E-05 9.993E-05 0.999201 9.993E-05 9.993E-05 9.993E-05 9.993E-05 9.993E-05
9.993E-05 9.993E-05 9.993E-05 9.993E-05 9.993E-05 0.999201 9.993E-05 9.993E-05 9.993E-05
0.999201 9.993E-05 9.993E-05 9.993E-05 9.993E-05 9.993E-05 9.993E-05 9.993E-05 9.993E-05
9.99461E-05 0.135649 0.0554754 9.99461E-05 0.808275 9.99461E-05 9.99461E-05 9.99461E-05 9.99461E-05
9.99461E-05 9.99461E-05 0.879725 0.0711286 9.99461E-05 9.99461E-05 9.99461E-05 0.0485466 9.99461E-05
0.095544 9.99461E-05 0.187881 9.99461E-05 9.99461E-05 9.99461E-05 9.99461E-05 0.715975 9.99461E-05
0.163378 9.99641E-05 9.99641E-05 0.68404 0.0154891 0.0572171 0.0794756 9.99641E-05 9.99641E-05
9.995E-05 9.995E-05 0.25887 0.316201 9.995E-05 9.995E-05 9.995E-05 0.306541 0.117889
