0.9998 9.999E-05 9.999E-05
0.775256 0.110246 0.114498
0.867337 0.0969907 0.0356719
0.863979 0.135921 9.9991E-05
0.878923 0.0873809 0.0336965
0.924397 0.0755034 9.9991E-05
0.933863 0.0660375 9.9991E-05
0.888466 0.0729138 0.0386198
0.853182 0.108072 0.0387454
0.879448 0.120206 0.000346096
0.80254 0.128206 0.0692542
0.828246 0.113862 0.0578921
0.815479 0.0859419 0.0985786
0.769013 0.224098 0.00688887
0.86775 0.0783503 0.0539001
0.924246 0.075654 9.9991E-05
0.9998 9.999E-05 9.999E-05
0.9998 9.999E-05 9.999E-05
0.9998 9.999E-05 9.999E-05
0.962484 9.9991E-05 0.0374163
0.08105 0.687344 0.231606
0.0310266 0.646782 0.322192
0.0759721 0.637565 0.286463
0.0244962 0.67352 0.301984
0.0546168 0.64598 0.299403
0.0523128 0.623615 0.324073
9.9991E-05 0.681078 0.318822
0.0549015 0.716309 0.228789
9.9991E-05 0.669024 0.330876
0.0199565 0.620098 0.359945
9.9991E-05 0.698966 0.300934
0.0177925 0.676314 0.305893
0.097643 0.682068 0.220289
9.9991E-05 0.624106 0.375794
0.0523152 0.477155 0.47053
0.0771458 0.585428 0.337426
0.0145348 0.581315 0.40415
0.0162629 0.590128 0.393609
0.0166482 0.525683 0.457668
0.0420264 0.563651 0.394323
0.056664 0.558508 0.384828
0.0770286 0.535969 0.387002
0.0526055 0.580624 0.366771
0.0795675 0.597384 0.323048
0.0344329 0.555388 0.410179
0.0905879 0.659324 0.250088
9.9991E-05 0.585415 0.414485
0.0600415 0.629503 0.310456
0.0833539 0.611179 0.305467
0.0434073 0.610061 0.346532
0.0435225 0.603971 0.352507
0.0269843 0.63304 0.339975
0.0562089 0.544248 0.399543
0.143831 0.515943 0.340227
0.0634861 0.578533 0.357981
0.0938665 0.554294 0.35184
0.118186 0.569998 0.311817
0.0385265 0.208799 0.752675
0.0794585 0.000766387 0.919775
0.0507013 0.0975979 0.851701
0.0475076 0.0463425 0.90615
9.9991E-05 0.0298535 0.970047
0.0426017 0.0602308 0.897168
0.0204445 0.0183 0.961256
0.00365642 0.0188766 0.977467
0.122512 0.0948012 0.782687
0.0517066 0.129064 0.819229
0.020525 0.0407898 0.938685
0.0155046 0.0180714 0.966424
0.0599675 0.0239712 0.916061
0.0492074 9.9991E-05 0.950693
0.0122878 0.0513062 0.936406
0.0470032 0.0426604 0.910336
0.0110809 0.215404 0.773515
0.0160004 0.22273 0.761269
0.0975431 0.147659 0.754798
0.132248 0.189543 0.678209
9.999E-05 9.999E-05 0.9998
0.0972369 0.16439 0.738373
9.9991E-05 0.0583583 0.941542
0.0622208 0.11458 0.8232
0.0658814 0.0762399 0.857879
0.115227 9.9991E-05 0.884673
0.0674571 0.405511 0.527032
0.0227473 0.746317 0.230935
0.0666924 0.307508 0.6258
0.0678303 0.102452 0.829717
0.0215417 0.221392 0.757067
0.0342431 0.14481 0.820947
0.0205545 9.9991E-05 0.979346
0.0659315 0.0939798 0.840089
9.9991E-05 0.0958254 0.904075
0.145361 0.171864 0.682775
0.105472 0.167709 0.72682
0.0493909 0.111186 0.839423
0.118968 0.11644 0.764592
0.0952451 0.221516 0.683239
0.0860942 0.0302923 0.883614
0.0371401 0.0518237 0.911036
0.0777585 0.017649 0.904593
0.0743106 0.108559 0.81713
0.0409025 0.129273 0.829825
0.0175872 0.063844 0.918569
0.0183775 9.9991E-05 0.981523
0.114826 0.108656 0.776518
0.0488837 0.0102291 0.940887
0.0741037 0.124799 0.801097
0.0422084 0.122754 0.835038
0.0428341 0.0679431 0.889223
0.0860976 0.099796 0.814106
9.999E-05 9.999E-05 0.9998
0.0228776 9.9991E-05 0.977022
9.9991E-05 0.00547007 0.99443
0.0827825 0.0514805 0.865737
0.0741997 0.180155 0.745646
0.100683 0.0947064 0.804611
0.097758 9.9991E-05 0.902142
0.0375705 0.0806985 0.881731
0.10654 0.0372297 0.856231
0.109885 0.132089 0.758025
0.0323598 0.27714 0.6905
9.9991E-05 0.28277 0.71713
0.00892318 0.283309 0.707768
0.0577537 0.241027 0.701219
0.0251204 0.359381 0.615498
0.00263123 0.407194 0.590174
0.0529626 0.392646 0.554392
0.0902789 0.230244 0.679477
0.0414502 0.379507 0.579043
0.0188161 0.280384 0.7008
0.00866658 0.312846 0.678488
0.0447789 0.943887 0.0113337
0.0431216 0.904295 0.052583
0.0539398 0.911118 0.0349424
0.0625373 0.937363 9.9991E-05
0.07619 0.862261 0.0615489
0.0650232 0.914205 0.0207714
0.031187 0.958743 0.0100702
9.9991E-05 0.952038 0.0478618
0.0959946 0.721732 0.182273
0.0288125 0.937849 0.0333386
0.0391562 0.960744 9.9991E-05
0.0919076 0.907992 9.9991E-05
0.0222178 0.853172 0.12461
0.0135444 0.77561 0.210846
0.083265 0.803565 0.11317
0.153041 0.80329 0.0436686
9.9991E-05 0.980122 0.0197783
0.102182 0.897106 0.000712792
0.0743947 0.925505 9.9991E-05
0.0536291 0.89549 0.0508811
0.0819419 0.828069 0.0899892
0.0205487 0.944147 0.0353044
0.0576768 0.881775 0.0605479
0.0812501 0.915076 0.00367415
0.0668741 0.850224 0.0829018
0.0714827 0.845019 0.0834979
0.0739407 0.921115 0.00494459
0.102365 0.825514 0.0721209
0.0842362 0.854412 0.0613522
9.9991E-05 0.97221 0.0276896
9.999E-05 0.9998 9.999E-05
0.0838138 0.876552 0.0396343
0.0168414 0.960267 0.0228921
0.0106675 0.940798 0.0485342
0.0583616 0.927536 0.0141022
0.0616055 0.643699 0.294696
0.058361 0.624943 0.316696
0.139828 0.572811 0.287361
0.147703 0.597085 0.255212
0.123951 0.566527 0.309522
9.9991E-05 0.696049 0.303851
0.0397262 0.686891 0.273383
0.118213 0.668633 0.213154
