9.99101E-05 9.99101E-05 9.99101E-05 9.99101E-05 9.99101E-05 0.999001 9.99101E-05 9.99101E-05 9.99101E-05 9.99101E-05 9.99101E-05
9.9964E-05 0.0172775 9.9964E-05 0.0589343 9.9964E-05 0.0149454 0.012922 0.0455808 0.729809 9.9964E-05 0.120132
0.0100208 9.9964E-05 0.00386504 0.0284239 9.9964E-05 0.0576786 0.0778558 9.9964E-05 0.778661 9.9964E-05 0.0430946
0.00258944 9.9982E-05 0.01422 0.014949 0.00571573 0.00288447 0.0688161 9.9982E-05 0.822004 0.0420894 0.0265319
9.9946E-05 0.0690284 0.0227304 9.9946E-05 9.9946E-05 0.0710158 9.9946E-05 9.9946E-05 0.756913 9.9946E-05 0.0797126
9.9946E-05 9.9946E-05 0.02537 9.9946E-05 9.9946E-05 0.00802656 9.9946E-05 9.9946E-05 0.888512 0.0350583 0.0424331
9.99101E-05 9.99101E-05 9.99101E-05 9.99101E-05 9.99101E-05 0.999001 9.99101E-05 9.99101E-05 9.99101E-05 9.99101E-05 9.99101E-05
9.9955E-05 9.9955E-05 9.9955E-05 0.0668593 9.9955E-05 0.0134353 0.0328701 9.9955E-05 0.817618 0.00782863 0.0608893
9.9955E-05 9.9955E-05 9.9955E-05 0.0177404 9.9955E-05 0.0767323 0.0533757 9.9955E-05 0.731391 0.0781675 0.0420931
0.00967054 9.99515E-05 9.99515E-05 9.99515E-05 0.00934565 0.0198245 9.99515E-05 9.99515E-05 0.844708 0.115852 9.99515E-05
0.0234014 9.9955E-05 0.0196545 9.9955E-05 9.9955E-05 9.9955E-05 9.9955E-05 0.0804613 0.784761 0.0187533 0.072469
0.063145 0.0425202 0.00875661 9.9973E-05 0.0173507 0.0625972 9.9973E-05 0.0388255 0.7106 9.9973E-05 0.0559047
0.00207907 9.9955E-05 9.9955E-05 0.0649902 9.9955E-05 0.0449089 0.142349 9.9955E-05 0.737891 0.00728217 9.9955E-05
0.0502209 0.0474534 9.9964E-05 0.0398884 9.9964E-05 0.00885897 9.9964E-05 9.9964E-05 0.693557 0.0663068 0.0933147
9.99479E-05 9.99479E-05 9.99479E-05 9.99479E-05 9.99479E-05 0.0358997 0.100248 0.0312409 0.785747 0.0462649 9.99479E-05
9.9928E-05 9.9928E-05 0.00986854 9.9928E-05 9.9928E-05 9.9928E-05 9.9928E-05 9.9928E-05 0.884038 9.9928E-05 0.105294
9.9937E-05 9.9937E-05 0.0123359 9.9937E-05 0.00253944 0.0697164 9.9937E-05 9.9937E-05 0.914709 9.9937E-05 9.9937E-05
9.9928E-05 0.0160823 9.9928E-05 9.9928E-05 9.9928E-05 0.0483947 9.9928E-05 9.9928E-05 0.934724 9.9928E-05 9.9928E-05
9.9937E-05 0.0236628 9.9937E-05 0.0154798 9.9937E-05 0.0645571 9.9937E-05 9.9937E-05 0.895601 9.9937E-05 9.9937E-05
9.9937E-05 0.0125347 0.000214683 9.9937E-05 0.0341495 9.9937E-05 9.9937E-05 9.9937E-05 0.952402 9.9937E-05 9.9937E-05
0.999001 9.99101E-05 9.99101E-05 9.99101E-05 9.99101E-05 9.99101E-05 9.99101E-05 9.99101E-05 9.99101E-05 9.99101E-05 9.99101E-05
0.677333 0.0835414 9.9955E-05 0.0414892 9.9955E-05 0.0220424 9.9955E-05 0.0352925 9.9955E-05 0.139802 9.9955E-05
0.672906 0.112194 9.9973E-05 9.9973E-05 0.0262796 0.0495492 0.0164644 0.0663138 0.00108479 9.9973E-05 0.0549085
0.742908 0.144138 0.0263433 9.9955E-05 0.0515542 9.9955E-05 0.0196919 9.9955E-05 9.9955E-05 9.9955E-05 0.0148644
0.887126 9.9955E-05 9.9955E-05 9.9955E-05 0.00316498 0.0178777 0.0527864 0.0103945 0.0281504 9.9955E-05 9.9955E-05
0.785751 9.9937E-05 0.00537964 9.9937E-05 9.9937E-05 0.0353072 0.172863 9.9937E-05 9.9937E-05 9.9937E-05 9.9937E-05
0.687105 0.102904 9.9955E-05 9.9955E-05 9.9955E-05 0.0361819 0.119872 0.0308576 9.9955E-05 9.9955E-05 0.0225799
0.999001 9.99101E-05 9.99101E-05 9.99101E-05 9.99101E-05 9.99101E-05 9.99101E-05 9.99101E-05 9.99101E-05 9.99101E-05 9.99101E-05
0.679474 9.9928E-05 9.9928E-05 9.9928E-05 9.9928E-05 9.9928E-05 0.225684 9.9928E-05 9.9928E-05 9.9928E-05 0.0940425
0.527863 0.0402214 9.9964E-05 0.00689984 9.9964E-05 9.9964E-05 0.0396117 0.167586 0.0366664 0.180752 9.9964E-05
0.656295 9.9955E-05 0.0166383 0.0096625 9.9955E-05 9.9955E-05 0.137572 0.027531 9.9955E-05 9.9955E-05 0.151801
0.648441 0.0989199 0.0234927 9.9955E-05 9.9955E-05 0.00607691 0.160374 9.9955E-05 9.9955E-05 9.9955E-05 0.0621956
0.628315 0.0296523 9.9964E-05 0.0645611 9.9964E-05 0.0283653 0.149219 9.9964E-05 0.0102446 9.9964E-05 0.0892437
0.583064 9.9946E-05 9.9946E-05 0.146959 9.9946E-05 9.9946E-05 0.0196832 0.0499847 9.9946E-05 0.199709 9.9946E-05
0.510116 0.0171045 9.9982E-05 0.0938201 0.026058 0.0130294 0.148588 0.102391 0.0162892 9.9982E-05 0.0724029
0.385734 9.9982E-05 0.0142494 0.0619628 0.000193194 0.029508 9.9982E-05 0.213608 0.0405008 0.0186494 0.235395
0.599951 0.128934 9.9973E-05 0.01662 0.0171056 9.9973E-05 9.9973E-05 0.173434 0.0139707 0.0368243 0.0128609
0.0674537 0.766694 9.9955E-05 9.9955E-05 9.9955E-05 0.000957816 0.107724 0.0315136 9.9955E-05 0.0251578 9.9955E-05
9.9973E-05 0.691277 0.0218865 9.9973E-05 0.00566407 0.0525987 0.160693 0.0470633 9.9973E-05 0.00997609 0.0105409
9.9964E-05 0.659055 0.0353767 0.0537316 9.9964E-05 9.9964E-05 0.0452684 0.0431126 0.0390162 9.9964E-05 0.124039
0.0182986 0.708409 9.9946E-05 9.9946E-05 9.9946E-05 0.0337858 9.9946E-05 0.157959 9.9946E-05 0.0809483 9.9946E-05
0.0337316 0.724353 0.0101639 0.100871 0.025344 0.017502 9.9973E-05 9.9973E-05 0.00543963 9.9973E-05 0.0822951
9.9973E-05 0.747696 0.00403296 0.0504757 0.00354339 0.00765808 0.0703358 9.9973E-05 0.00609779 9.9973E-05 0.109861
0.00892179 0.58001 0.0193026 0.0917245 0.022745 0.0251431 9.9982E-05 9.9982E-05 0.0192927 0.223212 0.00944811
0.0505745 0.672178 0.0336414 0.0105488 0.0612639 0.0179877 9.9973E-05 0.103484 9.9973E-05 9.9973E-05 0.0500214
9.9946E-05 0.690196 9.9946E-05 9.9946E-05 0.0276081 9.9946E-05 0.0837494 9.9946E-05 0.0571883 9.9946E-05 0.140658
9.9955E-05 0.797007 0.0286847 0.0088332 0.0391001 9.9955E-05 9.9955E-05 0.0372995 9.9955E-05 9.9955E-05 0.0885755
9.9964E-05 0.779932 9.9964E-05 0.0474219 0.00250214 0.0135305 0.0859839 9.9964E-05 0.00026215 0.0699677 9.9964E-05
0.049617 0.856319 0.020993 0.050803 0.00648238 0.0152855 9.9955E-05 9.9955E-05 9.9955E-05 9.9955E-05 9.9955E-05
9.9946E-05 0.707989 9.9946E-05 0.0881687 9.9946E-05 9.9946E-05 9.9946E-05 0.00493297 0.000970248 0.197339 9.9946E-05
9.9946E-05 0.788957 0.0466803 9.9946E-05 9.9946E-05 0.0449993 0.0752192 9.9946E-05 9.9946E-05 9.9946E-05 0.0435445
0.0385232 0.762938 0.00658463 0.0666302 9.9955E-05 0.0349919 9.9955E-05 9.9955E-05 9.9955E-05 9.9955E-05 0.0898324
9.9955E-05 0.782443 9.9955E-05 0.0543422 0.0660639 0.000960971 0.0525683 9.9955E-05 9.9955E-05 0.0431215 9.9955E-05
0.015001 0.792846 0.0325794 9.9955E-05 9.9955E-05 0.00840046 9.9955E-05 0.0548347 0.0958392 9.9955E-05 9.9955E-05
9.9973E-05 0.689188 0.0295572 0.0234725 0.0433327 9.9973E-05 0.0156536 0.0264829 0.0243785 9.9973E-05 0.147634
0.010087 0.650074 0.0396833 0.0352096 9.9982E-05 9.9982E-05 0.0880873 0.0431054 0.0130676 0.0981931 0.0222924
0.0157094 0.674668 9.9964E-05 0.0192607 0.0461219 9.9964E-05 0.0555384 9.9964E-05 0.0611138 9.9964E-05 0.127188
0.0149057 0.114409 0.0185676 0.0359558 0.0470218 9.9982E-05 0.0380571 0.58886 0.052558 9.9982E-05 0.0894652
9.99101E-05 9.99101E-05 9.99101E-05 0.999001 9.99101E-05 9.99101E-05 9.99101E-05 9.99101E-05 9.99101E-05 9.99101E-05 9.99101E-05
0.0401237 9.9982E-05 0.00215589 0.0504583 0.14429 0.050172 0.000420937 0.61237 0.00356322 0.096246 9.9982E-05
9.9964E-05 0.0371066 0.00779969 0.0298474 0.106996 0.031029 0.239378 0.547444 9.9964E-05 9.9964E-05 9.9964E-05
9.9946E-05 9.9946E-05 0.0389662 0.109969 0.0732551 9.9946E-05 0.154049 0.623162 9.9946E-05 9.9946E-05 9.9946E-05
9.9982E-05 0.0979309 0.0196313 0.035657 0.0798779 0.00266086 0.0248962 0.667634 0.0436351 0.0278768 9.9982E-05
9.99189E-05 9.99189E-05 0.0409934 0.958107 9.99189E-05 9.99189E-05 9.99189E-05 9.99189E-05 9.99189E-05 9.99189E-05 9.99189E-05
9.99101E-05 9.99101E-05 9.99101E-05 0.999001 9.99101E-05 9.99101E-05 9.99101E-05 9.99101E-05 9.99101E-05 9.99101E-05 9.99101E-05
9.9982E-05 9.9982E-05 0.0434702 0.10906 0.0964133 0.0362595 0.12203 0.449322 0.0918732 0.0388998 0.0124723
0.11592 9.9973E-05 0.0403523 0.0999121 0.0694986 9.9973E-05 0.0224627 0.505969 0.0689135 0.0766717 9.9973E-05
0.00191287 9.9973E-05 0.040223 0.160578 0.106161 0.0321601 0.170136 0.482034 9.9973E-05 0.00649544 9.9973E-05
0.0753951 9.9955E-05 0.0320537 0.0963284 0.125677 9.9955E-05 0.0392959 0.63075 9.9955E-05 9.9955E-05 9.9955E-05
0.0861837 9.9964E-05 0.037009 0.217277 0.0883545 0.0220102 9.9964E-05 0.515539 0.033226 9.9964E-05 9.9964E-05
9.9964E-05 0.0156053 0.031934 0.119229 0.0680171 0.06376 0.0191008 0.681954 9.9964E-05 9.9964E-05 9.9964E-05
9.9955E-05 9.9955E-05 0.0354518 0.0860712 0.0701228 0.0683079 0.0960838 0.643463 9.9955E-05 9.9955E-05 9.9955E-05
0.0557926 9.9964E-05 0.0259308 0.162405 0.0967486 0.0225383 0.0340185 0.602167 9.9964E-05 9.9964E-05 9.9964E-05
9.9982E-05 0.0277609 0.0395397 0.0578239 0.0481207 9.9982E-05 0.451112 0.342642 0.0120289 0.00633318 0.0144379
0.062401 0.212674 0.0778312 0.0302471 0.0179107 0.0402703 0.264451 0.293915 9.9973E-05 9.9973E-05 9.9973E-05
9.9964E-05 0.236315 0.0239404 0.0627843 0.0428556 9.9964E-05 9.9964E-05 0.522431 0.0819633 0.0293104 9.9964E-05
9.9955E-05 0.423474 0.0322518 0.0601827 0.0434759 9.9955E-05 9.9955E-05 0.320647 0.119469 9.9955E-05 9.9955E-05
9.99189E-05 9.99189E-05 0.0118824 0.987218 9.99189E-05 9.99189E-05 9.99189E-05 9.99189E-05 9.99189E-05 9.99189E-05 9.99189E-05
0.0321212 0.150376 0.0600712 0.156295 0.106051 0.00518135 0.172205 0.208102 0.0761999 9.9991E-05 0.0332966
9.9946E-05 0.160676 0.0540822 0.177747 0.116556 9.9946E-05 9.9946E-05 0.490339 9.9946E-05 9.9946E-05 9.9946E-05
0.0549177 0.0516937 0.08715 9.9982E-05 0.0866254 0.0358209 0.0162406 0.590312 0.0593994 0.0176401 9.9982E-05
0.0382954 0.0127973 0.0295859 0.0778582 0.0890677 0.0455282 9.9973E-05 0.667666 9.9973E-05 0.0389014 9.9973E-05
9.9955E-05 0.0209423 0.0250339 0.115939 0.109783 9.9955E-05 9.9955E-05 0.614087 0.113715 9.9955E-05 9.9955E-05
0.0511521 0.262275 0.0381285 0.00601557 0.0929626 0.0116707 9.9991E-05 0.295524 0.018666 0.0707118 0.152794
9.9964E-05 0.112843 0.0181122 0.0789239 0.0213969 9.9964E-05 9.9964E-05 0.0440154 9.9964E-05 0.536873 0.187436
9.9973E-05 0.089104 0.0306447 0.120794 9.9973E-05 0.0156882 0.162288 0.395997 9.9973E-05 0.147724 0.0374601
9.9973E-05 0.0686972 0.0434718 0.0456011 0.0946662 9.9973E-05 9.9973E-05 0.639769 0.0447706 0.0596351 0.00308954
9.9964E-05 0.0353646 0.0888661 9.9964E-05 0.0272501 0.0475374 0.148523 0.531996 9.9964E-05 9.9964E-05 0.120062
0.000776079 0.0451827 9.9973E-05 0.0664369 0.103451 9.9973E-05 0.139781 0.573751 0.0315414 9.9973E-05 0.0387799
0.0400016 0.0254992 9.9955E-05 0.00518771 0.793136 9.9955E-05 0.00425317 0.131422 9.9955E-05 9.9955E-05 9.9955E-05
0.0210363 0.101612 0.0431218 0.204335 0.0616716 9.9982E-05 0.136822 0.38917 0.0259863 9.9982E-05 0.0160457
9.9964E-05 0.0432565 0.0197755 0.0865762 0.0558961 0.0150555 9.9964E-05 0.718065 9.9964E-05 0.0609752 9.9964E-05
0.0487837 9.9973E-05 0.00664843 0.0155536 0.111782 0.037965 9.9973E-05 0.593022 0.0418143 9.9973E-05 0.144131
0.131566 0.0024397 0.0462427 0.0319498 0.0894983 0.0313755 9.9991E-05 0.502538 0.0753167 0.00757346 0.0814001
9.9973E-05 9.9973E-05 0.0370995 0.0890889 0.037835 0.0722053 0.0420519 0.634482 9.9973E-05 0.0734594 0.0134776
0.0580559 0.0147095 9.9973E-05 0.160459 0.0670832 0.109104 0.0203468 0.484173 9.9973E-05 0.0857686 9.9973E-05
9.9982E-05 0.053519 0.0818262 0.12927 0.0416184 0.0378016 0.187963 0.344264 9.9982E-05 0.0686208 0.0549176
9.9982E-05 0.0682288 0.0635601 0.182725 0.0536034 0.0155308 0.0885966 0.462704 0.0581777 9.9982E-05 0.00667405
0.0400568 9.9964E-05 0.064902 0.0614102 0.063474 0.0357799 0.0706438 0.663333 9.9964E-05 9.9964E-05 9.9964E-05
9.9973E-05 0.0563772 0.0578883 0.0763486 0.109107 9.9973E-05 0.0610209 0.559723 0.0703838 0.00885121 9.9973E-05
9.9964E-05 9.9964E-05 0.0228322 0.0239826 0.0895657 0.0496604 0.0382139 0.692636 9.9964E-05 9.9964E-05 0.0827093
9.997E-05 9.997E-05 0.0559873 0.219478 0.139809 0.0325907 0.0509123 0.382101 9.997E-05 0.11865 0.000171523
9.9946E-05 9.9946E-05 9.9946E-05 9.9946E-05 0.0791085 0.00973716 9.9946E-05 0.864787 0.00423528 9.9946E-05 0.0415322
9.99101E-05 9.99101E-05 9.99101E-05 9.99101E-05 0.999001 9.99101E-05 9.99101E-05 9.99101E-05 9.99101E-05 9.99101E-05 9.99101E-05
0.0273549 0.0280955 0.0517747 0.1007 0.11862 0.0435657 0.0856866 0.453019 0.0469793 0.00284751 0.0413572
0.0193706 0.0412747 0.00497964 0.0818592 0.0955179 0.00619058 9.9982E-05 0.715979 0.0296869 9.9982E-05 0.00494122
9.9982E-05 0.00635318 0.00728143 0.0294158 0.105772 0.0529155 9.9982E-05 0.663554 0.0275451 0.00115351 0.10581
9.9955E-05 0.113224 0.0263772 9.9955E-05 0.0685497 9.9955E-05 9.9955E-05 0.722549 0.0449948 9.9955E-05 0.0238058
9.9973E-05 0.00803234 0.0672732 0.03934 0.0145842 0.0179047 0.179634 0.643825 0.0291061 9.9973E-05 9.9973E-05
0.0677908 9.9982E-05 0.0303797 0.0201669 0.0267641 0.00241983 0.150533 0.621239 0.0442303 0.0362763 9.9982E-05
9.99101E-05 9.99101E-05 0.999001 9.99101E-05 9.99101E-05 9.99101E-05 9.99101E-05 9.99101E-05 9.99101E-05 9.99101E-05 9.99101E-05
9.99101E-05 9.99101E-05 9.99101E-05 9.99101E-05 0.999001 9.99101E-05 9.99101E-05 9.99101E-05 9.99101E-05 9.99101E-05 9.99101E-05
9.99101E-05 9.99101E-05 0.999001 9.99101E-05 9.99101E-05 9.99101E-05 9.99101E-05 9.99101E-05 9.99101E-05 9.99101E-05 9.99101E-05
9.9955E-05 9.9955E-05 0.0134054 0.115063 0.105161 9.9955E-05 9.9955E-05 0.633067 0.0602454 9.9955E-05 0.0725592
0.08716 9.9973E-05 0.0561877 0.153821 0.131565 0.0429958 9.9973E-05 0.435905 9.9973E-05 0.0214232 0.0706428
0.0667515 9.9982E-05 0.0324853 0.0561599 0.120554 0.0133807 0.0229027 0.563571 0.0490203 0.0749739 9.9982E-05
0.0294947 0.0305321 0.0822073 0.0389808 0.112055 0.0105977 9.9973E-05 0.634413 0.0614194 9.9973E-05 9.9973E-05
0.006577 0.0781651 0.0114028 0.0996498 0.0792448 0.00658943 0.0501457 0.62126 0.0270564 0.019809 9.9991E-05
0.0142959 9.9937E-05 9.9937E-05 9.9937E-05 0.742584 9.9937E-05 9.9937E-05 0.129409 9.9937E-05 0.113012 9.9937E-05
9.9973E-05 0.137123 0.0598751 0.0323417 0.11082 0.0157572 9.9973E-05 0.50494 0.0961864 9.9973E-05 0.0426569
9.9946E-05 9.9946E-05 9.9946E-05 0.0827869 9.9946E-05 9.9946E-05 0.788046 0.110833 9.9946E-05 0.0176328 0.00010149
9.9937E-05 9.9937E-05 0.0173884 9.9937E-05 0.00872793 9.9937E-05 0.924307 0.0488774 9.9937E-05 9.9937E-05 9.9937E-05
9.9937E-05 9.9937E-05 0.0313812 9.9937E-05 0.0325843 0.0337569 0.901578 9.9937E-05 9.9937E-05 9.9937E-05 9.9937E-05
9.9946E-05 9.9946E-05 0.0105579 0.0572394 9.9946E-05 9.9946E-05 0.845326 0.0474524 0.0388244 9.9946E-05 9.9946E-05
0.0312558 9.9964E-05 0.035243 9.9964E-05 0.0216272 9.9964E-05 0.7714 0.0872276 0.00750804 9.9964E-05 0.0453382
0.00879561 9.9937E-05 9.9937E-05 0.0413326 9.9937E-05 9.9937E-05 0.863548 9.9937E-05 9.9937E-05 9.9937E-05 0.085624
9.9919E-05 9.9919E-05 9.9919E-05 9.9919E-05 9.9919E-05 9.9919E-05 0.976925 9.9919E-05 0.0221757 9.9919E-05 9.9919E-05
0.00624862 9.9955E-05 9.9955E-05 9.9955E-05 0.0182404 0.0126332 0.885744 0.0254099 0.0512244 9.9955E-05 9.9955E-05
9.9964E-05 0.0419237 0.00904018 9.9964E-05 0.00144813 0.00381699 0.880774 9.9964E-05 0.0179916 0.0446052 9.9964E-05
0.00131054 0.0610044 0.0333609 0.0585625 0.0250428 9.9964E-05 0.8091 9.9964E-05 0.0112186 9.9964E-05 9.9964E-05
0.0409018 0.0260753 0.00385125 9.9973E-05 0.00729676 9.9973E-05 0.788229 0.107168 0.00975355 0.0164243 9.9973E-05
9.9964E-05 0.00537777 0.0115633 9.9964E-05 0.0201759 0.0134677 0.14348 9.9964E-05 9.9964E-05 0.148392 0.657143
9.9955E-05 0.00532073 9.9955E-05 9.9955E-05 0.00910926 0.0169639 0.14914 9.9955E-05 9.9955E-05 0.415817 0.403149
0.0394161 0.0117346 0.0242787 0.0081366 9.9964E-05 0.0328463 9.9964E-05 0.0787477 9.9964E-05 9.9964E-05 0.80444
0.0106636 0.0882055 0.0323549 9.9964E-05 9.9964E-05 0.000324478 9.9964E-05 9.9964E-05 0.0782365 0.0627476 0.727068
9.9955E-05 0.0387117 9.9955E-05 0.0194297 9.9955E-05 0.0583655 9.9955E-05 0.0902773 9.9955E-05 0.125656 0.66706
0.0268345 9.997E-05 0.0307504 0.00468085 0.00561031 9.997E-05 0.0794124 9.997E-05 0.0413898 0.437757 0.373265
9.9937E-05 0.0826408 9.9937E-05 0.00969064 0.0582447 9.9937E-05 9.9937E-05 9.9937E-05 9.9937E-05 9.9937E-05 0.848724
0.042549 9.9964E-05 0.000978044 9.9964E-05 0.00647023 0.0278484 9.9964E-05 0.0780978 9.9964E-05 0.28329 0.560367
0.00443423 0.0157869 0.0976417 9.9973E-05 0.0325887 0.0840867 9.9973E-05 0.159918 9.9973E-05 0.0300589 0.575185
9.9955E-05 0.144152 9.9955E-05 9.9955E-05 0.0121676 0.0205107 0.097642 9.9955E-05 0.0067419 9.9955E-05 0.718286
0.00644412 0.0389377 0.00886131 0.100246 9.9973E-05 0.0292233 0.00913684 9.9973E-05 9.9973E-05 0.0959251 0.710926
9.9946E-05 0.115121 9.9946E-05 0.00684862 9.9946E-05 9.9946E-05 9.9946E-05 9.9946E-05 0.0510492 0.444404 0.381977
0.0543104 0.0856374 0.0238661 9.9982E-05 9.9982E-05 0.0294205 0.0237691 0.104845 0.00230587 0.188124 0.487522
9.9973E-05 0.122777 0.00955145 0.00111989 0.0103861 0.046369 9.9973E-05 0.148075 9.9973E-05 0.308859 0.352563
0.0691427 9.9973E-05 0.0263329 0.0228369 0.020473 0.0611718 0.00741735 9.9973E-05 9.9973E-05 0.744466 0.0478597
9.9955E-05 0.0165168 9.9955E-05 9.9955E-05 0.0149778 0.0616587 9.9955E-05 9.9955E-05 0.00891354 0.881512 0.0159218
9.9928E-05 9.9928E-05 0.0251533 0.00193347 9.9928E-05 9.9928E-05 9.9928E-05 9.9928E-05 9.9928E-05 0.972114 9.9928E-05
9.9955E-05 9.9955E-05 0.0123988 9.9955E-05 9.9955E-05 0.0267775 9.9955E-05 0.0744671 0.00259414 0.818745 0.0645176
9.99101E-05 9.99101E-05 9.99101E-05 9.99101E-05 9.99101E-05 9.99101E-05 9.99101E-05 9.99101E-05 9.99101E-05 0.999001 9.99101E-05
0.0264434 9.9946E-05 9.9946E-05 0.0101651 9.9946E-05 0.0345102 9.9946E-05 0.0596913 9.9946E-05 0.86859 9.9946E-05
0.00961321 9.9946E-05 9.9946E-05 0.0446101 0.00969632 9.9946E-05 9.9946E-05 9.9946E-05 0.0378139 0.897667 9.9946E-05
9.9937E-05 9.9937E-05 0.059222 9.9937E-05 9.9937E-05 9.9937E-05 0.017224 9.9937E-05 9.9937E-05 0.918973 0.00388137
9.9946E-05 9.9946E-05 0.0547229 9.9946E-05 0.0323984 9.9946E-05 0.0283878 9.9946E-05 0.065842 9.9946E-05 0.818049
9.998E-05 0.0294315 0.00679567 0.00840767 0.0133625 0.00328976 0.0858259 9.998E-05 0.0527984 0.0949989 0.70489
0.0724149 9.9955E-05 9.9955E-05 0.0378179 0.0719374 0.0286446 9.9955E-05 9.9955E-05 0.0387016 9.9955E-05 0.749984
0.0249795 9.9946E-05 9.9946E-05 9.9946E-05 9.9946E-05 0.0297879 9.9946E-05 0.193205 0.009598 9.9946E-05 0.74183
0.0485018 0.072499 0.0378134 9.9973E-05 0.00107602 9.9973E-05 9.9973E-05 0.0030362 0.0571782 0.0461171 0.733478
9.9955E-05 9.9955E-05 9.9955E-05 0.148079 9.9955E-05 0.0187064 9.9955E-05 0.00710589 0.0586396 0.0539514 0.713018
0.00636362 0.0814764 0.00182724 0.0116067 0.00740218 0.00392727 0.0640981 0.0460437 0.0617909 0.453175 0.262289
0.00417191 0.0589968 0.0160354 0.0218829 0.0471092 9.9964E-05 9.9964E-05 9.9964E-05 0.00243638 9.9964E-05 0.848967
9.9955E-05 0.063449 0.0404184 0.0418475 0.00759304 9.9955E-05 0.00764497 9.9955E-05 9.9955E-05 9.9955E-05 0.838547
9.9982E-05 0.104846 0.0176816 9.9982E-05 0.0023121 0.0432498 0.0206585 0.0382898 0.044706 0.00752893 0.720528
0.0533629 0.0833787 9.9955E-05 9.9955E-05 9.9955E-05 0.028352 0.0893616 9.9955E-05 9.9955E-05 0.13265 0.612395
0.0287851 9.9973E-05 0.0163459 0.00235631 0.0511328 0.020556 9.9973E-05 0.00685837 9.9973E-05 0.0762537 0.797412
0.0325717 9.9955E-05 0.0229024 0.00295078 9.9955E-05 0.0397233 9.9955E-05 0.0402194 9.9955E-05 9.9955E-05 0.861133
0.00817541 0.577417 0.0243558 0.0954478 9.9973E-05 0.0107466 0.0125755 9.9973E-05 0.0405803 9.9973E-05 0.230401
0.00831459 0.536409 9.9973E-05 9.9973E-05 0.0554597 0.0349482 0.0876714 9.9973E-05 0.0283499 0.2477 0.000847114
0.0631771 0.476498 0.0287829 0.0154364 9.9973E-05 0.0193973 9.9973E-05 0.0453197 0.0797694 0.27132 9.9973E-05
0.0438901 0.51016 0.0311279 0.00375546 0.0372733 9.9991E-05 0.0246012 0.00454784 0.112028 0.101336 0.13118
0.0115992 0.513526 0.00988368 9.9964E-05 9.9964E-05 9.9964E-05 0.168221 0.0143158 0.07806 0.203995 9.9964E-05
0.0754085 0.574529 0.0385768 9.9955E-05 0.00582052 9.9955E-05 0.0692146 9.9955E-05 9.9955E-05 0.235951 9.9955E-05
0.0122841 0.722644 9.9955E-05 9.9955E-05 0.0201556 0.0107313 0.0914603 9.9955E-05 9.9955E-05 0.142225 9.9955E-05
0.122714 0.531775 0.0070125 9.9955E-05 9.9955E-05 9.9955E-05 0.175481 9.9955E-05 0.0816855 0.0808326 9.9955E-05
