9.9919E-05 9.9919E-05 9.9919E-05 0.0237204 0.010346 9.9919E-05 0.00173794 0.0114342 0.916841 0.0063648 0.00409552 9.9919E-05 9.9919E-05 0.000225943 0.00661025 9.9919E-05 0.0177249 9.9919E-05 9.9919E-05
9.9892E-05 9.9892E-05 9.9892E-05 9.9892E-05 9.9892E-05 9.9892E-05 0.0218919 9.9892E-05 0.620247 9.9892E-05 0.0129111 0.0728469 0.100651 9.9892E-05 9.9892E-05 0.139385 9.9892E-05 0.0308681 9.9892E-05
9.9901E-05 9.9901E-05 9.9901E-05 9.9901E-05 9.9901E-05 0.00155884 0.0273018 9.9901E-05 0.759974 9.9901E-05 0.00810387 9.9901E-05 9.9901E-05 0.119143 0.00381629 0.052529 9.9901E-05 9.9901E-05 0.026475
0.0542422 9.9901E-05 9.9901E-05 0.0383281 9.9901E-05 0.0136635 0.00305138 9.9901E-05 0.719942 9.9901E-05 9.9901E-05 9.9901E-05 0.12488 9.9901E-05 0.022181 9.9901E-05 9.9901E-05 9.9901E-05 0.0226129
0.098201 9.9892E-05 9.9892E-05 0.0200798 9.9892E-05 0.018361 9.9892E-05 9.9892E-05 0.74147 9.9892E-05 9.9892E-05 0.0880094 9.9892E-05 9.9892E-05 0.021772 9.9892E-05 9.9892E-05 0.0109086 9.9892E-05
9.9883E-05 0.00680702 9.9883E-05 0.0557387 9.9883E-05 0.0266583 9.9883E-05 0.080517 0.807615 9.9883E-05 9.9883E-05 9.9883E-05 9.9883E-05 0.0213658 9.9883E-05 9.9883E-05 9.9883E-05 9.9883E-05 9.9883E-05
0.0282349 0.00682343 9.9883E-05 9.9883E-05 9.9883E-05 9.9883E-05 9.9883E-05 9.9883E-05 0.852831 9.9883E-05 9.9883E-05 9.9883E-05 0.0292087 0.0787629 9.9883E-05 9.9883E-05 9.9883E-05 0.00284038 9.9883E-05
9.99236E-05 0.0103924 9.99236E-05 0.0706396 9.99236E-05 9.99236E-05 0.012034 0.0011961 0.769892 0.0433295 0.0144984 9.99236E-05 9.99236E-05 0.0678157 0.00910633 0.000196555 9.99236E-05 9.99236E-05 9.99236E-05
9.9892E-05 9.9892E-05 0.0627438 0.0455592 9.9892E-05 9.9892E-05 0.00639504 9.9892E-05 0.704456 9.9892E-05 9.9892E-05 9.9892E-05 0.156364 9.9892E-05 0.00429323 9.9892E-05 9.9892E-05 9.9892E-05 0.0189896
9.9892E-05 0.00289036 9.9892E-05 0.0527236 9.9892E-05 9.9892E-05 9.9892E-05 9.9892E-05 0.724893 0.14553 9.9892E-05 9.9892E-05 9.9892E-05 9.9892E-05 9.9892E-05 0.0395217 9.9892E-05 0.0305256 0.0027173
9.9901E-05 9.9901E-05 9.9901E-05 0.109844 9.9901E-05 0.026236 9.9901E-05 9.9901E-05 0.681553 0.00385583 0.0168725 0.0936418 0.0085044 9.9901E-05 9.9901E-05 0.0583932 9.9901E-05 9.9901E-05 9.9901E-05
9.9901E-05 0.0114278 9.9901E-05 0.159112 9.9901E-05 0.0208027 0.00763908 9.9901E-05 0.694298 9.9901E-05 9.9901E-05 9.9901E-05 9.9901E-05 9.9901E-05 0.0168698 0.0377721 9.9901E-05 9.9901E-05 0.0509797
0.0924341 9.98831E-05 9.98831E-05 0.127206 9.98831E-05 9.98831E-05 9.98831E-05 9.98831E-05 0.702561 9.98831E-05 9.98831E-05 9.98831E-05 9.98831E-05 0.000787557 9.98831E-05 0.0295728 9.98831E-05 0.0461403 9.98831E-05
9.99009E-05 0.0036731 9.99009E-05 9.99009E-05 0.0143161 9.99009E-05 9.99009E-05 0.109254 0.661486 9.99009E-05 0.0169364 9.99009E-05 9.99009E-05 0.129431 9.99009E-05 0.0357006 9.99009E-05 0.0281045 9.99009E-05
0.0387142 9.9901E-05 9.9901E-05 9.9901E-05 0.00441701 9.9901E-05 9.9901E-05 0.0598853 0.76301 9.9901E-05 9.9901E-05 9.9901E-05 0.0614124 9.9901E-05 0.014857 0.00654449 9.9901E-05 9.9901E-05 0.0500608
9.98741E-05 9.98741E-05 0.0739544 9.98741E-05 9.98741E-05 9.98741E-05 9.98741E-05 9.98741E-05 0.812473 9.98741E-05 0.00897785 0.100974 9.98741E-05 9.98741E-05 9.98741E-05 9.98741E-05 9.98741E-05 0.00222246 9.98741E-05
9.98741E-05 0.0111626 9.98741E-05 9.98741E-05 0.0223915 0.0337912 9.98741E-05 9.98741E-05 0.885969 9.98741E-05 9.98741E-05 9.98741E-05 9.98741E-05 9.98741E-05 9.98741E-05 9.98741E-05 0.0452874 9.98741E-05 9.98741E-05
9.98651E-05 9.98651E-05 0.0108176 9.98651E-05 0.0176932 9.98651E-05 9.98651E-05 9.98651E-05 0.882934 9.98651E-05 9.98651E-05 9.98651E-05 9.98651E-05 9.98651E-05 9.98651E-05 9.98651E-05 0.0870573 9.98651E-05 9.98651E-05
9.98651E-05 9.98651E-05 9.98651E-05 9.98651E-05 0.0658575 9.98651E-05 9.98651E-05 9.98651E-05 0.877917 9.98651E-05 0.00061819 9.98651E-05 9.98651E-05 9.98651E-05 9.98651E-05 9.98651E-05 0.054109 9.98651E-05 9.98651E-05
9.9901E-05 0.00530526 9.9901E-05 9.9901E-05 0.00923978 0.0149843 9.9901E-05 0.0106592 0.83675 9.9901E-05 9.9901E-05 9.9901E-05 9.9901E-05 9.9901E-05 0.00933093 9.9901E-05 0.0857215 9.9901E-05 0.02691
9.9838E-05 9.9838E-05 9.9838E-05 9.9838E-05 9.9838E-05 9.9838E-05 9.9838E-05 9.9838E-05 9.9838E-05 9.9838E-05 0.998203 9.9838E-05 9.9838E-05 9.9838E-05 9.9838E-05 9.9838E-05 9.9838E-05 9.9838E-05 9.9838E-05
9.98921E-05 9.98921E-05 9.98921E-05 0.12535 9.98921E-05 9.98921E-05 0.0252348 0.0117215 9.98921E-05 9.98921E-05 0.000352868 9.98921E-05 9.98921E-05 9.98921E-05 9.98921E-05 0.0459429 9.98921E-05 0.0340204 0.756179
9.98831E-05 0.0213367 9.98831E-05 0.119758 0.0457373 9.98831E-05 9.98831E-05 0.0264833 0.0242011 9.98831E-05 9.98831E-05 9.98831E-05 9.98831E-05 9.98831E-05 9.98831E-05 9.98831E-05 9.98831E-05 9.98831E-05 0.761185
9.98651E-05 9.98651E-05 9.98651E-05 9.98651E-05 9.98651E-05 0.0389122 9.98651E-05 9.98651E-05 9.98651E-05 9.98651E-05 9.98651E-05 9.98651E-05 9.98651E-05 9.98651E-05 0.0349101 9.98651E-05 0.0665085 9.98651E-05 0.858171
9.98741E-05 0.00401309 9.98741E-05 9.98741E-05 9.98741E-05 9.98741E-05 9.98741E-05 9.98741E-05 9.98741E-05 9.98741E-05 0.00216012 9.98741E-05 9.98741E-05 0.011904 9.98741E-05 0.00704599 9.98741E-05 9.98741E-05 0.973479
9.98561E-05 9.98561E-05 9.98561E-05 9.98561E-05 0.030205 9.98561E-05 0.0155867 9.98561E-05 9.98561E-05 9.98561E-05 9.98561E-05 9.98561E-05 9.98561E-05 9.98561E-05 9.98561E-05 9.98561E-05 9.98561E-05 9.98561E-05 0.952611
0.0812068 9.9901E-05 9.9901E-05 9.9901E-05 0.0264451 9.9901E-05 0.00377569 9.9901E-05 9.9901E-05 9.9901E-05 0.00722331 0.000993708 0.0722191 9.9901E-05 9.9901E-05 9.9901E-05 0.0555686 9.9901E-05 0.751469
9.9865E-05 9.9865E-05 9.9865E-05 9.9865E-05 9.9865E-05 9.9865E-05 9.9865E-05 9.9865E-05 9.9865E-05 0.000299759 0.993051 0.00501928 9.9865E-05 0.00013175 9.9865E-05 9.9865E-05 9.9865E-05 9.9865E-05 9.9865E-05
0.00142261 0.0152663 9.991E-05 9.991E-05 9.991E-05 0.000429542 9.991E-05 9.991E-05 9.991E-05 9.991E-05 0.00639457 0.0761399 9.991E-05 0.026768 0.0241332 0.0464506 9.991E-05 9.991E-05 0.801996
9.9901E-05 9.9901E-05 0.100137 0.072988 0.0112443 9.9901E-05 9.9901E-05 0.106671 9.9901E-05 9.9901E-05 9.9901E-05 0.027491 9.9901E-05 9.9901E-05 0.00772872 9.9901E-05 9.9901E-05 0.0249966 0.647645
0.0261597 9.9901E-05 9.9901E-05 0.000401537 9.9901E-05 0.0156908 0.0266668 0.122832 9.9901E-05 9.9901E-05 0.0302163 9.9901E-05 0.044262 9.9901E-05 9.9901E-05 9.9901E-05 9.9901E-05 9.9901E-05 0.732672
0.0587747 9.99011E-05 9.99011E-05 9.99011E-05 0.0401889 0.0226469 9.99011E-05 0.016722 9.99011E-05 9.99011E-05 0.0347293 9.99011E-05 0.0710072 9.99011E-05 9.99011E-05 9.99011E-05 0.0411328 9.99011E-05 0.713699
0.126947 9.9901E-05 9.9901E-05 9.9901E-05 9.9901E-05 9.9901E-05 9.9901E-05 9.9901E-05 0.00100382 0.0665895 0.0642925 0.0575376 9.9901E-05 9.9901E-05 9.9901E-05 9.9901E-05 0.0510882 0.0279245 0.603519
9.99009E-05 0.0214996 0.0630352 9.99009E-05 9.99009E-05 9.99009E-05 0.0302437 9.99009E-05 9.99009E-05 9.99009E-05 0.0266726 0.171672 9.99009E-05 9.99009E-05 0.00703644 9.99009E-05 9.99009E-05 0.0359474 0.642794
0.0785307 0.0174753 9.99189E-05 9.99189E-05 9.99189E-05 0.0125868 0.0369386 0.0377775 0.00860931 9.99189E-05 9.99189E-05 9.99189E-05 9.99189E-05 9.99189E-05 9.99189E-05 0.100096 0.0154545 0.0024162 0.689216
9.99279E-05 9.99279E-05 0.0816294 0.0372076 9.99279E-05 9.99279E-05 0.084229 0.100625 0.0523144 9.99279E-05 0.00380409 0.0424653 9.99279E-05 0.122285 0.0650745 9.99279E-05 9.99279E-05 0.0118888 0.397677
9.9892E-05 9.9892E-05 0.110773 9.9892E-05 0.0341734 9.9892E-05 0.0278241 9.9892E-05 9.9892E-05 9.9892E-05 9.9892E-05 9.9892E-05 0.0167777 9.9892E-05 0.0392292 9.9892E-05 0.0561602 9.9892E-05 0.713864
9.9919E-05 9.9919E-05 9.9919E-05 0.0690823 0.116957 0.00430842 0.00464848 0.0398255 9.9919E-05 0.0851357 0.0208274 9.9919E-05 9.9919E-05 9.9919E-05 0.015711 9.9919E-05 0.635997 0.00660822 9.9919E-05
0.0629456 9.98919E-05 0.000989844 9.98919E-05 9.98919E-05 9.98919E-05 9.98919E-05 9.98919E-05 9.98919E-05 9.98919E-05 9.98919E-05 9.98919E-05 9.98919E-05 0.0946582 0.0417308 0.0923899 0.680848 0.0252393 9.98919E-05
0.000565909 9.9955E-05 0.026741 0.0612803 0.00116506 0.00305338 0.0232271 0.0195798 0.0125604 9.9955E-05 9.9955E-05 0.0605545 9.9955E-05 0.0107205 9.9955E-05 0.0900695 0.647543 0.0184322 0.024008
9.99151E-05 9.99151E-05 0.0357231 9.99151E-05 9.99151E-05 0.00227297 0.0114391 0.0113549 9.99151E-05 9.99151E-05 9.99151E-05 9.99151E-05 9.99151E-05 0.0793844 9.99151E-05 0.0592111 0.743657 0.00298761 0.0529704
9.9919E-05 0.0284087 9.9919E-05 0.0517563 0.0137915 9.9919E-05 0.0443757 9.9919E-05 0.0157227 9.9919E-05 0.0304561 9.9919E-05 9.9919E-05 0.117735 0.000412418 9.9919E-05 0.685031 0.0114114 9.9919E-05
9.9901E-05 9.9901E-05 0.132946 9.9901E-05 9.9901E-05 9.9901E-05 0.00145285 0.0605894 9.9901E-05 0.0218666 0.00620196 0.013578 9.9901E-05 9.9901E-05 0.0105978 9.9901E-05 0.751669 9.9901E-05 9.9901E-05
9.99189E-05 9.99189E-05 9.99189E-05 0.299751 0.0105949 0.00584557 9.99189E-05 9.99189E-05 0.00883021 9.99189E-05 0.00130798 0.220464 9.99189E-05 9.99189E-05 0.0130495 0.064569 0.35916 0.0155292 9.99189E-05
9.99142E-05 9.99142E-05 0.0943834 0.0487192 0.00824827 9.99142E-05 9.99142E-05 0.0141707 9.99142E-05 9.99142E-05 0.0246267 9.99142E-05 0.0980248 0.010787 9.99142E-05 0.00586809 0.694173 9.99142E-05 9.99142E-05
0.00321239 0.00856254 9.9901E-05 0.106275 0.102523 9.9901E-05 9.9901E-05 9.9901E-05 9.9901E-05 9.9901E-05 9.9901E-05 9.9901E-05 0.0838477 0.135832 9.9901E-05 9.9901E-05 0.531474 9.9901E-05 0.0271738
9.98741E-05 0.0130973 0.0183124 9.98741E-05 9.98741E-05 0.0181112 9.98741E-05 0.135088 9.98741E-05 9.98741E-05 9.98741E-05 9.98741E-05 9.98741E-05 9.98741E-05 9.98741E-05 9.98741E-05 0.813992 9.98741E-05 9.98741E-05
0.00114097 9.991E-05 9.991E-05 9.991E-05 9.991E-05 9.991E-05 0.0124763 9.991E-05 9.991E-05 0.028614 0.0063337 0.125668 9.991E-05 9.991E-05 0.00274986 0.0430653 0.769163 0.00978963 9.991E-05
9.9901E-05 9.9901E-05 9.9901E-05 9.9901E-05 0.0220776 0.0144499 0.0100142 9.9901E-05 0.00830452 9.9901E-05 0.0376066 9.9901E-05 0.078095 9.9901E-05 0.00418663 9.9901E-05 0.824167 9.9901E-05 9.9901E-05
9.9892E-05 9.9892E-05 9.9892E-05 0.403244 0.0622303 9.9892E-05 0.0251166 9.9892E-05 9.9892E-05 9.9892E-05 0.00359636 0.0908081 9.9892E-05 9.9892E-05 9.9892E-05 9.9892E-05 0.391957 0.0218488 9.9892E-05
9.9874E-05 9.9874E-05 9.9874E-05 9.9874E-05 9.9874E-05 9.9874E-05 0.0038395 9.9874E-05 9.9874E-05 0.0251353 9.9874E-05 0.0759612 9.9874E-05 9.9874E-05 9.9874E-05 0.0822933 0.811372 9.9874E-05 9.9874E-05
9.98651E-05 9.98651E-05 9.98651E-05 9.98651E-05 0.0187991 9.98651E-05 0.00286645 9.98651E-05 9.98651E-05 9.98651E-05 9.98651E-05 9.98651E-05 9.98651E-05 0.195325 9.98651E-05 9.98651E-05 0.781511 9.98651E-05 9.98651E-05
0.0685206 0.041274 9.98739E-05 9.98739E-05 9.98739E-05 9.98739E-05 9.98739E-05 9.98739E-05 9.98739E-05 0.0937119 9.98739E-05 9.98739E-05 9.98739E-05 9.98739E-05 9.98739E-05 9.98739E-05 0.738646 0.0564488 9.98739E-05
9.991E-05 9.991E-05 9.991E-05 0.0761413 0.0351083 0.00582622 0.00266653 9.991E-05 0.0478008 9.991E-05 9.991E-05 9.991E-05 9.991E-05 9.991E-05 0.00393392 0.0594658 0.743157 9.991E-05 0.0249013
9.99009E-05 0.02287 0.120497 0.0443137 9.99009E-05 0.00751735 9.99009E-05 9.99009E-05 9.99009E-05 9.99009E-05 0.0248523 0.143824 9.99009E-05 9.99009E-05 9.99009E-05 9.99009E-05 0.620274 0.0147524 9.99009E-05
0.0305424 9.991E-05 9.991E-05 0.255887 0.00206842 0.0206889 0.0172252 9.991E-05 9.991E-05 9.991E-05 9.991E-05 9.991E-05 9.991E-05 0.154553 9.991E-05 0.0727057 0.443605 0.00172525 9.991E-05
9.9901E-05 0.0380374 0.037047 9.9901E-05 9.9901E-05 9.9901E-05 9.9901E-05 0.0164368 0.0282454 9.9901E-05 0.0138151 0.130554 9.9901E-05 9.9901E-05 9.9901E-05 9.9901E-05 0.709966 9.9901E-05 0.0247989
9.9937E-05 0.024229 0.09908 9.9937E-05 0.0748944 0.00492047 0.013712 0.0363687 9.9937E-05 9.9937E-05 0.00193955 9.9937E-05 9.9937E-05 0.116605 0.00446107 0.449088 0.133755 9.9937E-05 0.0402472
9.98379E-05 9.98379E-05 9.98379E-05 9.98379E-05 9.98379E-05 9.98379E-05 0.998203 9.98379E-05 9.98379E-05 9.98379E-05 9.98379E-05 9.98379E-05 9.98379E-05 9.98379E-05 9.98379E-05 9.98379E-05 9.98379E-05 9.98379E-05 9.98379E-05
0.0353437 0.032062 0.196868 0.0880725 0.0117681 9.9946E-05 0.0185628 0.0275939 0.0110948 0.0536861 0.00305554 9.9946E-05 9.9946E-05 9.9946E-05 0.0620402 0.442761 9.9946E-05 0.0164914 9.9946E-05
0.053211 0.00928244 0.244054 9.9919E-05 0.00124459 9.9919E-05 9.9919E-05 0.107179 0.00541035 9.9919E-05 9.9919E-05 9.9919E-05 9.9919E-05 9.9919E-05 0.101651 0.439328 0.0282857 0.00945454 9.9919E-05
0.1597 0.0051644 0.177021 9.991E-05 0.0330453 0.0227695 0.0425943 9.991E-05 9.991E-05 0.0156561 9.991E-05 9.991E-05 9.991E-05 9.991E-05 0.0207427 0.522307 9.991E-05 9.991E-05 9.991E-05
9.9901E-05 9.9901E-05 0.675382 0.0224358 9.9901E-05 0.0100178 9.9901E-05 0.0341107 9.9901E-05 9.9901E-05 0.0184711 9.9901E-05 9.9901E-05 0.0267055 9.9901E-05 0.198814 0.0129649 9.9901E-05 9.9901E-05
9.98379E-05 9.98379E-05 9.98379E-05 9.98379E-05 9.98379E-05 9.98379E-05 9.98379E-05 9.98379E-05 9.98379E-05 9.98379E-05 9.98379E-05 9.98379E-05 9.98379E-05 9.98379E-05 9.98379E-05 9.98379E-05 9.98379E-05 0.998203 9.98379E-05
9.98378E-05 9.98378E-05 9.98378E-05 9.98378E-05 9.98378E-05 9.98378E-05 0.998203 9.98378E-05 9.98378E-05 9.98378E-05 9.98378E-05 9.98378E-05 9.98378E-05 9.98378E-05 9.98378E-05 9.98378E-05 9.98378E-05 9.98378E-05 9.98378E-05
0.0347395 9.9928E-05 0.282727 0.126922 9.9928E-05 0.0258896 0.00537839 0.0360762 0.0635733 9.9928E-05 0.00558605 9.9928E-05 9.9928E-05 9.9928E-05 0.0550513 0.338682 9.9928E-05 0.0245757 9.9928E-05
9.9901E-05 0.00115811 0.743348 9.9901E-05 0.0630946 0.0185501 9.9901E-05 0.0198874 9.9901E-05 0.0589847 0.0359908 9.9901E-05 9.9901E-05 9.9901E-05 9.9901E-05 9.9901E-05 9.9901E-05 9.9901E-05 0.0578875
0.0813859 0.0219671 0.425911 9.9937E-05 0.14019 0.0242765 0.0376691 0.0613253 9.9937E-05 0.00812214 0.00488841 9.9937E-05 9.9937E-05 9.9937E-05 0.0172953 0.151314 9.9937E-05 0.0249559 9.9937E-05
9.9919E-05 0.0505038 0.392031 9.9919E-05 0.084894 0.00646083 0.0223178 9.9919E-05 9.9919E-05 0.0128383 0.0147562 9.9919E-05 9.9919E-05 9.9919E-05 9.9919E-05 0.334667 9.9919E-05 0.01717 0.0634613
9.9937E-05 0.0549409 0.314145 9.9937E-05 0.0475747 0.00826679 0.126608 9.9937E-05 0.0142059 9.9937E-05 9.9937E-05 9.9937E-05 0.0060235 0.0470234 0.00865673 0.256026 9.9937E-05 0.0316657 0.0841629
9.9901E-05 0.00514718 0.583771 9.9901E-05 0.030438 0.00462086 0.0336772 9.9901E-05 0.0295144 9.9901E-05 9.9901E-05 9.9901E-05 0.0104999 9.9901E-05 9.9901E-05 0.301233 9.9901E-05 9.9901E-05 9.9901E-05
0.0465997 9.9901E-05 0.882693 9.9901E-05 9.9901E-05 0.00166816 0.00553864 9.9901E-05 9.9901E-05 9.9901E-05 0.00478239 9.9901E-05 0.0117822 9.9901E-05 0.0105522 9.9901E-05 9.9901E-05 0.0352848 9.9901E-05
0.0568286 0.00923069 0.111484 9.9937E-05 0.0775238 0.00332753 0.0936708 9.9937E-05 9.9937E-05 9.9937E-05 0.00280388 9.9937E-05 9.9937E-05 0.00736461 0.0348506 0.555338 9.9937E-05 0.0029094 0.0439686
0.306623 9.9901E-05 0.0274312 0.0687733 9.9901E-05 0.00966404 0.0673654 9.9901E-05 9.9901E-05 9.9901E-05 9.9901E-05 9.9901E-05 9.9901E-05 0.1073 0.0739102 0.337833 9.9901E-05 9.9901E-05 9.9901E-05
0.177331 9.9928E-05 0.3247 0.0156305 0.127236 0.0244479 0.0374416 9.9928E-05 9.9928E-05 9.9928E-05 0.0249097 9.9928E-05 9.9928E-05 0.11638 0.00135191 9.9928E-05 0.135775 0.0139976 9.9928E-05
0.00818647 9.9937E-05 0.556785 9.9937E-05 0.0423302 0.019619 0.0062258 0.0170898 0.0545593 0.105348 9.9937E-05 9.9937E-05 9.9937E-05 9.9937E-05 0.0104266 9.9937E-05 0.16926 0.00378768 0.00568256
9.9919E-05 0.00786291 0.148181 9.9919E-05 0.025028 0.012951 0.0485785 9.9919E-05 0.0329885 9.9919E-05 9.9919E-05 9.9919E-05 9.9919E-05 0.00331284 0.00944232 0.248051 0.462705 9.9919E-05 9.9919E-05
9.98379E-05 9.98379E-05 9.98379E-05 9.98379E-05 9.98379E-05 9.98379E-05 9.98379E-05 9.98379E-05 9.98379E-05 9.98379E-05 9.98379E-05 9.98379E-05 9.98379E-05 9.98379E-05 9.98379E-05 9.98379E-05 9.98379E-05 0.998203 9.98379E-05
0.0619803 0.0572197 0.116609 9.9937E-05 9.9937E-05 0.0359376 0.0538328 0.0116874 0.0231547 9.9937E-05 0.0364943 9.9937E-05 0.1125 9.9937E-05 9.9937E-05 0.307013 0.158173 0.0246989 9.9937E-05
9.9937E-05 0.0224154 0.223164 0.00291972 0.0785729 0.0321972 0.0388941 9.9937E-05 9.9937E-05 9.9937E-05 9.9937E-05 0.0132136 9.9937E-05 9.9937E-05 0.0573464 0.286122 0.129897 0.085216 0.0293423
9.98469E-05 0.00484968 9.98469E-05 9.98469E-05 0.993453 9.98469E-05 9.98469E-05 9.98469E-05 9.98469E-05 9.98469E-05 9.98469E-05 9.98469E-05 9.98469E-05 9.98469E-05 9.98469E-05 9.98469E-05 9.98469E-05 9.98469E-05 9.98469E-05
9.9919E-05 0.0340286 0.138104 9.9919E-05 0.0541771 9.9919E-05 0.0020688 0.0501656 9.9919E-05 9.9919E-05 0.0059752 0.0523621 9.9919E-05 9.9919E-05 9.9919E-05 0.606879 0.0297514 0.0255885 9.9919E-05
9.9901E-05 0.00875642 0.694767 9.9901E-05 0.0480904 9.9901E-05 9.9901E-05 9.9901E-05 0.065459 9.9901E-05 9.9901E-05 9.9901E-05 9.9901E-05 0.00427455 0.0503587 0.0859991 9.9901E-05 0.041196 9.9901E-05
9.9937E-05 0.0355569 0.140933 9.9937E-05 0.0152657 0.0361359 0.0186409 0.0828016 0.027587 9.9937E-05 9.9937E-05 9.9937E-05 9.9937E-05 0.245329 0.0229215 0.138665 0.195881 9.9937E-05 0.039582
9.991E-05 9.991E-05 9.991E-05 9.991E-05 9.991E-05 0.0103314 0.0356266 9.991E-05 9.991E-05 0.462593 9.991E-05 0.114098 0.067772 9.991E-05 0.0427873 0.0856932 0.142497 0.0376026 9.991E-05
0.12659 9.991E-05 9.991E-05 9.991E-05 0.0391317 9.991E-05 0.06136 9.991E-05 9.991E-05 9.991E-05 0.00214538 0.190096 0.00679895 9.991E-05 9.991E-05 0.460854 0.105672 9.991E-05 0.00635211
9.9847E-05 9.9847E-05 9.9847E-05 9.9847E-05 0.977247 9.9847E-05 9.9847E-05 9.9847E-05 9.9847E-05 9.9847E-05 9.9847E-05 9.9847E-05 9.9847E-05 9.9847E-05 9.9847E-05 9.9847E-05 9.9847E-05 0.0210555 9.9847E-05
9.9838E-05 9.9838E-05 9.9838E-05 9.9838E-05 0.998203 9.9838E-05 9.9838E-05 9.9838E-05 9.9838E-05 9.9838E-05 9.9838E-05 9.9838E-05 9.9838E-05 9.9838E-05 9.9838E-05 9.9838E-05 9.9838E-05 9.9838E-05 9.9838E-05
0.0869554 0.0183643 0.170512 9.9928E-05 0.0674409 9.9928E-05 0.0446381 9.9928E-05 9.9928E-05 0.0188659 0.00444549 9.9928E-05 0.123005 9.9928E-05 9.9928E-05 0.433996 0.0291264 0.00185104 9.9928E-05
9.98378E-05 9.98378E-05 9.98378E-05 9.98378E-05 9.98378E-05 9.98378E-05 9.98378E-05 9.98378E-05 9.98378E-05 9.98378E-05 9.98378E-05 9.98378E-05 9.98378E-05 9.98378E-05 0.998203 9.98378E-05 9.98378E-05 9.98378E-05 9.98378E-05
9.9919E-05 0.0297774 9.9919E-05 9.9919E-05 0.000229713 0.017437 0.0133088 0.02655 9.9919E-05 9.9919E-05 0.0106056 9.9919E-05 9.9919E-05 9.9919E-05 0.022919 0.63579 0.136079 0.106404 9.9919E-05
9.98651E-05 9.98651E-05 0.9582 9.98651E-05 9.98651E-05 9.98651E-05 9.98651E-05 9.98651E-05 9.98651E-05 9.98651E-05 9.98651E-05 9.98651E-05 0.000286841 0.0240009 9.98651E-05 9.98651E-05 9.98651E-05 0.0160138 9.98651E-05
9.99117E-05 9.99117E-05 9.99117E-05 0.0784536 0.00188579 9.99117E-05 0.0188496 0.0103332 0.0328475 9.99117E-05 0.0377245 0.136351 9.99117E-05 9.99117E-05 0.0452359 0.63732 9.99117E-05 9.99117E-05 9.99117E-05
9.9892E-05 9.9892E-05 9.9892E-05 0.116199 9.9892E-05 0.0246371 9.9892E-05 9.9892E-05 9.9892E-05 9.9892E-05 9.9892E-05 0.0883271 9.9892E-05 9.9892E-05 0.0964388 0.592457 9.9892E-05 0.0115715 0.0691706
9.9892E-05 9.9892E-05 9.9892E-05 0.119223 9.9892E-05 0.00941308 9.9892E-05 9.9892E-05 9.9892E-05 9.9892E-05 9.9892E-05 0.0256226 9.9892E-05 0.0300831 0.00225546 0.791881 9.9892E-05 0.0203229 9.9892E-05
0.0580777 0.00425748 0.0846873 0.000347076 0.0347225 9.9964E-05 0.0397994 0.0332192 0.0639824 0.0600768 0.0150114 0.0356126 9.9964E-05 9.9964E-05 0.0456773 0.479932 9.9964E-05 0.0259908 0.0182062
0.0638179 9.9919E-05 9.9919E-05 0.0827132 9.9919E-05 0.0289802 0.0660718 9.9919E-05 0.000334461 0.0824874 9.9919E-05 9.9919E-05 0.0335037 9.9919E-05 0.0659716 0.558891 9.9919E-05 0.0163296 9.9919E-05
0.112034 9.9928E-05 0.0232717 9.9928E-05 0.0507945 0.0370212 0.0148251 0.0349708 0.00699542 9.9928E-05 9.9928E-05 9.9928E-05 9.9928E-05 9.9928E-05 0.00456578 0.621048 0.0844178 0.00925585 9.9928E-05
0.102652 0.0085578 9.9919E-05 9.9919E-05 0.105458 0.0278676 0.00932929 9.9919E-05 9.9919E-05 9.9919E-05 9.9919E-05 9.9919E-05 9.9919E-05 9.9919E-05 0.00245183 0.606647 0.0701422 0.0215292 0.0444659
0.00811874 0.0120203 0.407523 0.103157 0.00656882 0.0664178 0.0533311 9.9919E-05 0.0158535 9.9919E-05 9.9919E-05 9.9919E-05 9.9919E-05 9.9919E-05 0.0627838 0.263327 9.9919E-05 9.9919E-05 9.9919E-05
9.9901E-05 0.00242 0.135767 9.9901E-05 0.0148433 0.000678609 9.9901E-05 9.9901E-05 9.9901E-05 9.9901E-05 0.0132918 9.9901E-05 0.184413 9.9901E-05 0.0492521 0.598235 9.9901E-05 9.9901E-05 9.9901E-05
9.9919E-05 0.0869706 0.270318 9.9919E-05 0.0418078 9.9919E-05 0.0499719 0.0217563 9.9919E-05 0.0627616 0.0383824 9.9919E-05 0.0320474 9.9919E-05 9.9919E-05 0.356304 9.9919E-05 0.0387803 9.9919E-05
9.9847E-05 9.9847E-05 0.940093 9.9847E-05 9.9847E-05 9.9847E-05 9.9847E-05 9.9847E-05 9.9847E-05 9.9847E-05 9.9847E-05 0.0582093 9.9847E-05 9.9847E-05 9.9847E-05 9.9847E-05 9.9847E-05 9.9847E-05 9.9847E-05
9.9838E-05 0.998203 9.9838E-05 9.9838E-05 9.9838E-05 9.9838E-05 9.9838E-05 9.9838E-05 9.9838E-05 9.9838E-05 9.9838E-05 9.9838E-05 9.9838E-05 9.9838E-05 9.9838E-05 9.9838E-05 9.9838E-05 9.9838E-05 9.9838E-05
0.0356079 0.0326223 9.9928E-05 9.9928E-05 0.0210976 0.0343515 0.0469576 0.146923 9.9928E-05 9.9928E-05 0.0269161 9.9928E-05 9.9928E-05 9.9928E-05 0.0457852 0.506925 0.0998468 0.00216799 9.9928E-05
9.9919E-05 0.00818224 0.113887 9.9919E-05 0.0268227 9.9919E-05 9.9919E-05 0.0296454 9.9919E-05 9.9919E-05 0.0120667 9.9919E-05 9.9919E-05 0.0272265 0.0605287 0.663018 0.0067459 0.0509774 9.9919E-05
9.9919E-05 0.0411676 0.320966 9.9919E-05 0.0559783 9.9919E-05 9.9919E-05 0.035832 0.0405391 9.9919E-05 0.00108226 9.9919E-05 0.135092 9.9919E-05 0.0824564 0.267548 9.9919E-05 0.018439 9.9919E-05
9.9874E-05 9.9874E-05 0.877643 0.00451405 9.9874E-05 9.9874E-05 9.9874E-05 0.0429721 9.9874E-05 9.9874E-05 9.9874E-05 0.0480514 9.9874E-05 9.9874E-05 0.0254211 9.9874E-05 9.9874E-05 9.9874E-05 9.9874E-05
0.136986 9.9892E-05 0.12229 9.9892E-05 9.9892E-05 0.0388019 9.9892E-05 9.9892E-05 9.9892E-05 9.9892E-05 9.9892E-05 9.9892E-05 9.9892E-05 9.9892E-05 0.00697721 0.655594 0.0373514 0.000800772 9.9892E-05
9.99099E-05 0.00793952 9.99099E-05 9.99099E-05 0.0504921 0.0053127 0.00107646 9.99099E-05 9.99099E-05 9.99099E-05 9.99099E-05 9.99099E-05 0.11419 9.99099E-05 9.99099E-05 0.756776 0.0107942 0.00119777 0.0512222
9.9838E-05 9.9838E-05 9.9838E-05 9.9838E-05 9.9838E-05 0.998203 9.9838E-05 9.9838E-05 9.9838E-05 9.9838E-05 9.9838E-05 9.9838E-05 9.9838E-05 9.9838E-05 9.9838E-05 9.9838E-05 9.9838E-05 9.9838E-05 9.9838E-05
9.9838E-05 0.998203 9.9838E-05 9.9838E-05 9.9838E-05 9.9838E-05 9.9838E-05 9.9838E-05 9.9838E-05 9.9838E-05 9.9838E-05 9.9838E-05 9.9838E-05 9.9838E-05 9.9838E-05 9.9838E-05 9.9838E-05 9.9838E-05 9.9838E-05
9.9838E-05 9.9838E-05 9.9838E-05 9.9838E-05 9.9838E-05 0.998203 9.9838E-05 9.9838E-05 9.9838E-05 9.9838E-05 9.9838E-05 9.9838E-05 9.9838E-05 9.9838E-05 9.9838E-05 9.9838E-05 9.9838E-05 9.9838E-05 9.9838E-05
9.9892E-05 9.9892E-05 9.9892E-05 9.9892E-05 0.0194883 9.9892E-05 0.0611513 9.9892E-05 9.9892E-05 9.9892E-05 9.9892E-05 0.0267956 9.9892E-05 0.0903146 0.149211 0.586792 9.9892E-05 0.0650487 9.9892E-05
9.9946E-05 0.0251678 0.134911 0.0021758 9.9946E-05 0.0359538 0.026639 9.9946E-05 0.0134106 9.9946E-05 0.0200206 0.200848 9.9946E-05 0.0022526 0.101518 0.397192 9.9946E-05 0.0223327 0.0169784
0.0398985 0.0327316 9.9928E-05 9.9928E-05 9.9928E-05 0.0159197 0.0250832 0.0704498 0.00214595 9.9928E-05 9.9928E-05 9.9928E-05 9.9928E-05 0.0114731 0.0503353 0.718688 0.023058 0.00941777 9.9928E-05
9.9919E-05 0.0162277 0.184286 9.9919E-05 9.9919E-05 0.0480399 0.0154559 9.9919E-05 0.0222395 0.00716143 0.0376372 9.9919E-05 9.9919E-05 9.9919E-05 0.0194781 0.634164 0.0144114 9.9919E-05 9.9919E-05
9.98637E-05 0.0145029 0.979669 9.98637E-05 9.98637E-05 9.98637E-05 9.98637E-05 9.98637E-05 9.98637E-05 9.98637E-05 0.00422993 9.98637E-05 9.98637E-05 9.98637E-05 9.98637E-05 9.98637E-05 9.98637E-05 9.98637E-05 9.98637E-05
9.98378E-05 9.98378E-05 9.98378E-05 9.98378E-05 9.98378E-05 9.98378E-05 9.98378E-05 9.98378E-05 9.98378E-05 9.98378E-05 9.98378E-05 9.98378E-05 9.98378E-05 9.98378E-05 0.998203 9.98378E-05 9.98378E-05 9.98378E-05 9.98378E-05
9.9919E-05 0.0407537 0.0616244 0.0688212 0.024184 0.0274236 9.9919E-05 9.9919E-05 0.0118299 0.0717227 9.9919E-05 9.9919E-05 9.9919E-05 9.9919E-05 0.0372054 0.59767 0.0578656 9.9919E-05 9.9919E-05
0.715678 9.9874E-05 9.9874E-05 9.9874E-05 9.9874E-05 9.9874E-05 0.0444765 0.0284642 9.9874E-05 9.9874E-05 0.00235016 9.9874E-05 9.9874E-05 9.9874E-05 9.9874E-05 0.207633 9.9874E-05 9.9874E-05 9.9874E-05
0.821175 9.98741E-05 9.98741E-05 9.98741E-05 0.0957994 0.0121004 9.98741E-05 9.98741E-05 9.98741E-05 9.98741E-05 9.98741E-05 0.0427344 9.98741E-05 9.98741E-05 0.0267931 9.98741E-05 9.98741E-05 9.98741E-05 9.98741E-05
0.808028 0.0298921 9.9901E-05 0.00120699 0.0693011 0.0123763 9.9901E-05 9.9901E-05 9.9901E-05 9.9901E-05 0.0143877 0.0399807 9.9901E-05 9.9901E-05 9.9901E-05 9.9901E-05 9.9901E-05 0.0237278 9.9901E-05
0.828278 9.9883E-05 9.9883E-05 9.9883E-05 9.9883E-05 0.000758433 0.0179795 9.9883E-05 9.9883E-05 9.9883E-05 9.9883E-05 9.9883E-05 9.9883E-05 0.0654262 0.0458954 0.0403643 9.9883E-05 9.9883E-05 9.9883E-05
0.577187 0.0150574 0.126912 9.9901E-05 9.9901E-05 0.035492 9.9901E-05 9.9901E-05 9.9901E-05 9.9901E-05 0.00691489 0.195922 9.9901E-05 9.9901E-05 0.0148228 9.9901E-05 9.9901E-05 9.9901E-05 0.0265933
0.863609 9.98831E-05 9.98831E-05 9.98831E-05 9.98831E-05 9.98831E-05 0.0166989 0.0818678 9.98831E-05 9.98831E-05 9.98831E-05 9.98831E-05 9.98831E-05 9.98831E-05 0.00606973 9.98831E-05 9.98831E-05 0.00708006 0.0233765
0.955054 0.00212681 9.9865E-05 9.9865E-05 9.9865E-05 9.9865E-05 9.9865E-05 0.0190579 9.9865E-05 9.9865E-05 9.9865E-05 0.0222629 9.9865E-05 9.9865E-05 9.9865E-05 9.9865E-05 9.9865E-05 9.9865E-05 9.9865E-05
0.862562 0.0111993 9.9865E-05 9.9865E-05 0.0627444 9.9865E-05 9.9865E-05 9.9865E-05 0.0619961 9.9865E-05 9.9865E-05 9.9865E-05 9.9865E-05 9.9865E-05 9.9865E-05 9.9865E-05 9.9865E-05 9.9865E-05 9.9865E-05
0.829096 9.9901E-05 9.9901E-05 0.0256176 9.9901E-05 0.0204677 9.9901E-05 0.0287202 9.9901E-05 0.00239176 0.0137832 9.9901E-05 0.0521394 9.9901E-05 9.9901E-05 9.9901E-05 0.0266851 9.9901E-05 9.9901E-05
0.664888 0.0478983 9.9919E-05 0.0559699 0.0698196 0.022338 0.00480952 9.9919E-05 9.9919E-05 9.9919E-05 0.0501228 9.9919E-05 9.9919E-05 0.016392 0.00588555 0.0609771 9.9919E-05 9.9919E-05 9.9919E-05
0.58391 9.99369E-05 0.138565 9.99369E-05 0.0018933 0.0112307 0.0148517 0.00135625 9.99369E-05 0.0222318 9.99369E-05 9.99369E-05 0.0199229 9.99369E-05 0.0161112 0.0322202 0.0481181 9.99369E-05 0.108889
0.0136146 9.9856E-05 9.9856E-05 9.9856E-05 9.9856E-05 0.0139027 9.9856E-05 9.9856E-05 9.9856E-05 9.9856E-05 9.9856E-05 9.9856E-05 9.9856E-05 0.970885 9.9856E-05 9.9856E-05 9.9856E-05 9.9856E-05 9.9856E-05
0.080598 0.00212843 9.9865E-05 9.9865E-05 9.9865E-05 9.9865E-05 9.9865E-05 9.9865E-05 9.9865E-05 9.9865E-05 0.00197607 9.9865E-05 0.9138 9.9865E-05 9.9865E-05 9.9865E-05 9.9865E-05 9.9865E-05 9.9865E-05
9.9883E-05 0.0099047 9.9883E-05 9.9883E-05 0.0533252 9.9883E-05 0.00103641 0.0235092 9.9883E-05 9.9883E-05 9.9883E-05 9.9883E-05 9.9883E-05 0.901725 9.9883E-05 9.9883E-05 9.9883E-05 9.9883E-05 0.00920075
9.9892E-05 9.9892E-05 9.9892E-05 9.9892E-05 0.0450993 9.9892E-05 9.9892E-05 0.0653612 0.0088961 0.186457 9.9892E-05 0.120779 9.9892E-05 0.53946 9.9892E-05 9.9892E-05 0.0327484 9.9892E-05 9.9892E-05
9.9856E-05 9.9856E-05 9.9856E-05 9.9856E-05 9.9856E-05 9.9856E-05 9.9856E-05 9.9856E-05 9.9856E-05 9.9856E-05 0.00917517 9.9856E-05 9.9856E-05 0.955868 9.9856E-05 9.9856E-05 9.9856E-05 0.0333596 9.9856E-05
0.0437467 0.00218155 9.9928E-05 0.00163185 9.9928E-05 9.9928E-05 0.004291 0.080282 9.9928E-05 0.302982 0.0200615 0.0183983 9.9928E-05 0.476113 9.9928E-05 0.0451497 9.9928E-05 0.00436353 9.9928E-05
9.98561E-05 0.0297646 9.98561E-05 9.98561E-05 9.98561E-05 9.98561E-05 9.98561E-05 9.98561E-05 9.98561E-05 9.98561E-05 9.98561E-05 0.96769 9.98561E-05 9.98561E-05 9.98561E-05 9.98561E-05 9.98561E-05 0.000947218 9.98561E-05
9.9883E-05 9.9883E-05 0.0536978 9.9883E-05 0.0269146 9.9883E-05 9.9883E-05 9.9883E-05 9.9883E-05 0.0404821 0.0188663 0.853429 9.9883E-05 0.00531198 9.9883E-05 9.9883E-05 9.9883E-05 9.9883E-05 9.9883E-05
9.99009E-05 0.00778111 9.99009E-05 0.0860508 0.00717106 0.0566885 0.00304157 0.011558 9.99009E-05 9.99009E-05 9.99009E-05 9.99009E-05 9.99009E-05 0.738488 9.99009E-05 0.0881217 9.99009E-05 9.99009E-05 9.99009E-05
9.98381E-05 9.98381E-05 9.98381E-05 9.98381E-05 9.98381E-05 9.98381E-05 9.98381E-05 9.98381E-05 9.98381E-05 9.98381E-05 9.98381E-05 9.98381E-05 0.998203 9.98381E-05 9.98381E-05 9.98381E-05 9.98381E-05 9.98381E-05 9.98381E-05
9.9901E-05 9.9901E-05 9.9901E-05 9.9901E-05 9.9901E-05 9.9901E-05 0.0163174 0.00108417 9.9901E-05 9.9901E-05 0.0264823 0.506959 0.180105 0.207996 9.9901E-05 9.9901E-05 0.0220811 0.0378764 9.9901E-05
9.98561E-05 9.98561E-05 9.98561E-05 9.98561E-05 9.98561E-05 9.98561E-05 0.00811446 9.98561E-05 9.98561E-05 0.0975753 9.98561E-05 9.98561E-05 0.892713 9.98561E-05 9.98561E-05 9.98561E-05 9.98561E-05 9.98561E-05 9.98561E-05
9.9856E-05 9.9856E-05 9.9856E-05 9.9856E-05 0.00842598 0.0231473 9.9856E-05 9.9856E-05 9.9856E-05 9.9856E-05 9.9856E-05 9.9856E-05 0.966829 9.9856E-05 9.9856E-05 9.9856E-05 9.9856E-05 9.9856E-05 9.9856E-05
0.103332 9.9919E-05 9.9919E-05 0.120258 9.9919E-05 0.0199207 0.0321687 0.0935976 9.9919E-05 0.0458269 9.9919E-05 9.9919E-05 0.194367 0.325364 0.0321244 0.0321415 9.9919E-05 9.9919E-05 9.9919E-05
9.9838E-05 9.9838E-05 9.9838E-05 9.9838E-05 9.9838E-05 9.9838E-05 9.9838E-05 0.998203 9.9838E-05 9.9838E-05 9.9838E-05 9.9838E-05 9.9838E-05 9.9838E-05 9.9838E-05 9.9838E-05 9.9838E-05 9.9838E-05 9.9838E-05
9.991E-05 9.991E-05 9.991E-05 0.010962 9.991E-05 9.991E-05 0.0210818 0.0209989 0.0188759 0.85113 9.991E-05 9.991E-05 9.991E-05 0.0250356 0.020031 0.0166363 9.991E-05 0.0142491 9.991E-05
9.98403E-05 9.98403E-05 9.98403E-05 9.98403E-05 9.98403E-05 9.98403E-05 0.0303014 9.98403E-05 9.98403E-05 0.950478 9.98403E-05 9.98403E-05 0.0176236 9.98403E-05 9.98403E-05 9.98403E-05 9.98403E-05 9.98403E-05 9.98403E-05
9.9865E-05 9.9865E-05 0.0744994 9.9865E-05 9.9865E-05 9.9865E-05 9.9865E-05 9.9865E-05 9.9865E-05 0.908105 0.00353946 9.9865E-05 0.0123578 9.9865E-05 9.9865E-05 9.9865E-05 9.9865E-05 9.9865E-05 9.9865E-05
9.98381E-05 9.98381E-05 9.98381E-05 9.98381E-05 9.98381E-05 9.98381E-05 9.98381E-05 9.98381E-05 9.98381E-05 0.998203 9.98381E-05 9.98381E-05 9.98381E-05 9.98381E-05 9.98381E-05 9.98381E-05 9.98381E-05 9.98381E-05 9.98381E-05
9.99099E-05 9.99099E-05 9.99099E-05 0.0228275 9.99099E-05 9.99099E-05 9.99099E-05 0.0856448 9.99099E-05 0.734211 0.0134953 9.99099E-05 9.99099E-05 0.0687384 0.0132275 0.0187838 9.99099E-05 0.016284 0.0257884
9.98919E-05 9.98919E-05 9.98919E-05 0.0168579 9.98919E-05 9.98919E-05 9.98919E-05 9.98919E-05 9.98919E-05 0.795138 0.0064409 9.98919E-05 9.98919E-05 0.0569236 9.98919E-05 0.0857832 9.98919E-05 0.034889 0.00276831
0.0524111 0.0118455 9.9874E-05 9.9874E-05 0.0322264 9.9874E-05 9.9874E-05 9.9874E-05 9.9874E-05 0.801306 9.9874E-05 9.9874E-05 9.9874E-05 0.100813 9.9874E-05 9.9874E-05 9.9874E-05 9.9874E-05 9.9874E-05
0.036607 9.9874E-05 9.9874E-05 9.9874E-05 9.9874E-05 0.0218353 9.9874E-05 9.9874E-05 0.0129747 9.9874E-05 9.9874E-05 0.875335 9.9874E-05 9.9874E-05 9.9874E-05 0.05185 9.9874E-05 9.9874E-05 9.9874E-05
9.9865E-05 9.9865E-05 9.9865E-05 9.9865E-05 0.000528885 9.9865E-05 9.9865E-05 9.9865E-05 9.9865E-05 9.9865E-05 9.9865E-05 0.940345 9.9865E-05 9.9865E-05 0.0213521 0.0362757 9.9865E-05 9.9865E-05 9.9865E-05
9.9847E-05 0.0234427 9.9847E-05 9.9847E-05 9.9847E-05 9.9847E-05 9.9847E-05 0.97486 9.9847E-05 9.9847E-05 9.9847E-05 9.9847E-05 9.9847E-05 9.9847E-05 9.9847E-05 9.9847E-05 9.9847E-05 9.9847E-05 9.9847E-05
9.9874E-05 9.9874E-05 9.9874E-05 9.9874E-05 9.9874E-05 9.9874E-05 9.9874E-05 9.9874E-05 9.9874E-05 0.0581858 9.9874E-05 0.241448 9.9874E-05 0.525014 9.9874E-05 0.170695 9.9874E-05 9.9874E-05 0.00325881
9.99009E-05 9.99009E-05 9.99009E-05 0.0865952 9.99009E-05 0.0176923 9.99009E-05 9.99009E-05 0.00483169 9.99009E-05 0.015062 0.179058 0.186234 0.475957 0.0334708 9.99009E-05 9.99009E-05 9.99009E-05 9.99009E-05
9.98651E-05 9.98651E-05 9.98651E-05 0.036452 9.98651E-05 9.98651E-05 0.0271699 9.98651E-05 0.0121559 9.98651E-05 9.98651E-05 9.98651E-05 0.922724 9.98651E-05 9.98651E-05 9.98651E-05 9.98651E-05 9.98651E-05 9.98651E-05
9.9919E-05 9.9919E-05 9.9919E-05 0.0419516 0.0326041 9.9919E-05 0.0224169 0.0279639 0.00445186 0.0389125 0.0129844 0.741031 9.9919E-05 9.9919E-05 0.001136 0.0756484 9.9919E-05 9.9919E-05 9.9919E-05
9.98651E-05 0.00345037 9.98651E-05 9.98651E-05 9.98651E-05 9.98651E-05 0.0121894 9.98651E-05 9.98651E-05 9.98651E-05 9.98651E-05 0.96341 9.98651E-05 9.98651E-05 9.98651E-05 9.98651E-05 0.0194523 9.98651E-05 9.98651E-05
0.0060502 0.00793549 9.9901E-05 9.9901E-05 9.9901E-05 9.9901E-05 0.0267659 0.0661254 9.9901E-05 9.9901E-05 9.9901E-05 0.503489 0.119967 0.217786 9.9901E-05 9.9901E-05 0.050782 9.9901E-05 9.9901E-05
9.9883E-05 9.9883E-05 9.9883E-05 9.9883E-05 9.9883E-05 0.00185601 9.9883E-05 0.0783564 9.9883E-05 9.9883E-05 9.9883E-05 0.0408682 0.812991 9.9883E-05 9.9883E-05 0.0482254 0.0164041 9.9883E-05 9.9883E-05
9.9838E-05 9.9838E-05 9.9838E-05 9.9838E-05 9.9838E-05 9.9838E-05 9.9838E-05 0.998203 9.9838E-05 9.9838E-05 9.9838E-05 9.9838E-05 9.9838E-05 9.9838E-05 9.9838E-05 9.9838E-05 9.9838E-05 9.9838E-05 9.9838E-05
9.9901E-05 0.0102276 9.9901E-05 9.9901E-05 0.0735988 0.00273665 9.9901E-05 0.00371513 9.9901E-05 0.125421 9.9901E-05 0.61095 0.100119 9.9901E-05 9.9901E-05 9.9901E-05 9.9901E-05 9.9901E-05 0.0721326
9.9856E-05 9.9856E-05 9.9856E-05 9.9856E-05 9.9856E-05 9.9856E-05 9.9856E-05 9.9856E-05 9.9856E-05 9.9856E-05 0.00404815 9.9856E-05 9.9856E-05 0.989631 0.00472355 9.9856E-05 9.9856E-05 9.9856E-05 9.9856E-05
9.98741E-05 9.98741E-05 9.98741E-05 0.922891 9.98741E-05 0.000604122 0.00693345 9.98741E-05 9.98741E-05 9.98741E-05 9.98741E-05 9.98741E-05 9.98741E-05 0.0490256 9.98741E-05 9.98741E-05 9.98741E-05 0.0191474 9.98741E-05
9.9874E-05 0.0254731 9.9874E-05 0.903818 9.9874E-05 9.9874E-05 9.9874E-05 9.9874E-05 9.9874E-05 9.9874E-05 9.9874E-05 0.0388374 9.9874E-05 9.9874E-05 0.0193256 9.9874E-05 9.9874E-05 0.0111478 9.9874E-05
9.98741E-05 9.98741E-05 9.98741E-05 0.94039 9.98741E-05 9.98741E-05 0.00256456 9.98741E-05 0.045026 9.98741E-05 0.00406999 9.98741E-05 9.98741E-05 9.98741E-05 0.00655089 9.98741E-05 9.98741E-05 9.98741E-05 9.98741E-05
9.9883E-05 0.01232 9.9883E-05 0.791171 0.00726412 9.9883E-05 0.0128947 0.15508 9.9883E-05 9.9883E-05 9.9883E-05 9.9883E-05 9.9883E-05 9.9883E-05 9.9883E-05 0.019971 9.9883E-05 9.9883E-05 9.9883E-05
9.9883E-05 9.9883E-05 0.00598719 0.895035 0.00174188 0.0233106 9.9883E-05 9.9883E-05 0.0221647 0.0504625 9.9883E-05 9.9883E-05 9.9883E-05 9.9883E-05 9.9883E-05 9.9883E-05 9.9883E-05 9.9883E-05 9.9883E-05
0.0771704 0.00648349 9.991E-05 0.620623 9.991E-05 0.0129584 9.991E-05 9.991E-05 9.991E-05 9.991E-05 9.991E-05 9.991E-05 0.0305782 9.991E-05 0.00171994 9.991E-05 0.171263 0.0239294 0.0542743
9.98471E-05 9.98471E-05 0.0170424 0.98126 9.98471E-05 9.98471E-05 9.98471E-05 9.98471E-05 9.98471E-05 9.98471E-05 9.98471E-05 9.98471E-05 9.98471E-05 9.98471E-05 9.98471E-05 9.98471E-05 9.98471E-05 9.98471E-05 9.98471E-05
0.00870257 9.9892E-05 9.9892E-05 0.686028 9.9892E-05 9.9892E-05 9.9892E-05 9.9892E-05 0.0234904 9.9892E-05 9.9892E-05 9.9892E-05 9.9892E-05 0.041418 9.9892E-05 0.0361482 0.0746881 9.9892E-05 0.128326
