9.99101E-05 9.99101E-05 9.99101E-05 9.99101E-05 9.99101E-05 9.99101E-05 0.999001 9.99101E-05 9.99101E-05 9.99101E-05 9.99101E-05
0.700775 9.9955E-05 0.0807634 9.9955E-05 9.9955E-05 9.9955E-05 0.0101075 0.165596 0.00764264 9.9955E-05 0.0346155
0.727739 0.0339981 0.00329383 0.0484612 9.9955E-05 9.9955E-05 0.0568541 0.129153 9.9955E-05 9.9955E-05 9.9955E-05
0.784597 0.0255218 0.052352 0.0189781 9.9964E-05 9.9964E-05 0.00253755 0.104072 9.9964E-05 0.0115416 9.9964E-05
0.768854 9.9982E-05 0.029511 0.0048037 0.00107898 0.0144116 0.0525951 0.0182358 0.0988465 0.0114633 9.9982E-05
0.873438 0.0419241 0.00814701 9.9955E-05 9.9955E-05 9.9955E-05 0.0106114 9.9955E-05 9.9955E-05 0.017942 0.0474375
9.99101E-05 9.99101E-05 9.99101E-05 9.99101E-05 9.99101E-05 9.99101E-05 0.999001 9.99101E-05 9.99101E-05 9.99101E-05 9.99101E-05
0.763967 0.0691656 9.9964E-05 9.9964E-05 9.9964E-05 9.9964E-05 0.0757195 0.0204027 0.0427143 0.0225897 0.00504103
0.726856 0.0926073 0.0556712 0.0265061 9.9964E-05 9.9964E-05 0.0576631 0.0378351 9.9964E-05 0.00246145 9.9964E-05
0.841794 0.0786752 0.0146895 0.0137557 0.018519 9.9964E-05 0.0135631 9.9964E-05 9.9964E-05 0.0186036 9.9964E-05
0.774987 0.140241 9.9955E-05 0.009246 9.9955E-05 9.9955E-05 9.9955E-05 0.0516547 0.0074882 9.9955E-05 0.0158833
0.694174 0.0583975 0.00861068 0.0540868 9.9955E-05 9.9955E-05 0.0587267 0.125505 9.9955E-05 9.9955E-05 9.9955E-05
0.747786 0.128237 9.9955E-05 9.9955E-05 0.0105322 9.9955E-05 0.037993 9.9955E-05 0.0286914 9.9955E-05 0.0462604
0.713435 0.00211422 0.15056 0.0392943 9.9973E-05 9.9973E-05 9.9973E-05 0.0212236 0.0339306 0.00687817 0.0322642
0.760561 0.0107006 0.0626557 0.0148093 0.0611117 9.9964E-05 0.0341875 0.0555745 9.9964E-05 9.9964E-05 9.9964E-05
0.913096 9.9946E-05 0.0683364 9.9946E-05 0.00115026 9.9946E-05 9.9946E-05 9.9946E-05 0.00137355 9.9946E-05 0.015444
0.935679 9.9946E-05 9.9946E-05 9.9946E-05 0.00637039 0.0109004 0.0335359 9.9946E-05 9.9946E-05 0.0129148 9.9946E-05
0.939226 9.9928E-05 9.9928E-05 9.9928E-05 9.9928E-05 0.046323 0.0136512 9.9928E-05 9.9928E-05 9.9928E-05 9.9928E-05
0.867481 9.9928E-05 9.9928E-05 9.9928E-05 9.9928E-05 0.0655772 0.0661426 9.9928E-05 9.9928E-05 9.9928E-05 9.9928E-05
0.919443 9.9937E-05 9.9937E-05 0.00812688 9.9937E-05 0.0519645 9.9937E-05 9.9937E-05 9.9937E-05 0.019766 9.9937E-05
9.99101E-05 9.99101E-05 9.99101E-05 0.999001 9.99101E-05 9.99101E-05 9.99101E-05 9.99101E-05 9.99101E-05 9.99101E-05 9.99101E-05
9.9946E-05 0.300099 9.9946E-05 0.600142 9.9946E-05 9.9946E-05 0.00736249 0.0817917 9.9946E-05 9.9946E-05 0.0100056
9.9964E-05 0.178208 0.0297348 0.58807 0.10327 9.9964E-05 0.0210799 9.9964E-05 0.0514214 0.0278161 9.9964E-05
0.027828 0.132296 9.9964E-05 0.738451 9.9964E-05 0.0327852 9.9964E-05 9.9964E-05 0.0367555 0.0246972 0.00678752
9.9946E-05 0.0732968 9.9946E-05 0.847092 9.9946E-05 9.9946E-05 0.00599771 9.9946E-05 0.0517512 0.0212628 9.9946E-05
9.9955E-05 0.0427857 9.9955E-05 0.766931 9.9955E-05 9.9955E-05 0.032631 9.9955E-05 0.129798 0.0124236 0.0149318
9.9928E-05 0.209461 9.9928E-05 0.629245 0.160494 9.9928E-05 9.9928E-05 9.9928E-05 9.9928E-05 9.9928E-05 9.9928E-05
9.99101E-05 9.99101E-05 9.99101E-05 0.999001 9.99101E-05 9.99101E-05 9.99101E-05 9.99101E-05 9.99101E-05 9.99101E-05 9.99101E-05
9.9946E-05 9.9946E-05 0.11554 0.66533 0.0241402 9.9946E-05 9.9946E-05 0.0279503 0.16644 9.9946E-05 9.9946E-05
0.00845451 0.179828 0.00452541 0.529908 0.131259 9.9964E-05 9.9964E-05 9.9964E-05 0.127541 9.9964E-05 0.0180838
9.9946E-05 9.9946E-05 0.129543 0.612045 9.9946E-05 0.0031953 9.9946E-05 0.0730519 0.181565 9.9946E-05 9.9946E-05
9.9946E-05 9.9946E-05 9.9946E-05 0.65976 9.9946E-05 0.152522 0.00642536 9.9946E-05 0.139301 9.9946E-05 0.0413923
0.02567 9.9955E-05 0.0524145 0.598338 9.9955E-05 0.0985738 0.0167752 9.9955E-05 0.207729 9.9955E-05 9.9955E-05
9.9964E-05 9.9964E-05 0.125201 0.592554 9.9964E-05 9.9964E-05 0.00192349 0.143399 0.0658117 0.01301 0.057701
0.0098825 9.9964E-05 9.9964E-05 0.513198 0.00965651 0.0825598 0.00813135 0.187271 0.188902 9.9964E-05 9.9964E-05
0.0308867 0.0886403 0.132694 0.367461 9.99549E-05 9.99549E-05 9.99549E-05 0.350849 0.0289698 9.99549E-05 9.99549E-05
0.00413266 9.9946E-05 9.9946E-05 0.572108 0.119902 0.207625 9.9946E-05 0.0956324 9.9946E-05 9.9946E-05 9.9946E-05
0.00673104 0.095621 0.00291299 0.0111884 0.0335426 0.71602 9.9973E-05 0.064285 0.0693989 9.9973E-05 9.9973E-05
9.9955E-05 0.112971 9.9955E-05 9.9955E-05 0.17436 0.644817 0.028346 9.9955E-05 0.0370443 9.9955E-05 0.00196143
0.0426993 0.0195954 9.9955E-05 9.9955E-05 0.112059 0.723457 9.9955E-05 9.9955E-05 0.0891829 9.9955E-05 0.0125066
9.9946E-05 9.9946E-05 0.0204253 0.0011421 0.0919176 0.821363 0.0645519 9.9946E-05 9.9946E-05 9.9946E-05 9.9946E-05
0.0176194 0.12401 9.9964E-05 0.0296578 9.9964E-05 0.699128 9.9964E-05 0.0796697 9.9964E-05 0.0220098 0.027505
0.015127 0.0156183 9.9982E-05 0.00692499 0.0285212 0.841427 0.00522099 0.0160854 0.0470478 0.0238277 9.9982E-05
0.0127199 0.202115 0.0998427 9.9982E-05 9.9982E-05 0.557085 0.042642 0.0689394 0.000955819 0.00243106 0.0130694
9.9955E-05 9.9955E-05 9.9955E-05 0.0551001 0.0656441 0.803417 0.0178482 0.0269817 9.9955E-05 0.0305088 9.9955E-05
0.0473858 0.152856 0.0244529 9.9955E-05 9.9955E-05 0.631987 9.9955E-05 9.9955E-05 0.135236 0.0075823 9.9955E-05
0.00235243 9.9955E-05 9.9955E-05 9.9955E-05 0.0332538 0.852977 9.9955E-05 9.9955E-05 0.0208991 0.0261447 0.0638728
9.9955E-05 0.0924301 9.9955E-05 9.9955E-05 9.9955E-05 0.789189 0.0199969 0.0543257 0.0299436 0.0136153 9.9955E-05
9.9946E-05 9.9946E-05 9.9946E-05 0.0237173 9.9946E-05 0.88853 0.021944 9.9946E-05 9.9946E-05 0.00724979 0.0579592
9.9955E-05 0.273251 0.0541015 9.9955E-05 9.9955E-05 0.592571 0.0107875 0.0529276 9.9955E-05 0.015862 9.9955E-05
9.9955E-05 0.158376 9.9955E-05 9.9955E-05 9.9955E-05 0.693272 0.0416678 0.0152387 0.0506086 9.9955E-05 0.0403365
9.9946E-05 9.9946E-05 0.00487868 0.0356089 9.9946E-05 0.93291 0.0166208 9.9946E-05 9.9946E-05 9.9946E-05 0.00938179
0.000921166 0.00374958 9.9955E-05 9.9955E-05 9.9955E-05 0.8365 9.9955E-05 9.9955E-05 0.030947 0.0783693 0.0490129
0.081569 9.9955E-05 9.9955E-05 9.9955E-05 0.0413441 0.800794 0.0104529 0.0639352 9.9955E-05 0.00140451 9.9955E-05
0.0528309 9.9955E-05 0.065849 9.9955E-05 0.0535874 0.763541 9.9955E-05 9.9955E-05 9.9955E-05 0.0371233 0.0265683
0.0214162 0.12018 0.057081 9.9964E-05 9.9964E-05 0.6047 9.9964E-05 0.100247 0.0753892 9.9964E-05 0.0205871
0.0659838 9.9973E-05 0.0121458 0.0625751 9.9973E-05 0.734818 0.00682741 0.0139546 0.0412014 0.0621944 9.9973E-05
0.0523835 0.0464545 0.0377088 0.0251705 0.408916 0.134643 9.9982E-05 0.252036 0.0277912 0.0146966 9.9982E-05
9.99101E-05 9.99101E-05 9.99101E-05 9.99101E-05 9.99101E-05 9.99101E-05 9.99101E-05 0.999001 9.99101E-05 9.99101E-05 9.99101E-05
9.9973E-05 0.133538 0.00322319 0.0103945 0.62363 9.9973E-05 0.0352574 0.115969 9.9973E-05 0.0657595 0.0119282
9.9964E-05 0.0598749 9.9964E-05 9.9964E-05 0.465024 9.9964E-05 0.0165293 0.247501 0.158641 0.0310513 0.0209801
9.9946E-05 0.0500132 9.9946E-05 9.9946E-05 0.50459 9.9946E-05 9.9946E-05 0.293453 0.140408 9.9946E-05 0.0109364
9.9973E-05 0.0246592 9.9973E-05 0.00419352 0.802315 0.0634161 0.00307531 0.0793385 9.9973E-05 0.0116514 0.0110513
9.9937E-05 9.9937E-05 9.9937E-05 0.0219343 9.9937E-05 9.9937E-05 0.0122415 0.0115795 9.9937E-05 9.9937E-05 0.953545
9.99101E-05 9.99101E-05 9.99101E-05 9.99101E-05 9.99101E-05 9.99101E-05 9.99101E-05 0.999001 9.99101E-05 9.99101E-05 9.99101E-05
0.035002 0.144686 9.9973E-05 9.9973E-05 0.233419 9.9973E-05 0.024759 0.385089 0.0959097 0.0180187 0.062817
0.00495509 9.9964E-05 0.0177113 0.138991 0.691806 9.9964E-05 0.0514882 9.9964E-05 9.9964E-05 0.0135858 0.0810628
0.0442573 9.9982E-05 9.9982E-05 0.0299347 0.555556 0.0191939 0.000818104 0.109566 0.110086 0.0250581 0.105331
9.9955E-05 9.9955E-05 9.9955E-05 0.0737053 0.749676 9.9955E-05 9.9955E-05 0.0980184 0.00379226 0.0424037 0.031905
0.0115041 9.9964E-05 9.9964E-05 0.0528132 0.46794 9.9964E-05 0.0243453 0.318426 9.9964E-05 0.0479388 0.0766327
9.9937E-05 9.9937E-05 9.9937E-05 9.9937E-05 0.779314 9.9937E-05 0.0728104 0.0963585 9.9937E-05 9.9937E-05 0.0508179
9.9964E-05 9.9964E-05 9.9964E-05 9.9964E-05 0.688199 0.0536777 0.0403984 0.0676273 0.0821216 0.00518385 0.062392
9.9973E-05 9.9973E-05 9.9973E-05 0.014848 0.476678 0.057327 0.0334828 0.281301 0.101865 0.0165641 0.0176351
0.00931371 0.153701 9.9955E-05 9.9955E-05 0.153963 9.9955E-05 9.9955E-05 0.323775 0.330622 9.9955E-05 0.0281259
9.997E-05 9.997E-05 9.997E-05 0.0570816 0.336381 0.287004 0.00741629 0.0777574 0.144644 0.00927405 0.0801422
0.0775026 9.9955E-05 9.9955E-05 9.9955E-05 0.60856 0.23363 9.9955E-05 0.0691138 9.9955E-05 0.00479924 0.00589466
0.0780167 0.126018 9.9964E-05 9.9964E-05 0.249147 0.340492 9.9964E-05 0.174212 9.9964E-05 0.0171268 0.0145874
9.9955E-05 9.9955E-05 9.9955E-05 0.000664111 0.00965779 0.0186143 0.0265115 0.0221617 9.9955E-05 9.9955E-05 0.921891
0.0856742 9.9982E-05 0.0319113 0.0802409 0.203246 0.162488 9.9982E-05 0.262117 0.0328796 0.0626342 0.0786084
9.995E-05 9.995E-05 9.995E-05 9.995E-05 0.477545 0.148774 9.995E-05 0.234564 0.0199111 0.0393754 0.0793311
0.0471336 9.9964E-05 9.9964E-05 0.0153593 0.796979 0.0758959 0.0234496 9.9964E-05 9.9964E-05 0.0150638 0.0257188
0.0176506 9.9991E-05 0.0323368 0.00756728 0.394129 0.0382827 0.0354844 0.320136 0.0608212 0.0468763 0.0466161
0.0728297 9.9964E-05 9.9964E-05 9.9964E-05 0.543473 0.0841759 0.00513713 0.205051 9.9964E-05 0.0321872 0.0567471
0.0509134 0.0779008 0.193106 0.0302794 0.181988 0.21308 9.9982E-05 0.152063 9.9982E-05 0.0763802 0.0240899
9.9937E-05 9.9937E-05 0.514871 9.9937E-05 9.9937E-05 0.239429 9.9937E-05 0.171126 9.9937E-05 9.9937E-05 0.0738749
9.9973E-05 0.0644362 0.118997 0.00915621 0.288558 0.0997722 0.0430114 0.211376 0.164393 9.9973E-05 9.9973E-05
0.0540833 9.9955E-05 0.0452819 9.9955E-05 0.853505 0.0275842 9.9955E-05 9.9955E-05 9.9955E-05 0.00451595 0.0145298
9.9955E-05 9.9955E-05 0.106168 9.9955E-05 0.745075 0.103403 0.0103783 0.0212111 9.9955E-05 9.9955E-05 0.013266
0.0343476 0.0750737 0.0597882 9.9955E-05 0.656429 9.9955E-05 9.9955E-05 0.145838 9.9955E-05 0.0280234 9.9955E-05
9.99369E-05 9.99369E-05 9.99369E-05 9.99369E-05 9.99369E-05 9.99369E-05 9.99369E-05 0.736778 0.0294394 0.207979 0.0251034
0.0287543 9.9973E-05 9.9973E-05 0.0234879 0.356702 0.117894 9.9973E-05 0.185259 0.0873182 0.0386492 0.161636
9.996E-05 9.996E-05 0.0108757 9.996E-05 0.678002 0.079778 0.0455838 0.120518 9.996E-05 0.00503347 0.0598096
0.0773703 0.0309377 0.122743 0.0815473 0.15723 9.9973E-05 0.016647 0.496123 9.9973E-05 0.017102 9.9973E-05
0.0289313 0.209646 9.9982E-05 0.0875599 0.238419 9.9982E-05 0.0266702 0.233152 0.0737145 0.000776431 0.10093
9.9973E-05 0.158663 0.0487615 0.0207107 0.337517 9.9973E-05 0.0652334 0.280281 9.9973E-05 0.00113265 0.0874003
0.0268642 0.124334 0.0181244 0.0365568 0.27463 9.9991E-05 0.0744824 0.35645 0.0440084 0.000204154 0.0442463
9.9973E-05 0.222574 0.0211827 9.9973E-05 0.172794 9.9973E-05 0.0245545 0.228796 0.232632 0.0208161 0.0763513
0.0760132 9.9973E-05 9.9973E-05 9.9973E-05 0.460542 0.137615 0.0106351 0.203048 0.0217464 0.0202073 0.0698933
0.00269462 9.9982E-05 9.9982E-05 0.0270962 0.61605 0.0430084 0.0258192 0.12603 0.100782 0.0143812 0.0439385
0.0333938 0.0864269 9.9973E-05 9.9973E-05 0.452548 0.0198363 9.9973E-05 0.289311 0.00266345 0.0265066 0.0890142
9.9973E-05 0.0915055 0.0121382 0.0747647 0.537096 9.9973E-05 0.0360666 0.228248 9.9973E-05 0.0064515 0.0134288
0.0189442 9.9991E-05 0.0259294 0.0142832 0.395552 0.0722383 0.023783 0.289744 0.00201178 0.0912034 0.0662107
0.0257434 9.9955E-05 0.0161009 0.0017866 0.855182 9.9955E-05 9.9955E-05 0.0483795 0.0523082 9.9955E-05 9.9955E-05
9.99101E-05 9.99101E-05 9.99101E-05 9.99101E-05 9.99101E-05 9.99101E-05 9.99101E-05 9.99101E-05 9.99101E-05 0.999001 9.99101E-05
0.0578011 9.9982E-05 0.00328 0.00483367 0.189807 0.131729 9.9982E-05 0.386828 0.136565 0.038988 0.0499677
0.022203 0.0778948 9.9964E-05 9.9964E-05 0.666517 9.9964E-05 0.00847686 0.162073 9.9964E-05 0.0229532 0.0394829
0.0673716 0.0454864 0.0463887 9.9973E-05 0.623252 9.9973E-05 0.00341647 0.160383 9.9973E-05 0.0205702 0.0328313
0.0482471 0.0309331 9.9955E-05 9.9955E-05 0.756994 0.107905 9.9955E-05 0.0446008 9.9955E-05 0.0108199 9.9955E-05
0.0126664 0.056824 9.9973E-05 9.9973E-05 0.49925 0.0156769 0.0276208 0.194519 0.120106 9.9973E-05 0.0730358
0.0668249 0.0620972 9.9982E-05 0.0496373 0.533314 9.9982E-05 0.00233333 0.0622459 0.182222 0.0165241 0.0246012
9.99101E-05 9.99101E-05 9.99101E-05 9.99101E-05 9.99101E-05 9.99101E-05 9.99101E-05 9.99101E-05 9.99101E-05 9.99101E-05 0.999001
9.99101E-05 9.99101E-05 9.99101E-05 9.99101E-05 9.99101E-05 9.99101E-05 9.99101E-05 9.99101E-05 9.99101E-05 0.999001 9.99101E-05
9.99101E-05 9.99101E-05 9.99101E-05 9.99101E-05 9.99101E-05 9.99101E-05 9.99101E-05 9.99101E-05 9.99101E-05 9.99101E-05 0.999001
0.0193882 0.112631 0.0513708 9.9964E-05 0.212327 9.9964E-05 0.0114877 0.549015 9.9964E-05 9.9964E-05 0.0433801
9.997E-05 0.0738505 0.0530302 0.0821699 0.167749 9.997E-05 0.050387 0.435195 9.997E-05 0.0475498 0.0897681
0.0840562 0.0268937 0.0159773 0.0407637 0.30105 9.9991E-05 0.00145798 0.353047 0.109188 0.0313086 0.0361576
0.0424928 9.9964E-05 9.9964E-05 9.9964E-05 0.61295 0.0697667 0.00982443 0.146833 9.9964E-05 0.0317169 0.086016
0.0172997 9.9964E-05 9.9964E-05 0.0518723 0.713575 0.113564 9.9964E-05 0.029728 9.9964E-05 0.039015 0.0345464
9.99369E-05 0.0503216 9.99369E-05 9.99369E-05 9.99369E-05 9.99369E-05 0.00945681 0.785277 9.99369E-05 0.154245 9.99369E-05
0.0381041 0.158571 9.9973E-05 0.0204574 0.462622 9.9973E-05 0.0360201 0.198413 9.9973E-05 0.0512969 0.0342161
9.9928E-05 9.9928E-05 9.9928E-05 9.9928E-05 9.9928E-05 9.9928E-05 0.0295 0.170936 0.798765 9.9928E-05 9.9928E-05
9.9919E-05 9.9919E-05 9.9919E-05 9.9919E-05 9.9919E-05 9.9919E-05 9.9919E-05 9.9919E-05 0.971323 9.9919E-05 0.0277779
9.9955E-05 9.9955E-05 9.9955E-05 0.00152459 9.9955E-05 9.9955E-05 0.0258172 0.0352068 0.859408 0.0159924 0.0615508
0.0322502 9.9945E-05 9.9945E-05 9.9945E-05 9.9945E-05 9.9945E-05 0.00712295 0.144862 0.815066 9.9945E-05 9.9945E-05
9.9982E-05 9.9982E-05 0.0348431 0.0400821 0.00857431 0.049025 0.0259274 0.0090057 0.747521 0.0325601 0.0522616
9.9946E-05 9.9946E-05 0.0491544 0.0315349 9.9946E-05 0.0225212 9.9946E-05 0.0653001 0.83089 9.9946E-05 9.9946E-05
0.00924966 9.9946E-05 0.0166895 9.9946E-05 9.9946E-05 0.0133625 9.9946E-05 9.9946E-05 0.95381 0.00628864 9.9946E-05
0.0229074 9.9955E-05 9.9955E-05 0.00995637 9.9955E-05 9.9955E-05 0.0445211 0.00669945 0.901107 0.0143089 9.9955E-05
9.9937E-05 0.0893992 9.9937E-05 9.9937E-05 9.9937E-05 0.0144631 0.0243396 9.9937E-05 0.871099 9.9937E-05 9.9937E-05
0.0143962 9.9964E-05 9.9964E-05 0.0228647 9.9964E-05 0.106534 9.9964E-05 0.0306868 0.772635 0.0057155 0.046768
9.9964E-05 9.9964E-05 9.9964E-05 0.0310304 0.0123864 0.0628065 0.0246605 0.0521135 0.793043 9.9964E-05 0.0235601
0.0199605 9.9964E-05 0.702824 0.0343046 9.9964E-05 0.0765219 9.9964E-05 9.9964E-05 0.120446 0.00403016 0.0415136
9.9955E-05 0.0629324 0.663662 0.0296355 9.9955E-05 9.9955E-05 0.0318631 9.9955E-05 0.183283 0.0281249 9.9955E-05
0.0338673 9.998E-05 0.67791 0.0888833 0.0491033 0.0799305 0.0174957 9.998E-05 0.0277969 0.00422545 0.020588
0.0727182 0.0121218 0.684535 0.0182797 0.0273215 0.184524 9.9955E-05 9.9955E-05 9.9955E-05 9.9955E-05 9.9955E-05
9.995E-05 9.995E-05 0.675559 0.0332376 9.995E-05 0.152519 0.039213 0.0421304 9.995E-05 9.995E-05 0.0568405
9.9955E-05 0.0682526 0.683375 9.9955E-05 9.9955E-05 9.9955E-05 0.0271976 0.0816337 0.135911 9.9955E-05 0.00313032
0.0245702 0.0615824 0.661863 0.0207118 9.997E-05 0.0827826 9.997E-05 9.997E-05 0.0894 0.0400952 0.0186948
9.9964E-05 9.9964E-05 0.777722 0.0245281 0.0466335 0.00768039 0.00987849 9.9964E-05 0.11365 0.0195078 9.9964E-05
9.9973E-05 0.162761 0.533962 0.0188165 0.106335 9.9973E-05 0.0401787 0.0637525 9.9973E-05 0.0291251 0.0447688
9.9946E-05 9.9946E-05 0.59106 9.9946E-05 9.9946E-05 0.246745 0.00148646 9.9946E-05 0.154245 0.00586275 9.9946E-05
0.0128216 9.9964E-05 0.663957 0.0249287 9.9964E-05 0.172898 0.0146299 9.9964E-05 0.0429124 9.9964E-05 0.0674528
0.0747988 9.9937E-05 0.698571 9.9937E-05 9.9937E-05 0.176102 9.9937E-05 0.0498288 9.9937E-05 9.9937E-05 9.9937E-05
0.0647585 0.0391802 0.578595 0.0393034 9.9973E-05 0.0685776 9.9973E-05 0.0815429 0.0983952 9.9973E-05 0.0293468
9.9964E-05 0.245532 0.487245 9.9964E-05 0.112778 9.9964E-05 0.026197 0.0800438 9.9964E-05 0.00755154 0.0402529
0.013074 9.9955E-05 0.6659 0.0447139 9.9955E-05 9.9955E-05 0.0441591 0.218533 9.9955E-05 0.0131199 9.9955E-05
0.00798362 0.163864 0.623144 9.9964E-05 9.9964E-05 9.9964E-05 0.0636161 0.117469 9.9964E-05 0.000471729 0.0230521
9.9937E-05 9.9937E-05 0.780591 9.9937E-05 9.9937E-05 0.0859324 9.9937E-05 0.0982433 0.0345337 9.9937E-05 9.9937E-05
0.00123774 0.0855781 0.71775 9.9955E-05 0.123767 9.9955E-05 0.0576734 9.9955E-05 9.9955E-05 0.0134944 9.9955E-05
0.0485582 0.0892022 0.750067 0.0404883 0.00173043 0.0451338 0.0148417 9.9973E-05 9.9973E-05 9.9973E-05 0.00967847
9.996E-05 0.182125 0.667823 0.0123288 0.0546988 9.996E-05 0.0284643 0.0409054 9.996E-05 9.996E-05 0.0132539
0.061003 0.1115 0.632403 0.0110716 0.0155562 9.9982E-05 0.0177624 0.0403747 9.9982E-05 0.0290224 0.081107
0.0227463 0.0733416 0.674509 0.0280179 0.0470064 0.0211545 9.9982E-05 9.9982E-05 0.0682904 0.0219543 0.0427793
0.00254942 0.026883 0.734174 9.9964E-05 9.9964E-05 9.9964E-05 9.9964E-05 0.0945393 0.0701833 0.00837184 0.0628993
0.0503596 0.0225327 0.721352 9.9964E-05 9.9964E-05 0.060547 9.9964E-05 0.116123 0.0233387 0.00534723 9.9964E-05
0.00414665 0.108912 0.625378 0.084035 0.00280295 9.9973E-05 0.0121469 0.127614 9.9973E-05 0.0346642 9.9973E-05
0.0295533 0.0960089 0.667575 0.0578509 0.0170517 9.9973E-05 0.0060085 0.0445444 0.0811071 9.9973E-05 9.9973E-05
0.0255519 0.147091 0.682991 0.00916351 9.996E-05 9.996E-05 0.0204601 0.0561237 9.996E-05 9.996E-05 0.0582191
0.0791246 0.138405 0.577002 9.9955E-05 9.9955E-05 9.9955E-05 9.9955E-05 0.1767 9.9955E-05 0.0100971 0.0181717
0.0527308 0.0887939 0.65783 0.0311591 0.0291185 9.9982E-05 0.0170829 0.00582689 0.112803 9.9982E-05 0.0044549
9.9946E-05 9.9946E-05 0.716588 0.0389189 9.9946E-05 0.145846 9.9946E-05 0.0615747 9.9946E-05 0.0364722 9.9946E-05
9.9955E-05 9.9955E-05 0.714329 9.9955E-05 9.9955E-05 0.181587 9.9955E-05 0.013207 0.0612591 0.0115769 0.0175407
0.0584327 0.0548222 0.55988 0.0370065 9.998E-05 0.144497 0.0297947 0.0434274 0.0604033 0.0115362 9.998E-05
9.99663E-05 9.99663E-05 0.655259 0.0869874 0.0545355 0.144865 0.00878045 0.037472 0.0117012 9.99663E-05 9.99663E-05
9.9964E-05 9.9964E-05 0.753146 0.0558437 0.0422532 9.9964E-05 0.0450437 0.0573609 9.9964E-05 0.041012 0.00494103
0.0282018 9.9973E-05 0.789159 0.0390586 0.0616869 9.9973E-05 0.0194619 0.0217992 9.9973E-05 0.00235625 0.0379764
9.9928E-05 0.960202 9.9928E-05 9.9928E-05 9.9928E-05 9.9928E-05 0.0142599 9.9928E-05 9.9928E-05 9.9928E-05 0.0247386
0.0276456 0.913573 9.9937E-05 9.9937E-05 9.9937E-05 9.9937E-05 9.9937E-05 0.0483255 9.9937E-05 0.00975657 9.9937E-05
0.0117831 0.855632 9.9946E-05 9.9946E-05 9.9946E-05 9.9946E-05 0.0167057 0.113078 9.9946E-05 0.00220209 9.9946E-05
0.0229959 0.877253 0.018157 9.9955E-05 9.9955E-05 9.9955E-05 0.0299144 0.0361057 9.9955E-05 0.0150741 9.9955E-05
0.0440829 0.82605 9.9937E-05 9.9937E-05 0.128744 9.9937E-05 9.9937E-05 9.9937E-05 9.9937E-05 9.9937E-05 0.00042406
9.9937E-05 0.847943 9.9937E-05 0.0193131 9.9937E-05 0.108114 9.9937E-05 9.9937E-05 9.9937E-05 9.9937E-05 0.0239297
9.9928E-05 0.916498 9.9928E-05 9.9928E-05 9.9928E-05 0.0800852 9.9928E-05 9.9928E-05 0.00261778 9.9928E-05 9.9928E-05
0.0679499 0.709172 9.994E-05 0.0876497 9.994E-05 0.110195 9.994E-05 9.994E-05 0.0244334 9.994E-05 9.994E-05
