0	0.217606	0.212568	0.223126	0.218657	0.219398	0.153486	0.213797	0.217893	0.21227	0.222789	0.224383	0.216403	0.217554	0.22156	0.216675	0.205073	0.209887	0.209532	0.21143	0.24095	0.254274	0.245146	0.241762	0.238334	0.242152	0.233957	0.23545	0.237041	0.225949	0.233561	0.228935	0.225545	0.233258	0.23554	0.255258	0.229162	0.225089	0.216658	0.22761	0.222676	0.220589	0.218915	0.225089	0.223878	0.223484	0.222137	0.222443	0.218959	0.21989	0.224531	0.220093	0.215568	0.216964	0.223458	0.23416	0.227676	0.231396	0.236803	0.226929	0.227327	0.226919	0.223727	0.225835	0.225533	0.235512	0.225828	0.225484	0.226841	0.224104	0.223678	0.225904	0.220592	0.236967	0.226703	0.228059	0.218171	0.225003	0.224433	0.227202	0.221478	0.230495	0.224383	0.230775	0.232339	0.224042	0.225686	0.224083	0.227243	0.233618	0.226559	0.226593	0.253517	0.23777	0.237261	0.229452	0.232157	0.224843	0.221625	0.225729	0.228791	0.22822	0.226541	0.222834	0.227459	0.226829	0.228437	0.224357	0.227749	0.225232	0.230771	0.224808	0.227204	0.242682	0.233698	0.232187	0.222514	0.220407	0.244666	0.230271	0.232349	0.232243	0.233858	0.237264	0.227666	0.231061	0.231318	0.229908	0.227684	0.232683	0.222796	0.237162	0.234318	0.233313	0.231024	0.233639	0.234215	0.233077	0.239146	0.244791	0.232052	0.233692	0.238198	0.239499	0.245391	0.234627	0.238455	0.241794	0.228884	0.231146	0.344029	0.231138	0.241634	0.244447	0.233691	0.245754	0.239839	0.247869	0.2385	0.244537	0.240209	0.237229	0.23643	0.231675	0.230085	0.233411	0.232943	0.236483	0.248565	0.246358	0.252451	0.251742	0.247501	0.232305	0.242009	0.240815
0.217606	0	0.216254	0.223022	0.219432	0.220804	0.21525	0.214518	0.218237	0.215745	0.220063	0.226342	0.218036	0.217439	0.220605	0.214208	0.212955	0.212228	0.217059	0.216295	0.243943	0.262857	0.249739	0.2451	0.24256	0.245583	0.244129	0.244794	0.239667	0.23144	0.240557	0.237877	0.23453	0.246908	0.237527	0.258614	0.237153	0.231144	0.231937	0.23137	0.229381	0.227123	0.2264	0.233569	0.230258	0.227177	0.227377	0.227863	0.229041	0.22748	0.231127	0.229087	0.223353	0.227822	0.228702	0.240195	0.236037	0.239067	0.236217	0.234414	0.234621	0.231616	0.228659	0.232679	0.229706	0.240419	0.232478	0.231974	0.234218	0.228902	0.228474	0.232937	0.228241	0.240217	0.235813	0.23293	0.22527	0.232906	0.228973	0.232167	0.225642	0.238242	0.228692	0.236205	0.237733	0.232301	0.22798	0.234791	0.229638	0.241141	0.231082	0.235104	0.256102	0.248924	0.245183	0.234365	0.237528	0.230822	0.232302	0.231449	0.237141	0.231869	0.231673	0.23267	0.237125	0.234611	0.233542	0.23457	0.23514	0.230404	0.235485	0.231657	0.2328	0.246523	0.244376	0.242717	0.229194	0.230552	0.250199	0.237092	0.230635	0.233388	0.239406	0.241376	0.227562	0.234573	0.234967	0.233615	0.234231	0.235328	0.231603	0.235013	0.238272	0.23942	0.239584	0.238653	0.23665	0.23851	0.242129	0.243075	0.237	0.231374	0.238641	0.242346	0.24498	0.241835	0.233482	0.241244	0.231068	0.239331	0.346996	0.23595	0.244581	0.246761	0.237224	0.24735	0.241685	0.249324	0.240925	0.246469	0.243511	0.24095	0.237983	0.235673	0.237621	0.237484	0.239429	0.241427	0.251567	0.249489	0.256412	0.252339	0.248744	0.239816	0.247198	0.24792
0.212568	0.216254	0	0.221623	0.217041	0.213285	0.210437	0.211866	0.212246	0.210531	0.217457	0.22158	0.214375	0.216982	0.213023	0.207206	0.208149	0.210979	0.214808	0.210929	0.238265	0.259225	0.246868	0.241319	0.236149	0.234984	0.23622	0.235118	0.227047	0.22366	0.231873	0.227702	0.227114	0.236425	0.236587	0.253525	0.228772	0.232015	0.22555	0.225499	0.227601	0.225497	0.222665	0.226177	0.227011	0.224626	0.229955	0.225869	0.229378	0.226757	0.228953	0.223356	0.221011	0.22445	0.224551	0.232155	0.226429	0.233242	0.233341	0.228119	0.229397	0.225235	0.227261	0.231229	0.223524	0.237789	0.229985	0.225532	0.228776	0.226152	0.223047	0.231403	0.226072	0.234311	0.236444	0.229382	0.221657	0.231738	0.226595	0.231554	0.22053	0.232857	0.226731	0.229652	0.234337	0.228249	0.229807	0.225604	0.228308	0.232964	0.230686	0.233553	0.251723	0.243283	0.242223	0.233935	0.231952	0.229304	0.225189	0.229353	0.233116	0.22623	0.228846	0.228681	0.229789	0.227485	0.228314	0.229288	0.231885	0.229911	0.231623	0.228054	0.233405	0.248451	0.23776	0.235834	0.226951	0.225213	0.242983	0.234493	0.227699	0.230135	0.231844	0.237601	0.224179	0.227742	0.225466	0.23167	0.226999	0.233129	0.225769	0.233298	0.231375	0.235317	0.224904	0.232224	0.23105	0.229049	0.232278	0.24139	0.226823	0.226871	0.230591	0.235449	0.241728	0.237138	0.239718	0.242113	0.229931	0.235774	0.350203	0.227498	0.237436	0.234843	0.231981	0.242287	0.233832	0.243547	0.234691	0.243816	0.241415	0.23897	0.23343	0.230793	0.23232	0.232777	0.23716	0.232545	0.242124	0.24146	0.247864	0.249979	0.244317	0.232416	0.237356	0.241948
0.223126	0.223022	0.221623	0	0.221121	0.221258	0.220847	0.217843	0.219099	0.219433	0.223326	0.226367	0.223536	0.221325	0.222954	0.217271	0.209887	0.214372	0.215604	0.214444	0.246797	0.263463	0.244631	0.251355	0.244241	0.247378	0.245448	0.242872	0.238683	0.230894	0.240322	0.236341	0.233241	0.242513	0.241278	0.261675	0.236625	0.23442	0.232811	0.236314	0.23233	0.22961	0.23039	0.234061	0.235338	0.234107	0.232177	0.230953	0.232675	0.233094	0.232154	0.234183	0.226955	0.227024	0.229792	0.238098	0.231158	0.243155	0.244673	0.235059	0.237832	0.235256	0.233745	0.233336	0.232466	0.243972	0.235936	0.235596	0.235252	0.23476	0.232008	0.235449	0.231049	0.246315	0.235909	0.23478	0.233832	0.235884	0.234292	0.234229	0.230666	0.239455	0.233618	0.238389	0.239026	0.239584	0.236943	0.236476	0.231457	0.239068	0.233883	0.23505	0.262638	0.247068	0.252467	0.241781	0.238279	0.235579	0.232387	0.232235	0.242013	0.237039	0.235852	0.232882	0.23279	0.239856	0.233064	0.236456	0.237009	0.235627	0.237591	0.235753	0.23624	0.252856	0.245076	0.244513	0.235209	0.232494	0.249287	0.239774	0.234157	0.237779	0.239988	0.242961	0.232064	0.239902	0.23466	0.237282	0.232939	0.240696	0.23421	0.241696	0.235026	0.239258	0.236449	0.240923	0.239422	0.237754	0.241188	0.244599	0.238026	0.23514	0.237657	0.247337	0.249248	0.245579	0.243358	0.244999	0.233572	0.239803	0.35016	0.237981	0.246358	0.249588	0.236792	0.249809	0.244498	0.24998	0.246223	0.250235	0.247823	0.244541	0.238714	0.236121	0.240807	0.237356	0.243746	0.240987	0.248174	0.252726	0.254832	0.2561	0.253307	0.241937	0.244177	0.247612
0.218657	0.219432	0.217041	0.221121	0	0.213703	0.213873	0.21174	0.217232	0.217562	0.216115	0.218521	0.215424	0.21299	0.215236	0.209707	0.207322	0.208504	0.210371	0.208911	0.247278	0.261602	0.246287	0.246604	0.243164	0.239062	0.244405	0.240803	0.230227	0.225431	0.233358	0.233031	0.229323	0.23825	0.239552	0.261057	0.235697	0.233219	0.231642	0.228387	0.227365	0.230741	0.221031	0.225251	0.227398	0.225645	0.230164	0.230056	0.229722	0.229	0.23508	0.22792	0.224265	0.225568	0.224304	0.230693	0.227141	0.237324	0.237592	0.235109	0.233832	0.230846	0.227498	0.230791	0.227079	0.241311	0.228004	0.232405	0.230582	0.231085	0.226762	0.232678	0.231399	0.239882	0.235187	0.233248	0.224819	0.231384	0.233305	0.233287	0.22506	0.236159	0.232837	0.232145	0.238433	0.232246	0.230129	0.232502	0.230084	0.235588	0.233548	0.23643	0.259331	0.247185	0.246684	0.239209	0.237946	0.230864	0.231658	0.232896	0.242466	0.232897	0.231555	0.232158	0.231841	0.23697	0.233546	0.229386	0.233881	0.229062	0.234217	0.228652	0.232735	0.248612	0.240146	0.238785	0.232311	0.229056	0.246261	0.235742	0.229077	0.229611	0.22751	0.238498	0.22698	0.226115	0.224574	0.232462	0.230352	0.236523	0.229224	0.227625	0.228802	0.232541	0.228513	0.234197	0.229555	0.229417	0.233079	0.241046	0.232141	0.229239	0.2324	0.237609	0.239207	0.241348	0.240892	0.241599	0.232636	0.23913	0.349616	0.22588	0.242803	0.240342	0.234471	0.246082	0.232162	0.242305	0.236657	0.241351	0.240342	0.241364	0.232097	0.230706	0.234797	0.233208	0.239512	0.237024	0.245672	0.250454	0.250553	0.250135	0.244439	0.23492	0.238771	0.241893
0.219398	0.220804	0.213285	0.221258	0.213703	0	0.213992	0.208158	0.210197	0.2073	0.217198	0.222679	0.212543	0.21121	0.214705	0.204925	0.207859	0.209145	0.208156	0.211711	0.245475	0.266029	0.250165	0.245654	0.243182	0.239784	0.242935	0.236658	0.229022	0.223545	0.232395	0.232674	0.231266	0.233328	0.240114	0.264323	0.235035	0.235928	0.231205	0.227023	0.228824	0.227546	0.220945	0.225588	0.224034	0.225435	0.228145	0.226492	0.231909	0.231737	0.233573	0.227981	0.225544	0.22648	0.22207	0.235018	0.221822	0.234814	0.237407	0.231581	0.233727	0.231921	0.227044	0.230625	0.229645	0.23978	0.229717	0.232816	0.229992	0.23035	0.226061	0.234899	0.228898	0.24047	0.231566	0.226087	0.224858	0.230316	0.228872	0.230075	0.224137	0.240958	0.228061	0.232887	0.23759	0.231644	0.229373	0.22692	0.227894	0.243319	0.23256	0.234002	0.252121	0.248241	0.248375	0.237756	0.239211	0.230852	0.232374	0.229258	0.234318	0.233558	0.231939	0.229834	0.235127	0.232968	0.232332	0.232944	0.233321	0.231853	0.233455	0.229883	0.231917	0.248342	0.242411	0.237305	0.230194	0.227661	0.251528	0.241267	0.230139	0.228658	0.228823	0.237255	0.22833	0.227985	0.223908	0.23764	0.225858	0.238404	0.227929	0.226279	0.225192	0.229014	0.227592	0.237628	0.226491	0.233693	0.233764	0.242594	0.228156	0.228248	0.227327	0.237829	0.247146	0.243234	0.238942	0.240792	0.228477	0.234971	0.349128	0.229117	0.241145	0.240096	0.230109	0.242698	0.23368	0.240033	0.238437	0.242309	0.242409	0.240735	0.230485	0.230454	0.232748	0.230357	0.233252	0.23351	0.24424	0.247349	0.250665	0.248828	0.244121	0.235378	0.235475	0.243149
0.153486	0.21525	0.210437	0.220847	0.213873	0.213992	0	0.212322	0.214816	0.210509	0.21953	0.224359	0.212985	0.213618	0.214209	0.212542	0.203833	0.210059	0.210923	0.21284	0.238633	0.254245	0.245016	0.241706	0.240816	0.237068	0.234262	0.23447	0.232318	0.225456	0.232251	0.227904	0.222934	0.233178	0.236292	0.257518	0.230928	0.230168	0.226425	0.229175	0.223755	0.225183	0.21868	0.225645	0.224873	0.226203	0.225063	0.225519	0.224127	0.224706	0.227926	0.223186	0.220426	0.223525	0.221776	0.237111	0.228795	0.233614	0.23548	0.230402	0.23003	0.229672	0.228969	0.225789	0.224577	0.238036	0.226684	0.231309	0.231904	0.227366	0.22213	0.228799	0.225438	0.240838	0.228446	0.230791	0.222814	0.22796	0.226452	0.226935	0.221712	0.233717	0.226702	0.230902	0.23446	0.230627	0.228912	0.227033	0.223305	0.235371	0.229434	0.228316	0.25657	0.241574	0.241618	0.235729	0.236013	0.225183	0.226568	0.228629	0.235798	0.226483	0.231677	0.228333	0.234498	0.230659	0.230422	0.227411	0.229261	0.228274	0.233766	0.225981	0.229445	0.246816	0.23604	0.234147	0.226606	0.221959	0.248682	0.233636	0.228586	0.229428	0.229034	0.238644	0.227563	0.226884	0.228091	0.22814	0.226609	0.235339	0.22241	0.232673	0.230046	0.230534	0.230588	0.232188	0.231483	0.231971	0.228995	0.238806	0.22698	0.225042	0.233061	0.236871	0.242729	0.231367	0.237242	0.238085	0.227782	0.232069	0.346109	0.227406	0.23955	0.243635	0.230271	0.245933	0.2349	0.245551	0.233531	0.241573	0.239831	0.235184	0.231861	0.229384	0.231561	0.233304	0.238416	0.237213	0.250821	0.250411	0.247826	0.25601	0.246722	0.234075	0.237785	0.239396
0.213797	0.214518	0.211866	0.217843	0.21174	0.208158	0.212322	0	0.206991	0.208031	0.214376	0.22117	0.213064	0.216682	0.214689	0.205331	0.203639	0.203342	0.208778	0.210248	0.237261	0.259399	0.24538	0.23898	0.236526	0.236845	0.231554	0.232976	0.226309	0.220937	0.226458	0.228727	0.221326	0.23091	0.232577	0.254017	0.224093	0.227957	0.223763	0.222937	0.221358	0.221415	0.213133	0.224336	0.21825	0.220367	0.224592	0.221146	0.223573	0.223023	0.223866	0.221421	0.217916	0.220446	0.216903	0.229688	0.219538	0.230589	0.232629	0.229044	0.226682	0.223929	0.22357	0.224329	0.22327	0.235726	0.223617	0.223235	0.22498	0.222263	0.220808	0.228385	0.21956	0.237527	0.226628	0.223735	0.21855	0.222782	0.219356	0.222659	0.219653	0.229907	0.220567	0.227521	0.231479	0.227896	0.222924	0.222801	0.222136	0.235138	0.226555	0.225053	0.248728	0.23835	0.241895	0.228863	0.230897	0.221851	0.222345	0.222403	0.22813	0.227929	0.22261	0.222385	0.228417	0.225248	0.227728	0.225332	0.226682	0.22396	0.229216	0.221725	0.224378	0.242432	0.239227	0.233137	0.224233	0.219308	0.244371	0.228889	0.223658	0.219686	0.226019	0.232233	0.222626	0.223511	0.221212	0.226403	0.21898	0.23057	0.221135	0.222706	0.224262	0.230211	0.221182	0.226892	0.222516	0.225425	0.231002	0.236446	0.225037	0.222318	0.22355	0.234101	0.239246	0.238623	0.23368	0.237416	0.225372	0.230583	0.348157	0.221239	0.237683	0.239674	0.229356	0.239232	0.231042	0.245203	0.235177	0.237906	0.23705	0.231587	0.228472	0.224207	0.231778	0.230769	0.22953	0.231438	0.24086	0.238838	0.25005	0.245271	0.240431	0.227718	0.231871	0.238705
0.217893	0.218237	0.212246	0.219099	0.217232	0.210197	0.214816	0.206991	0	0.212147	0.215178	0.218686	0.213453	0.213056	0.212629	0.208358	0.209191	0.20599	0.212137	0.211231	0.241582	0.260108	0.247013	0.242321	0.24155	0.235507	0.235746	0.235325	0.228841	0.221751	0.229404	0.229657	0.226458	0.234064	0.237176	0.262079	0.230937	0.22718	0.228308	0.227814	0.224277	0.226174	0.221345	0.225637	0.228246	0.224053	0.226818	0.224199	0.225337	0.224703	0.229222	0.22481	0.220711	0.221148	0.220575	0.232646	0.224653	0.232365	0.233026	0.227789	0.227354	0.224103	0.225651	0.224495	0.226649	0.237441	0.226521	0.22491	0.227677	0.225935	0.222602	0.230046	0.224362	0.240133	0.231403	0.228141	0.222582	0.227232	0.226034	0.227416	0.220573	0.234214	0.22508	0.230228	0.2349	0.230082	0.229652	0.226784	0.226221	0.236363	0.227898	0.231535	0.252641	0.243031	0.244435	0.233284	0.23031	0.226896	0.224232	0.225861	0.229503	0.232078	0.226967	0.227548	0.233351	0.230681	0.226281	0.229481	0.231275	0.223721	0.23235	0.226551	0.228765	0.244667	0.237791	0.235236	0.229107	0.224535	0.246723	0.232689	0.228279	0.228981	0.229825	0.236355	0.225989	0.226938	0.225775	0.232593	0.22223	0.232461	0.225532	0.225468	0.225366	0.231727	0.225288	0.230613	0.225166	0.229984	0.229701	0.246923	0.223939	0.224032	0.226782	0.2329	0.240872	0.237639	0.238237	0.240866	0.223946	0.234889	0.350308	0.226428	0.239271	0.24126	0.227999	0.241093	0.233899	0.242942	0.23632	0.237686	0.235355	0.236478	0.231468	0.230006	0.234252	0.229067	0.227932	0.232052	0.239937	0.243837	0.249707	0.247737	0.240351	0.230381	0.239585	0.238011
0.21227	0.215745	0.210531	0.219433	0.217562	0.2073	0.210509	0.208031	0.212147	0	0.210509	0.21902	0.210856	0.212461	0.209822	0.209057	0.203634	0.203956	0.210347	0.208635	0.236507	0.254321	0.241097	0.239826	0.234191	0.234543	0.233485	0.233264	0.227438	0.222185	0.230773	0.228104	0.224426	0.233927	0.235434	0.260986	0.2264	0.226553	0.223088	0.22687	0.223028	0.221631	0.220297	0.224956	0.222658	0.221839	0.226723	0.223929	0.224977	0.224944	0.227409	0.221901	0.218369	0.220645	0.218172	0.230176	0.223107	0.230433	0.234675	0.226109	0.224825	0.227729	0.224371	0.224934	0.22621	0.238024	0.227656	0.22732	0.223982	0.22529	0.221573	0.226675	0.221129	0.234365	0.226996	0.223539	0.221682	0.225143	0.227157	0.226413	0.218673	0.231927	0.221599	0.227756	0.235407	0.22814	0.22322	0.223382	0.223168	0.233257	0.2256	0.227816	0.246379	0.242026	0.239191	0.231948	0.232001	0.225455	0.224307	0.227935	0.231479	0.226455	0.228998	0.222902	0.227116	0.224714	0.22553	0.225618	0.225152	0.224751	0.230567	0.22126	0.227731	0.242471	0.237356	0.235413	0.225397	0.222105	0.246852	0.232631	0.225422	0.227045	0.226329	0.240025	0.2219	0.224223	0.224683	0.230816	0.220242	0.233026	0.22191	0.226717	0.224542	0.229655	0.227957	0.230494	0.231564	0.22652	0.2292	0.238399	0.225592	0.226388	0.225828	0.234925	0.242641	0.239584	0.237114	0.242254	0.227908	0.231522	0.347244	0.226529	0.237722	0.2408	0.2286	0.236624	0.230886	0.243454	0.236189	0.236671	0.23902	0.234498	0.231417	0.227939	0.231702	0.231811	0.231434	0.232876	0.245715	0.244539	0.247786	0.244767	0.237921	0.229139	0.237725	0.238566
0.222789	0.220063	0.217457	0.223326	0.216115	0.217198	0.21953	0.214376	0.215178	0.210509	0	0.221631	0.218947	0.217352	0.216812	0.211059	0.213107	0.211427	0.217454	0.218579	0.241585	0.258509	0.245866	0.244918	0.242035	0.24163	0.241202	0.243779	0.234698	0.227106	0.240606	0.232289	0.229613	0.240312	0.238809	0.258148	0.233078	0.230348	0.227516	0.232297	0.227861	0.227929	0.225616	0.233197	0.227562	0.22732	0.230745	0.227991	0.229476	0.228151	0.232528	0.224424	0.221271	0.222829	0.224292	0.238736	0.231731	0.23403	0.240234	0.23134	0.227683	0.23185	0.231	0.230056	0.23178	0.238477	0.231393	0.23254	0.229941	0.229818	0.226995	0.233937	0.22894	0.2388	0.233485	0.232626	0.229883	0.229619	0.232128	0.230905	0.227091	0.23703	0.23098	0.231904	0.234333	0.23154	0.230313	0.231798	0.229823	0.238125	0.228032	0.232853	0.252563	0.246029	0.245545	0.236979	0.238126	0.228295	0.230075	0.22771	0.237035	0.233361	0.23311	0.233836	0.233415	0.233063	0.233705	0.231652	0.230285	0.230471	0.235208	0.229075	0.235875	0.248009	0.246164	0.235703	0.230884	0.225885	0.246877	0.238676	0.232938	0.23187	0.236915	0.242054	0.229567	0.234219	0.23232	0.235572	0.231811	0.234761	0.224924	0.238518	0.235006	0.2354	0.231627	0.235546	0.232039	0.2372	0.232437	0.241471	0.23439	0.233155	0.234929	0.239864	0.245336	0.240594	0.238238	0.241797	0.231188	0.236729	0.347011	0.231631	0.240813	0.243617	0.236082	0.247405	0.236326	0.247032	0.24505	0.244445	0.241939	0.24462	0.235202	0.234268	0.236122	0.235312	0.236048	0.239557	0.247057	0.240892	0.256945	0.246097	0.245408	0.232382	0.242564	0.243399
0.224383	0.226342	0.22158	0.226367	0.218521	0.222679	0.224359	0.22117	0.218686	0.21902	0.221631	0	0.223779	0.221264	0.224323	0.216257	0.216867	0.218525	0.218119	0.221969	0.254238	0.26833	0.256186	0.252692	0.248252	0.252132	0.252719	0.24657	0.236431	0.234587	0.24367	0.24013	0.235682	0.244448	0.244495	0.267611	0.239834	0.238537	0.237139	0.238305	0.234843	0.236335	0.232886	0.231677	0.237845	0.232336	0.238963	0.234471	0.235342	0.2382	0.240388	0.235974	0.234648	0.234271	0.22936	0.243474	0.23369	0.24114	0.243048	0.238739	0.242415	0.237423	0.237035	0.237576	0.235541	0.249772	0.236607	0.236851	0.235701	0.234217	0.237133	0.240339	0.239171	0.248009	0.2407	0.238393	0.232047	0.240282	0.235236	0.239404	0.228637	0.242042	0.236485	0.238984	0.243426	0.238728	0.23924	0.23894	0.237576	0.248336	0.241499	0.239491	0.260588	0.24833	0.251955	0.2402	0.242207	0.236262	0.238081	0.236699	0.241823	0.242179	0.234086	0.234359	0.241955	0.240172	0.237503	0.234295	0.239794	0.240882	0.237784	0.235799	0.238706	0.252673	0.245563	0.24608	0.238362	0.232336	0.25509	0.237388	0.237496	0.237454	0.240255	0.247246	0.238793	0.239643	0.234971	0.243214	0.23884	0.243563	0.238894	0.241363	0.240566	0.240206	0.235568	0.24155	0.241592	0.236497	0.240774	0.247019	0.23969	0.234926	0.238476	0.243045	0.249082	0.250913	0.245552	0.250212	0.238812	0.246046	0.351381	0.238286	0.247483	0.249094	0.241413	0.251305	0.246034	0.248923	0.248116	0.246207	0.253416	0.24406	0.241508	0.240916	0.245574	0.24318	0.243268	0.24048	0.248749	0.253413	0.256225	0.256921	0.250569	0.241959	0.245097	0.247943
0.216403	0.218036	0.214375	0.223536	0.215424	0.212543	0.212985	0.213064	0.213453	0.210856	0.218947	0.223779	0	0.214402	0.215167	0.207569	0.209557	0.208985	0.213418	0.210865	0.240982	0.260425	0.248964	0.243903	0.240052	0.241429	0.238259	0.238055	0.232188	0.224891	0.231194	0.232183	0.227403	0.232052	0.237381	0.264864	0.230923	0.229449	0.231609	0.227757	0.227849	0.229215	0.219995	0.223843	0.227231	0.225974	0.226602	0.22529	0.229046	0.228084	0.229897	0.226574	0.224527	0.227096	0.221379	0.23826	0.226733	0.231281	0.236871	0.231704	0.231396	0.227555	0.229444	0.22776	0.227342	0.239164	0.228635	0.22711	0.227432	0.224553	0.22762	0.227932	0.225323	0.235904	0.229487	0.226961	0.223886	0.227184	0.227406	0.227621	0.220114	0.234365	0.226206	0.23171	0.234574	0.229713	0.229845	0.225706	0.227205	0.236546	0.229553	0.232602	0.255166	0.244008	0.241575	0.234492	0.233551	0.230859	0.22667	0.230094	0.23319	0.230221	0.22987	0.227463	0.23321	0.232736	0.227375	0.226675	0.228353	0.230065	0.232944	0.226518	0.230884	0.244166	0.236177	0.233545	0.230718	0.226474	0.24952	0.235205	0.229511	0.230183	0.230346	0.235838	0.230024	0.230426	0.223228	0.233247	0.22782	0.237783	0.22878	0.230678	0.22828	0.23348	0.225016	0.233843	0.229988	0.234012	0.229268	0.242175	0.230864	0.228093	0.231235	0.234663	0.244206	0.239366	0.238256	0.23802	0.227124	0.240391	0.346785	0.227849	0.238231	0.242492	0.231358	0.243085	0.235006	0.244468	0.234422	0.242182	0.241382	0.239298	0.232627	0.23198	0.235957	0.235316	0.23177	0.236969	0.246133	0.244997	0.247605	0.244419	0.241296	0.233479	0.236622	0.241602
0.217554	0.217439	0.216982	0.221325	0.21299	0.21121	0.213618	0.216682	0.213056	0.212461	0.217352	0.221264	0.214402	0	0.217193	0.209473	0.211665	0.209958	0.211076	0.212937	0.240446	0.258849	0.248612	0.242973	0.240261	0.241387	0.242087	0.237126	0.234422	0.2254	0.236998	0.230707	0.226441	0.238458	0.240089	0.262642	0.231667	0.22711	0.225152	0.23029	0.22788	0.226496	0.222351	0.228432	0.226737	0.22627	0.227388	0.229045	0.226877	0.227699	0.2292	0.223115	0.220197	0.224751	0.221783	0.235203	0.227446	0.236361	0.234855	0.228035	0.23183	0.224384	0.228224	0.228333	0.225288	0.238916	0.231226	0.232987	0.230605	0.228936	0.225555	0.232654	0.228976	0.237205	0.232201	0.228416	0.22362	0.227724	0.229082	0.225516	0.223486	0.232236	0.228325	0.233	0.233591	0.228533	0.226154	0.228947	0.223251	0.235448	0.226687	0.232876	0.251437	0.245229	0.242912	0.234344	0.235022	0.231225	0.230147	0.228754	0.23191	0.229657	0.232607	0.227806	0.230139	0.228322	0.225715	0.231739	0.230804	0.229965	0.229585	0.227751	0.234941	0.246146	0.23595	0.235804	0.227659	0.227863	0.24483	0.233039	0.229186	0.230281	0.232469	0.238276	0.226403	0.227819	0.230719	0.23268	0.228135	0.232164	0.231132	0.231507	0.230033	0.233052	0.229024	0.234188	0.230837	0.232852	0.235843	0.241049	0.230588	0.231944	0.235787	0.237448	0.245047	0.240042	0.237041	0.240519	0.230059	0.237649	0.350405	0.22805	0.236939	0.239637	0.230933	0.244796	0.238168	0.246004	0.239939	0.2421	0.237322	0.235267	0.233622	0.236022	0.232656	0.23459	0.236453	0.23248	0.246316	0.244214	0.252065	0.252398	0.246403	0.229121	0.241141	0.244038
0.22156	0.220605	0.213023	0.222954	0.215236	0.214705	0.214209	0.214689	0.212629	0.209822	0.216812	0.224323	0.215167	0.217193	0	0.207861	0.205623	0.210679	0.214837	0.214406	0.240576	0.263251	0.251193	0.249822	0.241766	0.241413	0.241151	0.2405	0.23302	0.224851	0.2338	0.235212	0.227663	0.238366	0.23776	0.260854	0.232548	0.232914	0.230613	0.229682	0.226937	0.229254	0.22392	0.22962	0.225681	0.226514	0.227695	0.229476	0.230727	0.230131	0.236441	0.227074	0.225706	0.230125	0.223736	0.235779	0.224401	0.234688	0.237387	0.231819	0.234411	0.228875	0.226619	0.231083	0.227422	0.239549	0.231577	0.232227	0.230462	0.228594	0.229075	0.232164	0.228516	0.241579	0.237152	0.230579	0.224248	0.235508	0.232352	0.226609	0.22484	0.236224	0.226418	0.232892	0.23876	0.232776	0.231143	0.230595	0.2274	0.237749	0.229988	0.232114	0.254595	0.244845	0.244568	0.236653	0.239592	0.229942	0.228295	0.232668	0.235163	0.232214	0.231098	0.232413	0.235738	0.233382	0.231706	0.230376	0.230966	0.229816	0.236467	0.228401	0.238197	0.24717	0.239596	0.240059	0.229734	0.226775	0.247417	0.238002	0.231286	0.232988	0.232555	0.240409	0.228046	0.231854	0.227533	0.23688	0.230309	0.23522	0.230963	0.2298	0.230942	0.236138	0.232839	0.234834	0.236766	0.231476	0.232805	0.245654	0.2304	0.231324	0.232584	0.236997	0.242644	0.239916	0.240319	0.24164	0.231863	0.239201	0.349842	0.228231	0.236299	0.242572	0.236281	0.244795	0.235546	0.244764	0.23647	0.240843	0.243128	0.239662	0.232264	0.229896	0.240731	0.234072	0.238855	0.235531	0.244055	0.246099	0.252116	0.250772	0.248144	0.232992	0.241469	0.245317
0.216675	0.214208	0.207206	0.217271	0.209707	0.204925	0.212542	0.205331	0.208358	0.209057	0.211059	0.216257	0.207569	0.209473	0.207861	0	0.19919	0.205204	0.20727	0.204552	0.236512	0.257281	0.245076	0.243887	0.2379	0.238182	0.233904	0.235432	0.223391	0.221273	0.229062	0.226789	0.223957	0.23669	0.237166	0.262016	0.227344	0.230114	0.224131	0.219753	0.222974	0.219553	0.219384	0.223358	0.223341	0.219764	0.220324	0.221948	0.223686	0.221468	0.23151	0.22005	0.219525	0.219979	0.217007	0.22894	0.220418	0.230038	0.235588	0.229904	0.22748	0.222298	0.22137	0.223452	0.223546	0.237786	0.224401	0.224875	0.225214	0.224342	0.221806	0.227333	0.221848	0.234709	0.227146	0.225228	0.219165	0.228299	0.223562	0.225555	0.220511	0.232646	0.220831	0.230123	0.230472	0.226111	0.223393	0.225037	0.220229	0.234015	0.227362	0.224733	0.254282	0.239595	0.242605	0.232604	0.236125	0.228109	0.222208	0.223186	0.230141	0.228493	0.223557	0.226431	0.23063	0.230535	0.227725	0.224084	0.226903	0.224963	0.225299	0.224416	0.226512	0.246592	0.237025	0.235481	0.225813	0.220005	0.243632	0.231903	0.224113	0.226419	0.226776	0.231648	0.221105	0.224377	0.22401	0.228941	0.22365	0.229415	0.225033	0.221708	0.226779	0.230335	0.224143	0.228359	0.225684	0.226802	0.228747	0.238224	0.222942	0.222512	0.232365	0.232315	0.235499	0.237707	0.236632	0.242434	0.222585	0.231545	0.348675	0.222472	0.23743	0.239101	0.226233	0.241145	0.228944	0.240183	0.231717	0.237068	0.238824	0.230544	0.227488	0.225859	0.232109	0.230254	0.231125	0.230726	0.240349	0.243228	0.249531	0.244312	0.241752	0.232883	0.236565	0.241572
0.205073	0.212955	0.208149	0.209887	0.207322	0.207859	0.203833	0.203639	0.209191	0.203634	0.213107	0.216867	0.209557	0.211665	0.205623	0.19919	0	0.193167	0.197105	0.197747	0.227572	0.251239	0.238936	0.232781	0.23045	0.228428	0.227745	0.232102	0.225609	0.212555	0.228624	0.219873	0.218985	0.225475	0.229093	0.254565	0.2212	0.218459	0.214575	0.216928	0.215035	0.213872	0.208088	0.21659	0.21269	0.213924	0.213379	0.216903	0.215356	0.215632	0.21803	0.211532	0.207675	0.210703	0.210789	0.222703	0.2129	0.223306	0.230384	0.221022	0.219925	0.212108	0.212238	0.216106	0.214131	0.228079	0.218046	0.208294	0.212372	0.20972	0.211131	0.219492	0.209594	0.228579	0.2195	0.211395	0.205583	0.215439	0.21529	0.215542	0.206044	0.223361	0.215422	0.220003	0.223737	0.218139	0.216232	0.213511	0.213702	0.223251	0.21703	0.217467	0.249409	0.229214	0.23374	0.224371	0.223335	0.212882	0.21166	0.213467	0.222975	0.219956	0.214787	0.214331	0.221116	0.218829	0.219125	0.212554	0.219888	0.219801	0.220244	0.213476	0.219638	0.23708	0.229123	0.22391	0.21447	0.209388	0.238124	0.223299	0.22317	0.222107	0.225245	0.233915	0.21577	0.220288	0.216307	0.224643	0.218008	0.223217	0.214856	0.229099	0.221237	0.226366	0.219341	0.221377	0.224793	0.221917	0.228452	0.235292	0.221634	0.21982	0.22311	0.231089	0.236262	0.238352	0.231897	0.235047	0.218842	0.228048	0.347609	0.220433	0.232768	0.238331	0.223118	0.234848	0.231182	0.240173	0.230303	0.235402	0.237979	0.232953	0.22504	0.220539	0.231697	0.228401	0.229754	0.230759	0.241452	0.238157	0.244559	0.241112	0.23775	0.229372	0.230605	0.234985
0.209887	0.212228	0.210979	0.214372	0.208504	0.209145	0.210059	0.203342	0.20599	0.203956	0.211427	0.218525	0.208985	0.209958	0.210679	0.205204	0.193167	0	0.198763	0.202095	0.233077	0.251531	0.243626	0.235692	0.23151	0.23305	0.231594	0.234807	0.229782	0.220894	0.226974	0.224853	0.220209	0.230391	0.232248	0.254724	0.218014	0.220273	0.215003	0.217248	0.212201	0.212057	0.209125	0.218465	0.211409	0.21563	0.215779	0.213882	0.214946	0.214499	0.217543	0.211835	0.210223	0.213149	0.208002	0.226373	0.217213	0.224493	0.224993	0.220039	0.221894	0.214956	0.214042	0.216593	0.213055	0.2293	0.215218	0.219506	0.217482	0.216765	0.213752	0.218373	0.214214	0.233665	0.218051	0.214079	0.208052	0.21758	0.215652	0.217643	0.209296	0.229593	0.216718	0.220805	0.224914	0.219754	0.219651	0.213486	0.214968	0.225533	0.21882	0.221062	0.248426	0.235041	0.233123	0.225675	0.227605	0.21729	0.216132	0.215562	0.224372	0.223508	0.213031	0.21763	0.221078	0.219462	0.220855	0.217185	0.221712	0.221368	0.225864	0.213115	0.219998	0.237016	0.23046	0.228693	0.219257	0.2117	0.236285	0.226225	0.223274	0.226754	0.225265	0.238362	0.222701	0.221521	0.220648	0.219211	0.220467	0.226923	0.212629	0.225272	0.223281	0.230676	0.220092	0.228142	0.224439	0.225762	0.229177	0.236539	0.223493	0.226342	0.227313	0.233667	0.238648	0.234657	0.231508	0.234692	0.221945	0.228845	0.346088	0.220066	0.235759	0.235627	0.228277	0.23904	0.230497	0.239536	0.233501	0.2375	0.237418	0.233991	0.22785	0.224749	0.225299	0.227648	0.229095	0.230126	0.241898	0.237252	0.245112	0.242877	0.236354	0.223339	0.236262	0.234169
0.209532	0.217059	0.214808	0.215604	0.210371	0.208156	0.210923	0.208778	0.212137	0.210347	0.217454	0.218119	0.213418	0.211076	0.214837	0.20727	0.197105	0.198763	0	0.199468	0.234779	0.256641	0.243163	0.239085	0.235958	0.23472	0.232787	0.232802	0.228222	0.217101	0.230573	0.228512	0.222982	0.230094	0.233269	0.255202	0.223477	0.222145	0.217839	0.222006	0.21814	0.214108	0.212415	0.219635	0.21423	0.217026	0.218605	0.217869	0.221379	0.220293	0.222328	0.216581	0.216985	0.216582	0.212048	0.223512	0.21626	0.228902	0.231314	0.224298	0.224563	0.220507	0.216283	0.220745	0.218083	0.235007	0.222275	0.219425	0.219651	0.219479	0.21423	0.223401	0.216151	0.232218	0.222022	0.219981	0.215485	0.222617	0.222692	0.220628	0.214621	0.231076	0.221215	0.225028	0.228044	0.22239	0.218623	0.219038	0.219875	0.228052	0.222694	0.225534	0.250899	0.235506	0.240962	0.226561	0.228218	0.218025	0.219271	0.220503	0.22952	0.222253	0.218203	0.219768	0.227033	0.22438	0.223925	0.22059	0.224446	0.222763	0.227782	0.219465	0.225539	0.240661	0.23333	0.232175	0.221273	0.215743	0.238581	0.227177	0.226407	0.22727	0.225067	0.234104	0.219742	0.224096	0.222726	0.226922	0.223556	0.232811	0.223099	0.223024	0.226441	0.228029	0.221701	0.227799	0.228348	0.227494	0.230641	0.239208	0.222894	0.220924	0.229652	0.232006	0.238904	0.240213	0.237733	0.23888	0.22374	0.234331	0.345038	0.223912	0.239579	0.237044	0.230352	0.240741	0.234135	0.239699	0.233584	0.241441	0.244348	0.23692	0.225287	0.226385	0.232167	0.228009	0.23112	0.230915	0.240796	0.240111	0.247831	0.246349	0.24172	0.230161	0.237569	0.234941
0.21143	0.216295	0.210929	0.214444	0.208911	0.211711	0.21284	0.210248	0.211231	0.208635	0.218579	0.221969	0.210865	0.212937	0.214406	0.204552	0.197747	0.202095	0.199468	0	0.235323	0.253097	0.242118	0.239615	0.232545	0.235887	0.236716	0.235548	0.224444	0.217722	0.231522	0.225743	0.225447	0.230407	0.231458	0.256534	0.223905	0.224191	0.222644	0.221485	0.219411	0.21862	0.215753	0.220377	0.21539	0.220109	0.219521	0.218187	0.219645	0.220047	0.224436	0.218802	0.217418	0.216678	0.214117	0.223397	0.216484	0.227807	0.228534	0.222159	0.225097	0.222105	0.215478	0.224992	0.216008	0.230328	0.224555	0.218351	0.222012	0.21604	0.220316	0.220199	0.220095	0.233856	0.226775	0.219993	0.218333	0.22328	0.219363	0.219552	0.215973	0.228836	0.220504	0.224045	0.224552	0.224147	0.219462	0.219103	0.218385	0.228652	0.226322	0.223202	0.248798	0.237106	0.236873	0.229996	0.228945	0.219584	0.218224	0.221846	0.22824	0.225287	0.218627	0.222669	0.224871	0.221721	0.22153	0.220026	0.223525	0.221585	0.224251	0.222759	0.224929	0.238954	0.230054	0.229575	0.223291	0.216499	0.24061	0.229455	0.224852	0.222057	0.228983	0.23566	0.221464	0.22172	0.220708	0.226535	0.222335	0.229625	0.223245	0.225953	0.224384	0.231608	0.224471	0.231947	0.227146	0.228005	0.23027	0.241035	0.224501	0.225396	0.229425	0.23458	0.241995	0.241939	0.23514	0.241525	0.225507	0.236621	0.347513	0.227588	0.239211	0.23955	0.227136	0.240638	0.234728	0.244651	0.233579	0.23934	0.241187	0.233578	0.229597	0.225197	0.230869	0.228945	0.230587	0.233006	0.247061	0.241428	0.25001	0.249889	0.241833	0.230384	0.236087	0.238688
0.24095	0.243943	0.238265	0.246797	0.247278	0.245475	0.238633	0.237261	0.241582	0.236507	0.241585	0.254238	0.240982	0.240446	0.240576	0.236512	0.227572	0.233077	0.234779	0.235323	0	0.222206	0.212407	0.20651	0.202052	0.203367	0.200725	0.158831	0.228336	0.222602	0.231077	0.226012	0.226158	0.231635	0.235228	0.257833	0.228975	0.232524	0.232347	0.230734	0.228524	0.228512	0.225201	0.234099	0.225354	0.230975	0.230111	0.229158	0.229653	0.231117	0.233165	0.226116	0.227623	0.22753	0.224725	0.244323	0.228382	0.238403	0.244243	0.232385	0.23289	0.229674	0.230029	0.230182	0.225929	0.24231	0.228191	0.230214	0.229207	0.229251	0.225304	0.234468	0.230243	0.244143	0.232034	0.227945	0.226044	0.232979	0.225901	0.233989	0.22719	0.238115	0.233663	0.232862	0.234527	0.234113	0.231936	0.229155	0.226096	0.233746	0.232086	0.232023	0.253806	0.246664	0.245444	0.238167	0.239333	0.233591	0.228439	0.230643	0.237077	0.232649	0.232976	0.232041	0.235867	0.234303	0.231966	0.230356	0.237981	0.22942	0.234812	0.231462	0.233955	0.249386	0.240447	0.239457	0.229729	0.224851	0.25206	0.239672	0.233472	0.232687	0.234919	0.242141	0.227917	0.231059	0.23259	0.236536	0.231159	0.235945	0.228782	0.240301	0.232005	0.238848	0.233134	0.237412	0.234436	0.234653	0.234819	0.24681	0.236848	0.23403	0.240716	0.244093	0.250604	0.246562	0.245162	0.248262	0.232919	0.239781	0.355833	0.23555	0.243815	0.250735	0.241559	0.246787	0.244903	0.251382	0.245112	0.245803	0.25024	0.243798	0.239491	0.234479	0.243124	0.241543	0.24094	0.240657	0.250995	0.240165	0.245229	0.247556	0.235481	0.224349	0.235691	0.238291
0.254274	0.262857	0.259225	0.263463	0.261602	0.266029	0.254245	0.259399	0.260108	0.254321	0.258509	0.26833	0.260425	0.258849	0.263251	0.257281	0.251239	0.251531	0.256641	0.253097	0.222206	0	0.226431	0.223638	0.222057	0.220006	0.222317	0.24948	0.249294	0.239543	0.246041	0.239488	0.240975	0.244176	0.249262	0.267456	0.242171	0.246342	0.246667	0.251209	0.243072	0.244996	0.241692	0.252307	0.248504	0.246764	0.244415	0.248118	0.244484	0.244705	0.250583	0.243452	0.244128	0.243375	0.246468	0.255301	0.254948	0.257017	0.256823	0.248146	0.255724	0.244763	0.246246	0.24718	0.24717	0.258832	0.25137	0.249708	0.252771	0.247183	0.244398	0.255697	0.247513	0.259587	0.254025	0.249817	0.247497	0.246753	0.246607	0.248479	0.250472	0.254759	0.248304	0.252037	0.255315	0.25057	0.249058	0.250101	0.243322	0.252289	0.248979	0.249882	0.269006	0.259874	0.260911	0.253796	0.257458	0.251808	0.243087	0.248925	0.2565	0.249648	0.251536	0.255711	0.250937	0.252662	0.250623	0.247025	0.250757	0.250506	0.251972	0.254319	0.252911	0.264199	0.2543	0.252951	0.2504	0.250344	0.266515	0.255347	0.249143	0.250821	0.252145	0.260611	0.247642	0.249769	0.255084	0.251887	0.257286	0.250277	0.247314	0.254649	0.255025	0.260852	0.252984	0.256042	0.255696	0.256235	0.254734	0.260297	0.250437	0.254705	0.259233	0.266721	0.259159	0.256045	0.257787	0.253578	0.249708	0.253347	0.356706	0.254833	0.259019	0.262723	0.254786	0.262526	0.261691	0.268151	0.261622	0.261897	0.256896	0.258013	0.251422	0.249889	0.261789	0.255496	0.254814	0.259915	0.262383	0.254311	0.263374	0.258695	0.250764	0.240375	0.25196	0.252223
0.245146	0.249739	0.246868	0.244631	0.246287	0.250165	0.245016	0.24538	0.247013	0.241097	0.245866	0.256186	0.248964	0.248612	0.251193	0.245076	0.238936	0.243626	0.243163	0.242118	0.212407	0.226431	0	0.215526	0.211311	0.210997	0.209704	0.235999	0.234603	0.229346	0.236559	0.231975	0.225667	0.239932	0.241403	0.263282	0.232461	0.237807	0.237934	0.237336	0.234121	0.236855	0.232906	0.237825	0.232998	0.234843	0.237702	0.239435	0.23711	0.236204	0.235461	0.236109	0.231723	0.233721	0.235854	0.243706	0.240354	0.246288	0.248066	0.243794	0.240858	0.237514	0.238699	0.23898	0.237399	0.249256	0.23946	0.237803	0.238863	0.239284	0.234438	0.240597	0.235125	0.243138	0.2425	0.238543	0.23701	0.239616	0.233441	0.23773	0.235663	0.245955	0.239322	0.240258	0.245555	0.244249	0.238736	0.238313	0.234929	0.244193	0.237746	0.23877	0.261258	0.253012	0.253207	0.244715	0.246039	0.240101	0.233202	0.238491	0.243341	0.237249	0.239889	0.237572	0.241978	0.239945	0.239018	0.240398	0.241063	0.237511	0.246393	0.239824	0.242838	0.252185	0.248158	0.242885	0.23933	0.23567	0.256432	0.245165	0.23819	0.239287	0.24206	0.247042	0.237201	0.237725	0.237855	0.244275	0.238813	0.242867	0.233714	0.242367	0.242429	0.245344	0.24127	0.24374	0.240113	0.241532	0.243092	0.249482	0.242864	0.236656	0.246407	0.247952	0.254103	0.253513	0.243542	0.251902	0.241549	0.244616	0.355205	0.24051	0.253399	0.253429	0.246239	0.249696	0.249723	0.254289	0.24679	0.248719	0.250589	0.247649	0.242246	0.239699	0.247012	0.241082	0.247472	0.247357	0.25196	0.244289	0.248222	0.252643	0.243394	0.23391	0.238974	0.240673
0.241762	0.2451	0.241319	0.251355	0.246604	0.245654	0.241706	0.23898	0.242321	0.239826	0.244918	0.252692	0.243903	0.242973	0.249822	0.243887	0.232781	0.235692	0.239085	0.239615	0.20651	0.223638	0.215526	0	0.204501	0.206549	0.206538	0.235463	0.230057	0.225974	0.229942	0.224982	0.223929	0.237166	0.235614	0.255367	0.226509	0.238432	0.230421	0.233504	0.231186	0.227939	0.229998	0.235961	0.228633	0.233628	0.227595	0.230202	0.22999	0.231779	0.229876	0.229143	0.228079	0.225504	0.227189	0.240743	0.236388	0.239053	0.243592	0.232389	0.23561	0.232711	0.232448	0.234897	0.231166	0.245867	0.232775	0.232773	0.232879	0.229143	0.231383	0.241151	0.230004	0.247984	0.238962	0.232993	0.231571	0.23158	0.232891	0.230873	0.227581	0.238355	0.232393	0.233555	0.240732	0.236723	0.232939	0.232531	0.230544	0.233794	0.235303	0.234616	0.253889	0.246587	0.247207	0.245691	0.242597	0.234073	0.229035	0.235217	0.239626	0.235959	0.232736	0.234915	0.234982	0.238059	0.236871	0.234344	0.237016	0.233419	0.237459	0.235226	0.23386	0.252287	0.241153	0.23823	0.233662	0.232079	0.255278	0.239664	0.236043	0.231974	0.23661	0.244558	0.235493	0.234902	0.235981	0.23607	0.238273	0.233764	0.226762	0.239652	0.239492	0.243814	0.237571	0.24297	0.240702	0.239113	0.242136	0.248883	0.237848	0.235655	0.242813	0.248363	0.247565	0.243271	0.243476	0.247565	0.236173	0.241132	0.355842	0.238755	0.242211	0.254789	0.23773	0.250993	0.246732	0.251951	0.243562	0.250241	0.250283	0.244623	0.239452	0.237544	0.243845	0.238733	0.240784	0.245239	0.251321	0.240516	0.249898	0.24875	0.238273	0.225265	0.239287	0.240165
0.238334	0.24256	0.236149	0.244241	0.243164	0.243182	0.240816	0.236526	0.24155	0.234191	0.242035	0.248252	0.240052	0.240261	0.241766	0.2379	0.23045	0.23151	0.235958	0.232545	0.202052	0.222057	0.211311	0.204501	0	0.201824	0.202706	0.230348	0.223548	0.21784	0.228836	0.22255	0.221038	0.232279	0.23028	0.258911	0.227257	0.234211	0.230408	0.23403	0.229509	0.229216	0.226922	0.232932	0.230104	0.22878	0.231016	0.230631	0.233671	0.233428	0.233887	0.228713	0.227587	0.227627	0.227563	0.240378	0.231911	0.239648	0.241565	0.235021	0.232343	0.227289	0.230942	0.229324	0.230371	0.241541	0.229767	0.226913	0.226452	0.228757	0.227794	0.230409	0.226941	0.239865	0.234985	0.229044	0.227602	0.230928	0.229621	0.229665	0.225943	0.239019	0.231311	0.232702	0.236879	0.22879	0.23253	0.231974	0.22736	0.235409	0.231243	0.23074	0.25503	0.242211	0.25032	0.239538	0.23805	0.230385	0.226113	0.231937	0.234961	0.232005	0.231104	0.232028	0.232549	0.233742	0.229892	0.229907	0.233228	0.232912	0.238941	0.22945	0.234336	0.248086	0.241394	0.236393	0.233572	0.228887	0.253004	0.241173	0.229742	0.23054	0.233692	0.243135	0.227355	0.233621	0.22927	0.232144	0.233503	0.233583	0.227594	0.235887	0.237276	0.238987	0.230587	0.236178	0.238185	0.232573	0.237932	0.244856	0.234232	0.232507	0.239213	0.245512	0.247756	0.24869	0.243859	0.244675	0.231147	0.239377	0.358494	0.234281	0.2437	0.24696	0.233646	0.249964	0.242176	0.250521	0.238336	0.244267	0.249411	0.244898	0.236019	0.233587	0.239962	0.24032	0.239159	0.240842	0.24811	0.238355	0.245912	0.246022	0.239923	0.226319	0.236272	0.232784
