9.9847E-05 9.9847E-05 9.9847E-05 9.9847E-05 9.9847E-05 9.9847E-05 9.9847E-05 9.9847E-05 9.9847E-05 9.9847E-05 9.9847E-05 9.9847E-05 0.998303 9.9847E-05 9.9847E-05 9.9847E-05 9.9847E-05 9.9847E-05
9.9928E-05 0.00934268 0.0178929 9.9928E-05 0.00532431 9.9928E-05 9.9928E-05 0.680101 0.0335375 9.9928E-05 9.9928E-05 0.0266116 0.0354314 0.160554 0.0112655 0.0191403 9.9928E-05 9.9928E-05
0.0713883 9.9928E-05 0.00668941 0.0379566 0.0273433 9.9928E-05 9.9928E-05 0.754158 9.9928E-05 0.0627637 9.9928E-05 0.00330635 0.0291331 0.00369601 9.9928E-05 0.00276595 9.9928E-05 9.9928E-05
0.0618482 0.0218014 9.9919E-05 9.9919E-05 0.0173198 9.9919E-05 0.0234435 0.769492 0.029175 0.0284087 9.9919E-05 0.0106068 9.9919E-05 9.9919E-05 9.9919E-05 0.0370058 9.9919E-05 9.9919E-05
0.0837259 9.9946E-05 9.9946E-05 0.0414623 0.00352178 0.00281287 0.0124825 0.720111 9.9946E-05 9.9946E-05 0.021387 0.0253639 0.0457437 9.9946E-05 9.9946E-05 0.0391008 0.000814154 0.00287423
9.9919E-05 0.0179839 9.9919E-05 0.020895 0.00191246 0.00749496 0.0199081 0.86138 9.9919E-05 9.9919E-05 9.9919E-05 9.9919E-05 0.00984803 9.9919E-05 9.9919E-05 0.0352688 9.9919E-05 0.0244093
9.9847E-05 9.9847E-05 9.9847E-05 9.9847E-05 9.9847E-05 9.9847E-05 9.9847E-05 9.9847E-05 9.9847E-05 9.9847E-05 9.9847E-05 9.9847E-05 0.998303 9.9847E-05 9.9847E-05 9.9847E-05 9.9847E-05 9.9847E-05
9.99101E-05 0.0155495 9.99101E-05 0.047308 9.99101E-05 0.0111519 0.0296402 0.770907 0.0454118 9.99101E-05 0.0527727 9.99101E-05 0.0262602 9.99101E-05 9.99101E-05 9.99101E-05 9.99101E-05 9.99101E-05
0.0462601 9.991E-05 9.991E-05 0.204418 0.00451189 9.991E-05 9.991E-05 0.664491 9.991E-05 9.991E-05 0.00261572 0.0194641 0.0566114 9.991E-05 9.991E-05 9.991E-05 9.991E-05 0.000628495
9.9901E-05 9.9901E-05 0.00469611 9.9901E-05 9.9901E-05 0.0157937 0.0395551 0.808465 0.0426604 0.0714522 9.9901E-05 0.0162787 9.9901E-05 9.9901E-05 9.9901E-05 9.9901E-05 9.9901E-05 9.9901E-05
9.9892E-05 9.9892E-05 9.9892E-05 0.0120314 9.9892E-05 9.9892E-05 0.0934463 0.689167 9.9892E-05 9.9892E-05 9.9892E-05 0.0190362 9.9892E-05 0.107572 9.9892E-05 0.0775488 9.9892E-05 9.9892E-05
9.9928E-05 9.9928E-05 0.0127404 0.027978 0.026655 9.9928E-05 0.10693 0.666144 9.9928E-05 0.0222112 9.9928E-05 9.9928E-05 0.0587678 0.0519248 9.9928E-05 0.000936288 9.9928E-05 0.0249133
0.076604 0.0416936 9.99011E-05 9.99011E-05 9.99011E-05 9.99011E-05 0.0790021 0.716134 9.99011E-05 0.0161858 9.99011E-05 9.99011E-05 0.0226469 0.0466346 9.99011E-05 9.99011E-05 9.99011E-05 9.99011E-05
9.9919E-05 0.0145648 0.0229853 9.9919E-05 9.9919E-05 0.01021 9.9919E-05 0.659402 0.0674537 0.0524391 9.9919E-05 9.9919E-05 9.9919E-05 0.118641 9.9919E-05 0.0355982 0.0178067 9.9919E-05
9.9901E-05 9.9901E-05 9.9901E-05 9.9901E-05 0.0154655 9.9901E-05 9.9901E-05 0.78545 0.0433798 0.0809752 9.9901E-05 0.00722389 0.0251954 0.0412116 9.9901E-05 9.9901E-05 9.9901E-05 9.9901E-05
9.98742E-05 9.98742E-05 9.98742E-05 0.0379857 9.98742E-05 9.98742E-05 9.98742E-05 0.831693 9.98742E-05 9.98742E-05 0.0602888 9.98742E-05 9.98742E-05 9.98742E-05 9.98742E-05 0.0686346 9.98742E-05 9.98742E-05
9.98831E-05 9.98831E-05 9.98831E-05 9.98831E-05 9.98831E-05 0.0147632 9.98831E-05 0.904423 9.98831E-05 9.98831E-05 0.0264981 9.98831E-05 0.0349284 9.98831E-05 9.98831E-05 9.98831E-05 9.98831E-05 0.0180892
9.98831E-05 9.98831E-05 9.98831E-05 9.98831E-05 9.98831E-05 9.98831E-05 9.98831E-05 0.91682 9.98831E-05 9.98831E-05 9.98831E-05 9.98831E-05 0.0100983 9.98831E-05 0.0440366 9.98831E-05 0.0150989 0.0126481
9.98921E-05 0.012507 9.98921E-05 9.98921E-05 0.00418358 9.98921E-05 9.98921E-05 0.856364 9.98921E-05 9.98921E-05 9.98921E-05 9.98921E-05 0.0394519 9.98921E-05 0.0540316 9.98921E-05 0.0322633 9.98921E-05
9.9883E-05 9.9883E-05 9.9883E-05 9.9883E-05 9.9883E-05 0.0161789 9.9883E-05 0.899232 9.9883E-05 0.0364521 9.9883E-05 9.9883E-05 9.9883E-05 9.9883E-05 9.9883E-05 9.9883E-05 0.0178868 0.0289515
9.9847E-05 9.9847E-05 0.998303 9.9847E-05 9.9847E-05 9.9847E-05 9.9847E-05 9.9847E-05 9.9847E-05 9.9847E-05 9.9847E-05 9.9847E-05 9.9847E-05 9.9847E-05 9.9847E-05 9.9847E-05 9.9847E-05 9.9847E-05
9.9892E-05 0.0125542 0.00309749 9.9892E-05 9.9892E-05 9.9892E-05 0.221873 9.9892E-05 9.9892E-05 0.69765 9.9892E-05 9.9892E-05 0.0231053 0.0405216 9.9892E-05 9.9892E-05 9.9892E-05 9.9892E-05
9.991E-05 9.991E-05 0.0227352 9.991E-05 9.991E-05 0.0194544 0.038071 9.991E-05 0.0212573 0.717014 9.991E-05 9.991E-05 0.0314832 9.991E-05 0.0888542 0.0601317 9.991E-05 9.991E-05
9.9901E-05 9.9901E-05 0.00480707 0.038704 9.9901E-05 9.9901E-05 9.9901E-05 9.9901E-05 9.9901E-05 0.819947 9.9901E-05 0.0296413 9.9901E-05 9.9901E-05 0.0109286 9.9901E-05 0.0723823 0.0224912
0.0115644 9.98741E-05 0.0172192 9.98741E-05 9.98741E-05 9.98741E-05 9.98741E-05 0.0109566 9.98741E-05 0.958862 9.98741E-05 9.98741E-05 9.98741E-05 9.98741E-05 9.98741E-05 9.98741E-05 9.98741E-05 9.98741E-05
9.9883E-05 9.9883E-05 9.9883E-05 9.9883E-05 0.00174905 0.00489857 9.9883E-05 9.9883E-05 9.9883E-05 0.956128 9.9883E-05 9.9883E-05 0.0228583 9.9883E-05 9.9883E-05 9.9883E-05 9.9883E-05 0.0130674
9.99191E-05 9.99191E-05 0.0316503 0.0271317 0.0139557 9.99191E-05 0.026346 9.99191E-05 9.99191E-05 0.774005 0.0205544 9.99191E-05 0.0196837 9.99191E-05 0.025571 9.99191E-05 0.0602028 9.99191E-05
9.9847E-05 9.9847E-05 0.998303 9.9847E-05 9.9847E-05 9.9847E-05 9.9847E-05 9.9847E-05 9.9847E-05 9.9847E-05 9.9847E-05 9.9847E-05 9.9847E-05 9.9847E-05 9.9847E-05 9.9847E-05 9.9847E-05 9.9847E-05
0.0473196 9.9892E-05 0.0218368 9.9892E-05 9.9892E-05 9.9892E-05 9.9892E-05 9.9892E-05 9.9892E-05 0.806516 9.9892E-05 0.0250381 9.9892E-05 0.0359683 9.9892E-05 0.0621225 9.9892E-05 9.9892E-05
9.99099E-05 0.0146436 9.99099E-05 0.042007 9.99099E-05 0.00337762 0.0372416 9.99099E-05 9.99099E-05 0.742668 0.133471 0.00336812 9.99099E-05 9.99099E-05 0.0222233 9.99099E-05 9.99099E-05 9.99099E-05
9.9919E-05 9.9919E-05 0.0369021 9.9919E-05 0.0277846 9.9919E-05 0.0180104 9.9919E-05 0.0229352 0.771245 0.0427505 0.00570794 9.9919E-05 9.9919E-05 9.9919E-05 0.0662014 9.9919E-05 0.00756324
0.010675 0.00581049 0.0394063 9.9928E-05 9.9928E-05 0.00196994 9.9928E-05 9.9928E-05 9.9928E-05 0.771913 9.9928E-05 9.9928E-05 0.0117639 9.9928E-05 0.0161801 0.00858628 0.125014 0.00788125
0.05479 0.0235995 0.0669562 9.991E-05 9.991E-05 9.991E-05 9.991E-05 9.991E-05 0.0245713 0.687094 9.991E-05 9.991E-05 0.0350297 9.991E-05 9.991E-05 9.991E-05 0.104837 0.00212288
9.991E-05 0.0646368 0.040289 9.991E-05 0.0568903 0.00713947 9.991E-05 9.991E-05 0.11523 0.662205 9.991E-05 0.00570648 9.991E-05 0.0469042 9.991E-05 9.991E-05 9.991E-05 9.991E-05
0.0249893 0.00921066 9.9928E-05 9.9928E-05 0.0281524 0.0161005 9.9928E-05 9.9928E-05 9.9928E-05 0.706661 0.0211934 0.0268795 9.9928E-05 0.121992 9.9928E-05 0.0384907 0.00553204 9.9928E-05
9.99279E-05 0.0126584 0.0106912 0.108299 0.052369 9.99279E-05 0.0156642 0.0180612 0.0880191 0.472178 9.99279E-05 0.0560025 9.99279E-05 0.165259 9.99279E-05 9.99279E-05 9.99279E-05 9.99279E-05
9.991E-05 9.991E-05 0.0019143 9.991E-05 0.0192513 9.991E-05 9.991E-05 9.991E-05 0.00834079 0.718839 0.0995264 0.0225222 9.991E-05 9.991E-05 0.0369211 9.991E-05 0.0916855 9.991E-05
9.9919E-05 0.0149366 0.0223768 9.9919E-05 9.9919E-05 9.9919E-05 0.0221556 9.9919E-05 0.0865483 9.9919E-05 9.9919E-05 0.0218843 9.9919E-05 0.0363285 0.140179 9.9919E-05 0.653697 0.000995017
0.026537 0.0165475 9.991E-05 9.991E-05 9.991E-05 9.991E-05 9.991E-05 9.991E-05 9.991E-05 9.991E-05 9.991E-05 0.0114439 0.0201416 0.202039 0.0351362 0.0162254 0.67093 9.991E-05
0.0290178 0.0161185 9.9928E-05 9.9928E-05 0.0363093 0.0036447 0.0587614 0.0323524 9.9928E-05 0.0439799 9.9928E-05 9.9928E-05 9.9928E-05 0.0699066 9.9928E-05 0.0264873 0.682623 9.9928E-05
9.9919E-05 9.9919E-05 9.9919E-05 0.0213775 0.0220946 9.9919E-05 9.9919E-05 9.9919E-05 0.00702097 9.9919E-05 0.0480966 9.9919E-05 0.0566364 0.0212315 9.9919E-05 0.0270984 0.794497 0.00104802
9.9928E-05 0.0323223 0.0225597 9.9928E-05 0.0318407 0.0308884 0.171384 9.9928E-05 9.9928E-05 9.9928E-05 9.9928E-05 0.00134482 0.0124392 9.9928E-05 0.0649807 0.0227022 0.608738 9.9928E-05
0.0482918 9.9919E-05 0.0117628 0.0272509 9.9919E-05 0.0119566 0.00108996 9.9919E-05 9.9919E-05 9.9919E-05 0.112121 0.00130333 0.0097191 9.9919E-05 9.9919E-05 9.9919E-05 0.775605 9.9919E-05
0.0270765 0.0287744 0.00710832 9.9955E-05 0.0224244 9.9955E-05 0.182239 0.0486875 0.0552601 9.9955E-05 9.9955E-05 0.0271197 9.9955E-05 0.0171668 0.0300672 0.0645549 0.484195 0.00482587
9.9937E-05 0.0302627 0.00448114 9.9937E-05 0.00361615 9.9937E-05 9.9937E-05 0.00414856 9.9937E-05 0.060815 0.0603009 0.0270161 0.0079951 9.9937E-05 0.0262 0.0485484 0.725916 9.9937E-05
0.039877 9.9892E-05 9.9892E-05 0.215329 9.9892E-05 9.9892E-05 9.9892E-05 0.0378122 9.9892E-05 9.9892E-05 9.9892E-05 0.0203367 9.9892E-05 9.9892E-05 0.0580527 9.9892E-05 0.627394 9.9892E-05
9.99011E-05 0.00350413 9.99011E-05 9.99011E-05 9.99011E-05 0.0110008 9.99011E-05 9.99011E-05 9.99011E-05 0.0190862 0.11105 9.99011E-05 9.99011E-05 9.99011E-05 9.99011E-05 0.00857897 0.826212 0.0194691
9.991E-05 0.00772585 0.0068931 9.991E-05 0.0166434 0.00724506 9.991E-05 9.991E-05 0.186123 9.991E-05 9.991E-05 0.00984714 0.0171475 9.991E-05 9.991E-05 9.991E-05 0.747376 9.991E-05
9.991E-05 9.991E-05 0.0382169 0.000161166 0.0349453 9.991E-05 9.991E-05 0.0017405 9.991E-05 9.991E-05 9.991E-05 9.991E-05 0.00852649 9.991E-05 0.00700584 9.991E-05 0.888493 0.0199116
9.9901E-05 0.0303959 0.00251054 0.113799 0.0204975 9.9901E-05 0.439935 9.9901E-05 9.9901E-05 9.9901E-05 9.9901E-05 9.9901E-05 9.9901E-05 9.9901E-05 0.0394011 9.9901E-05 0.352362 9.9901E-05
0.056661 9.9901E-05 0.003493 9.9901E-05 9.9901E-05 9.9901E-05 9.9901E-05 9.9901E-05 0.0612209 9.9901E-05 9.9901E-05 9.9901E-05 0.0178585 0.0695393 9.9901E-05 9.9901E-05 0.781716 0.0084123
9.9928E-05 0.00115339 0.000426093 9.9928E-05 0.0288025 9.9928E-05 9.9928E-05 9.9928E-05 0.0196673 0.0650669 9.9928E-05 9.9928E-05 0.0124886 9.9928E-05 0.00198122 0.0443212 0.815788 0.009505
9.99009E-05 0.0544222 9.99009E-05 0.0612266 9.99009E-05 0.0602191 9.99009E-05 0.00513566 0.043194 9.99009E-05 9.99009E-05 9.99009E-05 9.99009E-05 9.99009E-05 0.0159073 9.99009E-05 0.758796 9.99009E-05
9.9937E-05 9.9937E-05 9.9937E-05 0.0108726 0.0123143 9.9937E-05 0.00163011 0.0484605 9.9937E-05 0.0537128 0.0531434 9.9937E-05 0.0335107 0.0247416 0.0230968 9.9937E-05 0.734989 0.00282864
9.9928E-05 0.0103581 0.00792239 0.0105155 0.00842242 0.027223 9.9928E-05 0.0245723 9.9928E-05 9.9928E-05 0.100198 9.9928E-05 9.9928E-05 9.9928E-05 9.9928E-05 0.07798 0.724672 0.00733658
0.0880971 9.99501E-05 9.99501E-05 0.0851952 0.0105141 9.99501E-05 0.164455 0.0201763 0.0375545 9.99501E-05 9.99501E-05 0.00716022 0.00418688 0.0487699 0.00735908 9.99501E-05 0.5004 0.0255318
0.0286879 9.9919E-05 0.0124653 9.9919E-05 9.9919E-05 0.0368306 9.9919E-05 0.0708013 0.0564836 0.0376754 9.9919E-05 0.00357397 9.9919E-05 9.9919E-05 9.9919E-05 0.000948468 0.751634 9.9919E-05
9.9919E-05 9.9919E-05 9.9919E-05 9.9919E-05 0.0250131 0.0146835 9.9919E-05 0.00526163 9.9919E-05 0.0390963 9.9919E-05 9.9919E-05 9.9919E-05 0.661435 0.0718885 0.0079302 0.171416 0.00237713
9.98469E-05 9.98469E-05 9.98469E-05 9.98469E-05 0.998303 9.98469E-05 9.98469E-05 9.98469E-05 9.98469E-05 9.98469E-05 9.98469E-05 9.98469E-05 9.98469E-05 9.98469E-05 9.98469E-05 9.98469E-05 9.98469E-05 9.98469E-05
9.9946E-05 0.0143155 0.0136733 0.0946601 9.9946E-05 0.0320649 0.00481919 9.9946E-05 9.9946E-05 0.0167267 0.120781 0.0290584 0.0132045 0.611979 0.0403053 9.9946E-05 9.9946E-05 0.0078123
0.12163 0.0110399 9.9937E-05 0.0397574 0.0224786 0.00487992 9.9937E-05 9.9937E-05 9.9937E-05 9.9937E-05 0.148492 0.0526376 0.007312 0.484299 0.0695238 9.9937E-05 0.0372507 9.9937E-05
0.143763 0.000106926 9.9919E-05 9.9919E-05 0.0386925 9.9919E-05 9.9919E-05 9.9919E-05 0.0187154 9.9919E-05 0.303193 0.025947 9.9919E-05 0.421192 0.0162231 9.9919E-05 9.9919E-05 0.0312681
9.99189E-05 9.99189E-05 0.00999618 0.012025 9.99189E-05 0.00267174 9.99189E-05 0.0169123 0.0415752 9.99189E-05 0.739753 9.99189E-05 9.99189E-05 0.0909836 9.99189E-05 9.99189E-05 0.0546105 0.0305733
9.98469E-05 0.998303 9.98469E-05 9.98469E-05 9.98469E-05 9.98469E-05 9.98469E-05 9.98469E-05 9.98469E-05 9.98469E-05 9.98469E-05 9.98469E-05 9.98469E-05 9.98469E-05 9.98469E-05 9.98469E-05 9.98469E-05 9.98469E-05
9.98469E-05 9.98469E-05 9.98469E-05 9.98469E-05 0.998303 9.98469E-05 9.98469E-05 9.98469E-05 9.98469E-05 9.98469E-05 9.98469E-05 9.98469E-05 9.98469E-05 9.98469E-05 9.98469E-05 9.98469E-05 9.98469E-05 9.98469E-05
0.0688701 0.0159982 9.9928E-05 9.9928E-05 0.0360756 9.9928E-05 0.0299491 0.0514602 0.0845171 9.9928E-05 0.00594074 9.9928E-05 0.0169354 0.67104 9.9928E-05 9.9928E-05 9.9928E-05 0.0184139
9.9928E-05 0.0285112 0.0113639 9.9928E-05 9.9928E-05 0.0120755 9.9928E-05 0.00745164 0.0571991 0.143011 0.607587 9.9928E-05 0.0208156 9.9928E-05 0.0945543 9.9928E-05 9.9928E-05 0.0166307
0.12178 0.0235758 9.9928E-05 9.9928E-05 0.0334696 0.040625 9.9928E-05 9.9928E-05 0.056187 0.00795045 0.500189 9.9928E-05 9.9928E-05 0.0466692 0.138994 9.9928E-05 9.9928E-05 0.02976
9.9928E-05 0.0318161 0.0216395 9.9928E-05 0.0348567 0.0346714 9.9928E-05 9.9928E-05 9.9928E-05 0.0741647 0.47345 0.0257075 9.9928E-05 0.194704 0.0871507 9.9928E-05 9.9928E-05 0.0210395
9.9937E-05 0.0314169 0.00418869 9.9937E-05 0.0870704 0.0419658 9.9937E-05 9.9937E-05 9.9937E-05 0.0693161 0.291075 9.9937E-05 0.00538743 0.362535 0.0493155 0.0199062 9.9937E-05 0.0371233
0.0160684 0.00630962 9.9937E-05 0.0393116 0.0458755 0.0148021 9.9937E-05 9.9937E-05 9.9937E-05 9.9937E-05 0.627225 0.0111487 0.0636988 0.0825786 0.0921565 9.9937E-05 9.9937E-05 0.000125393
0.0470699 0.0280347 9.9919E-05 9.9919E-05 0.00241911 9.9919E-05 9.9919E-05 9.9919E-05 9.9919E-05 0.0110885 0.847411 0.0150839 0.0175229 9.9919E-05 9.9919E-05 9.9919E-05 0.0167476 0.0137234
0.0300909 0.0158849 9.9937E-05 9.9937E-05 0.0866785 0.00760104 9.9937E-05 9.9937E-05 9.9937E-05 0.0677359 0.268279 0.0398933 0.00768392 0.385017 0.0557666 9.9937E-05 0.0346685 9.9937E-05
0.297599 9.9928E-05 9.9928E-05 9.9928E-05 0.052898 9.9928E-05 0.0183987 9.9928E-05 9.9928E-05 0.0158944 0.20787 0.029983 9.9928E-05 0.283094 9.9928E-05 0.0429493 0.0219994 0.0285151
0.203025 0.0321858 0.0360095 9.9928E-05 0.0178822 9.9928E-05 9.9928E-05 9.9928E-05 9.9928E-05 9.9928E-05 0.302002 0.00960703 0.0333036 9.9928E-05 0.082653 9.9928E-05 0.244479 0.0380536
9.9928E-05 0.0048956 9.9928E-05 9.9928E-05 0.033014 0.00454994 9.9928E-05 0.0768002 0.0750167 9.9928E-05 0.497116 0.00332297 9.9928E-05 9.9928E-05 0.1201 9.9928E-05 0.180129 0.00425643
9.9919E-05 9.9919E-05 9.9919E-05 9.9919E-05 0.0576393 0.00218697 9.9919E-05 0.0871198 9.9919E-05 9.9919E-05 0.152618 0.00613524 9.9919E-05 0.243348 0.0151617 9.9919E-05 0.426487 0.00840521
9.98469E-05 0.998303 9.98469E-05 9.98469E-05 9.98469E-05 9.98469E-05 9.98469E-05 9.98469E-05 9.98469E-05 9.98469E-05 9.98469E-05 9.98469E-05 9.98469E-05 9.98469E-05 9.98469E-05 9.98469E-05 9.98469E-05 9.98469E-05
9.9928E-05 9.9928E-05 0.046818 9.9928E-05 0.0559985 0.0571558 9.9928E-05 0.0461971 9.9928E-05 0.0306762 0.289945 9.9928E-05 9.9928E-05 0.211582 9.9928E-05 0.0448861 0.15673 0.0592121
9.9937E-05 0.0749918 9.9937E-05 9.9937E-05 0.0211144 0.0264852 9.9937E-05 9.9937E-05 0.0237319 9.9937E-05 0.438494 0.0307627 9.9937E-05 0.124613 0.0950716 0.000280354 0.124321 0.039435
9.98469E-05 9.98469E-05 9.98469E-05 9.98469E-05 9.98469E-05 9.98469E-05 9.98469E-05 9.98469E-05 9.98469E-05 9.98469E-05 9.98469E-05 9.98469E-05 9.98469E-05 9.98469E-05 0.998303 9.98469E-05 9.98469E-05 9.98469E-05
9.9937E-05 0.0230705 0.000622308 9.9937E-05 0.0245776 0.0212074 9.9937E-05 9.9937E-05 9.9937E-05 0.0151751 0.208515 9.9937E-05 0.036394 0.5505 0.0532993 9.9937E-05 0.0598175 0.00612163
9.9928E-05 0.0287803 9.9928E-05 9.9928E-05 0.0169444 0.0291797 9.9928E-05 0.0639614 0.00555156 9.9928E-05 0.727818 0.0256182 0.0104814 9.9928E-05 0.0872532 9.9928E-05 0.00361251 9.9928E-05
9.9946E-05 9.9946E-05 0.0242993 0.113863 0.019735 0.0677109 9.9946E-05 0.000608336 0.00494154 0.0202972 0.122434 9.9946E-05 9.9946E-05 0.238694 9.9946E-05 0.138652 0.214261 0.0339028
9.9865E-05 0.00386034 9.9865E-05 0.974245 9.9865E-05 9.9865E-05 9.9865E-05 9.9865E-05 9.9865E-05 9.9865E-05 9.9865E-05 9.9865E-05 9.9865E-05 9.9865E-05 9.9865E-05 9.9865E-05 9.9865E-05 0.0203968
0.104281 9.9928E-05 9.9928E-05 0.308645 0.0530108 0.00553318 9.9928E-05 9.9928E-05 9.9928E-05 0.0374803 0.0179209 9.9928E-05 0.0296662 0.298914 0.115148 9.9928E-05 0.0286016 9.9928E-05
9.9847E-05 9.9847E-05 9.9847E-05 9.9847E-05 9.9847E-05 9.9847E-05 9.9847E-05 9.9847E-05 9.9847E-05 9.9847E-05 9.9847E-05 9.9847E-05 9.9847E-05 9.9847E-05 0.998303 9.9847E-05 9.9847E-05 9.9847E-05
9.9847E-05 9.9847E-05 9.9847E-05 9.9847E-05 9.9847E-05 9.9847E-05 9.9847E-05 9.9847E-05 9.9847E-05 9.9847E-05 9.9847E-05 9.9847E-05 9.9847E-05 9.9847E-05 0.998303 9.9847E-05 9.9847E-05 9.9847E-05
0.0754845 0.0076672 0.00118532 0.0955788 0.0458202 0.0439559 0.0480902 0.00355871 9.9937E-05 9.9937E-05 0.518942 9.9937E-05 9.9937E-05 0.0146032 0.144414 9.9937E-05 9.9937E-05 9.9937E-05
9.9856E-05 9.9856E-05 9.9856E-05 9.9856E-05 9.9856E-05 0.00225818 9.9856E-05 9.9856E-05 9.9856E-05 9.9856E-05 9.9856E-05 0.996144 9.9856E-05 9.9856E-05 9.9856E-05 9.9856E-05 9.9856E-05 9.9856E-05
0.0281684 0.0970201 9.9919E-05 9.9919E-05 9.9919E-05 0.0234573 9.9919E-05 9.9919E-05 0.00227633 0.0155623 9.9919E-05 0.0113529 9.9919E-05 0.678619 9.9919E-05 9.9919E-05 0.124614 0.0180299
9.98921E-05 0.0203484 0.00389737 0.0911054 9.98921E-05 9.98921E-05 9.98921E-05 9.98921E-05 9.98921E-05 9.98921E-05 0.861498 9.98921E-05 0.0164895 9.98921E-05 0.00546241 9.98921E-05 9.98921E-05 9.98921E-05
9.9937E-05 9.9937E-05 0.0347522 9.9937E-05 0.0133192 0.0037423 0.0458435 0.0417626 9.9937E-05 9.9937E-05 0.00920316 0.0408274 0.00622655 0.724033 9.9937E-05 0.0781133 9.9937E-05 0.00147736
9.9919E-05 0.0125009 9.9919E-05 9.9919E-05 9.9919E-05 9.9919E-05 0.0529917 0.00565004 0.00990116 0.104785 9.9919E-05 0.04242 0.00774409 0.741479 9.9919E-05 9.9919E-05 9.9919E-05 0.0216294
9.9874E-05 9.9874E-05 9.9874E-05 0.0191516 9.9874E-05 9.9874E-05 9.9874E-05 9.9874E-05 9.9874E-05 9.9874E-05 9.9874E-05 9.9874E-05 0.02191 0.951112 9.9874E-05 0.00642851 9.9874E-05 9.9874E-05
9.9928E-05 0.0335117 0.0316241 9.9928E-05 0.0400332 9.9928E-05 9.9928E-05 0.0289544 0.102315 0.0299585 9.9928E-05 0.0323783 0.0329321 0.615186 0.0523067 9.9928E-05 9.9928E-05 9.9928E-05
0.18911 0.0234603 9.9937E-05 0.149982 0.0420314 0.00662838 0.0728117 0.0321468 9.9937E-05 9.9937E-05 0.188621 0.014863 9.9937E-05 0.232577 9.9937E-05 9.9937E-05 9.9937E-05 0.0470692
0.0284479 0.0204243 9.9928E-05 9.9928E-05 0.0245947 0.0178993 9.9928E-05 0.034253 9.9928E-05 9.9928E-05 0.077841 9.9928E-05 9.9928E-05 0.518245 0.140312 9.9928E-05 0.098307 0.0388762
0.206824 0.0162366 9.9919E-05 9.9919E-05 0.00682529 9.9919E-05 9.9919E-05 9.9919E-05 9.9919E-05 0.00422517 0.0561331 9.9919E-05 9.9919E-05 0.444783 0.169507 9.9919E-05 0.0516962 0.0428707
0.030451 9.9928E-05 9.9928E-05 0.00780174 0.0669391 0.0208858 0.0848804 0.0192401 9.9928E-05 9.9928E-05 0.460647 0.0148507 9.9928E-05 0.23731 9.9928E-05 9.9928E-05 9.9928E-05 0.0561949
0.101184 0.0154553 0.0271876 0.00764689 9.9919E-05 0.00733544 9.9919E-05 9.9919E-05 9.9919E-05 9.9919E-05 0.211761 9.9919E-05 0.0133021 0.59273 0.0224978 9.9919E-05 9.9919E-05 9.9919E-05
0.0882804 0.0474825 0.0143551 9.9955E-05 0.0735705 0.0778631 9.9955E-05 0.0258429 0.0685101 9.9955E-05 0.264317 0.00882817 9.9955E-05 0.230675 0.0614178 0.03628 9.9955E-05 0.00207752
9.9865E-05 9.9865E-05 9.9865E-05 9.9865E-05 9.9865E-05 9.9865E-05 0.0280041 9.9865E-05 9.9865E-05 9.9865E-05 0.965387 9.9865E-05 0.00511084 9.9865E-05 9.9865E-05 9.9865E-05 9.9865E-05 9.9865E-05
9.98469E-05 9.98469E-05 9.98469E-05 9.98469E-05 9.98469E-05 0.998303 9.98469E-05 9.98469E-05 9.98469E-05 9.98469E-05 9.98469E-05 9.98469E-05 9.98469E-05 9.98469E-05 9.98469E-05 9.98469E-05 9.98469E-05 9.98469E-05
0.122823 0.00913946 0.0421574 9.9955E-05 0.0515629 0.0238694 9.9955E-05 0.0543267 9.9955E-05 9.9955E-05 0.0176524 0.0218136 0.0107722 0.477106 0.026823 9.9955E-05 0.119021 0.0224327
9.9928E-05 0.0614368 0.00335183 9.9928E-05 9.9928E-05 0.0230627 0.00502651 9.9928E-05 9.9928E-05 9.9928E-05 0.142013 0.0080604 0.00467449 0.680842 0.0676409 9.9928E-05 0.00309154 9.9928E-05
9.9937E-05 0.010969 0.00413337 9.9937E-05 9.9937E-05 0.0180084 0.00847481 0.0308268 0.111129 9.9937E-05 0.379745 0.033367 9.9937E-05 0.352937 0.0423551 0.0073549 9.9937E-05 9.9937E-05
9.9883E-05 9.9883E-05 9.9883E-05 0.0184424 9.9883E-05 9.9883E-05 0.0521608 9.9883E-05 9.9883E-05 9.9883E-05 0.880982 0.0147429 9.9883E-05 9.9883E-05 9.9883E-05 0.0323731 9.9883E-05 9.9883E-05
0.154428 9.9901E-05 9.9901E-05 9.9901E-05 9.9901E-05 9.9901E-05 9.9901E-05 9.9901E-05 9.9901E-05 9.9901E-05 0.124374 0.00362849 9.9901E-05 0.652525 0.0302038 9.9901E-05 0.00184214 0.0318992
0.10119 9.9937E-05 0.0152151 0.0248653 9.9937E-05 0.00310252 9.9937E-05 0.0545044 9.9937E-05 0.0358481 0.240898 9.9937E-05 9.9937E-05 0.405269 0.0660238 9.9937E-05 0.0354913 0.0168925
9.98469E-05 9.98469E-05 9.98469E-05 9.98469E-05 9.98469E-05 9.98469E-05 9.98469E-05 9.98469E-05 9.98469E-05 9.98469E-05 9.98469E-05 9.98469E-05 9.98469E-05 9.98469E-05 9.98469E-05 9.98469E-05 9.98469E-05 0.998303
9.98469E-05 9.98469E-05 9.98469E-05 9.98469E-05 9.98469E-05 0.998303 9.98469E-05 9.98469E-05 9.98469E-05 9.98469E-05 9.98469E-05 9.98469E-05 9.98469E-05 9.98469E-05 9.98469E-05 9.98469E-05 9.98469E-05 9.98469E-05
9.98469E-05 9.98469E-05 9.98469E-05 9.98469E-05 9.98469E-05 9.98469E-05 9.98469E-05 9.98469E-05 9.98469E-05 9.98469E-05 9.98469E-05 9.98469E-05 9.98469E-05 9.98469E-05 9.98469E-05 9.98469E-05 9.98469E-05 0.998303
9.9901E-05 9.9901E-05 0.00678596 9.9901E-05 0.0557855 0.00960911 0.0196073 9.9901E-05 9.9901E-05 9.9901E-05 9.9901E-05 0.027357 9.9901E-05 0.8724 9.9901E-05 9.9901E-05 0.00735663 9.9901E-05
9.9946E-05 0.010584 0.0383154 9.9946E-05 0.0373053 0.0227274 0.109764 9.9946E-05 9.9946E-05 0.00034246 0.126941 0.0354128 0.0237885 0.477403 9.9946E-05 0.0429142 9.9946E-05 0.0739019
0.0418524 9.9928E-05 0.00583438 9.9928E-05 0.0443695 0.0439112 9.9928E-05 0.0371862 0.0838835 0.0370803 9.9928E-05 0.0115502 9.9928E-05 0.682272 9.9928E-05 9.9928E-05 9.9928E-05 0.0112612
9.9901E-05 9.9901E-05 0.0232283 9.9901E-05 9.9901E-05 0.0129942 9.9901E-05 0.0398313 9.9901E-05 9.9901E-05 0.494527 9.9901E-05 9.9901E-05 0.318742 9.9901E-05 9.9901E-05 0.0440403 0.0655375
9.991E-05 0.00708601 0.0250361 9.991E-05 0.0296062 0.0148804 9.991E-05 0.0185864 0.00879176 9.991E-05 0.890137 9.991E-05 9.991E-05 9.991E-05 9.991E-05 9.991E-05 0.00487744 9.991E-05
9.9847E-05 9.9847E-05 9.9847E-05 9.9847E-05 9.9847E-05 9.9847E-05 9.9847E-05 9.9847E-05 9.9847E-05 9.9847E-05 9.9847E-05 0.998303 9.9847E-05 9.9847E-05 9.9847E-05 9.9847E-05 9.9847E-05 9.9847E-05
9.995E-05 9.995E-05 9.995E-05 0.0234213 0.0104568 0.0392237 0.0393024 0.0154356 0.0438782 9.995E-05 0.127935 0.0293255 0.0327702 0.52451 0.0277688 9.995E-05 0.0751217 0.0103517
0.69074 9.9883E-05 0.0014398 0.105069 0.0225918 9.9883E-05 9.9883E-05 9.9883E-05 9.9883E-05 9.9883E-05 9.9883E-05 9.9883E-05 9.9883E-05 0.178861 9.9883E-05 9.9883E-05 9.9883E-05 9.9883E-05
0.796121 0.0305522 9.98921E-05 9.98921E-05 9.98921E-05 9.98921E-05 0.0746103 9.98921E-05 9.98921E-05 9.98921E-05 9.98921E-05 0.00630513 9.98921E-05 9.98921E-05 0.0810737 9.98921E-05 9.98921E-05 0.0101392
0.858215 0.00239145 0.0206599 9.9901E-05 9.9901E-05 0.0114019 9.9901E-05 9.9901E-05 9.9901E-05 9.9901E-05 9.9901E-05 9.9901E-05 0.0285965 9.9901E-05 0.0452812 9.9901E-05 9.9901E-05 0.0323547
0.949083 9.98651E-05 9.98651E-05 9.98651E-05 9.98651E-05 9.98651E-05 9.98651E-05 9.98651E-05 9.98651E-05 9.98651E-05 9.98651E-05 0.0184232 9.98651E-05 0.030996 9.98651E-05 9.98651E-05 9.98651E-05 9.98651E-05
0.757404 0.00774058 9.9937E-05 0.0124999 9.9937E-05 0.0135303 9.9937E-05 0.00580782 9.9937E-05 9.9937E-05 0.0880381 0.000661655 0.00970386 9.9937E-05 9.9937E-05 0.0653785 0.0056102 0.0329252
0.741602 9.9892E-05 9.9892E-05 9.9892E-05 0.014473 9.9892E-05 9.9892E-05 9.9892E-05 0.061565 0.0500254 0.083298 9.9892E-05 9.9892E-05 9.9892E-05 9.9892E-05 0.0478376 9.9892E-05 9.9892E-05
0.918243 9.9883E-05 9.9883E-05 9.9883E-05 9.9883E-05 0.00387247 9.9883E-05 0.00849324 0.0593952 9.9883E-05 9.9883E-05 9.9883E-05 9.9883E-05 9.9883E-05 9.9883E-05 9.9883E-05 0.00869766 9.9883E-05
0.779869 9.991E-05 9.991E-05 9.991E-05 9.991E-05 0.0142597 9.991E-05 0.0466079 9.991E-05 0.0461017 9.991E-05 0.00572867 0.004901 0.0689352 0.032598 9.991E-05 9.991E-05 9.991E-05
0.851359 9.9892E-05 0.0117491 9.9892E-05 9.9892E-05 9.9892E-05 9.9892E-05 0.00377518 0.0386451 9.9892E-05 9.9892E-05 9.9892E-05 9.9892E-05 9.9892E-05 9.9892E-05 9.9892E-05 0.0823913 0.0108821
0.7531 0.0183255 0.0400259 9.9937E-05 0.0121584 0.0121836 9.9937E-05 9.9937E-05 9.9937E-05 9.9937E-05 9.9937E-05 0.00244093 9.9937E-05 0.0466869 0.0678965 0.000862159 0.0283499 0.0172705
0.751552 9.9919E-05 9.9919E-05 9.9919E-05 0.020114 9.9919E-05 9.9919E-05 9.9919E-05 0.00240733 0.067698 0.0718669 0.00349781 9.9919E-05 9.9919E-05 0.0175898 9.9919E-05 0.0566036 0.00777135
9.9937E-05 0.0131976 9.9937E-05 9.9937E-05 0.0021311 0.0165129 9.9937E-05 0.0168695 0.0737966 0.0450048 0.00284218 0.0129448 9.9937E-05 9.9937E-05 9.9937E-05 0.760462 0.0348605 0.0206788
0.0873619 9.9919E-05 0.0273245 0.45672 9.9919E-05 0.0210624 0.0216234 9.9919E-05 0.0181579 9.9919E-05 9.9919E-05 9.9919E-05 0.0120083 9.9919E-05 0.0124958 0.342346 9.9919E-05 9.9919E-05
9.99009E-05 9.99009E-05 0.012576 0.627607 9.99009E-05 0.00923082 9.99009E-05 9.99009E-05 9.99009E-05 0.0758672 9.99009E-05 9.99009E-05 9.99009E-05 9.99009E-05 0.00231905 0.264775 9.99009E-05 0.00652662
9.99101E-05 9.99101E-05 0.00242444 9.99101E-05 9.99101E-05 9.99101E-05 0.0093437 0.0480547 0.0862887 9.99101E-05 9.99101E-05 9.99101E-05 9.99101E-05 9.99101E-05 0.0286619 0.715255 0.0824087 0.0265636
9.9901E-05 0.0547635 0.0388928 0.353495 9.9901E-05 9.9901E-05 9.9901E-05 9.9901E-05 9.9901E-05 9.9901E-05 9.9901E-05 9.9901E-05 0.0290736 0.00967173 9.9901E-05 0.415059 0.0979448 9.9901E-05
0.0770691 0.0126513 0.0134151 9.9937E-05 0.0119754 0.00699732 0.00169685 9.9937E-05 0.100149 9.9937E-05 9.9937E-05 9.9937E-05 0.0197992 0.0220053 9.9937E-05 0.731126 9.9937E-05 0.00241633
0.00973345 0.0114334 9.991E-05 0.0216138 9.991E-05 0.0662992 0.0576358 9.991E-05 9.991E-05 0.0231639 9.991E-05 9.991E-05 9.991E-05 9.991E-05 9.991E-05 0.782621 0.0265003 9.991E-05
9.9919E-05 0.00362598 0.0109674 0.0246675 9.9919E-05 9.9919E-05 9.9919E-05 9.9919E-05 0.063877 9.9919E-05 0.128354 0.0025487 0.00448095 9.9919E-05 0.0253982 0.735181 9.9919E-05 9.9919E-05
0.00568855 9.99369E-05 0.00177744 9.99369E-05 0.0252264 0.0080685 0.11631 9.99369E-05 9.99369E-05 0.0217199 9.99369E-05 9.99369E-05 0.0478942 0.134141 0.0547465 0.548184 9.99369E-05 0.0355438
0.0350991 9.98921E-05 9.98921E-05 0.378658 9.98921E-05 0.00849712 9.98921E-05 9.98921E-05 9.98921E-05 9.98921E-05 9.98921E-05 9.98921E-05 9.98921E-05 9.98921E-05 0.0183517 0.414494 0.143701 9.98921E-05
0.00354946 0.0352465 0.0189157 0.0631979 0.0270336 9.9919E-05 9.9919E-05 0.00273267 9.9919E-05 9.9919E-05 9.9919E-05 9.9919E-05 0.0104929 9.9919E-05 9.9919E-05 0.769838 0.0680938 9.9919E-05
9.98469E-05 9.98469E-05 9.98469E-05 0.998303 9.98469E-05 9.98469E-05 9.98469E-05 9.98469E-05 9.98469E-05 9.98469E-05 9.98469E-05 9.98469E-05 9.98469E-05 9.98469E-05 9.98469E-05 9.98469E-05 9.98469E-05 9.98469E-05
0.0355667 9.9955E-05 0.0254082 0.27867 0.0300474 9.9955E-05 0.0379022 0.00313213 0.124004 0.00943842 0.00696531 9.9955E-05 9.9955E-05 0.0597981 9.9955E-05 0.294804 0.0844472 0.00931655
9.9874E-05 9.9874E-05 9.9874E-05 0.95922 0.00426176 9.9874E-05 9.9874E-05 9.9874E-05 9.9874E-05 9.9874E-05 9.9874E-05 0.0224735 0.0126468 9.9874E-05 9.9874E-05 9.9874E-05 9.9874E-05 9.9874E-05
9.9901E-05 9.9901E-05 9.9901E-05 9.9901E-05 0.0367248 9.9901E-05 9.9901E-05 0.0186814 0.846408 0.0518982 9.9901E-05 0.0103862 9.9901E-05 0.0220124 9.9901E-05 9.9901E-05 9.9901E-05 0.0127898
9.9892E-05 0.00673696 9.9892E-05 9.9892E-05 0.00540294 9.9892E-05 9.9892E-05 0.0122734 0.911377 9.9892E-05 9.9892E-05 9.9892E-05 0.0100395 0.0529712 9.9892E-05 9.9892E-05 9.9892E-05 9.9892E-05
0.0312094 9.9874E-05 9.9874E-05 9.9874E-05 0.00432046 9.9874E-05 9.9874E-05 9.9874E-05 0.961238 9.9874E-05 9.9874E-05 9.9874E-05 9.9874E-05 9.9874E-05 9.9874E-05 9.9874E-05 9.9874E-05 0.00183343
9.9892E-05 9.9892E-05 9.9892E-05 0.521199 0.00651277 9.9892E-05 9.9892E-05 9.9892E-05 0.429052 9.9892E-05 9.9892E-05 9.9892E-05 0.0339018 9.9892E-05 0.00103821 9.9892E-05 9.9892E-05 0.00709785
9.98471E-05 9.98471E-05 9.98471E-05 9.98471E-05 9.98471E-05 9.98471E-05 9.98471E-05 9.98471E-05 0.998303 9.98471E-05 9.98471E-05 9.98471E-05 9.98471E-05 9.98471E-05 9.98471E-05 9.98471E-05 9.98471E-05 9.98471E-05
9.9874E-05 9.9874E-05 0.0286364 9.9874E-05 9.9874E-05 9.9874E-05 9.9874E-05 9.9874E-05 0.887649 9.9874E-05 9.9874E-05 0.0218441 9.9874E-05 0.0604725 9.9874E-05 9.9874E-05 9.9874E-05 9.9874E-05
0.0157127 0.0246636 9.9919E-05 0.533258 9.9919E-05 0.00371657 0.000397276 9.9919E-05 0.286115 0.0436725 9.9919E-05 9.9919E-05 0.0129832 0.0785812 9.9919E-05 9.9919E-05 9.9919E-05 9.9919E-05
0.0253852 9.9901E-05 9.9901E-05 9.9901E-05 9.9901E-05 0.00523533 9.9901E-05 9.9901E-05 0.886933 9.9901E-05 0.0176208 9.9901E-05 9.9901E-05 9.9901E-05 0.0255788 9.9901E-05 0.0231537 0.0149947
0.0216222 9.9892E-05 9.9892E-05 9.9892E-05 9.9892E-05 9.9892E-05 9.9892E-05 9.9892E-05 0.0491788 9.9892E-05 9.9892E-05 0.0108576 9.9892E-05 0.171111 9.9892E-05 0.743915 9.9892E-05 0.0021165
0.0109854 9.9919E-05 9.9919E-05 9.9919E-05 9.9919E-05 0.0114831 0.116693 0.0102548 0.0562347 9.9919E-05 0.0590699 0.0144187 9.9919E-05 9.9919E-05 0.0250237 0.694937 9.9919E-05 9.9919E-05
9.991E-05 9.991E-05 9.991E-05 9.991E-05 0.0267521 0.0324292 9.991E-05 0.0303237 0.049522 0.10004 9.991E-05 0.0304961 9.991E-05 0.069821 9.991E-05 0.659617 9.991E-05 9.991E-05
9.9901E-05 9.9901E-05 0.01132 9.9901E-05 9.9901E-05 9.9901E-05 0.00697299 9.9901E-05 0.00891279 0.0478003 9.9901E-05 9.9901E-05 0.0112286 0.223118 9.9901E-05 0.689549 9.9901E-05 9.9901E-05
9.99009E-05 9.99009E-05 0.00530645 0.316198 9.99009E-05 9.99009E-05 0.107616 9.99009E-05 9.99009E-05 9.99009E-05 9.99009E-05 0.024649 0.00889032 9.99009E-05 9.99009E-05 0.506321 9.99009E-05 0.0299212
0.018228 0.0180668 9.99282E-05 0.0157803 0.0518846 9.99282E-05 0.121841 0.0464795 0.0816009 9.99282E-05 9.99282E-05 9.99282E-05 0.00176381 0.0565884 9.99282E-05 0.586967 9.99282E-05 9.99282E-05
9.9928E-05 9.9928E-05 0.00609447 0.0914812 9.9928E-05 9.9928E-05 0.117701 0.0354561 0.0433992 9.9928E-05 0.059229 9.9928E-05 0.0232376 0.0549298 0.00181101 0.565861 9.9928E-05 9.9928E-05
9.99101E-05 0.0173824 9.99101E-05 9.99101E-05 0.0218073 0.0301596 9.99101E-05 9.99101E-05 9.99101E-05 0.0333346 9.99101E-05 0.0103465 9.99101E-05 0.00166017 9.99101E-05 0.806693 0.0776177 9.99101E-05
9.991E-05 0.00688704 9.991E-05 9.991E-05 0.0219698 0.00557879 9.991E-05 9.991E-05 0.0601386 9.991E-05 0.0721717 9.991E-05 9.991E-05 9.991E-05 9.991E-05 0.749116 0.0824827 0.000655905
9.9901E-05 9.9901E-05 9.9901E-05 9.9901E-05 9.9901E-05 0.00483051 0.0504889 0.0267298 9.9901E-05 9.9901E-05 9.9901E-05 9.9901E-05 0.00894999 0.124183 9.9901E-05 0.693042 0.0906769 9.9901E-05
0.021384 9.991E-05 9.991E-05 0.166224 9.991E-05 9.991E-05 9.991E-05 9.991E-05 0.0828946 0.104664 9.991E-05 0.00135411 9.991E-05 9.991E-05 0.0486602 0.498909 0.074911 9.991E-05
9.9937E-05 9.9937E-05 0.000645816 0.000204865 0.0215336 0.0154574 9.9937E-05 9.9937E-05 0.148197 0.0292383 9.9937E-05 0.0222903 0.0128031 9.9937E-05 0.0640556 0.673408 9.9937E-05 0.0114658
9.9901E-05 0.002054 0.0190946 9.9901E-05 9.9901E-05 9.9901E-05 9.9901E-05 9.9901E-05 9.9901E-05 9.9901E-05 0.0267648 0.0570601 0.00987217 9.9901E-05 9.9901E-05 0.876939 9.9901E-05 0.00711599
9.98651E-05 9.98651E-05 0.00299232 9.98651E-05 9.98651E-05 9.98651E-05 0.987071 9.98651E-05 9.98651E-05 9.98651E-05 9.98651E-05 9.98651E-05 9.98651E-05 9.98651E-05 9.98651E-05 9.98651E-05 9.98651E-05 0.00843912
9.9901E-05 0.0184393 9.9901E-05 9.9901E-05 9.9901E-05 0.00574764 0.899487 9.9901E-05 9.9901E-05 9.9901E-05 9.9901E-05 0.0278368 0.011356 0.0213382 9.9901E-05 0.0146958 9.9901E-05 9.9901E-05
9.98921E-05 9.98921E-05 9.98921E-05 9.98921E-05 9.98921E-05 9.98921E-05 0.911006 0.0233329 9.98921E-05 9.98921E-05 9.98921E-05 0.0293382 0.0300346 9.98921E-05 9.98921E-05 0.00338805 9.98921E-05 0.00170104
9.98919E-05 9.98919E-05 9.98919E-05 0.185057 0.0207064 0.00780576 0.714893 0.0502536 9.98919E-05 9.98919E-05 9.98919E-05 9.98919E-05 9.98919E-05 0.0200848 9.98919E-05 9.98919E-05 9.98919E-05 9.98919E-05
9.9874E-05 9.9874E-05 9.9874E-05 9.9874E-05 9.9874E-05 9.9874E-05 0.940579 0.0255718 9.9874E-05 9.9874E-05 9.9874E-05 9.9874E-05 9.9874E-05 0.0147821 0.0176685 9.9874E-05 9.9874E-05 9.9874E-05
9.9901E-05 0.0294066 9.9901E-05 0.144723 9.9901E-05 0.00750002 0.667998 9.9901E-05 9.9901E-05 0.00789663 9.9901E-05 9.9901E-05 9.9901E-05 9.9901E-05 9.9901E-05 9.9901E-05 0.13125 0.0101274
9.98561E-05 9.98561E-05 9.98561E-05 9.98561E-05 9.98561E-05 9.98561E-05 0.980793 9.98561E-05 9.98561E-05 9.98561E-05 9.98561E-05 9.98561E-05 9.98561E-05 9.98561E-05 9.98561E-05 9.98561E-05 0.017609 9.98561E-05
0.0214888 9.9919E-05 9.9919E-05 9.9919E-05 9.9919E-05 9.9919E-05 0.623318 0.0624808 0.0248711 0.128435 9.9919E-05 9.9919E-05 9.9919E-05 0.00663185 0.0139632 9.9919E-05 0.117058 0.000853875
