9.98649E-05 9.98649E-05 9.98649E-05 9.98649E-05 0.998502 9.98649E-05 9.98649E-05 9.98649E-05 9.98649E-05 9.98649E-05 9.98649E-05 9.98649E-05 9.98649E-05 9.98649E-05 9.98649E-05 9.98649E-05
9.99369E-05 9.99369E-05 0.043984 0.0069915 0.0113201 0.197041 0.643859 9.99369E-05 9.99369E-05 0.00754298 0.00458093 0.0398743 9.99369E-05 0.0441059 9.99369E-05 9.99369E-05
9.994E-05 9.994E-05 0.0219251 0.00622802 0.0354678 0.0739147 0.781233 0.016567 9.994E-05 0.00852566 0.00467087 9.994E-05 0.00505056 9.994E-05 9.994E-05 0.045818
9.9919E-05 9.9919E-05 0.0468799 0.0137175 9.9919E-05 0.117477 0.747904 9.9919E-05 0.013376 0.00442145 9.9919E-05 9.9919E-05 0.0553247 9.9919E-05 9.9919E-05 9.9919E-05
0.0185389 9.9928E-05 9.9928E-05 0.00552518 0.0207063 0.114393 0.723703 9.9928E-05 0.00137966 9.9928E-05 0.00725936 9.9928E-05 0.107695 9.9928E-05 9.9928E-05 9.9928E-05
9.9901E-05 9.9901E-05 0.049692 9.9901E-05 9.9901E-05 9.9901E-05 0.898568 9.9901E-05 0.0169583 9.9901E-05 0.0131029 0.0205799 9.9901E-05 9.9901E-05 9.9901E-05 9.9901E-05
9.98649E-05 9.98649E-05 9.98649E-05 9.98649E-05 0.998502 9.98649E-05 9.98649E-05 9.98649E-05 9.98649E-05 9.98649E-05 9.98649E-05 9.98649E-05 9.98649E-05 9.98649E-05 9.98649E-05 9.98649E-05
0.0687342 0.0148748 9.9955E-05 9.9955E-05 0.0601798 9.9955E-05 0.756085 0.0181814 0.0118806 0.00697709 0.0117429 0.0129909 0.0143133 9.9955E-05 0.0235403 9.9955E-05
0.173355 9.9928E-05 9.9928E-05 0.0245906 0.0433831 0.0177917 0.681211 9.9928E-05 9.9928E-05 0.0157629 9.9928E-05 9.9928E-05 9.9928E-05 9.9928E-05 0.0186297 0.024476
9.9928E-05 9.9928E-05 0.0243066 0.00706839 0.0268717 0.0840188 0.813367 0.00230311 0.0147561 9.9928E-05 9.9928E-05 9.9928E-05 9.9928E-05 9.9928E-05 9.9928E-05 0.0265086
0.000151921 9.9919E-05 9.9919E-05 0.00858372 9.9919E-05 0.239805 0.695398 0.033435 9.9919E-05 9.9919E-05 0.0174468 0.00428011 9.9919E-05 9.9919E-05 9.9919E-05 9.9919E-05
9.99009E-05 9.99009E-05 9.99009E-05 9.99009E-05 0.0460488 0.305453 0.632355 9.99009E-05 9.99009E-05 0.0078819 0.00716201 9.99009E-05 9.99009E-05 9.99009E-05 9.99009E-05 9.99009E-05
9.9946E-05 0.0170859 9.9946E-05 9.9946E-05 0.0400928 0.00381022 0.779099 9.9946E-05 9.9946E-05 0.0128646 0.00619537 0.0330131 9.9946E-05 0.0341779 0.00725422 0.0658075
9.9928E-05 9.9928E-05 0.0744323 9.9928E-05 9.9928E-05 0.174617 0.654276 0.015275 0.0104309 9.9928E-05 9.9928E-05 0.00820875 9.9928E-05 0.025919 9.9928E-05 0.036042
9.99369E-05 9.99369E-05 0.0724022 9.99369E-05 0.0107853 9.99369E-05 0.792907 9.99369E-05 9.99369E-05 0.0135684 9.99369E-05 0.0072458 0.0428702 0.00588738 0.00843288 0.0452014
0.0474392 9.99101E-05 0.0186552 9.99101E-05 9.99101E-05 9.99101E-05 0.873196 0.00801618 9.99101E-05 9.99101E-05 9.99101E-05 0.0220437 0.0296506 9.99101E-05 9.99101E-05 9.99101E-05
9.99011E-05 9.99011E-05 9.99011E-05 9.99011E-05 0.019359 9.99011E-05 0.913512 9.99011E-05 0.0107538 9.99011E-05 0.02328 9.99011E-05 9.99011E-05 0.0319965 9.99011E-05 9.99011E-05
9.98831E-05 0.0122831 9.98831E-05 9.98831E-05 9.98831E-05 9.98831E-05 0.948342 9.98831E-05 9.98831E-05 9.98831E-05 9.98831E-05 9.98831E-05 9.98831E-05 0.0380764 9.98831E-05 9.98831E-05
0.0114861 9.9901E-05 9.9901E-05 9.9901E-05 0.0535028 9.9901E-05 0.842355 9.9901E-05 9.9901E-05 9.9901E-05 9.9901E-05 0.0165101 9.9901E-05 0.0750469 9.9901E-05 9.9901E-05
9.9901E-05 9.9901E-05 9.9901E-05 0.0129103 9.9901E-05 9.9901E-05 0.896633 9.9901E-05 0.023004 9.9901E-05 0.0182915 9.9901E-05 9.9901E-05 9.9901E-05 9.9901E-05 0.0480619
9.98649E-05 9.98649E-05 9.98649E-05 9.98649E-05 9.98649E-05 9.98649E-05 9.98649E-05 0.998502 9.98649E-05 9.98649E-05 9.98649E-05 9.98649E-05 9.98649E-05 9.98649E-05 9.98649E-05 9.98649E-05
9.9883E-05 9.9883E-05 9.9883E-05 9.9883E-05 9.9883E-05 0.311237 9.9883E-05 9.9883E-05 9.9883E-05 9.9883E-05 9.9883E-05 0.0181098 9.9883E-05 9.9883E-05 9.9883E-05 0.669354
9.9928E-05 0.0148071 0.0047269 9.9928E-05 0.027152 0.119952 9.9928E-05 0.0292427 0.0233364 9.9928E-05 9.9928E-05 9.9928E-05 9.9928E-05 0.0741444 9.9928E-05 0.705839
9.9901E-05 0.0182615 9.9901E-05 0.0382299 9.9901E-05 9.9901E-05 9.9901E-05 9.9901E-05 9.9901E-05 9.9901E-05 0.026479 9.9901E-05 9.9901E-05 0.033211 9.9901E-05 0.88272
9.9878E-05 9.9878E-05 9.9878E-05 9.9878E-05 9.9878E-05 9.9878E-05 9.9878E-05 0.0282391 9.9878E-05 9.9878E-05 9.9878E-05 9.9878E-05 9.9878E-05 9.9878E-05 9.9878E-05 0.970363
9.9892E-05 9.9892E-05 9.9892E-05 9.9892E-05 0.0421819 9.9892E-05 9.9892E-05 9.9892E-05 9.9892E-05 0.0122423 0.0243028 9.9892E-05 9.9892E-05 9.9892E-05 9.9892E-05 0.920074
0.0247106 0.0843251 9.9937E-05 9.9937E-05 0.0391357 9.9937E-05 9.9937E-05 0.0240848 9.9937E-05 0.0177662 9.9937E-05 0.00722886 0.0249294 0.0316578 9.9937E-05 0.745462
9.98649E-05 9.98649E-05 9.98649E-05 9.98649E-05 9.98649E-05 9.98649E-05 9.98649E-05 0.998502 9.98649E-05 9.98649E-05 9.98649E-05 9.98649E-05 9.98649E-05 9.98649E-05 9.98649E-05 9.98649E-05
0.0107856 9.9937E-05 0.0939517 0.0173991 9.9937E-05 9.9937E-05 9.9937E-05 0.0124473 0.0116904 9.9937E-05 0.00332226 9.9937E-05 0.0396865 9.9937E-05 0.00444446 0.805573
9.9955E-05 0.0289813 0.0621968 0.0114129 9.9955E-05 0.0089272 0.0162726 9.9955E-05 0.00373707 9.9955E-05 9.9955E-05 0.020825 0.0274955 0.0286166 0.0642896 0.726746
9.9919E-05 9.9919E-05 0.131038 0.0134198 9.9919E-05 9.9919E-05 9.9919E-05 0.0357702 9.9919E-05 0.01808 0.053818 9.9919E-05 0.0191052 9.9919E-05 9.9919E-05 0.72787
0.0658993 0.0218941 9.9937E-05 9.9937E-05 0.00707284 9.9937E-05 9.9937E-05 0.0489485 0.00373469 9.9937E-05 0.0336761 0.00566562 9.9937E-05 0.087611 9.9937E-05 0.724798
0.0376097 0.0602743 0.0388577 9.9937E-05 0.016451 9.9937E-05 0.0128951 0.0650839 9.9937E-05 9.9937E-05 9.9937E-05 0.025967 0.12915 9.9937E-05 9.9937E-05 0.613012
9.99369E-05 9.99369E-05 0.156412 0.0331556 9.99369E-05 0.00535491 9.99369E-05 0.0206224 0.01404 0.0352417 9.99369E-05 0.0510801 9.99369E-05 9.99369E-05 0.0118922 0.671501
9.9955E-05 9.9955E-05 0.0394394 0.0239055 0.0103263 0.0121837 0.00673753 9.9955E-05 0.0193893 9.9955E-05 0.00413294 0.0155089 0.0564512 9.9955E-05 0.106353 0.705072
9.99189E-05 9.99189E-05 9.99189E-05 0.0310576 9.99189E-05 0.507848 9.99189E-05 0.0141538 9.99189E-05 0.0383605 0.00688348 0.0102837 9.99189E-05 9.99189E-05 9.99189E-05 0.390514
0.0185804 0.0630936 9.9937E-05 0.00164264 9.9937E-05 9.9937E-05 0.00716563 9.9937E-05 9.9937E-05 0.0434102 0.00945549 9.9937E-05 9.9937E-05 0.0343729 0.0781553 0.743424
0.0623868 0.630118 9.9946E-05 0.0161422 0.0116892 0.0723784 9.9946E-05 0.0125591 9.9946E-05 0.00490224 9.9946E-05 0.0117352 0.0344798 0.14301 9.9946E-05 9.9946E-05
0.0271305 0.603449 9.99369E-05 0.0197082 0.0295652 0.129024 9.99369E-05 9.99369E-05 9.99369E-05 9.99369E-05 9.99369E-05 0.010156 0.0850861 0.0309527 0.0642288 9.99369E-05
9.9946E-05 0.599984 0.113848 9.9946E-05 9.9946E-05 0.0400924 0.0671909 9.9946E-05 9.9946E-05 0.0345572 0.0122283 0.0281641 0.0231484 9.9946E-05 0.0519435 0.0282439
0.113404 0.655466 9.9928E-05 9.9928E-05 0.0587057 9.9928E-05 9.9928E-05 9.9928E-05 9.9928E-05 0.0226637 0.025674 0.000588472 9.9928E-05 9.9928E-05 0.07196 0.0507389
9.9955E-05 0.671169 9.9955E-05 0.00477689 0.00543923 0.120219 0.0241157 0.0396621 0.00917581 0.0382394 0.00681241 0.035783 9.9955E-05 0.0441077 9.9955E-05 9.9955E-05
0.0330696 0.796827 9.9937E-05 0.00458982 9.9937E-05 9.9937E-05 0.0149347 0.00966303 9.9937E-05 0.0263691 0.00129688 9.9937E-05 0.024112 9.9937E-05 0.0884386 9.9937E-05
0.00923819 0.584591 0.171877 0.0172024 0.00398067 0.0701281 0.0364088 0.0171395 0.0089042 0.0233041 0.00125599 0.0313854 9.9973E-05 0.024285 9.9973E-05 9.9973E-05
9.9973E-05 0.681656 0.0671031 0.0285103 0.0120671 9.9973E-05 0.00695859 0.010493 0.0105266 0.00203271 0.00819287 0.0298036 9.9973E-05 0.048882 0.053759 0.0397153
0.152982 0.638557 9.9928E-05 0.0275371 9.9928E-05 9.9928E-05 0.0323581 9.9928E-05 0.00605234 9.9928E-05 9.9928E-05 9.9928E-05 0.0213054 0.0797685 9.9928E-05 0.0406397
9.9919E-05 0.766528 0.0941362 0.00145163 9.9919E-05 9.9919E-05 9.9919E-05 9.9919E-05 0.00901666 9.9919E-05 0.0394837 0.0222539 9.9919E-05 9.9919E-05 0.0662305 9.9919E-05
9.9955E-05 0.783056 0.082104 0.0263699 0.0239416 9.9955E-05 0.0144796 0.00776295 0.00640168 0.00521329 9.9955E-05 0.0358093 0.0129397 0.0014227 9.9955E-05 9.9955E-05
9.9937E-05 0.828309 9.9937E-05 9.9937E-05 0.0254523 9.9937E-05 0.0123793 0.0496876 0.000129302 0.00094206 0.0305408 0.0205378 9.9937E-05 0.0313224 9.9937E-05 9.9937E-05
9.9928E-05 0.612305 0.0338613 9.9928E-05 9.9928E-05 0.293114 9.9928E-05 0.000429562 0.00817854 0.000944494 9.9928E-05 0.00292154 9.9928E-05 0.047447 9.9928E-05 9.9928E-05
9.9937E-05 0.738251 0.115628 0.00340926 0.0477786 0.00574653 9.9937E-05 0.00912701 9.9937E-05 0.00714404 0.0535979 9.9937E-05 0.0186175 9.9937E-05 9.9937E-05 9.9937E-05
0.103273 0.779976 9.9928E-05 9.9928E-05 0.0458211 9.9928E-05 9.9928E-05 0.00393402 9.9928E-05 0.0136868 0.0206174 0.0182996 9.9928E-05 9.9928E-05 9.9928E-05 0.013593
9.99189E-05 0.751142 9.99189E-05 9.99189E-05 9.99189E-05 9.99189E-05 0.0338049 0.00428927 0.0609673 9.99189E-05 9.99189E-05 0.0706552 0.0240507 0.0541918 9.99189E-05 9.99189E-05
9.9955E-05 0.714907 9.9955E-05 0.00916626 0.028544 0.0118291 0.0710565 0.00366528 0.00163122 9.9955E-05 0.0282718 9.9955E-05 9.9955E-05 0.0211986 0.0705038 0.0387265
0.165043 0.66046 9.9955E-05 9.9955E-05 0.00286783 9.9955E-05 0.0416723 0.0106939 0.0379083 0.00840896 0.0135441 0.0174051 9.9955E-05 0.0102185 0.0312783 9.9955E-05
9.9955E-05 0.578514 0.159147 0.0214078 9.9955E-05 0.0163368 0.0411456 9.9955E-05 9.9955E-05 0.00974699 0.0469841 9.9955E-05 0.0181536 0.0123974 0.0508436 0.0448232
0.108522 0.64729 9.9937E-05 9.9937E-05 0.00299678 9.9937E-05 0.0843938 0.0238028 0.0289008 9.9937E-05 9.9937E-05 9.9937E-05 0.00754319 9.9937E-05 0.0703014 0.0255501
0.0083827 0.0550936 9.9964E-05 0.0170033 9.9964E-05 0.291583 0.00673729 9.9964E-05 0.0039996 0.00458318 0.00731305 0.00673837 9.9964E-05 0.155597 0.41506 0.0275095
9.98649E-05 9.98649E-05 9.98649E-05 9.98649E-05 9.98649E-05 9.98649E-05 9.98649E-05 9.98649E-05 9.98649E-05 0.998502 9.98649E-05 9.98649E-05 9.98649E-05 9.98649E-05 9.98649E-05 9.98649E-05
9.9928E-05 9.9928E-05 9.9928E-05 0.00771795 0.0198097 0.345814 9.9928E-05 0.00170574 0.0603297 9.9928E-05 9.9928E-05 0.0438462 9.9928E-05 0.0331211 0.486856 9.9928E-05
9.9937E-05 9.9937E-05 9.9937E-05 0.0426246 0.0218517 0.192993 9.9937E-05 9.9937E-05 0.023248 0.0188263 9.9937E-05 0.0243603 0.066204 0.0361827 0.573009 9.9937E-05
0.032225 9.9946E-05 0.00788403 0.0320492 9.9946E-05 0.00790368 9.9946E-05 9.9946E-05 0.00855852 0.040964 0.0270006 9.9946E-05 0.121699 0.0202074 0.700909 9.9946E-05
0.110209 0.076486 9.99369E-05 9.99369E-05 9.99369E-05 9.99369E-05 9.99369E-05 0.00977993 0.00418388 9.99369E-05 0.020273 0.00387363 0.00343161 0.0348022 0.736262 9.99369E-05
9.98648E-05 9.98648E-05 9.98648E-05 9.98648E-05 9.98648E-05 9.98648E-05 9.98648E-05 9.98648E-05 9.98648E-05 9.98648E-05 9.98648E-05 0.998502 9.98648E-05 9.98648E-05 9.98648E-05 9.98648E-05
9.98648E-05 9.98648E-05 9.98648E-05 9.98648E-05 9.98648E-05 9.98648E-05 9.98648E-05 9.98648E-05 9.98648E-05 0.998502 9.98648E-05 9.98648E-05 9.98648E-05 9.98648E-05 9.98648E-05 9.98648E-05
9.9928E-05 9.9928E-05 9.9928E-05 0.00354905 9.9928E-05 0.36007 0.0458405 9.9928E-05 9.9928E-05 0.0191476 0.018227 0.0173581 0.0513081 9.9928E-05 0.4837 9.9928E-05
9.993E-05 9.993E-05 0.115631 9.993E-05 0.0276319 9.993E-05 9.993E-05 0.0382527 9.993E-05 0.00471016 0.0281123 0.0486856 9.993E-05 0.163778 0.52341 0.0490886
9.9973E-05 0.00132633 0.0535185 0.00974939 0.00770976 9.9973E-05 0.0279194 0.004975 0.0308916 0.0495097 0.0220148 0.0518922 0.0962052 0.162779 0.481209 9.9973E-05
0.0411625 9.9955E-05 9.9955E-05 0.0160814 9.9955E-05 9.9955E-05 9.9955E-05 0.0418274 0.0302925 0.0300958 0.0285691 0.0213983 0.00681334 0.118333 0.641123 0.0238035
9.9955E-05 9.9955E-05 0.0483199 0.0212562 0.0263177 9.9955E-05 0.0171803 9.9955E-05 0.0506995 0.114195 0.0199732 0.0444691 9.9955E-05 0.0654788 0.519807 0.0718034
0.0185005 0.0340437 9.9946E-05 0.00969152 0.0542945 9.9946E-05 9.9946E-05 9.9946E-05 9.9946E-05 0.052928 0.025594 0.00803114 9.9946E-05 0.125713 0.654876 0.0157273
0.0233813 0.0723159 9.9937E-05 9.9937E-05 0.041769 9.9937E-05 9.9937E-05 0.00847726 9.9937E-05 0.00764774 0.0344257 0.0532278 0.060777 9.9937E-05 0.697279 9.9937E-05
0.0545994 0.0052786 9.9955E-05 0.0923812 0.0151692 9.9955E-05 9.9955E-05 0.00850416 9.9955E-05 0.0925026 0.015027 0.0183947 9.9955E-05 0.0887944 0.551551 0.0572979
9.9919E-05 9.9919E-05 9.9919E-05 0.0245881 0.00602628 0.311245 9.9919E-05 9.9919E-05 9.9919E-05 0.0482186 0.0208713 9.9919E-05 0.317467 9.9919E-05 0.270684 9.9919E-05
9.9964E-05 0.223564 0.0339846 0.0108727 0.0058027 9.9964E-05 9.9964E-05 0.0318785 0.00166738 0.0260559 0.0227248 0.0543318 0.185478 0.197415 0.205825 9.9964E-05
9.9955E-05 0.208282 9.9955E-05 0.00608894 9.9955E-05 0.026999 0.0628157 9.9955E-05 9.9955E-05 0.0120894 0.025995 0.0164175 0.0274312 0.175137 0.415669 0.0225756
9.9946E-05 0.358784 9.9946E-05 0.0182821 9.9946E-05 0.0423082 0.100974 9.9946E-05 0.0165122 0.057873 0.029675 0.000520583 9.9946E-05 0.0397076 0.334765 9.9946E-05
9.98649E-05 9.98649E-05 9.98649E-05 9.98649E-05 9.98649E-05 9.98649E-05 9.98649E-05 9.98649E-05 9.98649E-05 9.98649E-05 9.98649E-05 0.998502 9.98649E-05 9.98649E-05 9.98649E-05 9.98649E-05
9.9955E-05 0.135867 0.0642477 9.9955E-05 9.9955E-05 0.074331 0.0627164 0.0419448 0.0738137 0.0681338 0.0735434 0.0222993 0.0571726 9.9955E-05 0.32543 9.9955E-05
9.9937E-05 0.0898186 0.0626632 0.0397795 9.9937E-05 9.9937E-05 9.9937E-05 9.9937E-05 0.0335158 0.041306 0.0397639 0.0560127 9.9937E-05 0.0754581 0.560983 9.9937E-05
9.98648E-05 9.98648E-05 9.98648E-05 9.98648E-05 9.98648E-05 9.98648E-05 9.98648E-05 9.98648E-05 9.98648E-05 9.98648E-05 9.98648E-05 9.98648E-05 9.98648E-05 0.998502 9.98648E-05 9.98648E-05
9.9964E-05 0.0144752 0.0578842 0.0055912 0.040561 0.0581521 9.9964E-05 9.9964E-05 0.0426867 0.0159315 0.00401351 0.0262154 9.9964E-05 0.0731813 0.621732 0.0391757
0.0361244 0.0673007 9.9937E-05 0.0161666 9.9937E-05 9.9937E-05 0.079098 9.9937E-05 0.021962 0.0236259 9.9937E-05 0.0595077 9.9937E-05 0.0626491 0.632866 9.9937E-05
0.162319 0.180197 0.0815365 0.0261323 9.9955E-05 0.076524 0.0540677 9.9955E-05 0.0575142 0.0181048 0.0452561 9.9955E-05 9.9955E-05 9.9955E-05 0.273123 0.0247257
0.345344 0.149903 0.255649 0.0544773 9.9928E-05 0.0996068 9.9928E-05 9.9928E-05 9.9928E-05 0.0338919 0.0271916 0.0331379 9.9928E-05 9.9928E-05 9.9928E-05 9.9928E-05
0.199703 0.0669263 9.9946E-05 9.9946E-05 0.041883 0.103942 9.9946E-05 9.9946E-05 9.9946E-05 0.0571987 0.0022814 9.9946E-05 0.113134 0.0718011 0.305295 0.0372351
9.98649E-05 9.98649E-05 9.98649E-05 9.98649E-05 9.98649E-05 9.98649E-05 9.98649E-05 9.98649E-05 9.98649E-05 9.98649E-05 9.98649E-05 9.98649E-05 9.98649E-05 0.998502 9.98649E-05 9.98649E-05
9.98649E-05 9.98649E-05 9.98649E-05 9.98649E-05 9.98649E-05 9.98649E-05 9.98649E-05 9.98649E-05 9.98649E-05 9.98649E-05 9.98649E-05 9.98649E-05 9.98649E-05 0.998502 9.98649E-05 9.98649E-05
0.0487169 0.0702899 0.0330411 9.9955E-05 0.0140028 9.9955E-05 0.0108653 0.00887733 0.0235607 0.0474011 9.9955E-05 9.9955E-05 0.0196165 0.0832147 0.639914 9.9955E-05
9.98649E-05 9.98649E-05 9.98649E-05 0.998502 9.98649E-05 9.98649E-05 9.98649E-05 9.98649E-05 9.98649E-05 9.98649E-05 9.98649E-05 9.98649E-05 9.98649E-05 9.98649E-05 9.98649E-05 9.98649E-05
9.9946E-05 0.142057 0.0583427 0.0164958 9.9946E-05 0.000637839 9.9946E-05 0.0163089 0.0231809 9.9946E-05 0.0353453 0.109099 0.00693089 9.9946E-05 0.591001 9.9946E-05
0.166541 0.00276165 9.9919E-05 9.9919E-05 0.0264886 9.9919E-05 9.9919E-05 9.9919E-05 9.9919E-05 9.9919E-05 0.0118447 0.0626618 9.9919E-05 0.0335215 0.695282 9.9919E-05
0.00192442 9.9928E-05 9.9928E-05 0.0713301 0.0376861 0.464113 9.9928E-05 0.0367948 9.9928E-05 0.0209891 0.0223163 9.9928E-05 9.9928E-05 9.9928E-05 0.344047 9.9928E-05
9.991E-05 9.991E-05 9.991E-05 0.0284196 9.991E-05 0.605968 9.991E-05 9.991E-05 9.991E-05 9.991E-05 0.0216953 0.0198935 9.991E-05 9.991E-05 0.271925 0.0510997
9.9919E-05 9.9919E-05 9.9919E-05 9.9919E-05 0.021333 0.465803 9.9919E-05 9.9919E-05 0.00939632 9.9919E-05 0.0421121 0.0494604 9.9919E-05 0.0580348 0.352961 9.9919E-05
9.99459E-05 9.99459E-05 9.99459E-05 0.0395143 0.0338615 0.432743 9.99459E-05 0.00466461 9.99459E-05 0.0424079 9.99459E-05 0.0442233 0.0562915 0.092197 0.252411 0.00108621
9.9955E-05 9.9955E-05 0.107419 0.0331968 0.00886847 0.263534 9.9955E-05 9.9955E-05 0.0184427 0.00708923 0.0510441 0.0445949 0.151343 0.0237401 0.290227 9.9955E-05
9.9964E-05 0.10754 0.0284483 0.0050041 0.00217564 9.9964E-05 0.0668702 9.9964E-05 0.00117129 0.0231462 0.0502297 0.00663403 9.9964E-05 0.0807686 0.620808 0.0068038
0.00603974 0.0481229 9.9955E-05 9.9955E-05 0.0202242 9.9955E-05 9.9955E-05 9.9955E-05 0.0233502 0.0284227 0.0341478 0.00422296 0.0700861 0.258473 0.431309 0.075101
9.9946E-05 0.0737005 9.9946E-05 0.0249113 9.9946E-05 0.127828 0.0254949 9.9946E-05 0.0374578 0.0445703 0.0672113 0.0215565 9.9946E-05 0.0366865 0.539983 9.9946E-05
9.9964E-05 9.9964E-05 0.0327448 9.9964E-05 0.0282656 0.255783 9.9964E-05 0.00742808 0.0415808 0.00441815 0.0249474 0.0125391 0.0445742 0.00652168 0.527598 0.0131992
0.087088 0.0222075 0.016225 0.0105932 0.0150777 0.0333646 0.0111146 0.0286857 0.0818289 0.0674799 0.0214433 0.071697 0.0260438 0.0633523 0.443699 9.9991E-05
0.0250914 9.99099E-05 0.0520507 9.99099E-05 9.99099E-05 9.99099E-05 0.00399094 0.0147775 9.99099E-05 9.99099E-05 9.99099E-05 9.99099E-05 9.99099E-05 9.99099E-05 0.90299 9.99099E-05
9.98649E-05 9.98649E-05 9.98649E-05 9.98649E-05 9.98649E-05 9.98649E-05 9.98649E-05 9.98649E-05 0.998502 9.98649E-05 9.98649E-05 9.98649E-05 9.98649E-05 9.98649E-05 9.98649E-05 9.98649E-05
9.9973E-05 9.9973E-05 0.126499 0.0358881 0.00483041 0.0423053 0.0497428 0.0185501 0.0260894 0.0480543 0.0620945 0.00979796 0.0968352 0.047466 0.431547 9.9973E-05
9.9919E-05 9.9919E-05 0.0197697 0.0153283 9.9919E-05 0.155892 9.9919E-05 9.9919E-05 0.0230093 9.9919E-05 9.9919E-05 0.0689406 9.9919E-05 0.0815955 0.634566 9.9919E-05
0.0402191 9.9955E-05 0.00572312 0.0231158 0.000963672 0.209159 0.036615 9.9955E-05 0.0211189 0.00700336 9.9955E-05 0.0610244 9.9955E-05 0.0693926 0.525165 9.9955E-05
9.991E-05 0.0862795 0.0948159 0.0377478 9.991E-05 9.991E-05 0.0316961 9.991E-05 9.991E-05 0.0112846 9.991E-05 9.991E-05 9.991E-05 9.991E-05 0.737177 9.991E-05
9.9955E-05 0.00499079 9.9955E-05 0.00265951 0.0271355 0.180754 0.00187345 9.9955E-05 9.9955E-05 0.00582653 0.0412107 0.0139851 0.120234 0.0744677 0.526363 9.9955E-05
9.9946E-05 9.9946E-05 9.9946E-05 9.9946E-05 9.9946E-05 0.143382 0.0249233 9.9946E-05 0.00829235 0.00307841 0.02888 0.00207983 0.100368 0.0454206 0.551039 0.0919367
9.98649E-05 9.98649E-05 9.98649E-05 9.98649E-05 9.98649E-05 9.98649E-05 9.98649E-05 9.98649E-05 9.98649E-05 9.98649E-05 0.998502 9.98649E-05 9.98649E-05 9.98649E-05 9.98649E-05 9.98649E-05
9.98649E-05 9.98649E-05 9.98649E-05 9.98649E-05 9.98649E-05 9.98649E-05 9.98649E-05 9.98649E-05 0.998502 9.98649E-05 9.98649E-05 9.98649E-05 9.98649E-05 9.98649E-05 9.98649E-05 9.98649E-05
9.98649E-05 9.98649E-05 9.98649E-05 9.98649E-05 9.98649E-05 9.98649E-05 9.98649E-05 9.98649E-05 9.98649E-05 9.98649E-05 0.998502 9.98649E-05 9.98649E-05 9.98649E-05 9.98649E-05 9.98649E-05
9.9919E-05 9.9919E-05 9.9919E-05 0.0428473 9.9919E-05 0.446033 9.9919E-05 9.9919E-05 0.00537295 0.0581893 0.00224046 0.0416336 9.9919E-05 9.9919E-05 0.402784 9.9919E-05
9.9937E-05 9.9937E-05 9.9937E-05 0.025621 0.00744238 0.349234 9.9937E-05 0.0347058 0.031698 0.0324254 0.0402175 0.018407 9.9937E-05 9.9937E-05 0.459549 9.9937E-05
9.9964E-05 9.9964E-05 9.9964E-05 0.0499774 0.00867869 0.364678 0.00180877 0.00330666 0.0230095 0.0211645 0.0245916 9.9964E-05 0.00380917 0.0518885 0.419767 0.0269205
9.9964E-05 0.0312195 0.02165 0.00137625 0.00377714 9.9964E-05 0.050426 0.0355097 0.0239967 0.00966388 0.061263 0.0024405 9.9964E-05 0.0223316 0.735946 9.9964E-05
0.0201764 0.0585754 9.9955E-05 9.9955E-05 9.9955E-05 9.9955E-05 0.0355039 0.0242267 0.0305052 0.00757116 0.00673668 0.040639 9.9955E-05 0.0487001 0.668317 0.0585489
9.98649E-05 9.98649E-05 9.98649E-05 0.998502 9.98649E-05 9.98649E-05 9.98649E-05 9.98649E-05 9.98649E-05 9.98649E-05 9.98649E-05 9.98649E-05 9.98649E-05 9.98649E-05 9.98649E-05 9.98649E-05
9.9937E-05 9.9937E-05 9.9937E-05 0.0284367 0.0251494 0.283836 0.0359355 0.00157535 0.0525252 9.9937E-05 0.0168302 9.9937E-05 9.9937E-05 0.0774088 0.477603 9.9937E-05
9.9901E-05 9.9901E-05 9.9901E-05 9.9901E-05 9.9901E-05 0.134454 9.9901E-05 0.0178873 9.9901E-05 0.0434669 9.9901E-05 9.9901E-05 0.76745 9.9901E-05 0.0356438 9.9901E-05
9.9892E-05 9.9892E-05 9.9892E-05 9.9892E-05 9.9892E-05 0.0696627 9.9892E-05 9.9892E-05 9.9892E-05 9.9892E-05 9.9892E-05 0.0217932 0.829523 0.0778228 9.9892E-05 9.9892E-05
9.9919E-05 9.9919E-05 9.9919E-05 9.9919E-05 0.0220172 9.9919E-05 9.9919E-05 0.029599 0.0159331 9.9919E-05 0.00799935 0.00616808 0.866789 0.0505952 9.9919E-05 9.9919E-05
9.991E-05 9.991E-05 9.991E-05 0.0169037 9.991E-05 0.126284 0.010435 0.00370173 9.991E-05 9.991E-05 0.00377564 9.991E-05 0.837901 9.991E-05 9.991E-05 9.991E-05
0.00458104 0.0131691 0.0956529 0.00467694 0.0335848 9.9964E-05 9.9964E-05 0.00400321 0.0287515 9.9964E-05 0.01531 0.0195965 0.700779 9.9964E-05 0.0744253 0.0050696
0.0169299 9.991E-05 0.0739392 0.00982209 9.991E-05 9.991E-05 9.991E-05 9.991E-05 9.991E-05 0.0327042 9.991E-05 9.991E-05 0.804575 9.991E-05 9.991E-05 0.061031
9.9883E-05 9.9883E-05 0.0501953 9.9883E-05 9.9883E-05 9.9883E-05 0.000368743 9.9883E-05 9.9883E-05 9.9883E-05 9.9883E-05 9.9883E-05 0.948138 9.9883E-05 9.9883E-05 9.9883E-05
9.991E-05 9.991E-05 9.991E-05 0.0277591 0.0255106 9.991E-05 0.0187542 9.991E-05 0.00152195 9.991E-05 9.991E-05 9.991E-05 0.853969 9.991E-05 9.991E-05 0.0714863
0.0476348 0.0707783 9.991E-05 9.991E-05 0.022291 9.991E-05 9.991E-05 9.991E-05 0.00832777 9.991E-05 0.0167613 9.991E-05 0.833208 9.991E-05 9.991E-05 9.991E-05
0.0309565 0.0808976 9.9964E-05 0.00922778 0.0136624 9.9964E-05 9.9964E-05 0.0464486 0.0361187 0.0301299 0.0250666 0.017868 0.685733 0.0171577 0.00633363 9.9964E-05
9.9937E-05 0.0340938 9.9937E-05 0.0137761 0.0210657 9.9937E-05 9.9937E-05 9.9937E-05 9.9937E-05 0.0258984 0.0253852 9.9937E-05 0.731498 0.00804599 0.0487843 0.0907533
0.855584 9.99189E-05 9.99189E-05 0.0237941 9.99189E-05 9.99189E-05 9.99189E-05 9.99189E-05 0.000516317 0.00280299 0.0268925 9.99189E-05 0.0346764 9.99189E-05 9.99189E-05 0.0548344
0.759305 9.9937E-05 9.9937E-05 9.9937E-05 0.00949147 0.0762127 9.9937E-05 0.0285725 0.0150154 0.000933598 9.9937E-05 0.00830386 0.0822814 0.0191851 9.9937E-05 9.9937E-05
0.553683 0.000957605 0.224531 9.9955E-05 0.0320347 9.9955E-05 9.9955E-05 0.012362 0.00594624 0.0101247 0.0137149 9.9955E-05 9.9955E-05 0.0552704 0.0113237 0.079552
9.99011E-05 0.0908745 0.779889 9.99011E-05 9.99011E-05 9.99011E-05 0.0711724 9.99011E-05 9.99011E-05 9.99011E-05 0.012846 9.99011E-05 9.99011E-05 0.0441195 9.99011E-05 9.99011E-05
0.697845 9.9901E-05 9.9901E-05 9.9901E-05 0.0356455 0.15598 9.9901E-05 0.0368224 9.9901E-05 9.9901E-05 9.9901E-05 0.0726088 9.9901E-05 9.9901E-05 9.9901E-05 9.9901E-05
9.99378E-05 0.00683487 0.781114 0.0152205 9.99378E-05 0.0510761 0.0126269 0.0246615 0.00993089 9.99378E-05 9.99378E-05 9.99378E-05 0.074356 9.99378E-05 0.0234796 9.99378E-05
0.550096 0.059413 0.271379 9.9919E-05 9.9919E-05 9.9919E-05 0.00615344 9.9919E-05 0.0331096 9.9919E-05 9.9919E-05 0.0192474 9.9919E-05 9.9919E-05 9.9919E-05 0.0597029
0.209644 9.9928E-05 0.6764 0.0179218 9.9928E-05 9.9928E-05 9.9928E-05 0.0156606 0.00144312 9.9928E-05 9.9928E-05 9.9928E-05 0.0222258 0.0380344 0.0178704 9.9928E-05
0.330649 9.99279E-05 0.0545464 9.99279E-05 9.99279E-05 0.483559 9.99279E-05 9.99279E-05 0.0044752 9.99279E-05 0.0485472 0.000565864 9.99279E-05 0.0566777 9.99279E-05 0.0201805
0.752308 0.124809 9.991E-05 9.991E-05 0.00648851 9.991E-05 9.991E-05 0.00484138 0.0141878 9.991E-05 9.991E-05 9.991E-05 0.096367 9.991E-05 9.991E-05 9.991E-05
0.848819 9.9919E-05 9.9919E-05 9.9919E-05 0.0230175 9.9919E-05 9.9919E-05 0.0106888 9.9919E-05 0.0502053 0.0191303 0.0383999 9.9919E-05 0.00884016 9.9919E-05 9.9919E-05
0.902405 0.014797 9.9901E-05 9.9901E-05 9.9901E-05 9.9901E-05 0.0468388 9.9901E-05 9.9901E-05 0.0288407 0.00601947 9.9901E-05 9.9901E-05 9.9901E-05 9.9901E-05 9.9901E-05
0.548153 9.991E-05 9.991E-05 9.991E-05 9.991E-05 0.336828 9.991E-05 9.991E-05 9.991E-05 9.991E-05 0.0156444 9.991E-05 0.00451945 0.066951 9.991E-05 0.0269053
0.154505 0.0116489 0.286029 9.9937E-05 9.9937E-05 0.483816 9.9937E-05 9.9937E-05 0.00607408 9.9937E-05 0.00929143 0.00260023 0.0425071 0.00282847 9.9937E-05 9.9937E-05
9.9937E-05 9.9937E-05 0.684459 0.0482699 0.0356245 0.0596894 0.00431576 9.9937E-05 9.9937E-05 0.0467973 0.00647162 9.9937E-05 0.0340421 9.9937E-05 9.9937E-05 0.0796306
0.623882 9.9919E-05 9.9919E-05 0.0259909 0.0504117 0.252402 9.9919E-05 9.9919E-05 0.00928945 0.0216573 9.9919E-05 9.9919E-05 9.9919E-05 0.0154676 9.9919E-05 9.9919E-05
0.807278 9.9919E-05 0.100743 0.0394314 9.9919E-05 9.9919E-05 9.9919E-05 9.9919E-05 9.9919E-05 0.0262737 0.0196768 0.00507869 0.00061957 9.9919E-05 9.9919E-05 9.9919E-05
0.439199 9.9946E-05 0.280865 9.9946E-05 0.0233199 0.203991 9.9946E-05 0.00669264 0.0021876 0.00803032 0.00413669 9.9946E-05 9.9946E-05 0.0165189 0.0144591 9.9946E-05
0.899697 9.99101E-05 9.99101E-05 0.0366 0.00628214 9.99101E-05 9.99101E-05 0.00345572 9.99101E-05 9.99101E-05 0.0262817 9.99101E-05 9.99101E-05 9.99101E-05 9.99101E-05 0.0266846
0.0866601 9.9928E-05 0.544736 0.0123988 0.0394144 0.273545 9.9928E-05 0.0133432 9.9928E-05 0.00662739 9.9928E-05 0.0224764 9.9928E-05 9.9928E-05 9.9928E-05 9.9928E-05
0.451034 9.9901E-05 0.0209822 9.9901E-05 9.9901E-05 0.502578 9.9901E-05 9.9901E-05 0.0137234 9.9901E-05 9.9901E-05 9.9901E-05 9.9901E-05 9.9901E-05 9.9901E-05 0.0105832
0.0206378 0.049749 0.7747 9.9919E-05 9.9919E-05 9.9919E-05 9.9919E-05 0.016895 0.0202369 9.9919E-05 0.0256486 9.9919E-05 9.9919E-05 0.0912335 9.9919E-05 9.9919E-05
0.0492966 9.9937E-05 0.704808 0.03284 9.9937E-05 0.113075 9.9937E-05 9.9937E-05 0.00122907 0.00744043 0.0369605 0.0166586 0.0369925 9.9937E-05 9.9937E-05 9.9937E-05
9.9919E-05 9.9919E-05 0.86652 0.039655 9.9919E-05 0.0122961 0.0386815 0.00077647 9.9919E-05 9.9919E-05 9.9919E-05 0.0131132 9.9919E-05 9.9919E-05 0.0280585 9.9919E-05
9.991E-05 9.991E-05 0.614575 0.00243971 9.991E-05 0.309255 9.991E-05 9.991E-05 0.04571 9.991E-05 9.991E-05 0.00420714 9.991E-05 9.991E-05 9.991E-05 0.0228142
0.195473 9.9937E-05 0.488765 0.0160514 0.00178544 0.0752134 0.0167327 9.9937E-05 9.9937E-05 9.9937E-05 9.9937E-05 9.9937E-05 0.00272235 9.9937E-05 0.10367 0.0988868
0.382779 9.99009E-05 0.187037 9.99009E-05 9.99009E-05 0.383087 9.99009E-05 0.019907 9.99009E-05 9.99009E-05 0.0260916 9.99009E-05 9.99009E-05 9.99009E-05 9.99009E-05 9.99009E-05
9.991E-05 9.991E-05 0.570971 9.991E-05 9.991E-05 0.38831 0.00634519 9.991E-05 0.00463383 0.0189759 9.991E-05 0.00976561 9.991E-05 9.991E-05 9.991E-05 9.991E-05
9.9919E-05 9.9919E-05 0.687666 9.9919E-05 0.0113588 0.237771 0.0108545 0.0193224 0.0171566 9.9919E-05 9.9919E-05 9.9919E-05 9.9919E-05 0.0149709 9.9919E-05 9.9919E-05
0.710915 0.0163688 0.095736 9.9919E-05 9.9919E-05 9.9919E-05 9.9919E-05 9.9919E-05 0.0310992 0.0514545 9.9919E-05 9.9919E-05 9.9919E-05 0.0091725 9.9919E-05 0.0843544
0.115631 0.0898882 0.706136 9.9919E-05 9.9919E-05 9.9919E-05 9.9919E-05 9.9919E-05 0.0150207 0.0265763 0.00986519 9.9919E-05 0.0359836 9.9919E-05 9.9919E-05 9.9919E-05
9.9928E-05 0.103366 0.709799 9.9928E-05 0.0415885 0.0618781 0.0224354 9.9928E-05 0.0242996 9.9928E-05 9.9928E-05 9.9928E-05 9.9928E-05 9.9928E-05 0.0270669 0.00876658
9.991E-05 0.036291 0.807976 9.991E-05 0.00334268 9.991E-05 9.991E-05 0.0117417 9.991E-05 9.991E-05 9.991E-05 9.991E-05 9.991E-05 0.0709953 9.991E-05 0.0686547
9.9955E-05 9.9955E-05 0.816379 0.0110007 0.0319755 0.0325583 9.9955E-05 0.00830099 0.0346956 0.00148679 0.0229544 0.000413356 9.9955E-05 0.0158619 9.9955E-05 0.0238739
9.9928E-05 9.9928E-05 0.881608 0.00593102 0.0322851 9.9928E-05 0.00875549 0.0322306 9.9928E-05 9.9928E-05 0.000592207 0.0245554 9.9928E-05 0.0132425 9.9928E-05 9.9928E-05
0.00569091 0.360947 9.9883E-05 9.9883E-05 9.9883E-05 0.632063 9.9883E-05 9.9883E-05 9.9883E-05 9.9883E-05 9.9883E-05 9.9883E-05 9.9883E-05 9.9883E-05 9.9883E-05 9.9883E-05
9.98919E-05 0.254806 9.98919E-05 0.0173275 9.98919E-05 0.721467 9.98919E-05 9.98919E-05 0.00520135 9.98919E-05 9.98919E-05 9.98919E-05 9.98919E-05 9.98919E-05 9.98919E-05 9.98919E-05
9.991E-05 0.273637 9.991E-05 9.991E-05 9.991E-05 0.712118 0.00662922 0.00187113 9.991E-05 9.991E-05 0.00407588 0.00066973 9.991E-05 9.991E-05 9.991E-05 9.991E-05
9.9874E-05 0.306239 9.9874E-05 9.9874E-05 9.9874E-05 0.692363 9.9874E-05 9.9874E-05 9.9874E-05 9.9874E-05 9.9874E-05 9.9874E-05 9.9874E-05 9.9874E-05 9.9874E-05 9.9874E-05
9.9901E-05 0.312714 9.9901E-05 9.9901E-05 9.9901E-05 0.653422 0.0146906 0.00782583 0.0102491 9.9901E-05 9.9901E-05 9.9901E-05 9.9901E-05 9.9901E-05 9.9901E-05 9.9901E-05
0.0943249 0.534288 9.99201E-05 0.0154683 9.99201E-05 0.247224 9.99201E-05 0.0245782 0.0248585 9.99201E-05 9.99201E-05 9.99201E-05 0.024278 9.99201E-05 9.99201E-05 0.0341812
9.9874E-05 0.505817 9.9874E-05 9.9874E-05 9.9874E-05 0.492785 9.9874E-05 9.9874E-05 9.9874E-05 9.9874E-05 9.9874E-05 9.9874E-05 9.9874E-05 9.9874E-05 9.9874E-05 9.9874E-05
9.99001E-05 0.44941 0.0159751 9.99001E-05 9.99001E-05 0.284284 0.0444756 9.99001E-05 9.99001E-05 9.99001E-05 9.99001E-05 9.99001E-05 0.000364474 9.99001E-05 9.99001E-05 0.204492
