9.9964E-05 9.9964E-05 0.0169542 0.975928 0.00671819 9.9964E-05 9.9964E-05
9.9973E-05 0.0667776 0.00630703 0.740856 0.185759 9.9973E-05 9.9973E-05
0.0329016 0.0373984 9.9973E-05 0.818948 9.9973E-05 0.110452 9.9973E-05
0.00487405 0.109965 9.9982E-05 0.827263 0.0513802 0.00631713 9.9982E-05
0.0259014 0.065428 0.010145 0.804812 9.9982E-05 9.9982E-05 0.0935132
9.9964E-05 0.080845 9.9964E-05 0.913584 9.9964E-05 9.9964E-05 0.00517097
0.0157298 0.0425101 9.9973E-05 0.922694 9.9973E-05 0.018766 9.9973E-05
0.00671849 0.0664583 0.00958945 0.865011 0.00649946 0.0237417 0.0219813
0.0218991 0.118354 9.9982E-05 0.819739 0.0245802 0.0152274 9.9982E-05
0.0159969 0.0436293 9.9982E-05 0.869397 0.00146126 0.0693159 9.9982E-05
0.0271828 0.101326 9.9991E-05 0.756903 0.0452673 0.0536942 0.0155265
9.9982E-05 0.0209899 0.0423695 0.8013 0.0698291 0.0653114 9.9982E-05
9.9982E-05 9.9982E-05 0.0391176 0.804154 0.0385877 0.0149404 0.103
9.9973E-05 0.135338 9.9973E-05 0.717612 0.0691278 0.0776226 9.9973E-05
9.9982E-05 0.0535232 9.9982E-05 0.825429 0.0580731 0.00857864 0.0541963
9.9955E-05 0.119381 9.9955E-05 0.880119 9.9955E-05 9.9955E-05 9.9955E-05
9.9955E-05 9.9955E-05 9.9955E-05 0.987275 9.9955E-05 9.9955E-05 0.0122247
9.9955E-05 9.9955E-05 0.038778 0.960722 9.9955E-05 9.9955E-05 9.9955E-05
9.9964E-05 9.9964E-05 0.0140406 0.968244 0.0173158 9.9964E-05 9.9964E-05
0.0342617 9.9973E-05 9.9973E-05 0.923267 9.9973E-05 0.0293384 0.012833
9.995E-05 9.995E-05 9.995E-05 9.995E-05 9.995E-05 0.9994 9.995E-05
0.0145319 0.111467 0.0620982 0.0359192 0.145865 0.630018 9.9991E-05
0.0179306 0.0724275 0.111058 0.035132 0.0590815 0.684222 0.0201485
0.0574718 9.9973E-05 0.191863 9.9973E-05 9.9973E-05 0.735876 0.0144886
9.9982E-05 0.00521578 9.9982E-05 0.0166058 0.0235422 0.899052 0.0553841
0.00851662 9.9982E-05 0.0162652 0.0240169 9.9982E-05 0.84909 0.101911
9.9982E-05 0.0651922 0.110424 9.9982E-05 0.00863378 0.685078 0.130472
9.995E-05 9.995E-05 9.995E-05 9.995E-05 9.995E-05 0.9994 9.995E-05
0.00156069 0.0869866 9.9973E-05 9.9973E-05 9.9973E-05 0.73884 0.172313
0.0111056 0.100483 0.0890099 0.0160549 0.0643036 0.596293 0.122749
9.9982E-05 0.105741 0.00283116 9.9982E-05 0.00303376 0.753432 0.134762
9.9973E-05 0.0643981 0.128 9.9973E-05 9.9973E-05 0.690852 0.11645
9.9991E-05 0.0722493 0.0937342 0.0552777 0.0351104 0.687114 0.0564144
9.9964E-05 0.11902 9.9964E-05 9.9964E-05 0.230473 0.650107 9.9964E-05
0.0595996 0.049824 0.0239949 0.0429901 0.138352 0.580922 0.104318
9.9982E-05 0.220828 9.9982E-05 0.0426169 0.271503 0.438023 0.0268296
0.0139929 0.0461576 0.110993 9.9991E-05 0.0970735 0.613901 0.117783
0.0108684 0.0224255 0.79072 0.0195599 9.9991E-05 0.0276209 0.128705
0.0501082 0.0322779 0.717878 9.9973E-05 9.9973E-05 9.9973E-05 0.199436
9.9982E-05 0.00754755 0.774175 0.00114322 0.137391 9.9982E-05 0.0795428
9.9982E-05 0.0149988 0.827241 9.9982E-05 0.0381536 0.0108438 0.108563
0.01774 9.9982E-05 0.808071 0.00120747 0.148546 0.0242352 9.9982E-05
0.0598749 0.0303622 0.846372 9.9982E-05 0.055118 0.00807247 9.9982E-05
0.0244965 0.115186 0.678392 0.024852 0.145389 0.0115848 9.9991E-05
0.086145 0.00423466 0.76746 9.9991E-05 0.0807398 0.0353816 0.0259391
0.040965 0.0825322 0.727584 0.0445808 9.9991E-05 0.06726 0.0369784
0.0133207 9.9973E-05 0.854206 9.9973E-05 0.0622146 9.9973E-05 0.0699592
0.0545123 0.0124508 0.866247 0.00448652 0.0621034 9.9982E-05 9.9982E-05
9.9973E-05 9.9973E-05 0.937802 0.00998032 9.9973E-05 0.0400581 0.0118598
9.9964E-05 0.0649973 0.784468 9.9964E-05 0.150134 9.9964E-05 9.9964E-05
0.0167007 9.9973E-05 0.884953 9.9973E-05 9.9973E-05 0.0010294 0.0970172
9.9964E-05 0.00594838 0.886884 9.9964E-05 0.106768 9.9964E-05 9.9964E-05
0.0615684 9.9982E-05 0.870019 0.0248811 0.0355383 9.9982E-05 0.00779329
9.9973E-05 9.9973E-05 0.787459 0.100731 0.0824114 0.0290983 9.9973E-05
0.0116705 0.0632675 0.789343 0.0210481 0.0393635 9.9991E-05 0.0752075
0.00900317 0.0124528 0.765632 0.00868842 0.0802964 0.026145 0.0977821
0.0433634 0.0632224 0.719491 0.0756302 0.0241955 0.0724739 0.00162347
0.0477183 0.0975355 0.118046 0.0278218 0.235251 0.0193369 0.45429
9.995E-05 9.995E-05 9.995E-05 9.995E-05 0.9994 9.995E-05 9.995E-05
0.151762 0.0481898 0.0467532 0.0503799 0.297618 0.0270473 0.37825
0.147037 9.9991E-05 0.106637 0.0316521 0.245671 0.00303436 0.465869
0.0804209 0.00338842 0.015258 9.9991E-05 0.347764 0.00321628 0.549852
0.0539175 9.9991E-05 0.0809536 0.0158387 0.190698 0.0415448 0.616948
9.995E-05 9.995E-05 9.995E-05 9.995E-05 0.9994 9.995E-05 9.995E-05
9.995E-05 9.995E-05 9.995E-05 9.995E-05 0.9994 9.995E-05 9.995E-05
0.0551799 0.0310829 0.0285806 0.154965 0.341756 9.9991E-05 0.388335
0.0602419 0.0137039 9.9991E-05 0.0567672 0.189869 0.134308 0.54501
0.096456 9.9982E-05 9.9982E-05 0.0198112 0.268815 0.0454578 0.56926
0.0828433 9.9973E-05 9.9973E-05 9.9973E-05 0.293119 0.0936817 0.530056
0.0947051 0.00418463 9.9991E-05 0.0471217 0.400686 0.0885458 0.364657
0.0483296 9.9982E-05 0.00801641 0.0264678 0.296144 9.9982E-05 0.620842
0.0457222 0.0309849 0.0235675 9.9982E-05 0.29006 9.9982E-05 0.609466
0.0936278 9.9991E-05 0.00645038 0.00858086 0.412564 0.0850108 0.393666
0.100484 0.0815753 9.9991E-05 0.0144441 0.222901 0.107076 0.473419
0.0149111 9.9982E-05 0.267092 9.9982E-05 0.140779 0.0899268 0.487091
0.0284043 9.9991E-05 0.217292 0.0746243 0.235399 0.0104132 0.433768
0.0550161 9.9982E-05 0.419291 0.105685 0.23318 9.9982E-05 0.186627
9.995E-05 9.995E-05 9.995E-05 9.995E-05 0.9994 9.995E-05 9.995E-05
0.145456 0.0140636 0.178439 0.039839 0.263629 0.0726124 0.285961
0.0849992 0.0180101 0.0800239 9.9982E-05 0.366279 9.9982E-05 0.450488
0.0788855 9.9982E-05 0.105967 0.0507882 9.9982E-05 0.0432027 0.720956
0.0703903 0.0686405 9.9991E-05 0.0593406 0.278945 0.0612028 0.461381
0.115003 9.9982E-05 0.0690272 0.0912143 0.322346 9.9982E-05 0.40221
0.1439 0.167819 0.283687 0.0528453 0.102447 0.0701082 0.179194
0.0154688 0.53222 0.20471 9.9982E-05 0.239635 9.9982E-05 0.007766
9.9991E-05 0.211907 0.0629022 0.0280313 0.24336 0.0556796 0.39802
0.0755271 0.0593544 0.0690911 0.0555651 0.0701559 9.9991E-05 0.670206
0.0220575 0.1156 0.0934393 0.00721955 9.9982E-05 9.9982E-05 0.761484
0.0915052 0.0887728 0.0463341 0.0228252 0.234751 0.0445686 0.471243
0.894808 9.9964E-05 9.9964E-05 9.9964E-05 0.0686875 0.0361046 9.9964E-05
0.0388311 9.9991E-05 0.103569 0.0214588 0.416596 0.0438671 0.375578
0.0442784 9.9982E-05 0.106422 9.9982E-05 0.405454 0.000995904 0.44265
0.0931034 0.17241 9.9991E-05 0.1199 0.257794 0.0573711 0.299322
0.11099 0.0321513 0.030993 0.099098 0.300849 0.150708 0.275211
0.0588616 0.0583578 9.9991E-05 0.0485732 0.388931 0.084444 0.360733
0.0911566 0.0616498 9.9991E-05 0.104566 0.328165 0.0711861 0.343176
0.10949 0.142189 9.9991E-05 0.04483 0.256771 0.0123593 0.434261
0.0600318 9.9982E-05 0.12483 0.0608108 0.340118 9.9982E-05 0.41401
0.0426803 9.9991E-05 0.00828788 0.0239384 0.191354 0.0686708 0.664968
0.0902919 9.9982E-05 0.0711879 0.0263638 0.2854 9.9982E-05 0.526557
0.0686981 9.9982E-05 9.9982E-05 0.0871806 0.234743 0.0913375 0.517841
0.171987 0.10623 9.9991E-05 0.0130634 0.436628 0.00151515 0.270477
0.0564023 0.0713837 9.9991E-05 0.00224552 0.243981 0.00303926 0.622849
0.9994 9.995E-05 9.995E-05 9.995E-05 9.995E-05 9.995E-05 9.995E-05
0.090039 0.0409731 0.0203935 0.0769287 0.209465 0.0737466 0.488454
0.0809457 9.9991E-05 0.0826787 0.0147734 0.418618 0.0321001 0.370784
0.126935 0.0772212 0.0148965 0.0495532 0.324471 9.9991E-05 0.406824
0.0780571 0.0151137 0.121436 0.0204314 0.203732 9.9991E-05 0.56113
9.9982E-05 9.9982E-05 0.00845359 0.0331323 0.239428 0.0224708 0.696315
0.0277724 9.9982E-05 9.9982E-05 0.0565083 0.173565 0.102862 0.639093
9.995E-05 9.995E-05 9.995E-05 9.995E-05 9.995E-05 9.995E-05 0.9994
0.9994 9.995E-05 9.995E-05 9.995E-05 9.995E-05 9.995E-05 9.995E-05
9.9955E-05 9.9955E-05 0.0230663 9.9955E-05 9.9955E-05 9.9955E-05 0.976434
0.104231 0.0562758 0.0209176 0.0236266 0.559065 0.00910201 0.226782
0.131311 0.0478472 9.9991E-05 0.021086 0.480061 0.112588 0.207006
0.10827 0.0699083 9.9991E-05 0.0765732 0.314123 0.0366516 0.394374
0.115803 9.9991E-05 0.0429661 0.0817311 0.296743 0.00910447 0.453553
0.0697382 9.9991E-05 0.0991372 0.00307084 0.268661 0.0498592 0.509434
0.835421 0.0514494 0.0479011 0.00857295 0.0409325 9.9991E-05 0.0156231
0.101577 0.0258373 0.105785 0.088018 0.190692 0.021069 0.467021
0.0527141 0.0947968 9.9991E-05 0.0280823 0.10359 0.199683 0.521034
0.0678537 0.140135 9.9982E-05 9.9982E-05 0.0106855 0.111811 0.669315
0.0886838 0.0738869 9.9982E-05 0.0107556 9.9982E-05 0.235224 0.59125
0.03474 0.094806 9.9991E-05 0.0510358 0.116527 0.19354 0.509251
0.0827649 0.163704 9.9991E-05 0.00896424 0.0630395 0.165271 0.516157
0.0884964 0.152503 9.9982E-05 9.9982E-05 0.03294 0.276527 0.449333
0.0232795 0.155831 9.9982E-05 0.0221316 9.9982E-05 0.216744 0.581815
0.0880495 0.081785 9.9982E-05 0.0745838 9.9982E-05 0.194302 0.56108
0.0196149 0.114207 0.114468 0.00707448 9.9991E-05 0.198078 0.546457
0.0935009 0.0983894 0.0758457 0.00182618 0.0656882 0.176108 0.488642
0.0527575 0.0781291 0.00217715 9.9991E-05 0.00495356 0.250105 0.611778
0.0091714 0.743467 0.0183819 0.0220692 0.00679541 0.0906437 0.109471
0.0786496 0.76683 0.0624936 0.0296324 0.0100613 0.0522329 9.9991E-05
0.0175296 0.726104 0.0865564 0.0425896 0.0125248 0.0405177 0.0741777
9.9982E-05 0.749635 0.12008 0.0503782 9.9982E-05 0.027407 0.0522999
9.9982E-05 0.670296 0.114519 0.0342566 0.145529 0.0351999 9.9982E-05
0.00642102 0.743671 0.00819578 0.0108445 0.103502 0.0905001 0.0368649
0.0781878 0.763628 0.0836883 9.9973E-05 9.9973E-05 0.0741965 9.9973E-05
0.030956 0.79171 9.9973E-05 9.9973E-05 9.9973E-05 0.070384 0.10665
0.0212089 0.595944 0.0476185 0.0668574 0.0374502 0.0580885 0.172833
0.0127045 0.691247 0.213628 9.9982E-05 9.9982E-05 0.0255205 0.0566993
9.9982E-05 0.737551 0.123654 0.0445548 0.041474 0.0525665 9.9982E-05
0.00039143 0.761326 0.152974 0.0734121 0.00267774 9.9991E-05 0.00911882
0.00764042 0.605905 0.104529 0.0341279 0.0771451 0.0708075 0.0998445
0.0473716 0.633562 0.0777529 0.0228254 0.0888956 9.9991E-05 0.129493
0.00653559 0.75813 9.9991E-05 0.0692308 0.130562 0.00808575 0.0273559
9.9964E-05 0.727489 9.9964E-05 0.0776391 0.194472 9.9964E-05 9.9964E-05
0.026809 0.799906 0.091134 0.00198153 0.0557537 0.0128907 0.0115249
0.0208733 0.78659 9.9973E-05 0.0389895 9.9973E-05 9.9973E-05 0.153248
0.045983 0.814525 0.0351225 0.0535461 9.9982E-05 0.0506233 9.9982E-05
0.0280776 0.755332 0.0227593 0.0249624 0.122377 0.0463918 9.9991E-05
0.067143 0.669786 0.0112931 0.0690395 0.10648 0.0761586 9.9991E-05
9.9973E-05 0.779615 0.022248 9.9973E-05 9.9973E-05 0.00348956 0.194348
0.0571434 0.802081 9.9982E-05 0.0156396 0.023936 9.9982E-05 0.101
0.015393 0.766346 0.0173207 0.0423808 0.0379243 0.0165987 0.104036
0.0804456 0.689662 9.9982E-05 0.0582277 0.115574 0.0558913 9.9982E-05
9.9982E-05 0.670285 9.9982E-05 0.0475563 0.03051 0.151722 0.0997267
9.9991E-05 0.728243 0.0270406 0.0619392 0.0887241 0.0409754 0.0529777
0.0183173 0.681604 0.00552792 0.0890677 0.205283 9.9982E-05 9.9982E-05
0.0275386 0.742824 9.9991E-05 0.0492846 0.0607325 0.011351 0.108169
0.0506069 0.776519 0.0449413 9.9982E-05 0.108764 0.018968 9.9982E-05
0.0207159 0.768795 0.123508 9.9973E-05 0.086681 9.9973E-05 9.9973E-05
0.0146524 0.671849 0.123165 0.060956 0.0641719 0.0336526 0.0315534
9.9982E-05 0.680976 0.158292 9.9982E-05 0.0164674 0.0701511 0.0739135
0.0341428 0.807496 9.9991E-05 0.0189383 0.0548818 0.0398355 0.0446061
9.9982E-05 0.828361 9.9982E-05 0.0148892 0.0548709 0.0460277 0.0556509
0.0189306 0.15319 0.618721 0.0584305 0.0889096 0.0617183 9.9991E-05
0.066514 0.110165 0.587566 0.0529001 0.0759415 0.106814 9.9991E-05
0.0401976 0.0531925 0.587194 0.0812365 0.132104 0.105975 9.9991E-05
0.0172596 0.158024 0.563876 0.124005 0.101394 0.0353411 9.9991E-05
0.022456 0.128713 0.579548 0.059376 0.0615446 0.0175118 0.130851
0.0597611 0.0929958 0.76425 9.9973E-05 9.9973E-05 0.0826935 9.9973E-05
0.0476932 0.0414511 0.830676 0.000407461 9.9982E-05 0.079572 9.9982E-05
9.9982E-05 0.0629581 0.614784 0.0800344 9.9982E-05 0.186572 0.0554517
