9.9946E-05 9.9946E-05 9.9946E-05 9.9946E-05 9.9946E-05 0.647583 9.9946E-05 0.224658 0.127159
9.9937E-05 9.9937E-05 9.9937E-05 0.15379 9.9937E-05 0.845511 9.9937E-05 9.9937E-05 9.9937E-05
9.996E-05 9.996E-05 0.068459 0.152177 0.0206067 0.260251 9.996E-05 0.498106 9.996E-05
9.99641E-05 0.0879045 9.99641E-05 0.745654 9.99641E-05 9.99641E-05 0.101138 0.0273028 0.0376008
0.811106 9.9955E-05 9.9955E-05 0.031512 9.9955E-05 9.9955E-05 0.105909 0.0509737 9.9955E-05
9.99461E-05 0.885283 9.99461E-05 9.99461E-05 9.99461E-05 0.101856 9.99461E-05 0.0122609 9.99461E-05
9.9964E-05 9.9964E-05 0.102884 9.9964E-05 0.0408983 0.013261 0.591354 0.251203 9.9964E-05
9.99551E-05 9.99551E-05 9.99551E-05 0.625505 9.99551E-05 0.324172 0.0149555 0.0348674 9.99551E-05
9.99461E-05 0.387079 0.540047 9.99461E-05 9.99461E-05 9.99461E-05 9.99461E-05 9.99461E-05 0.0722748
0.321747 9.9937E-05 9.9937E-05 9.9937E-05 9.9937E-05 9.9937E-05 0.677553 9.9937E-05 9.9937E-05
9.993E-05 9.993E-05 9.993E-05 9.993E-05 9.993E-05 9.993E-05 0.999201 9.993E-05 9.993E-05
9.99372E-05 9.99372E-05 9.99372E-05 0.915595 9.99372E-05 0.0837058 9.99372E-05 9.99372E-05 9.99372E-05
0.513182 9.9982E-05 0.0296838 9.9982E-05 0.068005 0.053949 0.0345589 0.17375 0.126671
9.99461E-05 9.99461E-05 9.99461E-05 9.99461E-05 9.99461E-05 9.99461E-05 0.147522 0.515714 0.336165
0.782018 0.0176081 9.99551E-05 9.99551E-05 0.0556203 9.99551E-05 0.144254 9.99551E-05 9.99551E-05
9.99371E-05 9.99371E-05 0.854843 9.99371E-05 9.99371E-05 9.99371E-05 9.99371E-05 0.144457 9.99371E-05
9.99461E-05 0.0175778 9.99461E-05 0.965126 0.0166967 9.99461E-05 9.99461E-05 9.99461E-05 9.99461E-05
9.9946E-05 0.154774 0.39827 9.9946E-05 9.9946E-05 9.9946E-05 0.446356 9.9946E-05 9.9946E-05
9.993E-05 0.999201 9.993E-05 9.993E-05 9.993E-05 9.993E-05 9.993E-05 9.993E-05 9.993E-05
0.0239749 9.99462E-05 0.894771 9.99462E-05 0.0806541 9.99462E-05 9.99462E-05 9.99462E-05 9.99462E-05
0.038554 9.99551E-05 0.788606 0.128153 0.0441866 9.99551E-05 9.99551E-05 9.99551E-05 9.99551E-05
9.99461E-05 0.0234961 0.353121 9.99461E-05 9.99461E-05 9.99461E-05 9.99461E-05 9.99461E-05 0.622783
0.15963 9.99461E-05 0.730514 9.99461E-05 9.99461E-05 9.99461E-05 0.109256 9.99461E-05 9.99461E-05
9.9964E-05 9.9964E-05 0.137627 0.591445 0.109698 9.9964E-05 0.141958 0.0188726 9.9964E-05
9.99461E-05 0.0801744 9.99461E-05 9.99461E-05 0.0989929 9.99461E-05 9.99461E-05 0.820233 9.99461E-05
0.874691 9.99371E-05 0.124609 9.99371E-05 9.99371E-05 9.99371E-05 9.99371E-05 9.99371E-05 9.99371E-05
9.99462E-05 9.99462E-05 9.99462E-05 0.625873 0.104347 9.99462E-05 9.99462E-05 0.26918 9.99462E-05
9.993E-05 9.993E-05 9.993E-05 9.993E-05 9.993E-05 9.993E-05 9.993E-05 9.993E-05 0.999201
9.993E-05 9.993E-05 9.993E-05 9.993E-05 9.993E-05 0.999201 9.993E-05 9.993E-05 9.993E-05
9.9946E-05 0.00495281 9.9946E-05 0.215259 9.9946E-05 9.9946E-05 9.9946E-05 9.9946E-05 0.779189
9.99461E-05 0.00352623 9.99461E-05 9.99461E-05 9.99461E-05 9.99461E-05 0.230577 0.765297 9.99461E-05
9.993E-05 9.993E-05 9.993E-05 9.993E-05 9.993E-05 9.993E-05 9.993E-05 0.999201 9.993E-05
0.183958 9.9946E-05 9.9946E-05 9.9946E-05 9.9946E-05 9.9946E-05 0.636949 0.178494 9.9946E-05
9.99551E-05 0.779457 0.074225 0.128975 9.99551E-05 9.99551E-05 9.99551E-05 0.0168429 9.99551E-05
9.99461E-05 9.99461E-05 9.99461E-05 0.923869 0.0409123 9.99461E-05 9.99461E-05 9.99461E-05 0.0346193
9.9937E-05 9.9937E-05 0.95105 9.9937E-05 9.9937E-05 0.0482504 9.9937E-05 9.9937E-05 9.9937E-05
9.995E-05 0.532281 0.173592 9.995E-05 9.995E-05 0.0512256 9.995E-05 9.995E-05 0.242401
9.9955E-05 0.808974 0.0839723 9.9955E-05 9.9955E-05 9.9955E-05 0.0326298 9.9955E-05 0.073924
9.99551E-05 0.0900883 9.99551E-05 9.99551E-05 0.0202848 0.115607 0.77352 9.99551E-05 9.99551E-05
0.0250783 0.741596 9.99641E-05 0.118691 0.0574615 9.99641E-05 9.99641E-05 9.99641E-05 0.0567743
9.9937E-05 0.698508 9.9937E-05 0.300792 9.9937E-05 9.9937E-05 9.9937E-05 9.9937E-05 9.9937E-05
9.99372E-05 9.99372E-05 9.99372E-05 0.986696 9.99372E-05 9.99372E-05 9.99372E-05 9.99372E-05 0.0126047
0.395066 9.99371E-05 0.604234 9.99371E-05 9.99371E-05 9.99371E-05 9.99371E-05 9.99371E-05 9.99371E-05
9.993E-05 9.993E-05 9.993E-05 9.993E-05 9.993E-05 9.993E-05 9.993E-05 0.999201 9.993E-05
0.999201 9.993E-05 9.993E-05 9.993E-05 9.993E-05 9.993E-05 9.993E-05 9.993E-05 9.993E-05
9.99461E-05 9.99461E-05 0.0572612 0.851517 9.99461E-05 0.0906216 9.99461E-05 9.99461E-05 9.99461E-05
9.99371E-05 0.121814 0.877487 9.99371E-05 9.99371E-05 9.99371E-05 9.99371E-05 9.99371E-05 9.99371E-05
9.99462E-05 0.778283 0.20527 9.99462E-05 0.0158474 9.99462E-05 9.99462E-05 9.99462E-05 9.99462E-05
9.993E-05 9.993E-05 9.993E-05 9.993E-05 0.999201 9.993E-05 9.993E-05 9.993E-05 9.993E-05
9.99551E-05 0.194281 0.646761 9.99551E-05 0.129006 9.99551E-05 0.0294516 9.99551E-05 9.99551E-05
