9.9937E-05 0.0523425 9.9937E-05 9.9937E-05 9.9937E-05 0.012355 9.9937E-05 0.00495458 0.891531 9.9937E-05 9.9937E-05 0.0381177
9.9955E-05 9.9955E-05 0.114776 9.9955E-05 0.00368214 0.0273254 9.9955E-05 0.0154036 0.697695 0.0677955 9.9955E-05 0.0728227
9.9946E-05 9.9946E-05 0.0256053 9.9946E-05 0.0728111 0.0382065 9.9946E-05 9.9946E-05 0.790665 0.0111368 0.0609752 9.9946E-05
9.9955E-05 9.9955E-05 9.9955E-05 9.9955E-05 0.0440345 0.0254298 0.0361805 9.9955E-05 0.732538 0.00348717 0.0466636 0.111167
0.000918436 0.0374617 9.9964E-05 0.0110293 0.053664 0.0030214 9.9964E-05 9.9964E-05 0.753336 0.0442264 9.9964E-05 0.0959426
9.9973E-05 0.0597525 0.0286501 0.0122369 9.9973E-05 0.0129277 0.0342629 0.0249575 0.817002 0.0059404 0.00397 9.9973E-05
9.9937E-05 9.9937E-05 9.9937E-05 0.00385061 0.0865303 9.9937E-05 0.0554238 9.9937E-05 0.853131 0.000364772 9.9937E-05 9.9937E-05
9.9964E-05 0.0371492 0.0174454 0.0333301 0.0210656 0.00991037 0.0402485 0.0592639 0.781187 9.9964E-05 9.9964E-05 9.9964E-05
9.9946E-05 9.9946E-05 0.0430901 9.9946E-05 9.9946E-05 0.035494 9.9946E-05 9.9946E-05 0.744812 0.169737 0.000844564 0.00542265
0.0244216 9.9946E-05 9.9946E-05 0.0140861 9.9946E-05 9.9946E-05 0.114437 0.00564673 0.794238 9.9946E-05 0.0465706 9.9946E-05
9.9964E-05 9.9964E-05 0.067913 9.9964E-05 9.9964E-05 0.00940907 0.0422659 0.0152929 0.661945 0.000383534 0.0488111 0.15358
9.9955E-05 0.016254 9.9955E-05 0.0213426 9.9955E-05 0.0293024 9.9955E-05 9.9955E-05 0.700215 0.00733897 0.0958729 0.129174
9.99422E-05 0.0390773 0.111375 9.99422E-05 0.0765865 9.99422E-05 9.99422E-05 9.99422E-05 0.759601 9.99422E-05 0.0126605 9.99422E-05
9.9955E-05 9.9955E-05 0.0673222 0.00809999 9.9955E-05 9.9955E-05 0.140355 0.0136436 0.655205 9.9955E-05 0.0465198 0.068355
0.0144502 9.9964E-05 0.0730016 9.9964E-05 0.0191113 0.018421 0.0594363 9.9964E-05 0.783713 0.0111496 0.0203169 9.9964E-05
0.0304695 9.9946E-05 9.9946E-05 0.0109747 9.9946E-05 9.9946E-05 0.0278756 0.0410388 0.808444 0.0805974 9.9946E-05 9.9946E-05
0.0608354 9.9928E-05 9.9928E-05 0.00346088 9.9928E-05 9.9928E-05 9.9928E-05 0.0342715 0.900633 9.9928E-05 9.9928E-05 9.9928E-05
0.0912253 9.9919E-05 9.9919E-05 9.9919E-05 9.9919E-05 0.00731182 9.9919E-05 9.9919E-05 0.900564 9.9919E-05 9.9919E-05 9.9919E-05
0.111464 9.9919E-05 9.9919E-05 9.9919E-05 9.9919E-05 9.9919E-05 9.9919E-05 9.9919E-05 0.861203 0.0264339 9.9919E-05 9.9919E-05
0.0517207 9.9937E-05 9.9937E-05 0.00684546 9.9937E-05 9.9937E-05 9.9937E-05 9.9937E-05 0.850628 9.9937E-05 0.0209956 0.0691111
9.99009E-05 9.99009E-05 9.99009E-05 9.99009E-05 9.99009E-05 9.99009E-05 9.99009E-05 9.99009E-05 9.99009E-05 9.99009E-05 0.998901 9.99009E-05
9.9937E-05 0.0892883 9.9937E-05 9.9937E-05 9.9937E-05 0.0137621 0.0567039 9.9937E-05 9.9937E-05 9.9937E-05 0.640203 0.199343
0.00673931 0.0592261 0.12862 0.0356223 9.9964E-05 9.9964E-05 0.0568594 9.9964E-05 0.0392813 0.0417746 0.631477 9.9964E-05
0.0250567 0.154352 9.9955E-05 0.0183829 9.9955E-05 9.9955E-05 9.9955E-05 0.0296692 0.0110202 9.9955E-05 0.737892 0.0231267
9.9937E-05 9.9937E-05 0.0399073 0.0185452 0.0777107 9.9937E-05 9.9937E-05 9.9937E-05 0.0157575 9.9937E-05 0.84738 9.9937E-05
0.0545909 9.9955E-05 9.9955E-05 0.0227501 0.109844 0.00762271 9.9955E-05 9.9955E-05 0.0292138 0.00545614 0.770023 9.9955E-05
0.0676169 0.0579999 0.0424062 9.9946E-05 0.0905291 9.9946E-05 9.9946E-05 9.9946E-05 9.9946E-05 0.0799923 0.660856 9.9946E-05
9.99008E-05 9.99008E-05 9.99008E-05 9.99008E-05 9.99008E-05 9.99008E-05 9.99008E-05 9.99008E-05 9.99008E-05 9.99008E-05 0.998901 9.99008E-05
9.9937E-05 9.9937E-05 0.092839 0.00599813 0.112811 9.9937E-05 9.9937E-05 9.9937E-05 9.9937E-05 0.122798 0.664855 9.9937E-05
0.0867652 0.0534832 0.10376 9.9964E-05 0.0710431 9.9964E-05 0.110931 0.00806795 0.0119923 9.9964E-05 0.553557 9.9964E-05
9.9946E-05 9.9946E-05 9.9946E-05 9.9946E-05 0.117225 0.011016 0.0706952 9.9946E-05 9.9946E-05 0.0162857 0.648095 0.136084
0.0044991 0.0570171 0.0373338 9.9955E-05 0.0904924 9.9955E-05 9.9955E-05 0.0315808 9.9955E-05 0.156772 0.621805 9.9955E-05
0.0328408 0.0466908 9.9964E-05 0.0226333 0.111549 9.9964E-05 0.0925384 9.9964E-05 0.0181061 0.0101736 0.665068 9.9964E-05
0.0178486 9.9964E-05 9.9964E-05 0.0205719 0.0399047 0.0324507 0.123231 0.0209122 9.9964E-05 9.9964E-05 0.590915 0.153767
9.997E-05 9.997E-05 0.151477 0.00405702 0.0755203 0.0211704 0.0241838 9.997E-05 0.0148261 0.0217765 0.547719 0.13897
9.99369E-05 9.99369E-05 9.99369E-05 9.99369E-05 9.99369E-05 0.0484492 0.226126 9.99369E-05 0.0322175 9.99369E-05 0.376203 0.316305
0.160777 0.0493115 0.0556309 9.9946E-05 9.9946E-05 0.0437937 9.9946E-05 9.9946E-05 9.9946E-05 0.137821 0.552067 9.9946E-05
9.9955E-05 0.637703 0.158926 9.9955E-05 0.0082336 9.9955E-05 0.100432 0.0453937 9.9955E-05 0.0484725 0.000338867 9.9955E-05
0.129839 0.559343 0.0220859 0.00115589 9.99549E-05 9.99549E-05 9.99549E-05 0.0270208 9.99549E-05 0.115951 9.99549E-05 0.144105
0.226478 0.54999 9.9955E-05 9.9955E-05 0.0360483 0.0257464 9.9955E-05 0.0205038 0.018046 0.122687 9.9955E-05 9.9955E-05
0.14666 0.575864 0.0746263 0.00520164 9.9946E-05 9.9946E-05 9.9946E-05 9.9946E-05 0.011783 0.185265 9.9946E-05 9.9946E-05
0.114726 0.658944 9.9964E-05 0.0173823 9.9964E-05 0.0298094 9.9964E-05 0.012093 0.0244955 0.133844 0.00830535 9.9964E-05
0.167517 0.688259 9.9955E-05 0.00218897 9.9955E-05 0.0160001 9.9955E-05 0.00974477 0.00301898 0.112771 9.9955E-05 9.9955E-05
9.9964E-05 0.601371 0.0878295 0.0169797 9.9964E-05 0.0133388 0.209304 0.0278914 0.028936 9.9964E-05 0.0139497 9.9964E-05
0.182276 0.607779 9.9946E-05 0.0134677 9.9946E-05 9.9946E-05 9.9946E-05 9.9946E-05 9.9946E-05 0.160891 0.00644899 0.028537
0.193665 0.516774 9.9937E-05 0.0106354 9.9937E-05 9.9937E-05 9.9937E-05 9.9937E-05 0.0154213 0.262805 9.9937E-05 9.9937E-05
0.160755 0.609787 9.9937E-05 0.0117946 9.9937E-05 9.9937E-05 9.9937E-05 0.0340804 9.9937E-05 0.182884 9.9937E-05 9.9937E-05
0.115011 0.743281 9.9955E-05 0.0158979 0.000342459 0.0115283 0.0335374 9.9955E-05 9.9955E-05 0.0799023 9.9955E-05 9.9955E-05
0.00251679 0.754548 9.9964E-05 0.0183544 9.9964E-05 0.0136729 9.9964E-05 0.080702 0.00248473 0.125491 0.00183052 9.9964E-05
9.9937E-05 0.684567 0.102465 9.9937E-05 9.9937E-05 0.0350971 0.161426 0.0157454 9.9937E-05 9.9937E-05 9.9937E-05 9.9937E-05
9.9964E-05 0.784051 0.0350522 9.9964E-05 0.083337 0.00405636 0.00794985 0.0390026 0.00816006 9.9964E-05 9.9964E-05 0.0379915
0.197692 0.624368 9.9928E-05 9.9928E-05 9.9928E-05 0.0123032 9.9928E-05 9.9928E-05 9.9928E-05 0.164838 9.9928E-05 9.9928E-05
0.0851757 0.715889 9.9964E-05 0.0650214 0.035518 9.9964E-05 0.0374684 0.025052 0.0112834 0.0241923 9.9964E-05 9.9964E-05
0.124601 0.643012 9.99549E-05 9.99549E-05 9.99549E-05 0.00576098 9.99549E-05 0.00567382 0.0629936 0.0743353 9.99549E-05 0.083124
0.105156 0.551338 0.0287128 0.0380476 9.9946E-05 9.9946E-05 9.9946E-05 0.0442394 9.9946E-05 0.231907 9.9946E-05 9.9946E-05
0.0426218 0.60861 0.0848993 9.9964E-05 0.0577765 0.00636142 0.160415 0.0369318 0.00198451 9.9964E-05 9.9964E-05 9.9964E-05
9.9973E-05 0.61967 0.0530675 0.0567652 0.0747078 9.9973E-05 0.019882 0.00279866 0.0637397 0.0588159 0.0502537 9.9973E-05
0.059495 0.123135 0.383476 9.9991E-05 0.031703 0.00796521 0.00399066 0.0122635 0.0105526 0.0449262 0.00479017 0.317603
9.99008E-05 9.99008E-05 9.99008E-05 9.99008E-05 9.99008E-05 0.998901 9.99008E-05 9.99008E-05 9.99008E-05 9.99008E-05 9.99008E-05 9.99008E-05
0.307563 0.0152178 0.187168 0.0336697 9.9973E-05 9.9973E-05 0.0390852 0.00720099 0.00302195 9.9973E-05 0.0325709 0.374203
0.339365 0.0336985 9.99599E-05 0.00406663 0.156326 0.0183239 9.99599E-05 0.0117746 9.99599E-05 9.99599E-05 9.99599E-05 0.435946
9.9937E-05 9.9937E-05 0.858617 0.0136458 0.0729703 0.0259347 9.9937E-05 9.9937E-05 9.9937E-05 9.9937E-05 9.9937E-05 0.0281325
0.461378 9.9937E-05 0.370418 9.9937E-05 9.9937E-05 9.9937E-05 9.9937E-05 9.9937E-05 0.0166087 0.0263138 9.9937E-05 0.124582
9.9937E-05 9.9937E-05 9.9937E-05 9.9937E-05 9.9937E-05 0.0198594 9.9937E-05 0.90256 9.9937E-05 0.0302789 0.00413451 0.0424678
9.99008E-05 9.99008E-05 9.99008E-05 9.99008E-05 9.99008E-05 0.998901 9.99008E-05 9.99008E-05 9.99008E-05 9.99008E-05 9.99008E-05 9.99008E-05
0.00291824 0.0314308 0.398704 0.00962978 0.0722028 0.0179296 0.0182698 0.0565496 0.0762759 9.9982E-05 9.9982E-05 0.31589
0.319181 9.9964E-05 0.402099 0.0286418 0.0244674 0.00229541 0.0782305 0.0602724 9.9964E-05 9.9964E-05 0.0844132 9.9964E-05
0.382571 9.9955E-05 0.281419 0.0456634 0.0902261 0.0480595 0.0920805 0.0594802 9.9955E-05 9.9955E-05 9.9955E-05 9.9955E-05
0.46087 9.9964E-05 0.312557 0.0438613 0.0124474 0.00839621 9.9964E-05 0.0110949 9.9964E-05 9.9964E-05 0.0759085 0.0744644
0.219626 9.9964E-05 0.327359 0.0397235 9.9964E-05 0.108793 9.9964E-05 0.0590822 9.9964E-05 0.068601 0.0613552 0.11506
0.565012 9.9946E-05 0.344111 0.0123017 9.9946E-05 0.0398965 9.9946E-05 0.0186032 0.0194757 9.9946E-05 9.9946E-05 9.9946E-05
0.133676 9.9955E-05 0.614421 0.0180979 0.105647 0.0124102 9.9955E-05 0.0630886 9.9955E-05 0.0521601 9.9955E-05 9.9955E-05
0.0966265 9.9946E-05 0.646843 0.0389322 9.9946E-05 0.0788099 9.9946E-05 9.9946E-05 9.9946E-05 9.9946E-05 0.0774499 0.0607389
0.0762689 9.9955E-05 0.173502 9.9955E-05 0.278105 0.0210842 9.9955E-05 9.9955E-05 9.9955E-05 0.0488904 0.00518441 0.396466
0.615295 0.192627 9.9955E-05 9.9955E-05 0.0822002 0.00250011 0.00322136 0.0428904 9.9955E-05 9.9955E-05 0.0607664 9.9955E-05
0.564652 0.122549 0.150173 9.9964E-05 0.0160223 0.0136582 0.0504576 9.9964E-05 0.0271266 9.9964E-05 9.9964E-05 0.0549617
0.4617 0.316727 9.9946E-05 9.9946E-05 9.9946E-05 0.0386838 9.9946E-05 0.00795811 0.0746219 9.9946E-05 9.9946E-05 0.0997101
9.9937E-05 9.9937E-05 0.085874 0.00891042 9.9937E-05 0.0362199 9.9937E-05 0.845741 9.9937E-05 0.0225547 9.9937E-05 9.9937E-05
0.0521731 0.114739 0.197155 0.0540554 0.00548724 0.0525568 9.9991E-05 0.0841465 0.0511082 0.142345 0.0238806 0.222253
0.140022 0.0311381 0.394165 0.0250736 0.0551777 0.0339937 9.9973E-05 0.0769168 9.9973E-05 0.0462287 9.9973E-05 0.196985
0.7569 9.99459E-05 0.12564 0.0240442 9.99459E-05 9.99459E-05 0.0256559 9.99459E-05 0.0209439 9.99459E-05 0.0462163 9.99459E-05
0.0337284 9.9973E-05 0.768853 0.0280619 9.9973E-05 0.0276644 0.012663 0.0318825 0.0235365 9.9973E-05 0.0721332 0.0011771
0.363171 0.00831997 0.469702 0.0265472 9.9964E-05 0.00284216 9.9964E-05 0.0192765 0.0729444 9.9964E-05 9.9964E-05 0.0367968
0.195858 0.105134 9.9964E-05 0.0432325 9.9964E-05 0.0111601 9.9964E-05 0.012269 0.00881309 0.304541 9.9964E-05 0.318592
9.9946E-05 0.162603 0.126544 9.9946E-05 9.9946E-05 0.0281989 0.612102 0.0666756 9.9946E-05 9.9946E-05 9.9946E-05 0.00327716
0.163012 0.102072 0.210662 9.9964E-05 0.121944 0.0761985 0.211476 9.9964E-05 9.9964E-05 9.9964E-05 0.00653797 0.107699
0.861954 9.99279E-05 0.083801 9.99279E-05 9.99279E-05 9.99279E-05 0.052092 0.00135319 9.99279E-05 9.99279E-05 9.99279E-05 9.99279E-05
0.900696 9.99189E-05 9.99189E-05 9.99189E-05 9.99189E-05 9.99189E-05 0.0252434 9.99189E-05 9.99189E-05 0.0731615 9.99189E-05 9.99189E-05
0.234103 0.020512 0.435857 0.0388574 0.10737 0.0582041 0.104597 9.9955E-05 9.9955E-05 9.9955E-05 9.9955E-05 9.9955E-05
9.99099E-05 9.99099E-05 9.99099E-05 0.109656 9.99099E-05 9.99099E-05 9.99099E-05 9.99099E-05 9.99099E-05 9.99099E-05 9.99099E-05 0.889345
0.00453524 0.101217 0.644726 0.0324197 0.0871568 0.0121844 9.9964E-05 0.114807 0.00255408 9.9964E-05 9.9964E-05 9.9964E-05
0.977778 9.9919E-05 9.9919E-05 9.9919E-05 9.9919E-05 9.9919E-05 9.9919E-05 0.00993127 9.9919E-05 9.9919E-05 9.9919E-05 0.0113913
9.9946E-05 9.9946E-05 0.0263004 9.9946E-05 9.9946E-05 0.00839482 9.9946E-05 9.9946E-05 0.0270367 0.10203 0.0286112 0.807027
9.9946E-05 0.0411475 9.9946E-05 9.9946E-05 0.0420463 9.9946E-05 9.9946E-05 0.0463859 0.0365195 9.9946E-05 0.0458648 0.787436
9.9937E-05 9.9937E-05 0.651933 9.9937E-05 9.9937E-05 9.9937E-05 0.0900021 0.0265649 9.9937E-05 0.00690032 9.9937E-05 0.2239
0.059074 9.9973E-05 0.18127 9.9973E-05 0.102423 0.0648891 0.0385144 9.9973E-05 0.061863 0.0122583 0.00318198 0.476226
9.9964E-05 0.0211275 0.130901 9.9964E-05 0.197332 0.0464232 0.13048 0.0863593 0.039033 9.9964E-05 9.9964E-05 0.347945
0.442807 0.0210025 0.277121 9.9964E-05 0.033985 0.0229682 9.9964E-05 0.0717257 0.0427357 9.9964E-05 9.9964E-05 0.0872552
9.9946E-05 9.9946E-05 0.762438 0.00666102 0.158134 0.000817308 9.9946E-05 0.0612734 9.9946E-05 9.9946E-05 0.0100759 9.9946E-05
0.108291 0.0619267 0.486594 0.0300226 9.9973E-05 0.0802818 9.9973E-05 0.0843681 0.0256969 0.00277341 9.9973E-05 0.119746
0.117931 9.9955E-05 0.547662 0.0192911 9.9955E-05 9.9955E-05 0.075478 9.9955E-05 0.0218615 9.9955E-05 0.0286176 0.188659
0.332678 9.9964E-05 0.201154 0.093817 9.9964E-05 0.0778626 0.103611 0.0872469 9.9964E-05 9.9964E-05 0.00933723 0.0938941
9.9919E-05 9.9919E-05 0.947695 9.9919E-05 9.9919E-05 9.9919E-05 9.9919E-05 9.9919E-05 9.9919E-05 0.0465042 0.00490142 9.9919E-05
9.99009E-05 9.99009E-05 9.99009E-05 0.998901 9.99009E-05 9.99009E-05 9.99009E-05 9.99009E-05 9.99009E-05 9.99009E-05 9.99009E-05 9.99009E-05
0.0646235 0.0143201 0.385521 0.0114572 0.100926 0.0376908 9.9982E-05 0.0344379 0.0380964 0.0460502 9.9982E-05 0.266676
9.9937E-05 0.00173855 0.964917 0.0132158 9.9937E-05 9.9937E-05 9.9937E-05 9.9937E-05 9.9937E-05 0.0181543 9.9937E-05 0.00127484
0.349308 9.9946E-05 0.289561 0.0316516 9.9946E-05 9.9946E-05 0.0994744 9.9946E-05 0.00158572 9.9946E-05 9.9946E-05 0.227819
9.9928E-05 0.065663 0.921963 0.00285728 9.9928E-05 9.9928E-05 9.9928E-05 9.9928E-05 9.9928E-05 0.00871752 9.9928E-05 9.9928E-05
0.097229 9.9946E-05 0.564284 9.9946E-05 0.173278 9.9946E-05 9.9946E-05 0.0421694 0.0222734 9.9946E-05 9.9946E-05 0.100167
0.11526 0.0121369 0.596093 0.0206413 0.132895 9.9982E-05 0.0114897 0.0106508 0.0496028 9.9982E-05 0.0492308 0.00179972
9.99009E-05 9.99009E-05 9.99009E-05 9.99009E-05 9.99009E-05 9.99009E-05 9.99009E-05 0.998901 9.99009E-05 9.99009E-05 9.99009E-05 9.99009E-05
9.99009E-05 9.99009E-05 9.99009E-05 0.998901 9.99009E-05 9.99009E-05 9.99009E-05 9.99009E-05 9.99009E-05 9.99009E-05 9.99009E-05 9.99009E-05
9.99008E-05 9.99008E-05 9.99008E-05 9.99008E-05 9.99008E-05 9.99008E-05 9.99008E-05 0.998901 9.99008E-05 9.99008E-05 9.99008E-05 9.99008E-05
0.0406918 9.9946E-05 0.0326342 9.9946E-05 9.9946E-05 0.0552408 9.9946E-05 0.0385703 9.9946E-05 0.00238922 9.9946E-05 0.829874
0.0610622 9.9982E-05 0.14786 0.0078288 9.9982E-05 0.0373113 0.00131308 0.0770265 0.00617709 0.0896095 0.0522777 0.519334
9.9973E-05 9.9973E-05 0.411564 0.0267863 0.0101751 0.0399762 0.0394186 0.00819846 0.0357064 9.9973E-05 0.00577056 0.422104
0.364747 0.0300631 0.352145 0.00622092 9.9964E-05 0.0178747 9.9964E-05 0.0315852 0.0515232 9.9964E-05 9.9964E-05 0.145441
0.996347 9.991E-05 9.991E-05 0.00265348 9.991E-05 9.991E-05 9.991E-05 9.991E-05 9.991E-05 9.991E-05 9.991E-05 9.991E-05
9.99098E-05 9.99098E-05 9.99098E-05 0.065339 9.99098E-05 9.99098E-05 9.99098E-05 9.99098E-05 9.99098E-05 9.99098E-05 9.99098E-05 0.933662
0.0707942 0.0600119 0.334152 0.0288243 9.9973E-05 0.0131057 0.0665841 0.00778449 0.0457991 9.9973E-05 9.9973E-05 0.372645
9.9928E-05 9.9928E-05 0.0807883 9.9928E-05 0.852289 0.0563884 9.9928E-05 9.9928E-05 9.9928E-05 0.00973449 9.9928E-05 9.9928E-05
0.0976689 9.9928E-05 9.9928E-05 9.9928E-05 0.88846 0.000297403 9.9928E-05 0.0127745 9.9928E-05 9.9928E-05 9.9928E-05 9.9928E-05
0.0600921 9.9946E-05 9.9946E-05 0.00263072 0.870106 9.9946E-05 9.9946E-05 0.00336541 9.9946E-05 9.9946E-05 0.0379175 0.0252882
9.9928E-05 9.9928E-05 9.9928E-05 9.9928E-05 0.822211 9.9928E-05 9.9928E-05 0.011847 9.9928E-05 0.0213191 9.9928E-05 0.143823
9.9946E-05 9.9946E-05 0.111177 0.0348653 0.688881 9.9946E-05 9.9946E-05 0.0343877 9.9946E-05 0.101352 0.0287369 9.9946E-05
9.9955E-05 9.9955E-05 0.0344627 0.00539649 0.852673 0.0299796 0.00512243 9.9955E-05 9.9955E-05 0.0355009 0.0363653 9.9955E-05
9.9901E-05 9.9901E-05 9.9901E-05 9.9901E-05 0.998901 9.9901E-05 9.9901E-05 9.9901E-05 9.9901E-05 9.9901E-05 9.9901E-05 9.9901E-05
0.105112 9.9937E-05 9.9937E-05 9.9937E-05 0.80314 9.9937E-05 9.9937E-05 9.9937E-05 0.0326469 9.9937E-05 0.00411053 0.0542917
9.99375E-05 0.101083 9.99375E-05 9.99375E-05 0.86933 0.0022508 9.99375E-05 0.000194718 9.99375E-05 9.99375E-05 0.0264421 9.99375E-05
0.0646408 0.0577395 0.0565966 0.0260459 0.571389 0.00578356 9.9991E-05 0.0359573 0.03152 0.00169396 0.107077 0.0414573
0.0803118 0.0278891 0.0673848 0.000522792 0.741063 0.0260623 9.9955E-05 9.9955E-05 9.9955E-05 9.9955E-05 0.0562663 9.9955E-05
9.9928E-05 9.9928E-05 9.9928E-05 9.9928E-05 0.0495155 9.9928E-05 0.0662834 0.0169971 9.9928E-05 0.866405 9.9928E-05 9.9928E-05
9.9937E-05 9.9937E-05 9.9937E-05 0.0107218 0.140928 0.0265892 0.381948 9.9937E-05 9.9937E-05 0.439113 9.9937E-05 9.9937E-05
0.00722591 0.0108605 0.110978 0.012306 9.9973E-05 0.0171959 0.310563 9.9973E-05 0.00753209 0.486304 0.0367345 9.9973E-05
9.9946E-05 0.112594 0.0253235 9.9946E-05 9.9946E-05 9.9946E-05 0.490845 9.9946E-05 0.0306351 0.299241 0.0407619 9.9946E-05
9.9928E-05 9.9928E-05 9.9928E-05 9.9928E-05 9.9928E-05 9.9928E-05 9.9928E-05 0.015086 0.0389321 0.904433 9.9928E-05 0.0407493
9.9955E-05 9.9955E-05 0.125637 9.9955E-05 0.0593726 0.00467489 0.368264 0.0106971 0.000142569 0.430713 9.9955E-05 9.9955E-05
9.9946E-05 9.9946E-05 9.9946E-05 0.0467848 0.010826 0.0115002 0.0188781 9.9946E-05 9.9946E-05 0.888796 0.0226153 9.9946E-05
0.0684065 9.9946E-05 0.0610641 9.9946E-05 9.9946E-05 9.9946E-05 0.52181 0.00569447 9.9946E-05 0.332168 0.0102571 9.9946E-05
0.018042 0.0177706 9.9982E-05 0.00894478 9.9982E-05 0.0173193 0.316855 0.0454575 0.0426849 0.349605 0.0370839 0.146037
9.9928E-05 0.00179244 9.9928E-05 0.0226733 0.0264524 9.9928E-05 9.9928E-05 9.9928E-05 9.9928E-05 0.948282 9.9928E-05 9.9928E-05
9.9964E-05 9.9964E-05 9.9964E-05 0.00315104 0.00367443 0.0415833 0.116953 0.0305456 0.00541465 0.797959 0.000319765 9.9964E-05
9.9946E-05 0.0445393 9.9946E-05 9.9946E-05 9.9946E-05 0.0450661 0.278386 9.9946E-05 0.0528246 0.573924 9.9946E-05 0.00466015
0.0259952 0.0348283 9.9973E-05 9.9973E-05 9.9973E-05 0.0132561 0.243429 0.00134419 0.000661435 0.515462 0.0281583 0.136566
9.9955E-05 0.0568183 0.00236861 9.9955E-05 0.0319804 0.0170746 0.3622 9.9955E-05 9.9955E-05 0.254895 9.9955E-05 0.274163
9.9955E-05 9.9955E-05 0.0996448 0.00868106 9.9955E-05 0.0393057 0.768564 0.00052283 0.01737 9.9955E-05 0.0654119 9.9955E-05
0.0364623 9.9937E-05 9.9937E-05 9.9937E-05 9.9937E-05 0.000968953 0.810215 9.9937E-05 0.0226356 9.9937E-05 9.9937E-05 0.129019
9.9937E-05 0.0163517 9.9937E-05 9.9937E-05 0.0936003 0.0296305 0.846583 0.013135 9.9937E-05 9.9937E-05 9.9937E-05 9.9937E-05
0.0504813 0.0117266 0.0545449 9.9937E-05 9.9937E-05 0.0191988 0.863349 9.9937E-05 9.9937E-05 9.9937E-05 9.9937E-05 9.9937E-05
0.0531669 9.9937E-05 9.9937E-05 0.00608138 9.9937E-05 9.9937E-05 0.923931 0.00393238 9.9937E-05 9.9937E-05 0.0121887 9.9937E-05
0.048972 9.9946E-05 0.0248423 0.00318313 9.9946E-05 9.9946E-05 0.883172 0.000948071 9.9946E-05 9.9946E-05 9.9946E-05 0.038283
9.9937E-05 9.9937E-05 9.9937E-05 0.0154952 9.9937E-05 9.9937E-05 0.726267 0.0790045 9.9937E-05 9.9937E-05 0.0171928 0.161341
0.0139424 9.9946E-05 0.122889 0.021698 9.9946E-05 9.9946E-05 0.700809 0.00585432 9.9946E-05 0.134208 9.9946E-05 9.9946E-05
9.9946E-05 9.9946E-05 9.9946E-05 0.005741 0.0331695 9.9946E-05 0.648261 0.00470065 9.9946E-05 0.127451 9.9946E-05 0.180077
9.9955E-05 9.9955E-05 0.0765246 9.9955E-05 0.0481515 0.00646117 0.548923 9.9955E-05 0.0191704 0.28059 9.9955E-05 0.0196791
9.9946E-05 9.9946E-05 9.9946E-05 0.028779 9.9946E-05 0.0276851 0.465086 9.9946E-05 9.9946E-05 0.220563 0.0854735 0.171813
9.9937E-05 9.9937E-05 0.0504654 9.9937E-05 9.9937E-05 9.9937E-05 0.367461 9.9937E-05 9.9937E-05 0.382007 0.0411754 0.158191
9.99459E-05 0.0552243 9.99459E-05 9.99459E-05 9.99459E-05 9.99459E-05 0.353413 0.0651741 9.99459E-05 0.442269 0.0242808 0.0590393
9.9946E-05 9.9946E-05 9.9946E-05 0.00159569 9.9946E-05 0.0510655 0.370053 9.9946E-05 0.0563759 0.359362 9.9946E-05 0.160948
9.9955E-05 0.0298287 0.0704677 9.9955E-05 9.9955E-05 9.9955E-05 0.579028 9.9955E-05 0.0107738 0.158143 0.0215302 0.129728
9.9964E-05 0.041432 9.9964E-05 0.0190626 9.9964E-05 0.0355001 0.190956 0.00529262 9.9964E-05 0.688877 0.0080793 0.0104005
9.9937E-05 9.9937E-05 9.9937E-05 0.0248164 9.9937E-05 0.0447816 0.333827 0.00969527 9.9937E-05 0.58618 9.9937E-05 9.9937E-05
9.99549E-05 0.0664049 0.127042 0.0104222 9.99549E-05 0.00199844 0.14962 9.99549E-05 0.0228766 0.621136 9.99549E-05 9.99549E-05
9.9946E-05 0.0296662 0.108042 9.9946E-05 0.0260545 9.9946E-05 0.341882 9.9946E-05 9.9946E-05 0.403871 0.089884 9.9946E-05
9.9973E-05 9.9973E-05 0.0530457 0.0285862 9.9973E-05 0.0152881 0.5649 0.00359714 0.00285797 0.229513 0.0732871 0.0286244
9.9937E-05 9.9937E-05 9.9937E-05 9.9937E-05 9.9937E-05 9.9937E-05 0.152519 0.00493122 0.00350049 0.737948 9.9937E-05 0.100402
9.9964E-05 0.634121 9.9964E-05 9.9964E-05 0.110082 0.0176656 0.124508 0.00615769 0.000215841 9.9964E-05 0.0100747 0.096776
9.9955E-05 0.497768 9.9955E-05 9.9955E-05 0.0225616 9.9955E-05 0.126429 9.9955E-05 0.00976729 0.0254824 0.000742892 0.316749
9.9928E-05 0.50699 9.9928E-05 9.9928E-05 9.9928E-05 9.9928E-05 0.220336 0.00363674 9.9928E-05 9.9928E-05 9.9928E-05 0.268238
9.9964E-05 0.519916 0.0608008 0.0135115 9.9964E-05 0.0190127 0.214412 9.9964E-05 0.0325679 9.9964E-05 0.000417518 0.138961
0.00520835 0.53934 0.0401539 9.9955E-05 0.00345704 9.9955E-05 0.245705 9.9955E-05 0.0355293 9.9955E-05 9.9955E-05 0.130107
9.9964E-05 0.675384 0.00993473 0.024723 0.084001 9.9964E-05 0.1041 0.0274524 9.9964E-05 0.0116062 0.0623989 9.9964E-05
9.9928E-05 0.742708 9.9928E-05 9.9928E-05 0.0817712 9.9928E-05 0.0799969 9.9928E-05 9.9928E-05 9.9928E-05 9.9928E-05 0.0947246
9.9946E-05 0.529726 0.137055 9.9946E-05 0.0878289 9.9946E-05 0.0567583 9.9946E-05 0.0719472 9.9946E-05 0.116085 9.9946E-05
