0.9998 9.999E-05 9.999E-05
0.812614 0.117126 0.0702598
0.877686 0.0702148 0.0520995
0.870537 0.117211 0.0122515
0.852126 0.0845942 0.0632802
0.961436 0.038464 9.9991E-05
0.96818 0.0317199 9.9991E-05
0.859051 0.0612618 0.0796874
0.85656 0.135184 0.00825575
0.878368 0.121532 9.9991E-05
0.809863 0.0825408 0.107596
0.820445 0.0821754 0.09738
0.831362 0.101144 0.0674939
0.726468 0.215247 0.0582852
0.856605 0.0742193 0.069176
0.929491 0.0704092 9.9991E-05
0.9998 9.999E-05 9.999E-05
0.9998 9.999E-05 9.999E-05
0.9998 9.999E-05 9.999E-05
0.976946 9.9991E-05 0.0229539
0.0837219 0.69647 0.219808
0.0635451 0.648195 0.28826
0.100152 0.662533 0.237315
0.0181772 0.709622 0.272201
0.0351627 0.654589 0.310249
0.080006 0.626826 0.293168
9.9991E-05 0.686289 0.313611
0.0746821 0.720921 0.204397
0.0108599 0.664405 0.324735
0.0318084 0.602271 0.365921
9.9991E-05 0.682343 0.317557
9.9991E-05 0.693571 0.306329
0.0925053 0.664561 0.242933
9.9991E-05 0.637661 0.362239
0.0417414 0.476928 0.48133
0.073692 0.573573 0.352735
9.9991E-05 0.589294 0.410606
0.0364222 0.592561 0.371017
0.023689 0.506434 0.469877
0.0561985 0.576023 0.367778
0.0320823 0.583336 0.384582
0.088639 0.512228 0.399133
0.044898 0.599542 0.35556
0.0786557 0.623228 0.298116
0.0399902 0.563529 0.39648
0.082509 0.62609 0.291401
9.9991E-05 0.604789 0.395111
0.0588843 0.550601 0.390515
0.0845231 0.598817 0.316659
0.0241252 0.601145 0.37473
0.0465777 0.597812 0.355611
0.0109042 0.667924 0.321172
0.0660592 0.528511 0.40543
0.128071 0.500197 0.371732
0.0444818 0.608292 0.347226
0.0576197 0.563669 0.378711
0.103876 0.597817 0.298306
0.0646758 0.170184 0.76514
0.0682992 9.9991E-05 0.931601
0.0636152 0.0856998 0.850685
0.0835907 0.0224074 0.894002
9.9991E-05 0.0288698 0.97103
0.0386211 0.0996618 0.861717
0.0238872 9.9991E-05 0.976013
9.9991E-05 0.00139737 0.998503
0.159242 0.0637384 0.777019
0.0547309 0.136869 0.8084
0.0379258 0.0312259 0.930848
0.0257434 0.0275922 0.946664
0.0626065 0.0462732 0.89112
0.0476 9.9991E-05 0.9523
9.9991E-05 0.0451029 0.954797
0.0391271 0.052405 0.908468
0.0174865 0.179594 0.80292
0.0138319 0.273244 0.712924
0.102654 0.147857 0.74949
0.159784 0.17475 0.665465
0.00706318 0.0109462 0.981991
0.0909979 0.1649 0.744102
9.9991E-05 0.094867 0.905033
0.0592895 0.0966932 0.844017
0.0750707 0.0595884 0.865341
0.129705 9.9991E-05 0.870195
0.0606256 0.415714 0.523661
0.0390094 0.747122 0.213869
0.0368706 0.325421 0.637708
0.07929 0.0850361 0.835674
9.9991E-05 0.258556 0.741344
0.0329948 0.131162 0.835843
0.0286461 9.9991E-05 0.971254
0.0381611 0.0809619 0.880877
0.00343087 0.0725128 0.924056
0.137075 0.202934 0.659991
0.10934 0.173186 0.717474
0.0782783 0.154524 0.767197
0.130114 0.117635 0.752251
0.0910938 0.16642 0.742486
0.107086 0.0239493 0.868965
0.0361577 0.0323201 0.931522
0.0697541 0.00362469 0.926621
0.061895 0.107295 0.83081
0.0302869 0.111387 0.858326
0.0602133 0.0603771 0.87941
0.0207563 9.9991E-05 0.979144
0.0728345 0.13296 0.794206
0.0764856 0.0265881 0.896926
0.090284 0.0767148 0.833001
0.0418117 0.0483424 0.909846
0.07683 0.0270831 0.896087
0.0873644 0.0821139 0.830522
9.999E-05 9.999E-05 0.9998
9.999E-05 9.999E-05 0.9998
0.0328402 9.9991E-05 0.96706
0.0895809 0.0421212 0.868298
0.0605761 0.120705 0.818719
0.0999634 0.0885944 0.811442
0.093402 9.9991E-05 0.906498
0.0344962 0.0963104 0.869193
0.068453 0.0332401 0.898307
0.110945 0.0754838 0.813571
0.03551 0.290085 0.674405
9.9991E-05 0.285592 0.714308
0.0434111 0.269496 0.687093
0.052994 0.309297 0.637709
0.0408648 0.338815 0.62032
9.9991E-05 0.41413 0.58577
0.0619286 0.388997 0.549075
0.0726145 0.281881 0.645505
0.0355508 0.409382 0.555067
0.0286554 0.303861 0.667484
0.0224029 0.317896 0.659701
0.0162134 0.9376 0.0461868
0.036426 0.94266 0.0209142
0.064423 0.881284 0.0542935
0.0698772 0.930023 9.9991E-05
0.0827682 0.891173 0.0260584
0.0605181 0.866692 0.0727896
9.999E-05 0.9998 9.999E-05
9.9991E-05 0.976533 0.0233671
0.0871565 0.734035 0.178809
0.0334444 0.966456 9.9991E-05
0.0474532 0.952447 9.9991E-05
0.0964299 0.90347 9.9991E-05
0.0745994 0.806776 0.118624
0.0463846 0.763638 0.189977
0.117243 0.829799 0.0529578
0.0935377 0.842243 0.0642194
0.00916923 0.981822 0.00900917
0.0587407 0.896042 0.0452176
0.0691103 0.93079 9.9991E-05
0.0560697 0.898122 0.0458079
0.0982236 0.807786 0.0939903
9.9991E-05 0.945848 0.0540517
0.0576396 0.894795 0.047565
0.0658397 0.895993 0.0381673
0.0521608 0.840253 0.107586
0.0770682 0.811723 0.111209
0.0462191 0.942993 0.0107882
0.104182 0.821746 0.0740719
0.0797258 0.856994 0.0632802
9.9991E-05 0.961858 0.0380421
9.9991E-05 0.981927 0.0179732
0.0748661 0.850441 0.0746933
0.00174402 0.948676 0.0495795
0.0231506 0.925559 0.05129
0.031138 0.949056 0.0198058
0.0633205 0.677199 0.25948
0.070432 0.654933 0.274635
0.148764 0.503336 0.3479
0.143715 0.61492 0.241365
0.151649 0.518033 0.330318
0.000138822 0.717574 0.282287
0.0511729 0.684095 0.264732
0.14357 0.639729 0.216701
