0.00718908 9.9973E-05 9.9973E-05 0.0332189 0.959292 9.9973E-05
9.999E-05 0.122939 0.02546 0.035768 0.755643 0.0600901
0.0793132 0.050209 9.9982E-05 9.9982E-05 0.841651 0.028627
0.0769723 0.0827866 0.0269536 9.9991E-05 0.811468 0.00171971
0.00588112 0.0575953 0.0350084 0.0648547 0.812009 0.0246512
0.0427852 0.0729904 9.9973E-05 9.9973E-05 0.883924 9.9973E-05
9.9964E-05 0.0749534 9.9964E-05 9.9964E-05 0.924647 9.9964E-05
9.9991E-05 0.0467124 0.0338303 0.0116129 0.894446 0.013298
0.0723289 0.135186 9.9973E-05 9.9973E-05 0.792185 9.9973E-05
0.0702434 0.0659664 0.0225303 9.9982E-05 0.84106 9.9982E-05
0.024545 0.116798 0.000772136 9.9991E-05 0.827058 0.0307277
0.093222 0.00155113 0.00568603 0.0896554 0.761575 0.0483105
0.0565315 9.9982E-05 9.9982E-05 0.0093936 0.802381 0.131493
0.101926 0.139811 0.0242665 9.9982E-05 0.733796 9.9982E-05
0.0318928 0.0869877 0.00739318 9.9991E-05 0.813572 0.0600542
0.0070987 0.137298 0.00813742 9.9982E-05 0.847266 9.9982E-05
9.9964E-05 9.9964E-05 0.030057 9.9964E-05 0.969543 9.9964E-05
9.9964E-05 9.9964E-05 9.9964E-05 0.0252972 0.974303 9.9964E-05
9.9964E-05 9.9964E-05 9.9964E-05 0.0119932 0.987607 9.9964E-05
0.0242344 9.9982E-05 0.0227628 0.0234774 0.929325 9.9982E-05
0.9995 9.996E-05 9.996E-05 9.996E-05 9.996E-05 9.996E-05
0.653538 0.109251 0.0223995 0.0879433 0.00390446 0.122964
0.73397 0.0380253 0.0180857 0.161498 0.0483209 9.9991E-05
0.765271 9.9973E-05 0.0754786 0.15895 9.9973E-05 9.9973E-05
0.956716 9.9964E-05 0.042884 9.9964E-05 9.9964E-05 9.9964E-05
0.881665 9.9973E-05 9.9973E-05 0.0422717 9.9973E-05 0.075763
0.753462 0.0436043 0.0335989 0.138554 9.9991E-05 0.030681
0.9995 9.996E-05 9.996E-05 9.996E-05 9.996E-05 9.996E-05
0.789614 0.070291 0.0286116 9.9982E-05 9.9982E-05 0.111284
0.689148 0.0440452 0.0297668 0.120959 0.000733597 0.115348
0.73673 0.169572 0.0109126 9.9982E-05 9.9982E-05 0.0825848
0.74928 0.0658087 0.00209895 0.124988 9.9991E-05 0.0577243
0.718711 0.0355614 0.0230149 0.165506 0.0532098 0.00399718
0.646841 0.146175 0.0713716 0.0355183 0.00672263 0.0933721
0.581985 0.0666326 0.116712 9.9991E-05 0.0357355 0.198835
0.433914 0.200054 0.0302464 0.0867099 0.0731362 0.17594
0.594047 0.0721015 0.0330215 0.147685 9.9991E-05 0.153045
0.100079 0.00526771 9.9982E-05 0.77283 9.9982E-05 0.121624
9.9982E-05 0.0385309 0.0917617 0.775814 9.9982E-05 0.0936931
0.0295469 0.0803073 0.00716229 0.758991 0.0479285 0.0760641
0.0218041 0.0344142 9.9991E-05 0.799727 0.00617393 0.13778
0.0191281 9.9991E-05 0.0750365 0.832427 0.0466974 0.0266108
0.00289624 0.0353322 0.0132048 0.84224 0.0271838 0.0791431
0.0631233 0.127975 0.0365095 0.692031 0.0680908 0.0122695
0.0214138 0.0134593 0.082245 0.8227 9.9991E-05 0.0600815
0.0690572 0.0631297 0.0473052 0.780432 0.0399761 9.9991E-05
9.9973E-05 9.9973E-05 0.0504956 0.845844 9.9973E-05 0.103361
9.9991E-05 0.0179095 0.0195182 0.913462 0.00542039 0.0435896
0.0118591 9.9973E-05 0.00322176 0.984619 9.9973E-05 9.9973E-05
9.9982E-05 0.0276712 0.0574556 0.876632 0.0380416 9.9982E-05
9.9982E-05 9.9982E-05 0.0331293 0.90221 0.0154669 0.048994
0.0033186 0.0721475 9.9982E-05 0.896718 9.9982E-05 0.0276158
9.9973E-05 9.9973E-05 0.0926786 0.894134 0.012888 9.9973E-05
0.0328073 9.9991E-05 0.0509931 0.82702 0.0651861 0.0238932
0.000515104 0.0613691 0.0316969 0.761535 0.0365633 0.10832
0.0777874 0.0334876 0.0140554 0.744921 0.00408286 0.125666
0.063849 0.118993 0.0710813 0.739121 0.00685629 9.9991E-05
0.0530794 9.9991E-05 0.0621762 0.227395 0.0378282 0.619421
0.0346925 0.0177808 0.13235 9.9991E-05 0.0552774 0.759799
0.0349756 0.05184 0.222012 0.0806818 0.0576691 0.552821
0.035532 9.9991E-05 0.246542 0.128398 0.0387813 0.550647
0.0236285 0.0263129 0.16753 9.9982E-05 9.9982E-05 0.782329
0.0244383 9.9991E-05 0.129268 0.143472 0.0524931 0.650228
9.9991E-05 0.0048171 0.192592 0.0464208 0.0306131 0.725457
0.0284808 0.0411477 0.151817 0.0226537 0.0213269 0.734574
9.9991E-05 0.0568663 0.135797 0.0752814 0.153069 0.578887
0.157914 9.9991E-05 0.115771 0.101242 0.0802889 0.544684
0.0274743 0.0679029 0.194371 9.9991E-05 0.0427277 0.667424
0.0696849 9.9973E-05 0.168361 9.9973E-05 9.9973E-05 0.761654
0.103701 9.9982E-05 0.181254 9.9982E-05 0.0652447 0.649601
0.0386047 9.9982E-05 0.107327 9.9982E-05 0.0419017 0.811966
0.0369118 9.9982E-05 0.14939 0.0211084 9.9982E-05 0.79239
0.0918604 9.9982E-05 0.227927 9.9982E-05 0.0105091 0.669503
0.155936 0.120328 0.140621 9.9991E-05 0.0194452 0.563569
0.0968381 9.9991E-05 0.0311299 0.269363 0.00722102 0.595349
0.0344928 0.0203831 0.090027 0.223279 0.117437 0.514381
9.9982E-05 9.9982E-05 0.0667718 0.535587 0.0717253 0.325716
9.9973E-05 9.9973E-05 0.189832 0.0521375 9.9973E-05 0.75773
0.0800208 0.065179 0.179463 0.145914 0.0696306 0.459793
0.000489879 0.0112637 0.194475 0.102343 9.9991E-05 0.691328
0.120906 9.9991E-05 0.108928 0.0950799 0.0350192 0.639967
0.0566645 0.0151292 0.134444 0.0431155 0.0401005 0.710546
0.0265566 9.9991E-05 0.173527 0.0465138 0.113846 0.639457
0.0646195 0.244307 0.226953 0.247429 0.0338734 0.182819
9.9982E-05 0.62329 0.0595913 0.177692 9.9982E-05 0.139227
0.039941 0.159599 0.0513295 0.204903 0.0356482 0.50858
0.0163274 0.0546781 0.121713 0.0469512 0.0515786 0.708751
0.0102155 0.140586 0.0460222 0.0987179 0.0151449 0.689314
0.0613307 0.0335861 0.17972 0.135457 0.0215645 0.568341
0.0198165 9.9982E-05 0.949881 9.9982E-05 0.000334928 0.0297677
0.0336214 9.9991E-05 0.151464 0.110726 0.0606296 0.643459
0.0308299 0.0899359 0.0768197 0.0514503 9.9991E-05 0.750864
0.117159 0.17006 0.153834 0.00139298 0.0487923 0.508763
0.110892 0.0249234 0.089337 0.11505 0.135475 0.524323
0.0243896 0.15912 0.123147 9.9991E-05 0.0372853 0.655959
0.0911578 0.11555 0.165987 0.0146744 0.0877173 0.524914
0.0217431 0.138245 0.150312 0.075692 0.0613604 0.552648
9.9982E-05 9.9982E-05 0.124498 0.135331 0.102713 0.637258
0.0491112 9.9991E-05 0.111838 0.102783 0.0315429 0.704625
0.0072111 0.0124667 0.133452 0.0994013 0.0531184 0.694351
0.117334 0.00663046 0.142456 9.9991E-05 0.0744575 0.659022
0.0098063 0.131588 0.215768 0.00851569 0.0317516 0.602571
0.0949658 0.0257869 0.174042 9.9991E-05 0.0221524 0.682953
9.996E-05 9.996E-05 0.9995 9.996E-05 9.996E-05 9.996E-05
0.0514727 0.104638 0.220078 0.00949121 0.0709441 0.543376
0.0203505 0.0491904 0.184576 9.9991E-05 0.0333384 0.712444
9.9991E-05 0.0808623 0.166409 0.0773267 0.0647213 0.610581
9.9991E-05 0.040196 0.175291 0.152321 0.0277209 0.60437
0.0118422 9.9991E-05 0.0850938 0.112417 0.0392789 0.751268
0.189482 9.9991E-05 0.128426 0.0106621 0.0804111 0.590919
9.9973E-05 9.9973E-05 0.0114751 0.0432578 9.9973E-05 0.944967
9.996E-05 9.996E-05 0.9995 9.996E-05 9.996E-05 9.996E-05
9.9964E-05 9.9964E-05 9.9964E-05 0.044521 9.9964E-05 0.955079
0.0359934 0.0717068 0.196719 0.0189899 0.0750397 0.601551
0.118194 0.04049 0.156473 0.0306834 0.0568161 0.597343
0.0576151 0.0445275 0.19294 9.9991E-05 0.0993479 0.605469
0.0273707 9.9991E-05 0.17461 0.0507022 0.0564434 0.690774
0.0514142 9.9991E-05 0.139088 0.0733277 0.0438709 0.692199
9.9973E-05 0.052102 0.915916 0.0316816 9.9973E-05 9.9973E-05
0.0143763 0.0259307 0.193889 0.147286 0.0968156 0.521702
0.225347 0.138461 0.0799373 9.9982E-05 9.9982E-05 0.556054
0.148157 0.195191 0.080413 0.0330574 9.9991E-05 0.543082
0.284727 0.0812895 0.121288 9.9982E-05 9.9982E-05 0.512495
0.225462 0.145462 0.122886 9.9991E-05 0.054184 0.451906
0.176381 0.180566 0.133751 9.9991E-05 0.0456983 0.463503
0.277089 0.198971 0.14197 9.9991E-05 0.000662552 0.381208
0.228813 0.182975 0.121307 9.9991E-05 0.0303795 0.436426
0.302009 0.0766205 0.146597 9.9991E-05 0.0723845 0.402288
0.252504 0.120687 0.0817917 0.0960025 0.0215303 0.427484
0.233785 0.105336 0.117786 0.108105 0.0248626 0.410125
0.259994 0.0966341 0.0919349 0.0513505 9.9991E-05 0.499986
0.0478417 0.786404 0.0635958 0.0632386 0.0182495 0.0206702
0.0741073 0.791777 0.0711252 0.0431716 0.0197185 9.9991E-05
0.11503 0.721678 0.0192183 0.103918 0.0400559 9.9991E-05
0.0192544 0.806559 0.00733564 0.0814582 0.0852925 9.9991E-05
9.9982E-05 0.755719 9.9982E-05 0.119077 0.0395999 0.085405
0.141361 0.721316 0.0343345 0.00626183 0.0521831 0.0445443
0.00196365 0.770242 0.039742 0.171727 0.0162256 9.9991E-05
0.108292 0.836834 0.0268029 9.9982E-05 9.9982E-05 0.027871
0.0351699 0.578785 0.0420037 0.123137 0.0513418 0.169562
0.0161749 0.769723 0.0278788 0.175406 0.0107173 9.9991E-05
0.0411417 0.832147 9.9982E-05 0.101563 0.0249485 9.9982E-05
9.9982E-05 0.842082 9.9982E-05 0.0786675 0.0553194 0.0237307
9.9982E-05 0.622047 9.9982E-05 0.192913 0.0282999 0.15654
9.9991E-05 0.522098 0.0706272 0.243676 0.0409784 0.122521
0.0626905 0.758132 0.0487711 9.9991E-05 0.0714993 0.0588066
0.0193878 0.765083 0.0496396 0.0739677 0.091822 9.9991E-05
9.9982E-05 0.906041 0.0191854 9.9982E-05 0.0262419 0.0483322
9.9991E-05 0.765769 0.0153684 0.0374826 0.0851503 0.0961296
0.0625578 0.812146 0.00224614 0.0699962 0.0529544 9.9991E-05
0.0613499 0.776279 0.0327428 0.0533386 0.0454411 0.0308482
0.0665981 0.681327 0.0608764 0.0736161 0.105728 0.0118547
0.091436 0.788249 0.0426876 0.0116101 9.9991E-05 0.0659174
0.00853752 0.9014 0.0277912 0.00208467 0.0238262 0.0363604
0.0455496 0.840684 0.024693 9.9991E-05 0.0729106 0.0160625
0.0903717 0.735871 0.107761 0.0438457 0.0219895 0.000161061
0.0746442 0.767716 0.0203161 9.9991E-05 0.0354026 0.101822
0.0816075 0.818973 0.0538332 9.9991E-05 0.0274248 0.0180612
0.0216339 0.694761 0.0112088 0.144046 0.0631781 0.0651722
9.9991E-05 0.778149 0.0389879 0.0621541 0.0686033 0.0520057
0.0607348 0.785537 0.0751906 0.0783381 9.9982E-05 9.9982E-05
9.9982E-05 0.828142 0.0293869 0.138649 9.9982E-05 0.00362155
0.0440339 0.728477 0.00409826 0.123877 0.0466556 0.0528576
0.186458 0.696455 0.00479572 0.0959961 9.9991E-05 0.0161955
0.0653733 0.846696 0.0632348 9.9982E-05 9.9982E-05 0.0244963
0.101529 0.810276 0.0586629 9.9982E-05 0.0293318 9.9982E-05
0.0863235 0.176045 0.00752631 0.729905 9.9982E-05 9.9982E-05
0.0527271 0.189223 0.14578 0.567461 0.0447098 9.9991E-05
0.118722 0.00539007 0.0298979 0.659476 0.145399 0.0411151
0.102713 0.18397 0.0913003 0.540742 0.080887 0.000387271
0.078946 0.104478 0.0378763 0.652225 0.106603 0.0198717
0.111643 0.068683 0.0453385 0.774136 9.9982E-05 9.9982E-05
0.0850687 0.0126741 0.0222691 0.839551 0.0403369 9.9991E-05
0.202654 0.0703012 9.9991E-05 0.54609 0.077056 0.103799
