9.996E-05 9.996E-05 9.996E-05 9.996E-05 0.9995 9.996E-05
0.0932468 9.9991E-05 0.00600812 0.10697 0.741194 0.0524813
0.0606412 0.0247709 0.0834765 9.9982E-05 0.830911 9.9982E-05
0.0586846 9.9982E-05 0.0732477 9.9982E-05 0.826403 0.0414648
0.088644 9.9982E-05 9.9982E-05 0.0645887 0.770159 0.0764079
0.0362391 0.0420445 0.00270459 9.9982E-05 0.918812 9.9982E-05
0.106544 9.9964E-05 9.9964E-05 9.9964E-05 0.893056 9.9964E-05
0.0514902 9.9982E-05 9.9982E-05 0.0132865 0.871179 0.0638445
0.140732 9.9991E-05 0.031103 0.00727222 0.81759 0.00320294
0.0633572 0.0300919 0.0177038 0.0180103 0.852695 0.0181416
0.0841073 9.9991E-05 0.0766447 0.0207567 0.801413 0.0169786
0.0158809 9.9982E-05 0.113822 0.0841943 0.785902 9.9982E-05
9.9982E-05 0.0715401 0.0855083 9.9982E-05 0.787191 0.0555605
0.0513422 0.0741116 0.108878 9.9991E-05 0.761383 0.0041844
0.0577545 9.9982E-05 0.0657068 0.065249 0.81109 9.9982E-05
0.0805847 0.0478793 9.9982E-05 0.0205801 0.850756 9.9982E-05
9.9964E-05 9.9964E-05 9.9964E-05 0.02899 0.97061 9.9964E-05
9.9964E-05 0.0169089 9.9964E-05 9.9964E-05 0.982691 9.9964E-05
9.9964E-05 0.0154887 9.9964E-05 9.9964E-05 0.984111 9.9964E-05
9.9973E-05 9.9973E-05 0.0175793 0.0445458 0.937575 9.9973E-05
9.996E-05 9.996E-05 0.9995 9.996E-05 9.996E-05 9.996E-05
0.105594 0.119353 0.707503 0.0318107 0.0257292 0.0100112
0.0514162 0.170942 0.645495 0.0571324 0.0510787 0.0239353
9.9982E-05 0.155372 0.827525 0.0138963 9.9982E-05 0.00300671
9.9982E-05 9.9982E-05 0.956944 0.0280563 0.0144147 0.000384882
9.999E-05 0.0184913 0.928224 0.0450141 0.00758933 0.000581447
0.0585049 0.146768 0.756074 0.0384537 9.9982E-05 9.9982E-05
9.996E-05 9.996E-05 0.9995 9.996E-05 9.996E-05 9.996E-05
0.0891317 9.9973E-05 0.816936 0.093632 9.9973E-05 9.9973E-05
0.130225 0.0683643 0.644379 0.0849727 0.00352731 0.0685319
0.180007 9.9982E-05 0.699081 0.0761172 9.9982E-05 0.0445953
0.0668712 0.123113 0.754615 0.0532329 0.00206865 9.9991E-05
0.0447579 0.090385 0.780217 9.9991E-05 0.0511008 0.033439
0.144821 0.00380527 0.64489 9.9991E-05 0.00517056 0.201214
0.0833645 0.003718 0.567686 0.188564 0.0344485 0.122219
0.186713 0.00815695 0.450383 0.149923 0.107663 0.0971616
0.0776667 0.160888 0.625297 0.0447588 0.0157705 0.0756185
9.9991E-05 0.744673 0.0969997 0.133854 0.0109722 0.0134009
0.0685145 0.665215 9.9991E-05 0.134187 0.00783587 0.124148
0.0473957 0.75222 0.0480912 0.145818 9.9991E-05 0.00637503
0.0105663 0.7707 0.0265989 0.191935 9.9982E-05 9.9982E-05
9.9982E-05 0.771925 0.0836176 9.9982E-05 0.0175328 0.126725
0.0175114 0.870767 9.9973E-05 0.111422 9.9973E-05 9.9973E-05
0.16309 0.703938 9.9982E-05 9.9982E-05 0.0244138 0.108358
0.0716362 0.745433 0.0432132 0.0598288 0.0122269 0.0676621
0.14015 0.711456 0.0424963 0.00531406 0.0555604 0.0450234
0.0573959 0.790207 9.9982E-05 0.111841 9.9982E-05 0.0403569
9.9991E-05 0.901589 0.0279693 0.0246392 0.0158763 0.0298264
9.9982E-05 0.959087 0.0308307 0.000919328 0.00896341 9.9982E-05
0.162565 0.740514 9.9982E-05 9.9982E-05 0.0214186 0.0753025
0.0171024 0.847975 0.0331547 0.0897777 9.9991E-05 0.0118904
0.0258167 0.829725 0.0510244 0.0932338 9.9982E-05 9.9982E-05
9.9973E-05 0.811813 0.0131731 9.9973E-05 9.9973E-05 0.174714
9.9973E-05 0.773188 9.9973E-05 0.144012 0.0824998 9.9973E-05
0.0299683 0.842924 0.0377307 0.0173886 0.0247579 0.0472309
0.0349768 0.731506 0.076839 0.156478 9.9982E-05 9.9982E-05
0.0362817 0.732896 0.0798903 0.00363551 0.0712509 0.076046
0.037579 0.150158 0.124494 0.567076 0.0101844 0.110509
9.9991E-05 0.0296271 0.0654957 0.260873 0.0730207 0.570884
0.074275 9.9991E-05 0.0626845 0.494017 0.0210089 0.347915
0.0444004 0.0899996 9.9991E-05 0.524264 0.0477762 0.29346
0.0480526 0.00118037 0.0226702 0.769845 9.9991E-05 0.158152
0.0122397 0.135133 0.0258507 0.64674 0.0308075 0.149229
9.9991E-05 0.00855125 0.0445936 0.0661731 0.00526901 0.875313
9.9991E-05 0.0850729 0.0603304 0.251846 0.00536739 0.597283
0.0354734 0.119492 9.9991E-05 0.48191 0.136472 0.226553
0.0317373 0.0642509 0.166412 0.536238 0.0475108 0.153851
9.9982E-05 9.9982E-05 0.0937451 0.636469 0.0581258 0.21146
9.9982E-05 9.9982E-05 0.0990733 0.638971 0.0476319 0.214124
0.0219574 9.9991E-05 0.0902105 0.495566 0.0882579 0.303909
0.0290449 9.9991E-05 0.0253263 0.691459 0.047703 0.206367
0.00495746 0.0940459 0.0183905 0.68877 0.00127512 0.192561
9.9991E-05 0.0227972 0.0979016 0.55262 0.003891 0.322691
0.0924833 0.0360208 0.141119 0.486059 0.012509 0.231809
9.9982E-05 0.359643 0.1387 0.451598 9.9982E-05 0.0498598
9.9991E-05 0.234911 0.0346781 0.57836 0.0568964 0.0950553
9.9982E-05 0.419084 9.9982E-05 0.395217 0.0736119 0.111887
9.9973E-05 0.0814337 9.9973E-05 0.0755123 9.9973E-05 0.842754
0.034747 0.20643 0.0741248 0.325661 0.0851131 0.273924
9.9973E-05 0.158528 9.9973E-05 0.611618 9.9973E-05 0.229554
0.0491908 0.101414 0.0803439 0.633204 0.0334275 0.102419
0.062351 9.9991E-05 0.0446172 0.683084 0.0518203 0.158027
9.9982E-05 0.100946 9.9982E-05 0.528612 0.104 0.266241
0.293143 0.168182 0.00676947 0.279292 0.0409383 0.211676
0.508438 0.270032 9.9991E-05 0.097244 0.0331719 0.0910139
0.146305 0.188353 0.0496221 0.543338 0.0086666 0.0637149
0.0477367 0.150374 9.9991E-05 0.59653 0.0268675 0.178391
0.157721 0.104836 9.9991E-05 0.698379 0.00954403 0.0294208
0.0652913 0.0993055 0.0550956 0.497081 0.0112579 0.271968
9.9964E-05 9.9964E-05 0.093862 9.9964E-05 9.9964E-05 0.905738
0.0131664 0.104073 0.0831601 0.467278 0.00198823 0.330334
0.0422033 0.10991 0.0224972 0.633805 9.9991E-05 0.191485
0.158133 0.0396434 0.0838548 0.433377 0.0891738 0.195818
0.0502258 0.0838767 0.154737 0.431212 0.105576 0.174373
0.152484 0.024657 0.0840012 0.489515 0.0284812 0.220861
0.163471 9.9991E-05 0.0422808 0.497201 0.0795429 0.217404
0.180496 0.0461912 0.0359599 0.377648 0.0789425 0.280763
9.9991E-05 0.113023 0.00452904 0.575306 0.0926946 0.214347
0.0035152 9.9991E-05 0.101008 0.720102 0.0368264 0.138448
0.0464449 0.0377751 0.00438409 0.616273 0.0679512 0.227172
0.105861 9.9991E-05 0.107536 0.590024 0.0372257 0.159254
0.168359 9.9982E-05 9.9982E-05 0.39401 0.0449835 0.392448
0.0373687 9.9991E-05 0.00266188 0.755914 0.0562778 0.147678
9.996E-05 9.996E-05 9.996E-05 9.996E-05 9.996E-05 0.9995
0.0934803 0.00797898 0.0439897 0.499539 0.089533 0.265479
0.0695053 9.9991E-05 0.0454585 0.535775 0.0305789 0.318582
0.077763 9.9991E-05 0.0291723 0.608992 0.0407621 0.243211
0.0481251 0.13024 9.9991E-05 0.618946 0.0334815 0.169107
9.9991E-05 0.0811864 0.0103514 0.744035 0.0613853 0.102942
0.0192186 9.9991E-05 0.117582 0.679098 0.069814 0.114188
9.9964E-05 9.9964E-05 9.9964E-05 0.983641 0.015959 9.9964E-05
9.996E-05 9.996E-05 9.996E-05 9.996E-05 9.996E-05 0.9995
9.996E-05 9.996E-05 9.996E-05 0.9995 9.996E-05 9.996E-05
0.0506554 0.0678328 0.0215695 0.501933 0.0873729 0.270637
0.0548966 0.0271708 0.103406 0.392923 0.0590435 0.362561
0.0320354 9.9991E-05 0.0946617 0.512072 0.0965121 0.264619
9.9991E-05 0.105388 0.00453066 0.608284 0.0933754 0.188323
9.9991E-05 0.0911194 0.0845201 0.577599 0.0366367 0.210024
0.0512489 0.0699954 0.0012089 0.0100038 0.00788026 0.859663
0.0709353 0.0620193 0.0312655 0.488796 0.118767 0.228217
0.176198 9.9982E-05 0.208521 0.530023 9.9982E-05 0.0850587
0.213077 0.0392035 0.123864 0.484048 0.0111531 0.128654
0.0675489 9.9982E-05 0.311362 0.440365 9.9982E-05 0.180524
0.172362 9.9991E-05 0.193816 0.434513 0.0104044 0.188804
0.15769 0.0118065 0.243951 0.42376 0.0118501 0.150943
0.207644 9.9991E-05 0.303029 0.264422 0.00849938 0.216305
0.168333 0.0391918 0.273585 0.36921 0.0116957 0.137984
0.111572 9.9991E-05 0.250077 0.382763 0.109553 0.145934
0.123606 0.148249 0.234548 0.38658 0.0206135 0.0864038
0.065394 0.136171 0.230989 0.481272 0.00182239 0.0843511
0.0808282 0.0779994 0.287473 0.477602 0.0114106 0.0646861
0.748059 0.118045 0.0943427 0.0222207 0.00634783 0.0109846
0.785056 0.106207 0.0107788 9.9991E-05 0.0100492 0.0878088
0.726265 0.0966541 0.108823 0.000183645 0.0400402 0.0280346
0.737898 0.131927 0.0624701 9.9982E-05 0.0675045 9.9982E-05
0.747436 0.108586 0.0684881 9.9991E-05 0.0439096 0.0314799
0.733087 0.0589568 0.0786367 0.0281628 0.0258409 0.0753158
0.721156 0.160827 0.0679516 9.9991E-05 0.00302146 0.0469436
0.762457 0.0137766 0.127706 0.0528966 9.9991E-05 0.0430636
0.596671 0.0697947 0.0858417 0.115654 0.0283859 0.103652
0.705259 0.247042 9.9982E-05 0.0428009 9.9982E-05 0.00469825
0.739301 0.162832 0.088701 0.00116646 0.00303278 0.00496584
0.749737 0.222723 9.9982E-05 0.0220229 0.00531697 9.9982E-05
0.603362 0.145851 0.0578083 0.149375 0.0435041 9.9991E-05
0.526559 0.229005 9.9991E-05 0.178692 0.0142903 0.0513537
0.729328 9.9982E-05 9.9982E-05 0.167873 0.0721445 0.0304548
0.742414 0.0839284 9.9991E-05 0.00260338 0.11385 0.0571042
0.794478 0.101264 9.9982E-05 0.0389717 9.9982E-05 0.0650857
0.799598 0.0744972 9.9991E-05 0.0133385 0.0728645 0.0396022
0.729223 0.157907 0.0417857 9.9982E-05 0.0708843 9.9982E-05
0.704606 0.154956 0.0504525 9.9991E-05 0.0145163 0.0753695
0.745063 0.0739421 0.000734272 0.018838 0.0758442 0.0855785
0.802101 0.0225184 0.0358075 0.139373 9.9982E-05 9.9982E-05
0.761045 0.135782 0.000987535 0.0311026 0.00576964 0.0653137
0.787264 0.0475406 9.9991E-05 0.0904656 0.041439 0.0331912
0.700998 9.9982E-05 0.0983304 9.9982E-05 0.0870945 0.113377
0.710562 0.039587 0.110548 0.120358 0.0104246 0.00852039
0.756737 0.079877 0.0784251 9.9991E-05 0.0401218 0.0447392
0.701879 0.116859 9.9982E-05 9.9982E-05 0.0550649 0.125997
0.675635 0.203192 0.00919898 0.058171 0.0277005 0.0261031
0.734013 0.129079 0.0304663 9.9982E-05 9.9982E-05 0.106242
0.774094 0.166685 9.9982E-05 0.00154679 9.9982E-05 0.0574742
0.676065 0.171393 0.057369 9.9991E-05 0.0600109 0.0350622
0.694311 0.176601 0.119192 0.00969648 9.9982E-05 9.9982E-05
0.819864 9.9982E-05 0.0199976 0.0580021 9.9982E-05 0.101936
0.825577 0.0673472 0.050791 0.00399328 0.0352823 0.0170088
0.174163 0.645732 0.0838949 9.9991E-05 0.0341889 0.0619217
0.152507 0.600761 0.134618 9.9991E-05 0.036299 0.0757143
0.168345 0.520414 0.0510379 9.9991E-05 0.153558 0.106546
0.18497 0.597094 0.0264932 0.0846519 0.0434506 0.0633405
0.0401109 0.64623 0.0920543 0.108286 0.0859001 0.0274183
0.0694966 0.754505 0.111566 9.9982E-05 9.9982E-05 0.064232
0.0842556 0.796988 0.0500122 0.0493191 0.00576152 0.0136632
0.0672189 0.570098 0.194942 0.0848015 0.0828397 9.9991E-05
