9.9964E-05 9.9964E-05 0.993768 0.00583175 9.9964E-05 9.9964E-05
0.0113193 0.112799 0.710979 0.107762 0.0570416 9.9991E-05
9.9982E-05 9.9982E-05 0.817085 0.00107043 0.0695015 0.112144
0.0081358 0.0101373 0.823015 9.9991E-05 0.121586 0.0370265
0.057459 9.9991E-05 0.804074 0.0486817 0.0556082 0.0340775
0.00205276 9.9982E-05 0.938211 0.00224251 0.0572938 9.9982E-05
9.9964E-05 9.9964E-05 0.933014 9.9964E-05 0.0665857 9.9964E-05
0.0359675 0.00161874 0.859694 9.9982E-05 0.10252 9.9982E-05
0.00268659 0.0048485 0.807006 0.0142543 0.169796 0.00140905
0.0205309 9.9982E-05 0.874795 9.9982E-05 0.0625033 0.0419707
9.9982E-05 0.101047 0.777824 9.9982E-05 0.100801 0.0201284
0.0120619 0.0173696 0.790851 0.00954151 0.0377304 0.132445
0.0547007 0.0369872 0.83632 0.0281615 9.9991E-05 0.043731
9.9982E-05 0.0167939 0.745822 9.9982E-05 0.134028 0.103155
9.9973E-05 0.104274 0.826582 9.9973E-05 9.9973E-05 0.0688444
9.9964E-05 9.9964E-05 0.87886 9.9964E-05 0.12074 9.9964E-05
9.9964E-05 0.0212533 0.978347 9.9964E-05 9.9964E-05 9.9964E-05
9.9964E-05 9.9964E-05 0.972441 0.0271594 9.9964E-05 9.9964E-05
9.9964E-05 9.9964E-05 0.981044 0.0185562 9.9964E-05 9.9964E-05
0.033889 9.9982E-05 0.928016 0.0268757 9.9982E-05 0.0110189
9.996E-05 9.996E-05 9.996E-05 9.996E-05 9.996E-05 0.9995
0.0038151 0.117945 0.00762002 0.0932979 0.0851047 0.692217
0.0130706 0.0483582 0.0478005 0.122417 0.0323186 0.736035
0.0449186 9.9982E-05 9.9982E-05 0.138906 0.0227029 0.793272
0.027751 0.054518 9.9973E-05 9.9973E-05 9.9973E-05 0.917431
9.9964E-05 0.0910582 9.9964E-05 9.9964E-05 9.9964E-05 0.908542
0.000157637 0.0268346 9.9991E-05 0.164515 0.0309525 0.77744
9.996E-05 9.996E-05 9.996E-05 9.996E-05 9.996E-05 0.9995
0.0271598 0.0582146 9.9982E-05 9.9982E-05 0.0658966 0.848529
0.0215382 0.185264 9.9991E-05 0.118567 0.0219096 0.652621
0.00765018 0.0767492 9.9991E-05 0.0236631 0.0959985 0.795839
9.999E-05 0.050425 0.0152919 0.17707 0.0704313 0.686682
9.999E-05 0.0683148 0.0424604 0.0418435 0.0412796 0.806002
0.0125595 0.183829 9.9991E-05 0.032208 0.0840758 0.687228
0.0902655 0.181816 0.0396873 0.0289237 0.0326293 0.626678
0.0268091 0.210413 0.0783139 9.9991E-05 0.180565 0.503799
0.0771841 0.0555362 9.9991E-05 0.200559 0.00768737 0.658933
0.022713 0.0611443 9.9991E-05 0.862554 0.0302211 0.0232678
0.0457714 0.133001 9.9982E-05 0.769038 0.0519896 9.9982E-05
0.0235912 0.106314 0.0374081 0.744362 0.0467678 0.0415567
9.9982E-05 0.14432 0.0157071 0.791925 0.0478477 9.9982E-05
0.061861 0.0829413 0.0171916 0.811059 9.9991E-05 0.0268469
9.9991E-05 0.0746173 0.0305283 0.854405 0.0163146 0.0240349
0.0137669 0.018329 0.0853448 0.729656 0.141681 0.011223
0.0678054 0.0591234 0.00687 0.772608 0.0392098 0.0543831
0.0402279 9.9991E-05 0.0627328 0.778937 0.0766732 0.041329
0.0269032 0.114776 9.9973E-05 0.858021 9.9973E-05 9.9973E-05
0.0488701 0.00156374 0.0386589 0.863745 0.0470624 9.9991E-05
9.9982E-05 0.0209718 0.0179327 0.952718 9.9982E-05 0.00817719
0.0383855 0.0608696 0.0113777 0.823679 0.065588 9.9991E-05
0.000963716 0.0675877 9.9982E-05 0.912451 0.0187974 9.9982E-05
9.9973E-05 9.9973E-05 0.0219955 0.877445 9.9973E-05 0.10026
0.127347 9.9982E-05 0.0110192 0.859896 9.9982E-05 0.00153767
9.9973E-05 0.0894588 0.0913367 0.818905 9.9973E-05 9.9973E-05
0.0189385 0.0954659 0.024069 0.795642 0.0657843 9.9991E-05
0.0297029 0.0777057 0.0374783 0.781471 0.0095724 0.0640698
0.0428515 9.9982E-05 0.0636361 0.824354 9.9982E-05 0.0689589
0.134403 0.600609 0.0438519 0.0926743 0.109779 0.0186832
0.124971 0.74751 0.118184 9.9982E-05 9.9982E-05 0.00913536
0.245811 0.512639 0.0556066 0.027 0.103822 0.0551211
0.265664 0.470205 0.0666602 0.172011 9.9991E-05 0.0253589
0.158612 0.785549 9.9991E-05 0.00156396 0.00847651 0.0456992
0.163863 0.601707 0.0405104 0.181665 9.9991E-05 0.0121545
0.19568 0.710903 0.0661758 0.0270408 9.9982E-05 9.9982E-05
0.154269 0.736047 0.0179621 0.0614206 0.0231337 0.00716721
0.166327 0.552602 0.105051 0.046749 0.129171 9.9991E-05
0.139122 0.56684 0.0709458 0.0535731 0.00213128 0.167388
0.140842 0.754746 0.0116022 0.0489411 9.9991E-05 0.0437682
0.187965 0.66539 9.9973E-05 9.9973E-05 9.9973E-05 0.146345
0.193756 0.641012 0.0418447 9.9991E-05 0.0505231 0.0727642
0.161804 0.768907 0.0628664 9.9982E-05 9.9982E-05 0.00622312
0.161074 0.75559 9.9991E-05 0.0425146 0.0135113 0.0272105
0.205301 0.625625 0.0436208 0.0184262 0.00680902 0.100218
0.18653 0.519869 0.00935063 0.0993082 0.0861917 0.0987506
0.0610995 0.511065 0.0115589 0.337096 9.9991E-05 0.0790808
0.10387 0.528282 0.0824294 0.222047 0.0252139 0.0381576
0.101387 0.317318 0.0675197 0.513575 9.9982E-05 9.9982E-05
0.198628 0.722993 9.9973E-05 0.0780786 9.9973E-05 9.9973E-05
0.175122 0.325699 0.0852715 0.275445 9.9991E-05 0.138363
0.192708 0.658216 9.9982E-05 0.147997 0.000879222 9.9982E-05
0.109655 0.601657 0.0803792 0.124816 9.9991E-05 0.0833928
0.105057 0.716269 0.0316113 0.105427 0.0389587 0.0026768
0.165586 0.648591 0.0900187 0.095604 9.9982E-05 9.9982E-05
0.152134 0.290386 0.0190642 0.338417 0.181394 0.0186043
0.00601212 0.169559 9.9982E-05 0.277304 0.546925 9.9982E-05
0.0349336 0.5058 0.0777879 0.208492 0.0621677 0.110819
0.146603 0.639462 0.0146472 0.0909873 0.1082 9.9991E-05
0.0741345 0.586075 0.0298088 0.16282 0.123991 0.0231712
0.165167 0.591011 0.0255728 0.151259 0.0152792 0.0517111
0.899407 0.0273527 9.9982E-05 0.0279276 9.9982E-05 0.0451133
0.136127 0.636042 0.0308931 0.155845 0.00495619 0.0361372
0.111441 0.729222 9.9982E-05 0.125207 9.9982E-05 0.0339298
0.167458 0.506761 0.0627082 9.9991E-05 0.157778 0.105195
0.156906 0.487981 0.101856 0.0232722 0.137319 0.0926656
0.126339 0.638073 0.0369196 9.9991E-05 0.119261 0.0793078
0.112158 0.520584 0.143078 0.0470988 0.0912 0.0858819
0.141469 0.527976 0.0537941 0.0500725 0.226588 9.9991E-05
0.115951 0.581637 0.10245 0.179284 9.9991E-05 0.0205779
0.118025 0.741036 0.0133073 0.0927331 9.9991E-05 0.0347987
0.215351 0.56646 0.0423545 0.128624 0.0471112 9.9991E-05
0.114976 0.666083 0.0294124 0.0232439 0.0698299 0.0964546
0.238003 0.588118 0.0632353 9.9982E-05 0.110444 9.9982E-05
0.157308 0.756211 0.0241677 9.9991E-05 0.0291594 0.033054
0.9995 9.996E-05 9.996E-05 9.996E-05 9.996E-05 9.996E-05
0.174815 0.513717 0.109198 0.113333 0.056541 0.0323965
0.157138 0.710837 0.0736277 0.00977587 0.0220997 0.026522
0.207332 0.541518 0.0933195 0.0723207 0.0665717 0.0189381
0.155045 0.626319 0.0104112 0.208025 9.9982E-05 9.9982E-05
0.0819582 0.739816 0.0663269 0.0825759 9.9991E-05 0.0292228
0.105757 0.675883 0.082146 0.0168268 0.0429396 0.0764473
0.063063 0.822581 9.9973E-05 0.114056 9.9973E-05 9.9973E-05
0.9995 9.996E-05 9.996E-05 9.996E-05 9.996E-05 9.996E-05
0.0626878 0.791952 9.9973E-05 0.14506 9.9973E-05 9.9973E-05
0.16466 0.679909 0.0595908 9.9991E-05 0.0867782 0.0089617
0.242756 0.508022 0.0395804 9.9991E-05 0.117721 0.09182
0.140809 0.653882 0.117442 9.9982E-05 0.0876657 9.9982E-05
0.176528 0.602475 0.0570607 0.127841 9.9991E-05 0.0359958
0.136306 0.646286 0.0464099 0.103445 9.9991E-05 0.0674538
0.790146 0.0827992 0.0558969 0.0630004 0.000582486 0.00757496
0.207645 0.49974 0.0963405 0.0839513 0.112223 9.9991E-05
0.0961866 0.507358 0.052705 9.9991E-05 0.144663 0.198987
0.146583 0.539258 9.9982E-05 9.9982E-05 0.217041 0.0969185
0.110453 0.454969 9.9991E-05 0.0593605 0.106411 0.268706
0.10352 0.489621 0.0577129 9.9991E-05 0.144213 0.204834
0.116404 0.460659 0.0251663 0.00729002 0.168757 0.221723
0.121921 0.411362 0.0180561 9.9991E-05 0.220097 0.228464
0.133496 0.373126 0.0602407 0.0817996 0.131159 0.220179
0.0829708 0.496255 0.109462 0.0200285 0.054526 0.236758
0.0989227 0.383823 0.00951084 0.112969 0.150893 0.243881
0.136843 0.385644 0.00870084 0.133922 0.123098 0.211793
0.105152 0.436155 0.000935506 0.0774263 0.108508 0.271824
0.0848237 0.00527595 0.000944447 0.00238952 0.839398 0.0671688
0.102238 9.9973E-05 9.9973E-05 9.9973E-05 0.831466 0.065996
0.0592165 9.9991E-05 0.0424993 0.0313671 0.730373 0.136445
0.00227158 9.9991E-05 0.0580916 0.122494 0.757454 0.059589
9.9991E-05 0.0806621 0.0247862 0.104456 0.770819 0.0191763
0.0886396 0.0402364 0.0283085 9.9991E-05 0.73553 0.107186
0.0556943 9.9982E-05 9.9982E-05 0.111171 0.775368 0.0575667
0.0453449 0.0465074 9.9991E-05 0.00331895 0.810068 0.0946606
0.0302993 0.172095 0.0599288 0.119092 0.544648 0.0739372
0.0486532 9.9982E-05 9.9982E-05 0.13874 0.741058 0.0713486
9.9991E-05 0.0239504 0.000815627 0.133012 0.790151 0.0519707
0.0135438 9.9982E-05 0.0379682 0.126733 0.821555 9.9982E-05
0.00481181 0.105022 0.0227672 0.192466 0.624726 0.0502072
0.0584903 0.163986 0.0226223 0.16533 0.589472 9.9991E-05
0.0654071 0.0617388 0.102293 9.9991E-05 0.663273 0.107189
0.024919 0.0652636 0.0909815 9.9982E-05 0.818636 9.9982E-05
0.0711248 9.9982E-05 9.9982E-05 0.0638294 0.857903 0.00694249
9.9973E-05 0.123784 0.0586754 9.9973E-05 0.817241 9.9973E-05
0.0687729 9.9991E-05 0.0444143 0.0355911 0.817431 0.0336905
0.0635731 0.0151922 0.0191493 0.0818616 0.76174 0.0584842
0.103771 9.9991E-05 0.10025 0.041919 0.71188 0.0420804
0.0631338 0.0343862 0.00833501 0.0610544 0.790304 0.0427863
0.0944942 0.0443152 0.002911 0.0398744 0.763319 0.0550861
0.0535962 0.0600497 0.0282959 9.9991E-05 0.737695 0.120264
0.0943895 9.9982E-05 0.0330085 9.9982E-05 0.727405 0.144997
0.0350205 0.0475731 0.00368498 0.126309 0.661328 0.126085
0.0469605 9.9991E-05 0.0192425 0.0362853 0.778621 0.11879
0.0134296 0.157735 0.081019 0.06868 0.679036 9.9991E-05
0.0833099 0.0567058 0.0153915 0.0770666 0.742792 0.0247338
0.0319218 0.0277838 9.9991E-05 0.146374 0.747658 0.0461624
0.0834723 9.9973E-05 9.9973E-05 0.0413696 0.874858 9.9973E-05
0.0181218 0.0866013 0.0792198 0.160298 0.624613 0.0311461
9.9982E-05 0.0209054 9.9982E-05 0.136545 0.718836 0.123514
0.0899531 9.9973E-05 9.9973E-05 9.9973E-05 0.787479 0.122268
0.069847 9.9982E-05 0.0579742 9.9982E-05 0.822708 0.0492708
0.0543316 0.0154429 0.0302335 0.722828 0.150239 0.0269249
0.106559 9.9991E-05 0.052751 0.499893 0.242384 0.0983127
0.0464207 9.9991E-05 0.145198 0.565741 0.116646 0.125894
0.109434 9.9991E-05 0.103958 0.601659 0.150681 0.0341681
0.0410813 0.0698319 0.0995701 0.564934 0.186528 0.0380548
0.0662877 9.9982E-05 9.9982E-05 0.700284 0.143584 0.0896445
0.0333492 9.9982E-05 9.9982E-05 0.824255 0.0830477 0.059148
9.9982E-05 9.9982E-05 0.095209 0.619218 0.106691 0.178681
