9.9964E-05 9.9964E-05 0.0408932 0.958707 9.9964E-05 9.9964E-05
0.159637 9.9982E-05 0.0402555 0.744789 0.0551186 9.9982E-05
9.9982E-05 0.117744 9.9982E-05 0.826645 0.0124796 0.0429311
9.9982E-05 0.0460947 9.9982E-05 0.792378 0.115283 0.0460444
0.119665 9.9982E-05 0.0240232 0.788599 0.0675121 9.9982E-05
9.9964E-05 9.9964E-05 9.9964E-05 0.901153 0.098447 9.9964E-05
9.9964E-05 9.9964E-05 9.9964E-05 0.913078 0.0865224 9.9964E-05
0.0424908 0.0135546 9.9991E-05 0.857211 0.0717893 0.0148544
0.0429863 0.00787875 0.00999993 0.795029 0.114784 0.0293218
9.9973E-05 0.0556543 9.9973E-05 0.84108 0.102966 9.9973E-05
0.0777464 0.0270798 9.9991E-05 0.775465 0.0979602 0.0216486
0.075237 0.042937 9.9991E-05 0.764657 0.104467 0.0126022
0.0491491 0.0658701 9.9991E-05 0.805029 0.0319254 0.0479259
9.9982E-05 0.100997 0.0881288 0.677996 0.132678 9.9982E-05
0.0907703 0.0520793 9.9982E-05 0.816342 0.0406082 9.9982E-05
9.9964E-05 9.9964E-05 9.9964E-05 0.864397 0.135203 9.9964E-05
9.9964E-05 9.9964E-05 9.9964E-05 0.961931 9.9964E-05 0.037669
9.9973E-05 9.9973E-05 0.0235091 0.966961 9.9973E-05 0.0092297
9.9964E-05 9.9964E-05 0.0317766 0.967824 9.9964E-05 9.9964E-05
9.9973E-05 0.0389005 9.9973E-05 0.918013 9.9973E-05 0.0427868
9.996E-05 0.9995 9.996E-05 9.996E-05 9.996E-05 9.996E-05
0.0818832 0.761214 0.0115616 0.0338511 0.080937 0.030553
0.0336886 0.729895 0.117412 0.0517098 0.0456725 0.0216214
9.9973E-05 0.839765 0.153402 9.9973E-05 9.9973E-05 0.00653275
0.0799357 0.905794 9.9973E-05 0.0139709 9.9973E-05 9.9973E-05
0.0264757 0.920808 0.0205217 0.0319944 9.9982E-05 9.9982E-05
0.086063 0.808746 0.0645756 9.9991E-05 0.0334334 0.00708193
9.996E-05 0.9995 9.996E-05 9.996E-05 9.996E-05 9.996E-05
0.086406 0.795854 0.00238396 0.00159222 0.0850733 0.0286904
0.0998692 0.711946 0.10679 0.0209277 0.0299663 0.0305009
0.111948 0.76885 9.9973E-05 9.9973E-05 0.118903 9.9973E-05
0.0272047 0.724926 0.178615 0.0102088 0.0589458 9.9991E-05
0.0432874 0.717854 0.118575 0.0587606 0.0614233 9.9991E-05
0.181852 0.60315 9.9991E-05 0.00305122 0.185005 0.0268422
0.235616 0.615192 0.0385284 0.0364209 0.00235127 0.0718914
0.232828 0.411509 9.9991E-05 0.107286 0.208213 0.0400636
0.16865 0.649577 0.145037 0.0196538 0.0125662 0.00451581
0.180011 0.0662473 0.716362 9.9982E-05 0.0371794 9.9982E-05
0.0771107 0.00288503 0.753862 9.9991E-05 0.0713766 0.0946661
0.102827 0.0674044 0.819413 0.00129 9.9991E-05 0.00896567
0.067946 0.0648715 0.76363 0.0196278 0.0687722 0.0151524
0.0744432 9.9991E-05 0.776091 0.0393701 0.0297409 0.0802552
0.0408085 9.9991E-05 0.909199 0.0217108 0.0103808 0.0178004
0.0389766 0.0260737 0.711024 0.0766033 0.121191 0.0261314
9.9973E-05 0.0571875 0.846415 9.9973E-05 9.9973E-05 0.0960979
9.9991E-05 0.0795735 0.692887 0.0632874 0.111987 0.0521646
0.144715 9.9973E-05 0.802022 9.9973E-05 9.9973E-05 0.0529629
9.9982E-05 0.0241602 0.907733 0.0155935 9.9982E-05 0.0523134
9.9973E-05 0.0500078 0.929861 0.0198312 9.9973E-05 9.9973E-05
0.0127709 9.9991E-05 0.799336 0.0329802 0.110392 0.0444212
0.0673525 0.0350886 0.878482 9.9982E-05 9.9982E-05 0.0188772
0.0474901 0.069608 0.86335 9.9982E-05 0.0193523 9.9982E-05
0.0602326 9.9973E-05 0.837968 9.9973E-05 9.9973E-05 0.101499
0.0282974 0.0239856 0.837049 0.0906501 9.9991E-05 0.0199175
0.0898627 9.9991E-05 0.783642 0.0299238 0.0900177 0.00645428
0.0779032 0.0860221 0.752122 0.0155438 0.0421589 0.0262502
9.9991E-05 0.0582477 0.748193 0.0859741 0.0428826 0.0646026
0.567554 0.0359983 0.164082 0.031369 0.111609 0.0893886
0.740121 0.0278183 0.00131275 0.107718 9.9991E-05 0.12293
0.59723 0.00650724 0.0629634 0.0546347 0.0848019 0.193863
0.547421 9.9982E-05 0.15953 0.0189435 9.9982E-05 0.273906
0.778471 9.9982E-05 0.0517128 9.9982E-05 0.0219612 0.147655
0.598148 0.0386231 0.126883 0.0634797 9.9991E-05 0.172767
0.798599 0.0455791 9.9991E-05 0.0377414 0.00507929 0.112901
0.745449 0.0052417 0.066743 0.0192509 0.0286189 0.134697
0.590864 9.9991E-05 0.0287471 0.134109 0.106418 0.139761
0.58094 0.192817 0.0484646 0.0470932 9.9991E-05 0.130586
0.693626 0.0503123 9.9991E-05 0.038033 0.0813633 0.136565
0.656327 0.197735 9.9982E-05 0.0119204 9.9982E-05 0.133818
0.686524 0.0675201 9.9991E-05 0.0602446 0.00281626 0.182795
0.738652 0.0548602 0.0831089 0.0233584 9.9991E-05 0.0999208
0.758601 0.0179877 0.115983 0.0117275 9.9991E-05 0.0956015
0.626764 0.104477 0.0331352 0.0257567 0.0427334 0.167134
0.564074 0.156211 0.0187649 0.00863432 0.118524 0.133792
0.558092 0.0971399 0.28728 0.0260803 9.9991E-05 0.0313078
0.578712 0.0339023 0.240696 0.0751635 9.9991E-05 0.0714257
0.29732 9.9982E-05 0.55033 0.0584175 9.9982E-05 0.0937329
0.842749 9.9973E-05 0.0492819 9.9973E-05 9.9973E-05 0.107669
0.470793 0.101604 0.201586 0.0664481 9.9991E-05 0.159469
0.636822 9.9982E-05 0.120273 9.9982E-05 0.0772261 0.165479
0.620698 0.0652173 0.117458 0.052638 0.0527895 0.0911995
0.683579 0.0892278 9.9991E-05 0.0455669 0.0345115 0.147015
0.624951 9.9982E-05 0.099415 0.0962349 9.9982E-05 0.179199
0.211483 0.0827865 0.358884 9.9991E-05 0.179467 0.167279
0.131469 9.9982E-05 0.266094 9.9982E-05 0.565774 0.0364635
0.533706 9.9982E-05 0.221235 0.0790153 0.165843 9.9982E-05
0.683503 0.0165919 0.125619 0.0266793 0.0367154 0.110892
0.670601 0.0336798 0.0976366 0.0245339 0.115136 0.0584134
0.615511 0.037752 0.103144 0.0411211 0.0460053 0.156467
9.9973E-05 0.0572488 0.0253791 9.9973E-05 9.9973E-05 0.917072
0.637947 0.0357643 0.14561 0.0498401 9.9991E-05 0.130739
0.7595 9.9973E-05 0.153988 9.9973E-05 9.9973E-05 0.0862125
0.506879 0.0541675 0.00900245 0.112237 0.176245 0.141469
0.517402 0.148502 9.9991E-05 0.120455 0.100969 0.112572
0.746349 0.0214492 9.9991E-05 0.0470879 0.127987 0.0570271
0.536166 0.0930243 9.9991E-05 0.127976 0.0989164 0.143817
0.551479 9.9991E-05 0.0833149 0.087274 0.153653 0.124179
0.591336 0.016969 0.187515 0.0824981 9.9991E-05 0.121581
0.755139 0.0437143 0.0791435 0.0125069 9.9991E-05 0.109396
0.688118 9.9982E-05 0.100726 9.9982E-05 0.0458556 0.1651
0.651838 0.109883 9.9991E-05 0.0220757 0.0876559 0.128447
0.58682 0.0703605 9.9991E-05 0.0488107 0.0860998 0.207809
0.735991 0.0428404 0.0317923 0.0136162 0.0258387 0.149921
9.996E-05 9.996E-05 9.996E-05 9.996E-05 9.996E-05 0.9995
0.592277 0.0511511 0.049948 0.0623533 0.0562306 0.18804
0.694416 0.00514892 9.9991E-05 0.0607383 0.0929405 0.146656
0.595262 9.9982E-05 9.9982E-05 0.086863 0.12774 0.189936
0.711304 9.9982E-05 0.0872655 9.9982E-05 0.0733649 0.127866
0.67912 0.0468126 0.0879668 0.078649 0.0282471 0.079204
0.653581 0.0852677 0.103015 0.107086 9.9991E-05 0.0509501
0.838476 9.9982E-05 0.0816161 0.0156001 9.9982E-05 0.0641078
9.996E-05 9.996E-05 9.996E-05 9.996E-05 9.996E-05 0.9995
0.843481 9.9973E-05 0.0974165 9.9973E-05 9.9973E-05 0.0588027
0.588326 9.9991E-05 0.0311223 0.0702463 0.115278 0.194927
0.545899 0.119517 0.0291097 0.059966 0.0386783 0.20683
0.586175 0.0628356 9.9991E-05 0.102523 0.0745462 0.173821
0.644464 0.0564173 0.0865142 0.0673036 9.9991E-05 0.145201
0.662027 0.0370031 0.125205 0.0607937 9.9991E-05 0.114871
9.9982E-05 0.109314 9.9982E-05 0.0102604 0.022727 0.857499
0.550614 9.9991E-05 0.0639838 0.0784046 0.100755 0.206143
0.533929 0.205709 9.9991E-05 0.00892921 0.166839 0.0844926
0.618398 0.0877626 9.9982E-05 9.9982E-05 0.227208 0.0664305
0.566575 0.259007 9.9982E-05 9.9982E-05 0.0920058 0.0822124
0.481 0.21301 9.9991E-05 0.0603814 0.14752 0.0979881
0.497462 0.245738 9.9991E-05 0.00614249 0.181513 0.069045
0.346529 0.285717 9.9991E-05 0.00444041 0.217977 0.145236
0.392877 0.26104 9.9991E-05 0.0322947 0.23032 0.0833685
0.474247 0.270117 9.9991E-05 0.102182 0.0312819 0.122072
0.408499 0.220655 0.103365 9.9991E-05 0.206109 0.061272
0.512825 0.142206 0.152568 9.9991E-05 0.116847 0.075454
0.535249 0.195575 0.0164758 0.000800145 0.178218 0.0736824
9.9991E-05 0.0803757 0.0258365 0.0314338 0.769578 0.0926757
0.00996549 0.0493622 0.0841135 0.0266513 0.787307 0.0426001
0.0706761 0.0445647 0.0847189 0.0414907 0.751756 0.00679298
9.9982E-05 0.027164 0.2073 0.0473249 0.718011 9.9982E-05
0.0710992 9.9982E-05 0.0741756 0.0693899 0.785135 9.9982E-05
0.0335262 0.113819 0.0125602 0.0869581 0.713294 0.0398422
9.9982E-05 0.0425844 0.104523 9.9982E-05 0.79266 0.0600324
0.0395945 0.108757 9.9982E-05 9.9982E-05 0.809747 0.0417024
0.145906 0.114823 0.135214 0.0651392 0.470684 0.0682332
9.9982E-05 0.055802 0.202972 9.9982E-05 0.707407 0.0336187
9.9982E-05 0.0841411 0.0823376 0.0391088 0.794213 9.9982E-05
9.9982E-05 9.9982E-05 0.167817 0.0420816 0.787847 0.00205462
0.140769 0.0411471 0.0957719 0.028555 0.693657 9.9991E-05
0.166466 9.9991E-05 0.143764 0.0290857 0.594851 0.0657342
0.00696312 0.109747 9.9991E-05 0.092275 0.726937 0.0639775
0.0297947 0.0183769 9.9991E-05 0.140587 0.737029 0.0741128
0.0318369 9.9982E-05 0.101275 9.9982E-05 0.828288 0.0384005
0.0792735 0.00544865 9.9991E-05 0.0487954 0.830736 0.0356461
9.9991E-05 0.0471915 0.0694635 0.0469313 0.774847 0.0614669
0.00591149 0.0530899 0.047848 0.0273961 0.792602 0.073152
0.00514086 0.0887068 0.00788938 0.0797615 0.735385 0.0831168
0.0516511 0.0229214 0.0165591 9.9991E-05 0.869725 0.0390433
0.116404 9.9982E-05 9.9982E-05 0.00489562 0.793969 0.0845321
0.0335946 0.0367229 0.0756021 0.0488001 0.772383 0.0328968
9.9982E-05 0.0670528 9.9982E-05 0.0631934 0.783904 0.0856493
0.0912235 0.137776 0.00509932 0.0375006 0.715797 0.012603
9.9991E-05 0.0681063 0.0745884 0.092925 0.735973 0.0283077
0.114328 9.9991E-05 0.0135258 0.100208 0.74583 0.0260084
0.11402 0.0510543 0.0176473 0.0547378 0.72585 0.0366914
9.9991E-05 0.0847748 0.0677913 0.0224616 0.76971 0.055162
9.9973E-05 9.9973E-05 0.0942861 9.9973E-05 0.852449 0.0529649
0.0737473 0.0378817 0.135877 0.0154017 0.714687 0.0224058
0.061402 0.123749 0.0839273 9.9991E-05 0.720999 0.00982207
0.0468795 0.0096466 9.9991E-05 0.00926196 0.862798 0.0713139
9.9982E-05 0.0853024 9.9982E-05 0.0768105 0.831258 0.00642902
0.0324566 0.0829044 0.67293 0.0343377 0.174033 0.00333776
9.9991E-05 0.121878 0.560764 0.0464739 0.171465 0.0993202
9.9991E-05 0.0966465 0.612666 0.120693 0.0854714 0.0844227
0.0802779 0.0464634 0.539689 0.0893961 0.181426 0.0627472
0.0256023 0.0991687 0.647106 0.0761787 0.128014 0.0239298
9.9982E-05 0.0841947 0.768862 9.9982E-05 0.0993331 0.0474104
9.9982E-05 0.0489422 0.745756 9.9982E-05 0.16853 0.0365714
0.00778865 0.229099 0.60878 0.113441 0.0407916 9.9991E-05
