9.98649E-05 9.98649E-05 0.998502 9.98649E-05 9.98649E-05 9.98649E-05 9.98649E-05 9.98649E-05 9.98649E-05 9.98649E-05 9.98649E-05 9.98649E-05 9.98649E-05 9.98649E-05 9.98649E-05 9.98649E-05
9.991E-05 9.991E-05 0.00290362 0.0759248 9.991E-05 0.0758612 9.991E-05 0.748129 9.991E-05 9.991E-05 0.0183419 9.991E-05 0.0778404 9.991E-05 9.991E-05 9.991E-05
9.9901E-05 9.9901E-05 0.053165 0.0428091 9.9901E-05 0.859787 9.9901E-05 9.9901E-05 9.9901E-05 9.9901E-05 0.0282286 9.9901E-05 9.9901E-05 9.9901E-05 9.9901E-05 0.0149118
9.991E-05 9.991E-05 9.991E-05 0.0187874 9.991E-05 9.991E-05 9.991E-05 0.959839 0.00114813 0.00932238 0.00680206 9.991E-05 9.991E-05 0.0031016 9.991E-05 9.991E-05
9.9901E-05 9.9901E-05 0.000852651 9.9901E-05 0.000877025 9.9901E-05 9.9901E-05 0.950806 0.0432958 9.9901E-05 9.9901E-05 9.9901E-05 9.9901E-05 9.9901E-05 9.9901E-05 0.00306974
9.9901E-05 0.00538943 9.9901E-05 0.013534 9.9901E-05 0.973728 9.9901E-05 9.9901E-05 9.9901E-05 9.9901E-05 9.9901E-05 9.9901E-05 9.9901E-05 9.9901E-05 0.00496984 0.00127983
9.98649E-05 9.98649E-05 0.998502 9.98649E-05 9.98649E-05 9.98649E-05 9.98649E-05 9.98649E-05 9.98649E-05 9.98649E-05 9.98649E-05 9.98649E-05 9.98649E-05 9.98649E-05 9.98649E-05 9.98649E-05
9.991E-05 9.991E-05 0.015816 9.991E-05 9.991E-05 0.914208 9.991E-05 9.991E-05 0.0186657 0.0360503 0.00743477 9.991E-05 9.991E-05 0.00682617 9.991E-05 9.991E-05
9.98901E-05 9.98901E-05 0.058443 0.0596161 9.98901E-05 0.84153 9.98901E-05 9.98901E-05 0.0245505 0.0147613 9.98901E-05 9.98901E-05 9.98901E-05 9.98901E-05 9.98901E-05 9.98901E-05
9.98919E-05 0.0244325 9.98919E-05 9.98919E-05 9.98919E-05 0.918761 9.98919E-05 9.98919E-05 9.98919E-05 9.98919E-05 9.98919E-05 9.98919E-05 9.98919E-05 0.0472637 9.98919E-05 0.00834421
9.99099E-05 9.99099E-05 9.99099E-05 0.0777013 9.99099E-05 0.664873 9.99099E-05 0.111003 9.99099E-05 0.0765508 9.99099E-05 9.99099E-05 0.0581741 9.99099E-05 0.0106984 9.99099E-05
9.9901E-05 0.00120763 0.0174859 9.9901E-05 9.9901E-05 9.9901E-05 0.0234142 0.912804 9.9901E-05 0.0439891 9.9901E-05 9.9901E-05 9.9901E-05 9.9901E-05 9.9901E-05 9.9901E-05
9.9937E-05 0.00995684 0.0116659 9.9937E-05 9.9937E-05 0.862549 0.0205803 9.9937E-05 0.0271011 0.0312796 9.9937E-05 9.9937E-05 9.9937E-05 0.0268885 0.00660324 0.00267549
9.99369E-05 9.99369E-05 0.00295724 0.0489987 9.99369E-05 0.0519354 0.00569671 0.763846 9.99369E-05 0.020441 9.99369E-05 9.99369E-05 0.0736194 0.0160895 9.99369E-05 0.0157161
9.9901E-05 9.9901E-05 9.9901E-05 9.9901E-05 9.9901E-05 0.906578 0.0352085 0.00427229 9.9901E-05 9.9901E-05 0.000676754 9.9901E-05 0.0521652 9.9901E-05 9.9901E-05 9.9901E-05
9.98921E-05 9.98921E-05 9.98921E-05 0.0174689 9.98921E-05 0.383464 9.98921E-05 0.592038 9.98921E-05 9.98921E-05 9.98921E-05 9.98921E-05 9.98921E-05 9.98921E-05 9.98921E-05 0.00582973
9.9883E-05 9.9883E-05 0.0222495 9.9883E-05 9.9883E-05 0.612324 9.9883E-05 0.364128 9.9883E-05 9.9883E-05 9.9883E-05 9.9883E-05 9.9883E-05 9.9883E-05 9.9883E-05 9.9883E-05
9.9892E-05 9.9892E-05 0.0273636 9.9892E-05 0.00508762 0.320727 9.9892E-05 0.645623 9.9892E-05 9.9892E-05 9.9892E-05 9.9892E-05 9.9892E-05 9.9892E-05 9.9892E-05 9.9892E-05
0.0142844 9.9901E-05 0.0539183 9.9901E-05 9.9901E-05 0.210099 9.9901E-05 0.71735 9.9901E-05 9.9901E-05 9.9901E-05 0.00324896 9.9901E-05 9.9901E-05 9.9901E-05 9.9901E-05
9.9883E-05 0.00641335 9.9883E-05 9.9883E-05 9.9883E-05 0.140913 9.9883E-05 0.851375 9.9883E-05 9.9883E-05 9.9883E-05 9.9883E-05 9.9883E-05 9.9883E-05 9.9883E-05 9.9883E-05
9.9865E-05 9.9865E-05 9.9865E-05 9.9865E-05 9.9865E-05 9.9865E-05 9.9865E-05 9.9865E-05 9.9865E-05 9.9865E-05 9.9865E-05 9.9865E-05 9.9865E-05 9.9865E-05 9.9865E-05 0.998502
9.991E-05 9.991E-05 9.991E-05 9.991E-05 9.991E-05 9.991E-05 0.752053 0.076144 9.991E-05 0.132578 0.00993991 9.991E-05 0.028163 9.991E-05 9.991E-05 0.000122784
0.0501259 0.00542907 0.000855423 0.00894687 0.0224521 9.9928E-05 0.751109 0.112756 9.9928E-05 0.0475265 9.9928E-05 9.9928E-05 9.9928E-05 9.9928E-05 9.9928E-05 9.9928E-05
0.0290049 0.000583347 9.991E-05 9.991E-05 9.991E-05 9.991E-05 0.84167 0.0332838 9.991E-05 0.0763053 9.991E-05 9.991E-05 9.991E-05 9.991E-05 0.0181534 9.991E-05
9.98741E-05 9.98741E-05 9.98741E-05 9.98741E-05 9.98741E-05 0.0331036 0.965498 9.98741E-05 9.98741E-05 9.98741E-05 9.98741E-05 9.98741E-05 9.98741E-05 9.98741E-05 9.98741E-05 9.98741E-05
9.9901E-05 9.9901E-05 0.0376779 9.9901E-05 9.9901E-05 0.0123278 0.91803 9.9901E-05 9.9901E-05 9.9901E-05 0.00703541 9.9901E-05 9.9901E-05 9.9901E-05 0.0238299 9.9901E-05
0.0318287 9.9937E-05 0.0393325 9.9937E-05 0.112765 9.9937E-05 0.803893 9.9937E-05 0.00165401 0.000565349 0.00343007 0.00476069 9.9937E-05 9.9937E-05 9.9937E-05 0.001071
9.9874E-05 9.9874E-05 9.9874E-05 9.9874E-05 9.9874E-05 9.9874E-05 9.9874E-05 9.9874E-05 9.9874E-05 9.9874E-05 9.9874E-05 9.9874E-05 9.9874E-05 0.00102932 9.9874E-05 0.997572
9.991E-05 0.00767203 9.991E-05 0.0699993 9.991E-05 9.991E-05 0.749127 0.0191832 0.133528 9.991E-05 9.991E-05 9.991E-05 9.991E-05 9.991E-05 9.991E-05 0.019491
0.0507913 9.991E-05 9.991E-05 9.991E-05 9.991E-05 0.0788391 0.742324 9.991E-05 0.0361133 9.991E-05 9.991E-05 0.0749507 0.0159825 9.991E-05 9.991E-05 9.991E-05
9.9928E-05 9.9928E-05 9.9928E-05 0.114547 9.9928E-05 0.00564944 0.730041 9.9928E-05 0.0415645 0.0489044 0.0183625 9.9928E-05 9.9928E-05 9.9928E-05 0.0130775 0.0270548
0.0483878 9.9928E-05 0.0213404 0.00262329 0.0563576 9.9928E-05 0.764038 9.9928E-05 9.9928E-05 9.9928E-05 9.9928E-05 0.0883201 9.9928E-05 9.9928E-05 0.00772935 0.0104043
9.9928E-05 9.9928E-05 0.014845 0.034916 9.9928E-05 0.0422926 0.68118 9.9928E-05 0.117834 9.9928E-05 9.9928E-05 0.0710628 9.9928E-05 9.9928E-05 0.00237705 0.0346934
9.9919E-05 0.00609553 9.9919E-05 9.9919E-05 0.0168279 9.9919E-05 0.689657 9.9919E-05 9.9919E-05 9.9919E-05 0.0312859 9.9919E-05 0.153233 0.0815063 9.9919E-05 0.0204951
0.0031111 0.0153874 0.00753188 0.00249288 0.0454116 9.9964E-05 0.672932 0.076385 0.0439486 9.9964E-05 0.0413494 0.00615979 0.0831866 9.9964E-05 9.9964E-05 0.00170397
9.99369E-05 9.99369E-05 0.00157172 0.0964684 9.99369E-05 9.99369E-05 0.459632 0.104081 9.99369E-05 0.111727 0.0512707 9.99369E-05 0.129636 0.0298222 9.99369E-05 0.0150916
0.0555113 0.0110054 9.9928E-05 9.9928E-05 9.9928E-05 0.0491542 0.712105 9.9928E-05 9.9928E-05 9.9928E-05 0.0221792 0.144338 0.00211441 9.9928E-05 0.00279394 9.9928E-05
0.190666 9.9928E-05 9.9928E-05 9.9928E-05 0.00266759 9.9928E-05 0.0151223 9.9928E-05 9.9928E-05 0.0865636 0.00581003 0.651968 9.9928E-05 0.0343283 9.9928E-05 0.0120739
9.99099E-05 9.99099E-05 9.99099E-05 9.99099E-05 0.93818 9.99099E-05 9.99099E-05 9.99099E-05 0.0215293 0.00405733 9.99099E-05 0.0220994 0.0125733 9.99099E-05 9.99099E-05 0.000561545
9.9865E-05 9.9865E-05 9.9865E-05 9.9865E-05 0.998502 9.9865E-05 9.9865E-05 9.9865E-05 9.9865E-05 9.9865E-05 9.9865E-05 9.9865E-05 9.9865E-05 9.9865E-05 9.9865E-05 9.9865E-05
9.98649E-05 9.98649E-05 9.98649E-05 9.98649E-05 0.998502 9.98649E-05 9.98649E-05 9.98649E-05 9.98649E-05 9.98649E-05 9.98649E-05 9.98649E-05 9.98649E-05 9.98649E-05 9.98649E-05 9.98649E-05
0.0439787 9.9937E-05 0.00126348 9.9937E-05 9.9937E-05 9.9937E-05 9.9937E-05 0.11615 9.9937E-05 0.0490308 0.0382684 0.69267 0.0159558 9.9937E-05 0.00384732 0.0381358
9.9919E-05 9.9919E-05 9.9919E-05 0.0234261 0.0711275 0.0596382 9.9919E-05 9.9919E-05 0.0474996 9.9919E-05 0.0133573 0.768486 0.0155663 9.9919E-05 9.9919E-05 9.9919E-05
0.0270116 9.9946E-05 0.0253497 0.110616 9.9946E-05 0.0416876 9.9946E-05 9.9946E-05 0.0205291 0.419913 0.0196779 0.31148 9.9946E-05 9.9946E-05 0.0110896 0.0120459
0.0412622 0.00784978 0.0192065 9.9964E-05 0.322449 9.9964E-05 0.0379615 0.0214019 9.9964E-05 0.0643887 9.9964E-05 0.415113 0.0482847 0.000188068 0.0160867 0.00540798
0.0613145 0.00026453 9.9937E-05 0.0264485 0.000346094 0.0908473 0.00721826 9.9937E-05 0.0512141 0.106277 9.9937E-05 0.65537 9.9937E-05 9.9937E-05 9.9937E-05 9.9937E-05
9.9901E-05 0.0194781 9.9901E-05 0.0185443 9.9901E-05 9.9901E-05 9.9901E-05 9.9901E-05 9.9901E-05 9.9901E-05 9.9901E-05 0.871815 0.0638888 9.9901E-05 0.0251752 9.9901E-05
9.9937E-05 0.00498503 0.0107087 9.9937E-05 9.9937E-05 0.0390956 9.9937E-05 9.9937E-05 0.00587861 0.0449286 0.00496482 0.832241 0.0281534 0.0283442 9.9937E-05 9.9937E-05
9.991E-05 9.991E-05 0.0292482 9.991E-05 9.991E-05 9.991E-05 9.991E-05 0.0177588 9.991E-05 9.991E-05 0.00786975 0.901067 9.991E-05 9.991E-05 0.0146619 0.0283956
0.0626456 0.00863053 0.000572029 9.9919E-05 0.0742612 9.9919E-05 9.9919E-05 9.9919E-05 9.9919E-05 0.515453 0.0213287 0.31621 9.9919E-05 9.9919E-05 9.9919E-05 9.9919E-05
9.9919E-05 0.0102257 0.0387127 9.9919E-05 0.193195 9.9919E-05 9.9919E-05 9.9919E-05 9.9919E-05 0.150434 9.9919E-05 0.574343 9.9919E-05 9.9919E-05 0.0264596 0.00573093
9.9901E-05 9.9901E-05 0.0270424 0.02432 9.9901E-05 9.9901E-05 9.9901E-05 9.9901E-05 9.9901E-05 9.9901E-05 0.0134332 0.925688 9.9901E-05 9.9901E-05 0.00841756 9.9901E-05
9.99009E-05 0.0629062 9.99009E-05 9.99009E-05 9.99009E-05 0.0397859 9.99009E-05 9.99009E-05 0.048074 9.99009E-05 9.99009E-05 0.83084 9.99009E-05 0.0172951 9.99009E-05 9.99009E-05
9.99009E-05 9.99009E-05 0.0103969 9.99009E-05 9.99009E-05 9.99009E-05 9.99009E-05 0.140283 9.99009E-05 9.99009E-05 9.99009E-05 0.808733 0.0208532 9.99009E-05 0.0186348 9.99009E-05
9.98919E-05 0.0217469 9.98919E-05 9.98919E-05 0.929395 0.0210315 9.98919E-05 9.98919E-05 9.98919E-05 0.0266282 9.98919E-05 9.98919E-05 9.98919E-05 9.98919E-05 9.98919E-05 9.98919E-05
0.0596844 9.9937E-05 9.9937E-05 0.0301864 9.9937E-05 9.9937E-05 0.000284918 0.0648318 0.0232966 0.223146 9.9937E-05 0.558724 0.0270576 9.9937E-05 0.012089 9.9937E-05
9.99329E-05 0.0408159 9.99329E-05 0.00934518 0.141446 0.09423 0.00804012 9.99329E-05 0.0257128 9.99329E-05 9.99329E-05 0.666913 9.99329E-05 9.99329E-05 9.99329E-05 0.0126974
0.156083 0.00384411 9.9955E-05 0.0988003 0.199529 9.9955E-05 9.9955E-05 0.0578521 0.0487088 9.9955E-05 0.016834 0.00537708 0.40388 9.9955E-05 0.00719818 0.00139244
9.98648E-05 9.98648E-05 9.98648E-05 9.98648E-05 9.98648E-05 9.98648E-05 9.98648E-05 9.98648E-05 9.98648E-05 9.98648E-05 0.998502 9.98648E-05 9.98648E-05 9.98648E-05 9.98648E-05 9.98648E-05
0.0703244 0.0596652 0.0324435 9.9973E-05 0.0103044 9.9973E-05 0.0273497 0.0194512 0.0505417 0.001248 9.9973E-05 0.0191123 0.580597 0.112726 0.00246293 0.0134735
0.064219 0.0352613 0.0178367 9.9928E-05 9.9928E-05 0.0220842 9.9928E-05 9.9928E-05 0.156587 0.0364936 9.9928E-05 0.118415 0.548304 9.9928E-05 9.9928E-05 9.9928E-05
0.122432 0.0169945 9.9928E-05 9.9928E-05 0.0261206 9.9928E-05 9.9928E-05 9.9928E-05 0.22069 0.0704672 0.0412341 9.9928E-05 0.488377 9.9928E-05 0.0128858 9.9928E-05
0.0404525 0.0179848 9.9937E-05 9.9937E-05 9.9937E-05 0.0587832 9.9937E-05 9.9937E-05 0.135992 9.9937E-05 0.00151897 0.17537 0.510628 0.0454286 0.0131424 9.9937E-05
9.9919E-05 0.0166862 0.00565697 9.9919E-05 0.212138 9.9919E-05 0.0196525 9.9919E-05 9.9919E-05 9.9919E-05 0.0298506 9.9919E-05 0.627782 9.9919E-05 0.0873343 9.9919E-05
9.98648E-05 9.98648E-05 9.98648E-05 9.98648E-05 9.98648E-05 9.98648E-05 9.98648E-05 9.98648E-05 9.98648E-05 9.98648E-05 0.998502 9.98648E-05 9.98648E-05 9.98648E-05 9.98648E-05 9.98648E-05
9.9955E-05 0.0211408 0.0287678 9.9955E-05 0.024627 0.0765758 9.9955E-05 0.00877335 9.9955E-05 0.0958817 0.0473116 0.00166792 0.570989 0.105551 0.0182145 9.9955E-05
0.249629 0.0232162 9.9955E-05 9.9955E-05 9.9955E-05 0.100638 0.108353 9.9955E-05 0.00985084 9.9955E-05 0.0125867 0.0737024 0.362662 0.00960435 0.0219395 0.0273184
0.211248 0.0534185 0.0202831 9.9946E-05 9.9946E-05 9.9946E-05 0.0467104 0.00709199 0.0935576 9.9946E-05 0.0529428 0.0776879 0.411392 9.9946E-05 0.0250679 9.9946E-05
0.248902 0.0387114 9.9946E-05 9.9946E-05 0.062098 0.0307808 0.0268865 9.9946E-05 0.0433815 9.9946E-05 0.0416971 9.9946E-05 0.453988 9.9946E-05 0.0233278 0.0296278
0.14257 0.0531398 0.0330425 0.0170283 9.9973E-05 0.0356914 0.11679 0.000558384 9.9973E-05 0.022117 0.122071 9.9973E-05 0.406323 0.000261042 0.0445078 0.0055999
0.116532 0.0293141 0.0715683 9.9937E-05 0.164937 0.0156095 0.00444705 9.9937E-05 9.9937E-05 9.9937E-05 0.0639928 9.9937E-05 0.519074 9.9937E-05 0.0138263 9.9937E-05
0.00740529 0.0312608 0.0194551 9.9928E-05 0.354019 9.9928E-05 9.9928E-05 9.9928E-05 0.148442 9.9928E-05 0.0249376 9.9928E-05 0.393637 9.9928E-05 0.0200444 9.9928E-05
0.0801575 0.0204515 0.035885 9.9955E-05 0.104099 0.0144778 0.0869141 9.9955E-05 0.0354465 0.0099143 0.0827669 9.9955E-05 0.527554 9.9955E-05 0.0018335 9.9955E-05
9.99201E-05 9.99201E-05 9.99201E-05 0.0383062 0.0838211 0.0108868 9.99201E-05 9.99201E-05 0.455699 0.0117169 0.0585892 9.99201E-05 0.319239 9.99201E-05 0.0209421 9.99201E-05
0.184669 9.9928E-05 0.018235 9.9928E-05 0.357358 9.9928E-05 9.9928E-05 9.9928E-05 0.216582 9.9928E-05 0.0293959 9.9928E-05 0.108897 9.9928E-05 0.050657 0.0334059
0.148548 0.0191237 9.9937E-05 9.9937E-05 0.0829798 0.121813 0.0053006 9.9937E-05 9.9937E-05 9.9937E-05 0.0206627 0.222743 0.36633 9.9937E-05 0.0117997 9.9937E-05
0.0344729 9.99149E-05 9.99149E-05 9.99149E-05 9.99149E-05 0.166719 9.99149E-05 9.99149E-05 9.99149E-05 9.99149E-05 0.0503163 0.467672 0.272852 9.99149E-05 0.00696911 9.99149E-05
9.99099E-05 0.0259812 0.0228823 9.99099E-05 0.242607 9.99099E-05 9.99099E-05 9.99099E-05 9.99099E-05 9.99099E-05 0.0395808 9.99099E-05 0.60343 9.99099E-05 0.0645198 9.99099E-05
9.9946E-05 0.0632663 0.0138413 0.0637458 9.9946E-05 9.9946E-05 9.9946E-05 0.0680148 0.183849 9.9946E-05 0.0941561 0.181314 0.250053 9.9946E-05 0.0478058 0.0333539
0.135848 0.0331293 9.9937E-05 0.0216544 0.247683 9.9937E-05 9.9937E-05 9.9937E-05 0.00130523 9.9937E-05 0.0563803 0.0211496 0.44745 9.9937E-05 0.0347009 9.9937E-05
0.998502 9.98648E-05 9.98648E-05 9.98648E-05 9.98648E-05 9.98648E-05 9.98648E-05 9.98648E-05 9.98648E-05 9.98648E-05 9.98648E-05 9.98648E-05 9.98648E-05 9.98648E-05 9.98648E-05 9.98648E-05
0.123991 0.0303268 0.03866 9.9964E-05 9.9964E-05 9.9964E-05 0.0390911 0.0573847 0.038301 9.9964E-05 0.0464672 0.0793165 0.516656 0.000331162 0.0154689 0.0136063
0.110481 0.0418854 9.9919E-05 9.9919E-05 0.133253 0.128766 9.9919E-05 9.9919E-05 9.9919E-05 9.9919E-05 0.0210213 0.00965995 0.554033 9.9919E-05 9.9919E-05 9.9919E-05
9.9955E-05 0.0567422 9.9955E-05 0.213738 0.11638 9.9955E-05 0.00992857 0.0698668 9.9955E-05 0.0053969 0.0208861 0.229153 0.233991 9.9955E-05 0.0302974 0.0131196
9.991E-05 9.991E-05 9.991E-05 9.991E-05 9.991E-05 9.991E-05 9.991E-05 0.0165394 9.991E-05 9.991E-05 0.00186903 0.222023 0.14348 0.595181 0.0199072 9.991E-05
0.121303 9.995E-05 0.00436069 0.0246163 9.995E-05 0.073425 0.0377339 9.995E-05 0.12881 9.995E-05 0.0847047 0.129642 0.253398 0.127995 0.0135128 9.995E-05
0.998502 9.98649E-05 9.98649E-05 9.98649E-05 9.98649E-05 9.98649E-05 9.98649E-05 9.98649E-05 9.98649E-05 9.98649E-05 9.98649E-05 9.98649E-05 9.98649E-05 9.98649E-05 9.98649E-05 9.98649E-05
0.998502 9.98649E-05 9.98649E-05 9.98649E-05 9.98649E-05 9.98649E-05 9.98649E-05 9.98649E-05 9.98649E-05 9.98649E-05 9.98649E-05 9.98649E-05 9.98649E-05 9.98649E-05 9.98649E-05 9.98649E-05
0.175671 0.0485649 9.9946E-05 0.013966 0.115055 0.0439741 0.0226852 9.9946E-05 0.176749 0.0103651 0.0500037 9.9946E-05 0.342367 9.9946E-05 9.9946E-05 9.9946E-05
9.9901E-05 0.263467 9.9901E-05 9.9901E-05 9.9901E-05 9.9901E-05 9.9901E-05 0.0179715 9.9901E-05 0.149214 9.9901E-05 9.9901E-05 0.553895 9.9901E-05 9.9901E-05 0.014353
9.9937E-05 0.014126 0.0039587 0.0274023 9.9937E-05 0.0444797 9.9937E-05 9.9937E-05 9.9937E-05 9.9937E-05 0.00862811 0.199798 0.666599 9.9937E-05 0.0300983 0.00421042
0.088694 0.0108553 0.0165489 9.9928E-05 9.9928E-05 9.9928E-05 9.9928E-05 9.9928E-05 9.9928E-05 9.9928E-05 9.9928E-05 0.192218 0.647222 0.04006 0.0025073 0.00109582
0.00333953 0.0105969 0.0345903 0.0982392 9.9955E-05 9.9955E-05 9.9955E-05 0.0705553 0.000232744 0.228885 0.0262064 9.9955E-05 0.475081 9.9955E-05 0.00816964 0.0436044
9.9946E-05 0.0213156 9.9946E-05 0.0393152 0.0206547 9.9946E-05 0.06143 0.0914275 0.00354492 0.21497 9.9946E-05 9.9946E-05 0.516826 9.9946E-05 0.023079 0.00683756
0.00444908 9.9937E-05 0.0465679 0.112838 9.9937E-05 0.0231807 9.9937E-05 9.9937E-05 9.9937E-05 0.0996049 0.00225305 9.9937E-05 0.685152 9.9937E-05 0.0190384 0.00621664
0.0666253 0.00704133 0.0330061 9.9964E-05 0.00845014 9.9964E-05 0.0336473 0.0862435 0.0256531 0.0946768 0.0458174 9.9964E-05 0.516339 0.0713564 9.9964E-05 0.0107439
9.9928E-05 9.9928E-05 0.0171167 9.9928E-05 9.9928E-05 9.9928E-05 9.9928E-05 0.0432685 0.251349 0.225767 0.0425229 9.9928E-05 0.30836 0.0294366 0.0813797 9.9928E-05
0.0883902 0.00747635 0.0103524 0.00657823 9.9955E-05 0.0608692 9.9955E-05 0.0167024 0.0348365 9.9955E-05 0.0321249 0.179104 0.530733 9.9955E-05 0.0323335 9.9955E-05
0.247485 9.9946E-05 0.0246283 9.9946E-05 0.0277362 0.000188387 0.0393774 9.9946E-05 0.175766 9.9946E-05 0.0436966 0.0848881 0.311963 9.9946E-05 0.0436711 9.9946E-05
0.0914416 0.0368616 9.9937E-05 9.9937E-05 9.9937E-05 9.9937E-05 9.9937E-05 0.0715265 0.0678926 0.0810942 0.0900432 0.069637 0.424025 9.9937E-05 0.0667788 9.9937E-05
0.116809 0.0266594 0.0179626 0.0434351 9.9946E-05 0.0379004 0.000355667 9.9946E-05 0.114414 0.101198 9.9946E-05 9.9946E-05 0.531486 9.9946E-05 9.9946E-05 0.00918092
0.11299 0.0816556 9.9946E-05 0.141684 9.9946E-05 0.0539052 9.9946E-05 9.9946E-05 0.00945043 9.9946E-05 0.103871 0.067663 0.400564 0.00901207 0.0186045 9.9946E-05
9.9937E-05 0.00768191 9.9937E-05 0.0127021 0.215926 0.022307 9.9937E-05 9.9937E-05 0.136045 9.9937E-05 0.00222783 9.9937E-05 0.593365 9.9937E-05 0.00443997 0.00460555
9.98647E-05 0.998502 9.98647E-05 9.98647E-05 9.98647E-05 9.98647E-05 9.98647E-05 9.98647E-05 9.98647E-05 9.98647E-05 9.98647E-05 9.98647E-05 9.98647E-05 9.98647E-05 9.98647E-05 9.98647E-05
0.0548622 0.0410246 0.0240718 0.0582468 0.151691 9.9964E-05 9.9964E-05 0.0702106 0.0659624 9.9964E-05 0.070355 9.9964E-05 0.396568 0.00660008 0.0422525 0.0177551
0.0795935 0.0231812 9.9919E-05 9.9919E-05 0.0733164 0.0818888 9.9919E-05 9.9919E-05 9.9919E-05 9.9919E-05 9.9919E-05 0.0617153 0.668486 9.9919E-05 9.9919E-05 0.0109192
0.0372204 0.0365153 9.991E-05 9.991E-05 0.131536 9.991E-05 9.991E-05 0.133608 9.991E-05 9.991E-05 9.991E-05 9.991E-05 0.565514 0.0946069 9.991E-05 9.991E-05
0.016082 0.0226893 9.99472E-05 0.0173933 0.159341 0.0415395 9.99472E-05 9.99472E-05 0.0692441 9.99472E-05 0.0293115 0.0961567 0.531943 9.99472E-05 0.0156998 9.99472E-05
0.0773992 9.9928E-05 0.0219133 9.9928E-05 9.9928E-05 0.0518181 9.9928E-05 9.9928E-05 0.239657 9.9928E-05 0.0102446 0.105544 0.449742 9.9928E-05 0.0428815 9.9928E-05
0.150233 0.00317489 0.0206226 9.9955E-05 0.0529536 0.0573363 0.0704006 9.9955E-05 0.108479 0.0530562 9.9955E-05 9.9955E-05 0.4637 9.9955E-05 0.0146537 0.00489107
9.98649E-05 9.98649E-05 9.98649E-05 9.98649E-05 9.98649E-05 9.98649E-05 9.98649E-05 9.98649E-05 9.98649E-05 9.98649E-05 9.98649E-05 9.98649E-05 9.98649E-05 9.98649E-05 0.998502 9.98649E-05
9.98647E-05 0.998502 9.98647E-05 9.98647E-05 9.98647E-05 9.98647E-05 9.98647E-05 9.98647E-05 9.98647E-05 9.98647E-05 9.98647E-05 9.98647E-05 9.98647E-05 9.98647E-05 9.98647E-05 9.98647E-05
9.98649E-05 9.98649E-05 9.98649E-05 9.98649E-05 9.98649E-05 9.98649E-05 9.98649E-05 9.98649E-05 9.98649E-05 9.98649E-05 9.98649E-05 9.98649E-05 9.98649E-05 9.98649E-05 0.998502 9.98649E-05
9.9919E-05 0.0132532 9.9919E-05 0.0906828 9.9919E-05 9.9919E-05 9.9919E-05 0.083854 9.9919E-05 0.025696 0.0108989 0.0316314 0.743084 9.9919E-05 9.9919E-05 9.9919E-05
9.9946E-05 0.0271692 9.9946E-05 0.0641431 9.9946E-05 9.9946E-05 0.0271274 0.115778 9.9946E-05 0.0741694 0.0262568 0.00681706 0.573014 9.9946E-05 0.0592053 0.0257196
0.00995939 0.0386746 9.9946E-05 9.9946E-05 9.9946E-05 9.9946E-05 0.104025 0.108499 0.0609682 9.9946E-05 0.0394251 0.0209685 0.493777 0.0888937 0.0342105 9.9946E-05
0.0652315 0.0365599 0.0170589 9.9955E-05 0.0807208 0.0623929 9.9955E-05 0.000323899 9.9955E-05 9.9955E-05 0.02119 0.0671418 0.564366 9.9955E-05 0.0509098 0.0336045
0.0865762 0.0385302 0.00262547 9.9937E-05 9.9937E-05 0.0264241 9.9937E-05 9.9937E-05 0.0449536 9.9937E-05 0.0283025 0.209934 0.543867 9.9937E-05 9.9937E-05 0.0180871
9.99055E-05 0.198415 9.99055E-05 9.99055E-05 9.99055E-05 9.99055E-05 9.99055E-05 0.0641799 9.99055E-05 0.196841 9.99055E-05 9.99055E-05 0.514414 9.99055E-05 9.99055E-05 0.0250512
0.0460502 0.0635434 0.015222 9.9946E-05 0.0718336 9.9946E-05 0.0140145 0.0870363 9.9946E-05 0.169929 9.9946E-05 0.0202618 0.498165 9.9946E-05 0.0133445 9.9946E-05
0.015104 9.9919E-05 0.00487253 9.9919E-05 9.9919E-05 9.9919E-05 9.9919E-05 0.0502366 0.801933 9.9919E-05 0.0555009 9.9919E-05 0.0616062 9.9919E-05 9.9919E-05 0.0098477
0.126422 9.9892E-05 9.9892E-05 9.9892E-05 9.9892E-05 9.9892E-05 9.9892E-05 9.9892E-05 0.82412 0.0457693 9.9892E-05 9.9892E-05 0.00248966 9.9892E-05 9.9892E-05 9.9892E-05
0.0725498 0.0244331 0.0131946 9.9919E-05 9.9919E-05 9.9919E-05 9.9919E-05 9.9919E-05 0.845937 0.0159254 9.9919E-05 9.9919E-05 9.9919E-05 9.9919E-05 0.0245661 0.00249436
9.991E-05 9.991E-05 9.991E-05 9.991E-05 9.991E-05 9.991E-05 9.991E-05 0.0185808 0.828623 0.077518 0.0239731 9.991E-05 0.0486012 9.991E-05 0.00170498 9.991E-05
9.9937E-05 0.00844238 0.0142431 9.9937E-05 0.0461416 0.0025751 9.9937E-05 9.9937E-05 0.787476 9.9937E-05 9.9937E-05 9.9937E-05 0.0513216 0.046898 0.0321175 0.0100846
9.991E-05 9.991E-05 9.991E-05 0.0626034 0.0714731 9.991E-05 0.0793684 9.991E-05 0.760475 9.991E-05 0.0208396 9.991E-05 9.991E-05 9.991E-05 9.991E-05 0.00424147
9.9892E-05 9.9892E-05 9.9892E-05 0.0250554 9.9892E-05 9.9892E-05 9.9892E-05 0.0317975 0.880798 9.9892E-05 9.9892E-05 0.0611502 9.9892E-05 9.9892E-05 9.9892E-05 9.9892E-05
0.0704506 0.00292988 0.0147974 9.9928E-05 0.014727 0.012823 0.00805737 0.0206369 0.854778 9.9928E-05 9.9928E-05 9.9928E-05 9.9928E-05 9.9928E-05 9.9928E-05 9.9928E-05
9.9919E-05 0.00647141 9.9919E-05 9.9919E-05 9.9919E-05 0.0374528 9.9919E-05 9.9919E-05 0.836663 0.0343371 9.9919E-05 0.0531905 9.9919E-05 0.0289261 9.9919E-05 0.00205966
0.0322274 0.0262353 9.9964E-05 0.0130849 0.00809513 9.9964E-05 9.9964E-05 0.0647984 0.715459 0.0554065 0.00127869 0.010198 0.00752842 9.9964E-05 0.0176758 0.0476122
0.0428958 9.9946E-05 0.0280582 9.9946E-05 9.9946E-05 9.9946E-05 0.0371083 9.9946E-05 0.756218 9.9946E-05 0.0268907 0.0607214 0.0264203 0.00991016 0.0029253 0.00825198
9.9919E-05 0.0209352 9.9919E-05 0.586729 0.160733 9.9919E-05 0.0390003 9.9919E-05 0.0657214 9.9919E-05 9.9919E-05 9.9919E-05 9.9919E-05 0.115164 0.0108185 9.9919E-05
9.9919E-05 0.0114711 0.0102601 0.178379 9.9919E-05 9.9919E-05 9.9919E-05 9.9919E-05 0.194006 9.9919E-05 9.9919E-05 0.0461481 9.9919E-05 0.548886 9.9919E-05 0.00995025
0.0791514 0.0085576 0.00475536 0.494685 0.0413123 9.9964E-05 0.0233644 0.00115622 9.9964E-05 0.0292456 0.0205663 9.9964E-05 9.9964E-05 0.262813 0.0182091 0.0157839
0.0152236 9.9919E-05 9.9919E-05 0.684057 0.243754 0.0240505 9.9919E-05 0.0282093 9.9919E-05 9.9919E-05 9.9919E-05 9.9919E-05 9.9919E-05 0.00335096 9.9919E-05 0.000454795
9.991E-05 9.991E-05 0.0283837 0.123092 0.163204 9.991E-05 9.991E-05 9.991E-05 9.991E-05 9.991E-05 9.991E-05 9.991E-05 0.0294394 0.629038 9.991E-05 0.0258446
9.9946E-05 0.0031009 9.9946E-05 0.478497 9.9946E-05 0.0372758 9.9946E-05 9.9946E-05 0.0532877 0.0993174 0.0136045 9.9946E-05 0.0291742 0.242767 0.0156721 0.0267042
9.9919E-05 0.0705084 9.9919E-05 0.756319 0.0376563 9.9919E-05 9.9919E-05 0.00979703 9.9919E-05 0.0523059 9.9919E-05 0.0521225 9.9919E-05 0.0203913 9.9919E-05 9.9919E-05
0.105213 0.00536917 9.9919E-05 0.429064 0.00485733 9.9919E-05 9.9919E-05 9.9919E-05 0.0294587 9.9919E-05 9.9919E-05 9.9919E-05 9.9919E-05 0.393317 9.9919E-05 0.031822
0.0601909 0.0224229 0.0586459 0.442161 9.99639E-05 9.99639E-05 0.00768705 0.0223159 9.99639E-05 0.196036 0.0197976 9.99639E-05 0.0244314 0.0808815 0.0469927 0.0180369
9.991E-05 9.991E-05 0.0209251 0.548999 9.991E-05 9.991E-05 9.991E-05 0.00427928 0.0960956 9.991E-05 9.991E-05 0.234664 9.991E-05 0.0940377 9.991E-05 9.991E-05
0.00658245 9.99301E-05 9.99301E-05 0.500931 9.99301E-05 0.0384138 9.99301E-05 9.99301E-05 0.0349715 9.99301E-05 0.0351019 0.1277 9.99301E-05 0.233477 9.99301E-05 0.0220231
9.9892E-05 9.9892E-05 9.9892E-05 9.9892E-05 9.9892E-05 0.0553294 9.9892E-05 9.9892E-05 9.9892E-05 9.9892E-05 0.0271903 0.126159 9.9892E-05 0.790122 9.9892E-05 9.9892E-05
0.0305427 9.9955E-05 9.9955E-05 0.0442428 9.9955E-05 9.9955E-05 0.0486209 0.0498456 0.018613 0.125919 9.9955E-05 0.0262027 0.0337603 0.583916 0.0276191 0.0102184
0.000704682 9.9937E-05 0.00317096 0.0397936 9.9937E-05 9.9937E-05 9.9937E-05 9.9937E-05 0.090184 0.187104 0.0131174 0.0331349 0.113626 0.518464 9.9937E-05 9.9937E-05
9.9937E-05 9.9937E-05 0.0205998 0.121927 0.0177611 9.9937E-05 0.0649918 0.0564952 9.9937E-05 9.9937E-05 0.0357419 9.9937E-05 0.0330926 0.626101 0.0225897 9.9937E-05
9.9919E-05 0.00112614 0.0395263 0.0771162 9.9919E-05 9.9919E-05 9.9919E-05 0.0485603 9.9919E-05 9.9919E-05 0.0170956 9.9919E-05 0.0631852 0.752491 9.9919E-05 9.9919E-05
9.9901E-05 9.9901E-05 9.9901E-05 9.9901E-05 9.9901E-05 9.9901E-05 9.9901E-05 9.9901E-05 0.0109512 9.9901E-05 0.0274601 0.0131452 9.9901E-05 0.928071 0.0192735 9.9901E-05
0.0355708 9.991E-05 0.0218142 9.991E-05 0.0131511 9.991E-05 9.991E-05 9.991E-05 9.991E-05 9.991E-05 0.0127859 9.991E-05 9.991E-05 0.892294 0.0233853 9.991E-05
9.98651E-05 9.98651E-05 9.98651E-05 9.98651E-05 9.98651E-05 9.98651E-05 9.98651E-05 9.98651E-05 9.98651E-05 9.98651E-05 9.98651E-05 9.98651E-05 9.98651E-05 0.998502 9.98651E-05 9.98651E-05
9.99009E-05 9.99009E-05 9.99009E-05 0.0842313 9.99009E-05 0.0316419 9.99009E-05 9.99009E-05 9.99009E-05 0.0597526 9.99009E-05 9.99009E-05 0.102314 0.720961 9.99009E-05 9.99009E-05
9.9919E-05 0.00878213 9.9919E-05 9.9919E-05 9.9919E-05 0.00729312 0.00737274 9.9919E-05 9.9919E-05 0.104322 9.9919E-05 9.9919E-05 0.0640921 0.789624 9.9919E-05 0.0176148
0.0339112 0.0203723 9.9919E-05 9.9919E-05 0.103458 9.9919E-05 0.00464381 9.9919E-05 0.0146989 9.9919E-05 9.9919E-05 9.9919E-05 9.9919E-05 0.79532 0.0266967 9.9919E-05
9.991E-05 0.0092085 9.991E-05 0.784284 9.991E-05 9.991E-05 9.991E-05 0.102063 0.0779053 0.00493782 9.991E-05 9.991E-05 9.991E-05 9.991E-05 0.0206027 9.991E-05
9.9928E-05 9.9928E-05 9.9928E-05 0.828568 9.9928E-05 0.0381232 9.9928E-05 9.9928E-05 0.000315414 0.041822 9.9928E-05 0.0103927 0.0641124 9.9928E-05 0.0131048 0.00276206
9.9919E-05 0.0660943 9.9919E-05 0.712067 9.9919E-05 9.9919E-05 0.0609662 0.0462351 9.9919E-05 0.0758094 0.0182758 9.9919E-05 0.0196532 9.9919E-05 9.9919E-05 9.9919E-05
9.9913E-05 9.9913E-05 0.00854512 0.743293 9.9913E-05 0.0399698 0.051641 9.9913E-05 9.9913E-05 0.0193745 9.9913E-05 9.9913E-05 0.136178 9.9913E-05 9.9913E-05 9.9913E-05
0.0277932 9.9946E-05 0.00338874 0.514546 9.9946E-05 0.0379216 0.0227524 9.9946E-05 9.9946E-05 0.148446 9.9946E-05 0.0623881 9.9946E-05 0.137306 0.0278254 0.0170329
9.991E-05 0.0102658 9.991E-05 0.630163 9.991E-05 9.991E-05 9.991E-05 0.10033 9.991E-05 0.166319 0.0368433 9.991E-05 0.0550807 9.991E-05 9.991E-05 9.991E-05
0.0476803 9.99279E-05 9.99279E-05 0.356506 0.0766528 9.99279E-05 9.99279E-05 0.0670285 9.99279E-05 0.149206 0.0155766 9.99279E-05 9.99279E-05 0.278647 9.99279E-05 0.00790332
9.9928E-05 0.0244717 9.9928E-05 0.741756 0.110301 9.9928E-05 0.0222127 0.038538 9.9928E-05 9.9928E-05 0.0091298 0.0458548 9.9928E-05 9.9928E-05 0.00693696 9.9928E-05
9.99101E-05 0.0130155 9.99101E-05 0.643136 9.99101E-05 9.99101E-05 9.99101E-05 9.99101E-05 0.0193398 9.99101E-05 0.00249159 0.200157 9.99101E-05 0.112221 0.00873943 9.99101E-05
9.9919E-05 0.00879153 0.00968167 0.607543 0.189397 9.9919E-05 0.028382 0.102842 9.9919E-05 9.9919E-05 9.9919E-05 0.0524634 9.9919E-05 9.9919E-05 9.9919E-05 9.9919E-05
0.0297209 9.991E-05 0.0060228 0.713829 9.991E-05 9.991E-05 0.072926 9.991E-05 9.991E-05 9.991E-05 9.991E-05 0.174899 9.991E-05 0.00160307 9.991E-05 9.991E-05
0.0398967 0.0242336 0.0278923 0.827265 9.9937E-05 9.9937E-05 0.0121566 9.9937E-05 9.9937E-05 9.9937E-05 0.0215263 9.9937E-05 9.9937E-05 0.0212619 0.0179448 0.00712327
0.0154712 9.9919E-05 0.0265228 0.857353 9.9919E-05 0.0185074 9.9919E-05 9.9919E-05 9.9919E-05 9.9919E-05 9.9919E-05 9.9919E-05 0.0467121 9.9919E-05 0.0081176 0.0264166
9.9901E-05 9.9901E-05 9.9901E-05 9.9901E-05 0.00825497 9.9901E-05 9.9901E-05 9.9901E-05 9.9901E-05 0.942012 0.0240964 9.9901E-05 9.9901E-05 9.9901E-05 0.0121397 0.0123978
9.99169E-05 0.0170583 9.99169E-05 9.99169E-05 0.0265189 9.99169E-05 9.99169E-05 0.0182205 9.99169E-05 0.922821 9.99169E-05 9.99169E-05 0.000900082 0.013482 9.99169E-05 9.99169E-05
0.0194588 0.00624725 0.000431531 9.9928E-05 9.9928E-05 9.9928E-05 9.9928E-05 0.0754412 9.9928E-05 0.865908 0.00468162 0.0189651 9.9928E-05 9.9928E-05 9.9928E-05 0.00806696
9.9901E-05 0.0162764 9.9901E-05 9.9901E-05 9.9901E-05 0.0395831 9.9901E-05 9.9901E-05 9.9901E-05 0.915695 0.0154845 9.9901E-05 9.9901E-05 9.9901E-05 0.0118617 9.9901E-05
0.0806654 9.9892E-05 9.9892E-05 9.9892E-05 9.9892E-05 0.0434121 9.9892E-05 9.9892E-05 9.9892E-05 0.871501 9.9892E-05 9.9892E-05 9.9892E-05 9.9892E-05 0.00322287 9.9892E-05
9.991E-05 0.0334499 9.991E-05 9.991E-05 9.991E-05 9.991E-05 0.0355794 9.991E-05 9.991E-05 0.608719 9.991E-05 0.265459 9.991E-05 0.0235828 0.032211 9.991E-05
9.98741E-05 9.98741E-05 9.98741E-05 9.98741E-05 9.98741E-05 9.98741E-05 9.98741E-05 9.98741E-05 9.98741E-05 0.945126 9.98741E-05 0.0534757 9.98741E-05 9.98741E-05 9.98741E-05 9.98741E-05
0.00223599 9.9901E-05 9.9901E-05 9.9901E-05 0.308826 0.116343 0.120685 9.9901E-05 9.9901E-05 0.450812 9.9901E-05 9.9901E-05 9.9901E-05 9.9901E-05 9.9901E-05 9.9901E-05
