0	0.271186	0.282819	0.290037	0.18621	0.280103	0.278842	0.277758	0.281992	0.286465	0.280819	0.277891	0.272794	0.272303	0.269529	0.27665	0.305467	0.304107	0.306012	0.301744	0.299908	0.300308	0.330605	0.304984	0.304246	0.299406	0.30192	0.302071	0.302223	0.321917	0.299517	0.304476	0.301892	0.314774	0.305377	0.29852	0.298993	0.297757	0.294758	0.295208	0.290807	0.297866	0.290661	0.297707	0.300898	0.298383	0.293323	0.299409	0.292634	0.296964	0.294157	0.288051	0.298027	0.299833	0.298835	0.303848	0.312884	0.298235	0.300021	0.307467	0.307312	0.296717	0.300076	0.310543	0.303747	0.299241	0.296698	0.291514	0.303085	0.297896	0.29556	0.305765	0.30286	0.300269	0.298778	0.30047	0.296261	0.302711	0.297065	0.30113	0.308306	0.298988	0.306552	0.298298	0.295149	0.29956	0.311316	0.303479	0.302607	0.307803	0.321696	0.312031	0.314726	0.296644	0.305569	0.302675	0.30855	0.302258	0.305197	0.305535	0.296851	0.292985	0.296896	0.304702	0.308431	0.308636	0.302886	0.300581	0.304129	0.298177	0.295893	0.307732	0.305559	0.299334	0.303091	0.307353	0.301142	0.301574	0.303521	0.303379	0.307432	0.301487	0.299104	0.298285	0.297528	0.298454	0.296415	0.304975	0.304219	0.30224	0.301297	0.301756	0.300799	0.308	0.308567	0.316819	0.301051	0.303081	0.307977	0.31738	0.318498	0.323606	0.310078	0.324256	0.31041	0.317971	0.321467	0.313983	0.308069	0.304287	0.301488	0.304701	0.306666	0.305348	0.320385	0.310576	0.31533	0.304068	0.310888	0.30743
0.271186	0	0.280622	0.282061	0.272409	0.278723	0.275317	0.272475	0.276125	0.281561	0.272424	0.268778	0.273017	0.271638	0.276426	0.269724	0.30377	0.310339	0.302073	0.297471	0.29699	0.29782	0.336048	0.304215	0.300601	0.293723	0.290715	0.296478	0.298723	0.326628	0.296638	0.301884	0.304978	0.309852	0.297761	0.295358	0.299793	0.295921	0.294955	0.29816	0.295315	0.29329	0.297076	0.287741	0.301445	0.298618	0.298305	0.294396	0.297445	0.295238	0.29074	0.29314	0.295054	0.2956	0.300021	0.302351	0.303605	0.300202	0.301111	0.296801	0.290082	0.30205	0.29717	0.306474	0.298835	0.297974	0.297774	0.294533	0.3017	0.297219	0.291936	0.299807	0.300369	0.296271	0.293652	0.306143	0.289633	0.299727	0.291626	0.293577	0.302849	0.296311	0.303931	0.292155	0.298608	0.292923	0.300147	0.3	0.297122	0.309734	0.32039	0.311631	0.309603	0.301895	0.301568	0.302682	0.305456	0.298233	0.309088	0.296492	0.299846	0.296486	0.298255	0.292066	0.304326	0.311426	0.298041	0.298139	0.300602	0.299968	0.299499	0.304241	0.302576	0.302349	0.302956	0.305305	0.300427	0.300792	0.305099	0.30127	0.305568	0.296811	0.302428	0.293211	0.302213	0.299633	0.293446	0.305768	0.302318	0.299545	0.299727	0.299676	0.30064	0.302959	0.302322	0.313696	0.297933	0.298888	0.303343	0.310082	0.315926	0.319665	0.304937	0.323003	0.304205	0.313002	0.321619	0.310283	0.304782	0.302379	0.299697	0.303158	0.303024	0.301311	0.321126	0.309845	0.316853	0.299787	0.30244	0.308437
0.282819	0.280622	0	0.286846	0.27342	0.285723	0.2817	0.278542	0.280483	0.280024	0.278008	0.274058	0.265372	0.266354	0.273366	0.271886	0.311335	0.311309	0.29547	0.30796	0.299212	0.305809	0.334506	0.299024	0.306039	0.301917	0.301007	0.301672	0.308717	0.325084	0.301707	0.303577	0.305323	0.315967	0.30411	0.301933	0.297557	0.296936	0.298151	0.296232	0.292198	0.296011	0.297925	0.294813	0.301783	0.305482	0.296652	0.299829	0.301095	0.298176	0.294483	0.293821	0.297068	0.297611	0.299797	0.30614	0.303616	0.304005	0.299931	0.304524	0.300447	0.300749	0.30303	0.303556	0.298518	0.300363	0.29842	0.299743	0.302845	0.300255	0.3003	0.311738	0.306016	0.297098	0.303446	0.308117	0.294491	0.298691	0.296467	0.300789	0.309743	0.303819	0.309821	0.306758	0.296856	0.302016	0.308842	0.303865	0.300919	0.307949	0.330375	0.310779	0.319044	0.304942	0.306821	0.301423	0.310538	0.300555	0.313796	0.300558	0.302584	0.301355	0.301446	0.305654	0.30686	0.307427	0.29796	0.295692	0.299378	0.29934	0.298884	0.312461	0.306396	0.304018	0.310467	0.310066	0.305556	0.29718	0.303148	0.299246	0.3099	0.299847	0.293964	0.292838	0.299252	0.305188	0.301306	0.299881	0.300107	0.299418	0.30298	0.301752	0.304113	0.300271	0.298414	0.314746	0.311184	0.298593	0.304717	0.31205	0.317622	0.32142	0.309216	0.320919	0.310911	0.310411	0.322587	0.314524	0.3	0.305393	0.30456	0.308067	0.307731	0.306896	0.32403	0.314132	0.316621	0.299378	0.307613	0.304896
0.290037	0.282061	0.286846	0	0.27997	0.280499	0.281135	0.268657	0.289438	0.281916	0.278652	0.276794	0.277897	0.277023	0.280506	0.279276	0.310494	0.317615	0.313069	0.309096	0.307366	0.306429	0.33597	0.308505	0.312735	0.305348	0.306477	0.305332	0.311314	0.328482	0.307354	0.309783	0.314159	0.328698	0.311372	0.302932	0.306322	0.296209	0.303635	0.305647	0.300255	0.301928	0.302042	0.300402	0.300743	0.301375	0.307262	0.300062	0.306783	0.303075	0.296384	0.3035	0.298702	0.307942	0.305682	0.310686	0.318353	0.307092	0.306274	0.313271	0.301232	0.303113	0.308358	0.31177	0.302333	0.307021	0.306062	0.30272	0.304918	0.305407	0.303807	0.313295	0.307503	0.298824	0.305694	0.302426	0.300996	0.303541	0.297836	0.311338	0.3069	0.305189	0.307575	0.305474	0.299321	0.302896	0.308255	0.312288	0.305255	0.310123	0.324274	0.32039	0.320265	0.308781	0.309848	0.309345	0.31163	0.303833	0.307623	0.307373	0.300678	0.301334	0.30542	0.3069	0.312734	0.314147	0.306207	0.305257	0.305129	0.302623	0.300129	0.322938	0.315623	0.301283	0.30491	0.314113	0.315077	0.309053	0.30736	0.310943	0.311467	0.304454	0.306586	0.308393	0.311179	0.306364	0.303344	0.303768	0.308345	0.307815	0.305315	0.313881	0.302728	0.310287	0.311821	0.322823	0.310611	0.306108	0.305993	0.322052	0.324142	0.324318	0.311757	0.32935	0.315457	0.320382	0.334191	0.321365	0.312971	0.3109	0.312562	0.307614	0.307411	0.311995	0.329827	0.32151	0.319357	0.303317	0.314372	0.316601
0.18621	0.272409	0.27342	0.27997	0	0.276845	0.273819	0.275402	0.27594	0.279557	0.277661	0.275236	0.265681	0.272225	0.267497	0.277287	0.30438	0.304774	0.303079	0.300383	0.299467	0.298212	0.326863	0.299378	0.302746	0.300513	0.295023	0.301439	0.29663	0.318795	0.294495	0.30231	0.301595	0.316033	0.305111	0.292606	0.296448	0.302799	0.287985	0.293213	0.2892	0.295499	0.289286	0.293434	0.298617	0.291289	0.294289	0.29484	0.295176	0.296118	0.290641	0.292927	0.287184	0.300314	0.29398	0.301566	0.308776	0.302551	0.297784	0.30221	0.300879	0.294271	0.299476	0.305115	0.303602	0.296236	0.299967	0.291055	0.295945	0.294178	0.295288	0.309056	0.301734	0.303822	0.298261	0.300092	0.297946	0.300157	0.291011	0.297814	0.304601	0.297858	0.305071	0.296387	0.298632	0.297685	0.297677	0.305344	0.297361	0.303213	0.322453	0.316461	0.3118	0.301922	0.29927	0.302562	0.307588	0.304434	0.306551	0.302382	0.304949	0.293165	0.299383	0.307512	0.307167	0.309329	0.297281	0.299312	0.302855	0.291151	0.295324	0.309512	0.305374	0.301761	0.303203	0.303931	0.303957	0.302044	0.303889	0.295801	0.308741	0.299151	0.298233	0.293551	0.295623	0.298548	0.294196	0.302429	0.301625	0.300917	0.301194	0.297666	0.300641	0.30858	0.302967	0.310988	0.295086	0.299014	0.303278	0.312763	0.317066	0.32675	0.308043	0.322111	0.305396	0.318077	0.320314	0.307301	0.308	0.300675	0.299157	0.30321	0.306683	0.305164	0.32267	0.317021	0.315853	0.300391	0.305063	0.308108
0.280103	0.278723	0.285723	0.280499	0.276845	0	0.277484	0.275695	0.283403	0.295864	0.286397	0.274301	0.270359	0.272936	0.273308	0.271468	0.312286	0.31855	0.309655	0.302661	0.300204	0.307137	0.331326	0.306886	0.307134	0.305717	0.303544	0.302494	0.3048	0.334713	0.301166	0.307195	0.30693	0.32391	0.299223	0.297732	0.30283	0.298995	0.29578	0.29913	0.291243	0.303359	0.297372	0.292988	0.29898	0.299498	0.298583	0.294163	0.302657	0.296556	0.290203	0.296072	0.29709	0.297804	0.30035	0.300191	0.309639	0.304323	0.303403	0.308594	0.299284	0.298324	0.305618	0.308443	0.305209	0.295796	0.299905	0.293057	0.3017	0.306009	0.293189	0.309232	0.303684	0.299885	0.296616	0.299848	0.29316	0.30099	0.295474	0.300838	0.305061	0.302005	0.305105	0.300871	0.296526	0.298741	0.300472	0.31411	0.295489	0.304731	0.319851	0.309218	0.320777	0.307843	0.301882	0.299339	0.308625	0.304485	0.30844	0.302028	0.295223	0.299673	0.303291	0.29783	0.311782	0.30999	0.300941	0.300162	0.301398	0.297944	0.295868	0.314525	0.314927	0.300823	0.302884	0.307644	0.303197	0.305884	0.29463	0.308953	0.311547	0.300159	0.298599	0.301511	0.304552	0.298645	0.297708	0.297685	0.303221	0.305659	0.305064	0.305309	0.29999	0.305034	0.308281	0.317492	0.302307	0.301908	0.300244	0.312555	0.325731	0.323017	0.31094	0.328825	0.313436	0.315506	0.329567	0.309864	0.31436	0.299496	0.313413	0.308039	0.310493	0.312118	0.323753	0.30987	0.314985	0.302286	0.308035	0.311356
0.278842	0.275317	0.2817	0.281135	0.273819	0.277484	0	0.277834	0.281803	0.280384	0.274263	0.276527	0.276806	0.266493	0.275243	0.271891	0.303538	0.310259	0.297069	0.295829	0.302146	0.299542	0.332317	0.298672	0.3001	0.296855	0.296997	0.296447	0.301391	0.325269	0.296147	0.303899	0.29464	0.317663	0.29973	0.292823	0.303593	0.295387	0.290677	0.295091	0.288714	0.29746	0.298115	0.289319	0.298753	0.296581	0.293692	0.294788	0.298939	0.298675	0.293007	0.292923	0.292028	0.296949	0.295968	0.303087	0.306511	0.303533	0.296305	0.29991	0.298308	0.29306	0.301021	0.306955	0.29786	0.286682	0.296469	0.294019	0.293412	0.297548	0.297255	0.307822	0.301704	0.298405	0.294927	0.300216	0.289494	0.303088	0.293239	0.305504	0.302773	0.2975	0.302235	0.297228	0.295855	0.298827	0.301661	0.309611	0.294575	0.304321	0.322921	0.309941	0.31245	0.302299	0.293644	0.298775	0.30657	0.296368	0.304618	0.302761	0.293291	0.298324	0.300192	0.302101	0.302315	0.305243	0.300747	0.290728	0.302487	0.29902	0.294692	0.305867	0.302993	0.295041	0.304092	0.303498	0.304802	0.299424	0.303499	0.298801	0.304782	0.290991	0.299232	0.299187	0.29936	0.292176	0.292424	0.296451	0.296009	0.299967	0.301544	0.299296	0.296068	0.303254	0.297322	0.322158	0.297735	0.294054	0.29221	0.307914	0.314476	0.315627	0.305362	0.3292	0.311578	0.311673	0.315742	0.315967	0.302656	0.29954	0.307688	0.301976	0.299331	0.3028	0.31651	0.312843	0.312104	0.299458	0.310269	0.300471
0.277758	0.272475	0.278542	0.268657	0.275402	0.275695	0.277834	0	0.279165	0.281762	0.275687	0.273477	0.267818	0.268311	0.275338	0.270316	0.303064	0.313819	0.300333	0.303123	0.295102	0.299868	0.333798	0.306126	0.305165	0.298642	0.296324	0.302062	0.301464	0.32484	0.291967	0.304566	0.299967	0.31992	0.298832	0.297538	0.297758	0.297364	0.297098	0.295638	0.295234	0.303236	0.290867	0.291145	0.304127	0.295254	0.296328	0.295026	0.302048	0.299737	0.291906	0.288989	0.290407	0.296392	0.295844	0.302627	0.309468	0.300048	0.299795	0.307306	0.29675	0.296957	0.302498	0.305507	0.302379	0.298646	0.292352	0.299979	0.297239	0.298135	0.295063	0.30274	0.302962	0.296096	0.300643	0.29962	0.296389	0.299727	0.291325	0.301348	0.307396	0.300998	0.304958	0.294999	0.293762	0.300713	0.299104	0.304961	0.298629	0.307765	0.320743	0.307802	0.31549	0.300546	0.30919	0.304622	0.305305	0.305106	0.308217	0.302651	0.305833	0.295514	0.292157	0.300866	0.308523	0.312578	0.29676	0.293964	0.300485	0.293723	0.294221	0.311653	0.309019	0.29622	0.301985	0.303818	0.303862	0.30024	0.304253	0.298281	0.311755	0.29376	0.29616	0.299697	0.301149	0.300477	0.297922	0.300672	0.298623	0.297623	0.300011	0.305182	0.301682	0.297328	0.302009	0.320855	0.300405	0.296351	0.297264	0.311276	0.319008	0.321125	0.30736	0.324466	0.312173	0.311967	0.32131	0.313277	0.309348	0.30405	0.309352	0.303997	0.306058	0.302881	0.33143	0.315638	0.309722	0.300225	0.303326	0.302333
0.281992	0.276125	0.280483	0.289438	0.27594	0.283403	0.281803	0.279165	0	0.284382	0.283749	0.277303	0.276722	0.280569	0.278561	0.273055	0.306158	0.316675	0.309542	0.302271	0.3006	0.300957	0.331686	0.305176	0.305759	0.30378	0.29634	0.304823	0.307734	0.327838	0.301049	0.301965	0.30256	0.320657	0.300698	0.291905	0.299015	0.301636	0.297786	0.302186	0.29485	0.292583	0.301592	0.29702	0.298428	0.292845	0.298408	0.298159	0.303758	0.302511	0.294068	0.299649	0.295808	0.305709	0.300171	0.305504	0.312225	0.305988	0.306128	0.303959	0.299345	0.295514	0.309056	0.300867	0.305673	0.297559	0.301314	0.292689	0.307855	0.299787	0.297641	0.301556	0.306486	0.301677	0.302495	0.296412	0.297278	0.302331	0.296266	0.306226	0.305488	0.304553	0.305809	0.304952	0.294975	0.299268	0.301846	0.309942	0.29933	0.30986	0.329662	0.309736	0.317158	0.302419	0.303482	0.308476	0.301712	0.306742	0.305178	0.299918	0.303875	0.297474	0.300898	0.307373	0.304964	0.312469	0.294739	0.303571	0.304728	0.301107	0.2987	0.313887	0.307312	0.3022	0.30883	0.311261	0.304587	0.303091	0.303152	0.301729	0.304823	0.303074	0.297903	0.292246	0.299048	0.30193	0.301352	0.301155	0.306947	0.307384	0.302452	0.303226	0.305182	0.30816	0.303795	0.319294	0.303391	0.300711	0.304909	0.311355	0.317352	0.323659	0.310835	0.327119	0.307575	0.322716	0.323923	0.318681	0.31287	0.30435	0.308445	0.310041	0.30803	0.308973	0.329612	0.315773	0.312689	0.304132	0.306466	0.308588
0.286465	0.281561	0.280024	0.281916	0.279557	0.295864	0.280384	0.281762	0.284382	0	0.283299	0.276835	0.28219	0.277575	0.280093	0.276136	0.307253	0.311132	0.309501	0.305085	0.304518	0.304665	0.336757	0.308875	0.307652	0.308181	0.30302	0.307339	0.308653	0.324919	0.297923	0.307875	0.308437	0.322321	0.30588	0.302069	0.298284	0.298696	0.301368	0.303248	0.29793	0.299162	0.297976	0.29952	0.307407	0.308143	0.301385	0.303117	0.308119	0.301818	0.296627	0.303795	0.301987	0.29913	0.302692	0.309378	0.314079	0.303923	0.306559	0.309228	0.307745	0.298447	0.308988	0.308418	0.309926	0.303049	0.306111	0.30493	0.311067	0.302235	0.30453	0.312477	0.314521	0.299285	0.302444	0.307464	0.305434	0.30429	0.299497	0.305849	0.31297	0.306592	0.315392	0.305459	0.299699	0.307921	0.309627	0.309989	0.299082	0.311591	0.323261	0.310279	0.318641	0.308755	0.313062	0.310968	0.320041	0.305738	0.3146	0.308176	0.311852	0.300666	0.309139	0.307587	0.305643	0.317797	0.310323	0.307551	0.310304	0.303803	0.309759	0.307072	0.309441	0.307129	0.31504	0.314137	0.30974	0.304669	0.305898	0.3082	0.312734	0.301947	0.301317	0.300253	0.307697	0.304485	0.314823	0.301924	0.305836	0.303084	0.309614	0.309609	0.299716	0.305862	0.310056	0.313523	0.307566	0.303	0.314046	0.318367	0.322258	0.325893	0.312761	0.320314	0.312285	0.316621	0.317049	0.314815	0.314205	0.305997	0.309248	0.308794	0.313652	0.30677	0.322937	0.316125	0.318169	0.300742	0.312583	0.3156
0.280819	0.272424	0.278008	0.278652	0.277661	0.286397	0.274263	0.275687	0.283749	0.283299	0	0.275408	0.267265	0.270802	0.275962	0.273216	0.304834	0.316768	0.304728	0.306534	0.301631	0.304971	0.334953	0.308477	0.30443	0.299934	0.299471	0.30658	0.306512	0.323833	0.297376	0.304307	0.309462	0.318996	0.303689	0.292837	0.303638	0.298778	0.301695	0.302296	0.296753	0.303628	0.301599	0.299149	0.298651	0.30097	0.29928	0.301763	0.306452	0.299487	0.293605	0.302538	0.299541	0.304635	0.297474	0.306199	0.309193	0.311034	0.302276	0.306609	0.296733	0.298245	0.304778	0.309081	0.305524	0.302032	0.300584	0.300869	0.3072	0.305188	0.299481	0.310251	0.310236	0.302872	0.303757	0.312108	0.298231	0.29854	0.295747	0.305588	0.307904	0.302269	0.311572	0.304358	0.301041	0.305034	0.303216	0.308301	0.306125	0.309745	0.32856	0.3146	0.31872	0.30401	0.308297	0.303578	0.311117	0.299169	0.31118	0.303172	0.306323	0.301293	0.303095	0.302942	0.311603	0.310376	0.300375	0.298732	0.309845	0.301046	0.306879	0.309731	0.306807	0.309931	0.306274	0.308818	0.311465	0.305512	0.305144	0.299966	0.308467	0.30126	0.303579	0.297782	0.303114	0.299427	0.300402	0.300941	0.303658	0.309569	0.306577	0.306213	0.306161	0.302038	0.307581	0.319636	0.308817	0.301611	0.306321	0.314291	0.324941	0.321883	0.310656	0.325946	0.313725	0.313699	0.322985	0.31211	0.308592	0.305797	0.312115	0.303488	0.306515	0.308908	0.321743	0.313764	0.322542	0.299865	0.307959	0.31539
0.277891	0.268778	0.274058	0.276794	0.275236	0.274301	0.276527	0.273477	0.277303	0.276835	0.275408	0	0.26936	0.265777	0.26925	0.263511	0.300384	0.304215	0.295222	0.302766	0.30336	0.305238	0.337167	0.30304	0.301196	0.293845	0.295009	0.302752	0.300597	0.324365	0.299188	0.304602	0.300393	0.325402	0.29803	0.293089	0.294866	0.289068	0.297579	0.290063	0.291844	0.29509	0.295549	0.287551	0.291816	0.296918	0.292199	0.291461	0.302807	0.294937	0.289089	0.291803	0.28749	0.294805	0.29771	0.300941	0.305338	0.301957	0.297559	0.302803	0.287399	0.300313	0.29916	0.307046	0.295042	0.291136	0.296741	0.291632	0.299616	0.296328	0.29672	0.305605	0.298248	0.295881	0.293353	0.306478	0.291636	0.296302	0.291236	0.301551	0.303605	0.297115	0.295878	0.297917	0.287544	0.290807	0.304627	0.308876	0.301365	0.302613	0.325643	0.311996	0.318158	0.296486	0.304782	0.299989	0.297744	0.2943	0.309593	0.300034	0.293455	0.296456	0.300043	0.303492	0.303416	0.305107	0.298871	0.297051	0.295729	0.297095	0.294647	0.309176	0.30085	0.300591	0.298834	0.303869	0.303293	0.291463	0.297199	0.301032	0.29866	0.290822	0.296102	0.29413	0.295922	0.295164	0.294756	0.294792	0.302653	0.294338	0.298033	0.298463	0.299094	0.297497	0.293467	0.314858	0.295953	0.296814	0.301212	0.311005	0.320169	0.320393	0.305025	0.326767	0.304382	0.315522	0.320242	0.306342	0.301264	0.298276	0.30236	0.29774	0.301332	0.301787	0.320158	0.316543	0.313205	0.299144	0.306204	0.311474
0.272794	0.273017	0.265372	0.277897	0.265681	0.270359	0.276806	0.267818	0.276722	0.28219	0.267265	0.26936	0	0.261423	0.268725	0.266389	0.300954	0.308443	0.297655	0.295633	0.293298	0.298301	0.334464	0.297984	0.302311	0.298454	0.292652	0.297377	0.295818	0.322738	0.294803	0.300689	0.299799	0.31774	0.296783	0.289373	0.29605	0.295653	0.293999	0.292117	0.289727	0.297678	0.295099	0.286942	0.294279	0.297605	0.293749	0.294165	0.300504	0.292767	0.282326	0.286808	0.288197	0.293768	0.293209	0.298776	0.308292	0.298192	0.297335	0.295356	0.29785	0.29828	0.30352	0.305307	0.298801	0.289623	0.294415	0.287673	0.294863	0.295737	0.29206	0.301969	0.299493	0.293005	0.292461	0.29944	0.291007	0.294868	0.289471	0.298843	0.306046	0.296456	0.303124	0.296435	0.292636	0.293149	0.299508	0.298985	0.296248	0.301868	0.322132	0.306497	0.315337	0.295632	0.299481	0.292043	0.298992	0.295154	0.304576	0.29473	0.294975	0.290952	0.295964	0.300362	0.301636	0.307764	0.298137	0.294742	0.291402	0.294498	0.288592	0.307657	0.305862	0.294516	0.297742	0.305315	0.29704	0.298841	0.295021	0.29971	0.305153	0.29504	0.299467	0.290618	0.297224	0.293221	0.291881	0.299025	0.298016	0.29795	0.294977	0.29633	0.297191	0.297257	0.303071	0.317512	0.297495	0.293596	0.299818	0.304973	0.321096	0.316471	0.306246	0.319352	0.306663	0.308193	0.324749	0.310082	0.301534	0.297271	0.30593	0.298713	0.305781	0.30701	0.323107	0.314851	0.317289	0.299901	0.305225	0.308854
0.272303	0.271638	0.266354	0.277023	0.272225	0.272936	0.266493	0.268311	0.280569	0.277575	0.270802	0.265777	0.261423	0	0.260276	0.26293	0.299872	0.308619	0.29747	0.295967	0.295228	0.295197	0.332964	0.298045	0.298661	0.299186	0.297839	0.298716	0.301167	0.327555	0.290263	0.301941	0.298861	0.313538	0.289853	0.287297	0.288367	0.291254	0.287794	0.286677	0.287354	0.29111	0.288657	0.288792	0.296012	0.290629	0.290603	0.290054	0.290405	0.291696	0.281239	0.287286	0.285746	0.293038	0.293534	0.300058	0.30695	0.295633	0.295978	0.301646	0.289896	0.293099	0.299788	0.305241	0.292629	0.291402	0.294756	0.289832	0.29967	0.289825	0.291604	0.304836	0.29425	0.285498	0.287851	0.296276	0.28781	0.293231	0.288351	0.300963	0.306649	0.294936	0.30027	0.298174	0.294072	0.290513	0.300973	0.297706	0.294922	0.301215	0.324967	0.309519	0.311796	0.300631	0.304999	0.293699	0.302214	0.296534	0.306589	0.300999	0.288034	0.294553	0.297684	0.298859	0.30158	0.304747	0.301796	0.291102	0.299931	0.29053	0.290646	0.301964	0.303448	0.298399	0.298246	0.300589	0.295348	0.298628	0.300869	0.295338	0.30682	0.297521	0.298075	0.295211	0.294744	0.297063	0.284836	0.295521	0.298359	0.297071	0.295491	0.296618	0.296703	0.297324	0.298646	0.312922	0.294329	0.301401	0.298215	0.30779	0.320855	0.318717	0.304584	0.320344	0.306316	0.310423	0.325157	0.311005	0.301726	0.295391	0.294609	0.303111	0.302017	0.304134	0.326609	0.307286	0.315193	0.292071	0.311366	0.302893
0.269529	0.276426	0.273366	0.280506	0.267497	0.273308	0.275243	0.275338	0.278561	0.280093	0.275962	0.26925	0.268725	0.260276	0	0.263458	0.301192	0.310088	0.299174	0.302215	0.296227	0.297514	0.339882	0.300691	0.298039	0.298671	0.298688	0.29584	0.299455	0.323495	0.294709	0.297997	0.301704	0.314334	0.299023	0.287371	0.294134	0.297262	0.295723	0.289396	0.29548	0.293901	0.291899	0.290615	0.295524	0.29727	0.291748	0.295806	0.29592	0.293273	0.289971	0.286824	0.289945	0.293753	0.29426	0.303469	0.308478	0.298445	0.300481	0.304859	0.29896	0.297884	0.301226	0.309072	0.305071	0.295439	0.297122	0.292323	0.300751	0.29491	0.291229	0.305416	0.302078	0.28783	0.294722	0.300853	0.295278	0.295061	0.291428	0.30341	0.300448	0.300579	0.301784	0.295404	0.293284	0.293182	0.307088	0.304304	0.296001	0.30537	0.32457	0.304355	0.317497	0.294718	0.300336	0.296366	0.305445	0.299552	0.307379	0.30213	0.298944	0.295193	0.296629	0.303223	0.308317	0.31091	0.299527	0.297047	0.303255	0.298282	0.299045	0.306366	0.300435	0.301166	0.299884	0.303763	0.301593	0.298283	0.300288	0.296251	0.305199	0.292135	0.296422	0.295614	0.297707	0.298823	0.29475	0.293675	0.297252	0.296742	0.299886	0.298146	0.296087	0.298691	0.301427	0.319885	0.296654	0.293894	0.301767	0.305691	0.324767	0.32096	0.305841	0.319326	0.308611	0.312801	0.325407	0.309188	0.301205	0.298029	0.303343	0.299153	0.303902	0.305168	0.320554	0.310079	0.314633	0.300236	0.309874	0.299787
0.27665	0.269724	0.271886	0.279276	0.277287	0.271468	0.271891	0.270316	0.273055	0.276136	0.273216	0.263511	0.266389	0.26293	0.263458	0	0.297297	0.305575	0.298418	0.294451	0.29385	0.295696	0.329425	0.30337	0.300781	0.295035	0.288218	0.296829	0.295827	0.313849	0.292908	0.297894	0.295903	0.316349	0.293687	0.291076	0.293023	0.292563	0.293901	0.287971	0.290038	0.294367	0.287573	0.286487	0.292112	0.290202	0.289725	0.292555	0.296523	0.293293	0.287777	0.286392	0.287349	0.28877	0.294216	0.29582	0.305986	0.296241	0.296807	0.30153	0.291268	0.296796	0.298155	0.299107	0.301283	0.288064	0.296457	0.291013	0.293748	0.294335	0.290707	0.300973	0.303736	0.291179	0.297556	0.298721	0.285474	0.294577	0.293715	0.299953	0.300944	0.29525	0.298473	0.293737	0.283969	0.292805	0.296098	0.29945	0.298103	0.297939	0.31926	0.307263	0.313608	0.298913	0.300677	0.296721	0.302929	0.296613	0.301339	0.298074	0.294725	0.294693	0.297243	0.297406	0.30205	0.298743	0.296244	0.293432	0.295227	0.291939	0.291567	0.309644	0.300612	0.295899	0.300859	0.300867	0.298723	0.296932	0.293125	0.300325	0.301977	0.292048	0.293548	0.29323	0.29418	0.29249	0.291948	0.294787	0.298752	0.298427	0.295328	0.296256	0.297447	0.294173	0.298724	0.318283	0.297117	0.2964	0.304849	0.306516	0.319767	0.322162	0.307176	0.326753	0.307618	0.312903	0.324947	0.311158	0.298196	0.298157	0.302832	0.302127	0.304919	0.299898	0.322759	0.304899	0.311657	0.299088	0.300666	0.30202
0.305467	0.30377	0.311335	0.310494	0.30438	0.312286	0.303538	0.303064	0.306158	0.307253	0.304834	0.300384	0.300954	0.299872	0.301192	0.297297	0	0.291706	0.285617	0.284171	0.272997	0.280563	0.308555	0.278959	0.161372	0.279235	0.283361	0.281205	0.284532	0.306555	0.279221	0.285338	0.286763	0.308257	0.279998	0.28583	0.296009	0.290961	0.292812	0.289103	0.290262	0.293327	0.287364	0.28995	0.291596	0.293249	0.289749	0.287506	0.295092	0.289495	0.285231	0.292073	0.284463	0.29681	0.28897	0.299087	0.305544	0.29758	0.292885	0.300223	0.291219	0.296461	0.295276	0.307121	0.295392	0.295631	0.293009	0.292578	0.297696	0.295543	0.292609	0.307326	0.292241	0.290487	0.292329	0.300339	0.289218	0.295467	0.292924	0.300258	0.303241	0.290176	0.301158	0.296016	0.295269	0.295398	0.300524	0.301178	0.298068	0.295569	0.313605	0.308712	0.312227	0.300998	0.303604	0.303375	0.300281	0.296015	0.299885	0.298692	0.295266	0.294669	0.295682	0.299931	0.306036	0.303019	0.297842	0.290206	0.296272	0.29528	0.2898	0.305406	0.299538	0.301688	0.299468	0.292825	0.304276	0.297921	0.298021	0.292496	0.303243	0.294487	0.28955	0.295245	0.296495	0.294586	0.29563	0.294043	0.291019	0.297623	0.297348	0.294319	0.291772	0.296892	0.293827	0.313047	0.291667	0.292864	0.297266	0.303139	0.318902	0.316043	0.304822	0.317222	0.309414	0.310372	0.320026	0.309042	0.299817	0.297088	0.302119	0.300953	0.303226	0.298224	0.31919	0.317831	0.316656	0.285551	0.300983	0.30427
0.304107	0.310339	0.311309	0.317615	0.304774	0.31855	0.310259	0.313819	0.316675	0.311132	0.316768	0.304215	0.308443	0.308619	0.310088	0.305575	0.291706	0	0.284012	0.284138	0.280231	0.283687	0.30833	0.285243	0.293014	0.287461	0.289823	0.288803	0.287036	0.310956	0.290681	0.288845	0.288218	0.303925	0.284109	0.292478	0.300157	0.300433	0.297746	0.295884	0.29613	0.300047	0.298524	0.296514	0.299678	0.303869	0.295761	0.296452	0.303561	0.29776	0.292561	0.298955	0.292915	0.301104	0.305179	0.302986	0.311873	0.297368	0.305083	0.29752	0.296029	0.300589	0.307142	0.309489	0.305365	0.293644	0.301724	0.298708	0.302291	0.307616	0.302791	0.308615	0.304365	0.302204	0.300841	0.299379	0.296222	0.297886	0.303645	0.303238	0.307804	0.300556	0.308825	0.302099	0.301535	0.304516	0.300621	0.30889	0.303726	0.302492	0.320592	0.310227	0.314202	0.302377	0.310163	0.305004	0.30501	0.309684	0.30985	0.305308	0.302981	0.306411	0.302757	0.305646	0.309452	0.308507	0.303786	0.301106	0.304327	0.306109	0.30105	0.314101	0.300372	0.300714	0.302629	0.306527	0.304748	0.302148	0.298075	0.298042	0.311497	0.296159	0.29333	0.304112	0.303658	0.310303	0.299305	0.298334	0.302305	0.305713	0.303052	0.300554	0.3037	0.305441	0.304945	0.314052	0.296865	0.305158	0.30605	0.313105	0.315074	0.321157	0.308997	0.320927	0.312442	0.312726	0.32171	0.31066	0.306994	0.300462	0.312487	0.304916	0.305475	0.309894	0.320552	0.309311	0.311534	0.297137	0.303593	0.311341
0.306012	0.302073	0.29547	0.313069	0.303079	0.309655	0.297069	0.300333	0.309542	0.309501	0.304728	0.295222	0.297655	0.29747	0.299174	0.298418	0.285617	0.284012	0	0.280744	0.278362	0.278659	0.316868	0.279536	0.286436	0.278324	0.277733	0.283067	0.284546	0.3052	0.280419	0.286692	0.285241	0.304223	0.276655	0.283183	0.292443	0.291469	0.286333	0.291659	0.283911	0.28624	0.285829	0.286732	0.295747	0.294468	0.295599	0.290083	0.29321	0.292566	0.285246	0.28748	0.290818	0.287623	0.292064	0.295911	0.307607	0.295981	0.294724	0.294275	0.29333	0.296088	0.298257	0.301588	0.299776	0.296255	0.288362	0.29219	0.294123	0.29002	0.288833	0.297456	0.298577	0.292935	0.291225	0.298059	0.287379	0.290721	0.289922	0.298852	0.305107	0.294704	0.299261	0.295036	0.294494	0.289434	0.299246	0.304697	0.292216	0.294607	0.31765	0.306193	0.308118	0.301129	0.304008	0.297198	0.298666	0.295368	0.303604	0.29333	0.297062	0.290113	0.292242	0.29981	0.300526	0.303213	0.295894	0.289257	0.30113	0.292782	0.293261	0.303062	0.299293	0.294091	0.300518	0.300591	0.298688	0.295471	0.29343	0.293221	0.304642	0.291971	0.287171	0.289828	0.294497	0.290302	0.289539	0.293483	0.295473	0.299277	0.293864	0.295224	0.293124	0.295035	0.294678	0.311646	0.290024	0.292818	0.295133	0.302978	0.319117	0.310671	0.304396	0.314715	0.299911	0.29864	0.309462	0.308906	0.29566	0.290618	0.296436	0.2906	0.295278	0.295989	0.314365	0.310516	0.308155	0.28965	0.294934	0.294588
0.301744	0.297471	0.30796	0.309096	0.300383	0.302661	0.295829	0.303123	0.302271	0.305085	0.306534	0.302766	0.295633	0.295967	0.302215	0.294451	0.284171	0.284138	0.280744	0	0.268062	0.281835	0.310686	0.274228	0.283129	0.27711	0.281134	0.276357	0.279353	0.303566	0.277014	0.284804	0.277414	0.293297	0.271586	0.28742	0.288018	0.28548	0.287889	0.28247	0.291502	0.289355	0.282781	0.285986	0.283787	0.287483	0.285817	0.282872	0.282858	0.284165	0.283216	0.283603	0.278009	0.287127	0.285746	0.28929	0.30758	0.29155	0.291459	0.293733	0.290028	0.288947	0.29301	0.301058	0.29602	0.2886	0.289586	0.286594	0.293528	0.28991	0.287102	0.298377	0.29136	0.289109	0.289667	0.29398	0.287726	0.287637	0.283368	0.295734	0.297706	0.288487	0.297518	0.291311	0.285603	0.286333	0.295758	0.29511	0.294939	0.290943	0.310132	0.300779	0.304705	0.303657	0.299925	0.293453	0.294537	0.295219	0.301544	0.296648	0.291705	0.291005	0.291749	0.296147	0.299285	0.299176	0.292136	0.288386	0.291156	0.293624	0.283771	0.302581	0.29729	0.293127	0.293423	0.293637	0.294299	0.292339	0.288497	0.2863	0.298535	0.295122	0.289062	0.28991	0.292047	0.293157	0.284672	0.286145	0.288393	0.293719	0.289177	0.295867	0.29102	0.294755	0.292704	0.304992	0.288338	0.284921	0.292988	0.303588	0.312521	0.315539	0.297899	0.312167	0.298417	0.304593	0.315428	0.307653	0.293051	0.290369	0.295754	0.287529	0.297215	0.296737	0.315592	0.29999	0.310373	0.285247	0.297037	0.298859
0.299908	0.29699	0.299212	0.307366	0.299467	0.300204	0.302146	0.295102	0.3006	0.304518	0.301631	0.30336	0.293298	0.295228	0.296227	0.29385	0.272997	0.280231	0.278362	0.268062	0	0.270212	0.29776	0.275682	0.278238	0.263986	0.271719	0.272056	0.278408	0.303293	0.277217	0.278468	0.268517	0.296471	0.272518	0.283763	0.288469	0.28942	0.287733	0.2846	0.287497	0.284919	0.289455	0.286438	0.289996	0.290568	0.28896	0.288919	0.286841	0.284585	0.281088	0.288284	0.282032	0.286458	0.287053	0.294178	0.30387	0.294825	0.289188	0.288671	0.290196	0.287059	0.292779	0.304099	0.286915	0.284209	0.283067	0.284172	0.289775	0.284608	0.285342	0.292329	0.290339	0.289084	0.291498	0.293194	0.287057	0.286491	0.287531	0.29619	0.292382	0.28891	0.290442	0.285939	0.288325	0.289542	0.2901	0.298048	0.285511	0.292948	0.311477	0.293485	0.30692	0.291779	0.292077	0.290219	0.294085	0.293865	0.297968	0.290911	0.287747	0.288997	0.286538	0.294957	0.297083	0.293749	0.290634	0.286089	0.295434	0.289097	0.288433	0.299886	0.295169	0.292038	0.293618	0.296568	0.29818	0.289449	0.289939	0.289743	0.303294	0.285472	0.286346	0.28467	0.288142	0.290457	0.28576	0.285779	0.288615	0.287986	0.283601	0.29054	0.289014	0.285831	0.288624	0.303224	0.291288	0.285194	0.288121	0.298428	0.313018	0.316065	0.297995	0.310231	0.294991	0.303709	0.309861	0.306858	0.291743	0.287389	0.289188	0.291226	0.295534	0.29823	0.315115	0.30148	0.308771	0.286525	0.300899	0.297059
0.300308	0.29782	0.305809	0.306429	0.298212	0.307137	0.299542	0.299868	0.300957	0.304665	0.304971	0.305238	0.298301	0.295197	0.297514	0.295696	0.280563	0.283687	0.278659	0.281835	0.270212	0	0.303959	0.280567	0.280615	0.278236	0.27561	0.279671	0.276718	0.303185	0.274111	0.284372	0.276031	0.296273	0.275637	0.286339	0.289002	0.290464	0.281261	0.287456	0.288145	0.288367	0.287575	0.286076	0.287092	0.288202	0.292077	0.289558	0.291856	0.288371	0.279813	0.287523	0.286319	0.28834	0.288287	0.29311	0.301449	0.294505	0.293615	0.295461	0.293325	0.290691	0.294658	0.301986	0.294006	0.284764	0.285336	0.284129	0.289461	0.28595	0.287843	0.295314	0.288191	0.286449	0.28905	0.293081	0.286186	0.288635	0.286064	0.295905	0.302733	0.289924	0.294485	0.287251	0.288738	0.285926	0.297958	0.298673	0.291675	0.291985	0.311088	0.301838	0.305031	0.296783	0.294353	0.292202	0.297926	0.297028	0.299457	0.29424	0.290754	0.290038	0.291698	0.298817	0.293418	0.298843	0.289072	0.282437	0.2957	0.293088	0.285562	0.301893	0.297836	0.296717	0.299439	0.2991	0.297924	0.294004	0.292248	0.288639	0.297048	0.28908	0.288025	0.281313	0.289837	0.292685	0.288346	0.286765	0.289975	0.286844	0.294084	0.297286	0.289636	0.293429	0.288045	0.307663	0.287383	0.28669	0.29125	0.298072	0.31811	0.314921	0.299268	0.311531	0.298861	0.303006	0.313229	0.305983	0.298745	0.28452	0.299001	0.296903	0.296268	0.30322	0.314363	0.30896	0.308649	0.291335	0.292417	0.299805
0.330605	0.336048	0.334506	0.33597	0.326863	0.331326	0.332317	0.333798	0.331686	0.336757	0.334953	0.337167	0.334464	0.332964	0.339882	0.329425	0.308555	0.30833	0.316868	0.310686	0.29776	0.303959	0	0.312011	0.308271	0.312338	0.304665	0.312132	0.319912	0.326569	0.310203	0.31075	0.307755	0.319462	0.311084	0.316346	0.324423	0.319007	0.321461	0.315594	0.314315	0.320405	0.315353	0.317505	0.316309	0.323493	0.321547	0.31497	0.323853	0.321118	0.312884	0.3191	0.319801	0.320219	0.31682	0.329326	0.333177	0.327803	0.32563	0.324109	0.321495	0.316322	0.3251	0.322018	0.32793	0.325931	0.324584	0.321848	0.322894	0.324912	0.324	0.324225	0.328447	0.318511	0.327752	0.326252	0.32095	0.318395	0.321896	0.326132	0.337381	0.327049	0.319062	0.325446	0.320152	0.327415	0.324514	0.328778	0.324013	0.326802	0.340591	0.333887	0.334594	0.326598	0.323108	0.328081	0.320269	0.326856	0.326859	0.329167	0.32168	0.325667	0.323876	0.325423	0.332266	0.329181	0.323017	0.322758	0.328208	0.324401	0.322106	0.332407	0.328176	0.328251	0.324275	0.32566	0.324034	0.329689	0.319835	0.320682	0.333252	0.327622	0.320923	0.323985	0.328912	0.323653	0.323427	0.325218	0.324088	0.323615	0.329977	0.323212	0.321026	0.328805	0.324008	0.323621	0.319829	0.326176	0.325105	0.331551	0.334136	0.337122	0.335702	0.332369	0.331245	0.33025	0.33182	0.331451	0.322736	0.325061	0.330468	0.327466	0.329796	0.327806	0.332817	0.32975	0.329023	0.323674	0.323307	0.335711
0.304984	0.304215	0.299024	0.308505	0.299378	0.306886	0.298672	0.306126	0.305176	0.308875	0.308477	0.30304	0.297984	0.298045	0.300691	0.30337	0.278959	0.285243	0.279536	0.274228	0.275682	0.280567	0.312011	0	0.288915	0.276036	0.275708	0.276524	0.282549	0.308864	0.280952	0.282502	0.287536	0.298054	0.277143	0.287019	0.29232	0.285347	0.282288	0.29034	0.282655	0.287986	0.284729	0.285537	0.2884	0.291859	0.288224	0.289159	0.290628	0.285879	0.277335	0.283416	0.283165	0.29511	0.290028	0.294426	0.303646	0.294008	0.289018	0.289839	0.292749	0.290625	0.292111	0.300095	0.290437	0.292112	0.294262	0.286728	0.292458	0.291593	0.291711	0.298731	0.290388	0.284602	0.288243	0.291792	0.289026	0.292547	0.28292	0.296929	0.293105	0.292133	0.297163	0.29096	0.285531	0.288463	0.287469	0.300311	0.294644	0.29188	0.314327	0.302689	0.310797	0.301985	0.30131	0.293687	0.296495	0.2922	0.297654	0.296402	0.287701	0.291515	0.29636	0.295066	0.295827	0.2972	0.295243	0.286937	0.298144	0.29636	0.291655	0.305708	0.295634	0.298608	0.293716	0.290206	0.295724	0.292011	0.294196	0.288914	0.299569	0.294411	0.292031	0.285597	0.295408	0.286576	0.290369	0.292841	0.291841	0.300174	0.294052	0.289118	0.296106	0.29448	0.297386	0.30877	0.289136	0.292825	0.28957	0.304142	0.314116	0.308781	0.306072	0.319074	0.299931	0.30378	0.311713	0.307974	0.292367	0.294907	0.297246	0.292615	0.293952	0.295143	0.309989	0.303021	0.309057	0.283812	0.299914	0.305425
0.304246	0.300601	0.306039	0.312735	0.302746	0.307134	0.3001	0.305165	0.305759	0.307652	0.30443	0.301196	0.302311	0.298661	0.298039	0.300781	0.161372	0.293014	0.286436	0.283129	0.278238	0.280615	0.308271	0.288915	0	0.27433	0.286388	0.277847	0.280801	0.302228	0.273968	0.277698	0.283256	0.298608	0.280672	0.28822	0.297075	0.294693	0.286018	0.289128	0.287991	0.289539	0.288421	0.293016	0.295558	0.294633	0.289219	0.289	0.293936	0.291641	0.283139	0.292668	0.284143	0.291689	0.292197	0.295193	0.305462	0.297334	0.296542	0.301502	0.296014	0.296519	0.300401	0.304332	0.292672	0.290678	0.289421	0.289476	0.296927	0.296486	0.289123	0.301371	0.292315	0.292865	0.29558	0.294621	0.288651	0.296017	0.289001	0.298927	0.306457	0.289945	0.300586	0.295309	0.296115	0.291555	0.299031	0.297256	0.295603	0.294483	0.310018	0.303702	0.317335	0.295646	0.302387	0.298071	0.301247	0.303658	0.304421	0.299201	0.296644	0.292618	0.292144	0.30128	0.309669	0.310156	0.296864	0.292102	0.299459	0.295607	0.289718	0.305796	0.296632	0.297792	0.296315	0.296124	0.301873	0.300627	0.296825	0.291217	0.300586	0.295509	0.289567	0.296112	0.293601	0.296488	0.292885	0.292005	0.292934	0.292317	0.294005	0.290816	0.293332	0.29209	0.296136	0.307079	0.294411	0.288588	0.293175	0.302039	0.315065	0.3173	0.305308	0.31144	0.303296	0.305089	0.314787	0.305716	0.296079	0.295889	0.299496	0.298665	0.299313	0.299416	0.313838	0.314778	0.31488	0.288169	0.302483	0.300279
0.299406	0.293723	0.301917	0.305348	0.300513	0.305717	0.296855	0.298642	0.30378	0.308181	0.299934	0.293845	0.298454	0.299186	0.298671	0.295035	0.279235	0.287461	0.278324	0.27711	0.263986	0.278236	0.312338	0.276036	0.27433	0	0.273375	0.272987	0.275332	0.298697	0.2759	0.271652	0.276924	0.300719	0.271948	0.284147	0.283473	0.281762	0.280359	0.283322	0.281703	0.286797	0.286296	0.281977	0.287435	0.284183	0.28077	0.279346	0.284804	0.283741	0.27906	0.283649	0.281089	0.290943	0.284554	0.286534	0.303201	0.288694	0.292498	0.294655	0.281459	0.292549	0.296768	0.30391	0.286123	0.282551	0.284392	0.289492	0.289464	0.28577	0.282154	0.2882	0.286165	0.280484	0.283406	0.287876	0.283797	0.285746	0.289164	0.282996	0.297141	0.289971	0.295611	0.291845	0.28846	0.285574	0.286084	0.292166	0.287239	0.292587	0.307784	0.30313	0.301626	0.289855	0.300876	0.291245	0.292365	0.29473	0.29292	0.291839	0.28935	0.28222	0.28939	0.288484	0.298392	0.297054	0.286942	0.280564	0.296241	0.286358	0.28712	0.296199	0.296112	0.293237	0.29105	0.29514	0.290935	0.291774	0.286556	0.284788	0.295893	0.280531	0.287708	0.280263	0.290919	0.282259	0.276782	0.288648	0.283918	0.285315	0.290781	0.291954	0.287858	0.289312	0.290668	0.305464	0.284995	0.284258	0.289695	0.296846	0.312432	0.308066	0.293478	0.306753	0.296745	0.30117	0.311544	0.300236	0.289727	0.288666	0.295298	0.290663	0.291814	0.298855	0.316668	0.305277	0.306597	0.287512	0.292255	0.295441
0.30192	0.290715	0.301007	0.306477	0.295023	0.303544	0.296997	0.296324	0.29634	0.30302	0.299471	0.295009	0.292652	0.297839	0.298688	0.288218	0.283361	0.289823	0.277733	0.281134	0.271719	0.27561	0.304665	0.275708	0.286388	0.273375	0	0.271661	0.275757	0.296126	0.272299	0.276442	0.278962	0.29455	0.271087	0.280408	0.285324	0.280608	0.285114	0.283361	0.282423	0.284026	0.287674	0.277548	0.286567	0.2892	0.279537	0.283991	0.285893	0.28161	0.274566	0.282155	0.275758	0.285807	0.282325	0.290878	0.295277	0.288231	0.282566	0.283902	0.283936	0.283014	0.293185	0.292164	0.287102	0.284566	0.28857	0.279799	0.287487	0.283589	0.28268	0.295758	0.291907	0.285683	0.285714	0.289553	0.283066	0.287761	0.280895	0.289223	0.293171	0.286925	0.290726	0.289799	0.280754	0.288585	0.291308	0.293276	0.291613	0.290554	0.311913	0.303268	0.30495	0.29153	0.287256	0.290048	0.293997	0.287973	0.294854	0.29104	0.28623	0.286841	0.288652	0.287893	0.294934	0.289799	0.29146	0.280089	0.294658	0.289213	0.285279	0.300816	0.292825	0.289401	0.298041	0.291755	0.295922	0.288979	0.286658	0.286282	0.294542	0.281472	0.284978	0.282247	0.289431	0.28815	0.285557	0.283774	0.287952	0.292167	0.284938	0.290148	0.28783	0.28542	0.286682	0.302551	0.285901	0.284876	0.291445	0.29962	0.311061	0.313233	0.295847	0.315362	0.295164	0.301746	0.312911	0.303212	0.284303	0.284779	0.292594	0.291921	0.293694	0.295976	0.308621	0.300272	0.304912	0.280992	0.289207	0.297353
0.302071	0.296478	0.301672	0.305332	0.301439	0.302494	0.296447	0.302062	0.304823	0.307339	0.30658	0.302752	0.297377	0.298716	0.29584	0.296829	0.281205	0.288803	0.283067	0.276357	0.272056	0.279671	0.312132	0.276524	0.277847	0.272987	0.271661	0	0.281563	0.294001	0.275431	0.258595	0.276667	0.291456	0.270232	0.281683	0.289004	0.284491	0.285092	0.284887	0.2811	0.289385	0.286313	0.282389	0.290756	0.288298	0.288052	0.284508	0.286062	0.28328	0.277843	0.280696	0.284407	0.283907	0.28824	0.291481	0.305251	0.289965	0.289144	0.29093	0.28659	0.291851	0.292946	0.297422	0.296627	0.287138	0.285587	0.285209	0.29014	0.285764	0.285852	0.292305	0.29222	0.28682	0.292819	0.293471	0.286142	0.283191	0.283454	0.293282	0.293894	0.283499	0.294495	0.290712	0.285599	0.290765	0.293076	0.295122	0.291216	0.295043	0.308868	0.301881	0.306605	0.289289	0.292763	0.291764	0.298436	0.293097	0.30051	0.294792	0.290188	0.290901	0.28779	0.29247	0.298431	0.298989	0.290641	0.284917	0.293051	0.291542	0.288227	0.296623	0.291612	0.295027	0.292891	0.293533	0.29284	0.294387	0.287143	0.287621	0.298457	0.283814	0.283406	0.285784	0.291276	0.285453	0.283329	0.289552	0.285577	0.29366	0.287096	0.289255	0.290374	0.286415	0.289872	0.305772	0.286171	0.287409	0.295613	0.300308	0.316997	0.308422	0.298696	0.302864	0.291762	0.299639	0.308342	0.300812	0.29391	0.289613	0.291173	0.291046	0.294961	0.29591	0.304463	0.301597	0.311055	0.289096	0.290539	0.297527
