0.0996455 9.9973E-05 0.169756 0.0712399 0.0618018 9.9973E-05 9.9973E-05 0.597257
9.9946E-05 9.9946E-05 9.9946E-05 9.9946E-05 0.108274 9.9946E-05 9.9946E-05 0.891127
9.99551E-05 9.99551E-05 0.603097 9.99551E-05 0.0678392 9.99551E-05 9.99551E-05 0.328564
9.99551E-05 9.99551E-05 9.99551E-05 0.413312 9.99551E-05 0.157681 9.99551E-05 0.428507
0.660757 9.9964E-05 0.131007 0.0968079 9.9964E-05 9.9964E-05 0.111028 9.9964E-05
9.99641E-05 9.99641E-05 0.107285 9.99641E-05 0.092103 0.672392 9.99641E-05 0.127821
9.9964E-05 0.180645 0.129833 0.314677 9.9964E-05 9.9964E-05 0.374446 9.9964E-05
9.99641E-05 9.99641E-05 9.99641E-05 0.0402427 0.0184631 9.99641E-05 0.00347584 0.937418
9.99551E-05 0.144962 9.99551E-05 9.99551E-05 0.32545 0.529088 9.99551E-05 9.99551E-05
0.142171 9.99461E-05 9.99461E-05 9.99461E-05 9.99461E-05 9.99461E-05 0.857229 9.99461E-05
9.994E-05 9.994E-05 9.994E-05 9.994E-05 9.994E-05 9.994E-05 0.9993 9.994E-05
9.99551E-05 0.0162603 9.99551E-05 9.99551E-05 9.99551E-05 0.0636031 9.99551E-05 0.919637
0.598695 0.0634699 0.0777477 0.148672 9.9982E-05 0.0487132 0.0625023 9.9982E-05
9.994E-05 9.994E-05 9.994E-05 0.9993 9.994E-05 9.994E-05 9.994E-05 9.994E-05
0.987762 9.99461E-05 9.99461E-05 9.99461E-05 9.99461E-05 9.99461E-05 0.0116385 9.99461E-05
9.994E-05 0.9993 9.994E-05 9.994E-05 9.994E-05 9.994E-05 9.994E-05 9.994E-05
9.997E-05 0.00536677 0.0273573 9.997E-05 9.997E-05 0.0754241 0.0313962 0.860156
9.9955E-05 0.77639 9.9955E-05 9.9955E-05 9.9955E-05 0.0108871 0.212223 9.9955E-05
9.99461E-05 9.99461E-05 9.99461E-05 9.99461E-05 9.99461E-05 0.973082 9.99461E-05 0.0263183
9.994E-05 9.994E-05 9.994E-05 9.994E-05 0.9993 9.994E-05 9.994E-05 9.994E-05
0.0863354 0.0252723 9.99731E-05 0.0303274 0.848765 9.99731E-05 9.99731E-05 0.00899949
9.99551E-05 0.550671 9.99551E-05 9.99551E-05 9.99551E-05 0.342951 9.99551E-05 0.105878
0.161719 0.837681 9.99461E-05 9.99461E-05 9.99461E-05 9.99461E-05 9.99461E-05 9.99461E-05
9.9964E-05 9.9964E-05 9.9964E-05 0.180032 0.2233 9.9964E-05 0.110765 0.485503
9.99461E-05 9.99461E-05 0.92455 9.99461E-05 0.0748506 9.99461E-05 9.99461E-05 9.99461E-05
0.964824 0.0345764 9.99461E-05 9.99461E-05 9.99461E-05 9.99461E-05 9.99461E-05 9.99461E-05
9.996E-05 9.996E-05 0.164206 0.341783 9.996E-05 0.06509 9.996E-05 0.428521
9.9955E-05 0.0981142 9.9955E-05 0.524837 9.9955E-05 0.376549 9.9955E-05 9.9955E-05
9.99463E-05 0.0724121 9.99463E-05 9.99463E-05 9.99463E-05 9.99463E-05 9.99463E-05 0.926988
9.99551E-05 9.99551E-05 9.99551E-05 0.156469 9.99551E-05 0.59207 9.99551E-05 0.250961
9.9946E-05 9.9946E-05 0.653483 9.9946E-05 9.9946E-05 9.9946E-05 0.345918 9.9946E-05
9.994E-05 9.994E-05 0.9993 9.994E-05 9.994E-05 9.994E-05 9.994E-05 9.994E-05
0.0505869 9.9955E-05 9.9955E-05 0.11123 9.9955E-05 9.9955E-05 0.837683 9.9955E-05
9.9955E-05 9.9955E-05 0.143514 9.9955E-05 0.0732562 0.78273 9.9955E-05 9.9955E-05
9.9955E-05 9.9955E-05 9.9955E-05 0.128205 9.9955E-05 0.121714 9.9955E-05 0.749581
9.9946E-05 0.606234 9.9946E-05 9.9946E-05 0.393166 9.9946E-05 9.9946E-05 9.9946E-05
9.9973E-05 0.0718119 9.9973E-05 0.0020449 0.218086 0.660685 9.9973E-05 0.0470721
9.9955E-05 0.0262046 9.9955E-05 9.9955E-05 9.9955E-05 0.864603 0.108693 9.9955E-05
9.99641E-05 9.99641E-05 9.99641E-05 9.99641E-05 0.0264824 0.00797152 0.800617 0.164529
0.0750856 9.99641E-05 9.99641E-05 9.99641E-05 9.99641E-05 0.806366 0.0359862 0.0821621
9.99461E-05 9.99461E-05 9.99461E-05 9.99461E-05 9.99461E-05 0.71982 9.99461E-05 0.27958
9.99461E-05 9.99461E-05 9.99461E-05 9.99461E-05 9.99461E-05 0.165073 9.99461E-05 0.834328
0.248544 9.99462E-05 9.99462E-05 9.99462E-05 0.750856 9.99462E-05 9.99462E-05 9.99462E-05
9.99461E-05 9.99461E-05 0.994278 9.99461E-05 9.99461E-05 9.99461E-05 9.99461E-05 0.00512213
0.787104 9.9955E-05 9.9955E-05 0.211209 0.00118703 9.9955E-05 9.9955E-05 9.9955E-05
9.99551E-05 0.0363092 9.99551E-05 9.99551E-05 9.99551E-05 9.99551E-05 0.0436851 0.919506
9.99551E-05 0.0579215 9.99551E-05 9.99551E-05 0.860569 0.0810102 9.99551E-05 9.99551E-05
0.0283861 0.118379 9.99551E-05 9.99551E-05 9.99551E-05 0.852735 9.99551E-05 9.99551E-05
0.846827 9.99551E-05 9.99551E-05 9.99551E-05 0.0560809 9.99551E-05 9.99551E-05 0.0965922
9.995E-05 9.995E-05 9.995E-05 9.995E-05 0.85141 0.00608483 0.142005 9.995E-05
