9.98559E-05 9.98559E-05 9.98559E-05 9.98559E-05 9.98559E-05 9.98559E-05 0.998402 9.98559E-05 9.98559E-05 9.98559E-05 9.98559E-05 9.98559E-05 9.98559E-05 9.98559E-05 9.98559E-05 9.98559E-05 9.98559E-05
0.116691 0.666067 0.0295861 9.9919E-05 0.0110025 9.9919E-05 0.00801728 9.9919E-05 0.0163132 9.9919E-05 9.9919E-05 0.0176009 9.9919E-05 9.9919E-05 0.133822 9.9919E-05 9.9919E-05
0.0213896 0.714622 9.991E-05 9.991E-05 9.991E-05 9.991E-05 0.0607265 9.991E-05 9.991E-05 0.0303641 9.991E-05 0.0142319 9.991E-05 9.991E-05 0.0920579 9.991E-05 0.0656087
0.00676036 0.778125 0.0050132 9.9946E-05 0.0538967 9.9946E-05 9.9946E-05 0.0548946 0.00947642 0.0148946 0.0159029 0.0188946 0.0257208 9.9946E-05 9.9946E-05 9.9946E-05 0.0158212
0.0162934 0.776449 0.00632533 9.9937E-05 0.0278049 0.013248 0.0268612 0.0321611 9.9937E-05 0.0660725 9.9937E-05 9.9937E-05 0.0286893 0.00539583 9.9937E-05 9.9937E-05 9.9937E-05
0.0610603 0.866372 9.9892E-05 9.9892E-05 9.9892E-05 9.9892E-05 9.9892E-05 9.9892E-05 0.0336787 9.9892E-05 9.9892E-05 0.00113919 9.9892E-05 0.0365511 9.9892E-05 9.9892E-05 9.9892E-05
9.98559E-05 9.98559E-05 9.98559E-05 9.98559E-05 9.98559E-05 9.98559E-05 0.998402 9.98559E-05 9.98559E-05 9.98559E-05 9.98559E-05 9.98559E-05 9.98559E-05 9.98559E-05 9.98559E-05 9.98559E-05 9.98559E-05
9.99191E-05 0.770063 9.99191E-05 9.99191E-05 9.99191E-05 9.99191E-05 0.0485587 0.0244198 0.0132784 0.0980164 0.0254408 9.99191E-05 9.99191E-05 0.00563438 9.99191E-05 0.0136892 9.99191E-05
9.9901E-05 0.746138 9.9901E-05 9.9901E-05 0.161173 0.0498981 0.0267975 9.9901E-05 0.00490293 9.9901E-05 9.9901E-05 0.00999167 9.9901E-05 9.9901E-05 9.9901E-05 9.9901E-05 9.9901E-05
9.9919E-05 0.752617 9.9919E-05 9.9919E-05 9.9919E-05 9.9919E-05 0.0215487 0.0204617 9.9919E-05 9.9919E-05 0.017217 9.9919E-05 9.9919E-05 0.00983757 0.0216668 0.111399 0.0443523
0.0605209 0.725975 9.9892E-05 9.9892E-05 9.9892E-05 9.9892E-05 9.9892E-05 0.0952886 9.9892E-05 9.9892E-05 9.9892E-05 9.9892E-05 9.9892E-05 0.0257107 0.0913065 9.9892E-05 9.9892E-05
0.00670283 0.683188 9.9937E-05 9.9937E-05 0.0067873 9.9937E-05 0.0586269 0.12058 9.9937E-05 9.9937E-05 0.00351851 0.0312499 9.9937E-05 9.9937E-05 0.0503299 0.0304196 0.00789769
9.9928E-05 0.662823 9.9928E-05 9.9928E-05 9.9928E-05 9.9928E-05 0.0602945 0.0965783 0.0616011 0.046463 0.0166314 9.9928E-05 0.0061374 9.9928E-05 0.0456265 9.9928E-05 0.00304503
0.0289907 0.726484 9.9928E-05 0.0628177 0.0269398 9.9928E-05 9.9928E-05 0.00262692 0.00987503 9.9928E-05 9.9928E-05 9.9928E-05 0.030556 9.9928E-05 0.0543269 9.9928E-05 0.0565834
9.9928E-05 0.78753 0.00584448 9.9928E-05 0.0193974 0.0230678 0.00897815 9.9928E-05 9.9928E-05 0.0677434 9.9928E-05 0.0239723 9.9928E-05 9.9928E-05 9.9928E-05 0.0532765 0.00939085
0.0875124 0.849309 9.98921E-05 9.98921E-05 0.017316 9.98921E-05 9.98921E-05 9.98921E-05 9.98921E-05 0.0296121 9.98921E-05 9.98921E-05 9.98921E-05 0.0150519 9.98921E-05 9.98921E-05 9.98921E-05
9.98831E-05 0.930098 9.98831E-05 9.98831E-05 9.98831E-05 9.98831E-05 0.022552 9.98831E-05 9.98831E-05 9.98831E-05 0.0106554 9.98831E-05 9.98831E-05 0.0353965 9.98831E-05 9.98831E-05 9.98831E-05
9.9892E-05 0.905628 0.0170579 0.0364907 9.9892E-05 9.9892E-05 0.019552 9.9892E-05 9.9892E-05 9.9892E-05 9.9892E-05 0.0200729 9.9892E-05 9.9892E-05 9.9892E-05 9.9892E-05 9.9892E-05
9.98921E-05 0.891415 0.0576107 9.98921E-05 9.98921E-05 9.98921E-05 0.0454099 9.98921E-05 0.0025137 9.98921E-05 9.98921E-05 9.98921E-05 0.00185172 9.98921E-05 9.98921E-05 9.98921E-05 9.98921E-05
9.9901E-05 0.897719 9.9901E-05 0.0406457 9.9901E-05 0.00743019 9.9901E-05 9.9901E-05 9.9901E-05 0.0200321 0.00916721 9.9901E-05 9.9901E-05 0.0239069 9.9901E-05 9.9901E-05 9.9901E-05
9.98558E-05 9.98558E-05 9.98558E-05 9.98558E-05 9.98558E-05 9.98558E-05 9.98558E-05 9.98558E-05 9.98558E-05 9.98558E-05 9.98558E-05 9.98558E-05 9.98558E-05 9.98558E-05 9.98558E-05 9.98558E-05 0.998402
9.9901E-05 9.9901E-05 9.9901E-05 9.9901E-05 9.9901E-05 9.9901E-05 0.00778748 0.164124 0.00430489 9.9901E-05 9.9901E-05 9.9901E-05 9.9901E-05 9.9901E-05 0.158626 0.0804276 0.583632
0.0819867 9.9937E-05 0.0720808 0.0454921 9.9937E-05 9.9937E-05 0.0517843 0.0654285 0.0081923 0.000865914 0.016936 9.9937E-05 9.9937E-05 9.9937E-05 0.056407 9.9937E-05 0.600127
9.991E-05 0.0139893 0.0196159 0.0918126 9.991E-05 9.991E-05 9.991E-05 0.132671 9.991E-05 9.991E-05 9.991E-05 9.991E-05 0.0228573 0.0312519 9.991E-05 9.991E-05 0.686803
9.99191E-05 0.00869667 9.99191E-05 9.99191E-05 9.99191E-05 0.0339165 0.00924737 9.99191E-05 0.00163138 0.105241 0.000110451 9.99191E-05 9.99191E-05 9.99191E-05 9.99191E-05 0.0254968 0.814761
9.9919E-05 9.9919E-05 0.021411 9.9919E-05 9.9919E-05 9.9919E-05 0.0372799 0.0575965 9.9919E-05 0.130414 0.00620132 0.00838351 9.9919E-05 0.0156261 9.9919E-05 9.9919E-05 0.722188
9.991E-05 9.991E-05 0.0116276 9.991E-05 0.0259979 0.113202 0.0208837 0.10586 9.991E-05 0.0789218 9.991E-05 9.991E-05 9.991E-05 9.991E-05 9.991E-05 9.991E-05 0.642507
9.98557E-05 9.98557E-05 9.98557E-05 9.98557E-05 9.98557E-05 9.98557E-05 9.98557E-05 9.98557E-05 9.98557E-05 9.98557E-05 9.98557E-05 9.98557E-05 9.98557E-05 9.98557E-05 9.98557E-05 9.98557E-05 0.998402
0.11029 9.991E-05 9.991E-05 9.991E-05 0.0331872 9.991E-05 9.991E-05 9.991E-05 9.991E-05 0.193716 0.00783748 9.991E-05 0.0087625 9.991E-05 0.0516712 9.991E-05 0.593537
0.0776833 9.99189E-05 0.0201396 9.99189E-05 0.00720468 0.112739 9.99189E-05 0.154323 0.00790943 0.154587 9.99189E-05 9.99189E-05 9.99189E-05 9.99189E-05 9.99189E-05 9.99189E-05 0.464515
0.122853 9.991E-05 9.991E-05 9.991E-05 9.991E-05 9.991E-05 9.991E-05 0.0577069 9.991E-05 0.194428 9.991E-05 0.00211245 9.991E-05 0.0118314 0.0443745 9.991E-05 0.565695
9.9901E-05 9.9901E-05 0.0238285 0.132403 0.14048 9.9901E-05 9.9901E-05 9.9901E-05 9.9901E-05 0.0640257 9.9901E-05 9.9901E-05 9.9901E-05 0.00700119 9.9901E-05 9.9901E-05 0.631163
0.101159 0.0133436 0.0048932 0.0465565 9.9928E-05 9.9928E-05 0.0150432 9.9928E-05 0.0301721 0.197555 9.9928E-05 9.9928E-05 9.9928E-05 9.9928E-05 9.9928E-05 0.0454379 0.54504
0.0510111 9.9937E-05 9.9937E-05 9.9937E-05 9.9937E-05 0.0203571 9.9937E-05 0.031361 0.0601058 0.0666954 0.0262628 0.073941 9.9937E-05 9.9937E-05 0.0195909 0.0737468 0.576229
0.0855285 0.0197714 0.00875089 0.0126233 9.9964E-05 0.00976671 0.0157433 9.9964E-05 0.0261132 0.16068 0.014347 9.9964E-05 0.0163542 0.00205497 0.157318 9.9964E-05 0.470549
0.0475184 0.029428 9.99459E-05 9.99459E-05 0.0717675 9.99459E-05 0.00864705 0.0519401 9.99459E-05 0.0204885 9.99459E-05 0.0542543 0.0324544 9.99459E-05 0.235832 0.0727959 0.374274
9.9928E-05 0.0204681 0.085457 0.161631 9.9928E-05 0.085931 9.9928E-05 9.9928E-05 9.9928E-05 9.9928E-05 9.9928E-05 0.0219567 0.0072904 9.9928E-05 0.0148188 0.0226881 0.57896
9.9901E-05 9.9901E-05 0.148869 0.608769 9.9901E-05 9.9901E-05 9.9901E-05 0.0650206 9.9901E-05 9.9901E-05 9.9901E-05 9.9901E-05 0.00795807 9.9901E-05 0.0103364 0.157948 9.9901E-05
9.99279E-05 9.99279E-05 0.047312 0.628515 0.090159 9.99279E-05 0.0113779 0.032439 0.0121125 0.0334811 9.99279E-05 9.99279E-05 0.0117918 9.99279E-05 0.132012 9.99279E-05 9.99279E-05
0.122715 0.0325729 9.9919E-05 0.655065 9.9919E-05 9.9919E-05 9.9919E-05 9.9919E-05 0.0229489 0.0797388 9.9919E-05 0.0375198 9.9919E-05 0.00497745 0.0435627 9.9919E-05 9.9919E-05
9.9919E-05 9.9919E-05 0.00175565 0.795053 0.041337 0.0812232 0.0314601 9.9919E-05 9.9919E-05 9.9919E-05 9.9919E-05 0.0120158 9.9919E-05 9.9919E-05 0.00104323 0.0352126 9.9919E-05
9.9955E-05 0.0122911 0.0633497 0.650671 0.111012 9.9955E-05 0.0299346 0.0343726 0.02068 9.9955E-05 0.0166531 0.0260562 0.00624625 0.00337377 9.9955E-05 9.9955E-05 0.0248603
0.0976462 9.9901E-05 9.9901E-05 0.751048 9.9901E-05 0.110349 9.9901E-05 9.9901E-05 9.9901E-05 0.012565 9.9901E-05 0.0154648 0.0118282 9.9901E-05 9.9901E-05 9.9901E-05 9.9901E-05
0.0936779 9.9964E-05 0.0167914 0.452078 0.0318702 9.9964E-05 0.0379185 0.223999 0.033726 9.9964E-05 0.012119 0.00721764 0.0245311 0.00222053 0.0420715 0.0213789 9.9964E-05
9.994E-05 9.994E-05 0.0186052 0.658168 0.102993 0.0727347 0.0148478 0.0374873 0.0165452 9.994E-05 0.000977096 0.0208101 0.0296128 9.994E-05 9.994E-05 9.994E-05 0.0266185
9.9919E-05 0.0378567 0.0222276 0.563543 0.246632 9.9919E-05 9.9919E-05 0.0424318 9.9919E-05 0.0603867 0.0069656 9.9919E-05 0.0190579 9.9919E-05 9.9919E-05 9.9919E-05 9.9919E-05
0.0115227 9.99101E-05 9.99101E-05 0.859463 9.99101E-05 9.99101E-05 9.99101E-05 9.99101E-05 0.00610256 9.99101E-05 0.0182137 9.99101E-05 0.00223501 0.0270214 0.0744429 9.99101E-05 9.99101E-05
0.118961 9.9928E-05 9.9928E-05 0.785743 9.9928E-05 0.0318958 0.0095764 0.00127807 0.0123565 9.9928E-05 0.0102308 0.0229076 0.00625139 9.9928E-05 9.9928E-05 9.9928E-05 9.9928E-05
9.991E-05 9.991E-05 9.991E-05 0.876523 9.991E-05 9.991E-05 0.041614 9.991E-05 0.0203342 9.991E-05 9.991E-05 0.0142778 0.00802945 0.0194125 9.991E-05 9.991E-05 0.0188104
9.9912E-05 9.9912E-05 0.0884028 0.432607 9.9912E-05 9.9912E-05 9.9912E-05 0.349193 0.00022393 9.9912E-05 9.9912E-05 0.0170432 9.9912E-05 0.00853128 9.9912E-05 0.102999 9.9912E-05
0.0943663 9.9901E-05 9.9901E-05 0.802641 9.9901E-05 9.9901E-05 0.0429557 9.9901E-05 9.9901E-05 9.9901E-05 9.9901E-05 0.00301054 9.9901E-05 0.023871 0.0320563 9.9901E-05 9.9901E-05
9.98921E-05 9.98921E-05 9.98921E-05 0.815374 0.13961 9.98921E-05 0.0274411 9.98921E-05 0.00343412 9.98921E-05 9.98921E-05 0.0129424 9.98921E-05 9.98921E-05 9.98921E-05 9.98921E-05 9.98921E-05
9.99009E-05 9.99009E-05 0.0167314 0.742414 9.99009E-05 9.99009E-05 9.99009E-05 9.99009E-05 0.0576607 0.0438076 0.0534079 9.99009E-05 9.99009E-05 9.99009E-05 9.99009E-05 0.0848798 9.99009E-05
9.9928E-05 0.0272421 0.0137916 0.72018 0.0668761 9.9928E-05 0.0480308 9.9928E-05 9.9928E-05 9.9928E-05 9.9928E-05 0.00506113 9.9928E-05 0.0220849 0.09442 9.9928E-05 0.00151358
0.0896522 0.0172364 0.000505944 0.654006 0.0514957 0.131743 0.0220196 9.9937E-05 0.00879146 9.9937E-05 0.0147825 9.9937E-05 9.9937E-05 0.00906756 9.9937E-05 9.9937E-05 9.9937E-05
0.083203 9.9928E-05 9.9928E-05 0.467129 9.9928E-05 9.9928E-05 0.000482478 0.300368 9.9928E-05 0.0682392 9.9928E-05 0.0225349 0.00594087 0.0320436 0.019259 9.9928E-05 9.9928E-05
9.991E-05 0.0494377 9.991E-05 0.702447 0.0709557 0.0575143 9.991E-05 9.991E-05 9.991E-05 9.991E-05 0.0186552 9.991E-05 9.991E-05 9.991E-05 9.991E-05 0.0494577 0.0505331
9.99281E-05 9.99281E-05 0.101203 0.112826 0.0439719 9.99281E-05 9.99281E-05 0.0707309 0.0102738 9.99281E-05 9.99281E-05 0.0278236 9.99281E-05 0.0116691 0.60853 0.0121721 9.99281E-05
9.98559E-05 9.98559E-05 9.98559E-05 9.98559E-05 9.98559E-05 9.98559E-05 9.98559E-05 9.98559E-05 9.98559E-05 9.98559E-05 9.98559E-05 0.998402 9.98559E-05 9.98559E-05 9.98559E-05 9.98559E-05 9.98559E-05
9.9955E-05 9.9955E-05 0.0594048 9.9955E-05 0.00827942 0.137206 0.00215895 0.070566 0.0347828 0.0098947 0.0290841 9.9955E-05 0.036985 9.9955E-05 0.591505 0.00566102 0.0139717
9.9937E-05 9.9937E-05 9.9937E-05 0.145988 9.9937E-05 0.149078 0.0191103 9.9937E-05 0.0275112 0.106743 0.0257878 0.005375 0.0336612 0.00113832 0.484908 9.9937E-05 9.9937E-05
9.9919E-05 9.9919E-05 0.0580196 9.9919E-05 9.9919E-05 0.423347 9.9919E-05 9.9919E-05 9.9919E-05 0.065699 9.9919E-05 0.0357198 0.00974531 0.0149032 0.367563 0.0241034 9.9919E-05
9.9937E-05 0.00883254 0.0125116 9.9937E-05 0.0106819 0.756417 9.9937E-05 0.000761471 9.9937E-05 9.9937E-05 0.00853694 9.9937E-05 0.0110778 0.0118457 0.111718 0.066918 9.9937E-05
9.98559E-05 9.98559E-05 9.98559E-05 9.98559E-05 9.98559E-05 9.98559E-05 9.98559E-05 9.98559E-05 0.998402 9.98559E-05 9.98559E-05 9.98559E-05 9.98559E-05 9.98559E-05 9.98559E-05 9.98559E-05 9.98559E-05
9.98559E-05 9.98559E-05 9.98559E-05 9.98559E-05 9.98559E-05 9.98559E-05 9.98559E-05 9.98559E-05 9.98559E-05 9.98559E-05 9.98559E-05 0.998402 9.98559E-05 9.98559E-05 9.98559E-05 9.98559E-05 9.98559E-05
0.0141356 0.0616691 9.9964E-05 9.9964E-05 9.9964E-05 0.145205 0.0215186 0.0894733 0.0207914 0.00453712 0.0126455 0.0322438 0.0240205 0.0434454 0.519037 0.0108782 9.9964E-05
9.9919E-05 9.9919E-05 0.0841163 9.9919E-05 9.9919E-05 0.66026 0.0204212 9.9919E-05 0.0276339 9.9919E-05 0.0262743 9.9919E-05 9.9919E-05 0.0163606 9.9919E-05 0.0795591 0.0844757
0.0164671 0.0038843 0.0666819 9.9973E-05 9.9973E-05 0.697087 0.0239973 0.0628845 0.0263481 0.0192234 0.010425 0.0383945 0.00722885 0.022092 0.00196503 0.00302098 9.9973E-05
9.9928E-05 9.9928E-05 0.0907121 9.9928E-05 9.9928E-05 0.481975 9.9928E-05 9.9928E-05 0.028497 9.9928E-05 0.0343953 0.0331645 0.0209182 0.0132397 0.214779 9.9928E-05 0.0815202
9.9937E-05 0.0402149 0.0953803 9.9937E-05 9.9937E-05 0.221491 9.9937E-05 9.9937E-05 0.0367762 9.9937E-05 0.0477766 0.0860804 9.9937E-05 0.0336817 0.382408 0.00349754 0.0519939
0.00355682 9.9928E-05 0.0981794 9.9928E-05 9.9928E-05 0.770437 0.0480704 9.9928E-05 0.0143018 9.9928E-05 0.00748153 0.0256917 9.9928E-05 0.00384791 0.0276336 9.9928E-05 9.9928E-05
9.9901E-05 9.9901E-05 9.9901E-05 9.9901E-05 0.0477756 0.866125 0.0217837 9.9901E-05 0.0121171 0.0238656 9.9901E-05 9.9901E-05 9.9901E-05 0.0272341 9.9901E-05 9.9901E-05 9.9901E-05
9.9946E-05 9.9946E-05 0.0672666 0.0258181 9.9946E-05 0.21054 0.0103962 9.9946E-05 0.0166369 0.058159 0.00264919 0.0564355 0.0426131 9.9946E-05 0.470557 9.9946E-05 0.0383292
0.0388503 9.9928E-05 9.9928E-05 9.9928E-05 9.9928E-05 9.9928E-05 0.00349906 0.00623751 9.9928E-05 0.343762 0.00198584 0.0476649 0.0408835 0.01839 0.497927 9.9928E-05 9.9928E-05
0.00890212 9.9946E-05 0.156923 0.224048 9.9946E-05 0.19791 9.9946E-05 0.0479998 0.026995 0.232135 9.9946E-05 0.0232472 0.00877074 0.0590973 9.9946E-05 9.9946E-05 0.0133713
9.9937E-05 0.0627048 0.0695221 0.204163 9.9937E-05 0.516706 9.9937E-05 9.9937E-05 9.9937E-05 0.0245506 0.00764043 0.0163927 9.9937E-05 0.0103126 0.0295017 0.0578058 9.9937E-05
9.9928E-05 0.079586 0.0412356 0.368652 9.9928E-05 0.126607 9.9928E-05 0.0459543 9.9928E-05 9.9928E-05 9.9928E-05 0.0759204 0.000456409 0.0188296 0.24196 9.9928E-05 9.9928E-05
9.98559E-05 9.98559E-05 9.98559E-05 9.98559E-05 9.98559E-05 9.98559E-05 9.98559E-05 9.98559E-05 0.998402 9.98559E-05 9.98559E-05 9.98559E-05 9.98559E-05 9.98559E-05 9.98559E-05 9.98559E-05 9.98559E-05
9.9937E-05 0.0364127 9.9937E-05 0.17393 0.0496049 0.247568 9.9937E-05 9.9937E-05 9.9937E-05 0.0134718 0.062396 0.0553158 9.9937E-05 0.0380433 0.245628 9.9937E-05 0.0769301
0.03266 9.9937E-05 0.0313682 0.122817 9.9937E-05 0.475237 9.9937E-05 9.9937E-05 0.0482473 9.9937E-05 0.00812195 0.0399782 0.0421561 0.0373418 0.161373 9.9937E-05 9.9937E-05
9.98559E-05 9.98559E-05 0.998402 9.98559E-05 9.98559E-05 9.98559E-05 9.98559E-05 9.98559E-05 9.98559E-05 9.98559E-05 9.98559E-05 9.98559E-05 9.98559E-05 9.98559E-05 9.98559E-05 9.98559E-05 9.98559E-05
9.9937E-05 9.9937E-05 0.0381513 0.0319936 9.9937E-05 0.0543431 0.014827 9.9937E-05 0.0225311 9.9937E-05 0.0443472 0.0155464 9.9937E-05 9.9937E-05 0.730262 0.026156 0.0211429
0.0253713 0.0534078 0.0200967 0.0433748 9.9946E-05 0.69575 0.0163558 9.9946E-05 0.0364544 9.9946E-05 0.00637881 9.9946E-05 0.0502972 0.0113174 0.0405964 9.9946E-05 9.9946E-05
9.9928E-05 9.9928E-05 9.9928E-05 0.21251 0.251205 0.0199863 9.9928E-05 9.9928E-05 9.9928E-05 9.9928E-05 0.0661383 0.00394157 0.0153709 0.0516559 0.31644 0.0619525 9.9928E-05
0.52635 9.9919E-05 9.9919E-05 0.120763 9.9919E-05 9.9919E-05 9.9919E-05 9.9919E-05 0.0324493 9.9919E-05 9.9919E-05 0.0170947 0.0414956 0.00574893 0.162935 0.0922645 9.9919E-05
0.157114 9.9919E-05 0.0761761 0.173821 9.9919E-05 9.9919E-05 0.00358715 9.9919E-05 9.9919E-05 0.0657637 9.9919E-05 0.0464075 9.9919E-05 0.0010129 0.475218 9.9919E-05 9.9919E-05
9.9856E-05 9.9856E-05 0.998402 9.9856E-05 9.9856E-05 9.9856E-05 9.9856E-05 9.9856E-05 9.9856E-05 9.9856E-05 9.9856E-05 9.9856E-05 9.9856E-05 9.9856E-05 9.9856E-05 9.9856E-05 9.9856E-05
9.9856E-05 9.9856E-05 0.998402 9.9856E-05 9.9856E-05 9.9856E-05 9.9856E-05 9.9856E-05 9.9856E-05 9.9856E-05 9.9856E-05 9.9856E-05 9.9856E-05 9.9856E-05 9.9856E-05 9.9856E-05 9.9856E-05
0.00516369 9.9955E-05 0.080762 0.0171048 9.9955E-05 0.530846 0.0144926 9.9955E-05 9.9955E-05 0.0723714 0.0254221 0.0389427 0.0257278 9.9955E-05 0.110067 0.0684726 0.0101279
9.98559E-05 9.98559E-05 9.98559E-05 9.98559E-05 9.98559E-05 9.98559E-05 9.98559E-05 9.98559E-05 9.98559E-05 9.98559E-05 9.98559E-05 9.98559E-05 0.998402 9.98559E-05 9.98559E-05 9.98559E-05 9.98559E-05
9.991E-05 9.991E-05 9.991E-05 0.172003 9.991E-05 9.991E-05 9.991E-05 9.991E-05 0.120411 0.102783 0.0149062 0.0138009 9.991E-05 0.0285569 0.54654 9.991E-05 9.991E-05
9.991E-05 9.991E-05 0.0275855 9.991E-05 0.100599 0.655711 0.0350122 9.991E-05 0.065488 0.00810057 9.991E-05 9.991E-05 9.991E-05 9.991E-05 0.106505 9.991E-05 9.991E-05
9.99281E-05 0.00180099 9.99281E-05 9.99281E-05 0.0814629 9.99281E-05 0.0262213 0.0490125 9.99281E-05 9.99281E-05 9.99281E-05 0.00198914 0.0253967 0.00274369 0.735 9.99281E-05 0.075573
0.0892952 0.00273686 0.0243503 9.9946E-05 9.9946E-05 9.9946E-05 0.0398073 0.0655231 0.0204683 0.0050374 9.9946E-05 9.9946E-05 0.0651542 0.0069605 0.64801 9.9946E-05 0.032057
9.9883E-05 9.9883E-05 9.9883E-05 9.9883E-05 0.0325171 9.9883E-05 0.00965035 9.9883E-05 0.00954392 9.9883E-05 9.9883E-05 9.9883E-05 9.9883E-05 9.9883E-05 0.94699 9.9883E-05 9.9883E-05
9.9946E-05 0.0154656 0.10442 9.9946E-05 9.9946E-05 9.9946E-05 0.00084253 0.0215648 0.0296261 9.9946E-05 0.00121883 0.0729886 0.023852 9.9946E-05 0.616427 0.0757499 0.0372449
0.082827 0.0231647 0.0327391 0.0491328 9.9973E-05 0.0546644 0.0239535 0.0137508 0.0275995 0.115143 9.9973E-05 0.0571357 0.0618117 0.0649763 0.347078 0.0457236 9.9973E-05
9.9946E-05 0.0189936 0.0751515 0.071721 9.9946E-05 0.127788 9.9946E-05 9.9946E-05 0.011832 0.0600453 0.0264405 0.0413886 0.0116066 0.0432469 0.511186 9.9946E-05 9.9946E-05
9.9946E-05 0.0211333 0.187075 0.0420095 9.9946E-05 0.154498 9.9946E-05 9.9946E-05 0.000161132 0.166089 9.9946E-05 0.0156564 0.0111397 0.0444174 0.347561 9.9946E-05 0.00965964
9.9937E-05 0.00309661 0.00286385 0.0212416 9.9937E-05 0.358619 9.9937E-05 0.0708131 9.9937E-05 9.9937E-05 0.0264071 0.0687663 0.0230462 0.06356 0.360886 9.9937E-05 9.9937E-05
0.0161962 9.9928E-05 0.0489914 9.9928E-05 9.9928E-05 0.274183 0.0421329 9.9928E-05 9.9928E-05 9.9928E-05 0.0175828 9.9928E-05 0.0145724 0.00953304 0.501082 9.9928E-05 0.074927
9.9946E-05 0.00370925 0.0445142 9.9946E-05 9.9946E-05 0.201999 9.9946E-05 9.9946E-05 0.0700751 9.9946E-05 0.0893598 0.0534984 0.0295855 0.0377021 0.314337 0.117743 0.036877
0.00620772 9.9874E-05 9.9874E-05 9.9874E-05 0.012593 0.979801 9.9874E-05 9.9874E-05 9.9874E-05 9.9874E-05 9.9874E-05 9.9874E-05 9.9874E-05 9.9874E-05 9.9874E-05 9.9874E-05 9.9874E-05
9.98559E-05 9.98559E-05 9.98559E-05 9.98559E-05 9.98559E-05 9.98559E-05 9.98559E-05 9.98559E-05 9.98559E-05 9.98559E-05 0.998402 9.98559E-05 9.98559E-05 9.98559E-05 9.98559E-05 9.98559E-05 9.98559E-05
0.00798895 0.0219278 0.0425289 0.0593213 0.0117737 9.9982E-05 0.0345294 9.9982E-05 0.0111846 0.11683 0.0118591 0.0183234 0.0126836 0.0642787 0.549417 0.00930368 0.0278502
0.00203698 9.9928E-05 0.0282781 0.0381642 9.9928E-05 0.185962 0.000851161 9.9928E-05 0.0476896 9.9928E-05 0.00203563 9.9928E-05 0.0147569 9.9928E-05 0.679426 9.9928E-05 9.9928E-05
9.9937E-05 0.0353575 0.0358012 9.9937E-05 0.0159765 0.404012 0.0176064 9.9937E-05 0.0308226 9.9937E-05 0.0262613 9.9937E-05 0.0314677 9.9937E-05 0.294986 0.107009 9.9937E-05
0.0896556 9.9883E-05 9.9883E-05 9.9883E-05 9.9883E-05 0.888482 9.9883E-05 0.00644239 9.9883E-05 9.9883E-05 9.9883E-05 9.9883E-05 0.0141217 9.9883E-05 9.9883E-05 9.9883E-05 9.9883E-05
9.991E-05 9.991E-05 0.0498115 0.035928 9.991E-05 0.080018 0.0203347 9.991E-05 9.991E-05 0.159573 9.991E-05 9.991E-05 9.991E-05 0.0627406 0.590595 9.991E-05 9.991E-05
9.9946E-05 0.0370892 0.0687414 0.00616873 9.9946E-05 0.124404 9.9946E-05 9.9946E-05 0.0193639 0.161221 0.00784897 0.0100378 9.9946E-05 0.00606746 0.5275 9.9946E-05 0.0309575
9.98559E-05 9.98559E-05 9.98559E-05 9.98559E-05 9.98559E-05 9.98559E-05 9.98559E-05 9.98559E-05 9.98559E-05 9.98559E-05 9.98559E-05 9.98559E-05 9.98559E-05 0.998402 9.98559E-05 9.98559E-05 9.98559E-05
9.98559E-05 9.98559E-05 9.98559E-05 9.98559E-05 9.98559E-05 9.98559E-05 9.98559E-05 9.98559E-05 9.98559E-05 9.98559E-05 0.998402 9.98559E-05 9.98559E-05 9.98559E-05 9.98559E-05 9.98559E-05 9.98559E-05
9.98559E-05 9.98559E-05 9.98559E-05 9.98559E-05 9.98559E-05 9.98559E-05 9.98559E-05 9.98559E-05 9.98559E-05 9.98559E-05 9.98559E-05 9.98559E-05 9.98559E-05 0.998402 9.98559E-05 9.98559E-05 9.98559E-05
9.9919E-05 9.9919E-05 0.0102766 9.9919E-05 0.0545075 9.9919E-05 0.00563138 9.9919E-05 0.0192695 9.9919E-05 0.00657283 0.0497722 0.0425013 9.9919E-05 0.810569 9.9919E-05 9.9919E-05
9.9937E-05 9.9937E-05 9.9937E-05 9.9937E-05 0.0802458 0.0294435 0.0324983 9.9937E-05 0.00757303 9.9937E-05 0.022237 0.0226269 0.0532479 0.0537907 0.628132 9.9937E-05 0.0695048
9.9928E-05 0.028596 0.0302799 9.9928E-05 9.9928E-05 0.0177434 9.9928E-05 9.9928E-05 9.9928E-05 0.0546296 0.0305693 0.0274351 9.9928E-05 0.0251123 0.698352 0.0864834 9.9928E-05
9.99101E-05 0.0522639 9.99101E-05 0.0111441 9.99101E-05 0.514949 9.99101E-05 9.99101E-05 9.99101E-05 9.99101E-05 0.0355572 9.99101E-05 9.99101E-05 0.0508749 0.331571 9.99101E-05 0.00264171
9.991E-05 9.991E-05 9.991E-05 9.991E-05 0.059581 0.8624 9.991E-05 9.991E-05 0.0161133 9.991E-05 0.0087838 0.0209795 9.991E-05 9.991E-05 9.991E-05 0.0240176 0.0071254
9.98559E-05 9.98559E-05 9.98559E-05 9.98559E-05 9.98559E-05 9.98559E-05 9.98559E-05 9.98559E-05 9.98559E-05 9.98559E-05 9.98559E-05 9.98559E-05 0.998402 9.98559E-05 9.98559E-05 9.98559E-05 9.98559E-05
0.0205472 9.9937E-05 0.027742 9.9937E-05 9.9937E-05 0.0958955 0.0241432 0.136345 9.9937E-05 9.9937E-05 0.020947 9.9937E-05 0.0335769 0.0230845 0.592075 0.024944 9.9937E-05
9.9892E-05 9.9892E-05 0.0248597 9.9892E-05 0.064939 9.9892E-05 9.9892E-05 9.9892E-05 9.9892E-05 0.68224 9.9892E-05 0.0614985 9.9892E-05 9.9892E-05 0.165264 9.9892E-05 9.9892E-05
9.9901E-05 9.9901E-05 0.0780554 9.9901E-05 9.9901E-05 0.0191034 9.9901E-05 9.9901E-05 0.0277793 0.858399 0.00185346 9.9901E-05 9.9901E-05 0.0137106 9.9901E-05 9.9901E-05 9.9901E-05
0.0152867 9.9919E-05 0.0663146 9.9919E-05 9.9919E-05 9.9919E-05 0.0143578 9.9919E-05 9.9919E-05 0.780554 0.0388069 9.9919E-05 9.9919E-05 0.02665 0.00547505 9.9919E-05 0.0516562
9.991E-05 0.00875161 9.991E-05 9.991E-05 0.0229692 9.991E-05 9.991E-05 9.991E-05 0.0174486 0.875079 9.991E-05 0.0122068 0.053153 9.991E-05 0.00939246 9.991E-05 9.991E-05
0.0836538 9.9919E-05 9.9919E-05 9.9919E-05 9.9919E-05 0.012123 9.9919E-05 9.9919E-05 9.9919E-05 0.771169 0.0169482 9.9919E-05 0.00915673 0.0311276 0.0585836 9.9919E-05 0.0163389
0.119187 9.991E-05 9.991E-05 9.991E-05 9.991E-05 9.991E-05 9.991E-05 9.991E-05 0.00464398 0.821392 0.000120457 0.0231696 0.0236157 9.991E-05 9.991E-05 9.991E-05 0.0068721
0.0339659 9.9865E-05 9.9865E-05 9.9865E-05 9.9865E-05 9.9865E-05 9.9865E-05 9.9865E-05 9.9865E-05 0.964536 9.9865E-05 9.9865E-05 9.9865E-05 9.9865E-05 9.9865E-05 9.9865E-05 9.9865E-05
9.991E-05 0.039845 0.0388109 9.991E-05 9.991E-05 9.991E-05 0.00196043 9.991E-05 9.991E-05 0.853251 0.0232219 9.991E-05 0.00865072 9.991E-05 0.0332606 9.991E-05 9.991E-05
9.9892E-05 9.9892E-05 9.9892E-05 0.0637785 9.9892E-05 9.9892E-05 0.00379745 9.9892E-05 9.9892E-05 0.811716 9.9892E-05 9.9892E-05 9.9892E-05 0.0183574 9.9892E-05 0.101152 9.9892E-05
9.9901E-05 9.9901E-05 0.0644838 9.9901E-05 0.124324 9.9901E-05 9.9901E-05 9.9901E-05 9.9901E-05 0.686312 0.0385081 9.9901E-05 0.00793046 9.9901E-05 0.0773425 9.9901E-05 9.9901E-05
9.9919E-05 9.9919E-05 9.9919E-05 0.0373904 9.9919E-05 0.1603 0.018237 9.9919E-05 9.9919E-05 0.699376 9.9919E-05 0.0200499 0.0276623 0.00644048 9.9919E-05 9.9919E-05 0.0296446
9.9901E-05 0.000138058 9.9901E-05 9.9901E-05 0.905488 9.9901E-05 9.9901E-05 9.9901E-05 9.9901E-05 9.9901E-05 0.0165443 9.9901E-05 0.0229067 0.0205272 9.9901E-05 0.0332968 9.9901E-05
9.9901E-05 9.9901E-05 9.9901E-05 9.9901E-05 0.798988 9.9901E-05 0.0144584 0.00657072 9.9901E-05 0.0702452 0.00867106 9.9901E-05 9.9901E-05 9.9901E-05 9.9901E-05 0.099968 9.9901E-05
0.707637 9.9901E-05 0.07766 9.9901E-05 0.0611899 0.0758266 9.9901E-05 0.0613468 9.9901E-05 9.9901E-05 9.9901E-05 9.9901E-05 9.9901E-05 9.9901E-05 9.9901E-05 9.9901E-05 0.0152403
0.803181 0.0284181 0.0712732 0.0883113 9.98921E-05 9.98921E-05 9.98921E-05 9.98921E-05 9.98921E-05 9.98921E-05 9.98921E-05 9.98921E-05 9.98921E-05 0.00761743 9.98921E-05 9.98921E-05 9.98921E-05
9.9892E-05 9.9892E-05 9.9892E-05 9.9892E-05 0.931634 9.9892E-05 0.0142303 9.9892E-05 0.0209749 9.9892E-05 9.9892E-05 9.9892E-05 0.00111584 9.9892E-05 0.0308461 9.9892E-05 9.9892E-05
0.269705 9.9928E-05 9.9928E-05 9.9928E-05 0.494078 9.9928E-05 0.0154648 0.0204529 9.9928E-05 0.0087066 9.9928E-05 0.0164507 9.9928E-05 0.000351831 0.0705035 0.103488 9.9928E-05
0.485241 9.9892E-05 9.9892E-05 0.0790823 0.340574 9.9892E-05 9.9892E-05 9.9892E-05 9.9892E-05 0.0380709 0.0558328 9.9892E-05 9.9892E-05 9.9892E-05 9.9892E-05 9.9892E-05 9.9892E-05
0.863323 9.9901E-05 0.0610963 9.9901E-05 9.9901E-05 0.0510404 0.00803648 9.9901E-05 9.9901E-05 9.9901E-05 9.9901E-05 9.9901E-05 0.00399465 9.9901E-05 9.9901E-05 9.9901E-05 0.0114104
0.0631281 9.99189E-05 9.99189E-05 9.99189E-05 0.398506 9.99189E-05 0.0155163 0.220261 9.99189E-05 9.99189E-05 9.99189E-05 9.99189E-05 0.00645243 0.0580616 0.0701941 0.166981 9.99189E-05
9.9892E-05 9.9892E-05 0.00189815 0.0256755 0.953779 9.9892E-05 9.9892E-05 9.9892E-05 9.9892E-05 0.00330881 0.0141399 9.9892E-05 9.9892E-05 9.9892E-05 9.9892E-05 9.9892E-05 9.9892E-05
0.105035 9.9919E-05 0.00586623 9.9919E-05 0.845827 9.9919E-05 0.0037231 0.00697642 0.0127161 9.9919E-05 9.9919E-05 0.013439 9.9919E-05 0.00551787 9.9919E-05 9.9919E-05 9.9919E-05
0.17681 0.0465768 9.991E-05 0.0603968 0.27523 9.991E-05 9.991E-05 9.991E-05 9.991E-05 9.991E-05 9.991E-05 0.0160386 9.991E-05 9.991E-05 9.991E-05 0.416133 0.00781491
0.0402833 0.00739118 0.0205165 9.9955E-05 0.623284 0.00904925 9.9955E-05 0.0452187 9.9955E-05 9.9955E-05 9.9955E-05 0.00174881 0.0190816 0.0203571 0.0395036 0.13874 0.0343266
0.0764672 9.9928E-05 9.9928E-05 9.9928E-05 0.444123 0.0383373 9.9928E-05 0.206625 9.9928E-05 9.9928E-05 9.9928E-05 0.020681 0.0364768 0.0064528 0.0750393 0.094999 9.9928E-05
0.333087 9.991E-05 9.991E-05 9.991E-05 9.991E-05 9.991E-05 0.045235 9.991E-05 9.991E-05 9.991E-05 9.991E-05 0.053912 0.0203904 9.991E-05 0.057394 0.458409 0.0305734
9.9874E-05 9.9874E-05 9.9874E-05 9.9874E-05 9.9874E-05 9.9874E-05 0.0480305 9.9874E-05 9.9874E-05 9.9874E-05 9.9874E-05 0.0194242 9.9874E-05 9.9874E-05 9.9874E-05 0.931147 9.9874E-05
9.9874E-05 9.9874E-05 9.9874E-05 9.9874E-05 9.9874E-05 9.9874E-05 9.9874E-05 9.9874E-05 9.9874E-05 9.9874E-05 9.9874E-05 0.0142277 9.9874E-05 0.00277823 9.9874E-05 0.981596 9.9874E-05
0.179967 0.0147838 0.0512728 9.991E-05 0.0184439 0.0199351 0.0272434 9.991E-05 9.991E-05 9.991E-05 9.991E-05 9.991E-05 9.991E-05 9.991E-05 9.991E-05 0.687354 9.991E-05
9.98561E-05 9.98561E-05 9.98561E-05 9.98561E-05 9.98561E-05 9.98561E-05 9.98561E-05 9.98561E-05 9.98561E-05 9.98561E-05 9.98561E-05 9.98561E-05 9.98561E-05 9.98561E-05 9.98561E-05 0.998402 9.98561E-05
0.00365395 9.9901E-05 0.0188377 9.9901E-05 9.9901E-05 9.9901E-05 0.00232136 0.0812912 9.9901E-05 9.9901E-05 9.9901E-05 9.9901E-05 9.9901E-05 9.9901E-05 9.9901E-05 0.868695 0.0241016
9.9883E-05 9.9883E-05 9.9883E-05 9.9883E-05 9.9883E-05 9.9883E-05 0.0151739 9.9883E-05 0.031977 9.9883E-05 9.9883E-05 9.9883E-05 9.9883E-05 9.9883E-05 0.0736869 0.877864 9.9883E-05
0.0856101 9.98921E-05 0.060251 9.98921E-05 9.98921E-05 9.98921E-05 9.98921E-05 9.98921E-05 9.98921E-05 9.98921E-05 0.0112039 9.98921E-05 9.98921E-05 0.0252626 9.98921E-05 0.816474 9.98921E-05
0.809969 0.00744191 9.9919E-05 9.9919E-05 9.9919E-05 9.9919E-05 9.9919E-05 9.9919E-05 0.0107251 9.9919E-05 0.0252561 9.9919E-05 0.00703576 0.00904371 0.0933888 0.0362399 9.9919E-05
0.849867 0.0151515 9.9919E-05 9.9919E-05 9.9919E-05 9.9919E-05 0.00352938 9.9919E-05 0.00682252 0.0406495 9.9919E-05 9.9919E-05 0.0346933 0.00170614 0.0466811 9.9919E-05 9.9919E-05
0.658573 0.0441359 9.9928E-05 9.9928E-05 0.0833444 9.9928E-05 9.9928E-05 0.107784 9.9928E-05 9.9928E-05 0.0099057 0.0231135 0.0199808 9.9928E-05 0.00194936 9.9928E-05 0.0504137
0.728405 9.9883E-05 9.9883E-05 9.9883E-05 9.9883E-05 9.9883E-05 9.9883E-05 9.9883E-05 9.9883E-05 0.105092 9.9883E-05 9.9883E-05 9.9883E-05 9.9883E-05 0.145225 9.9883E-05 0.0199799
0.152594 9.99099E-05 0.0184089 9.99099E-05 0.526521 9.99099E-05 9.99099E-05 0.228043 9.99099E-05 9.99099E-05 9.99099E-05 9.99099E-05 0.0246916 0.0212457 9.99099E-05 9.99099E-05 0.0274969
0.540236 9.9928E-05 9.9928E-05 9.9928E-05 0.121033 9.9928E-05 0.0170451 0.138012 0.0283932 9.9928E-05 0.00306244 0.0539238 9.9928E-05 9.9928E-05 0.0529506 0.044544 9.9928E-05
0.534578 0.0335989 0.000624648 9.9946E-05 0.108627 9.9946E-05 0.0290862 0.0500768 9.9946E-05 9.9946E-05 0.0046849 9.9946E-05 0.0131497 9.9946E-05 0.112157 0.0851519 0.0276651
9.991E-05 9.991E-05 9.991E-05 0.00040955 0.950814 9.991E-05 9.991E-05 9.991E-05 0.000772963 9.991E-05 0.013567 0.00866829 0.00872047 0.0160485 9.991E-05 9.991E-05 9.991E-05
0.857985 9.9892E-05 9.9892E-05 0.0821176 9.9892E-05 0.0150224 9.9892E-05 9.9892E-05 9.9892E-05 9.9892E-05 0.0213908 0.0222858 9.9892E-05 9.9892E-05 9.9892E-05 9.9892E-05 9.9892E-05
0.43234 9.991E-05 9.991E-05 0.0436098 0.295803 9.991E-05 0.0396907 0.0587312 0.00205328 9.991E-05 9.991E-05 9.991E-05 9.991E-05 9.991E-05 0.126773 9.991E-05 9.991E-05
0.677818 9.991E-05 0.0465017 0.0943639 0.0631728 9.991E-05 9.991E-05 9.991E-05 9.991E-05 9.991E-05 9.991E-05 9.991E-05 9.991E-05 9.991E-05 0.03371 0.0290272 0.0544074
0.920325 9.9901E-05 0.0353851 9.9901E-05 9.9901E-05 9.9901E-05 9.9901E-05 9.9901E-05 0.00330128 9.9901E-05 0.0169178 0.00425669 9.9901E-05 0.0187148 9.9901E-05 9.9901E-05 9.9901E-05
0.450493 9.9919E-05 9.9919E-05 9.9919E-05 0.46301 0.0214496 0.0350955 9.9919E-05 0.00504733 9.9919E-05 9.9919E-05 9.9919E-05 0.00603669 0.00518825 9.9919E-05 9.9919E-05 0.01278
9.98741E-05 9.98741E-05 9.98741E-05 9.98741E-05 9.98741E-05 9.98741E-05 9.98741E-05 0.985502 0.0031864 9.98741E-05 9.98741E-05 0.00991295 9.98741E-05 9.98741E-05 9.98741E-05 9.98741E-05 9.98741E-05
9.9901E-05 9.9901E-05 9.9901E-05 9.9901E-05 0.0569657 9.9901E-05 9.9901E-05 0.864408 9.9901E-05 0.00335183 0.00736698 9.9901E-05 0.0245117 9.9901E-05 0.0422972 9.9901E-05 9.9901E-05
9.9919E-05 0.0129908 9.9919E-05 9.9919E-05 9.9919E-05 9.9919E-05 0.0256422 0.903661 0.013922 9.9919E-05 9.9919E-05 0.00948631 0.0209807 9.9919E-05 0.00520206 9.9919E-05 0.00721611
0.0235382 0.035568 9.9919E-05 9.9919E-05 9.9919E-05 9.9919E-05 9.9919E-05 0.886561 0.00188115 9.9919E-05 0.0162701 0.00432794 9.9919E-05 0.0134518 0.0175022 9.9919E-05 9.9919E-05
9.991E-05 0.0494231 0.0279679 9.991E-05 9.991E-05 9.991E-05 9.991E-05 0.8653 9.991E-05 9.991E-05 0.00558599 9.991E-05 9.991E-05 0.00936846 0.0336728 0.00768307 9.991E-05
9.991E-05 9.991E-05 9.991E-05 0.0485332 0.0237673 0.014976 9.991E-05 0.878314 0.0087273 9.991E-05 0.0133951 9.991E-05 9.991E-05 0.0112882 9.991E-05 9.991E-05 9.991E-05
9.98741E-05 9.98741E-05 9.98741E-05 0.10915 9.98741E-05 0.042452 9.98741E-05 0.846999 9.98741E-05 9.98741E-05 9.98741E-05 9.98741E-05 9.98741E-05 9.98741E-05 9.98741E-05 9.98741E-05 9.98741E-05
9.98921E-05 0.0543492 9.98921E-05 0.0763235 9.98921E-05 9.98921E-05 9.98921E-05 0.735117 9.98921E-05 0.0542093 9.98921E-05 9.98921E-05 9.98921E-05 9.98921E-05 9.98921E-05 9.98921E-05 0.0788024
